449
-2.5 -1 -1.5 0.690537 -0.407603 0.340195 2.30005e+10
-2.5 0 -1.5 0.722082 -0.407314 0.249694 1.55806e+10
-2.5 1 -1.5 0.746726 -0.394802 0.163937 9.85929e+09
-2 -1.5 -1.5 0.692002 -0.376093 0.388483 3.47897e+10
-1.5 -1 -1.5 0.728004 -0.353537 0.344019 3.63273e+10
-2 -0.5 -1.5 0.724686 -0.383844 0.297982 2.39253e+10
-1.5 0 -1.5 0.755888 -0.353802 0.255229 2.35012e+10
-2 0.5 -1.5 0.751156 -0.376993 0.210246 1.52803e+10
-1.5 1 -1.5 0.775493 -0.34255 0.172688 1.41323e+10
-2 1.5 -1.5 0.76939 -0.360813 0.13001 9.12674e+09
-1 -1.5 -1.5 0.732789 -0.314983 0.386068 5.42706e+10
-0.5 -1 -1.5 0.768122 -0.28652 0.336478 5.36055e+10
-1 -0.5 -1.5 0.761358 -0.324076 0.297825 3.5762e+10
-0.5 0 -1.5 0.789303 -0.289258 0.252229 3.3038e+10
-1 0.5 -1.5 0.782022 -0.319063 0.213756 2.17186e+10
-0.5 1 -1.5 0.80053 -0.283334 0.174659 1.87884e+10
-1 1.5 -1.5 0.792922 -0.307283 0.137856 1.22757e+10
0 -1.5 -1.5 0.776787 -0.239952 0.368968 7.86449e+10
0.5 -1 -1.5 0.807483 -0.205982 0.315348 7.28305e+10
0 -0.5 -1.5 0.797694 -0.251926 0.286724 4.95484e+10
0.5 0 -1.5 0.81808 -0.216066 0.238416 4.25173e+10
0 0.5 -1.5 0.808851 -0.253301 0.208596 2.8462e+10
0.5 1 -1.5 0.819057 -0.219438 0.167197 2.28747e+10
0 1.5 -1.5 0.810408 -0.249747 0.138026 1.52171e+10
1 -1.5 -1.5 0.81863 -0.151033 0.335667 1.04008e+11
1.5 -1 -1.5 0.839105 -0.116677 0.278722 8.87523e+10
1 -0.5 -1.5 0.828266 -0.170645 0.262471 6.22859e+10
1.5 0 -1.5 0.838504 -0.136963 0.211038 4.92754e+10
1 0.5 -1.5 0.828461 -0.182156 0.192025 3.39004e+10
1.5 1 -1.5 0.828575 -0.152875 0.147765 2.52756e+10
1 1.5 -1.5 0.819728 -0.190151 0.127911 1.72489e+10
2 -1.5 -1.5 0.849581 -0.0550537 0.284952 1.21597e+11
2.5 -1 -1.5 0.857815 -0.0223556 0.224436 9.49477e+10
2 -0.5 -1.5 0.848684 -0.083466 0.22247 6.97091e+10
2.5 0 -1.5 0.84664 -0.0547292 0.168153 5.07632e+10
2 0.5 -1.5 0.837772 -0.10787 0.161697 3.63101e+10
2.5 1 -1.5 0.826642 -0.0847777 0.114282 2.52354e+10
2 1.5 -1.5 0.818981 -0.129505 0.10522 1.78194e+10
-2.25 -0.75 -1.25 0.459509 0.000180445 0.37166 2.78848e+09
-2.25 0.25 -1.25 0.496252 0.00236036 0.291951 1.87437e+09
-2.25 1.25 -1.25 0.527244 0.0229945 0.214108 1.18742e+09
-1.75 -1.25 -1.25 0.478396 0.0460861 0.412365 4.2199e+09
-1.25 -0.75 -1.25 0.528244 0.0818474 0.376927 4.35871e+09
-1.75 -0.25 -1.25 0.510598 0.0382882 0.336638 2.8663e+09
-1.25 0.25 -1.25 0.554445 0.0866468 0.301513 2.80981e+09
-1.75 0.75 -1.25 0.539921 0.0518186 0.259032 1.83065e+09
-1.25 1.25 -1.25 0.57368 0.109087 0.228485 1.70051e+09
-0.75 -1.25 -1.25 0.550827 0.133302 0.409891 6.58802e+09
-0.25 -0.75 -1.25 0.592241 0.177011 0.371129 6.51721e+09
-0.75 -0.25 -1.25 0.571532 0.128316 0.339772 4.29143e+09
-0.25 0.25 -1.25 0.604039 0.183981 0.303213 4.00172e+09
-0.75 0.75 -1.25 0.587873 0.143514 0.267966 2.61463e+09
-0.25 1.25 -1.25 0.609701 0.204639 0.235962 2.30148e+09
0.25 -1.25 -1.25 0.617807 0.231355 0.391673 9.82305e+09
0.75 -0.75 -1.25 0.644467 0.282169 0.350215 9.18873e+09
0.25 -0.25 -1.25 0.622745 0.230574 0.331786 6.09004e+09
0.75 0.25 -1.25 0.641671 0.288772 0.291789 5.35149e+09
0.25 0.75 -1.25 0.624714 0.244159 0.267258 3.51978e+09
0.75 1.25 -1.25 0.634688 0.304609 0.231171 2.92424e+09
1.25 -1.25 -1.25 0.668805 0.335971 0.35387 1.36299e+10
1.75 -0.75 -1.25 0.68056 0.388132 0.307205 1.1919e+10
1.25 -0.25 -1.25 0.660606 0.337449 0.30643 8.06038e+09
1.75 0.25 -1.25 0.666907 0.393154 0.260411 6.64168e+09
1.25 0.75 -1.25 0.650121 0.347341 0.250731 4.42948e+09
1.75 1.25 -1.25 0.650284 0.40228 0.208132 3.47173e+09
2.25 -1.25 -1.25 0.698244 0.438859 0.289757 1.69683e+10
2.25 -0.25 -1.25 0.683577 0.440518 0.256813 9.76653e+09
2.25 0.75 -1.25 0.665282 0.445136 0.212205 5.16851e+09
-2.5 -1.5 -1 0.662279 -0.35677 0.432155 1.49092e+10
-2.5 -0.5 -1 0.700592 -0.365258 0.350126 1.07388e+10
-2.5 0.5 -1 0.733186 -0.359634 0.266724 7.15168e+09
-2.5 1.5 -1 0.758753 -0.34267 0.187378 4.44569e+09
-1.5 -1.5 -1 0.708679 -0.289226 0.428566 2.38613e+10
-2 -1 -1 0.70365 -0.331392 0.392122 1.6145e+10
-1.5 -0.5 -1 0.741306 -0.300304 0.349599 1.64827e+10
-2 0 -1 0.73685 -0.33338 0.309763 1.09223e+10
-1.5 0.5 -1 0.768967 -0.295586 0.269077 1.04872e+10
-2 1 -1 0.763684 -0.321892 0.229222 6.85671e+09
-1.5 1.5 -1 0.788041 -0.281188 0.193487 6.19306e+09
-0.5 -1.5 -1 0.755186 -0.209328 0.411065 3.5506e+10
-1 -1 -1 0.747169 -0.259256 0.384285 2.44668e+10
-0.5 -0.5 -1 0.781927 -0.222 0.337431 2.36226e+10
-1 0 -1 0.774918 -0.262668 0.305723 1.58606e+10
-0.5 0.5 -1 0.801293 -0.221355 0.262537 1.42936e+10
-1 1 -1 0.794414 -0.254474 0.22965 9.45999e+09
-0.5 1.5 -1 0.811469 -0.213604 0.192117 7.99555e+09
0.5 -1.5 -1 0.800722 -0.114373 0.375837 4.88702e+10
0 -1 -1 0.790419 -0.172639 0.361827 3.4456e+10
0.5 -0.5 -1 0.817132 -0.131652 0.311903 3.10545e+10
0 0 -1 0.808839 -0.180726 0.290627 2.12815e+10
0.5 0.5 -1 0.826035 -0.13968 0.244797 1.78262e+10
0 1 -1 0.818586 -0.180264 0.220847 1.20259e+10
0.5 1.5 -1 0.826438 -0.142292 0.180812 9.47223e+09
1.5 -1.5 -1 0.835001 -0.00829418 0.323552 6.03352e+10
1 -1 -1 0.826047 -0.0738275 0.323819 4.40846e+10
1.5 -0.5 -1 0.841062 -0.0335687 0.270927 3.66483e+10
1 0 -1 0.833664 -0.0909219 0.262211 2.59074e+10
1.5 0.5 -1 0.839702 -0.053286 0.213514 2.00812e+10
1 1 -1 0.833208 -0.101773 0.200361 1.39288e+10
1.5 1.5 -1 0.830715 -0.0691041 0.157411 1.02352e+10
2.5 -1.5 -1 0.850732 0.102599 0.252795 6.50389e+10
2 -1 -1 0.847363 0.0317359 0.268516 4.99853e+10
2.5 -0.5 -1 0.848802 0.0687524 0.212935 3.81473e+10
2 0 -1 0.845281 0.00368129 0.218403 2.81842e+10
2.5 0.5 -1 0.83886 0.035447 0.167144 2.02431e+10
2 1 -1 0.835539 -0.0210013 0.166261 1.45908e+10
2.5 1.5 -1 0.822381 0.00546018 0.120258 1.0074e+10
-2.25 -1.25 -0.75 0.424012 -0.00756169 0.507302 2.07952e+09
-2.25 -0.25 -0.75 0.478343 -0.0175479 0.43849 1.48053e+09
-2.25 0.75 -0.75 0.528174 -0.00441759 0.363078 9.87374e+08
-1.25 -1.25 -0.75 0.496711 0.0876449 0.502776 3.27675e+09
-1.75 -0.75 -0.75 0.48536 0.0298457 0.475239 2.21369e+09
-1.25 -0.25 -0.75 0.539786 0.0772606 0.440546 2.25145e+09
-1.75 0.25 -0.75 0.533281 0.0323538 0.404316 1.49697e+09
-1.25 0.75 -0.75 0.578778 0.0916654 0.370149 1.44495e+09
-1.75 1.25 -0.75 0.573523 0.0557253 0.331106 9.49271e+08
-0.25 -1.25 -0.75 0.563175 0.195353 0.483828 4.93686e+09
-0.75 -0.75 -0.75 0.548993 0.131534 0.468621 3.35361e+09
-0.25 -0.25 -0.75 0.592646 0.186376 0.431184 3.27256e+09
-0.75 0.25 -0.75 0.584882 0.13487 0.404445 2.18401e+09
-0.25 0.75 -0.75 0.617625 0.198788 0.368426 2.00877e+09
-0.75 1.25 -0.75 0.612407 0.156766 0.337016 1.32571e+09
0.75 -1.25 -0.75 0.619213 0.31315 0.443863 7.0675e+09
0.25 -0.75 -0.75 0.60349 0.246382 0.44624 4.84891e+09
0.75 -0.25 -0.75 0.63147 0.304464 0.405883 4.48597e+09
0.25 0.25 -0.75 0.623729 0.247984 0.392594 3.01899e+09
0.75 0.75 -0.75 0.643154 0.311006 0.352366 2.62752e+09
0.25 1.25 -0.75 0.638458 0.26398 0.331987 1.74814e+09
1.75 -1.25 -0.75 0.653807 0.43267 0.37906 9.25583e+09
1.25 -0.75 -0.75 0.641611 0.366991 0.403344 6.54632e+09
1.75 -0.25 -0.75 0.655215 0.422116 0.357376 5.69464e+09
1.25 0.25 -0.75 0.648724 0.364029 0.362249 3.90453e+09
1.75 0.75 -0.75 0.656802 0.420756 0.315475 3.20173e+09
1.25 1.25 -0.75 0.652809 0.371122 0.310085 2.16104e+09
2.25 -0.75 -0.75 0.66122 0.483611 0.332774 8.03506e+09
2.25 0.25 -0.75 0.660738 0.474395 0.306852 4.65325e+09
2.25 1.25 -0.75 0.658287 0.471312 0.265792 2.48719e+09
-2.5 -1 -0.5 0.679998 -0.322769 0.445241 7.43395e+09
-2.5 0 -0.5 0.719164 -0.325297 0.370511 5.28548e+09
-2.5 1 -0.5 0.753143 -0.314512 0.29358 3.47452e+09
-2 -1.5 -0.5 0.685305 -0.278133 0.475084 1.08116e+10
-1.5 -1 -0.5 0.727702 -0.244641 0.436098 1.15153e+10
-2 -0.5 -0.5 0.722497 -0.28889 0.406544 7.87327e+09
-1.5 0 -0.5 0.760895 -0.248997 0.365378 7.8761e+09
-2 0.5 -0.5 0.756657 -0.285142 0.331456 5.2656e+09
-1.5 1 -0.5 0.788469 -0.240177 0.292264 4.94796e+09
-2 1.5 -0.5 0.783957 -0.269867 0.257451 3.26043e+09
-1 -1.5 -0.5 0.735792 -0.192085 0.455989 1.6449e+10
-0.5 -1 -0.5 0.773567 -0.152891 0.412454 1.66266e+10
-1 -0.5 -0.5 0.766334 -0.205124 0.393303 1.15763e+10
-0.5 0 -0.5 0.799039 -0.159865 0.348514 1.09365e+10
-1 0.5 -0.5 0.793423 -0.203848 0.323219 7.41676e+09
-0.5 1 -0.5 0.817526 -0.156958 0.281617 6.53916e+09
-1 1.5 -0.5 0.812478 -0.19354 0.25413 4.36774e+09
0 -1.5 -0.5 0.783229 -0.0924817 0.419337 2.31955e+10
0.5 -1 -0.5 0.813162 -0.0463698 0.37192 2.21364e+10
0 -0.5 -0.5 0.805553 -0.107431 0.36575 1.57796e+10
0.5 0 -0.5 0.827893 -0.0605367 0.318304 1.39015e+10
0 0.5 -0.5 0.822697 -0.112911 0.303695 9.63593e+09
0.5 1 -0.5 0.836575 -0.0678449 0.25942 7.91717e+09
0 1.5 -0.5 0.832347 -0.111787 0.241033 5.39622e+09
1 -1.5 -0.5 0.821825 0.0221986 0.363841 3.00315e+10
1.5 -1 -0.5 0.837154 0.069672 0.314571 2.63867e+10
1 -0.5 -0.5 0.832879 0.000539143 0.322886 1.94991e+10
1.5 0 -0.5 0.842502 0.045029 0.272785 1.58974e+10
1 0.5 -0.5 0.84014 -0.0157571 0.270737 1.13762e+10
1.5 1 -0.5 0.842514 0.0243954 0.223709 8.69482e+09
1 1.5 -0.5 0.840913 -0.0271854 0.216007 6.09682e+09
2 -1.5 -0.5 0.839487 0.14444 0.29093 3.42462e+10
2.5 -1 -0.5 0.839407 0.190427 0.238926 2.75853e+10
2 -0.5 -0.5 0.842784 0.114296 0.263023 2.14192e+10
2.5 0 -0.5 0.838478 0.153365 0.210843 1.61243e+10
2 0.5 -0.5 0.842101 0.0845699 0.222724 1.20601e+10
2.5 1 -0.5 0.832622 0.117969 0.173277 8.6114e+09
2 1.5 -0.5 0.83595 0.0586113 0.17749 6.27161e+09
-2.25 -0.75 -0.25 0.466982 -0.0495362 0.559096 1.14321e+09
-2.25 0.25 -0.25 0.528585 -0.0459999 0.492343 8.08182e+08
-2.25 1.25 -0.25 0.582613 -0.0212917 0.420662 5.34797e+08
-1.75 -1.25 -0.25 0.469881 0.00968043 0.582907 1.65477e+09
-1.25 -0.75 -0.25 0.527609 0.055764 0.552011 1.7438e+09
-1.75 -0.25 -0.25 0.527129 -0.000387767 0.526532 1.19538e+09
-1.25 0.25 -0.25 0.57873 0.0588123 0.492169 1.19733e+09
-1.75 0.75 -0.25 0.580667 0.0148207 0.458944 8.04222e+08
-1.25 1.25 -0.25 0.62194 0.0826527 0.425997 7.64826e+08
-0.75 -1.25 -0.25 0.532614 0.123978 0.563911 2.5021e+09
-0.25 -0.75 -0.25 0.579103 0.17683 0.53057 2.54649e+09
-0.75 -0.25 -0.25 0.577626 0.11236 0.517468 1.76017e+09
-0.25 0.25 -0.25 0.616592 0.177326 0.48097 1.69366e+09
-0.75 0.75 -0.25 0.619235 0.125695 0.457217 1.14458e+09
-0.25 1.25 -0.25 0.647682 0.195382 0.421944 1.03957e+09
0.25 -1.25 -0.25 0.58613 0.252157 0.525362 3.61066e+09
0.75 -0.75 -0.25 0.616693 0.309971 0.489312 3.52924e+09
0.25 -0.25 -0.25 0.615125 0.238717 0.493455 2.46942e+09
0.75 0.25 -0.25 0.639439 0.303532 0.453431 2.26088e+09
0.25 0.75 -0.25 0.643448 0.245241 0.44304 1.5439e+09
0.75 1.25 -0.25 0.660059 0.311251 0.402844 1.33198e+09
1.25 -1.25 -0.25 0.623277 0.38888 0.461822 4.9071e+09
1.75 -0.75 -0.25 0.635881 0.444272 0.421911 4.51551e+09
1.25 -0.25 -0.25 0.636686 0.370338 0.448381 3.24437e+09
1.75 0.25 -0.25 0.64876 0.428609 0.40225 2.80731e+09
1.25 0.75 -0.25 0.654325 0.36638 0.409843 1.95322e+09
1.75 1.25 -0.25 0.662035 0.423604 0.362605 1.59499e+09
2.25 -1.25 -0.25 0.634985 0.522257 0.367819 5.99931e+09
2.25 -0.25 -0.25 0.643004 0.4971 0.374919 3.90995e+09
2.25 0.75 -0.25 0.654746 0.481206 0.351406 2.28879e+09
-2.5 -1.5 0 0.663275 -0.280165 0.518803 5.01504e+09
-2.5 -0.5 0 0.704657 -0.288567 0.459122 3.85707e+09
-2.5 0.5 0 0.743696 -0.285074 0.390402 2.71256e+09
-2.5 1.5 0 0.777526 -0.270133 0.319338 1.76207e+09
-1.5 -1.5 0 0.719456 -0.189207 0.496586 7.7974e+09
-2 -1 0 0.710037 -0.242536 0.483327 5.54729e+09
-1.5 -0.5 0 0.751394 -0.199889 0.444897 5.7889e+09
-2 0 0 0.7467 -0.246199 0.42115 4.00135e+09
-1.5 0.5 0 0.783451 -0.198528 0.381136 3.92305e+09
-2 1 0 0.780206 -0.237684 0.35248 2.64793e+09
-1.5 1.5 0 0.80977 -0.187194 0.314608 2.43773e+09
-0.5 -1.5 0 0.769253 -0.0850085 0.458947 1.12234e+10
-1 -1 0 0.758613 -0.145924 0.458652 8.17365e+09
-0.5 -0.5 0 0.793106 -0.097135 0.416232 8.10297e+09
-1 0 0 0.787606 -0.151843 0.403273 5.70555e+09
-0.5 0.5 0 0.816181 -0.100519 0.360254 5.27819e+09
-1 1 0 0.812874 -0.147626 0.340497 3.61866e+09
-0.5 1.5 0 0.833462 -0.0970178 0.30021 3.13025e+09
0.5 -1.5 0 0.809747 0.0342535 0.402082 1.49453e+10
0 -1 0 0.800414 -0.0346083 0.416819 1.11779e+10
0.5 -0.5 0 0.823613 0.0186642 0.371547 1.04227e+10
0 0 0 0.819755 -0.0451609 0.37155 7.52511e+09
0.5 0.5 0 0.836708 0.00554712 0.326048 6.50277e+09
0 1 0 0.835435 -0.049838 0.317062 4.56231e+09
0.5 1.5 0 0.845426 -0.00276906 0.274038 3.69272e+09
1.5 -1.5 0 0.830756 0.167122 0.327069 1.8051e+10
1 -1 0 0.827578 0.0902213 0.357306 1.39529e+10
1.5 -0.5 0 0.83539 0.142125 0.31015 1.20212e+10
1 0 0 0.836899 0.069609 0.324676 9.00341e+09
1.5 0.5 0 0.840905 0.115731 0.276784 7.2348e+09
1 1 0 0.844251 0.0521445 0.280197 5.24387e+09
1.5 1.5 0 0.843166 0.0928708 0.234426 3.97372e+09
2.5 -1.5 0 0.821378 0.304153 0.233855 1.89861e+10
2 -1 0 0.830977 0.221602 0.279988 1.53986e+10
2.5 -0.5 0 0.823012 0.268526 0.230969 1.22183e+10
2 0 0 0.834378 0.188135 0.261261 9.61742e+09
2.5 0.5 0 0.825328 0.226862 0.211616 7.19312e+09
2 1 0 0.836415 0.155441 0.228594 5.44726e+09
2.5 1.5 0 0.824691 0.188659 0.18054 3.88916e+09
-2.25 -1.25 0.25 0.464194 -0.0781163 0.642221 8.49619e+08
-2.25 -0.25 0.25 0.527542 -0.08436 0.588481 6.42216e+08
-2.25 0.75 0.25 0.586496 -0.0678069 0.525077 4.50411e+08
-1.25 -1.25 0.25 0.525123 0.0362715 0.622169 1.28627e+09
-1.75 -0.75 0.25 0.524152 -0.0302429 0.611667 9.18135e+08
-1.25 -0.25 0.25 0.57445 0.0275219 0.58018 9.51881e+08
-1.75 0.25 0.25 0.580101 -0.0249358 0.556574 6.60125e+08
-1.25 0.75 0.25 0.623005 0.0427836 0.524318 6.5098e+08
-1.75 1.25 0.25 0.630622 0.000389803 0.493965 4.41227e+08
-0.25 -1.25 0.25 0.573681 0.168293 0.587091 1.85754e+09
-0.75 -0.75 0.25 0.571295 0.091481 0.5921 1.34514e+09
-0.25 -0.25 0.25 0.608541 0.15618 0.55916 1.35013e+09
-0.75 0.25 0.25 0.615232 0.0941356 0.547219 9.46403e+08
-0.25 0.75 0.25 0.645205 0.165546 0.513195 8.97774e+08
-0.75 1.25 0.25 0.655096 0.115021 0.491942 6.13464e+08
0.75 -1.25 0.25 0.608046 0.315261 0.529238 2.55143e+09
0.25 -0.75 0.25 0.605154 0.230112 0.555219 1.8811e+09
0.75 -0.25 0.25 0.626913 0.296984 0.519693 1.81571e+09
0.25 0.25 0.25 0.635311 0.22585 0.52397 1.29134e+09
0.75 0.75 0.25 0.652837 0.294726 0.485782 1.16953e+09
0.25 1.25 0.25 0.66524 0.236561 0.477312 8.08968e+08
1.75 -1.25 0.25 0.62038 0.467749 0.442093 3.27001e+09
1.25 -0.75 0.25 0.621855 0.378595 0.494459 2.47973e+09
1.75 -0.25 0.25 0.629648 0.439233 0.453936 2.26821e+09
1.25 0.25 0.25 0.640675 0.362352 0.479818 1.65385e+09
1.75 0.75 0.25 0.649172 0.422534 0.434902 1.422e+09
1.25 1.25 0.25 0.663643 0.358853 0.443623 1.00268e+09
2.25 -0.75 0.25 0.618908 0.52354 0.401935 2.98381e+09
2.25 0.25 0.25 0.634273 0.494066 0.407357 1.95553e+09
2.25 1.25 0.25 0.654269 0.475122 0.385163 1.15612e+09
-2.5 -1 0.5 0.693604 -0.250129 0.522307 2.71379e+09
-2.5 0 0.5 0.732282 -0.251306 0.467761 2.06145e+09
-2.5 1 0.5 0.769245 -0.242991 0.404652 1.43376e+09
-2 -1.5 0.5 0.704526 -0.198588 0.53024 3.74463e+09
-1.5 -1 0.5 0.745997 -0.14986 0.495847 4.0775e+09
-2 -0.5 0.5 0.737366 -0.203902 0.487177 2.93407e+09
-1.5 0 0.5 0.775256 -0.153284 0.44936 3.00099e+09
-2 0.5 0.5 0.771522 -0.201711 0.430657 2.09533e+09
-1.5 1 0.5 0.804262 -0.14843 0.392111 2.01349e+09
-2 1.5 0.5 0.802551 -0.190377 0.368116 1.37191e+09
-1 -1.5 0.5 0.759108 -0.0902809 0.490888 5.5312e+09
-0.5 -1 0.5 0.789686 -0.0353109 0.453723 5.69625e+09
-1 -0.5 0.5 0.781099 -0.0975955 0.458036 4.19298e+09
-0.5 0 0.5 0.809596 -0.0420104 0.417052 4.07252e+09
-1 0.5 0.5 0.806523 -0.0991183 0.409252 2.89859e+09
-0.5 1 0.5 0.829468 -0.0443549 0.368121 2.62963e+09
-1 1.5 0.5 0.829008 -0.0941855 0.353131 1.82205e+09
0 -1.5 0.5 0.801147 0.0317389 0.434417 7.53662e+09
0.5 -1 0.5 0.818837 0.094067 0.393598 7.3445e+09
0 -0.5 0.5 0.813719 0.0227487 0.412665 5.55674e+09
0.5 0 0.5 0.82906 0.0797573 0.369383 5.07267e+09
0 0.5 0.5 0.829547 0.0135366 0.374418 3.70655e+09
0.5 1 0.5 0.84055 0.065367 0.330878 3.15187e+09
0 1.5 0.5 0.843576 0.00760118 0.326594 2.23676e+09
1 -1.5 0.5 0.823962 0.169483 0.35941 9.43579e+09
1.5 -1 0.5 0.82401 0.234383 0.315636 8.55164e+09
1 -0.5 0.5 0.827576 0.153893 0.350344 6.70601e+09
1.5 0 0.5 0.82777 0.206527 0.305271 5.68664e+09
1 0.5 0.5 0.835562 0.131661 0.324654 4.31178e+09
1.5 1 0.5 0.834321 0.176801 0.278871 3.43004e+09
1 1.5 0.5 0.843419 0.111425 0.286703 2.51497e+09
2 -1.5 0.5 0.816121 0.317652 0.266502 1.05785e+10
2.5 -1 0.5 0.796915 0.377025 0.218984 8.72776e+09
2 -0.5 0.5 0.815717 0.289159 0.270327 7.19215e+09
2.5 0 0.5 0.801485 0.333506 0.224007 5.65772e+09
2 0.5 0.5 0.820969 0.250933 0.258849 4.50628e+09
2.5 1 0.5 0.808384 0.287266 0.211555 3.36592e+09
2 1.5 0.5 0.82647 0.214733 0.232459 2.57515e+09
-2.25 -0.75 0.75 0.531711 -0.110685 0.647398 4.88921e+08
-2.25 0.25 0.75 0.585513 -0.102338 0.596742 3.65806e+08
-2.25 1.25 0.75 0.636278 -0.0768369 0.539577 2.54259e+08
-1.75 -1.25 0.75 0.532824 -0.0512782 0.657286 6.69351e+08
-1.25 -0.75 0.75 0.57693 0.00617442 0.628327 7.1742e+08
-1.75 -0.25 0.75 0.579683 -0.0532547 0.617794 5.18181e+08
-1.25 0.25 0.75 0.617998 0.0127249 0.588812 5.28333e+08
-1.75 0.75 0.75 0.626939 -0.0362554 0.56789 3.69747e+08
-1.25 1.25 0.75 0.65905 0.0356421 0.53963 3.59038e+08
-0.75 -1.25 0.75 0.579422 0.0778721 0.624953 9.69277e+08
-0.25 -0.75 0.75 0.607154 0.142635 0.596172 1.00596e+09
-0.75 -0.25 0.75 0.610738 0.0718092 0.599467 7.3849e+08
-0.25 0.25 0.75 0.635361 0.143666 0.570036 7.29722e+08
-0.75 0.75 0.75 0.646996 0.0847659 0.559845 5.17126e+08
-0.25 1.25 0.75 0.66723 0.158487 0.529837 4.83719e+08
0.25 -1.25 0.75 0.609543 0.226103 0.574818 1.33627e+09
0.75 -0.75 0.75 0.620076 0.295904 0.544254 1.34144e+09
0.25 -0.25 0.75 0.625732 0.213835 0.566395 1.00383e+09
0.75 0.25 0.75 0.637008 0.285742 0.534099 9.55263e+08
0.25 0.75 0.75 0.65183 0.216848 0.538791 6.88054e+08
0.75 1.25 0.75 0.662384 0.286616 0.50399 6.16275e+08
1.25 -1.25 0.75 0.619141 0.388384 0.498842 1.74197e+09
1.75 -0.75 0.75 0.613542 0.455615 0.463753 1.67472e+09
1.25 -0.25 0.75 0.624145 0.365723 0.510897 1.28694e+09
1.75 0.25 0.75 0.625819 0.429518 0.472571 1.16656e+09
1.25 0.75 0.75 0.643909 0.35315 0.497385 8.60955e+08
1.75 1.25 0.75 0.648753 0.413428 0.455305 7.35027e+08
2.25 -1.25 0.75 0.601502 0.551482 0.388561 2.10033e+09
2.25 -0.25 0.75 0.607714 0.514844 0.423905 1.52026e+09
2.25 0.75 0.75 0.6275 0.485233 0.428482 9.99687e+08
-2.5 -1.5 1 0.692051 -0.215005 0.555633 1.83083e+09
-2.5 -0.5 1 0.723898 -0.214753 0.519392 1.49845e+09
-2.5 0.5 1 0.758473 -0.210463 0.469867 1.12334e+09
-2.5 1.5 1 0.791849 -0.199297 0.412457 7.72207e+08
-1.5 -1.5 1 0.749795 -0.107084 0.515423 2.74006e+09
-2 -1 1 0.734362 -0.162745 0.523821 2.04874e+09
-1.5 -0.5 1 0.770189 -0.106283 0.489592 2.18125e+09
-2 0 1 0.762826 -0.161505 0.484961 1.58452e+09
-1.5 0.5 1 0.795138 -0.105233 0.448458 1.58799e+09
-2 1 1 0.792931 -0.155744 0.434213 1.11882e+09
-1.5 1.5 1 0.820202 -0.0993768 0.397551 1.0545e+09
-0.5 -1.5 1 0.795311 0.0177994 0.459959 3.84536e+09
-1 -1 1 0.78114 -0.0458435 0.481461 2.92746e+09
-0.5 -0.5 1 0.804626 0.0163954 0.444539 2.95949e+09
-1 0 1 0.798921 -0.0476691 0.452739 2.19856e+09
-0.5 0.5 1 0.820061 0.0114033 0.413764 2.09227e+09
-1 1 1 0.820033 -0.047791 0.410365 1.50372e+09
-0.5 1.5 1 0.836815 0.00780904 0.371328 1.34058e+09
0.5 -1.5 1 0.819855 0.157361 0.387192 4.95545e+09
0 -1 1 0.81207 0.0855253 0.422318 3.87404e+09
0.5 -0.5 1 0.82028 0.151598 0.382546 3.69917e+09
0 0 1 0.820269 0.0781308 0.405203 2.82719e+09
0.5 0.5 1 0.827805 0.13552 0.364207 2.533e+09
0 1 1 0.833033 0.0676105 0.373418 1.87025e+09
0.5 1.5 1 0.83836 0.118172 0.331969 1.56983e+09
1.5 -1.5 1 0.813746 0.310503 0.296351 5.79065e+09
1 -1 1 0.818895 0.230053 0.345381 4.69115e+09
1.5 -0.5 1 0.80941 0.293931 0.303003 4.17651e+09
1 0 1 0.8204 0.211305 0.341259 3.31361e+09
1.5 0.5 1 0.814058 0.261519 0.298614 2.7748e+09
1 1 1 0.828151 0.185685 0.321821 2.12536e+09
1.5 1.5 1 0.822637 0.227981 0.278214 1.67996e+09
2.5 -1.5 1 0.765955 0.468301 0.185506 5.97791e+09
2 -1 1 0.792422 0.381013 0.250038 5.08107e+09
2.5 -0.5 1 0.7661 0.435029 0.205109 4.16469e+09
2 0 1 0.794314 0.345191 0.26008 3.47434e+09
2.5 0.5 1 0.776004 0.384919 0.216645 2.72255e+09
2 1 1 0.802952 0.302362 0.254756 2.18676e+09
2.5 1.5 1 0.788202 0.335068 0.209936 1.63639e+09
-2.25 -1.25 1.25 0.549649 -0.124724 0.67228 3.55483e+08
-2.25 -0.25 1.25 0.589433 -0.122059 0.635081 2.8376e+08
-2.25 0.75 1.25 0.631051 -0.104163 0.591413 2.09866e+08
-1.25 -1.25 1.25 0.595977 -0.00821003 0.640937 5.10628e+08
-1.75 -0.75 1.25 0.590187 -0.0697084 0.64342 3.85737e+08
-1.25 -0.25 1.25 0.619766 -0.00463906 0.617429 4.05506e+08
-1.75 0.25 1.25 0.62404 -0.0586303 0.609146 2.95207e+08
-1.25 0.75 1.25 0.649767 0.0113346 0.585019 2.96013e+08
-1.75 1.25 1.25 0.660971 -0.0351592 0.567276 2.08713e+08
-0.25 -1.25 1.25 0.623937 0.134382 0.597771 7.08112e+08
-0.75 -0.75 1.25 0.619553 0.0591799 0.614162 5.42445e+08
-0.25 -0.25 1.25 0.632899 0.131937 0.589222 5.54061e+08
-0.75 0.25 1.25 0.639957 0.0665756 0.593218 4.10431e+08
-0.25 0.75 1.25 0.652776 0.140911 0.569137 3.99105e+08
-0.75 1.25 1.25 0.667796 0.0847514 0.561238 2.85304e+08
0.75 -1.25 1.25 0.630091 0.296721 0.534355 9.31965e+08
0.25 -0.75 1.25 0.629738 0.208567 0.570385 7.27435e+08
0.75 -0.25 1.25 0.627817 0.284621 0.543817 7.19579e+08
0.25 0.25 1.25 0.639048 0.207217 0.564497 5.43942e+08
0.75 0.75 1.25 0.641354 0.280165 0.537104 5.10073e+08
0.25 1.25 1.25 0.660501 0.214039 0.542754 3.71062e+08
1.75 -1.25 1.25 0.610453 0.46961 0.440431 1.14941e+09
1.25 -0.75 1.25 0.619242 0.372926 0.503498 9.23284e+08
1.75 -0.25 1.25 0.606157 0.443842 0.471455 8.7668e+08
1.25 0.25 1.25 0.623209 0.356864 0.514832 6.80283e+08
1.75 0.75 1.25 0.61988 0.421148 0.480631 6.1016e+08
1.25 1.25 1.25 0.642768 0.346947 0.504639 4.54712e+08
2.25 -0.75 1.25 0.587509 0.538717 0.40284 1.08917e+09
2.25 0.25 1.25 0.596568 0.504556 0.435018 7.89005e+08
2.25 1.25 1.25 0.619308 0.476294 0.440405 5.19302e+08
-2.5 -1 1.5 0.723687 -0.180593 0.543711 1.03934e+09
-2.5 0 1.5 0.750494 -0.174562 0.511113 8.37313e+08
-2.5 1 1.5 0.780262 -0.167073 0.466908 6.19019e+08
-2 -1.5 1.5 0.741215 -0.129791 0.533258 1.37249e+09
-1.5 -1 1.5 0.77312 -0.0647733 0.501504 1.50597e+09
-2 -0.5 1.5 0.759777 -0.121456 0.512245 1.13617e+09
-1.5 0 1.5 0.788642 -0.0597001 0.479035 1.18342e+09
-2 0.5 1.5 0.783266 -0.11644 0.478084 8.66404e+08
-1.5 1 1.5 0.808935 -0.057156 0.443556 8.50986e+08
-2 1.5 1.5 0.808858 -0.109539 0.433205 6.0447e+08
-1 -1.5 1.5 0.78958 -0.00667646 0.479541 1.95687e+09
-0.5 -1 1.5 0.8068 0.0676886 0.444297 2.04582e+09
-1 -0.5 1.5 0.796668 0.00224088 0.467892 1.57504e+09
-0.5 0 1.5 0.811906 0.067915 0.432397 1.56099e+09
-1 0.5 1.5 0.809933 0.00214154 0.444011 1.16877e+09
-0.5 1 1.5 0.823677 0.0617349 0.407433 1.09116e+09
-1 1.5 1.5 0.827171 0.000982989 0.40776 7.91066e+08
0 -1.5 1.5 0.817165 0.134337 0.410639 2.6017e+09
0.5 -1 1.5 0.815861 0.213624 0.370088 2.5583e+09
0 -0.5 1.5 0.814367 0.139023 0.407456 2.02553e+09
0.5 0 1.5 0.813741 0.204694 0.369605 1.89709e+09
0 0.5 1.5 0.819433 0.129844 0.395345 1.46209e+09
0.5 1 1.5 0.820214 0.18497 0.356873 1.28912e+09
0 1.5 1.5 0.830305 0.116268 0.36948 9.60348e+08
1 -1.5 1.5 0.813963 0.289347 0.323788 3.15005e+09
1.5 -1 1.5 0.791208 0.368442 0.277589 2.89688e+09
1 -0.5 1.5 0.805131 0.284949 0.329741 2.38191e+09
1.5 0 1.5 0.788392 0.344224 0.289733 2.08918e+09
1 0.5 1.5 0.806817 0.261229 0.330793 1.67213e+09
1.5 1 1.5 0.795723 0.307139 0.290815 1.3871e+09
1 1.5 1.5 0.815691 0.231646 0.316911 1.07097e+09
2 -1.5 1.5 0.768857 0.452227 0.216642 3.40616e+09
2.5 -1 1.5 0.724777 0.521992 0.165088 2.90641e+09
2 -0.5 1.5 0.76226 0.432177 0.233836 2.5126e+09
2.5 0 1.5 0.732274 0.478777 0.192374 2.05129e+09
2 0.5 1.5 0.76894 0.389965 0.249712 1.72443e+09
2.5 1 1.5 0.748725 0.424343 0.209388 1.35021e+09
2 1.5 1.5 0.78197 0.343516 0.24961 1.09032e+09
