449
-2.5 -1 -1.5 -0.0556717 -0.704383 0.112943 3.57609e+10
-2.5 0 -1.5 0.021121 -0.697586 0.134631 3.17055e+10
-2.5 1 -1.5 0.0927079 -0.683713 0.142036 2.61918e+10
-2 -1.5 -1.5 -0.0941396 -0.726165 0.119749 5.35338e+10
-1.5 -1 -1.5 -0.0506995 -0.741059 0.16563 7.33194e+10
-2 -0.5 -1.5 -0.0125603 -0.718019 0.153206 4.84271e+10
-1.5 0 -1.5 0.0317267 -0.722713 0.194339 6.24477e+10
-2 0.5 -1.5 0.0646874 -0.701755 0.17043 4.05473e+10
-1.5 1 -1.5 0.107596 -0.696077 0.207979 4.90305e+10
-2 1.5 -1.5 0.134717 -0.678184 0.174775 3.15085e+10
-1 -1.5 -1.5 -0.0925606 -0.765445 0.170627 1.09288e+11
-0.5 -1 -1.5 -0.0483298 -0.772152 0.22362 1.43716e+11
-1 -0.5 -1.5 -0.00619514 -0.746538 0.212545 9.54278e+10
-0.5 0 -1.5 0.0369326 -0.741175 0.261148 1.16769e+11
-1 0.5 -1.5 0.0750573 -0.717028 0.237203 7.59397e+10
-0.5 1 -1.5 0.114776 -0.700624 0.282077 8.65353e+10
-1 1.5 -1.5 0.147437 -0.68016 0.247809 5.57468e+10
0 -1.5 -1.5 -0.0934903 -0.796813 0.226029 2.10162e+11
0.5 -1 -1.5 -0.052442 -0.79374 0.28645 2.60614e+11
0 -0.5 -1.5 -0.00604616 -0.767641 0.278189 1.77064e+11
0.5 0 -1.5 0.0309724 -0.751978 0.333831 2.02781e+11
0 0.5 -1.5 0.0757294 -0.724767 0.311385 1.33378e+11
0.5 1 -1.5 0.107429 -0.697958 0.362753 1.41923e+11
0 1.5 -1.5 0.148233 -0.674103 0.328729 9.22656e+10
1 -1.5 -1.5 -0.102273 -0.814713 0.284196 3.61114e+11
1.5 -1 -1.5 -0.0705515 -0.802446 0.348747 4.12586e+11
1 -0.5 -1.5 -0.0177476 -0.779551 0.347065 2.98945e+11
1.5 0 -1.5 0.00773331 -0.755523 0.406416 3.16144e+11
1 0.5 -1.5 0.059881 -0.726018 0.389668 2.15293e+11
1.5 1 -1.5 0.0784552 -0.693063 0.444063 2.1392e+11
1 1.5 -1.5 0.129702 -0.663783 0.41377 1.41716e+11
2 -1.5 -1.5 -0.129663 -0.810169 0.338339 4.9611e+11
2.5 -1 -1.5 -0.114351 -0.78763 0.398732 4.92146e+11
2 -0.5 -1.5 -0.0494633 -0.781438 0.409767 4.32198e+11
2.5 0 -1.5 -0.0414416 -0.75522 0.465384 4.22337e+11
2 0.5 -1.5 0.0217521 -0.725162 0.462712 3.12137e+11
2.5 1 -1.5 0.0223932 -0.694939 0.51168 2.88829e+11
2 1.5 -1.5 0.085114 -0.658083 0.493478 1.99609e+11
-2.25 -0.75 -1.25 -0.154207 -0.729676 0.0648641 1.20166e+10
-2.25 0.25 -1.25 -0.0629738 -0.717794 0.0760784 1.04208e+10
-2.25 1.25 -1.25 0.0222779 -0.698186 0.0720524 8.41874e+09
-1.75 -1.25 -1.25 -0.192883 -0.753762 0.0804597 1.80447e+10
-1.25 -0.75 -1.25 -0.136939 -0.766043 0.127306 2.4149e+10
-1.75 -0.25 -1.25 -0.0983041 -0.740987 0.104668 1.59284e+10
-1.25 0.25 -1.25 -0.0416009 -0.743449 0.14516 2.00457e+10
-1.75 0.75 -1.25 -0.00730401 -0.719706 0.110358 1.3021e+10
-1.25 1.25 -1.25 0.0463027 -0.711802 0.146935 1.5346e+10
-0.75 -1.25 -1.25 -0.177249 -0.7914 0.141973 3.60331e+10
-0.25 -0.75 -1.25 -0.120713 -0.795293 0.197111 4.60725e+10
-0.75 -0.25 -1.25 -0.0799485 -0.769102 0.174821 3.06267e+10
-0.25 0.25 -1.25 -0.0252526 -0.761608 0.224113 3.64529e+10
-0.75 0.75 -1.25 0.0129078 -0.7357 0.187707 2.37376e+10
-0.25 1.25 -1.25 0.0620702 -0.717281 0.233075 2.63196e+10
0.25 -1.25 -1.25 -0.162099 -0.818948 0.209425 6.70025e+10
0.75 -0.75 -1.25 -0.108982 -0.812839 0.27345 8.04395e+10
0.25 -0.25 -1.25 -0.0665713 -0.788313 0.25373 5.51259e+10
0.75 0.25 -1.25 -0.0186845 -0.770292 0.311849 6.1364e+10
0.25 0.75 -1.25 0.0236828 -0.743173 0.275629 4.04948e+10
0.75 1.25 -1.25 0.0640672 -0.714168 0.329393 4.20013e+10
1.25 -1.25 -1.25 -0.151569 -0.830374 0.280993 1.09143e+11
1.75 -0.75 -1.25 -0.107971 -0.814035 0.351195 1.2017e+11
1.25 -0.25 -1.25 -0.062848 -0.795584 0.337985 8.94852e+10
1.75 0.25 -1.25 -0.0255366 -0.766521 0.402764 9.17182e+10
1.25 0.75 -1.25 0.0204649 -0.741098 0.371415 6.34455e+10
1.75 1.25 -1.25 0.0483266 -0.70751 0.429317 6.21806e+10
2.25 -1.25 -1.25 -0.153573 -0.81559 0.353725 1.37781e+11
2.25 -0.25 -1.25 -0.0728239 -0.785162 0.420033 1.20221e+11
2.25 0.75 -1.25 0.000529472 -0.734314 0.464519 8.95735e+10
-2.5 -1.5 -1 0.204335 -0.812118 0.0662769 3.21638e+10
-2.5 -0.5 -1 0.25148 -0.818219 0.0910046 3.25616e+10
-2.5 0.5 -1 0.298604 -0.814577 0.102047 3.00574e+10
-2.5 1.5 -1 0.345656 -0.802898 0.101951 2.5314e+10
-1.5 -1.5 -1 0.176284 -0.838703 0.122401 6.71349e+10
-2 -1 -1 0.217564 -0.827947 0.109586 4.72631e+10
-1.5 -0.5 -1 0.237137 -0.833918 0.154281 6.61189e+10
-2 0 -1 0.271164 -0.823633 0.130272 4.49195e+10
-1.5 0.5 -1 0.296896 -0.819314 0.171639 5.83562e+10
-2 1 -1 0.324113 -0.810622 0.138163 3.86407e+10
-1.5 1.5 -1 0.353708 -0.797838 0.176942 4.65447e+10
-0.5 -1.5 -1 0.146216 -0.857648 0.184397 1.33369e+11
-1 -1 -1 0.195613 -0.845424 0.172806 9.53094e+10
-0.5 -0.5 -1 0.22124 -0.840613 0.2258 1.26596e+11
-1 0 -1 0.262928 -0.82927 0.201312 8.68506e+10
-0.5 0.5 -1 0.292774 -0.814175 0.250931 1.06119e+11
-1 1 -1 0.326754 -0.805363 0.215641 7.07944e+10
-0.5 1.5 -1 0.357812 -0.782447 0.262305 7.99e+10
0.5 -1.5 -1 0.114066 -0.86523 0.252613 2.4208e+11
0 -1 -1 0.171424 -0.853002 0.243455 1.79007e+11
0.5 -0.5 -1 0.199987 -0.836384 0.304768 2.2127e+11
0 0 -1 0.250681 -0.824566 0.281278 1.5571e+11
0.5 0.5 -1 0.280619 -0.798145 0.338486 1.76461e+11
0 1 -1 0.32357 -0.789353 0.302829 1.20086e+11
0.5 1.5 -1 0.351574 -0.75635 0.356324 1.26205e+11
1.5 -1.5 -1 0.0761183 -0.858022 0.323794 3.77604e+11
1 -1 -1 0.141307 -0.848503 0.319375 2.99588e+11
1.5 -0.5 -1 0.166935 -0.820832 0.385609 3.36872e+11
1 0 -1 0.228251 -0.808972 0.366947 2.50456e+11
1.5 0.5 -1 0.253297 -0.771329 0.429118 2.59693e+11
1 1 -1 0.307533 -0.762525 0.396649 1.84646e+11
1.5 1.5 -1 0.324883 -0.724434 0.452373 1.81441e+11
2.5 -1.5 -1 0.0236715 -0.82829 0.388719 4.54853e+11
2 -1 -1 0.0974794 -0.829883 0.39256 4.1633e+11
2.5 -0.5 -1 0.11169 -0.78964 0.456442 4.115e+11
2 0 -1 0.188956 -0.781924 0.450239 3.43396e+11
2.5 0.5 -1 0.196092 -0.742893 0.508324 3.2891e+11
2 1 -1 0.266519 -0.732211 0.487183 2.52874e+11
2.5 1.5 -1 0.270465 -0.693567 0.53746 2.29202e+11
-2.25 -1.25 -0.75 -0.387459 -0.667716 0.110887 5.61432e+09
-2.25 -0.25 -0.75 -0.295136 -0.653916 0.134177 4.92823e+09
-2.25 0.75 -0.75 -0.199554 -0.633092 0.1382 4.04265e+09
-1.25 -1.25 -0.75 -0.374085 -0.703491 0.16341 1.12321e+10
-1.75 -0.75 -0.75 -0.33432 -0.678171 0.153325 7.48121e+09
-1.25 -0.25 -0.75 -0.277152 -0.682043 0.194936 9.49367e+09
-1.75 0.25 -0.75 -0.236757 -0.656329 0.169634 6.21068e+09
-1.25 0.75 -0.75 -0.17806 -0.649533 0.20574 7.40363e+09
-1.75 1.25 -0.75 -0.140656 -0.625143 0.169151 4.80064e+09
-0.25 -1.25 -0.75 -0.359872 -0.735194 0.216492 2.1267e+10
-0.75 -0.75 -0.75 -0.31888 -0.709255 0.211573 1.43697e+10
-0.25 -0.25 -0.75 -0.263075 -0.705962 0.259476 1.73004e+10
-0.75 0.25 -0.75 -0.219543 -0.676714 0.236766 1.13676e+10
-0.25 0.75 -0.75 -0.165572 -0.660762 0.279463 1.27742e+10
-0.75 1.25 -0.75 -0.122856 -0.63198 0.24351 8.30603e+09
0.75 -1.25 -0.75 -0.34715 -0.757811 0.265412 3.64942e+10
0.25 -0.75 -0.75 -0.305903 -0.734758 0.270301 2.57651e+10
0.75 -0.25 -0.75 -0.255475 -0.724832 0.322827 2.91498e+10
0.25 0.25 -0.75 -0.210977 -0.692515 0.307285 1.94966e+10
0.75 0.75 -0.75 -0.165887 -0.668341 0.355175 2.05113e+10
0.25 1.25 -0.75 -0.118884 -0.633562 0.323473 1.34501e+10
1.75 -1.25 -0.75 -0.335917 -0.764801 0.300078 5.25652e+10
1.25 -0.75 -0.75 -0.29735 -0.752291 0.321349 4.135e+10
1.75 -0.25 -0.75 -0.250758 -0.738849 0.373678 4.35548e+10
1.25 0.25 -0.75 -0.210858 -0.705387 0.373841 3.0697e+10
1.75 0.75 -0.75 -0.178882 -0.678276 0.42319 3.05118e+10
1.25 1.25 -0.75 -0.133093 -0.636106 0.402388 2.03776e+10
2.25 -0.75 -0.75 -0.283794 -0.755578 0.351547 5.47254e+10
2.25 0.25 -0.75 -0.218154 -0.716241 0.423134 4.30029e+10
2.25 1.25 -0.75 -0.151083 -0.64993 0.464834 2.89028e+10
-2.5 -1 -0.5 0.129505 -0.818981 0.10522 1.78194e+10
-2.5 0 -0.5 0.190151 -0.819728 0.127911 1.72489e+10
-2.5 1 -0.5 0.249747 -0.810408 0.138026 1.52171e+10
-2 -1.5 -0.5 0.0847777 -0.826642 0.114282 2.52354e+10
-1.5 -1 -0.5 0.10787 -0.837772 0.161697 3.63101e+10
-2 -0.5 -0.5 0.152875 -0.828575 0.147765 2.52756e+10
-1.5 0 -0.5 0.182156 -0.828461 0.192025 3.39004e+10
-2 0.5 -0.5 0.219438 -0.819057 0.167197 2.28747e+10
-1.5 1 -0.5 0.253301 -0.808851 0.208596 2.8462e+10
-2 1.5 -0.5 0.283334 -0.80053 0.174659 1.87884e+10
-1 -1.5 -0.5 0.0547292 -0.84664 0.168153 5.07632e+10
-0.5 -1 -0.5 0.083466 -0.848684 0.22247 6.97091e+10
-1 -0.5 -0.5 0.136963 -0.838504 0.211038 4.92754e+10
-0.5 0 -0.5 0.170645 -0.828266 0.262471 6.22859e+10
-1 0.5 -0.5 0.216066 -0.81808 0.238416 4.25173e+10
-0.5 1 -0.5 0.251926 -0.797694 0.286724 4.95484e+10
-1 1.5 -0.5 0.289258 -0.789303 0.252229 3.3038e+10
0 -1.5 -0.5 0.0223556 -0.857815 0.224436 9.49477e+10
0.5 -1 -0.5 0.0550537 -0.849581 0.284952 1.21597e+11
0 -0.5 -0.5 0.116677 -0.839105 0.278722 8.87523e+10
0.5 0 -0.5 0.151033 -0.81863 0.335667 1.04008e+11
0 0.5 -0.5 0.205982 -0.807483 0.315348 7.28305e+10
0.5 1 -0.5 0.239952 -0.776787 0.368968 7.86449e+10
0 1.5 -0.5 0.28652 -0.768122 0.336478 5.36055e+10
1 -1.5 -0.5 -0.0115856 -0.857262 0.279425 1.57729e+11
1.5 -1 -0.5 0.0207092 -0.839477 0.341368 1.84368e+11
1 -0.5 -0.5 0.0881903 -0.83029 0.345001 1.42579e+11
1.5 0 -0.5 0.11972 -0.80052 0.403099 1.5262e+11
1 0.5 -0.5 0.183922 -0.787747 0.392292 1.1189e+11
1.5 1 -0.5 0.208417 -0.750438 0.446746 1.11731e+11
1 1.5 -0.5 0.266841 -0.739973 0.421544 7.91986e+10
2 -1.5 -0.5 -0.0488305 -0.840516 0.326072 2.2306e+11
2.5 -1 -0.5 -0.0225512 -0.812576 0.384453 2.42039e+11
2 -0.5 -0.5 0.0507655 -0.811594 0.399177 1.96673e+11
2.5 0 -0.5 0.0661868 -0.775311 0.451004 1.91961e+11
2 0.5 -0.5 0.140739 -0.763983 0.457408 1.507e+11
2.5 1 -0.5 0.152861 -0.72827 0.502697 1.4097e+11
2 1.5 -0.5 0.224117 -0.712913 0.494469 1.05208e+11
-2.25 -0.75 -0.25 -0.40228 -0.650284 0.208132 3.47173e+09
-2.25 0.25 -0.25 -0.304609 -0.634688 0.231171 2.92424e+09
-2.25 1.25 -0.25 -0.204639 -0.609701 0.235962 2.30148e+09
-1.75 -1.25 -0.25 -0.445136 -0.665282 0.212205 5.16851e+09
-1.25 -0.75 -0.25 -0.393154 -0.666907 0.260411 6.64168e+09
-1.75 -0.25 -0.25 -0.347341 -0.650121 0.250731 4.42948e+09
-1.25 0.25 -0.25 -0.288772 -0.641671 0.291789 5.35149e+09
-1.75 0.75 -0.25 -0.244159 -0.624714 0.267258 3.51978e+09
-1.25 1.25 -0.25 -0.183981 -0.604039 0.303213 4.00172e+09
-0.75 -1.25 -0.25 -0.440518 -0.683577 0.256813 9.76653e+09
-0.25 -0.75 -0.25 -0.388132 -0.68056 0.307205 1.1919e+10
-0.75 -0.25 -0.25 -0.337449 -0.660606 0.30643 8.06038e+09
-0.25 0.25 -0.25 -0.282169 -0.644467 0.350215 9.18873e+09
-0.75 0.75 -0.25 -0.230574 -0.622745 0.331786 6.09004e+09
-0.25 1.25 -0.25 -0.177011 -0.592241 0.371129 6.51721e+09
0.25 -1.25 -0.25 -0.438859 -0.698244 0.289757 1.69683e+10
0.75 -0.75 -0.25 -0.388345 -0.693063 0.337545 1.94872e+10
0.25 -0.25 -0.25 -0.335971 -0.668805 0.35387 1.36299e+10
0.75 0.25 -0.25 -0.287371 -0.648713 0.396015 1.45974e+10
0.25 0.75 -0.25 -0.231355 -0.617807 0.391673 9.82305e+09
0.75 1.25 -0.25 -0.190906 -0.580448 0.431194 9.88772e+09
1.25 -1.25 -0.25 -0.436958 -0.708979 0.296895 2.58008e+10
1.75 -0.75 -0.25 -0.382143 -0.71089 0.33476 2.81931e+10
1.25 -0.25 -0.25 -0.339023 -0.68283 0.378274 2.10133e+10
1.75 0.25 -0.25 -0.298674 -0.662538 0.414329 2.11307e+10
1.25 0.75 -0.25 -0.249131 -0.618399 0.434744 1.46614e+10
1.75 1.25 -0.25 -0.218048 -0.590099 0.464219 1.41867e+10
2.25 -1.25 -0.25 -0.413459 -0.721781 0.278241 3.48905e+10
2.25 -0.25 -0.25 -0.332397 -0.699449 0.368504 2.82914e+10
2.25 0.75 -0.25 -0.256322 -0.649828 0.439856 2.08505e+10
-2.5 -1.5 0 -0.00546018 -0.822381 0.120258 1.0074e+10
-2.5 -0.5 0 0.0691041 -0.830715 0.157411 1.02352e+10
-2.5 0.5 0 0.142292 -0.826438 0.180812 9.47223e+09
-2.5 1.5 0 0.213604 -0.811469 0.192117 7.99555e+09
-1.5 -1.5 0 -0.035447 -0.83886 0.167144 2.02431e+10
-2 -1 0 0.0210013 -0.835539 0.166261 1.45908e+10
-1.5 -0.5 0 0.053286 -0.839702 0.213514 2.00812e+10
-2 0 0 0.101773 -0.833208 0.200361 1.39288e+10
-1.5 0.5 0 0.13968 -0.826035 0.244797 1.78262e+10
-2 1 0 0.180264 -0.818586 0.220847 1.20259e+10
-1.5 1.5 0 0.221355 -0.801293 0.262537 1.42936e+10
-0.5 -1.5 0 -0.0687524 -0.848802 0.212935 3.81473e+10
-1 -1 0 -0.00368129 -0.845281 0.218403 2.81842e+10
-0.5 -0.5 0 0.0335687 -0.841062 0.270927 3.66483e+10
-1 0 0 0.0909219 -0.833664 0.262211 2.59074e+10
-0.5 0.5 0 0.131652 -0.817132 0.311903 3.10545e+10
-1 1 0 0.180726 -0.808839 0.290627 2.12815e+10
-0.5 1.5 0 0.222 -0.781927 0.337431 2.36226e+10
0.5 -1.5 0 -0.102599 -0.850732 0.252795 6.50389e+10
0 -1 0 -0.0317359 -0.847363 0.268516 4.99853e+10
0.5 -0.5 0 0.00829418 -0.835001 0.323552 6.03352e+10
0 0 0 0.0738275 -0.826047 0.323819 4.40846e+10
0.5 0.5 0 0.114373 -0.800722 0.375837 4.88702e+10
0 1 0 0.172639 -0.790419 0.361827 3.4456e+10
0.5 1.5 0 0.209328 -0.755186 0.411065 3.5506e+10
1.5 -1.5 0 -0.13054 -0.843939 0.281135 9.86501e+10
1 -1 0 -0.0617286 -0.8422 0.308891 7.88824e+10
1.5 -0.5 0 -0.0207281 -0.824742 0.360858 8.83124e+10
1 0 0 0.0486071 -0.81274 0.376132 6.69431e+10
1.5 0.5 0 0.0844055 -0.780073 0.426104 6.79588e+10
1 1 0 0.150433 -0.766102 0.426281 4.99984e+10
1.5 1.5 0 0.177472 -0.729464 0.470967 4.83162e+10
2.5 -1.5 0 -0.147947 -0.823181 0.308065 1.44813e+11
2 -1 0 -0.0870433 -0.831339 0.334777 1.13817e+11
2.5 -0.5 0 -0.04976 -0.79884 0.385597 1.16729e+11
2 0 0 0.0155118 -0.794616 0.409587 8.96488e+10
2.5 0.5 0 0.0409698 -0.765953 0.451249 8.96138e+10
2 1 0 0.110154 -0.747156 0.468662 6.58875e+10
2.5 1.5 0 0.132907 -0.714374 0.50477 6.17008e+10
-2.25 -1.25 0.25 -0.471312 -0.658287 0.265792 2.48719e+09
-2.25 -0.25 0.25 -0.371122 -0.652809 0.310085 2.16104e+09
-2.25 0.75 0.25 -0.26398 -0.638458 0.331987 1.74814e+09
-1.25 -1.25 0.25 -0.474395 -0.660738 0.306852 4.65325e+09
-1.75 -0.75 0.25 -0.420756 -0.656802 0.315475 3.20173e+09
-1.25 -0.25 0.25 -0.364029 -0.648724 0.362249 3.90453e+09
-1.75 0.25 0.25 -0.311006 -0.643154 0.352366 2.62752e+09
-1.25 0.75 0.25 -0.247984 -0.623729 0.392594 3.01899e+09
-1.75 1.25 0.25 -0.198788 -0.617625 0.368426 2.00877e+09
-0.25 -1.25 0.25 -0.483611 -0.66122 0.332774 8.03506e+09
-0.75 -0.75 0.25 -0.422116 -0.655215 0.357376 5.69464e+09
-0.25 -0.25 0.25 -0.366991 -0.641611 0.403344 6.54632e+09
-0.75 0.25 0.25 -0.304464 -0.63147 0.405883 4.48597e+09
-0.25 0.75 0.25 -0.246382 -0.60349 0.44624 4.84891e+09
-0.75 1.25 0.25 -0.186376 -0.592646 0.431184 3.27256e+09
0.75 -1.25 0.25 -0.497739 -0.663544 0.327576 1.2371e+10
0.25 -0.75 0.25 -0.43267 -0.653807 0.37906 9.25583e+09
0.75 -0.25 0.25 -0.38199 -0.640754 0.417333 1.00287e+10
0.25 0.25 0.25 -0.31315 -0.619213 0.443863 7.0675e+09
0.75 0.75 0.25 -0.266107 -0.585428 0.479497 7.15536e+09
0.25 1.25 0.25 -0.195353 -0.563175 0.483828 4.93686e+09
1.75 -1.25 0.25 -0.501288 -0.675332 0.284703 1.73187e+10
1.25 -0.75 0.25 -0.446085 -0.664038 0.361965 1.35942e+10
1.75 -0.25 0.25 -0.394189 -0.657268 0.387881 1.38954e+10
1.25 0.25 0.25 -0.336239 -0.618186 0.448321 1.01398e+10
1.75 0.75 0.25 -0.298997 -0.597577 0.468514 1.00005e+10
1.25 1.25 0.25 -0.230088 -0.54816 0.506324 6.95205e+09
2.25 -0.75 0.25 -0.440712 -0.677785 0.311996 1.79102e+10
2.25 0.25 0.25 -0.349365 -0.657572 0.407249 1.44099e+10
2.25 1.25 0.25 -0.268329 -0.585931 0.481483 9.74091e+09
-2.5 -1 0.5 -0.0586113 -0.83595 0.17749 6.27161e+09
-2.5 0 0.5 0.0271854 -0.840913 0.216007 6.09682e+09
-2.5 1 0.5 0.111787 -0.832347 0.241033 5.39622e+09
-2 -1.5 0.5 -0.117969 -0.832622 0.173277 8.6114e+09
-1.5 -1 0.5 -0.0845699 -0.842101 0.222724 1.20601e+10
-2 -0.5 0.5 -0.0243954 -0.842514 0.223709 8.69482e+09
-1.5 0 0.5 0.0157571 -0.84014 0.270737 1.13762e+10
-2 0.5 0.5 0.0678449 -0.836575 0.25942 7.91717e+09
-1.5 1 0.5 0.112911 -0.822697 0.303695 9.63593e+09
-2 1.5 0.5 0.156958 -0.817526 0.281617 6.53916e+09
-1 -1.5 0.5 -0.153365 -0.838478 0.210843 1.61243e+10
-0.5 -1 0.5 -0.114296 -0.842784 0.263023 2.14192e+10
-1 -0.5 0.5 -0.045029 -0.842502 0.272785 1.58974e+10
-0.5 0 0.5 -0.000539143 -0.832879 0.322886 1.94991e+10
-1 0.5 0.5 0.0605367 -0.827893 0.318304 1.39015e+10
-0.5 1 0.5 0.107431 -0.805553 0.36575 1.57796e+10
-1 1.5 0.5 0.159865 -0.799039 0.348514 1.09365e+10
0 -1.5 0.5 -0.190427 -0.839407 0.238926 2.75853e+10
0.5 -1 0.5 -0.14444 -0.839487 0.29093 3.42462e+10
0 -0.5 0.5 -0.069672 -0.837154 0.314571 2.63867e+10
0.5 0 0.5 -0.0221986 -0.821825 0.363841 3.00315e+10
0 0.5 0.5 0.0463698 -0.813162 0.37192 2.21364e+10
0.5 1 0.5 0.0924817 -0.783229 0.419337 2.31955e+10
0 1.5 0.5 0.152891 -0.773567 0.412454 1.66266e+10
1 -1.5 0.5 -0.219588 -0.837319 0.252425 4.28293e+10
1.5 -1 0.5 -0.16548 -0.83586 0.303141 5.07637e+10
1 -0.5 0.5 -0.0949808 -0.830521 0.339725 3.94136e+10
1.5 0 0.5 -0.0428632 -0.809437 0.385533 4.13695e+10
1 0.5 0.5 0.0257639 -0.795641 0.410545 3.13495e+10
1.5 1 0.5 0.0661013 -0.764708 0.451723 3.09913e+10
1 1.5 0.5 0.13175 -0.747907 0.462276 2.28502e+10
2 -1.5 0.5 -0.226778 -0.831245 0.263077 6.45842e+10
2.5 -1 0.5 -0.159781 -0.810865 0.319601 7.01303e+10
2 -0.5 0.5 -0.106423 -0.818739 0.351555 5.44286e+10
2.5 0 0.5 -0.060433 -0.79443 0.396475 5.7258e+10
2 0.5 0.5 0.000257058 -0.783832 0.426339 4.19422e+10
2.5 1 0.5 0.0359331 -0.75914 0.461851 4.19399e+10
2 1.5 0.5 0.100202 -0.734237 0.485945 2.96853e+10
-2.25 -0.75 0.75 -0.423604 -0.662035 0.362605 1.59499e+09
-2.25 0.25 0.75 -0.311251 -0.660059 0.402844 1.33198e+09
-2.25 1.25 0.75 -0.195382 -0.647682 0.421944 1.03957e+09
-1.75 -1.25 0.75 -0.481206 -0.654746 0.351406 2.28879e+09
-1.25 -0.75 0.75 -0.428609 -0.64876 0.40225 2.80731e+09
-1.75 -0.25 0.75 -0.36638 -0.654325 0.409843 1.95322e+09
-1.25 0.25 0.75 -0.303532 -0.639439 0.453431 2.26088e+09
-1.75 0.75 0.75 -0.245241 -0.643448 0.44304 1.5439e+09
-1.25 1.25 0.75 -0.177326 -0.616592 0.48097 1.69366e+09
-0.75 -1.25 0.75 -0.4971 -0.643004 0.374919 3.90995e+09
-0.25 -0.75 0.75 -0.444272 -0.635881 0.421911 4.51551e+09
-0.75 -0.25 0.75 -0.370338 -0.636686 0.448381 3.24437e+09
-0.25 0.25 0.75 -0.309971 -0.616693 0.489312 3.52924e+09
-0.75 0.75 0.75 -0.238717 -0.615125 0.493455 2.46942e+09
-0.25 1.25 0.75 -0.17683 -0.579103 0.53057 2.54649e+09
0.25 -1.25 0.75 -0.522257 -0.634985 0.367819 5.99931e+09
0.75 -0.75 0.75 -0.470063 -0.634017 0.404957 6.57389e+09
0.25 -0.25 0.75 -0.38888 -0.623277 0.461822 4.9071e+09
0.75 0.25 0.75 -0.334748 -0.602395 0.494485 4.99916e+09
0.25 0.75 0.75 -0.252157 -0.58613 0.525362 3.61066e+09
0.75 1.25 0.75 -0.20386 -0.546583 0.555353 3.52655e+09
1.25 -1.25 0.75 -0.546478 -0.639899 0.319929 8.42632e+09
1.75 -0.75 0.75 -0.486386 -0.650221 0.346748 8.85845e+09
1.25 -0.25 0.75 -0.415887 -0.628127 0.432999 6.75114e+09
1.75 0.25 0.75 -0.371174 -0.618204 0.453705 6.83746e+09
1.25 0.75 0.75 -0.290109 -0.575237 0.519129 4.90792e+09
1.75 1.25 0.75 -0.257214 -0.550978 0.533981 4.74307e+09
2.25 -1.25 0.75 -0.540243 -0.637462 0.250162 1.07377e+10
2.25 -0.25 0.75 -0.436071 -0.651257 0.368534 9.37722e+09
2.25 0.75 0.75 -0.338186 -0.610775 0.465506 6.95524e+09
-2.5 -1.5 1 -0.188659 -0.824691 0.18054 3.88916e+09
-2.5 -0.5 1 -0.0928708 -0.843166 0.234426 3.97372e+09
-2.5 0.5 1 0.00276906 -0.845426 0.274038 3.69272e+09
-2.5 1.5 1 0.0970178 -0.833462 0.30021 3.13025e+09
-1.5 -1.5 1 -0.226862 -0.825328 0.211616 7.19312e+09
-2 -1 1 -0.155441 -0.836415 0.228594 5.44726e+09
-1.5 -0.5 1 -0.115731 -0.840905 0.276784 7.2348e+09
-2 0 1 -0.0521445 -0.844251 0.280197 5.24387e+09
-1.5 0.5 1 -0.00554712 -0.836708 0.326048 6.50277e+09
-2 1 1 0.049838 -0.835435 0.317062 4.56231e+09
-1.5 1.5 1 0.100519 -0.816181 0.360254 5.27819e+09
-0.5 -1.5 1 -0.268526 -0.823012 0.230969 1.22183e+10
-1 -1 1 -0.188135 -0.834378 0.261261 9.61742e+09
-0.5 -0.5 1 -0.142125 -0.83539 0.31015 1.20212e+10
-1 0 1 -0.069609 -0.836899 0.324676 9.00341e+09
-0.5 0.5 1 -0.0186642 -0.823613 0.371547 1.04227e+10
-1 1 1 0.0451609 -0.819755 0.37155 7.52511e+09
-0.5 1.5 1 0.097135 -0.793106 0.416232 8.10297e+09
0.5 -1.5 1 -0.304153 -0.821378 0.233855 1.89861e+10
0 -1 1 -0.221602 -0.830977 0.279988 1.53986e+10
0.5 -0.5 1 -0.167122 -0.830756 0.327069 1.8051e+10
0 0 1 -0.0902213 -0.827578 0.357306 1.39529e+10
0.5 0.5 1 -0.0342535 -0.809747 0.402082 1.49453e+10
0 1 1 0.0346083 -0.800414 0.416819 1.11779e+10
0.5 1.5 1 0.0850085 -0.769253 0.458947 1.12234e+10
1.5 -1.5 1 -0.314022 -0.822704 0.232022 2.83383e+10
1 -1 1 -0.244213 -0.830693 0.283046 2.28026e+10
1.5 -0.5 1 -0.174885 -0.827938 0.33032 2.51744e+10
1 0 1 -0.106025 -0.820152 0.371516 1.94909e+10
1.5 0.5 1 -0.0466289 -0.800321 0.412948 1.99428e+10
1 1 1 0.0193982 -0.783738 0.443191 1.50346e+10
1.5 1.5 1 0.0663206 -0.754938 0.478003 1.45748e+10
2.5 -1.5 1 -0.280269 -0.803645 0.253369 4.03002e+10
2 -1 1 -0.234587 -0.825678 0.28723 3.21319e+10
2.5 -0.5 1 -0.15802 -0.80953 0.341488 3.49095e+10
2 0 1 -0.10744 -0.812723 0.376056 2.65392e+10
2.5 0.5 1 -0.0516813 -0.792487 0.416758 2.77729e+10
2 1 1 0.00373624 -0.777651 0.448687 2.00005e+10
2.5 1.5 1 0.0529324 -0.73877 0.482119 1.81768e+10
-2.25 -1.25 1.25 -0.475122 -0.654269 0.385163 1.15612e+09
-2.25 -0.25 1.25 -0.358853 -0.663643 0.443623 1.00268e+09
-2.25 0.75 1.25 -0.236561 -0.66524 0.477312 8.08968e+08
-1.25 -1.25 1.25 -0.494066 -0.634273 0.407357 1.95553e+09
-1.75 -0.75 1.25 -0.422534 -0.649172 0.434902 1.422e+09
-1.25 -0.25 1.25 -0.362352 -0.640675 0.479818 1.65385e+09
-1.75 0.25 1.25 -0.294726 -0.652837 0.485782 1.16953e+09
-1.25 0.75 1.25 -0.22585 -0.635311 0.52397 1.29134e+09
-1.75 1.25 1.25 -0.165546 -0.645205 0.513195 8.97774e+08
-0.25 -1.25 1.25 -0.52354 -0.618908 0.401935 2.98381e+09
-0.75 -0.75 1.25 -0.439233 -0.629648 0.453936 2.26821e+09
-0.25 -0.25 1.25 -0.378595 -0.621855 0.494459 2.47973e+09
-0.75 0.25 1.25 -0.296984 -0.626913 0.519693 1.81571e+09
-0.25 0.75 1.25 -0.230112 -0.605154 0.555219 1.8811e+09
-0.75 1.25 1.25 -0.15618 -0.608541 0.55916 1.35013e+09
0.75 -1.25 1.25 -0.558433 -0.616914 0.359938 4.15032e+09
0.25 -0.75 1.25 -0.467749 -0.62038 0.442093 3.27001e+09
0.75 -0.25 1.25 -0.407242 -0.618414 0.47557 3.37222e+09
0.25 0.25 1.25 -0.315261 -0.608046 0.529238 2.55143e+09
0.75 0.75 1.25 -0.257089 -0.585732 0.559116 2.51448e+09
0.25 1.25 1.25 -0.168293 -0.573681 0.587091 1.85754e+09
1.75 -1.25 1.25 -0.577977 -0.62009 0.288987 5.30829e+09
1.25 -0.75 1.25 -0.497636 -0.629312 0.39368 4.34674e+09
1.75 -0.25 1.25 -0.442318 -0.632535 0.422028 4.49597e+09
1.25 0.25 1.25 -0.352214 -0.608851 0.503731 3.37612e+09
1.75 0.75 1.25 -0.311659 -0.590774 0.525831 3.32894e+09
1.25 1.25 1.25 -0.21108 -0.556623 0.583595 2.41225e+09
2.25 -0.75 1.25 -0.516958 -0.634141 0.321379 5.73114e+09
2.25 0.25 1.25 -0.403141 -0.622893 0.443324 4.61082e+09
2.25 1.25 1.25 -0.273344 -0.559923 0.540182 3.03667e+09
-2.5 -1 1.5 -0.214733 -0.82647 0.232459 2.57515e+09
-2.5 0 1.5 -0.111425 -0.843419 0.286703 2.51497e+09
-2.5 1 1.5 -0.00760118 -0.843576 0.326594 2.23676e+09
-2 -1.5 1.5 -0.287266 -0.808384 0.211555 3.36592e+09
-1.5 -1 1.5 -0.250933 -0.820969 0.258849 4.50628e+09
-2 -0.5 1.5 -0.176801 -0.834321 0.278871 3.43004e+09
-1.5 0 1.5 -0.131661 -0.835562 0.324654 4.31178e+09
-2 0.5 1.5 -0.065367 -0.84055 0.330878 3.15187e+09
-1.5 1 1.5 -0.0135366 -0.829547 0.374418 3.70655e+09
-2 1.5 1.5 0.0443549 -0.829468 0.368121 2.62963e+09
-1 -1.5 1.5 -0.333506 -0.801485 0.224007 5.65772e+09
-0.5 -1 1.5 -0.289159 -0.815717 0.270327 7.19215e+09
-1 -0.5 1.5 -0.206527 -0.82777 0.305271 5.68664e+09
-0.5 0 1.5 -0.153893 -0.827576 0.350344 6.70601e+09
-1 0.5 1.5 -0.0797573 -0.82906 0.369383 5.07267e+09
-0.5 1 1.5 -0.0227487 -0.813719 0.412665 5.55674e+09
-1 1.5 1.5 0.0420104 -0.809596 0.417052 4.07252e+09
0 -1.5 1.5 -0.377025 -0.796915 0.218984 8.72776e+09
0.5 -1 1.5 -0.317652 -0.816121 0.266502 1.05785e+10
0 -0.5 1.5 -0.234383 -0.82401 0.315636 8.55164e+09
0.5 0 1.5 -0.169483 -0.823962 0.35941 9.43579e+09
0 0.5 1.5 -0.094067 -0.818837 0.393598 7.3445e+09
0.5 1 1.5 -0.0317389 -0.801147 0.434417 7.53662e+09
0 1.5 1.5 0.0353109 -0.789686 0.453723 5.69625e+09
1 -1.5 1.5 -0.397676 -0.800221 0.207671 1.27611e+10
1.5 -1 1.5 -0.313996 -0.821368 0.263281 1.47097e+10
1 -0.5 1.5 -0.244693 -0.826392 0.313788 1.1892e+10
1.5 0 1.5 -0.166274 -0.824326 0.360411 1.2651e+10
1 0.5 1.5 -0.100385 -0.81403 0.401383 9.80166e+09
1.5 1 1.5 -0.0350864 -0.79556 0.44025 9.79735e+09
1 1.5 1.5 0.0274862 -0.776595 0.471242 7.37764e+09
2 -1.5 1.5 -0.369909 -0.803535 0.216617 1.78789e+10
2.5 -1 1.5 -0.270891 -0.811645 0.282873 2.06142e+10
2 -0.5 1.5 -0.224693 -0.825841 0.318369 1.61503e+10
2.5 0 1.5 -0.141958 -0.811051 0.372454 1.71501e+10
2 0.5 1.5 -0.0926448 -0.809778 0.405179 1.30088e+10
2.5 1 1.5 -0.0209954 -0.778102 0.445004 1.2358e+10
2 1.5 1.5 0.0297132 -0.76493 0.475236 9.13083e+09
