38 159 296
158 160 165 167 189 193 194 195 120 125 126 127
295 297 302 304 326 330 331 332 257 262 263 264
461 164 224
163 165 170 172 193 197 198 199 124 129 130 131
216 218 223 225 253 254 255 259 184 185 190 191
278 152 255
151 153 158 160 183 187 188 189 114 119 120 121
254 256 260 262 285 286 287 293 218 219 220 224
496 159 316
158 160 165 167 189 193 194 195 120 125 126 127
315 317 321 323 346 347 348 354 278 279 280 284
331 179 163 
178 180 184 186 209 210 211 217 141 142 143 147
155 157 162 164 191 192 193 196 122 123 124 129
434 211 363 
210 212 217 219 245 247 248 249 175 178 179 180
355 357 362 364 392 393 394 397 322 323 324 329
41 370 255 
362 364 369 371 398 399 400 403 328 329 330 335
254 256 260 262 285 286 287 293 218 219 220 224
28 156 348 
148 150 155 157 185 186 187 190 116 117 118 123
347 349 354 356 382 384 385 386 312 315 316 317
208 194 301 
187 189 193 195 220 226 227 228 152 157 158 159
300 302 307 309 330 334 335 336 261 266 267 268
37 148 292
147 149 154 156 179 184 185 186 110 116 117 118
291 293 298 300 322 327 328 329 253 259 260 261
445 217 362 
209 211 216 218 247 248 249 253 178 179 184 185
361 363 368 370 392 396 397 398 322 327 328 329
761 299 217 
298 300 305 307 328 333 334 335 259 265 266 267
209 211 216 218 247 248 249 253 178 179 184 185
50 164 295 
163 165 170 172 193 197 198 199 124 129 130 131
287 289 294 296 324 325 326 329 255 256 257 262
714 155 301 
154 156 161 163 185 190 191 192 116 122 123 124
300 302 307 309 330 334 335 336 261 266 267 268
993 354 151 
346 348 353 355 384 385 386 390 315 316 321 322
143 145 150 152 181 182 183 186 112 113 114 119
992 211 363 
210 212 217 219 245 247 248 249 175 178 179 180
355 357 362 364 392 393 394 397 322 323 324 329
944 328 282 
327 329 333 335 360 361 362 368 292 293 294 298
281 283 288 290 314 318 319 320 246 250 251 252
967 299 217 
298 300 305 307 328 333 334 335 259 265 266 267
209 211 216 218 247 248 249 253 178 179 184 185
923 163 296 
155 157 162 164 191 192 193 196 122 123 124 129
295 297 302 304 326 330 331 332 257 262 263 264
654 256 166 
249 251 255 257 280 286 287 288 213 218 219 220
165 167 172 174 195 199 200 201 126 131 132 133
399 165 294 
157 159 164 166 193 194 195 198 124 125 126 131
293 295 300 302 324 328 329 330 255 260 261 262
168 156 232 
148 150 155 157 185 186 187 190 116 117 118 123
231 233 238 240 261 265 266 267 191 196 197 198
294 151 295 
143 145 150 152 181 182 183 186 112 113 114 119
287 289 294 296 324 325 326 329 255 256 257 262
705 228 363
220 222 227 229 257 258 262 263 187 188 189 194
355 357 362 364 392 393 394 397 322 323 324 329
54 163 296 
155 157 162 164 191 192 193 196 122 123 124 129
295 297 302 304 326 330 331 332 257 262 263 264
896 217 362 
209 211 216 218 247 248 249 253 178 179 184 185
361 363 368 370 392 396 397 398 322 327 328 329
47 157 293 
156 158 163 165 187 191 192 193 118 123 124 125
285 287 292 294 322 323 324 327 253 254 255 260
77 369 200
368 370 375 377 398 402 403 404 328 333 334 335
193 195 199 201 227 233 234 235 159 164 165 166
952 325 166 
318 320 324 326 350 356 357 358 282 287 288 289
165 167 172 174 195 199 200 201 126 131 132 133
181 325 166 
318 320 324 326 350 356 357 358 282 287 288 289
165 167 172 174 195 199 200 201 126 131 132 133
522 234 288 
233 235 240 242 263 267 268 269 193 198 199 200
280 282 287 289 318 319 320 323 249 250 251 256
774 119 118 
112 114 118 120 143 149 150 151 76 81 82 83
117 119 123 125 148 149 150 156 81 82 83 87




















