449
-2.5 -1 -1.5 0.702606 -0.0192685 -0.0370447 3.76248e+08
-2.5 0 -1.5 0.647983 0.288515 -0.0557901 5.06224e+08
-2.5 1 -1.5 0.552266 0.49055 -0.0719239 6.67876e+08
-2 -1.5 -1.5 0.633332 -0.24372 -0.00770315 3.41534e+08
-1.5 -1 -1.5 0.577049 -0.172862 -0.0386225 3.99385e+08
-2 -0.5 -1.5 0.663649 0.0913546 -0.0602549 4.58572e+08
-1.5 0 -1.5 0.591583 0.153711 -0.0894254 5.52714e+08
-2 0.5 -1.5 0.589717 0.370142 -0.0783744 6.34463e+08
-1.5 1 -1.5 0.516444 0.409116 -0.112624 7.56005e+08
-2 1.5 -1.5 0.49131 0.553234 -0.0975642 8.28562e+08
-1 -1.5 -1.5 0.349761 -0.379371 0.0512243 3.59676e+08
-0.5 -1 -1.5 0.218788 -0.345128 0.0400902 4.1849e+08
-1 -0.5 -1.5 0.476628 -0.130794 -0.0657346 4.68449e+08
-0.5 0 -1.5 0.329504 -0.108702 -0.0768666 5.46958e+08
-1 0.5 -1.5 0.487351 0.175396 -0.120381 6.45233e+08
-0.5 1 -1.5 0.337724 0.173403 -0.138215 7.29169e+08
-1 1.5 -1.5 0.416098 0.418928 -0.151833 8.47558e+08
0 -1.5 -1.5 -0.0522911 -0.36642 0.189522 3.98382e+08
0.5 -1 -1.5 -0.192744 -0.286957 0.212873 4.78027e+08
0 -0.5 -1.5 0.052588 -0.29397 0.0558611 4.968e+08
0.5 0 -1.5 -0.130744 -0.209373 0.106776 6.0509e+08
0 0.5 -1.5 0.134447 -0.0840323 -0.0538245 6.40218e+08
0.5 1 -1.5 -0.0861658 -0.0261858 0.0193867 7.6754e+08
0 1.5 -1.5 0.13666 0.173442 -0.11522 8.18765e+08
1 -1.5 -1.5 -0.334311 -0.181622 0.313731 4.46562e+08
1.5 -1 -1.5 -0.418283 -0.0682988 0.336391 5.42134e+08
1 -0.5 -1.5 -0.321273 -0.170209 0.255347 5.8866e+08
1.5 0 -1.5 -0.418135 -0.0248758 0.30797 7.38591e+08
1 0.5 -1.5 -0.296753 -0.0826084 0.187841 7.59737e+08
1.5 1 -1.5 -0.410892 0.0756409 0.279341 9.78336e+08
1 1.5 -1.5 -0.280883 0.0813869 0.136607 9.60206e+08
2 -1.5 -1.5 -0.465523 0.0336016 0.364161 4.6299e+08
2.5 -1 -1.5 -0.497124 0.147786 0.372066 5.51952e+08
2 -0.5 -1.5 -0.47291 0.0637938 0.361567 6.6371e+08
2.5 0 -1.5 -0.494785 0.201832 0.383193 8.09268e+08
2 0.5 -1.5 -0.471443 0.13267 0.358262 9.32067e+08
2.5 1 -1.5 -0.481175 0.285759 0.396296 1.16296e+09
2 1.5 -1.5 -0.459573 0.241708 0.358381 1.26875e+09
-2.25 -0.75 -1.25 -0.170006 0.0335856 0.196788 1.27762e+08
-2.25 0.25 -1.25 -0.093685 0.275399 0.097883 1.82896e+08
-2.25 1.25 -1.25 -0.0393253 0.502755 0.0410071 2.62204e+08
-1.75 -1.25 -1.25 -0.270776 -0.212174 0.199608 1.15637e+08
-1.25 -0.75 -1.25 -0.304981 -0.27723 0.0687386 1.44688e+08
-1.75 -0.25 -1.25 -0.154019 -0.0097843 0.0417312 1.5431e+08
-1.25 0.25 -1.25 -0.165929 -0.0519615 -0.0912455 1.87115e+08
-1.75 0.75 -1.25 -0.0677927 0.270311 -0.0371153 2.18582e+08
-1.25 1.25 -1.25 -0.0811933 0.245508 -0.153661 2.54372e+08
-0.75 -1.25 -1.25 -0.493854 -0.360764 0.22171 1.57752e+08
-0.25 -0.75 -1.25 -0.572872 -0.366108 0.185814 2.09999e+08
-0.75 -0.25 -1.25 -0.366677 -0.316752 -0.0201047 1.8416e+08
-0.25 0.25 -1.25 -0.467207 -0.327792 -0.0447558 2.3938e+08
-0.75 0.75 -1.25 -0.230669 -0.0979584 -0.180231 2.27306e+08
-0.25 1.25 -1.25 -0.362107 -0.131682 -0.196009 2.78246e+08
0.25 -1.25 -1.25 -0.677472 -0.236671 0.387795 2.47043e+08
0.75 -0.75 -1.25 -0.729849 -0.175404 0.398432 3.3624e+08
0.25 -0.25 -1.25 -0.657831 -0.323328 0.202236 2.86289e+08
0.75 0.25 -1.25 -0.731736 -0.232199 0.263401 3.97832e+08
0.25 0.75 -1.25 -0.595305 -0.292845 0.00936331 3.19652e+08
0.75 1.25 -1.25 -0.709078 -0.199578 0.127778 4.38947e+08
1.25 -1.25 -1.25 -0.737981 -0.0144967 0.491127 3.46084e+08
1.75 -0.75 -1.25 -0.75562 0.0648234 0.492551 4.52276e+08
1.25 -0.25 -1.25 -0.762939 -0.0805791 0.426635 4.58149e+08
1.75 0.25 -1.25 -0.772113 0.0350284 0.459665 6.13756e+08
1.25 0.75 -1.25 -0.774117 -0.102986 0.345695 5.55041e+08
1.75 1.25 -1.25 -0.776404 0.0459929 0.423907 7.59717e+08
2.25 -1.25 -1.25 -0.742486 0.185398 0.502819 3.94635e+08
2.25 -0.25 -1.25 -0.75528 0.15909 0.495741 5.77441e+08
2.25 0.75 -1.25 -0.75754 0.15927 0.487373 7.93428e+08
-2.5 -1.5 -1 0.649687 -0.130274 0.167801 7.42825e+08
-2.5 -0.5 -1 0.648713 0.172344 0.138034 9.68927e+08
-2.5 0.5 -1 0.576848 0.38445 0.110244 1.23947e+09
-2.5 1.5 -1 0.508768 0.512725 0.072358 1.49221e+09
-1.5 -1.5 -1 0.517201 -0.196323 0.20242 7.9388e+08
-2 -1 -1 0.633679 0.00361123 0.15904 8.97189e+08
-1.5 -0.5 -1 0.573298 0.0940166 0.148495 1.09408e+09
-2 0 -1 0.596006 0.285158 0.131417 1.22894e+09
-1.5 0.5 -1 0.526663 0.355255 0.120856 1.53908e+09
-2 1 -1 0.517326 0.474544 0.102408 1.61507e+09
-1.5 1.5 -1 0.453141 0.525335 0.086873 2.00442e+09
-0.5 -1.5 -1 0.211033 -0.25121 0.277905 8.33987e+08
-1 -1 -1 0.438371 -0.131384 0.19337 9.39259e+08
-0.5 -0.5 -1 0.321317 -0.073617 0.196817 1.12767e+09
-1 0 -1 0.482522 0.152022 0.141087 1.33064e+09
-0.5 0.5 -1 0.36033 0.185051 0.144283 1.60069e+09
-1 1 -1 0.441016 0.38844 0.109006 1.86035e+09
-0.5 1.5 -1 0.32685 0.400581 0.108156 2.16991e+09
0.5 -1.5 -1 -0.0898766 -0.154522 0.360506 8.85392e+08
0 -1 -1 0.0909827 -0.179657 0.28941 9.991e+08
0.5 -0.5 -1 -0.038306 -0.0829083 0.315599 1.2282e+09
0 0 -1 0.173535 -0.0112813 0.220196 1.37562e+09
0.5 0.5 -1 0.0126566 0.0705223 0.265705 1.71181e+09
0 1 -1 0.204387 0.21399 0.170643 1.91908e+09
0.5 1.5 -1 0.0319052 0.263276 0.227252 2.33982e+09
1.5 -1.5 -1 -0.274616 0.0135135 0.39255 8.87676e+08
1 -1 -1 -0.185018 -0.0507743 0.374783 1.07382e+09
1.5 -0.5 -1 -0.262553 0.0716726 0.391191 1.3177e+09
1 0 -1 -0.156708 0.0374909 0.351205 1.53936e+09
1.5 0.5 -1 -0.246136 0.172376 0.38666 1.94262e+09
1 1 -1 -0.130889 0.178885 0.324647 2.17371e+09
1.5 1.5 -1 -0.228919 0.304872 0.380198 2.78484e+09
2.5 -1.5 -1 -0.365709 0.179835 0.37865 8.14873e+08
2 -1 -1 -0.326196 0.12526 0.395239 1.06198e+09
2.5 -0.5 -1 -0.35481 0.243195 0.395003 1.26344e+09
2 0 -1 -0.313987 0.202263 0.404611 1.61459e+09
2.5 0.5 -1 -0.335804 0.330545 0.410958 1.94706e+09
2 1 -1 -0.296664 0.308847 0.412932 2.42763e+09
2.5 1.5 -1 -0.30884 0.436058 0.425464 2.95351e+09
-2.25 -1.25 -0.75 -0.267482 0.0514504 0.474943 2.80676e+08
-2.25 -0.25 -0.75 -0.221506 0.212211 0.384573 3.74833e+08
-2.25 0.75 -0.75 -0.176811 0.40567 0.319333 5.07541e+08
-1.25 -1.25 -0.75 -0.406739 -0.134424 0.420701 3.35756e+08
-1.75 -0.75 -0.75 -0.287661 0.000459084 0.373691 3.36248e+08
-1.25 -0.25 -0.75 -0.325508 -0.0380943 0.288873 4.14016e+08
-1.75 0.25 -0.75 -0.224794 0.201337 0.290823 4.50308e+08
-1.25 0.75 -0.75 -0.247749 0.177239 0.205481 5.40083e+08
-1.75 1.25 -0.75 -0.179426 0.421901 0.239778 6.18999e+08
-0.25 -1.25 -0.75 -0.585847 -0.107197 0.483114 4.89477e+08
-0.75 -0.75 -0.75 -0.475796 -0.162639 0.368241 4.34618e+08
-0.25 -0.25 -0.75 -0.554488 -0.15471 0.348851 5.79135e+08
-0.75 0.25 -0.75 -0.387069 -0.0691301 0.228859 5.18868e+08
-0.25 0.75 -0.75 -0.48021 -0.0831895 0.213753 6.70562e+08
-0.75 1.25 -0.75 -0.310488 0.135138 0.146132 6.48815e+08
0.75 -1.25 -0.75 -0.673326 0.0587992 0.531559 6.67155e+08
0.25 -0.75 -0.75 -0.646752 -0.0697992 0.47433 6.62116e+08
0.75 -0.25 -0.75 -0.692412 -0.000131592 0.480423 9.02519e+08
0.25 0.25 -0.75 -0.63283 -0.107251 0.364994 7.93605e+08
0.75 0.75 -0.75 -0.69258 -0.0201535 0.406694 1.10545e+09
0.25 1.25 -0.75 -0.588075 -0.0556665 0.25477 8.99491e+08
1.75 -1.25 -0.75 -0.701331 0.226972 0.515584 7.45865e+08
1.25 -0.75 -0.75 -0.702572 0.121996 0.520757 8.73995e+08
1.75 -0.25 -0.75 -0.715093 0.200617 0.511612 1.1229e+09
1.25 0.25 -0.75 -0.717244 0.0916495 0.492536 1.2155e+09
1.75 0.75 -0.75 -0.719499 0.196259 0.502433 1.58255e+09
1.25 1.25 -0.75 -0.718757 0.0961902 0.453915 1.5217e+09
2.25 -0.75 -0.75 -0.708453 0.293884 0.495274 9.23069e+08
2.25 0.25 -0.75 -0.710739 0.288105 0.500897 1.39113e+09
2.25 1.25 -0.75 -0.701101 0.305272 0.504974 1.96008e+09
-2.5 -1 -0.5 0.620957 0.0712404 0.300688 1.97072e+09
-2.5 0 -0.5 0.586315 0.286862 0.273528 2.50051e+09
-2.5 1 -0.5 0.533187 0.405424 0.233023 2.9025e+09
-2 -1.5 -0.5 0.566594 -0.0568311 0.334813 1.8247e+09
-1.5 -1 -0.5 0.524146 0.0569033 0.335896 2.23664e+09
-2 -0.5 -0.5 0.579742 0.213083 0.306782 2.51806e+09
-1.5 0 -0.5 0.509611 0.310163 0.310158 3.22369e+09
-2 0.5 -0.5 0.52304 0.402676 0.278325 3.30856e+09
-1.5 1 -0.5 0.455001 0.481449 0.279146 4.3638e+09
-2 1.5 -0.5 0.472987 0.512689 0.236439 3.98031e+09
-1 -1.5 -0.5 0.37875 -0.0942008 0.377709 1.90963e+09
-0.5 -1 -0.5 0.294237 -0.0128716 0.382858 2.31789e+09
-1 -0.5 -0.5 0.444381 0.141282 0.339503 2.77654e+09
-0.5 0 -0.5 0.340879 0.210471 0.348852 3.47709e+09
-1 0.5 -0.5 0.426353 0.376116 0.312943 4.11468e+09
-0.5 1 -0.5 0.330269 0.416079 0.318778 5.16054e+09
-1 1.5 -0.5 0.383256 0.525933 0.277188 5.56243e+09
0 -1.5 -0.5 0.128442 -0.0687066 0.419634 1.93163e+09
0.5 -1 -0.5 0.0436717 0.0267493 0.425033 2.34772e+09
0 -0.5 -0.5 0.189398 0.0740111 0.394906 2.87313e+09
0.5 0 -0.5 0.0808717 0.169134 0.411242 3.61217e+09
0 0.5 -0.5 0.221993 0.271769 0.365841 4.37485e+09
0.5 1 -0.5 0.0998793 0.338106 0.389897 5.52099e+09
0 1.5 -0.5 0.217899 0.447658 0.334692 6.37479e+09
1 -1.5 -0.5 -0.0653418 0.0340164 0.428234 1.85224e+09
1.5 -1 -0.5 -0.124283 0.13738 0.424457 2.21962e+09
1 -0.5 -0.5 -0.037002 0.133497 0.4304 2.88634e+09
1.5 0 -0.5 -0.103021 0.245443 0.432515 3.5423e+09
1 0.5 -0.5 -0.0155234 0.271024 0.426725 4.54989e+09
1.5 1 -0.5 -0.0868753 0.375139 0.435616 5.65106e+09
1 1.5 -0.5 -0.00406396 0.416273 0.414104 6.95109e+09
2 -1.5 -0.5 -0.187003 0.159279 0.402744 1.6507e+09
2.5 -1 -0.5 -0.215605 0.260333 0.389907 1.92474e+09
2 -0.5 -0.5 -0.168095 0.246145 0.417322 2.65032e+09
2.5 0 -0.5 -0.192523 0.353396 0.405543 3.11117e+09
2 0.5 -0.5 -0.147102 0.356111 0.4286 4.2759e+09
2.5 1 -0.5 -0.166083 0.460138 0.417403 5.01001e+09
2 1.5 -0.5 -0.12726 0.476498 0.434857 6.8298e+09
-2.25 -0.75 -0.25 -0.277415 0.191606 0.576485 8.24561e+08
-2.25 0.25 -0.25 -0.248094 0.332833 0.523216 1.06465e+09
-2.25 1.25 -0.25 -0.213381 0.474233 0.47619 1.31377e+09
-1.75 -1.25 -0.25 -0.3409 0.0790365 0.581932 7.87705e+08
-1.25 -0.75 -0.25 -0.392975 0.0539265 0.531685 9.86324e+08
-1.75 -0.25 -0.25 -0.301738 0.181326 0.517304 1.00656e+09
-1.25 0.25 -0.25 -0.340416 0.174764 0.46873 1.24917e+09
-1.75 0.75 -0.25 -0.265914 0.350352 0.47398 1.32178e+09
-1.25 1.25 -0.25 -0.298589 0.34931 0.425501 1.62579e+09
-0.75 -1.25 -0.25 -0.489848 0.0514836 0.574795 1.04672e+09
-0.25 -0.75 -0.25 -0.550652 0.0732898 0.553633 1.39855e+09
-0.75 -0.25 -0.25 -0.456857 0.0537555 0.499978 1.28995e+09
-0.25 0.25 -0.25 -0.524883 0.0765775 0.484954 1.72401e+09
-0.75 0.75 -0.25 -0.39582 0.164105 0.430091 1.56884e+09
-0.25 1.25 -0.25 -0.47235 0.157222 0.413456 2.03005e+09
0.25 -1.25 -0.25 -0.591294 0.160231 0.57276 1.36136e+09
0.75 -0.75 -0.25 -0.627472 0.209767 0.551893 1.77616e+09
0.25 -0.25 -0.25 -0.601316 0.123329 0.541953 1.89609e+09
0.75 0.25 -0.25 -0.636021 0.191562 0.533962 2.54838e+09
0.25 0.75 -0.25 -0.587586 0.124631 0.48692 2.36018e+09
0.75 1.25 -0.25 -0.628654 0.200903 0.499362 3.23406e+09
1.25 -1.25 -0.25 -0.639065 0.290151 0.529119 1.46733e+09
1.75 -0.75 -0.25 -0.655071 0.346169 0.501607 1.82278e+09
1.25 -0.25 -0.25 -0.649751 0.272614 0.531157 2.28238e+09
1.75 0.25 -0.25 -0.657153 0.343429 0.508942 2.83597e+09
1.25 0.75 -0.25 -0.651725 0.271651 0.524858 3.31612e+09
1.75 1.25 -0.25 -0.648885 0.358729 0.511157 4.11412e+09
2.25 -1.25 -0.25 -0.656951 0.40927 0.45923 1.36195e+09
2.25 -0.25 -0.25 -0.657751 0.408519 0.472952 2.19163e+09
2.25 0.75 -0.25 -0.649593 0.418882 0.483984 3.35879e+09
-2.5 -1.5 0 0.568228 -0.0142439 0.421053 4.15648e+09
-2.5 -0.5 0 0.584355 0.207648 0.396681 5.3401e+09
-2.5 0.5 0 0.553772 0.320575 0.361704 6.21754e+09
-2.5 1.5 0 0.531661 0.356955 0.316123 6.46945e+09
-1.5 -1.5 0 0.457804 0.0353835 0.462957 4.56145e+09
-2 -1 0 0.545764 0.155397 0.434853 5.25454e+09
-1.5 -0.5 0 0.484126 0.27769 0.444455 6.85233e+09
-2 0 0 0.522506 0.35008 0.411124 7.1934e+09
-1.5 0.5 0 0.445886 0.449626 0.419856 9.69095e+09
-2 1 0 0.486356 0.448196 0.373374 8.57834e+09
-1.5 1.5 0 0.418198 0.542871 0.379635 1.2088e+10
-0.5 -1.5 0 0.281735 0.0369246 0.479743 4.53275e+09
-1 -1 0 0.402873 0.143674 0.467668 5.69949e+09
-0.5 -0.5 0 0.324176 0.233952 0.471865 7.24138e+09
-1 0 0 0.402292 0.365019 0.45103 8.96129e+09
-0.5 0.5 0 0.315936 0.432748 0.454843 1.17237e+10
-1 1 0 0.369884 0.521033 0.423391 1.31095e+10
-0.5 1.5 0 0.295629 0.566326 0.422544 1.72602e+10
0.5 -1.5 0 0.118639 0.0838775 0.46815 4.18562e+09
0 -1 0 0.218356 0.132663 0.478669 5.57196e+09
0.5 -0.5 0 0.149967 0.227709 0.474407 6.90337e+09
0 0 0 0.238126 0.316626 0.47419 9.25175e+09
0.5 0.5 0 0.157069 0.393862 0.472272 1.17302e+10
0 1 0 0.229982 0.485177 0.455941 1.5104e+10
0.5 1.5 0 0.151541 0.53393 0.454065 1.89997e+10
1.5 -1.5 0 -0.00373649 0.161028 0.431355 3.61504e+09
1 -1 0 0.0662227 0.179302 0.458314 5.03724e+09
1.5 -0.5 0 0.0201997 0.275952 0.444139 6.04218e+09
1 0 0 0.087074 0.320566 0.465388 8.50897e+09
1.5 0.5 0 0.0376427 0.40898 0.450557 1.02855e+10
1 1 0 0.090976 0.467002 0.463715 1.4525e+10
1.5 1.5 0 0.044254 0.538664 0.448561 1.7414e+10
2.5 -1.5 0 -0.0828065 0.247506 0.377747 2.92764e+09
2 -1 0 -0.0369208 0.254558 0.413816 4.2349e+09
2.5 -0.5 0 -0.0577058 0.346298 0.392504 4.88335e+09
2 0 0 -0.0132147 0.369314 0.425207 7.12569e+09
2.5 0.5 0 -0.0303894 0.456269 0.401686 8.15609e+09
2 1 0 0.00632547 0.491999 0.42992 1.20443e+10
2.5 1.5 0 -0.00412255 0.56673 0.402805 1.34753e+10
-2.25 -1.25 0.25 -0.284517 0.211956 0.682962 1.89485e+09
-2.25 -0.25 0.25 -0.264979 0.294979 0.650072 2.33332e+09
-2.25 0.75 0.25 -0.235846 0.402161 0.613307 2.74321e+09
-1.25 -1.25 0.25 -0.396693 0.193987 0.651987 2.36963e+09
-1.75 -0.75 0.25 -0.31958 0.215897 0.649637 2.32389e+09
-1.25 -0.25 0.25 -0.366469 0.223417 0.616826 2.98934e+09
-1.75 0.25 0.25 -0.29053 0.317212 0.616742 2.97331e+09
-1.25 0.75 0.25 -0.32441 0.339352 0.58785 3.79177e+09
-1.75 1.25 0.25 -0.262582 0.441409 0.589966 3.66703e+09
-0.25 -1.25 0.25 -0.498552 0.265797 0.612298 2.91286e+09
-0.75 -0.75 0.25 -0.448838 0.213117 0.624538 3.08912e+09
-0.25 -0.25 0.25 -0.497407 0.254284 0.602272 4.17774e+09
-0.75 0.25 0.25 -0.418433 0.250448 0.593351 3.97677e+09
-0.25 0.75 0.25 -0.469821 0.286013 0.570873 5.31499e+09
-0.75 1.25 0.25 -0.369395 0.350068 0.556515 4.84869e+09
0.75 -1.25 0.25 -0.558769 0.362709 0.544956 2.99748e+09
0.25 -0.75 0.25 -0.535437 0.308263 0.584597 3.77025e+09
0.75 -0.25 0.25 -0.561899 0.361422 0.554377 4.83201e+09
0.25 0.25 0.25 -0.534188 0.310401 0.579388 5.61046e+09
0.75 0.75 0.25 -0.55598 0.373914 0.553515 7.27525e+09
0.25 1.25 0.25 -0.512832 0.336943 0.554136 7.20361e+09
1.75 -1.25 0.25 -0.591999 0.456734 0.460292 2.71371e+09
1.25 -0.75 0.25 -0.579847 0.411565 0.511248 3.72754e+09
1.75 -0.25 0.25 -0.589507 0.465077 0.475475 4.50674e+09
1.25 0.25 0.25 -0.576544 0.419904 0.521592 6.00716e+09
1.75 0.75 0.25 -0.579058 0.4803 0.486569 7.13722e+09
1.25 1.25 0.25 -0.564304 0.439933 0.524413 9.01592e+09
2.25 -0.75 0.25 -0.59753 0.505552 0.423151 3.21013e+09
2.25 0.25 0.25 -0.587766 0.519733 0.438236 5.21258e+09
2.25 1.25 0.25 -0.567941 0.542714 0.447545 7.9595e+09
-2.5 -1 0.5 0.573453 0.141329 0.47782 1.16871e+10
-2.5 0 0.5 0.572153 0.266319 0.447122 1.41428e+10
-2.5 1 0.5 0.564886 0.286819 0.404432 1.48739e+10
-2 -1.5 0.5 0.499202 0.0966892 0.51596 1.08701e+10
-1.5 -1 0.5 0.456655 0.246945 0.52743 1.40456e+10
-2 -0.5 0.5 0.517525 0.316479 0.499596 1.5793e+10
-1.5 0 0.5 0.439334 0.436196 0.511393 2.18585e+10
-2 0.5 0.5 0.501605 0.414476 0.465503 1.99056e+10
-1.5 1 0.5 0.420863 0.524442 0.476342 2.83244e+10
-2 1.5 0.5 0.500772 0.434109 0.419889 2.10969e+10
-1 -1.5 0.5 0.377701 0.123976 0.529824 1.10274e+10
-0.5 -1 0.5 0.332703 0.229916 0.52623 1.38202e+10
-1 -0.5 0.5 0.392454 0.356181 0.531158 1.8617e+10
-0.5 0 0.5 0.322583 0.436747 0.527236 2.45735e+10
-1 0.5 0.5 0.359627 0.518432 0.514187 3.00107e+10
-0.5 1 0.5 0.288878 0.581641 0.508234 4.08575e+10
-1 1.5 0.5 0.346119 0.606753 0.477086 4.10497e+10
0 -1.5 0.5 0.256391 0.13734 0.507262 9.97005e+09
0.5 -1 0.5 0.217272 0.230751 0.493592 1.21238e+10
0 -0.5 0.5 0.27931 0.320885 0.516411 1.74193e+10
0.5 0 0.5 0.226898 0.401892 0.499916 2.1719e+10
0 0.5 0.5 0.258395 0.503107 0.515512 3.18323e+10
0.5 1 0.5 0.208618 0.556852 0.49455 3.96635e+10
0 1.5 0.5 0.234739 0.624861 0.492421 5.31731e+10
1 -1.5 0.5 0.154477 0.17498 0.462995 8.42884e+09
1.5 -1 0.5 0.125376 0.262599 0.441828 9.94899e+09
1 -0.5 0.5 0.177796 0.319131 0.474241 1.46792e+10
1.5 0 0.5 0.145265 0.400492 0.449364 1.74635e+10
1 0.5 0.5 0.18354 0.473278 0.476525 2.64421e+10
1.5 1 0.5 0.153022 0.537443 0.447907 3.11247e+10
1 1.5 0.5 0.171535 0.606403 0.467918 4.75767e+10
2 -1.5 0.5 0.0782547 0.226602 0.404552 6.72014e+09
2.5 -1 0.5 0.0635931 0.308348 0.378665 7.67088e+09
2 -0.5 0.5 0.102984 0.346222 0.416187 1.15759e+10
2.5 0 0.5 0.0915577 0.422695 0.386997 1.31057e+10
2 0.5 0.5 0.124472 0.473797 0.420065 2.01585e+10
2.5 1 0.5 0.118048 0.53762 0.386303 2.22487e+10
2 1.5 0.5 0.138833 0.593923 0.413525 3.48528e+10
-2.25 -0.75 0.75 -0.243028 0.293913 0.718088 5.22653e+09
-2.25 0.25 0.75 -0.214398 0.360758 0.693711 5.92696e+09
-2.25 1.25 0.75 -0.176247 0.443134 0.665873 6.35459e+09
-1.75 -1.25 0.75 -0.310171 0.285235 0.709849 5.49948e+09
-1.25 -0.75 0.75 -0.342243 0.322011 0.684932 6.97387e+09
-1.75 -0.25 0.75 -0.273619 0.330947 0.696604 6.8278e+09
-1.25 0.25 0.75 -0.311291 0.364668 0.67154 9.06477e+09
-1.75 0.75 0.75 -0.240735 0.410528 0.675014 8.14609e+09
-1.25 1.25 0.75 -0.262706 0.456911 0.651468 1.10001e+10
-0.75 -1.25 0.75 -0.399057 0.35019 0.651457 6.39846e+09
-0.25 -0.75 0.75 -0.429213 0.395574 0.620702 8.18405e+09
-0.75 -0.25 0.75 -0.382205 0.362982 0.657252 9.28454e+09
-0.25 0.25 0.75 -0.416706 0.414738 0.62696 1.25799e+10
-0.75 0.75 0.75 -0.344964 0.413114 0.644191 1.22192e+10
-0.25 1.25 0.75 -0.376761 0.46123 0.611736 1.62215e+10
0.25 -1.25 0.75 -0.463125 0.427048 0.568471 6.2647e+09
0.75 -0.75 0.75 -0.485207 0.473128 0.531114 7.7848e+09
0.25 -0.25 0.75 -0.454661 0.444463 0.585007 1.0438e+10
0.75 0.25 0.75 -0.470731 0.498334 0.544174 1.29952e+10
0.25 0.75 0.75 -0.435579 0.475596 0.589352 1.63155e+10
0.75 1.25 0.75 -0.447468 0.531576 0.548447 2.0284e+10
1.25 -1.25 0.75 -0.508271 0.500793 0.473085 5.53172e+09
1.75 -0.75 0.75 -0.517319 0.547105 0.43163 6.60391e+09
1.25 -0.25 0.75 -0.497652 0.523234 0.48969 9.47241e+09
1.75 0.25 0.75 -0.50072 0.572306 0.446527 1.10803e+10
1.25 0.75 0.75 -0.477912 0.55107 0.501108 1.55483e+10
1.75 1.25 0.75 -0.474663 0.601323 0.453854 1.73977e+10
2.25 -1.25 0.75 -0.531745 0.568087 0.372651 4.48421e+09
2.25 -0.25 0.75 -0.517051 0.592358 0.38914 7.5941e+09
2.25 0.75 0.75 -0.493953 0.618412 0.40081 1.21882e+10
-2.5 -1.5 1 0.549375 0.0747217 0.525788 2.51618e+10
-2.5 -0.5 1 0.58841 0.232531 0.495033 3.30246e+10
-2.5 0.5 1 0.596201 0.241033 0.44947 3.55884e+10
-2.5 1.5 1 0.603161 0.237457 0.414536 3.65735e+10
-1.5 -1.5 1 0.448714 0.174766 0.560893 2.66191e+10
-2 -1 1 0.511506 0.272044 0.547826 3.29673e+10
-1.5 -0.5 1 0.439192 0.423631 0.562166 4.57807e+10
-2 0 1 0.510077 0.41105 0.521424 4.68593e+10
-1.5 0.5 1 0.423513 0.529547 0.532822 6.81556e+10
-2 1 1 0.531244 0.410909 0.469714 5.1714e+10
-1.5 1.5 1 0.447984 0.545354 0.482296 7.66325e+10
-0.5 -1.5 1 0.357782 0.171625 0.539967 2.39406e+10
-1 -1 1 0.410477 0.299565 0.56 3.42026e+10
-0.5 -0.5 1 0.365375 0.393859 0.549522 4.4087e+10
-1 0 1 0.369026 0.519361 0.561313 6.39483e+10
-0.5 0.5 1 0.311989 0.582075 0.548016 8.59662e+10
-1 1 1 0.343094 0.613412 0.531976 9.7849e+10
-0.5 1.5 1 0.283964 0.674769 0.518074 1.38294e+11
0.5 -1.5 1 0.279948 0.184407 0.494544 2.00822e+10
0 -1 1 0.329851 0.271373 0.525596 2.95342e+10
0.5 -0.5 1 0.298409 0.358087 0.504387 3.63428e+10
0 0 1 0.321499 0.469311 0.530694 5.60597e+10
0.5 0.5 1 0.284949 0.531466 0.503485 6.92115e+10
0 1 1 0.274549 0.627184 0.522434 1.08967e+11
0.5 1.5 1 0.249783 0.664921 0.49005 1.32119e+11
1.5 -1.5 1 0.216998 0.208802 0.434402 1.59303e+10
1 -1 1 0.25872 0.2715 0.471832 2.39899e+10
1.5 -0.5 1 0.23906 0.351561 0.443556 2.82885e+10
1 0 1 0.269845 0.43361 0.476371 4.38792e+10
1.5 0.5 1 0.250263 0.498846 0.443426 5.1467e+10
1 1 1 0.259656 0.584328 0.470356 8.26176e+10
1.5 1.5 1 0.249048 0.627691 0.431497 9.34471e+10
2.5 -1.5 1 0.171122 0.24075 0.365669 1.19967e+10
2 -1 1 0.204174 0.288225 0.406281 1.8402e+10
2.5 -0.5 1 0.198635 0.360865 0.374988 2.07851e+10
2 0 1 0.227031 0.422858 0.411305 3.25347e+10
2.5 0.5 1 0.226049 0.4826 0.375607 3.58996e+10
2 1 1 0.243456 0.552412 0.405981 5.75766e+10
2.5 1.5 1 0.249282 0.595941 0.364554 6.09853e+10
-2.25 -1.25 1.25 -0.177892 0.310919 0.72327 1.54854e+10
-2.25 -0.25 1.25 -0.09947 0.36201 0.702101 1.674e+10
-2.25 0.75 1.25 -0.0662488 0.418726 0.67704 1.77752e+10
-1.25 -1.25 1.25 -0.254259 0.388832 0.672148 1.80961e+10
-1.75 -0.75 1.25 -0.188298 0.385049 0.707414 2.02583e+10
-1.25 -0.25 1.25 -0.208363 0.449302 0.683996 2.6865e+10
-1.75 0.25 1.25 -0.145068 0.431114 0.69311 2.45713e+10
-1.25 0.75 1.25 -0.16291 0.489695 0.667733 3.35358e+10
-1.75 1.25 1.25 -0.100434 0.492875 0.66749 2.72333e+10
-0.25 -1.25 1.25 -0.319396 0.456521 0.586993 1.73277e+10
-0.75 -0.75 1.25 -0.271902 0.45236 0.643445 2.33327e+10
-0.25 -0.25 1.25 -0.290631 0.507129 0.607237 2.97226e+10
-0.75 0.25 1.25 -0.236233 0.503074 0.652704 3.63291e+10
-0.25 0.75 1.25 -0.253384 0.560526 0.6124 4.76205e+10
-0.75 1.25 1.25 -0.185723 0.562382 0.63943 4.90033e+10
0.75 -1.25 1.25 -0.373123 0.517408 0.48666 1.50266e+10
0.25 -0.75 1.25 -0.337338 0.510201 0.54917 2.15752e+10
0.75 -0.25 1.25 -0.349939 0.562264 0.504946 2.64378e+10
0.25 0.25 1.25 -0.305863 0.559692 0.563543 3.71576e+10
0.75 0.75 1.25 -0.311533 0.615566 0.515936 4.54724e+10
0.25 1.25 1.25 -0.261403 0.619153 0.566348 6.10215e+10
1.75 -1.25 1.25 -0.408314 0.572528 0.378886 1.21304e+10
1.25 -0.75 1.25 -0.383122 0.567328 0.44233 1.80979e+10
1.75 -0.25 1.25 -0.383505 0.616787 0.39564 2.12508e+10
1.25 0.25 1.25 -0.352495 0.615212 0.457435 3.15996e+10
1.75 0.75 1.25 -0.346314 0.660264 0.407388 3.54686e+10
1.25 1.25 1.25 -0.308944 0.662517 0.464037 5.1796e+10
2.25 -0.75 1.25 -0.406803 0.61854 0.333246 1.40396e+10
2.25 0.25 1.25 -0.37483 0.659237 0.347786 2.35946e+10
2.25 1.25 1.25 -0.329296 0.700115 0.35392 3.71507e+10
-2.5 -1 1.5 0.205037 0.265429 0.612232 5.45662e+10
-2.5 0 1.5 0.293972 0.263756 0.554887 6.20187e+10
-2.5 1 1.5 0.332748 0.284441 0.515491 6.82463e+10
-2 -1.5 1.5 0.0478725 0.300008 0.653476 4.92783e+10
-1.5 -1 1.5 0.0272503 0.390648 0.644778 6.40062e+10
-2 -0.5 1.5 0.164104 0.405999 0.619641 7.36566e+10
-1.5 0 1.5 0.10362 0.522613 0.621694 1.0693e+11
-2 0.5 1.5 0.229056 0.397392 0.567496 8.78168e+10
-1.5 1 1.5 0.1758 0.517973 0.56727 1.29442e+11
-2 1.5 1.5 0.274696 0.40661 0.522166 9.68748e+10
-1 -1.5 1.5 -0.0742284 0.339587 0.629075 4.88521e+10
-0.5 -1 1.5 -0.0940233 0.411108 0.607368 6.1768e+10
-1 -0.5 1.5 -0.00532106 0.461853 0.628762 8.42837e+10
-0.5 0 1.5 -0.0353157 0.51959 0.605071 1.09879e+11
-1 0.5 1.5 0.0558545 0.588485 0.608324 1.50906e+11
-0.5 1 1.5 0.0169097 0.622948 0.582882 1.94269e+11
-1 1.5 1.5 0.111614 0.615163 0.560663 1.94086e+11
0 -1.5 1.5 -0.159939 0.386785 0.56995 4.4183e+10
0.5 -1 1.5 -0.175407 0.446979 0.539255 5.43585e+10
0 -0.5 1.5 -0.114072 0.472982 0.579017 7.80384e+10
0.5 0 1.5 -0.132292 0.528126 0.544092 9.67367e+10
0 0.5 1.5 -0.0627974 0.568493 0.573597 1.39404e+11
0.5 1 1.5 -0.0802781 0.617732 0.536466 1.72434e+11
0 1.5 1.5 -0.0106212 0.663129 0.551694 2.45983e+11
1 -1.5 1.5 -0.221712 0.433672 0.492423 3.72124e+10
1.5 -1 1.5 -0.231342 0.487959 0.455676 4.43378e+10
1 -0.5 1.5 -0.188349 0.502887 0.502989 6.59549e+10
1.5 0 1.5 -0.193227 0.556768 0.463252 7.80763e+10
1 0.5 1.5 -0.142176 0.58177 0.504725 1.16911e+11
1.5 1 1.5 -0.1411 0.626158 0.461467 1.33236e+11
1 1.5 1.5 -0.085114 0.658083 0.493478 1.99609e+11
2 -1.5 1.5 -0.264012 0.479188 0.405202 2.94636e+10
2.5 -1 1.5 -0.263573 0.528635 0.366502 3.37786e+10
2 -0.5 1.5 -0.233051 0.539999 0.416323 5.15778e+10
2.5 0 1.5 -0.225132 0.584411 0.375554 5.72349e+10
2 0.5 1.5 -0.187966 0.602032 0.421012 8.77133e+10
2.5 1 1.5 -0.173082 0.640229 0.375863 9.25851e+10
2 1.5 1.5 -0.129702 0.663783 0.41377 1.41716e+11
