449
-2.5 -1 -1.5 0.527411 -0.0959454 0.164783 8.0618e+08
-2.5 0 -1.5 0.523017 -0.0481293 0.160487 7.06487e+08
-2.5 1 -1.5 0.507366 0.00886641 0.172828 6.0583e+08
-2 -1.5 -1.5 0.546828 0.0246915 0.133355 1.13245e+09
-1.5 -1 -1.5 0.546226 0.20356 0.104726 1.51053e+09
-2 -0.5 -1.5 0.541242 0.0686436 0.114693 1.02751e+09
-1.5 0 -1.5 0.537926 0.254361 0.0862075 1.38189e+09
-2 0.5 -1.5 0.532321 0.127248 0.112273 9.07164e+08
-1.5 1 -1.5 0.517737 0.308816 0.0840208 1.21865e+09
-2 1.5 -1.5 0.505269 0.184201 0.126857 7.81528e+08
-1 -1.5 -1.5 0.534448 0.349422 0.132021 2.22318e+09
-0.5 -1 -1.5 0.49116 0.504668 0.1373 3.181e+09
-1 -0.5 -1.5 0.524907 0.385968 0.0972421 2.12167e+09
-0.5 0 -1.5 0.477312 0.539267 0.0987227 2.98917e+09
-1 0.5 -1.5 0.50759 0.429784 0.0758129 1.91928e+09
-0.5 1 -1.5 0.455913 0.566682 0.0718758 2.6752e+09
-1 1.5 -1.5 0.477474 0.464106 0.0699072 1.68038e+09
0 -1.5 -1.5 0.448028 0.573899 0.185948 4.35409e+09
0.5 -1 -1.5 0.390143 0.639008 0.17765 5.58727e+09
0 -0.5 -1.5 0.432476 0.615477 0.137478 4.34733e+09
0.5 0 -1.5 0.375397 0.683676 0.126465 5.56298e+09
0 0.5 -1.5 0.417794 0.646341 0.0954159 4.07657e+09
0.5 1 -1.5 0.359025 0.70597 0.0816653 5.16839e+09
0 1.5 -1.5 0.396441 0.65595 0.0633136 3.61696e+09
1 -1.5 -1.5 0.351225 0.61578 0.225222 6.46967e+09
1.5 -1 -1.5 0.282418 0.638253 0.224965 7.68493e+09
1 -0.5 -1.5 0.335563 0.676684 0.165623 6.75158e+09
1.5 0 -1.5 0.279987 0.693436 0.162791 7.74188e+09
1 0.5 -1.5 0.323933 0.71536 0.110353 6.54797e+09
1.5 1 -1.5 0.278629 0.71607 0.106872 7.16667e+09
1 1.5 -1.5 0.307825 0.718872 0.063725 5.87998e+09
2 -1.5 -1.5 0.202964 0.571809 0.295318 8.15894e+09
2.5 -1 -1.5 0.103974 0.600234 0.326662 9.83012e+09
2 -0.5 -1.5 0.204842 0.653749 0.242491 8.96687e+09
2.5 0 -1.5 0.129458 0.674594 0.282209 1.06078e+10
2 0.5 -1.5 0.222934 0.699222 0.186214 8.72653e+09
2.5 1 -1.5 0.177159 0.707528 0.236886 1.00401e+10
2 1.5 -1.5 0.24507 0.697899 0.137603 7.6503e+09
-2.25 -0.75 -1.25 0.00669184 0.491391 0.434799 3.68927e+08
-2.25 0.25 -1.25 0.0635723 0.586399 0.405793 3.58185e+08
-2.25 1.25 -1.25 0.110818 0.67471 0.381842 3.48024e+08
-1.75 -1.25 -1.25 -0.0340729 0.503077 0.422306 5.18578e+08
-1.25 -0.75 -1.25 -0.0285258 0.607313 0.383535 7.45568e+08
-1.75 -0.25 -1.25 0.0217322 0.594989 0.384507 5.08634e+08
-1.25 0.25 -1.25 0.0220462 0.699296 0.343453 7.47791e+08
-1.75 0.75 -1.25 0.0692681 0.6883 0.354421 5.03614e+08
-1.25 1.25 -1.25 0.053099 0.777245 0.311394 7.39698e+08
-0.75 -1.25 -1.25 -0.0933568 0.618628 0.402954 1.12186e+09
-0.25 -0.75 -1.25 -0.114112 0.699775 0.375369 1.70669e+09
-0.75 -0.25 -1.25 -0.0361612 0.707732 0.35193 1.14164e+09
-0.25 0.25 -1.25 -0.0701584 0.781176 0.327775 1.72931e+09
-0.75 0.75 -1.25 -0.00225068 0.784424 0.31195 1.13098e+09
-0.25 1.25 -1.25 -0.0433793 0.844468 0.279932 1.69111e+09
0.25 -1.25 -1.25 -0.198506 0.643593 0.395024 2.13935e+09
0.75 -0.75 -1.25 -0.245093 0.658801 0.361274 2.58655e+09
0.25 -0.25 -1.25 -0.155607 0.748568 0.349563 2.37447e+09
0.75 0.25 -1.25 -0.210797 0.770793 0.317346 2.95805e+09
0.25 0.75 -1.25 -0.120482 0.827643 0.298601 2.46839e+09
0.75 1.25 -1.25 -0.186857 0.847042 0.263771 3.11373e+09
1.25 -1.25 -1.25 -0.331254 0.499269 0.363597 2.45606e+09
1.75 -0.75 -1.25 -0.399919 0.465219 0.345751 2.71288e+09
1.25 -0.25 -1.25 -0.304727 0.648074 0.328335 2.85152e+09
1.75 0.25 -1.25 -0.384517 0.610872 0.318446 2.96521e+09
1.25 0.75 -1.25 -0.287116 0.762206 0.289318 3.2208e+09
1.75 1.25 -1.25 -0.379347 0.716598 0.285841 3.15598e+09
2.25 -1.25 -1.25 -0.510534 0.302285 0.39193 2.98743e+09
2.25 -0.25 -1.25 -0.475667 0.44251 0.36394 3.07577e+09
2.25 0.75 -1.25 -0.456949 0.565901 0.349103 3.11368e+09
-2.5 -1.5 -1 0.531815 -0.196623 0.307297 1.91438e+09
-2.5 -0.5 -1 0.517063 -0.186373 0.314811 1.699e+09
-2.5 0.5 -1 0.491211 -0.176396 0.331172 1.47207e+09
-2.5 1.5 -1 0.446443 -0.165581 0.355858 1.25655e+09
-1.5 -1.5 -1 0.560512 0.0413959 0.254585 3.23862e+09
-2 -1 -1 0.546198 -0.0851233 0.271707 2.33398e+09
-1.5 -0.5 -1 0.55279 0.0482158 0.242219 2.96497e+09
-2 0 -1 0.53207 -0.074072 0.274726 2.07218e+09
-1.5 0.5 -1 0.540741 0.0630837 0.239865 2.64337e+09
-2 1 -1 0.505536 -0.0608218 0.28766 1.79874e+09
-1.5 1.5 -1 0.51157 0.072478 0.248024 2.29168e+09
-0.5 -1.5 -1 0.528547 0.353594 0.270859 6.40684e+09
-1 -1 -1 0.552992 0.191999 0.240072 4.31951e+09
-0.5 -0.5 -1 0.533752 0.350888 0.232499 6.10247e+09
-1 0 -1 0.55035 0.201699 0.220071 3.973e+09
-0.5 0.5 -1 0.530288 0.3524 0.203491 5.47912e+09
-1 1 -1 0.536232 0.210042 0.210855 3.50918e+09
-0.5 1.5 -1 0.515953 0.342208 0.18579 4.77635e+09
0.5 -1.5 -1 0.420261 0.577801 0.324379 1.31677e+10
0 -1 -1 0.486186 0.491797 0.272682 9.32543e+09
0.5 -0.5 -1 0.434561 0.588995 0.266829 1.28877e+10
0 0 -1 0.495121 0.489022 0.225615 8.62695e+09
0.5 0.5 -1 0.452508 0.588253 0.211642 1.19571e+10
0 1 -1 0.497968 0.475518 0.186711 7.63962e+09
0.5 1.5 -1 0.464867 0.563317 0.164817 1.05188e+10
1.5 -1.5 -1 0.293569 0.636509 0.373097 2.11915e+10
1 -1 -1 0.365912 0.633942 0.317326 1.74093e+10
1.5 -0.5 -1 0.317774 0.675165 0.30873 2.22752e+10
1 0 -1 0.392257 0.651389 0.251971 1.70287e+10
1.5 0.5 -1 0.358828 0.687384 0.238372 2.14064e+10
1 1 -1 0.417762 0.644992 0.191088 1.56708e+10
1.5 1.5 -1 0.397793 0.665315 0.171845 1.89537e+10
2.5 -1.5 -1 0.150766 0.634667 0.420741 2.71277e+10
2 -1 -1 0.231032 0.668345 0.371109 2.65946e+10
2.5 -0.5 -1 0.176824 0.700106 0.371568 3.27422e+10
2 0 -1 0.274151 0.705155 0.30534 2.77098e+10
2.5 0.5 -1 0.237815 0.732636 0.30634 3.37114e+10
2 1 -1 0.332851 0.708814 0.233236 2.58826e+10
2.5 1.5 -1 0.316427 0.727413 0.236188 3.06143e+10
-2.25 -1.25 -0.75 -0.0745237 0.423213 0.581762 7.97354e+08
-2.25 -0.25 -0.75 -0.023235 0.504985 0.560409 7.73961e+08
-2.25 0.75 -0.75 0.030949 0.58238 0.537538 7.46841e+08
-1.25 -1.25 -0.75 -0.0978009 0.495873 0.547401 1.44756e+09
-1.75 -0.75 -0.75 -0.0591842 0.498797 0.548097 1.04426e+09
-1.25 -0.25 -0.75 -0.0515807 0.577464 0.517689 1.42734e+09
-1.75 0.25 -0.75 -0.00954424 0.581072 0.522933 1.02114e+09
-1.25 0.75 -0.75 -0.00271402 0.659567 0.483189 1.41886e+09
-1.75 1.25 -0.75 0.0416484 0.655678 0.49232 9.95258e+08
-0.25 -1.25 -0.75 -0.156837 0.580574 0.538437 3.15145e+09
-0.75 -0.75 -0.75 -0.0975158 0.576764 0.523386 2.06995e+09
-0.25 -0.25 -0.75 -0.101294 0.662479 0.49149 3.18073e+09
-0.75 0.25 -0.75 -0.0484692 0.660833 0.482703 2.08058e+09
-0.25 0.75 -0.75 -0.0639774 0.730987 0.448043 3.0975e+09
-0.75 1.25 -0.75 -0.00927433 0.7311 0.440908 2.0453e+09
0.75 -1.25 -0.75 -0.265791 0.580985 0.524668 5.97752e+09
0.25 -0.75 -0.75 -0.178932 0.648907 0.508666 4.84179e+09
0.75 -0.25 -0.75 -0.214826 0.686001 0.480426 6.59326e+09
0.25 0.25 -0.75 -0.128744 0.724939 0.462006 4.79097e+09
0.75 0.75 -0.75 -0.16941 0.768269 0.42328 6.78923e+09
0.25 1.25 -0.75 -0.0882696 0.787762 0.405173 4.56614e+09
1.75 -1.25 -0.75 -0.390528 0.464999 0.503678 7.44129e+09
1.25 -0.75 -0.75 -0.303534 0.588922 0.493096 7.12541e+09
1.75 -0.25 -0.75 -0.348366 0.582417 0.463489 8.01376e+09
1.25 0.25 -0.75 -0.262161 0.699696 0.445276 7.99625e+09
1.75 0.75 -0.75 -0.313021 0.690707 0.414067 8.70756e+09
1.25 1.25 -0.75 -0.219573 0.784617 0.380653 8.33528e+09
2.25 -0.75 -0.75 -0.434431 0.482583 0.485667 9.00611e+09
2.25 0.25 -0.75 -0.389232 0.584733 0.444461 9.1687e+09
2.25 1.25 -0.75 -0.350246 0.670114 0.395696 9.09368e+09
-2.5 -1 -0.5 0.545066 -0.248963 0.389516 4.59523e+09
-2.5 0 -0.5 0.511449 -0.264053 0.408934 4.0816e+09
-2.5 1 -0.5 0.459759 -0.282743 0.432475 3.55001e+09
-2 -1.5 -0.5 0.579438 -0.154739 0.356737 6.04219e+09
-1.5 -1 -0.5 0.585631 -0.0526921 0.339844 7.4674e+09
-2 -0.5 -0.5 0.558922 -0.170164 0.365153 5.49505e+09
-1.5 0 -0.5 0.567953 -0.0765997 0.340714 6.77016e+09
-2 0.5 -0.5 0.524932 -0.191885 0.378943 4.86164e+09
-1.5 1 -0.5 0.537683 -0.101653 0.347233 5.9823e+09
-2 1.5 -0.5 0.471908 -0.215118 0.397381 4.21481e+09
-1 -1.5 -0.5 0.587435 0.0902326 0.338766 1.02701e+10
-0.5 -1 -0.5 0.568499 0.22244 0.333752 1.38883e+10
-1 -0.5 -0.5 0.583742 0.061747 0.323933 9.58527e+09
-0.5 0 -0.5 0.577412 0.193677 0.306712 1.29758e+10
-1 0.5 -0.5 0.574306 0.0360177 0.314922 8.69719e+09
-0.5 1 -0.5 0.575451 0.15892 0.286643 1.15568e+10
-1 1.5 -0.5 0.549672 0.00402863 0.312464 7.62956e+09
0 -1.5 -0.5 0.517881 0.404118 0.371908 2.09019e+10
0.5 -1 -0.5 0.469165 0.529147 0.370029 3.1424e+10
0 -0.5 -0.5 0.544423 0.364271 0.326078 2.00149e+10
0.5 0 -0.5 0.509297 0.491758 0.312925 2.87582e+10
0 0.5 -0.5 0.561778 0.326498 0.286949 1.79733e+10
0.5 1 -0.5 0.542286 0.442311 0.262036 2.5481e+10
0 1.5 -0.5 0.569068 0.275056 0.256117 1.5721e+10
1 -1.5 -0.5 0.370425 0.629627 0.422934 4.6233e+10
1.5 -1 -0.5 0.318107 0.682463 0.409495 6.33943e+10
1 -0.5 -0.5 0.420551 0.616243 0.357617 4.45019e+10
1.5 0 -0.5 0.384445 0.682105 0.336566 6.23254e+10
1 0.5 -0.5 0.476658 0.590695 0.29047 4.14956e+10
1.5 1 -0.5 0.451383 0.657059 0.261823 5.73296e+10
1 1.5 -0.5 0.525358 0.53871 0.229151 3.63232e+10
2 -1.5 -0.5 0.236595 0.694158 0.450638 7.42715e+10
2.5 -1 -0.5 0.200979 0.727755 0.428156 9.21186e+10
2 -0.5 -0.5 0.278443 0.72653 0.390063 8.42218e+10
2.5 0 -0.5 0.255674 0.759743 0.362893 1.04568e+11
2 0.5 -0.5 0.355258 0.72955 0.311886 8.31749e+10
2.5 1 -0.5 0.338541 0.76282 0.282256 1.02923e+11
2 1.5 -0.5 0.437582 0.700304 0.23061 7.43357e+10
-2.25 -0.75 -0.25 -0.0522253 0.440663 0.641093 1.83149e+09
-2.25 0.25 -0.25 -0.00289731 0.508191 0.621553 1.78379e+09
-2.25 1.25 -0.25 0.0495481 0.567746 0.594011 1.72108e+09
-1.75 -1.25 -0.25 -0.0787522 0.431711 0.636998 2.38496e+09
-1.25 -0.75 -0.25 -0.0707678 0.493462 0.618838 3.16569e+09
-1.75 -0.25 -0.25 -0.0372678 0.50162 0.616973 2.35856e+09
-1.25 0.25 -0.25 -0.0272593 0.560418 0.591541 3.12882e+09
-1.75 0.75 -0.25 0.0122842 0.565141 0.590154 2.29522e+09
-1.25 1.25 -0.25 0.0248399 0.622932 0.553097 3.0516e+09
-0.75 -1.25 -0.25 -0.105148 0.488067 0.62711 4.35453e+09
-0.25 -0.75 -0.25 -0.104524 0.554095 0.609042 6.26857e+09
-0.75 -0.25 -0.25 -0.0653941 0.554815 0.598326 4.34863e+09
-0.25 0.25 -0.25 -0.0594795 0.625699 0.565795 6.34266e+09
-0.75 0.75 -0.25 -0.0180556 0.623999 0.557667 4.33897e+09
-0.25 1.25 -0.25 -0.0151908 0.686392 0.514289 6.16996e+09
0.25 -1.25 -0.25 -0.159663 0.567091 0.619008 9.70282e+09
0.75 -0.75 -0.25 -0.187061 0.625681 0.586239 1.51936e+10
0.25 -0.25 -0.25 -0.105175 0.633559 0.57503 9.75534e+09
0.75 0.25 -0.25 -0.126134 0.690345 0.539211 1.45053e+10
0.25 0.75 -0.25 -0.066019 0.687115 0.527434 9.27707e+09
0.75 1.25 -0.25 -0.0667739 0.750532 0.472442 1.35685e+10
1.25 -1.25 -0.25 -0.263506 0.571687 0.591452 1.80341e+10
1.75 -0.75 -0.25 -0.28743 0.595154 0.551522 2.16832e+10
1.25 -0.25 -0.25 -0.209928 0.659716 0.550167 1.96945e+10
1.75 0.25 -0.25 -0.230935 0.68606 0.499643 2.33281e+10
1.25 0.75 -0.25 -0.151315 0.740487 0.486821 2.05442e+10
1.75 1.25 -0.25 -0.173199 0.762424 0.430279 2.38513e+10
2.25 -1.25 -0.25 -0.361549 0.561585 0.547139 2.48408e+10
2.25 -0.25 -0.25 -0.303161 0.637708 0.503401 2.61772e+10
2.25 0.75 -0.25 -0.24416 0.711367 0.445962 2.66011e+10
-2.5 -1.5 0 0.596996 -0.280045 0.40922 1.31319e+10
-2.5 -0.5 0 0.561786 -0.304584 0.430059 1.19401e+10
-2.5 0.5 0 0.509151 -0.337324 0.452695 1.06249e+10
-2.5 1.5 0 0.432505 -0.373333 0.476842 9.2863e+09
-1.5 -1.5 0 0.640287 -0.0882002 0.37762 2.03993e+10
-2 -1 0 0.611812 -0.209018 0.395367 1.55694e+10
-1.5 -0.5 0 0.6218 -0.12819 0.379429 1.90146e+10
-2 0 0 0.575834 -0.246908 0.408892 1.41469e+10
-1.5 0.5 0 0.587584 -0.178771 0.385447 1.71555e+10
-2 1 0 0.521207 -0.289746 0.42574 1.25083e+10
-1.5 1.5 0 0.534755 -0.230271 0.395318 1.50699e+10
-0.5 -1.5 0 0.615028 0.184797 0.38363 3.54825e+10
-1 -1 0 0.637887 0.0164733 0.369245 2.57966e+10
-0.5 -0.5 0 0.625325 0.126969 0.35918 3.38264e+10
-1 0 0 0.625416 -0.0383593 0.361578 2.38762e+10
-0.5 0.5 0 0.62706 0.0667552 0.338753 3.12274e+10
-1 1 0 0.599448 -0.0964737 0.357813 2.14488e+10
-0.5 1.5 0 0.615293 0.00145276 0.323375 2.77512e+10
0.5 -1.5 0 0.485799 0.509168 0.430678 7.64457e+10
0 -1 0 0.579233 0.309839 0.382547 4.9184e+10
0.5 -0.5 0 0.544362 0.439635 0.372595 7.30822e+10
0 0 0 0.60968 0.25058 0.342926 4.68243e+10
0.5 0.5 0 0.592299 0.378521 0.319627 6.62453e+10
0 1 0 0.629039 0.183138 0.309019 4.21522e+10
0.5 1.5 0 0.625511 0.297251 0.2743 5.81432e+10
1.5 -1.5 0 0.302631 0.713392 0.470559 1.77436e+11
1 -1 0 0.429043 0.61955 0.422303 1.19228e+11
1.5 -0.5 0 0.382949 0.696191 0.400613 1.75144e+11
1 0 0 0.508448 0.562175 0.352741 1.08832e+11
1.5 0.5 0 0.472825 0.664483 0.322279 1.65985e+11
1 1 0 0.572265 0.496348 0.288759 9.70592e+10
1.5 1.5 0 0.555455 0.60107 0.246461 1.44156e+11
2.5 -1.5 0 0.231759 0.745356 0.45786 2.21222e+11
2 -1 0 0.271632 0.753928 0.442062 2.39763e+11
2.5 -0.5 0 0.265882 0.783074 0.400605 2.88672e+11
2 0 0 0.349947 0.756261 0.367755 2.48274e+11
2.5 0.5 0 0.341964 0.791035 0.321784 3.08452e+11
2 1 0 0.442825 0.734553 0.28313 2.35925e+11
2.5 1.5 0 0.4358 0.772512 0.233216 2.94781e+11
-2.25 -1.25 0.25 0.00608766 0.345548 0.643924 5.94017e+09
-2.25 -0.25 0.25 0.0411619 0.404658 0.632082 5.83259e+09
-2.25 0.75 0.25 0.080408 0.460893 0.612518 5.68895e+09
-1.25 -1.25 0.25 0.00206202 0.41183 0.628863 9.87412e+09
-1.75 -0.75 0.25 0.0218113 0.405882 0.627516 7.54154e+09
-1.25 -0.25 0.25 0.0331275 0.466235 0.608849 9.92193e+09
-1.75 0.25 0.25 0.0585989 0.461442 0.60805 7.43829e+09
-1.25 0.75 0.25 0.0714837 0.513956 0.582106 9.68314e+09
-1.75 1.25 0.25 0.0962917 0.511309 0.580807 7.20378e+09
-0.25 -1.25 0.25 -0.0228805 0.491307 0.624991 1.85623e+10
-0.75 -0.75 0.25 0.00738918 0.474532 0.614713 1.34035e+10
-0.25 -0.25 0.25 0.0133028 0.535066 0.596424 1.87034e+10
-0.75 0.25 0.25 0.0423393 0.52189 0.587575 1.33328e+10
-0.25 0.75 0.25 0.0536732 0.586106 0.55492 1.86086e+10
-0.75 1.25 0.25 0.0864714 0.569264 0.547994 1.29297e+10
0.75 -1.25 0.25 -0.0753776 0.60851 0.615967 4.34679e+10
0.25 -0.75 0.25 -0.0186315 0.558195 0.606854 2.72836e+10
0.75 -0.25 0.25 -0.0234105 0.641387 0.574 4.26571e+10
0.25 0.25 0.25 0.0198792 0.608332 0.56405 2.74475e+10
0.75 0.75 0.25 0.0301253 0.671649 0.519121 3.95412e+10
0.25 1.25 0.25 0.0660455 0.651612 0.508239 2.63608e+10
1.75 -1.25 0.25 -0.1415 0.655894 0.567095 7.23527e+10
1.25 -0.75 0.25 -0.110359 0.656136 0.583011 6.5953e+10
1.75 -0.25 0.25 -0.0882495 0.705331 0.524287 7.99271e+10
1.25 0.25 0.25 -0.0209195 0.704596 0.526843 6.19748e+10
1.75 0.75 0.25 -0.0231367 0.762168 0.461827 8.41319e+10
1.25 1.25 0.25 0.0509084 0.747701 0.455243 5.80883e+10
2.25 -0.75 0.25 -0.146715 0.715479 0.510506 9.51966e+10
2.25 0.25 0.25 -0.0725089 0.765176 0.454633 9.92138e+10
2.25 1.25 0.25 0.00779372 0.793868 0.382995 9.10607e+10
-2.5 -1 0.5 0.390436 -0.107493 0.498488 2.6125e+10
-2.5 0 0.5 0.362786 -0.100637 0.512821 2.43098e+10
-2.5 1 0.5 0.324878 -0.0930576 0.524823 2.22291e+10
-2 -1.5 0.5 0.412454 -0.0418737 0.47617 3.29544e+10
-1.5 -1 0.5 0.407528 0.041156 0.466935 4.08415e+10
-2 -0.5 0.5 0.392586 -0.0412487 0.48378 3.14137e+10
-1.5 0 0.5 0.390081 0.0335823 0.466674 3.89179e+10
-2 0.5 0.5 0.365526 -0.0391832 0.490865 2.92466e+10
-1.5 1 0.5 0.365864 0.0295096 0.46582 3.59212e+10
-2 1.5 0.5 0.32781 -0.0363303 0.49571 2.65632e+10
-1 -1.5 0.5 0.396819 0.143788 0.465973 5.34707e+10
-0.5 -1 0.5 0.370231 0.247446 0.460655 7.09806e+10
-1 -0.5 0.5 0.395655 0.131178 0.455411 5.22946e+10
-0.5 0 0.5 0.375505 0.224295 0.441153 6.87351e+10
-1 0.5 0.5 0.382621 0.114488 0.446619 4.93064e+10
-0.5 1 0.5 0.37596 0.206872 0.419463 6.44839e+10
-1 1.5 0.5 0.367445 0.108143 0.434824 4.51724e+10
0 -1.5 0.5 0.304379 0.381311 0.485565 9.78898e+10
0.5 -1 0.5 0.247764 0.487287 0.482126 1.4181e+11
0 -0.5 0.5 0.333304 0.350201 0.452406 9.75951e+10
0.5 0 0.5 0.301688 0.461149 0.432617 1.41667e+11
0 0.5 0.5 0.357219 0.329791 0.417865 9.43357e+10
0.5 1 0.5 0.352828 0.440942 0.380248 1.31775e+11
0 1.5 0.5 0.380972 0.310637 0.379403 8.71171e+10
1 -1.5 0.5 0.157825 0.620232 0.515005 2.15491e+11
1.5 -1 0.5 0.128612 0.705238 0.490092 3.29777e+11
1 -0.5 0.5 0.212238 0.585983 0.462211 2.16165e+11
1.5 0 0.5 0.207742 0.680948 0.422442 3.09994e+11
1 0.5 0.5 0.29029 0.571061 0.396846 2.02726e+11
1.5 1 0.5 0.281761 0.66928 0.351735 2.9679e+11
1 1.5 0.5 0.344149 0.545994 0.336577 1.84841e+11
2 -1.5 0.5 0.0459789 0.731956 0.511019 3.84265e+11
2.5 -1 0.5 0.0414416 0.75522 0.465384 4.22337e+11
2 -0.5 0.5 0.115035 0.755546 0.45091 4.39949e+11
2.5 0 0.5 0.114351 0.78763 0.398732 4.92146e+11
2 0.5 0.5 0.199513 0.76886 0.374693 4.5337e+11
2.5 1 0.5 0.207998 0.808507 0.317402 5.35825e+11
2 1.5 0.5 0.296143 0.749698 0.290517 4.12021e+11
-2.25 -0.75 0.75 0.127277 0.28141 0.609267 9.62038e+09
-2.25 0.25 0.75 0.14378 0.327919 0.600731 9.4434e+09
-2.25 1.25 0.75 0.161184 0.370627 0.583945 9.12499e+09
-1.75 -1.25 0.75 0.129389 0.298403 0.600187 1.21459e+10
-1.25 -0.75 0.75 0.141387 0.364628 0.585166 1.57794e+10
-1.75 -0.25 0.75 0.144306 0.339049 0.590417 1.21126e+10
-1.25 0.25 0.75 0.158898 0.397973 0.567722 1.57211e+10
-1.75 0.75 0.75 0.160692 0.380606 0.574049 1.18969e+10
-1.25 1.25 0.75 0.176276 0.428544 0.54278 1.51929e+10
-0.75 -1.25 0.75 0.134559 0.401801 0.584262 2.06963e+10
-0.25 -0.75 0.75 0.140785 0.472234 0.56559 2.88104e+10
-0.75 -0.25 0.75 0.150156 0.430454 0.565661 2.12196e+10
-0.25 0.25 0.75 0.165813 0.487858 0.538101 2.87574e+10
-0.75 0.75 0.75 0.174208 0.448935 0.539424 2.06457e+10
-0.25 1.25 0.75 0.198636 0.504231 0.498216 2.74977e+10
0.25 -1.25 0.75 0.11802 0.531366 0.567881 3.99149e+10
0.75 -0.75 0.75 0.133716 0.599008 0.537021 5.85341e+10
0.25 -0.25 0.75 0.153998 0.538987 0.537408 4.05354e+10
0.75 0.25 0.75 0.160796 0.618736 0.494512 5.798e+10
0.25 0.75 0.75 0.182853 0.558709 0.495474 3.9927e+10
0.75 1.25 0.75 0.207529 0.632962 0.434688 5.62024e+10
1.25 -1.25 0.75 0.0634952 0.685119 0.547813 8.84412e+10
1.75 -0.75 0.75 0.0758384 0.727192 0.498977 1.05502e+11
1.25 -0.25 0.75 0.10087 0.677029 0.506312 8.63871e+10
1.75 0.25 0.75 0.151816 0.74569 0.436981 1.1303e+11
1.25 0.75 0.75 0.200744 0.686859 0.430077 8.23469e+10
1.75 1.25 0.75 0.224604 0.753152 0.363923 1.0987e+11
2.25 -1.25 0.75 0.0474739 0.755063 0.485039 1.15328e+11
2.25 -0.25 0.75 0.116762 0.777594 0.427044 1.25584e+11
2.25 0.75 0.75 0.185651 0.798165 0.362516 1.34798e+11
-2.5 -1.5 1 0.317685 -0.0283027 0.523324 4.19781e+10
-2.5 -0.5 1 0.303819 -0.00909186 0.533632 4.02752e+10
-2.5 0.5 1 0.28388 0.0117962 0.54147 3.79609e+10
-2.5 1.5 1 0.258986 0.0344545 0.543965 3.51135e+10
-1.5 -1.5 1 0.315675 0.113918 0.501061 6.35212e+10
-2 -1 1 0.316925 0.0418612 0.51149 5.05776e+10
-1.5 -0.5 1 0.309311 0.119551 0.497558 6.30378e+10
-2 0 1 0.303842 0.0565971 0.514644 4.87861e+10
-1.5 0.5 1 0.300289 0.129856 0.492648 6.06945e+10
-2 1 1 0.285483 0.074502 0.514967 4.58882e+10
-1.5 1.5 1 0.286681 0.142989 0.483876 5.63929e+10
-0.5 -1.5 1 0.254859 0.309204 0.501307 1.06903e+11
-1 -1 1 0.297816 0.205858 0.492022 8.18898e+10
-0.5 -0.5 1 0.274946 0.303109 0.47933 1.09086e+11
-1 0 1 0.296972 0.204173 0.480397 8.10452e+10
-0.5 0.5 1 0.280662 0.29217 0.458428 1.05747e+11
-1 1 1 0.294987 0.208074 0.465744 7.67684e+10
-0.5 1.5 1 0.294327 0.295457 0.429474 9.88862e+10
0.5 -1.5 1 0.130169 0.53974 0.519327 1.97813e+11
0 -1 1 0.218615 0.414847 0.492521 1.47074e+11
0.5 -0.5 1 0.176126 0.513539 0.47925 2.05892e+11
0 0 1 0.24524 0.399025 0.46216 1.47487e+11
0.5 0.5 1 0.227026 0.502478 0.430676 2.04828e+11
0 1 1 0.270126 0.389352 0.425338 1.41162e+11
0.5 1.5 1 0.281472 0.498185 0.374788 1.94189e+11
1.5 -1.5 1 -0.0313244 0.721722 0.536537 3.61682e+11
1 -1 1 0.0734109 0.638814 0.509263 2.84798e+11
1.5 -0.5 1 0.031689 0.730575 0.487255 3.93282e+11
1 0 1 0.15056 0.611587 0.450393 2.93053e+11
1.5 0.5 1 0.155074 0.710684 0.402736 3.88578e+11
1 1 1 0.237462 0.613595 0.380266 2.84851e+11
1.5 1.5 1 0.231624 0.708034 0.330156 3.75756e+11
2.5 -1.5 1 -0.196092 0.742893 0.508324 3.2891e+11
2 -1 1 -0.0977867 0.751331 0.50845 3.88705e+11
2.5 -0.5 1 -0.11169 0.78964 0.456442 4.115e+11
2 0 1 -0.0211773 0.781741 0.447461 4.2553e+11
2.5 0.5 1 -0.0236715 0.82829 0.388719 4.54853e+11
2 1 1 0.137766 0.803007 0.356494 5.05946e+11
2.5 1.5 1 0.09427 0.848438 0.300865 4.6832e+11
-2.25 -1.25 1.25 0.214795 0.177772 0.573724 1.29992e+10
-2.25 -0.25 1.25 0.21699 0.213163 0.572604 1.28711e+10
-2.25 0.75 1.25 0.217308 0.248226 0.566046 1.25254e+10
-1.25 -1.25 1.25 0.247982 0.284142 0.542002 2.03906e+10
-1.75 -0.75 1.25 0.234006 0.238106 0.554888 1.61523e+10
-1.25 -0.25 1.25 0.250865 0.29947 0.532076 2.06516e+10
-1.75 0.25 1.25 0.234867 0.266736 0.547485 1.60349e+10
-1.25 0.75 1.25 0.253878 0.321213 0.51641 2.03667e+10
-1.75 1.25 1.25 0.23553 0.294818 0.533077 1.54778e+10
-0.25 -1.25 1.25 0.255748 0.432204 0.510873 3.49074e+10
-0.75 -0.75 1.25 0.259042 0.358955 0.520327 2.69715e+10
-0.25 -0.25 1.25 0.269812 0.436224 0.490081 3.66016e+10
-0.75 0.25 1.25 0.268727 0.365596 0.501622 2.7043e+10
-0.25 0.75 1.25 0.29356 0.417343 0.460287 3.5249e+10
-0.75 1.25 1.25 0.276891 0.368684 0.47631 2.59595e+10
0.75 -1.25 1.25 0.222082 0.622195 0.475112 6.37943e+10
0.25 -0.75 1.25 0.263483 0.514991 0.478952 4.88119e+10
0.75 -0.25 1.25 0.28909 0.587164 0.431628 6.56182e+10
0.25 0.25 1.25 0.299628 0.500551 0.444521 4.876e+10
0.75 0.75 1.25 0.326545 0.578162 0.384774 6.48382e+10
0.25 1.25 1.25 0.336053 0.47461 0.401343 4.59624e+10
1.75 -1.25 1.25 0.184754 0.712708 0.444117 4.98054e+10
1.25 -0.75 1.25 0.189529 0.696631 0.443087 8.41854e+10
1.75 -0.25 1.25 0.242239 0.719779 0.386304 5.45255e+10
1.25 0.25 1.25 0.26668 0.671448 0.387141 8.66798e+10
1.75 0.75 1.25 0.306826 0.725745 0.318118 9.91183e+10
1.25 1.25 1.25 0.344291 0.658503 0.315977 8.60007e+10
2.25 -0.75 1.25 0.238262 0.738072 0.401589 5.44642e+10
2.25 0.25 1.25 0.306229 0.740753 0.323104 5.79188e+10
2.25 1.25 1.25 0.370116 0.734282 0.240156 5.98164e+10
-2.5 -1 1.5 0.277512 0.031057 0.537672 5.29189e+10
-2.5 0 1.5 0.267156 0.0563608 0.544044 5.12204e+10
-2.5 1 1.5 0.252839 0.0837934 0.546152 4.85597e+10
-2 -1.5 1.5 0.281658 0.082638 0.519162 6.4278e+10
-1.5 -1 1.5 0.272817 0.164125 0.50596 7.97466e+10
-2 -0.5 1.5 0.27673 0.100445 0.520257 6.40201e+10
-1.5 0 1.5 0.270162 0.177052 0.500449 7.96703e+10
-2 0.5 1.5 0.267476 0.122498 0.519717 6.20767e+10
-1.5 1 1.5 0.266223 0.195061 0.491176 7.67221e+10
-2 1.5 1.5 0.256362 0.146952 0.513609 5.84145e+10
-1 -1.5 1.5 0.251674 0.250355 0.502375 9.8525e+10
-0.5 -1 1.5 0.22236 0.348635 0.490741 1.30405e+11
-1 -0.5 1.5 0.255385 0.251978 0.490824 1.02233e+11
-0.5 0 1.5 0.238221 0.345871 0.469777 1.34607e+11
-1 0.5 1.5 0.261645 0.260109 0.475843 1.01461e+11
-0.5 1 1.5 0.255132 0.344374 0.443004 1.29433e+11
-1 1.5 1.5 0.267538 0.271523 0.455051 9.56737e+10
0 -1.5 1.5 0.157775 0.456499 0.502619 1.62136e+11
0.5 -1 1.5 0.124202 0.56551 0.486509 2.21292e+11
0 -0.5 1.5 0.198152 0.452813 0.472184 1.76557e+11
0.5 0 1.5 0.174678 0.54401 0.445498 2.30001e+11
0 0.5 1.5 0.222347 0.43711 0.440389 1.74722e+11
0.5 1 1.5 0.221725 0.534484 0.39609 2.25778e+11
0 1.5 1.5 0.259576 0.437674 0.397404 1.65797e+11
1 -1.5 1.5 0.0529256 0.663643 0.502112 2.46439e+11
1.5 -1 1.5 0.0621521 0.728016 0.472602 2.55218e+11
1 -0.5 1.5 0.102068 0.653944 0.459364 2.7585e+11
1.5 0 1.5 0.133987 0.722303 0.414922 2.7872e+11
1 0.5 1.5 0.183637 0.631827 0.398127 2.8621e+11
1.5 1 1.5 0.212505 0.734767 0.33932 3.63283e+11
1 1.5 1.5 0.243795 0.640862 0.33753 2.9996e+11
2 -1.5 1.5 -0.0743602 0.738296 0.494345 1.84887e+11
2.5 -1 1.5 -0.0661868 0.775311 0.451004 1.91961e+11
2 -0.5 1.5 0.02481 0.769876 0.433504 2.39358e+11
2.5 0 1.5 0.0225512 0.812576 0.384453 2.42039e+11
2 0.5 1.5 0.0848141 0.788826 0.372836 2.7726e+11
2.5 1 1.5 0.11135 0.824359 0.305831 2.53345e+11
2 1.5 1.5 0.243164 0.775506 0.278542 3.2081e+11
