449
-2.5 -1 -1.5 -0.47978 -0.737165 -0.0433814 5.43333e+08
-2.5 0 -1.5 -0.366286 -0.809328 0.0184463 7.23138e+08
-2.5 1 -1.5 -0.204723 -0.86822 0.103384 8.36769e+08
-2 -1.5 -1.5 -0.595698 -0.64723 -0.0316354 5.49514e+08
-1.5 -1 -1.5 -0.633126 -0.62004 0.0272447 8.12947e+08
-2 -0.5 -1.5 -0.520162 -0.715516 0.0173372 7.95941e+08
-1.5 0 -1.5 -0.560077 -0.686463 0.0820811 1.13114e+09
-2 0.5 -1.5 -0.406394 -0.787222 0.0859101 1.00781e+09
-1.5 1 -1.5 -0.443562 -0.756464 0.159627 1.33578e+09
-2 1.5 -1.5 -0.23529 -0.843615 0.181713 1.07327e+09
-1 -1.5 -1.5 -0.711869 -0.533302 0.0434514 7.68475e+08
-0.5 -1 -1.5 -0.743687 -0.494681 0.101576 1.1177e+09
-1 -0.5 -1.5 -0.669732 -0.585316 0.0888212 1.17197e+09
-0.5 0 -1.5 -0.703979 -0.541939 0.152803 1.63074e+09
-1 0.5 -1.5 -0.59769 -0.648715 0.15085 1.54109e+09
-0.5 1 -1.5 -0.630318 -0.600945 0.223728 1.97944e+09
-1 1.5 -1.5 -0.473919 -0.714987 0.240536 1.64974e+09
0 -1.5 -1.5 -0.79086 -0.41911 0.115999 9.84552e+08
0.5 -1 -1.5 -0.814741 -0.370292 0.170902 1.4004e+09
0 -0.5 -1.5 -0.77288 -0.447663 0.16097 1.57748e+09
0.5 0 -1.5 -0.797599 -0.391453 0.221158 2.13757e+09
0 0.5 -1.5 -0.733752 -0.488925 0.218853 2.16094e+09
0.5 1 -1.5 -0.756249 -0.425413 0.286582 2.67758e+09
0 1.5 -1.5 -0.6542 -0.541491 0.300937 2.34326e+09
1 -1.5 -1.5 -0.837977 -0.310102 0.17922 1.15154e+09
1.5 -1 -1.5 -0.852568 -0.252844 0.229131 1.59289e+09
1 -0.5 -1.5 -0.834088 -0.312817 0.22581 1.92412e+09
1.5 0 -1.5 -0.846753 -0.246399 0.280206 2.52473e+09
1 0.5 -1.5 -0.815479 -0.325579 0.281578 2.74098e+09
1.5 1 -1.5 -0.823691 -0.249829 0.34131 3.26448e+09
1 1.5 -1.5 -0.768049 -0.350288 0.355124 3.03125e+09
2 -1.5 -1.5 -0.859593 -0.209234 0.228931 1.23073e+09
2.5 -1 -1.5 -0.864236 -0.145479 0.272843 1.64658e+09
2 -0.5 -1.5 -0.86069 -0.187285 0.278139 2.11821e+09
2.5 0 -1.5 -0.859969 -0.113774 0.325765 2.67645e+09
2 0.5 -1.5 -0.850191 -0.171242 0.33336 3.11755e+09
2.5 1 -1.5 -0.841646 -0.0878902 0.383734 3.56052e+09
2 1.5 -1.5 -0.819266 -0.163819 0.398096 3.53572e+09
-2.25 -0.75 -1.25 -0.386001 -0.60854 0.111102 1.55729e+08
-2.25 0.25 -1.25 -0.235934 -0.691114 0.201873 2.07119e+08
-2.25 1.25 -1.25 -0.0458689 -0.732601 0.307365 2.49988e+08
-1.75 -1.25 -1.25 -0.533169 -0.490979 0.107668 1.61338e+08
-1.25 -0.75 -1.25 -0.567351 -0.460426 0.179761 2.38335e+08
-1.75 -0.25 -1.25 -0.421949 -0.583276 0.187258 2.27578e+08
-1.25 0.25 -1.25 -0.457409 -0.550902 0.268007 3.24652e+08
-1.75 0.75 -1.25 -0.269715 -0.662454 0.287588 2.90819e+08
-1.25 1.25 -1.25 -0.301353 -0.623268 0.379193 3.9221e+08
-0.75 -1.25 -1.25 -0.671931 -0.340641 0.179863 2.36325e+08
-0.25 -0.75 -1.25 -0.698917 -0.299285 0.249435 3.46215e+08
-0.75 -0.25 -1.25 -0.60012 -0.423194 0.254856 3.44997e+08
-0.25 0.25 -1.25 -0.629674 -0.377695 0.331814 4.85297e+08
-0.75 0.75 -1.25 -0.490482 -0.509468 0.352429 4.475e+08
-0.25 1.25 -1.25 -0.51821 -0.456326 0.439535 5.86631e+08
0.25 -1.25 -1.25 -0.761822 -0.190601 0.249329 3.26594e+08
0.75 -0.75 -1.25 -0.7769 -0.139895 0.31326 4.73135e+08
0.25 -0.25 -1.25 -0.721721 -0.250378 0.319529 4.95366e+08
0.75 0.25 -1.25 -0.738111 -0.192472 0.388678 6.85248e+08
0.25 0.75 -1.25 -0.653528 -0.322082 0.409249 6.54936e+08
0.75 1.25 -1.25 -0.668136 -0.253983 0.485842 8.31385e+08
1.25 -1.25 -1.25 -0.807174 -0.0504768 0.30913 4.22509e+08
1.75 -0.75 -1.25 -0.808314 0.0073176 0.365107 6.02554e+08
1.25 -0.25 -1.25 -0.78507 -0.0812968 0.375394 6.66765e+08
1.75 0.25 -1.25 -0.783844 -0.0137421 0.434297 9.0313e+08
1.25 0.75 -1.25 -0.745175 -0.124041 0.455333 9.02382e+08
1.75 1.25 -1.25 -0.739131 -0.0432734 0.517835 1.10552e+09
2.25 -1.25 -1.25 -0.818924 0.0743894 0.354102 5.08181e+08
2.25 -0.25 -1.25 -0.80038 0.0726691 0.417588 8.31761e+08
2.25 0.75 -1.25 -0.770135 0.0636662 0.488517 1.1552e+09
-2.5 -1.5 -1 -0.493901 -0.686399 -0.164321 6.85004e+08
-2.5 -0.5 -1 -0.406429 -0.757016 -0.12012 1.00024e+09
-2.5 0.5 -1 -0.281686 -0.826942 -0.0565335 1.30079e+09
-2.5 1.5 -1 -0.108864 -0.87575 0.0313717 1.46984e+09
-1.5 -1.5 -1 -0.627841 -0.58943 -0.0872714 1.00771e+09
-2 -1 -1 -0.535076 -0.670493 -0.10876 1.04363e+09
-1.5 -0.5 -1 -0.577116 -0.648288 -0.0499358 1.56202e+09
-2 0 -1 -0.451079 -0.740558 -0.0608859 1.48164e+09
-1.5 0.5 -1 -0.496213 -0.716748 0.00260793 2.13169e+09
-2 1 -1 -0.326461 -0.81012 0.00768971 1.83309e+09
-1.5 1.5 -1 -0.369464 -0.784557 0.0779901 2.45656e+09
-0.5 -1.5 -1 -0.724223 -0.490381 -0.00615467 1.35782e+09
-1 -1 -1 -0.665538 -0.562915 -0.0298179 1.51637e+09
-0.5 -0.5 -1 -0.702573 -0.528958 0.0296381 2.23409e+09
-1 0 -1 -0.619072 -0.618541 0.0118956 2.28115e+09
-0.5 0.5 -1 -0.659455 -0.580053 0.0763476 3.21838e+09
-1 1 -1 -0.540016 -0.684171 0.0702139 2.94185e+09
-0.5 1.5 -1 -0.579536 -0.641439 0.141733 3.82392e+09
0.5 -1.5 -1 -0.787258 -0.394581 0.069899 1.66647e+09
0 -1 -1 -0.755907 -0.453899 0.0503371 2.00688e+09
0.5 -0.5 -1 -0.785283 -0.409346 0.10755 2.89278e+09
0 0 -1 -0.737618 -0.486505 0.090617 3.19744e+09
0.5 0.5 -1 -0.768755 -0.434793 0.152554 4.39601e+09
0 1 -1 -0.695998 -0.531855 0.142926 4.32437e+09
0.5 1.5 -1 -0.725432 -0.473384 0.210984 5.42279e+09
1.5 -1.5 -1 -0.822956 -0.304927 0.13469 1.86186e+09
1 -1 -1 -0.811458 -0.349404 0.123063 2.40486e+09
1.5 -0.5 -1 -0.831639 -0.296078 0.175898 3.36915e+09
1 0 -1 -0.810628 -0.356068 0.164956 4.03077e+09
1.5 0.5 -1 -0.829634 -0.294014 0.222002 5.36423e+09
1 1 -1 -0.793342 -0.373638 0.214777 5.71628e+09
1.5 1.5 -1 -0.808037 -0.303619 0.276166 6.88547e+09
2.5 -1.5 -1 -0.837398 -0.222301 0.184834 1.90179e+09
2 -1 -1 -0.838917 -0.252601 0.182866 2.6073e+09
2.5 -0.5 -1 -0.849102 -0.192606 0.23005 3.5266e+09
2 0 -1 -0.845704 -0.234563 0.227996 4.53867e+09
2.5 0.5 -1 -0.851066 -0.165696 0.278916 5.8068e+09
2 1 -1 -0.83944 -0.22402 0.277926 6.71073e+09
2.5 1.5 -1 -0.836938 -0.147916 0.33103 7.74223e+09
-2.25 -1.25 -0.75 -0.418017 -0.476826 -0.0474322 1.89576e+08
-2.25 -0.25 -0.75 -0.298385 -0.56246 0.0256962 2.68283e+08
-2.25 0.75 -0.75 -0.140882 -0.628415 0.119734 3.46866e+08
-1.25 -1.25 -0.75 -0.577629 -0.337999 0.0275875 2.88001e+08
-1.75 -0.75 -0.75 -0.457424 -0.45085 0.0216017 2.86118e+08
-1.25 -0.25 -0.75 -0.497781 -0.418623 0.0954755 4.25819e+08
-1.75 0.25 -0.75 -0.339129 -0.534417 0.103207 3.94447e+08
-1.25 0.75 -0.75 -0.38079 -0.49745 0.18652 5.66673e+08
-1.75 1.25 -0.75 -0.179404 -0.592719 0.206999 4.89524e+08
-0.25 -1.25 -0.75 -0.693028 -0.196999 0.106077 4.12263e+08
-0.75 -0.75 -0.75 -0.613989 -0.302021 0.0973771 4.32712e+08
-0.25 -0.25 -0.75 -0.648804 -0.259103 0.169683 6.39934e+08
-0.75 0.25 -0.75 -0.537862 -0.378498 0.173361 6.21676e+08
-0.25 0.75 -0.75 -0.575784 -0.328544 0.253884 8.83159e+08
-0.75 1.25 -0.75 -0.421476 -0.448885 0.274401 7.8743e+08
0.75 -1.25 -0.75 -0.764298 -0.0640356 0.179268 5.52102e+08
0.25 -0.75 -0.75 -0.720853 -0.152521 0.173044 6.15093e+08
0.75 -0.25 -0.75 -0.744302 -0.1009 0.240052 9.01144e+08
0.25 0.25 -0.75 -0.680188 -0.207744 0.243118 9.25617e+08
0.75 0.75 -0.75 -0.70547 -0.146317 0.315927 1.29628e+09
0.25 1.25 -0.75 -0.608522 -0.266372 0.335236 1.20506e+09
1.75 -1.25 -0.75 -0.798986 0.0549722 0.240005 6.87861e+08
1.25 -0.75 -0.75 -0.780276 -0.0132742 0.24037 8.14814e+08
1.75 -0.25 -0.75 -0.789341 0.0443741 0.299391 1.17667e+09
1.25 0.25 -0.75 -0.760984 -0.0409255 0.305528 1.28617e+09
1.75 0.75 -0.75 -0.767782 0.0284461 0.367885 1.76633e+09
1.25 1.25 -0.75 -0.720808 -0.0730755 0.386276 1.72945e+09
2.25 -0.75 -0.75 -0.802366 0.109815 0.293095 9.98625e+08
2.25 0.25 -0.75 -0.788898 0.109625 0.355058 1.6465e+09
2.25 1.25 -0.75 -0.760666 0.107955 0.425693 2.28969e+09
-2.5 -1 -0.5 -0.4226 -0.700416 -0.251552 1.31544e+09
-2.5 0 -0.5 -0.326282 -0.76997 -0.205509 1.87692e+09
-2.5 1 -0.5 -0.192241 -0.833566 -0.137636 2.38868e+09
-2 -1.5 -0.5 -0.528729 -0.627969 -0.229648 1.3051e+09
-1.5 -1 -0.5 -0.569909 -0.613392 -0.17446 2.016e+09
-2 -0.5 -0.5 -0.467199 -0.69015 -0.19737 2.02512e+09
-1.5 0 -0.5 -0.513391 -0.673849 -0.139609 3.0687e+09
-2 0.5 -0.5 -0.374696 -0.759275 -0.149329 2.81403e+09
-1.5 1 -0.5 -0.424858 -0.741488 -0.0888362 4.10712e+09
-2 1.5 -0.5 -0.241804 -0.822253 -0.0792177 3.4136e+09
-1 -1.5 -0.5 -0.640529 -0.547094 -0.144365 1.85028e+09
-0.5 -1 -0.5 -0.677469 -0.523346 -0.087455 2.81937e+09
-1 -0.5 -0.5 -0.611858 -0.59269 -0.116527 3.07094e+09
-0.5 0 -0.5 -0.653847 -0.564684 -0.0562609 4.58863e+09
-1 0.5 -0.5 -0.560436 -0.650201 -0.0785798 4.54668e+09
-0.5 1 -0.5 -0.606945 -0.617941 -0.0148128 6.52149e+09
-1 1.5 -0.5 -0.475081 -0.715069 -0.024437 5.76218e+09
0 -1.5 -0.5 -0.717794 -0.468079 -0.0578629 2.38813e+09
0.5 -1 -0.5 -0.748891 -0.43586 -0.00206982 3.56761e+09
0 -0.5 -0.5 -0.713881 -0.492565 -0.0290064 4.22289e+09
0.5 0 -0.5 -0.748649 -0.453789 0.0304329 6.17864e+09
0 0.5 -0.5 -0.694656 -0.528287 0.0057764 6.67299e+09
0.5 1 -0.5 -0.732318 -0.482809 0.0688863 9.33787e+09
0 1.5 -0.5 -0.65052 -0.576155 0.050936 8.92288e+09
1 -1.5 -0.5 -0.765762 -0.393462 0.0213045 2.79879e+09
1.5 -1 -0.5 -0.790264 -0.353861 0.0736729 4.07302e+09
1 -0.5 -0.5 -0.77813 -0.396147 0.054087 5.21821e+09
1.5 0 -0.5 -0.803966 -0.348405 0.110107 7.41933e+09
1 0.5 -0.5 -0.780059 -0.406434 0.0902642 8.75241e+09
1.5 1 -0.5 -0.805647 -0.350755 0.149863 1.1856e+10
1 1.5 -0.5 -0.763883 -0.428451 0.132209 1.23712e+10
2 -1.5 -0.5 -0.79046 -0.323904 0.0878057 2.98655e+09
2.5 -1 -0.5 -0.807976 -0.278136 0.135164 4.20748e+09
2 -0.5 -0.5 -0.811502 -0.306788 0.12548 5.77596e+09
2.5 0 -0.5 -0.827501 -0.252351 0.176441 7.91752e+09
2 0.5 -0.5 -0.824228 -0.292838 0.165563 1.01544e+10
2.5 1 -0.5 -0.836155 -0.230876 0.220019 1.3208e+10
2 1.5 -0.5 -0.822221 -0.28838 0.208386 1.51032e+10
-2.25 -0.75 -0.25 -0.339408 -0.419642 -0.162619 3.38036e+08
-2.25 0.25 -0.25 -0.223116 -0.487678 -0.0899992 4.66281e+08
-2.25 1.25 -0.25 -0.0771131 -0.521948 0.00483772 5.85857e+08
-1.75 -1.25 -0.25 -0.466243 -0.32108 -0.152343 3.4679e+08
-1.25 -0.75 -0.25 -0.509007 -0.290967 -0.0858894 5.30975e+08
-1.75 -0.25 -0.25 -0.384237 -0.392642 -0.0948093 5.13494e+08
-1.25 0.25 -0.25 -0.431594 -0.358301 -0.0211383 7.7022e+08
-1.75 0.75 -0.25 -0.270495 -0.454994 -0.0145685 6.90239e+08
-1.25 1.25 -0.25 -0.321484 -0.411262 0.06754 1.00059e+09
-0.75 -1.25 -0.25 -0.599046 -0.195631 -0.0677234 5.13316e+08
-0.25 -0.75 -0.25 -0.637299 -0.15787 -0.000172349 7.82712e+08
-0.75 -0.25 -0.25 -0.552856 -0.254616 -0.0150324 8.04489e+08
-0.25 0.25 -0.25 -0.5966 -0.210672 0.0592977 1.20187e+09
-0.75 0.75 -0.25 -0.480595 -0.314821 0.0575563 1.13556e+09
-0.25 1.25 -0.25 -0.529455 -0.260098 0.139646 1.63357e+09
0.25 -1.25 -0.25 -0.692312 -0.0744433 0.018396 7.0969e+08
0.75 -0.75 -0.25 -0.722036 -0.0310789 0.0834183 1.07419e+09
0.25 -0.25 -0.25 -0.674118 -0.113891 0.0695539 1.17967e+09
0.75 0.25 -0.25 -0.707547 -0.0626383 0.140059 1.74946e+09
0.25 0.75 -0.25 -0.638292 -0.15769 0.135578 1.76032e+09
0.75 1.25 -0.25 -0.674813 -0.094124 0.21176 2.50382e+09
1.25 -1.25 -0.25 -0.749701 0.036199 0.0964113 9.12589e+08
1.75 -0.75 -0.25 -0.768919 0.0830367 0.15578 1.36501e+09
1.25 -0.25 -0.25 -0.747678 0.0180921 0.148312 1.60387e+09
1.75 0.25 -0.25 -0.766762 0.073825 0.211636 2.34801e+09
1.25 0.75 -0.25 -0.734786 -0.00309854 0.209616 2.53383e+09
1.75 1.25 -0.25 -0.752023 0.0654637 0.276503 3.54026e+09
2.25 -1.25 -0.25 -0.779451 0.13313 0.159326 1.08969e+09
2.25 -0.25 -0.25 -0.781769 0.135099 0.213128 2.00697e+09
2.25 0.75 -0.25 -0.776163 0.13656 0.27208 3.33737e+09
-2.5 -1.5 0 -0.421643 -0.650231 -0.37312 1.7045e+09
-2.5 -0.5 0 -0.348206 -0.712519 -0.340549 2.61569e+09
-2.5 0.5 0 -0.24311 -0.778376 -0.288754 3.64404e+09
-2.5 1.5 0 -0.102693 -0.831831 -0.211189 4.55772e+09
-1.5 -1.5 0 -0.547072 -0.588856 -0.290339 2.53958e+09
-2 -1 0 -0.464281 -0.646526 -0.321999 2.68287e+09
-1.5 -0.5 0 -0.508494 -0.638169 -0.267432 4.18649e+09
-2 0 0 -0.395412 -0.708254 -0.288787 4.06758e+09
-1.5 0.5 0 -0.445065 -0.69844 -0.233047 6.24154e+09
-2 1 0 -0.294531 -0.773691 -0.236935 5.53298e+09
-1.5 1.5 0 -0.349264 -0.762496 -0.180657 8.20664e+09
-0.5 -1.5 0 -0.637337 -0.528931 -0.19782 3.45027e+09
-1 -1 0 -0.58701 -0.577289 -0.234586 3.95904e+09
-0.5 -0.5 0 -0.627564 -0.559988 -0.176367 6.1037e+09
-1 0 0 -0.554077 -0.624047 -0.20964 6.45591e+09
-0.5 0.5 0 -0.600525 -0.602957 -0.149013 9.78927e+09
-1 1 0 -0.496693 -0.681729 -0.17363 9.39189e+09
-0.5 1.5 0 -0.549083 -0.656798 -0.111118 1.37265e+10
0.5 -1.5 0 -0.696221 -0.472251 -0.10672 4.25292e+09
0 -1 0 -0.67273 -0.509533 -0.140497 5.29478e+09
0.5 -0.5 0 -0.707803 -0.483653 -0.0818755 8.00937e+09
0 0 0 -0.668217 -0.535886 -0.116123 9.26854e+09
0.5 0.5 0 -0.708007 -0.504006 -0.0544145 1.37787e+10
0 1 0 -0.64677 -0.573774 -0.0861369 1.4486e+10
0.5 1.5 0 -0.690838 -0.535852 -0.0217656 2.06863e+10
1.5 -1.5 0 -0.729271 -0.418957 -0.0246732 4.75904e+09
1 -1 0 -0.726261 -0.445567 -0.0506474 6.38337e+09
1.5 -0.5 0 -0.755041 -0.41203 0.00560246 9.40537e+09
1 0 0 -0.741679 -0.450427 -0.022481 1.18833e+10
1.5 0.5 0 -0.772903 -0.40937 0.0371689 1.71697e+10
1 1 0 -0.745271 -0.463804 0.00813241 1.98773e+10
1.5 1.5 0 -0.777434 -0.415787 0.0708746 2.74833e+10
2.5 -1.5 0 -0.742272 -0.367881 0.0438573 4.864e+09
2 -1 0 -0.753691 -0.385787 0.0278948 6.94124e+09
2.5 -0.5 0 -0.77577 -0.34582 0.0797642 9.88857e+09
2 0 0 -0.781254 -0.371185 0.0615954 1.35228e+10
2.5 0.5 0 -0.80296 -0.323328 0.117047 1.88183e+10
2 1 0 -0.799287 -0.360883 0.0966419 2.39224e+10
2.5 1.5 0 -0.817964 -0.306888 0.155538 3.17262e+10
-2.25 -1.25 0.25 -0.35691 -0.299698 -0.344456 4.18216e+08
-2.25 -0.25 0.25 -0.281536 -0.357284 -0.294758 6.15463e+08
-2.25 0.75 0.25 -0.184632 -0.399833 -0.221083 8.28014e+08
-1.25 -1.25 0.25 -0.496686 -0.197342 -0.260997 6.39692e+08
-1.75 -0.75 0.25 -0.403609 -0.27666 -0.284978 6.49615e+08
-1.25 -0.25 0.25 -0.453515 -0.248186 -0.219733 1.00198e+09
-1.75 0.25 0.25 -0.333656 -0.330007 -0.230394 9.41668e+08
-1.25 0.75 0.25 -0.390665 -0.294744 -0.159067 1.42582e+09
-1.75 1.25 0.25 -0.243667 -0.363024 -0.151103 1.2375e+09
-0.25 -1.25 0.25 -0.60413 -0.0946571 -0.166372 9.11928e+08
-0.75 -0.75 0.25 -0.542447 -0.167511 -0.196063 9.91327e+08
-0.25 -0.25 0.25 -0.589541 -0.132294 -0.12692 1.52489e+09
-0.75 0.25 0.25 -0.506282 -0.21312 -0.148929 1.53206e+09
-0.25 0.75 0.25 -0.560972 -0.17039 -0.0732813 2.31591e+09
-0.75 1.25 0.25 -0.452161 -0.249959 -0.081383 2.12916e+09
0.75 -1.25 0.25 -0.679639 0.00313319 -0.0728525 1.20728e+09
0.25 -0.75 0.25 -0.645061 -0.059408 -0.0997269 1.40579e+09
0.75 -0.25 0.25 -0.685015 -0.0192827 -0.0309192 2.14929e+09
0.25 0.25 0.25 -0.636769 -0.0909228 -0.0543628 2.3234e+09
0.75 0.75 0.25 -0.682024 -0.042733 0.0203138 3.49345e+09
0.25 1.25 0.25 -0.615562 -0.118989 0.00580339 3.44502e+09
1.75 -1.25 0.25 -0.728281 0.0926196 0.00986948 1.48483e+09
1.25 -0.75 0.25 -0.713182 0.0419645 -0.00830835 1.84489e+09
1.75 -0.25 0.25 -0.743335 0.0849525 0.0562447 2.79072e+09
1.25 0.25 0.25 -0.721963 0.026195 0.0388602 3.24908e+09
1.75 0.75 0.25 -0.752972 0.0773844 0.108188 4.82937e+09
1.25 1.25 0.25 -0.721996 0.0128023 0.0954038 5.14917e+09
2.25 -0.75 0.25 -0.753244 0.133257 0.0689841 2.23941e+09
2.25 0.25 0.25 -0.767528 0.132412 0.119624 4.15866e+09
2.25 1.25 0.25 -0.774336 0.134263 0.175796 6.98934e+09
-2.5 -1 0.5 -0.357833 -0.670156 -0.452515 3.678e+09
-2.5 0 0.5 -0.274761 -0.730853 -0.413663 5.49118e+09
-2.5 1 0.5 -0.159497 -0.790984 -0.35028 7.47177e+09
-2 -1.5 0.5 -0.453442 -0.621211 -0.426005 3.60305e+09
-1.5 -1 0.5 -0.494575 -0.620161 -0.373361 5.70631e+09
-2 -0.5 0.5 -0.402129 -0.67202 -0.403266 5.8302e+09
-1.5 0 0.5 -0.448391 -0.669711 -0.350065 9.18015e+09
-2 0.5 0.5 -0.323417 -0.732266 -0.365111 8.61566e+09
-1.5 1 0.5 -0.37542 -0.728821 -0.312039 1.33763e+10
-2 1.5 0.5 -0.212601 -0.792042 -0.303418 1.1483e+10
-1 -1.5 0.5 -0.556611 -0.579734 -0.334086 5.14723e+09
-0.5 -1 0.5 -0.594159 -0.571848 -0.277067 8.05532e+09
-1 -0.5 0.5 -0.536829 -0.614696 -0.317417 8.97571e+09
-0.5 0 0.5 -0.580133 -0.60382 -0.258389 1.39891e+10
-1 0.5 0.5 -0.496652 -0.662134 -0.293003 1.43176e+10
-0.5 1 0.5 -0.546653 -0.648057 -0.232344 2.20169e+10
-1 1.5 0.5 -0.430624 -0.719156 -0.25458 2.0435e+10
0 -1.5 0.5 -0.626421 -0.541463 -0.235792 6.67872e+09
0.5 -1 0.5 -0.659343 -0.52666 -0.177481 1.02623e+10
0 -0.5 0.5 -0.632188 -0.558596 -0.217744 1.24877e+10
0.5 0 0.5 -0.670392 -0.539017 -0.156517 1.91157e+10
0 0.5 0.5 -0.624183 -0.586439 -0.196624 2.15211e+10
0.5 1 0.5 -0.668203 -0.561505 -0.132603 3.24909e+10
0 1.5 0.5 -0.597528 -0.626271 -0.168544 3.31437e+10
1 -1.5 0.5 -0.667334 -0.50574 -0.14129 7.85552e+09
1.5 -1 0.5 -0.695398 -0.484338 -0.0844601 1.17746e+10
1 -0.5 0.5 -0.69221 -0.505823 -0.11802 1.55664e+10
1.5 0 0.5 -0.72441 -0.478166 -0.0578635 2.32119e+10
1 0.5 0.5 -0.70808 -0.512206 -0.0938585 2.87529e+10
1.5 1 0.5 -0.743927 -0.477635 -0.0302425 4.21958e+10
1 1.5 0.5 -0.71063 -0.528407 -0.0668689 4.77234e+10
2 -1.5 0.5 -0.684904 -0.470879 -0.0572428 8.40602e+09
2.5 -1 0.5 -0.708085 -0.443404 -0.00407515 1.22127e+10
2 -0.5 0.5 -0.722855 -0.456567 -0.0275762 1.73462e+10
2.5 0 0.5 -0.748685 -0.422023 0.0290102 2.49857e+10
2 0.5 0.5 -0.754791 -0.443232 0.00258075 3.38225e+10
2.5 1 0.5 -0.781518 -0.401376 0.063052 4.77611e+10
2 1.5 0.5 -0.775797 -0.435739 0.0339498 5.98204e+10
-2.25 -0.75 0.75 -0.32313 -0.29333 -0.480412 8.07789e+08
-2.25 0.25 0.75 -0.265266 -0.334774 -0.428143 1.16031e+09
-2.25 1.25 0.75 -0.200213 -0.355629 -0.345917 1.52507e+09
-1.75 -1.25 0.75 -0.414026 -0.232519 -0.458337 8.13335e+08
-1.25 -0.75 0.75 -0.46469 -0.212227 -0.399253 1.27532e+09
-1.75 -0.25 0.75 -0.377123 -0.274328 -0.4244 1.26191e+09
-1.25 0.25 0.75 -0.435852 -0.249629 -0.361637 1.96027e+09
-1.75 0.75 0.75 -0.328021 -0.309612 -0.368973 1.78873e+09
-1.25 1.25 0.75 -0.398322 -0.276568 -0.301415 2.73651e+09
-0.75 -1.25 0.75 -0.528157 -0.153968 -0.362891 1.19582e+09
-0.25 -0.75 0.75 -0.576567 -0.127903 -0.297689 1.867e+09
-0.75 -0.25 0.75 -0.518482 -0.187082 -0.334562 1.98951e+09
-0.25 0.25 0.75 -0.574996 -0.156404 -0.264214 3.08548e+09
-0.75 0.75 0.75 -0.499265 -0.218336 -0.291791 3.02476e+09
-0.25 1.25 0.75 -0.566413 -0.179856 -0.214898 4.62802e+09
0.25 -1.25 0.75 -0.614152 -0.0741628 -0.258688 1.6283e+09
0.75 -0.75 0.75 -0.657952 -0.0432171 -0.191223 2.52379e+09
0.25 -0.25 0.75 -0.626414 -0.0972106 -0.22821 2.89925e+09
0.75 0.25 0.75 -0.676398 -0.0616128 -0.154903 4.47321e+09
0.25 0.75 0.75 -0.633011 -0.119783 -0.188487 4.75044e+09
0.75 1.25 0.75 -0.690001 -0.0770641 -0.108151 7.24052e+09
1.25 -1.25 0.75 -0.675085 0.00543871 -0.158041 2.05662e+09
1.75 -0.75 0.75 -0.712831 0.0398204 -0.0922729 3.15527e+09
1.25 -0.25 0.75 -0.701158 -0.0083095 -0.121329 3.88798e+09
1.75 0.25 0.75 -0.74161 0.0305826 -0.0498612 5.9406e+09
1.25 0.75 0.75 -0.72415 -0.0210351 -0.0786049 6.84064e+09
1.75 1.25 0.75 -0.766142 0.0244079 -0.000492188 1.0316e+10
2.25 -1.25 0.75 -0.716315 0.0824127 -0.0704488 2.42158e+09
2.25 -0.25 0.75 -0.74775 0.0773122 -0.0261225 4.8025e+09
2.25 0.75 0.75 -0.776243 0.0733604 0.0221308 8.96102e+09
-2.5 -1.5 1 -0.366109 -0.65282 -0.529005 5.2977e+09
-2.5 -0.5 1 -0.298342 -0.705382 -0.500686 8.34283e+09
-2.5 0.5 1 -0.2003 -0.764685 -0.451046 1.20783e+10
-2.5 1.5 1 -0.0694015 -0.817186 -0.370762 1.6022e+10
-1.5 -1.5 1 -0.484047 -0.624826 -0.445273 7.93768e+09
-2 -1 1 -0.407175 -0.659714 -0.481232 8.47027e+09
-1.5 -0.5 1 -0.449399 -0.663362 -0.429652 1.34865e+10
-2 0 1 -0.343097 -0.711707 -0.453923 1.32873e+10
-1.5 0.5 1 -0.390157 -0.714376 -0.402727 2.10561e+10
-2 1 1 -0.24883 -0.770673 -0.406163 1.90637e+10
-1.5 1.5 1 -0.30156 -0.772576 -0.356228 2.98476e+10
-0.5 -1.5 1 -0.566954 -0.60144 -0.346201 1.08346e+10
-1 -1 1 -0.522338 -0.62615 -0.390674 1.25861e+10
-0.5 -0.5 1 -0.561282 -0.623163 -0.332977 1.98337e+10
-1 0 1 -0.492926 -0.66293 -0.374244 2.13584e+10
-0.5 0.5 1 -0.537859 -0.657414 -0.31509 3.35704e+10
-1 1 1 -0.439781 -0.712307 -0.347013 3.31155e+10
-0.5 1.5 1 -0.491973 -0.704206 -0.286838 5.14694e+10
0.5 -1.5 1 -0.617636 -0.581309 -0.244387 1.34092e+10
0 -1 1 -0.600941 -0.59653 -0.287823 1.69298e+10
0.5 -0.5 1 -0.635254 -0.586434 -0.227375 2.62161e+10
0 0 1 -0.600912 -0.61496 -0.27238 3.10032e+10
0.5 0.5 1 -0.6411 -0.600517 -0.209188 4.79213e+10
0 1 1 -0.5841 -0.645646 -0.252396 5.21773e+10
0.5 1.5 1 -0.631078 -0.626426 -0.186496 7.97369e+10
1.5 -1.5 1 -0.64088 -0.56221 -0.148816 1.50583e+10
1 -1 1 -0.646891 -0.569977 -0.185285 2.05159e+10
1.5 -0.5 1 -0.676303 -0.55283 -0.125265 3.09916e+10
1 0 1 -0.66978 -0.570266 -0.165216 4.01193e+10
1.5 0.5 1 -0.70409 -0.547162 -0.101746 6.04157e+10
1 1 1 -0.681345 -0.578807 -0.143785 7.28846e+10
1.5 1.5 1 -0.720482 -0.549146 -0.0765728 1.08284e+11
2.5 -1.5 1 -0.642658 -0.541052 -0.0652429 1.54531e+10
2 -1 1 -0.665473 -0.544635 -0.0916727 2.2411e+10
2.5 -0.5 1 -0.689971 -0.520959 -0.0346917 3.27754e+10
2 0 1 -0.705524 -0.529135 -0.0647196 4.60507e+10
2.5 0.5 1 -0.733735 -0.49844 -0.00397062 6.6943e+10
2 1 1 -0.737212 -0.516567 -0.0373328 8.89681e+10
2.5 1.5 1 -0.767462 -0.478744 0.027765 1.27002e+11
-2.25 -1.25 1.25 -0.361541 -0.390341 -0.574677 1.58848e+09
-2.25 -0.25 1.25 -0.314936 -0.437303 -0.539769 2.43812e+09
-2.25 0.75 1.25 -0.25302 -0.482711 -0.479987 3.43432e+09
-1.25 -1.25 1.25 -0.485701 -0.337978 -0.48948 2.40986e+09
-1.75 -0.75 1.25 -0.413112 -0.384984 -0.523329 2.51902e+09
-1.25 -0.25 1.25 -0.467819 -0.375709 -0.466463 3.9801e+09
-1.75 0.25 1.25 -0.373397 -0.429616 -0.487446 3.84119e+09
-1.25 0.75 1.25 -0.43686 -0.416901 -0.428157 6.02684e+09
-1.75 1.25 1.25 -0.321259 -0.470431 -0.426276 5.35298e+09
-0.25 -1.25 1.25 -0.580244 -0.283094 -0.387162 3.36867e+09
-0.75 -0.75 1.25 -0.535798 -0.326514 -0.429746 3.80546e+09
-0.25 -0.25 1.25 -0.58795 -0.310478 -0.365228 5.98463e+09
-0.75 0.25 1.25 -0.52575 -0.361666 -0.403676 6.2636e+09
-0.25 0.75 1.25 -0.586523 -0.342082 -0.33467 9.81102e+09
-0.75 1.25 1.25 -0.505252 -0.398268 -0.361267 9.40883e+09
0.75 -1.25 1.25 -0.64729 -0.222976 -0.281705 4.33915e+09
0.25 -0.75 1.25 -0.626816 -0.264689 -0.322452 5.27788e+09
0.75 -0.25 1.25 -0.674219 -0.241348 -0.254251 8.23018e+09
0.25 0.25 1.25 -0.641655 -0.289191 -0.295882 9.3688e+09
0.75 0.75 1.25 -0.695641 -0.262063 -0.221887 1.45833e+10
0.25 1.25 1.25 -0.648858 -0.316258 -0.259373 1.52745e+10
1.75 -1.25 1.25 -0.691997 -0.155661 -0.184119 5.17972e+09
1.25 -0.75 1.25 -0.689378 -0.197367 -0.215821 6.72589e+09
1.75 -0.25 1.25 -0.730902 -0.166817 -0.14815 1.0366e+10
1.25 0.25 1.25 -0.721257 -0.212594 -0.18291 1.2762e+10
1.75 0.75 1.25 -0.765826 -0.178043 -0.109042 1.96318e+10
1.25 1.25 1.25 -0.747552 -0.22854 -0.143751 2.25122e+10
2.25 -0.75 1.25 -0.72912 -0.123374 -0.120893 7.9203e+09
2.25 0.25 1.25 -0.769984 -0.131079 -0.0793302 1.58521e+10
2.25 1.25 1.25 -0.804991 -0.137552 -0.0334465 2.98016e+10
-2.5 -1 1.5 -0.324182 -0.524216 -0.499013 5.60168e+09
-2.5 0 1.5 -0.259072 -0.570502 -0.462458 8.54831e+09
-2.5 1 1.5 -0.17125 -0.611528 -0.401523 1.21272e+10
-2 -1.5 1.5 -0.405431 -0.481566 -0.470928 5.52102e+09
-1.5 -1 1.5 -0.446133 -0.478561 -0.418547 8.92015e+09
-2 -0.5 1.5 -0.367189 -0.524199 -0.450757 9.06332e+09
-1.5 0 1.5 -0.413501 -0.521431 -0.398697 1.4662e+10
-2 0.5 1.5 -0.307399 -0.570672 -0.415858 1.38187e+10
-1.5 1 1.5 -0.361171 -0.567663 -0.364837 2.23567e+10
-2 1.5 1.5 -0.22722 -0.61155 -0.35778 1.95484e+10
-1 -1.5 1.5 -0.498596 -0.437102 -0.376588 8.14703e+09
-0.5 -1 1.5 -0.537817 -0.428176 -0.319325 1.30734e+10
-1 -0.5 1.5 -0.489202 -0.47271 -0.363 1.43928e+10
-0.5 0 1.5 -0.534889 -0.463326 -0.304392 2.31914e+10
-1 0.5 1.5 -0.463572 -0.515207 -0.342797 2.37149e+10
-0.5 1 1.5 -0.517532 -0.504734 -0.283119 3.83182e+10
-1 1.5 1.5 -0.420869 -0.560691 -0.309293 3.61716e+10
0 -1.5 1.5 -0.564489 -0.388187 -0.27501 1.10591e+10
0.5 -1 1.5 -0.601334 -0.372944 -0.216093 1.75414e+10
0 -0.5 1.5 -0.578943 -0.415777 -0.259831 2.09204e+10
0.5 0 1.5 -0.621845 -0.399225 -0.19838 3.33599e+10
0 0.5 1.5 -0.583147 -0.449666 -0.242907 3.72882e+10
0.5 1 1.5 -0.633312 -0.430864 -0.178792 5.96967e+10
0 1.5 1.5 -0.574774 -0.489033 -0.219805 6.17095e+10
1 -1.5 1.5 -0.607519 -0.333513 -0.17728 1.38165e+10
1.5 -1 1.5 -0.641741 -0.311932 -0.119725 2.15607e+10
1 -0.5 1.5 -0.639572 -0.353788 -0.156082 2.76865e+10
1.5 0 1.5 -0.678577 -0.330069 -0.095313 4.34079e+10
1 0.5 1.5 -0.66586 -0.377767 -0.135278 5.29032e+10
1.5 1 1.5 -0.7095 -0.350616 -0.0707783 8.30927e+10
1 1.5 1.5 -0.683738 -0.405953 -0.112277 9.47382e+10
2 -1.5 1.5 -0.633761 -0.272192 -0.0910718 1.59773e+10
2.5 -1 1.5 -0.665257 -0.244575 -0.037365 2.44183e+10
2 -0.5 1.5 -0.676612 -0.286168 -0.0621987 3.33751e+10
2.5 0 1.5 -0.710902 -0.255684 -0.00492866 5.10781e+10
2 0.5 1.5 -0.717013 -0.301155 -0.0340331 6.73561e+10
2.5 1 1.5 -0.752753 -0.266713 0.0277081 1.02767e+11
2 1.5 1.5 -0.750356 -0.317298 -0.00497801 1.28309e+11
