449
-2.5 -1 -1.5 -0.120839 0.377328 0.483859 3.48734e+10
-2.5 0 -1.5 0.115346 0.326397 0.542364 4.78183e+10
-2.5 1 -1.5 0.405999 0.164104 0.619641 7.36566e+10
-2 -1.5 -1.5 -0.177985 0.393932 0.46672 3.01864e+10
-1.5 -1 -1.5 -0.0735411 0.415409 0.470838 3.431e+10
-2 -0.5 -1.5 0.0118614 0.393476 0.493273 4.08081e+10
-1.5 0 -1.5 0.151466 0.379897 0.503544 5.13095e+10
-2 0.5 -1.5 0.263756 0.293972 0.554887 6.20187e+10
-1.5 1 -1.5 0.397392 0.229056 0.567496 8.78168e+10
-2 1.5 -1.5 0.522613 0.10362 0.621694 1.0693e+11
-1 -1.5 -1.5 -0.139028 0.413182 0.471282 2.88243e+10
-0.5 -1 -1.5 -0.0503315 0.421516 0.47037 3.39018e+10
-1 -0.5 -1.5 0.038897 0.413601 0.475886 4.15967e+10
-0.5 0 -1.5 0.153238 0.389812 0.481429 5.29058e+10
-1 0.5 -1.5 0.284441 0.332748 0.515491 6.82463e+10
-0.5 1 -1.5 0.40661 0.274696 0.522166 9.68748e+10
-1 1.5 -1.5 0.517973 0.1758 0.56727 1.29442e+11
0 -1.5 -1.5 -0.117047 0.408979 0.483637 2.76254e+10
0.5 -1 -1.5 -0.0418737 0.412454 0.47617 3.29544e+10
0 -0.5 -1.5 0.0438789 0.415072 0.468962 4.16257e+10
0.5 0 -1.5 0.143788 0.396819 0.465973 5.34707e+10
0 0.5 -1.5 0.26792 0.351279 0.484875 7.09721e+10
0.5 1 -1.5 0.381311 0.304379 0.485565 9.78898e+10
0 1.5 -1.5 0.521646 0.213216 0.52353 1.40172e+11
1 -1.5 -1.5 -0.107493 0.390436 0.498488 2.6125e+10
1.5 -1 -1.5 -0.0412487 0.392586 0.48378 3.14137e+10
1 -0.5 -1.5 0.041156 0.407528 0.466935 4.08415e+10
1.5 0 -1.5 0.131178 0.395655 0.455411 5.22946e+10
1 0.5 -1.5 0.247446 0.370231 0.460655 7.09806e+10
1.5 1 -1.5 0.350201 0.333304 0.452406 9.75951e+10
1 1.5 -1.5 0.487287 0.247764 0.482126 1.4181e+11
2 -1.5 -1.5 -0.100637 0.362786 0.512821 2.43098e+10
2.5 -1 -1.5 -0.0391832 0.365526 0.490865 2.92466e+10
2 -0.5 -1.5 0.0335823 0.390081 0.466674 3.89179e+10
2.5 0 -1.5 0.114488 0.382621 0.446619 4.93064e+10
2 0.5 -1.5 0.224295 0.375505 0.441153 6.87351e+10
2.5 1 -1.5 0.329791 0.357219 0.417865 9.43357e+10
2 1.5 -1.5 0.461149 0.301688 0.432617 1.41667e+11
-2.25 -0.75 -1.25 0.141424 0.0964815 0.614728 1.14841e+10
-2.25 0.25 -1.25 0.302749 0.0843392 0.640285 1.77056e+10
-2.25 1.25 -1.25 0.475778 0.0109933 0.660068 3.03355e+10
-1.75 -1.25 -1.25 0.124835 0.0906059 0.6078 9.77882e+09
-1.25 -0.75 -1.25 0.20484 0.109128 0.608592 1.16766e+10
-1.75 -0.25 -1.25 0.246491 0.112794 0.617845 1.41686e+10
-1.25 0.25 -1.25 0.353117 0.100228 0.619543 1.907e+10
-1.75 0.75 -1.25 0.391511 0.0891905 0.632823 2.38018e+10
-1.25 1.25 -1.25 0.495069 0.0651526 0.629849 3.43381e+10
-0.75 -1.25 -1.25 0.182517 0.10254 0.609558 9.70829e+09
-0.25 -0.75 -1.25 0.256107 0.119001 0.605018 1.19687e+10
-0.75 -0.25 -1.25 0.292727 0.117496 0.607118 1.48813e+10
-0.25 0.25 -1.25 0.372091 0.118504 0.600887 1.98461e+10
-0.75 0.75 -1.25 0.435847 0.0917604 0.611749 2.64783e+10
-0.25 1.25 -1.25 0.534194 0.0721196 0.598776 3.87145e+10
0.25 -1.25 -1.25 0.235363 0.1138 0.611509 9.70921e+09
0.75 -0.75 -1.25 0.298403 0.129389 0.600187 1.21459e+10
0.25 -0.25 -1.25 0.326406 0.128784 0.597111 1.54144e+10
0.75 0.25 -1.25 0.401801 0.134559 0.584262 2.06963e+10
0.25 0.75 -1.25 0.458348 0.112866 0.588644 2.77191e+10
0.75 1.25 -1.25 0.531366 0.11802 0.567881 3.99149e+10
1.25 -1.25 -1.25 0.28141 0.127277 0.609267 9.62038e+09
1.75 -0.75 -1.25 0.339049 0.144306 0.590417 1.21126e+10
1.25 -0.25 -1.25 0.364628 0.141387 0.585166 1.57794e+10
1.75 0.25 -1.25 0.430454 0.150156 0.565661 2.12196e+10
1.25 0.75 -1.25 0.472234 0.140785 0.56559 2.88104e+10
1.75 1.25 -1.25 0.538987 0.153998 0.537408 4.05354e+10
2.25 -1.25 -1.25 0.327919 0.14378 0.600731 9.4434e+09
2.25 -0.25 -1.25 0.397973 0.158898 0.567722 1.57211e+10
2.25 0.75 -1.25 0.487858 0.165813 0.538101 2.87574e+10
-2.5 -1.5 -1 -0.123001 0.269467 0.514014 4.50732e+10
-2.5 -0.5 -1 0.0592681 0.240679 0.550219 5.58955e+10
-2.5 0.5 -1 0.311472 0.101935 0.614174 7.4395e+10
-2.5 1.5 -1 0.499863 -0.223636 0.671715 8.4457e+10
-1.5 -1.5 -1 -0.0837824 0.311832 0.507422 4.37757e+10
-2 -1 -1 -0.0231127 0.296161 0.516641 4.99804e+10
-1.5 -0.5 -1 0.0882778 0.29484 0.521001 5.95014e+10
-2 0 -1 0.187764 0.228004 0.557115 6.88769e+10
-1.5 0.5 -1 0.324169 0.198806 0.561799 9.1297e+10
-2 1 -1 0.449461 0.0415744 0.619479 1.00961e+11
-1.5 1.5 -1 0.566836 -0.048151 0.627432 1.38691e+11
-0.5 -1.5 -1 -0.0515501 0.323163 0.512893 4.30232e+10
-1 -1 -1 0.00711999 0.320979 0.507373 5.08324e+10
-0.5 -0.5 -1 0.105947 0.31211 0.507568 6.2438e+10
-1 0 -1 0.207526 0.271081 0.525929 7.60134e+10
-0.5 0.5 -1 0.319614 0.228362 0.528235 1.00528e+11
-1 1 -1 0.442236 0.141941 0.56513 1.2409e+11
-0.5 1.5 -1 0.54164 0.0797868 0.562091 1.79323e+11
0.5 -1.5 -1 -0.0283027 0.317685 0.523324 4.19781e+10
0 -1 -1 0.0289071 0.325065 0.507946 5.12812e+10
0.5 -0.5 -1 0.113918 0.315675 0.501061 6.35212e+10
0 0 -1 0.205381 0.288257 0.505681 7.97945e+10
0.5 0.5 -1 0.309204 0.254859 0.501307 1.06903e+11
0 1 -1 0.430793 0.177419 0.52689 1.40545e+11
0.5 1.5 -1 0.53974 0.130169 0.519327 1.97813e+11
1.5 -1.5 -1 -0.00909186 0.303819 0.533632 4.02752e+10
1 -1 -1 0.0418612 0.316925 0.51149 5.05776e+10
1.5 -0.5 -1 0.119551 0.309311 0.497558 6.30378e+10
1 0 -1 0.205858 0.297816 0.492022 8.18898e+10
1.5 0.5 -1 0.303109 0.274946 0.47933 1.09086e+11
1 1 -1 0.414847 0.218615 0.492521 1.47074e+11
1.5 1.5 -1 0.513539 0.176126 0.47925 2.05892e+11
2.5 -1.5 -1 0.0117962 0.28388 0.54147 3.79609e+10
2 -1 -1 0.0565971 0.303842 0.514644 4.87861e+10
2.5 -0.5 -1 0.129856 0.300289 0.492648 6.06945e+10
2 0 -1 0.204173 0.296972 0.480397 8.10452e+10
2.5 0.5 -1 0.29217 0.280662 0.458428 1.05747e+11
2 1 -1 0.399025 0.24524 0.46216 1.47487e+11
2.5 1.5 -1 0.502478 0.227026 0.430676 2.04828e+11
-2.25 -1.25 -0.75 0.0327055 0.19184 0.56397 1.26009e+10
-2.25 -0.25 -0.75 0.170244 0.226066 0.566851 1.63652e+10
-2.25 0.75 -0.75 0.398607 0.133125 0.596017 2.33083e+10
-1.25 -1.25 -0.75 0.0915074 0.205441 0.565784 1.27393e+10
-1.75 -0.75 -0.75 0.131595 0.217763 0.563056 1.46708e+10
-1.25 -0.25 -0.75 0.234627 0.236306 0.558449 1.81433e+10
-1.75 0.25 -0.75 0.319822 0.236213 0.565778 2.1242e+10
-1.25 0.75 -0.75 0.443164 0.198807 0.561269 2.96904e+10
-1.75 1.25 -0.75 0.512152 0.123627 0.576604 3.11262e+10
-0.25 -1.25 -0.75 0.139728 0.212004 0.570611 1.29403e+10
-0.75 -0.75 -0.75 0.177776 0.229161 0.560039 1.53786e+10
-0.25 -0.25 -0.75 0.265653 0.242406 0.550442 1.94997e+10
-0.75 0.25 -0.75 0.344934 0.239596 0.549361 2.38783e+10
-0.25 0.75 -0.75 0.442278 0.243228 0.529283 3.23281e+10
-0.75 1.25 -0.75 0.534239 0.194061 0.537034 4.05244e+10
0.75 -1.25 -0.75 0.177772 0.214795 0.573724 1.29992e+10
0.25 -0.75 -0.75 0.212638 0.231895 0.558992 1.59487e+10
0.75 -0.25 -0.75 0.284142 0.247982 0.542002 2.03906e+10
0.25 0.25 -0.75 0.347673 0.25442 0.532812 2.56125e+10
0.75 0.75 -0.75 0.432204 0.255748 0.510873 3.49074e+10
0.25 1.25 -0.75 0.533825 0.221467 0.50869 4.52186e+10
1.75 -1.25 -0.75 0.213163 0.21699 0.572604 1.28711e+10
1.25 -0.75 -0.75 0.238106 0.234006 0.554888 1.61523e+10
1.75 -0.25 -0.75 0.29947 0.250865 0.532076 2.06516e+10
1.25 0.25 -0.75 0.358955 0.259042 0.520327 2.69715e+10
1.75 0.75 -0.75 0.436224 0.269812 0.490081 3.66016e+10
1.25 1.25 -0.75 0.514991 0.263483 0.478952 4.88119e+10
2.25 -0.75 -0.75 0.266736 0.234867 0.547485 1.60349e+10
2.25 0.25 -0.75 0.365596 0.268727 0.501622 2.7043e+10
2.25 1.25 -0.75 0.500551 0.299628 0.444521 4.876e+10
-2.5 -1 -0.5 0.00500442 0.217775 0.53984 5.59371e+10
-2.5 0 -0.5 0.222016 0.145365 0.576266 6.27171e+10
-2.5 1 -0.5 0.484315 -0.0940031 0.636988 5.29029e+10
-2 -1.5 -0.5 -0.0607553 0.247134 0.524399 5.25231e+10
-1.5 -1 -0.5 0.034502 0.263091 0.522646 5.98549e+10
-2 -0.5 -0.5 0.115206 0.22585 0.539796 6.46693e+10
-1.5 0 -0.5 0.24276 0.204958 0.542992 8.00756e+10
-2 0.5 -0.5 0.350083 0.104564 0.580064 7.92946e+10
-1.5 1 -0.5 0.474346 0.0710856 0.573399 1.0572e+11
-2 1.5 -0.5 0.550499 -0.127718 0.624204 6.75408e+10
-1 -1.5 -0.5 -0.0244584 0.275967 0.522885 5.32775e+10
-0.5 -1 -0.5 0.0638841 0.280905 0.518287 6.27666e+10
-1 -0.5 -0.5 0.142148 0.257695 0.521988 7.22019e+10
-0.5 0 -0.5 0.249062 0.231908 0.520084 9.18722e+10
-1 0.5 -0.5 0.362063 0.163941 0.543343 1.0542e+11
-0.5 1 -0.5 0.469613 0.140095 0.53004 1.34315e+11
-1 1.5 -0.5 0.571055 0.0986733 0.546693 1.16159e+11
0 -1.5 -0.5 0.00646911 0.282669 0.529416 5.35651e+10
0.5 -1 -0.5 0.082638 0.281658 0.519162 6.4278e+10
0 -0.5 -0.5 0.155327 0.269812 0.512392 7.7364e+10
0.5 0 -0.5 0.250355 0.251674 0.502375 9.8525e+10
0 0.5 -0.5 0.355244 0.203782 0.511359 1.19372e+11
0.5 1 -0.5 0.456499 0.157775 0.502619 1.62136e+11
0 1.5 -0.5 0.562921 0.0847716 0.520844 1.84232e+11
1 -1.5 -0.5 0.031057 0.277512 0.537672 5.29189e+10
1.5 -1 -0.5 0.100445 0.27673 0.520257 6.40201e+10
1 -0.5 -0.5 0.164125 0.272817 0.50596 7.97466e+10
1.5 0 -0.5 0.251978 0.255385 0.490824 1.02233e+11
1 0.5 -0.5 0.348635 0.22236 0.490741 1.30405e+11
1.5 1 -0.5 0.452813 0.198152 0.472184 1.76557e+11
1 1.5 -0.5 0.56551 0.124202 0.486509 2.21292e+11
2 -1.5 -0.5 0.0563608 0.267156 0.544044 5.12204e+10
2.5 -1 -0.5 0.122498 0.267476 0.519717 6.20767e+10
2 -0.5 -0.5 0.177052 0.270162 0.500449 7.96703e+10
2.5 0 -0.5 0.260109 0.261645 0.475843 1.01461e+11
2 0.5 -0.5 0.345871 0.238221 0.469777 1.34607e+11
2.5 1 -0.5 0.43711 0.222347 0.440389 1.74722e+11
2 1.5 -0.5 0.54401 0.174678 0.445498 2.30001e+11
-2.25 -0.75 -0.25 0.0734413 0.301136 0.524347 1.52493e+10
-2.25 0.25 -0.25 0.275238 0.305118 0.521807 1.81248e+10
-2.25 1.25 -0.25 0.512396 0.179738 0.552456 1.22313e+10
-1.75 -1.25 -0.25 0.0144128 0.290396 0.525301 1.40907e+10
-1.25 -0.75 -0.25 0.12162 0.325594 0.515393 1.66688e+10
-1.75 -0.25 -0.25 0.199877 0.326943 0.513968 1.82576e+10
-1.25 0.25 -0.25 0.311933 0.341354 0.49724 2.31219e+10
-1.75 0.75 -0.25 0.417644 0.277747 0.518279 2.31255e+10
-1.25 1.25 -0.25 0.523779 0.194455 0.516173 2.94491e+10
-0.75 -1.25 -0.25 0.0646246 0.301243 0.528606 1.47136e+10
-0.25 -0.75 -0.25 0.150395 0.327375 0.514027 1.78586e+10
-0.75 -0.25 -0.25 0.225944 0.344935 0.501112 2.07293e+10
-0.25 0.25 -0.25 0.325076 0.352483 0.4805 2.6425e+10
-0.75 0.75 -0.25 0.429666 0.323723 0.481039 2.99295e+10
-0.25 1.25 -0.25 0.53281 0.315727 0.4543 4.03368e+10
0.25 -1.25 -0.25 0.0983191 0.30047 0.533613 1.51229e+10
0.75 -0.75 -0.25 0.165341 0.324033 0.512322 1.84996e+10
0.25 -0.25 -0.25 0.233346 0.347002 0.493218 2.23622e+10
0.75 0.25 -0.25 0.316498 0.361872 0.466036 2.90885e+10
0.25 0.75 -0.25 0.4201 0.357278 0.452029 3.50638e+10
0.75 1.25 -0.25 0.511134 0.344497 0.4204 4.60429e+10
1.25 -1.25 -0.25 0.122743 0.295104 0.536594 1.51796e+10
1.75 -0.75 -0.25 0.180163 0.316545 0.509448 1.86952e+10
1.25 -0.25 -0.25 0.233395 0.344347 0.48558 2.33525e+10
1.75 0.25 -0.25 0.300845 0.365092 0.451517 2.9922e+10
1.25 0.75 -0.25 0.400451 0.371101 0.431989 3.83121e+10
1.75 1.25 -0.25 0.480624 0.377159 0.389765 5.00203e+10
2.25 -1.25 -0.25 0.148092 0.284601 0.536707 1.49432e+10
2.25 -0.25 -0.25 0.236942 0.336564 0.476703 2.34319e+10
2.25 0.75 -0.25 0.376374 0.386247 0.407291 3.85273e+10
-2.5 -1.5 0 -0.0542244 0.186747 0.532363 5.09772e+10
-2.5 -0.5 0 0.131934 0.173324 0.547883 5.3315e+10
-2.5 0.5 0 0.354765 0.157293 0.559722 4.04379e+10
-2.5 1.5 0 0.506804 -0.13569 0.608452 2.74999e+10
-1.5 -1.5 0 -0.0150076 0.239553 0.524867 5.48383e+10
-2 -1 0 0.0465452 0.216651 0.528991 5.68931e+10
-1.5 -0.5 0 0.161249 0.228079 0.521962 6.64104e+10
-2 0 0 0.257353 0.19315 0.535896 6.09731e+10
-1.5 0.5 0 0.386093 0.148134 0.534483 7.43586e+10
-2 1 0 0.503991 0.0643159 0.569227 4.81491e+10
-1.5 1.5 0 0.590147 -0.0400707 0.567892 5.61053e+10
-0.5 -1.5 0 0.022309 0.261438 0.526607 5.73175e+10
-1 -1 0 0.0826609 0.253758 0.517974 6.336e+10
-0.5 -0.5 0 0.184861 0.24529 0.511137 7.66691e+10
-1 0 0 0.276756 0.205444 0.517738 8.14672e+10
-0.5 0.5 0 0.377286 0.176842 0.507137 1.01921e+11
-1 1 0 0.472812 0.11014 0.524296 9.04899e+10
-0.5 1.5 0 0.593975 0.0881702 0.508502 1.13768e+11
0.5 -1.5 0 0.051513 0.264171 0.533178 5.85542e+10
0 -1 0 0.107822 0.263049 0.516536 6.80075e+10
0.5 -0.5 0 0.193777 0.253442 0.503274 8.32824e+10
0 0 0 0.28158 0.225307 0.500123 9.55166e+10
0.5 0.5 0 0.385911 0.198772 0.486368 1.2263e+11
0 1 0 0.49062 0.147986 0.493391 1.30533e+11
0.5 1.5 0 0.577729 0.117723 0.473081 1.62107e+11
1.5 -1.5 0 0.0784807 0.260261 0.539052 5.82783e+10
1 -1 0 0.125824 0.263519 0.516536 7.02776e+10
1.5 -0.5 0 0.206713 0.255731 0.49722 8.68738e+10
1 0 0 0.286205 0.235701 0.487452 1.05249e+11
1.5 0.5 0 0.380113 0.212329 0.467899 1.35251e+11
1 1 0 0.48249 0.166389 0.468154 1.58471e+11
1.5 1.5 0 0.572951 0.153139 0.439984 1.96428e+11
2.5 -1.5 0 0.107291 0.252161 0.541785 5.6682e+10
2 -1 0 0.148428 0.259628 0.515982 7.03695e+10
2.5 -0.5 0 0.224254 0.255864 0.489175 8.66656e+10
2 0 0 0.292948 0.244036 0.474026 1.09476e+11
2.5 0.5 0 0.381058 0.234504 0.443475 1.38683e+11
2 1 0 0.471903 0.19923 0.43887 1.7316e+11
2.5 1.5 0 0.549514 0.20107 0.397433 2.02268e+11
-2.25 -1.25 0.25 -0.0620976 0.348446 0.490776 1.32587e+10
-2.25 -0.25 0.25 0.148682 0.367045 0.490709 1.4532e+10
-2.25 0.75 0.25 0.41657 0.256001 0.513111 1.38009e+10
-1.25 -1.25 0.25 0.000665771 0.374371 0.49058 1.44978e+10
-1.75 -0.75 0.25 0.068884 0.39278 0.48054 1.52453e+10
-1.25 -0.25 0.25 0.198558 0.419924 0.461225 1.84937e+10
-1.75 0.25 0.25 0.298885 0.378834 0.471303 1.74487e+10
-1.25 0.75 0.25 0.408343 0.376615 0.446668 2.09843e+10
-1.75 1.25 0.25 0.547838 0.267899 0.491994 1.12368e+10
-0.25 -1.25 0.25 0.0384384 0.379599 0.493394 1.54276e+10
-0.75 -0.75 0.25 0.10736 0.409693 0.471932 1.7257e+10
-0.25 -0.25 0.25 0.204567 0.431034 0.446705 2.11586e+10
-0.75 0.25 0.25 0.302149 0.428186 0.436002 2.25975e+10
-0.25 0.75 0.25 0.400728 0.422114 0.408242 2.82343e+10
-0.75 1.25 0.25 0.51943 0.320983 0.435935 2.63494e+10
0.75 -1.25 0.25 0.0561793 0.37348 0.497004 1.58608e+10
0.25 -0.75 0.25 0.11743 0.407074 0.468636 1.8599e+10
0.75 -0.25 0.25 0.193234 0.429622 0.437389 2.29944e+10
0.25 0.25 0.25 0.297673 0.441393 0.416207 2.65803e+10
0.75 0.75 0.25 0.383996 0.445003 0.381005 3.35196e+10
0.25 1.25 0.25 0.49053 0.412387 0.378815 3.49439e+10
1.75 -1.25 0.25 0.0715255 0.356385 0.500823 1.58855e+10
1.25 -0.75 0.25 0.118468 0.398381 0.466527 1.92508e+10
1.75 -0.25 0.25 0.182351 0.421196 0.429679 2.37387e+10
1.25 0.25 0.25 0.266988 0.447585 0.399691 2.88255e+10
1.75 0.75 0.25 0.331939 0.467047 0.354468 3.5526e+10
1.25 1.25 0.25 0.458506 0.433142 0.34576 4.01781e+10
2.25 -0.75 0.25 0.121896 0.379874 0.464738 1.91974e+10
2.25 0.25 0.25 0.241986 0.441638 0.385509 2.92774e+10
2.25 1.25 0.25 0.40963 0.470009 0.308774 4.21273e+10
-2.5 -1 0.5 0.0387196 0.164799 0.530538 4.24668e+10
-2.5 0 0.5 0.236863 0.135342 0.541339 3.52975e+10
-2.5 1 0.5 0.480039 -0.112361 0.5928 2.0188e+10
-2 -1.5 0.5 -0.0181646 0.203348 0.521996 4.71803e+10
-1.5 -1 0.5 0.081149 0.226292 0.513971 5.29485e+10
-2 -0.5 0.5 0.148253 0.193423 0.519925 4.76409e+10
-1.5 0 0.5 0.283513 0.200392 0.507984 5.58789e+10
-2 0.5 0.5 0.396903 0.151011 0.527422 4.15767e+10
-1.5 1 0.5 0.498274 0.191742 0.503013 4.25658e+10
-2 1.5 0.5 0.544962 -0.0678937 0.561689 2.17493e+10
-1 -1.5 0.5 0.0242913 0.241689 0.519906 5.24383e+10
-0.5 -1 0.5 0.121828 0.251578 0.508307 6.10079e+10
-1 -0.5 0.5 0.198178 0.232789 0.503076 6.22612e+10
-0.5 0 0.5 0.301762 0.222351 0.487972 7.4265e+10
-1 0.5 0.5 0.392659 0.193411 0.490042 6.40799e+10
-0.5 1 0.5 0.49281 0.144141 0.480334 7.77606e+10
-1 1.5 0.5 0.614539 0.0933341 0.507272 5.15703e+10
0 -1.5 0.5 0.0611937 0.255767 0.523814 5.5996e+10
0.5 -1 0.5 0.142819 0.257048 0.507013 6.62856e+10
0 -0.5 0.5 0.216409 0.245902 0.493309 7.30473e+10
0.5 0 0.5 0.309406 0.225099 0.477168 8.95113e+10
0 0.5 0.5 0.398975 0.191161 0.47396 9.08876e+10
0.5 1 0.5 0.494739 0.169614 0.453368 1.09045e+11
0 1.5 0.5 0.581801 0.122587 0.462726 8.82363e+10
1 -1.5 0.5 0.0911357 0.257782 0.529212 5.7683e+10
1.5 -1 0.5 0.165457 0.256918 0.506717 6.89299e+10
1 -0.5 0.5 0.227295 0.248242 0.487649 8.04832e+10
1.5 0 0.5 0.313838 0.234561 0.464325 9.92963e+10
1 0.5 0.5 0.401351 0.202247 0.456389 1.10242e+11
1.5 1 0.5 0.48584 0.18069 0.43128 1.31348e+11
1 1.5 0.5 0.575964 0.160381 0.426697 1.22856e+11
2 -1.5 0.5 0.119862 0.253769 0.532825 5.77583e+10
2.5 -1 0.5 0.189474 0.254395 0.503448 6.89745e+10
2 -0.5 0.5 0.244127 0.250644 0.480722 8.38403e+10
2.5 0 0.5 0.325578 0.244859 0.449201 1.02349e+11
2 0.5 0.5 0.401143 0.223537 0.435292 1.21293e+11
2.5 1 0.5 0.477337 0.217022 0.39918 1.42278e+11
2 1.5 0.5 0.548063 0.175801 0.398236 1.46865e+11
-2.25 -0.75 0.75 0.00294334 0.427603 0.458883 1.13811e+10
-2.25 0.25 0.75 0.252115 0.3963 0.473344 1.04821e+10
-2.25 1.25 0.75 0.440992 0.318392 0.49503 4.66363e+09
-1.75 -1.25 0.75 -0.0626582 0.419411 0.460245 1.24144e+10
-1.25 -0.75 0.75 0.0603472 0.467778 0.439667 1.4293e+10
-1.75 -0.25 0.75 0.149809 0.453415 0.442093 1.33079e+10
-1.25 0.25 0.75 0.271615 0.459285 0.418974 1.53116e+10
-1.75 0.75 0.75 0.413603 0.370146 0.458033 1.23417e+10
-1.25 1.25 0.75 0.551148 0.340693 0.434033 1.47046e+10
-0.75 -1.25 0.75 -0.0123287 0.444323 0.457529 1.38823e+10
-0.25 -0.75 0.75 0.0822464 0.476219 0.430109 1.63313e+10
-0.75 -0.25 0.75 0.175847 0.490467 0.412978 1.6915e+10
-0.25 0.25 0.75 0.27884 0.498769 0.380252 2.05339e+10
-0.75 0.75 0.75 0.383143 0.463721 0.386855 1.82793e+10
-0.25 1.25 0.75 0.487766 0.402591 0.37447 2.06115e+10
0.25 -1.25 0.75 0.00525448 0.444217 0.458326 1.4781e+10
0.75 -0.75 0.75 0.0775093 0.473741 0.42402 1.76272e+10
0.25 -0.25 0.75 0.170979 0.496389 0.39587 1.97448e+10
0.75 0.25 0.75 0.24635 0.506948 0.357945 2.35952e+10
0.25 0.75 0.75 0.360649 0.488103 0.349806 2.3808e+10
0.75 1.25 0.75 0.435453 0.477405 0.320101 2.70825e+10
1.25 -1.25 0.75 0.0156928 0.42813 0.462211 1.52053e+10
1.75 -0.75 0.75 0.070811 0.451452 0.423596 1.80728e+10
1.25 -0.25 0.75 0.143095 0.494247 0.384672 2.11965e+10
1.75 0.25 0.75 0.209264 0.511469 0.339934 2.52797e+10
1.25 0.75 0.75 0.309411 0.507414 0.318774 2.75687e+10
1.75 1.25 0.75 0.347933 0.513515 0.278615 2.98355e+10
2.25 -1.25 0.75 0.020394 0.403417 0.466079 1.50411e+10
2.25 -0.25 0.75 0.122019 0.475256 0.377973 2.1484e+10
2.25 0.75 0.75 0.2618 0.51584 0.294218 2.90398e+10
-2.5 -1.5 1 -0.0362522 0.167879 0.514494 3.35482e+10
-2.5 -0.5 1 0.126822 0.148552 0.523471 2.59959e+10
-2.5 0.5 1 0.453796 -0.0431702 0.570982 1.50242e+10
-2.5 1.5 1 0.523406 -0.127028 0.579074 9.83059e+09
-1.5 -1.5 1 0.0154736 0.221823 0.51086 4.10693e+10
-2 -1 1 0.0651861 0.199598 0.508478 3.59502e+10
-1.5 -0.5 1 0.179257 0.21362 0.496636 4.06297e+10
-2 0 1 0.257509 0.176523 0.508749 2.97841e+10
-1.5 0.5 1 0.384307 0.174659 0.491368 3.38314e+10
-2 1 1 0.522893 -0.0573971 0.555248 1.71542e+10
-1.5 1.5 1 0.589044 -0.0617349 0.537084 1.95294e+10
-0.5 -1.5 1 0.0589073 0.246246 0.512433 4.66085e+10
-1 -1 1 0.115676 0.238302 0.498849 4.62098e+10
-0.5 -0.5 1 0.220319 0.243559 0.481133 5.34703e+10
-1 0 1 0.29194 0.219782 0.477763 4.62692e+10
-0.5 0.5 1 0.410935 0.208258 0.45953 5.40669e+10
-1 1 1 0.538651 0.155556 0.476432 3.96819e+10
-0.5 1.5 1 0.614087 0.139377 0.468728 3.99684e+10
0.5 -1.5 1 0.0958294 0.256944 0.516303 5.0277e+10
0 -1 1 0.149309 0.253386 0.494594 5.38854e+10
0.5 -0.5 1 0.239931 0.245998 0.474541 6.38596e+10
0 0 1 0.324187 0.231603 0.462401 6.32776e+10
0.5 0.5 1 0.40652 0.204219 0.442603 7.30789e+10
0 1 1 0.487428 0.177466 0.441803 5.9931e+10
0.5 1.5 1 0.568769 0.168089 0.421912 6.3804e+10
1.5 -1.5 1 0.126973 0.256254 0.520682 5.21563e+10
1 -1 1 0.176427 0.256846 0.494019 5.90224e+10
1.5 -0.5 1 0.256055 0.249229 0.468276 7.01258e+10
1 0 1 0.322935 0.229356 0.451525 7.55402e+10
1.5 0.5 1 0.401629 0.215151 0.424228 8.80763e+10
1 1 1 0.48822 0.190555 0.418016 8.17507e+10
1.5 1.5 1 0.567529 0.18845 0.39116 8.38893e+10
2.5 -1.5 1 0.15773 0.253882 0.521276 5.22e+10
2 -1 1 0.198945 0.255363 0.492122 6.14571e+10
2.5 -0.5 1 0.273639 0.252316 0.459348 7.25757e+10
2 0 1 0.33576 0.239157 0.438667 8.28982e+10
2.5 0.5 1 0.411228 0.235076 0.402811 9.51329e+10
2 1 1 0.474672 0.2137 0.390714 9.66412e+10
2.5 1.5 1 0.532202 0.211455 0.357177 9.83621e+10
-2.25 -1.25 1.25 -0.123699 0.433171 0.443104 9.04512e+09
-2.25 -0.25 1.25 0.0932055 0.459785 0.447522 7.67989e+09
-2.25 0.75 1.25 0.393326 0.421221 0.47023 3.60311e+09
-1.25 -1.25 1.25 -0.062615 0.483637 0.431241 1.09923e+10
-1.75 -0.75 1.25 -0.0080871 0.489419 0.423673 9.96922e+09
-1.25 -0.25 1.25 0.13136 0.518325 0.400063 1.11647e+10
-1.75 0.25 1.25 0.254164 0.444206 0.433154 8.66782e+09
-1.25 0.75 1.25 0.391983 0.469214 0.399263 1.01815e+10
-1.75 1.25 1.25 0.490208 0.385986 0.452068 4.05162e+09
-0.25 -1.25 1.25 -0.0381612 0.500157 0.425435 1.22747e+10
-0.75 -0.75 1.25 0.0430633 0.522772 0.403634 1.24286e+10
-0.25 -0.25 1.25 0.144404 0.545492 0.368419 1.45048e+10
-0.75 0.25 1.25 0.249452 0.532416 0.367848 1.30028e+10
-0.25 0.75 1.25 0.340798 0.517537 0.341134 1.43094e+10
-0.75 1.25 1.25 0.534347 0.427367 0.380379 1.15824e+10
0.75 -1.25 1.25 -0.0257351 0.490431 0.425931 1.31226e+10
0.25 -0.75 1.25 0.0418145 0.531938 0.388937 1.42517e+10
0.75 -0.25 1.25 0.116211 0.550574 0.349226 1.65303e+10
0.25 0.25 1.25 0.233034 0.542983 0.334698 1.66577e+10
0.75 0.75 1.25 0.297028 0.535702 0.301808 1.79407e+10
0.25 1.25 1.25 0.442868 0.472659 0.324799 1.51517e+10
1.75 -1.25 1.25 -0.0293985 0.468074 0.429603 1.33257e+10
1.25 -0.75 1.25 0.0341373 0.515875 0.385199 1.52343e+10
1.75 -0.25 1.25 0.089181 0.530088 0.341057 1.75528e+10
1.25 0.25 1.25 0.169147 0.5569 0.308289 1.87308e+10
1.75 0.75 1.25 0.233441 0.554099 0.270143 2.03266e+10
1.25 1.25 1.25 0.365274 0.511935 0.274169 1.89191e+10
2.25 -0.75 1.25 0.0155633 0.490034 0.384015 1.5332e+10
2.25 0.25 1.25 0.133507 0.542499 0.29385 1.9612e+10
2.25 1.25 1.25 0.276486 0.544637 0.23228 2.04942e+10
-2.5 -1 1.5 0.0388249 0.199691 0.500991 1.9816e+10
-2.5 0 1.5 0.291919 0.130975 0.533208 1.14999e+10
-2.5 1 1.5 0.477502 -0.0971224 0.57527 6.64906e+09
-2 -1.5 1.5 -0.0032738 0.206522 0.500329 2.72149e+10
-1.5 -1 1.5 0.0954939 0.228965 0.48976 2.93547e+10
-2 -0.5 1.5 0.159533 0.210125 0.493296 2.10641e+10
-1.5 0 1.5 0.276704 0.199374 0.482373 2.36188e+10
-2 0.5 1.5 0.459497 0.0214459 0.534433 1.239e+10
-1.5 1 1.5 0.559393 0.00277877 0.519677 1.41004e+10
-2 1.5 1.5 0.554392 -0.0899148 0.555426 7.71373e+09
-1 -1.5 1.5 0.0445765 0.235219 0.500647 3.37683e+10
-0.5 -1 1.5 0.138254 0.247634 0.483254 3.76422e+10
-1 -0.5 1.5 0.200155 0.233698 0.474428 3.25575e+10
-0.5 0 1.5 0.317174 0.237856 0.452378 3.70329e+10
-1 0.5 1.5 0.406794 0.200933 0.461148 2.7045e+10
-0.5 1 1.5 0.525429 0.173681 0.445624 2.99535e+10
-1 1.5 1.5 0.605593 -0.0217655 0.507664 1.53888e+10
0 -1.5 1.5 0.089251 0.253701 0.50293 3.85965e+10
0.5 -1 1.5 0.177068 0.25905 0.479791 4.42123e+10
0 -0.5 1.5 0.238605 0.248961 0.461443 4.30623e+10
0.5 0 1.5 0.322407 0.230176 0.440025 4.90257e+10
0 0.5 1.5 0.411249 0.21979 0.432598 4.13029e+10
0.5 1 1.5 0.486624 0.205936 0.41142 4.30752e+10
0 1.5 1.5 0.602409 0.17958 0.436786 2.88252e+10
1 -1.5 1.5 0.127021 0.258937 0.506551 4.20219e+10
1.5 -1 1.5 0.202327 0.256591 0.47923 4.83253e+10
1 -0.5 1.5 0.258102 0.248723 0.455394 5.07885e+10
1.5 0 1.5 0.33346 0.239317 0.426605 5.75383e+10
1 0.5 1.5 0.397667 0.216339 0.414629 5.35852e+10
1.5 1 1.5 0.463218 0.203897 0.390037 5.65457e+10
1 1.5 1.5 0.570151 0.208545 0.390753 4.44536e+10
2 -1.5 1.5 0.159944 0.258317 0.508951 4.35269e+10
2.5 -1 1.5 0.228795 0.258656 0.474549 4.99979e+10
2 -0.5 1.5 0.275365 0.250811 0.447944 5.55726e+10
2.5 0 1.5 0.34577 0.244657 0.413375 6.2233e+10
2 0.5 1.5 0.4029 0.226949 0.39706 6.27046e+10
2.5 1 1.5 0.471691 0.237289 0.359444 6.4472e+10
2 1.5 1.5 0.551703 0.240045 0.351066 5.4688e+10
