449
-2.5 -1 -1.5 -0.319478 0.545614 0.389811 4.41186e+09
-2.5 0 -1.5 -0.151485 0.592261 0.353197 6.46285e+09
-2.5 1 -1.5 0.118415 0.593989 0.360125 1.07515e+10
-2 -1.5 -1.5 -0.364442 0.51001 0.432352 3.52996e+09
-1.5 -1 -1.5 -0.313198 0.528441 0.412496 3.95986e+09
-2 -0.5 -1.5 -0.243679 0.565802 0.374004 5.05844e+09
-1.5 0 -1.5 -0.154739 0.579438 0.356737 6.04219e+09
-2 0.5 -1.5 -0.0350222 0.596368 0.344859 7.9942e+09
-1.5 1 -1.5 0.0902326 0.587435 0.338766 1.02701e+10
-2 1.5 -1.5 0.264586 0.56098 0.36696 1.45048e+10
-1 -1.5 -1.5 -0.363581 0.482081 0.463836 3.10254e+09
-0.5 -1 -1.5 -0.320914 0.49649 0.437703 3.51286e+09
-1 -0.5 -1.5 -0.248963 0.545066 0.389516 4.59523e+09
-0.5 0 -1.5 -0.170164 0.558922 0.365153 5.49505e+09
-1 0.5 -1.5 -0.0526921 0.585631 0.339844 7.4674e+09
-0.5 1 -1.5 0.061747 0.583742 0.323933 9.58527e+09
-1 1.5 -1.5 0.22244 0.568499 0.333752 1.38883e+10
0 -1.5 -1.5 -0.372046 0.437215 0.496515 2.70656e+09
0.5 -1 -1.5 -0.334528 0.44812 0.465539 3.06718e+09
0 -0.5 -1.5 -0.264053 0.511449 0.408934 4.0816e+09
0.5 0 -1.5 -0.191885 0.524932 0.378943 4.86164e+09
0 0.5 -1.5 -0.0765997 0.567953 0.340714 6.77016e+09
0.5 1 -1.5 0.0360177 0.574306 0.314922 8.69719e+09
0 1.5 -1.5 0.193677 0.577412 0.306712 1.29758e+10
1 -1.5 -1.5 -0.382907 0.373127 0.529513 2.3442e+09
1.5 -1 -1.5 -0.348818 0.378431 0.494811 2.64921e+09
1 -0.5 -1.5 -0.282743 0.459759 0.432475 3.55001e+09
1.5 0 -1.5 -0.215118 0.471908 0.397381 4.21481e+09
1 0.5 -1.5 -0.101653 0.537683 0.347233 5.9823e+09
1.5 1 -1.5 0.00402863 0.549672 0.312464 7.62956e+09
1 1.5 -1.5 0.15892 0.575451 0.286643 1.15568e+10
2 -1.5 -1.5 -0.388237 0.290188 0.559401 2.02928e+09
2.5 -1 -1.5 -0.355475 0.28954 0.52065 2.28905e+09
2 -0.5 -1.5 -0.300947 0.385142 0.457773 3.05667e+09
2.5 0 -1.5 -0.239579 0.393304 0.418197 3.61684e+09
2 0.5 -1.5 -0.132132 0.485237 0.359397 5.16126e+09
2.5 1 -1.5 -0.0390953 0.498359 0.318141 6.52808e+09
2 1.5 -1.5 0.114117 0.556571 0.27505 1.00189e+10
-2.25 -0.75 -1.25 0.314078 -0.108852 0.669219 1.53715e+09
-2.25 0.25 -1.25 0.361371 -0.112356 0.653177 2.39716e+09
-2.25 1.25 -1.25 0.432044 -0.136762 0.649903 4.39735e+09
-1.75 -1.25 -1.25 0.325621 -0.0957958 0.682575 1.24453e+09
-1.25 -0.75 -1.25 0.381063 -0.0723936 0.66339 1.47792e+09
-1.75 -0.25 -1.25 0.370058 -0.092552 0.654456 1.86905e+09
-1.25 0.25 -1.25 0.431711 -0.0787522 0.636998 2.38496e+09
-1.75 0.75 -1.25 0.426073 -0.105587 0.639851 3.16933e+09
-1.25 1.25 -1.25 0.488067 -0.105148 0.62711 4.35453e+09
-0.75 -1.25 -1.25 0.391118 -0.0506276 0.678794 1.18015e+09
-0.25 -0.75 -1.25 0.449051 -0.0243566 0.651492 1.42562e+09
-0.75 -0.25 -1.25 0.440663 -0.0522253 0.641093 1.83149e+09
-0.25 0.25 -1.25 0.50162 -0.0372678 0.616973 2.35856e+09
-0.75 0.75 -1.25 0.493462 -0.0707678 0.618838 3.16569e+09
-0.25 1.25 -1.25 0.554815 -0.0653941 0.598326 4.34863e+09
0.25 -1.25 -1.25 0.455445 0.00355536 0.667108 1.12701e+09
0.75 -0.75 -1.25 0.512624 0.0298492 0.631623 1.37491e+09
0.25 -0.25 -1.25 0.508191 -0.00289731 0.621553 1.78379e+09
0.75 0.25 -1.25 0.565141 0.0122842 0.590154 2.29522e+09
0.25 0.75 -1.25 0.560418 -0.0272593 0.591541 3.12882e+09
0.75 1.25 -1.25 0.623999 -0.0180556 0.557667 4.33897e+09
1.25 -1.25 -1.25 0.512001 0.0631363 0.646365 1.07618e+09
1.75 -0.75 -1.25 0.56504 0.0873497 0.602921 1.31292e+09
1.25 -0.25 -1.25 0.567746 0.0495481 0.594011 1.72108e+09
1.75 0.25 -1.25 0.621217 0.0647 0.552246 2.20915e+09
1.25 0.75 -1.25 0.622932 0.0248399 0.553097 3.0516e+09
1.75 1.25 -1.25 0.683302 0.0360841 0.505047 4.2006e+09
2.25 -1.25 -1.25 0.55674 0.125925 0.615972 1.02143e+09
2.25 -0.25 -1.25 0.615573 0.105976 0.555613 1.63538e+09
2.25 0.75 -1.25 0.674885 0.0790463 0.501674 2.91999e+09
-2.5 -1.5 -1 -0.396493 0.552739 0.429921 1.03532e+10
-2.5 -0.5 -1 -0.274227 0.615781 0.390458 1.41821e+10
-2.5 0.5 -1 -0.0648006 0.649048 0.380151 2.11697e+10
-2.5 1.5 -1 0.237457 0.603161 0.414536 3.65735e+10
-1.5 -1.5 -1 -0.391245 0.530434 0.464269 9.21496e+09
-2 -1 -1 -0.342092 0.577441 0.420843 1.1456e+10
-1.5 -0.5 -1 -0.280045 0.596996 0.40922 1.31319e+10
-2 0 -1 -0.185298 0.633077 0.384658 1.66661e+10
-1.5 0.5 -1 -0.0882002 0.640287 0.37762 2.03993e+10
-2 1 -1 0.059021 0.639304 0.382283 2.6949e+10
-1.5 1.5 -1 0.184797 0.615028 0.38363 3.54825e+10
-0.5 -1.5 -1 -0.403034 0.486767 0.498992 8.15836e+09
-1 -1 -1 -0.352171 0.54662 0.448634 1.03427e+10
-0.5 -0.5 -1 -0.304584 0.561786 0.430059 1.19401e+10
-1 0 -1 -0.209018 0.611812 0.395367 1.55694e+10
-0.5 0.5 -1 -0.12819 0.6218 0.379429 1.90146e+10
-1 1 -1 0.0164733 0.637887 0.369245 2.57966e+10
-0.5 1.5 -1 0.126969 0.625325 0.35918 3.38264e+10
0.5 -1.5 -1 -0.423378 0.421793 0.532859 7.16913e+09
0 -1 -1 -0.374865 0.49741 0.477247 9.20797e+09
0.5 -0.5 -1 -0.337324 0.509151 0.452695 1.06249e+10
0 0 -1 -0.246908 0.575834 0.408892 1.41469e+10
0.5 0.5 -1 -0.178771 0.587584 0.385447 1.71555e+10
0 1 -1 -0.0383593 0.625416 0.361578 2.38762e+10
0.5 1.5 -1 0.0667552 0.62706 0.338753 3.12274e+10
1.5 -1.5 -1 -0.442659 0.335614 0.563809 6.27276e+09
1 -1 -1 -0.402868 0.42634 0.506008 8.08849e+09
1.5 -0.5 -1 -0.373333 0.432505 0.476842 9.2863e+09
1 0 -1 -0.289746 0.521207 0.42574 1.25083e+10
1.5 0.5 -1 -0.230271 0.534755 0.395318 1.50699e+10
1 1 -1 -0.0964737 0.599448 0.357813 2.14488e+10
1.5 1.5 -1 0.00145276 0.615293 0.323375 2.77512e+10
2.5 -1.5 -1 -0.451145 0.232601 0.588051 5.49784e+09
2 -1 -1 -0.426706 0.332926 0.532659 7.05277e+09
2.5 -0.5 -1 -0.401832 0.333104 0.499242 8.05722e+09
2 0 -1 -0.333873 0.440923 0.444867 1.08614e+10
2.5 0.5 -1 -0.283432 0.45308 0.409185 1.29766e+10
2 1 -1 -0.156654 0.553043 0.359538 1.86685e+10
2.5 1.5 -1 -0.0701573 0.57641 0.317419 2.38055e+10
-2.25 -1.25 -0.75 0.233153 -0.0371131 0.66941 4.17394e+09
-2.25 -0.25 -0.75 0.285958 -0.0199009 0.64984 6.02067e+09
-2.25 0.75 -0.75 0.355471 -0.0247018 0.645488 9.70438e+09
-1.25 -1.25 -0.75 0.293945 -0.00518297 0.672983 3.96872e+09
-1.75 -0.75 -0.75 0.288396 -0.0129993 0.657802 4.87466e+09
-1.25 -0.25 -0.75 0.345548 0.00608766 0.643924 5.94017e+09
-1.75 0.25 -0.75 0.346482 -0.00760127 0.640857 7.53303e+09
-1.25 0.75 -0.75 0.41183 0.00206203 0.628863 9.87412e+09
-1.75 1.25 -0.75 0.427011 -0.0226707 0.636406 1.32196e+10
-0.25 -1.25 -0.75 0.353786 0.0338216 0.669592 3.80069e+09
-0.75 -0.75 -0.75 0.34851 0.0198956 0.653775 4.72616e+09
-0.25 -0.25 -0.75 0.404658 0.0411619 0.632082 5.83259e+09
-0.75 0.25 -0.75 0.405882 0.0218113 0.627516 7.54154e+09
-0.25 0.75 -0.75 0.466235 0.0331275 0.608849 9.92193e+09
-0.75 1.25 -0.75 0.474532 0.00738918 0.614713 1.34035e+10
0.75 -1.25 -0.75 0.409189 0.0778365 0.657108 3.64556e+09
0.25 -0.75 -0.75 0.407393 0.0592686 0.642212 4.58323e+09
0.75 -0.25 -0.75 0.460893 0.080408 0.612518 5.68895e+09
0.25 0.25 -0.75 0.461442 0.0585989 0.60805 7.43829e+09
0.75 0.75 -0.75 0.513956 0.0714837 0.582106 9.68314e+09
0.25 1.25 -0.75 0.52189 0.0423393 0.587575 1.33328e+10
1.75 -1.25 -0.75 0.456718 0.125516 0.634567 3.48257e+09
1.25 -0.75 -0.75 0.459812 0.102156 0.621615 4.41543e+09
1.75 -0.25 -0.75 0.507911 0.121111 0.583843 5.44819e+09
1.25 0.25 -0.75 0.511309 0.0962917 0.580807 7.20378e+09
1.75 0.75 -0.75 0.560892 0.111842 0.543248 9.29072e+09
1.25 1.25 -0.75 0.569264 0.0864714 0.547994 1.29297e+10
2.25 -0.75 -0.75 0.502737 0.147494 0.590903 4.19744e+09
2.25 0.25 -0.75 0.554063 0.137631 0.541233 6.82792e+09
2.25 1.25 -0.75 0.613965 0.133705 0.49366 1.23005e+10
-2.5 -1 -0.5 -0.185261 0.396023 0.489664 2.40591e+10
-2.5 0 -0.5 -0.0503315 0.421516 0.47037 3.39018e+10
-2.5 1 -0.5 0.153238 0.389812 0.481429 5.29058e+10
-2 -1.5 -0.5 -0.216255 0.369824 0.521264 1.99343e+10
-1.5 -1 -0.5 -0.165467 0.382954 0.511027 2.2442e+10
-2 -0.5 -0.5 -0.117047 0.408979 0.483637 2.76254e+10
-1.5 0 -0.5 -0.0418737 0.412454 0.47617 3.29544e+10
-2 0.5 -0.5 0.0438789 0.415072 0.468962 4.16257e+10
-1.5 1 -0.5 0.143788 0.396819 0.465973 5.34707e+10
-2 1.5 -0.5 0.26792 0.351279 0.484875 7.09721e+10
-1 -1.5 -0.5 -0.197218 0.349446 0.549029 1.81901e+10
-0.5 -1 -0.5 -0.153077 0.35749 0.532239 2.07388e+10
-1 -0.5 -0.5 -0.107493 0.390436 0.498488 2.6125e+10
-0.5 0 -0.5 -0.0412487 0.392586 0.48378 3.14137e+10
-1 0.5 -0.5 0.041156 0.407528 0.466935 4.08415e+10
-0.5 1 -0.5 0.131178 0.395655 0.455411 5.22946e+10
-1 1.5 -0.5 0.247446 0.370231 0.460655 7.09806e+10
0 -1.5 -0.5 -0.182999 0.316493 0.574348 1.65288e+10
0.5 -1 -0.5 -0.142336 0.321184 0.550915 1.89552e+10
0 -0.5 -0.5 -0.100637 0.362786 0.512821 2.43098e+10
0.5 0 -0.5 -0.0391832 0.365526 0.490865 2.92466e+10
0 0.5 -0.5 0.0335823 0.390081 0.466674 3.89179e+10
0.5 1 -0.5 0.114488 0.382621 0.446619 4.93064e+10
0 1.5 -0.5 0.224295 0.375505 0.441153 6.87351e+10
1 -1.5 -0.5 -0.168568 0.273389 0.594456 1.49514e+10
1.5 -1 -0.5 -0.129475 0.275564 0.564438 1.7151e+10
1 -0.5 -0.5 -0.0930576 0.324878 0.524823 2.22291e+10
1.5 0 -0.5 -0.0363303 0.32781 0.49571 2.65632e+10
1 0.5 -0.5 0.0295096 0.365864 0.46582 3.59212e+10
1.5 1 -0.5 0.108143 0.367445 0.434824 4.51724e+10
1 1.5 -0.5 0.206872 0.37596 0.419463 6.44839e+10
2 -1.5 -0.5 -0.149654 0.223651 0.606301 1.34839e+10
2.5 -1 -0.5 -0.1117 0.223782 0.569481 1.53979e+10
2 -0.5 -0.5 -0.0830617 0.278247 0.531493 2.00078e+10
2.5 0 -0.5 -0.0289705 0.283764 0.494056 2.37295e+10
2 0.5 -0.5 0.0289532 0.332588 0.461499 3.23467e+10
2.5 1 -0.5 0.105192 0.342244 0.419863 4.0257e+10
2 1.5 -0.5 0.200076 0.376914 0.393839 5.84907e+10
-2.25 -0.75 -0.25 0.171636 0.0921688 0.620121 8.08335e+09
-2.25 0.25 -0.25 0.256107 0.119001 0.605018 1.19687e+10
-2.25 1.25 -0.25 0.372091 0.118504 0.600887 1.98461e+10
-1.75 -1.25 -0.25 0.168543 0.0817606 0.638642 6.72112e+09
-1.25 -0.75 -0.25 0.224988 0.107048 0.625274 7.89643e+09
-1.75 -0.25 -0.25 0.235363 0.1138 0.611509 9.70921e+09
-1.25 0.25 -0.25 0.298403 0.129389 0.600187 1.21459e+10
-1.75 0.75 -0.25 0.326406 0.128784 0.597111 1.54144e+10
-1.25 1.25 -0.25 0.401801 0.134559 0.584262 2.06963e+10
-0.75 -1.25 -0.25 0.223148 0.100728 0.645643 6.45122e+09
-0.25 -0.75 -0.25 0.275357 0.124168 0.624393 7.69079e+09
-0.75 -0.25 -0.25 0.28141 0.127277 0.609267 9.62038e+09
-0.25 0.25 -0.25 0.339049 0.144306 0.590417 1.21126e+10
-0.75 0.75 -0.25 0.364628 0.141387 0.585166 1.57794e+10
-0.25 1.25 -0.25 0.430454 0.150156 0.565661 2.12196e+10
0.25 -1.25 -0.25 0.274209 0.121321 0.644537 6.19698e+09
0.75 -0.75 -0.25 0.322811 0.142993 0.615448 7.43785e+09
0.25 -0.25 -0.25 0.327919 0.14378 0.600731 9.4434e+09
0.75 0.25 -0.25 0.380606 0.160692 0.574049 1.18969e+10
0.25 0.75 -0.25 0.397973 0.158898 0.567722 1.57211e+10
0.75 1.25 -0.25 0.448935 0.174208 0.539424 2.06457e+10
1.25 -1.25 -0.25 0.320649 0.144474 0.633656 5.93e+09
1.75 -0.75 -0.25 0.365045 0.164005 0.596769 7.10811e+09
1.25 -0.25 -0.25 0.370627 0.161184 0.583945 9.12499e+09
1.75 0.25 -0.25 0.415277 0.177021 0.548556 1.1348e+10
1.25 0.75 -0.25 0.428544 0.176276 0.54278 1.51929e+10
1.75 1.25 -0.25 0.475477 0.199325 0.50157 1.96008e+10
2.25 -1.25 -0.25 0.360435 0.170113 0.611999 5.6198e+09
2.25 -0.25 -0.25 0.406898 0.180763 0.556582 8.63508e+09
2.25 0.75 -0.25 0.457933 0.195767 0.505398 1.42657e+10
-2.5 -1.5 0 -0.149387 0.294554 0.540729 3.22572e+10
-2.5 -0.5 0 -0.0515501 0.323163 0.512893 4.30232e+10
-2.5 0.5 0 0.105947 0.31211 0.507568 6.2438e+10
-2.5 1.5 0 0.319614 0.228362 0.528235 1.00528e+11
-1.5 -1.5 0 -0.11829 0.289372 0.564204 3.00192e+10
-2 -1 0 -0.0925162 0.310254 0.533008 3.6079e+10
-1.5 -0.5 0 -0.0283027 0.317685 0.523324 4.19781e+10
-2 0 0 0.0289071 0.325065 0.507946 5.12812e+10
-1.5 0.5 0 0.113918 0.315675 0.501061 6.35212e+10
-2 1 0 0.205381 0.288257 0.505681 7.97945e+10
-1.5 1.5 0 0.309204 0.254859 0.501307 1.06903e+11
-0.5 -1.5 0 -0.0911361 0.273492 0.586011 2.78847e+10
-1 -1 0 -0.067004 0.299229 0.550239 3.42349e+10
-0.5 -0.5 0 -0.00909186 0.303819 0.533632 4.02752e+10
-1 0 0 0.0418612 0.316925 0.51149 5.05776e+10
-0.5 0.5 0 0.119551 0.309311 0.497558 6.30378e+10
-1 1 0 0.205858 0.297816 0.492022 8.18898e+10
-0.5 1.5 0 0.303109 0.274946 0.47933 1.09086e+11
0.5 -1.5 0 -0.0651344 0.250032 0.602859 2.57686e+10
0 -1 0 -0.0434441 0.2801 0.565067 3.21238e+10
0.5 -0.5 0 0.0117962 0.28388 0.54147 3.79609e+10
0 0 0 0.0565971 0.303842 0.514644 4.87861e+10
0.5 0.5 0 0.129856 0.300289 0.492648 6.06945e+10
0 1 0 0.204173 0.296972 0.480397 8.10452e+10
0.5 1.5 0 0.29217 0.280662 0.458428 1.05747e+11
1.5 -1.5 0 -0.0372587 0.222163 0.611979 2.36768e+10
1 -1 0 -0.01883 0.255004 0.57485 2.979e+10
1.5 -0.5 0 0.0344545 0.258986 0.543965 3.51135e+10
1 0 0 0.074502 0.285483 0.514967 4.58882e+10
1.5 0.5 0 0.142989 0.286681 0.483876 5.63929e+10
1 1 0 0.208074 0.294987 0.465744 7.67684e+10
1.5 1.5 0 0.295457 0.294327 0.429474 9.88862e+10
2.5 -1.5 0 -0.00620421 0.195366 0.610159 2.16493e+10
2 -1 0 0.00806909 0.226257 0.576737 2.72932e+10
2.5 -0.5 0 0.0590799 0.230993 0.537906 3.18856e+10
2 0 0 0.0935655 0.263567 0.508919 4.20221e+10
2.5 0.5 0 0.160265 0.273345 0.466646 5.10555e+10
2 1 0 0.220388 0.292625 0.444582 7.04243e+10
2.5 1.5 0 0.310086 0.305673 0.395159 8.96712e+10
-2.25 -1.25 0.25 0.0569138 0.163599 0.600099 9.34527e+09
-2.25 -0.25 0.25 0.139728 0.212004 0.570611 1.29403e+10
-2.25 0.75 0.25 0.265653 0.242406 0.550442 1.94997e+10
-1.25 -1.25 0.25 0.107057 0.171749 0.613457 9.00398e+09
-1.75 -0.75 0.25 0.116981 0.191832 0.588583 1.08138e+10
-1.25 -0.25 0.25 0.177772 0.214795 0.573724 1.29992e+10
-1.75 0.25 0.25 0.212638 0.231895 0.558992 1.59487e+10
-1.25 0.75 0.25 0.284142 0.247982 0.542002 2.03906e+10
-1.75 1.25 0.25 0.347673 0.25442 0.532812 2.56125e+10
-0.25 -1.25 0.25 0.153371 0.177153 0.620959 8.67191e+09
-0.75 -0.75 0.25 0.159959 0.196186 0.594663 1.06038e+10
-0.25 -0.25 0.25 0.213163 0.21699 0.572604 1.28711e+10
-0.75 0.25 0.25 0.238106 0.234006 0.554888 1.61523e+10
-0.25 0.75 0.25 0.29947 0.250865 0.532076 2.06516e+10
-0.75 1.25 0.25 0.358955 0.259042 0.520327 2.69715e+10
0.75 -1.25 0.25 0.196367 0.182147 0.620207 8.30916e+09
0.25 -0.75 0.25 0.200757 0.198718 0.594777 1.03024e+10
0.75 -0.25 0.25 0.248226 0.217308 0.566046 1.25254e+10
0.25 0.25 0.25 0.266736 0.234867 0.547485 1.60349e+10
0.75 0.75 0.25 0.321213 0.253878 0.51641 2.03667e+10
0.25 1.25 0.25 0.365596 0.268727 0.501622 2.7043e+10
1.75 -1.25 0.25 0.235839 0.187364 0.60984 7.88941e+09
1.25 -0.75 0.25 0.239216 0.200788 0.587062 9.88215e+09
1.75 -0.25 0.25 0.280674 0.217782 0.550829 1.19284e+10
1.25 0.25 0.25 0.294818 0.23553 0.533077 1.54778e+10
1.75 0.75 0.25 0.3378 0.256639 0.49263 1.92529e+10
1.25 1.25 0.25 0.368684 0.276891 0.47631 2.59595e+10
2.25 -0.75 0.25 0.273128 0.202922 0.569504 9.30411e+09
2.25 0.25 0.25 0.318794 0.236566 0.508805 1.45173e+10
2.25 1.25 0.25 0.380462 0.286498 0.440306 2.40755e+10
-2.5 -1 0.5 -0.0647059 0.272163 0.537799 4.64244e+10
-2.5 0 0.5 0.0638841 0.280905 0.518287 6.27666e+10
-2.5 1 0.5 0.249062 0.231908 0.520084 9.18722e+10
-2 -1.5 0.5 -0.0894556 0.258924 0.564327 3.98164e+10
-1.5 -1 0.5 -0.0321713 0.272012 0.552323 4.51125e+10
-2 -0.5 0.5 0.00646911 0.282669 0.529416 5.35651e+10
-1.5 0 0.5 0.082638 0.281658 0.519162 6.4278e+10
-2 0.5 0.5 0.155327 0.269812 0.512392 7.7364e+10
-1.5 1 0.5 0.250355 0.251674 0.502375 9.8525e+10
-2 1.5 0.5 0.355244 0.203782 0.511359 1.19372e+11
-1 -1.5 0.5 -0.0553964 0.254212 0.584521 3.76769e+10
-0.5 -1 0.5 -0.00271952 0.262965 0.565735 4.33286e+10
-1 -0.5 0.5 0.031057 0.277512 0.537672 5.29189e+10
-0.5 0 0.5 0.100445 0.27673 0.520257 6.40201e+10
-1 0.5 0.5 0.164125 0.272817 0.50596 7.97466e+10
-0.5 1 0.5 0.251978 0.255385 0.490824 1.02233e+11
-1 1.5 0.5 0.348635 0.22236 0.490741 1.30405e+11
0 -1.5 0.5 -0.02367 0.241711 0.600871 3.54624e+10
0.5 -1 0.5 0.0267176 0.248524 0.5749 4.10523e+10
0 -0.5 0.5 0.0563608 0.267156 0.544044 5.12204e+10
0.5 0 0.5 0.122498 0.267476 0.519717 6.20767e+10
0 0.5 0.5 0.177052 0.270162 0.500449 7.96703e+10
0.5 1 0.5 0.260109 0.261645 0.475843 1.01461e+11
0 1.5 0.5 0.345871 0.238221 0.469777 1.34607e+11
1 -1.5 0.5 0.00841737 0.224879 0.61048 3.31147e+10
1.5 -1 0.5 0.0576562 0.230856 0.577323 3.83177e+10
1 -0.5 0.5 0.0837934 0.252839 0.546152 4.85597e+10
1.5 0 0.5 0.146952 0.256362 0.513609 5.84145e+10
1 0.5 0.5 0.195061 0.266223 0.491176 7.67221e+10
1.5 1 0.5 0.271523 0.267538 0.455051 9.56737e+10
1 1.5 0.5 0.344374 0.255132 0.443004 1.29433e+11
2 -1.5 0.5 0.0420744 0.207815 0.610537 3.06669e+10
2.5 -1 0.5 0.0897336 0.214828 0.569474 3.52294e+10
2 -0.5 0.5 0.112503 0.236263 0.540824 4.49842e+10
2.5 0 0.5 0.172548 0.243838 0.498876 5.33489e+10
2 0.5 0.5 0.215086 0.262494 0.474478 7.10116e+10
2.5 1 0.5 0.2921 0.278306 0.424617 8.7349e+10
2 1.5 0.5 0.358316 0.279655 0.406919 1.20406e+11
-2.25 -0.75 0.75 0.0291572 0.272256 0.549609 1.27493e+10
-2.25 0.25 0.75 0.150395 0.327375 0.514027 1.78586e+10
-2.25 1.25 0.75 0.325076 0.352483 0.4805 2.6425e+10
-1.75 -1.25 0.75 0.0103173 0.242691 0.577676 1.08961e+10
-1.25 -0.75 0.75 0.0667736 0.271098 0.55932 1.26669e+10
-1.75 -0.25 0.75 0.0983191 0.30047 0.533613 1.51229e+10
-1.25 0.25 0.75 0.165341 0.324033 0.512322 1.84996e+10
-1.75 0.75 0.75 0.233346 0.347002 0.493218 2.23622e+10
-1.25 1.25 0.75 0.316498 0.361872 0.466036 2.90885e+10
-0.75 -1.25 0.75 0.0522748 0.239915 0.590883 1.05672e+10
-0.25 -0.75 0.75 0.0999474 0.26339 0.565602 1.24164e+10
-0.75 -0.25 0.75 0.122743 0.295104 0.536594 1.51796e+10
-0.25 0.25 0.75 0.180163 0.316545 0.509448 1.86952e+10
-0.75 0.75 0.75 0.233395 0.344347 0.48558 2.33525e+10
-0.25 1.25 0.75 0.300845 0.365092 0.451517 2.9922e+10
0.25 -1.25 0.75 0.0900913 0.232996 0.597983 1.01669e+10
0.75 -0.75 0.75 0.131741 0.252831 0.566273 1.19831e+10
0.25 -0.25 0.75 0.148092 0.284601 0.536707 1.49432e+10
0.75 0.25 0.75 0.196045 0.304931 0.503297 1.82935e+10
0.25 0.75 0.75 0.236942 0.336564 0.476703 2.34319e+10
0.75 1.25 0.75 0.294061 0.3614 0.434161 2.95303e+10
1.25 -1.25 0.75 0.126018 0.223059 0.597311 9.68346e+09
1.75 -0.75 0.75 0.161761 0.238988 0.559355 1.13436e+10
1.25 -0.25 0.75 0.173084 0.271545 0.531093 1.43464e+10
1.75 0.25 0.75 0.211845 0.291983 0.490403 1.73073e+10
1.25 0.75 0.75 0.241639 0.329113 0.462314 2.25321e+10
1.75 1.25 0.75 0.285165 0.362108 0.409101 2.76813e+10
2.25 -1.25 0.75 0.160925 0.214286 0.586559 9.11751e+09
2.25 -0.25 0.75 0.194709 0.254976 0.517505 1.33796e+10
2.25 0.75 0.75 0.246869 0.320284 0.439953 2.08959e+10
-2.5 -1.5 1 -0.0823702 0.23825 0.557481 4.49749e+10
-2.5 -0.5 1 0.022309 0.261438 0.526607 5.73175e+10
-2.5 0.5 1 0.184861 0.24529 0.511137 7.66691e+10
-2.5 1.5 1 0.377286 0.176842 0.507137 1.01921e+11
-1.5 -1.5 1 -0.0434331 0.243728 0.576352 4.33782e+10
-2 -1 1 -0.0189433 0.256232 0.546703 5.03331e+10
-1.5 -0.5 1 0.051513 0.264171 0.533178 5.85542e+10
-2 0 1 0.107822 0.263049 0.516536 6.80075e+10
-1.5 0.5 1 0.193777 0.253442 0.503274 8.32824e+10
-2 1 1 0.28158 0.225307 0.500123 9.55166e+10
-1.5 1.5 1 0.385911 0.198772 0.486368 1.2263e+11
-0.5 -1.5 1 -0.00750478 0.239209 0.59303 4.15876e+10
-1 -1 1 0.0149924 0.255204 0.559349 4.95454e+10
-0.5 -0.5 1 0.0784807 0.260261 0.539052 5.82783e+10
-1 0 1 0.125824 0.263519 0.516536 7.02776e+10
-0.5 0.5 1 0.206713 0.255731 0.49722 8.68738e+10
-1 1 1 0.286205 0.235701 0.487452 1.05249e+11
-0.5 1.5 1 0.380113 0.212329 0.467899 1.35251e+11
0.5 -1.5 1 0.0273112 0.229544 0.604145 3.94897e+10
0 -1 1 0.0467552 0.247705 0.568889 4.79956e+10
0.5 -0.5 1 0.107291 0.252161 0.541785 5.6682e+10
0 0 1 0.148428 0.259628 0.515982 7.03695e+10
0.5 0.5 1 0.224254 0.255864 0.489175 8.66656e+10
0 1 1 0.292948 0.244036 0.474026 1.09476e+11
0.5 1.5 1 0.381058 0.234504 0.443475 1.38683e+11
1.5 -1.5 1 0.0626627 0.218184 0.607065 3.70841e+10
1 -1 1 0.079799 0.236812 0.572899 4.56836e+10
1.5 -0.5 1 0.138007 0.242237 0.538425 5.36835e+10
1 0 1 0.173837 0.254367 0.511149 6.81674e+10
1.5 0.5 1 0.244942 0.25745 0.474802 8.27234e+10
1 1 1 0.303674 0.252717 0.456005 1.07569e+11
1.5 1.5 1 0.383417 0.258836 0.41114 1.32476e+11
2.5 -1.5 1 0.0990465 0.209072 0.599107 3.44127e+10
2 -1 1 0.11346 0.226029 0.568215 4.26695e+10
2.5 -0.5 1 0.168658 0.234479 0.525137 4.9508e+10
2 0 1 0.200972 0.248305 0.499085 6.36713e+10
2.5 0.5 1 0.269199 0.260023 0.45132 7.58217e+10
2 1 1 0.320041 0.267553 0.428408 1.0048e+11
2.5 1.5 1 0.405074 0.292259 0.368699 1.22613e+11
-2.25 -1.25 1.25 -0.0700958 0.308705 0.541012 1.17256e+10
-2.25 -0.25 1.25 0.0384384 0.379599 0.493394 1.54276e+10
-2.25 0.75 1.25 0.204567 0.431034 0.446705 2.11586e+10
-1.25 -1.25 1.25 -0.0298931 0.304348 0.5572 1.15054e+10
-1.75 -0.75 1.25 -0.00698902 0.343825 0.52194 1.34167e+10
-1.25 -0.25 1.25 0.0561793 0.37348 0.497004 1.58608e+10
-1.75 0.25 1.25 0.11743 0.407074 0.468636 1.8599e+10
-1.25 0.75 1.25 0.193234 0.429622 0.437389 2.29944e+10
-1.75 1.25 1.25 0.297673 0.441393 0.416207 2.65803e+10
-0.25 -1.25 1.25 0.00263565 0.291654 0.56954 1.11647e+10
-0.75 -0.75 1.25 0.0205816 0.33215 0.531395 1.33545e+10
-0.25 -0.25 1.25 0.0715255 0.356385 0.500823 1.58855e+10
-0.75 0.25 1.25 0.118468 0.398381 0.466527 1.92508e+10
-0.25 0.75 1.25 0.182351 0.421196 0.429679 2.37387e+10
-0.75 1.25 1.25 0.266988 0.447585 0.399691 2.88255e+10
0.75 -1.25 1.25 0.0335166 0.272274 0.576402 1.06977e+10
0.25 -0.75 1.25 0.0446827 0.314364 0.537628 1.30254e+10
0.75 -0.25 1.25 0.0861906 0.335809 0.501439 1.54344e+10
0.25 0.25 1.25 0.121896 0.379874 0.464738 1.91974e+10
0.75 0.75 1.25 0.170962 0.40373 0.421494 2.33423e+10
0.25 1.25 1.25 0.241986 0.441638 0.385509 2.92774e+10
1.75 -1.25 1.25 0.0640239 0.250327 0.575371 1.01051e+10
1.25 -0.75 1.25 0.0683185 0.290168 0.538946 1.24282e+10
1.75 -0.25 1.25 0.101019 0.30838 0.497193 1.45362e+10
1.25 0.25 1.25 0.127071 0.358612 0.459267 1.84285e+10
1.75 0.75 1.25 0.162863 0.385324 0.409055 2.19144e+10
1.25 1.25 1.25 0.212811 0.433655 0.368644 2.80485e+10
2.25 -0.75 1.25 0.0928647 0.264248 0.532191 1.1616e+10
2.25 0.25 1.25 0.129755 0.329745 0.449011 1.69723e+10
2.25 1.25 1.25 0.197181 0.424754 0.345676 2.57861e+10
-2.5 -1 1.5 -0.0180393 0.242471 0.537203 4.88586e+10
-2.5 0 1.5 0.121828 0.251578 0.508307 6.10079e+10
-2.5 1 1.5 0.301762 0.222351 0.487972 7.4265e+10
-2 -1.5 1.5 -0.0437847 0.235083 0.564416 4.38989e+10
-1.5 -1 1.5 0.0212432 0.250899 0.54865 4.95459e+10
-2 -0.5 1.5 0.0611937 0.255767 0.523814 5.5996e+10
-1.5 0 1.5 0.142819 0.257048 0.507013 6.62856e+10
-2 0.5 1.5 0.216409 0.245902 0.493309 7.30473e+10
-1.5 1 1.5 0.309406 0.225099 0.477168 8.95113e+10
-2 1.5 1.5 0.398975 0.191161 0.47396 9.08876e+10
-1 -1.5 1.5 -0.00381134 0.238506 0.581315 4.29785e+10
-0.5 -1 1.5 0.0555249 0.249063 0.558748 4.9214e+10
-1 -0.5 1.5 0.0911357 0.257782 0.529212 5.7683e+10
-0.5 0 1.5 0.165457 0.256918 0.506717 6.89299e+10
-1 0.5 1.5 0.227295 0.248242 0.487649 8.04832e+10
-0.5 1 1.5 0.313838 0.234561 0.464325 9.92963e+10
-1 1.5 1.5 0.401351 0.202247 0.456389 1.10242e+11
0 -1.5 1.5 0.0337825 0.234717 0.594113 4.15688e+10
0.5 -1 1.5 0.0897344 0.243177 0.564501 4.79002e+10
0 -0.5 1.5 0.119862 0.253769 0.532825 5.77583e+10
0.5 0 1.5 0.189474 0.254395 0.503448 6.89745e+10
0 0.5 1.5 0.244127 0.250644 0.480722 8.38403e+10
0.5 1 1.5 0.325578 0.244859 0.449201 1.02349e+11
0 1.5 1.5 0.401143 0.223537 0.435292 1.21293e+11
1 -1.5 1.5 0.0705559 0.227584 0.600057 3.96765e+10
1.5 -1 1.5 0.124331 0.236063 0.563066 4.55898e+10
1 -0.5 1.5 0.151022 0.248379 0.53155 5.60948e+10
1.5 0 1.5 0.217117 0.252846 0.494146 6.6269e+10
1 0.5 1.5 0.263229 0.254765 0.468956 8.30574e+10
1.5 1 1.5 0.337234 0.25872 0.426761 9.90979e+10
1 1.5 1.5 0.402629 0.241676 0.410314 1.22241e+11
2 -1.5 1.5 0.1078 0.221001 0.596519 3.7284e+10
2.5 -1 1.5 0.159367 0.231042 0.551532 4.23871e+10
2 -0.5 1.5 0.182682 0.24389 0.522086 5.2807e+10
2.5 0 1.5 0.244542 0.254314 0.474916 6.12295e+10
2 0.5 1.5 0.285916 0.260483 0.449681 7.81666e+10
2.5 1 1.5 0.360319 0.278908 0.393818 9.15792e+10
2 1.5 1.5 0.415003 0.275995 0.371857 1.16486e+11
