449
-2.5 -1 -1.5 -0.408623 0.29307 0.595489 1.83103e+09
-2.5 0 -1.5 -0.348818 0.378431 0.494811 2.64921e+09
-2.5 1 -1.5 -0.215118 0.471908 0.397381 4.21481e+09
-2 -1.5 -1.5 -0.412842 0.21356 0.659195 1.46725e+09
-1.5 -1 -1.5 -0.402498 0.202852 0.62119 1.60048e+09
-2 -0.5 -1.5 -0.388237 0.290188 0.559401 2.02928e+09
-1.5 0 -1.5 -0.355475 0.28954 0.52065 2.28905e+09
-2 0.5 -1.5 -0.300947 0.385142 0.457773 3.05667e+09
-1.5 1 -1.5 -0.239579 0.393304 0.418197 3.61684e+09
-2 1.5 -1.5 -0.132132 0.485237 0.359397 5.16126e+09
-1 -1.5 -1.5 -0.395195 0.121359 0.677009 1.30336e+09
-0.5 -1 -1.5 -0.381733 0.108245 0.632946 1.42183e+09
-1 -0.5 -1.5 -0.380967 0.194622 0.580246 1.77223e+09
-0.5 0 -1.5 -0.348164 0.188825 0.536748 1.99821e+09
-1 0.5 -1.5 -0.310297 0.291128 0.479325 2.63787e+09
-0.5 1 -1.5 -0.254572 0.294646 0.435619 3.1176e+09
-1 1.5 -1.5 -0.167834 0.402631 0.375994 4.40489e+09
0 -1.5 -1.5 -0.364379 0.0275956 0.677612 1.18477e+09
0.5 -1 -1.5 -0.347814 0.0142222 0.62698 1.29375e+09
0 -0.5 -1.5 -0.357791 0.0979375 0.586116 1.57499e+09
0.5 0 -1.5 -0.324254 0.0902707 0.537181 1.77732e+09
0 0.5 -1.5 -0.305339 0.185365 0.491152 2.3024e+09
0.5 1 -1.5 -0.256318 0.183939 0.44389 2.71631e+09
0 1.5 -1.5 -0.193625 0.29943 0.389662 3.78255e+09
1 -1.5 -1.5 -0.323225 -0.061284 0.658226 1.11201e+09
1.5 -1 -1.5 -0.305154 -0.072385 0.601105 1.2176e+09
1 -0.5 -1.5 -0.322316 0.00317192 0.57414 1.43504e+09
1.5 0 -1.5 -0.290186 -0.00612395 0.520007 1.62067e+09
1 0.5 -1.5 -0.283949 0.084862 0.486813 2.04805e+09
1.5 1 -1.5 -0.242642 0.082235 0.435207 2.41332e+09
1 1.5 -1.5 -0.208246 0.186218 0.394578 3.28328e+09
2 -1.5 -1.5 -0.276431 -0.138691 0.618606 1.0885e+09
2.5 -1 -1.5 -0.260211 -0.144917 0.555872 1.19653e+09
2 -0.5 -1.5 -0.280955 -0.0815795 0.542399 1.35383e+09
2.5 0 -1.5 -0.254851 -0.0890672 0.483011 1.53177e+09
2 0.5 -1.5 -0.256269 -0.0135909 0.465225 1.86716e+09
2.5 1 -1.5 -0.228587 -0.0174466 0.410419 2.19895e+09
2 1.5 -1.5 -0.209495 0.0855768 0.382301 2.91021e+09
-2.25 -0.75 -1.25 0.505759 0.097561 0.664611 8.57141e+08
-2.25 0.25 -1.25 0.56504 0.0873497 0.602921 1.31292e+09
-2.25 1.25 -1.25 0.621217 0.0647 0.552246 2.20915e+09
-1.75 -1.25 -1.25 0.493802 0.133521 0.684905 6.96835e+08
-1.25 -0.75 -1.25 0.542437 0.165539 0.631854 8.11699e+08
-1.75 -0.25 -1.25 0.55674 0.125925 0.615972 1.02143e+09
-1.25 0.25 -1.25 0.605188 0.148599 0.563201 1.24029e+09
-1.75 0.75 -1.25 0.615573 0.105976 0.555613 1.63538e+09
-1.25 1.25 -1.25 0.663734 0.122076 0.501666 2.08128e+09
-0.75 -1.25 -1.25 0.524669 0.206355 0.647963 6.66245e+08
-0.25 -0.75 -1.25 0.568573 0.235962 0.586346 7.71938e+08
-0.75 -0.25 -1.25 0.58804 0.191919 0.57464 9.60134e+08
-0.25 0.25 -1.25 0.630265 0.213956 0.511996 1.15317e+09
-0.75 0.75 -1.25 0.650941 0.167432 0.504371 1.53558e+09
-0.25 1.25 -1.25 0.692756 0.183003 0.438326 1.93728e+09
0.25 -1.25 -1.25 0.544726 0.279591 0.59768 6.43647e+08
0.75 -0.75 -1.25 0.583156 0.306351 0.527181 7.39934e+08
0.25 -0.25 -1.25 0.608959 0.260691 0.519452 9.06155e+08
0.75 0.25 -1.25 0.644876 0.28035 0.446819 1.07735e+09
0.25 0.75 -1.25 0.667911 0.231857 0.44324 1.40524e+09
0.75 1.25 -1.25 0.699064 0.243847 0.368733 1.7281e+09
1.25 -1.25 -1.25 0.554322 0.351844 0.533183 6.34714e+08
1.75 -0.75 -1.25 0.586516 0.374545 0.45425 7.23855e+08
1.25 -0.25 -1.25 0.616787 0.32731 0.451449 8.58537e+08
1.75 0.25 -1.25 0.6442 0.341015 0.370848 1.00265e+09
1.25 0.75 -1.25 0.674849 0.293276 0.368694 1.29312e+09
1.75 1.25 -1.25 0.69717 0.299061 0.285098 1.5582e+09
2.25 -1.25 -1.25 0.551076 0.421427 0.45672 6.42791e+08
2.25 -0.25 -1.25 0.612269 0.389865 0.370696 8.29003e+08
2.25 0.75 -1.25 0.663446 0.346965 0.28567 1.1732e+09
-2.5 -1.5 -1 -0.456257 0.258813 0.653331 4.56297e+09
-2.5 -0.5 -1 -0.442659 0.335614 0.563809 6.27276e+09
-2.5 0.5 -1 -0.373333 0.432505 0.476842 9.2863e+09
-2.5 1.5 -1 -0.230271 0.534755 0.395318 1.50699e+10
-1.5 -1.5 -1 -0.450793 0.159664 0.676786 4.05118e+09
-2 -1 -1 -0.457685 0.244676 0.621785 4.97576e+09
-1.5 -0.5 -1 -0.451145 0.232601 0.588051 5.49784e+09
-2 0 -1 -0.426706 0.332926 0.532659 7.05277e+09
-1.5 0.5 -1 -0.401832 0.333104 0.499242 8.05722e+09
-2 1 -1 -0.333873 0.440923 0.444867 1.08614e+10
-1.5 1.5 -1 -0.283432 0.45308 0.409185 1.29766e+10
-0.5 -1.5 -1 -0.430634 0.0573348 0.685414 3.65477e+09
-1 -1 -1 -0.450344 0.14153 0.639429 4.41251e+09
-0.5 -0.5 -1 -0.441752 0.126104 0.600257 4.86279e+09
-1 0 -1 -0.436317 0.222871 0.552523 6.158e+09
-0.5 0.5 -1 -0.412944 0.21619 0.515299 7.00222e+09
-1 1 -1 -0.367338 0.337376 0.463113 9.37032e+09
-0.5 1.5 -1 -0.323832 0.346487 0.424012 1.11148e+10
0.5 -1.5 -1 -0.396857 -0.0415244 0.676175 3.37435e+09
0 -1 -1 -0.426709 0.0382551 0.641919 3.97317e+09
0.5 -0.5 -1 -0.414804 0.0218311 0.597133 4.3662e+09
0 0 -1 -0.424978 0.113819 0.559722 5.42819e+09
0.5 0.5 -1 -0.400906 0.105239 0.518256 6.14677e+09
0 1 -1 -0.381797 0.213214 0.476542 8.09651e+09
0.5 1.5 -1 -0.346387 0.214972 0.436001 9.51979e+09
1.5 -1.5 -1 -0.352789 -0.132653 0.647887 3.21902e+09
1 -1 -1 -0.389543 -0.05871 0.626576 3.6633e+09
1.5 -0.5 -1 -0.375448 -0.0737814 0.576361 4.01839e+09
1 0 -1 -0.395793 0.00789484 0.551842 4.8563e+09
1.5 0.5 -1 -0.372232 -0.00345713 0.506573 5.46992e+09
1 1 -1 -0.372512 0.101237 0.475918 7.06355e+09
1.5 1.5 -1 -0.345275 0.104219 0.43182 8.23491e+09
2.5 -1.5 -1 -0.304355 -0.208589 0.602297 3.20871e+09
2 -1 -1 -0.343728 -0.146532 0.592994 3.49543e+09
2.5 -0.5 -1 -0.330437 -0.159073 0.538122 3.83007e+09
2 0 -1 -0.356824 -0.0872517 0.526334 4.45604e+09
2.5 0.5 -1 -0.337998 -0.0987961 0.47674 4.99711e+09
2 1 -1 -0.349019 -0.0109962 0.461141 6.24009e+09
2.5 1.5 -1 -0.334013 -0.01144 0.414984 7.21645e+09
-2.25 -1.25 -0.75 0.404027 0.121049 0.696828 2.40896e+09
-2.25 -0.25 -0.75 0.456718 0.125516 0.634567 3.48257e+09
-2.25 0.75 -0.75 0.507911 0.121111 0.583843 5.44819e+09
-1.25 -1.25 -0.75 0.441219 0.180172 0.66727 2.30022e+09
-1.75 -0.75 -0.75 0.450174 0.151165 0.65036 2.79478e+09
-1.25 -0.25 -0.75 0.493685 0.175804 0.601269 3.28967e+09
-1.75 0.25 -0.75 0.502737 0.147494 0.590903 4.19744e+09
-1.25 0.75 -0.75 0.546931 0.166347 0.542694 5.13638e+09
-1.75 1.25 -0.75 0.554063 0.137631 0.541233 6.82792e+09
-0.25 -1.25 -0.75 0.46955 0.241428 0.624557 2.20887e+09
-0.75 -0.75 -0.75 0.483196 0.207826 0.612805 2.65443e+09
-0.25 -0.25 -0.75 0.522471 0.231118 0.55451 3.09597e+09
-0.75 0.25 -0.75 0.53465 0.196515 0.548213 3.91979e+09
-0.25 0.75 -0.75 0.572633 0.215364 0.489456 4.72749e+09
-0.75 1.25 -0.75 0.589422 0.185047 0.487366 6.38915e+09
0.75 -1.25 -0.75 0.489323 0.303556 0.567334 2.15052e+09
0.25 -0.75 -0.75 0.507198 0.266851 0.561398 2.52676e+09
0.75 -0.25 -0.75 0.54111 0.287812 0.493816 2.91149e+09
0.25 0.25 -0.75 0.558491 0.251242 0.491192 3.64791e+09
0.75 0.75 -0.75 0.589667 0.267599 0.422582 4.33143e+09
0.25 1.25 -0.75 0.605575 0.231843 0.424675 5.7508e+09
1.75 -1.25 -0.75 0.498376 0.363898 0.496832 2.13717e+09
1.25 -0.75 -0.75 0.522095 0.325982 0.49532 2.43839e+09
1.75 -0.25 -0.75 0.549715 0.342137 0.419212 2.77333e+09
1.25 0.25 -0.75 0.569832 0.303423 0.421816 3.37051e+09
1.75 0.75 -0.75 0.591071 0.312133 0.345572 3.89974e+09
1.25 1.25 -0.75 0.613467 0.278653 0.348612 5.14904e+09
2.25 -0.75 -0.75 0.524391 0.381522 0.41742 2.39608e+09
2.25 0.25 -0.75 0.570155 0.350467 0.339321 3.15016e+09
2.25 1.25 -0.75 0.601078 0.314324 0.264966 4.47961e+09
-2.5 -1 -0.5 -0.180633 0.224306 0.64035 1.19817e+10
-2.5 0 -0.5 -0.129475 0.275564 0.564438 1.7151e+10
-2.5 1 -0.5 -0.0363303 0.32781 0.49571 2.65632e+10
-2 -1.5 -0.5 -0.17992 0.178406 0.685961 9.79854e+09
-1.5 -1 -0.5 -0.155117 0.176224 0.647419 1.08489e+10
-2 -0.5 -0.5 -0.149654 0.223651 0.606301 1.34839e+10
-1.5 0 -0.5 -0.1117 0.223782 0.569481 1.53979e+10
-2 0.5 -0.5 -0.0830617 0.278247 0.531493 2.00078e+10
-1.5 1 -0.5 -0.0289705 0.283764 0.494056 2.37295e+10
-2 1.5 -0.5 0.0289532 0.332588 0.461499 3.23467e+10
-1 -1.5 -0.5 -0.148517 0.133218 0.686289 8.96426e+09
-0.5 -1 -0.5 -0.122271 0.132465 0.639969 9.89435e+09
-1 -0.5 -0.5 -0.123757 0.175452 0.605971 1.21641e+10
-0.5 0 -0.5 -0.0861152 0.177069 0.561245 1.38026e+10
-1 0.5 -0.5 -0.0667766 0.226093 0.52902 1.78325e+10
-0.5 1 -0.5 -0.0145287 0.232192 0.483821 2.09632e+10
-1 1.5 -0.5 0.0340726 0.294692 0.450327 2.86562e+10
0 -1.5 -0.5 -0.110918 0.0939874 0.670094 8.32297e+09
0.5 -1 -0.5 -0.0837757 0.0968423 0.61578 9.14556e+09
0 -0.5 -0.5 -0.0901943 0.133937 0.590539 1.10307e+10
0.5 0 -0.5 -0.0528536 0.137864 0.537907 1.24184e+10
0 0.5 -0.5 -0.0425025 0.182107 0.512652 1.58546e+10
0.5 1 -0.5 0.00450546 0.190787 0.459937 1.84237e+10
0 1.5 -0.5 0.0424825 0.242242 0.433327 2.49963e+10
1 -1.5 -0.5 -0.0693029 0.0617003 0.636164 7.90393e+09
1.5 -1 -0.5 -0.0425237 0.0678628 0.574473 8.64733e+09
1 -0.5 -0.5 -0.0521219 0.101652 0.55849 1.0129e+10
1.5 0 -0.5 -0.0181141 0.107365 0.498762 1.12979e+10
1 0.5 -0.5 -0.0125444 0.143865 0.482259 1.41082e+10
1.5 1 -0.5 0.0264375 0.151701 0.423547 1.61272e+10
1 1.5 -0.5 0.0496083 0.203382 0.402512 2.15739e+10
2 -1.5 -0.5 -0.0273314 0.0379561 0.585259 7.75932e+09
2.5 -1 -0.5 -0.00353824 0.0462949 0.517891 8.45766e+09
2 -0.5 -0.5 -0.0137912 0.073929 0.510584 9.51413e+09
2.5 0 -0.5 0.0136099 0.0783537 0.445281 1.05014e+10
2 0.5 -0.5 0.0145873 0.113011 0.437014 1.26602e+10
2.5 1 -0.5 0.0406288 0.119045 0.373248 1.42032e+10
2 1.5 -0.5 0.0581037 0.163093 0.361231 1.84692e+10
-2.25 -0.75 -0.25 0.319049 0.149444 0.65439 4.79473e+09
-2.25 0.25 -0.25 0.365045 0.164005 0.596769 7.10811e+09
-2.25 1.25 -0.25 0.415277 0.177021 0.548556 1.1348e+10
-1.75 -1.25 -0.25 0.317514 0.160006 0.676272 3.95456e+09
-1.25 -0.75 -0.25 0.357083 0.182773 0.628184 4.54683e+09
-1.75 -0.25 -0.25 0.360435 0.170113 0.611999 5.6198e+09
-1.25 0.25 -0.25 0.399196 0.187098 0.566899 6.66241e+09
-1.75 0.75 -0.25 0.406898 0.180763 0.556582 8.63508e+09
-1.25 1.25 -0.25 0.447433 0.199104 0.509696 1.06237e+10
-0.75 -1.25 -0.25 0.352599 0.200271 0.644556 3.77267e+09
-0.25 -0.75 -0.25 0.388214 0.221206 0.588382 4.29934e+09
-0.75 -0.25 -0.25 0.394232 0.201619 0.577494 5.28118e+09
-0.25 0.25 -0.25 0.428795 0.218354 0.522628 6.18831e+09
-0.75 0.75 -0.25 0.435335 0.203325 0.516805 7.97559e+09
-0.25 1.25 -0.25 0.467662 0.22064 0.460411 9.63002e+09
0.25 -1.25 -0.25 0.381067 0.244483 0.598151 3.62766e+09
0.75 -0.75 -0.25 0.412824 0.263885 0.533156 4.09463e+09
0.25 -0.25 -0.25 0.420854 0.238808 0.528665 4.93099e+09
0.75 0.25 -0.25 0.448784 0.253105 0.46514 5.67781e+09
0.25 0.75 -0.25 0.45931 0.234043 0.462734 7.30419e+09
0.75 1.25 -0.25 0.48279 0.247467 0.397855 8.62708e+09
1.25 -1.25 -0.25 0.400739 0.289601 0.537129 3.53807e+09
1.75 -0.75 -0.25 0.426566 0.305211 0.464367 3.94645e+09
1.25 -0.25 -0.25 0.440066 0.278514 0.464742 4.63417e+09
1.75 0.25 -0.25 0.460559 0.286746 0.393416 5.23377e+09
1.25 0.75 -0.25 0.469234 0.262762 0.398164 6.52547e+09
1.75 1.25 -0.25 0.477813 0.26732 0.327608 7.42541e+09
2.25 -1.25 -0.25 0.409707 0.332913 0.463873 3.53605e+09
2.25 -0.25 -0.25 0.445605 0.313418 0.389123 4.3866e+09
2.25 0.75 -0.25 0.470832 0.287267 0.319366 5.8616e+09
-2.5 -1.5 0 -0.0778776 0.186294 0.687279 1.71758e+10
-2.5 -0.5 0 -0.0372587 0.222163 0.611979 2.36768e+10
-2.5 0.5 0 0.0344545 0.258986 0.543965 3.51135e+10
-2.5 1.5 0 0.142989 0.286681 0.483876 5.63929e+10
-1.5 -1.5 0 -0.0434302 0.162407 0.687897 1.58258e+10
-2 -1 0 -0.0449608 0.1908 0.650227 1.9149e+10
-1.5 -0.5 0 -0.00620421 0.195366 0.610159 2.16493e+10
-2 0 0 0.00806909 0.226257 0.576737 2.72932e+10
-1.5 0.5 0 0.0590799 0.230993 0.537906 3.18856e+10
-2 1 0 0.0935655 0.263567 0.508919 4.20221e+10
-1.5 1.5 0 0.160265 0.273345 0.466646 5.10555e+10
-0.5 -1.5 0 -0.0053219 0.144252 0.673297 1.47146e+10
-1 -1 0 -0.0098726 0.167992 0.642816 1.75947e+10
-0.5 -0.5 0 0.0284286 0.174684 0.594469 1.97526e+10
-1 0 0 0.0377202 0.200945 0.566749 2.47611e+10
-0.5 0.5 0 0.0871041 0.209684 0.518572 2.86235e+10
-1 1 0 0.116818 0.239367 0.493367 3.77325e+10
-0.5 1.5 0 0.181719 0.253087 0.441689 4.52426e+10
0.5 -1.5 0 0.0350535 0.132584 0.642099 1.38793e+10
0 -1 0 0.0281887 0.15325 0.619879 1.62604e+10
0.5 -0.5 0 0.0654441 0.164296 0.562735 1.80919e+10
0 0 0 0.0713448 0.183688 0.542091 2.23672e+10
0.5 0.5 0 0.118065 0.195319 0.485249 2.55126e+10
0 1 0 0.141435 0.222716 0.464653 3.34216e+10
0.5 1.5 0 0.19598 0.239815 0.404378 3.92407e+10
1.5 -1.5 0 0.0751977 0.127642 0.594024 1.34034e+10
1 -1 0 0.0677619 0.145427 0.580452 1.52281e+10
1.5 -0.5 0 0.102389 0.158969 0.515447 1.67672e+10
1 0 0 0.105338 0.177095 0.501833 2.02304e+10
1.5 0.5 0 0.144632 0.190641 0.43747 2.2664e+10
1 1 0 0.164849 0.208976 0.423836 2.92102e+10
1.5 1.5 0 0.206816 0.225361 0.357022 3.33518e+10
2.5 -1.5 0 0.111255 0.12918 0.531222 1.34085e+10
2 -1 0 0.10525 0.142966 0.525352 1.45967e+10
2.5 -0.5 0 0.134269 0.156115 0.454392 1.58901e+10
2 0 0 0.136136 0.171398 0.447781 1.84722e+10
2.5 0.5 0 0.165141 0.181781 0.377852 2.02621e+10
2 1 0 0.179016 0.205153 0.369393 2.52986e+10
2.5 1.5 0 0.2026 0.223831 0.296972 2.79096e+10
-2.25 -1.25 0.25 0.200008 0.162116 0.676482 5.60707e+09
-2.25 -0.25 0.25 0.235839 0.187364 0.60984 7.88941e+09
-2.25 0.75 0.25 0.280674 0.217782 0.550829 1.19284e+10
-1.25 -1.25 0.25 0.239213 0.181845 0.656183 5.32131e+09
-1.75 -0.75 0.25 0.236923 0.181136 0.633101 6.41412e+09
-1.25 -0.25 0.25 0.272014 0.196836 0.587692 7.41726e+09
-1.75 0.25 0.25 0.273128 0.202922 0.569504 9.30411e+09
-1.25 0.75 0.25 0.307154 0.217904 0.525055 1.10524e+10
-1.75 1.25 0.25 0.318794 0.236566 0.508805 1.45173e+10
-0.25 -1.25 0.25 0.274125 0.207445 0.621515 5.0696e+09
-0.75 -0.75 0.25 0.272603 0.198735 0.605371 6.04171e+09
-0.25 -0.25 0.25 0.303308 0.212996 0.551853 6.89718e+09
-0.75 0.25 0.25 0.304556 0.210986 0.538953 8.63976e+09
-0.25 0.75 0.25 0.334354 0.2261 0.48497 1.0126e+10
-0.75 1.25 0.25 0.338296 0.236635 0.47363 1.32078e+10
0.75 -1.25 0.25 0.302618 0.236681 0.571713 4.8696e+09
0.25 -0.75 0.25 0.304137 0.223689 0.562507 5.69625e+09
0.75 -0.25 0.25 0.330899 0.237259 0.50024 6.4158e+09
0.25 0.25 0.25 0.330519 0.225821 0.494581 7.90014e+09
0.75 0.75 0.25 0.350698 0.236437 0.434115 9.02539e+09
0.25 1.25 0.25 0.358238 0.24241 0.425667 1.18752e+10
1.75 -1.25 0.25 0.322421 0.266599 0.507834 4.75842e+09
1.25 -0.75 0.25 0.328055 0.251008 0.504686 5.40352e+09
1.75 -0.25 0.25 0.3473 0.25951 0.435614 5.97261e+09
1.25 0.25 0.25 0.351361 0.24683 0.435446 7.20607e+09
1.75 0.75 0.25 0.362117 0.251555 0.368519 8.00624e+09
1.25 1.25 0.25 0.359579 0.243998 0.370593 1.01779e+10
2.25 -0.75 0.25 0.341382 0.276161 0.434475 5.20393e+09
2.25 0.25 0.25 0.3568 0.260297 0.365585 6.52675e+09
2.25 1.25 0.25 0.358351 0.252583 0.299258 8.71284e+09
-2.5 -1 0.5 -0.000570269 0.200571 0.648452 2.70234e+10
-2.5 0 0.5 0.0576562 0.230856 0.577323 3.83177e+10
-2.5 1 0.5 0.146952 0.256362 0.513609 5.84145e+10
-2 -1.5 0.5 -0.00158093 0.177831 0.687062 2.24135e+10
-1.5 -1 0.5 0.0357265 0.186394 0.644218 2.5006e+10
-2 -0.5 0.5 0.0420744 0.207815 0.610537 3.06669e+10
-1.5 0 0.5 0.0897336 0.214828 0.569474 3.52294e+10
-2 0.5 0.5 0.112503 0.236263 0.540824 4.49842e+10
-1.5 1 0.5 0.172548 0.243838 0.498876 5.33489e+10
-2 1.5 0.5 0.215086 0.262494 0.474478 7.10116e+10
-1 -1.5 0.5 0.0368806 0.168072 0.676811 2.08732e+10
-0.5 -1 0.5 0.0737806 0.179148 0.625692 2.31416e+10
-1 -0.5 0.5 0.077544 0.1949 0.598242 2.81832e+10
-0.5 0 0.5 0.123452 0.204893 0.548242 3.20091e+10
-1 0.5 0.5 0.141995 0.223915 0.523741 4.08439e+10
-0.5 1 0.5 0.200119 0.23846 0.471021 4.77417e+10
-1 1.5 0.5 0.240454 0.258165 0.448397 6.39244e+10
0 -1.5 0.5 0.0770602 0.164431 0.651017 1.95962e+10
0.5 -1 0.5 0.112947 0.179451 0.5914 2.15309e+10
0 -0.5 0.5 0.114027 0.191738 0.570774 2.58135e+10
0.5 0 0.5 0.157224 0.20702 0.511194 2.89163e+10
0 0.5 0.5 0.173831 0.2184 0.492746 3.65798e+10
0.5 1 0.5 0.226878 0.235048 0.431444 4.18852e+10
0 1.5 0.5 0.261948 0.258296 0.41067 5.60368e+10
1 -1.5 0.5 0.117262 0.166985 0.608729 1.86706e+10
1.5 -1 0.5 0.150836 0.185602 0.541138 2.03083e+10
1 -0.5 0.5 0.150939 0.196203 0.527672 2.37225e+10
1.5 0 0.5 0.189294 0.213503 0.460149 2.60969e+10
1 0.5 0.5 0.201447 0.22433 0.446947 3.23854e+10
1.5 1 0.5 0.242018 0.243162 0.377834 3.60323e+10
1 1.5 0.5 0.277258 0.254813 0.363494 4.76783e+10
2 -1.5 0.5 0.154718 0.174874 0.550633 1.82403e+10
2.5 -1 0.5 0.183748 0.194434 0.476882 1.96261e+10
2 -0.5 0.5 0.184021 0.203904 0.470178 2.20409e+10
2.5 0 0.5 0.213725 0.219593 0.396737 2.37381e+10
2 0.5 0.5 0.224411 0.229809 0.389293 2.85018e+10
2.5 1 0.5 0.252082 0.245517 0.315071 3.06369e+10
2 1.5 0.5 0.273788 0.265289 0.303066 3.94297e+10
-2.25 -0.75 0.75 0.128047 0.199965 0.628557 7.92834e+09
-2.25 0.25 0.75 0.161761 0.238988 0.559355 1.13436e+10
-2.25 1.25 0.75 0.211845 0.291983 0.490403 1.73073e+10
-1.75 -1.25 0.75 0.134072 0.184334 0.659332 6.59395e+09
-1.25 -0.75 0.75 0.165019 0.198415 0.612536 7.4536e+09
-1.75 -0.25 0.75 0.160925 0.214286 0.586559 9.11751e+09
-1.25 0.25 0.75 0.191222 0.227437 0.541736 1.05539e+10
-1.75 0.75 0.75 0.194709 0.254976 0.517505 1.33796e+10
-1.25 1.25 0.75 0.223779 0.274727 0.46885 1.58044e+10
-0.75 -1.25 0.75 0.172382 0.191629 0.636494 6.24037e+09
-0.25 -0.75 0.75 0.200176 0.204706 0.582383 6.98198e+09
-0.75 -0.25 0.75 0.193503 0.210076 0.563613 8.46973e+09
-0.25 0.25 0.75 0.21889 0.221473 0.511136 9.64016e+09
-0.75 0.75 0.75 0.218899 0.242682 0.491734 1.22552e+10
-0.25 1.25 0.75 0.243926 0.261779 0.435061 1.42312e+10
0.25 -1.25 0.75 0.207276 0.204589 0.598776 5.92663e+09
0.75 -0.75 0.75 0.231427 0.217196 0.536984 6.54172e+09
0.25 -0.25 0.75 0.225184 0.21651 0.525329 7.82128e+09
0.75 0.25 0.75 0.246157 0.227151 0.465045 8.73766e+09
0.25 0.75 0.75 0.239973 0.233329 0.454494 1.0943e+10
0.75 1.25 0.75 0.250215 0.244263 0.394815 1.22332e+10
1.25 -1.25 0.75 0.236183 0.22102 0.545935 5.68627e+09
1.75 -0.75 0.75 0.255475 0.231439 0.47721 6.1807e+09
1.25 -0.25 0.75 0.251382 0.226931 0.472667 7.19202e+09
1.75 0.25 0.75 0.262409 0.230946 0.407617 7.8064e+09
1.25 0.75 0.75 0.257272 0.23485 0.402945 9.63527e+09
1.75 1.25 0.75 0.254676 0.240697 0.338709 1.03555e+10
2.25 -1.25 0.75 0.254472 0.236274 0.480862 5.55014e+09
2.25 -0.25 0.75 0.267338 0.235074 0.407674 6.64136e+09
2.25 0.75 0.75 0.260277 0.228415 0.34293 8.26823e+09
-2.5 -1.5 1 0.014266 0.188744 0.683055 2.72932e+10
-2.5 -0.5 1 0.0626627 0.218184 0.607065 3.70841e+10
-2.5 0.5 1 0.138007 0.242237 0.538425 5.36835e+10
-2.5 1.5 1 0.244942 0.25745 0.474802 8.27234e+10
-1.5 -1.5 1 0.0533233 0.182825 0.678082 2.5493e+10
-2 -1 1 0.0543777 0.199402 0.642671 3.04757e+10
-1.5 -0.5 1 0.0990465 0.209072 0.599107 3.44127e+10
-2 0 1 0.11346 0.226029 0.568215 4.26695e+10
-1.5 0.5 1 0.168658 0.234479 0.525137 4.9508e+10
-2 1 1 0.200972 0.248305 0.499085 6.36713e+10
-1.5 1.5 1 0.269199 0.260023 0.45132 7.58217e+10
-0.5 -1.5 1 0.0936787 0.182418 0.658503 2.38941e+10
-1 -1 1 0.0928292 0.19494 0.629512 2.83145e+10
-0.5 -0.5 1 0.135713 0.207502 0.577365 3.16274e+10
-1 0 1 0.147735 0.219034 0.551826 3.91326e+10
-0.5 0.5 1 0.200537 0.232269 0.498788 4.46991e+10
-1 1 1 0.228507 0.247794 0.474928 5.77396e+10
-0.5 1.5 1 0.294618 0.269392 0.41525 6.74907e+10
0.5 -1.5 1 0.134466 0.187888 0.623146 2.25675e+10
0 -1 1 0.132028 0.197846 0.601515 2.628e+10
0.5 -0.5 1 0.172633 0.215205 0.540118 2.89568e+10
0 0 1 0.181595 0.222627 0.520286 3.54392e+10
0.5 0.5 1 0.229877 0.24159 0.457196 3.96901e+10
0 1 1 0.257884 0.250888 0.43835 5.11141e+10
0.5 1.5 1 0.315551 0.273102 0.37053 5.78823e+10
1.5 -1.5 1 0.173919 0.198298 0.571623 2.16424e+10
1 -1 1 0.170805 0.207586 0.55768 2.4521e+10
1.5 -0.5 1 0.207356 0.228716 0.487872 2.65733e+10
1 0 1 0.214387 0.234996 0.473748 3.18524e+10
1.5 0.5 1 0.254623 0.255688 0.40282 3.46787e+10
1 1 1 0.277232 0.262789 0.388276 4.39991e+10
1.5 1.5 1 0.317966 0.286602 0.312778 4.77346e+10
2.5 -1.5 1 0.208045 0.213477 0.505595 2.12996e+10
2 -1 1 0.206628 0.22045 0.498841 2.31957e+10
2.5 -0.5 1 0.236579 0.241399 0.422796 2.46325e+10
2 0 1 0.241676 0.249589 0.414333 2.8508e+10
2.5 0.5 1 0.27009 0.268147 0.337878 3.00037e+10
2 1 1 0.288821 0.276614 0.32744 3.70119e+10
2.5 1.5 1 0.311293 0.299106 0.24806 3.80443e+10
-2.25 -1.25 1.25 0.0397367 0.20524 0.654189 7.39839e+09
-2.25 -0.25 1.25 0.0640239 0.250327 0.575371 1.01051e+10
-2.25 0.75 1.25 0.101019 0.30838 0.497193 1.45362e+10
-1.25 -1.25 1.25 0.0780803 0.195969 0.642873 6.9683e+09
-1.75 -0.75 1.25 0.0679536 0.218359 0.610302 8.31398e+09
-1.25 -0.25 1.25 0.0945018 0.229285 0.564163 9.39616e+09
-1.75 0.25 1.25 0.0928647 0.264248 0.532191 1.1616e+10
-1.25 0.75 1.25 0.117778 0.279998 0.484343 1.3354e+10
-1.75 1.25 1.25 0.129755 0.329745 0.449011 1.69723e+10
-0.25 -1.25 1.25 0.116318 0.192712 0.617335 6.56492e+09
-0.75 -0.75 1.25 0.103659 0.206833 0.592397 7.7602e+09
-0.25 -0.25 1.25 0.126477 0.216446 0.539481 8.64413e+09
-0.75 0.25 1.25 0.117403 0.239717 0.514978 1.06181e+10
-0.25 0.75 1.25 0.137267 0.252591 0.460807 1.1937e+10
-0.75 1.25 1.25 0.141811 0.301588 0.428702 1.52933e+10
0.75 -1.25 1.25 0.152246 0.195108 0.576582 6.21332e+09
0.25 -0.75 1.25 0.13868 0.203115 0.559966 7.21033e+09
0.75 -0.25 1.25 0.157503 0.212563 0.499933 7.87779e+09
0.25 0.25 1.25 0.146475 0.226835 0.482876 9.58759e+09
0.75 0.75 1.25 0.161676 0.236581 0.423035 1.04985e+10
0.25 1.25 1.25 0.151122 0.266244 0.40223 1.32018e+10
1.75 -1.25 1.25 0.180978 0.198673 0.521967 5.93444e+09
1.25 -0.75 1.25 0.171068 0.205246 0.51231 6.7116e+09
1.75 -0.25 1.25 0.185074 0.212303 0.446194 7.16454e+09
1.25 0.25 1.25 0.170755 0.220031 0.437789 8.4947e+09
1.75 0.75 1.25 0.170632 0.222194 0.376143 8.90568e+09
1.25 1.25 1.25 0.163297 0.243926 0.361618 1.11481e+10
2.25 -0.75 1.25 0.193541 0.205432 0.452624 6.2791e+09
2.25 0.25 1.25 0.189436 0.212278 0.380642 7.46991e+09
2.25 1.25 1.25 0.154106 0.218961 0.316169 8.8953e+09
-2.5 -1 1.5 0.0603935 0.210274 0.637878 3.30301e+10
-2.5 0 1.5 0.124331 0.236063 0.563066 4.55898e+10
-2.5 1 1.5 0.217117 0.252846 0.494146 6.6269e+10
-2 -1.5 1.5 0.0575545 0.194119 0.676291 2.78124e+10
-1.5 -1 1.5 0.0995442 0.207156 0.630236 3.08905e+10
-2 -0.5 1.5 0.1078 0.221001 0.596519 3.7284e+10
-1.5 0 1.5 0.159367 0.231042 0.551532 4.23871e+10
-2 0.5 1.5 0.182682 0.24389 0.522086 5.2807e+10
-1.5 1 1.5 0.244542 0.254314 0.474916 6.12295e+10
-2 1.5 1.5 0.285916 0.260483 0.449681 7.81666e+10
-1 -1.5 1.5 0.0984 0.194953 0.66313 2.60939e+10
-0.5 -1 1.5 0.139077 0.210395 0.608771 2.87156e+10
-1 -0.5 1.5 0.145087 0.219768 0.580627 3.45195e+10
-0.5 0 1.5 0.193673 0.233761 0.526407 3.86282e+10
-1 0.5 1.5 0.214582 0.242855 0.501317 4.82669e+10
-0.5 1 1.5 0.274145 0.260703 0.442984 5.48998e+10
-1 1.5 1.5 0.31113 0.273519 0.417728 7.08538e+10
0 -1.5 1.5 0.139716 0.201457 0.634936 2.45444e+10
0.5 -1 1.5 0.178506 0.220973 0.57204 2.6654e+10
0 -0.5 1.5 0.182262 0.226917 0.550173 3.16238e+10
0.5 0 1.5 0.227319 0.246416 0.485972 3.473e+10
0 0.5 1.5 0.245147 0.252272 0.465455 4.3149e+10
0.5 1 1.5 0.297504 0.27559 0.397086 4.76821e+10
0 1.5 1.5 0.336296 0.284859 0.375835 6.17035e+10
1 -1.5 1.5 0.180912 0.21253 0.590911 2.32568e+10
1.5 -1 1.5 0.216928 0.235659 0.519924 2.48519e+10
1 -0.5 1.5 0.218188 0.242803 0.504195 2.88359e+10
1.5 0 1.5 0.256469 0.266744 0.431258 3.08882e+10
1 0.5 1.5 0.272126 0.268783 0.415808 3.77629e+10
1.5 1 1.5 0.313147 0.291692 0.340391 4.00112e+10
1 1.5 1.5 0.345874 0.300864 0.321902 5.11603e+10
2 -1.5 1.5 0.219031 0.227672 0.531294 2.23661e+10
2.5 -1 1.5 0.250259 0.251716 0.453982 2.34498e+10
2 -0.5 1.5 0.251143 0.259489 0.44456 2.62975e+10
2.5 0 1.5 0.280334 0.282216 0.365677 2.72687e+10
2 0.5 1.5 0.290115 0.291155 0.353927 3.23263e+10
2.5 1 1.5 0.314516 0.313875 0.273641 3.25311e+10
2 1.5 1.5 0.344898 0.313612 0.260913 4.05728e+10
