449
-2.5 -1 -1.5 -0.061284 -0.323225 0.658226 1.11201e+09
-2.5 0 -1.5 -0.138691 -0.276431 0.618606 1.0885e+09
-2.5 1 -1.5 -0.194234 -0.231171 0.561756 1.12308e+09
-2 -1.5 -1.5 0.0142222 -0.347814 0.62698 1.29375e+09
-1.5 -1 -1.5 0.00317192 -0.322316 0.57414 1.43504e+09
-2 -0.5 -1.5 -0.072385 -0.305154 0.601105 1.2176e+09
-1.5 0 -1.5 -0.0815795 -0.280955 0.542399 1.35383e+09
-2 0.5 -1.5 -0.144917 -0.260211 0.555872 1.19653e+09
-1.5 1 -1.5 -0.149206 -0.242468 0.492252 1.33493e+09
-2 1.5 -1.5 -0.192991 -0.221817 0.495428 1.24231e+09
-1 -1.5 -1.5 0.0902707 -0.324254 0.537181 1.77732e+09
-0.5 -1 -1.5 0.084862 -0.283949 0.486813 2.04805e+09
-1 -0.5 -1.5 -0.00612395 -0.290186 0.520007 1.62067e+09
-0.5 0 -1.5 -0.0135909 -0.256269 0.465225 1.86716e+09
-1 0.5 -1.5 -0.0890672 -0.254851 0.483011 1.53177e+09
-0.5 1 -1.5 -0.0942937 -0.233754 0.424096 1.76909e+09
-1 1.5 -1.5 -0.151507 -0.229288 0.42932 1.5187e+09
0 -1.5 -1.5 0.183939 -0.256318 0.44389 2.71631e+09
0.5 -1 -1.5 0.186218 -0.208246 0.394578 3.28328e+09
0 -0.5 -1.5 0.082235 -0.242642 0.435207 2.41332e+09
0.5 0 -1.5 0.0855768 -0.209495 0.382301 2.91021e+09
0 0.5 -1.5 -0.0174466 -0.228587 0.410419 2.19895e+09
0.5 1 -1.5 -0.0147535 -0.217504 0.357624 2.64081e+09
0 1.5 -1.5 -0.0972686 -0.225208 0.367985 2.0838e+09
1 -1.5 -1.5 0.307799 -0.136399 0.340434 4.70881e+09
1.5 -1 -1.5 0.328324 -0.0940523 0.286026 6.00103e+09
1 -0.5 -1.5 0.198673 -0.171296 0.34206 4.06576e+09
1.5 0 -1.5 0.227783 -0.160873 0.288491 5.10227e+09
1 0.5 -1.5 0.0992842 -0.19768 0.330245 3.57048e+09
1.5 1 -1.5 0.117629 -0.226872 0.289942 4.37497e+09
1 1.5 -1.5 -0.002358 -0.239667 0.31427 3.22192e+09
2 -1.5 -1.5 0.456965 0.021118 0.223933 9.31325e+09
2.5 -1 -1.5 0.49642 0.0313483 0.167075 1.17882e+10
2 -0.5 -1.5 0.36375 -0.0855377 0.231214 7.62696e+09
2.5 0 -1.5 0.393032 -0.12618 0.192446 8.88016e+09
2 0.5 -1.5 0.257526 -0.193673 0.247177 6.17488e+09
2.5 1 -1.5 0.258617 -0.274247 0.235679 6.54282e+09
2 1.5 -1.5 0.114006 -0.284952 0.270776 4.76898e+09
-2.25 -0.75 -1.25 0.351844 0.554322 0.533183 6.34714e+08
-2.25 0.25 -1.25 0.421427 0.551076 0.45672 6.42791e+08
-2.25 1.25 -1.25 0.486451 0.532602 0.371844 6.753e+08
-1.75 -1.25 -1.25 0.306351 0.583156 0.527181 7.39934e+08
-1.25 -0.75 -1.25 0.32731 0.616787 0.451449 8.58537e+08
-1.75 -0.25 -1.25 0.374545 0.586516 0.45425 7.23855e+08
-1.25 0.25 -1.25 0.389865 0.612269 0.370696 8.29003e+08
-1.75 0.75 -1.25 0.438957 0.574586 0.371203 7.24927e+08
-1.25 1.25 -1.25 0.44866 0.588518 0.281754 8.16104e+08
-0.75 -1.25 -1.25 0.28035 0.644876 0.446819 1.07735e+09
-0.25 -0.75 -1.25 0.293276 0.674849 0.368694 1.29312e+09
-0.75 -0.25 -1.25 0.341015 0.6442 0.370848 1.00265e+09
-0.25 0.25 -1.25 0.346965 0.663446 0.28567 1.1732e+09
-0.75 0.75 -1.25 0.397182 0.629373 0.282975 9.49308e+08
-0.25 1.25 -1.25 0.399431 0.63513 0.191553 1.08088e+09
0.25 -1.25 -1.25 0.243847 0.699064 0.368733 1.7281e+09
0.75 -0.75 -1.25 0.250181 0.722028 0.288265 2.12807e+09
0.25 -0.25 -1.25 0.299061 0.69717 0.285098 1.5582e+09
0.75 0.25 -1.25 0.303238 0.709878 0.195292 1.87232e+09
0.25 0.75 -1.25 0.349534 0.672128 0.195797 1.3682e+09
0.75 1.25 -1.25 0.360331 0.667199 0.102533 1.57568e+09
1.25 -1.25 -1.25 0.198028 0.75612 0.285624 3.15222e+09
1.75 -0.75 -1.25 0.208775 0.777456 0.194742 3.98791e+09
1.25 -0.25 -1.25 0.259383 0.736644 0.199388 2.6103e+09
1.75 0.25 -1.25 0.294387 0.740873 0.0982015 3.1452e+09
1.25 0.75 -1.25 0.320267 0.70978 0.099397 2.21141e+09
1.75 1.25 -1.25 0.370185 0.702623 0.0054181 2.48685e+09
2.25 -1.25 -1.25 0.17239 0.808615 0.194294 6.04422e+09
2.25 -0.25 -1.25 0.240632 0.79064 0.0923931 4.81183e+09
2.25 0.75 -1.25 0.295179 0.746871 0.0130571 3.4509e+09
-2.5 -1.5 -1 -0.0415244 -0.396857 0.676175 3.37435e+09
-2.5 -0.5 -1 -0.132653 -0.352789 0.647887 3.21902e+09
-2.5 0.5 -1 -0.208589 -0.304355 0.602297 3.20871e+09
-2.5 1.5 -1 -0.260934 -0.260934 0.545168 3.37898e+09
-1.5 -1.5 -1 0.0218311 -0.414804 0.597133 4.3662e+09
-2 -1 -1 -0.05871 -0.389543 0.626576 3.6633e+09
-1.5 -0.5 -1 -0.0737814 -0.375448 0.576361 4.01839e+09
-2 0 -1 -0.146532 -0.343728 0.592994 3.49543e+09
-1.5 0.5 -1 -0.159073 -0.330437 0.538122 3.83007e+09
-2 1 -1 -0.217054 -0.29712 0.543718 3.4871e+09
-1.5 1.5 -1 -0.225159 -0.28941 0.485577 3.81387e+09
-0.5 -1.5 -1 0.105239 -0.400906 0.518256 6.14677e+09
-1 -1 -1 0.00789484 -0.395793 0.551842 4.8563e+09
-0.5 -0.5 -1 -0.00345713 -0.372232 0.506573 5.46992e+09
-1 0 -1 -0.0872517 -0.356824 0.526334 4.45604e+09
-0.5 0.5 -1 -0.0987961 -0.337998 0.47674 4.99711e+09
-1 1 -1 -0.170116 -0.31712 0.483793 4.23557e+09
-0.5 1.5 -1 -0.177815 -0.310742 0.430362 4.74174e+09
0.5 -1.5 -1 0.214972 -0.346387 0.436001 9.51979e+09
0 -1 -1 0.101237 -0.372512 0.475918 7.06355e+09
0.5 -0.5 -1 0.104219 -0.345275 0.43182 8.23491e+09
0 0 -1 -0.0109962 -0.349019 0.461141 6.24009e+09
0.5 0.5 -1 -0.01144 -0.334013 0.414984 7.21645e+09
0 1 -1 -0.10698 -0.325871 0.427623 5.67688e+09
0.5 1.5 -1 -0.111086 -0.32753 0.380204 6.51404e+09
1.5 -1.5 -1 0.385449 -0.22925 0.3325 1.65447e+10
1 -1 -1 0.225087 -0.312869 0.392171 1.13765e+10
1.5 -0.5 -1 0.252124 -0.289686 0.342576 1.38284e+10
1 0 -1 0.119303 -0.327438 0.384585 9.73958e+09
1.5 0.5 -1 0.154921 -0.3314 0.334209 1.16288e+10
1 1 -1 0.000140492 -0.337361 0.368677 8.4365e+09
1.5 1.5 -1 0.0297032 -0.377944 0.329044 1.00933e+10
2.5 -1.5 -1 0.580982 -0.0407889 0.20374 3.32232e+10
2 -1 -1 0.428228 -0.192658 0.274786 2.07597e+10
2.5 -0.5 -1 0.496991 -0.187394 0.21061 2.61819e+10
2 0 -1 0.308881 -0.292147 0.286557 1.70265e+10
2.5 0.5 -1 0.394428 -0.334856 0.231822 2.02753e+10
2 1 -1 0.208321 -0.379252 0.29047 1.40048e+10
2.5 1.5 -1 0.252955 -0.462743 0.269218 1.4968e+10
-2.25 -1.25 -0.75 0.303556 0.489323 0.567334 2.15052e+09
-2.25 -0.25 -0.75 0.363898 0.498376 0.496832 2.13717e+09
-2.25 0.75 -0.75 0.420817 0.494956 0.416222 2.19016e+09
-1.25 -1.25 -0.75 0.287812 0.54111 0.493816 2.91149e+09
-1.75 -0.75 -0.75 0.325982 0.522095 0.49532 2.43839e+09
-1.25 -0.25 -0.75 0.342137 0.549715 0.419212 2.77333e+09
-1.75 0.25 -0.75 0.381522 0.524391 0.41742 2.39608e+09
-1.25 0.75 -0.75 0.391181 0.542758 0.334684 2.67761e+09
-1.75 1.25 -0.75 0.431993 0.511703 0.331643 2.41939e+09
-0.25 -1.25 -0.75 0.267599 0.589667 0.422582 4.33143e+09
-0.75 -0.75 -0.75 0.303423 0.569832 0.421816 3.37051e+09
-0.25 -0.25 -0.75 0.312133 0.591071 0.345572 3.89974e+09
-0.75 0.25 -0.75 0.350467 0.570155 0.339321 3.15016e+09
-0.25 0.75 -0.75 0.350857 0.579831 0.255705 3.55215e+09
-0.75 1.25 -0.75 0.392899 0.549465 0.248733 2.96731e+09
0.75 -1.25 -0.75 0.244193 0.63007 0.353931 6.98866e+09
0.25 -0.75 -0.75 0.278653 0.613467 0.348612 5.14904e+09
0.75 -0.25 -0.75 0.28543 0.626264 0.268838 6.07707e+09
0.25 0.25 -0.75 0.314324 0.601078 0.264966 4.47961e+09
0.75 0.75 -0.75 0.316023 0.59425 0.179616 5.06903e+09
0.25 1.25 -0.75 0.34749 0.573501 0.1684 3.94374e+09
1.75 -1.25 -0.75 0.232612 0.678053 0.273824 1.26016e+10
1.25 -0.75 -0.75 0.254275 0.642245 0.276731 8.4005e+09
1.75 -0.25 -0.75 0.271566 0.639344 0.191897 9.89551e+09
1.25 0.25 -0.75 0.295365 0.62203 0.182863 7.03524e+09
1.75 0.75 -0.75 0.323322 0.585808 0.0940147 7.81362e+09
1.25 1.25 -0.75 0.325942 0.562409 0.0934053 5.58239e+09
2.25 -0.75 -0.75 0.255797 0.682768 0.185154 1.52244e+10
2.25 0.25 -0.75 0.329935 0.619664 0.0926727 1.12079e+10
2.25 1.25 -0.75 0.367206 0.555245 0.0140977 7.7955e+09
-2.5 -1 -0.5 0.0617003 -0.0693029 0.636164 7.90393e+09
-2.5 0 -0.5 0.0379561 -0.0273314 0.585259 7.75932e+09
-2.5 1 -0.5 0.0248999 0.00930406 0.521195 7.96996e+09
-2 -1.5 -0.5 0.0968423 -0.0837757 0.61578 9.14556e+09
-1.5 -1 -0.5 0.101652 -0.0521219 0.55849 1.0129e+10
-2 -0.5 -0.5 0.0678628 -0.0425237 0.574473 8.64733e+09
-1.5 0 -0.5 0.073929 -0.0137912 0.510584 9.51413e+09
-2 0.5 -0.5 0.0462949 -0.00353824 0.517891 8.45766e+09
-1.5 1 -0.5 0.0519417 0.0191791 0.449352 9.23027e+09
-2 1.5 -0.5 0.0348662 0.0259022 0.450719 8.64794e+09
-1 -1.5 -0.5 0.137864 -0.0528536 0.537907 1.24184e+10
-0.5 -1 -0.5 0.143865 -0.0125444 0.482259 1.41082e+10
-1 -0.5 -0.5 0.107365 -0.0181141 0.498762 1.12979e+10
-0.5 0 -0.5 0.113011 0.0145873 0.437014 1.26602e+10
-1 0.5 -0.5 0.0783537 0.0136099 0.445281 1.05014e+10
-0.5 1 -0.5 0.0812623 0.0343789 0.378924 1.15928e+10
-1 1.5 -0.5 0.0538164 0.0365853 0.380292 1.00429e+10
0 -1.5 -0.5 0.190787 0.00450546 0.459937 1.84237e+10
0.5 -1 -0.5 0.203382 0.0496083 0.402512 2.15739e+10
0 -0.5 -0.5 0.151701 0.0264375 0.423547 1.61272e+10
0.5 0 -0.5 0.163093 0.0581037 0.361231 1.84692e+10
0 0.5 -0.5 0.119045 0.0406289 0.373248 1.42032e+10
0.5 1 -0.5 0.128309 0.0518938 0.307724 1.59002e+10
0 1.5 -0.5 0.086048 0.0396208 0.311908 1.27927e+10
1 -1.5 -0.5 0.256516 0.0977826 0.376573 3.00684e+10
1.5 -1 -0.5 0.278343 0.144604 0.312069 3.62459e+10
1 -0.5 -0.5 0.222433 0.0864135 0.339294 2.53163e+10
1.5 0 -0.5 0.254047 0.106109 0.269849 2.95547e+10
1 0.5 -0.5 0.18368 0.0730921 0.29497 2.10826e+10
1.5 1 -0.5 0.223597 0.0609276 0.226106 2.36489e+10
1 1.5 -0.5 0.142426 0.0432492 0.243595 1.75446e+10
2 -1.5 -0.5 0.365985 0.228584 0.269237 5.4316e+10
2.5 -1 -0.5 0.415611 0.272835 0.18728 6.69263e+10
2 -0.5 -0.5 0.315648 0.174074 0.238956 4.34203e+10
2.5 0 -0.5 0.380898 0.165491 0.159307 5.05899e+10
2 0.5 -0.5 0.311197 0.0974662 0.195115 3.36765e+10
2.5 1 -0.5 0.379776 0.0351511 0.132999 3.60364e+10
2 1.5 -0.5 0.282062 0.00857361 0.166397 2.63621e+10
-2.25 -0.75 -0.25 0.289601 0.400739 0.537129 3.53807e+09
-2.25 0.25 -0.25 0.332913 0.409707 0.463873 3.53605e+09
-2.25 1.25 -0.25 0.373922 0.40399 0.382932 3.65839e+09
-1.75 -1.25 -0.25 0.263885 0.412824 0.533156 4.09463e+09
-1.25 -0.75 -0.25 0.278514 0.440066 0.464742 4.63417e+09
-1.75 -0.25 -0.25 0.305211 0.426566 0.464367 3.94645e+09
-1.25 0.25 -0.25 0.313418 0.445605 0.389123 4.3866e+09
-1.75 0.75 -0.25 0.34267 0.428303 0.385156 3.88931e+09
-1.25 1.25 -0.25 0.342262 0.437181 0.305096 4.22866e+09
-0.75 -1.25 -0.25 0.253105 0.448784 0.46514 5.67781e+09
-0.25 -0.75 -0.25 0.262762 0.469234 0.398164 6.52547e+09
-0.75 -0.25 -0.25 0.286746 0.460559 0.393416 5.23377e+09
-0.25 0.25 -0.25 0.287267 0.470832 0.319366 5.8616e+09
-0.75 0.75 -0.25 0.312817 0.454174 0.311976 4.83117e+09
-0.25 1.25 -0.25 0.304546 0.445136 0.233131 5.23955e+09
0.25 -1.25 -0.25 0.247467 0.48279 0.397855 8.62708e+09
0.75 -0.75 -0.25 0.258903 0.494944 0.327079 1.01003e+10
0.25 -0.25 -0.25 0.26732 0.477813 0.327608 7.42541e+09
0.75 0.25 -0.25 0.269386 0.466539 0.253637 8.27896e+09
0.25 0.75 -0.25 0.280728 0.464452 0.242833 6.45515e+09
0.75 1.25 -0.25 0.27275 0.432828 0.164333 6.88547e+09
1.25 -1.25 -0.25 0.254128 0.502341 0.328233 1.38175e+10
1.75 -0.75 -0.25 0.275734 0.490552 0.251393 1.59887e+10
1.25 -0.25 -0.25 0.272238 0.488969 0.250023 1.15702e+10
1.75 0.25 -0.25 0.296323 0.453114 0.167645 1.25802e+10
1.25 0.75 -0.25 0.279922 0.422776 0.176075 8.9022e+09
1.75 1.25 -0.25 0.30336 0.314829 0.108217 9.00934e+09
2.25 -1.25 -0.25 0.316037 0.538291 0.22663 2.41432e+10
2.25 -0.25 -0.25 0.3102 0.447241 0.169794 1.74605e+10
2.25 0.75 -0.25 0.336139 0.357446 0.0922858 1.24675e+10
-2.5 -1.5 0 0.132584 0.0350535 0.642099 1.38793e+10
-2.5 -0.5 0 0.127642 0.0751977 0.594024 1.34034e+10
-2.5 0.5 0 0.12918 0.111255 0.531222 1.34085e+10
-2.5 1.5 0 0.138224 0.138224 0.458835 1.40613e+10
-1.5 -1.5 0 0.164296 0.0654441 0.562735 1.80919e+10
-2 -1 0 0.145427 0.0677619 0.580452 1.52281e+10
-1.5 -0.5 0 0.158969 0.102389 0.515447 1.67672e+10
-2 0 0 0.142966 0.10525 0.525352 1.45967e+10
-1.5 0.5 0 0.156115 0.134269 0.454392 1.58901e+10
-2 1 0 0.144564 0.135457 0.457835 1.45002e+10
-1.5 1.5 0 0.154836 0.15551 0.383392 1.55729e+10
-0.5 -1.5 0 0.195319 0.118065 0.485249 2.55126e+10
-1 -1 0 0.177095 0.105338 0.501833 2.02304e+10
-0.5 -0.5 0 0.190641 0.144632 0.43747 2.2664e+10
-1 0 0 0.171398 0.136136 0.447781 1.84722e+10
-0.5 0.5 0 0.181781 0.165141 0.377852 2.02621e+10
-1 1 0 0.165068 0.159324 0.381982 1.7197e+10
-0.5 1.5 0 0.170196 0.176045 0.30838 1.83666e+10
0.5 -1.5 0 0.239815 0.19598 0.404378 3.92407e+10
0 -1 0 0.208976 0.164849 0.423836 2.92102e+10
0.5 -0.5 0 0.225361 0.206816 0.357022 3.33518e+10
0 0 0 0.205153 0.179016 0.369393 2.52986e+10
0.5 0.5 0 0.223831 0.2026 0.296972 2.79096e+10
0 1 0 0.192106 0.183266 0.305568 2.19873e+10
0.5 1.5 0 0.209905 0.17944 0.231013 2.34738e+10
1.5 -1.5 0 0.295919 0.310282 0.31228 6.57351e+10
1 -1 0 0.26264 0.24482 0.336073 4.59401e+10
1.5 -0.5 0 0.295528 0.282118 0.258601 5.29446e+10
1 0 0 0.24787 0.237955 0.284075 3.75968e+10
1.5 0.5 0 0.283849 0.24778 0.205333 4.11001e+10
1 1 0 0.254911 0.206237 0.219771 3.00634e+10
1.5 1.5 0 0.306423 0.188752 0.141675 3.03603e+10
2.5 -1.5 0 0.387676 0.442376 0.193199 1.16248e+11
2 -1 0 0.330335 0.363048 0.231678 7.7479e+10
2.5 -0.5 0 0.379281 0.39538 0.14274 8.5596e+10
2 0 0 0.346331 0.296616 0.172662 5.84113e+10
2.5 0.5 0 0.419723 0.285686 0.0836512 5.84881e+10
2 1 0 0.338589 0.231829 0.126324 4.15652e+10
2.5 1.5 0 0.427608 0.212492 0.0525054 3.62905e+10
-2.25 -1.25 0.25 0.236681 0.302618 0.571713 4.8696e+09
-2.25 -0.25 0.25 0.266599 0.322421 0.507834 4.75842e+09
-2.25 0.75 0.25 0.294089 0.329342 0.43389 4.77448e+09
-1.25 -1.25 0.25 0.237259 0.330899 0.50024 6.4158e+09
-1.75 -0.75 0.25 0.251008 0.328055 0.504686 5.40352e+09
-1.25 -0.25 0.25 0.25951 0.3473 0.435614 5.97261e+09
-1.75 0.25 0.25 0.276161 0.341382 0.434475 5.20393e+09
-1.25 0.75 0.25 0.276859 0.352394 0.360238 5.6268e+09
-1.75 1.25 0.25 0.297738 0.339845 0.356337 5.13231e+09
-0.25 -1.25 0.25 0.236437 0.350698 0.434115 9.02539e+09
-0.75 -0.75 0.25 0.24683 0.351361 0.435446 7.20607e+09
-0.25 -0.25 0.25 0.251555 0.362117 0.368519 8.00624e+09
-0.75 0.25 0.25 0.260297 0.3568 0.365585 6.52675e+09
-0.25 0.75 0.25 0.252763 0.350793 0.29547 6.99169e+09
-0.75 1.25 0.25 0.26622 0.350558 0.286711 5.9588e+09
0.75 -1.25 0.25 0.259901 0.371503 0.360204 1.37637e+10
0.25 -0.75 0.25 0.243998 0.359579 0.370593 1.01779e+10
0.75 -0.25 0.25 0.250208 0.351445 0.303568 1.11877e+10
0.25 0.25 0.25 0.252583 0.358351 0.299258 8.71284e+09
0.75 0.75 0.25 0.254572 0.33194 0.227499 9.11943e+09
0.25 1.25 0.25 0.240845 0.318486 0.225774 7.25764e+09
1.75 -1.25 0.25 0.317946 0.373611 0.271269 2.08997e+10
1.25 -0.75 0.25 0.282794 0.369309 0.286418 1.55417e+10
1.75 -0.25 0.25 0.31582 0.343704 0.204896 1.65364e+10
1.25 0.25 0.25 0.258306 0.315692 0.234317 1.16954e+10
1.75 0.75 0.25 0.279032 0.258699 0.160281 1.11215e+10
1.25 1.25 0.25 0.273391 0.281728 0.150332 8.82361e+09
2.25 -0.75 0.25 0.35873 0.354257 0.185083 2.19145e+10
2.25 0.25 0.25 0.376053 0.271122 0.114708 1.52623e+10
2.25 1.25 0.25 0.326783 0.19094 0.0843803 8.65491e+09
-2.5 -1 0.5 0.166985 0.117262 0.608729 1.86706e+10
-2.5 0 0.5 0.174874 0.154718 0.550633 1.82403e+10
-2.5 1 0.5 0.188229 0.185073 0.480072 1.84938e+10
-2 -1.5 0.5 0.179451 0.112947 0.5914 2.15309e+10
-1.5 -1 0.5 0.196203 0.150939 0.527672 2.37225e+10
-2 -0.5 0.5 0.185602 0.150836 0.541138 2.03083e+10
-1.5 0 0.5 0.203904 0.184021 0.470178 2.20409e+10
-2 0.5 0.5 0.194434 0.183748 0.476882 1.96261e+10
-1.5 1 0.5 0.210257 0.209025 0.401106 2.09679e+10
-2 1.5 0.5 0.206079 0.206097 0.402828 1.96872e+10
-1 -1.5 0.5 0.20702 0.157224 0.511194 2.89163e+10
-0.5 -1 0.5 0.22433 0.201447 0.446947 3.23854e+10
-1 -0.5 0.5 0.213503 0.189294 0.460149 2.60969e+10
-0.5 0 0.5 0.229809 0.224411 0.389293 2.85018e+10
-1 0.5 0.5 0.219593 0.213725 0.396737 2.37381e+10
-0.5 1 0.5 0.231607 0.236592 0.321416 2.51478e+10
-1 1.5 0.5 0.220031 0.227906 0.324327 2.20414e+10
0 -1.5 0.5 0.235048 0.226878 0.431444 4.18852e+10
0.5 -1 0.5 0.254813 0.277258 0.363494 4.76783e+10
0 -0.5 0.5 0.243162 0.242018 0.377834 3.60323e+10
0.5 0 0.5 0.265289 0.273788 0.303066 3.94297e+10
0 0.5 0.5 0.245517 0.252082 0.315071 3.06369e+10
0.5 1 0.5 0.264789 0.264923 0.237209 3.19644e+10
0 1.5 0.5 0.242515 0.247369 0.244257 2.58615e+10
1 -1.5 0.5 0.283605 0.320288 0.341158 6.53251e+10
1.5 -1 0.5 0.317301 0.369732 0.260556 7.4427e+10
1 -0.5 0.5 0.280055 0.320164 0.287513 5.33045e+10
1.5 0 0.5 0.314846 0.346984 0.204107 5.69877e+10
1 0.5 0.5 0.295645 0.287713 0.222448 4.16226e+10
1.5 1 0.5 0.342219 0.270488 0.137961 4.10434e+10
1 1.5 0.5 0.298 0.250472 0.156513 3.17795e+10
2 -1.5 0.5 0.342578 0.44593 0.234776 1.06771e+11
2.5 -1 0.5 0.386381 0.490206 0.143217 1.13918e+11
2 -0.5 0.5 0.360584 0.401533 0.171198 7.9819e+10
2.5 0 0.5 0.429668 0.392713 0.0744065 7.439e+10
2 0.5 0.5 0.370273 0.341507 0.114998 5.52937e+10
2.5 1 0.5 0.455765 0.281622 0.0348751 4.25448e+10
2 1.5 0.5 0.398465 0.21676 0.0649875 3.43882e+10
-2.25 -0.75 0.75 0.22102 0.236183 0.545935 5.68627e+09
-2.25 0.25 0.75 0.236274 0.254472 0.480862 5.55014e+09
-2.25 1.25 0.75 0.249029 0.257888 0.40815 5.57478e+09
-1.75 -1.25 0.75 0.217196 0.231427 0.536984 6.54172e+09
-1.25 -0.75 0.75 0.226931 0.251382 0.472667 7.19202e+09
-1.75 -0.25 0.75 0.231439 0.255475 0.47721 6.1807e+09
-1.25 0.25 0.75 0.235074 0.267338 0.407674 6.64136e+09
-1.75 0.75 0.75 0.240788 0.265539 0.407846 5.92051e+09
-1.25 1.25 0.75 0.236222 0.26828 0.335234 6.18883e+09
-0.75 -1.25 0.75 0.227151 0.246157 0.465045 8.73766e+09
-0.25 -0.75 0.75 0.23485 0.257272 0.402945 9.63527e+09
-0.75 -0.25 0.75 0.230946 0.262409 0.407617 7.8064e+09
-0.25 0.25 0.75 0.228415 0.260277 0.34293 8.26823e+09
-0.75 0.75 0.75 0.229665 0.26798 0.339128 6.97417e+09
-0.25 1.25 0.75 0.212896 0.250638 0.274182 7.03921e+09
0.25 -1.25 0.75 0.244263 0.250215 0.394815 1.22332e+10
0.75 -0.75 0.75 0.255481 0.246019 0.331071 1.32532e+10
0.25 -0.25 0.75 0.240697 0.254676 0.338709 1.03555e+10
0.75 0.25 0.75 0.246918 0.23257 0.272404 1.06317e+10
0.25 0.75 0.75 0.219725 0.238658 0.279813 8.40776e+09
0.75 1.25 0.75 0.211081 0.189777 0.217311 7.98406e+09
1.25 -1.25 0.75 0.311751 0.263422 0.299871 1.79983e+10
1.75 -0.75 0.75 0.345203 0.254572 0.218425 1.85735e+10
1.25 -0.25 0.75 0.268108 0.224155 0.263462 1.35562e+10
1.75 0.25 0.75 0.289624 0.172119 0.19137 1.23708e+10
1.25 0.75 0.75 0.259064 0.179619 0.203669 9.99485e+09
1.75 1.25 0.75 0.275338 0.104783 0.136634 7.75118e+09
2.25 -1.25 0.75 0.416112 0.264179 0.178384 2.37242e+10
2.25 -0.25 0.75 0.372499 0.205964 0.138486 1.61086e+10
2.25 0.75 0.75 0.312129 0.134173 0.117594 9.14687e+09
-2.5 -1.5 1 0.187888 0.134466 0.623146 2.25675e+10
-2.5 -0.5 1 0.198298 0.173919 0.571623 2.16424e+10
-2.5 0.5 1 0.213477 0.208045 0.505595 2.12996e+10
-2.5 1.5 1 0.233672 0.233672 0.429252 2.1781e+10
-1.5 -1.5 1 0.215205 0.172633 0.540118 2.89568e+10
-2 -1 1 0.207586 0.170805 0.55768 2.4521e+10
-1.5 -0.5 1 0.228716 0.207356 0.487872 2.65733e+10
-2 0 1 0.22045 0.206628 0.498841 2.31957e+10
-1.5 0.5 1 0.241399 0.236579 0.422796 2.46325e+10
-2 1 1 0.235119 0.234568 0.427721 2.24761e+10
-1.5 1.5 1 0.25181 0.254631 0.34815 2.33671e+10
-0.5 -1.5 1 0.24159 0.229877 0.457196 3.96901e+10
-1 -1 1 0.234996 0.214387 0.473748 3.18524e+10
-0.5 -0.5 1 0.255688 0.254623 0.40282 3.46787e+10
-1 0 1 0.249589 0.241676 0.414333 2.8508e+10
-0.5 0.5 1 0.268147 0.27009 0.337878 3.00037e+10
-1 1 1 0.258827 0.260079 0.344634 2.57149e+10
-0.5 1.5 1 0.271555 0.273671 0.265468 2.60011e+10
0.5 -1.5 1 0.273102 0.315551 0.37053 5.78823e+10
0 -1 1 0.262789 0.277232 0.388276 4.39991e+10
0.5 -0.5 1 0.286602 0.317966 0.312778 4.77346e+10
0 0 1 0.276614 0.288821 0.32744 3.70119e+10
0.5 0.5 1 0.299106 0.311293 0.24806 3.80443e+10
0 1 1 0.283834 0.288625 0.259429 3.04838e+10
0.5 1.5 1 0.299473 0.291117 0.179963 2.91051e+10
1.5 -1.5 1 0.330671 0.417114 0.265888 8.72369e+10
1 -1 1 0.30037 0.367006 0.293702 6.39639e+10
1.5 -0.5 1 0.332892 0.405713 0.209169 6.69667e+10
1 0 1 0.313819 0.345717 0.231366 4.95586e+10
1.5 0.5 1 0.349424 0.345657 0.146261 4.68096e+10
1 1 1 0.329821 0.309957 0.165237 3.64124e+10
1.5 1.5 1 0.373826 0.268887 0.0858435 3.07358e+10
2.5 -1.5 1 0.387737 0.533542 0.153094 1.21277e+11
2 -1 1 0.370842 0.458406 0.176557 9.06592e+10
2.5 -0.5 1 0.413292 0.453902 0.0881939 7.70194e+10
2 0 1 0.372774 0.410671 0.122533 6.14216e+10
2.5 0.5 1 0.414481 0.352624 0.0496082 4.12322e+10
2 1 1 0.397235 0.291357 0.0684444 3.62754e+10
2.5 1.5 1 0.376255 0.154492 0.0421413 1.90796e+10
-2.25 -1.25 1.25 0.195108 0.152246 0.576582 6.21332e+09
-2.25 -0.25 1.25 0.198673 0.180978 0.521967 5.93444e+09
-2.25 0.75 1.25 0.199658 0.196482 0.457494 5.75991e+09
-1.25 -1.25 1.25 0.212563 0.157503 0.499933 7.87779e+09
-1.75 -0.75 1.25 0.205246 0.171068 0.51231 6.7116e+09
-1.25 -0.25 1.25 0.212303 0.185074 0.446194 7.16454e+09
-1.75 0.25 1.25 0.205432 0.193541 0.452624 6.2791e+09
-1.25 0.75 1.25 0.205292 0.197009 0.383664 6.50642e+09
-1.75 1.25 1.25 0.198907 0.198304 0.386482 5.94497e+09
-0.25 -1.25 1.25 0.236581 0.161676 0.423035 1.04985e+10
-0.75 -0.75 1.25 0.220031 0.170755 0.437789 8.4947e+09
-0.25 -0.25 1.25 0.222194 0.170632 0.376143 8.90568e+09
-0.75 0.25 1.25 0.212278 0.189436 0.380642 7.46991e+09
-0.25 0.75 1.25 0.202873 0.180953 0.31796 7.45925e+09
-0.75 1.25 1.25 0.1972 0.189442 0.316861 6.49423e+09
0.75 -1.25 1.25 0.279775 0.150107 0.340008 1.40525e+10
0.25 -0.75 1.25 0.243926 0.163297 0.361618 1.11481e+10
0.75 -0.25 1.25 0.249242 0.151987 0.298127 1.12224e+10
0.25 0.25 1.25 0.218961 0.154106 0.316169 8.8953e+09
0.75 0.75 1.25 0.210595 0.115167 0.259121 8.18533e+09
0.25 1.25 1.25 0.179697 0.15344 0.261663 6.90447e+09
1.75 -1.25 1.25 0.38016 0.173975 0.216182 1.84911e+10
1.25 -0.75 1.25 0.292184 0.1377 0.27334 1.3998e+10
1.75 -0.25 1.25 0.291236 0.111718 0.20903 1.2262e+10
1.25 0.25 1.25 0.248101 0.124683 0.234985 1.02204e+10
1.75 0.75 1.25 0.23194 0.0826683 0.173514 7.6776e+09
1.25 1.25 1.25 0.199082 0.0540362 0.203245 6.5269e+09
2.25 -0.75 1.25 0.368491 0.164444 0.148223 1.52213e+10
2.25 0.25 1.25 0.284363 0.13567 0.13219 8.54857e+09
2.25 1.25 1.25 0.232808 0.0388338 0.0945066 4.36448e+09
-2.5 -1 1.5 0.21253 0.180912 0.590911 2.32568e+10
-2.5 0 1.5 0.227672 0.219031 0.531294 2.23661e+10
-2.5 1 1.5 0.248382 0.249101 0.458638 2.20692e+10
-2 -1.5 1.5 0.220973 0.178506 0.57204 2.6654e+10
-1.5 -1 1.5 0.242803 0.218188 0.504195 2.88359e+10
-2 -0.5 1.5 0.235659 0.216928 0.519924 2.48519e+10
-1.5 0 1.5 0.259489 0.251143 0.44456 2.62975e+10
-2 0.5 1.5 0.251716 0.250259 0.453982 2.34498e+10
-1.5 1 1.5 0.273659 0.276783 0.373591 2.41368e+10
-2 1.5 1.5 0.27088 0.273274 0.377323 2.26171e+10
-1 -1.5 1.5 0.246416 0.227319 0.485972 3.473e+10
-0.5 -1 1.5 0.268783 0.272126 0.415808 3.77629e+10
-1 -0.5 1.5 0.266744 0.256469 0.431258 3.08882e+10
-0.5 0 1.5 0.291155 0.290115 0.353927 3.23263e+10
-1 0.5 1.5 0.282216 0.280334 0.365677 2.72687e+10
-0.5 1 1.5 0.301418 0.299614 0.28491 2.73395e+10
-1 1.5 1.5 0.291048 0.294082 0.291705 2.41331e+10
0 -1.5 1.5 0.27559 0.297504 0.397086 4.76821e+10
0.5 -1 1.5 0.300864 0.345874 0.321902 5.11603e+10
0 -0.5 1.5 0.291692 0.313147 0.340391 4.00112e+10
0.5 0 1.5 0.313612 0.344898 0.260913 4.05728e+10
0 0.5 1.5 0.313875 0.314516 0.273641 3.25311e+10
0.5 1 1.5 0.334136 0.323089 0.193061 3.04501e+10
0 1.5 1.5 0.315604 0.30333 0.204562 2.5772e+10
1 -1.5 1.5 0.31224 0.393734 0.300544 6.69993e+10
1.5 -1 1.5 0.343466 0.438821 0.217604 6.81467e+10
1 -0.5 1.5 0.327516 0.383394 0.240566 5.21001e+10
1.5 0 1.5 0.349567 0.397625 0.159857 4.74448e+10
1 0.5 1.5 0.332015 0.358061 0.181584 3.77814e+10
1.5 1 1.5 0.348647 0.334809 0.108205 2.98313e+10
1 1.5 1.5 0.355274 0.304781 0.116412 2.49815e+10
2 -1.5 1.5 0.37226 0.484997 0.187763 8.70684e+10
2.5 -1 1.5 0.391658 0.49048 0.109717 6.93313e+10
2 -0.5 1.5 0.365334 0.455158 0.138758 5.93471e+10
2.5 0 1.5 0.387676 0.406731 0.0672595 3.73006e+10
2 0.5 1.5 0.366839 0.360345 0.086815 3.44326e+10
2.5 1 1.5 0.349824 0.210001 0.042649 1.72337e+10
2 1.5 1.5 0.363323 0.263647 0.0500834 1.76984e+10
