449
-2.5 -1 -1.5 -0.264834 -0.219462 0.539081 1.81527e+10
-2.5 0 -1.5 -0.257188 -0.178209 0.556521 1.94325e+10
-2.5 1 -1.5 -0.254372 -0.135918 0.561979 2.02441e+10
-2 -1.5 -1.5 -0.263252 -0.211728 0.572412 1.59127e+10
-1.5 -1 -1.5 -0.244191 -0.165164 0.633061 1.51038e+10
-2 -0.5 -1.5 -0.250732 -0.168675 0.595283 1.70987e+10
-1.5 0 -1.5 -0.234895 -0.119359 0.6472 1.60001e+10
-2 0.5 -1.5 -0.245216 -0.124469 0.604246 1.80477e+10
-1.5 1 -1.5 -0.228725 -0.0722475 0.648166 1.67528e+10
-2 1.5 -1.5 -0.241057 -0.078193 0.602289 1.86607e+10
-1 -1.5 -1.5 -0.23604 -0.167855 0.668427 1.35084e+10
-0.5 -1 -1.5 -0.212571 -0.125899 0.728192 1.28439e+10
-1 -0.5 -1.5 -0.22425 -0.120002 0.68917 1.42484e+10
-0.5 0 -1.5 -0.201834 -0.0768132 0.740523 1.34404e+10
-1 0.5 -1.5 -0.215454 -0.072046 0.694869 1.49723e+10
-0.5 1 -1.5 -0.192708 -0.0277268 0.736711 1.40899e+10
-1 1.5 -1.5 -0.207889 -0.0232707 0.686868 1.56429e+10
0 -1.5 -1.5 -0.199255 -0.135442 0.761352 1.17998e+10
0.5 -1 -1.5 -0.172409 -0.0979074 0.818485 1.12858e+10
0 -0.5 -1.5 -0.1876 -0.0858586 0.782759 1.2206e+10
0.5 0 -1.5 -0.161341 -0.0480911 0.830303 1.16522e+10
0 0.5 -1.5 -0.177223 -0.0362353 0.78541 1.27433e+10
0.5 1 -1.5 -0.15134 0.00123021 0.821457 1.22019e+10
0 1.5 -1.5 -0.167865 0.0127949 0.770357 1.34066e+10
1 -1.5 -1.5 -0.156819 -0.111717 0.844446 1.06769e+10
1.5 -1 -1.5 -0.127961 -0.0779822 0.895639 1.02931e+10
1 -0.5 -1.5 -0.144828 -0.0623117 0.868152 1.08352e+10
1.5 0 -1.5 -0.117031 -0.0288046 0.907949 1.04815e+10
1 0.5 -1.5 -0.134439 -0.0128854 0.868437 1.12201e+10
1.5 1 -1.5 -0.107128 0.0197923 0.895091 1.09272e+10
1 1.5 -1.5 -0.124521 0.035574 0.846664 1.18364e+10
2 -1.5 -1.5 -0.111114 -0.0944015 0.910111 1.00224e+10
2.5 -1 -1.5 -0.0813807 -0.0635138 0.951709 9.74385e+09
2 -0.5 -1.5 -0.0992638 -0.0458579 0.936616 9.98972e+09
2.5 0 -1.5 -0.0708655 -0.0152892 0.965226 9.78207e+09
2 0.5 -1.5 -0.0891981 0.00268085 0.935751 1.02405e+10
2.5 1 -1.5 -0.0611589 0.0324997 0.950043 1.01192e+10
2 1.5 -1.5 -0.0792318 0.0503158 0.908797 1.07801e+10
-2.25 -0.75 -1.25 -0.300298 0.181434 0.555387 3.82828e+09
-2.25 0.25 -1.25 -0.359023 0.204735 0.543471 4.19953e+09
-2.25 1.25 -1.25 -0.41013 0.218991 0.526031 4.50316e+09
-1.75 -1.25 -1.25 -0.247068 0.156983 0.610028 3.38295e+09
-1.25 -0.75 -1.25 -0.244401 0.165854 0.661329 3.28979e+09
-1.75 -0.25 -1.25 -0.299015 0.190302 0.604564 3.7079e+09
-1.25 0.25 -1.25 -0.292559 0.199893 0.65106 3.55547e+09
-1.75 0.75 -1.25 -0.350172 0.215848 0.589194 4.00618e+09
-1.25 1.25 -1.25 -0.336874 0.229242 0.630713 3.80878e+09
-0.75 -1.25 -1.25 -0.191899 0.132549 0.712286 2.95397e+09
-0.25 -0.75 -1.25 -0.186484 0.141371 0.762086 2.86506e+09
-0.75 -0.25 -1.25 -0.238705 0.174773 0.709417 3.17183e+09
-0.25 0.25 -1.25 -0.230917 0.183369 0.752738 3.05211e+09
-0.75 0.75 -1.25 -0.282748 0.210397 0.69317 3.40039e+09
-0.25 1.25 -1.25 -0.271798 0.219856 0.728462 3.26418e+09
0.25 -1.25 -1.25 -0.134634 0.101488 0.805823 2.638e+09
0.75 -0.75 -1.25 -0.129482 0.108333 0.851651 2.56739e+09
0.25 -0.25 -1.25 -0.1801 0.148779 0.806717 2.77373e+09
0.75 0.25 -1.25 -0.174019 0.154084 0.844012 2.69278e+09
0.25 0.75 -1.25 -0.222768 0.190224 0.788989 2.94708e+09
0.75 1.25 -1.25 -0.215341 0.195354 0.816326 2.86646e+09
1.25 -1.25 -1.25 -0.0794491 0.0640663 0.883979 2.43148e+09
1.75 -0.75 -1.25 -0.0757848 0.0681902 0.923026 2.37882e+09
1.25 -0.25 -1.25 -0.124953 0.112874 0.889913 2.50374e+09
1.75 0.25 -1.25 -0.121529 0.115464 0.91875 2.45422e+09
1.25 0.75 -1.25 -0.168925 0.157525 0.87213 2.63043e+09
1.75 1.25 -1.25 -0.165003 0.159905 0.889645 2.59132e+09
2.25 -1.25 -1.25 -0.026925 0.0212777 0.940397 2.31666e+09
2.25 -0.25 -1.25 -0.0733735 0.0703689 0.95243 2.33745e+09
2.25 0.75 -1.25 -0.119242 0.116834 0.9367 2.42301e+09
-2.5 -1.5 -1 -0.280607 -0.255158 0.516585 1.24994e+10
-2.5 -0.5 -1 -0.267935 -0.213163 0.540839 1.35558e+10
-2.5 0.5 -1 -0.261776 -0.169117 0.551952 1.42718e+10
-2.5 1.5 -1 -0.257205 -0.122719 0.55309 1.45605e+10
-1.5 -1.5 -1 -0.262564 -0.203906 0.613528 1.09434e+10
-2 -1 -1 -0.26539 -0.205482 0.577855 1.21713e+10
-1.5 -0.5 -1 -0.249042 -0.156284 0.634917 1.16618e+10
-2 0 -1 -0.256417 -0.160259 0.593258 1.2947e+10
-1.5 0.5 -1 -0.240171 -0.10792 0.642309 1.22546e+10
-2 1 -1 -0.249844 -0.11256 0.596723 1.34708e+10
-1.5 1.5 -1 -0.231317 -0.0572621 0.637981 1.26615e+10
-0.5 -1.5 -1 -0.230849 -0.164329 0.710813 9.63886e+09
-1 -1 -1 -0.241058 -0.157944 0.67489 1.05375e+10
-0.5 -0.5 -1 -0.21715 -0.113329 0.731763 1.00775e+10
-1 0 -1 -0.228905 -0.108142 0.688068 1.10903e+10
-0.5 0.5 -1 -0.205048 -0.0619514 0.73601 1.0535e+10
-1 1 -1 -0.218795 -0.0574347 0.686941 1.15734e+10
-0.5 1.5 -1 -0.194353 -0.0106225 0.724429 1.09922e+10
0.5 -1.5 -1 -0.189827 -0.134272 0.80164 8.68982e+09
0 -1 -1 -0.204131 -0.122524 0.77072 9.27091e+09
0.5 -0.5 -1 -0.175873 -0.0824554 0.824267 8.91343e+09
0 0 -1 -0.190892 -0.0705727 0.782757 9.63257e+09
0.5 0.5 -1 -0.163262 -0.0303784 0.82545 9.25664e+09
0 1 -1 -0.17902 -0.0188311 0.776203 1.00649e+10
0.5 1.5 -1 -0.151382 0.0208679 0.806489 9.7174e+09
1.5 -1.5 -1 -0.143767 -0.111804 0.878318 8.08003e+09
1 -1 -1 -0.159936 -0.0965019 0.857159 8.39418e+09
1.5 -0.5 -1 -0.129667 -0.0603915 0.903569 8.14141e+09
1 0 -1 -0.146827 -0.0445133 0.869062 8.6099e+09
1.5 0.5 -1 -0.117333 -0.00886454 0.902841 8.38378e+09
1 1 -1 -0.134686 0.00698923 0.857634 8.97807e+09
1.5 1.5 -1 -0.105106 0.041741 0.877652 8.80923e+09
2.5 -1.5 -1 -0.0947147 -0.0947147 0.933434 7.76229e+09
2 -1 -1 -0.112214 -0.0773116 0.925768 7.85757e+09
2.5 -0.5 -1 -0.0810046 -0.044106 0.961532 7.68974e+09
2 0 -1 -0.0993396 -0.0260698 0.938561 7.95182e+09
2.5 0.5 -1 -0.0689286 0.00665763 0.960323 7.83592e+09
2 1 -1 -0.0873516 0.0247107 0.92385 8.24621e+09
2.5 1.5 -1 -0.056617 0.056617 0.93098 8.20009e+09
-2.25 -1.25 -0.75 -0.282293 0.196718 0.554492 2.58879e+09
-2.25 -0.25 -0.75 -0.346348 0.224217 0.543211 2.89336e+09
-2.25 0.75 -0.75 -0.405917 0.241774 0.524783 3.15099e+09
-1.25 -1.25 -0.75 -0.231721 0.174058 0.661754 2.34043e+09
-1.75 -0.75 -0.75 -0.287419 0.204624 0.604837 2.59943e+09
-1.25 -0.25 -0.75 -0.286357 0.212069 0.652987 2.55978e+09
-1.75 0.25 -0.75 -0.345337 0.23183 0.589792 2.84751e+09
-1.25 0.75 -0.75 -0.337567 0.242244 0.633721 2.7664e+09
-1.75 1.25 -0.75 -0.395843 0.2546 0.568283 3.05687e+09
-0.25 -1.25 -0.75 -0.171657 0.141989 0.763152 2.11617e+09
-0.75 -0.75 -0.75 -0.229234 0.181834 0.711785 2.31181e+09
-0.25 -0.25 -0.75 -0.223804 0.188687 0.75767 2.26379e+09
-0.75 0.25 -0.75 -0.280189 0.220543 0.697791 2.49494e+09
-0.25 0.75 -0.75 -0.271546 0.2277 0.73668 2.42529e+09
-0.75 1.25 -0.75 -0.325924 0.252754 0.672165 2.67718e+09
0.75 -1.25 -0.75 -0.110724 0.101944 0.851028 1.95198e+09
0.25 -0.75 -0.75 -0.167314 0.148238 0.81003 2.08198e+09
0.75 -0.25 -0.75 -0.162784 0.152195 0.850381 2.04292e+09
0.25 0.25 -0.75 -0.217446 0.193665 0.797253 2.21124e+09
0.75 0.75 -0.75 -0.211521 0.196694 0.828638 2.16478e+09
0.25 1.25 -0.75 -0.262727 0.233012 0.767513 2.36391e+09
1.75 -1.25 -0.75 -0.0524811 0.0548958 0.918837 1.84968e+09
1.25 -0.75 -0.75 -0.107561 0.10542 0.892118 1.92222e+09
1.75 -0.25 -0.75 -0.10545 0.10673 0.924694 1.89471e+09
1.25 0.25 -0.75 -0.15908 0.154071 0.882383 2.00764e+09
1.75 0.75 -0.75 -0.156508 0.154539 0.904625 1.98146e+09
1.25 1.25 -0.75 -0.206571 0.19855 0.850461 2.13066e+09
2.25 -0.75 -0.75 -0.0512307 0.0559229 0.951836 1.82674e+09
2.25 0.25 -0.75 -0.104555 0.106469 0.947318 1.87398e+09
2.25 1.25 -0.75 -0.155085 0.154601 0.916046 1.96766e+09
-2.5 -1 -0.5 -0.279114 -0.24875 0.524267 8.86727e+09
-2.5 0 -0.5 -0.269918 -0.202831 0.541389 9.45821e+09
-2.5 1 -0.5 -0.262985 -0.155234 0.547458 9.76121e+09
-2 -1.5 -0.5 -0.281966 -0.244137 0.558357 8.14359e+09
-1.5 -1 -0.5 -0.264591 -0.195041 0.620153 8.03863e+09
-2 -0.5 -0.5 -0.267814 -0.196932 0.580819 8.76404e+09
-1.5 0 -0.5 -0.251991 -0.145098 0.634485 8.50618e+09
-2 0.5 -0.5 -0.259458 -0.148202 0.589971 9.19797e+09
-1.5 1 -0.5 -0.241351 -0.0927986 0.636114 8.81889e+09
-2 1.5 -0.5 -0.249172 -0.0955671 0.589342 9.37504e+09
-1 -1.5 -0.5 -0.259803 -0.198179 0.657144 7.38992e+09
-0.5 -1 -0.5 -0.234508 -0.152366 0.719112 7.20009e+09
-1 -0.5 -0.5 -0.24364 -0.146468 0.678355 7.80945e+09
-0.5 0 -0.5 -0.218958 -0.0987776 0.731925 7.52424e+09
-1 0.5 -0.5 -0.230521 -0.0937577 0.684491 8.16571e+09
-0.5 1 -0.5 -0.205581 -0.044854 0.728136 7.83012e+09
-1 1.5 -0.5 -0.21853 -0.0400965 0.676771 8.42713e+09
0 -1.5 -0.5 -0.222893 -0.161556 0.753839 6.7216e+09
0.5 -1 -0.5 -0.192692 -0.119525 0.812998 6.53342e+09
0 -0.5 -0.5 -0.206677 -0.1077 0.7758 6.96894e+09
0.5 0 -0.5 -0.177277 -0.0649489 0.824898 6.74629e+09
0 0.5 -0.5 -0.191794 -0.0532609 0.778454 7.24904e+09
0.5 1 -0.5 -0.162997 -0.0107721 0.815474 7.02415e+09
0 1.5 -0.5 -0.178381 0.000503527 0.762814 7.55539e+09
1 -1.5 -0.5 -0.177761 -0.133168 0.840095 6.23343e+09
1.5 -1 -0.5 -0.144882 -0.0947435 0.892771 6.07947e+09
1 -0.5 -0.5 -0.161463 -0.0790588 0.864171 6.35141e+09
1.5 0 -0.5 -0.129702 -0.0405763 0.904944 6.2005e+09
1 0.5 -0.5 -0.146863 -0.0246982 0.864 6.56334e+09
1.5 1 -0.5 -0.115432 0.0131542 0.891216 6.43764e+09
1 1.5 -0.5 -0.132449 0.0288006 0.84123 6.87017e+09
2 -1.5 -0.5 -0.128124 -0.111291 0.907861 5.94078e+09
2.5 -1 -0.5 -0.0938465 -0.0756846 0.950457 5.82337e+09
2 -0.5 -0.5 -0.111902 -0.0577615 0.934737 5.95067e+09
2.5 0 -0.5 -0.0789153 -0.0221929 0.963954 5.86106e+09
2 0.5 -0.5 -0.0974798 -0.00399718 0.933331 6.0962e+09
2.5 1 -0.5 -0.0646433 0.0309404 0.947902 6.04335e+09
2 1.5 -0.5 -0.0828439 0.0488751 0.905183 6.37459e+09
-2.25 -0.75 -0.25 -0.323711 0.236694 0.548567 1.86083e+09
-2.25 0.25 -0.25 -0.390549 0.256655 0.529829 2.06895e+09
-2.25 1.25 -0.25 -0.447303 0.272004 0.507729 2.22389e+09
-1.75 -1.25 -0.25 -0.268002 0.210547 0.609071 1.704e+09
-1.25 -0.75 -0.25 -0.272208 0.218041 0.658445 1.73583e+09
-1.75 -0.25 -0.25 -0.331245 0.242776 0.595175 1.90148e+09
-1.25 0.25 -0.25 -0.330395 0.25182 0.64005 1.90021e+09
-1.75 0.75 -0.25 -0.390011 0.266422 0.573121 2.07322e+09
-1.25 1.25 -0.25 -0.380416 0.278757 0.613697 2.04516e+09
-0.75 -1.25 -0.25 -0.212632 0.180344 0.71618 1.59269e+09
-0.25 -0.75 -0.25 -0.21022 0.186494 0.763696 1.59675e+09
-0.75 -0.25 -0.25 -0.27025 0.224914 0.704783 1.73634e+09
-0.25 0.25 -0.25 -0.264737 0.230281 0.746127 1.71877e+09
-0.75 0.75 -0.25 -0.322888 0.260159 0.680955 1.87629e+09
-0.25 1.25 -0.25 -0.313132 0.266468 0.714868 1.84479e+09
0.25 -1.25 -0.25 -0.148625 0.140081 0.81308 1.48856e+09
0.75 -0.75 -0.25 -0.145623 0.143573 0.85569 1.48294e+09
0.25 -0.25 -0.25 -0.205883 0.190521 0.805689 1.58597e+09
0.75 0.25 -0.25 -0.201413 0.192478 0.840296 1.56971e+09
0.25 0.75 -0.25 -0.258001 0.233715 0.780297 1.69555e+09
0.75 1.25 -0.25 -0.25143 0.23586 0.805813 1.67408e+09
1.25 -1.25 -0.25 -0.0847346 0.0912018 0.89191 1.41274e+09
1.75 -0.75 -0.25 -0.0834332 0.0919831 0.927391 1.40568e+09
1.25 -0.25 -0.25 -0.143018 0.144798 0.890758 1.47213e+09
1.75 0.25 -0.25 -0.141464 0.144227 0.916897 1.46096e+09
1.25 0.75 -0.25 -0.19766 0.192891 0.866113 1.55408e+09
1.75 1.25 -0.25 -0.194945 0.192846 0.882114 1.54322e+09
2.25 -1.25 -0.25 -0.0237246 0.0351835 0.94666 1.3724e+09
2.25 -0.25 -0.25 -0.0834158 0.0908958 0.953813 1.3976e+09
2.25 0.75 -0.25 -0.141041 0.142858 0.933078 1.45301e+09
-2.5 -1.5 0 -0.29279 -0.287244 0.506957 5.42961e+09
-2.5 -0.5 0 -0.278159 -0.23857 0.530938 5.89686e+09
-2.5 0.5 0 -0.267766 -0.188748 0.542935 6.17318e+09
-2.5 1.5 0 -0.259547 -0.136709 0.544683 6.19985e+09
-1.5 -1.5 0 -0.282626 -0.236598 0.60276 5.23485e+09
-2 -1 0 -0.280486 -0.235852 0.567145 5.58826e+09
-1.5 -0.5 0 -0.263653 -0.184527 0.625213 5.59425e+09
-2 0 0 -0.267187 -0.185138 0.583309 5.94493e+09
-1.5 0.5 0 -0.250698 -0.130779 0.633181 5.84285e+09
-2 1 0 -0.257135 -0.13202 0.587284 6.10906e+09
-1.5 1.5 0 -0.237175 -0.0742332 0.629555 5.94328e+09
-0.5 -1.5 0 -0.253946 -0.194068 0.702266 4.90162e+09
-1 -1 0 -0.260393 -0.18753 0.665628 5.22594e+09
-0.5 -0.5 0 -0.23483 -0.13864 0.724262 5.13566e+09
-1 0 0 -0.242856 -0.132833 0.679708 5.48979e+09
-0.5 0.5 0 -0.217801 -0.0819847 0.728954 5.34318e+09
-1 1 0 -0.228415 -0.0765504 0.678988 5.6768e+09
-0.5 1.5 0 -0.203125 -0.0257796 0.717144 5.51359e+09
0.5 -1.5 0 -0.212055 -0.159319 0.796072 4.58628e+09
0 -1 0 -0.224583 -0.147831 0.764194 4.82654e+09
0.5 -0.5 0 -0.193388 -0.102714 0.819339 4.7263e+09
0 0 0 -0.206529 -0.0908817 0.776714 5.0133e+09
0.5 0.5 0 -0.176344 -0.0456767 0.820359 4.89422e+09
0 1 0 -0.190186 -0.0341981 0.769949 5.20077e+09
0.5 1.5 0 -0.159977 0.0104574 0.800685 5.0908e+09
1.5 -1.5 0 -0.163224 -0.131786 0.875171 4.36368e+09
1 -1 0 -0.178585 -0.116606 0.853271 4.50411e+09
1.5 -0.5 0 -0.14441 -0.0754413 0.900821 4.42206e+09
1 0 0 -0.160988 -0.0596592 0.865201 4.62771e+09
1.5 0.5 0 -0.127581 -0.0188011 0.899627 4.55038e+09
1 1 0 -0.144434 -0.00316886 0.853103 4.80161e+09
1.5 1.5 0 -0.110571 0.0369165 0.873425 4.74529e+09
2.5 -1.5 0 -0.109842 -0.109842 0.931768 4.24893e+09
2 -1 0 -0.127288 -0.0923909 0.923811 4.29268e+09
2.5 -0.5 0 -0.0914301 -0.0541148 0.96033 4.23611e+09
2 0 0 -0.109777 -0.0359485 0.936522 4.35716e+09
2.5 0.5 0 -0.0746004 0.00200745 0.958686 4.31653e+09
2 1 0 -0.0930306 0.0200713 0.921 4.50271e+09
2.5 1.5 0 -0.05726 0.05726 0.928249 4.48713e+09
-2.25 -1.25 0.25 -0.293016 0.239244 0.558393 1.11154e+09
-2.25 -0.25 0.25 -0.365728 0.26493 0.541177 1.26805e+09
-2.25 0.75 0.25 -0.429742 0.282227 0.518519 1.39536e+09
-1.25 -1.25 0.25 -0.250707 0.213464 0.666839 1.10706e+09
-1.75 -0.75 0.25 -0.308238 0.247608 0.605663 1.18791e+09
-1.25 -0.25 0.25 -0.313469 0.255322 0.650958 1.23175e+09
-1.75 0.25 0.25 -0.37436 0.275653 0.583891 1.32134e+09
-1.25 0.75 0.25 -0.372194 0.285822 0.624601 1.34404e+09
-1.75 1.25 0.25 -0.429149 0.296698 0.557381 1.42664e+09
-0.25 -1.25 0.25 -0.190673 0.175683 0.770497 1.06906e+09
-0.75 -0.75 0.25 -0.253476 0.220402 0.714196 1.1443e+09
-0.25 -0.25 0.25 -0.251609 0.225185 0.756957 1.1613e+09
-0.75 0.25 0.25 -0.312399 0.2616 0.692497 1.24971e+09
-0.25 0.75 0.25 -0.306275 0.266236 0.728689 1.2527e+09
-0.75 1.25 0.25 -0.363511 0.293942 0.660565 1.34597e+09
0.75 -1.25 0.25 -0.123317 0.127889 0.85963 1.02772e+09
0.25 -0.75 0.25 -0.188727 0.179964 0.814156 1.08555e+09
0.75 -0.25 0.25 -0.185596 0.18191 0.851226 1.09164e+09
0.25 0.25 0.25 -0.247169 0.228015 0.793586 1.1656e+09
0.75 0.75 0.25 -0.242167 0.229133 0.822352 1.16374e+09
0.25 1.25 0.25 -0.298616 0.26932 0.75723 1.24862e+09
1.75 -1.25 0.25 -0.0568154 0.0702074 0.926444 1.00108e+09
1.25 -0.75 0.25 -0.1216 0.129144 0.89702 1.03544e+09
1.75 -0.25 0.25 -0.120672 0.128274 0.926234 1.03757e+09
1.25 0.25 0.25 -0.18278 0.181835 0.880242 1.09187e+09
1.75 0.75 0.25 -0.180915 0.180869 0.900233 1.09014e+09
1.25 1.25 0.25 -0.237632 0.229798 0.842222 1.1601e+09
2.25 -0.75 0.25 -0.0570646 0.0691632 0.955877 1.00438e+09
2.25 0.25 0.25 -0.120886 0.126262 0.946338 1.03746e+09
2.25 1.25 0.25 -0.179967 0.179973 0.910479 1.08862e+09
-2.5 -1 0.5 -0.289481 -0.278642 0.520029 3.45051e+09
-2.5 0 0.5 -0.270767 -0.225232 0.540234 3.68563e+09
-2.5 1 0.5 -0.261716 -0.173955 0.546074 3.75458e+09
-2 -1.5 0.5 -0.297739 -0.279203 0.551377 3.34831e+09
-1.5 -1 0.5 -0.278487 -0.227481 0.613684 3.47971e+09
-2 -0.5 0.5 -0.273962 -0.225601 0.576761 3.62257e+09
-1.5 0 0.5 -0.258671 -0.171712 0.629742 3.67307e+09
-2 0.5 0.5 -0.260383 -0.171095 0.586978 3.77391e+09
-1.5 1 0.5 -0.244685 -0.113431 0.631648 3.76351e+09
-2 1.5 0.5 -0.248968 -0.113335 0.58595 3.77054e+09
-1 -1.5 0.5 -0.279644 -0.231828 0.649356 3.32127e+09
-0.5 -1 0.5 -0.25269 -0.18189 0.712716 3.34706e+09
-1 -0.5 0.5 -0.256949 -0.17527 0.672417 3.51553e+09
-0.5 0 0.5 -0.232061 -0.122815 0.726438 3.49382e+09
-1 0.5 0.5 -0.238469 -0.116417 0.67934 3.65277e+09
-0.5 1 0.5 -0.213524 -0.063212 0.72298 3.60227e+09
-1 1.5 0.5 -0.222319 -0.0571797 0.671796 3.71823e+09
0 -1.5 0.5 -0.244604 -0.191047 0.747483 3.19371e+09
0.5 -1 0.5 -0.21178 -0.143848 0.808219 3.17777e+09
0 -0.5 0.5 -0.223296 -0.132171 0.770528 3.32734e+09
0.5 0 0.5 -0.191502 -0.0841574 0.820554 3.28672e+09
0 0.5 0.5 -0.203573 -0.0723371 0.773503 3.44731e+09
0.5 1 0.5 -0.172537 -0.0249808 0.810868 3.40073e+09
0 1.5 0.5 -0.185274 -0.0136568 0.757639 3.55247e+09
1 -1.5 0.5 -0.199057 -0.157051 0.835807 3.06535e+09
1.5 -1 0.5 -0.162128 -0.11345 0.889863 3.03786e+09
1 -0.5 0.5 -0.177355 -0.0980528 0.860581 3.144e+09
1.5 0 0.5 -0.141791 -0.0541895 0.902131 3.10951e+09
1 0.5 0.5 -0.1579 -0.0386307 0.86026 3.24585e+09
1.5 1 0.5 -0.122431 0.00451852 0.887842 3.21493e+09
1 1.5 0.5 -0.138625 0.0196212 0.836824 3.36662e+09
2 -1.5 0.5 -0.1461 -0.129736 0.90539 2.98199e+09
2.5 -1 0.5 -0.106986 -0.088973 0.948965 2.95679e+09
2 -0.5 0.5 -0.124737 -0.0711525 0.932741 3.00913e+09
2.5 0 0.5 -0.0868726 -0.0302645 0.962507 2.98605e+09
2 0.5 0.5 -0.1051 -0.01226 0.930991 3.08282e+09
2.5 1 0.5 -0.0672406 0.0281612 0.945807 3.06954e+09
2 1.5 0.5 -0.0850295 0.0457185 0.901996 3.19951e+09
-2.25 -0.75 0.75 -0.333286 0.268331 0.557605 7.21069e+08
-2.25 0.25 0.75 -0.403973 0.291135 0.536622 8.1555e+08
-2.25 1.25 0.75 -0.466279 0.304339 0.510444 8.83937e+08
-1.75 -1.25 0.75 -0.278038 0.237804 0.618771 6.94175e+08
-1.25 -0.75 0.75 -0.290313 0.247454 0.664962 7.51378e+08
-1.75 -0.25 0.75 -0.346459 0.278608 0.601246 7.89571e+08
-1.25 0.25 0.75 -0.354395 0.285605 0.640429 8.33804e+08
-1.75 0.75 0.75 -0.411375 0.303399 0.573807 8.70942e+08
-1.25 1.25 0.75 -0.409228 0.314252 0.608545 9.01233e+08
-0.75 -1.25 0.75 -0.231018 0.205302 0.724861 7.12544e+08
-0.25 -0.75 0.75 -0.233028 0.211537 0.768817 7.45417e+08
-0.75 -0.25 0.75 -0.294798 0.253658 0.706865 7.89855e+08
-0.25 0.25 0.75 -0.293283 0.2582 0.744168 8.12613e+08
-0.75 0.75 0.75 -0.352441 0.292373 0.676621 8.60446e+08
-0.25 1.25 0.75 -0.345174 0.296949 0.707135 8.73654e+08
0.25 -1.25 0.75 -0.166181 0.162251 0.822307 7.06041e+08
0.75 -0.75 0.75 -0.164745 0.164792 0.861106 7.25639e+08
0.25 -0.25 0.75 -0.231038 0.21524 0.807168 7.66036e+08
0.75 0.25 0.75 -0.22729 0.216514 0.838505 7.77251e+08
0.25 0.75 0.75 -0.287932 0.260713 0.775117 8.2468e+08
0.75 1.25 0.75 -0.282027 0.262687 0.79806 8.30378e+08
1.25 -1.25 0.75 -0.0961742 0.1056 0.900425 6.97146e+08
1.75 -0.75 0.75 -0.0953769 0.105337 0.932123 7.08556e+08
1.25 -0.25 0.75 -0.162683 0.164908 0.892589 7.36909e+08
1.75 0.25 0.75 -0.161316 0.163686 0.915749 7.43271e+08
1.25 0.75 0.75 -0.223719 0.216745 0.861621 7.83032e+08
1.75 1.25 0.75 -0.220739 0.217049 0.875879 7.85386e+08
2.25 -1.25 0.75 -0.0269488 0.0407114 0.953094 6.93768e+08
2.25 -0.25 0.75 -0.0956492 0.103758 0.955431 7.15175e+08
2.25 0.75 0.75 -0.16085 0.162137 0.930004 7.46094e+08
-2.5 -1.5 1 -0.309391 -0.327922 0.506616 1.88287e+09
-2.5 -0.5 1 -0.274166 -0.269545 0.538103 2.06181e+09
-2.5 0.5 1 -0.256858 -0.217383 0.551739 2.14103e+09
-2.5 1.5 1 -0.250449 -0.162179 0.551438 2.09938e+09
-1.5 -1.5 1 -0.297843 -0.275206 0.598644 2.04828e+09
-2 -1 1 -0.288632 -0.272146 0.567402 2.07558e+09
-1.5 -0.5 1 -0.269805 -0.217347 0.624476 2.18784e+09
-2 0 1 -0.261677 -0.214876 0.58766 2.19572e+09
-1.5 0.5 1 -0.24951 -0.156508 0.633905 2.26761e+09
-2 1 1 -0.251141 -0.157531 0.590759 2.22769e+09
-1.5 1.5 1 -0.234386 -0.0951037 0.629629 2.26661e+09
-0.5 -1.5 1 -0.272144 -0.228955 0.696667 2.07676e+09
-1 -1 1 -0.273794 -0.222036 0.661805 2.14083e+09
-0.5 -0.5 1 -0.248262 -0.168205 0.72021 2.18529e+09
-1 0 1 -0.250705 -0.161025 0.677305 2.24406e+09
-0.5 0.5 1 -0.226029 -0.105103 0.72568 2.26098e+09
-1 1 1 -0.230238 -0.0979439 0.677291 2.2917e+09
-0.5 1.5 1 -0.204671 -0.0429091 0.714487 2.30041e+09
0.5 -1.5 1 -0.233779 -0.188206 0.790753 2.04399e+09
0 -1 1 -0.241728 -0.177471 0.759378 2.11234e+09
0.5 -0.5 1 -0.20876 -0.126705 0.815299 2.12126e+09
0 0 1 -0.21902 -0.114978 0.772773 2.19687e+09
0.5 0.5 1 -0.18633 -0.0642277 0.816754 2.19457e+09
0 1 1 -0.196971 -0.0523947 0.766448 2.26205e+09
0.5 1.5 1 -0.164577 -0.00352466 0.796967 2.25734e+09
1.5 -1.5 1 -0.183658 -0.154378 0.871443 2.00562e+09
1 -1 1 -0.196996 -0.139968 0.849307 2.05267e+09
1.5 -0.5 1 -0.15889 -0.0930756 0.897895 2.05045e+09
1 0 1 -0.17333 -0.0778944 0.861859 2.11798e+09
1.5 0.5 1 -0.136016 -0.0315975 0.896731 2.11015e+09
1 1 1 -0.151062 -0.0165508 0.849693 2.18697e+09
1.5 1.5 1 -0.113124 0.0287449 0.870129 2.1801e+09
2.5 -1.5 1 -0.126446 -0.126446 0.929484 1.98856e+09
2 -1 1 -0.143087 -0.109449 0.921328 2.00495e+09
2.5 -0.5 1 -0.102069 -0.0657763 0.958614 1.99817e+09
2 0 1 -0.119556 -0.04813 0.934261 2.0431e+09
2.5 0.5 1 -0.0792356 -0.00455941 0.956822 2.03716e+09
2 1 1 -0.0968331 0.0127846 0.918381 2.1035e+09
2.5 1.5 1 -0.0556768 0.0556768 0.925737 2.10088e+09
-2.25 -1.25 1.25 -0.29438 0.249385 0.573147 3.82136e+08
-2.25 -0.25 1.25 -0.361563 0.294213 0.562319 4.44816e+08
-2.25 0.75 1.25 -0.43794 0.310491 0.534924 4.95105e+08
-1.25 -1.25 1.25 -0.262497 0.225576 0.679165 4.31036e+08
-1.75 -0.75 1.25 -0.316815 0.265846 0.619851 4.39935e+08
-1.25 -0.25 1.25 -0.32975 0.273535 0.659663 4.88081e+08
-1.75 0.25 1.25 -0.383738 0.300398 0.596188 4.96624e+08
-1.25 0.75 1.25 -0.390177 0.310712 0.629323 5.37242e+08
-1.75 1.25 1.25 -0.446348 0.324356 0.564695 5.39281e+08
-0.25 -1.25 1.25 -0.208478 0.191207 0.781187 4.51498e+08
-0.75 -0.75 1.25 -0.272781 0.234821 0.722391 4.71426e+08
-0.25 -0.25 1.25 -0.275161 0.241791 0.760798 5.01378e+08
-0.75 0.25 1.25 -0.335104 0.280911 0.695559 5.22073e+08
-0.25 0.75 1.25 -0.331568 0.285527 0.727135 5.45351e+08
-0.75 1.25 1.25 -0.387017 0.317523 0.659261 5.63414e+08
0.75 -1.25 1.25 -0.140158 0.138443 0.868614 4.59723e+08
0.25 -0.75 1.25 -0.209649 0.195945 0.820682 4.7846e+08
0.75 -0.25 1.25 -0.20767 0.198167 0.853864 4.96382e+08
0.25 0.25 1.25 -0.272394 0.245529 0.793477 5.21131e+08
0.75 0.75 1.25 -0.267532 0.247808 0.819045 5.33641e+08
0.25 1.25 1.25 -0.325117 0.289212 0.752157 5.59387e+08
1.75 -1.25 1.25 -0.0669855 0.0751287 0.933807 4.63356e+08
1.25 -0.75 1.25 -0.138634 0.139884 0.902227 4.76627e+08
1.75 -0.25 1.25 -0.137355 0.139735 0.928071 4.8789e+08
1.25 0.25 1.25 -0.204682 0.198319 0.879504 5.08312e+08
1.75 0.75 1.25 -0.202258 0.198216 0.89698 5.15108e+08
1.25 1.25 1.25 -0.262716 0.249936 0.83649 5.40734e+08
2.25 -0.75 1.25 -0.0666362 0.0748924 0.959844 4.74397e+08
2.25 0.25 1.25 -0.136793 0.138724 0.945657 4.94354e+08
2.25 1.25 1.25 -0.200369 0.198949 0.905932 5.18158e+08
-2.5 -1 1.5 -0.297273 -0.323871 0.52959 1.07176e+09
-2.5 0 1.5 -0.255551 -0.271373 0.556663 1.13609e+09
-2.5 1 1.5 -0.246235 -0.221296 0.561209 1.13884e+09
-2 -1.5 1.5 -0.311464 -0.328046 0.553418 1.12066e+09
-1.5 -1 1.5 -0.288405 -0.270039 0.614668 1.23294e+09
-2 -0.5 1.5 -0.271822 -0.266642 0.584845 1.20247e+09
-1.5 0 1.5 -0.258607 -0.207007 0.633956 1.29525e+09
-2 0.5 1.5 -0.24869 -0.208198 0.597373 1.24194e+09
-1.5 1 1.5 -0.237702 -0.142021 0.636559 1.307e+09
-2 1.5 1.5 -0.237052 -0.14706 0.594688 1.21583e+09
-1 -1.5 1.5 -0.292494 -0.274345 0.646701 1.23638e+09
-0.5 -1 1.5 -0.265031 -0.218971 0.70955 1.30067e+09
-1 -0.5 1.5 -0.265616 -0.212205 0.671887 1.31199e+09
-0.5 0 1.5 -0.241282 -0.15354 0.724407 1.35828e+09
-1 0.5 1.5 -0.240981 -0.145563 0.680134 1.35173e+09
-0.5 1 1.5 -0.214859 -0.0858738 0.72233 1.38776e+09
-1 1.5 1.5 -0.215311 -0.0785756 0.674026 1.35199e+09
0 -1.5 1.5 -0.264535 -0.226688 0.74184 1.27652e+09
0.5 -1 1.5 -0.229516 -0.173487 0.803432 1.31033e+09
0 -0.5 1.5 -0.235955 -0.162902 0.766985 1.33948e+09
0.5 0 1.5 -0.202149 -0.108483 0.817227 1.36124e+09
0 0.5 1.5 -0.210542 -0.0966101 0.771109 1.38651e+09
0.5 1 1.5 -0.176001 -0.0437538 0.808378 1.40221e+09
0 1.5 1.5 -0.184329 -0.0322755 0.756148 1.41056e+09
1 -1.5 1.5 -0.220796 -0.185177 0.83042 1.28348e+09
1.5 -1 1.5 -0.179899 -0.135391 0.885931 1.3012e+09
1 -0.5 1.5 -0.192102 -0.121271 0.856727 1.3291e+09
1.5 0 1.5 -0.152041 -0.0716178 0.899053 1.33782e+09
1 0.5 1.5 -0.165207 -0.057087 0.857234 1.37291e+09
1.5 1 1.5 -0.125934 -0.00855152 0.884922 1.37705e+09
1 1.5 1.5 -0.139153 0.0054587 0.834028 1.40854e+09
2 -1.5 1.5 -0.166154 -0.150632 0.901554 1.28354e+09
2.5 -1 1.5 -0.121335 -0.104348 0.946263 1.28893e+09
2 -0.5 1.5 -0.137248 -0.0874849 0.929844 1.3077e+09
2.5 0 1.5 -0.0940312 -0.040792 0.960243 1.30991e+09
2 0.5 1.5 -0.110475 -0.0240109 0.928358 1.34016e+09
2.5 1 1.5 -0.0672766 0.022267 0.943403 1.33938e+09
2 1.5 1.5 -0.0835645 0.0382676 0.899208 1.37631e+09
