449
-2.5 -1 -1.5 -0.158783 0.0995116 0.811531 6.62085e+09
-2.5 0 -1.5 -0.168554 0.135783 0.729421 8.20916e+09
-2.5 1 -1.5 -0.155117 0.176224 0.647419 1.08489e+10
-2 -1.5 -1.5 -0.129645 0.0590422 0.847178 5.93919e+09
-1.5 -1 -1.5 -0.122705 0.0555256 0.801197 6.29927e+09
-2 -0.5 -1.5 -0.14883 0.0953165 0.768642 7.07521e+09
-1.5 0 -1.5 -0.132766 0.0934832 0.721177 7.63867e+09
-2 0.5 -1.5 -0.148517 0.133218 0.686289 8.96426e+09
-1.5 1 -1.5 -0.122271 0.132465 0.639969 9.89435e+09
-2 1.5 -1.5 -0.123757 0.175452 0.605971 1.21641e+10
-1 -1.5 -1.5 -0.0919254 0.0163639 0.824566 5.81556e+09
-0.5 -1 -1.5 -0.0825163 0.0175546 0.770757 6.1864e+09
-1 -0.5 -1.5 -0.110099 0.0549282 0.750068 6.74142e+09
-0.5 0 -1.5 -0.0921218 0.0570948 0.694858 7.27271e+09
-1 0.5 -1.5 -0.110918 0.0939874 0.670094 8.32297e+09
-0.5 1 -1.5 -0.0837757 0.0968423 0.61578 9.14556e+09
-1 1.5 -1.5 -0.0901943 0.133937 0.590539 1.10307e+10
0 -1.5 -1.5 -0.0515672 -0.0181116 0.781525 5.92139e+09
0.5 -1 -1.5 -0.0408312 -0.0107849 0.721586 6.32338e+09
0 -0.5 -1.5 -0.0681923 0.0219947 0.712476 6.62892e+09
0.5 0 -1.5 -0.0494905 0.0291719 0.650436 7.15077e+09
0 0.5 -1.5 -0.0693029 0.0617003 0.636164 7.90393e+09
0.5 1 -1.5 -0.0425237 0.0678628 0.574473 8.64733e+09
0 1.5 -1.5 -0.0521219 0.101652 0.55849 1.0129e+10
1 -1.5 -1.5 -0.0107849 -0.0408312 0.721586 6.32338e+09
1.5 -1 -1.5 -0.000248301 -0.0262761 0.657708 6.796e+09
1 -0.5 -1.5 -0.0262761 -0.000248301 0.657708 6.796e+09
1.5 0 -1.5 -0.00893185 0.0123427 0.590572 7.34495e+09
1 0.5 -1.5 -0.0273314 0.0379561 0.585259 7.75932e+09
1.5 1 -1.5 -0.00353824 0.0462949 0.517891 8.45766e+09
1 1.5 -1.5 -0.0137912 0.073929 0.510584 9.51413e+09
2 -1.5 -1.5 0.0291719 -0.0494905 0.650436 7.15077e+09
2.5 -1 -1.5 0.0379561 -0.0273314 0.585259 7.75932e+09
2 -0.5 -1.5 0.0123427 -0.00893185 0.590572 7.34495e+09
2.5 0 -1.5 0.0248999 0.00930406 0.521195 7.96996e+09
2 0.5 -1.5 0.00930406 0.0248999 0.521195 7.96996e+09
2.5 1 -1.5 0.0259022 0.0348662 0.450719 8.64794e+09
2 1.5 -1.5 0.0191791 0.0519417 0.449352 9.23027e+09
-2.25 -0.75 -1.25 0.269046 0.161116 0.773658 2.6246e+09
-2.25 0.25 -1.25 0.314385 0.175101 0.698112 3.33778e+09
-2.25 1.25 -1.25 0.357083 0.182773 0.628184 4.54683e+09
-1.75 -1.25 -1.25 0.260609 0.178666 0.794391 2.37263e+09
-1.25 -0.75 -1.25 0.299951 0.212836 0.735447 2.59472e+09
-1.75 -0.25 -1.25 0.308916 0.193303 0.718314 2.89763e+09
-1.25 0.25 -1.25 0.346324 0.221048 0.659696 3.2308e+09
-1.75 0.75 -1.25 0.352599 0.200271 0.644556 3.77267e+09
-1.25 1.25 -1.25 0.388214 0.221206 0.588382 4.29934e+09
-0.75 -1.25 -1.25 0.287204 0.232791 0.748025 2.40446e+09
-0.25 -0.75 -1.25 0.322978 0.26456 0.682346 2.63263e+09
-0.75 -0.25 -1.25 0.336565 0.242769 0.672687 2.8621e+09
-0.25 0.25 -1.25 0.370276 0.268397 0.606653 3.17584e+09
-0.75 0.75 -1.25 0.381067 0.244483 0.598151 3.62766e+09
-0.25 1.25 -1.25 0.412824 0.263885 0.533156 4.09463e+09
0.25 -1.25 -1.25 0.305685 0.285782 0.68757 2.52202e+09
0.75 -0.75 -1.25 0.336928 0.315294 0.616611 2.76456e+09
0.25 -0.25 -1.25 0.355637 0.292205 0.613065 2.8978e+09
0.75 0.25 -1.25 0.384904 0.315422 0.540137 3.2003e+09
0.25 0.75 -1.25 0.400739 0.289601 0.537129 3.53807e+09
0.75 1.25 -1.25 0.426566 0.305211 0.464367 3.94645e+09
1.25 -1.25 -1.25 0.315294 0.336928 0.616611 2.76456e+09
1.75 -0.75 -1.25 0.34068 0.364471 0.541889 3.03965e+09
1.25 -0.25 -1.25 0.364471 0.34068 0.541889 3.03965e+09
1.75 0.25 -1.25 0.387331 0.360809 0.463711 3.34281e+09
1.25 0.75 -1.25 0.409707 0.332913 0.463873 3.53605e+09
1.75 1.25 -1.25 0.428303 0.34267 0.385156 3.88931e+09
2.25 -1.25 -1.25 0.315422 0.384904 0.540137 3.2003e+09
2.25 -0.25 -1.25 0.360809 0.387331 0.463711 3.34281e+09
2.25 0.75 -1.25 0.40399 0.373922 0.382932 3.65839e+09
-2.5 -1.5 -1 -0.0582895 0.0978672 0.848638 1.02687e+10
-2.5 -0.5 -1 -0.0590398 0.130385 0.769424 1.23679e+10
-2.5 0.5 -1 -0.0434302 0.162407 0.687897 1.58258e+10
-2.5 1.5 -1 -0.00620421 0.195366 0.610159 2.16493e+10
-1.5 -1.5 -1 -0.0207425 0.0777204 0.83174 9.95981e+09
-2 -1 -1 -0.0415838 0.103994 0.804341 1.09224e+10
-1.5 -0.5 -1 -0.0202464 0.111852 0.754394 1.17377e+10
-2 0 -1 -0.0345981 0.136733 0.723277 1.34239e+10
-1.5 0.5 -1 -0.0053219 0.144252 0.673297 1.47146e+10
-2 1 -1 -0.0098726 0.167992 0.642816 1.75947e+10
-1.5 1.5 -1 0.0284286 0.174684 0.594469 1.97526e+10
-0.5 -1.5 -1 0.0183457 0.0632081 0.794475 9.99076e+09
-1 -1 -1 -0.00211701 0.0872489 0.778853 1.06243e+10
-0.5 -0.5 -1 0.0204843 0.098916 0.721168 1.14169e+10
-1 0 -1 0.00549197 0.121379 0.700105 1.27204e+10
-0.5 0.5 -1 0.0350535 0.132584 0.642099 1.38793e+10
-1 1 -1 0.0281887 0.15325 0.619879 1.62604e+10
-0.5 1.5 -1 0.0654441 0.164296 0.562735 1.80919e+10
0.5 -1.5 -1 0.0569184 0.0569184 0.739193 1.04418e+10
0 -1 -1 0.0379749 0.0772261 0.734595 1.06801e+10
0.5 -0.5 -1 0.0606365 0.0934782 0.670445 1.1479e+10
0 0 -1 0.0465127 0.112523 0.659457 1.23412e+10
0.5 0.5 -1 0.0751977 0.127642 0.594024 1.34034e+10
0 1 -1 0.0677619 0.145427 0.580452 1.52281e+10
0.5 1.5 -1 0.102389 0.158969 0.515447 1.67672e+10
1.5 -1.5 -1 0.0934782 0.0606365 0.670445 1.1479e+10
1 -1 -1 0.0762469 0.0762469 0.674187 1.12011e+10
1.5 -0.5 -1 0.0974028 0.0974028 0.605289 1.20664e+10
1 0 -1 0.0855263 0.11129 0.602457 1.2391e+10
1.5 0.5 -1 0.111255 0.12918 0.531222 1.34085e+10
1 1 -1 0.10525 0.142966 0.525352 1.45967e+10
1.5 1.5 -1 0.134269 0.156115 0.454392 1.58901e+10
2.5 -1.5 -1 0.127642 0.0751977 0.594024 1.34034e+10
2 -1 -1 0.11129 0.0855263 0.602457 1.2391e+10
2.5 -0.5 -1 0.12918 0.111255 0.531222 1.34085e+10
2 0 -1 0.118901 0.118901 0.533124 1.303e+10
2.5 0.5 -1 0.138224 0.138224 0.458835 1.40613e+10
2 1 -1 0.135457 0.144564 0.457835 1.45002e+10
2.5 1.5 -1 0.15551 0.154836 0.383392 1.55729e+10
-2.25 -1.25 -0.75 0.173721 0.143304 0.809918 3.33237e+09
-2.25 -0.25 -0.75 0.207252 0.165173 0.731844 4.08296e+09
-2.25 0.75 -0.75 0.239213 0.181845 0.656183 5.32131e+09
-1.25 -1.25 -0.75 0.207243 0.179673 0.774133 3.31447e+09
-1.75 -0.75 -0.75 0.208673 0.171781 0.755472 3.62285e+09
-1.25 -0.25 -0.75 0.242204 0.196967 0.697021 3.97675e+09
-1.75 0.25 -0.75 0.241636 0.188138 0.677866 4.53253e+09
-1.25 0.75 -0.75 0.274125 0.207445 0.621515 5.0696e+09
-1.75 1.25 -0.75 0.272603 0.198735 0.605371 6.04171e+09
-0.25 -1.25 -0.75 0.234264 0.216657 0.72225 3.39492e+09
-0.75 -0.75 -0.75 0.239876 0.206786 0.712269 3.60753e+09
-0.25 -0.25 -0.75 0.270315 0.230528 0.647141 3.94823e+09
-0.75 0.25 -0.75 0.273714 0.218576 0.635747 4.39294e+09
-0.25 0.75 -0.75 0.302618 0.236681 0.571713 4.8696e+09
-0.75 1.25 -0.75 0.304137 0.223689 0.562507 5.69625e+09
0.75 -1.25 -0.75 0.25347 0.25347 0.657425 3.61021e+09
0.25 -0.75 -0.75 0.263291 0.242248 0.654733 3.69344e+09
0.75 -0.25 -0.75 0.289415 0.264343 0.584024 4.02835e+09
0.25 0.25 -0.75 0.298074 0.250664 0.579012 4.33354e+09
0.75 0.75 -0.75 0.322421 0.266599 0.507834 4.75842e+09
0.25 1.25 -0.75 0.328055 0.251008 0.504686 5.40352e+09
1.75 -1.25 -0.75 0.264343 0.289415 0.584024 4.02835e+09
1.25 -0.75 -0.75 0.277615 0.277615 0.585835 3.92909e+09
1.75 -0.25 -0.75 0.297877 0.297877 0.511039 4.27658e+09
1.25 0.25 -0.75 0.31196 0.282244 0.510166 4.39417e+09
1.75 0.75 -0.75 0.329342 0.294089 0.43389 4.77448e+09
1.25 1.25 -0.75 0.341382 0.276161 0.434475 5.20393e+09
2.25 -0.75 -0.75 0.282244 0.31196 0.510166 4.39417e+09
2.25 0.25 -0.75 0.312694 0.312694 0.433696 4.6376e+09
2.25 1.25 -0.75 0.339845 0.297738 0.356337 5.13231e+09
-2.5 -1 -0.5 -0.0110151 0.126111 0.806527 1.53378e+10
-2.5 0 -0.5 0.00392589 0.157462 0.724549 1.89854e+10
-2.5 1 -0.5 0.0357265 0.186394 0.644218 2.5006e+10
-2 -1.5 -0.5 0.00559807 0.105211 0.838623 1.38521e+10
-1.5 -1 -0.5 0.0286994 0.118686 0.788027 1.47788e+10
-2 -0.5 -0.5 0.0145301 0.138058 0.759018 1.65004e+10
-1.5 0 -0.5 0.0440348 0.150801 0.706882 1.79201e+10
-2 0.5 -0.5 0.0368806 0.168072 0.676811 2.08732e+10
-1.5 1 -0.5 0.0737806 0.179148 0.625692 2.31416e+10
-2 1.5 -0.5 0.077544 0.1949 0.598242 2.81832e+10
-1 -1.5 -0.5 0.0450478 0.0993521 0.809039 1.3695e+10
-0.5 -1 -0.5 0.0691078 0.116146 0.750714 1.46309e+10
-1 -0.5 -0.5 0.0553331 0.133471 0.732286 1.5896e+10
-0.5 0 -0.5 0.0850912 0.149536 0.672435 1.71955e+10
-1 0.5 -0.5 0.0770602 0.164431 0.651017 1.95962e+10
-0.5 1 -0.5 0.112947 0.179451 0.5914 2.15309e+10
-1 1.5 -0.5 0.114027 0.191738 0.570774 2.58135e+10
0 -1.5 -0.5 0.0839967 0.0995997 0.76037 1.40218e+10
0.5 -1 -0.5 0.107885 0.120606 0.69607 1.49945e+10
0 -0.5 -0.5 0.0959304 0.134548 0.687962 1.57076e+10
0.5 0 -0.5 0.124831 0.15434 0.621208 1.69157e+10
0 0.5 -0.5 0.117262 0.166985 0.608729 1.86706e+10
0.5 1 -0.5 0.150836 0.185602 0.541138 2.03083e+10
0 1.5 -0.5 0.150939 0.196203 0.527672 2.37225e+10
1 -1.5 -0.5 0.120606 0.107885 0.69607 1.49945e+10
1.5 -1 -0.5 0.143138 0.133543 0.627666 1.60793e+10
1 -0.5 -0.5 0.133543 0.143138 0.627666 1.60793e+10
1.5 0 -0.5 0.159902 0.166286 0.555435 1.72615e+10
1 0.5 -0.5 0.154718 0.174874 0.550633 1.82403e+10
1.5 1 -0.5 0.183748 0.194434 0.476882 1.96261e+10
1 1.5 -0.5 0.184021 0.203904 0.470178 2.20409e+10
2 -1.5 -0.5 0.15434 0.124831 0.621208 1.69157e+10
2.5 -1 -0.5 0.174874 0.154718 0.550633 1.82403e+10
2 -0.5 -0.5 0.166286 0.159902 0.555435 1.72615e+10
2.5 0 -0.5 0.188229 0.185073 0.480072 1.84938e+10
2 0.5 -0.5 0.185073 0.188229 0.480072 1.84938e+10
2.5 1 -0.5 0.206097 0.206079 0.402828 1.96872e+10
2 1.5 -0.5 0.209025 0.210257 0.401106 2.09679e+10
-2.25 -0.75 -0.25 0.121573 0.151211 0.768949 4.47225e+09
-2.25 0.25 -0.25 0.142528 0.175911 0.688514 5.60264e+09
-2.25 1.25 -0.25 0.165019 0.198415 0.612536 7.4536e+09
-1.75 -1.25 -0.25 0.129856 0.147487 0.794636 4.0503e+09
-1.25 -0.75 -0.25 0.158794 0.169858 0.736982 4.3825e+09
-1.75 -0.25 -0.25 0.151325 0.171811 0.714922 4.88289e+09
-1.25 0.25 -0.25 0.180264 0.189612 0.657984 5.37012e+09
-1.75 0.75 -0.25 0.172382 0.191629 0.636494 6.24037e+09
-1.25 1.25 -0.25 0.200176 0.204706 0.582383 6.98198e+09
-0.75 -1.25 -0.25 0.163798 0.168656 0.753081 4.06394e+09
-0.25 -0.75 -0.25 0.190473 0.190308 0.689131 4.392e+09
-0.75 -0.25 -0.25 0.186782 0.189746 0.675908 4.77148e+09
-0.25 0.25 -0.25 0.212878 0.206846 0.612229 5.20966e+09
-0.75 0.75 -0.25 0.207276 0.204589 0.598776 5.92663e+09
-0.25 1.25 -0.25 0.231427 0.217196 0.536984 6.54172e+09
0.25 -1.25 -0.25 0.191446 0.191015 0.69626 4.20639e+09
0.75 -0.75 -0.25 0.214125 0.21174 0.627862 4.53619e+09
0.25 -0.25 -0.25 0.215086 0.209223 0.62231 4.75721e+09
0.75 0.25 -0.25 0.236807 0.224889 0.552795 5.14932e+09
0.25 0.75 -0.25 0.236183 0.22102 0.545935 5.68627e+09
0.75 1.25 -0.25 0.255475 0.231439 0.47721 6.1807e+09
1.25 -1.25 -0.25 0.21174 0.214125 0.627862 4.53619e+09
1.75 -0.75 -0.25 0.229212 0.233694 0.55671 4.8877e+09
1.25 -0.25 -0.25 0.233694 0.229212 0.55671 4.8877e+09
1.75 0.25 -0.25 0.24903 0.242372 0.483093 5.24476e+09
1.25 0.75 -0.25 0.254472 0.236274 0.480862 5.55014e+09
1.75 1.25 -0.25 0.265539 0.240788 0.407846 5.92051e+09
2.25 -1.25 -0.25 0.224889 0.236807 0.552795 5.14932e+09
2.25 -0.25 -0.25 0.242372 0.24903 0.483093 5.24476e+09
2.25 0.75 -0.25 0.257888 0.249029 0.40815 5.57478e+09
-2.5 -1.5 0 0.0124534 0.119965 0.842609 1.67654e+10
-2.5 -0.5 0 0.0262342 0.153031 0.76132 2.0084e+10
-2.5 0.5 0 0.0533233 0.182825 0.678082 2.5493e+10
-2.5 1.5 0 0.0990465 0.209072 0.599107 3.44127e+10
-1.5 -1.5 0 0.052872 0.118555 0.821821 1.6362e+10
-2 -1 0 0.0383683 0.135914 0.79511 1.78602e+10
-1.5 -0.5 0 0.067554 0.152504 0.741933 1.92048e+10
-2 0 0 0.0582337 0.167657 0.711848 2.1821e+10
-1.5 0.5 0 0.0936787 0.182418 0.658503 2.38941e+10
-2 1 0 0.0928292 0.19494 0.629512 2.83145e+10
-1.5 1.5 0 0.135713 0.207502 0.577365 3.16274e+10
-0.5 -1.5 0 0.093187 0.121599 0.781138 1.64515e+10
-1 -1 0 0.0797197 0.136903 0.765816 1.74563e+10
-0.5 -0.5 0 0.109236 0.156262 0.705131 1.87234e+10
-1 0 0 0.0997647 0.169732 0.684453 2.07842e+10
-0.5 0.5 0 0.134466 0.187888 0.623146 2.25675e+10
-1 1 0 0.132028 0.197846 0.601515 2.628e+10
-0.5 1.5 0 0.172633 0.215205 0.540118 2.89568e+10
0.5 -1.5 0 0.131287 0.131287 0.722933 1.71607e+10
0 -1 0 0.120081 0.143185 0.718386 1.75449e+10
0.5 -0.5 0 0.148853 0.166027 0.651435 1.8744e+10
0 0 0 0.140938 0.1767 0.640409 2.01307e+10
0.5 0.5 0 0.173919 0.198298 0.571623 2.16424e+10
0 1 0 0.170805 0.207586 0.55768 2.4521e+10
0.5 1.5 0 0.207356 0.228716 0.487872 2.65733e+10
1.5 -1.5 0 0.166027 0.148853 0.651435 1.8744e+10
1 -1 0 0.157005 0.157005 0.655199 1.82927e+10
1.5 -0.5 0 0.183644 0.183644 0.583408 1.94853e+10
1 0 0 0.178675 0.189792 0.580432 2.00141e+10
1.5 0.5 0 0.208045 0.213477 0.505595 2.12996e+10
1 1 0 0.206628 0.22045 0.498841 2.31957e+10
1.5 1.5 0 0.236579 0.241399 0.422796 2.46325e+10
2.5 -1.5 0 0.198298 0.173919 0.571623 2.16424e+10
2 -1 0 0.189792 0.178675 0.580432 2.00141e+10
2.5 -0.5 0 0.213477 0.208045 0.505595 2.12996e+10
2 0 0 0.209917 0.209917 0.507825 2.06858e+10
2.5 0.5 0 0.233672 0.233672 0.429252 2.1781e+10
2 1 0 0.234568 0.235119 0.427721 2.24761e+10
2.5 1.5 0 0.254631 0.25181 0.34815 2.33671e+10
-2.25 -1.25 0.25 0.0565751 0.134656 0.808082 4.52305e+09
-2.25 -0.25 0.25 0.0659326 0.16597 0.72539 5.46095e+09
-2.25 0.75 0.25 0.0780803 0.195969 0.642873 6.9683e+09
-1.25 -1.25 0.25 0.0953851 0.140686 0.778373 4.45817e+09
-1.75 -0.75 0.25 0.0811665 0.152573 0.755074 4.86354e+09
-1.25 -0.25 0.25 0.105971 0.168756 0.698129 5.26661e+09
-1.75 0.25 0.25 0.0915113 0.18048 0.672525 5.97504e+09
-1.25 0.75 0.25 0.116318 0.192712 0.617335 6.56492e+09
-1.75 1.25 0.25 0.103659 0.206833 0.592397 7.7602e+09
-0.25 -1.25 0.25 0.130218 0.148745 0.731382 4.50907e+09
-0.75 -0.75 0.25 0.119219 0.158389 0.718288 4.78849e+09
-0.25 -0.25 0.25 0.142302 0.174274 0.655202 5.15641e+09
-0.75 0.25 0.25 0.130153 0.182945 0.638496 5.7224e+09
-0.25 0.75 0.25 0.152246 0.195108 0.576582 6.21332e+09
-0.75 1.25 0.25 0.13868 0.203115 0.559966 7.21033e+09
0.75 -1.25 0.25 0.158927 0.158927 0.670097 4.71556e+09
0.25 -0.75 0.25 0.151532 0.16621 0.66621 4.82528e+09
0.75 -0.25 0.25 0.170553 0.181201 0.598575 5.15521e+09
0.25 0.25 0.25 0.163305 0.187892 0.589701 5.54625e+09
0.75 0.75 0.25 0.180978 0.198673 0.521967 5.93444e+09
0.25 1.25 0.25 0.171068 0.205246 0.51231 6.7116e+09
1.75 -1.25 0.25 0.181201 0.170553 0.598575 5.15521e+09
1.25 -0.75 0.25 0.175739 0.175739 0.60178 5.02522e+09
1.75 -0.25 0.25 0.189005 0.189005 0.531343 5.32588e+09
1.25 0.25 0.25 0.186086 0.192815 0.528784 5.47805e+09
1.75 0.75 0.25 0.196482 0.199658 0.457494 5.75991e+09
1.25 1.25 0.25 0.193541 0.205432 0.452624 6.2791e+09
2.25 -0.75 0.25 0.192815 0.186086 0.528784 5.47805e+09
2.25 0.25 0.25 0.197248 0.197248 0.459432 5.58643e+09
2.25 1.25 0.25 0.198304 0.198907 0.386482 5.94497e+09
-2.5 -1 0.5 0.0373848 0.147071 0.798733 1.94609e+10
-2.5 0 0.5 0.0607567 0.179395 0.713826 2.38314e+10
-2.5 1 0.5 0.0995442 0.207156 0.630236 3.08905e+10
-2 -1.5 0.5 0.0508825 0.130503 0.831173 1.76834e+10
-1.5 -1 0.5 0.0798778 0.150115 0.77806 1.88243e+10
-2 -0.5 0.5 0.0686609 0.16505 0.748584 2.08914e+10
-1.5 0 0.5 0.102899 0.183091 0.69371 2.25997e+10
-2 0.5 0.5 0.0984 0.194953 0.66313 2.60939e+10
-1.5 1 0.5 0.139077 0.210395 0.608771 2.87156e+10
-2 1.5 0.5 0.145087 0.219768 0.580627 3.45195e+10
-1 -1.5 0.5 0.0928896 0.13497 0.799496 1.75077e+10
-0.5 -1 0.5 0.122118 0.156925 0.73882 1.86251e+10
-1 -0.5 0.5 0.111475 0.170189 0.719804 2.01663e+10
-0.5 0 0.5 0.145351 0.190844 0.657403 2.16667e+10
-1 0.5 0.5 0.139716 0.201457 0.634936 2.45444e+10
-0.5 1 0.5 0.178506 0.220973 0.57204 2.6654e+10
-1 1.5 0.5 0.182262 0.226917 0.550173 3.16238e+10
0 -1.5 0.5 0.133244 0.144614 0.748784 1.7876e+10
0.5 -1 0.5 0.161548 0.169915 0.682336 1.89728e+10
0 -0.5 0.5 0.153329 0.17966 0.673789 1.98532e+10
0.5 0 0.5 0.186024 0.203296 0.604653 2.11256e+10
0 0.5 0.5 0.180912 0.21253 0.590911 2.32568e+10
0.5 1 0.5 0.216928 0.235659 0.519924 2.48519e+10
0 1.5 0.5 0.218188 0.242803 0.504195 2.88359e+10
1 -1.5 0.5 0.169915 0.161548 0.682336 1.89728e+10
1.5 -1 0.5 0.196186 0.191074 0.611759 2.00915e+10
1 -0.5 0.5 0.191074 0.196186 0.611759 2.00915e+10
1.5 0 0.5 0.220859 0.222815 0.537076 2.11603e+10
1 0.5 0.5 0.219031 0.227672 0.531294 2.23661e+10
1.5 1 0.5 0.250259 0.251716 0.453982 2.34498e+10
1 1.5 0.5 0.251143 0.259489 0.44456 2.62975e+10
2 -1.5 0.5 0.203296 0.186024 0.604653 2.11256e+10
2.5 -1 0.5 0.227672 0.219031 0.531294 2.23661e+10
2 -0.5 0.5 0.222815 0.220859 0.537076 2.11603e+10
2.5 0 0.5 0.248382 0.249101 0.458638 2.20692e+10
2 0.5 0.5 0.249101 0.248382 0.458638 2.20692e+10
2.5 1 0.5 0.273274 0.27088 0.377323 2.26171e+10
2 1.5 0.5 0.276783 0.273659 0.373591 2.41368e+10
-2.25 -0.75 0.75 0.00835172 0.152953 0.765552 5.01874e+09
-2.25 0.25 0.75 0.00934645 0.189265 0.678967 6.15752e+09
-2.25 1.25 0.75 0.0160704 0.228106 0.59295 7.94942e+09
-1.75 -1.25 0.75 0.0297738 0.130961 0.796793 4.56014e+09
-1.25 -0.75 0.75 0.0499894 0.144973 0.740974 4.86743e+09
-1.75 -0.25 0.75 0.0291413 0.165969 0.712874 5.40158e+09
-1.25 0.25 0.75 0.0503652 0.177504 0.657077 5.83707e+09
-1.75 0.75 0.75 0.0311798 0.19949 0.627217 6.72809e+09
-1.25 1.25 0.75 0.0518133 0.207956 0.573206 7.35003e+09
-0.75 -1.25 0.75 0.0699527 0.125211 0.761318 4.52307e+09
-0.25 -0.75 0.75 0.0894213 0.13931 0.699618 4.80803e+09
-0.75 -0.25 0.75 0.0706523 0.157803 0.681705 5.21147e+09
-0.25 0.25 0.75 0.0907808 0.169277 0.61987 5.57437e+09
-0.75 0.75 0.75 0.0708719 0.187618 0.598881 6.3049e+09
-0.25 1.25 0.75 0.0887359 0.196662 0.538417 6.77014e+09
0.25 -1.25 0.75 0.106218 0.1223 0.709137 4.60829e+09
0.75 -0.75 0.75 0.122748 0.136602 0.643594 4.86666e+09
0.25 -0.25 0.75 0.108167 0.152004 0.635279 5.10203e+09
0.75 0.25 0.75 0.124398 0.162419 0.568915 5.38022e+09
0.25 0.75 0.75 0.108501 0.17908 0.555871 5.92758e+09
0.75 1.25 0.75 0.122218 0.186275 0.49014 6.22529e+09
1.25 -1.25 0.75 0.136602 0.122748 0.643594 4.86666e+09
1.75 -0.75 0.75 0.148174 0.136505 0.576183 5.1047e+09
1.25 -0.25 0.75 0.136505 0.148174 0.576183 5.1047e+09
1.75 0.25 0.75 0.146009 0.155668 0.507524 5.28943e+09
1.25 0.75 0.75 0.136561 0.169419 0.501069 5.60553e+09
1.75 1.25 0.75 0.14271 0.171584 0.432668 5.72084e+09
2.25 -1.25 0.75 0.162419 0.124398 0.568915 5.38022e+09
2.25 -0.25 0.75 0.155668 0.146009 0.507524 5.28943e+09
2.25 0.75 0.75 0.149486 0.157528 0.438578 5.37306e+09
-2.5 -1.5 1 0.0430169 0.138856 0.836182 1.76615e+10
-2.5 -0.5 1 0.0635758 0.174535 0.751556 2.09036e+10
-2.5 0.5 1 0.0968967 0.205122 0.66444 2.60548e+10
-2.5 1.5 1 0.148119 0.230426 0.580336 3.42146e+10
-1.5 -1.5 1 0.0867644 0.144436 0.814229 1.72634e+10
-2 -1 1 0.0739974 0.159775 0.786502 1.8742e+10
-1.5 -0.5 1 0.107547 0.180624 0.731009 2.00338e+10
-2 0 1 0.0999007 0.193262 0.699549 2.25681e+10
-1.5 0.5 1 0.138871 0.211747 0.643327 2.44882e+10
-2 1 1 0.140065 0.220675 0.612589 2.86447e+10
-1.5 1.5 1 0.18587 0.236477 0.556596 3.15092e+10
-0.5 -1.5 1 0.129649 0.153706 0.772175 1.73124e+10
-1 -1 1 0.118049 0.166991 0.756081 1.83128e+10
-0.5 -0.5 1 0.151359 0.189827 0.693218 1.94818e+10
-1 0 1 0.143404 0.201577 0.671038 2.14988e+10
-0.5 0.5 1 0.181138 0.223091 0.606957 2.30611e+10
-1 1 1 0.179972 0.230682 0.583012 2.65775e+10
-0.5 1.5 1 0.22256 0.251375 0.517751 2.86967e+10
0.5 -1.5 1 0.169157 0.169157 0.712281 1.79273e+10
0 -1 1 0.160324 0.178671 0.707425 1.83117e+10
0.5 -0.5 1 0.192409 0.204189 0.638487 1.93282e+10
0 0 1 0.186369 0.213144 0.626212 2.06989e+10
0.5 0.5 1 0.22244 0.237387 0.554845 2.18528e+10
0 1 1 0.220045 0.246051 0.538259 2.45986e+10
0.5 1.5 1 0.258392 0.271004 0.46439 2.59405e+10
1.5 -1.5 1 0.204189 0.192409 0.638487 1.93282e+10
1 -1 1 0.197816 0.197816 0.642647 1.88771e+10
1.5 -0.5 1 0.227151 0.227151 0.568843 1.97277e+10
1 0 1 0.225443 0.230294 0.565335 2.02554e+10
1.5 0.5 1 0.25798 0.256382 0.487966 2.09733e+10
1 1 1 0.257863 0.262484 0.478895 2.28055e+10
1.5 1.5 1 0.289799 0.287197 0.398814 2.33411e+10
2.5 -1.5 1 0.237387 0.22244 0.554845 2.18528e+10
2 -1 1 0.230294 0.225443 0.565335 2.02554e+10
2.5 -0.5 1 0.256382 0.25798 0.487966 2.09733e+10
2 0 1 0.256086 0.256086 0.490943 2.03645e+10
2.5 0.5 1 0.282719 0.282719 0.409482 2.06256e+10
2 1 1 0.287628 0.280973 0.406887 2.13067e+10
2.5 1.5 1 0.311396 0.302451 0.323157 2.09621e+10
-2.25 -1.25 1.25 -0.0321783 0.137224 0.807356 4.39763e+09
-2.25 -0.25 1.25 -0.041792 0.179146 0.719539 5.20575e+09
-2.25 0.75 1.25 -0.0460716 0.222639 0.628509 6.44748e+09
-1.25 -1.25 1.25 0.0110386 0.118862 0.784717 4.28943e+09
-1.75 -0.75 1.25 -0.0159384 0.14829 0.756113 4.66304e+09
-1.25 -0.25 1.25 0.00120677 0.158488 0.700817 4.96118e+09
-1.75 0.25 1.25 -0.0244088 0.188672 0.667457 5.58847e+09
-1.25 0.75 1.25 -0.00670756 0.196835 0.612591 5.9981e+09
-1.75 1.25 1.25 -0.027908 0.230137 0.577062 6.9941e+09
-0.25 -1.25 1.25 0.0533844 0.102953 0.743543 4.27647e+09
-0.75 -0.75 1.25 0.0276735 0.129736 0.72689 4.53002e+09
-0.25 -0.25 1.25 0.044943 0.139764 0.666003 4.77697e+09
-0.75 0.25 1.25 0.0189907 0.167708 0.642575 5.27482e+09
-0.25 0.75 1.25 0.0363495 0.176079 0.581837 5.57476e+09
-0.75 1.25 1.25 0.0100351 0.203918 0.55524 6.39834e+09
0.75 -1.25 1.25 0.0915018 0.0915018 0.686161 4.38489e+09
0.25 -0.75 1.25 0.0691819 0.114313 0.680996 4.48286e+09
0.75 -0.25 1.25 0.0842986 0.124362 0.616212 4.66539e+09
0.25 0.25 1.25 0.0618165 0.148705 0.602727 5.00496e+09
0.75 0.75 1.25 0.0758267 0.155459 0.537807 5.17628e+09
0.25 1.25 1.25 0.051006 0.183194 0.519047 5.81379e+09
1.75 -1.25 1.25 0.124362 0.0842986 0.616212 4.66539e+09
1.25 -0.75 1.25 0.10382 0.10382 0.620905 4.55099e+09
1.75 -0.25 1.25 0.11268 0.11268 0.554637 4.65804e+09
1.25 0.25 1.25 0.0962602 0.131369 0.550196 4.79029e+09
1.75 0.75 1.25 0.10358 0.133831 0.483811 4.81196e+09
1.25 1.25 1.25 0.0853055 0.158318 0.472132 5.23432e+09
2.25 -0.75 1.25 0.131369 0.0962602 0.550196 4.79029e+09
2.25 0.25 1.25 0.116528 0.116528 0.488292 4.66301e+09
2.25 1.25 1.25 0.104933 0.130581 0.4179 4.66908e+09
-2.5 -1 1.5 0.0641801 0.16738 0.79063 1.74531e+10
-2.5 0 1.5 0.0932219 0.201835 0.701674 2.0965e+10
-2.5 1 1.5 0.137511 0.229549 0.613032 2.63864e+10
-2 -1.5 1.5 0.0766699 0.151774 0.824548 1.5978e+10
-1.5 -1 1.5 0.109985 0.175246 0.769408 1.68909e+10
-2 -0.5 1.5 0.0998299 0.189135 0.738281 1.85945e+10
-1.5 0 1.5 0.137833 0.210377 0.680935 1.9901e+10
-2 0.5 1.5 0.134643 0.220262 0.648174 2.26831e+10
-1.5 1 1.5 0.1783 0.238575 0.590378 2.45626e+10
-2 1.5 1.5 0.18608 0.244627 0.559485 2.89355e+10
-1 -1.5 1.5 0.121982 0.161021 0.79206 1.57892e+10
-0.5 -1 1.5 0.154925 0.186157 0.729382 1.66411e+10
-1 -0.5 1.5 0.14537 0.19853 0.708967 1.79183e+10
-0.5 0 1.5 0.182512 0.221888 0.644156 1.90017e+10
-1 0.5 1.5 0.17776 0.231741 0.619257 2.13069e+10
-0.5 1 1.5 0.219038 0.254037 0.552993 2.26915e+10
-1 1.5 1.5 0.223536 0.257922 0.527748 2.64473e+10
0 -1.5 1.5 0.164851 0.17494 0.740063 1.60141e+10
0.5 -1 1.5 0.1961 0.202792 0.671686 1.67893e+10
0 -0.5 1.5 0.189363 0.211354 0.662274 1.75186e+10
0.5 0 1.5 0.225019 0.236737 0.590966 1.83242e+10
0 0.5 1.5 0.220981 0.245779 0.574991 2.00374e+10
0.5 1 1.5 0.259936 0.270769 0.500993 2.08562e+10
0 1.5 1.5 0.260736 0.278138 0.481414 2.38547e+10
1 -1.5 1.5 0.202792 0.1961 0.671686 1.67893e+10
1.5 -1 1.5 0.230913 0.228163 0.59917 1.7477e+10
1 -0.5 1.5 0.228163 0.230913 0.59917 1.7477e+10
1.5 0 1.5 0.260639 0.2591 0.522419 1.79279e+10
1 0.5 1.5 0.261262 0.262459 0.515219 1.89039e+10
1.5 1 1.5 0.295946 0.287903 0.435188 1.90889e+10
1 1.5 1.5 0.296984 0.296627 0.422106 2.12419e+10
2 -1.5 1.5 0.236737 0.225019 0.590966 1.83242e+10
2.5 -1 1.5 0.262459 0.261262 0.515219 1.89039e+10
2 -0.5 1.5 0.2591 0.260639 0.522419 1.79279e+10
2.5 0 1.5 0.286152 0.291885 0.441721 1.79938e+10
2 0.5 1.5 0.291885 0.286152 0.441721 1.79938e+10
2.5 1 1.5 0.319463 0.310165 0.357901 1.74842e+10
2 1.5 1.5 0.326033 0.311323 0.351794 1.86536e+10
