449
-2.5 -1 -1.5 0.620527 0.342867 0.0873 2.88385e+10
-2.5 0 -1.5 0.633021 0.131276 0.078724 2.0158e+10
-2.5 1 -1.5 0.59452 -0.111543 0.108349 1.36897e+10
-2 -1.5 -1.5 0.607598 0.500214 0.0870058 4.53597e+10
-1.5 -1 -1.5 0.64772 0.50309 0.0456139 5.05391e+10
-2 -0.5 -1.5 0.675559 0.316866 0.0481124 3.17265e+10
-1.5 0 -1.5 0.736252 0.293771 0.00334291 3.35497e+10
-2 0.5 -1.5 0.707971 0.0751922 0.0433995 2.12177e+10
-1.5 1 -1.5 0.774166 0.030217 -0.0025394 2.113e+10
-2 1.5 -1.5 0.677322 -0.188076 0.0782273 1.38308e+10
-1 -1.5 -1.5 0.568624 0.650555 0.0675782 7.55071e+10
-0.5 -1 -1.5 0.60382 0.635781 0.00666223 7.15064e+10
-1 -0.5 -1.5 0.688521 0.491088 -0.00767112 5.14302e+10
-0.5 0 -1.5 0.725763 0.452347 -0.0710595 4.53698e+10
-1 0.5 -1.5 0.781523 0.25733 -0.0532358 3.18401e+10
-0.5 1 -1.5 0.809906 0.19982 -0.110461 2.61985e+10
-1 1.5 -1.5 0.809503 -0.025679 -0.0508233 1.84851e+10
0 -1.5 -1.5 0.515691 0.728085 0.0347989 8.64441e+10
0.5 -1 -1.5 0.558089 0.692641 -0.0340216 6.70825e+10
0 -0.5 -1.5 0.642187 0.597204 -0.0610192 5.87141e+10
0.5 0 -1.5 0.676015 0.545228 -0.128321 4.36139e+10
0 0.5 -1.5 0.755381 0.395686 -0.134632 3.52703e+10
0.5 1 -1.5 0.775831 0.33282 -0.195143 2.53195e+10
0 1.5 -1.5 0.825516 0.134566 -0.163766 1.95027e+10
1 -1.5 -1.5 0.487702 0.748837 5.13283e-05 6.73559e+10
1.5 -1 -1.5 0.528407 0.71063 -0.0668689 4.77234e+10
1 -0.5 -1.5 0.596052 0.647347 -0.102205 4.83143e+10
1.5 0 -1.5 0.626271 0.597528 -0.168544 3.31437e+10
1 0.5 -1.5 0.701867 0.488059 -0.19313 3.04455e+10
1.5 1 -1.5 0.719156 0.430624 -0.25458 2.0435e+10
1 1.5 -1.5 0.787552 0.270721 -0.251608 1.73122e+10
2 -1.5 -1.5 0.477635 0.743927 -0.0302425 4.21958e+10
2.5 -1 -1.5 0.512206 0.70808 -0.0938585 2.87529e+10
2 -0.5 -1.5 0.561505 0.668203 -0.132603 3.24909e+10
2.5 0 -1.5 0.586439 0.624183 -0.196624 2.15211e+10
2 0.5 -1.5 0.648057 0.546653 -0.232344 2.20169e+10
2.5 1 -1.5 0.662134 0.496652 -0.293003 1.43176e+10
2 1.5 -1.5 0.728821 0.37542 -0.312039 1.33763e+10
-2.25 -0.75 -1.25 -0.0172579 0.819111 0.161263 1.24529e+10
-2.25 0.25 -1.25 0.0338611 0.76444 0.0815932 7.96426e+09
-2.25 1.25 -1.25 0.0850063 0.648797 0.0291393 4.55329e+09
-1.75 -1.25 -1.25 -0.07394 0.788224 0.198704 1.51074e+10
-1.25 -0.75 -1.25 -0.0135389 0.738469 0.131361 1.29613e+10
-1.75 -0.25 -1.25 -0.00807663 0.73322 0.114302 9.84721e+09
-1.25 0.25 -1.25 0.0712608 0.639532 0.0512678 7.9602e+09
-1.75 0.75 -1.25 0.0683465 0.641146 0.044363 6.10055e+09
-1.25 1.25 -1.25 0.135842 0.488764 -0.00261984 4.47791e+09
-0.75 -1.25 -1.25 -0.0199718 0.762141 0.139223 1.67691e+10
-0.25 -0.75 -1.25 0.0559888 0.712793 0.0443319 1.28504e+10
-0.75 -0.25 -1.25 0.0725424 0.666408 0.0471834 1.02352e+10
-0.25 0.25 -1.25 0.149512 0.570469 -0.042655 7.37607e+09
-0.75 0.75 -1.25 0.150141 0.515727 -0.0229983 5.7952e+09
-0.25 1.25 -1.25 0.218622 0.382353 -0.0977213 4.02477e+09
0.25 -1.25 -1.25 0.0207578 0.754397 0.0482211 1.49616e+10
0.75 -0.75 -1.25 0.0805805 0.69957 -0.0433335 1.03954e+10
0.25 -0.25 -1.25 0.124199 0.640176 -0.0503488 9.09311e+09
0.75 0.25 -1.25 0.184038 0.55823 -0.14099 6.20237e+09
0.25 0.75 -1.25 0.216152 0.466115 -0.12995 5.09741e+09
0.75 1.25 -1.25 0.272879 0.366315 -0.210948 3.45168e+09
1.25 -1.25 -1.25 0.0283497 0.741896 -0.0244862 1.08628e+10
1.75 -0.75 -1.25 0.0770641 0.690001 -0.108151 7.24052e+09
1.25 -0.25 -1.25 0.133917 0.63474 -0.131616 6.99925e+09
1.75 0.25 -1.25 0.179856 0.566413 -0.214898 4.62802e+09
1.25 0.75 -1.25 0.234835 0.475835 -0.225227 4.14657e+09
1.75 1.25 -1.25 0.276568 0.398322 -0.301415 2.73651e+09
2.25 -1.25 -1.25 0.0210351 0.72415 -0.0786049 6.84064e+09
2.25 -0.25 -1.25 0.119783 0.633011 -0.188487 4.75044e+09
2.25 0.75 -1.25 0.218336 0.499265 -0.291791 3.02476e+09
-2.5 -1.5 -1 0.696788 0.380503 0.109452 9.49089e+10
-2.5 -0.5 -1 0.731183 0.196014 0.0706106 6.85485e+10
-2.5 0.5 -1 0.73229 -0.0286247 0.0618737 4.81788e+10
-2.5 1.5 -1 0.658537 -0.277455 0.10241 3.1743e+10
-1.5 -1.5 -1 0.660533 0.591077 0.0433045 1.80068e+11
-2 -1 -1 0.729204 0.411345 0.0401673 1.14245e+11
-1.5 -0.5 -1 0.760434 0.414648 -0.0308318 1.20881e+11
-2 0 -1 0.785872 0.191775 0.00103344 7.62377e+10
-1.5 0.5 -1 0.822459 0.168728 -0.0687201 7.32434e+10
-2 1 -1 0.79347 -0.0560725 8.33509e-06 4.90945e+10
-1.5 1.5 -1 0.815739 -0.11262 -0.0496762 4.20189e+10
-0.5 -1.5 -1 0.597608 0.69156 -0.00714873 2.15535e+11
-1 -1 -1 0.683718 0.582451 -0.029869 1.73677e+11
-0.5 -0.5 -1 0.713287 0.539678 -0.104839 1.40255e+11
-1 0 -1 0.786474 0.375942 -0.103502 1.05512e+11
-0.5 0.5 -1 0.80713 0.314177 -0.169431 8.01057e+10
-1 1 -1 0.840672 0.10886 -0.127772 5.89768e+10
-0.5 1.5 -1 0.847401 0.0386058 -0.177253 4.28144e+10
0.5 -1.5 -1 0.563594 0.72032 -0.0466402 1.70247e+11
0 -1 -1 0.633215 0.65088 -0.0821035 1.64392e+11
0.5 -0.5 -1 0.664827 0.600307 -0.154073 1.16277e+11
0 0 -1 0.739626 0.48188 -0.175339 1.0188e+11
0.5 0.5 -1 0.758423 0.419667 -0.240754 6.97706e+10
0 1 -1 0.819673 0.246343 -0.228609 5.62987e+10
0.5 1.5 -1 0.82438 0.181152 -0.281713 3.78735e+10
1.5 -1.5 -1 0.549146 0.720482 -0.0765728 1.08284e+11
1 -1 -1 0.598938 0.677363 -0.117785 1.1877e+11
1.5 -0.5 -1 0.626426 0.631078 -0.186496 7.97369e+10
1 0 -1 0.688694 0.5461 -0.222421 7.85129e+10
1.5 0.5 -1 0.704206 0.491973 -0.286838 5.14694e+10
1 1 -1 0.769016 0.358724 -0.301084 4.61257e+10
1.5 1.5 -1 0.772576 0.30156 -0.356228 2.98476e+10
2.5 -1.5 -1 0.547162 0.70409 -0.101746 6.04157e+10
2 -1 -1 0.578807 0.681345 -0.143785 7.28846e+10
2.5 -0.5 -1 0.600517 0.6411 -0.209188 4.79213e+10
2 0 -1 0.645646 0.5841 -0.252396 5.21773e+10
2.5 0.5 -1 0.657414 0.537859 -0.31509 3.35704e+10
2 1 -1 0.712307 0.439781 -0.347013 3.31155e+10
2.5 1.5 -1 0.714376 0.390157 -0.402727 2.10561e+10
-2.25 -1.25 -0.75 0.181635 0.787947 0.193747 4.75487e+10
-2.25 -0.25 -0.75 0.253916 0.713649 0.102769 3.06305e+10
-2.25 0.75 -0.75 0.323447 0.590941 0.0297544 1.82428e+10
-1.25 -1.25 -0.75 0.226489 0.783445 0.0921801 5.51303e+10
-1.75 -0.75 -0.75 0.239852 0.737551 0.0995736 4.04117e+10
-1.25 -0.25 -0.75 0.320408 0.676004 -0.0064664 3.29252e+10
-1.75 0.25 -0.75 0.323093 0.637875 0.0158388 2.53463e+10
-1.25 0.75 -0.75 0.391216 0.518277 -0.0691697 1.81852e+10
-1.75 1.25 -0.75 0.392664 0.459051 -0.032904 1.37805e+10
-0.25 -1.25 -0.75 0.247846 0.778702 -0.0159088 4.95034e+10
-0.75 -0.75 -0.75 0.291994 0.732185 -0.0177547 4.20676e+10
-0.25 -0.25 -0.75 0.347577 0.655701 -0.118535 2.91988e+10
-0.75 0.25 -0.75 0.381197 0.579688 -0.102756 2.32973e+10
-0.25 0.75 -0.75 0.427191 0.471689 -0.188849 1.56927e+10
-0.75 1.25 -0.75 0.435899 0.382016 -0.140748 1.22487e+10
0.75 -1.25 -0.75 0.243157 0.766253 -0.0916498 3.58044e+10
0.25 -0.75 -0.75 0.298059 0.719639 -0.113052 3.38483e+10
0.75 -0.25 -0.75 0.339802 0.650525 -0.20341 2.24141e+10
0.25 0.25 -0.75 0.391822 0.569283 -0.209956 1.94956e+10
0.75 0.75 -0.75 0.426031 0.481279 -0.291849 1.27838e+10
0.25 1.25 -0.75 0.462624 0.365587 -0.264742 1.03867e+10
1.75 -1.25 -0.75 0.22854 0.747552 -0.143751 2.25122e+10
1.25 -0.75 -0.75 0.283477 0.710117 -0.178109 2.35673e+10
1.75 -0.25 -0.75 0.316258 0.648858 -0.259373 1.52745e+10
1.25 0.25 -0.75 0.372886 0.577437 -0.286346 1.45928e+10
1.75 0.75 -0.75 0.398268 0.505252 -0.361267 9.40883e+09
1.25 1.25 -0.75 0.451841 0.39758 -0.363846 8.30004e+09
2.25 -0.75 -0.75 0.262063 0.695641 -0.221887 1.45833e+10
2.25 0.25 -0.75 0.342082 0.586523 -0.33467 9.81102e+09
2.25 1.25 -0.75 0.416901 0.43686 -0.428157 6.02684e+09
-2.5 -1 -0.5 0.491612 0.515382 0.119381 1.70358e+11
-2.5 0 -0.5 0.543227 0.377093 0.0580967 1.17048e+11
-2.5 1 -0.5 0.564913 0.191913 0.0287629 7.33093e+10
-2 -1.5 -0.5 0.477781 0.627379 0.109218 2.58677e+11
-1.5 -1 -0.5 0.517419 0.635851 0.0218051 2.54132e+11
-2 -0.5 -0.5 0.551686 0.502203 0.0316252 1.73477e+11
-1.5 0 -0.5 0.583319 0.472488 -0.0524597 1.43452e+11
-2 0.5 -0.5 0.616739 0.345975 -0.0297066 1.08461e+11
-1.5 1 -0.5 0.631545 0.268256 -0.0891175 7.83334e+10
-2 1.5 -0.5 0.598692 0.125168 -0.0272118 5.74979e+10
-1 -1.5 -0.5 0.439999 0.723523 0.0386411 3.098e+11
-0.5 -1 -0.5 0.472084 0.68172 -0.0407808 2.21845e+11
-1 -0.5 -0.5 0.541274 0.593547 -0.0591032 1.90145e+11
-0.5 0 -0.5 0.567595 0.524536 -0.131513 1.27293e+11
-1 0.5 -0.5 0.608055 0.398852 -0.1211 1.00183e+11
-0.5 1 -0.5 0.623181 0.307844 -0.178078 6.51493e+10
-1 1.5 -0.5 0.633342 0.166255 -0.13151 5.12739e+10
0 -1.5 -0.5 0.401901 0.739876 -0.00909881 2.34392e+11
0.5 -1 -0.5 0.437573 0.690074 -0.0827844 1.5462e+11
0 -0.5 -0.5 0.504296 0.622145 -0.115245 1.46888e+11
0.5 0 -0.5 0.530284 0.554648 -0.184589 9.35041e+10
0 0.5 -0.5 0.588091 0.444796 -0.196505 8.12721e+10
0.5 1 -0.5 0.60114 0.365226 -0.255495 5.08195e+10
0 1.5 -0.5 0.630078 0.21787 -0.227504 4.11887e+10
1 -1.5 -0.5 0.3743 0.731619 -0.0434699 1.47813e+11
1.5 -1 -0.5 0.405953 0.683738 -0.112277 9.47382e+10
1 -0.5 -0.5 0.466924 0.633437 -0.153009 9.85588e+10
1.5 0 -0.5 0.489033 0.574774 -0.219805 6.17095e+10
1 0.5 -0.5 0.548706 0.486068 -0.249212 5.83867e+10
1.5 1 -0.5 0.560691 0.420869 -0.309293 3.61716e+10
1 1.5 -0.5 0.608406 0.291895 -0.309169 3.15407e+10
2 -1.5 -0.5 0.350616 0.7095 -0.0707783 8.30927e+10
2.5 -1 -0.5 0.377767 0.66586 -0.135278 5.29032e+10
2 -0.5 -0.5 0.430864 0.633312 -0.178792 5.96967e+10
2.5 0 -0.5 0.449666 0.583147 -0.242907 3.72882e+10
2 0.5 -0.5 0.504734 0.517532 -0.283119 3.83182e+10
2.5 1 -0.5 0.515207 0.463572 -0.342797 2.37149e+10
2 1.5 -0.5 0.567663 0.361171 -0.364837 2.23567e+10
-2.25 -0.75 -0.25 0.426254 0.600621 0.100309 4.81257e+10
-2.25 0.25 -0.25 0.501577 0.446666 0.0256924 2.92659e+10
-2.25 1.25 -0.25 0.519665 0.246726 -0.00517896 1.64176e+10
-1.75 -1.25 -0.25 0.44962 0.664821 0.0811444 6.47961e+10
-1.25 -0.75 -0.25 0.542102 0.603279 -0.0362752 5.22654e+10
-1.75 -0.25 -0.25 0.52544 0.51766 -0.00703352 3.89519e+10
-1.25 0.25 -0.25 0.606156 0.405875 -0.102806 2.83262e+10
-1.75 0.75 -0.25 0.5982 0.309017 -0.0653755 2.19196e+10
-1.25 1.25 -0.25 0.640145 0.16652 -0.125638 1.50602e+10
-0.75 -1.25 -0.25 0.508187 0.684327 -0.0351427 6.4292e+10
-0.25 -0.75 -0.25 0.560005 0.623511 -0.127227 4.53497e+10
-0.75 -0.25 -0.25 0.602185 0.520856 -0.131344 3.74354e+10
-0.25 0.25 -0.25 0.64246 0.436939 -0.214097 2.55539e+10
-0.75 0.75 -0.25 0.65557 0.294855 -0.181082 1.95992e+10
-0.25 1.25 -0.25 0.683669 0.196801 -0.246206 1.32178e+10
0.25 -1.25 -0.25 0.506245 0.701043 -0.102266 5.00184e+10
0.75 -0.75 -0.25 0.541941 0.648338 -0.184268 3.35392e+10
0.25 -0.25 -0.25 0.596946 0.557965 -0.211085 3.06532e+10
0.75 0.25 -0.25 0.621304 0.491743 -0.287268 2.02004e+10
0.25 0.75 -0.25 0.667159 0.356797 -0.286536 1.69763e+10
0.75 1.25 -0.25 0.681312 0.283352 -0.349467 1.11145e+10
1.25 -1.25 -0.25 0.488151 0.708301 -0.145296 3.31365e+10
1.75 -0.75 -0.25 0.515263 0.661518 -0.220711 2.16912e+10
1.25 -0.25 -0.25 0.567047 0.59305 -0.261039 2.19804e+10
1.75 0.25 -0.25 0.583371 0.537914 -0.332074 1.42067e+10
1.25 0.75 -0.25 0.636041 0.428008 -0.355754 1.31173e+10
1.75 1.25 -0.25 0.643646 0.368262 -0.416836 8.43659e+09
2.25 -1.25 -0.25 0.470655 0.700832 -0.176868 1.9402e+10
2.25 -0.25 -0.25 0.534043 0.613809 -0.292091 1.40162e+10
2.25 0.75 -0.25 0.592777 0.484465 -0.397204 9.09884e+09
-2.5 -1.5 0 0.394054 0.64623 0.156939 2.62309e+11
-2.5 -0.5 0 0.422958 0.61484 0.0868641 1.83361e+11
-2.5 0.5 0 0.482326 0.498136 0.0152258 1.11744e+11
-2.5 1.5 0 0.492516 0.463132 -0.038827 5.62185e+10
-1.5 -1.5 0 0.287266 0.807571 0.0979895 2.8347e+11
-2 -1 0 0.406792 0.695102 0.0794777 2.5113e+11
-1.5 -0.5 0 0.356562 0.737572 0.00131617 1.68652e+11
-2 0 0 0.411654 0.670828 -0.00145641 1.35687e+11
-1.5 0.5 0 0.40442 0.643317 -0.0728421 8.58305e+10
-2 1 0 0.45725 0.549849 -0.0596942 7.09002e+10
-1.5 1.5 0 0.4202 0.498733 -0.099846 4.05613e+10
-0.5 -1.5 0 0.202707 0.837908 0.0422983 2.00919e+11
-1 -1 0 0.28109 0.800434 0.0170653 1.91099e+11
-0.5 -0.5 0 0.280992 0.759125 -0.0579287 1.16205e+11
-1 0 0 0.346839 0.703355 -0.0715348 1.02109e+11
-0.5 0.5 0 0.330017 0.636692 -0.13383 5.8661e+10
-1 1 0 0.377875 0.573867 -0.124685 4.928e+10
-0.5 1.5 0 0.337215 0.483843 -0.165809 2.7667e+10
0.5 -1.5 0 0.138355 0.82505 -0.00327991 1.22718e+11
0 -1 0 0.209176 0.799282 -0.0329667 1.234e+11
0.5 -0.5 0 0.208448 0.743821 -0.103327 7.25147e+10
0 0 0 0.273665 0.696631 -0.126202 6.73386e+10
0.5 0.5 0 0.260227 0.61964 -0.188912 3.84451e+10
0 1 0 0.305069 0.551956 -0.188683 3.3173e+10
0.5 1.5 0 0.28087 0.459513 -0.238636 1.8923e+10
1.5 -1.5 0 0.0731613 0.79624 -0.0406404 6.8609e+10
1 -1 0 0.141025 0.776802 -0.0726109 7.31105e+10
1.5 -0.5 0 0.139741 0.717406 -0.138763 4.28921e+10
1 0 0 0.202768 0.675951 -0.169426 4.19688e+10
1.5 0.5 0 0.197054 0.601596 -0.232003 2.43492e+10
1 1 0 0.247105 0.535928 -0.247346 2.20823e+10
1.5 1.5 0 0.238928 0.453353 -0.302016 1.28709e+10
2.5 -1.5 0 0.0113579 0.758308 -0.0735816 3.63292e+10
2 -1 0 0.0747071 0.74405 -0.104802 4.0843e+10
2.5 -0.5 0 0.0762186 0.685544 -0.167139 2.42392e+10
2 0 0 0.138419 0.651586 -0.202264 2.51532e+10
2.5 0.5 0 0.139897 0.584427 -0.263295 1.48506e+10
2 1 0 0.19482 0.527004 -0.291322 1.42733e+10
2.5 1.5 0 0.196829 0.456966 -0.3473 8.46873e+09
-2.25 -1.25 0.25 0.503479 0.539245 0.0717581 4.9476e+10
-2.25 -0.25 0.25 0.526912 0.384391 0.00788835 1.76407e+10
-2.25 0.75 0.25 0.521397 0.177194 -0.0201873 1.00432e+10
-1.25 -1.25 0.25 0.63404 0.505936 -0.0490591 2.87301e+10
-1.75 -0.75 0.25 0.583548 0.431685 -0.0321918 2.25678e+10
-1.25 -0.25 0.25 0.69361 0.29228 -0.129292 1.65519e+10
-1.75 0.25 0.25 0.633718 0.196576 -0.0866816 1.28063e+10
-1.25 0.75 0.25 0.702776 0.0447116 -0.160645 8.94105e+09
-1.75 1.25 0.25 0.593205 -0.0718427 -0.0821194 6.81507e+09
-0.25 -1.25 0.25 0.682129 0.553722 -0.100607 2.50404e+10
-0.75 -0.75 0.25 0.711155 0.433466 -0.1341 2.12991e+10
-0.25 -0.25 0.25 0.750426 0.371091 -0.205082 1.50842e+10
-0.75 0.25 0.25 0.750509 0.201452 -0.203301 1.18238e+10
-0.25 0.75 0.25 0.777909 0.128761 -0.262499 8.14279e+09
-0.75 1.25 0.25 0.735693 -0.0568739 -0.214246 6.20126e+09
0.75 -1.25 0.25 0.665407 0.604204 -0.120542 1.85217e+10
0.25 -0.75 0.25 0.714738 0.506095 -0.17141 1.75386e+10
0.75 -0.25 0.25 0.733894 0.459254 -0.237728 1.18305e+10
0.25 0.25 0.25 0.771377 0.31321 -0.267919 1.02658e+10
0.75 0.75 0.25 0.780821 0.262103 -0.323638 6.81086e+09
0.25 1.25 0.25 0.790645 0.0703207 -0.311057 5.47985e+09
1.75 -1.25 0.25 0.639474 0.631492 -0.134044 1.17166e+10
1.25 -0.75 0.25 0.685892 0.564792 -0.188755 1.24031e+10
1.75 -0.25 0.25 0.697684 0.526278 -0.253594 8.12368e+09
1.25 0.25 0.25 0.743465 0.41503 -0.299175 7.78631e+09
1.75 0.75 0.25 0.746413 0.373802 -0.355738 5.04545e+09
1.25 1.25 0.25 0.783205 0.217179 -0.373248 4.44671e+09
2.25 -0.75 0.25 0.654422 0.598531 -0.200005 7.68502e+09
2.25 0.25 0.25 0.702946 0.489169 -0.314639 5.2454e+09
2.25 1.25 0.25 0.744689 0.335124 -0.407679 3.23634e+09
-2.5 -1 0.5 0.417023 0.657585 0.100811 2.01459e+11
-2.5 0 0.5 0.456354 0.506894 0.0313913 1.02574e+11
-2.5 1 0.5 0.501705 0.43994 -0.0395006 4.99978e+10
-2 -1.5 0.5 0.406598 0.693906 0.0936068 2.08581e+11
-1.5 -1 0.5 0.399235 0.703479 0.00957136 1.24782e+11
-2 -0.5 0.5 0.44133 0.643136 0.00742627 1.13701e+11
-1.5 0 0.5 0.449736 0.602654 -0.0733533 6.67017e+10
-2 0.5 0.5 0.471187 0.51172 -0.058036 5.76727e+10
-1.5 1 0.5 0.464163 0.448721 -0.118653 3.20747e+10
-2 1.5 0.5 0.483573 0.376403 -0.0884945 2.73658e+10
-1 -1.5 0.5 0.337877 0.768567 0.0292325 1.2739e+11
-0.5 -1 0.5 0.35898 0.729676 -0.0457914 7.97173e+10
-1 -0.5 0.5 0.41245 0.667012 -0.0693179 7.48568e+10
-0.5 0 0.5 0.416529 0.600345 -0.136366 4.30713e+10
-1 0.5 0.5 0.444498 0.528207 -0.13724 3.76377e+10
-0.5 1 0.5 0.424138 0.433944 -0.18752 2.0864e+10
-1 1.5 0.5 0.424484 0.353971 -0.15624 1.75116e+10
0 -1.5 0.5 0.30002 0.777255 -0.0104023 8.10235e+10
0.5 -1 0.5 0.314405 0.728194 -0.077672 4.88837e+10
0 -0.5 0.5 0.37094 0.671116 -0.113956 4.71257e+10
0.5 0 0.5 0.374266 0.600585 -0.176174 2.72265e+10
0 0.5 0.5 0.410218 0.517877 -0.194433 2.43372e+10
0.5 1 0.5 0.40054 0.429786 -0.245906 1.38377e+10
0 1.5 0.5 0.39979 0.333033 -0.229108 1.16876e+10
1 -1.5 0.5 0.248799 0.769546 -0.0365602 4.76251e+10
1.5 -1 0.5 0.258643 0.718963 -0.0992311 2.8521e+10
1 -0.5 0.5 0.321942 0.668753 -0.141048 2.87839e+10
1.5 0 0.5 0.326226 0.603839 -0.200834 1.68753e+10
1 0.5 0.5 0.373834 0.524804 -0.233406 1.5729e+10
1.5 1 0.5 0.374611 0.45024 -0.286281 9.19388e+09
1 1.5 0.5 0.394417 0.344643 -0.292147 8.01514e+09
2 -1.5 0.5 0.190503 0.751566 -0.058966 2.63746e+10
2.5 -1 0.5 0.199383 0.702227 -0.117778 1.58873e+10
2 -0.5 0.5 0.265709 0.662716 -0.159332 1.69501e+10
2.5 0 0.5 0.272912 0.604863 -0.217066 1.00951e+10
2 0.5 0.5 0.330898 0.538472 -0.257305 9.95624e+09
2.5 1 0.5 0.337621 0.47668 -0.310569 5.93319e+09
2 1.5 0.5 0.37854 0.381845 -0.335113 5.45479e+09
-2.25 -0.75 0.75 0.546329 0.349543 -0.0161189 1.53433e+10
-2.25 0.25 0.75 0.496035 0.17754 -0.0361968 9.0328e+09
-2.25 1.25 0.75 0.497052 -0.114958 -0.058385 4.67996e+09
-1.75 -1.25 0.75 0.611124 0.387542 -0.0531987 1.92221e+10
-1.25 -0.75 0.75 0.707001 0.265911 -0.159528 1.30826e+10
-1.75 -0.25 0.75 0.64475 0.185179 -0.126148 1.08314e+10
-1.25 0.25 0.75 0.689323 0.00373576 -0.209647 6.99835e+09
-1.75 0.75 0.75 0.568778 -0.0858437 -0.128473 5.63094e+09
-1.25 1.25 0.75 0.598657 -0.274104 -0.192665 3.70949e+09
-0.75 -1.25 0.75 0.738756 0.387303 -0.140271 1.52756e+10
-0.25 -0.75 0.75 0.790075 0.329263 -0.205003 1.11638e+10
-0.75 -0.25 0.75 0.769179 0.157062 -0.236776 9.09478e+09
-0.25 0.25 0.75 0.80524 0.089637 -0.291175 6.38942e+09
-0.75 0.75 0.75 0.736694 -0.114493 -0.271084 4.88231e+09
-0.25 1.25 0.75 0.763824 -0.178347 -0.308111 3.37917e+09
0.25 -1.25 0.75 0.76495 0.474337 -0.137575 1.2732e+10
0.75 -0.75 0.75 0.783011 0.440414 -0.195418 8.86857e+09
0.25 -0.25 0.75 0.813516 0.285669 -0.258833 7.85257e+09
0.75 0.25 0.75 0.823047 0.249988 -0.306351 5.34037e+09
0.25 0.75 0.75 0.821805 0.0456195 -0.331609 4.38285e+09
0.75 1.25 0.75 0.828914 0.0146998 -0.364173 2.94416e+09
1.25 -1.25 0.75 0.735957 0.548278 -0.121357 9.04866e+09
1.75 -0.75 0.75 0.746302 0.521103 -0.182136 6.06226e+09
1.25 -0.25 0.75 0.791071 0.409268 -0.250493 5.9724e+09
1.75 0.25 0.75 0.792754 0.380751 -0.302225 3.93076e+09
1.25 0.75 0.75 0.825065 0.220127 -0.349088 3.54563e+09
1.75 1.25 0.75 0.82262 0.194114 -0.388174 2.31679e+09
2.25 -1.25 0.75 0.700975 0.591628 -0.11403 5.57616e+09
2.25 -0.25 0.75 0.75049 0.495068 -0.240238 3.97481e+09
2.25 0.75 0.75 0.790244 0.354136 -0.350633 2.5485e+09
-2.5 -1.5 1 0.401701 0.656618 0.125476 1.62195e+11
-2.5 -0.5 1 0.443536 0.524087 0.0491584 8.90948e+10
-2.5 0.5 1 0.508012 0.455925 -0.0441219 4.51892e+10
-2.5 1.5 1 0.496711 0.27336 -0.065399 2.08693e+10
-1.5 -1.5 1 0.431539 0.701653 0.0143025 8.84181e+10
-2 -1 1 0.461106 0.6403 0.0143545 9.30781e+10
-1.5 -0.5 1 0.497766 0.575759 -0.0795702 5.18638e+10
-2 0 1 0.503081 0.504327 -0.065633 4.82907e+10
-1.5 0.5 1 0.507755 0.408061 -0.138988 2.52981e+10
-2 1 1 0.516203 0.350347 -0.112775 2.31661e+10
-1.5 1.5 1 0.459627 0.226188 -0.148455 1.16843e+10
-0.5 -1.5 1 0.436167 0.701065 -0.0387774 5.22965e+10
-1 -1 1 0.471366 0.638766 -0.0703786 5.24083e+10
-0.5 -0.5 1 0.496969 0.562152 -0.142941 3.01836e+10
-1 0 1 0.511388 0.482747 -0.15397 2.80863e+10
-0.5 0.5 1 0.508753 0.377676 -0.214142 1.53449e+10
-1 1 1 0.483561 0.289246 -0.191915 1.33266e+10
-0.5 1.5 1 0.449942 0.167241 -0.230192 7.21671e+09
0.5 -1.5 1 0.411873 0.709835 -0.0544713 3.18539e+10
0 -1 1 0.464206 0.641894 -0.106136 3.16134e+10
0.5 -0.5 1 0.482463 0.574867 -0.16688 1.87168e+10
0 0 1 0.509694 0.476989 -0.204595 1.72293e+10
0.5 0.5 1 0.515642 0.391059 -0.25696 9.90416e+09
0 1 1 0.50017 0.271739 -0.261924 8.55188e+09
0.5 1.5 1 0.496613 0.174746 -0.299758 4.91412e+09
1.5 -1.5 1 0.363956 0.716148 -0.0595009 1.88369e+10
1 -1 1 0.431211 0.656272 -0.114188 1.93654e+10
1.5 -0.5 1 0.445022 0.599001 -0.170326 1.16355e+10
1 0 1 0.494345 0.505455 -0.221681 1.10353e+10
1.5 0.5 1 0.504254 0.438826 -0.271133 6.55662e+09
1 1 1 0.521688 0.311285 -0.301609 5.79766e+09
1.5 1.5 1 0.530561 0.242573 -0.339872 3.46498e+09
2.5 -1.5 1 0.30569 0.714131 -0.0671764 1.05895e+10
2 -1 1 0.378798 0.667702 -0.116007 1.14875e+10
2.5 -0.5 1 0.391588 0.617988 -0.170091 6.97375e+09
2 0 1 0.456547 0.542035 -0.22292 6.99342e+09
2.5 0.5 1 0.467862 0.488541 -0.27214 4.22818e+09
2 1 1 0.514563 0.378779 -0.31584 3.94293e+09
2.5 1.5 1 0.525453 0.327037 -0.356461 2.39897e+09
-2.25 -1.25 1.25 0.567896 0.281003 -0.0302202 1.24097e+10
-2.25 -0.25 1.25 0.475092 0.181199 -0.054579 7.51109e+09
-2.25 0.75 1.25 0.480905 -0.135167 -0.10739 4.00745e+09
-1.25 -1.25 1.25 0.733923 0.237914 -0.177857 1.01523e+10
-1.75 -0.75 1.25 0.662207 0.152684 -0.159802 8.82908e+09
-1.25 -0.25 1.25 0.704192 -0.0261291 -0.263207 5.79339e+09
-1.75 0.25 1.25 0.547756 -0.123696 -0.179426 4.76253e+09
-1.25 0.75 1.25 0.560855 -0.320634 -0.260967 3.02374e+09
-1.75 1.25 1.25 0.421893 -0.385496 -0.161954 2.47329e+09
-0.25 -1.25 1.25 0.818823 0.302765 -0.201257 8.06898e+09
-0.75 -0.75 1.25 0.784982 0.129928 -0.264331 6.91119e+09
-0.25 -0.25 1.25 0.820563 0.0569627 -0.320605 4.88976e+09
-0.75 0.25 1.25 0.729451 -0.156009 -0.332504 3.88267e+09
-0.25 0.75 1.25 0.759301 -0.221496 -0.369513 2.71274e+09
-0.75 1.25 1.25 0.587772 -0.44092 -0.31096 2.05259e+09
0.75 -1.25 1.25 0.817545 0.427646 -0.147514 6.49053e+09
0.25 -0.75 1.25 0.84448 0.265062 -0.248052 5.86888e+09
0.75 -0.25 1.25 0.855065 0.241177 -0.286473 4.13975e+09
0.25 0.25 1.25 0.841435 0.0224109 -0.353825 3.45877e+09
0.75 0.75 1.25 0.85216 0.00538475 -0.376288 2.38751e+09
0.25 1.25 1.25 0.784606 -0.24586 -0.385077 1.88642e+09
1.75 -1.25 1.25 0.777662 0.519275 -0.10249 4.50874e+09
1.25 -0.75 1.25 0.82563 0.406909 -0.195538 4.54066e+09
1.75 -0.25 1.25 0.827462 0.388431 -0.24179 3.07253e+09
1.25 0.25 1.25 0.857719 0.223485 -0.32083 2.82794e+09
1.75 0.75 1.25 0.855957 0.209085 -0.35276 1.88575e+09
1.25 1.25 1.25 0.85696 -0.00379132 -0.394513 1.61141e+09
2.25 -0.75 1.25 0.782694 0.501954 -0.157526 3.03612e+09
2.25 0.25 1.25 0.825324 0.371448 -0.285861 2.03113e+09
2.25 1.25 1.25 0.851416 0.196104 -0.383185 1.23689e+09
-2.5 -1 1.5 0.450729 0.52844 0.0616837 6.89647e+10
-2.5 0 1.5 0.509185 0.472641 -0.0375426 3.77633e+10
-2.5 1 1.5 0.512152 0.281971 -0.0847137 1.80529e+10
-2 -1.5 1.5 0.474395 0.629572 0.024636 6.59768e+10
-1.5 -1 1.5 0.543294 0.560348 -0.0824164 3.85737e+10
-2 -0.5 1.5 0.531288 0.500339 -0.067654 3.83328e+10
-1.5 0 1.5 0.562802 0.378491 -0.160137 1.99592e+10
-2 0.5 1.5 0.549582 0.339359 -0.132005 1.93721e+10
-1.5 1 1.5 0.509915 0.177198 -0.1871 9.46517e+09
-2 1.5 1.5 0.469605 0.129957 -0.130007 8.66826e+09
-1 -1.5 1.5 0.534553 0.619474 -0.0703181 3.6194e+10
-0.5 -1 1.5 0.574243 0.529368 -0.148275 2.08285e+10
-1 -0.5 1.5 0.578002 0.448941 -0.168828 2.07958e+10
-0.5 0 1.5 0.590837 0.325214 -0.240585 1.11812e+10
-1 0.5 1.5 0.550061 0.230925 -0.228012 1.02063e+10
-0.5 1 1.5 0.523674 0.0860788 -0.281044 5.39912e+09
-1 1.5 1.5 0.434626 0.0140576 -0.22515 4.74282e+09
0 -1.5 1.5 0.548919 0.615703 -0.0979462 2.08735e+10
0.5 -1 1.5 0.579028 0.548332 -0.157763 1.27322e+10
0 -0.5 1.5 0.602102 0.436289 -0.215103 1.20106e+10
0.5 0 1.5 0.621127 0.350267 -0.269158 7.05308e+09
0 0.5 1.5 0.595602 0.209442 -0.297176 6.2304e+09
0.5 1 1.5 0.60409 0.111918 -0.337937 3.62108e+09
0 1.5 1.5 0.510898 -0.0392434 -0.318008 3.02934e+09
1 -1.5 1.5 0.523885 0.641657 -0.0870897 1.29798e+10
1.5 -1 1.5 0.544504 0.590374 -0.139008 8.10037e+09
1 -0.5 1.5 0.600292 0.48353 -0.209727 7.7573e+09
1.5 0 1.5 0.616575 0.424335 -0.254814 4.74684e+09
1 0.5 1.5 0.636903 0.276175 -0.311577 4.22966e+09
1.5 1 1.5 0.652181 0.21631 -0.344753 2.58727e+09
1 1.5 1.5 0.619162 0.0375038 -0.365282 2.18429e+09
2 -1.5 1.5 0.469799 0.667895 -0.0718898 7.93127e+09
2.5 -1 1.5 0.486315 0.624841 -0.122308 4.95997e+09
2 -0.5 1.5 0.560546 0.540649 -0.187161 5.02094e+09
2.5 0 1.5 0.574323 0.494664 -0.231763 3.11078e+09
2 0.5 1.5 0.630534 0.372819 -0.294199 2.92651e+09
2.5 1 1.5 0.643056 0.329584 -0.329137 1.81781e+09
2 1.5 1.5 0.666804 0.170351 -0.371419 1.60758e+09
