449
-2.5 -1 -1.5 0.115561 -0.640667 0.0197127 5.50835e+09
-2.5 0 -1.5 0.167775 -0.632579 0.00107953 4.36745e+09
-2.5 1 -1.5 0.214603 -0.617728 -0.0223448 3.26865e+09
-2 -1.5 -1.5 0.0967948 -0.651885 0.0528266 8.60291e+09
-1.5 -1 -1.5 0.136187 -0.654759 0.0756319 1.07922e+10
-2 -0.5 -1.5 0.1531 -0.642976 0.039094 6.8831e+09
-1.5 0 -1.5 0.190738 -0.637725 0.0603563 8.18464e+09
-2 0.5 -1.5 0.203545 -0.627187 0.0193595 5.18431e+09
-1.5 1 -1.5 0.238019 -0.614577 0.0407089 5.84776e+09
-2 1.5 -1.5 0.247348 -0.605406 -0.00352222 3.68907e+09
-1 -1.5 -1.5 0.116304 -0.668204 0.110164 1.68471e+10
-0.5 -1 -1.5 0.157082 -0.662842 0.138608 2.0173e+10
-1 -0.5 -1.5 0.175493 -0.649506 0.100265 1.28717e+10
-0.5 0 -1.5 0.212851 -0.635807 0.127711 1.4546e+10
-1 0.5 -1.5 0.226745 -0.624645 0.0845643 9.23709e+09
-0.5 1 -1.5 0.259121 -0.6043 0.112239 9.89626e+09
-1 1.5 -1.5 0.269306 -0.595271 0.0657323 6.27172e+09
0 -1.5 -1.5 0.134717 -0.678184 0.174775 3.15085e+10
0.5 -1 -1.5 0.174088 -0.662984 0.210006 3.57461e+10
0 -0.5 -1.5 0.195583 -0.648416 0.169716 2.28385e+10
0.5 0 -1.5 0.229552 -0.625552 0.203779 2.44359e+10
0 0.5 -1.5 0.246134 -0.614263 0.158386 1.5573e+10
0.5 1 -1.5 0.273294 -0.586429 0.191834 1.5841e+10
0 1.5 -1.5 0.28592 -0.578003 0.143103 1.00921e+10
1 -1.5 -1.5 0.147437 -0.68016 0.247809 5.57468e+10
1.5 -1 -1.5 0.181687 -0.654624 0.289896 5.9534e+10
1 -0.5 -1.5 0.208431 -0.638746 0.247874 3.82174e+10
1.5 0 -1.5 0.235501 -0.607608 0.287511 3.86552e+10
1 0.5 -1.5 0.256835 -0.596082 0.240144 2.47905e+10
1.5 1 -1.5 0.276064 -0.561439 0.277503 2.39149e+10
1 1.5 -1.5 0.292956 -0.553455 0.227029 1.53542e+10
2 -1.5 -1.5 0.148233 -0.674103 0.328729 9.22656e+10
2.5 -1 -1.5 0.173082 -0.640229 0.375863 9.25851e+10
2 -0.5 -1.5 0.208033 -0.621925 0.333153 5.99994e+10
2.5 0 -1.5 0.225132 -0.584411 0.375554 5.72349e+10
2 0.5 -1.5 0.253941 -0.571393 0.327278 3.7095e+10
2.5 1 -1.5 0.263573 -0.528635 0.366502 3.37786e+10
2 1.5 -1.5 0.28686 -0.520676 0.315255 2.19728e+10
-2.25 -0.75 -1.25 0.0380553 -0.646292 -0.0712801 1.82158e+09
-2.25 0.25 -1.25 0.100087 -0.630209 -0.098081 1.41838e+09
-2.25 1.25 -1.25 0.154285 -0.606395 -0.127491 1.04123e+09
-1.75 -1.25 -1.25 0.0182444 -0.661397 -0.0312629 2.83623e+09
-1.25 -0.75 -1.25 0.068092 -0.661088 -0.0108426 3.48146e+09
-1.75 -0.25 -1.25 0.0854721 -0.644968 -0.0541148 2.22679e+09
-1.25 0.25 -1.25 0.13179 -0.635912 -0.0341889 2.58571e+09
-1.75 0.75 -1.25 0.144138 -0.620583 -0.0808448 1.6439e+09
-1.25 1.25 -1.25 0.185518 -0.603861 -0.0593499 1.80942e+09
-0.75 -1.25 -1.25 0.0472449 -0.678741 0.0313899 5.42322e+09
-0.25 -0.75 -1.25 0.0976686 -0.670444 0.0583361 6.33769e+09
-0.75 -0.25 -1.25 0.11654 -0.652468 0.0123026 4.05412e+09
-0.25 0.25 -1.25 0.161351 -0.635411 0.0395636 4.46819e+09
-0.75 0.75 -1.25 0.174944 -0.619083 -0.0100418 2.84714e+09
-0.25 1.25 -1.25 0.212648 -0.595387 0.0189325 2.97767e+09
0.25 -1.25 -1.25 0.0744614 -0.690119 0.10345 9.87824e+09
0.75 -0.75 -1.25 0.122116 -0.672358 0.138515 1.09174e+10
0.25 -0.25 -1.25 0.143999 -0.653064 0.0892172 6.99401e+09
0.75 0.25 -1.25 0.183662 -0.62763 0.124411 7.3009e+09
0.25 0.75 -1.25 0.200092 -0.610895 0.0714339 4.66848e+09
0.75 1.25 -1.25 0.230655 -0.580513 0.107187 4.64166e+09
1.25 -1.25 -1.25 0.0949642 -0.69366 0.186812 1.6987e+10
1.75 -0.75 -1.25 0.135874 -0.666223 0.230153 1.76901e+10
1.25 -0.25 -1.25 0.162534 -0.645931 0.177512 1.13846e+10
1.75 0.25 -1.25 0.193368 -0.613433 0.219045 1.12642e+10
1.25 0.75 -1.25 0.214429 -0.596162 0.162879 7.2414e+09
1.75 1.25 -1.25 0.23557 -0.558378 0.203402 6.83071e+09
2.25 -1.25 -1.25 0.103032 -0.688922 0.281347 2.73602e+10
2.25 -0.25 -1.25 0.166557 -0.632818 0.275153 1.74582e+10
2.25 0.75 -1.25 0.214108 -0.574564 0.261552 1.05739e+10
-2.5 -1.5 -1 0.331927 -0.789234 -0.020485 6.41483e+09
-2.5 -0.5 -1 0.361258 -0.78621 -0.0358296 5.46835e+09
-2.5 0.5 -1 0.391553 -0.776403 -0.0570804 4.3454e+09
-2.5 1.5 -1 0.421341 -0.761181 -0.081533 3.23117e+09
-1.5 -1.5 -1 0.337754 -0.799277 0.0367862 1.30308e+10
-2 -1 -1 0.35115 -0.79255 0.00114478 8.47286e+09
-1.5 -0.5 -1 0.375369 -0.789164 0.0242952 1.06165e+10
-2 0 -1 0.384909 -0.782718 -0.0161112 6.81189e+09
-1.5 0.5 -1 0.412104 -0.773241 0.00636412 8.02467e+09
-2 1 -1 0.418006 -0.767259 -0.0376174 5.10405e+09
-1.5 1.5 -1 0.446016 -0.753332 -0.0143808 5.67314e+09
-0.5 -1.5 -1 0.345656 -0.802898 0.101951 2.5314e+10
-1 -1 -1 0.362484 -0.795831 0.0637974 1.64483e+10
-0.5 -0.5 -1 0.391053 -0.785059 0.0935165 1.95611e+10
-1 0 -1 0.403278 -0.77914 0.0501779 1.25595e+10
-0.5 0.5 -1 0.432668 -0.763101 0.0795944 1.40056e+10
-1 1 -1 0.440815 -0.758381 0.0325053 8.93045e+09
-0.5 1.5 -1 0.468488 -0.739344 0.0625515 9.40711e+09
0.5 -1.5 -1 0.353708 -0.797838 0.176942 4.65447e+10
0 -1 -1 0.374801 -0.791195 0.135964 3.02881e+10
0.5 -0.5 -1 0.40535 -0.77208 0.173159 3.39669e+10
0 0 -1 0.421069 -0.767598 0.12661 2.18707e+10
0.5 0.5 -1 0.449468 -0.744942 0.163019 2.3039e+10
0 1 -1 0.460735 -0.742397 0.112642 1.47515e+10
0.5 1.5 -1 0.484939 -0.71871 0.148562 1.47298e+10
1.5 -1.5 -1 0.357812 -0.782447 0.262305 7.99e+10
1 -1 -1 0.384635 -0.776877 0.218671 5.23665e+10
1.5 -0.5 -1 0.413337 -0.749451 0.262959 5.51759e+10
1 0 -1 0.433979 -0.74718 0.213313 3.57892e+10
1.5 0.5 -1 0.457475 -0.719087 0.255033 3.56134e+10
1 1 -1 0.473411 -0.719169 0.201694 2.29647e+10
1.5 1.5 -1 0.492213 -0.690727 0.2416 2.16966e+10
2.5 -1.5 -1 0.351574 -0.75635 0.356324 1.26205e+11
2 -1 -1 0.386349 -0.752271 0.311081 8.41336e+10
2.5 -0.5 -1 0.408012 -0.718983 0.35971 8.33787e+10
2 0 -1 0.436116 -0.718829 0.308012 5.48051e+10
2.5 0.5 -1 0.452915 -0.685627 0.352156 5.13152e+10
2 1 -1 0.475419 -0.688304 0.296999 3.34989e+10
2.5 1.5 -1 0.48855 -0.653418 0.339345 2.98439e+10
-2.25 -1.25 -0.75 -0.16741 -0.580684 0.00630477 8.84101e+08
-2.25 -0.25 -0.75 -0.0899479 -0.563315 -0.0180522 7.00435e+08
-2.25 0.75 -0.75 -0.01893 -0.537409 -0.0468441 5.24548e+08
-1.25 -1.25 -0.75 -0.137429 -0.594051 0.0640228 1.69506e+09
-1.75 -0.75 -0.75 -0.112157 -0.577743 0.0236059 1.09185e+09
-1.25 -0.25 -0.75 -0.0566711 -0.566799 0.042661 1.28454e+09
-1.75 0.25 -0.75 -0.03649 -0.55126 -0.00191605 8.22435e+08
-1.25 0.75 -0.75 0.0148215 -0.530816 0.017784 9.18676e+08
-1.75 1.25 -0.75 0.0304084 -0.516447 -0.0295145 5.86017e+08
-0.25 -1.25 -0.75 -0.108102 -0.603452 0.128952 3.10287e+09
-0.75 -0.75 -0.75 -0.0802928 -0.584117 0.0864862 1.99953e+09
-0.25 -0.25 -0.75 -0.0259697 -0.564478 0.11209 2.23629e+09
-0.75 0.25 -0.75 -0.00368508 -0.54677 0.0651101 1.4355e+09
-0.25 0.75 -0.75 0.0438705 -0.517843 0.0919733 1.52437e+09
-0.75 1.25 -0.75 0.0612685 -0.502214 0.0421218 9.76791e+08
0.75 -1.25 -0.75 -0.0850674 -0.606595 0.202399 5.37963e+09
0.25 -0.75 -0.75 -0.0528655 -0.584267 0.158146 3.47359e+09
0.75 -0.25 -0.75 -0.00408044 -0.554818 0.190991 3.67873e+09
0.25 0.25 -0.75 0.0223885 -0.535233 0.141786 2.37177e+09
0.75 0.75 -0.75 0.0620753 -0.498096 0.175285 2.39426e+09
0.25 1.25 -0.75 0.0834779 -0.481475 0.123146 1.54307e+09
1.75 -1.25 -0.75 -0.0748207 -0.603217 0.283574 8.76275e+09
1.25 -0.75 -0.75 -0.0363447 -0.577219 0.238708 5.68726e+09
1.75 -0.25 -0.75 0.00226462 -0.539338 0.277392 5.70466e+09
1.25 0.25 -0.75 0.0353097 -0.517114 0.226998 3.70248e+09
1.75 0.75 -0.75 0.0648794 -0.472692 0.264573 3.5506e+09
1.25 1.25 -0.75 0.0922951 -0.454285 0.211374 2.30646e+09
2.25 -0.75 -0.75 -0.0376177 -0.565854 0.325075 8.75679e+09
2.25 0.25 -0.75 0.0308529 -0.495014 0.316366 5.44505e+09
2.25 1.25 -0.75 0.084595 -0.419612 0.303484 3.24262e+09
-2.5 -1 -0.5 0.281199 -0.790301 0.0123575 3.30791e+09
-2.5 0 -0.5 0.321045 -0.78136 -0.00269532 2.72255e+09
-2.5 1 -0.5 0.360251 -0.765948 -0.0228057 2.09187e+09
-2 -1.5 -0.5 0.265249 -0.796837 0.0449347 5.07105e+09
-1.5 -1 -0.5 0.293649 -0.79502 0.0710045 6.53396e+09
-2 -0.5 -0.5 0.309056 -0.788019 0.0347098 4.23205e+09
-1.5 0 -0.5 0.340864 -0.77901 0.0591026 5.12574e+09
-2 0.5 -0.5 0.352041 -0.772402 0.0183338 3.28333e+09
-1.5 1 -0.5 0.3851 -0.757561 0.0423997 3.74424e+09
-2 1.5 -0.5 0.392414 -0.751606 -0.00167184 2.38201e+09
-1 -1.5 -0.5 0.274155 -0.802441 0.105667 1.00143e+10
-0.5 -1 -0.5 0.307283 -0.792922 0.137856 1.22757e+10
-1 -0.5 -0.5 0.326174 -0.78581 0.0991117 7.9576e+09
-0.5 0 -0.5 0.360813 -0.76939 0.13001 9.12674e+09
-1 0.5 -0.5 0.374756 -0.763466 0.0864152 5.85984e+09
-0.5 1 -0.5 0.408176 -0.742292 0.117021 6.32538e+09
-1 1.5 -0.5 0.417868 -0.737668 0.0699903 4.0401e+09
0 -1.5 -0.5 0.283334 -0.80053 0.174659 1.87884e+10
0.5 -1 -0.5 0.319063 -0.782022 0.213756 2.17186e+10
0 -0.5 -0.5 0.34255 -0.775493 0.172688 1.41323e+10
0.5 0 -0.5 0.376993 -0.751156 0.210246 1.52803e+10
0 0.5 -0.5 0.394802 -0.746726 0.163937 9.85929e+09
0.5 1 -0.5 0.42518 -0.719655 0.200297 1.00664e+10
0 1.5 -0.5 0.438446 -0.717048 0.150538 6.46669e+09
1 -1.5 -0.5 0.289258 -0.789303 0.252229 3.3038e+10
1.5 -1 -0.5 0.324076 -0.761358 0.297825 3.5762e+10
1 -0.5 -0.5 0.353802 -0.755888 0.255229 2.35012e+10
1.5 0 -0.5 0.383844 -0.724686 0.297982 2.39253e+10
1 0.5 -0.5 0.407314 -0.722082 0.249694 1.55806e+10
1.5 1 -0.5 0.431904 -0.68995 0.289622 1.50311e+10
1 1.5 -0.5 0.450329 -0.689546 0.23801 9.74423e+09
2 -1.5 -0.5 0.28652 -0.768122 0.336478 5.36055e+10
2.5 -1 -0.5 0.314983 -0.732789 0.386068 5.42706e+10
2 -0.5 -0.5 0.353537 -0.728004 0.344019 3.63273e+10
2.5 0 -0.5 0.376093 -0.692002 0.388483 3.47897e+10
2 0.5 -0.5 0.407603 -0.690537 0.340195 2.30005e+10
2.5 1 -0.5 0.426115 -0.652329 0.3814 2.0859e+10
2 1.5 -0.5 0.451102 -0.654189 0.329575 1.37328e+10
-2.25 -0.75 -0.25 -0.173973 -0.588762 0.101207 5.26954e+08
-2.25 0.25 -0.25 -0.0921378 -0.56461 0.0796234 4.03186e+08
-2.25 1.25 -0.25 -0.0159286 -0.531067 0.0542937 2.92551e+08
-1.75 -1.25 -0.25 -0.201085 -0.598018 0.13823 8.1425e+08
-1.25 -0.75 -0.25 -0.140595 -0.584427 0.161521 9.71093e+08
-1.75 -0.25 -0.25 -0.114829 -0.573827 0.121081 6.27014e+08
-1.25 0.25 -0.25 -0.0554291 -0.549735 0.142917 7.10723e+08
-1.75 0.75 -0.25 -0.0343711 -0.539699 0.098702 4.56874e+08
-1.25 1.25 -0.25 0.0207191 -0.505982 0.121242 4.93729e+08
-0.75 -1.25 -0.25 -0.170282 -0.59635 0.200183 1.49803e+09
-0.25 -0.75 -0.25 -0.109087 -0.57368 0.228485 1.70051e+09
-0.75 -0.25 -0.25 -0.0800228 -0.561045 0.186429 1.10147e+09
-0.25 0.25 -0.25 -0.0229945 -0.527244 0.214108 1.18742e+09
-0.75 0.75 -0.25 0.000845604 -0.515993 0.167919 7.67107e+08
-0.25 1.25 -0.25 0.0506924 -0.473624 0.196427 7.90104e+08
0.25 -1.25 -0.25 -0.143514 -0.587873 0.267966 2.61463e+09
0.75 -0.75 -0.25 -0.0866468 -0.554445 0.301513 2.80981e+09
0.25 -0.25 -0.25 -0.0518186 -0.539921 0.259032 1.83065e+09
0.75 0.25 -0.25 -0.00236036 -0.496252 0.291951 1.87437e+09
0.25 0.75 -0.25 0.0269199 -0.484139 0.244794 1.21961e+09
0.75 1.25 -0.25 0.0677406 -0.433778 0.277613 1.19731e+09
1.25 -1.25 -0.25 -0.128316 -0.571532 0.339772 4.29143e+09
1.75 -0.75 -0.25 -0.0818474 -0.528244 0.376927 4.35871e+09
1.25 -0.25 -0.25 -0.0382882 -0.510598 0.336638 2.8663e+09
1.75 0.25 -0.25 -0.000180445 -0.459509 0.37166 2.78848e+09
1.25 0.75 -0.25 0.0374065 -0.445167 0.326024 1.83206e+09
1.75 1.25 -0.25 0.0676182 -0.387041 0.360739 1.71106e+09
2.25 -1.25 -0.25 -0.133302 -0.550827 0.409891 6.58802e+09
2.25 -0.25 -0.25 -0.0460861 -0.478396 0.412365 4.2199e+09
2.25 0.75 -0.25 0.0287273 -0.401118 0.406095 2.58581e+09
-2.5 -1.5 0 0.193445 -0.808603 0.0715311 2.10537e+09
-2.5 -0.5 0 0.244227 -0.801112 0.065286 1.79485e+09
-2.5 0.5 0 0.294582 -0.786119 0.0520927 1.42655e+09
-2.5 1.5 0 0.342779 -0.764969 0.0342945 1.06116e+09
-1.5 -1.5 0 0.203305 -0.813231 0.128427 4.20369e+09
-2 -1 0 0.225834 -0.807011 0.0977965 2.75816e+09
-1.5 -0.5 0 0.262759 -0.79824 0.125424 3.42754e+09
-2 0 0 0.280455 -0.792045 0.089267 2.21841e+09
-1.5 0.5 0 0.31945 -0.77618 0.115473 2.5933e+09
-2 1 0 0.332657 -0.770495 0.0750326 1.66323e+09
-1.5 1.5 0 0.371236 -0.749139 0.100921 1.8355e+09
-0.5 -1.5 0 0.213604 -0.811469 0.192117 7.99555e+09
-1 -1 0 0.240767 -0.804701 0.159966 5.2577e+09
-0.5 -0.5 0 0.281188 -0.788041 0.193487 6.19306e+09
-1 0 0 0.302544 -0.782006 0.155158 4.02081e+09
-0.5 0.5 0 0.34267 -0.758753 0.187378 4.44569e+09
-1 1 0 0.358859 -0.753948 0.144408 2.86401e+09
-0.5 1.5 0 0.395974 -0.726562 0.175971 2.99362e+09
0.5 -1.5 0 0.221355 -0.801293 0.262537 1.42936e+10
0 -1 0 0.254474 -0.794414 0.22965 9.45999e+09
0.5 -0.5 0 0.295586 -0.768967 0.269077 1.04872e+10
0 0 0 0.321892 -0.763684 0.229222 6.85671e+09
0.5 0.5 0 0.359634 -0.733186 0.266724 7.15168e+09
0 1 0 0.380177 -0.72986 0.221822 4.64209e+09
0.5 1.5 0 0.412805 -0.697031 0.257583 4.59325e+09
1.5 -1.5 0 0.222 -0.781927 0.337431 2.36226e+10
1 -1 0 0.262668 -0.774918 0.305723 1.58606e+10
1.5 -0.5 0 0.300304 -0.741306 0.349599 1.64827e+10
1 0 0 0.33338 -0.73685 0.309763 1.09223e+10
1.5 0.5 0 0.365258 -0.700592 0.350126 1.07388e+10
1 1 0 0.39201 -0.698599 0.304786 7.05485e+09
1.5 1.5 0 0.418575 -0.660532 0.342599 6.5953e+09
2.5 -1.5 0 0.209328 -0.755186 0.411065 3.5506e+10
2 -1 0 0.259256 -0.747169 0.384285 2.44668e+10
2.5 -0.5 0 0.289226 -0.708679 0.428566 2.38613e+10
2 0 0 0.331392 -0.70365 0.392122 1.6145e+10
2.5 0.5 0 0.35677 -0.662279 0.432155 1.49092e+10
2 1 0 0.391296 -0.660679 0.389201 9.97951e+09
2.5 1.5 0 0.411052 -0.616865 0.427373 8.79574e+09
-2.25 -1.25 0.25 -0.219027 -0.641538 0.211041 4.1063e+08
-2.25 -0.25 0.25 -0.12905 -0.624118 0.198463 3.20816e+08
-2.25 0.75 0.25 -0.0418616 -0.595972 0.179189 2.37784e+08
-1.25 -1.25 0.25 -0.187387 -0.630485 0.271896 7.56984e+08
-1.75 -0.75 0.25 -0.156391 -0.62702 0.236208 4.93989e+08
-1.25 -0.25 0.25 -0.0907763 -0.603221 0.261848 5.66921e+08
-1.75 0.25 0.25 -0.0646968 -0.599231 0.221009 3.6797e+08
-1.25 0.75 0.25 -0.000705131 -0.564443 0.245664 4.02871e+08
-1.75 1.25 0.25 0.0206698 -0.560727 0.20135 2.60632e+08
-0.25 -1.25 0.25 -0.156766 -0.612407 0.337016 1.32571e+09
-0.75 -0.75 0.25 -0.121111 -0.607648 0.30091 8.69282e+08
-0.25 -0.25 0.25 -0.0557253 -0.573523 0.331106 9.49271e+08
-0.75 0.25 0.25 -0.0258058 -0.568763 0.289194 6.1997e+08
-0.25 0.75 0.25 0.034479 -0.523822 0.318897 6.46953e+08
-0.75 1.25 0.25 0.0591608 -0.519988 0.273131 4.21568e+08
0.75 -1.25 0.25 -0.13487 -0.584882 0.404445 2.18401e+09
0.25 -0.75 0.25 -0.0916654 -0.578778 0.370149 1.44495e+09
0.75 -0.25 0.25 -0.0323538 -0.533281 0.404316 1.49697e+09
0.25 0.25 0.25 0.00441759 -0.528174 0.363078 9.87374e+08
0.75 0.75 0.25 0.0559066 -0.473629 0.396138 9.81595e+08
0.25 1.25 0.25 0.0868285 -0.470153 0.350528 6.46083e+08
1.75 -1.25 0.25 -0.131534 -0.548993 0.468621 3.35361e+09
1.25 -0.75 0.25 -0.0772606 -0.539786 0.440546 2.25145e+09
1.75 -0.25 0.25 -0.0298457 -0.48536 0.475239 2.21369e+09
1.25 0.25 0.25 0.0175479 -0.478343 0.43849 1.48053e+09
1.75 0.75 0.25 0.0574126 -0.415998 0.471688 1.40073e+09
1.25 1.25 0.25 0.0975291 -0.411772 0.429493 9.34887e+08
2.25 -0.75 0.25 -0.0876449 -0.496711 0.502776 3.27675e+09
2.25 0.25 0.25 0.00756169 -0.424012 0.507302 2.07952e+09
2.25 1.25 0.25 0.0860215 -0.346147 0.50491 1.27079e+09
-2.5 -1 0.5 0.16386 -0.826842 0.131668 1.24756e+09
-2.5 0 0.5 0.225204 -0.814008 0.127333 1.026e+09
-2.5 1 0.5 0.284912 -0.79376 0.116428 7.8828e+08
-2 -1.5 0.5 0.138176 -0.83074 0.158208 1.88876e+09
-1.5 -1 0.5 0.179006 -0.823135 0.189847 2.40012e+09
-2 -0.5 0.5 0.204284 -0.818498 0.159554 1.57569e+09
-1.5 0 0.5 0.248384 -0.802807 0.188875 1.88459e+09
-2 0.5 0.5 0.268541 -0.798184 0.153187 1.22285e+09
-1.5 1 0.5 0.3133 -0.775599 0.18116 1.37905e+09
-2 1.5 0.5 0.328737 -0.771597 0.141335 8.88146e+08
-1 -1.5 0.5 0.1485 -0.827797 0.21737 3.62067e+09
-0.5 -1 0.5 0.19354 -0.812478 0.25413 4.36774e+09
-1 -0.5 0.5 0.223682 -0.807574 0.222819 2.88249e+09
-0.5 0 0.5 0.269867 -0.783957 0.257451 3.26043e+09
-1 0.5 0.5 0.293937 -0.779706 0.220098 2.1283e+09
-0.5 1 0.5 0.338109 -0.749997 0.253209 2.27021e+09
-1 1.5 0.5 0.356853 -0.746984 0.211372 1.47221e+09
0 -1.5 0.5 0.156958 -0.817526 0.281617 6.53916e+09
0.5 -1 0.5 0.203848 -0.793423 0.323219 7.41676e+09
0 -0.5 0.5 0.240177 -0.788469 0.292264 4.94796e+09
0.5 0 0.5 0.285142 -0.756657 0.331456 5.2656e+09
0 0.5 0.5 0.314512 -0.753143 0.29358 3.47452e+09
0.5 1 0.5 0.354757 -0.716921 0.330311 3.49974e+09
0 1.5 0.5 0.378261 -0.715208 0.287565 2.29361e+09
1 -1.5 0.5 0.159865 -0.799039 0.348514 1.09365e+10
1.5 -1 0.5 0.205124 -0.766334 0.393303 1.15763e+10
1 -0.5 0.5 0.248997 -0.760895 0.365378 7.8761e+09
1.5 0 0.5 0.28889 -0.722497 0.406544 7.87327e+09
1 0.5 0.5 0.325297 -0.719164 0.370511 5.28548e+09
1.5 1 0.5 0.359538 -0.677521 0.408246 5.01957e+09
1 1.5 0.5 0.38926 -0.676669 0.366708 3.34197e+09
2 -1.5 0.5 0.152891 -0.773567 0.412454 1.66266e+10
2.5 -1 0.5 0.192085 -0.735792 0.455989 1.6449e+10
2 -0.5 0.5 0.244641 -0.727702 0.436098 1.15153e+10
2.5 0 0.5 0.278133 -0.685305 0.475084 1.08116e+10
2 0.5 0.5 0.322769 -0.679998 0.445241 7.43395e+09
2.5 1 0.5 0.350789 -0.632871 0.481896 6.63045e+09
2 1.5 0.5 0.387541 -0.631905 0.444756 4.52008e+09
-2.25 -0.75 0.75 -0.153529 -0.678683 0.297716 2.59446e+08
-2.25 0.25 0.75 -0.0590776 -0.659796 0.285324 1.96437e+08
-2.25 1.25 0.75 0.0314173 -0.629539 0.26733 1.41691e+08
-1.75 -1.25 0.75 -0.185346 -0.674777 0.330946 3.94813e+08
-1.25 -0.75 0.75 -0.117008 -0.654659 0.360341 4.57942e+08
-1.75 -0.25 0.75 -0.0860615 -0.657309 0.323886 3.00753e+08
-1.25 0.25 0.75 -0.0165504 -0.62608 0.350718 3.3313e+08
-1.75 0.75 0.75 0.00914466 -0.627703 0.3096 2.17799e+08
-1.25 1.25 0.75 0.0758799 -0.58582 0.335955 2.31263e+08
-0.75 -1.25 0.75 -0.153041 -0.65149 0.393577 6.92759e+08
-0.25 -0.75 0.75 -0.0826527 -0.62194 0.425997 7.64826e+08
-0.75 -0.25 0.75 -0.0467374 -0.624236 0.389911 5.0656e+08
-0.25 0.25 0.75 0.0212917 -0.582613 0.420662 5.34797e+08
-0.75 0.75 0.75 0.0510801 -0.584306 0.37924 3.52812e+08
-0.25 1.25 0.75 0.11297 -0.53285 0.409651 3.58097e+08
0.25 -1.25 0.75 -0.125695 -0.619235 0.457217 1.14458e+09
0.75 -0.75 0.75 -0.0588123 -0.57873 0.492169 1.19733e+09
0.25 -0.25 0.75 -0.0148207 -0.580667 0.458944 8.04222e+08
0.75 0.25 0.75 0.0459999 -0.528585 0.492343 8.08182e+08
0.25 0.75 0.75 0.0829566 -0.530676 0.452673 5.40353e+08
0.75 1.25 0.75 0.135567 -0.470348 0.485317 5.24028e+08
1.25 -1.25 0.75 -0.11236 -0.577626 0.517468 1.76017e+09
1.75 -0.75 0.75 -0.055764 -0.527609 0.552011 1.7438e+09
1.25 -0.25 0.75 0.000387767 -0.527129 0.526532 1.19538e+09
1.75 0.25 0.75 0.0495362 -0.466982 0.559096 1.14321e+09
1.25 0.75 0.75 0.0972567 -0.467831 0.525326 7.78642e+08
1.75 1.25 0.75 0.137553 -0.39942 0.558209 7.20934e+08
2.25 -1.25 0.75 -0.123978 -0.532614 0.563911 2.5021e+09
2.25 -0.25 0.75 -0.00968043 -0.469881 0.582907 1.65477e+09
2.25 0.75 0.75 0.0879122 -0.398217 0.590821 1.04819e+09
-2.5 -1.5 1 0.0804397 -0.848229 0.185901 8.96122e+08
-2.5 -0.5 1 0.151311 -0.83986 0.191426 7.62038e+08
-2.5 0.5 1 0.221338 -0.822818 0.188622 6.04972e+08
-2.5 1.5 1 0.288338 -0.798553 0.179567 4.50233e+08
-1.5 -1.5 1 0.0894054 -0.843861 0.241298 1.72323e+09
-2 -1 1 0.122981 -0.842005 0.217913 1.15206e+09
-1.5 -0.5 1 0.170186 -0.828372 0.250608 1.40562e+09
-2 0 1 0.198075 -0.82558 0.220667 9.26093e+08
-1.5 0.5 1 0.247421 -0.803933 0.25119 1.06567e+09
-2 1 1 0.269902 -0.801158 0.216005 6.9509e+08
-1.5 1.5 1 0.318504 -0.77297 0.245169 7.56979e+08
-0.5 -1.5 1 0.0970178 -0.833462 0.30021 3.13025e+09
-1 -1 1 0.136815 -0.831047 0.277527 2.11143e+09
-0.5 -0.5 1 0.187194 -0.80977 0.314608 2.43773e+09
-1 0 1 0.220143 -0.806804 0.28439 1.62023e+09
-0.5 0.5 1 0.270133 -0.777526 0.319338 1.76207e+09
-1 1 1 0.296784 -0.775163 0.283207 1.15985e+09
-0.5 1.5 1 0.343421 -0.740331 0.316389 1.19591e+09
0.5 -1.5 1 0.100519 -0.816181 0.360254 5.27819e+09
0 -1 1 0.147626 -0.812874 0.340497 3.61866e+09
0.5 -0.5 1 0.198528 -0.783451 0.381136 3.92305e+09
0 0 1 0.237684 -0.780206 0.35248 2.64793e+09
0.5 0.5 1 0.285074 -0.743696 0.390402 2.71256e+09
0 1 1 0.317198 -0.741729 0.35493 1.81148e+09
0.5 1.5 1 0.35927 -0.700937 0.390322 1.76594e+09
1.5 -1.5 1 0.097135 -0.793106 0.416232 8.10297e+09
1 -1 1 0.151843 -0.787606 0.403273 5.70555e+09
1.5 -0.5 1 0.199889 -0.751394 0.444897 5.7889e+09
1 0 1 0.246199 -0.7467 0.42115 4.00135e+09
1.5 0.5 1 0.288567 -0.704657 0.459122 3.85707e+09
1 1 1 0.327294 -0.701973 0.427273 2.63012e+09
1.5 1.5 1 0.363544 -0.655876 0.46284 2.41991e+09
2.5 -1.5 1 0.0850085 -0.769253 0.458947 1.12234e+10
2 -1 1 0.145924 -0.758613 0.458652 8.17365e+09
2.5 -0.5 1 0.189207 -0.719456 0.496586 7.7974e+09
2 0 1 0.242536 -0.710037 0.483327 5.54729e+09
2.5 0.5 1 0.280165 -0.663275 0.518803 5.01504e+09
2 1 1 0.325291 -0.657776 0.494955 3.51837e+09
2.5 1.5 1 0.355011 -0.607295 0.528894 3.05844e+09
-2.25 -1.25 1.25 -0.176415 -0.71292 0.372937 2.10884e+08
-2.25 -0.25 1.25 -0.0774617 -0.705132 0.367583 1.63226e+08
-2.25 0.75 1.25 0.0191047 -0.685742 0.354186 1.20331e+08
-1.25 -1.25 1.25 -0.144886 -0.687506 0.432798 3.70318e+08
-1.75 -0.75 1.25 -0.108774 -0.696813 0.401959 2.46757e+08
-1.25 -0.25 1.25 -0.0371791 -0.672182 0.43008 2.76158e+08
-1.75 0.25 1.25 -0.00695093 -0.679245 0.393305 1.82876e+08
-1.25 0.75 1.25 0.064079 -0.64377 0.419866 1.96354e+08
-1.75 1.25 1.25 0.0888498 -0.649479 0.378908 1.29487e+08
-0.25 -1.25 1.25 -0.115021 -0.655096 0.491942 6.13464e+08
-0.75 -0.75 1.25 -0.0727453 -0.664173 0.463479 4.137e+08
-0.25 -0.25 1.25 -0.000389803 -0.630622 0.493965 4.41227e+08
-0.75 0.25 1.25 0.034741 -0.637563 0.458592 2.95659e+08
-0.25 0.75 1.25 0.102914 -0.592784 0.488317 3.03427e+08
-0.75 1.25 1.25 0.131804 -0.598678 0.448098 2.02385e+08
0.75 -1.25 1.25 -0.0941356 -0.615232 0.547219 9.46403e+08
0.25 -0.75 1.25 -0.0427836 -0.623005 0.524318 6.5098e+08
0.75 -0.25 1.25 0.0249358 -0.580101 0.556574 6.60125e+08
0.25 0.25 1.25 0.0678069 -0.586496 0.525077 4.50411e+08
0.75 0.75 1.25 0.128244 -0.532908 0.556727 4.41511e+08
0.25 1.25 1.25 0.163861 -0.538961 0.519278 2.99347e+08
1.75 -1.25 1.25 -0.091481 -0.571295 0.5921 1.34514e+09
1.25 -0.75 1.25 -0.0275219 -0.57445 0.58018 9.51881e+08
1.75 -0.25 1.25 0.0302429 -0.524152 0.611667 9.18135e+08
1.25 0.25 1.25 0.08436 -0.527542 0.588481 6.42216e+08
1.75 0.75 1.25 0.133677 -0.466022 0.620255 6.00658e+08
1.25 1.25 1.25 0.178669 -0.47108 0.588923 4.16725e+08
2.25 -0.75 1.25 -0.0362715 -0.525123 0.622169 1.28627e+09
2.25 0.25 1.25 0.0781163 -0.464194 0.642221 8.49619e+08
2.25 1.25 1.25 0.169943 -0.397308 0.651911 5.43463e+08
-2.5 -1 1.5 0.0729821 -0.856826 0.239913 5.74355e+08
-2.5 0 1.5 0.15145 -0.845369 0.245951 4.71083e+08
-2.5 1 1.5 0.227903 -0.825241 0.24402 3.61825e+08
-2 -1.5 1.5 0.0368715 -0.855584 0.259862 8.51922e+08
-1.5 -1 1.5 0.0846624 -0.845832 0.295636 1.05635e+09
-2 -0.5 1.5 0.120806 -0.845794 0.272493 7.09407e+08
-1.5 0 1.5 0.17247 -0.827332 0.305506 8.30973e+08
-2 0.5 1.5 0.202631 -0.826281 0.27596 5.50854e+08
-1.5 1 1.5 0.255191 -0.800014 0.306932 6.10718e+08
-2 1.5 1.5 0.279688 -0.799007 0.272311 4.013e+08
-1 -1.5 1.5 0.0421517 -0.8452 0.314189 1.55101e+09
-0.5 -1 1.5 0.0941855 -0.829008 0.353131 1.82205e+09
-1 -0.5 1.5 0.136611 -0.82827 0.331674 1.23937e+09
-0.5 0 1.5 0.190377 -0.802551 0.368116 1.37191e+09
-1 0.5 1.5 0.225688 -0.80118 0.33923 9.20761e+08
-0.5 1 1.5 0.27768 -0.767897 0.373513 9.65561e+08
-1 1.5 1.5 0.306521 -0.767105 0.338872 6.42212e+08
0 -1.5 1.5 0.0443549 -0.829468 0.368121 2.62963e+09
0.5 -1 1.5 0.0991183 -0.806523 0.409252 2.89859e+09
0 -0.5 1.5 0.14843 -0.804262 0.392111 2.01349e+09
0.5 0 1.5 0.201711 -0.771522 0.430657 2.09533e+09
0 0.5 1.5 0.242991 -0.769245 0.404652 1.43376e+09
0.5 1 1.5 0.29188 -0.729686 0.44051 1.41898e+09
0 1.5 1.5 0.325989 -0.728695 0.407794 9.6071e+08
1 -1.5 1.5 0.0420104 -0.809596 0.417052 4.07252e+09
1.5 -1 1.5 0.0975955 -0.781099 0.458036 4.19298e+09
1 -0.5 1.5 0.153284 -0.775256 0.44936 3.00099e+09
1.5 0 1.5 0.203902 -0.737366 0.487177 2.93407e+09
1 0.5 1.5 0.251306 -0.732282 0.467761 2.06145e+09
1.5 1 1.5 0.295979 -0.687572 0.502972 1.92242e+09
1 1.5 1.5 0.335563 -0.685045 0.475248 1.33395e+09
2 -1.5 1.5 0.0353109 -0.789686 0.453723 5.69625e+09
2.5 -1 1.5 0.0902809 -0.759108 0.490888 5.5312e+09
2 -0.5 1.5 0.14986 -0.745997 0.495847 4.0775e+09
2.5 0 1.5 0.198588 -0.704526 0.53024 3.74463e+09
2 0.5 1.5 0.250129 -0.693604 0.522307 2.71379e+09
2.5 1 1.5 0.290519 -0.644842 0.555103 2.387e+09
2 1.5 1.5 0.33441 -0.638469 0.536478 1.70794e+09
