449
-2.5 -1 -1.5 0.0211081 0.00243698 0.995892 1.30214e+10
-2.5 0 -1.5 0.0264404 0.0447905 0.981357 1.3179e+10
-2.5 1 -1.5 0.0339315 0.0868586 0.938644 1.38693e+10
-2 -1.5 -1.5 0.0397125 -0.0161405 0.980816 1.33599e+10
-1.5 -1 -1.5 0.0631185 0.00821745 0.966493 1.35303e+10
-2 -0.5 -1.5 0.0447905 0.0264404 0.981357 1.3179e+10
-1.5 0 -1.5 0.0691139 0.0514323 0.953085 1.3492e+10
-2 0.5 -1.5 0.0514323 0.0691139 0.953085 1.3492e+10
-1.5 1 -1.5 0.0777502 0.0943582 0.912631 1.39537e+10
-2 1.5 -1.5 0.0613889 0.111169 0.898826 1.43709e+10
-1 -1.5 -1.5 0.0813223 -0.00962688 0.9382 1.42403e+10
-0.5 -1 -1.5 0.104595 0.0169209 0.911166 1.4633e+10
-1 -0.5 -1.5 0.0868586 0.0339315 0.938644 1.38693e+10
-0.5 0 -1.5 0.111169 0.0613889 0.898826 1.43709e+10
-1 0.5 -1.5 0.0943582 0.0777502 0.912631 1.39537e+10
-0.5 1 -1.5 0.120531 0.105494 0.862139 1.45484e+10
-1 1.5 -1.5 0.105494 0.120531 0.862139 1.45484e+10
0 -1.5 -1.5 0.122154 0.000886303 0.873202 1.58e+10
0.5 -1 -1.5 0.144943 0.0311547 0.836349 1.6514e+10
0 -0.5 -1.5 0.128131 0.0456317 0.872566 1.52168e+10
0.5 0 -1.5 0.151774 0.0766699 0.824548 1.5978e+10
0 0.5 -1.5 0.135969 0.0907481 0.849188 1.50199e+10
0.5 1 -1.5 0.161021 0.121982 0.79206 1.57892e+10
0 1.5 -1.5 0.147464 0.134588 0.80395 1.5248e+10
1 -1.5 -1.5 0.161365 0.0188458 0.793331 1.8292e+10
1.5 -1 -1.5 0.182315 0.0545206 0.750522 1.94895e+10
1 -0.5 -1.5 0.16738 0.0641801 0.79063 1.74531e+10
1.5 0 -1.5 0.189135 0.0998299 0.738281 1.85945e+10
1 0.5 -1.5 0.175246 0.109985 0.769408 1.68909e+10
1.5 1 -1.5 0.19853 0.14537 0.708967 1.79183e+10
1 1.5 -1.5 0.186157 0.154925 0.729382 1.66411e+10
2 -1.5 -1.5 0.197087 0.0489089 0.707137 2.21367e+10
2.5 -1 -1.5 0.214167 0.0916425 0.662253 2.40828e+10
2 -0.5 -1.5 0.201835 0.0932219 0.701674 2.0965e+10
2.5 0 -1.5 0.220262 0.134643 0.648174 2.26831e+10
2 0.5 -1.5 0.210377 0.137833 0.680935 1.9901e+10
2.5 1 -1.5 0.231741 0.17776 0.619257 2.13069e+10
2 1.5 -1.5 0.221888 0.182512 0.644156 1.90017e+10
-2.25 -0.75 -1.25 0.0238497 -0.0122944 0.98752 3.14461e+09
-2.25 0.25 -1.25 -0.00584082 0.0301985 0.967259 3.1949e+09
-2.25 1.25 -1.25 -0.0335077 0.0737534 0.919393 3.3708e+09
-1.75 -1.25 -1.25 0.0599933 -0.0481702 0.971391 3.22717e+09
-1.25 -0.75 -1.25 0.0664211 -0.041513 0.951391 3.28179e+09
-1.75 -0.25 -1.25 0.0301985 -0.00584082 0.967259 3.1949e+09
-1.25 0.25 -1.25 0.0375822 0.00182289 0.934823 3.27668e+09
-1.75 0.75 -1.25 0.00182289 0.0375822 0.934823 3.27668e+09
-1.25 1.25 -1.25 0.0110175 0.0461882 0.892071 3.38606e+09
-0.75 -1.25 -1.25 0.102765 -0.076405 0.921095 3.45763e+09
-0.25 -0.75 -1.25 0.110438 -0.0679763 0.889921 3.56163e+09
-0.75 -0.25 -1.25 0.0737534 -0.0335077 0.919393 3.3708e+09
-0.25 0.25 -1.25 0.082044 -0.0237438 0.877259 3.49041e+09
-0.75 0.75 -1.25 0.0461882 0.0110175 0.892071 3.38606e+09
-0.25 1.25 -1.25 0.0558058 0.0216622 0.841323 3.51633e+09
0.25 -1.25 -1.25 0.147632 -0.100755 0.848941 3.85414e+09
0.75 -0.75 -1.25 0.156712 -0.0897904 0.809546 4.02797e+09
0.25 -0.25 -1.25 0.118907 -0.0576863 0.848937 3.70233e+09
0.75 0.25 -1.25 0.127699 -0.0456203 0.80046 3.8729e+09
0.25 0.75 -1.25 0.0909425 -0.0122547 0.827311 3.63384e+09
0.75 1.25 -1.25 0.0997938 0.000497841 0.771915 3.79062e+09
1.25 -1.25 -1.25 0.195692 -0.118781 0.762135 4.47553e+09
1.75 -0.75 -1.25 0.205428 -0.105488 0.718042 4.74804e+09
1.25 -0.25 -1.25 0.165811 -0.0772303 0.76308 4.24078e+09
1.75 0.25 -1.25 0.174235 -0.063707 0.711773 4.48067e+09
1.25 0.75 -1.25 0.136151 -0.0323091 0.746802 4.06239e+09
1.75 1.25 -1.25 0.143764 -0.0180018 0.689612 4.25503e+09
2.25 -1.25 -1.25 0.24873 -0.128265 0.667769 5.41015e+09
2.25 -0.25 -1.25 0.213907 -0.0916998 0.669467 5.05861e+09
2.25 0.75 -1.25 0.181593 -0.0495 0.657095 4.72984e+09
-2.5 -1.5 -1 0.0187615 -0.0187615 0.991799 1.14737e+10
-2.5 -0.5 -1 0.0261248 0.0261248 0.992175 1.13972e+10
-2.5 0.5 -1 0.0347049 0.0708895 0.96268 1.17381e+10
-2.5 1.5 -1 0.0464083 0.114932 0.906519 1.25583e+10
-1.5 -1.5 -1 0.0632078 -0.0108139 0.961921 1.19695e+10
-2 -1 -1 0.0447323 0.00753858 0.984418 1.15399e+10
-1.5 -0.5 -1 0.0708895 0.0347049 0.96268 1.17381e+10
-2 0 -1 0.0527647 0.0527647 0.970276 1.15874e+10
-1.5 0.5 -1 0.0802959 0.0802959 0.935106 1.18995e+10
-2 1 -1 0.0631591 0.0975775 0.927776 1.20636e+10
-1.5 1.5 -1 0.093104 0.124865 0.881601 1.25058e+10
-0.5 -1.5 -1 0.106842 -0.00013459 0.906314 1.29543e+10
-1 -1 -1 0.0889598 0.0169461 0.940651 1.21918e+10
-0.5 -0.5 -1 0.114932 0.0464083 0.906519 1.25583e+10
-1 0 -1 0.0975775 0.0631591 0.927776 1.20636e+10
-0.5 0.5 -1 0.124865 0.093104 0.881601 1.25058e+10
-1 1 -1 0.108854 0.108854 0.88856 1.23228e+10
-0.5 1.5 -1 0.138336 0.138336 0.832975 1.28338e+10
0.5 -1.5 -1 0.149109 0.0162326 0.831455 1.45742e+10
0 -1 -1 0.132196 0.0305374 0.873405 1.33915e+10
0.5 -0.5 -1 0.157447 0.0636116 0.829977 1.3992e+10
0 0 -1 0.141144 0.0778164 0.861412 1.30585e+10
0.5 0.5 -1 0.167288 0.111185 0.807669 1.36692e+10
0 1 -1 0.152536 0.124525 0.826492 1.30415e+10
0.5 1.5 -1 0.180318 0.157306 0.764713 1.36312e+10
1.5 -1.5 -1 0.188531 0.0424491 0.745496 1.70637e+10
1 -1 -1 0.173271 0.051442 0.790251 1.53229e+10
1.5 -0.5 -1 0.196297 0.0894404 0.741407 1.62537e+10
1 0 -1 0.182188 0.0990556 0.778351 1.47319e+10
1.5 0.5 -1 0.206119 0.136675 0.720678 1.55705e+10
1 1 -1 0.193063 0.146403 0.747512 1.43506e+10
1.5 1.5 -1 0.218507 0.183204 0.682444 1.5053e+10
2.5 -1.5 -1 0.222411 0.0835185 0.656609 2.07606e+10
2 -1 -1 0.209399 0.0838808 0.699999 1.82596e+10
2.5 -0.5 -1 0.227849 0.128065 0.649428 1.96557e+10
2 0 -1 0.217849 0.129878 0.686966 1.73251e+10
2.5 0.5 -1 0.238648 0.172321 0.627912 1.8474e+10
2 1 -1 0.229615 0.176122 0.658232 1.64529e+10
2.5 1.5 -1 0.253399 0.216886 0.591287 1.72993e+10
-2.25 -1.25 -0.75 0.0435226 -0.0409846 0.986533 2.74258e+09
-2.25 -0.25 -0.75 0.00397075 0.00397075 0.982058 2.73263e+09
-2.25 0.75 -0.75 -0.034276 0.0502047 0.948164 2.81783e+09
-1.25 -1.25 -0.75 0.0887388 -0.0793165 0.948632 2.87498e+09
-1.75 -0.75 -0.75 0.0464153 -0.0381376 0.973497 2.7681e+09
-1.25 -0.25 -0.75 0.0502047 -0.034276 0.948164 2.81783e+09
-1.75 0.25 -0.75 0.00768695 0.00768695 0.956569 2.78014e+09
-1.25 0.75 -0.75 0.0128321 0.0128321 0.920098 2.8479e+09
-1.75 1.25 -0.75 -0.0288022 0.0552127 0.91193 2.88888e+09
-0.25 -1.25 -0.75 0.135837 -0.114117 0.885508 3.12332e+09
-0.75 -0.75 -0.75 0.0929861 -0.075158 0.92374 2.9315e+09
-0.25 -0.25 -0.75 0.0983258 -0.0693071 0.88817 3.01264e+09
-0.75 0.25 -0.75 0.0552127 -0.0288022 0.91193 2.88888e+09
-0.25 0.75 -0.75 0.0614496 -0.0213631 0.866704 2.97592e+09
-0.75 1.25 -0.75 0.019613 0.019613 0.874548 2.93065e+09
0.75 -1.25 -0.75 0.186329 -0.142563 0.803294 3.52136e+09
0.25 -0.75 -0.75 0.142109 -0.107696 0.850923 3.2221e+09
0.75 -0.25 -0.75 0.149112 -0.0991883 0.807871 3.34546e+09
0.25 0.25 -0.75 0.104593 -0.0613445 0.843831 3.11293e+09
0.75 0.75 -0.75 0.111182 -0.0514461 0.79296 3.22338e+09
0.25 1.25 -0.75 0.0684732 -0.0120979 0.814715 3.0704e+09
1.75 -1.25 -0.75 0.241265 -0.161559 0.708913 4.11663e+09
1.25 -0.75 -0.75 0.194507 -0.133166 0.761812 3.67854e+09
1.75 -0.25 -0.75 0.202118 -0.122567 0.714456 3.85653e+09
1.25 0.25 -0.75 0.156072 -0.0889355 0.758587 3.48362e+09
1.75 0.75 -0.75 0.162225 -0.0777067 0.705087 3.62184e+09
1.25 1.25 -0.75 0.117253 -0.0403076 0.73767 3.33091e+09
2.25 -0.75 -0.75 0.249874 -0.15018 0.663584 4.34785e+09
2.25 0.25 -0.75 0.208338 -0.111563 0.663139 4.03773e+09
2.25 1.25 -0.75 0.167053 -0.0656096 0.648524 3.73969e+09
-2.5 -1 -0.5 0.0237359 0.00478866 0.995661 9.45586e+09
-2.5 0 -0.5 0.0337299 0.0523246 0.980743 9.55256e+09
-2.5 1 -0.5 0.0458579 0.0992638 0.936616 9.98972e+09
-2 -1.5 -0.5 0.0425902 -0.0140391 0.97993 9.67724e+09
-1.5 -1 -0.5 0.0708655 0.0152892 0.965226 9.78207e+09
-2 -0.5 -0.5 0.0523246 0.0337299 0.980743 9.55256e+09
-1.5 0 -0.5 0.0813807 0.0635138 0.951709 9.74385e+09
-2 0.5 -0.5 0.0635138 0.0813807 0.951709 9.74385e+09
-1.5 1 -0.5 0.0944015 0.111114 0.910111 1.00224e+10
-2 1.5 -0.5 0.0779822 0.127961 0.895639 1.02931e+10
-1 -1.5 -0.5 0.0891981 -0.00268085 0.935751 1.02405e+10
-0.5 -1 -0.5 0.117031 0.0288046 0.907949 1.04815e+10
-1 -0.5 -0.5 0.0992638 0.0458579 0.936616 9.98972e+09
-0.5 0 -0.5 0.127961 0.0779822 0.895639 1.02931e+10
-1 0.5 -0.5 0.111114 0.0944015 0.910111 1.00224e+10
-0.5 1 -0.5 0.141451 0.126392 0.858104 1.03734e+10
-1 1.5 -0.5 0.126392 0.141451 0.858104 1.03734e+10
0 -1.5 -0.5 0.134439 0.0128854 0.868437 1.12201e+10
0.5 -1 -0.5 0.161341 0.0480911 0.830303 1.16522e+10
0 -0.5 -0.5 0.144828 0.0623117 0.868152 1.08352e+10
0.5 0 -0.5 0.172409 0.0979074 0.818485 1.12858e+10
0 0.5 -0.5 0.156819 0.111717 0.844446 1.06769e+10
0.5 1 -0.5 0.185422 0.146942 0.785444 1.11102e+10
0 1.5 -0.5 0.172101 0.159299 0.798095 1.07665e+10
1 -1.5 -0.5 0.177223 0.0362353 0.78541 1.27433e+10
1.5 -1 -0.5 0.201834 0.0768132 0.740523 1.34404e+10
1 -0.5 -0.5 0.1876 0.0858586 0.782759 1.2206e+10
1.5 0 -0.5 0.212571 0.125899 0.728192 1.28439e+10
1 0.5 -0.5 0.199255 0.135442 0.761352 1.17998e+10
1.5 1 -0.5 0.22513 0.174734 0.698686 1.23247e+10
1 1.5 -0.5 0.213503 0.183531 0.720637 1.15432e+10
2 -1.5 -0.5 0.215454 0.072046 0.694869 1.49723e+10
2.5 -1 -0.5 0.234895 0.119359 0.6472 1.60001e+10
2 -0.5 -0.5 0.22425 0.120002 0.68917 1.42484e+10
2.5 0 -0.5 0.244191 0.165164 0.633061 1.51038e+10
2 0.5 -0.5 0.23604 0.167855 0.668427 1.35084e+10
2.5 1 -0.5 0.259156 0.211211 0.60401 1.41243e+10
2 1.5 -0.5 0.250562 0.215364 0.631379 1.2799e+10
-2.25 -0.75 -0.25 0.0241279 -0.0239469 0.988597 2.25544e+09
-2.25 0.25 -0.25 -0.0232602 0.024921 0.970121 2.27924e+09
-2.25 1.25 -0.25 -0.0681902 0.0757848 0.923026 2.37882e+09
-1.75 -1.25 -0.25 0.0720979 -0.0712359 0.970718 2.31122e+09
-1.25 -0.75 -0.25 0.0733735 -0.0703689 0.95243 2.33745e+09
-1.75 -0.25 -0.25 0.024921 -0.0232602 0.970121 2.27924e+09
-1.25 0.25 -0.25 0.026925 -0.0212777 0.940397 2.31666e+09
-1.75 0.75 -0.25 -0.0212777 0.026925 0.940397 2.31666e+09
-1.25 1.25 -0.25 -0.0175045 0.030449 0.900895 2.36401e+09
-0.75 -1.25 -0.25 0.121529 -0.115464 0.91875 2.45422e+09
-0.25 -0.75 -0.25 0.124953 -0.112874 0.889913 2.50374e+09
-0.75 -0.25 -0.25 0.0757848 -0.0681902 0.923026 2.37882e+09
-0.25 0.25 -0.25 0.0794491 -0.0640663 0.883979 2.43148e+09
-0.75 0.75 -0.25 0.030449 -0.0175045 0.900895 2.36401e+09
-0.25 1.25 -0.25 0.0355115 -0.0116968 0.853445 2.41501e+09
0.25 -1.25 -0.25 0.174019 -0.154084 0.844012 2.69278e+09
0.75 -0.75 -0.25 0.1801 -0.148779 0.806717 2.77373e+09
0.25 -0.25 -0.25 0.129482 -0.108333 0.851651 2.56739e+09
0.75 0.25 -0.25 0.134634 -0.101488 0.805823 2.638e+09
0.25 0.75 -0.25 0.0841144 -0.0576351 0.837139 2.48884e+09
0.75 1.25 -0.25 0.0890431 -0.0490976 0.784572 2.54104e+09
1.25 -1.25 -0.25 0.230917 -0.183369 0.752738 3.05211e+09
1.75 -0.75 -0.25 0.238705 -0.174773 0.709417 3.17183e+09
1.25 -0.25 -0.25 0.186484 -0.141371 0.762086 2.86506e+09
1.75 0.25 -0.25 0.191899 -0.132549 0.712286 2.95397e+09
1.25 0.75 -0.25 0.139454 -0.092679 0.754534 2.7046e+09
1.75 1.25 -0.25 0.142993 -0.082779 0.699555 2.75239e+09
2.25 -1.25 -0.25 0.292559 -0.199893 0.65106 3.55547e+09
2.25 -0.25 -0.25 0.244401 -0.165854 0.661329 3.28979e+09
2.25 0.75 -0.25 0.195632 -0.123091 0.658932 3.02221e+09
-2.5 -1.5 0 0.0192119 -0.0192119 0.991317 7.55192e+09
-2.5 -0.5 0 0.031062 0.031062 0.991868 7.50305e+09
-2.5 0.5 0 0.044106 0.0810046 0.961532 7.68974e+09
-2.5 1.5 0 0.0603915 0.129667 0.903569 8.14141e+09
-1.5 -1.5 0 0.0689286 -0.00665763 0.960323 7.83592e+09
-2 -1 0 0.0500955 0.0120445 0.983771 7.58672e+09
-1.5 -0.5 0 0.0810046 0.044106 0.961532 7.68974e+09
-2 0 0 0.0625329 0.0625329 0.969465 7.60175e+09
-1.5 0.5 0 0.0947147 0.0947147 0.933434 7.76229e+09
-2 1 0 0.0773116 0.112214 0.925768 7.85757e+09
-1.5 1.5 0 0.111804 0.143767 0.878318 8.08003e+09
-0.5 -1.5 0 0.117333 0.00886454 0.902841 8.38378e+09
-1 -1 0 0.0993396 0.0260698 0.938561 7.95182e+09
-0.5 -0.5 0 0.129667 0.0603915 0.903569 8.14141e+09
-1 0 0 0.112214 0.0773116 0.925768 7.85757e+09
-0.5 0.5 0 0.143767 0.111804 0.878318 8.08003e+09
-1 1 0 0.127695 0.127695 0.885622 7.97456e+09
-0.5 1.5 0 0.16127 0.16127 0.828356 8.22037e+09
0.5 -1.5 0 0.163262 0.0303784 0.82545 9.25664e+09
0 -1 0 0.146827 0.0445133 0.869062 8.6099e+09
0.5 -0.5 0 0.175873 0.0824554 0.824267 8.91343e+09
0 0 0 0.159936 0.0965019 0.857159 8.39418e+09
0.5 0.5 0 0.189827 0.134272 0.80164 8.68982e+09
0 1 0 0.175395 0.147434 0.821506 8.33845e+09
0.5 1.5 0 0.206631 0.183944 0.757686 8.59786e+09
1.5 -1.5 0 0.205048 0.0619514 0.73601 1.0535e+10
1 -1 0 0.190892 0.0705727 0.782757 9.63257e+09
1.5 -0.5 0 0.21715 0.113329 0.731763 1.00775e+10
1 0 0 0.204131 0.122524 0.77072 9.27091e+09
1.5 0.5 0 0.230849 0.164329 0.710813 9.63886e+09
1 1 0 0.218717 0.17346 0.739385 8.99053e+09
1.5 1.5 0 0.246455 0.213977 0.671986 9.23922e+09
2.5 -1.5 0 0.240171 0.10792 0.642309 1.22546e+10
2 -1 0 0.228905 0.108142 0.688068 1.10903e+10
2.5 -0.5 0 0.249042 0.156284 0.634917 1.16618e+10
2 0 0 0.241058 0.157944 0.67489 1.05375e+10
2.5 0.5 0 0.262564 0.203906 0.613528 1.09434e+10
2 1 0 0.256002 0.207639 0.646038 9.95515e+09
2.5 1.5 0 0.281018 0.251813 0.576656 1.01477e+10
-2.25 -1.25 0.25 0.0523952 -0.0539453 0.986475 1.79988e+09
-2.25 -0.25 0.25 -0.00232122 -0.00232122 0.98419 1.78766e+09
-2.25 0.75 0.25 -0.0559229 0.0512307 0.951836 1.82674e+09
-1.25 -1.25 0.25 0.104555 -0.106469 0.947318 1.87398e+09
-1.75 -0.75 0.25 0.0513269 -0.0553509 0.974732 1.80923e+09
-1.25 -0.25 0.25 0.0512307 -0.0559229 0.951836 1.82674e+09
-1.75 0.25 0.25 -0.00283642 -0.00283642 0.961187 1.80414e+09
-1.25 0.75 0.25 -0.00184119 -0.00184119 0.928022 1.82563e+09
-1.75 1.25 0.25 -0.0548958 0.0524811 0.918837 1.84968e+09
-0.25 -1.25 0.25 0.15908 -0.154071 0.882383 2.00764e+09
-0.75 -0.75 0.25 0.10545 -0.10673 0.924694 1.89471e+09
-0.25 -0.25 0.25 0.107561 -0.10542 0.892118 1.92222e+09
-0.75 0.25 0.25 0.0524811 -0.0548958 0.918837 1.84968e+09
-0.25 0.75 0.25 0.0551309 -0.0517985 0.877171 1.87394e+09
-0.75 1.25 0.25 0.000940652 0.000940652 0.886126 1.84811e+09
0.75 -1.25 0.25 0.217446 -0.193665 0.797253 2.21124e+09
0.25 -0.75 0.25 0.162784 -0.152195 0.850381 2.04292e+09
0.75 -0.25 0.25 0.167314 -0.148238 0.81003 2.08198e+09
0.25 0.25 0.25 0.110724 -0.101944 0.851028 1.95198e+09
0.75 0.75 0.25 0.114251 -0.0959357 0.803179 1.97641e+09
0.25 1.25 0.25 0.0589203 -0.046289 0.828511 1.89271e+09
1.75 -1.25 0.25 0.280189 -0.220543 0.697791 2.49494e+09
1.25 -0.75 0.25 0.223804 -0.188687 0.75767 2.26379e+09
1.75 -0.25 0.25 0.229234 -0.181834 0.711785 2.31181e+09
1.25 0.25 0.25 0.171657 -0.141989 0.763152 2.11617e+09
1.75 0.75 0.25 0.174465 -0.133819 0.711662 2.13327e+09
1.25 1.25 0.25 0.117046 -0.087461 0.750377 1.98524e+09
2.25 -0.75 0.25 0.286357 -0.212069 0.652987 2.55978e+09
2.25 0.25 0.25 0.231721 -0.174058 0.661754 2.34043e+09
2.25 1.25 0.25 0.174846 -0.124392 0.656881 2.11844e+09
-2.5 -1 0.5 0.0264895 0.0070662 0.995328 5.69883e+09
-2.5 0 0.5 0.0410056 0.0600239 0.980111 5.74129e+09
-2.5 1 0.5 0.0577615 0.111902 0.934737 5.95067e+09
-2 -1.5 0.5 0.0457677 -0.0121858 0.978949 5.81512e+09
-1.5 -1 0.5 0.0789153 0.0221929 0.963954 5.86106e+09
-2 -0.5 0.5 0.0600239 0.0410056 0.980111 5.74129e+09
-1.5 0 0.5 0.0938465 0.0756846 0.950457 5.82337e+09
-2 0.5 0.5 0.0756846 0.0938465 0.950457 5.82337e+09
-1.5 1 0.5 0.111291 0.128124 0.907861 5.94078e+09
-2 1.5 0.5 0.0947435 0.144882 0.892771 6.07947e+09
-1 -1.5 0.5 0.0974798 0.00399718 0.933331 6.0962e+09
-0.5 -1 0.5 0.129702 0.0405763 0.904944 6.2005e+09
-1 -0.5 0.5 0.111902 0.0577615 0.934737 5.95067e+09
-0.5 0 0.5 0.144882 0.0947435 0.892771 6.07947e+09
-1 0.5 0.5 0.128124 0.111291 0.907861 5.94078e+09
-0.5 1 0.5 0.162783 0.147803 0.854381 6.08016e+09
-1 1.5 0.5 0.147803 0.162783 0.854381 6.08016e+09
0 -1.5 0.5 0.146863 0.0246982 0.864 6.56334e+09
0.5 -1 0.5 0.177277 0.0649489 0.824898 6.74629e+09
0 -0.5 0.5 0.161463 0.0790588 0.864171 6.35141e+09
0.5 0 0.5 0.192692 0.119525 0.812998 6.53342e+09
0 0.5 0.5 0.177761 0.133168 0.840095 6.23343e+09
0.5 1 0.5 0.210091 0.172668 0.779128 6.39143e+09
0 1.5 0.5 0.197431 0.18486 0.792437 6.22224e+09
1 -1.5 0.5 0.191794 0.0532609 0.778454 7.24904e+09
1.5 -1 0.5 0.218958 0.0987776 0.731925 7.52424e+09
1 -0.5 0.5 0.206677 0.1077 0.7758 6.96894e+09
1.5 0 0.5 0.234508 0.152366 0.719112 7.20009e+09
1 0.5 0.5 0.222893 0.161556 0.753839 6.7216e+09
1.5 1 0.5 0.25125 0.204732 0.688955 6.87525e+09
1 1.5 0.5 0.241195 0.212911 0.712081 6.5178e+09
2 -1.5 0.5 0.230521 0.0937577 0.684491 8.16571e+09
2.5 -1 0.5 0.251991 0.145098 0.634485 8.50618e+09
2 -0.5 0.5 0.24364 0.146468 0.678355 7.80945e+09
2.5 0 0.5 0.264591 0.195041 0.620153 8.03863e+09
2 0.5 0.5 0.259803 0.198179 0.657144 7.38992e+09
2.5 1 0.5 0.282778 0.244973 0.590973 7.47535e+09
2 1.5 0.5 0.277755 0.249132 0.619505 6.93578e+09
-2.25 -0.75 0.75 0.0264676 -0.0318367 0.989716 1.3608e+09
-2.25 0.25 0.75 -0.0340655 0.0245234 0.973268 1.36583e+09
-2.25 1.25 0.75 -0.0919831 0.0834332 0.927391 1.40568e+09
-1.75 -1.25 0.75 0.0845388 -0.0888081 0.970154 1.39166e+09
-1.25 -0.75 0.75 0.0834158 -0.0908958 0.953813 1.3976e+09
-1.75 -0.25 0.75 0.0245234 -0.0340655 0.973268 1.36583e+09
-1.25 0.25 0.75 0.0237246 -0.0351835 0.94666 1.3724e+09
-1.75 0.75 0.75 -0.0351835 0.0237246 0.94666 1.3724e+09
-1.25 1.25 0.75 -0.0344943 0.0244971 0.91089 1.37766e+09
-0.75 -1.25 0.75 0.141464 -0.144227 0.916897 1.46096e+09
-0.25 -0.75 0.75 0.143018 -0.144798 0.890758 1.47213e+09
-0.75 -0.25 0.75 0.0834332 -0.0919831 0.927391 1.40568e+09
-0.25 0.25 0.75 0.0847346 -0.0912018 0.89191 1.41274e+09
-0.75 0.75 0.75 0.0244971 -0.0344943 0.91089 1.37766e+09
-0.25 1.25 0.75 0.0267525 -0.0318604 0.867305 1.37774e+09
0.25 -1.25 0.75 0.201413 -0.192478 0.840296 1.56971e+09
0.75 -0.75 0.75 0.205883 -0.190521 0.805689 1.58597e+09
0.25 -0.25 0.75 0.145623 -0.143573 0.85569 1.48294e+09
0.75 0.25 0.75 0.148625 -0.140081 0.81308 1.48856e+09
0.25 0.75 0.75 0.0869525 -0.0881873 0.848724 1.41472e+09
0.75 1.25 0.75 0.0893544 -0.0823808 0.799292 1.40469e+09
1.25 -1.25 0.75 0.264737 -0.230281 0.746127 1.71877e+09
1.75 -0.75 0.75 0.27025 -0.224914 0.704783 1.73634e+09
1.25 -0.25 0.75 0.21022 -0.186494 0.763696 1.59675e+09
1.75 0.25 0.75 0.212632 -0.180344 0.71618 1.59269e+09
1.25 0.75 0.75 0.150771 -0.133917 0.764586 1.48097e+09
1.75 1.25 0.75 0.150587 -0.124551 0.711579 1.45089e+09
2.25 -1.25 0.75 0.330395 -0.25182 0.64005 1.90021e+09
2.25 -0.25 0.75 0.272208 -0.218041 0.658445 1.73583e+09
2.25 0.75 0.75 0.211622 -0.172207 0.664671 1.56212e+09
-2.5 -1.5 1 0.0195558 -0.0195558 0.990678 4.18785e+09
-2.5 -0.5 1 0.0362227 0.0362227 0.9914 4.16069e+09
-2.5 0.5 1 0.0541148 0.0914301 0.96033 4.23611e+09
-2.5 1.5 1 0.0754413 0.14441 0.900821 4.42206e+09
-1.5 -1.5 1 0.0746004 -0.00200745 0.958686 4.31653e+09
-2 -1 1 0.0555758 0.0168954 0.982991 4.20003e+09
-1.5 -0.5 1 0.0914301 0.0541148 0.96033 4.23611e+09
-2 0 1 0.0727617 0.0727617 0.968568 4.19526e+09
-1.5 0.5 1 0.109842 0.109842 0.931768 4.24893e+09
-2 1 1 0.0923909 0.127288 0.923811 4.29268e+09
-1.5 1.5 1 0.131786 0.163224 0.875171 4.36368e+09
-0.5 -1.5 1 0.127581 0.0188011 0.899627 4.55038e+09
-1 -1 1 0.109777 0.0359485 0.936522 4.35716e+09
-0.5 -0.5 1 0.14441 0.0754413 0.900821 4.42206e+09
-1 0 1 0.127288 0.0923909 0.923811 4.29268e+09
-0.5 0.5 1 0.163224 0.131786 0.875171 4.36368e+09
-1 1 1 0.147516 0.147516 0.882754 4.31614e+09
-0.5 1.5 1 0.18561 0.18561 0.823736 4.38126e+09
0.5 -1.5 1 0.176344 0.0456767 0.820359 4.89422e+09
0 -1 1 0.160988 0.0596592 0.865201 4.62771e+09
0.5 -0.5 1 0.193388 0.102714 0.819339 4.7263e+09
0 0 1 0.178585 0.116606 0.853271 4.50411e+09
0.5 0.5 1 0.212055 0.159319 0.796072 4.58628e+09
0 1 1 0.198994 0.172169 0.816618 4.43324e+09
0.5 1.5 1 0.234111 0.212893 0.750593 4.48393e+09
1.5 -1.5 1 0.217801 0.0819847 0.728954 5.34318e+09
1 -1 1 0.206529 0.0908817 0.776714 5.0133e+09
1.5 -0.5 1 0.23483 0.13864 0.724262 5.13566e+09
1 0 1 0.224583 0.147831 0.764194 4.82654e+09
1.5 0.5 1 0.253946 0.194068 0.702266 4.90162e+09
1 1 1 0.244285 0.202865 0.731674 4.64724e+09
1.5 1.5 1 0.274416 0.246828 0.662104 4.65554e+09
2.5 -1.5 1 0.250698 0.130779 0.633181 5.84285e+09
2 -1 1 0.242856 0.132833 0.679708 5.48979e+09
2.5 -0.5 1 0.263653 0.184527 0.625213 5.59425e+09
2 0 1 0.260393 0.18753 0.665628 5.22594e+09
2.5 0.5 1 0.282626 0.236598 0.60276 5.23485e+09
2 1 1 0.280765 0.240819 0.635568 4.91309e+09
2.5 1.5 1 0.304472 0.288582 0.5653 4.8122e+09
-2.25 -1.25 1.25 0.0609981 -0.0639217 0.986456 1.00503e+09
-2.25 -0.25 1.25 -0.00463812 -0.00463812 0.986437 9.9437e+08
-2.25 0.75 1.25 -0.0691632 0.0570646 0.955877 1.00438e+09
-1.25 -1.25 1.25 0.120886 -0.126262 0.946338 1.03746e+09
-1.75 -0.75 1.25 0.0585659 -0.0668798 0.976122 1.00517e+09
-1.25 -0.25 1.25 0.0570646 -0.0691632 0.955877 1.00438e+09
-1.75 0.25 1.25 -0.0067741 -0.0067741 0.96614 9.93237e+08
-1.25 0.75 1.25 -0.00765504 -0.00765504 0.936634 9.89471e+08
-1.75 1.25 1.25 -0.0702074 0.0568154 0.926444 1.00108e+09
-0.25 -1.25 1.25 0.18278 -0.181835 0.880242 1.09187e+09
-0.75 -0.75 1.25 0.120672 -0.128274 0.926234 1.03757e+09
-0.25 -0.25 1.25 0.1216 -0.129144 0.89702 1.03544e+09
-0.75 0.25 1.25 0.0568154 -0.0702074 0.926444 1.00108e+09
-0.25 0.75 1.25 0.0578649 -0.0691201 0.888684 9.92386e+08
-0.75 1.25 1.25 -0.00669184 -0.00669184 0.89874 9.8037e+08
0.75 -1.25 1.25 0.247169 -0.228015 0.793586 1.1656e+09
0.25 -0.75 1.25 0.185596 -0.18191 0.851226 1.09164e+09
0.75 -0.25 1.25 0.188727 -0.179964 0.814156 1.08555e+09
0.25 0.25 1.25 0.123317 -0.127889 0.85963 1.02772e+09
0.75 0.75 1.25 0.124866 -0.124204 0.815348 1.01087e+09
0.25 1.25 1.25 0.0596516 -0.0661006 0.843853 9.7503e+08
1.75 -1.25 1.25 0.312399 -0.2616 0.692497 1.24971e+09
1.25 -0.75 1.25 0.251609 -0.225185 0.756957 1.1613e+09
1.75 -0.25 1.25 0.253476 -0.220402 0.714196 1.1443e+09
1.25 0.25 1.25 0.190673 -0.175683 0.770497 1.06906e+09
1.75 0.75 1.25 0.190135 -0.168624 0.721534 1.03489e+09
1.25 1.25 1.25 0.125079 -0.117386 0.76529 9.78592e+08
2.25 -0.75 1.25 0.313469 -0.255322 0.650958 1.23175e+09
2.25 0.25 1.25 0.250707 -0.213464 0.666839 1.10706e+09
2.25 1.25 1.25 0.184739 -0.157244 0.668196 9.76593e+08
-2.5 -1 1.5 0.0292154 0.00970322 0.994701 2.92564e+09
-2.5 0 1.5 0.0490351 0.0680527 0.979196 2.93583e+09
-2.5 1 1.5 0.0711525 0.124737 0.932741 3.00913e+09
-2 -1.5 1.5 0.048523 -0.00956271 0.977781 2.97464e+09
-1.5 -1 1.5 0.0868726 0.0302645 0.962507 2.98605e+09
-2 -0.5 1.5 0.0680527 0.0490351 0.979196 2.93583e+09
-1.5 0 1.5 0.106986 0.088973 0.948965 2.95679e+09
-2 0.5 1.5 0.088973 0.106986 0.948965 2.95679e+09
-1.5 1 1.5 0.129736 0.1461 0.90539 2.98199e+09
-2 1.5 1.5 0.11345 0.162128 0.889863 3.03786e+09
-1 -1.5 1.5 0.1051 0.01226 0.930991 3.08282e+09
-0.5 -1 1.5 0.141791 0.0541895 0.902131 3.10951e+09
-1 -0.5 1.5 0.124737 0.0711525 0.932741 3.00913e+09
-0.5 0 1.5 0.162128 0.11345 0.889863 3.03786e+09
-1 0.5 1.5 0.1461 0.129736 0.90539 2.98199e+09
-0.5 1 1.5 0.18536 0.171188 0.85045 3.00582e+09
-1 1.5 1.5 0.171188 0.18536 0.85045 3.00582e+09
0 -1.5 1.5 0.1579 0.0386307 0.86026 3.24585e+09
0.5 -1 1.5 0.191502 0.0841574 0.820554 3.28672e+09
0 -0.5 1.5 0.177355 0.0980528 0.860581 3.144e+09
0.5 0 1.5 0.21178 0.143848 0.808219 3.17777e+09
0 0.5 1.5 0.199057 0.157051 0.835807 3.06535e+09
0.5 1 1.5 0.235006 0.201658 0.772943 3.07562e+09
0 1.5 1.5 0.22442 0.213075 0.786457 3.01202e+09
1 -1.5 1.5 0.203573 0.0723371 0.773503 3.44731e+09
1.5 -1 1.5 0.232061 0.122815 0.726438 3.49382e+09
1 -0.5 1.5 0.223296 0.132171 0.770528 3.32734e+09
1.5 0 1.5 0.25269 0.18189 0.712716 3.34706e+09
1 0.5 1.5 0.244604 0.191047 0.747483 3.19371e+09
1.5 1 1.5 0.275791 0.238577 0.6806 3.17202e+09
1 1.5 1.5 0.269903 0.246201 0.703554 3.05419e+09
2 -1.5 1.5 0.238469 0.116417 0.67934 3.65277e+09
2.5 -1 1.5 0.258671 0.171712 0.629742 3.67307e+09
2 -0.5 1.5 0.256949 0.17527 0.672417 3.51553e+09
2.5 0 1.5 0.278487 0.227481 0.613684 3.47971e+09
2 0.5 1.5 0.279644 0.231828 0.649356 3.32127e+09
2.5 1 1.5 0.304152 0.281365 0.58214 3.21945e+09
2 1.5 1.5 0.30445 0.285851 0.609557 3.09064e+09
