449
-2.5 -1 -1.5 -0.218958 -0.0987776 0.731925 7.52424e+09
-2.5 0 -1.5 -0.205581 -0.044854 0.728136 7.83012e+09
-2.5 1 -1.5 -0.192936 0.00860016 0.709001 8.10092e+09
-2 -1.5 -1.5 -0.206677 -0.1077 0.7758 6.96894e+09
-1.5 -1 -1.5 -0.177277 -0.0649489 0.824898 6.74629e+09
-2 -0.5 -1.5 -0.191794 -0.0532609 0.778454 7.24904e+09
-1.5 0 -1.5 -0.162997 -0.0107721 0.815474 7.02415e+09
-2 0.5 -1.5 -0.178381 0.000503527 0.762814 7.55539e+09
-1.5 1 -1.5 -0.148592 0.0424272 0.786933 7.36659e+09
-2 1.5 -1.5 -0.163654 0.0535555 0.731447 7.8742e+09
-1 -1.5 -1.5 -0.161463 -0.0790588 0.864171 6.35141e+09
-0.5 -1 -1.5 -0.129702 -0.0405763 0.904944 6.2005e+09
-1 -0.5 -1.5 -0.146863 -0.0246982 0.864 6.56334e+09
-0.5 0 -1.5 -0.115432 0.0131542 0.891216 6.43764e+09
-1 0.5 -1.5 -0.132449 0.0288006 0.84123 6.87017e+09
-0.5 1 -1.5 -0.100059 0.0656431 0.854443 6.7934e+09
-1 1.5 -1.5 -0.116161 0.080922 0.7993 7.27261e+09
0 -1.5 -1.5 -0.111902 -0.0577615 0.934737 5.95067e+09
0.5 -1 -1.5 -0.0789153 -0.0221929 0.963954 5.86106e+09
0 -0.5 -1.5 -0.0974798 -0.00399718 0.933331 6.0962e+09
0.5 0 -1.5 -0.0646433 0.0309404 0.947902 6.04335e+09
0 0.5 -1.5 -0.0828439 0.0488751 0.905183 6.37459e+09
0.5 1 -1.5 -0.0488751 0.0828439 0.905183 6.37459e+09
0 1.5 -1.5 -0.0656431 0.100059 0.854443 6.7934e+09
1 -1.5 -1.5 -0.0600239 -0.0410056 0.980111 5.74129e+09
1.5 -1 -1.5 -0.0264895 -0.0070662 0.995328 5.69883e+09
1 -0.5 -1.5 -0.0457677 0.0121858 0.978949 5.81512e+09
1.5 0 -1.5 -0.0121858 0.0457677 0.978949 5.81512e+09
1 0.5 -1.5 -0.0309404 0.0646433 0.947902 6.04335e+09
1.5 1 -1.5 0.00399718 0.0974798 0.933331 6.0962e+09
1 1.5 -1.5 -0.0131542 0.115432 0.891216 6.43764e+09
2 -1.5 -1.5 -0.0070662 -0.0264895 0.995328 5.69883e+09
2.5 -1 -1.5 0.0264895 0.0070662 0.995328 5.69883e+09
2 -0.5 -1.5 0.0070662 0.0264895 0.995328 5.69883e+09
2.5 0 -1.5 0.0410056 0.0600239 0.980111 5.74129e+09
2 0.5 -1.5 0.0221929 0.0789153 0.963954 5.86106e+09
2.5 1 -1.5 0.0577615 0.111902 0.934737 5.95067e+09
2 1.5 -1.5 0.0405763 0.129702 0.904944 6.2005e+09
-2.25 -0.75 -1.25 -0.264737 0.230281 0.746127 1.71877e+09
-2.25 0.25 -1.25 -0.313132 0.266468 0.714868 1.84479e+09
-2.25 1.25 -1.25 -0.351987 0.299729 0.673155 1.96951e+09
-1.75 -1.25 -1.25 -0.205883 0.190521 0.805689 1.58597e+09
-1.25 -0.75 -1.25 -0.201413 0.192478 0.840296 1.56971e+09
-1.75 -0.25 -1.25 -0.258001 0.233715 0.780297 1.69555e+09
-1.25 0.25 -1.25 -0.25143 0.23586 0.805813 1.67408e+09
-1.75 0.75 -1.25 -0.302772 0.271767 0.740249 1.81621e+09
-1.25 1.25 -1.25 -0.292883 0.277286 0.756027 1.79673e+09
-0.75 -1.25 -1.25 -0.143018 0.144798 0.890758 1.47213e+09
-0.25 -0.75 -1.25 -0.141464 0.144227 0.916897 1.46096e+09
-0.75 -0.25 -1.25 -0.19766 0.192891 0.866113 1.55408e+09
-0.25 0.25 -1.25 -0.194945 0.192846 0.882114 1.54322e+09
-0.75 0.75 -1.25 -0.245631 0.23794 0.821648 1.65945e+09
-0.25 1.25 -1.25 -0.241028 0.241028 0.82703 1.65437e+09
0.25 -1.25 -1.25 -0.0834158 0.0908958 0.953813 1.3976e+09
0.75 -0.75 -1.25 -0.0845388 0.0888081 0.970154 1.39166e+09
0.25 -0.25 -1.25 -0.141041 0.142858 0.933078 1.45301e+09
0.75 0.25 -1.25 -0.141588 0.141588 0.938566 1.45014e+09
0.25 0.75 -1.25 -0.193337 0.193337 0.887546 1.53938e+09
0.75 1.25 -1.25 -0.192846 0.194945 0.882114 1.54322e+09
1.25 -1.25 -1.25 -0.0264676 0.0318367 0.989716 1.3608e+09
1.75 -0.75 -1.25 -0.029095 0.029095 0.995286 1.35891e+09
1.25 -0.25 -1.25 -0.0864788 0.0864788 0.975691 1.38948e+09
1.75 0.25 -1.25 -0.0888081 0.0845388 0.970154 1.39166e+09
1.25 0.75 -1.25 -0.142858 0.141041 0.933078 1.45301e+09
1.75 1.25 -1.25 -0.144227 0.141464 0.916897 1.46096e+09
2.25 -1.25 -1.25 0.029095 -0.029095 0.995286 1.35891e+09
2.25 -0.25 -1.25 -0.0318367 0.0264676 0.989716 1.3608e+09
2.25 0.75 -1.25 -0.0908958 0.0834158 0.953813 1.3976e+09
-2.5 -1.5 -1 -0.23483 -0.13864 0.724262 5.13566e+09
-2.5 -0.5 -1 -0.217801 -0.0819847 0.728954 5.34318e+09
-2.5 0.5 -1 -0.203125 -0.0257796 0.717144 5.51359e+09
-2.5 1.5 -1 -0.187301 0.0298396 0.691093 5.62936e+09
-1.5 -1.5 -1 -0.193388 -0.102714 0.819339 4.7263e+09
-2 -1 -1 -0.206529 -0.0908817 0.776714 5.0133e+09
-1.5 -0.5 -1 -0.176344 -0.0456767 0.820359 4.89422e+09
-2 0 -1 -0.190186 -0.0341981 0.769949 5.20077e+09
-1.5 0.5 -1 -0.159977 0.0104574 0.800685 5.0908e+09
-2 1 -1 -0.174519 0.0215806 0.74571 5.38607e+09
-1.5 1.5 -1 -0.141992 0.0655624 0.763406 5.30889e+09
-0.5 -1.5 -1 -0.14441 -0.0754413 0.900821 4.42206e+09
-1 -1 -1 -0.160988 -0.0596592 0.865201 4.62771e+09
-0.5 -0.5 -1 -0.127581 -0.0188011 0.899627 4.55038e+09
-1 0 -1 -0.144434 -0.00316886 0.853103 4.80161e+09
-0.5 0.5 -1 -0.110571 0.0369165 0.873425 4.74529e+09
-1 1 -1 -0.126852 0.0521926 0.819748 5.02436e+09
-0.5 1.5 -1 -0.0909692 0.0909692 0.826196 5.00272e+09
0.5 -1.5 -1 -0.0914301 -0.0541148 0.96033 4.23611e+09
0 -1 -1 -0.109777 -0.0359485 0.936522 4.35716e+09
0.5 -0.5 -1 -0.0746004 0.00200745 0.958686 4.31653e+09
0 0 -1 -0.0930306 0.0200713 0.921 4.50271e+09
0.5 0.5 -1 -0.05726 0.05726 0.928249 4.48713e+09
0 1 -1 -0.074778 0.074778 0.880311 4.72708e+09
0.5 1.5 -1 -0.0369165 0.110571 0.873425 4.74529e+09
1.5 -1.5 -1 -0.0362227 -0.0362227 0.9914 4.16069e+09
1 -1 -1 -0.0555758 -0.0168954 0.982991 4.20003e+09
1.5 -0.5 -1 -0.0195558 0.0195558 0.990678 4.18785e+09
1 0 -1 -0.0387518 0.0387518 0.966205 4.30305e+09
1.5 0.5 -1 -0.00200745 0.0746004 0.958686 4.31653e+09
1 1 -1 -0.0200713 0.0930306 0.921 4.50271e+09
1.5 1.5 -1 0.0188011 0.127581 0.899627 4.55038e+09
2.5 -1.5 -1 0.0195558 -0.0195558 0.990678 4.18785e+09
2 -1 -1 6.728e-12 -3.098e-12 0.999143 4.14892e+09
2.5 -0.5 -1 0.0362227 0.0362227 0.9914 4.16069e+09
2 0 -1 0.0168954 0.0555758 0.982991 4.20003e+09
2.5 0.5 -1 0.0541148 0.0914301 0.96033 4.23611e+09
2 1 -1 0.0359485 0.109777 0.936522 4.35716e+09
2.5 1.5 -1 0.0754413 0.14441 0.900821 4.42206e+09
-2.25 -1.25 -0.75 -0.251609 0.225185 0.756957 1.1613e+09
-2.25 -0.25 -0.75 -0.306275 0.266236 0.728689 1.2527e+09
-2.25 0.75 -0.75 -0.352019 0.300665 0.689113 1.34045e+09
-1.25 -1.25 -0.75 -0.185596 0.18191 0.851226 1.09164e+09
-1.75 -0.75 -0.75 -0.247169 0.228015 0.793586 1.1656e+09
-1.25 -0.25 -0.75 -0.242167 0.229133 0.822352 1.16374e+09
-1.75 0.25 -0.75 -0.298616 0.26932 0.75723 1.24862e+09
-1.25 0.75 -0.75 -0.290626 0.272374 0.77702 1.24314e+09
-1.75 1.25 -0.75 -0.339645 0.307482 0.708971 1.33316e+09
-0.25 -1.25 -0.75 -0.120672 0.128274 0.926234 1.03757e+09
-0.75 -0.75 -0.75 -0.18278 0.181835 0.880242 1.09187e+09
-0.25 -0.25 -0.75 -0.180915 0.180869 0.900233 1.09014e+09
-0.75 0.25 -0.75 -0.237632 0.229798 0.842222 1.1601e+09
-0.25 0.75 -0.75 -0.233793 0.231094 0.852434 1.15757e+09
-0.75 1.25 -0.75 -0.282956 0.276688 0.787221 1.23975e+09
0.75 -1.25 -0.75 -0.0585659 0.0668798 0.976122 1.00517e+09
0.25 -0.75 -0.75 -0.120886 0.126262 0.946338 1.03746e+09
0.75 -0.25 -0.75 -0.122043 0.123927 0.956625 1.03681e+09
0.25 0.25 -0.75 -0.179967 0.179973 0.910479 1.08862e+09
0.75 0.75 -0.75 -0.179973 0.179967 0.910479 1.08862e+09
0.25 1.25 -0.75 -0.231094 0.233793 0.852434 1.15757e+09
1.75 -1.25 -0.75 0.00163497 0.00163497 0.996785 9.94439e+08
1.25 -0.75 -0.75 -0.0609981 0.0639217 0.986456 1.00503e+09
1.75 -0.25 -0.75 -0.0639217 0.0609981 0.986456 1.00503e+09
1.25 0.25 -0.75 -0.123927 0.122043 0.956625 1.03681e+09
1.75 0.75 -0.75 -0.126262 0.120886 0.946338 1.03746e+09
1.25 1.25 -0.75 -0.180869 0.180915 0.900233 1.09014e+09
2.25 -0.75 -0.75 -0.00163497 -0.00163497 0.996785 9.94439e+08
2.25 0.25 -0.75 -0.0668798 0.0585659 0.976122 1.00517e+09
2.25 1.25 -0.75 -0.128274 0.120672 0.926234 1.03757e+09
-2.5 -1 -0.5 -0.232061 -0.122815 0.726438 3.49382e+09
-2.5 0 -0.5 -0.213524 -0.063212 0.72298 3.60227e+09
-2.5 1 -0.5 -0.196726 -0.0051658 0.703578 3.67068e+09
-2 -1.5 -0.5 -0.223296 -0.132171 0.770528 3.32734e+09
-1.5 -1 -0.5 -0.191502 -0.0841574 0.820554 3.28672e+09
-2 -0.5 -0.5 -0.203573 -0.0723371 0.773503 3.44731e+09
-1.5 0 -0.5 -0.172537 -0.0249808 0.810868 3.40073e+09
-2 0.5 -0.5 -0.185274 -0.0136568 0.757639 3.55247e+09
-1.5 1 -0.5 -0.153101 0.0328334 0.78169 3.51695e+09
-2 1.5 -0.5 -0.166445 0.0438156 0.725549 3.63737e+09
-1 -1.5 -0.5 -0.177355 -0.0980528 0.860581 3.144e+09
-0.5 -1 -0.5 -0.141791 -0.0541895 0.902131 3.10951e+09
-1 -0.5 -0.5 -0.1579 -0.0386307 0.86026 3.24585e+09
-0.5 0 -0.5 -0.122431 0.00451852 0.887842 3.21493e+09
-1 0.5 -0.5 -0.138625 0.0196212 0.836824 3.36662e+09
-0.5 1 -0.5 -0.101702 0.0619009 0.850129 3.34977e+09
-1 1.5 -0.5 -0.116798 0.0764357 0.793979 3.49884e+09
0 -1.5 -0.5 -0.124737 -0.0711525 0.932741 3.00913e+09
0.5 -1 -0.5 -0.0868726 -0.0302645 0.962507 2.98605e+09
0 -0.5 -0.5 -0.1051 -0.01226 0.930991 3.08282e+09
0.5 0 -0.5 -0.0672406 0.0281612 0.945807 3.06954e+09
0 0.5 -0.5 -0.0850295 0.0457185 0.901996 3.19951e+09
0.5 1 -0.5 -0.0457185 0.0850295 0.901996 3.19951e+09
0 1.5 -0.5 -0.0619009 0.101702 0.850129 3.34977e+09
1 -1.5 -0.5 -0.0680527 -0.0490351 0.979196 2.93583e+09
1.5 -1 -0.5 -0.0292154 -0.00970322 0.994701 2.92564e+09
1 -0.5 -0.5 -0.048523 0.00956271 0.977781 2.97464e+09
1.5 0 -0.5 -0.00956271 0.048523 0.977781 2.97464e+09
1 0.5 -0.5 -0.0281612 0.0672406 0.945807 3.06954e+09
1.5 1 -0.5 0.01226 0.1051 0.930991 3.08282e+09
1 1.5 -0.5 -0.00451852 0.122431 0.887842 3.21493e+09
2 -1.5 -0.5 -0.00970322 -0.0292154 0.994701 2.92564e+09
2.5 -1 -0.5 0.0292154 0.00970322 0.994701 2.92564e+09
2 -0.5 -0.5 0.00970322 0.0292154 0.994701 2.92564e+09
2.5 0 -0.5 0.0490351 0.0680527 0.979196 2.93583e+09
2 0.5 -0.5 0.0302645 0.0868726 0.962507 2.98605e+09
2.5 1 -0.5 0.0711525 0.124737 0.932741 3.00913e+09
2 1.5 -0.5 0.0541895 0.141791 0.902131 3.10951e+09
-2.25 -0.75 -0.25 -0.293283 0.2582 0.744168 8.12613e+08
-2.25 0.25 -0.25 -0.345174 0.296949 0.707135 8.73654e+08
-2.25 1.25 -0.25 -0.385389 0.330943 0.661471 9.26273e+08
-1.75 -1.25 -0.25 -0.231038 0.21524 0.807168 7.66036e+08
-1.25 -0.75 -0.25 -0.22729 0.216514 0.838505 7.77251e+08
-1.75 -0.25 -0.25 -0.287932 0.260713 0.775117 8.2468e+08
-1.25 0.25 -0.25 -0.282027 0.262687 0.79806 8.30378e+08
-1.75 0.75 -0.25 -0.336251 0.301353 0.72989 8.80114e+08
-1.25 1.25 -0.25 -0.325929 0.30724 0.744153 8.82907e+08
-0.75 -1.25 -0.25 -0.162683 0.164908 0.892589 7.36909e+08
-0.25 -0.75 -0.25 -0.161316 0.163686 0.915749 7.43271e+08
-0.75 -0.25 -0.25 -0.223719 0.216745 0.861621 7.83032e+08
-0.25 0.25 -0.25 -0.220739 0.217049 0.875879 7.85386e+08
-0.75 0.75 -0.25 -0.275951 0.265534 0.812308 8.32439e+08
-0.25 1.25 -0.25 -0.270181 0.270181 0.817174 8.32935e+08
0.25 -1.25 -0.25 -0.0956492 0.103758 0.955431 7.15175e+08
0.75 -0.75 -0.25 -0.0969473 0.10134 0.969736 7.1829e+08
0.25 -0.25 -0.25 -0.16085 0.162137 0.930004 7.46094e+08
0.75 0.25 -0.25 -0.161112 0.161112 0.934846 7.46812e+08
0.25 0.75 -0.25 -0.218381 0.218381 0.880731 7.86021e+08
0.75 1.25 -0.25 -0.217049 0.220739 0.875879 7.85386e+08
1.25 -1.25 -0.25 -0.0304709 0.0363921 0.990829 7.04138e+08
1.75 -0.75 -0.25 -0.0333391 0.0333391 0.995659 7.05167e+08
1.25 -0.25 -0.25 -0.0989137 0.0989137 0.974578 7.19121e+08
1.75 0.25 -0.25 -0.10134 0.0969473 0.969736 7.1829e+08
1.25 0.75 -0.25 -0.162137 0.16085 0.930004 7.46094e+08
1.75 1.25 -0.25 -0.163686 0.161316 0.915749 7.43271e+08
2.25 -1.25 -0.25 0.0333391 -0.0333391 0.995659 7.05167e+08
2.25 -0.25 -0.25 -0.0363921 0.0304709 0.990829 7.04138e+08
2.25 0.75 -0.25 -0.103758 0.0956492 0.955431 7.15175e+08
-2.5 -1.5 0 -0.248262 -0.168205 0.72021 2.18529e+09
-2.5 -0.5 0 -0.226029 -0.105103 0.72568 2.26098e+09
-2.5 0.5 0 -0.204671 -0.0429091 0.714487 2.30041e+09
-2.5 1.5 0 -0.185598 0.0152699 0.687954 2.30324e+09
-1.5 -1.5 0 -0.20876 -0.126705 0.815299 2.12126e+09
-2 -1 0 -0.21902 -0.114978 0.772773 2.19687e+09
-1.5 -0.5 0 -0.18633 -0.0642277 0.816754 2.19457e+09
-2 0 0 -0.196971 -0.0523947 0.766448 2.26205e+09
-1.5 0.5 0 -0.164577 -0.00352466 0.796967 2.25734e+09
-2 1 0 -0.175466 0.00736908 0.742193 2.30249e+09
-1.5 1.5 0 -0.141469 0.054835 0.759258 2.3017e+09
-0.5 -1.5 0 -0.15889 -0.0930756 0.897895 2.05045e+09
-1 -1 0 -0.17333 -0.0778944 0.861859 2.11798e+09
-0.5 -0.5 0 -0.136016 -0.0315975 0.896731 2.11015e+09
-1 0 0 -0.151062 -0.0165508 0.849693 2.18697e+09
-0.5 0.5 0 -0.113124 0.0287449 0.870129 2.1801e+09
-1 1 0 -0.128332 0.042776 0.815882 2.25267e+09
-0.5 1.5 0 -0.0871866 0.0871866 0.822343 2.24981e+09
0.5 -1.5 0 -0.102069 -0.0657763 0.958614 1.99817e+09
0 -1 0 -0.119556 -0.04813 0.934261 2.0431e+09
0.5 -0.5 0 -0.0792356 -0.00455941 0.956822 2.03716e+09
0 0 0 -0.0968331 0.0127846 0.918381 2.1035e+09
0.5 0.5 0 -0.0556768 0.0556768 0.925737 2.10088e+09
0 1 0 -0.0721495 0.0721495 0.877082 2.1769e+09
0.5 1.5 0 -0.0287449 0.113124 0.870129 2.1801e+09
1.5 -1.5 0 -0.0419068 -0.0419068 0.990382 1.9784e+09
1 -1 0 -0.0608207 -0.0229261 0.981732 1.99357e+09
1.5 -0.5 0 -0.0192609 0.0192609 0.989575 1.99263e+09
1 0 0 -0.0379151 0.0379151 0.964478 2.0352e+09
1.5 0.5 0 0.00455941 0.0792356 0.956822 2.03716e+09
1 1 0 -0.0127846 0.0968331 0.918381 2.1035e+09
1.5 1.5 0 0.0315975 0.136016 0.896731 2.11015e+09
2.5 -1.5 0 0.0192609 -0.0192609 0.989575 1.99263e+09
2 -1 0 2.2041e-11 -2.8179e-11 0.998291 1.97805e+09
2.5 -0.5 0 0.0419068 0.0419068 0.990382 1.9784e+09
2 0 0 0.0229261 0.0608207 0.981732 1.99357e+09
2.5 0.5 0 0.0657763 0.102069 0.958614 1.99817e+09
2 1 0 0.04813 0.119556 0.934261 2.0431e+09
2.5 1.5 0 0.0930756 0.15889 0.897895 2.05045e+09
-2.25 -1.25 0.25 -0.275161 0.241791 0.760798 5.01378e+08
-2.25 -0.25 0.25 -0.331568 0.285527 0.727135 5.45351e+08
-2.25 0.75 0.25 -0.378691 0.323501 0.683533 5.79792e+08
-1.25 -1.25 0.25 -0.20767 0.198167 0.853864 4.96382e+08
-1.75 -0.75 0.25 -0.272394 0.245529 0.793477 5.21131e+08
-1.25 -0.25 0.25 -0.267532 0.247808 0.819045 5.33641e+08
-1.75 0.25 0.25 -0.325117 0.289212 0.752157 5.59387e+08
-1.25 0.75 0.25 -0.318086 0.293792 0.76936 5.67414e+08
-1.75 1.25 0.25 -0.3679 0.330762 0.700453 5.90441e+08
-0.25 -1.25 0.25 -0.137355 0.139735 0.928071 4.8789e+08
-0.75 -0.75 0.25 -0.204682 0.198319 0.879504 5.08312e+08
-0.25 -0.25 0.25 -0.202258 0.198216 0.89698 5.15108e+08
-0.75 0.25 0.25 -0.262716 0.249936 0.83649 5.40734e+08
-0.25 0.75 0.25 -0.257888 0.253453 0.845459 5.44067e+08
-0.75 1.25 0.25 -0.309994 0.30144 0.778322 5.70727e+08
0.75 -1.25 0.25 -0.0674401 0.0731149 0.977431 4.80946e+08
0.25 -0.75 0.25 -0.136793 0.138724 0.945657 4.94354e+08
0.75 -0.25 0.25 -0.136955 0.137677 0.954616 4.97266e+08
0.25 0.25 0.25 -0.200369 0.198949 0.905932 5.18158e+08
0.75 0.75 0.25 -0.198949 0.200369 0.905932 5.18158e+08
0.25 1.25 0.25 -0.253453 0.257888 0.845459 5.44067e+08
1.75 -1.25 0.25 0.00111368 0.00111368 0.997408 4.79398e+08
1.25 -0.75 0.25 -0.0689549 0.0708921 0.986358 4.84026e+08
1.75 -0.25 0.25 -0.0708921 0.0689549 0.986358 4.84026e+08
1.25 0.25 0.25 -0.137677 0.136955 0.954616 4.97266e+08
1.75 0.75 0.25 -0.138724 0.136793 0.945657 4.94354e+08
1.25 1.25 0.25 -0.198216 0.202258 0.89698 5.15108e+08
2.25 -0.75 0.25 -0.00111368 -0.00111368 0.997408 4.79398e+08
2.25 0.25 0.25 -0.0731149 0.0674401 0.977431 4.80946e+08
2.25 1.25 0.25 -0.139735 0.137355 0.928071 4.8789e+08
-2.5 -1 0.5 -0.241282 -0.15354 0.724407 1.35828e+09
-2.5 0 0.5 -0.214859 -0.0858738 0.72233 1.38776e+09
-2.5 1 0.5 -0.188308 -0.0237756 0.704053 1.38431e+09
-2 -1.5 0.5 -0.235955 -0.162902 0.766985 1.33948e+09
-1.5 -1 0.5 -0.202149 -0.108483 0.817227 1.36124e+09
-2 -0.5 0.5 -0.210542 -0.0966101 0.771109 1.38651e+09
-1.5 0 0.5 -0.176001 -0.0437538 0.808378 1.40221e+09
-2 0.5 0.5 -0.184329 -0.0322755 0.756148 1.41056e+09
-1.5 1 0.5 -0.151458 0.0168081 0.779232 1.42162e+09
-2 1.5 0.5 -0.160992 0.0249701 0.723926 1.40107e+09
-1 -1.5 0.5 -0.192102 -0.121271 0.856727 1.3291e+09
-0.5 -1 0.5 -0.152041 -0.0716178 0.899053 1.33782e+09
-1 -0.5 0.5 -0.165207 -0.057087 0.857234 1.37291e+09
-0.5 0 0.5 -0.125934 -0.00855152 0.884922 1.37705e+09
-1 0.5 0.5 -0.139153 0.0054587 0.834028 1.40854e+09
-0.5 1 0.5 -0.0980792 0.0526163 0.847321 1.40775e+09
-1 1.5 0.5 -0.111261 0.0646377 0.791393 1.42298e+09
0 -1.5 0.5 -0.137248 -0.0874849 0.929844 1.3077e+09
0.5 -1 0.5 -0.0940312 -0.040792 0.960243 1.30991e+09
0 -0.5 0.5 -0.110475 -0.0240109 0.928358 1.34016e+09
0.5 0 0.5 -0.0672766 0.022267 0.943403 1.33938e+09
0 0.5 0.5 -0.0835645 0.0382676 0.899208 1.37631e+09
0.5 1 0.5 -0.0382676 0.0835645 0.899208 1.37631e+09
0 1.5 0.5 -0.0526163 0.0980792 0.847321 1.40775e+09
1 -1.5 0.5 -0.0767288 -0.0586445 0.97723 1.29175e+09
1.5 -1 0.5 -0.0319889 -0.0132812 0.993123 1.29292e+09
1 -0.5 0.5 -0.0501353 0.00505098 0.975831 1.31017e+09
1.5 0 0.5 -0.00505098 0.0501353 0.975831 1.31017e+09
1 0.5 0.5 -0.022267 0.0672766 0.943403 1.33938e+09
1.5 1 0.5 0.0240109 0.110475 0.928358 1.34016e+09
1 1.5 0.5 0.00855152 0.125934 0.884922 1.37705e+09
2 -1.5 0.5 -0.0132812 -0.0319889 0.993123 1.29292e+09
2.5 -1 0.5 0.0319889 0.0132812 0.993123 1.29292e+09
2 -0.5 0.5 0.0132812 0.0319889 0.993123 1.29292e+09
2.5 0 0.5 0.0586445 0.0767288 0.97723 1.29175e+09
2 0.5 0.5 0.040792 0.0940312 0.960243 1.30991e+09
2.5 1 0.5 0.0874849 0.137248 0.929844 1.3077e+09
2 1.5 0.5 0.0716178 0.152041 0.899053 1.33782e+09
-2.25 -0.75 0.75 -0.314482 0.265932 0.747905 3.23338e+08
-2.25 0.25 0.75 -0.363045 0.308146 0.707987 3.48543e+08
-2.25 1.25 0.75 -0.40476 0.346366 0.659784 3.63372e+08
-1.75 -1.25 0.75 -0.252196 0.225476 0.811814 3.12531e+08
-1.25 -0.75 0.75 -0.248516 0.22759 0.839261 3.28066e+08
-1.75 -0.25 0.75 -0.309484 0.271789 0.77501 3.40221e+08
-1.25 0.25 0.75 -0.303409 0.276215 0.794718 3.50964e+08
-1.75 0.75 0.75 -0.356193 0.313669 0.726725 3.60943e+08
-1.25 1.25 0.75 -0.348424 0.324796 0.738456 3.68132e+08
-0.75 -1.25 0.75 -0.181953 0.171703 0.894741 3.16381e+08
-0.25 -0.75 0.75 -0.179476 0.173011 0.915109 3.25317e+08
-0.75 -0.25 0.75 -0.244453 0.229274 0.859222 3.3795e+08
-0.25 0.25 0.75 -0.240606 0.232473 0.871472 3.43658e+08
-0.75 0.75 0.75 -0.296581 0.282395 0.806841 3.57601e+08
-0.25 1.25 0.75 -0.289647 0.289647 0.810966 3.5963e+08
0.25 -1.25 0.75 -0.108987 0.109318 0.956782 3.15362e+08
0.75 -0.75 0.75 -0.108328 0.108619 0.969129 3.20426e+08
0.25 -0.25 0.75 -0.177447 0.174351 0.927515 3.30404e+08
0.75 0.25 0.75 -0.175743 0.175743 0.931684 3.32286e+08
0.25 0.75 0.75 -0.23662 0.23662 0.875638 3.45612e+08
0.75 1.25 0.75 -0.232473 0.240606 0.871472 3.43658e+08
1.25 -1.25 0.75 -0.0359949 0.0375282 0.991415 3.14539e+08
1.75 -0.75 0.75 -0.0367118 0.0367118 0.995653 3.16186e+08
1.25 -0.25 0.75 -0.108276 0.108276 0.973297 3.22226e+08
1.75 0.25 0.75 -0.108619 0.108328 0.969129 3.20426e+08
1.25 0.75 0.75 -0.174351 0.177447 0.927515 3.30404e+08
1.75 1.25 0.75 -0.173011 0.179476 0.915109 3.25317e+08
2.25 -1.25 0.75 0.0367118 -0.0367118 0.995653 3.16186e+08
2.25 -0.25 0.75 -0.0375282 0.0359949 0.991415 3.14539e+08
2.25 0.75 0.75 -0.109318 0.108987 0.956782 3.15362e+08
-2.5 -1.5 1 -0.256513 -0.209582 0.718183 7.75695e+08
-2.5 -0.5 1 -0.228736 -0.138297 0.725557 8.00817e+08
-2.5 0.5 1 -0.192928 -0.0681551 0.717013 8.01949e+08
-2.5 1.5 1 -0.169177 -0.0163898 0.690157 7.69469e+08
-1.5 -1.5 1 -0.222089 -0.158009 0.810466 8.07488e+08
-2 -1 1 -0.225831 -0.148511 0.770104 8.10741e+08
-1.5 -0.5 1 -0.190077 -0.0907461 0.814098 8.36105e+08
-2 0 1 -0.193635 -0.0784856 0.766079 8.31179e+08
-1.5 0.5 1 -0.158599 -0.0253133 0.795638 8.5029e+08
-2 1 1 -0.165282 -0.0166534 0.742422 8.26455e+08
-1.5 1.5 1 -0.129154 0.0328498 0.758663 8.33077e+08
-0.5 -1.5 1 -0.171674 -0.115894 0.893315 8.16001e+08
-1 -1 1 -0.182014 -0.1026 0.857969 8.28441e+08
-0.5 -0.5 1 -0.139904 -0.050375 0.893309 8.39523e+08
-1 0 1 -0.151796 -0.0374425 0.846792 8.51527e+08
-0.5 0.5 1 -0.109969 0.013348 0.867115 8.56327e+08
-1 1 1 -0.120433 0.0250649 0.813936 8.55707e+08
-0.5 1.5 1 -0.0745012 0.0745012 0.820436 8.56063e+08
0.5 -1.5 1 -0.113305 -0.0805729 0.954864 8.12357e+08
0 -1 1 -0.127152 -0.0647168 0.930541 8.25287e+08
0.5 -0.5 1 -0.081908 -0.014983 0.953516 8.28803e+08
0 0 1 -0.0959379 -9.43192e-05 0.915137 8.42686e+08
0.5 0.5 1 -0.0489455 0.0489455 0.922635 8.42737e+08
0 1 1 -0.0630091 0.0630091 0.874185 8.56396e+08
0.5 1.5 1 -0.013348 0.109969 0.867115 8.56327e+08
1.5 -1.5 1 -0.0490915 -0.0490915 0.98745 8.09682e+08
1 -1 1 -0.0662755 -0.0316299 0.978637 8.15914e+08
1.5 -0.5 1 -0.0174214 0.0174214 0.986745 8.1531e+08
1 0 1 -0.0340402 0.0340402 0.961382 8.29021e+08
1.5 0.5 1 0.014983 0.081908 0.953516 8.28803e+08
1 1 1 9.43192e-05 0.0959379 0.915137 8.42686e+08
1.5 1.5 1 0.050375 0.139904 0.893309 8.39523e+08
2.5 -1.5 1 0.0174214 -0.0174214 0.986745 8.1531e+08
2 -1 1 1.2638e-11 6.444e-11 0.995627 8.08464e+08
2.5 -0.5 1 0.0490915 0.0490915 0.98745 8.09682e+08
2 0 1 0.0316299 0.0662755 0.978637 8.15914e+08
2.5 0.5 1 0.0805729 0.113305 0.954864 8.12357e+08
2 1 1 0.0647168 0.127152 0.930541 8.25287e+08
2.5 1.5 1 0.115894 0.171674 0.893315 8.16001e+08
-2.25 -1.25 1.25 -0.292177 0.244163 0.768793 1.79838e+08
-2.25 -0.25 1.25 -0.346657 0.28783 0.732506 1.98251e+08
-2.25 0.75 1.25 -0.386441 0.323845 0.687807 2.09386e+08
-1.25 -1.25 1.25 -0.226091 0.195974 0.856386 1.92251e+08
-1.75 -0.75 1.25 -0.28948 0.249193 0.797206 1.96283e+08
-1.25 -0.25 1.25 -0.284607 0.252633 0.818848 2.07595e+08
-1.75 0.25 1.25 -0.340087 0.294757 0.75344 2.10614e+08
-1.25 0.75 1.25 -0.33143 0.303445 0.767663 2.19597e+08
-1.75 1.25 1.25 -0.381455 0.339482 0.700668 2.18439e+08
-0.25 -1.25 1.25 -0.15336 0.142357 0.92923 1.96605e+08
-0.75 -0.75 1.25 -0.22239 0.200889 0.879265 2.02243e+08
-0.25 -0.25 1.25 -0.218884 0.205818 0.894573 2.08672e+08
-0.75 0.25 1.25 -0.279781 0.258567 0.833475 2.15033e+08
-0.25 0.75 1.25 -0.27375 0.266666 0.84101 2.18954e+08
-0.75 1.25 1.25 -0.322686 0.313513 0.774838 2.23832e+08
0.75 -1.25 1.25 -0.0780519 0.0734651 0.977379 1.98241e+08
0.25 -0.75 1.25 -0.150478 0.143601 0.944515 2.02977e+08
0.75 -0.25 1.25 -0.147903 0.145337 0.952209 2.06418e+08
0.25 0.25 1.25 -0.214375 0.210063 0.902271 2.12374e+08
0.75 0.75 1.25 -0.210063 0.214375 0.902271 2.12374e+08
0.25 1.25 1.25 -0.266666 0.27375 0.84101 2.18954e+08
1.75 -1.25 1.25 -0.000391693 -0.000391693 0.997027 1.9918e+08
1.25 -0.75 1.25 -0.0764694 0.0750091 0.985306 2.01355e+08
1.75 -0.25 1.25 -0.0750091 0.0764694 0.985306 2.01355e+08
1.25 0.25 1.25 -0.145337 0.147903 0.952209 2.06418e+08
1.75 0.75 1.25 -0.143601 0.150478 0.944515 2.02977e+08
1.25 1.25 1.25 -0.205818 0.218884 0.894573 2.08672e+08
2.25 -0.75 1.25 0.000391693 0.000391693 0.997027 1.9918e+08
2.25 0.25 1.25 -0.0734651 0.0780519 0.977379 1.98241e+08
2.25 1.25 1.25 -0.142357 0.15336 0.92923 1.96605e+08
-2.5 -1 1.5 -0.241677 -0.203385 0.721778 4.35077e+08
-2.5 0 1.5 -0.199559 -0.12718 0.724369 4.40801e+08
-2.5 1 1.5 -0.163951 -0.0647006 0.707296 4.27211e+08
-2 -1.5 1.5 -0.246745 -0.206913 0.759947 4.49733e+08
-1.5 -1 1.5 -0.207448 -0.14475 0.811773 4.75973e+08
-2 -0.5 1.5 -0.208806 -0.136962 0.768219 4.6453e+08
-1.5 0 1.5 -0.170924 -0.0777176 0.805175 4.86472e+08
-2 0.5 1.5 -0.163527 -0.0680124 0.756982 4.65118e+08
-1.5 1 1.5 -0.132276 -0.0141199 0.778295 4.76829e+08
-2 1.5 1.5 -0.132196 -0.0129987 0.725427 4.38228e+08
-1 -1.5 1.5 -0.20271 -0.154451 0.849248 4.77951e+08
-0.5 -1 1.5 -0.157045 -0.0976377 0.892911 4.91524e+08
-1 -0.5 1.5 -0.164167 -0.086955 0.852572 4.9233e+08
-0.5 0 1.5 -0.120347 -0.0319204 0.880297 4.99948e+08
-1 0.5 1.5 -0.131482 -0.022172 0.830348 4.97635e+08
-0.5 1 1.5 -0.0845895 0.0326525 0.843685 5.01035e+08
-1 1.5 1.5 -0.0889539 0.0403271 0.790074 4.81502e+08
0 -1.5 1.5 -0.149886 -0.109865 0.92274 4.87116e+08
0.5 -1 1.5 -0.101834 -0.0567954 0.954189 4.94487e+08
0 -0.5 1.5 -0.11226 -0.0431681 0.922664 4.99173e+08
0.5 0 1.5 -0.0627857 0.01019 0.938253 5.01951e+08
0 0.5 1.5 -0.0732119 0.0217218 0.89476 5.02575e+08
0.5 1 1.5 -0.0217218 0.0732119 0.89476 5.02575e+08
0 1.5 1.5 -0.0326525 0.0845895 0.843685 5.01035e+08
1 -1.5 1.5 -0.0874827 -0.0721328 0.971322 4.88982e+08
1.5 -1 1.5 -0.0343855 -0.0192856 0.987939 4.87747e+08
1 -0.5 1.5 -0.0495893 -0.0039657 0.970527 4.95297e+08
1.5 0 1.5 0.0039657 0.0495893 0.970527 4.95297e+08
1 0.5 1.5 -0.01019 0.0627857 0.938253 5.01951e+08
1.5 1 1.5 0.0431681 0.11226 0.922664 4.99173e+08
1 1.5 1.5 0.0319204 0.120347 0.880297 4.99948e+08
2 -1.5 1.5 -0.0192856 -0.0343855 0.987939 4.87747e+08
2.5 -1 1.5 0.0343855 0.0192856 0.987939 4.87747e+08
2 -0.5 1.5 0.0192856 0.0343855 0.987939 4.87747e+08
2.5 0 1.5 0.0721328 0.0874827 0.971322 4.88982e+08
2 0.5 1.5 0.0567954 0.101834 0.954189 4.94487e+08
2.5 1 1.5 0.109865 0.149886 0.92274 4.87116e+08
2 1.5 1.5 0.0976377 0.157045 0.892911 4.91524e+08
