449
-2.5 -1 -1.5 -0.452945 -0.642293 -0.0228238 3.84971e+09
-2.5 0 -1.5 -0.416123 -0.63097 0.0263058 3.55431e+09
-2.5 1 -1.5 -0.37167 -0.615011 0.0602621 3.12608e+09
-2 -1.5 -1.5 -0.461438 -0.665743 -0.0367161 5.76375e+09
-1.5 -1 -1.5 -0.434225 -0.685105 0.0125751 8.26331e+09
-2 -0.5 -1.5 -0.425715 -0.658331 0.0225961 5.45865e+09
-1.5 0 -1.5 -0.39293 -0.673318 0.0664929 7.55824e+09
-2 0.5 -1.5 -0.383282 -0.643267 0.0662094 4.87808e+09
-1.5 1 -1.5 -0.345143 -0.653254 0.104343 6.50563e+09
-2 1.5 -1.5 -0.333428 -0.622887 0.0944786 4.14306e+09
-1 -1.5 -1.5 -0.443404 -0.708085 -0.00407515 1.22127e+10
-0.5 -1 -1.5 -0.409651 -0.729848 0.0482825 1.73455e+10
-1 -0.5 -1.5 -0.401141 -0.70325 0.0606434 1.1576e+10
-0.5 0 -1.5 -0.362357 -0.718715 0.107416 1.57575e+10
-1 0.5 -1.5 -0.354674 -0.685829 0.108808 1.01706e+10
-0.5 1 -1.5 -0.311852 -0.693846 0.14979 1.32159e+10
-1 1.5 -1.5 -0.302453 -0.658948 0.140968 8.38516e+09
0 -1.5 -1.5 -0.422023 -0.748685 0.0290102 2.49857e+10
0.5 -1 -1.5 -0.380992 -0.771247 0.0851342 3.49389e+10
0 -0.5 -1.5 -0.369859 -0.748668 0.0997229 2.39311e+10
0.5 0 -1.5 -0.325298 -0.762439 0.150397 3.18127e+10
0 0.5 -1.5 -0.318954 -0.72945 0.153104 2.06918e+10
0.5 1 -1.5 -0.273199 -0.733012 0.198143 2.59939e+10
0 1.5 -1.5 -0.266432 -0.694911 0.189946 1.64622e+10
1 -1.5 -1.5 -0.401376 -0.781518 0.063052 4.77611e+10
1.5 -1 -1.5 -0.354332 -0.802134 0.123441 6.46596e+10
1 -0.5 -1.5 -0.33494 -0.788321 0.140848 4.69971e+10
1.5 0 -1.5 -0.286812 -0.797442 0.196289 6.0168e+10
1 0.5 -1.5 -0.278558 -0.768733 0.200621 4.03679e+10
1.5 1 -1.5 -0.233425 -0.765414 0.250573 4.84738e+10
1 1.5 -1.5 -0.228494 -0.727081 0.24293 3.09968e+10
2 -1.5 -1.5 -0.388643 -0.800789 0.0983949 8.08398e+10
2.5 -1 -1.5 -0.340574 -0.815758 0.162432 1.02399e+11
2 -0.5 -1.5 -0.305563 -0.81398 0.183577 8.28575e+10
2.5 0 -1.5 -0.259774 -0.81514 0.242759 9.93149e+10
2 0.5 -1.5 -0.240774 -0.796641 0.251308 7.2609e+10
2.5 1 -1.5 -0.20163 -0.785139 0.305061 8.19969e+10
2 1.5 -1.5 -0.194421 -0.751274 0.299931 5.47292e+10
-2.25 -0.75 -1.25 0.150735 -0.715422 -0.0511099 1.27665e+09
-2.25 0.25 -1.25 0.207648 -0.738981 -0.00876216 1.32478e+09
-2.25 1.25 -1.25 0.257106 -0.757108 0.014622 1.31458e+09
-1.75 -1.25 -1.25 0.119332 -0.716168 -0.056813 1.78381e+09
-1.25 -0.75 -1.25 0.153645 -0.743871 -0.00217091 2.67747e+09
-1.75 -0.25 -1.25 0.183204 -0.740796 -0.00209991 1.90236e+09
-1.25 0.25 -1.25 0.216888 -0.762229 0.0442987 2.79438e+09
-1.75 0.75 -1.25 0.23909 -0.758894 0.0319949 1.93049e+09
-1.25 1.25 -1.25 0.271969 -0.77338 0.0699028 2.75167e+09
-0.75 -1.25 -1.25 0.118422 -0.747069 -0.00999892 3.66195e+09
-0.25 -0.75 -1.25 0.156781 -0.772808 0.0490654 5.4696e+09
-0.75 -0.25 -1.25 0.189684 -0.767111 0.0503861 3.96642e+09
-0.25 0.25 -1.25 0.227666 -0.783508 0.100669 5.75826e+09
-0.75 0.75 -1.25 0.252216 -0.777578 0.0880773 4.01944e+09
-0.25 1.25 -1.25 0.289569 -0.784699 0.129899 5.60375e+09
0.25 -1.25 -1.25 0.117877 -0.777164 0.0395183 7.22132e+09
0.75 -0.75 -1.25 0.161309 -0.798003 0.104006 1.06411e+10
0.25 -0.25 -1.25 0.197494 -0.790846 0.106341 8.00853e+09
0.75 0.25 -1.25 0.240362 -0.798522 0.162094 1.13565e+10
0.25 0.75 -1.25 0.267716 -0.790681 0.14917 8.10136e+09
0.75 1.25 -1.25 0.309667 -0.786542 0.197109 1.0888e+10
1.25 -1.25 -1.25 0.119606 -0.801494 0.0937198 1.32264e+10
1.75 -0.75 -1.25 0.168219 -0.813872 0.164536 1.88167e+10
1.25 -0.25 -1.25 0.207018 -0.807244 0.167325 1.51637e+10
1.75 0.25 -1.25 0.253972 -0.802232 0.230255 2.05156e+10
1.25 0.75 -1.25 0.284848 -0.793493 0.217361 1.5347e+10
1.75 1.25 -1.25 0.329554 -0.774474 0.273379 1.94569e+10
2.25 -1.25 -1.25 0.126392 -0.815898 0.156921 2.14704e+10
2.25 -0.25 -1.25 0.217439 -0.810317 0.234969 2.52407e+10
2.25 0.75 -1.25 0.300369 -0.78157 0.293744 2.58809e+10
-2.5 -1.5 -1 -0.556526 -0.596952 -0.0965499 7.13413e+09
-2.5 -0.5 -1 -0.533491 -0.58089 -0.0343162 6.77876e+09
-2.5 0.5 -1 -0.501082 -0.558963 0.0121726 6.11946e+09
-2.5 1.5 -1 -0.459103 -0.533704 0.0429206 5.27723e+09
-1.5 -1.5 -1 -0.541052 -0.642658 -0.0652429 1.54531e+10
-2 -1 -1 -0.538111 -0.613081 -0.0461482 1.03334e+10
-1.5 -0.5 -1 -0.514306 -0.62932 0.00306669 1.46698e+10
-2 0 -1 -0.509103 -0.593791 0.0110455 9.52094e+09
-1.5 0.5 -1 -0.479278 -0.606174 0.0546717 1.30467e+10
-2 1 -1 -0.470623 -0.568606 0.0518311 8.31645e+09
-1.5 1.5 -1 -0.435088 -0.576492 0.0895918 1.09728e+10
-0.5 -1.5 -1 -0.520959 -0.689971 -0.0346917 3.27754e+10
-1 -1 -1 -0.517463 -0.662792 -0.0121168 2.22435e+10
-0.5 -0.5 -1 -0.487881 -0.68225 0.0400177 3.12862e+10
-1 0 -1 -0.484834 -0.644987 0.0508617 2.03356e+10
-0.5 0.5 -1 -0.44996 -0.65883 0.0972366 2.73778e+10
-1 1 -1 -0.444235 -0.616784 0.0965925 1.73623e+10
-0.5 1.5 -1 -0.405 -0.623734 0.137144 2.23025e+10
0.5 -1.5 -1 -0.49844 -0.733735 -0.00397062 6.6943e+10
0 -1 -1 -0.49083 -0.713638 0.0218414 4.6871e+10
0.5 -0.5 -1 -0.454539 -0.735153 0.077831 6.51026e+10
0 0 -1 -0.452599 -0.699768 0.0911185 4.27387e+10
0.5 0.5 -1 -0.412865 -0.713478 0.141404 5.62616e+10
0 1 -1 -0.410822 -0.668971 0.142477 3.55486e+10
0.5 1.5 -1 -0.369633 -0.673093 0.1871 4.41694e+10
1.5 -1.5 -1 -0.478744 -0.767462 0.027765 1.27002e+11
1 -1 -1 -0.460999 -0.759493 0.0568193 9.44926e+10
1.5 -0.5 -1 -0.41824 -0.780771 0.117664 1.28263e+11
1 0 -1 -0.413424 -0.752612 0.133406 8.70681e+10
1.5 0.5 -1 -0.370092 -0.763793 0.188835 1.11024e+11
1 1 -1 -0.371093 -0.721128 0.191283 7.07454e+10
1.5 1.5 -1 -0.330648 -0.720673 0.241081 8.43059e+10
2.5 -1.5 -1 -0.468921 -0.786417 0.061954 2.12922e+11
2 -1 -1 -0.43536 -0.792494 0.0933923 1.7372e+11
2.5 -0.5 -1 -0.389746 -0.809689 0.159328 2.24581e+11
2 0 -1 -0.372978 -0.795274 0.17864 1.65574e+11
2.5 0.5 -1 -0.328935 -0.801249 0.239523 2.01348e+11
2 1 -1 -0.328099 -0.766833 0.244203 1.33823e+11
2.5 1.5 -1 -0.291412 -0.760816 0.299097 1.51519e+11
-2.25 -1.25 -0.75 -0.0767986 -0.679762 -0.146531 2.7299e+09
-2.25 -0.25 -0.75 -0.00599202 -0.701341 -0.092452 2.86143e+09
-2.25 0.75 -0.75 0.0624627 -0.719413 -0.058485 2.88517e+09
-1.25 -1.25 -0.75 -0.081759 -0.721065 -0.102575 5.79071e+09
-1.75 -0.75 -0.75 -0.0423739 -0.710952 -0.0933094 4.11121e+09
-1.25 -0.25 -0.75 -0.00492552 -0.74046 -0.0420725 6.12708e+09
-1.75 0.25 -0.75 0.0307973 -0.729018 -0.0468326 4.23315e+09
-1.25 0.75 -0.75 0.06992 -0.753368 -0.00401133 6.16088e+09
-1.75 1.25 -0.75 0.0998915 -0.742342 -0.0211679 4.16564e+09
-0.25 -1.25 -0.75 -0.0865537 -0.764011 -0.0577276 1.20116e+10
-0.75 -0.75 -0.75 -0.0443024 -0.752865 -0.0453898 8.70343e+09
-0.25 -0.25 -0.75 -0.00313874 -0.780602 0.0102555 1.29046e+10
-0.75 0.25 -0.75 0.0354983 -0.766325 0.00690869 8.99767e+09
-0.25 0.75 -0.75 0.0786581 -0.786279 0.0538609 1.29163e+10
-0.75 1.25 -0.75 0.111324 -0.772285 0.0364203 8.75526e+09
0.75 -1.25 -0.75 -0.0901455 -0.804041 -0.0100606 2.39369e+10
0.25 -0.75 -0.75 -0.0452708 -0.794344 0.00480013 1.79832e+10
0.75 -0.25 -0.75 -4.69891e-05 -0.817479 0.0664795 2.6348e+10
0.25 0.25 -0.75 0.0413303 -0.801836 0.0643776 1.87184e+10
0.75 0.75 -0.75 0.0883435 -0.814084 0.117702 2.62227e+10
0.25 1.25 -0.75 0.124096 -0.798003 0.0997172 1.79098e+10
1.75 -1.25 -0.75 -0.0917657 -0.835438 0.0431869 4.41917e+10
1.25 -0.75 -0.75 -0.0446165 -0.83016 0.0592134 3.53629e+10
1.75 -0.25 -0.75 0.00403274 -0.845452 0.128656 5.03466e+10
1.25 0.25 -0.75 0.0480209 -0.830753 0.127775 3.72587e+10
1.75 0.75 -0.75 0.0973918 -0.831807 0.189876 4.99585e+10
1.25 1.25 -0.75 0.136789 -0.815172 0.171626 3.49222e+10
2.25 -0.75 -0.75 -0.0426624 -0.85391 0.120674 6.29274e+10
2.25 0.25 -0.75 0.0537406 -0.847314 0.19918 6.76875e+10
2.25 1.25 -0.75 0.145664 -0.819618 0.253824 6.25595e+10
-2.5 -1 -0.5 -0.197278 -0.606409 -0.0582921 7.97166e+09
-2.5 0 -0.5 -0.13182 -0.618293 -0.0121097 8.12111e+09
-2.5 1 -0.5 -0.0660942 -0.628997 0.0170935 7.92336e+09
-2 -1.5 -0.5 -0.233913 -0.620727 -0.0706526 1.14271e+10
-1.5 -1 -0.5 -0.204735 -0.649583 -0.0210571 1.72674e+10
-2 -0.5 -0.5 -0.166967 -0.633253 -0.0128876 1.19379e+10
-1.5 0 -0.5 -0.13335 -0.659695 0.0306341 1.76006e+10
-2 0.5 -0.5 -0.0980431 -0.643146 0.0269703 1.18744e+10
-1.5 1 -0.5 -0.0611443 -0.66604 0.0640053 1.69933e+10
-2 1.5 -0.5 -0.0298881 -0.650534 0.0497318 1.12524e+10
-1 -1.5 -0.5 -0.244575 -0.665257 -0.037365 2.44183e+10
-0.5 -1 -0.5 -0.212706 -0.696242 0.0154267 3.68505e+10
-1 -0.5 -0.5 -0.171775 -0.678008 0.02708 2.57304e+10
-0.5 0 -0.5 -0.134816 -0.704288 0.0738549 3.76197e+10
-1 0.5 -0.5 -0.0961887 -0.684121 0.0723998 2.54342e+10
-0.5 1 -0.5 -0.0556717 -0.704383 0.112943 3.57609e+10
-1 1.5 -0.5 -0.0212227 -0.684958 0.0995621 2.36467e+10
0 -1.5 -0.5 -0.255684 -0.710902 -0.00492866 5.10781e+10
0.5 -1 -0.5 -0.220226 -0.742663 0.05209 7.68245e+10
0 -0.5 -0.5 -0.176366 -0.7249 0.067358 5.4613e+10
0.5 0 -0.5 -0.135923 -0.748859 0.118839 7.87869e+10
0 0.5 -0.5 -0.0941396 -0.726165 0.119749 5.35338e+10
0.5 1 -0.5 -0.0506995 -0.741059 0.16563 7.33194e+10
0 1.5 -0.5 -0.0125603 -0.718019 0.153206 4.84271e+10
1 -1.5 -0.5 -0.266713 -0.752753 0.0277081 1.02767e+11
1.5 -1 -0.5 -0.227257 -0.783079 0.0901182 1.52558e+11
1 -0.5 -0.5 -0.180238 -0.769387 0.109176 1.12478e+11
1.5 0 -0.5 -0.137167 -0.788296 0.166931 1.58143e+11
1 0.5 -0.5 -0.0925606 -0.765445 0.170627 1.09288e+11
1.5 1 -0.5 -0.0483298 -0.772152 0.22362 1.43716e+11
1 1.5 -0.5 -0.00619514 -0.746538 0.212545 9.54278e+10
2 -1.5 -0.5 -0.278369 -0.785324 0.0622171 1.92449e+11
2.5 -1 -0.5 -0.236033 -0.811017 0.130945 2.75397e+11
2 -0.5 -0.5 -0.184566 -0.805042 0.15359 2.17044e+11
2.5 0 -0.5 -0.141667 -0.815931 0.218471 2.90613e+11
2 0.5 -0.5 -0.0934903 -0.796813 0.226029 2.10162e+11
2.5 1 -0.5 -0.052442 -0.79374 0.28645 2.60614e+11
2 1.5 -0.5 -0.00604616 -0.767641 0.278189 1.77064e+11
-2.25 -0.75 -0.25 -0.33381 -0.64347 -0.112255 2.8809e+09
-2.25 0.25 -0.25 -0.262318 -0.648394 -0.0688494 2.86611e+09
-2.25 1.25 -0.25 -0.184655 -0.652875 -0.0457383 2.745e+09
-1.75 -1.25 -0.25 -0.366225 -0.661162 -0.121264 4.16783e+09
-1.25 -0.75 -0.25 -0.332352 -0.68657 -0.0680237 6.17665e+09
-1.75 -0.25 -0.25 -0.297341 -0.666913 -0.0642416 4.23532e+09
-1.25 0.25 -0.25 -0.255001 -0.690242 -0.0187517 6.13481e+09
-1.75 0.75 -0.25 -0.218846 -0.670353 -0.0289161 4.12101e+09
-1.25 1.25 -0.25 -0.170479 -0.690741 0.00799164 5.80081e+09
-0.75 -1.25 -0.25 -0.36626 -0.704767 -0.0811604 8.824e+09
-0.25 -0.75 -0.25 -0.328441 -0.732128 -0.023649 1.30369e+10
-0.75 -0.25 -0.25 -0.29197 -0.71161 -0.0165763 9.0287e+09
-0.25 0.25 -0.25 -0.245168 -0.734732 0.0328254 1.29458e+10
-0.75 0.75 -0.25 -0.206986 -0.711892 0.024121 8.70965e+09
-0.25 1.25 -0.25 -0.154207 -0.729676 0.0648641 1.20166e+10
0.25 -1.25 -0.25 -0.364046 -0.747619 -0.0408621 1.82045e+10
0.75 -0.75 -0.25 -0.32139 -0.775458 0.0220387 2.67082e+10
0.25 -0.25 -0.25 -0.283552 -0.757215 0.0325653 1.89034e+10
0.75 0.25 -0.25 -0.232495 -0.777863 0.0875341 2.66471e+10
0.25 0.75 -0.25 -0.192883 -0.753762 0.0804597 1.80447e+10
0.75 1.25 -0.25 -0.136939 -0.766043 0.127306 2.4149e+10
1.25 -1.25 -0.25 -0.360055 -0.783892 0.000730601 3.56717e+10
1.75 -0.75 -0.25 -0.312139 -0.810091 0.0699806 5.13476e+10
1.25 -0.25 -0.25 -0.271932 -0.79841 0.0843653 3.80855e+10
1.75 0.25 -0.25 -0.217782 -0.813774 0.146515 5.2028e+10
1.25 0.75 -0.25 -0.177249 -0.7914 0.141973 3.60331e+10
1.75 1.25 -0.25 -0.120713 -0.795293 0.197111 4.60725e+10
2.25 -1.25 -0.25 -0.356087 -0.807552 0.0456102 6.3524e+10
2.25 -0.25 -0.25 -0.25902 -0.8281 0.139491 7.06518e+10
2.25 0.75 -0.25 -0.162099 -0.818948 0.209425 6.70025e+10
-2.5 -1.5 0 0.178514 -0.681062 -0.111321 5.41016e+09
-2.5 -0.5 0 0.21845 -0.71951 -0.065817 6.26978e+09
-2.5 0.5 0 0.250297 -0.749798 -0.0348864 6.89666e+09
-2.5 1.5 0 0.277786 -0.771475 -0.0179225 7.17255e+09
-1.5 -1.5 0 0.145081 -0.721016 -0.0709679 1.15315e+10
-2 -1 0 0.185318 -0.720318 -0.0651285 8.6175e+09
-1.5 -0.5 0 0.190472 -0.756522 -0.0203563 1.35952e+10
-2 0 0 0.223593 -0.752847 -0.0248961 9.7842e+09
-1.5 0.5 0 0.229359 -0.781479 0.0144455 1.50168e+10
-2 1 0 0.256272 -0.77605 0.000418926 1.04626e+10
-1.5 1.5 0 0.265188 -0.796435 0.034348 1.54678e+10
-0.5 -1.5 0 0.102493 -0.763492 -0.0314322 2.41665e+10
-1 -1 0 0.150159 -0.760423 -0.0222247 1.84201e+10
-0.5 -0.5 0 0.155441 -0.794575 0.0258289 2.90761e+10
-1 0 0 0.196025 -0.787759 0.0232569 2.11467e+10
-0.5 0.5 0 0.204335 -0.812118 0.0662769 3.21638e+10
-1 1 0 0.237979 -0.803764 0.052777 2.2501e+10
-0.5 1.5 0 0.25148 -0.818219 0.0910046 3.25616e+10
0.5 -1.5 0 0.0523729 -0.805209 0.0082964 4.95375e+10
0 -1 0 0.10735 -0.801003 0.0211142 3.87466e+10
0.5 -0.5 0 0.114845 -0.830445 0.0740404 6.09201e+10
0 0 0 0.163396 -0.821276 0.0737532 4.49454e+10
0.5 0.5 0 0.176284 -0.838703 0.122401 6.71349e+10
0 1 0 0.217564 -0.827947 0.109586 4.72631e+10
0.5 1.5 0 0.237137 -0.833918 0.154281 6.61189e+10
1.5 -1.5 0 -0.00210909 -0.841406 0.0497773 9.77416e+10
1 -1 0 0.0592428 -0.837966 0.0661417 7.9234e+10
1.5 -0.5 0 0.0711364 -0.859835 0.125664 1.22429e+11
1 0 0 0.127293 -0.849831 0.128154 9.25568e+10
1.5 0.5 0 0.146216 -0.857648 0.184397 1.33369e+11
1 1 0 0.195613 -0.845424 0.172806 9.53094e+10
1.5 1.5 0 0.22124 -0.840613 0.2258 1.26596e+11
2.5 -1.5 0 -0.0575393 -0.867204 0.0951841 1.8054e+11
2 -1 0 0.00920438 -0.866395 0.11446 1.534e+11
2.5 -0.5 0 0.0269947 -0.877923 0.181908 2.26682e+11
2 0 0 0.0895025 -0.869251 0.187655 1.78901e+11
2.5 0.5 0 0.114066 -0.86523 0.252613 2.4208e+11
2 1 0 0.171424 -0.853002 0.243455 1.79007e+11
2.5 1.5 0 0.199987 -0.836384 0.304768 2.2127e+11
-2.25 -1.25 0.25 -0.531193 -0.609263 -0.0777991 1.33437e+09
-2.25 -0.25 0.25 -0.475799 -0.605002 -0.0233801 1.34267e+09
-2.25 0.75 0.25 -0.407492 -0.600296 0.010506 1.29457e+09
-1.25 -1.25 0.25 -0.533937 -0.640834 -0.0420984 2.82936e+09
-1.75 -0.75 0.25 -0.505789 -0.623308 -0.02788 1.96626e+09
-1.25 -0.25 0.25 -0.4737 -0.638348 0.020425 2.85325e+09
-1.75 0.25 0.25 -0.440768 -0.618399 0.0195917 1.93159e+09
-1.25 0.75 0.25 -0.398759 -0.632241 0.0600429 2.72172e+09
-1.75 1.25 0.25 -0.363729 -0.612872 0.0454932 1.81032e+09
-0.25 -1.25 0.25 -0.535199 -0.673618 -0.00849576 5.87317e+09
-0.75 -0.75 0.25 -0.505236 -0.658066 0.0114789 4.14933e+09
-0.25 -0.25 0.25 -0.468938 -0.675322 0.0637066 5.9662e+09
-0.75 0.25 0.25 -0.434261 -0.653652 0.0667144 4.05785e+09
-0.25 0.75 0.25 -0.387459 -0.667716 0.110887 5.61432e+09
-0.75 1.25 0.25 -0.349869 -0.644898 0.0980337 3.73061e+09
0.75 -1.25 0.25 -0.535643 -0.702473 0.0225236 1.17036e+10
0.25 -0.75 0.25 -0.502217 -0.693577 0.0493539 8.54903e+09
0.75 -0.25 0.25 -0.461168 -0.712012 0.106207 1.2103e+10
0.25 0.25 0.25 -0.424895 -0.691211 0.114313 8.345e+09
0.75 0.75 0.25 -0.374085 -0.703491 0.16341 1.12321e+10
0.25 1.25 0.25 -0.33432 -0.678171 0.153325 7.48121e+09
1.75 -1.25 0.25 -0.537429 -0.720798 0.0499967 2.15626e+10
1.25 -0.75 0.25 -0.497456 -0.724333 0.0848701 1.67616e+10
1.75 -0.25 0.25 -0.451587 -0.742537 0.146363 2.30519e+10
1.25 0.25 0.25 -0.412941 -0.72681 0.161866 1.64731e+10
1.75 0.75 0.25 -0.359872 -0.735194 0.216492 2.1267e+10
1.25 1.25 0.25 -0.31888 -0.709255 0.211573 1.43697e+10
2.25 -0.75 0.25 -0.493667 -0.743054 0.116063 2.98015e+10
2.25 0.25 0.25 -0.40017 -0.754447 0.20665 2.99933e+10
2.25 1.25 0.25 -0.305903 -0.734758 0.270301 2.57651e+10
-2.5 -1 0.5 0.0735652 -0.713396 -0.0636186 3.23974e+09
-2.5 0 0.5 0.122264 -0.745497 -0.0232588 3.66079e+09
-2.5 1 0.5 0.164463 -0.769417 0.0035499 3.91905e+09
-2 -1.5 0.5 0.02956 -0.710787 -0.070381 4.356e+09
-1.5 -1 0.5 0.041592 -0.746551 -0.023762 6.91978e+09
-2 -0.5 0.5 0.0856127 -0.746362 -0.0203566 5.09475e+09
-1.5 0 0.5 0.097617 -0.776158 0.0219064 7.90916e+09
-2 0.5 0.5 0.13433 -0.77273 0.0153069 5.62024e+09
-1.5 1 0.5 0.148489 -0.795235 0.0528798 8.4484e+09
-2 1.5 0.5 0.178766 -0.789786 0.0372071 5.82384e+09
-1 -1.5 0.5 -0.0100547 -0.744845 -0.0345665 9.11765e+09
-0.5 -1 0.5 0.00147004 -0.780597 0.0151746 1.45266e+10
-1 -0.5 0.5 0.0534425 -0.779147 0.0222574 1.08776e+10
-0.5 0 0.5 0.0671562 -0.806512 0.0680634 1.6804e+10
-1 0.5 0.5 0.111587 -0.800965 0.0635497 1.20453e+10
-0.5 1 0.5 0.129505 -0.818981 0.10522 1.78194e+10
-1 1.5 0.5 0.166628 -0.811397 0.0901167 1.23251e+10
0 -1.5 0.5 -0.0577199 -0.778551 -0.000461865 1.86679e+10
0.5 -1 0.5 -0.0449256 -0.812361 0.0534933 2.97364e+10
0 -0.5 0.5 0.0148087 -0.8109 0.065135 2.2783e+10
0.5 0 0.5 0.0320417 -0.833544 0.115901 3.47591e+10
0 0.5 0.5 0.0847777 -0.826642 0.114282 2.52354e+10
0.5 1 0.5 0.10787 -0.837772 0.161697 3.63101e+10
0 1.5 0.5 0.152875 -0.828575 0.147765 2.52756e+10
1 -1.5 0.5 -0.110415 -0.808195 0.0322808 3.69563e+10
1.5 -1 0.5 -0.0941446 -0.837848 0.0914731 5.82285e+10
1 -0.5 0.5 -0.0281727 -0.838111 0.108644 4.61079e+10
1.5 0 0.5 -0.00596909 -0.853796 0.165506 6.83598e+10
1 0.5 0.5 0.0547292 -0.84664 0.168153 5.07632e+10
1.5 1 0.5 0.083466 -0.848684 0.22247 6.97091e+10
1 1.5 0.5 0.136963 -0.838504 0.211038 4.92754e+10
2 -1.5 0.5 -0.163378 -0.829788 0.0643708 6.93907e+10
2.5 -1 0.5 -0.141546 -0.853081 0.129136 1.05856e+11
2 -0.5 0.5 -0.0723218 -0.856887 0.152527 8.75894e+10
2.5 0 0.5 -0.0441594 -0.863603 0.21547 1.22845e+11
2 0.5 0.5 0.0223556 -0.857815 0.224436 9.49477e+10
2.5 1 0.5 0.0550537 -0.849581 0.284952 1.21597e+11
2 1.5 0.5 0.116677 -0.839105 0.278722 8.87523e+10
-2.25 -0.75 0.75 -0.550881 -0.621021 0.0188756 9.07982e+08
-2.25 0.25 0.75 -0.4914 -0.618589 0.070999 8.98261e+08
-2.25 1.25 0.75 -0.420774 -0.615646 0.103315 8.48031e+08
-1.75 -1.25 0.75 -0.580828 -0.62953 0.00193703 1.30051e+09
-1.25 -0.75 0.75 -0.558018 -0.639329 0.0561289 1.90735e+09
-1.75 -0.25 0.75 -0.52482 -0.628955 0.0685478 1.3188e+09
-1.25 0.25 0.75 -0.491686 -0.637374 0.116934 1.87677e+09
-1.75 0.75 0.75 -0.455639 -0.625731 0.114156 1.26736e+09
-1.25 1.25 0.75 -0.412306 -0.632309 0.155204 1.74008e+09
-0.75 -1.25 0.75 -0.590761 -0.646727 0.0321752 2.69331e+09
-0.25 -0.75 0.75 -0.564619 -0.658978 0.0902717 3.91543e+09
-0.75 -0.25 0.75 -0.528182 -0.649345 0.109629 2.7418e+09
-0.25 0.25 0.75 -0.490554 -0.658588 0.161836 3.83472e+09
-0.75 0.75 0.75 -0.450815 -0.645133 0.163556 2.59903e+09
-0.25 1.25 0.75 -0.40228 -0.650284 0.208132 3.47173e+09
0.25 -1.25 0.75 -0.601694 -0.661376 0.0572981 5.3794e+09
0.75 -0.75 0.75 -0.571669 -0.675831 0.118807 7.69149e+09
0.25 -0.25 0.75 -0.530718 -0.670367 0.147633 5.53677e+09
0.75 0.25 0.75 -0.488977 -0.67931 0.203418 7.53797e+09
0.25 0.75 0.75 -0.445136 -0.665282 0.212205 5.16851e+09
0.75 1.25 0.75 -0.393154 -0.666907 0.260411 6.64168e+09
1.25 -1.25 0.75 -0.61567 -0.667599 0.0741192 1.0037e+10
1.75 -0.75 0.75 -0.581343 -0.684057 0.136945 1.39009e+10
1.25 -0.25 0.75 -0.533693 -0.688074 0.178977 1.0578e+10
1.75 0.25 0.75 -0.488612 -0.696281 0.236404 1.38214e+10
1.25 0.75 0.75 -0.440518 -0.683577 0.256813 9.76653e+09
1.75 1.25 0.75 -0.388132 -0.68056 0.307205 1.1919e+10
2.25 -1.25 0.75 -0.633866 -0.658633 0.0773462 1.66933e+10
2.25 -0.25 0.75 -0.538974 -0.697349 0.19643 1.8253e+10
2.25 0.75 0.75 -0.438859 -0.698244 0.289757 1.69683e+10
-2.5 -1.5 1 -0.0787962 -0.715414 -0.0598504 1.768e+09
-2.5 -0.5 1 -0.0149995 -0.751603 -0.00890288 2.0537e+09
-2.5 0.5 1 0.0413627 -0.779262 0.0293266 2.2617e+09
-2.5 1.5 1 0.0931328 -0.798008 0.0549866 2.35345e+09
-1.5 -1.5 1 -0.116574 -0.738577 -0.027858 3.67948e+09
-2 -1 1 -0.0618523 -0.746578 -0.0147244 2.78996e+09
-1.5 -0.5 1 -0.0451598 -0.775993 0.030177 4.35885e+09
-2 0 1 0.0018478 -0.778375 0.0328556 3.17606e+09
-1.5 0.5 1 0.0203055 -0.801651 0.0742169 4.82855e+09
-2 1 1 0.060022 -0.800116 0.0671299 3.40109e+09
-1.5 1.5 1 0.0822249 -0.815966 0.104573 4.98158e+09
-0.5 -1.5 1 -0.16306 -0.76105 0.00108467 7.46638e+09
-1 -1 1 -0.100205 -0.770875 0.020028 5.81195e+09
-0.5 -0.5 1 -0.0824327 -0.799754 0.0682698 9.05639e+09
-1 0 1 -0.0269863 -0.801905 0.075051 6.70674e+09
-0.5 0.5 1 -0.00546018 -0.822381 0.120258 1.0074e+10
-1 1 1 0.0422128 -0.819676 0.115558 7.15881e+09
-0.5 1.5 1 0.0691041 -0.830715 0.157411 1.02352e+10
0.5 -1.5 1 -0.215917 -0.780047 0.0260868 1.46243e+10
0 -1 1 -0.145849 -0.793392 0.0524036 1.17849e+10
0.5 -0.5 1 -0.125344 -0.820198 0.104726 1.81954e+10
0 0 1 -0.0613754 -0.823092 0.11719 1.379e+10
0.5 0.5 1 -0.035447 -0.83886 0.167144 2.02431e+10
0 1 1 0.0210013 -0.835539 0.166261 1.45908e+10
0.5 1.5 1 0.053286 -0.839702 0.213514 2.00812e+10
1.5 -1.5 1 -0.270478 -0.79253 0.0459878 2.72164e+10
1 -1 1 -0.195982 -0.811174 0.0813068 2.2894e+10
1.5 -0.5 1 -0.17107 -0.834536 0.137784 3.4546e+10
1 0 1 -0.0999909 -0.839285 0.158236 2.70789e+10
1.5 0.5 1 -0.0687524 -0.848802 0.212935 3.81473e+10
1 1 1 -0.00368129 -0.845281 0.218403 2.81842e+10
1.5 1.5 1 0.0335687 -0.841062 0.270927 3.66483e+10
2.5 -1.5 1 -0.318619 -0.796171 0.060002 4.73453e+10
2 -1 1 -0.245508 -0.821421 0.104789 4.1676e+10
2.5 -0.5 1 -0.213868 -0.840583 0.164138 6.02429e+10
2 0 1 -0.140069 -0.848233 0.195133 4.92536e+10
2.5 0.5 1 -0.102599 -0.850732 0.252795 6.50389e+10
2 1 1 -0.0317359 -0.847363 0.268516 4.99853e+10
2.5 1.5 1 0.00829418 -0.835001 0.323552 6.03352e+10
-2.25 -1.25 1.25 -0.595147 -0.642025 0.0518694 6.28914e+08
-2.25 -0.25 1.25 -0.538449 -0.646783 0.120261 6.41402e+08
-2.25 0.75 1.25 -0.470632 -0.64959 0.169674 6.20846e+08
-1.25 -1.25 1.25 -0.612447 -0.6443 0.0801108 1.29383e+09
-1.75 -0.75 1.25 -0.575108 -0.646646 0.106046 9.21076e+08
-1.25 -0.25 1.25 -0.548388 -0.651487 0.160246 1.32193e+09
-1.75 0.25 1.25 -0.508691 -0.650508 0.170008 9.12183e+08
-1.25 0.75 1.25 -0.471054 -0.653919 0.218621 1.26285e+09
-1.75 1.25 1.25 -0.430682 -0.652173 0.213237 8.52821e+08
-0.25 -1.25 1.25 -0.631918 -0.644529 0.101624 2.57207e+09
-0.75 -0.75 1.25 -0.589412 -0.650708 0.138137 1.87554e+09
-0.25 -0.25 1.25 -0.558979 -0.656468 0.196012 2.64436e+09
-0.75 0.25 1.25 -0.513973 -0.655827 0.213773 1.84619e+09
-0.25 0.75 1.25 -0.471312 -0.658287 0.265792 2.48719e+09
-0.75 1.25 1.25 -0.425058 -0.655449 0.26547 1.68836e+09
0.75 -1.25 1.25 -0.655953 -0.637843 0.111649 4.80347e+09
0.25 -0.75 1.25 -0.605983 -0.652554 0.162684 3.66121e+09
0.75 -0.25 1.25 -0.572364 -0.658946 0.222777 5.01507e+09
0.25 0.25 1.25 -0.52055 -0.660395 0.25267 3.59213e+09
0.75 0.75 1.25 -0.474395 -0.660738 0.306852 4.65325e+09
0.25 1.25 1.25 -0.420756 -0.656802 0.315475 3.20173e+09
1.75 -1.25 1.25 -0.686766 -0.617481 0.101998 8.0763e+09
1.25 -0.75 1.25 -0.627438 -0.647809 0.173151 6.62211e+09
1.75 -0.25 1.25 -0.591137 -0.655881 0.231399 8.67585e+09
1.25 0.25 1.25 -0.531159 -0.66239 0.280119 6.53883e+09
1.75 0.75 1.25 -0.483611 -0.66122 0.332774 8.03506e+09
1.25 1.25 1.25 -0.422116 -0.655215 0.357376 5.69464e+09
2.25 -0.75 1.25 -0.654694 -0.63139 0.158428 1.05917e+10
2.25 0.25 1.25 -0.547309 -0.661365 0.283621 1.06963e+10
2.25 1.25 1.25 -0.43267 -0.653807 0.37906 9.25583e+09
-2.5 -1 1.5 -0.151028 -0.752341 -0.00128248 1.22102e+09
-2.5 0 1.5 -0.0824024 -0.786752 0.0484573 1.38339e+09
-2.5 1 1.5 -0.0190247 -0.811394 0.0864673 1.48218e+09
-2 -1.5 1.5 -0.207935 -0.737675 -0.0165262 1.6093e+09
-1.5 -1 1.5 -0.189009 -0.766281 0.0298042 2.51578e+09
-2 -0.5 1.5 -0.131667 -0.778396 0.0427941 1.89246e+09
-1.5 0 1.5 -0.110912 -0.80215 0.0871854 2.89206e+09
-2 0.5 1.5 -0.0612379 -0.807914 0.089949 2.0936e+09
-1.5 1 1.5 -0.0368451 -0.825086 0.131537 3.09842e+09
-2 1.5 1.5 0.00581464 -0.826214 0.124641 2.17131e+09
-1 -1.5 1.5 -0.254598 -0.74849 0.00809796 3.22484e+09
-0.5 -1 1.5 -0.23512 -0.778245 0.0572998 5.02758e+09
-1 -0.5 1.5 -0.168803 -0.792861 0.0768196 3.88358e+09
-0.5 0 1.5 -0.145653 -0.815611 0.124625 5.87471e+09
-1 0.5 1.5 -0.0870846 -0.821927 0.13203 4.32672e+09
-0.5 1 1.5 -0.0586113 -0.83595 0.17749 6.27161e+09
-1 1.5 1.5 -0.00770223 -0.836619 0.17346 4.44188e+09
0 -1.5 1.5 -0.309146 -0.755565 0.0269229 6.21166e+09
0.5 -1 1.5 -0.287656 -0.786028 0.0790072 9.59831e+09
0 -0.5 1.5 -0.21276 -0.804488 0.107592 7.68841e+09
0.5 0 1.5 -0.185927 -0.825185 0.158881 1.13961e+10
0 0.5 1.5 -0.117969 -0.832622 0.173277 8.6114e+09
0.5 1 1.5 -0.0845699 -0.842101 0.222724 1.20601e+10
0 1.5 1.5 -0.0243954 -0.842514 0.223709 8.69482e+09
1 -1.5 1.5 -0.36808 -0.756401 0.0370453 1.13188e+10
1.5 -1 1.5 -0.342401 -0.787687 0.0911871 1.71646e+10
1 -0.5 1.5 -0.261602 -0.811365 0.132158 1.43846e+10
1.5 0 1.5 -0.229635 -0.829688 0.185702 2.05744e+10
1 0.5 1.5 -0.153365 -0.838478 0.210843 1.61243e+10
1.5 1 1.5 -0.114296 -0.842784 0.263023 2.14192e+10
1 1.5 1.5 -0.045029 -0.842502 0.272785 1.58974e+10
2 -1.5 1.5 -0.423261 -0.749351 0.035377 1.92739e+10
2.5 -1 1.5 -0.389172 -0.783339 0.0907299 2.85482e+10
2 -0.5 1.5 -0.310203 -0.812665 0.145532 2.48875e+10
2.5 0 1.5 -0.269355 -0.82971 0.199346 3.38779e+10
2 0.5 1.5 -0.190427 -0.839407 0.238926 2.75853e+10
2.5 1 1.5 -0.14444 -0.839487 0.29093 3.42462e+10
2 1.5 1.5 -0.069672 -0.837154 0.314571 2.63867e+10
