449
-2.5 -1 -1.5 -0.572153 -0.266319 0.447122 1.41428e+10
-2.5 0 -1.5 -0.573453 -0.141329 0.47782 1.16871e+10
-2.5 1 -1.5 -0.495338 0.0831361 0.501759 8.92535e+09
-2 -1.5 -1.5 -0.603987 -0.113496 0.387761 1.08322e+10
-1.5 -1 -1.5 -0.612939 0.0626758 0.373473 8.45777e+09
-2 -0.5 -1.5 -0.61288 -0.0722489 0.421916 1.05003e+10
-1.5 0 -1.5 -0.597798 0.14027 0.399197 8.53776e+09
-2 0.5 -1.5 -0.573778 0.0753675 0.453342 9.33249e+09
-1.5 1 -1.5 -0.484815 0.302135 0.436638 8.22377e+09
-2 1.5 -1.5 -0.41892 0.268376 0.491874 7.9753e+09
-1 -1.5 -1.5 -0.599746 0.170229 0.354701 6.82117e+09
-0.5 -1 -1.5 -0.564304 0.301504 0.355078 5.94745e+09
-1 -0.5 -1.5 -0.581231 0.234306 0.363774 7.15812e+09
-0.5 0 -1.5 -0.503489 0.386659 0.359205 6.54898e+09
-1 0.5 -1.5 -0.507971 0.345851 0.385592 7.63247e+09
-0.5 1 -1.5 -0.345851 0.507971 0.385592 7.63247e+09
-1 1.5 -1.5 -0.302135 0.484815 0.436638 8.22377e+09
0 -1.5 -1.5 -0.542525 0.350279 0.369842 4.90406e+09
0.5 -1 -1.5 -0.494202 0.430019 0.374062 4.62801e+09
0 -0.5 -1.5 -0.501744 0.413998 0.355571 5.53556e+09
0.5 0 -1.5 -0.413998 0.501744 0.355571 5.53556e+09
0 0.5 -1.5 -0.386659 0.503489 0.359205 6.54898e+09
0.5 1 -1.5 -0.234306 0.581231 0.363774 7.15812e+09
0 1.5 -1.5 -0.14027 0.597798 0.399197 8.53776e+09
1 -1.5 -1.5 -0.482266 0.437769 0.408716 3.8267e+09
1.5 -1 -1.5 -0.437769 0.482266 0.408716 3.8267e+09
1 -0.5 -1.5 -0.430019 0.494202 0.374062 4.62801e+09
1.5 0 -1.5 -0.350279 0.542525 0.369842 4.90406e+09
1 0.5 -1.5 -0.301504 0.564304 0.355078 5.94745e+09
1.5 1 -1.5 -0.170229 0.599746 0.354701 6.82117e+09
1 1.5 -1.5 -0.0626758 0.612939 0.373473 8.45777e+09
2 -1.5 -1.5 -0.438473 0.465982 0.455106 3.13353e+09
2.5 -1 -1.5 -0.405349 0.489395 0.447184 3.26155e+09
2 -0.5 -1.5 -0.383787 0.517903 0.402085 4.01425e+09
2.5 0 -1.5 -0.319478 0.545614 0.389811 4.41186e+09
2 0.5 -1.5 -0.256689 0.57525 0.362172 5.49199e+09
2.5 1 -1.5 -0.151485 0.592261 0.353197 6.46285e+09
2 1.5 -1.5 -0.029082 0.607229 0.356154 8.30487e+09
-2.25 -0.75 -1.25 0.184886 -0.30221 0.705968 4.25457e+09
-2.25 0.25 -1.25 0.224532 -0.256235 0.733579 4.22876e+09
-2.25 1.25 -1.25 0.257406 -0.245331 0.741118 3.93348e+09
-1.75 -1.25 -1.25 0.142143 -0.303646 0.682656 3.16333e+09
-1.25 -0.75 -1.25 0.137951 -0.248268 0.687724 2.52035e+09
-1.75 -0.25 -1.25 0.168029 -0.249406 0.713818 3.32388e+09
-1.25 0.25 -1.25 0.161836 -0.204747 0.718756 2.81937e+09
-1.75 0.75 -1.25 0.212508 -0.229814 0.744192 3.67117e+09
-1.25 1.25 -1.25 0.212065 -0.212065 0.747629 3.47253e+09
-0.75 -1.25 -1.25 0.138685 -0.245321 0.675218 2.00235e+09
-0.25 -0.75 -1.25 0.153221 -0.202152 0.679991 1.77962e+09
-0.75 -0.25 -1.25 0.143709 -0.199611 0.690986 2.16823e+09
-0.25 0.25 -1.25 0.164129 -0.164129 0.691655 2.06325e+09
-0.75 0.75 -1.25 0.171206 -0.171206 0.719513 2.64138e+09
-0.25 1.25 -1.25 0.204747 -0.161836 0.718756 2.81937e+09
0.25 -1.25 -1.25 0.154804 -0.210749 0.679791 1.46787e+09
0.75 -0.75 -1.25 0.179413 -0.179413 0.682068 1.42112e+09
0.25 -0.25 -1.25 0.173651 -0.173651 0.681532 1.71446e+09
0.75 0.25 -1.25 0.202152 -0.153221 0.679991 1.77962e+09
0.25 0.75 -1.25 0.199611 -0.143709 0.690986 2.16823e+09
0.75 1.25 -1.25 0.248268 -0.137951 0.687724 2.52035e+09
1.25 -1.25 -1.25 0.184474 -0.184474 0.692828 1.18211e+09
1.75 -0.75 -1.25 0.220401 -0.154525 0.689837 1.21742e+09
1.25 -0.25 -1.25 0.210749 -0.154804 0.679791 1.46787e+09
1.75 0.25 -1.25 0.251787 -0.135351 0.673366 1.62148e+09
1.25 0.75 -1.25 0.245321 -0.138685 0.675218 2.00235e+09
1.75 1.25 -1.25 0.300581 -0.133158 0.668138 2.43842e+09
2.25 -1.25 -1.25 0.229023 -0.153766 0.708219 1.01372e+09
2.25 -0.25 -1.25 0.263311 -0.129716 0.681561 1.32957e+09
2.25 0.75 -1.25 0.303738 -0.120934 0.663834 1.91611e+09
-2.5 -1.5 -1 -0.596201 -0.241033 0.44947 3.55884e+10
-2.5 -0.5 -1 -0.58841 -0.232531 0.495033 3.30246e+10
-2.5 0.5 -1 -0.549375 -0.0747217 0.525788 2.51618e+10
-2.5 1.5 -1 -0.418674 0.147855 0.546917 1.84507e+10
-1.5 -1.5 -1 -0.652835 0.0666274 0.388555 2.15634e+10
-2 -1 -1 -0.635145 -0.0621808 0.426686 2.64626e+10
-1.5 -0.5 -1 -0.631053 0.12791 0.405929 2.14135e+10
-2 0 -1 -0.619613 -0.0134991 0.464285 2.53417e+10
-1.5 0.5 -1 -0.572377 0.222564 0.438766 2.12945e+10
-2 1 -1 -0.512454 0.155 0.504468 2.08406e+10
-1.5 1.5 -1 -0.372138 0.372138 0.495489 1.93754e+10
-0.5 -1.5 -1 -0.614313 0.298002 0.375824 1.51479e+10
-1 -1 -1 -0.631763 0.221795 0.377555 1.81184e+10
-0.5 -0.5 -1 -0.575801 0.365363 0.369651 1.62704e+10
-1 0 -1 -0.571601 0.31311 0.391196 1.87039e+10
-0.5 0.5 -1 -0.463945 0.463945 0.385801 1.78077e+10
-1 1 -1 -0.432991 0.432991 0.428755 1.99452e+10
-0.5 1.5 -1 -0.222564 0.572377 0.438766 2.12945e+10
0.5 -1.5 -1 -0.546457 0.428686 0.397895 1.16978e+10
0 -1 -1 -0.565144 0.402658 0.374173 1.3892e+10
0.5 -0.5 -1 -0.493593 0.493593 0.373476 1.35011e+10
0 0 -1 -0.485927 0.485927 0.366661 1.56985e+10
0.5 0.5 -1 -0.365363 0.575801 0.369651 1.62704e+10
0 1 -1 -0.31311 0.571601 0.391196 1.87039e+10
0.5 1.5 -1 -0.12791 0.631053 0.405929 2.14135e+10
1.5 -1.5 -1 -0.486442 0.486442 0.437711 9.53572e+09
1 -1 -1 -0.493177 0.493177 0.398832 1.14197e+10
1.5 -0.5 -1 -0.428686 0.546457 0.397895 1.16978e+10
1 0 -1 -0.402658 0.565144 0.374173 1.3892e+10
1.5 0.5 -1 -0.298002 0.614313 0.375824 1.51479e+10
1 1 -1 -0.221795 0.631763 0.377555 1.81184e+10
1.5 1.5 -1 -0.0666274 0.652835 0.388555 2.15634e+10
2.5 -1.5 -1 -0.450529 0.494471 0.484141 8.02894e+09
2 -1 -1 -0.444346 0.522601 0.435721 9.7342e+09
2.5 -0.5 -1 -0.396493 0.552739 0.429921 1.03532e+10
2 0 -1 -0.355407 0.587092 0.395048 1.25785e+10
2.5 0.5 -1 -0.274227 0.615781 0.390458 1.41821e+10
2 1 -1 -0.184231 0.642037 0.377766 1.74795e+10
2.5 1.5 -1 -0.0648006 0.649048 0.380151 2.11697e+10
-2.25 -1.25 -0.75 0.0529347 -0.329804 0.679318 1.25387e+10
-2.25 -0.25 -0.75 0.0817004 -0.280001 0.707406 1.24236e+10
-2.25 0.75 -0.75 0.167747 -0.255933 0.733565 1.27318e+10
-1.25 -1.25 -0.75 0.0407173 -0.233069 0.661744 7.53125e+09
-1.75 -0.75 -0.75 0.0479617 -0.255144 0.680312 9.53466e+09
-1.25 -0.25 -0.75 0.0515175 -0.181247 0.678879 7.77962e+09
-1.75 0.25 -0.75 0.075886 -0.203093 0.709084 1.00033e+10
-1.25 0.75 -0.75 0.0859114 -0.133267 0.706493 8.75009e+09
-1.75 1.25 -0.75 0.172287 -0.20726 0.737714 1.1325e+10
-0.25 -1.25 -0.75 0.0575663 -0.168492 0.656792 5.32843e+09
-0.75 -0.75 -0.75 0.055807 -0.166584 0.662198 6.39963e+09
-0.25 -0.25 -0.75 0.0822956 -0.118489 0.662854 5.92677e+09
-0.75 0.25 -0.75 0.0794316 -0.118956 0.677401 7.06188e+09
-0.25 0.75 -0.75 0.118956 -0.0794316 0.677401 7.06188e+09
-0.75 1.25 -0.75 0.133267 -0.0859114 0.706493 8.75009e+09
0.75 -1.25 -0.75 0.0905094 -0.129056 0.665779 4.19553e+09
0.25 -0.75 -0.75 0.0847614 -0.122171 0.658604 4.97446e+09
0.75 -0.25 -0.75 0.122171 -0.0847614 0.658604 4.97446e+09
0.25 0.25 -0.75 0.118489 -0.0822956 0.662854 5.92677e+09
0.75 0.75 -0.75 0.166584 -0.055807 0.662198 6.39963e+09
0.25 1.25 -0.75 0.181247 -0.0515175 0.678879 7.77962e+09
1.75 -1.25 -0.75 0.137576 -0.097941 0.682623 3.549e+09
1.25 -0.75 -0.75 0.129056 -0.0905094 0.665779 4.19553e+09
1.75 -0.25 -0.75 0.174711 -0.0606758 0.662574 4.46545e+09
1.25 0.25 -0.75 0.168492 -0.0575663 0.656792 5.32843e+09
1.75 0.75 -0.75 0.224755 -0.0392686 0.654153 6.11948e+09
1.25 1.25 -0.75 0.233069 -0.0407173 0.661744 7.53125e+09
2.25 -0.75 -0.75 0.18281 -0.0648641 0.677905 3.7505e+09
2.25 0.25 -0.75 0.226976 -0.0379835 0.657199 5.04246e+09
2.25 1.25 -0.75 0.29027 -0.0284462 0.650472 7.51271e+09
-2.5 -1 -0.5 -0.293972 -0.263756 0.554887 6.20187e+10
-2.5 0 -0.5 -0.205037 -0.265429 0.612232 5.45662e+10
-2.5 1 -0.5 -0.0456939 -0.197015 0.656294 4.01621e+10
-2 -1.5 -0.5 -0.379897 -0.151466 0.503544 5.13095e+10
-1.5 -1 -0.5 -0.393476 -0.0118614 0.493273 4.08081e+10
-2 -0.5 -0.5 -0.326397 -0.115346 0.542364 4.78183e+10
-1.5 0 -0.5 -0.315894 0.0392938 0.530994 3.95875e+10
-2 0.5 -0.5 -0.208431 -0.112165 0.60213 4.36953e+10
-1.5 1 -0.5 -0.155003 0.0415834 0.593572 3.85058e+10
-2 1.5 -0.5 -0.0016744 -0.0845429 0.65556 3.57002e+10
-1 -1.5 -0.5 -0.415409 0.0735411 0.470838 3.431e+10
-0.5 -1 -0.5 -0.393932 0.177985 0.46672 3.01864e+10
-1 -0.5 -0.5 -0.377328 0.120839 0.483859 3.48734e+10
-0.5 0 -0.5 -0.325489 0.236586 0.477984 3.23411e+10
-1 0.5 -0.5 -0.267263 0.171126 0.522646 3.57767e+10
-0.5 1 -0.5 -0.171126 0.267263 0.522646 3.57767e+10
-1 1.5 -0.5 -0.0415834 0.155003 0.593572 3.85058e+10
0 -1.5 -0.5 -0.389138 0.219144 0.472027 2.5842e+10
0.5 -1 -0.5 -0.34781 0.289763 0.472472 2.44767e+10
0 -0.5 -0.5 -0.34525 0.270696 0.464423 2.83669e+10
0.5 0 -0.5 -0.270696 0.34525 0.464423 2.83669e+10
0 0.5 -0.5 -0.236586 0.325489 0.477984 3.23411e+10
0.5 1 -0.5 -0.120839 0.377328 0.483859 3.48734e+10
0 1.5 -0.5 -0.0392938 0.315894 0.530994 3.95875e+10
1 -1.5 -0.5 -0.340697 0.297515 0.496572 2.08794e+10
1.5 -1 -0.5 -0.297515 0.340697 0.496572 2.08794e+10
1 -0.5 -0.5 -0.289763 0.34781 0.472472 2.44767e+10
1.5 0 -0.5 -0.219144 0.389138 0.472027 2.5842e+10
1 0.5 -0.5 -0.177985 0.393932 0.46672 3.01864e+10
1.5 1 -0.5 -0.0735411 0.415409 0.470838 3.431e+10
1 1.5 -0.5 0.0118614 0.393476 0.493273 4.08081e+10
2 -1.5 -0.5 -0.296637 0.327152 0.532677 1.76372e+10
2.5 -1 -0.5 -0.259741 0.351348 0.528724 1.83806e+10
2 -0.5 -0.5 -0.245357 0.373492 0.494152 2.18973e+10
2.5 0 -0.5 -0.185261 0.396023 0.489664 2.40591e+10
2 0.5 -0.5 -0.139028 0.413182 0.471282 2.88243e+10
2.5 1 -0.5 -0.0503315 0.421516 0.47037 3.39018e+10
2 1.5 -0.5 0.038897 0.413601 0.475886 4.15967e+10
-2.25 -0.75 -0.25 -0.0843392 -0.302749 0.640285 1.77056e+10
-2.25 0.25 -0.25 -0.0312775 -0.24214 0.670553 1.62705e+10
-2.25 1.25 -0.25 0.0510024 -0.194679 0.678544 1.31727e+10
-1.75 -1.25 -0.25 -0.112794 -0.246491 0.617845 1.41686e+10
-1.25 -0.75 -0.25 -0.0964815 -0.141424 0.614728 1.14841e+10
-1.75 -0.25 -0.25 -0.0899386 -0.193074 0.63635 1.35893e+10
-1.25 0.25 -0.25 -0.0514299 -0.084342 0.632289 1.17688e+10
-1.75 0.75 -0.25 -0.0327777 -0.131659 0.664023 1.33196e+10
-1.25 1.25 -0.25 0.0324537 -0.0324537 0.662182 1.24473e+10
-0.75 -1.25 -0.25 -0.0906059 -0.124835 0.6078 9.77882e+09
-0.25 -0.75 -0.25 -0.0604343 -0.0519912 0.607095 8.74913e+09
-0.75 -0.25 -0.25 -0.0611786 -0.0609414 0.613933 1.01647e+10
-0.25 0.25 -0.25 -0.00817434 0.00817434 0.613756 9.75692e+09
-0.75 0.75 -0.25 0.0108965 -0.0108965 0.633101 1.12299e+10
-0.25 1.25 -0.25 0.084342 0.0514299 0.632289 1.17688e+10
0.25 -1.25 -0.25 -0.049219 -0.0510512 0.613088 7.53398e+09
0.75 -0.75 -0.25 -0.00527804 0.00527804 0.613533 7.27875e+09
0.25 -0.25 -0.25 -0.011898 0.011898 0.607084 8.41906e+09
0.75 0.25 -0.25 0.0519912 0.0604343 0.607095 8.74913e+09
0.25 0.75 -0.25 0.0609414 0.0611786 0.613933 1.01647e+10
0.75 1.25 -0.25 0.141424 0.0964815 0.614728 1.14841e+10
1.25 -1.25 -0.25 0.0070402 -0.0070402 0.631186 6.2859e+09
1.75 -0.75 -0.25 0.0563377 0.0337121 0.629911 6.47411e+09
1.25 -0.25 -0.25 0.0510512 0.049219 0.613088 7.53398e+09
1.75 0.25 -0.25 0.114131 0.0797661 0.611859 8.31205e+09
1.25 0.75 -0.25 0.124835 0.0906059 0.6078 9.77882e+09
1.75 1.25 -0.25 0.20484 0.109128 0.608592 1.16766e+10
2.25 -1.25 -0.25 0.0648089 0.0191232 0.655173 5.53283e+09
2.25 -0.25 -0.25 0.111603 0.0657011 0.626198 7.05255e+09
2.25 0.75 -0.25 0.182517 0.10254 0.609558 9.70829e+09
-2.5 -1.5 0 -0.198806 -0.324169 0.561799 9.1297e+10
-2.5 -0.5 0 -0.101935 -0.311472 0.614174 7.4395e+10
-2.5 0.5 0 0.185031 -0.378695 0.699891 5.1292e+10
-2.5 1.5 0 0.312273 -0.351546 0.706004 3.90672e+10
-1.5 -1.5 0 -0.29484 -0.0882778 0.521001 5.95014e+10
-2 -1 0 -0.228004 -0.187764 0.557115 6.88769e+10
-1.5 -0.5 0 -0.240679 -0.0592681 0.550219 5.58955e+10
-2 0 0 -0.117689 -0.17137 0.610292 5.89241e+10
-1.5 0.5 0 -0.116703 -0.0466803 0.602249 5.06182e+10
-2 1 0 0.194308 -0.293026 0.702642 4.328e+10
-1.5 1.5 0 0.22883 -0.22883 0.703085 4.11148e+10
-0.5 -1.5 0 -0.311832 0.0837824 0.507422 4.37757e+10
-1 -1 0 -0.296161 0.0231127 0.516641 4.99804e+10
-0.5 -0.5 0 -0.269467 0.123001 0.514014 4.50732e+10
-1 0 0 -0.222943 0.0582631 0.543908 4.96283e+10
-0.5 0.5 0 -0.158029 0.158029 0.541857 4.77129e+10
-1 1 0 -0.0585873 0.0585873 0.598917 4.84189e+10
-0.5 1.5 0 0.0466803 0.116703 0.602249 5.06182e+10
0.5 -1.5 0 -0.281611 0.187718 0.519893 3.49028e+10
0 -1 0 -0.283149 0.16448 0.507815 3.9948e+10
0.5 -0.5 0 -0.232896 0.232896 0.508001 3.87214e+10
0 0 0 -0.209263 0.209263 0.513107 4.35211e+10
0.5 0.5 0 -0.123001 0.269467 0.514014 4.50732e+10
0 1 0 -0.0582631 0.222943 0.543908 4.96283e+10
0.5 1.5 0 0.0592681 0.240679 0.550219 5.58955e+10
1.5 -1.5 0 -0.239001 0.239001 0.547565 2.9398e+10
1 -1 0 -0.24099 0.24099 0.520897 3.39619e+10
1.5 -0.5 0 -0.187718 0.281611 0.519893 3.49028e+10
1 0 0 -0.16448 0.283149 0.507815 3.9948e+10
1.5 0.5 0 -0.0837824 0.311832 0.507422 4.37757e+10
1 1 0 -0.0231127 0.296161 0.516641 4.99804e+10
1.5 1.5 0 0.0882778 0.29484 0.521001 5.95014e+10
2.5 -1.5 0 -0.199746 0.255138 0.582191 2.56574e+10
2 -1 0 -0.198256 0.271029 0.545815 3.00987e+10
2.5 -0.5 0 -0.149387 0.294554 0.540729 3.22572e+10
2 0 0 -0.124202 0.308686 0.517006 3.78071e+10
2.5 0.5 0 -0.0515501 0.323163 0.512893 4.30232e+10
2 1 0 0.00711999 0.320979 0.507373 5.08324e+10
2.5 1.5 0 0.105947 0.31211 0.507568 6.2438e+10
-2.25 -1.25 0.25 -0.236213 -0.319822 0.565778 2.1242e+10
-2.25 -0.25 0.25 -0.172805 -0.26439 0.596477 1.77965e+10
-2.25 0.75 0.25 -0.04715 -0.236276 0.633576 8.46948e+09
-1.25 -1.25 0.25 -0.217763 -0.131595 0.563056 1.46708e+10
-1.75 -0.75 0.25 -0.226066 -0.170244 0.566851 1.63652e+10
-1.25 -0.25 0.25 -0.191754 -0.0624171 0.571117 1.38435e+10
-1.75 0.25 0.25 -0.158101 -0.114052 0.591789 1.47613e+10
-1.25 0.75 0.25 -0.0798356 -0.0112846 0.599247 1.34307e+10
-1.75 1.25 0.25 0.0156988 -0.109088 0.635833 7.48945e+09
-0.25 -1.25 0.25 -0.174749 -0.00981963 0.568455 1.11468e+10
-0.75 -0.75 0.25 -0.19184 -0.0327055 0.56397 1.26009e+10
-0.25 -0.25 0.25 -0.141258 0.0639039 0.563993 1.15673e+10
-0.75 0.25 0.25 -0.133413 0.0457788 0.572543 1.26929e+10
-0.25 0.75 0.25 -0.0457788 0.133413 0.572543 1.26929e+10
-0.75 1.25 0.25 0.0112846 0.0798356 0.599247 1.34307e+10
0.75 -1.25 0.25 -0.111916 0.0603414 0.585857 9.18651e+09
0.25 -0.75 0.25 -0.130415 0.0669589 0.569049 1.03681e+10
0.75 -0.25 0.25 -0.0669589 0.130415 0.569049 1.03681e+10
0.25 0.25 0.25 -0.0639039 0.141258 0.563993 1.15673e+10
0.75 0.75 0.25 0.0327055 0.19184 0.56397 1.26009e+10
0.25 1.25 0.25 0.0624171 0.191754 0.571117 1.38435e+10
1.75 -1.25 0.25 -0.0497262 0.0938114 0.611555 8.01953e+09
1.25 -0.75 0.25 -0.0603414 0.111916 0.585857 9.18651e+09
1.75 -0.25 0.25 0.000718762 0.152787 0.58373 9.75993e+09
1.25 0.25 0.25 0.00981963 0.174749 0.568455 1.11468e+10
1.75 0.75 0.25 0.0915074 0.205441 0.565784 1.27393e+10
1.25 1.25 0.25 0.131595 0.217763 0.563056 1.46708e+10
2.25 -0.75 0.25 0.000817642 0.1313 0.607813 8.44668e+09
2.25 0.25 0.25 0.0679972 0.1851 0.578791 1.09609e+10
2.25 1.25 0.25 0.177776 0.229161 0.560039 1.53786e+10
-2.5 -1 0.5 -0.104564 -0.350083 0.580064 7.92946e+10
-2.5 0 0.5 -0.00589763 -0.380536 0.63145 4.40411e+10
-2.5 1 0.5 0.208829 -0.330079 0.675821 2.44738e+10
-2 -1.5 0.5 -0.204958 -0.24276 0.542992 8.00756e+10
-1.5 -1 0.5 -0.22585 -0.115206 0.539796 6.46693e+10
-2 -0.5 0.5 -0.145365 -0.222016 0.576266 6.27171e+10
-1.5 0 0.5 -0.155312 -0.097068 0.573273 5.40495e+10
-2 0.5 0.5 -0.0612811 -0.208424 0.615944 3.81065e+10
-1.5 1 0.5 -0.0306321 -0.0669171 0.611697 3.56017e+10
-2 1.5 0.5 0.232171 -0.273966 0.681246 2.23992e+10
-1 -1.5 0.5 -0.263091 -0.034502 0.522646 5.98549e+10
-0.5 -1 0.5 -0.247134 0.0607553 0.524399 5.25231e+10
-1 -0.5 0.5 -0.217775 -0.00500442 0.53984 5.59371e+10
-0.5 0 0.5 -0.173599 0.0945021 0.540277 5.17516e+10
-1 0.5 0.5 -0.10882 0.0193107 0.573111 4.98252e+10
-0.5 1 0.5 -0.0193107 0.10882 0.573111 4.98252e+10
-1 1.5 0.5 0.0669171 0.0306321 0.611697 3.56017e+10
0 -1.5 0.5 -0.255872 0.102503 0.526885 4.75227e+10
0.5 -1 0.5 -0.220455 0.168721 0.528937 4.4727e+10
0 -0.5 0.5 -0.206914 0.143304 0.525496 4.89254e+10
0.5 0 0.5 -0.143304 0.206914 0.525496 4.89254e+10
0 0.5 0.5 -0.0945021 0.173599 0.540277 5.17516e+10
0.5 1 0.5 0.00500442 0.217775 0.53984 5.59371e+10
0 1.5 0.5 0.097068 0.155312 0.573273 5.40495e+10
1 -1.5 0.5 -0.220746 0.179117 0.547495 3.99293e+10
1.5 -1 0.5 -0.179117 0.220746 0.547495 3.99293e+10
1 -0.5 0.5 -0.168721 0.220455 0.528937 4.4727e+10
1.5 0 0.5 -0.102503 0.255872 0.526885 4.75227e+10
1 0.5 0.5 -0.0607553 0.247134 0.524399 5.25231e+10
1.5 1 0.5 0.034502 0.263091 0.522646 5.98549e+10
1 1.5 0.5 0.115206 0.22585 0.539796 6.46693e+10
2 -1.5 0.5 -0.179895 0.213204 0.577703 3.4951e+10
2.5 -1 0.5 -0.13877 0.239235 0.573121 3.65311e+10
2 -0.5 0.5 -0.126878 0.251408 0.544189 4.20401e+10
2.5 0 0.5 -0.0647059 0.272163 0.537799 4.64244e+10
2 0.5 0.5 -0.0244584 0.275967 0.522885 5.32775e+10
2.5 1 0.5 0.0638841 0.280905 0.518287 6.27666e+10
2 1.5 0.5 0.142148 0.257695 0.521988 7.22019e+10
-2.25 -0.75 0.75 -0.305118 -0.275238 0.521807 1.81248e+10
-2.25 0.25 0.75 -0.133011 -0.2634 0.587344 1.26507e+10
-2.25 1.25 0.75 -0.0640503 -0.112418 0.594601 4.44403e+09
-1.75 -1.25 0.75 -0.326943 -0.199877 0.513968 1.82576e+10
-1.25 -0.75 0.75 -0.301136 -0.0734413 0.524347 1.52493e+10
-1.75 -0.25 0.75 -0.277885 -0.135484 0.537555 1.49064e+10
-1.25 0.25 0.75 -0.230686 0.0121228 0.543973 1.31916e+10
-1.75 0.75 0.75 -0.0964894 -0.104282 0.59602 1.11345e+10
-1.25 1.25 0.75 -0.0153941 0.0153941 0.599754 1.07478e+10
-0.75 -1.25 0.75 -0.290396 -0.0144128 0.525301 1.40907e+10
-0.25 -0.75 0.75 -0.244666 0.0882647 0.528772 1.26364e+10
-0.75 -0.25 0.75 -0.257712 0.0579465 0.527102 1.34053e+10
-0.25 0.25 0.75 -0.17742 0.17742 0.527117 1.27382e+10
-0.75 0.75 0.75 -0.135235 0.135235 0.547745 1.26726e+10
-0.25 1.25 0.75 -0.0121228 0.230686 0.543973 1.31916e+10
0.25 -1.25 0.75 -0.220566 0.0985411 0.543592 1.15987e+10
0.75 -0.75 0.75 -0.165514 0.165514 0.544977 1.12458e+10
0.25 -0.25 0.75 -0.177493 0.177493 0.529382 1.21756e+10
0.75 0.25 0.75 -0.0882647 0.244666 0.528772 1.26364e+10
0.25 0.75 0.75 -0.0579465 0.257712 0.527102 1.34053e+10
0.75 1.25 0.75 0.0734413 0.301136 0.524347 1.52493e+10
1.25 -1.25 0.75 -0.151674 0.151674 0.569562 1.0098e+10
1.75 -0.75 0.75 -0.0984448 0.197471 0.567586 1.03688e+10
1.25 -0.25 0.75 -0.0985411 0.220566 0.543592 1.15987e+10
1.75 0.25 0.75 -0.020484 0.265005 0.538697 1.27029e+10
1.25 0.75 0.75 0.0144128 0.290396 0.525301 1.40907e+10
1.75 1.25 0.75 0.12162 0.325594 0.515393 1.66688e+10
2.25 -1.25 0.75 -0.092114 0.174512 0.599597 9.09295e+09
2.25 -0.25 0.75 -0.0379267 0.237334 0.561151 1.1215e+10
2.25 0.75 0.75 0.0646246 0.301243 0.528606 1.47136e+10
-2.5 -1.5 1 -0.148134 -0.386093 0.534483 7.43586e+10
-2.5 -0.5 1 -0.157293 -0.354765 0.559722 4.04379e+10
-2.5 0.5 1 0.183829 -0.371805 0.647252 2.08867e+10
-2.5 1.5 1 0.247868 -0.314503 0.664017 1.23257e+10
-1.5 -1.5 1 -0.228079 -0.161249 0.521962 6.64104e+10
-2 -1 1 -0.19315 -0.257353 0.535896 6.09731e+10
-1.5 -0.5 1 -0.173324 -0.131934 0.547883 5.3315e+10
-2 0 1 -0.083608 -0.25639 0.583452 4.08178e+10
-1.5 0.5 1 -0.0558424 -0.129138 0.588829 3.60263e+10
-2 1 1 0.205524 -0.319262 0.655803 1.87769e+10
-1.5 1.5 1 0.255924 -0.255924 0.65927 1.80257e+10
-0.5 -1.5 1 -0.239553 0.0150076 0.524867 5.48383e+10
-1 -1 1 -0.216651 -0.0465452 0.528991 5.68931e+10
-0.5 -0.5 1 -0.186747 0.0542244 0.532363 5.09772e+10
-1 0 1 -0.141177 -0.0176284 0.552314 4.7262e+10
-0.5 0.5 1 -0.0733308 0.0733308 0.555129 4.52804e+10
-1 1 1 0.0194627 -0.0194627 0.591192 3.44791e+10
-0.5 1.5 1 0.129138 0.0558424 0.588829 3.60263e+10
0.5 -1.5 1 -0.217068 0.123297 0.540252 4.65209e+10
0 -1 1 -0.210991 0.0979804 0.528659 4.99022e+10
0.5 -0.5 1 -0.163944 0.163944 0.529917 4.82665e+10
0 0 1 -0.132318 0.132318 0.533744 4.89101e+10
0.5 0.5 1 -0.0542244 0.186747 0.532363 5.09772e+10
0 1 1 0.0176284 0.141177 0.552314 4.7262e+10
0.5 1.5 1 0.131934 0.173324 0.547883 5.3315e+10
1.5 -1.5 1 -0.17875 0.17875 0.56652 4.09668e+10
1 -1 1 -0.176844 0.176844 0.541978 4.52421e+10
1.5 -0.5 1 -0.123297 0.217068 0.540252 4.65209e+10
1 0 1 -0.0979804 0.210991 0.528659 4.99022e+10
1.5 0.5 1 -0.0150076 0.239553 0.524867 5.48383e+10
1 1 1 0.0465452 0.216651 0.528991 5.68931e+10
1.5 1.5 1 0.161249 0.228079 0.521962 6.64104e+10
2.5 -1.5 1 -0.138119 0.20233 0.598064 3.70027e+10
2 -1 1 -0.135552 0.212663 0.564235 4.19538e+10
2.5 -0.5 1 -0.0823702 0.23825 0.557481 4.49749e+10
2 0 1 -0.0567456 0.244633 0.535104 5.04202e+10
2.5 0.5 1 0.022309 0.261438 0.526607 5.73175e+10
2 1 1 0.0826609 0.253758 0.517974 6.336e+10
2.5 1.5 1 0.184861 0.24529 0.511137 7.66691e+10
-2.25 -1.25 1.25 -0.378834 -0.298885 0.471303 1.74487e+10
-2.25 -0.25 1.25 -0.277101 -0.258155 0.528792 1.16175e+10
-2.25 0.75 1.25 -0.177308 -0.19905 0.567551 4.12246e+09
-1.25 -1.25 1.25 -0.39278 -0.068884 0.48054 1.52453e+10
-1.75 -0.75 1.25 -0.367045 -0.148682 0.490709 1.4532e+10
-1.25 -0.25 1.25 -0.340075 -0.00748647 0.499534 1.27498e+10
-1.75 0.25 1.25 -0.272673 -0.0807821 0.533579 1.01158e+10
-1.25 0.75 1.25 -0.19109 0.074658 0.541091 9.496e+09
-1.75 1.25 1.25 -0.0865403 -0.0425666 0.578224 3.74018e+09
-0.25 -1.25 1.25 -0.324299 0.0998988 0.502104 1.28665e+10
-0.75 -0.75 1.25 -0.348446 0.0620976 0.490776 1.32587e+10
-0.25 -0.25 1.25 -0.274342 0.183183 0.495037 1.23563e+10
-0.75 0.25 1.25 -0.279101 0.149409 0.499942 1.1607e+10
-0.25 0.75 1.25 -0.149409 0.279101 0.499942 1.1607e+10
-0.75 1.25 1.25 -0.074658 0.19109 0.541091 9.496e+09
0.75 -1.25 1.25 -0.245872 0.187282 0.529141 1.13024e+10
0.25 -0.75 1.25 -0.262308 0.188654 0.50706 1.21096e+10
0.75 -0.25 1.25 -0.188654 0.262308 0.50706 1.21096e+10
0.25 0.25 1.25 -0.183183 0.274342 0.495037 1.23563e+10
0.75 0.75 1.25 -0.0620976 0.348446 0.490776 1.32587e+10
0.25 1.25 1.25 0.00748646 0.340075 0.499534 1.27498e+10
1.75 -1.25 1.25 -0.17978 0.226267 0.559973 1.02086e+10
1.25 -0.75 1.25 -0.187282 0.245872 0.529141 1.13024e+10
1.75 -0.25 1.25 -0.119437 0.29738 0.523745 1.19157e+10
1.25 0.25 1.25 -0.0998988 0.324299 0.502104 1.28665e+10
1.75 0.75 1.25 0.000665771 0.374371 0.49058 1.44978e+10
1.25 1.25 1.25 0.068884 0.39278 0.48054 1.52453e+10
2.25 -0.75 1.25 -0.127669 0.269103 0.55381 1.06926e+10
2.25 0.25 1.25 -0.0439892 0.342841 0.511786 1.32311e+10
2.25 1.25 1.25 0.10736 0.409693 0.471932 1.7257e+10
-2.5 -1 1.5 -0.151011 -0.396903 0.527422 4.15767e+10
-2.5 0 1.5 0.119678 -0.412025 0.60987 1.77612e+10
-2.5 1 1.5 0.199395 -0.339683 0.643491 9.29669e+09
-2 -1.5 1.5 -0.200392 -0.283513 0.507984 5.58789e+10
-1.5 -1 1.5 -0.193423 -0.148253 0.519925 4.76409e+10
-2 -0.5 1.5 -0.135342 -0.236863 0.541339 3.52975e+10
-1.5 0 1.5 -0.106353 -0.126191 0.554169 3.15497e+10
-2 0.5 1.5 0.122053 -0.352651 0.622294 1.58364e+10
-1.5 1 1.5 0.16926 -0.263512 0.629402 1.43546e+10
-2 1.5 1.5 0.229719 -0.280515 0.65049 8.71885e+09
-1 -1.5 1.5 -0.226292 -0.081149 0.513971 5.29485e+10
-0.5 -1 1.5 -0.203348 0.0181646 0.521996 4.71803e+10
-1 -0.5 1.5 -0.164799 -0.0387196 0.530538 4.24668e+10
-0.5 0 1.5 -0.122506 0.0583262 0.533403 3.9387e+10
-1 0.5 1.5 -0.0438175 -0.0201711 0.56066 2.87698e+10
-0.5 1 1.5 0.0201711 0.0438175 0.56066 2.87698e+10
-1 1.5 1.5 0.263512 -0.16926 0.629402 1.43546e+10
0 -1.5 1.5 -0.218066 0.059256 0.528177 4.72315e+10
0.5 -1 1.5 -0.180642 0.12838 0.532014 4.47065e+10
0 -0.5 1.5 -0.163118 0.102588 0.524994 4.43252e+10
0.5 0 1.5 -0.102588 0.163118 0.524994 4.43252e+10
0 0.5 1.5 -0.0583262 0.122506 0.533403 3.9387e+10
0.5 1 1.5 0.0387196 0.164799 0.530538 4.24668e+10
0 1.5 1.5 0.126191 0.106353 0.554169 3.15497e+10
1 -1.5 1.5 -0.185335 0.141669 0.551473 4.2418e+10
1.5 -1 1.5 -0.141669 0.185335 0.551473 4.2418e+10
1 -0.5 1.5 -0.12838 0.180642 0.532014 4.47065e+10
1.5 0 1.5 -0.059256 0.218066 0.528177 4.72315e+10
1 0.5 1.5 -0.0181646 0.203348 0.521996 4.71803e+10
1.5 1 1.5 0.081149 0.226292 0.513971 5.29485e+10
1 1.5 1.5 0.148253 0.193423 0.519925 4.76409e+10
2 -1.5 1.5 -0.145154 0.182146 0.581304 3.87587e+10
2.5 -1 1.5 -0.0993829 0.211855 0.575603 4.04224e+10
2 -0.5 1.5 -0.0859997 0.218634 0.546737 4.45109e+10
2.5 0 1.5 -0.0180393 0.242471 0.537203 4.88586e+10
2 0.5 1.5 0.0242913 0.241689 0.519906 5.24383e+10
2.5 1 1.5 0.121828 0.251578 0.508307 6.10079e+10
2 1.5 1.5 0.198178 0.232789 0.503076 6.22612e+10
