449
-2.5 -1 -1.5 -0.226093 0.0667766 0.52902 1.78325e+10
-2.5 0 -1.5 -0.278247 0.0830617 0.531493 2.00078e+10
-2.5 1 -1.5 -0.324878 0.0930576 0.524823 2.22291e+10
-2 -1.5 -1.5 -0.177069 0.0861152 0.561245 1.38026e+10
-1.5 -1 -1.5 -0.175452 0.123757 0.605971 1.21641e+10
-2 -0.5 -1.5 -0.223782 0.1117 0.569481 1.53979e+10
-1.5 0 -1.5 -0.223651 0.149654 0.606301 1.34839e+10
-2 0.5 -1.5 -0.275564 0.129475 0.564438 1.7151e+10
-1.5 1 -1.5 -0.273389 0.168568 0.594456 1.49514e+10
-2 1.5 -1.5 -0.321184 0.142336 0.550915 1.89552e+10
-1 -1.5 -1.5 -0.132465 0.122271 0.639969 9.89435e+09
-0.5 -1 -1.5 -0.133218 0.148517 0.686289 8.96426e+09
-1 -0.5 -1.5 -0.176224 0.155117 0.647419 1.08489e+10
-0.5 0 -1.5 -0.178406 0.17992 0.685961 9.79854e+09
-1 0.5 -1.5 -0.224306 0.180633 0.64035 1.19817e+10
-0.5 1 -1.5 -0.225505 0.204153 0.671385 1.08231e+10
-1 1.5 -1.5 -0.271321 0.19962 0.621658 1.32868e+10
0 -1.5 -1.5 -0.0934832 0.132766 0.721177 7.63867e+09
0.5 -1 -1.5 -0.0953165 0.14883 0.768642 7.07521e+09
0 -0.5 -1.5 -0.135783 0.168554 0.729421 8.20916e+09
0.5 0 -1.5 -0.140069 0.182041 0.768587 7.608e+09
0 0.5 -1.5 -0.181745 0.197757 0.721072 8.97489e+09
0.5 1 -1.5 -0.18618 0.208906 0.751638 8.34724e+09
0 1.5 -1.5 -0.227199 0.220618 0.698504 9.95182e+09
1 -1.5 -1.5 -0.0555256 0.122705 0.801197 6.29927e+09
1.5 -1 -1.5 -0.0590422 0.129645 0.847178 5.93919e+09
1 -0.5 -1.5 -0.0995116 0.158783 0.811531 6.62085e+09
1.5 0 -1.5 -0.106033 0.162787 0.848458 6.26707e+09
1 0.5 -1.5 -0.146051 0.189187 0.8025 7.14453e+09
1.5 1 -1.5 -0.153635 0.190634 0.829669 6.80671e+09
1 1.5 -1.5 -0.191695 0.214056 0.776271 7.8933e+09
2 -1.5 -1.5 -0.0186492 0.096154 0.872777 5.51153e+09
2.5 -1 -1.5 -0.0243544 0.0953366 0.913927 5.27156e+09
2 -0.5 -1.5 -0.0654426 0.131063 0.886569 5.65658e+09
2.5 0 -1.5 -0.074439 0.127521 0.917809 5.44799e+09
2 0.5 -1.5 -0.114679 0.161439 0.877876 6.00744e+09
2.5 1 -1.5 -0.124968 0.155682 0.89837 5.83716e+09
2 1.5 -1.5 -0.162486 0.187351 0.848681 6.58616e+09
-2.25 -0.75 -1.25 -0.187098 -0.399196 0.566899 6.66241e+09
-2.25 0.25 -1.25 -0.164005 -0.365045 0.596769 7.10811e+09
-2.25 1.25 -1.25 -0.142993 -0.322811 0.615448 7.43785e+09
-1.75 -1.25 -1.25 -0.201619 -0.394232 0.577494 5.28118e+09
-1.25 -0.75 -1.25 -0.182773 -0.357083 0.628184 4.54683e+09
-1.75 -0.25 -1.25 -0.170113 -0.360435 0.611999 5.6198e+09
-1.25 0.25 -1.25 -0.149444 -0.319049 0.65439 4.79473e+09
-1.75 0.75 -1.25 -0.144474 -0.320649 0.633656 5.93e+09
-1.25 1.25 -1.25 -0.120965 -0.275058 0.668383 5.04338e+09
-0.75 -1.25 -1.25 -0.200271 -0.352599 0.644556 3.77267e+09
-0.25 -0.75 -1.25 -0.175101 -0.314385 0.698112 3.33778e+09
-0.75 -0.25 -1.25 -0.160006 -0.317514 0.676272 3.95456e+09
-0.25 0.25 -1.25 -0.13265 -0.275977 0.722035 3.48711e+09
-0.75 0.75 -1.25 -0.124296 -0.275956 0.694688 4.15741e+09
-0.25 1.25 -1.25 -0.0945509 -0.231686 0.732033 3.67755e+09
0.25 -1.25 -1.25 -0.193303 -0.308916 0.718314 2.89763e+09
0.75 -0.75 -1.25 -0.161116 -0.269046 0.773658 2.6246e+09
0.25 -0.25 -1.25 -0.145318 -0.273903 0.748954 2.98707e+09
0.75 0.25 -1.25 -0.111125 -0.231529 0.795653 2.71329e+09
0.25 0.75 -1.25 -0.10073 -0.232895 0.764302 3.12857e+09
0.75 1.25 -1.25 -0.0648222 -0.188714 0.800922 2.86467e+09
1.25 -1.25 -1.25 -0.178666 -0.260609 0.794391 2.37263e+09
1.75 -0.75 -1.25 -0.140615 -0.218795 0.847862 2.19476e+09
1.25 -0.25 -1.25 -0.124787 -0.227003 0.824156 2.40846e+09
1.75 0.25 -1.25 -0.0849686 -0.183142 0.867392 2.24549e+09
1.25 0.75 -1.25 -0.0731792 -0.18767 0.835876 2.50913e+09
1.75 1.25 -1.25 -0.032511 -0.142934 0.86696 2.36835e+09
2.25 -1.25 -1.25 -0.15771 -0.206923 0.864943 2.05878e+09
2.25 -0.25 -1.25 -0.0992954 -0.174853 0.893414 2.05936e+09
2.25 0.75 -1.25 -0.0425802 -0.138006 0.900667 2.13216e+09
-2.5 -1.5 -1 -0.209684 -0.0871041 0.518572 2.86235e+10
-2.5 -0.5 -1 -0.230993 -0.0590799 0.537906 3.18856e+10
-2.5 0.5 -1 -0.258986 -0.0344545 0.543965 3.51135e+10
-2.5 1.5 -1 -0.28388 -0.0117962 0.54147 3.79609e+10
-1.5 -1.5 -1 -0.174684 -0.0284286 0.594469 1.97526e+10
-2 -1 -1 -0.200945 -0.0377202 0.566749 2.47611e+10
-1.5 -0.5 -1 -0.195366 0.00620421 0.610159 2.16493e+10
-2 0 -1 -0.226257 -0.00806909 0.576737 2.72932e+10
-1.5 0.5 -1 -0.222163 0.0372587 0.611979 2.36768e+10
-2 1 -1 -0.255004 0.01883 0.57485 2.979e+10
-1.5 1.5 -1 -0.250032 0.0651344 0.602859 2.57686e+10
-0.5 -1.5 -1 -0.144252 0.0053219 0.673297 1.47146e+10
-1 -1 -1 -0.167992 0.0098726 0.642816 1.75947e+10
-0.5 -0.5 -1 -0.162407 0.0434302 0.687897 1.58258e+10
-1 0 -1 -0.1908 0.0449608 0.650227 1.9149e+10
-0.5 0.5 -1 -0.186294 0.0778776 0.687279 1.71758e+10
-1 1 -1 -0.217563 0.0761475 0.644388 2.08818e+10
-0.5 1.5 -1 -0.2121 0.108436 0.673525 1.87683e+10
0.5 -1.5 -1 -0.111852 0.0202464 0.754394 1.17377e+10
0 -1 -1 -0.136733 0.0345981 0.723277 1.34239e+10
0.5 -0.5 -1 -0.130385 0.0590398 0.769424 1.23679e+10
0 0 -1 -0.157362 0.0716522 0.729627 1.4403e+10
0.5 0.5 -1 -0.152778 0.0943072 0.766998 1.32908e+10
0 1 -1 -0.181612 0.104733 0.720572 1.56574e+10
0.5 1.5 -1 -0.176786 0.125832 0.748769 1.45336e+10
1.5 -1.5 -1 -0.0777204 0.0207425 0.83174 9.95981e+09
1 -1 -1 -0.103994 0.0415838 0.804341 1.09224e+10
1.5 -0.5 -1 -0.0978672 0.0582895 0.848638 1.02687e+10
1 0 -1 -0.12519 0.0783993 0.810549 1.15311e+10
1.5 0.5 -1 -0.12116 0.09286 0.845012 1.08984e+10
1 1 -1 -0.148715 0.111627 0.798486 1.24583e+10
1.5 1.5 -1 -0.145185 0.124103 0.822436 1.18816e+10
2.5 -1.5 -1 -0.0430641 0.0101253 0.89748 8.93529e+09
2 -1 -1 -0.0704347 0.035184 0.878454 9.42205e+09
2.5 -0.5 -1 -0.0653248 0.0455929 0.917261 9.00883e+09
2 0 -1 -0.0934444 0.0705268 0.885579 9.77009e+09
2.5 0.5 -1 -0.0905047 0.0787714 0.913423 9.41983e+09
2 1 -1 -0.118173 0.102907 0.871096 1.04569e+10
2.5 1.5 -1 -0.115801 0.109333 0.887363 1.01963e+10
-2.25 -1.25 -0.75 -0.210986 -0.304556 0.538953 8.63976e+09
-2.25 -0.25 -0.75 -0.202922 -0.273128 0.569504 9.30411e+09
-2.25 0.75 -0.75 -0.200788 -0.239216 0.587062 9.88215e+09
-1.25 -1.25 -0.75 -0.198735 -0.272603 0.605371 6.04171e+09
-1.75 -0.75 -0.75 -0.196836 -0.272014 0.587692 7.41726e+09
-1.25 -0.25 -0.75 -0.181136 -0.236923 0.633101 6.41412e+09
-1.75 0.25 -0.75 -0.187364 -0.235839 0.60984 7.88941e+09
-1.25 0.75 -0.75 -0.169044 -0.196741 0.647863 6.7735e+09
-1.75 1.25 -0.75 -0.182147 -0.196367 0.620207 8.30916e+09
-0.25 -1.25 -0.75 -0.188138 -0.241636 0.677866 4.53253e+09
-0.75 -0.75 -0.75 -0.181845 -0.239213 0.656183 5.32131e+09
-0.25 -0.25 -0.75 -0.161228 -0.203872 0.704976 4.72843e+09
-0.75 0.25 -0.75 -0.162116 -0.200008 0.676482 5.60707e+09
-0.25 0.75 -0.75 -0.139203 -0.162185 0.717518 4.97631e+09
-0.75 1.25 -0.75 -0.147041 -0.156896 0.683744 5.91784e+09
0.75 -1.25 -0.75 -0.171781 -0.208673 0.755472 3.62285e+09
0.25 -0.75 -0.75 -0.165173 -0.207252 0.731844 4.08296e+09
0.75 -0.25 -0.75 -0.138618 -0.171669 0.782442 3.7191e+09
0.25 0.25 -0.75 -0.136723 -0.167444 0.751001 4.25602e+09
0.75 0.75 -0.75 -0.108751 -0.13051 0.79235 3.8941e+09
0.25 1.25 -0.75 -0.112601 -0.124071 0.754581 4.50022e+09
1.75 -1.25 -0.75 -0.149577 -0.172921 0.831456 3.07127e+09
1.25 -0.75 -0.75 -0.143304 -0.173721 0.809918 3.33237e+09
1.75 -0.25 -0.75 -0.112051 -0.137758 0.858205 3.10428e+09
1.25 0.25 -0.75 -0.10896 -0.135354 0.827597 3.43671e+09
1.75 0.75 -0.75 -0.0769704 -0.0987127 0.864666 3.2307e+09
1.25 1.25 -0.75 -0.0781584 -0.0935869 0.826479 3.63277e+09
2.25 -0.75 -0.75 -0.116996 -0.137287 0.882049 2.87846e+09
2.25 0.25 -0.75 -0.0787143 -0.101148 0.89765 2.93632e+09
2.25 1.25 -0.75 -0.0434705 -0.0622139 0.891035 3.09654e+09
-2.5 -1 -0.5 -0.223915 -0.141995 0.523741 4.08439e+10
-2.5 0 -0.5 -0.236263 -0.112503 0.540824 4.49842e+10
-2.5 1 -0.5 -0.252839 -0.0837934 0.546152 4.85597e+10
-2 -1.5 -0.5 -0.204893 -0.123452 0.548242 3.20091e+10
-1.5 -1 -0.5 -0.1949 -0.077544 0.598242 2.81832e+10
-2 -0.5 -0.5 -0.214828 -0.0897336 0.569474 3.52294e+10
-1.5 0 -0.5 -0.207815 -0.0420744 0.610537 3.06669e+10
-2 0.5 -0.5 -0.230856 -0.0576562 0.577323 3.83177e+10
-1.5 1 -0.5 -0.224879 -0.00841737 0.61048 3.31147e+10
-2 1.5 -0.5 -0.248524 -0.0267176 0.5749 4.10523e+10
-1 -1.5 -0.5 -0.179148 -0.0737806 0.625692 2.31416e+10
-0.5 -1 -0.5 -0.168072 -0.0368806 0.676811 2.08732e+10
-1 -0.5 -0.5 -0.186394 -0.0357265 0.644218 2.5006e+10
-0.5 0 -0.5 -0.177831 0.00158093 0.687062 2.24135e+10
-1 0.5 -0.5 -0.200571 0.00057027 0.648452 2.70234e+10
-0.5 1 -0.5 -0.192256 0.0376669 0.683236 2.41875e+10
-1 1.5 -0.5 -0.217145 0.0346633 0.640765 2.91495e+10
0 -1.5 -0.5 -0.150801 -0.0440348 0.706882 1.79201e+10
0.5 -1 -0.5 -0.138058 -0.0145301 0.759018 1.65004e+10
0 -0.5 -0.5 -0.157462 -0.00392589 0.724549 1.89854e+10
0.5 0 -0.5 -0.147044 0.0246041 0.768225 1.74624e+10
0 0.5 -0.5 -0.168755 0.0339056 0.726383 2.0357e+10
0.5 1 -0.5 -0.159194 0.0612343 0.760881 1.87845e+10
0 1.5 -0.5 -0.182736 0.0692816 0.713854 2.20499e+10
1 -1.5 -0.5 -0.118686 -0.0286994 0.788027 1.47788e+10
1.5 -1 -0.5 -0.105211 -0.00559807 0.838623 1.38521e+10
1 -0.5 -0.5 -0.126111 0.0110151 0.806527 1.53378e+10
1.5 0 -0.5 -0.115022 0.0325197 0.847803 1.44264e+10
1 0.5 -0.5 -0.136868 0.0486377 0.806357 1.62827e+10
1.5 1 -0.5 -0.127019 0.0683773 0.837108 1.54228e+10
1 1.5 -0.5 -0.149317 0.083793 0.788844 1.76498e+10
2 -1.5 -0.5 -0.0843041 -0.0241069 0.861816 1.29109e+10
2.5 -1 -0.5 -0.0710611 -0.00635377 0.907329 1.22846e+10
2 -0.5 -0.5 -0.0931016 0.0138911 0.882393 1.3118e+10
2.5 0 -0.5 -0.0823101 0.0299561 0.917393 1.25735e+10
2 0.5 -0.5 -0.104803 0.0501789 0.880936 1.3756e+10
2.5 1 -0.5 -0.0952877 0.0644337 0.904133 1.3316e+10
2 1.5 -0.5 -0.117444 0.0842453 0.858716 1.48624e+10
-2.25 -0.75 -0.25 -0.227437 -0.191222 0.541736 1.05539e+10
-2.25 0.25 -0.25 -0.238988 -0.161761 0.559355 1.13436e+10
-2.25 1.25 -0.25 -0.252831 -0.131741 0.566273 1.19831e+10
-1.75 -1.25 -0.25 -0.210076 -0.193503 0.563613 8.46973e+09
-1.25 -0.75 -0.25 -0.198415 -0.165019 0.612536 7.4536e+09
-1.75 -0.25 -0.25 -0.214286 -0.160925 0.586559 9.11751e+09
-1.25 0.25 -0.25 -0.199965 -0.128047 0.628557 7.92834e+09
-1.75 0.75 -0.25 -0.223059 -0.126018 0.597311 9.68346e+09
-1.25 1.25 -0.25 -0.205054 -0.0892042 0.63271 8.37702e+09
-0.75 -1.25 -0.25 -0.191629 -0.172382 0.636494 6.24037e+09
-0.25 -0.75 -0.25 -0.175911 -0.142528 0.688514 5.60264e+09
-0.75 -0.25 -0.25 -0.184334 -0.134072 0.659332 6.59395e+09
-0.25 0.25 -0.25 -0.167008 -0.102159 0.704048 5.89194e+09
-0.75 0.75 -0.25 -0.182845 -0.0941213 0.668434 6.97573e+09
-0.25 1.25 -0.25 -0.162557 -0.0602249 0.705385 6.23891e+09
0.25 -1.25 -0.25 -0.171811 -0.151325 0.714922 4.88289e+09
0.75 -0.75 -0.25 -0.151211 -0.121573 0.768949 4.47225e+09
0.25 -0.25 -0.25 -0.15713 -0.111876 0.738107 5.07357e+09
0.75 0.25 -0.25 -0.135553 -0.0812193 0.783767 4.65184e+09
0.25 0.75 -0.25 -0.146527 -0.0702811 0.745439 5.34024e+09
0.75 1.25 -0.25 -0.123533 -0.0390159 0.781346 4.92699e+09
1.25 -1.25 -0.25 -0.147487 -0.129856 0.794636 4.0503e+09
1.75 -0.75 -0.25 -0.123069 -0.100518 0.8471 3.77863e+09
1.25 -0.25 -0.25 -0.128198 -0.0916604 0.818387 4.14042e+09
1.75 0.25 -0.25 -0.10337 -0.0619146 0.860802 3.88612e+09
1.25 0.75 -0.25 -0.111815 -0.0509703 0.823165 4.33223e+09
1.75 1.25 -0.25 -0.0866918 -0.0214943 0.853662 4.10931e+09
2.25 -1.25 -0.25 -0.11915 -0.10724 0.867774 3.54646e+09
2.25 -0.25 -0.25 -0.0971379 -0.0710882 0.89189 3.5684e+09
2.25 0.75 -0.25 -0.0773901 -0.0326463 0.893496 3.70718e+09
-2.5 -1.5 0 -0.232269 -0.200537 0.498788 4.46991e+10
-2.5 -0.5 0 -0.234479 -0.168658 0.525137 4.9508e+10
-2.5 0.5 0 -0.242237 -0.138007 0.538425 5.36835e+10
-2.5 1.5 0 -0.252161 -0.107291 0.541785 5.6682e+10
-1.5 -1.5 0 -0.207502 -0.135713 0.577365 3.16274e+10
-2 -1 0 -0.219034 -0.147735 0.551826 3.91326e+10
-1.5 -0.5 0 -0.209072 -0.0990465 0.599107 3.44127e+10
-2 0 0 -0.226029 -0.11346 0.568215 4.26695e+10
-1.5 0.5 0 -0.218184 -0.0626627 0.607065 3.70841e+10
-2 1 0 -0.236812 -0.079799 0.572899 4.56836e+10
-1.5 1.5 0 -0.229544 -0.0273112 0.604145 3.94897e+10
-0.5 -1.5 0 -0.182418 -0.0936787 0.658503 2.38941e+10
-1 -1 0 -0.19494 -0.0928292 0.629512 2.83145e+10
-0.5 -0.5 0 -0.182825 -0.0533233 0.678082 2.5493e+10
-1 0 0 -0.199402 -0.0543777 0.642671 3.04757e+10
-0.5 0.5 0 -0.188744 -0.014266 0.683055 2.72932e+10
-1 1 0 -0.209016 -0.0169903 0.642784 3.26606e+10
-0.5 1.5 0 -0.19781 0.023378 0.675029 2.92692e+10
0.5 -1.5 0 -0.152504 -0.067554 0.741933 1.92048e+10
0 -1 0 -0.167657 -0.0582337 0.711848 2.1821e+10
0.5 -0.5 0 -0.153031 -0.0262342 0.76132 2.0084e+10
0 0 0 -0.170282 -0.0177576 0.723181 2.31694e+10
0.5 0.5 0 -0.157161 0.0136027 0.763785 2.13295e+10
0 1 0 -0.176774 0.0210741 0.719518 2.48117e+10
0.5 1.5 0 -0.163567 0.0517491 0.750545 2.29658e+10
1.5 -1.5 0 -0.118555 -0.052872 0.821821 1.6362e+10
1 -1 0 -0.135914 -0.0383683 0.79511 1.78602e+10
1.5 -0.5 0 -0.119965 -0.0124534 0.842609 1.67654e+10
1 0 0 -0.138492 0.00205803 0.805685 1.86886e+10
1.5 0.5 0 -0.124118 0.0266501 0.843098 1.76249e+10
1 1 0 -0.14355 0.0407906 0.798187 1.99436e+10
1.5 1.5 0 -0.129621 0.0639471 0.824467 1.89803e+10
2.5 -1.5 0 -0.0826738 -0.0464007 0.890292 1.47037e+10
2 -1 0 -0.101277 -0.0289028 0.87168 1.54604e+10
2.5 -0.5 0 -0.0851212 -0.00780687 0.913408 1.47588e+10
2 0 0 -0.104713 0.0101902 0.882497 1.59216e+10
2.5 0.5 0 -0.0901533 0.0297638 0.912727 1.53246e+10
2 1 0 -0.109983 0.0477235 0.871558 1.68787e+10
2.5 1.5 0 -0.0959572 0.0657401 0.889356 1.64373e+10
-2.25 -1.25 0.25 -0.239717 -0.117403 0.514978 1.06181e+10
-2.25 -0.25 0.25 -0.264248 -0.0928647 0.532191 1.1616e+10
-2.25 0.75 0.25 -0.290168 -0.0683185 0.538946 1.24282e+10
-1.25 -1.25 0.25 -0.206833 -0.103659 0.592397 7.7602e+09
-1.75 -0.75 0.25 -0.229285 -0.0945018 0.564163 9.39616e+09
-1.25 -0.25 0.25 -0.218359 -0.0679536 0.610302 8.31398e+09
-1.75 0.25 0.25 -0.250327 -0.0640239 0.575371 1.01051e+10
-1.25 0.75 0.25 -0.235371 -0.03314 0.615534 8.84869e+09
-1.75 1.25 0.25 -0.272274 -0.0335166 0.576402 1.06977e+10
-0.25 -1.25 0.25 -0.18048 -0.0915113 0.672525 5.97504e+09
-0.75 -0.75 0.25 -0.195969 -0.0780803 0.642873 6.9683e+09
-0.25 -0.25 0.25 -0.182708 -0.0514469 0.691213 6.28955e+09
-0.75 0.25 0.25 -0.20524 -0.0397367 0.654189 7.39839e+09
-0.25 0.75 0.25 -0.18943 -0.0115018 0.695378 6.65675e+09
-0.75 1.25 0.25 -0.21811 -0.00193679 0.652876 7.84606e+09
0.75 -1.25 0.25 -0.152573 -0.0811665 0.755074 4.86354e+09
0.25 -0.75 0.25 -0.16597 -0.0659326 0.72539 5.46095e+09
0.75 -0.25 0.25 -0.149306 -0.040633 0.774838 5.03263e+09
0.25 0.25 0.25 -0.166939 -0.0250464 0.736588 5.73226e+09
0.75 0.75 0.25 -0.149145 0.000553999 0.777207 5.29519e+09
0.25 1.25 0.25 -0.171314 0.0158799 0.732341 6.08239e+09
1.75 -1.25 0.25 -0.12156 -0.0715399 0.834089 4.17541e+09
1.25 -0.75 0.25 -0.134656 -0.0565751 0.808082 4.52305e+09
1.75 -0.25 0.25 -0.115452 -0.0325233 0.855066 4.24947e+09
1.25 0.25 0.25 -0.130986 -0.0160189 0.818893 4.69243e+09
1.75 0.75 0.25 -0.111636 0.00763963 0.855019 4.43989e+09
1.25 1.25 0.25 -0.130013 0.0250301 0.810665 4.97403e+09
2.25 -0.75 0.25 -0.101448 -0.0480153 0.883268 3.94578e+09
2.25 0.25 0.25 -0.0955089 -0.0092593 0.893418 4.04452e+09
2.25 1.25 0.25 -0.0918403 0.0300813 0.880694 4.27346e+09
-2.5 -1 0.5 -0.242855 -0.214582 0.501317 4.82669e+10
-2.5 0 0.5 -0.24389 -0.182682 0.522086 5.2807e+10
-2.5 1 0.5 -0.248379 -0.151022 0.53155 5.60948e+10
-2 -1.5 0.5 -0.233761 -0.193673 0.526407 3.86282e+10
-1.5 -1 0.5 -0.219768 -0.145087 0.580627 3.45195e+10
-2 -0.5 0.5 -0.231042 -0.159367 0.551532 4.23871e+10
-1.5 0 0.5 -0.221001 -0.1078 0.596519 3.7284e+10
-2 0.5 0.5 -0.236063 -0.124331 0.563066 4.55898e+10
-1.5 1 0.5 -0.227584 -0.0705559 0.600057 3.96765e+10
-2 1.5 0.5 -0.243177 -0.0897344 0.564501 4.79002e+10
-1 -1.5 0.5 -0.210395 -0.139077 0.608771 2.87156e+10
-0.5 -1 0.5 -0.194953 -0.0984 0.66313 2.60939e+10
-1 -0.5 0.5 -0.207156 -0.0995442 0.630236 3.08905e+10
-0.5 0 0.5 -0.194119 -0.0575545 0.676291 2.78124e+10
-1 0.5 0.5 -0.210274 -0.0603935 0.637878 3.30301e+10
-0.5 1 0.5 -0.197808 -0.0175302 0.675712 2.96326e+10
-1 1.5 0.5 -0.216711 -0.0217744 0.633667 3.50315e+10
0 -1.5 0.5 -0.183091 -0.102899 0.69371 2.25997e+10
0.5 -1 0.5 -0.16505 -0.0686609 0.748584 2.08914e+10
0 -0.5 0.5 -0.179395 -0.0607567 0.713826 2.38314e+10
0.5 0 0.5 -0.16333 -0.0265423 0.760259 2.19658e+10
0 0.5 0.5 -0.179972 -0.0195277 0.718506 2.53141e+10
0.5 1 0.5 -0.164516 0.0144308 0.755616 2.33787e+10
0 1.5 0.5 -0.183238 0.0207734 0.70904 2.70396e+10
1 -1.5 0.5 -0.150115 -0.0798778 0.77806 1.88243e+10
1.5 -1 0.5 -0.130503 -0.0508825 0.831173 1.76834e+10
1 -0.5 0.5 -0.147071 -0.0373848 0.798733 1.94609e+10
1.5 0 0.5 -0.129131 -0.00922741 0.842491 1.83213e+10
1 0.5 0.5 -0.146678 0.00410072 0.800934 2.04995e+10
1.5 1 0.5 -0.129583 0.0311606 0.833857 1.94193e+10
1 1.5 0.5 -0.147915 0.0442737 0.785784 2.19692e+10
2 -1.5 0.5 -0.113814 -0.0658947 0.854705 1.65447e+10
2.5 -1 0.5 -0.0935617 -0.04124 0.902588 1.57597e+10
2 -0.5 0.5 -0.111398 -0.0246207 0.87736 1.6763e+10
2.5 0 0.5 -0.0928913 -0.00105871 0.914462 1.60708e+10
2 0.5 0.5 -0.111338 0.0158212 0.877764 1.74725e+10
2.5 1 0.5 -0.0937631 0.0379916 0.902526 1.69113e+10
2 1.5 0.5 -0.112243 0.0548168 0.857038 1.87109e+10
-2.25 -0.75 0.75 -0.277342 -0.0299243 0.506807 1.07352e+10
-2.25 0.25 0.75 -0.315317 -0.0110117 0.512734 1.16981e+10
-2.25 1.25 0.75 -0.34996 0.00662026 0.511124 1.24209e+10
-1.75 -1.25 0.75 -0.236792 -0.0370892 0.542594 8.79744e+09
-1.25 -0.75 0.75 -0.228106 -0.0160704 0.59295 7.94942e+09
-1.75 -0.25 0.75 -0.266323 -0.00811372 0.554751 9.57482e+09
-1.25 0.25 0.75 -0.25434 0.0167637 0.599536 8.53126e+09
-1.75 0.75 0.75 -0.299326 0.0173386 0.555935 1.02653e+10
-1.25 1.25 0.75 -0.282161 0.0469953 0.595388 9.06631e+09
-0.75 -1.25 0.75 -0.19949 -0.0311798 0.627217 6.72809e+09
-0.25 -0.75 0.75 -0.189265 -0.00934645 0.678967 6.15752e+09
-0.75 -0.25 0.75 -0.217862 0.00686306 0.640814 7.18268e+09
-0.25 0.25 0.75 -0.205526 0.029864 0.685963 6.52743e+09
-0.75 0.75 0.75 -0.240358 0.042314 0.641358 7.64892e+09
-0.25 1.25 0.75 -0.224345 0.0671685 0.679486 6.93871e+09
0.25 -1.25 0.75 -0.165969 -0.0291413 0.712874 5.40158e+09
0.75 -0.75 0.75 -0.152953 -0.00835172 0.765552 5.01874e+09
0.25 -0.25 0.75 -0.177083 0.0122149 0.727916 5.66324e+09
0.75 0.25 0.75 -0.163293 0.0329586 0.7727 5.25547e+09
0.25 0.75 0.75 -0.1913 0.0520915 0.727308 5.99372e+09
0.75 1.25 0.75 -0.175736 0.0732265 0.762919 5.58349e+09
1.25 -1.25 0.75 -0.130961 -0.0297738 0.796793 4.56014e+09
1.75 -0.75 0.75 -0.116086 -0.010346 0.847482 4.3001e+09
1.25 -0.25 0.75 -0.138745 0.0116161 0.813575 4.69884e+09
1.75 0.25 0.75 -0.123869 0.0304898 0.854644 4.44753e+09
1.25 0.75 0.75 -0.148475 0.0526002 0.811167 4.93846e+09
1.75 1.25 0.75 -0.13331 0.0707643 0.840823 4.71328e+09
2.25 -1.25 0.75 -0.0945061 -0.031968 0.871887 4.04214e+09
2.25 -0.25 0.75 -0.100842 0.00803695 0.890651 4.09382e+09
2.25 0.75 0.75 -0.108886 0.047979 0.886198 4.26757e+09
-2.5 -1.5 1 -0.259722 -0.253435 0.470628 4.23928e+10
-2.5 -0.5 1 -0.252005 -0.222075 0.499704 4.69489e+10
-2.5 0.5 1 -0.251916 -0.189602 0.515257 5.04116e+10
-2.5 1.5 1 -0.253882 -0.15773 0.521276 5.22e+10
-1.5 -1.5 1 -0.236477 -0.18587 0.556596 3.15092e+10
-2 -1 1 -0.243514 -0.199435 0.528603 3.81945e+10
-1.5 -0.5 1 -0.230426 -0.148119 0.580336 3.42146e+10
-2 0 1 -0.241534 -0.164381 0.547557 4.14285e+10
-1.5 0.5 1 -0.231432 -0.109984 0.590649 3.65402e+10
-2 1 1 -0.244855 -0.128632 0.554599 4.37584e+10
-1.5 1.5 1 -0.235895 -0.0717985 0.589972 3.8275e+10
-0.5 -1.5 1 -0.211747 -0.138871 0.643327 2.44882e+10
-1 -1 1 -0.220675 -0.140065 0.612589 2.86447e+10
-0.5 -0.5 1 -0.205122 -0.0968967 0.66444 2.60548e+10
-1 0 1 -0.217677 -0.0998207 0.627673 3.06615e+10
-0.5 0.5 1 -0.203848 -0.0551733 0.671165 2.76726e+10
-1 1 1 -0.219865 -0.0596835 0.629888 3.24768e+10
-0.5 1.5 1 -0.205554 -0.0135846 0.665104 2.92818e+10
0.5 -1.5 1 -0.180624 -0.107547 0.731009 2.00338e+10
0 -1 1 -0.193262 -0.0999007 0.699549 2.25681e+10
0.5 -0.5 1 -0.174535 -0.0635758 0.751556 2.09036e+10
0 0 1 -0.188877 -0.0568899 0.712317 2.38441e+10
0.5 0.5 1 -0.171364 -0.0203005 0.75538 2.20513e+10
0 1 1 -0.188034 -0.0143899 0.710298 2.52868e+10
0.5 1.5 1 -0.170084 0.0222682 0.743629 2.348e+10
1.5 -1.5 1 -0.144436 -0.0867644 0.814229 1.72634e+10
1 -1 1 -0.159775 -0.0739974 0.786502 1.8742e+10
1.5 -0.5 1 -0.138856 -0.0430169 0.836182 1.76615e+10
1 0 1 -0.15521 -0.0301973 0.798231 1.95323e+10
1.5 0.5 1 -0.135321 7.23091e-05 0.837684 1.84662e+10
1 1 1 -0.152549 0.0126837 0.791928 2.06754e+10
1.5 1.5 1 -0.132852 0.0419778 0.819855 1.97073e+10
2.5 -1.5 1 -0.105593 -0.0733369 0.88541 1.56194e+10
2 -1 1 -0.122174 -0.0577033 0.866172 1.63733e+10
2.5 -0.5 1 -0.100349 -0.0309519 0.909785 1.56653e+10
2 0 1 -0.11795 -0.0147294 0.87802 1.68113e+10
2.5 0.5 1 -0.0972549 0.0109318 0.909788 1.62017e+10
2 1 1 -0.115164 0.0272391 0.867732 1.77085e+10
2.5 1.5 1 -0.0948093 0.0516219 0.886532 1.7257e+10
-2.25 -1.25 1.25 -0.281491 0.0250253 0.483725 9.06014e+09
-2.25 -0.25 1.25 -0.327405 0.0430006 0.489367 1.00447e+10
-2.25 0.75 1.25 -0.373342 0.0550062 0.486542 1.08643e+10
-1.25 -1.25 1.25 -0.230137 0.027908 0.577062 6.9941e+09
-1.75 -0.75 1.25 -0.27343 0.0414105 0.535909 8.32514e+09
-1.25 -0.25 1.25 -0.264307 0.0607156 0.584895 7.58588e+09
-1.75 0.25 1.25 -0.315223 0.0647812 0.537273 9.04639e+09
-1.25 0.75 1.25 -0.30101 0.088302 0.58155 8.13553e+09
-1.75 1.25 1.25 -0.355123 0.0837193 0.530496 9.64078e+09
-0.25 -1.25 1.25 -0.188672 0.0244088 0.667457 5.58847e+09
-0.75 -0.75 1.25 -0.222639 0.0460716 0.628509 6.44748e+09
-0.25 -0.25 1.25 -0.213202 0.0643083 0.677237 5.94339e+09
-0.75 0.25 1.25 -0.25331 0.0807705 0.630837 6.90997e+09
-0.25 0.75 1.25 -0.240514 0.10042 0.673219 6.33057e+09
-0.75 1.25 1.25 -0.284889 0.111484 0.621873 7.36082e+09
0.75 -1.25 1.25 -0.14829 0.0159384 0.756113 4.66304e+09
0.25 -0.75 1.25 -0.179146 0.041792 0.719539 5.20575e+09
0.75 -0.25 1.25 -0.168374 0.0584801 0.767902 4.86979e+09
0.25 0.25 1.25 -0.202116 0.0819616 0.722464 5.50646e+09
0.75 0.75 1.25 -0.18981 0.0988012 0.762618 5.14999e+09
0.25 1.25 1.25 -0.226196 0.119508 0.710806 5.86314e+09
1.75 -1.25 1.25 -0.107362 0.00466451 0.8382 4.07168e+09
1.25 -0.75 1.25 -0.137224 0.0321783 0.807356 4.39763e+09
1.75 -0.25 1.25 -0.125749 0.0472219 0.852569 4.17634e+09
1.25 0.25 1.25 -0.156801 0.0741538 0.810733 4.5927e+09
1.75 0.75 1.25 -0.145127 0.0883217 0.845621 4.38159e+09
1.25 1.25 1.25 -0.177118 0.114218 0.795409 4.8808e+09
2.25 -0.75 1.25 -0.0957308 0.0191562 0.88524 3.88798e+09
2.25 0.25 1.25 -0.114454 0.0606842 0.889273 4.0064e+09
2.25 1.25 1.25 -0.133827 0.10087 0.870299 4.2399e+09
-2.5 -1 1.5 -0.265389 -0.257171 0.47234 3.80475e+10
-2.5 0 1.5 -0.259055 -0.224741 0.494911 4.14303e+10
-2.5 1 1.5 -0.257811 -0.191641 0.505913 4.33678e+10
-2 -1.5 1.5 -0.260943 -0.236684 0.500793 3.15128e+10
-1.5 -1 1.5 -0.244627 -0.18608 0.559485 2.89355e+10
-2 -0.5 1.5 -0.251663 -0.201253 0.527375 3.45671e+10
-1.5 0 1.5 -0.239675 -0.147325 0.57683 3.1111e+10
-2 0.5 1.5 -0.250061 -0.165106 0.540677 3.68534e+10
-1.5 1 1.5 -0.240433 -0.108119 0.581865 3.27235e+10
-2 1.5 1.5 -0.251845 -0.128651 0.54369 3.80515e+10
-1 -1.5 1.5 -0.238575 -0.1783 0.590378 2.45626e+10
-0.5 -1 1.5 -0.220262 -0.134643 0.648174 2.26831e+10
-1 -0.5 1.5 -0.229549 -0.137511 0.613032 2.63864e+10
-0.5 0 1.5 -0.214167 -0.0916425 0.662253 2.40828e+10
-1 0.5 1.5 -0.227203 -0.0962212 0.621839 2.80079e+10
-0.5 1 1.5 -0.212436 -0.0484599 0.662703 2.54234e+10
-1 1.5 1.5 -0.228037 -0.0543585 0.618956 2.93145e+10
0 -1.5 1.5 -0.210377 -0.137833 0.680935 1.9901e+10
0.5 -1 1.5 -0.189135 -0.0998299 0.738281 1.85945e+10
0 -0.5 1.5 -0.201835 -0.0932219 0.701674 2.0965e+10
0.5 0 1.5 -0.182315 -0.0545206 0.750522 1.94895e+10
0 0.5 1.5 -0.197087 -0.0489089 0.707137 2.21367e+10
0.5 1 1.5 -0.177702 -0.00964577 0.746598 2.05792e+10
0 1.5 1.5 -0.194415 -0.00450896 0.698696 2.33807e+10
1 -1.5 1.5 -0.175246 -0.109985 0.769408 1.68909e+10
1.5 -1 1.5 -0.151774 -0.0766699 0.824548 1.5978e+10
1 -0.5 1.5 -0.16738 -0.0641801 0.79063 1.74531e+10
1.5 0 1.5 -0.144943 -0.0311547 0.836349 1.6514e+10
1 0.5 1.5 -0.161365 -0.0188458 0.793331 1.8292e+10
1.5 1 1.5 -0.139416 0.0135524 0.827949 1.73906e+10
1 1.5 1.5 -0.156542 0.0257043 0.778608 1.94199e+10
2 -1.5 1.5 -0.135969 -0.0907481 0.849188 1.50199e+10
2.5 -1 1.5 -0.111169 -0.0613889 0.898826 1.43709e+10
2 -0.5 1.5 -0.128131 -0.0456317 0.872566 1.52168e+10
2.5 0 1.5 -0.104595 -0.0169209 0.911166 1.4633e+10
2 0.5 1.5 -0.122154 -0.000886303 0.873202 1.58e+10
2.5 1 1.5 -0.0992741 0.0267539 0.899058 1.53224e+10
2 1.5 1.5 -0.116873 0.0427468 0.852285 1.67917e+10
