449
-2.5 -1 -1.5 0.179117 -0.220746 0.547495 3.99293e+10
-2.5 0 -1.5 0.213204 -0.179895 0.577703 3.4951e+10
-2.5 1 -1.5 0.222686 -0.141409 0.611041 3.13539e+10
-2 -1.5 -1.5 0.168721 -0.220455 0.528937 4.4727e+10
-1.5 -1 -1.5 0.220455 -0.168721 0.528937 4.4727e+10
-2 -0.5 -1.5 0.220746 -0.179117 0.547495 3.99293e+10
-1.5 0 -1.5 0.251408 -0.126878 0.544189 4.20401e+10
-2 0.5 -1.5 0.239235 -0.13877 0.573121 3.65311e+10
-1.5 1 -1.5 0.258924 -0.0894556 0.564327 3.98164e+10
-2 1.5 -1.5 0.240527 -0.10194 0.599924 3.37893e+10
-1 -1.5 -1.5 0.206914 -0.143304 0.525496 4.89254e+10
-0.5 -1 -1.5 0.247134 -0.0607553 0.524399 5.25231e+10
-1 -0.5 -1.5 0.255872 -0.102503 0.526885 4.75227e+10
-0.5 0 -1.5 0.275967 -0.0244584 0.522885 5.32775e+10
-1 0.5 -1.5 0.272163 -0.0647059 0.537799 4.64244e+10
-0.5 1 -1.5 0.282669 0.00646911 0.529416 5.35651e+10
-1 1.5 -1.5 0.272012 -0.0321713 0.552323 4.51125e+10
0 -1.5 -1.5 0.217775 0.00500442 0.53984 5.59371e+10
0.5 -1 -1.5 0.22585 0.115206 0.539796 6.46693e+10
0 -0.5 -1.5 0.263091 0.034502 0.522646 5.98549e+10
0.5 0 -1.5 0.257695 0.142148 0.521988 7.22019e+10
0 0.5 -1.5 0.280905 0.0638841 0.518287 6.27666e+10
0.5 1 -1.5 0.269812 0.155327 0.512392 7.7364e+10
0 1.5 -1.5 0.281658 0.082638 0.519162 6.4278e+10
1 -1.5 -1.5 0.145365 0.222016 0.576266 6.27171e+10
1.5 -1 -1.5 0.104564 0.350083 0.580064 7.92946e+10
1 -0.5 -1.5 0.204958 0.24276 0.542992 8.00756e+10
1.5 0 -1.5 0.163941 0.362063 0.543343 1.0542e+11
1 0.5 -1.5 0.231908 0.249062 0.520084 9.18722e+10
1.5 1 -1.5 0.203782 0.355244 0.511359 1.19372e+11
1 1.5 -1.5 0.251674 0.250355 0.502375 9.8525e+10
2 -1.5 -1.5 -0.0940031 0.484315 0.636988 5.29029e+10
2.5 -1 -1.5 -0.127718 0.550499 0.624204 6.75408e+10
2 -0.5 -1.5 0.0710856 0.474346 0.573399 1.0572e+11
2.5 0 -1.5 0.0986733 0.571055 0.546693 1.16159e+11
2 0.5 -1.5 0.140095 0.469613 0.53004 1.34315e+11
2.5 1 -1.5 0.0847716 0.562921 0.520844 1.84232e+11
2 1.5 -1.5 0.157775 0.456499 0.502619 1.62136e+11
-2.25 -0.75 -1.25 0.151674 -0.151674 0.569562 1.0098e+10
-2.25 0.25 -1.25 0.174512 -0.092114 0.599597 9.09295e+09
-2.25 1.25 -1.25 0.182711 -0.0396805 0.628464 8.38035e+09
-1.75 -1.25 -1.25 0.165514 -0.165514 0.544977 1.12458e+10
-1.25 -0.75 -1.25 0.220566 -0.0985411 0.543592 1.15987e+10
-1.75 -0.25 -1.25 0.197471 -0.0984448 0.567586 1.03688e+10
-1.25 0.25 -1.25 0.237334 -0.0379267 0.561151 1.1215e+10
-1.75 0.75 -1.25 0.209985 -0.0435188 0.591408 9.73857e+09
-1.25 1.25 -1.25 0.242691 0.0103173 0.577676 1.08961e+10
-0.75 -1.25 -1.25 0.244666 -0.0882647 0.528772 1.26364e+10
-0.25 -0.75 -1.25 0.290396 0.0144128 0.525301 1.40907e+10
-0.75 -0.25 -1.25 0.265005 -0.020484 0.538697 1.27029e+10
-0.25 0.25 -1.25 0.301243 0.0646246 0.528606 1.47136e+10
-0.75 0.75 -1.25 0.272256 0.0291572 0.549609 1.27493e+10
-0.25 1.25 -1.25 0.30047 0.0983191 0.533613 1.51229e+10
0.25 -1.25 -1.25 0.301136 0.0734413 0.524347 1.52493e+10
0.75 -0.75 -1.25 0.326943 0.199877 0.513968 1.82576e+10
0.25 -0.25 -1.25 0.325594 0.12162 0.515393 1.66688e+10
0.75 0.25 -1.25 0.344935 0.225944 0.501112 2.07293e+10
0.25 0.75 -1.25 0.327375 0.150395 0.514027 1.78586e+10
0.75 1.25 -1.25 0.347002 0.233346 0.493218 2.23622e+10
1.25 -1.25 -1.25 0.305118 0.275238 0.521807 1.81248e+10
1.75 -0.75 -1.25 0.277747 0.417644 0.518279 2.31255e+10
1.25 -0.25 -1.25 0.341354 0.311933 0.49724 2.31219e+10
1.75 0.25 -1.25 0.323723 0.429666 0.481039 2.99295e+10
1.25 0.75 -1.25 0.352483 0.325076 0.4805 2.6425e+10
1.75 1.25 -1.25 0.357278 0.4201 0.452029 3.50638e+10
2.25 -1.25 -1.25 0.179738 0.512396 0.552456 1.22313e+10
2.25 -0.25 -1.25 0.194455 0.523779 0.516173 2.94491e+10
2.25 0.75 -1.25 0.315727 0.53281 0.4543 4.03368e+10
-2.5 -1.5 -1 0.123297 -0.217068 0.540252 4.65209e+10
-2.5 -0.5 -1 0.17875 -0.17875 0.56652 4.09668e+10
-2.5 0.5 -1 0.20233 -0.138119 0.598064 3.70027e+10
-2.5 1.5 -1 0.208765 -0.0987165 0.629438 3.3956e+10
-1.5 -1.5 -1 0.163944 -0.163944 0.529917 4.82665e+10
-2 -1 -1 0.176844 -0.176844 0.541978 4.52421e+10
-1.5 -0.5 -1 0.217068 -0.123297 0.540252 4.65209e+10
-2 0 -1 0.212663 -0.135552 0.564235 4.19538e+10
-1.5 0.5 -1 0.23825 -0.0823702 0.557481 4.49749e+10
-2 1 -1 0.225585 -0.094994 0.589663 3.93088e+10
-1.5 1.5 -1 0.243728 -0.0434331 0.576352 4.33782e+10
-0.5 -1.5 -1 0.186747 -0.0542244 0.532363 5.09772e+10
-1 -1 -1 0.210991 -0.0979804 0.528659 4.99022e+10
-0.5 -0.5 -1 0.239553 -0.0150076 0.524867 5.48383e+10
-1 0 -1 0.244633 -0.0567456 0.535104 5.04202e+10
-0.5 0.5 -1 0.261438 0.022309 0.526607 5.73175e+10
-1 1 -1 0.256232 -0.0189433 0.546703 5.03331e+10
-0.5 1.5 -1 0.264171 0.051513 0.533178 5.85542e+10
0.5 -1.5 -1 0.173324 0.131934 0.547883 5.3315e+10
0 -1 -1 0.216651 0.0465452 0.528991 5.68931e+10
0.5 -0.5 -1 0.228079 0.161249 0.521962 6.64104e+10
0 0 -1 0.253758 0.0826609 0.517974 6.336e+10
0.5 0.5 -1 0.24529 0.184861 0.511137 7.66691e+10
0 1 -1 0.263049 0.107822 0.516536 6.80075e+10
0.5 1.5 -1 0.253442 0.193777 0.503274 8.32824e+10
1.5 -1.5 -1 0.157293 0.354765 0.559722 4.04379e+10
1 -1 -1 0.19315 0.257353 0.535896 6.09731e+10
1.5 -0.5 -1 0.148134 0.386093 0.534483 7.43586e+10
1 0 -1 0.205444 0.276756 0.517738 8.14672e+10
1.5 0.5 -1 0.176842 0.377286 0.507137 1.01921e+11
1 1 -1 0.225307 0.28158 0.500123 9.55166e+10
1.5 1.5 -1 0.198772 0.385911 0.486368 1.2263e+11
2.5 -1.5 -1 -0.13569 0.506804 0.608452 2.74999e+10
2 -1 -1 0.0643159 0.503991 0.569227 4.81491e+10
2.5 -0.5 -1 -0.0400707 0.590147 0.567892 5.61053e+10
2 0 -1 0.11014 0.472812 0.524296 9.04899e+10
2.5 0.5 -1 0.0881702 0.593975 0.508502 1.13768e+11
2 1 -1 0.147986 0.49062 0.493391 1.30533e+11
2.5 1.5 -1 0.117723 0.577729 0.473081 1.62107e+11
-2.25 -1.25 -0.75 0.187282 -0.245872 0.529141 1.13024e+10
-2.25 -0.25 -0.75 0.226267 -0.17978 0.559973 1.02086e+10
-2.25 0.75 -0.75 0.238898 -0.124859 0.591649 9.41976e+09
-1.25 -1.25 -0.75 0.262308 -0.188654 0.50706 1.21096e+10
-1.75 -0.75 -0.75 0.245872 -0.187282 0.529141 1.13024e+10
-1.25 -0.25 -0.75 0.29738 -0.119437 0.523745 1.19157e+10
-1.75 0.25 -0.75 0.269103 -0.127669 0.55381 1.06926e+10
-1.25 0.75 -0.75 0.308705 -0.0700958 0.541012 1.17256e+10
-1.75 1.25 -0.75 0.272903 -0.07959 0.577584 1.02174e+10
-0.25 -1.25 -0.75 0.348446 -0.0620976 0.490776 1.32587e+10
-0.75 -0.75 -0.75 0.324299 -0.0998988 0.502104 1.28665e+10
-0.25 -0.25 -0.75 0.374371 0.000665771 0.49058 1.44978e+10
-0.75 0.25 -0.75 0.342841 -0.0439892 0.511786 1.32311e+10
-0.25 0.75 -0.75 0.379599 0.0384384 0.493394 1.54276e+10
-0.75 1.25 -0.75 0.343825 -0.00698902 0.52194 1.34167e+10
0.75 -1.25 -0.75 0.367045 0.148682 0.490709 1.4532e+10
0.25 -0.75 -0.75 0.39278 0.068884 0.48054 1.52453e+10
0.75 -0.25 -0.75 0.419924 0.198558 0.461225 1.84937e+10
0.25 0.25 -0.75 0.409693 0.10736 0.471932 1.7257e+10
0.75 0.75 -0.75 0.431034 0.204567 0.446705 2.11586e+10
0.25 1.25 -0.75 0.407074 0.11743 0.468636 1.8599e+10
1.75 -1.25 -0.75 0.256001 0.41657 0.513111 1.38009e+10
1.25 -0.75 -0.75 0.378834 0.298885 0.471303 1.74487e+10
1.75 -0.25 -0.75 0.376615 0.408343 0.446668 2.09843e+10
1.25 0.25 -0.75 0.428186 0.302149 0.436002 2.25975e+10
1.75 0.75 -0.75 0.422114 0.400728 0.408242 2.82343e+10
1.25 1.25 -0.75 0.441393 0.297673 0.416207 2.65803e+10
2.25 -0.75 -0.75 0.267899 0.547838 0.491994 1.12368e+10
2.25 0.25 -0.75 0.320983 0.51943 0.435935 2.63494e+10
2.25 1.25 -0.75 0.412387 0.49053 0.378815 3.49439e+10
-2.5 -1 -0.5 0.141669 -0.185335 0.551473 4.2418e+10
-2.5 0 -0.5 0.182146 -0.145154 0.581304 3.87587e+10
-2.5 1 -0.5 0.199715 -0.103542 0.612794 3.5915e+10
-2 -1.5 -0.5 0.12838 -0.180642 0.532014 4.47065e+10
-1.5 -1 -0.5 0.180642 -0.12838 0.532014 4.47065e+10
-2 -0.5 -0.5 0.185335 -0.141669 0.551473 4.2418e+10
-1.5 0 -0.5 0.218634 -0.0859997 0.546737 4.45109e+10
-2 0.5 -0.5 0.211855 -0.0993829 0.575603 4.04224e+10
-1.5 1 -0.5 0.235083 -0.0437847 0.564416 4.38989e+10
-2 1.5 -0.5 0.221648 -0.057603 0.599732 3.86254e+10
-1 -1.5 -0.5 0.163118 -0.102588 0.524994 4.43252e+10
-0.5 -1 -0.5 0.203348 -0.0181646 0.521996 4.71803e+10
-1 -0.5 -0.5 0.218066 -0.059256 0.528177 4.72315e+10
-0.5 0 -0.5 0.241689 0.0242913 0.519906 5.24383e+10
-1 0.5 -0.5 0.242471 -0.0180393 0.537203 4.88586e+10
-0.5 1 -0.5 0.255767 0.0611937 0.523814 5.5996e+10
-1 1.5 -0.5 0.250899 0.0212432 0.54865 4.95459e+10
0 -1.5 -0.5 0.164799 0.0387196 0.530538 4.24668e+10
0.5 -1 -0.5 0.193423 0.148253 0.519925 4.76409e+10
0 -0.5 -0.5 0.226292 0.081149 0.513971 5.29485e+10
0.5 0 -0.5 0.232789 0.198178 0.503076 6.22612e+10
0 0.5 -0.5 0.251578 0.121828 0.508307 6.10079e+10
0.5 1 -0.5 0.245902 0.216409 0.493309 7.30473e+10
0 1.5 -0.5 0.257048 0.142819 0.507013 6.62856e+10
1 -1.5 -0.5 0.135342 0.236863 0.541339 3.52975e+10
1.5 -1 -0.5 0.151011 0.396903 0.527422 4.15767e+10
1 -0.5 -0.5 0.200392 0.283513 0.507984 5.58789e+10
1.5 0 -0.5 0.193411 0.392659 0.490042 6.40799e+10
1 0.5 -0.5 0.222351 0.301762 0.487972 7.4265e+10
1.5 1 -0.5 0.191161 0.398975 0.47396 9.08876e+10
1 1.5 -0.5 0.225099 0.309406 0.477168 8.95113e+10
2 -1.5 -0.5 -0.112361 0.480039 0.5928 2.0188e+10
2.5 -1 -0.5 -0.0678937 0.544962 0.561689 2.17493e+10
2 -0.5 -0.5 0.191742 0.498274 0.503013 4.25658e+10
2.5 0 -0.5 0.0933341 0.614539 0.507272 5.15703e+10
2 0.5 -0.5 0.144141 0.49281 0.480334 7.77606e+10
2.5 1 -0.5 0.122587 0.581801 0.462726 8.82363e+10
2 1.5 -0.5 0.169614 0.494739 0.453368 1.09045e+11
-2.25 -0.75 -0.25 0.261558 -0.261558 0.521017 1.03616e+10
-2.25 0.25 -0.25 0.286973 -0.199768 0.554125 9.6395e+09
-2.25 1.25 -0.25 0.290746 -0.151909 0.585203 9.06326e+09
-1.75 -1.25 -0.25 0.271103 -0.271103 0.49309 1.10106e+10
-1.25 -0.75 -0.25 0.338678 -0.193837 0.489312 1.13047e+10
-1.75 -0.25 -0.25 0.315254 -0.202954 0.517166 1.0606e+10
-1.25 0.25 -0.25 0.364798 -0.137713 0.505458 1.13655e+10
-1.75 0.75 -0.25 0.327704 -0.150867 0.54211 1.0252e+10
-1.25 1.25 -0.25 0.365561 -0.097323 0.522304 1.13428e+10
-0.75 -1.25 -0.25 0.354706 -0.174394 0.471681 1.14077e+10
-0.25 -0.75 -0.25 0.419411 -0.0626582 0.460245 1.24144e+10
-0.75 -0.25 -0.25 0.396236 -0.106426 0.477847 1.22171e+10
-0.25 0.25 -0.25 0.444323 -0.0123287 0.457529 1.38823e+10
-0.75 0.75 -0.25 0.408535 -0.0673974 0.485589 1.27395e+10
-0.25 1.25 -0.25 0.444217 0.00525448 0.458326 1.4781e+10
0.25 -1.25 -0.25 0.427603 0.00294334 0.458883 1.13811e+10
0.75 -0.75 -0.25 0.453415 0.149809 0.442093 1.33079e+10
0.25 -0.25 -0.25 0.467778 0.0603472 0.439667 1.4293e+10
0.75 0.25 -0.25 0.490467 0.175847 0.412978 1.6915e+10
0.25 0.75 -0.25 0.476219 0.0822464 0.430109 1.63313e+10
0.75 1.25 -0.25 0.496389 0.170979 0.39587 1.97448e+10
1.25 -1.25 -0.25 0.3963 0.252115 0.473344 1.04821e+10
1.75 -0.75 -0.25 0.370146 0.413603 0.458033 1.23417e+10
1.25 -0.25 -0.25 0.459285 0.271615 0.418974 1.53116e+10
1.75 0.25 -0.25 0.463721 0.383143 0.386855 1.82793e+10
1.25 0.75 -0.25 0.498769 0.27884 0.380252 2.05339e+10
1.75 1.25 -0.25 0.488103 0.360649 0.349806 2.3808e+10
2.25 -1.25 -0.25 0.318392 0.440992 0.49503 4.66363e+09
2.25 -0.25 -0.25 0.340693 0.551148 0.434033 1.47046e+10
2.25 0.75 -0.25 0.402591 0.487766 0.37447 2.06115e+10
-2.5 -1.5 0 0.0959001 -0.195517 0.533384 3.89503e+10
-2.5 -0.5 0 0.157297 -0.157297 0.56203 3.65061e+10
-2.5 0.5 0 0.188315 -0.11486 0.593445 3.4358e+10
-2.5 1.5 0 0.20226 -0.0714261 0.623546 3.25088e+10
-1.5 -1.5 0 0.138448 -0.138448 0.520504 3.72802e+10
-2 -1 0 0.152244 -0.152244 0.536088 3.80645e+10
-1.5 -0.5 0 0.195517 -0.0959001 0.533384 3.89503e+10
-2 0 0 0.195204 -0.109892 0.55899 3.72734e+10
-1.5 0.5 0 0.224716 -0.0514192 0.550065 3.96533e+10
-2 1 0 0.215631 -0.0660863 0.583318 3.63192e+10
-1.5 1.5 0 0.236738 -0.00808423 0.567095 3.97955e+10
-0.5 -1.5 0 0.167879 -0.0362522 0.514494 3.35482e+10
-1 -1 0 0.188373 -0.0704953 0.518058 3.82007e+10
-0.5 -0.5 0 0.221823 0.0154736 0.51086 4.10693e+10
-1 0 0 0.226949 -0.0253948 0.525428 4.17127e+10
-0.5 0.5 0 0.246246 0.0589073 0.512433 4.66085e+10
-1 1 0 0.245636 0.0185334 0.53563 4.38963e+10
-0.5 1.5 0 0.256944 0.0958294 0.516303 5.0277e+10
0.5 -1.5 0 0.148552 0.126822 0.523471 2.59959e+10
0 -1 0 0.199598 0.0651861 0.508478 3.59502e+10
0.5 -0.5 0 0.21362 0.179257 0.496636 4.06297e+10
0 0 0 0.238302 0.115676 0.498849 4.62098e+10
0.5 0.5 0 0.243559 0.220319 0.481133 5.34703e+10
0 1 0 0.253386 0.149309 0.494594 5.38854e+10
0.5 1.5 0 0.245998 0.239931 0.474541 6.38596e+10
1.5 -1.5 0 -0.0431702 0.453796 0.570982 1.50242e+10
1 -1 0 0.176523 0.257509 0.508749 2.97841e+10
1.5 -0.5 0 0.174659 0.384307 0.491368 3.38314e+10
1 0 0 0.219782 0.29194 0.477763 4.62692e+10
1.5 0.5 0 0.208258 0.410935 0.45953 5.40669e+10
1 1 0 0.231603 0.324187 0.462401 6.32776e+10
1.5 1.5 0 0.204219 0.40652 0.442603 7.30789e+10
2.5 -1.5 0 -0.127028 0.523406 0.579074 9.83059e+09
2 -1 0 -0.0573971 0.522893 0.555248 1.71542e+10
2.5 -0.5 0 -0.0617349 0.589044 0.537084 1.95294e+10
2 0 0 0.155556 0.538651 0.476432 3.96819e+10
2.5 0.5 0 0.139377 0.614087 0.468728 3.99684e+10
2 1 0 0.177466 0.487428 0.441803 5.9931e+10
2.5 1.5 0 0.168089 0.568769 0.421912 6.3804e+10
-2.25 -1.25 0.25 0.274591 -0.342878 0.483045 9.50625e+09
-2.25 -0.25 0.25 0.322153 -0.269742 0.516997 9.02059e+09
-2.25 0.75 0.25 0.337153 -0.215917 0.549675 8.5822e+09
-1.25 -1.25 0.25 0.353926 -0.26629 0.460776 9.50511e+09
-1.75 -0.75 0.25 0.342878 -0.274591 0.483045 9.50625e+09
-1.25 -0.25 0.25 0.405488 -0.199847 0.473132 9.94951e+09
-1.75 0.25 0.25 0.372178 -0.213744 0.507475 9.39913e+09
-1.25 0.75 0.25 0.418379 -0.153942 0.488583 1.01841e+10
-1.75 1.25 0.25 0.37491 -0.171634 0.53111 9.22108e+09
-0.25 -1.25 0.25 0.433171 -0.123699 0.443104 9.04512e+09
-0.75 -0.75 0.25 0.428927 -0.166926 0.450583 9.9866e+09
-0.25 -0.25 0.25 0.483637 -0.062615 0.431241 1.09923e+10
-0.75 0.25 0.25 0.458907 -0.119087 0.453659 1.08659e+10
-0.25 0.75 0.25 0.500157 -0.0381612 0.425435 1.22747e+10
-0.75 1.25 0.25 0.457695 -0.090904 0.461205 1.14073e+10
0.75 -1.25 0.25 0.459785 0.0932055 0.447522 7.67989e+09
0.25 -0.75 0.25 0.489419 -0.0080871 0.423673 9.96922e+09
0.75 -0.25 0.25 0.518325 0.13136 0.400063 1.11647e+10
0.25 0.25 0.25 0.522772 0.0430633 0.403634 1.24286e+10
0.75 0.75 0.25 0.545492 0.144404 0.368419 1.45048e+10
0.25 1.25 0.25 0.531938 0.0418145 0.388937 1.42517e+10
1.75 -1.25 0.25 0.421221 0.393326 0.47023 3.60311e+09
1.25 -0.75 0.25 0.444206 0.254164 0.433154 8.66782e+09
1.75 -0.25 0.25 0.469214 0.391983 0.399263 1.01815e+10
1.25 0.25 0.25 0.532416 0.249452 0.367848 1.30028e+10
1.75 0.75 0.25 0.517537 0.340798 0.341134 1.43094e+10
1.25 1.25 0.25 0.542983 0.233034 0.334698 1.66577e+10
2.25 -0.75 0.25 0.385986 0.490208 0.452068 4.05162e+09
2.25 0.25 0.25 0.427367 0.534347 0.380379 1.15824e+10
2.25 1.25 0.25 0.472659 0.442868 0.324799 1.51517e+10
-2.5 -1 0.5 0.124392 -0.17264 0.54087 3.0873e+10
-2.5 0 0.5 0.171777 -0.130081 0.572245 2.99016e+10
-2.5 1 0.5 0.196598 -0.085126 0.603479 2.88116e+10
-2 -1.5 0.5 0.110592 -0.166405 0.518949 3.00145e+10
-1.5 -1 0.5 0.166405 -0.110592 0.518949 3.00145e+10
-2 -0.5 0.5 0.17264 -0.124392 0.54087 3.0873e+10
-1.5 0 0.5 0.211241 -0.064146 0.534089 3.20672e+10
-2 0.5 0.5 0.206179 -0.0791948 0.56501 3.09936e+10
-1.5 1 0.5 0.23233 -0.0183791 0.551227 3.32796e+10
-2 1.5 0.5 0.221996 -0.0333702 0.588242 3.07505e+10
-1 -1.5 0.5 0.153556 -0.0872067 0.508154 2.64153e+10
-0.5 -1 0.5 0.206522 -0.0032738 0.500329 2.72149e+10
-1 -0.5 0.5 0.210098 -0.0394644 0.512201 3.11714e+10
-0.5 0 0.5 0.235219 0.0445765 0.500647 3.37683e+10
-1 0.5 0.5 0.237532 0.00783237 0.521542 3.4611e+10
-0.5 1 0.5 0.253701 0.089251 0.50293 3.85965e+10
-1 1.5 0.5 0.250167 0.0510566 0.531276 3.69027e+10
0 -1.5 0.5 0.199691 0.0388249 0.500991 1.9816e+10
0.5 -1 0.5 0.210125 0.159533 0.493296 2.10641e+10
0 -0.5 0.5 0.228965 0.0954939 0.48976 2.93547e+10
0.5 0 0.5 0.233698 0.200155 0.474428 3.25575e+10
0 0.5 0.5 0.247634 0.138254 0.483254 3.76422e+10
0.5 1 0.5 0.248961 0.238605 0.461443 4.30623e+10
0 1.5 0.5 0.25905 0.177068 0.479791 4.42123e+10
1 -1.5 0.5 0.130975 0.291919 0.533208 1.14999e+10
1.5 -1 0.5 0.0214459 0.459497 0.534433 1.239e+10
1 -0.5 0.5 0.199374 0.276704 0.482373 2.36188e+10
1.5 0 0.5 0.200933 0.406794 0.461148 2.7045e+10
1 0.5 0.5 0.237856 0.317174 0.452378 3.70329e+10
1.5 1 0.5 0.21979 0.411249 0.432598 4.13029e+10
1 1.5 0.5 0.230176 0.322407 0.440025 4.90257e+10
2 -1.5 0.5 -0.0971224 0.477502 0.57527 6.64906e+09
2.5 -1 0.5 -0.0899148 0.554392 0.555426 7.71373e+09
2 -0.5 0.5 0.00277877 0.559393 0.519677 1.41004e+10
2.5 0 0.5 -0.0217655 0.605593 0.507664 1.53888e+10
2 0.5 0.5 0.173681 0.525429 0.445624 2.99535e+10
2.5 1 0.5 0.17958 0.602409 0.436786 2.88252e+10
2 1.5 0.5 0.205936 0.486624 0.41142 4.30752e+10
-2.25 -0.75 0.75 0.339382 -0.339382 0.48143 7.69767e+09
-2.25 0.25 0.75 0.372767 -0.275895 0.514587 7.49193e+09
-2.25 1.25 0.75 0.376408 -0.229778 0.54603 7.25248e+09
-1.75 -1.25 0.75 0.346454 -0.346454 0.453557 7.63163e+09
-1.25 -0.75 0.75 0.423474 -0.262384 0.447643 7.79186e+09
-1.75 -0.25 0.75 0.400793 -0.274235 0.47577 7.8517e+09
-1.25 0.25 0.75 0.456783 -0.204952 0.459031 8.31841e+09
-1.75 0.75 0.75 0.418667 -0.224452 0.498491 7.8985e+09
-1.25 1.25 0.75 0.459046 -0.172487 0.472778 8.57687e+09
-0.75 -1.25 0.75 0.429518 -0.23152 0.436965 7.08809e+09
-0.25 -0.75 0.75 0.501203 -0.113788 0.419673 7.54071e+09
-0.75 -0.25 0.75 0.489556 -0.171943 0.430097 8.28445e+09
-0.25 0.25 0.75 0.537288 -0.0782658 0.403457 9.03295e+09
-0.75 0.75 0.75 0.50337 -0.134897 0.43236 9.07915e+09
-0.25 1.25 0.75 0.538871 -0.064983 0.39703 1.01614e+10
0.25 -1.25 0.75 0.480615 -0.0365511 0.434291 5.85675e+09
0.75 -0.75 0.75 0.524429 0.0910843 0.408171 6.3073e+09
0.25 -0.25 0.75 0.539658 -5.1824e-05 0.395033 8.18112e+09
0.75 0.25 0.75 0.571153 0.103732 0.362931 9.03485e+09
0.25 0.75 0.75 0.569437 0.00354035 0.368426 1.01025e+10
0.75 1.25 0.75 0.587043 0.083635 0.330113 1.12411e+10
1.25 -1.25 0.75 0.460143 0.307654 0.452305 2.72033e+09
1.75 -0.75 0.75 0.464443 0.408331 0.431638 2.93807e+09
1.25 -0.25 0.75 0.514854 0.234919 0.38931 7.01464e+09
1.75 0.25 0.75 0.516874 0.367774 0.360013 7.51985e+09
1.25 0.75 0.75 0.57584 0.216141 0.330695 9.97227e+09
1.75 1.25 0.75 0.544873 0.304075 0.308872 1.05628e+10
2.25 -1.25 0.75 0.390289 0.348244 0.528144 1.50399e+09
2.25 -0.25 0.75 0.472342 0.491894 0.410361 3.30483e+09
2.25 0.75 0.75 0.494595 0.501464 0.338902 8.39894e+09
-2.5 -1.5 1 0.0826031 -0.191241 0.518421 2.3086e+10
-2.5 -0.5 1 0.147985 -0.147985 0.54998 2.35795e+10
-2.5 0.5 1 0.185783 -0.102395 0.581925 2.34192e+10
-2.5 1.5 1 0.205285 -0.0551865 0.611677 2.30172e+10
-1.5 -1.5 1 0.128075 -0.128075 0.506273 2.00529e+10
-2 -1 1 0.142104 -0.142104 0.522531 2.27438e+10
-1.5 -0.5 1 0.191241 -0.0826031 0.518421 2.3086e+10
-2 0 1 0.190822 -0.0963341 0.545945 2.3959e+10
-1.5 0.5 1 0.224606 -0.0333717 0.534672 2.51526e+10
-2 1 1 0.217241 -0.0481206 0.56985 2.45325e+10
-1.5 1.5 1 0.240419 0.0135311 0.550637 2.64422e+10
-0.5 -1.5 1 0.165329 -0.0292149 0.500361 1.5449e+10
-1 -1 1 0.183831 -0.0616936 0.501811 2.02662e+10
-0.5 -0.5 1 0.22577 0.0286764 0.491499 2.11413e+10
-1 0 1 0.228474 -0.00772301 0.507724 2.42119e+10
-0.5 0.5 1 0.248241 0.0720466 0.491015 2.61186e+10
-1 1 1 0.246654 0.0370468 0.516817 2.7173e+10
-0.5 1.5 1 0.2587 0.115619 0.493243 3.00806e+10
0.5 -1.5 1 0.166303 0.184145 0.512762 1.02535e+10
0 -1 1 0.220797 0.0891388 0.489574 1.59276e+10
0.5 -0.5 1 0.250283 0.192838 0.471123 1.66188e+10
0 0 1 0.244357 0.116987 0.475182 2.26958e+10
0.5 0.5 1 0.244572 0.216378 0.455617 2.47726e+10
0 1 1 0.257344 0.161282 0.468844 2.88114e+10
0.5 1.5 1 0.255555 0.251118 0.443372 3.20764e+10
1.5 -1.5 1 -0.0619666 0.37938 0.564207 4.36158e+09
1 -1 1 0.246072 0.289699 0.49151 9.80802e+09
1.5 -0.5 1 0.163396 0.442967 0.492525 1.07644e+10
1 0 1 0.22177 0.299673 0.458408 1.81132e+10
1.5 0.5 1 0.21746 0.425969 0.437198 2.00509e+10
1 1 1 0.23965 0.320943 0.432772 2.72073e+10
1.5 1.5 1 0.21232 0.403214 0.416278 2.9058e+10
2.5 -1.5 1 -0.146334 0.50926 0.593579 3.09188e+09
2 -1 1 -0.056359 0.494363 0.550933 5.04946e+09
2.5 -0.5 1 -0.0550503 0.586154 0.531365 5.88487e+09
2 0 1 0.0499398 0.567075 0.488974 1.08734e+10
2.5 0.5 1 0.0059882 0.614877 0.483495 1.11836e+10
2 1 1 0.191063 0.536515 0.423056 2.16285e+10
2.5 1.5 1 0.210107 0.596837 0.413787 1.9549e+10
-2.25 -1.25 1.25 0.335884 -0.409178 0.449645 5.91714e+09
-2.25 -0.25 1.25 0.393105 -0.335751 0.481693 6.001e+09
-2.25 0.75 1.25 0.412746 -0.280836 0.513267 5.95654e+09
-1.25 -1.25 1.25 0.415097 -0.325651 0.433181 5.36478e+09
-1.75 -0.75 1.25 0.409178 -0.335884 0.449645 5.91714e+09
-1.25 -0.25 1.25 0.476455 -0.256848 0.436909 6.13458e+09
-1.75 0.25 1.25 0.448157 -0.275771 0.469401 6.20632e+09
-1.25 0.75 1.25 0.496294 -0.215154 0.446181 6.5848e+09
-1.75 1.25 1.25 0.451953 -0.235668 0.491091 6.30856e+09
-0.25 -1.25 1.25 0.492358 -0.169851 0.429843 4.46144e+09
-0.75 -0.75 1.25 0.495985 -0.226846 0.420089 5.57426e+09
-0.25 -0.25 1.25 0.554081 -0.127066 0.397256 5.89496e+09
-0.75 0.25 1.25 0.529543 -0.177408 0.413621 6.50782e+09
-0.25 0.75 1.25 0.570535 -0.10207 0.380804 7.02701e+09
-0.75 1.25 1.25 0.534142 -0.158203 0.413476 7.13636e+09
0.75 -1.25 1.25 0.505401 0.123015 0.446651 3.20751e+09
0.25 -0.75 1.25 0.543706 -0.0344318 0.410724 4.68628e+09
0.75 -0.25 1.25 0.551377 0.097407 0.385479 5.01776e+09
0.25 0.25 1.25 0.587177 -0.0197584 0.367472 6.26927e+09
0.75 0.75 1.25 0.607539 0.0574584 0.332575 6.67743e+09
0.25 1.25 1.25 0.594146 -0.0305751 0.342991 7.60084e+09
1.75 -1.25 1.25 0.453513 0.281573 0.498849 1.06722e+09
1.25 -0.75 1.25 0.515697 0.301558 0.416459 3.36579e+09
1.75 -0.25 1.25 0.527058 0.402137 0.391601 2.24114e+09
1.25 0.25 1.25 0.57282 0.218736 0.355266 5.17245e+09
1.75 0.75 1.25 0.561652 0.358643 0.32875 5.44955e+09
1.25 1.25 1.25 0.616107 0.139431 0.299009 6.92469e+09
2.25 -0.75 1.25 0.440158 0.360439 0.503166 1.14486e+09
2.25 0.25 1.25 0.537918 0.473184 0.376167 2.39475e+09
2.25 1.25 1.25 0.556593 0.463618 0.30609 5.63878e+09
-2.5 -1 1.5 0.116075 -0.16781 0.527757 1.66155e+10
-2.5 0 1.5 0.168203 -0.122257 0.559872 1.73664e+10
-2.5 1 1.5 0.198447 -0.0735246 0.590985 1.76169e+10
-2 -1.5 1.5 0.102414 -0.161309 0.50628 1.46031e+10
-1.5 -1 1.5 0.161309 -0.102414 0.50628 1.46031e+10
-2 -0.5 1.5 0.16781 -0.116075 0.527757 1.66155e+10
-1.5 0 1.5 0.211131 -0.0522304 0.519428 1.70664e+10
-2 0.5 1.5 0.206881 -0.066838 0.551283 1.78513e+10
-1.5 1 1.5 0.235754 -0.00381953 0.534995 1.88181e+10
-2 1.5 1.5 0.226032 -0.0178615 0.573758 1.85542e+10
-1 -1.5 1.5 0.138007 -0.0744034 0.500634 1.13443e+10
-0.5 -1 1.5 0.196056 0.0157351 0.492459 1.15213e+10
-1 -0.5 1.5 0.21209 -0.0264174 0.497908 1.49419e+10
-0.5 0 1.5 0.241879 0.0545677 0.483401 1.55861e+10
-1 0.5 1.5 0.239721 0.0177948 0.504176 1.79573e+10
-0.5 1 1.5 0.254102 0.0951592 0.483508 1.92231e+10
-1 1.5 1.5 0.25391 0.0657618 0.512313 2.02429e+10
0 -1.5 1.5 0.134161 0.105243 0.511633 7.56411e+09
0.5 -1 1.5 0.172464 0.216685 0.49852 7.76028e+09
0 -0.5 1.5 0.226188 0.108636 0.47901 1.1803e+10
0.5 0 1.5 0.227936 0.217877 0.464489 1.26567e+10
0 0.5 1.5 0.248327 0.142885 0.465786 1.65805e+10
0.5 1 1.5 0.255763 0.231262 0.439804 1.75826e+10
0 1.5 1.5 0.259977 0.175678 0.457065 2.07316e+10
1 -1.5 1.5 -0.102019 0.357902 0.567887 3.52483e+09
1.5 -1 1.5 -0.0856025 0.437034 0.555501 3.75055e+09
1 -0.5 1.5 0.185631 0.39171 0.481354 8.4873e+09
1.5 0 1.5 0.181962 0.457071 0.474098 7.96247e+09
1 0.5 1.5 0.234874 0.312885 0.440047 1.29464e+10
1.5 1 1.5 0.213854 0.465095 0.421722 1.37717e+10
1 1.5 1.5 0.252065 0.333809 0.415936 1.87554e+10
2 -1.5 1.5 -0.146449 0.453331 0.592825 2.05313e+09
2.5 -1 1.5 -0.121111 0.53601 0.578215 2.26931e+09
2 -0.5 1.5 -0.037604 0.500051 0.531737 3.71869e+09
2.5 0 1.5 -0.02902 0.611583 0.510293 4.24656e+09
2 0.5 1.5 0.0534066 0.574759 0.473502 7.59347e+09
2.5 1 1.5 0.0147051 0.629128 0.47123 7.57995e+09
2 1.5 1.5 0.15689 0.560271 0.425462 1.38028e+10
