449
-2.5 -1 -1.5 -0.241351 -0.0927986 0.636114 8.81889e+09
-2.5 0 -1.5 -0.229504 -0.0391573 0.626771 8.94716e+09
-2.5 1 -1.5 -0.217792 0.0129322 0.607078 8.8781e+09
-2 -1.5 -1.5 -0.230521 -0.0937577 0.684491 8.16571e+09
-1.5 -1 -1.5 -0.205581 -0.044854 0.728136 7.83012e+09
-2 -0.5 -1.5 -0.21853 -0.0400965 0.676771 8.42713e+09
-1.5 0 -1.5 -0.192936 0.00860016 0.709001 8.10092e+09
-2 0.5 -1.5 -0.206194 0.0131097 0.656434 8.58227e+09
-1.5 1 -1.5 -0.177367 0.0616992 0.677232 8.32269e+09
-2 1.5 -1.5 -0.189738 0.0660404 0.626218 8.604e+09
-1 -1.5 -1.5 -0.191794 -0.0532609 0.778454 7.24904e+09
-0.5 -1 -1.5 -0.162997 -0.0107721 0.815474 7.02415e+09
-1 -0.5 -1.5 -0.178381 0.000503527 0.762814 7.55539e+09
-0.5 0 -1.5 -0.148592 0.0424272 0.786933 7.36659e+09
-1 0.5 -1.5 -0.163654 0.0535555 0.731447 7.8742e+09
-0.5 1 -1.5 -0.130814 0.094297 0.742956 7.76025e+09
-1 1.5 -1.5 -0.143732 0.105315 0.687919 8.18842e+09
0 -1.5 -1.5 -0.146863 -0.0246982 0.864 6.56334e+09
0.5 -1 -1.5 -0.115432 0.0131542 0.891216 6.43764e+09
0 -0.5 -1.5 -0.132449 0.0288006 0.84123 6.87017e+09
0.5 0 -1.5 -0.100059 0.0656431 0.854443 6.7934e+09
0 0.5 -1.5 -0.116161 0.080922 0.7993 7.27261e+09
0.5 1 -1.5 -0.080922 0.116161 0.7993 7.27261e+09
0 1.5 -1.5 -0.094297 0.130814 0.742956 7.76025e+09
1 -1.5 -1.5 -0.0974798 -0.00399718 0.933331 6.0962e+09
1.5 -1 -1.5 -0.0646433 0.0309404 0.947902 6.04335e+09
1 -0.5 -1.5 -0.0828439 0.0488751 0.905183 6.37459e+09
1.5 0 -1.5 -0.0488751 0.0828439 0.905183 6.37459e+09
1 0.5 -1.5 -0.0656431 0.100059 0.854443 6.7934e+09
1.5 1 -1.5 -0.0288006 0.132449 0.84123 6.87017e+09
1 1.5 -1.5 -0.0424272 0.148592 0.786933 7.36659e+09
2 -1.5 -1.5 -0.0457677 0.0121858 0.978949 5.81512e+09
2.5 -1 -1.5 -0.0121858 0.0457677 0.978949 5.81512e+09
2 -0.5 -1.5 -0.0309404 0.0646433 0.947902 6.04335e+09
2.5 0 -1.5 0.00399718 0.0974798 0.933331 6.0962e+09
2 0.5 -1.5 -0.0131542 0.115432 0.891216 6.43764e+09
2.5 1 -1.5 0.0246982 0.146863 0.864 6.56334e+09
2 1.5 -1.5 0.0107721 0.162997 0.815474 7.02415e+09
-2.25 -0.75 -1.25 -0.380416 0.278757 0.613697 2.04516e+09
-2.25 0.25 -1.25 -0.418811 0.303831 0.581729 2.15905e+09
-2.25 1.25 -1.25 -0.441723 0.331066 0.546664 2.22985e+09
-1.75 -1.25 -1.25 -0.322888 0.260159 0.680955 1.87629e+09
-1.25 -0.75 -1.25 -0.313132 0.266468 0.714868 1.84479e+09
-1.75 -0.25 -1.25 -0.366862 0.289535 0.647644 2.00642e+09
-1.25 0.25 -1.25 -0.351987 0.299729 0.673155 1.96951e+09
-1.75 0.75 -1.25 -0.39934 0.32026 0.607528 2.11514e+09
-1.25 1.25 -1.25 -0.378103 0.338076 0.623812 2.08446e+09
-0.75 -1.25 -1.25 -0.258001 0.233715 0.780297 1.69555e+09
-0.25 -0.75 -1.25 -0.25143 0.23586 0.805813 1.67408e+09
-0.75 -0.25 -1.25 -0.302772 0.271767 0.740249 1.81621e+09
-0.25 0.25 -1.25 -0.292883 0.277286 0.756027 1.79673e+09
-0.75 0.75 -1.25 -0.336914 0.310474 0.689076 1.94414e+09
-0.25 1.25 -1.25 -0.322853 0.322853 0.694481 1.93555e+09
0.25 -1.25 -1.25 -0.19766 0.192891 0.866113 1.55408e+09
0.75 -0.75 -1.25 -0.194945 0.192846 0.882114 1.54322e+09
0.25 -0.25 -1.25 -0.245631 0.23794 0.821648 1.65945e+09
0.75 0.25 -1.25 -0.241028 0.241028 0.82703 1.65437e+09
0.25 0.75 -1.25 -0.284214 0.284214 0.76139 1.78998e+09
0.75 1.25 -1.25 -0.277286 0.292883 0.756027 1.79673e+09
1.25 -1.25 -1.25 -0.141041 0.142858 0.933078 1.45301e+09
1.75 -0.75 -1.25 -0.141588 0.141588 0.938566 1.45014e+09
1.25 -0.25 -1.25 -0.193337 0.193337 0.887546 1.53938e+09
1.75 0.25 -1.25 -0.192846 0.194945 0.882114 1.54322e+09
1.25 0.75 -1.25 -0.23794 0.245631 0.821648 1.65945e+09
1.75 1.25 -1.25 -0.23586 0.25143 0.805813 1.67408e+09
2.25 -1.25 -1.25 -0.0864788 0.0864788 0.975691 1.38948e+09
2.25 -0.25 -1.25 -0.142858 0.141041 0.933078 1.45301e+09
2.25 0.75 -1.25 -0.192891 0.19766 0.866113 1.55408e+09
-2.5 -1.5 -1 -0.250698 -0.130779 0.633181 5.84285e+09
-2.5 -0.5 -1 -0.237175 -0.0742332 0.629555 5.94328e+09
-2.5 0.5 -1 -0.223381 -0.019193 0.614931 5.90037e+09
-2.5 1.5 -1 -0.208541 0.033684 0.591307 5.69628e+09
-1.5 -1.5 -1 -0.217801 -0.0819847 0.728954 5.34318e+09
-2 -1 -1 -0.228415 -0.0765504 0.678988 5.6768e+09
-1.5 -0.5 -1 -0.203125 -0.0257796 0.717144 5.51359e+09
-2 0 -1 -0.214366 -0.0206441 0.664732 5.76966e+09
-1.5 0.5 -1 -0.187301 0.0298396 0.691093 5.62936e+09
-2 1 -1 -0.198242 0.0344842 0.639034 5.76035e+09
-1.5 1.5 -1 -0.166656 0.0842841 0.653983 5.66363e+09
-0.5 -1.5 -1 -0.176344 -0.0456767 0.820359 4.89422e+09
-1 -1 -1 -0.190186 -0.0341981 0.769949 5.20077e+09
-0.5 -0.5 -1 -0.159977 0.0104574 0.800685 5.0908e+09
-1 0 -1 -0.174519 0.0215806 0.74571 5.38607e+09
-0.5 0.5 -1 -0.141992 0.0655624 0.763406 5.30889e+09
-1 1 -1 -0.155244 0.0765298 0.707409 5.54144e+09
-0.5 1.5 -1 -0.118344 0.118344 0.712897 5.51041e+09
0.5 -1.5 -1 -0.127581 -0.0188011 0.899627 4.55038e+09
0 -1 -1 -0.144434 -0.00316886 0.853103 4.80161e+09
0.5 -0.5 -1 -0.110571 0.0369165 0.873425 4.74529e+09
0 0 -1 -0.126852 0.0521926 0.819748 5.02436e+09
0.5 0.5 -1 -0.0909692 0.0909692 0.826196 5.00272e+09
0 1 -1 -0.105708 0.105708 0.769377 5.28308e+09
0.5 1.5 -1 -0.0655624 0.141992 0.763406 5.30889e+09
1.5 -1.5 -1 -0.0746004 0.00200745 0.958686 4.31653e+09
1 -1 -1 -0.0930306 0.0200713 0.921 4.50271e+09
1.5 -0.5 -1 -0.05726 0.05726 0.928249 4.48713e+09
1 0 -1 -0.074778 0.074778 0.880311 4.72708e+09
1.5 0.5 -1 -0.0369165 0.110571 0.873425 4.74529e+09
1 1 -1 -0.0521926 0.126852 0.819748 5.02436e+09
1.5 1.5 -1 -0.0104574 0.159977 0.800685 5.0908e+09
2.5 -1.5 -1 -0.0195558 0.0195558 0.990678 4.18785e+09
2 -1 -1 -0.0387518 0.0387518 0.966205 4.30305e+09
2.5 -0.5 -1 -0.00200745 0.0746004 0.958686 4.31653e+09
2 0 -1 -0.0200713 0.0930306 0.921 4.50271e+09
2.5 0.5 -1 0.0188011 0.127581 0.899627 4.55038e+09
2 1 -1 0.00316886 0.144434 0.853103 4.80161e+09
2.5 1.5 -1 0.0456767 0.176344 0.820359 4.89422e+09
-2.25 -1.25 -0.75 -0.372194 0.285822 0.624601 1.34404e+09
-2.25 -0.25 -0.75 -0.417199 0.310236 0.593203 1.43232e+09
-2.25 0.75 -0.75 -0.449777 0.33545 0.558085 1.4856e+09
-1.25 -1.25 -0.75 -0.306275 0.266236 0.728689 1.2527e+09
-1.75 -0.75 -0.75 -0.363511 0.293942 0.660565 1.34597e+09
-1.25 -0.25 -0.75 -0.352019 0.300665 0.689113 1.34045e+09
-1.75 0.25 -0.75 -0.402082 0.322202 0.621774 1.42598e+09
-1.25 0.75 -0.75 -0.384841 0.334738 0.641841 1.41714e+09
-1.75 1.25 -0.75 -0.427071 0.355798 0.578462 1.47826e+09
-0.25 -1.25 -0.75 -0.242167 0.229133 0.822352 1.16374e+09
-0.75 -0.75 -0.75 -0.298616 0.26932 0.75723 1.24862e+09
-0.25 -0.25 -0.75 -0.290626 0.272374 0.77702 1.24314e+09
-0.75 0.25 -0.75 -0.339645 0.307482 0.708971 1.33316e+09
-0.25 0.75 -0.75 -0.327285 0.316266 0.719227 1.32867e+09
-0.75 1.25 -0.75 -0.366786 0.349767 0.652235 1.41195e+09
0.75 -1.25 -0.75 -0.180915 0.180869 0.900233 1.09014e+09
0.25 -0.75 -0.75 -0.237632 0.229798 0.842222 1.1601e+09
0.75 -0.25 -0.75 -0.233793 0.231094 0.852434 1.15757e+09
0.25 0.25 -0.75 -0.282956 0.276688 0.787221 1.23975e+09
0.75 0.75 -0.75 -0.276688 0.282956 0.787221 1.23975e+09
0.25 1.25 -0.75 -0.316266 0.327285 0.719227 1.32867e+09
1.75 -1.25 -0.75 -0.122043 0.123927 0.956625 1.03681e+09
1.25 -0.75 -0.75 -0.179967 0.179973 0.910479 1.08862e+09
1.75 -0.25 -0.75 -0.179973 0.179967 0.910479 1.08862e+09
1.25 0.25 -0.75 -0.231094 0.233793 0.852434 1.15757e+09
1.75 0.75 -0.75 -0.229798 0.237632 0.842222 1.1601e+09
1.25 1.25 -0.75 -0.272374 0.290626 0.77702 1.24314e+09
2.25 -0.75 -0.75 -0.123927 0.122043 0.956625 1.03681e+09
2.25 0.25 -0.75 -0.180869 0.180915 0.900233 1.09014e+09
2.25 1.25 -0.75 -0.229133 0.242167 0.822352 1.16374e+09
-2.5 -1 -0.5 -0.244685 -0.113431 0.631648 3.76351e+09
-2.5 0 -0.5 -0.228043 -0.0541474 0.622696 3.7408e+09
-2.5 1 -0.5 -0.209902 0.00104006 0.603728 3.61691e+09
-2 -1.5 -0.5 -0.238469 -0.116417 0.67934 3.65277e+09
-1.5 -1 -0.5 -0.213524 -0.063212 0.72298 3.60227e+09
-2 -0.5 -0.5 -0.222319 -0.0571797 0.671796 3.71823e+09
-1.5 0 -0.5 -0.196726 -0.0051658 0.703578 3.67068e+09
-2 0.5 -0.5 -0.204761 0.000373035 0.651597 3.70366e+09
-1.5 1 -0.5 -0.17663 0.0519939 0.671399 3.67348e+09
-2 1.5 -0.5 -0.185027 0.0550374 0.621156 3.58901e+09
-1 -1.5 -0.5 -0.203573 -0.0723371 0.773503 3.44731e+09
-0.5 -1 -0.5 -0.172537 -0.0249808 0.810868 3.40073e+09
-1 -0.5 -0.5 -0.185274 -0.0136568 0.757639 3.55247e+09
-0.5 0 -0.5 -0.153101 0.0328334 0.78169 3.51695e+09
-1 0.5 -0.5 -0.166445 0.0438156 0.725549 3.63737e+09
-0.5 1 -0.5 -0.130607 0.0892657 0.736739 3.61862e+09
-1 1.5 -0.5 -0.14158 0.0992656 0.681417 3.65279e+09
0 -1.5 -0.5 -0.1579 -0.0386307 0.86026 3.24585e+09
0.5 -1 -0.5 -0.122431 0.00451852 0.887842 3.21493e+09
0 -0.5 -0.5 -0.138625 0.0196212 0.836824 3.36662e+09
0.5 0 -0.5 -0.101702 0.0619009 0.850129 3.34977e+09
0 0.5 -0.5 -0.116798 0.0764357 0.793979 3.49884e+09
0.5 1 -0.5 -0.0764357 0.116798 0.793979 3.49884e+09
0 1.5 -0.5 -0.0892657 0.130607 0.736739 3.61862e+09
1 -1.5 -0.5 -0.1051 -0.01226 0.930991 3.08282e+09
1.5 -1 -0.5 -0.0672406 0.0281612 0.945807 3.06954e+09
1 -0.5 -0.5 -0.0850295 0.0457185 0.901996 3.19951e+09
1.5 0 -0.5 -0.0457185 0.0850295 0.901996 3.19951e+09
1 0.5 -0.5 -0.0619009 0.101702 0.850129 3.34977e+09
1.5 1 -0.5 -0.0196212 0.138625 0.836824 3.36662e+09
1 1.5 -0.5 -0.0328334 0.153101 0.78169 3.51695e+09
2 -1.5 -0.5 -0.048523 0.00956271 0.977781 2.97464e+09
2.5 -1 -0.5 -0.00956271 0.048523 0.977781 2.97464e+09
2 -0.5 -0.5 -0.0281612 0.0672406 0.945807 3.06954e+09
2.5 0 -0.5 0.01226 0.1051 0.930991 3.08282e+09
2 0.5 -0.5 -0.00451852 0.122431 0.887842 3.21493e+09
2.5 1 -0.5 0.0386307 0.1579 0.86026 3.24585e+09
2 1.5 -0.5 0.0249808 0.172537 0.810868 3.40073e+09
-2.25 -0.75 -0.25 -0.409228 0.314252 0.608545 9.01233e+08
-2.25 0.25 -0.25 -0.445725 0.33741 0.574356 9.44411e+08
-2.25 1.25 -0.25 -0.470455 0.364732 0.538093 9.56762e+08
-1.75 -1.25 -0.25 -0.352441 0.292373 0.676621 8.60446e+08
-1.25 -0.75 -0.25 -0.345174 0.296949 0.707135 8.73654e+08
-1.75 -0.25 -0.25 -0.398137 0.323113 0.638878 9.17838e+08
-1.25 0.25 -0.25 -0.385389 0.330943 0.661471 9.26273e+08
-1.75 0.75 -0.25 -0.429521 0.35092 0.596613 9.55696e+08
-1.25 1.25 -0.25 -0.409708 0.368319 0.610859 9.61793e+08
-0.75 -1.25 -0.25 -0.287932 0.260713 0.775117 8.2468e+08
-0.25 -0.75 -0.25 -0.282027 0.262687 0.79806 8.30378e+08
-0.75 -0.25 -0.25 -0.336251 0.301353 0.72989 8.80114e+08
-0.25 0.25 -0.25 -0.325929 0.30724 0.744153 8.82907e+08
-0.75 0.75 -0.25 -0.370645 0.341525 0.675737 9.30049e+08
-0.25 1.25 -0.25 -0.355313 0.355313 0.680644 9.31016e+08
0.25 -1.25 -0.25 -0.223719 0.216745 0.861621 7.83032e+08
0.75 -0.75 -0.25 -0.220739 0.217049 0.875879 7.85386e+08
0.25 -0.25 -0.25 -0.275951 0.265534 0.812308 8.32439e+08
0.75 0.25 -0.25 -0.270181 0.270181 0.817174 8.32935e+08
0.25 0.75 -0.25 -0.31578 0.31578 0.749038 8.83544e+08
0.75 1.25 -0.25 -0.30724 0.325929 0.744153 8.82907e+08
1.25 -1.25 -0.25 -0.16085 0.162137 0.930004 7.46094e+08
1.75 -0.75 -0.25 -0.161112 0.161112 0.934846 7.46812e+08
1.25 -0.25 -0.25 -0.218381 0.218381 0.880731 7.86021e+08
1.75 0.25 -0.25 -0.217049 0.220739 0.875879 7.85386e+08
1.25 0.75 -0.25 -0.265534 0.275951 0.812308 8.32439e+08
1.75 1.25 -0.25 -0.262687 0.282027 0.79806 8.30378e+08
2.25 -1.25 -0.25 -0.0989137 0.0989137 0.974578 7.19121e+08
2.25 -0.25 -0.25 -0.162137 0.16085 0.930004 7.46094e+08
2.25 0.75 -0.25 -0.216745 0.223719 0.861621 7.83032e+08
-2.5 -1.5 0 -0.24951 -0.156508 0.633905 2.26761e+09
-2.5 -0.5 0 -0.234386 -0.0951037 0.629629 2.26661e+09
-2.5 0.5 0 -0.210187 -0.0343105 0.616528 2.19089e+09
-2.5 1.5 0 -0.191602 0.0128055 0.592839 2.03173e+09
-1.5 -1.5 0 -0.226029 -0.105103 0.72568 2.26098e+09
-2 -1 0 -0.230238 -0.0979439 0.677291 2.2917e+09
-1.5 -0.5 0 -0.204671 -0.0429091 0.714487 2.30041e+09
-2 0 0 -0.210965 -0.0372013 0.663342 2.28811e+09
-1.5 0.5 0 -0.185598 0.0152699 0.687954 2.30324e+09
-2 1 0 -0.189173 0.0195991 0.637812 2.2164e+09
-1.5 1.5 0 -0.160946 0.0707457 0.650605 2.22376e+09
-0.5 -1.5 0 -0.18633 -0.0642277 0.816754 2.19457e+09
-1 -1 0 -0.196971 -0.0523947 0.766448 2.26205e+09
-0.5 -0.5 0 -0.164577 -0.00352466 0.796967 2.25734e+09
-1 0 0 -0.175466 0.00736908 0.742193 2.30249e+09
-0.5 0.5 0 -0.141469 0.054835 0.759258 2.3017e+09
-1 1 0 -0.153804 0.0648953 0.70303 2.30856e+09
-0.5 1.5 0 -0.112268 0.112268 0.708253 2.30946e+09
0.5 -1.5 0 -0.136016 -0.0315975 0.896731 2.11015e+09
0 -1 0 -0.151062 -0.0165508 0.849693 2.18697e+09
0.5 -0.5 0 -0.113124 0.0287449 0.870129 2.1801e+09
0 0 0 -0.128332 0.042776 0.815882 2.25267e+09
0.5 0.5 0 -0.0871866 0.0871866 0.822343 2.24981e+09
0 1 0 -0.100332 0.100332 0.765119 2.30016e+09
0.5 1.5 0 -0.054835 0.141469 0.759258 2.3017e+09
1.5 -1.5 0 -0.0792356 -0.00455941 0.956822 2.03716e+09
1 -1 0 -0.0968331 0.0127846 0.918381 2.1035e+09
1.5 -0.5 0 -0.0556768 0.0556768 0.925737 2.10088e+09
1 0 0 -0.0721495 0.0721495 0.877082 2.1769e+09
1.5 0.5 0 -0.0287449 0.113124 0.870129 2.1801e+09
1 1 0 -0.042776 0.128332 0.815882 2.25267e+09
1.5 1.5 0 0.00352466 0.164577 0.796967 2.25734e+09
2.5 -1.5 0 -0.0192609 0.0192609 0.989575 1.99263e+09
2 -1 0 -0.0379151 0.0379151 0.964478 2.0352e+09
2.5 -0.5 0 0.00455941 0.0792356 0.956822 2.03716e+09
2 0 0 -0.0127846 0.0968331 0.918381 2.1035e+09
2.5 0.5 0 0.0315975 0.136016 0.896731 2.11015e+09
2 1 0 0.0165508 0.151062 0.849693 2.18697e+09
2.5 1.5 0 0.0642277 0.18633 0.816754 2.19457e+09
-2.25 -1.25 0.25 -0.390177 0.310712 0.629323 5.37242e+08
-2.25 -0.25 0.25 -0.437912 0.338294 0.59409 5.71111e+08
-2.25 0.75 0.25 -0.465715 0.357689 0.558633 5.81321e+08
-1.25 -1.25 0.25 -0.331568 0.285527 0.727135 5.45351e+08
-1.75 -0.75 0.25 -0.387017 0.317523 0.659261 5.63414e+08
-1.25 -0.25 0.25 -0.378691 0.323501 0.683533 5.79792e+08
-1.75 0.25 0.25 -0.425598 0.346746 0.617634 5.90768e+08
-1.25 0.75 0.25 -0.412209 0.358913 0.633979 6.04266e+08
-1.75 1.25 0.25 -0.448567 0.377904 0.574145 6.00025e+08
-0.25 -1.25 0.25 -0.267532 0.247808 0.819045 5.33641e+08
-0.75 -0.75 0.25 -0.325117 0.289212 0.752157 5.59387e+08
-0.25 -0.25 0.25 -0.318086 0.293792 0.76936 5.67414e+08
-0.75 0.25 0.25 -0.3679 0.330762 0.700453 5.90441e+08
-0.25 0.75 0.25 -0.3549 0.341621 0.709417 5.94847e+08
-0.75 1.25 0.25 -0.394081 0.375126 0.642911 6.10343e+08
0.75 -1.25 0.25 -0.202258 0.198216 0.89698 5.15108e+08
0.25 -0.75 0.25 -0.262716 0.249936 0.83649 5.40734e+08
0.75 -0.25 0.25 -0.257888 0.253453 0.845459 5.44067e+08
0.25 0.25 0.25 -0.309994 0.30144 0.778322 5.70727e+08
0.75 0.75 0.25 -0.30144 0.309994 0.778322 5.70727e+08
0.25 1.25 0.25 -0.341621 0.3549 0.709417 5.94847e+08
1.75 -1.25 0.25 -0.136955 0.137677 0.954616 4.97266e+08
1.25 -0.75 0.25 -0.200369 0.198949 0.905932 5.18158e+08
1.75 -0.25 0.25 -0.198949 0.200369 0.905932 5.18158e+08
1.25 0.25 0.25 -0.253453 0.257888 0.845459 5.44067e+08
1.75 0.75 0.25 -0.249936 0.262716 0.83649 5.40734e+08
1.25 1.25 0.25 -0.293792 0.318086 0.76936 5.67414e+08
2.25 -0.75 0.25 -0.137677 0.136955 0.954616 4.97266e+08
2.25 0.25 0.25 -0.198216 0.202258 0.89698 5.15108e+08
2.25 1.25 0.25 -0.247808 0.267532 0.819045 5.33641e+08
-2.5 -1 0.5 -0.237702 -0.142021 0.636559 1.307e+09
-2.5 0 0.5 -0.216358 -0.0792832 0.627466 1.26988e+09
-2.5 1 0.5 -0.183513 -0.0249191 0.610381 1.18131e+09
-2 -1.5 0.5 -0.240981 -0.145563 0.680134 1.35173e+09
-1.5 -1 0.5 -0.214859 -0.0858738 0.72233 1.38776e+09
-2 -0.5 0.5 -0.215311 -0.0785756 0.674026 1.35199e+09
-1.5 0 0.5 -0.188308 -0.0237756 0.704053 1.38431e+09
-2 0.5 0.5 -0.193823 -0.0217369 0.653538 1.31771e+09
-1.5 1 0.5 -0.171107 0.0293224 0.670303 1.34322e+09
-2 1.5 0.5 -0.169052 0.0262109 0.623079 1.20802e+09
-1 -1.5 0.5 -0.210542 -0.0966101 0.771109 1.38651e+09
-0.5 -1 0.5 -0.176001 -0.0437538 0.808378 1.40221e+09
-1 -0.5 0.5 -0.184329 -0.0322755 0.756148 1.41056e+09
-0.5 0 0.5 -0.151458 0.0168081 0.779232 1.42162e+09
-1 0.5 0.5 -0.160992 0.0249701 0.723926 1.40107e+09
-0.5 1 0.5 -0.122071 0.0742066 0.734691 1.40782e+09
-1 1.5 0.5 -0.132463 0.0824697 0.679718 1.35736e+09
0 -1.5 0.5 -0.165207 -0.057087 0.857234 1.37291e+09
0.5 -1 0.5 -0.125934 -0.00855152 0.884922 1.37705e+09
0 -0.5 0.5 -0.139153 0.0054587 0.834028 1.40854e+09
0.5 0 0.5 -0.0980792 0.0526163 0.847321 1.40775e+09
0 0.5 0.5 -0.111261 0.0646377 0.791393 1.42298e+09
0.5 1 0.5 -0.0646377 0.111261 0.791393 1.42298e+09
0 1.5 0.5 -0.0742066 0.122071 0.734691 1.40782e+09
1 -1.5 0.5 -0.110475 -0.0240109 0.928358 1.34016e+09
1.5 -1 0.5 -0.0672766 0.022267 0.943403 1.33938e+09
1 -0.5 0.5 -0.0835645 0.0382676 0.899208 1.37631e+09
1.5 0 0.5 -0.0382676 0.0835645 0.899208 1.37631e+09
1 0.5 0.5 -0.0526163 0.0980792 0.847321 1.40775e+09
1.5 1 0.5 -0.0054587 0.139153 0.834028 1.40854e+09
1 1.5 0.5 -0.0168081 0.151458 0.779232 1.42162e+09
2 -1.5 0.5 -0.0501353 0.00505098 0.975831 1.31017e+09
2.5 -1 0.5 -0.00505098 0.0501353 0.975831 1.31017e+09
2 -0.5 0.5 -0.022267 0.0672766 0.943403 1.33938e+09
2.5 0 0.5 0.0240109 0.110475 0.928358 1.34016e+09
2 0.5 0.5 0.00855152 0.125934 0.884922 1.37705e+09
2.5 1 0.5 0.057087 0.165207 0.857234 1.37291e+09
2 1.5 0.5 0.0437538 0.176001 0.808378 1.40221e+09
-2.25 -0.75 0.75 -0.420314 0.328194 0.618625 3.26066e+08
-2.25 0.25 0.75 -0.457928 0.352597 0.582247 3.37966e+08
-2.25 1.25 0.75 -0.481018 0.377492 0.546501 3.32021e+08
-1.75 -1.25 0.75 -0.368571 0.302664 0.682586 3.28938e+08
-1.25 -0.75 0.75 -0.363045 0.308146 0.707987 3.48543e+08
-1.75 -0.25 0.75 -0.414833 0.338271 0.642042 3.47754e+08
-1.25 0.25 0.75 -0.40476 0.346366 0.659784 3.63372e+08
-1.75 0.75 0.75 -0.448722 0.366624 0.598154 3.5533e+08
-1.25 1.25 0.75 -0.431518 0.386071 0.609206 3.66894e+08
-0.75 -1.25 0.75 -0.309484 0.271789 0.77501 3.40221e+08
-0.25 -0.75 0.75 -0.303409 0.276215 0.794718 3.50964e+08
-0.75 -0.25 0.75 -0.356193 0.313669 0.726725 3.60943e+08
-0.25 0.25 0.75 -0.348424 0.324796 0.738456 3.68132e+08
-0.75 0.75 0.75 -0.392495 0.359168 0.67111 3.72216e+08
-0.25 1.25 0.75 -0.374931 0.374931 0.675401 3.74801e+08
0.25 -1.25 0.75 -0.244453 0.229274 0.859222 3.3795e+08
0.75 -0.75 0.75 -0.240606 0.232473 0.871472 3.43658e+08
0.25 -0.25 0.75 -0.296581 0.282395 0.806841 3.57601e+08
0.75 0.25 0.75 -0.289647 0.289647 0.810966 3.5963e+08
0.25 0.75 0.75 -0.33747 0.33747 0.742566 3.69803e+08
0.75 1.25 0.75 -0.324796 0.348424 0.738456 3.68132e+08
1.25 -1.25 0.75 -0.177447 0.174351 0.927515 3.30404e+08
1.75 -0.75 0.75 -0.175743 0.175743 0.931684 3.32286e+08
1.25 -0.25 0.75 -0.23662 0.23662 0.875638 3.45612e+08
1.75 0.25 0.75 -0.232473 0.240606 0.871472 3.43658e+08
1.25 0.75 0.75 -0.282395 0.296581 0.806841 3.57601e+08
1.75 1.25 0.75 -0.276215 0.303409 0.794718 3.50964e+08
2.25 -1.25 0.75 -0.108276 0.108276 0.973297 3.22226e+08
2.25 -0.25 0.75 -0.174351 0.177447 0.927515 3.30404e+08
2.25 0.75 0.75 -0.229274 0.244453 0.859222 3.3795e+08
-2.5 -1.5 1 -0.24562 -0.202046 0.639958 7.13353e+08
-2.5 -0.5 1 -0.215762 -0.129259 0.638788 7.00353e+08
-2.5 0.5 1 -0.190123 -0.0799475 0.623567 6.5466e+08
-2.5 1.5 1 -0.149243 -0.0520398 0.601573 5.57003e+08
-1.5 -1.5 1 -0.228736 -0.138297 0.725557 8.00817e+08
-2 -1 1 -0.22449 -0.13082 0.680907 7.64727e+08
-1.5 -0.5 1 -0.192928 -0.0681551 0.717013 8.01949e+08
-2 0 1 -0.186582 -0.0654853 0.669997 7.42165e+08
-1.5 0.5 1 -0.169177 -0.0163898 0.690157 7.69469e+08
-2 1 1 -0.176119 -0.0267599 0.640193 6.89035e+08
-1.5 1.5 1 -0.142746 0.0319934 0.65253 7.09843e+08
-0.5 -1.5 1 -0.190077 -0.0907461 0.814098 8.36105e+08
-1 -1 1 -0.193635 -0.0784856 0.766079 8.31179e+08
-0.5 -0.5 1 -0.158599 -0.0253133 0.795638 8.5029e+08
-1 0 1 -0.165282 -0.0166534 0.742422 8.26455e+08
-0.5 0.5 1 -0.129154 0.0328498 0.758663 8.33077e+08
-1 1 1 -0.13659 0.0341511 0.704024 7.82306e+08
-0.5 1.5 1 -0.0880484 0.0880484 0.709511 7.88454e+08
0.5 -1.5 1 -0.139904 -0.050375 0.893309 8.39523e+08
0 -1 1 -0.151796 -0.0374425 0.846792 8.51527e+08
0.5 -0.5 1 -0.109969 0.013348 0.867115 8.56327e+08
0 0 1 -0.120433 0.0250649 0.813936 8.55707e+08
0.5 0.5 1 -0.0745012 0.0745012 0.820436 8.56063e+08
0 1 1 -0.082595 0.082595 0.764683 8.34959e+08
0.5 1.5 1 -0.0328498 0.129154 0.758663 8.33077e+08
1.5 -1.5 1 -0.081908 -0.014983 0.953516 8.28803e+08
1 -1 1 -0.0959379 -9.43192e-05 0.915137 8.42686e+08
1.5 -0.5 1 -0.0489455 0.0489455 0.922635 8.42737e+08
1 0 1 -0.0630091 0.0630091 0.874185 8.56396e+08
1.5 0.5 1 -0.013348 0.109969 0.867115 8.56327e+08
1 1 1 -0.0250649 0.120433 0.813936 8.55707e+08
1.5 1.5 1 0.0253133 0.158599 0.795638 8.5029e+08
2.5 -1.5 1 -0.0174214 0.0174214 0.986745 8.1531e+08
2 -1 1 -0.0340402 0.0340402 0.961382 8.29021e+08
2.5 -0.5 1 0.014983 0.081908 0.953516 8.28803e+08
2 0 1 9.43192e-05 0.0959379 0.915137 8.42686e+08
2.5 0.5 1 0.050375 0.139904 0.893309 8.39523e+08
2 1 1 0.0374425 0.151796 0.846792 8.51527e+08
2.5 1.5 1 0.0907461 0.190077 0.814098 8.36105e+08
-2.25 -1.25 1.25 -0.398236 0.310593 0.644466 1.75234e+08
-2.25 -0.25 1.25 -0.441351 0.34004 0.61026 1.8377e+08
-2.25 0.75 1.25 -0.485393 0.363201 0.571033 1.82233e+08
-1.25 -1.25 1.25 -0.346657 0.28783 0.732506 1.98251e+08
-1.75 -0.75 1.25 -0.39243 0.318966 0.669447 1.94848e+08
-1.25 -0.25 1.25 -0.386441 0.323845 0.687807 2.09386e+08
-1.75 0.25 1.25 -0.434403 0.354075 0.626319 2.00645e+08
-1.25 0.75 1.25 -0.424427 0.366121 0.637596 2.10553e+08
-1.75 1.25 1.25 -0.468721 0.386909 0.582362 1.94863e+08
-0.25 -1.25 1.25 -0.284607 0.252633 0.818848 2.07595e+08
-0.75 -0.75 1.25 -0.340087 0.294757 0.75344 2.10614e+08
-0.25 -0.25 1.25 -0.33143 0.303445 0.767663 2.19597e+08
-0.75 0.25 1.25 -0.381455 0.339482 0.700668 2.18439e+08
-0.25 0.75 1.25 -0.371755 0.355988 0.707548 2.22766e+08
-0.75 1.25 1.25 -0.405027 0.384232 0.644902 2.16141e+08
0.75 -1.25 1.25 -0.218884 0.205818 0.894573 2.08672e+08
0.25 -0.75 1.25 -0.279781 0.258567 0.833475 2.15033e+08
0.75 -0.25 1.25 -0.27375 0.266666 0.84101 2.18954e+08
0.25 0.25 1.25 -0.322686 0.313513 0.774838 2.23832e+08
0.75 0.75 1.25 -0.313513 0.322686 0.774838 2.23832e+08
0.25 1.25 1.25 -0.355988 0.371755 0.707548 2.22766e+08
1.75 -1.25 1.25 -0.147903 0.145337 0.952209 2.06418e+08
1.25 -0.75 1.25 -0.214375 0.210063 0.902271 2.12374e+08
1.75 -0.25 1.25 -0.210063 0.214375 0.902271 2.12374e+08
1.25 0.25 1.25 -0.266666 0.27375 0.84101 2.18954e+08
1.75 0.75 1.25 -0.258567 0.279781 0.833475 2.15033e+08
1.25 1.25 1.25 -0.303445 0.33143 0.767663 2.19597e+08
2.25 -0.75 1.25 -0.145337 0.147903 0.952209 2.06418e+08
2.25 0.25 1.25 -0.205818 0.218884 0.894573 2.08672e+08
2.25 1.25 1.25 -0.252633 0.284607 0.818848 2.07595e+08
-2.5 -1 1.5 -0.228107 -0.205418 0.640814 3.61529e+08
-2.5 0 1.5 -0.162689 -0.140526 0.642274 3.3812e+08
-2.5 1 1.5 -0.155972 -0.132242 0.61253 2.86516e+08
-2 -1.5 1.5 -0.238354 -0.196866 0.681366 4.08919e+08
-1.5 -1 1.5 -0.199559 -0.12718 0.724369 4.40801e+08
-2 -0.5 1.5 -0.190322 -0.127033 0.679685 3.99489e+08
-1.5 0 1.5 -0.163951 -0.0647006 0.707296 4.27211e+08
-2 0.5 1.5 -0.162571 -0.083925 0.658294 3.62799e+08
-1.5 1 1.5 -0.13699 -0.0279923 0.673316 3.80089e+08
-2 1.5 1.5 -0.123037 -0.0706038 0.627228 3.05908e+08
-1 -1.5 1.5 -0.208806 -0.136962 0.768219 4.6453e+08
-0.5 -1 1.5 -0.170924 -0.0777176 0.805175 4.86472e+08
-1 -0.5 1.5 -0.163527 -0.0680124 0.756982 4.65118e+08
-0.5 0 1.5 -0.132276 -0.0141199 0.778295 4.76829e+08
-1 0.5 1.5 -0.132196 -0.0129987 0.725427 4.38228e+08
-0.5 1 1.5 -0.085455 0.0400968 0.736202 4.41732e+08
-1 1.5 1.5 -0.0899654 0.0310777 0.683461 3.86995e+08
0 -1.5 1.5 -0.164167 -0.086955 0.852572 4.9233e+08
0.5 -1 1.5 -0.120347 -0.0319204 0.880297 4.99948e+08
0 -0.5 1.5 -0.131482 -0.022172 0.830348 4.97635e+08
0.5 0 1.5 -0.0845895 0.0326525 0.843685 5.01035e+08
0 0.5 1.5 -0.0889539 0.0403271 0.790074 4.81502e+08
0.5 1 1.5 -0.0403271 0.0889539 0.790074 4.81502e+08
0 1.5 1.5 -0.0400968 0.085455 0.736202 4.41732e+08
1 -1.5 1.5 -0.11226 -0.0431681 0.922664 4.99173e+08
1.5 -1 1.5 -0.0627857 0.01019 0.938253 5.01951e+08
1 -0.5 1.5 -0.0732119 0.0217218 0.89476 5.02575e+08
1.5 0 1.5 -0.0217218 0.0732119 0.89476 5.02575e+08
1 0.5 1.5 -0.0326525 0.0845895 0.843685 5.01035e+08
1.5 1 1.5 0.022172 0.131482 0.830348 4.97635e+08
1 1.5 1.5 0.0141199 0.132276 0.778295 4.76829e+08
2 -1.5 1.5 -0.0495893 -0.0039657 0.970527 4.95297e+08
2.5 -1 1.5 0.0039657 0.0495893 0.970527 4.95297e+08
2 -0.5 1.5 -0.01019 0.0627857 0.938253 5.01951e+08
2.5 0 1.5 0.0431681 0.11226 0.922664 4.99173e+08
2 0.5 1.5 0.0319204 0.120347 0.880297 4.99948e+08
2.5 1 1.5 0.086955 0.164167 0.852572 4.9233e+08
2 1.5 1.5 0.0777176 0.170924 0.805175 4.86472e+08
