449
-2.5 -1 -1.5 -0.738869 -0.453015 0.0443124 5.36709e+10
-2.5 0 -1.5 -0.70027 -0.387611 0.130151 8.40369e+10
-2.5 1 -1.5 -0.603745 -0.333072 0.225132 1.40779e+11
-2 -1.5 -1.5 -0.779287 -0.406784 0.0906716 4.64807e+10
-1.5 -1 -1.5 -0.804756 -0.341018 0.159999 6.36307e+10
-2 -0.5 -1.5 -0.768133 -0.378455 0.130875 7.53183e+10
-1.5 0 -1.5 -0.747835 -0.303759 0.222568 9.56198e+10
-2 0.5 -1.5 -0.638958 -0.345891 0.224223 1.14322e+11
-1.5 1 -1.5 -0.627747 -0.290738 0.284207 1.5456e+11
-2 1.5 -1.5 -0.559835 -0.297369 0.291309 1.55414e+11
-1 -1.5 -1.5 -0.826989 -0.287459 0.204842 5.25237e+10
-0.5 -1 -1.5 -0.831245 -0.226778 0.263077 6.45842e+10
-1 -0.5 -1.5 -0.806933 -0.270575 0.233047 7.90086e+10
-0.5 0 -1.5 -0.7638 -0.210428 0.302154 8.82681e+10
-1 0.5 -1.5 -0.67906 -0.301267 0.286548 1.21062e+11
-0.5 1 -1.5 -0.600456 -0.222255 0.34531 1.38757e+11
-1 1.5 -1.5 -0.547506 -0.242597 0.345844 1.54027e+11
0 -1.5 -1.5 -0.83586 -0.16548 0.303141 5.07637e+10
0.5 -1 -1.5 -0.818739 -0.106423 0.351555 5.44286e+10
0 -0.5 -1.5 -0.810865 -0.159781 0.319601 7.01303e+10
0.5 0 -1.5 -0.774965 -0.113323 0.373224 7.60158e+10
0 0.5 -1.5 -0.697496 -0.226867 0.353761 1.11248e+11
0.5 1 -1.5 -0.650342 -0.171061 0.394805 1.30405e+11
0 1.5 -1.5 -0.548063 -0.175801 0.398236 1.46865e+11
1 -1.5 -1.5 -0.809437 -0.0428632 0.385533 4.13695e+10
1.5 -1 -1.5 -0.783832 0.000257058 0.426339 4.19422e+10
1 -0.5 -1.5 -0.79443 -0.060433 0.396475 5.7258e+10
1.5 0 -1.5 -0.768719 -0.0214332 0.438214 6.01824e+10
1 0.5 -1.5 -0.72881 -0.0742883 0.426787 8.38967e+10
1.5 1 -1.5 -0.67146 -0.142715 0.44276 8.91464e+10
1 1.5 -1.5 -0.575964 -0.160381 0.426697 1.22856e+11
2 -1.5 -1.5 -0.764708 0.0661013 0.451723 3.09913e+10
2.5 -1 -1.5 -0.734237 0.100202 0.485945 2.96853e+10
2 -0.5 -1.5 -0.75914 0.0359331 0.461851 4.19399e+10
2.5 0 -1.5 -0.713191 0.0665131 0.494235 3.68534e+10
2 0.5 -1.5 -0.712947 -0.00745449 0.470677 5.36631e+10
2.5 1 -1.5 -0.662941 0.0018598 0.503561 5.30383e+10
2 1.5 -1.5 -0.581801 -0.122587 0.462726 8.82363e+10
-2.25 -0.75 -1.25 -0.420139 -0.732328 -0.0290806 9.66502e+09
-2.25 0.25 -1.25 -0.36653 -0.558725 0.0670753 1.23675e+10
-2.25 1.25 -1.25 -0.294368 -0.509578 0.159255 2.72462e+10
-1.75 -1.25 -1.25 -0.524733 -0.725506 0.0617327 9.5932e+09
-1.25 -0.75 -1.25 -0.549163 -0.649433 0.117463 1.08639e+10
-1.75 -0.25 -1.25 -0.490764 -0.638323 0.0647097 1.17488e+10
-1.25 0.25 -1.25 -0.463879 -0.554729 0.140579 1.42406e+10
-1.75 0.75 -1.25 -0.448654 -0.51663 0.145686 2.59623e+10
-1.25 1.25 -1.25 -0.365246 -0.52381 0.196422 3.1159e+10
-0.75 -1.25 -1.25 -0.619498 -0.612855 0.217048 1.01259e+10
-0.25 -0.75 -1.25 -0.637462 -0.540243 0.250162 1.07377e+10
-0.75 -0.25 -1.25 -0.579876 -0.559259 0.174491 1.25346e+10
-0.25 0.25 -1.25 -0.555308 -0.503432 0.216402 1.39285e+10
-0.75 0.75 -1.25 -0.518467 -0.505562 0.204258 2.8942e+10
-0.25 1.25 -1.25 -0.43331 -0.477012 0.255415 3.03938e+10
0.25 -1.25 -1.25 -0.650221 -0.486386 0.346748 8.85845e+09
0.75 -0.75 -1.25 -0.651257 -0.436071 0.368534 9.37722e+09
0.25 -0.25 -1.25 -0.641852 -0.480061 0.279776 1.20233e+10
0.75 0.25 -1.25 -0.623739 -0.434945 0.303937 1.30214e+10
0.25 0.75 -1.25 -0.587642 -0.456883 0.264603 2.79156e+10
0.75 1.25 -1.25 -0.523973 -0.437742 0.300412 2.84502e+10
1.25 -1.25 -1.25 -0.618204 -0.371174 0.453705 6.83746e+09
1.75 -0.75 -1.25 -0.610775 -0.338186 0.465506 6.95524e+09
1.25 -0.25 -1.25 -0.653276 -0.395116 0.382837 1.01152e+10
1.75 0.25 -1.25 -0.631076 -0.357493 0.396585 9.67422e+09
1.25 0.75 -1.25 -0.624674 -0.412618 0.324953 1.48542e+10
1.75 1.25 -1.25 -0.589236 -0.383821 0.355034 2.30792e+10
2.25 -1.25 -1.25 -0.550978 -0.257214 0.533981 4.74307e+09
2.25 -0.25 -1.25 -0.581437 -0.309696 0.474183 6.26076e+09
2.25 0.75 -1.25 -0.613781 -0.356268 0.399371 1.00365e+10
-2.5 -1.5 -1 -0.671522 -0.565394 -0.0140725 2.16662e+10
-2.5 -0.5 -1 -0.681859 -0.504285 0.03903 3.57502e+10
-2.5 0.5 -1 -0.583154 -0.442947 0.148614 6.12362e+10
-2.5 1.5 -1 -0.530247 -0.313663 0.25306 9.61054e+10
-1.5 -1.5 -1 -0.773008 -0.447974 0.115273 2.70151e+10
-2 -1 -1 -0.732089 -0.489216 0.0660807 3.12776e+10
-1.5 -0.5 -1 -0.764548 -0.391948 0.155681 4.08818e+10
-2 0 -1 -0.696574 -0.412392 0.142924 4.9296e+10
-1.5 0.5 -1 -0.638275 -0.385456 0.227697 6.96996e+10
-2 1 -1 -0.572778 -0.338656 0.235811 8.75327e+10
-1.5 1.5 -1 -0.536005 -0.272608 0.304977 1.02555e+11
-0.5 -1.5 -1 -0.822704 -0.314022 0.232022 2.83383e+10
-1 -1 -1 -0.80072 -0.367301 0.184815 3.42829e+10
-0.5 -0.5 -1 -0.803645 -0.280269 0.253369 4.03002e+10
-1 0 -1 -0.755406 -0.303757 0.23983 5.03051e+10
-0.5 0.5 -1 -0.712245 -0.222304 0.320749 6.11659e+10
-1 1 -1 -0.593086 -0.292931 0.29336 8.91386e+10
-0.5 1.5 -1 -0.532202 -0.211455 0.357177 9.83621e+10
0.5 -1.5 -1 -0.827938 -0.174885 0.33032 2.51744e+10
0 -1 -1 -0.825678 -0.234587 0.28723 3.21319e+10
0.5 -0.5 -1 -0.80953 -0.15802 0.341488 3.49095e+10
0 0 -1 -0.777588 -0.197096 0.319655 4.62364e+10
0.5 0.5 -1 -0.730177 -0.132574 0.383708 5.46828e+10
0 1 -1 -0.654666 -0.189462 0.369165 8.29519e+10
0.5 1.5 -1 -0.567529 -0.18845 0.39116 8.38893e+10
1.5 -1.5 -1 -0.800321 -0.0466289 0.412948 1.99428e+10
1 -1 -1 -0.812723 -0.10744 0.376056 2.65392e+10
1.5 -0.5 -1 -0.792487 -0.0516813 0.416758 2.77729e+10
1 0 -1 -0.786161 -0.0974912 0.390904 3.88652e+10
1.5 0.5 -1 -0.725467 -0.0686532 0.429627 3.67151e+10
1 1 -1 -0.656168 -0.201748 0.400202 6.10481e+10
1.5 1.5 -1 -0.568769 -0.168089 0.421912 6.3804e+10
2.5 -1.5 -1 -0.754938 0.0663206 0.478003 1.45748e+10
2 -1 -1 -0.777651 0.00373624 0.448687 2.00005e+10
2.5 -0.5 -1 -0.73877 0.0529324 0.482119 1.81768e+10
2 0 -1 -0.748552 -0.00299224 0.454452 2.57261e+10
2.5 0.5 -1 -0.704895 0.0296696 0.485749 2.42802e+10
2 1 -1 -0.669939 -0.048309 0.465051 3.84655e+10
2.5 1.5 -1 -0.614087 -0.139377 0.468728 3.99684e+10
-2.25 -1.25 -0.75 -0.37525 -0.810781 -0.0554657 4.88623e+09
-2.25 -0.25 -0.75 -0.315816 -0.706852 -0.0318859 6.04854e+09
-2.25 0.75 -0.75 -0.305729 -0.586988 0.072337 1.42344e+10
-1.25 -1.25 -0.75 -0.532285 -0.712354 0.127947 5.49373e+09
-1.75 -0.75 -0.75 -0.43773 -0.735623 0.0256427 5.62201e+09
-1.25 -0.25 -0.75 -0.477603 -0.656937 0.101745 6.94047e+09
-1.75 0.25 -0.75 -0.333327 -0.611075 0.0711102 7.38348e+09
-1.25 0.75 -0.75 -0.409462 -0.592863 0.137411 1.69692e+10
-1.75 1.25 -0.75 -0.268701 -0.54356 0.157907 1.79134e+10
-0.25 -1.25 -0.75 -0.62009 -0.577977 0.288987 5.30829e+09
-0.75 -0.75 -0.75 -0.568892 -0.63551 0.17976 6.05048e+09
-0.25 -0.25 -0.75 -0.592063 -0.575437 0.224011 7.1363e+09
-0.75 0.25 -0.75 -0.46281 -0.585768 0.167448 8.0363e+09
-0.25 0.75 -0.75 -0.511221 -0.559712 0.20919 1.08307e+10
-0.75 1.25 -0.75 -0.345102 -0.538842 0.200187 1.91632e+10
0.75 -1.25 -0.75 -0.632535 -0.442318 0.422028 4.49597e+09
0.25 -0.75 -0.75 -0.634141 -0.516958 0.321379 5.73114e+09
0.75 -0.25 -0.75 -0.626253 -0.477729 0.345886 6.19571e+09
0.25 0.25 -0.75 -0.559894 -0.52139 0.259047 7.79545e+09
0.75 0.75 -0.75 -0.552179 -0.496652 0.275195 9.33735e+09
0.25 1.25 -0.75 -0.453085 -0.497155 0.247908 1.78428e+10
1.75 -1.25 -0.75 -0.590774 -0.311659 0.525831 3.32894e+09
1.25 -0.75 -0.75 -0.622893 -0.403141 0.443324 4.61082e+09
1.75 -0.25 -0.75 -0.599481 -0.365536 0.452674 4.32267e+09
1.25 0.25 -0.75 -0.608723 -0.432485 0.357308 6.34652e+09
1.75 0.75 -0.75 -0.591566 -0.432876 0.355555 7.02119e+09
1.25 1.25 -0.75 -0.536633 -0.4705 0.302461 1.58914e+10
2.25 -0.75 -0.75 -0.559923 -0.273344 0.540182 3.03667e+09
2.25 0.25 -0.75 -0.583972 -0.361477 0.451167 4.42088e+09
2.25 1.25 -0.75 -0.583328 -0.434137 0.360247 7.58519e+09
-2.5 -1 -0.5 -0.603757 -0.626592 -0.0360623 1.43764e+10
-2.5 0 -0.5 -0.635701 -0.516963 0.0595653 2.43468e+10
-2.5 1 -0.5 -0.572602 -0.385583 0.201883 4.63339e+10
-2 -1.5 -0.5 -0.667422 -0.600216 0.012992 1.30077e+10
-1.5 -1 -0.5 -0.733107 -0.507882 0.0983354 1.73408e+10
-2 -0.5 -0.5 -0.683979 -0.528366 0.0665129 2.03839e+10
-1.5 0 -0.5 -0.720079 -0.414204 0.168441 2.73719e+10
-2 0.5 -0.5 -0.659789 -0.397887 0.180665 3.44467e+10
-1.5 1 -0.5 -0.607678 -0.323179 0.269412 5.07253e+10
-2 1.5 -0.5 -0.522952 -0.29342 0.274357 5.89678e+10
-1 -1.5 -0.5 -0.772212 -0.465331 0.147319 1.4977e+10
-0.5 -1 -0.5 -0.803535 -0.369909 0.216617 1.78789e+10
-1 -0.5 -0.5 -0.769918 -0.403946 0.184212 2.1847e+10
-0.5 0 -0.5 -0.774373 -0.300295 0.262835 2.69936e+10
-1 0.5 -0.5 -0.703193 -0.30234 0.265113 3.51684e+10
-0.5 1 -0.5 -0.595694 -0.293221 0.318812 4.2842e+10
-1 1.5 -0.5 -0.519639 -0.259516 0.31894 5.7695e+10
0 -1.5 -0.5 -0.821368 -0.313996 0.263281 1.47097e+10
0.5 -1 -0.5 -0.825841 -0.224693 0.318369 1.61503e+10
0 -0.5 -0.5 -0.811645 -0.270891 0.282873 2.06142e+10
0.5 0 -0.5 -0.788238 -0.182134 0.3478 2.25957e+10
0 0.5 -0.5 -0.70849 -0.21922 0.335619 3.01186e+10
0.5 1 -0.5 -0.634383 -0.248556 0.36844 3.88686e+10
0 1.5 -0.5 -0.551703 -0.240045 0.351066 5.4688e+10
1 -1.5 -0.5 -0.824326 -0.166274 0.360411 1.2651e+10
1.5 -1 -0.5 -0.809778 -0.0926448 0.405179 1.30088e+10
1 -0.5 -0.5 -0.811051 -0.141958 0.372454 1.71501e+10
1.5 0 -0.5 -0.772305 -0.067656 0.417845 1.68848e+10
1 0.5 -0.5 -0.727901 -0.1212 0.396254 2.3515e+10
1.5 1 -0.5 -0.674051 -0.0926661 0.432608 2.64271e+10
1 1.5 -0.5 -0.570151 -0.208545 0.390753 4.44536e+10
2 -1.5 -0.5 -0.79556 -0.0350864 0.44025 9.79735e+09
2.5 -1 -0.5 -0.76493 0.0297132 0.475236 9.13083e+09
2 -0.5 -0.5 -0.778102 -0.0209954 0.445004 1.2358e+10
2.5 0 -0.5 -0.737882 0.031043 0.478634 1.15333e+10
2 0.5 -0.5 -0.728531 -0.0226481 0.452357 1.68554e+10
2.5 1 -0.5 -0.651003 -0.00617575 0.47996 1.5065e+10
2 1.5 -0.5 -0.602409 -0.17958 0.436786 2.88252e+10
-2.25 -0.75 -0.25 -0.263615 -0.805282 -0.0903711 2.88437e+09
-2.25 0.25 -0.25 -0.170807 -0.637772 0.0112012 3.62667e+09
-2.25 1.25 -0.25 -0.149443 -0.532088 0.119133 9.11905e+09
-1.75 -1.25 -0.25 -0.412957 -0.79429 0.0204004 2.86646e+09
-1.25 -0.75 -0.25 -0.464828 -0.728596 0.0969049 3.26679e+09
-1.75 -0.25 -0.25 -0.329766 -0.744331 0.0129551 3.58661e+09
-1.25 0.25 -0.25 -0.343132 -0.651536 0.109976 4.30823e+09
-1.75 0.75 -0.25 -0.261359 -0.654366 0.0849443 5.57521e+09
-1.25 1.25 -0.25 -0.257081 -0.561941 0.159951 1.04479e+10
-0.75 -1.25 -0.25 -0.559925 -0.667504 0.211079 3.01166e+09
-0.25 -0.75 -0.25 -0.589741 -0.602585 0.264902 3.32113e+09
-0.75 -0.25 -0.25 -0.493715 -0.666636 0.165937 3.85233e+09
-0.25 0.25 -0.25 -0.499421 -0.592605 0.219552 4.23282e+09
-0.75 0.75 -0.25 -0.376168 -0.620211 0.163068 5.89876e+09
-0.25 1.25 -0.25 -0.387661 -0.554104 0.210521 1.05588e+10
0.25 -1.25 -0.25 -0.626324 -0.516969 0.372019 2.78755e+09
0.75 -0.75 -0.25 -0.624246 -0.46384 0.408204 2.84857e+09
0.25 -0.25 -0.25 -0.584648 -0.545322 0.303271 3.47414e+09
0.75 0.25 -0.25 -0.581788 -0.501425 0.320028 3.90128e+09
0.25 0.75 -0.25 -0.453717 -0.585742 0.228954 5.3333e+09
0.75 1.25 -0.25 -0.496069 -0.538048 0.260023 1.0374e+10
1.25 -1.25 -0.25 -0.62167 -0.365704 0.498055 2.22238e+09
1.75 -0.75 -0.25 -0.600376 -0.316473 0.522143 2.07129e+09
1.25 -0.25 -0.25 -0.60788 -0.419138 0.427225 2.78421e+09
1.75 0.25 -0.25 -0.585624 -0.414268 0.428128 2.97789e+09
1.25 0.75 -0.25 -0.551673 -0.509216 0.317814 4.56214e+09
1.75 1.25 -0.25 -0.541389 -0.501882 0.321832 5.20959e+09
2.25 -1.25 -0.25 -0.578257 -0.208415 0.590099 1.55607e+09
2.25 -0.25 -0.25 -0.565657 -0.300404 0.534569 1.99074e+09
2.25 0.75 -0.25 -0.549066 -0.416763 0.424388 2.95606e+09
-2.5 -1.5 0 -0.49929 -0.727547 -0.102739 5.89994e+09
-2.5 -0.5 0 -0.548628 -0.656417 -0.0314017 9.54047e+09
-2.5 0.5 0 -0.575205 -0.492328 0.113874 1.57771e+10
-2.5 1.5 0 -0.484493 -0.36135 0.227809 3.10182e+10
-1.5 -1.5 0 -0.673001 -0.611375 0.0487441 7.52622e+09
-2 -1 0 -0.609844 -0.649045 -0.00344708 8.37275e+09
-1.5 -0.5 0 -0.696971 -0.538378 0.101879 1.1109e+10
-2 0 0 -0.645328 -0.537029 0.0911694 1.33698e+10
-1.5 0.5 0 -0.650196 -0.400484 0.210431 1.74799e+10
-2 1 0 -0.52624 -0.416075 0.21715 2.32602e+10
-1.5 1.5 0 -0.512753 -0.335315 0.275178 3.36947e+10
-0.5 -1.5 0 -0.778126 -0.458537 0.183675 8.13043e+09
-1 -1 0 -0.742942 -0.510791 0.135743 9.44534e+09
-0.5 -0.5 0 -0.784859 -0.395783 0.221174 1.13642e+10
-1 0 0 -0.739962 -0.412518 0.202856 1.39773e+10
-0.5 0.5 0 -0.706363 -0.290265 0.293111 1.59712e+10
-1 1 0 -0.570007 -0.371406 0.27834 2.41685e+10
-0.5 1.5 0 -0.522221 -0.286625 0.324525 3.17169e+10
0.5 -1.5 0 -0.823749 -0.296003 0.297255 7.66409e+09
0 -1 0 -0.811688 -0.354263 0.253908 9.30229e+09
0.5 -0.5 0 -0.815296 -0.241872 0.323864 9.89422e+09
0 0 0 -0.779221 -0.270045 0.303543 1.25165e+10
0.5 0.5 0 -0.740862 -0.184607 0.36153 1.42746e+10
0 1 0 -0.664106 -0.220912 0.35396 2.05449e+10
0.5 1.5 0 -0.602642 -0.198951 0.383293 2.78599e+10
1.5 -1.5 0 -0.822358 -0.142721 0.391191 6.36321e+09
1 -1 0 -0.826221 -0.197276 0.355026 7.98898e+09
1.5 -0.5 0 -0.806138 -0.102222 0.406626 7.89249e+09
1 0 0 -0.789335 -0.145189 0.381392 1.03278e+10
1.5 0.5 0 -0.748041 -0.0729603 0.42383 1.10556e+10
1 1 0 -0.679348 -0.112173 0.412789 1.69472e+10
1.5 1.5 0 -0.596837 -0.210107 0.413787 1.9549e+10
2.5 -1.5 0 -0.788871 -0.00525226 0.465827 4.71442e+09
2 -1 0 -0.803203 -0.0561565 0.435213 6.11476e+09
2.5 -0.5 0 -0.770109 0.0175032 0.473546 5.70042e+09
2 0 0 -0.770599 -0.0277638 0.44761 7.75602e+09
2.5 0.5 0 -0.704187 0.0251877 0.485247 6.94695e+09
2 1 0 -0.663881 -0.0429749 0.455889 1.03333e+10
2.5 1.5 0 -0.614877 -0.0059882 0.483495 1.11836e+10
-2.25 -1.25 0.25 -0.247861 -0.846663 -0.113938 1.47175e+09
-2.25 -0.25 0.25 -0.139 -0.766009 -0.0901389 1.68941e+09
-2.25 0.75 0.25 -0.0468865 -0.644243 0.0346723 2.60957e+09
-1.25 -1.25 0.25 -0.464514 -0.750224 0.110587 1.64948e+09
-1.75 -0.75 0.25 -0.320344 -0.798059 -0.0123626 1.68769e+09
-1.25 -0.25 0.25 -0.371981 -0.726932 0.0891576 1.90741e+09
-1.75 0.25 0.25 -0.237589 -0.704586 0.0462993 2.13407e+09
-1.25 0.75 0.25 -0.213419 -0.667659 0.116602 2.96304e+09
-1.75 1.25 0.25 -0.185383 -0.605142 0.11595 5.48772e+09
-0.25 -1.25 0.25 -0.590099 -0.596057 0.300569 1.63416e+09
-0.75 -0.75 0.25 -0.512915 -0.683947 0.189216 1.81274e+09
-0.25 -0.25 0.25 -0.54043 -0.608652 0.256768 1.89518e+09
-0.75 0.25 0.25 -0.412621 -0.653671 0.174771 2.27315e+09
-0.25 0.75 0.25 -0.379907 -0.637433 0.206949 2.9158e+09
-0.75 1.25 0.25 -0.30446 -0.614527 0.17275 6.12259e+09
0.75 -1.25 0.25 -0.635569 -0.423973 0.448608 1.40082e+09
0.25 -0.75 0.25 -0.609288 -0.524979 0.35564 1.64767e+09
0.75 -0.25 0.25 -0.603718 -0.475388 0.393168 1.68335e+09
0.25 0.25 0.25 -0.529439 -0.586307 0.285404 2.28624e+09
0.75 0.75 0.25 -0.477132 -0.567182 0.29984 2.59221e+09
0.25 1.25 0.25 -0.416197 -0.63919 0.222912 4.01598e+09
1.75 -1.25 0.25 -0.62796 -0.251448 0.556214 1.06276e+09
1.25 -0.75 0.25 -0.628383 -0.36267 0.488309 1.33191e+09
1.75 -0.25 0.25 -0.597604 -0.338627 0.515802 1.31387e+09
1.25 0.25 0.25 -0.577046 -0.468023 0.408808 1.84415e+09
1.75 0.75 0.25 -0.524565 -0.469946 0.40645 1.91223e+09
1.25 1.25 0.25 -0.470227 -0.581723 0.288669 3.18555e+09
2.25 -0.75 0.25 -0.595501 -0.208902 0.590637 9.87175e+08
2.25 0.25 0.25 -0.540828 -0.333494 0.528643 1.22344e+09
2.25 1.25 0.25 -0.490594 -0.512874 0.383844 2.17308e+09
-2.5 -1 0.5 -0.42065 -0.757325 -0.116587 3.78638e+09
-2.5 0 0.5 -0.519027 -0.64606 0.0107692 5.97567e+09
-2.5 1 0.5 -0.552062 -0.463036 0.161269 1.05205e+10
-2 -1.5 0.5 -0.512811 -0.736864 -0.0663227 3.60196e+09
-1.5 -1 0.5 -0.628613 -0.648945 0.0373373 4.69715e+09
-2 -0.5 0.5 -0.567294 -0.664946 0.00845296 5.21158e+09
-1.5 0 0.5 -0.668061 -0.527494 0.137451 6.75251e+09
-2 0.5 0.5 -0.607323 -0.509359 0.14176 8.36729e+09
-1.5 1 0.5 -0.62096 -0.382997 0.246198 1.17286e+10
-2 1.5 0.5 -0.519265 -0.361686 0.267699 1.68217e+10
-1 -1.5 0.5 -0.687717 -0.600549 0.08915 4.27342e+09
-0.5 -1 0.5 -0.760417 -0.489928 0.178093 5.02335e+09
-1 -0.5 0.5 -0.719158 -0.525785 0.146027 5.72957e+09
-0.5 0 0.5 -0.75855 -0.386844 0.246388 6.66852e+09
-1 0.5 0.5 -0.692267 -0.391743 0.239786 8.5958e+09
-0.5 1 0.5 -0.661163 -0.265713 0.323924 1.11638e+10
-1 1.5 0.5 -0.563493 -0.311683 0.315816 1.73833e+10
0 -1.5 0.5 -0.788669 -0.432772 0.222297 4.38186e+09
0.5 -1 0.5 -0.820355 -0.315608 0.295057 4.64553e+09
0 -0.5 0.5 -0.799817 -0.357421 0.266309 5.50351e+09
0.5 0 0.5 -0.798358 -0.238892 0.338034 6.0418e+09
0 0.5 0.5 -0.748657 -0.269625 0.321567 7.98117e+09
0.5 1 0.5 -0.672957 -0.180687 0.384398 8.93915e+09
0 1.5 0.5 -0.539755 -0.285201 0.35776 1.41363e+10
1 -1.5 0.5 -0.827098 -0.260982 0.331849 3.92635e+09
1.5 -1 0.5 -0.826797 -0.153128 0.388221 3.86769e+09
1 -0.5 0.5 -0.822001 -0.198565 0.361233 4.74894e+09
1.5 0 0.5 -0.795107 -0.102049 0.417431 4.84957e+09
1 0.5 0.5 -0.759777 -0.14523 0.397941 6.54015e+09
1.5 1 0.5 -0.686064 -0.0727649 0.438546 6.71016e+09
1 1.5 0.5 -0.629893 -0.142811 0.416771 1.09184e+10
2 -1.5 0.5 -0.820027 -0.103808 0.418331 3.13907e+09
2.5 -1 0.5 -0.798068 -0.0145308 0.462148 2.93241e+09
2 -0.5 0.5 -0.80429 -0.0579093 0.438946 3.73614e+09
2.5 0 0.5 -0.754632 0.0274434 0.484693 3.37657e+09
2 0.5 0.5 -0.735057 -0.0204031 0.462117 4.61851e+09
2.5 1 0.5 -0.684205 0.0170334 0.488779 4.67041e+09
2 1.5 0.5 -0.629128 -0.0147051 0.47123 7.57995e+09
-2.25 -0.75 0.75 -0.136092 -0.821447 -0.149312 8.29092e+08
-2.25 0.25 0.75 -0.0444141 -0.7382 -0.047076 1.03799e+09
-2.25 1.25 0.75 -0.0135652 -0.619785 0.080985 1.72877e+09
-1.75 -1.25 0.75 -0.328676 -0.811384 -0.0201042 8.67826e+08
-1.25 -0.75 0.75 -0.402278 -0.748265 0.0823024 9.29382e+08
-1.75 -0.25 0.75 -0.231902 -0.770274 -0.00817454 9.3131e+08
-1.25 0.25 0.75 -0.274065 -0.728794 0.104329 1.17878e+09
-1.75 0.75 0.75 -0.0846895 -0.666806 0.0821213 1.36654e+09
-1.25 1.25 0.75 -0.158356 -0.694401 0.132515 2.06783e+09
-0.75 -1.25 0.75 -0.521652 -0.67247 0.203285 9.13958e+08
-0.25 -0.75 0.75 -0.57013 -0.590544 0.28265 9.20778e+08
-0.75 -0.25 0.75 -0.455752 -0.675371 0.184305 9.97766e+08
-0.25 0.25 0.75 -0.463364 -0.638819 0.250644 1.19688e+09
-0.75 0.75 0.75 -0.251603 -0.662911 0.181293 1.45228e+09
-0.25 1.25 0.75 -0.285424 -0.67363 0.204576 2.02673e+09
0.25 -1.25 0.75 -0.6237 -0.489293 0.375775 8.36699e+08
0.75 -0.75 0.75 -0.638711 -0.415734 0.434903 8.15123e+08
0.25 -0.25 0.75 -0.579891 -0.538066 0.346654 9.78823e+08
0.75 0.25 0.75 -0.547702 -0.51469 0.385896 1.04368e+09
0.25 0.75 0.75 -0.44705 -0.605007 0.29139 1.37971e+09
0.75 1.25 0.75 -0.390342 -0.639915 0.280154 1.81966e+09
1.25 -1.25 0.75 -0.658214 -0.303273 0.501023 6.92038e+08
1.75 -0.75 0.75 -0.641402 -0.244712 0.552054 6.50973e+08
1.25 -0.25 0.75 -0.61755 -0.377793 0.484294 8.12186e+08
1.75 0.25 0.75 -0.573587 -0.366845 0.509139 7.96865e+08
1.25 0.75 0.75 -0.520976 -0.516508 0.390755 1.18479e+09
1.75 1.25 0.75 -0.441142 -0.556203 0.380939 1.33841e+09
2.25 -1.25 0.75 -0.646303 -0.134523 0.590849 5.32713e+08
2.25 -0.25 0.75 -0.597916 -0.208845 0.593684 5.93858e+08
2.25 0.75 0.75 -0.506454 -0.411896 0.511908 8.42512e+08
-2.5 -1.5 1 -0.291212 -0.811418 -0.193841 1.64553e+09
-2.5 -0.5 1 -0.371923 -0.756187 -0.0967251 2.30053e+09
-2.5 0.5 1 -0.494579 -0.623756 0.0592288 3.74219e+09
-2.5 1.5 1 -0.431373 -0.446111 0.221765 7.08235e+09
-1.5 -1.5 1 -0.540328 -0.723108 -0.0237495 2.12989e+09
-2 -1 1 -0.450494 -0.757484 -0.077261 2.19332e+09
-1.5 -0.5 1 -0.600554 -0.652748 0.0535354 2.75861e+09
-2 0 1 -0.542781 -0.653583 0.0477704 3.13981e+09
-1.5 0.5 1 -0.638835 -0.510608 0.177234 4.13736e+09
-2 1 1 -0.549502 -0.464531 0.203798 5.20059e+09
-1.5 1.5 1 -0.481493 -0.390951 0.289892 7.79025e+09
-0.5 -1.5 1 -0.710045 -0.568453 0.131557 2.37328e+09
-1 -1 1 -0.658875 -0.623819 0.082287 2.54664e+09
-0.5 -0.5 1 -0.74755 -0.490753 0.19104 2.8912e+09
-1 0 1 -0.697749 -0.516717 0.175902 3.38278e+09
-0.5 0.5 1 -0.728776 -0.374222 0.277538 4.0926e+09
-1 1 1 -0.635569 -0.35377 0.289871 5.26397e+09
-0.5 1.5 1 -0.602274 -0.270387 0.348948 6.94676e+09
0.5 -1.5 1 -0.801434 -0.388444 0.259888 2.29681e+09
0 -1 1 -0.781565 -0.444992 0.220934 2.57823e+09
0.5 -0.5 1 -0.817073 -0.314396 0.304466 2.7405e+09
0 0 1 -0.785512 -0.353554 0.285901 3.27548e+09
0.5 0.5 1 -0.763577 -0.216179 0.369137 3.53485e+09
0 1 1 -0.684042 -0.244011 0.356833 4.71512e+09
0.5 1.5 1 -0.628681 -0.161638 0.405529 6.07914e+09
1.5 -1.5 1 -0.830748 -0.214328 0.361287 1.9879e+09
1 -1 1 -0.829735 -0.266303 0.330382 2.32846e+09
1.5 -0.5 1 -0.826467 -0.147379 0.397391 2.29583e+09
1 0 1 -0.8094 -0.187145 0.380619 2.80846e+09
1.5 0.5 1 -0.770544 -0.0925284 0.433773 2.89829e+09
1 1 1 -0.720834 -0.137603 0.413647 4.06216e+09
1.5 1.5 1 -0.617867 -0.0747062 0.455417 4.19151e+09
2.5 -1.5 1 -0.816605 -0.0607269 0.4415 1.56287e+09
2 -1 1 -0.826242 -0.104665 0.417641 1.89992e+09
2.5 -0.5 1 -0.796895 -0.00281946 0.46976 1.73725e+09
2 0 1 -0.793132 -0.0449089 0.453214 2.19339e+09
2.5 0.5 1 -0.737739 0.0253546 0.499447 2.08019e+09
2 1 1 -0.702464 -0.0298688 0.477832 2.89769e+09
2.5 1.5 1 -0.635501 0.00495017 0.498863 2.87625e+09
-2.25 -1.25 1.25 -0.160627 -0.833166 -0.174354 4.41297e+08
-2.25 -0.25 1.25 -0.039898 -0.777008 -0.145803 4.59098e+08
-2.25 0.75 1.25 0.04041 -0.650369 0.0218566 6.06911e+08
-1.25 -1.25 1.25 -0.416024 -0.737581 0.0748352 4.89279e+08
-1.75 -0.75 1.25 -0.255937 -0.7891 -0.0539736 4.70435e+08
-1.25 -0.25 1.25 -0.333846 -0.732347 0.0751434 5.16207e+08
-1.75 0.25 1.25 -0.120968 -0.732999 0.00996869 5.45238e+08
-1.25 0.75 1.25 -0.193742 -0.69196 0.145249 6.92555e+08
-1.75 1.25 1.25 0.0360666 -0.654291 0.113153 9.21131e+08
-0.25 -1.25 1.25 -0.580249 -0.560878 0.277459 4.83939e+08
-0.75 -0.75 1.25 -0.492201 -0.657658 0.175701 4.98771e+08
-0.25 -0.25 1.25 -0.532745 -0.593007 0.27307 5.30612e+08
-0.75 0.25 1.25 -0.366585 -0.677122 0.187216 5.89003e+08
-0.25 0.75 1.25 -0.380508 -0.649366 0.263875 7.23175e+08
-0.75 1.25 1.25 -0.147188 -0.704927 0.195089 9.95585e+08
0.75 -1.25 1.25 -0.661569 -0.36626 0.423877 4.31653e+08
0.25 -0.75 1.25 -0.621567 -0.478441 0.35685 4.81343e+08
0.75 -0.25 1.25 -0.625722 -0.417702 0.430672 4.77889e+08
0.25 0.25 1.25 -0.536613 -0.545121 0.35286 5.64272e+08
0.75 0.75 1.25 -0.485335 -0.564706 0.381098 6.7163e+08
0.25 1.25 1.25 -0.31997 -0.648263 0.28324 9.19582e+08
1.75 -1.25 1.25 -0.685644 -0.183088 0.527272 3.54683e+08
1.25 -0.75 1.25 -0.670418 -0.289312 0.490548 4.10696e+08
1.75 -0.25 1.25 -0.644068 -0.241659 0.551941 3.84302e+08
1.25 0.25 1.25 -0.586531 -0.402585 0.483298 4.84942e+08
1.75 0.75 1.25 -0.514309 -0.426794 0.504926 5.0297e+08
1.25 1.25 1.25 -0.428492 -0.566545 0.39168 7.33515e+08
2.25 -0.75 1.25 -0.666793 -0.114171 0.584811 3.2086e+08
2.25 0.25 1.25 -0.578157 -0.245591 0.600047 3.7021e+08
2.25 1.25 1.25 -0.452517 -0.472349 0.494506 5.43576e+08
-2.5 -1 1.5 -0.210531 -0.80476 -0.204176 9.8332e+08
-2.5 0 1.5 -0.345238 -0.737108 -0.0573372 1.36599e+09
-2.5 1 1.5 -0.489383 -0.570359 0.131512 2.25887e+09
-2 -1.5 1.5 -0.336676 -0.798878 -0.151164 1.01491e+09
-1.5 -1 1.5 -0.496938 -0.734005 -0.0335147 1.23936e+09
-2 -0.5 1.5 -0.411927 -0.752717 -0.0618676 1.27747e+09
-1.5 0 1.5 -0.582075 -0.638017 0.0863026 1.58918e+09
-2 0.5 1.5 -0.529957 -0.615372 0.107228 1.83304e+09
-1.5 1 1.5 -0.607651 -0.459404 0.236493 2.48134e+09
-2 1.5 1.5 -0.55471 -0.425599 0.247037 3.39582e+09
-1 -1.5 1.5 -0.5791 -0.688062 0.0212274 1.22218e+09
-0.5 -1 1.5 -0.695008 -0.578081 0.125635 1.36297e+09
-1 -0.5 1.5 -0.641151 -0.622685 0.0941298 1.45334e+09
-0.5 0 1.5 -0.736129 -0.477807 0.216334 1.65765e+09
-1 0.5 1.5 -0.679717 -0.481091 0.223964 1.95e+09
-0.5 1 1.5 -0.694642 -0.349726 0.313499 2.47048e+09
-1 1.5 1.5 -0.602247 -0.322591 0.323324 3.47995e+09
0 -1.5 1.5 -0.736125 -0.518564 0.171643 1.28439e+09
0.5 -1 1.5 -0.801638 -0.392226 0.257464 1.33944e+09
0 -0.5 1.5 -0.777388 -0.442587 0.230433 1.48051e+09
0.5 0 1.5 -0.809928 -0.294954 0.327442 1.55575e+09
0 0.5 1.5 -0.764635 -0.330422 0.316895 1.88329e+09
0.5 1 1.5 -0.727743 -0.211312 0.392635 2.11604e+09
0 1.5 1.5 -0.623235 -0.228844 0.389492 2.92032e+09
1 -1.5 1.5 -0.813797 -0.335774 0.29191 1.20012e+09
1.5 -1 1.5 -0.836127 -0.210969 0.36155 1.17276e+09
1 -0.5 1.5 -0.831068 -0.25609 0.341137 1.34667e+09
1.5 0 1.5 -0.819597 -0.132995 0.414535 1.32942e+09
1 0.5 1.5 -0.789929 -0.173283 0.403604 1.64668e+09
1.5 1 1.5 -0.72319 -0.0716546 0.463136 1.67982e+09
1 1.5 1.5 -0.646204 -0.116524 0.441841 2.34095e+09
2 -1.5 1.5 -0.832081 -0.164174 0.386664 1.01234e+09
2.5 -1 1.5 -0.82192 -0.0522553 0.442282 9.32151e+08
2 -0.5 1.5 -0.827224 -0.0913092 0.427088 1.10699e+09
2.5 0 1.5 -0.789178 0.00645938 0.486834 1.02514e+09
2 0.5 1.5 -0.771565 -0.0355129 0.47682 1.28187e+09
2.5 1 1.5 -0.711244 0.0212698 0.515837 1.24044e+09
2 1.5 1.5 -0.667524 -0.0348848 0.48763 1.79958e+09
