449
-2.5 -1 -1.5 -0.0664251 -0.477873 0.250711 5.99956e+09
-2.5 0 -1.5 -0.0218272 -0.398487 0.240536 3.78324e+09
-2.5 1 -1.5 0.0153095 -0.320575 0.225186 2.33254e+09
-2 -1.5 -1.5 -0.0865337 -0.50868 0.286544 9.41443e+09
-1.5 -1 -1.5 -0.0672863 -0.451329 0.319061 9.15704e+09
-2 -0.5 -1.5 -0.043339 -0.421513 0.280851 5.88865e+09
-1.5 0 -1.5 -0.0308702 -0.356001 0.310244 5.55533e+09
-2 0.5 -1.5 -0.00602032 -0.335489 0.268419 3.60568e+09
-1.5 1 -1.5 -0.000808809 -0.265554 0.295529 3.32795e+09
-2 1.5 -1.5 0.0231717 -0.254344 0.251572 2.17562e+09
-1 -1.5 -1.5 -0.0929109 -0.489664 0.354479 1.4251e+10
-0.5 -1 -1.5 -0.0915577 -0.422695 0.386997 1.31057e+10
-1 -0.5 -1.5 -0.0595637 -0.384213 0.350043 8.5368e+09
-0.5 0 -1.5 -0.0635931 -0.308348 0.378665 7.67088e+09
-1 0.5 -1.5 -0.02949 -0.28267 0.338121 5.06494e+09
-0.5 1 -1.5 -0.0385794 -0.204591 0.36401 4.5084e+09
-1 1.5 -1.5 -0.0059103 -0.191776 0.321331 3.00198e+09
0 -1.5 -1.5 -0.124472 -0.473797 0.420065 2.01585e+10
0.5 -1 -1.5 -0.145265 -0.400492 0.449364 1.74635e+10
0 -0.5 -1.5 -0.102984 -0.346222 0.416187 1.15759e+10
0.5 0 -1.5 -0.125376 -0.262599 0.441828 9.94899e+09
0 0.5 -1.5 -0.0782547 -0.226602 0.404552 6.72014e+09
0.5 1 -1.5 -0.100153 -0.143113 0.426834 5.81153e+09
0 1.5 -1.5 -0.0555246 -0.126208 0.387044 3.96364e+09
1 -1.5 -1.5 -0.18354 -0.473278 0.476525 2.64421e+10
1.5 -1 -1.5 -0.226898 -0.401892 0.499916 2.1719e+10
1 -0.5 -1.5 -0.177796 -0.319131 0.474241 1.46792e+10
1.5 0 -1.5 -0.217272 -0.230751 0.493592 1.21238e+10
1 0.5 -1.5 -0.154477 -0.17498 0.462995 8.42884e+09
1.5 1 -1.5 -0.184342 -0.0870038 0.479305 7.12881e+09
1 1.5 -1.5 -0.124592 -0.0621531 0.444937 5.02035e+09
2 -1.5 -1.5 -0.258395 -0.503107 0.515512 3.18323e+10
2.5 -1 -1.5 -0.322583 -0.436747 0.527236 2.45735e+10
2 -0.5 -1.5 -0.27931 -0.320885 0.516411 1.74193e+10
2.5 0 -1.5 -0.332703 -0.229916 0.52623 1.38202e+10
2 0.5 -1.5 -0.256391 -0.13734 0.507262 9.97005e+09
2.5 1 -1.5 -0.287742 -0.040193 0.515915 8.29555e+09
2 1.5 -1.5 -0.209755 -0.00201511 0.491164 6.10339e+09
-2.25 -0.75 -1.25 0.500592 -0.693382 0.195876 3.64199e+09
-2.25 0.25 -1.25 0.52686 -0.669031 0.179444 2.33196e+09
-2.25 1.25 -1.25 0.545353 -0.645495 0.161498 1.42587e+09
-1.75 -1.25 -1.25 0.49529 -0.685286 0.248262 5.58259e+09
-1.25 -0.75 -1.25 0.51675 -0.648507 0.289625 5.47874e+09
-1.75 -0.25 -1.25 0.523006 -0.659964 0.234149 3.58992e+09
-1.25 0.25 -1.25 0.536824 -0.624311 0.27363 3.35804e+09
-1.75 0.75 -1.25 0.542216 -0.636121 0.217009 2.19555e+09
-1.25 1.25 -1.25 0.549699 -0.600656 0.256245 1.97722e+09
-0.75 -1.25 -1.25 0.507425 -0.634558 0.345466 8.25436e+09
-0.25 -0.75 -1.25 0.517051 -0.592358 0.38914 7.5941e+09
-0.75 -0.25 -1.25 0.528688 -0.60978 0.331162 5.08665e+09
-0.25 0.25 -1.25 0.531745 -0.568087 0.372651 4.48421e+09
-0.75 0.75 -1.25 0.542256 -0.585872 0.314004 2.99432e+09
-0.25 1.25 -1.25 0.539021 -0.546286 0.354669 2.58264e+09
0.25 -1.25 -1.25 0.50072 -0.572306 0.446527 1.10803e+10
0.75 -0.75 -1.25 0.497652 -0.523234 0.48969 9.47241e+09
0.25 -0.25 -1.25 0.517319 -0.547105 0.43163 6.60391e+09
0.75 0.25 -1.25 0.508271 -0.500793 0.473085 5.53172e+09
0.25 0.75 -1.25 0.525749 -0.525278 0.413794 3.81585e+09
0.75 1.25 -1.25 0.510905 -0.484615 0.452455 3.19005e+09
1.25 -1.25 -1.25 0.470731 -0.498334 0.544174 1.29952e+10
1.75 -0.75 -1.25 0.454661 -0.444463 0.585007 1.0438e+10
1.25 -0.25 -1.25 0.485207 -0.473128 0.531114 7.7848e+09
1.75 0.25 -1.25 0.463125 -0.427048 0.568471 6.2647e+09
1.25 0.75 -1.25 0.489962 -0.457437 0.511305 4.54608e+09
1.75 1.25 -1.25 0.465309 -0.417662 0.544858 3.72229e+09
2.25 -1.25 -1.25 0.416706 -0.414738 0.62696 1.25799e+10
2.25 -0.25 -1.25 0.429213 -0.395574 0.620702 8.18405e+09
2.25 0.75 -1.25 0.434848 -0.38521 0.600936 5.02269e+09
-2.5 -1.5 -1 -0.223807 -0.470809 0.236303 1.46548e+10
-2.5 -0.5 -1 -0.177127 -0.387691 0.231596 9.34925e+09
-2.5 0.5 -1 -0.135886 -0.303391 0.220092 5.80562e+09
-2.5 1.5 -1 -0.102163 -0.220885 0.203982 3.52981e+09
-1.5 -1.5 -1 -0.217512 -0.475211 0.30523 2.35656e+10
-2 -1 -1 -0.197156 -0.427448 0.269883 1.48168e+10
-1.5 -0.5 -1 -0.179149 -0.374509 0.303254 1.4348e+10
-2 0 -1 -0.156479 -0.335191 0.26269 9.12402e+09
-1.5 0.5 -1 -0.144666 -0.274045 0.293216 8.57428e+09
-2 1 -1 -0.121985 -0.244323 0.249246 5.50601e+09
-1.5 1.5 -1 -0.116942 -0.178879 0.277941 5.07168e+09
-0.5 -1.5 -1 -0.226049 -0.4826 0.375607 3.58996e+10
-1 -1 -1 -0.203099 -0.423166 0.341132 2.26251e+10
-0.5 -0.5 -1 -0.198635 -0.360865 0.374988 2.07851e+10
-1 0 -1 -0.170415 -0.31207 0.335355 1.33423e+10
-0.5 0.5 -1 -0.171122 -0.24075 0.365669 1.19967e+10
-1 1 -1 -0.141964 -0.205367 0.322653 7.81071e+09
-0.5 1.5 -1 -0.146825 -0.132971 0.350271 6.97576e+09
0.5 -1.5 -1 -0.250263 -0.498846 0.443426 5.1467e+10
0 -1 -1 -0.227031 -0.422858 0.411305 3.25347e+10
0.5 -0.5 -1 -0.23906 -0.351561 0.443556 2.82885e+10
0 0 -1 -0.204174 -0.288225 0.406281 1.8402e+10
0.5 0.5 -1 -0.216998 -0.208802 0.434402 1.59303e+10
0 1 -1 -0.179204 -0.16437 0.39352 1.0564e+10
0.5 1.5 -1 -0.190514 -0.0868656 0.417583 9.21983e+09
1.5 -1.5 -1 -0.284949 -0.531466 0.503485 6.92115e+10
1 -1 -1 -0.269845 -0.43361 0.476371 4.38792e+10
1.5 -0.5 -1 -0.298409 -0.358087 0.504387 3.63428e+10
1 0 -1 -0.25872 -0.2715 0.471832 2.39899e+10
1.5 0.5 -1 -0.279948 -0.184407 0.494544 2.00822e+10
1 1 -1 -0.231959 -0.125855 0.457927 1.36516e+10
1.5 1.5 -1 -0.245066 -0.0418804 0.476479 1.17322e+10
2.5 -1.5 -1 -0.311989 -0.582075 0.548016 8.59662e+10
2 -1 -1 -0.321499 -0.469311 0.530694 5.60597e+10
2.5 -0.5 -1 -0.365375 -0.393859 0.549522 4.4087e+10
2 0 -1 -0.329851 -0.271373 0.525596 2.95342e+10
2.5 0.5 -1 -0.357782 -0.171625 0.539967 2.39406e+10
2 1 -1 -0.297572 -0.0914012 0.511505 1.68389e+10
2.5 1.5 -1 -0.306958 0.00396714 0.52296 1.43726e+10
-2.25 -1.25 -0.75 0.36143 -0.717575 0.144133 1.01693e+10
-2.25 -0.25 -0.75 0.402299 -0.684856 0.129165 6.66294e+09
-2.25 0.75 -0.75 0.431977 -0.652013 0.111508 4.14759e+09
-1.25 -1.25 -0.75 0.376292 -0.692774 0.241642 1.60403e+10
-1.75 -0.75 -0.75 0.391353 -0.68905 0.185089 1.0369e+10
-1.25 -0.25 -0.75 0.412242 -0.656938 0.227807 1.00224e+10
-1.75 0.25 -0.75 0.423858 -0.654859 0.169047 6.46104e+09
-1.25 0.75 -0.75 0.437101 -0.620103 0.210834 5.95652e+09
-1.75 1.25 -0.75 0.446321 -0.619574 0.151563 3.8482e+09
-0.25 -1.25 -0.75 0.37483 -0.659237 0.347786 2.35946e+10
-0.75 -0.75 -0.75 0.396287 -0.658321 0.287559 1.54511e+10
-0.25 -0.25 -0.75 0.406803 -0.61854 0.333246 1.40396e+10
-0.75 0.25 -0.75 0.424232 -0.619734 0.271467 9.17652e+09
-0.25 0.75 -0.75 0.427476 -0.577007 0.315998 8.02615e+09
-0.75 1.25 -0.75 0.441975 -0.580478 0.254245 5.26572e+09
0.75 -1.25 -0.75 0.352495 -0.615212 0.457435 3.15996e+10
0.25 -0.75 -0.75 0.383505 -0.616787 0.39564 2.12508e+10
0.75 -0.25 -0.75 0.383122 -0.567328 0.44233 1.80979e+10
0.25 0.25 -0.75 0.408314 -0.572528 0.378886 1.21304e+10
0.75 0.75 -0.75 0.40063 -0.5252 0.423019 1.02196e+10
0.25 1.25 -0.75 0.421967 -0.532481 0.359791 6.84896e+09
1.75 -1.25 -0.75 0.305863 -0.559692 0.563543 3.71576e+10
1.25 -0.75 -0.75 0.349939 -0.562264 0.504946 2.64378e+10
1.75 -0.25 -0.75 0.337338 -0.510201 0.54917 2.15752e+10
1.25 0.25 -0.75 0.373123 -0.517408 0.48666 1.50266e+10
1.75 0.75 -0.75 0.357486 -0.466008 0.525657 1.23076e+10
1.25 1.25 -0.75 0.386946 -0.476604 0.462818 8.50842e+09
2.25 -0.75 -0.75 0.290631 -0.507129 0.607237 2.97226e+10
2.25 0.25 -0.75 0.319396 -0.456521 0.586993 1.73277e+10
2.25 1.25 -0.75 0.339393 -0.413086 0.558515 1.00816e+10
-2.5 -1 -0.5 0.229552 -0.625552 0.203779 2.44359e+10
-2.5 0 -0.5 0.273294 -0.586429 0.191834 1.5841e+10
-2.5 1 -0.5 0.305772 -0.546704 0.176363 9.82585e+09
-2 -1.5 -0.5 0.208431 -0.638746 0.247874 3.82174e+10
-1.5 -1 -0.5 0.235501 -0.607608 0.287511 3.86552e+10
-2 -0.5 -0.5 0.256835 -0.596082 0.240144 2.47905e+10
-1.5 0 -0.5 0.276064 -0.561439 0.277503 2.39149e+10
-2 0.5 -0.5 0.292956 -0.553455 0.227029 1.53542e+10
-1.5 1 -0.5 0.304596 -0.51481 0.263425 1.42195e+10
-2 1.5 -0.5 0.31805 -0.510188 0.211514 9.16542e+09
-1 -1.5 -0.5 0.208033 -0.621925 0.333153 5.99994e+10
-0.5 -1 -0.5 0.225132 -0.584411 0.375554 5.72349e+10
-1 -0.5 -0.5 0.253941 -0.571393 0.327278 3.7095e+10
-0.5 0 -0.5 0.263573 -0.528635 0.366502 3.37786e+10
-1 0.5 -0.5 0.28686 -0.520676 0.315255 2.19728e+10
-0.5 1 -0.5 0.288898 -0.474046 0.353239 1.9405e+10
-1 1.5 -0.5 0.30792 -0.471005 0.300698 1.26941e+10
0 -1.5 -0.5 0.187966 -0.602032 0.421012 8.77133e+10
0.5 -1 -0.5 0.193227 -0.556768 0.463252 7.80763e+10
0 -0.5 -0.5 0.233051 -0.539999 0.416323 5.15778e+10
0.5 0 -0.5 0.231342 -0.487959 0.455676 4.43378e+10
0 0.5 -0.5 0.264012 -0.479188 0.405202 2.94636e+10
0.5 1 -0.5 0.256653 -0.427438 0.442072 2.51107e+10
0 1.5 -0.5 0.2833 -0.42516 0.390083 1.67583e+10
1 -1.5 -0.5 0.142176 -0.58177 0.504725 1.16911e+11
1.5 -1 -0.5 0.132292 -0.528126 0.544092 9.67367e+10
1 -0.5 -0.5 0.188349 -0.502887 0.502989 6.59549e+10
1.5 0 -0.5 0.175407 -0.446979 0.539255 5.43585e+10
1 0.5 -0.5 0.221712 -0.433672 0.492423 3.72124e+10
1.5 1 -0.5 0.208514 -0.376814 0.524492 3.08848e+10
1 1.5 -0.5 0.244878 -0.374216 0.475076 2.11942e+10
2 -1.5 -0.5 0.0627974 -0.568493 0.573597 1.39404e+11
2.5 -1 -0.5 0.0353157 -0.51959 0.605071 1.09879e+11
2 -0.5 -0.5 0.114072 -0.472982 0.579017 7.80384e+10
2.5 0 -0.5 0.0940233 -0.411108 0.607368 6.1768e+10
2 0.5 -0.5 0.159939 -0.386785 0.56995 4.4183e+10
2.5 1 -0.5 0.143994 -0.321794 0.594768 3.60158e+10
2 1.5 -0.5 0.193576 -0.318129 0.551261 2.57396e+10
-2.25 -0.75 -0.25 0.183662 -0.62763 0.124411 7.3009e+09
-2.25 0.25 -0.25 0.230655 -0.580513 0.107187 4.64166e+09
-2.25 1.25 -0.25 0.264664 -0.53114 0.0892493 2.82626e+09
-1.75 -1.25 -0.25 0.162534 -0.645931 0.177512 1.13846e+10
-1.25 -0.75 -0.25 0.193368 -0.613433 0.219045 1.12642e+10
-1.75 -0.25 -0.25 0.214429 -0.596162 0.162879 7.2414e+09
-1.25 0.25 -0.25 0.23557 -0.558378 0.203402 6.83071e+09
-1.75 0.75 -0.25 0.252136 -0.544071 0.145873 4.3993e+09
-1.25 1.25 -0.25 0.264078 -0.500401 0.187279 3.9905e+09
-0.75 -1.25 -0.25 0.166557 -0.632818 0.275153 1.74582e+10
-0.25 -0.75 -0.25 0.18678 -0.593277 0.319833 1.63082e+10
-0.75 -0.25 -0.25 0.214108 -0.574564 0.261552 1.05739e+10
-0.25 0.25 -0.25 0.224543 -0.526262 0.305205 9.42009e+09
-0.75 0.75 -0.25 0.246738 -0.512311 0.245932 6.14336e+09
-0.25 1.25 -0.25 0.247525 -0.460834 0.289503 5.34974e+09
0.25 -1.25 -0.25 0.152646 -0.615287 0.37736 2.50373e+10
0.75 -0.75 -0.25 0.161546 -0.563825 0.423313 2.17965e+10
0.25 -0.25 -0.25 0.196503 -0.543083 0.364623 1.43733e+10
0.75 0.25 -0.25 0.194177 -0.486672 0.408843 1.22034e+10
0.25 0.75 -0.25 0.223847 -0.47205 0.349181 8.10645e+09
0.75 1.25 -0.25 0.216956 -0.415779 0.390629 6.87908e+09
1.25 -1.25 -0.25 0.118848 -0.589647 0.479548 3.27724e+10
1.75 -0.75 -0.25 0.112647 -0.533364 0.523394 2.69731e+10
1.25 -0.25 -0.25 0.157295 -0.50634 0.467541 1.82259e+10
1.75 0.25 -0.25 0.14905 -0.446848 0.507552 1.505e+10
1.25 0.75 -0.25 0.186636 -0.428245 0.449668 1.02231e+10
1.75 1.25 -0.25 0.176593 -0.364233 0.484978 8.49747e+09
2.25 -1.25 -0.25 0.0614193 -0.568938 0.571725 3.92212e+10
2.25 -0.25 -0.25 0.102314 -0.474959 0.562336 2.18993e+10
2.25 0.75 -0.25 0.139881 -0.378876 0.5409 1.22741e+10
-2.5 -1.5 0 0.40535 -0.77208 0.173159 3.39669e+10
-2.5 -0.5 0 0.449468 -0.744942 0.163019 2.3039e+10
-2.5 0.5 0 0.484939 -0.71871 0.148562 1.47298e+10
-2.5 1.5 0 0.512838 -0.69331 0.13218 8.9702e+09
-1.5 -1.5 0 0.413337 -0.749451 0.262959 5.51759e+10
-2 -1 0 0.433979 -0.74718 0.213313 3.57892e+10
-1.5 -0.5 0 0.457475 -0.719087 0.255033 3.56134e+10
-2 0 0 0.473411 -0.719169 0.201694 2.29647e+10
-1.5 0.5 0 0.492213 -0.690727 0.2416 2.16966e+10
-2 1 0 0.50441 -0.692472 0.186544 1.39772e+10
-1.5 1.5 0 0.519052 -0.663291 0.226445 1.26625e+10
-0.5 -1.5 0 0.408012 -0.718983 0.35971 8.33787e+10
-1 -1 0 0.436116 -0.718829 0.308012 5.48051e+10
-0.5 -0.5 0 0.452915 -0.685627 0.352156 5.13152e+10
-1 0 0 0.475419 -0.688304 0.296999 3.34989e+10
-0.5 0.5 0 0.48855 -0.653418 0.339345 2.98439e+10
-1 1 0 0.506116 -0.658821 0.282713 1.94991e+10
-0.5 1.5 0 0.513891 -0.625164 0.324577 1.69113e+10
0.5 -1.5 0 0.384413 -0.682861 0.457125 1.15464e+11
0 -1 0 0.423219 -0.683423 0.406086 7.76804e+10
0.5 -0.5 0 0.434562 -0.641919 0.450802 6.77368e+10
0 0 0 0.465219 -0.647517 0.395729 4.5268e+10
0.5 0.5 0 0.47048 -0.607499 0.438622 3.83313e+10
0 1 0 0.495135 -0.616666 0.381782 2.55929e+10
0.5 1.5 0 0.495872 -0.58032 0.422415 2.15563e+10
1.5 -1.5 0 0.342121 -0.637969 0.548107 1.40504e+11
1 -1 0 0.394464 -0.638012 0.502702 9.92384e+10
1.5 -0.5 0 0.395975 -0.591714 0.545562 8.13743e+10
1 0 0 0.438234 -0.598593 0.493926 5.65239e+10
1.5 0.5 0 0.435839 -0.556612 0.533692 4.63818e+10
1 1 0 0.469778 -0.568279 0.478953 3.18875e+10
1.5 1.5 0 0.466452 -0.52831 0.514871 2.63134e+10
2.5 -1.5 0 0.26434 -0.598502 0.618343 1.47265e+11
2 -1 0 0.340078 -0.590092 0.589473 1.12718e+11
2.5 -0.5 0 0.330951 -0.54425 0.626172 8.91015e+10
2 0 0 0.391201 -0.547368 0.584323 6.5717e+10
2.5 0.5 0 0.387696 -0.498867 0.6168 5.22689e+10
2 1 0 0.432327 -0.512602 0.568196 3.76498e+10
2.5 1.5 0 0.42504 -0.471505 0.597412 3.09179e+10
-2.25 -1.25 0.25 -0.00408044 -0.554818 0.190991 3.67873e+09
-2.25 -0.25 0.25 0.0620753 -0.498096 0.175285 2.39426e+09
-2.25 0.75 0.25 0.114076 -0.438702 0.157719 1.49296e+09
-1.25 -1.25 0.25 0.00226462 -0.539338 0.277392 5.70466e+09
-1.75 -0.75 0.25 0.0353097 -0.517114 0.226998 3.70248e+09
-1.25 -0.25 0.25 0.0648794 -0.472692 0.264573 3.5506e+09
-1.75 0.25 0.25 0.0922951 -0.454285 0.211374 2.30646e+09
-1.25 0.75 0.25 0.112617 -0.402758 0.249718 2.12315e+09
-1.75 1.25 0.25 0.134953 -0.389146 0.195296 1.38425e+09
-0.25 -1.25 0.25 -0.0104022 -0.522747 0.36529 8.31945e+09
-0.75 -0.75 0.25 0.0308529 -0.495014 0.316366 5.44505e+09
-0.25 -0.25 0.25 0.0499456 -0.441174 0.355555 4.92918e+09
-0.75 0.25 0.25 0.084595 -0.419612 0.303484 3.24262e+09
-0.25 0.75 0.25 0.0917094 -0.359159 0.343864 2.84955e+09
-0.75 1.25 0.25 0.121082 -0.345083 0.290093 1.88566e+09
0.75 -1.25 0.25 -0.0398658 -0.507644 0.447376 1.12574e+10
0.25 -0.75 0.25 0.00813451 -0.469568 0.404336 7.45938e+09
0.75 -0.25 0.25 0.0117057 -0.406373 0.443604 6.39163e+09
0.25 0.25 0.25 0.055485 -0.37861 0.395598 4.28014e+09
0.75 0.75 0.25 0.0509411 -0.314723 0.433924 3.63841e+09
0.25 1.25 0.25 0.0887432 -0.297619 0.383315 2.45299e+09
1.75 -1.25 0.25 -0.0897375 -0.505044 0.516892 1.42581e+10
1.25 -0.75 0.25 -0.0387146 -0.446841 0.485315 9.51781e+09
1.75 -0.25 0.25 -0.047856 -0.382467 0.51951 7.83762e+09
1.25 0.25 0.25 0.00520201 -0.34122 0.480236 5.35454e+09
1.75 0.75 0.25 0.00238523 -0.275154 0.511927 4.46204e+09
1.25 1.25 0.25 0.0455876 -0.250503 0.468137 3.0719e+09
2.25 -0.75 0.25 -0.0997816 -0.443299 0.547406 1.15034e+10
2.25 0.25 0.25 -0.0452041 -0.317669 0.547861 6.45816e+09
2.25 1.25 0.25 -0.00636971 -0.202789 0.539311 3.71311e+09
-2.5 -1 0.5 0.376993 -0.751156 0.210246 1.52803e+10
-2.5 0 0.5 0.42518 -0.719655 0.200297 1.00664e+10
-2.5 1 0.5 0.463957 -0.688882 0.186153 6.28098e+09
-2 -1.5 0.5 0.353802 -0.755888 0.255229 2.35012e+10
-1.5 -1 0.5 0.383844 -0.724686 0.297982 2.39253e+10
-2 -0.5 0.5 0.407314 -0.722082 0.249694 1.55806e+10
-1.5 0 0.5 0.431904 -0.68995 0.289622 1.50311e+10
-2 0.5 0.5 0.450329 -0.689546 0.23801 9.74423e+09
-1.5 1 0.5 0.470115 -0.656207 0.276646 8.96341e+09
-2 1.5 0.5 0.484252 -0.657861 0.223463 5.81488e+09
-1 -1.5 0.5 0.353537 -0.728004 0.344019 3.63273e+10
-0.5 -1 0.5 0.376093 -0.692002 0.388483 3.47897e+10
-1 -0.5 0.5 0.407603 -0.690537 0.340195 2.30005e+10
-0.5 0 0.5 0.426115 -0.652329 0.3814 2.0859e+10
-1 0.5 0.5 0.451102 -0.654189 0.329575 1.37328e+10
-0.5 1 0.5 0.463976 -0.615399 0.369709 1.19873e+10
-1 1.5 0.5 0.483738 -0.620309 0.316144 7.90431e+09
0 -1.5 0.5 0.335838 -0.695353 0.432531 5.17435e+10
0.5 -1 0.5 0.352503 -0.652995 0.47546 4.61202e+10
0 -0.5 0.5 0.393783 -0.651486 0.430757 3.12932e+10
0.5 0 0.5 0.404877 -0.606736 0.471653 2.66559e+10
0 0.5 0.5 0.438179 -0.610539 0.422035 1.80016e+10
0.5 1 0.5 0.442899 -0.568586 0.461135 1.51028e+10
0 1.5 0.5 0.469832 -0.576331 0.409022 1.01835e+10
1 -1.5 0.5 0.300734 -0.658721 0.512057 6.62959e+10
1.5 -1 0.5 0.307577 -0.610081 0.551534 5.46044e+10
1 -0.5 0.5 0.362157 -0.60568 0.51615 3.86855e+10
1.5 0 0.5 0.363863 -0.558275 0.553606 3.14702e+10
1 0.5 0.5 0.408282 -0.561963 0.510213 2.20501e+10
1.5 1 0.5 0.408206 -0.517447 0.544818 1.80723e+10
1 1.5 0.5 0.443068 -0.527145 0.496987 1.2537e+10
2 -1.5 0.5 0.238041 -0.623401 0.571668 7.45341e+10
2.5 -1 0.5 0.229542 -0.573281 0.601957 5.78888e+10
2 -0.5 0.5 0.306551 -0.560376 0.586713 4.3475e+10
2.5 0 0.5 0.307016 -0.510963 0.617167 3.49323e+10
2 0.5 0.5 0.363871 -0.510966 0.586463 2.54816e+10
2.5 1 0.5 0.360286 -0.461158 0.614472 2.04774e+10
2 1.5 0.5 0.404486 -0.472625 0.574851 1.47856e+10
-2.25 -0.75 0.75 -0.00236036 -0.496252 0.291951 1.87437e+09
-2.25 0.25 0.75 0.0677406 -0.433778 0.277613 1.19731e+09
-2.25 1.25 0.75 0.123977 -0.36925 0.261663 7.36708e+08
-1.75 -1.25 0.75 -0.0382882 -0.510598 0.336638 2.8663e+09
-1.25 -0.75 0.75 -0.000180445 -0.459509 0.37166 2.78848e+09
-1.75 -0.25 0.75 0.0374065 -0.445167 0.326024 1.83206e+09
-1.25 0.25 0.75 0.0676182 -0.387041 0.360739 1.71106e+09
-1.75 0.75 0.75 0.0989548 -0.376895 0.31206 1.12564e+09
-1.25 1.25 0.75 0.118608 -0.314663 0.348207 1.01925e+09
-0.75 -1.25 0.75 -0.0460861 -0.478396 0.412365 4.2199e+09
-0.25 -0.75 0.75 -0.0187201 -0.421514 0.445669 3.8844e+09
-0.75 -0.25 0.75 0.0287273 -0.401118 0.406095 2.58581e+09
-0.25 0.25 0.75 0.0456576 -0.334539 0.441209 2.29585e+09
-0.75 0.75 0.75 0.0860363 -0.322297 0.396628 1.53514e+09
-0.25 1.25 0.75 0.091294 -0.256502 0.432056 1.34126e+09
0.25 -1.25 0.75 -0.0745339 -0.452066 0.475764 5.80894e+09
0.75 -0.75 0.75 -0.0615403 -0.386946 0.506887 5.03017e+09
0.25 -0.25 0.75 -0.00359633 -0.354433 0.479284 3.40804e+09
0.75 0.25 0.75 -0.00203288 -0.285963 0.51049 2.91125e+09
0.25 0.75 0.75 0.0490859 -0.266565 0.475041 1.98407e+09
0.75 1.25 0.75 0.0444301 -0.202193 0.505861 1.69151e+09
1.25 -1.25 0.75 -0.124003 -0.43905 0.518558 7.43103e+09
1.75 -0.75 0.75 -0.119464 -0.383708 0.539032 6.25914e+09
1.25 -0.25 0.75 -0.0610184 -0.321555 0.533852 4.25108e+09
1.75 0.25 0.75 -0.0667077 -0.25965 0.55813 3.54395e+09
1.25 0.75 0.75 -0.00729442 -0.221017 0.538504 2.45312e+09
1.75 1.25 0.75 -0.0124338 -0.154463 0.562955 2.06282e+09
2.25 -1.25 0.75 -0.157542 -0.481988 0.523431 9.61636e+09
2.25 -0.25 0.75 -0.125201 -0.332662 0.559134 5.19751e+09
2.25 0.75 0.75 -0.0676854 -0.18872 0.579632 2.93986e+09
-2.5 -1.5 1 0.295586 -0.768967 0.269077 1.04872e+10
-2.5 -0.5 1 0.359634 -0.733186 0.266724 7.15168e+09
-2.5 0.5 1 0.412805 -0.697031 0.257583 4.59325e+09
-2.5 1.5 1 0.455901 -0.661395 0.244469 2.8082e+09
-1.5 -1.5 1 0.300304 -0.741306 0.349599 1.64827e+10
-2 -1 1 0.33338 -0.73685 0.309763 1.09223e+10
-1.5 -0.5 1 0.365258 -0.700592 0.350126 1.07388e+10
-2 0 1 0.39201 -0.698599 0.304786 7.05485e+09
-1.5 0.5 1 0.418575 -0.660532 0.342599 6.5953e+09
-2 1 1 0.439769 -0.660957 0.293996 4.31833e+09
-1.5 1.5 1 0.460379 -0.622123 0.331003 3.87841e+09
-0.5 -1.5 1 0.289226 -0.708679 0.428566 2.38613e+10
-1 -1 1 0.331392 -0.70365 0.392122 1.6145e+10
-0.5 -0.5 1 0.35677 -0.662279 0.432155 1.49092e+10
-1 0 1 0.391296 -0.660679 0.389201 9.97951e+09
-0.5 0.5 1 0.411052 -0.616865 0.427373 8.79574e+09
-1 1 1 0.43876 -0.619193 0.380285 5.87067e+09
-0.5 1.5 1 0.451425 -0.576719 0.417447 5.04399e+09
0.5 -1.5 1 0.261695 -0.67555 0.496092 3.14654e+10
0 -1 1 0.313837 -0.666638 0.468984 2.18961e+10
0.5 -0.5 1 0.332729 -0.618732 0.506978 1.88449e+10
0 0 1 0.376105 -0.616185 0.470501 1.29954e+10
0.5 0.5 1 0.387501 -0.568571 0.506801 1.08878e+10
0 1 1 0.42308 -0.571703 0.464313 7.46701e+09
0.5 1.5 1 0.428126 -0.527523 0.49897 6.22316e+09
1.5 -1.5 1 0.217512 -0.642425 0.543324 3.70052e+10
1 -1 1 0.27996 -0.626681 0.532862 2.66986e+10
1.5 -0.5 1 0.289899 -0.576517 0.565327 2.17489e+10
1 0 1 0.343479 -0.569246 0.541949 1.55656e+10
1.5 0.5 1 0.347293 -0.520737 0.573736 1.26517e+10
1 1 1 0.392035 -0.521888 0.540276 8.95977e+09
1.5 1.5 1 0.39286 -0.475238 0.570018 7.34252e+09
2.5 -1.5 1 0.154361 -0.621651 0.562568 4.3678e+10
2 -1 1 0.225848 -0.594111 0.571743 3.00056e+10
2.5 -0.5 1 0.222736 -0.548895 0.598825 2.43358e+10
2 0 1 0.291913 -0.527745 0.594818 1.75219e+10
2.5 0.5 1 0.295738 -0.471656 0.620687 1.40074e+10
2 1 1 0.349489 -0.469744 0.601637 1.02316e+10
2.5 1.5 1 0.346498 -0.420804 0.624719 8.36343e+09
-2.25 -1.25 1.25 -0.0323538 -0.533281 0.404316 1.49697e+09
-2.25 -0.25 1.25 0.0559066 -0.473629 0.396138 9.81595e+08
-2.25 0.75 1.25 0.129615 -0.409584 0.383443 6.19074e+08
-1.25 -1.25 1.25 -0.0298457 -0.48536 0.475239 2.21369e+09
-1.75 -0.75 1.25 0.0175479 -0.478343 0.43849 1.48053e+09
-1.25 -0.25 1.25 0.0574126 -0.415998 0.471688 1.40073e+09
-1.75 0.25 1.25 0.0975291 -0.411772 0.429493 9.34887e+08
-1.25 0.75 1.25 0.127788 -0.343622 0.463483 8.56024e+08
-1.75 1.25 1.25 0.161125 -0.34375 0.417598 5.71469e+08
-0.25 -1.25 1.25 -0.0534094 -0.439037 0.532135 3.05765e+09
-0.75 -0.75 1.25 0.00756169 -0.424012 0.507302 2.07952e+09
-0.25 -0.25 1.25 0.0340606 -0.353634 0.538855 1.86665e+09
-0.75 0.25 1.25 0.0860215 -0.346147 0.50491 1.27079e+09
-0.25 0.75 1.25 0.100365 -0.27346 0.537034 1.11779e+09
-0.75 1.25 1.25 0.144146 -0.27334 0.497122 7.60576e+08
0.75 -1.25 1.25 -0.103853 -0.403043 0.563675 3.90786e+09
0.25 -0.75 1.25 -0.0294969 -0.370247 0.560678 2.7116e+09
0.75 -0.25 1.25 -0.0202613 -0.298644 0.585496 2.33488e+09
0.25 0.25 1.25 0.0459694 -0.279954 0.568298 1.62424e+09
0.75 0.75 1.25 0.0447666 -0.208879 0.59452 1.38585e+09
0.25 1.25 1.25 0.101334 -0.203806 0.566328 9.64186e+08
1.75 -1.25 1.25 -0.172827 -0.417812 0.549369 4.91161e+09
1.25 -0.75 1.25 -0.0963424 -0.339723 0.580902 3.34515e+09
1.75 -0.25 1.25 -0.103289 -0.276368 0.597127 2.80952e+09
1.25 0.25 1.25 -0.0240054 -0.228813 0.607317 1.97188e+09
1.75 0.75 1.25 -0.031555 -0.160889 0.625768 1.64775e+09
1.25 1.25 1.25 0.036742 -0.14263 0.616765 1.17249e+09
2.25 -0.75 1.25 -0.186824 -0.367359 0.562921 4.16657e+09
2.25 0.25 1.25 -0.110152 -0.209306 0.611533 2.32088e+09
2.25 1.25 1.25 -0.0378336 -0.0955704 0.639497 1.39431e+09
-2.5 -1 1.5 0.285142 -0.756657 0.331456 5.2656e+09
-2.5 0 1.5 0.354757 -0.716921 0.330311 3.49974e+09
-2.5 1 1.5 0.4129 -0.676609 0.322432 2.20149e+09
-2 -1.5 1.5 0.248997 -0.760895 0.365378 7.8761e+09
-1.5 -1 1.5 0.28889 -0.722497 0.406544 7.87327e+09
-2 -0.5 1.5 0.325297 -0.719164 0.370511 5.28548e+09
-1.5 0 1.5 0.359538 -0.677521 0.408246 5.01957e+09
-2 0.5 1.5 0.38926 -0.676669 0.366708 3.34197e+09
-1.5 1 1.5 0.417368 -0.632966 0.402678 3.03571e+09
-2 1.5 1.5 0.441145 -0.635003 0.357618 2.01572e+09
-1 -1.5 1.5 0.244641 -0.727702 0.436098 1.15153e+10
-0.5 -1 1.5 0.278133 -0.685305 0.475084 1.08116e+10
-1 -0.5 1.5 0.322769 -0.679998 0.445241 7.43395e+09
-0.5 0 1.5 0.350789 -0.632871 0.481896 6.63045e+09
-1 0.5 1.5 0.387541 -0.631905 0.444756 4.52008e+09
-0.5 1 1.5 0.407927 -0.584017 0.480045 3.89812e+09
-1 1.5 1.5 0.437901 -0.587407 0.43812 2.64753e+09
0 -1.5 1.5 0.225311 -0.695056 0.49421 1.53836e+10
0.5 -1 1.5 0.25438 -0.647352 0.529107 1.34403e+10
0 -0.5 1.5 0.306439 -0.637369 0.511279 9.54365e+09
0.5 0 1.5 0.327125 -0.586418 0.544593 8.03177e+09
0 0.5 1.5 0.371192 -0.583052 0.516563 5.64947e+09
0.5 1 1.5 0.383373 -0.533207 0.548937 4.68145e+09
0 1.5 1.5 0.420154 -0.536407 0.513559 3.27172e+09
1 -1.5 1.5 0.195516 -0.664793 0.531357 1.85908e+10
1.5 -1 1.5 0.217534 -0.616798 0.558923 1.55045e+10
1 -0.5 1.5 0.27567 -0.5967 0.56 1.11965e+10
1.5 0 1.5 0.287586 -0.545057 0.588337 9.07787e+09
1 0.5 1.5 0.339333 -0.535057 0.575257 6.57314e+09
1.5 1 1.5 0.346062 -0.483254 0.602899 5.32163e+09
1 1.5 1.5 0.389132 -0.484484 0.578365 3.83813e+09
2 -1.5 1.5 0.155071 -0.646535 0.543352 2.22722e+10
2.5 -1 1.5 0.161448 -0.596305 0.568424 1.82491e+10
2 -0.5 1.5 0.227778 -0.566624 0.584969 1.25918e+10
2.5 0 1.5 0.23514 -0.508054 0.608932 1.00248e+10
2 0.5 1.5 0.295274 -0.490189 0.61399 7.27149e+09
2.5 1 1.5 0.302675 -0.433117 0.63538 5.89305e+09
2 1.5 1.5 0.349109 -0.432415 0.62649 4.34187e+09
