449
-2.5 -1 -1.5 0.222016 0.145365 0.576266 6.27171e+10
-2.5 0 -1.5 0.484315 -0.0940031 0.636988 5.29029e+10
-2.5 1 -1.5 0.523644 -0.230452 0.630501 4.76043e+10
-2 -1.5 -1.5 0.115206 0.22585 0.539796 6.46693e+10
-1.5 -1 -1.5 0.24276 0.204958 0.542992 8.00756e+10
-2 -0.5 -1.5 0.350083 0.104564 0.580064 7.92946e+10
-1.5 0 -1.5 0.474346 0.0710856 0.573399 1.0572e+11
-2 0.5 -1.5 0.550499 -0.127718 0.624204 6.75408e+10
-1.5 1 -1.5 0.599187 -0.122863 0.592268 7.84487e+10
-2 1.5 -1.5 0.573281 -0.229542 0.601957 5.78888e+10
-1 -1.5 -1.5 0.142148 0.257695 0.521988 7.22019e+10
-0.5 -1 -1.5 0.249062 0.231908 0.520084 9.18722e+10
-1 -0.5 -1.5 0.362063 0.163941 0.543343 1.0542e+11
-0.5 0 -1.5 0.469613 0.140095 0.53004 1.34315e+11
-1 0.5 -1.5 0.571055 0.0986733 0.546693 1.16159e+11
-0.5 1 -1.5 0.666481 0.00980598 0.545964 1.55863e+11
-1 1.5 -1.5 0.646607 -0.148911 0.570316 1.007e+11
0 -1.5 -1.5 0.155327 0.269812 0.512392 7.7364e+10
0.5 -1 -1.5 0.250355 0.251674 0.502375 9.8525e+10
0 -0.5 -1.5 0.355244 0.203782 0.511359 1.19372e+11
0.5 0 -1.5 0.456499 0.157775 0.502619 1.62136e+11
0 0.5 -1.5 0.562921 0.0847716 0.520844 1.84232e+11
0.5 1 -1.5 0.663643 0.0529256 0.502112 2.46439e+11
0 1.5 -1.5 0.702261 -0.0714215 0.533007 1.74949e+11
1 -1.5 -1.5 0.164125 0.272817 0.50596 7.97466e+10
1.5 -1 -1.5 0.251978 0.255385 0.490824 1.02233e+11
1 -0.5 -1.5 0.348635 0.22236 0.490741 1.30405e+11
1.5 0 -1.5 0.452813 0.198152 0.472184 1.76557e+11
1 0.5 -1.5 0.56551 0.124202 0.486509 2.21292e+11
1.5 1 -1.5 0.653944 0.102068 0.459364 2.7585e+11
1 1.5 -1.5 0.728016 0.0621521 0.472602 2.55218e+11
2 -1.5 -1.5 0.177052 0.270162 0.500449 7.96703e+10
2.5 -1 -1.5 0.260109 0.261645 0.475843 1.01461e+11
2 -0.5 -1.5 0.345871 0.238221 0.469777 1.34607e+11
2.5 0 -1.5 0.43711 0.222347 0.440389 1.74722e+11
2 0.5 -1.5 0.54401 0.174678 0.445498 2.30001e+11
2.5 1 -1.5 0.631827 0.183637 0.398127 2.8621e+11
2 1.5 -1.5 0.722303 0.133987 0.414922 2.7872e+11
-2.25 -0.75 -1.25 0.275238 0.305118 0.521807 1.81248e+10
-2.25 0.25 -1.25 0.512396 0.179738 0.552456 1.22313e+10
-2.25 1.25 -1.25 0.457911 0.168004 0.545134 8.25655e+09
-1.75 -1.25 -1.25 0.199877 0.326943 0.513968 1.82576e+10
-1.25 -0.75 -1.25 0.311933 0.341354 0.49724 2.31219e+10
-1.75 -0.25 -1.25 0.417644 0.277747 0.518279 2.31255e+10
-1.25 0.25 -1.25 0.523779 0.194455 0.516173 2.94491e+10
-1.75 0.75 -1.25 0.562099 0.201549 0.526365 1.38643e+10
-1.25 1.25 -1.25 0.588657 0.184391 0.503727 1.56903e+10
-0.75 -1.25 -1.25 0.225944 0.344935 0.501112 2.07293e+10
-0.25 -0.75 -1.25 0.325076 0.352483 0.4805 2.6425e+10
-0.75 -0.25 -1.25 0.429666 0.323723 0.481039 2.99295e+10
-0.25 0.25 -1.25 0.53281 0.315727 0.4543 4.03368e+10
-0.75 0.75 -1.25 0.628159 0.189957 0.488034 3.84259e+10
-0.25 1.25 -1.25 0.675186 0.213002 0.455832 2.80851e+10
0.25 -1.25 -1.25 0.233346 0.347002 0.493218 2.23622e+10
0.75 -0.75 -1.25 0.316498 0.361872 0.466036 2.90885e+10
0.25 -0.25 -1.25 0.4201 0.357278 0.452029 3.50638e+10
0.75 0.25 -1.25 0.511134 0.344497 0.4204 4.60429e+10
0.25 0.75 -1.25 0.613263 0.25702 0.436294 5.09309e+10
0.75 1.25 -1.25 0.684737 0.235821 0.409739 5.93496e+10
1.25 -1.25 -1.25 0.233395 0.344347 0.48558 2.33525e+10
1.75 -0.75 -1.25 0.300845 0.365092 0.451517 2.9922e+10
1.25 -0.25 -1.25 0.400451 0.371101 0.431989 3.83121e+10
1.75 0.25 -1.25 0.480624 0.377159 0.389765 5.00203e+10
1.25 0.75 -1.25 0.578359 0.334762 0.383962 5.68496e+10
1.75 1.25 -1.25 0.661241 0.290013 0.358226 6.50033e+10
2.25 -1.25 -1.25 0.236942 0.336564 0.476703 2.34319e+10
2.25 -0.25 -1.25 0.376374 0.386247 0.407291 3.85273e+10
2.25 0.75 -1.25 0.533272 0.413353 0.332921 6.03065e+10
-2.5 -1.5 -1 0.131934 0.173324 0.547883 5.3315e+10
-2.5 -0.5 -1 0.354765 0.157293 0.559722 4.04379e+10
-2.5 0.5 -1 0.506804 -0.13569 0.608452 2.74999e+10
-2.5 1.5 -1 0.548895 -0.222736 0.598825 2.43358e+10
-1.5 -1.5 -1 0.161249 0.228079 0.521962 6.64104e+10
-2 -1 -1 0.257353 0.19315 0.535896 6.09731e+10
-1.5 -0.5 -1 0.386093 0.148134 0.534483 7.43586e+10
-2 0 -1 0.503991 0.0643159 0.569227 4.81491e+10
-1.5 0.5 -1 0.590147 -0.0400707 0.567892 5.61053e+10
-2 1 -1 0.58327 -0.140645 0.58695 3.57611e+10
-1.5 1.5 -1 0.621651 -0.154361 0.562568 4.3678e+10
-0.5 -1.5 -1 0.184861 0.24529 0.511137 7.66691e+10
-1 -1 -1 0.276756 0.205444 0.517738 8.14672e+10
-0.5 -0.5 -1 0.377286 0.176842 0.507137 1.01921e+11
-1 0 -1 0.472812 0.11014 0.524296 9.04899e+10
-0.5 0.5 -1 0.593975 0.0881702 0.508502 1.13768e+11
-1 1 -1 0.646969 -0.0667699 0.548331 6.68042e+10
-0.5 1.5 -1 0.687268 -0.0641288 0.517493 7.38355e+10
0.5 -1.5 -1 0.193777 0.253442 0.503274 8.32824e+10
0 -1 -1 0.28158 0.225307 0.500123 9.55166e+10
0.5 -0.5 -1 0.385911 0.198772 0.486368 1.2263e+11
0 0 -1 0.49062 0.147986 0.493391 1.30533e+11
0.5 0.5 -1 0.577729 0.117723 0.473081 1.62107e+11
0 1 -1 0.677108 0.0796305 0.491954 1.22906e+11
0.5 1.5 -1 0.721469 0.00670928 0.477793 1.23602e+11
1.5 -1.5 -1 0.206713 0.255731 0.49722 8.68738e+10
1 -1 -1 0.286205 0.235701 0.487452 1.05249e+11
1.5 -0.5 -1 0.380113 0.212329 0.467899 1.35251e+11
1 0 -1 0.48249 0.166389 0.468154 1.58471e+11
1.5 0.5 -1 0.572951 0.153139 0.439984 1.96428e+11
1 1 -1 0.656394 0.108522 0.446181 1.84992e+11
1.5 1.5 -1 0.717432 0.149869 0.409434 1.72186e+11
2.5 -1.5 -1 0.224254 0.255864 0.489175 8.66656e+10
2 -1 -1 0.292948 0.244036 0.474026 1.09476e+11
2.5 -0.5 -1 0.381058 0.234504 0.443475 1.38683e+11
2 0 -1 0.471903 0.19923 0.43887 1.7316e+11
2.5 0.5 -1 0.549514 0.20107 0.397433 2.02268e+11
2 1 -1 0.630004 0.158211 0.401664 2.04188e+11
2.5 1.5 -1 0.701594 0.222532 0.347615 1.90716e+11
-2.25 -1.25 -0.75 0.148682 0.367045 0.490709 1.4532e+10
-2.25 -0.25 -0.75 0.41657 0.256001 0.513111 1.38009e+10
-2.25 0.75 -0.75 0.415936 0.231068 0.530013 5.58864e+09
-1.25 -1.25 -0.75 0.198558 0.419924 0.461225 1.84937e+10
-1.75 -0.75 -0.75 0.298885 0.378834 0.471303 1.74487e+10
-1.25 -0.25 -0.75 0.408343 0.376615 0.446668 2.09843e+10
-1.75 0.25 -0.75 0.547838 0.267899 0.491994 1.12368e+10
-1.25 0.75 -0.75 0.604796 0.248281 0.475251 1.26436e+10
-1.75 1.25 -0.75 0.480397 0.255525 0.520929 6.86464e+09
-0.25 -1.25 -0.75 0.204567 0.431034 0.446705 2.11586e+10
-0.75 -0.75 -0.75 0.302149 0.428186 0.436002 2.25975e+10
-0.25 -0.25 -0.75 0.400728 0.422114 0.408242 2.82343e+10
-0.75 0.25 -0.75 0.51943 0.320983 0.435935 2.63494e+10
-0.25 0.75 -0.75 0.624458 0.287157 0.417927 3.11322e+10
-0.75 1.25 -0.75 0.611017 0.270875 0.450594 1.32483e+10
0.75 -1.25 -0.75 0.193234 0.429622 0.437389 2.29944e+10
0.25 -0.75 -0.75 0.297673 0.441393 0.416207 2.65803e+10
0.75 -0.25 -0.75 0.383996 0.445003 0.381005 3.35196e+10
0.25 0.25 -0.75 0.49053 0.412387 0.378815 3.49439e+10
0.75 0.75 -0.75 0.572719 0.349642 0.363225 3.89461e+10
0.25 1.25 -0.75 0.664378 0.31826 0.3855 2.13735e+10
1.75 -1.25 -0.75 0.182351 0.421196 0.429679 2.37387e+10
1.25 -0.75 -0.75 0.266988 0.447585 0.399691 2.88255e+10
1.75 -0.25 -0.75 0.331939 0.467047 0.354468 3.5526e+10
1.25 0.25 -0.75 0.458506 0.433142 0.34576 4.01781e+10
1.75 0.75 -0.75 0.512156 0.401153 0.315364 4.4178e+10
1.25 1.25 -0.75 0.645108 0.353647 0.331899 4.25723e+10
2.25 -0.75 -0.75 0.241986 0.441638 0.385509 2.92774e+10
2.25 0.25 -0.75 0.40963 0.470009 0.308774 4.21273e+10
2.25 1.25 -0.75 0.591213 0.409598 0.274662 4.49698e+10
-2.5 -1 -0.5 0.236863 0.135342 0.541339 3.52975e+10
-2.5 0 -0.5 0.480039 -0.112361 0.5928 2.0188e+10
-2.5 1 -0.5 0.531744 -0.161929 0.589793 1.43208e+10
-2 -1.5 -0.5 0.148253 0.193423 0.519925 4.76409e+10
-1.5 -1 -0.5 0.283513 0.200392 0.507984 5.58789e+10
-2 -0.5 -0.5 0.396903 0.151011 0.527422 4.15767e+10
-1.5 0 -0.5 0.498274 0.191742 0.503013 4.25658e+10
-2 0.5 -0.5 0.544962 -0.0678937 0.561689 2.17493e+10
-1.5 1 -0.5 0.613719 -0.080501 0.545107 2.67334e+10
-2 1.5 -0.5 0.596305 -0.161448 0.568424 1.82491e+10
-1 -1.5 -0.5 0.198178 0.232789 0.503076 6.22612e+10
-0.5 -1 -0.5 0.301762 0.222351 0.487972 7.4265e+10
-1 -0.5 -0.5 0.392659 0.193411 0.490042 6.40799e+10
-0.5 0 -0.5 0.49281 0.144141 0.480334 7.77606e+10
-1 0.5 -0.5 0.614539 0.0933341 0.507272 5.15703e+10
-0.5 1 -0.5 0.662941 -0.0018598 0.503561 5.30383e+10
-1 1.5 -0.5 0.673753 -0.0849188 0.522248 3.31198e+10
0 -1.5 -0.5 0.216409 0.245902 0.493309 7.30473e+10
0.5 -1 -0.5 0.309406 0.225099 0.477168 8.95113e+10
0 -0.5 -0.5 0.398975 0.191161 0.47396 9.08876e+10
0.5 0 -0.5 0.494739 0.169614 0.453368 1.09045e+11
0 0.5 -0.5 0.581801 0.122587 0.462726 8.82363e+10
0.5 1 -0.5 0.67146 0.142715 0.44276 8.91464e+10
0 1.5 -0.5 0.712947 0.00745449 0.470677 5.36631e+10
1 -1.5 -0.5 0.227295 0.248242 0.487649 8.04832e+10
1.5 -1 -0.5 0.313838 0.234561 0.464325 9.92963e+10
1 -0.5 -0.5 0.401351 0.202247 0.456389 1.10242e+11
1.5 0 -0.5 0.48584 0.18069 0.43128 1.31348e+11
1 0.5 -0.5 0.575964 0.160381 0.426697 1.22856e+11
1.5 1 -0.5 0.650342 0.171061 0.394805 1.30405e+11
1 1.5 -0.5 0.72881 0.0742883 0.426787 8.38967e+10
2 -1.5 -0.5 0.244127 0.250644 0.480722 8.38403e+10
2.5 -1 -0.5 0.325578 0.244859 0.449201 1.02349e+11
2 -0.5 -0.5 0.401143 0.223537 0.435292 1.21293e+11
2.5 0 -0.5 0.477337 0.217022 0.39918 1.42278e+11
2 0.5 -0.5 0.548063 0.175801 0.398236 1.46865e+11
2.5 1 -0.5 0.600456 0.222255 0.34531 1.38757e+11
2 1.5 -0.5 0.697496 0.226867 0.353761 1.11248e+11
-2.25 -0.75 -0.25 0.252115 0.3963 0.473344 1.04821e+10
-2.25 0.25 -0.25 0.440992 0.318392 0.49503 4.66363e+09
-2.25 1.25 -0.25 0.358745 0.228233 0.56193 2.82051e+09
-1.75 -1.25 -0.25 0.149809 0.453415 0.442093 1.33079e+10
-1.25 -0.75 -0.25 0.271615 0.459285 0.418974 1.53116e+10
-1.75 -0.25 -0.25 0.413603 0.370146 0.458033 1.23417e+10
-1.25 0.25 -0.25 0.551148 0.340693 0.434033 1.47046e+10
-1.75 0.75 -0.25 0.500211 0.296657 0.482621 5.06497e+09
-1.25 1.25 -0.25 0.51888 0.290263 0.482793 5.37855e+09
-0.75 -1.25 -0.25 0.175847 0.490467 0.412978 1.6915e+10
-0.25 -0.75 -0.25 0.27884 0.498769 0.380252 2.05339e+10
-0.75 -0.25 -0.25 0.383143 0.463721 0.386855 1.82793e+10
-0.25 0.25 -0.25 0.487766 0.402591 0.37447 2.06115e+10
-0.75 0.75 -0.25 0.607325 0.354379 0.409989 1.02939e+10
-0.25 1.25 -0.25 0.613781 0.356268 0.399371 1.00365e+10
0.25 -1.25 -0.25 0.170979 0.496389 0.39587 1.97448e+10
0.75 -0.75 -0.25 0.24635 0.506948 0.357945 2.35952e+10
0.25 -0.25 -0.25 0.360649 0.488103 0.349806 2.3808e+10
0.75 0.25 -0.25 0.435453 0.477405 0.320101 2.70825e+10
0.25 0.75 -0.25 0.589236 0.383821 0.355034 2.30792e+10
0.75 1.25 -0.25 0.624674 0.412618 0.324953 1.48542e+10
1.25 -1.25 -0.25 0.143095 0.494247 0.384672 2.11965e+10
1.75 -0.75 -0.25 0.209264 0.511469 0.339934 2.52797e+10
1.25 -0.25 -0.25 0.309411 0.507414 0.318774 2.75687e+10
1.75 0.25 -0.25 0.347933 0.513515 0.278615 2.98355e+10
1.25 0.75 -0.25 0.523973 0.437742 0.300412 2.84502e+10
1.75 1.25 -0.25 0.587642 0.456883 0.264603 2.79156e+10
2.25 -1.25 -0.25 0.122019 0.475256 0.377973 2.1484e+10
2.25 -0.25 -0.25 0.2618 0.51584 0.294218 2.90398e+10
2.25 0.75 -0.25 0.43331 0.477012 0.255415 3.03938e+10
-2.5 -1.5 0 0.126822 0.148552 0.523471 2.59959e+10
-2.5 -0.5 0 0.453796 -0.0431702 0.570982 1.50242e+10
-2.5 0.5 0 0.523406 -0.127028 0.579074 9.83059e+09
-2.5 1.5 0 0.559705 -0.195403 0.584533 7.63658e+09
-1.5 -1.5 0 0.179257 0.21362 0.496636 4.06297e+10
-2 -1 0 0.257509 0.176523 0.508749 2.97841e+10
-1.5 -0.5 0 0.384307 0.174659 0.491368 3.38314e+10
-2 0 0 0.522893 -0.0573971 0.555248 1.71542e+10
-1.5 0.5 0 0.589044 -0.0617349 0.537084 1.95294e+10
-2 1 0 0.578546 -0.129098 0.557913 1.15298e+10
-1.5 1.5 0 0.636445 -0.109357 0.537903 1.34168e+10
-0.5 -1.5 0 0.220319 0.243559 0.481133 5.34703e+10
-1 -1 0 0.29194 0.219782 0.477763 4.62692e+10
-0.5 -0.5 0 0.410935 0.208258 0.45953 5.40669e+10
-1 0 0 0.538651 0.155556 0.476432 3.96819e+10
-0.5 0.5 0 0.614087 0.139377 0.468728 3.99684e+10
-1 1 0 0.634421 -0.0374317 0.510186 2.05394e+10
-0.5 1.5 0 0.704895 -0.0296696 0.485749 2.42802e+10
0.5 -1.5 0 0.239931 0.245998 0.474541 6.38596e+10
0 -1 0 0.324187 0.231603 0.462401 6.32776e+10
0.5 -0.5 0 0.40652 0.204219 0.442603 7.30789e+10
0 0 0 0.487428 0.177466 0.441803 5.9931e+10
0.5 0.5 0 0.568769 0.168089 0.421912 6.3804e+10
0 1 0 0.669939 0.048309 0.465051 3.84655e+10
0.5 1.5 0 0.725467 0.0686532 0.429627 3.67151e+10
1.5 -1.5 0 0.256055 0.249229 0.468276 7.01258e+10
1 -1 0 0.322935 0.229356 0.451525 7.55402e+10
1.5 -0.5 0 0.401629 0.215151 0.424228 8.80763e+10
1 0 0 0.48822 0.190555 0.418016 8.17507e+10
1.5 0.5 0 0.567529 0.18845 0.39116 8.38893e+10
1 1 0 0.656168 0.201748 0.400202 6.10481e+10
1.5 1.5 0 0.730177 0.132574 0.383708 5.46828e+10
2.5 -1.5 0 0.273639 0.252316 0.459348 7.25757e+10
2 -1 0 0.33576 0.239157 0.438667 8.28982e+10
2.5 -0.5 0 0.411228 0.235076 0.402811 9.51329e+10
2 0 0 0.474672 0.2137 0.390714 9.66412e+10
2.5 0.5 0 0.532202 0.211455 0.357177 9.83621e+10
2 1 0 0.654666 0.189462 0.369165 8.29519e+10
2.5 1.5 0 0.712245 0.222304 0.320749 6.11659e+10
-2.25 -1.25 0.25 0.0932055 0.459785 0.447522 7.67989e+09
-2.25 -0.25 0.25 0.393326 0.421221 0.47023 3.60311e+09
-2.25 0.75 0.25 0.362786 0.317878 0.550771 2.06801e+09
-1.25 -1.25 0.25 0.13136 0.518325 0.400063 1.11647e+10
-1.75 -0.75 0.25 0.254164 0.444206 0.433154 8.66782e+09
-1.25 -0.25 0.25 0.391983 0.469214 0.399263 1.01815e+10
-1.75 0.25 0.25 0.490208 0.385986 0.452068 4.05162e+09
-1.25 0.75 0.25 0.508205 0.382135 0.441637 4.20156e+09
-1.75 1.25 0.25 0.440985 0.284227 0.542733 2.30265e+09
-0.25 -1.25 0.25 0.144404 0.545492 0.368419 1.45048e+10
-0.75 -0.75 0.25 0.249452 0.532416 0.367848 1.30028e+10
-0.25 -0.25 0.25 0.340798 0.517537 0.341134 1.43094e+10
-0.75 0.25 0.25 0.534347 0.427367 0.380379 1.15824e+10
-0.25 0.75 0.25 0.583328 0.434137 0.360247 7.58519e+09
-0.75 1.25 0.25 0.548036 0.355704 0.45096 4.15665e+09
0.75 -1.25 0.25 0.116211 0.550574 0.349226 1.65303e+10
0.25 -0.75 0.25 0.233034 0.542983 0.334698 1.66577e+10
0.75 -0.25 0.25 0.297028 0.535702 0.301808 1.79407e+10
0.25 0.25 0.25 0.442868 0.472659 0.324799 1.51517e+10
0.75 0.75 0.25 0.536633 0.4705 0.302461 1.58914e+10
0.25 1.25 0.25 0.591566 0.432876 0.355555 7.02119e+09
1.75 -1.25 0.25 0.089181 0.530088 0.341057 1.75528e+10
1.25 -0.75 0.25 0.169147 0.5569 0.308289 1.87308e+10
1.75 -0.25 0.25 0.233441 0.554099 0.270143 2.03266e+10
1.25 0.25 0.25 0.365274 0.511935 0.274169 1.89191e+10
1.75 0.75 0.25 0.453085 0.497155 0.247908 1.78428e+10
1.25 1.25 0.25 0.552179 0.496652 0.275195 9.33735e+09
2.25 -0.75 0.25 0.133507 0.542499 0.29385 1.9612e+10
2.25 0.25 0.25 0.276486 0.544637 0.23228 2.04942e+10
2.25 1.25 0.25 0.511221 0.559712 0.20919 1.08307e+10
-2.5 -1 0.5 0.291919 0.130975 0.533208 1.14999e+10
-2.5 0 0.5 0.477502 -0.0971224 0.57527 6.64906e+09
-2.5 1 0.5 0.549241 -0.170327 0.584998 4.91629e+09
-2 -1.5 0.5 0.159533 0.210125 0.493296 2.10641e+10
-1.5 -1 0.5 0.276704 0.199374 0.482373 2.36188e+10
-2 -0.5 0.5 0.459497 0.0214459 0.534433 1.239e+10
-1.5 0 0.5 0.559393 0.00277877 0.519677 1.41004e+10
-2 0.5 0.5 0.554392 -0.0899148 0.555426 7.71373e+09
-1.5 1 0.5 0.627604 -0.0858186 0.532274 9.12194e+09
-2 1.5 0.5 0.615186 -0.154435 0.560015 5.88583e+09
-1 -1.5 0.5 0.200155 0.233698 0.474428 3.25575e+10
-0.5 -1 0.5 0.317174 0.237856 0.452378 3.70329e+10
-1 -0.5 0.5 0.406794 0.200933 0.461148 2.7045e+10
-0.5 0 0.5 0.525429 0.173681 0.445624 2.99535e+10
-1 0.5 0.5 0.605593 -0.0217655 0.507664 1.53888e+10
-0.5 1 0.5 0.651003 0.00617575 0.47996 1.5065e+10
-1 1.5 0.5 0.67221 -0.0676254 0.510466 9.88149e+09
0 -1.5 0.5 0.238605 0.248961 0.461443 4.30623e+10
0.5 -1 0.5 0.322407 0.230176 0.440025 4.90257e+10
0 -0.5 0.5 0.411249 0.21979 0.432598 4.13029e+10
0.5 0 0.5 0.486624 0.205936 0.41142 4.30752e+10
0 0.5 0.5 0.602409 0.17958 0.436786 2.88252e+10
0.5 1 0.5 0.674051 0.0926661 0.432608 2.64271e+10
0 1.5 0.5 0.728531 0.0226481 0.452357 1.68554e+10
1 -1.5 0.5 0.258102 0.248723 0.455394 5.07885e+10
1.5 -1 0.5 0.33346 0.239317 0.426605 5.75383e+10
1 -0.5 0.5 0.397667 0.216339 0.414629 5.35852e+10
1.5 0 0.5 0.463218 0.203897 0.390037 5.65457e+10
1 0.5 0.5 0.570151 0.208545 0.390753 4.44536e+10
1.5 1 0.5 0.634383 0.248556 0.36844 3.88686e+10
1 1.5 0.5 0.727901 0.1212 0.396254 2.3515e+10
2 -1.5 0.5 0.275365 0.250811 0.447944 5.55726e+10
2.5 -1 0.5 0.34577 0.244657 0.413375 6.2233e+10
2 -0.5 0.5 0.4029 0.226949 0.39706 6.27046e+10
2.5 0 0.5 0.471691 0.237289 0.359444 6.4472e+10
2 0.5 0.5 0.551703 0.240045 0.351066 5.4688e+10
2.5 1 0.5 0.595694 0.293221 0.318812 4.2842e+10
2 1.5 0.5 0.70849 0.21922 0.335619 3.01186e+10
-2.25 -0.75 0.75 0.307654 0.460143 0.452305 2.72033e+09
-2.25 0.25 0.75 0.348244 0.390289 0.528144 1.50399e+09
-2.25 1.25 0.75 0.32942 0.218928 0.646009 9.74523e+08
-1.75 -1.25 0.75 0.0910843 0.524429 0.408171 6.3073e+09
-1.25 -0.75 0.75 0.234919 0.514854 0.38931 7.01464e+09
-1.75 -0.25 0.75 0.408331 0.464443 0.431638 2.93807e+09
-1.25 0.25 0.75 0.491894 0.472342 0.410361 3.30483e+09
-1.75 0.75 0.75 0.403855 0.364646 0.527056 1.60221e+09
-1.25 1.25 0.75 0.472873 0.339837 0.526455 1.78439e+09
-0.75 -1.25 0.75 0.103732 0.571153 0.362931 9.03485e+09
-0.25 -0.75 0.75 0.216141 0.57584 0.330695 9.97227e+09
-0.75 -0.25 0.75 0.367774 0.516874 0.360013 7.51985e+09
-0.25 0.25 0.75 0.501464 0.494595 0.338902 8.39894e+09
-0.75 0.75 0.75 0.510473 0.450903 0.408619 3.14525e+09
-0.25 1.25 0.75 0.549066 0.416763 0.424388 2.95606e+09
0.25 -1.25 0.75 0.083635 0.587043 0.330113 1.12411e+10
0.75 -0.75 0.75 0.154233 0.588712 0.295326 1.20669e+10
0.25 -0.25 0.75 0.304075 0.544873 0.308872 1.05628e+10
0.75 0.25 0.75 0.397301 0.54468 0.28108 1.05573e+10
0.25 0.75 0.75 0.541389 0.501882 0.321832 5.20959e+09
0.75 1.25 0.75 0.551673 0.509216 0.317814 4.56214e+09
1.25 -1.25 0.75 0.0593937 0.575367 0.31494 1.26578e+10
1.75 -0.75 0.75 0.110116 0.567587 0.276636 1.34713e+10
1.25 -0.25 0.75 0.193641 0.579608 0.26377 1.24639e+10
1.75 0.25 0.75 0.280635 0.557381 0.242814 1.20117e+10
1.25 0.75 0.75 0.496069 0.538048 0.260023 1.0374e+10
1.75 1.25 0.75 0.453717 0.585742 0.228954 5.3333e+09
2.25 -1.25 0.75 0.0190642 0.552015 0.306001 1.30417e+10
2.25 -0.25 0.75 0.151095 0.571288 0.237101 1.35548e+10
2.25 0.75 0.75 0.387661 0.554104 0.210521 1.05588e+10
-2.5 -1.5 1 0.184145 0.166303 0.512762 1.02535e+10
-2.5 -0.5 1 0.37938 -0.0619666 0.564207 4.36158e+09
-2.5 0.5 1 0.50926 -0.146334 0.593579 3.09188e+09
-2.5 1.5 1 0.588695 -0.199827 0.593343 2.57467e+09
-1.5 -1.5 1 0.192838 0.250283 0.471123 1.66188e+10
-2 -1 1 0.289699 0.246072 0.49151 9.80802e+09
-1.5 -0.5 1 0.442967 0.163396 0.492525 1.07644e+10
-2 0 1 0.494363 -0.056359 0.550933 5.04946e+09
-1.5 0.5 1 0.586154 -0.0550503 0.531365 5.88487e+09
-2 1 1 0.594323 -0.13412 0.56746 3.73288e+09
-1.5 1.5 1 0.662885 -0.112625 0.538639 4.39772e+09
-0.5 -1.5 1 0.216378 0.244572 0.455617 2.47726e+10
-1 -1 1 0.299673 0.22177 0.458408 1.81132e+10
-0.5 -0.5 1 0.425969 0.21746 0.437198 2.00509e+10
-1 0 1 0.567075 0.0499398 0.488974 1.08734e+10
-0.5 0.5 1 0.614877 0.0059882 0.483495 1.11836e+10
-1 1 1 0.65617 -0.0508311 0.509212 6.71113e+09
-0.5 1.5 1 0.704187 -0.0251877 0.485247 6.94695e+09
0.5 -1.5 1 0.251118 0.255555 0.443372 3.20764e+10
0 -1 1 0.320943 0.23965 0.432772 2.72073e+10
0.5 -0.5 1 0.403214 0.21232 0.416278 2.9058e+10
0 0 1 0.536515 0.191063 0.423056 2.16285e+10
0.5 0.5 1 0.596837 0.210107 0.413787 1.9549e+10
0 1 1 0.663881 0.0429749 0.455889 1.03333e+10
0.5 1.5 1 0.748041 0.0729603 0.42383 1.10556e+10
1.5 -1.5 1 0.268154 0.248763 0.438538 3.72034e+10
1 -1 1 0.324595 0.23593 0.420691 3.46753e+10
1.5 -0.5 1 0.394212 0.23618 0.390785 3.62919e+10
1 0 1 0.488093 0.220395 0.391124 2.8546e+10
1.5 0.5 1 0.602642 0.198951 0.383293 2.78599e+10
1 1 1 0.679348 0.112173 0.412789 1.69472e+10
1.5 1.5 1 0.740862 0.184607 0.36153 1.42746e+10
2.5 -1.5 1 0.291936 0.255449 0.428524 4.01118e+10
2 -1 1 0.334823 0.240846 0.407195 4.02713e+10
2.5 -0.5 1 0.397502 0.23478 0.375315 4.09996e+10
2 0 1 0.461794 0.224201 0.367626 3.57047e+10
2.5 0.5 1 0.522221 0.286625 0.324525 3.17169e+10
2 1 1 0.664106 0.220912 0.35396 2.05449e+10
2.5 1.5 1 0.706363 0.290265 0.293111 1.59712e+10
-2.25 -1.25 1.25 0.123015 0.505401 0.446651 3.20751e+09
-2.25 -0.25 1.25 0.281573 0.453513 0.498849 1.06722e+09
-2.25 0.75 1.25 0.292967 0.280222 0.645342 6.39231e+08
-1.25 -1.25 1.25 0.097407 0.551377 0.385479 5.01776e+09
-1.75 -0.75 1.25 0.301558 0.515697 0.416459 3.36579e+09
-1.25 -0.25 1.25 0.402137 0.527058 0.391601 2.24114e+09
-1.75 0.25 1.25 0.360439 0.440158 0.503166 1.14486e+09
-1.25 0.75 1.25 0.421807 0.41761 0.509256 1.20166e+09
-1.75 1.25 1.25 0.387269 0.247798 0.639531 7.27277e+08
-0.25 -1.25 1.25 0.0574584 0.607539 0.332575 6.67743e+09
-0.75 -0.75 1.25 0.218736 0.57282 0.355266 5.17245e+09
-0.25 -0.25 1.25 0.358643 0.561652 0.32875 5.44955e+09
-0.75 0.25 1.25 0.473184 0.537918 0.376167 2.39475e+09
-0.25 0.75 1.25 0.490594 0.512874 0.383844 2.17308e+09
-0.75 1.25 1.25 0.498816 0.377229 0.514362 1.27983e+09
0.75 -1.25 1.25 0.0429364 0.598767 0.306189 8.09281e+09
0.25 -0.75 1.25 0.139431 0.616107 0.299009 6.92469e+09
0.75 -0.25 1.25 0.244536 0.588601 0.280534 6.92771e+09
0.25 0.25 1.25 0.463618 0.556593 0.30609 5.63878e+09
0.75 0.75 1.25 0.470227 0.581723 0.288669 3.18555e+09
0.25 1.25 1.25 0.524565 0.469946 0.40645 1.91223e+09
1.75 -1.25 1.25 -0.0185027 0.585121 0.291016 8.77913e+09
1.25 -0.75 1.25 0.0879473 0.60013 0.273632 8.25038e+09
1.75 -0.25 1.25 0.158321 0.581679 0.242546 8.05573e+09
1.25 0.25 1.25 0.347941 0.580398 0.250706 6.30578e+09
1.75 0.75 1.25 0.416197 0.63919 0.222912 4.01598e+09
1.25 1.25 1.25 0.477132 0.567182 0.29984 2.59221e+09
2.25 -0.75 1.25 0.0315739 0.581234 0.251982 8.72078e+09
2.25 0.25 1.25 0.212555 0.589853 0.215836 7.11085e+09
2.25 1.25 1.25 0.379907 0.637433 0.206949 2.9158e+09
-2.5 -1 1.5 0.357902 -0.102019 0.567887 3.52483e+09
-2.5 0 1.5 0.453331 -0.146449 0.592825 2.05313e+09
-2.5 1 1.5 0.553919 -0.194071 0.612261 1.55763e+09
-2 -1.5 1.5 0.216685 0.172464 0.49852 7.76028e+09
-1.5 -1 1.5 0.39171 0.185631 0.481354 8.4873e+09
-2 -0.5 1.5 0.437034 -0.0856025 0.555501 3.75055e+09
-1.5 0 1.5 0.500051 -0.037604 0.531737 3.71869e+09
-2 0.5 1.5 0.53601 -0.121111 0.578215 2.26931e+09
-1.5 1 1.5 0.63399 -0.102333 0.548407 2.73101e+09
-2 1.5 1.5 0.639135 -0.163854 0.576012 1.90538e+09
-1 -1.5 1.5 0.217877 0.227936 0.464489 1.26567e+10
-0.5 -1 1.5 0.312885 0.234874 0.440047 1.29464e+10
-1 -0.5 1.5 0.457071 0.181962 0.474098 7.96247e+09
-0.5 0 1.5 0.574759 0.0534066 0.473502 7.59347e+09
-1 0.5 1.5 0.611583 -0.02902 0.510293 4.24656e+09
-0.5 1 1.5 0.684205 -0.0170334 0.488779 4.67041e+09
-1 1.5 1.5 0.702731 -0.0729894 0.517661 3.12646e+09
0 -1.5 1.5 0.231262 0.255763 0.439804 1.75826e+10
0.5 -1 1.5 0.333809 0.252065 0.415936 1.87554e+10
0 -0.5 1.5 0.465095 0.213854 0.421722 1.37717e+10
0.5 0 1.5 0.560271 0.15689 0.425462 1.38028e+10
0 0.5 1.5 0.629128 0.0147051 0.47123 7.57995e+09
0.5 1 1.5 0.686064 0.0727649 0.438546 6.71016e+09
0 1.5 1.5 0.735057 0.0204031 0.462117 4.61851e+09
1 -1.5 1.5 0.257636 0.252649 0.431217 2.23299e+10
1.5 -1 1.5 0.324126 0.234327 0.40808 2.28969e+10
1 -0.5 1.5 0.405838 0.216801 0.402478 1.88093e+10
1.5 0 1.5 0.507216 0.259333 0.370555 1.81806e+10
1 0.5 1.5 0.629893 0.142811 0.416771 1.09184e+10
1.5 1 1.5 0.672957 0.180687 0.384398 8.93915e+09
1 1.5 1.5 0.759777 0.14523 0.397941 6.54015e+09
2 -1.5 1.5 0.280497 0.253523 0.424052 2.52052e+10
2.5 -1 1.5 0.343685 0.247344 0.39155 2.57789e+10
2 -0.5 1.5 0.394726 0.23546 0.380024 2.29422e+10
2.5 0 1.5 0.447124 0.257922 0.348368 1.99826e+10
2 0.5 1.5 0.539755 0.285201 0.35776 1.41363e+10
2.5 1 1.5 0.661163 0.265713 0.323924 1.11638e+10
2 1.5 1.5 0.748657 0.269625 0.321567 7.98117e+09
