449
-2.5 -1 -1.5 -0.257811 -0.191641 0.505913 4.33678e+10
-2.5 0 -1.5 -0.258317 -0.159944 0.508951 4.35269e+10
-2.5 1 -1.5 -0.258937 -0.127021 0.506551 4.20219e+10
-2 -1.5 -1.5 -0.250061 -0.165106 0.540677 3.68534e+10
-1.5 -1 -1.5 -0.240433 -0.108119 0.581865 3.27235e+10
-2 -0.5 -1.5 -0.251845 -0.128651 0.54369 3.80515e+10
-1.5 0 -1.5 -0.242645 -0.0681582 0.577343 3.36553e+10
-2 0.5 -1.5 -0.253933 -0.0919595 0.539369 3.8095e+10
-1.5 1 -1.5 -0.241392 -0.0260669 0.56639 3.38096e+10
-2 1.5 -1.5 -0.250167 -0.0510566 0.531276 3.69027e+10
-1 -1.5 -1.5 -0.227203 -0.0962212 0.621839 2.80079e+10
-0.5 -1 -1.5 -0.212436 -0.0484599 0.662703 2.54234e+10
-1 -0.5 -1.5 -0.228037 -0.0543585 0.618956 2.93145e+10
-0.5 0 -1.5 -0.211301 -0.00449825 0.651636 2.66437e+10
-1 0.5 -1.5 -0.227521 -0.011058 0.607033 3.02202e+10
-0.5 1 -1.5 -0.207448 0.0400614 0.631096 2.7746e+10
-1 1.5 -1.5 -0.221996 0.0333702 0.588242 3.07505e+10
0 -1.5 -1.5 -0.197087 -0.0489089 0.707137 2.21367e+10
0.5 -1 -1.5 -0.177702 -0.00964577 0.746598 2.05792e+10
0 -0.5 -1.5 -0.194415 -0.00450896 0.698696 2.33807e+10
0.5 0 -1.5 -0.173778 0.0348246 0.727943 2.18778e+10
0 0.5 -1.5 -0.190943 0.0400298 0.678183 2.4701e+10
0.5 1 -1.5 -0.167699 0.0788542 0.696862 2.34455e+10
0 1.5 -1.5 -0.1832 0.0845088 0.647966 2.61638e+10
1 -1.5 -1.5 -0.161365 -0.0188458 0.793331 1.8292e+10
1.5 -1 -1.5 -0.139416 0.0135524 0.827949 1.73906e+10
1 -0.5 -1.5 -0.156542 0.0257043 0.778608 1.94199e+10
1.5 0 -1.5 -0.134153 0.0571356 0.801151 1.86558e+10
1 0.5 -1.5 -0.15117 0.069398 0.748551 2.08966e+10
1.5 1 -1.5 -0.126643 0.0997031 0.759196 2.04141e+10
1 1.5 -1.5 -0.141662 0.112408 0.706514 2.28326e+10
2 -1.5 -1.5 -0.122154 -0.000886303 0.873202 1.58e+10
2.5 -1 -1.5 -0.0992741 0.0267539 0.899058 1.53224e+10
2 -0.5 -1.5 -0.116873 0.0427468 0.852285 1.67917e+10
2.5 0 -1.5 -0.0936456 0.0691987 0.864835 1.64937e+10
2 0.5 -1.5 -0.110524 0.0851371 0.812787 1.82776e+10
2.5 1 -1.5 -0.0851371 0.110524 0.812787 1.82776e+10
2 1.5 -1.5 -0.0997031 0.126643 0.759196 2.04141e+10
-2.25 -0.75 -1.25 -0.431602 0.107579 0.457343 9.32595e+09
-2.25 0.25 -1.25 -0.468295 0.10896 0.447443 9.60882e+09
-2.25 1.25 -1.25 -0.494374 0.11937 0.438144 9.53183e+09
-1.75 -1.25 -1.25 -0.369505 0.124665 0.514154 7.96416e+09
-1.25 -0.75 -1.25 -0.352813 0.146253 0.558138 7.24619e+09
-1.75 -0.25 -1.25 -0.410961 0.135543 0.501902 8.39956e+09
-1.25 0.25 -1.25 -0.386888 0.166275 0.541393 7.60025e+09
-1.75 0.75 -1.25 -0.440958 0.149927 0.487726 8.61254e+09
-1.25 1.25 -1.25 -0.40985 0.190712 0.521153 7.81787e+09
-0.75 -1.25 -1.25 -0.297804 0.142794 0.613983 6.24231e+09
-0.25 -0.75 -1.25 -0.283093 0.160694 0.654054 5.77418e+09
-0.75 -0.25 -1.25 -0.33338 0.16925 0.59745 6.63092e+09
-0.25 0.25 -1.25 -0.312744 0.191746 0.630459 6.1434e+09
-0.75 0.75 -1.25 -0.360699 0.196661 0.574274 6.96897e+09
-0.25 1.25 -1.25 -0.33387 0.22534 0.598921 6.51877e+09
0.25 -1.25 -1.25 -0.237311 0.143126 0.709554 5.05479e+09
0.75 -0.75 -1.25 -0.225134 0.157062 0.74509 4.76924e+09
0.25 -0.25 -1.25 -0.267369 0.17792 0.687993 5.40142e+09
0.75 0.25 -1.25 -0.251758 0.193668 0.713857 5.13256e+09
0.25 0.75 -1.25 -0.292039 0.212737 0.655443 5.79417e+09
0.75 1.25 -1.25 -0.271634 0.232612 0.671124 5.58378e+09
1.25 -1.25 -1.25 -0.185555 0.130826 0.799623 4.25463e+09
1.75 -0.75 -1.25 -0.175813 0.141168 0.828259 4.09327e+09
1.25 -0.25 -1.25 -0.213153 0.169456 0.772253 4.5619e+09
1.75 0.25 -1.25 -0.201803 0.180583 0.789334 4.43623e+09
1.25 0.75 -1.25 -0.23668 0.208258 0.730122 4.9702e+09
1.75 1.25 -1.25 -0.222324 0.222324 0.735678 4.9159e+09
2.25 -1.25 -1.25 -0.139188 0.109879 0.878969 3.72649e+09
2.25 -0.25 -1.25 -0.166804 0.150136 0.846239 3.99522e+09
2.25 0.75 -1.25 -0.19111 0.19111 0.795166 4.39412e+09
-2.5 -1.5 -1 -0.262688 -0.222644 0.48871 3.31968e+10
-2.5 -0.5 -1 -0.261005 -0.188896 0.495686 3.36714e+10
-2.5 0.5 -1 -0.262252 -0.155595 0.495561 3.26884e+10
-2.5 1.5 -1 -0.2587 -0.115619 0.493243 3.00806e+10
-1.5 -1.5 -1 -0.247861 -0.143504 0.570451 2.60823e+10
-2 -1 -1 -0.256368 -0.162073 0.531821 2.99304e+10
-1.5 -0.5 -1 -0.247547 -0.102243 0.570761 2.69562e+10
-2 0 -1 -0.257091 -0.123859 0.531106 3.01505e+10
-1.5 0.5 -1 -0.246269 -0.0588983 0.563382 2.70837e+10
-2 1 -1 -0.255969 -0.0827863 0.525177 2.91963e+10
-1.5 1.5 -1 -0.240419 -0.0135311 0.550637 2.64422e+10
-0.5 -1.5 -1 -0.222411 -0.0835185 0.656609 2.07606e+10
-1 -1 -1 -0.235576 -0.0893168 0.613015 2.37119e+10
-0.5 -0.5 -1 -0.218996 -0.0379331 0.651402 2.17143e+10
-1 0 -1 -0.233457 -0.0444669 0.605915 2.44308e+10
-0.5 0.5 -1 -0.214149 0.00869036 0.635813 2.24623e+10
-1 1 -1 -0.228556 0.00160256 0.590892 2.46861e+10
-0.5 1.5 -1 -0.205285 0.0551865 0.611677 2.30172e+10
0.5 -1.5 -1 -0.188531 -0.0424491 0.745496 1.70637e+10
0 -1 -1 -0.203727 -0.0376259 0.698501 1.92111e+10
0.5 -0.5 -1 -0.182098 0.00439298 0.734053 1.79887e+10
0 0 -1 -0.19848 0.00907812 0.684018 2.01507e+10
0.5 0.5 -1 -0.175075 0.0508276 0.70882 1.90444e+10
0 1 -1 -0.190854 0.0556766 0.65848 2.10813e+10
0.5 1.5 -1 -0.1636 0.0968329 0.672656 2.02711e+10
1.5 -1.5 -1 -0.149109 -0.0162326 0.831455 1.45742e+10
1 -1 -1 -0.165654 -0.00432288 0.784004 1.6111e+10
1.5 -0.5 -1 -0.141547 0.0302183 0.813282 1.54259e+10
1 0 -1 -0.158465 0.0420314 0.761112 1.71163e+10
1.5 0.5 -1 -0.133057 0.0755849 0.778037 1.65966e+10
1 1 -1 -0.148973 0.0876305 0.724336 1.83901e+10
1.5 1.5 -1 -0.120043 0.120043 0.729621 1.81748e+10
2.5 -1.5 -1 -0.106842 0.00013459 0.906314 1.29543e+10
2 -1 -1 -0.124379 0.0160518 0.862728 1.40324e+10
2.5 -0.5 -1 -0.0991657 0.0456602 0.882251 1.37061e+10
2 0 -1 -0.116397 0.0614366 0.83158 1.50152e+10
2.5 0.5 -1 -0.0899089 0.0899089 0.837802 1.48787e+10
2 1 -1 -0.105649 0.105649 0.783798 1.64245e+10
2.5 1.5 -1 -0.0755849 0.133057 0.778037 1.65966e+10
-2.25 -1.25 -0.75 -0.436193 0.152098 0.441221 7.03706e+09
-2.25 -0.25 -0.75 -0.482724 0.146703 0.429555 7.38796e+09
-2.25 0.75 -0.75 -0.514595 0.145958 0.420022 7.43161e+09
-1.25 -1.25 -0.75 -0.360964 0.177388 0.548878 5.70326e+09
-1.75 -0.75 -0.75 -0.422883 0.170771 0.488459 6.53563e+09
-1.25 -0.25 -0.75 -0.403363 0.193462 0.532158 6.04025e+09
-1.75 0.25 -0.75 -0.461033 0.177575 0.473808 6.78839e+09
-1.25 0.75 -0.75 -0.434166 0.21128 0.512517 6.25352e+09
-1.75 1.25 -0.75 -0.486114 0.190962 0.459412 6.81706e+09
-0.25 -1.25 -0.75 -0.291499 0.182811 0.651718 4.66196e+09
-0.75 -0.75 -0.75 -0.345974 0.194254 0.592163 5.31097e+09
-0.25 -0.25 -0.75 -0.328545 0.212 0.629918 4.97054e+09
-0.75 0.25 -0.75 -0.380871 0.217742 0.570086 5.60561e+09
-0.25 0.75 -0.75 -0.357182 0.24118 0.60027 5.26288e+09
-0.75 1.25 -0.75 -0.404794 0.244105 0.543267 5.8248e+09
0.75 -1.25 -0.75 -0.231386 0.172462 0.748704 3.91365e+09
0.25 -0.75 -0.75 -0.2786 0.196238 0.69012 4.39867e+09
0.75 -0.25 -0.75 -0.265396 0.2085 0.721013 4.19104e+09
0.25 0.25 -0.75 -0.310604 0.228743 0.660126 4.70245e+09
0.75 0.75 -0.75 -0.29297 0.24459 0.681292 4.51839e+09
0.25 1.25 -0.75 -0.333231 0.263948 0.621339 5.02722e+09
1.75 -1.25 -0.75 -0.178588 0.150053 0.836667 3.39647e+09
1.25 -0.75 -0.75 -0.221514 0.181818 0.780758 3.75297e+09
1.75 -0.25 -0.75 -0.212406 0.189736 0.803265 3.64235e+09
1.25 0.25 -0.75 -0.252773 0.219597 0.742707 4.04816e+09
1.75 0.75 -0.75 -0.241059 0.230204 0.753935 3.97521e+09
1.25 1.25 -0.75 -0.276089 0.260146 0.692262 4.42427e+09
2.25 -0.75 -0.75 -0.171815 0.155939 0.860071 3.31035e+09
2.25 0.25 -0.75 -0.204286 0.196955 0.814895 3.58594e+09
2.25 1.25 -0.75 -0.230204 0.241059 0.753935 3.97521e+09
-2.5 -1 -0.5 -0.263498 -0.215594 0.482483 2.41246e+10
-2.5 0 -0.5 -0.26334 -0.180291 0.485375 2.37315e+10
-2.5 1 -0.5 -0.263816 -0.140004 0.483822 2.20343e+10
-2 -1.5 -0.5 -0.262193 -0.19406 0.518361 2.19014e+10
-1.5 -1 -0.5 -0.254372 -0.135918 0.561979 2.02441e+10
-2 -0.5 -0.5 -0.260312 -0.153986 0.521986 2.23008e+10
-1.5 0 -0.5 -0.251081 -0.0906951 0.558784 2.04582e+10
-2 0.5 -0.5 -0.258867 -0.111225 0.518806 2.17639e+10
-1.5 1 -0.5 -0.245834 -0.0439978 0.549353 1.99584e+10
-2 1.5 -0.5 -0.25391 -0.0657618 0.512313 2.02429e+10
-1 -1.5 -0.5 -0.245216 -0.124469 0.604246 1.80477e+10
-0.5 -1 -0.5 -0.228725 -0.0722475 0.648166 1.67528e+10
-1 -0.5 -0.5 -0.241057 -0.078193 0.602289 1.86607e+10
-0.5 0 -0.5 -0.222324 -0.0236945 0.637982 1.72927e+10
-1 0.5 -0.5 -0.234912 -0.0300194 0.591743 1.88349e+10
-0.5 1 -0.5 -0.213585 0.0250238 0.618126 1.75809e+10
-1 1.5 -0.5 -0.226032 0.0178615 0.573758 1.85542e+10
0 -1.5 -0.5 -0.215454 -0.072046 0.694869 1.49723e+10
0.5 -1 -0.5 -0.192708 -0.0277268 0.736711 1.40899e+10
0 -0.5 -0.5 -0.207889 -0.0232707 0.686868 1.56429e+10
0.5 0 -0.5 -0.184071 0.0211707 0.717991 1.47859e+10
0 0.5 -0.5 -0.199595 0.0256122 0.666642 1.62387e+10
0.5 1 -0.5 -0.173109 0.0695847 0.686699 1.55342e+10
0 1.5 -0.5 -0.186829 0.074178 0.636617 1.67453e+10
1 -1.5 -0.5 -0.177223 -0.0362353 0.78541 1.27433e+10
1.5 -1 -0.5 -0.15134 0.00123021 0.821457 1.22019e+10
1 -0.5 -0.5 -0.167865 0.0127949 0.770357 1.34066e+10
1.5 0 -0.5 -0.141385 0.0494874 0.793898 1.29467e+10
1 0.5 -0.5 -0.15769 0.0610322 0.739773 1.42112e+10
1.5 1 -0.5 -0.128651 0.0966842 0.751007 1.39248e+10
1 1.5 -0.5 -0.142772 0.108526 0.697065 1.51854e+10
2 -1.5 -0.5 -0.134439 -0.0128854 0.868437 1.12201e+10
2.5 -1 -0.5 -0.107128 0.0197923 0.895091 1.09272e+10
2 -0.5 -0.5 -0.124521 0.035574 0.846664 1.18364e+10
2.5 0 -0.5 -0.0966126 0.0671764 0.859632 1.16532e+10
2 0.5 -0.5 -0.113144 0.0827439 0.80602 1.27168e+10
2.5 1 -0.5 -0.0827439 0.113144 0.80602 1.27168e+10
2 1.5 -0.5 -0.0966842 0.128651 0.751007 1.39248e+10
-2.25 -0.75 -0.25 -0.48256 0.187989 0.418839 5.25034e+09
-2.25 0.25 -0.25 -0.524197 0.178197 0.407258 5.3884e+09
-2.25 1.25 -0.25 -0.548368 0.180773 0.400968 5.26114e+09
-1.75 -1.25 -0.25 -0.42131 0.204198 0.480472 4.73778e+09
-1.25 -0.75 -0.25 -0.41013 0.218991 0.526031 4.50316e+09
-1.75 -0.25 -0.25 -0.469058 0.20777 0.46434 4.9966e+09
-1.25 0.25 -0.25 -0.447937 0.233372 0.506587 4.70877e+09
-1.75 0.75 -0.25 -0.500993 0.214432 0.449836 5.08337e+09
-1.25 1.25 -0.25 -0.473417 0.250203 0.485738 4.78305e+09
-0.75 -1.25 -0.25 -0.350172 0.215848 0.589194 4.00618e+09
-0.25 -0.75 -0.25 -0.336874 0.229242 0.630713 3.80878e+09
-0.75 -0.25 -0.25 -0.392429 0.237593 0.567759 4.25948e+09
-0.25 0.25 -0.25 -0.372603 0.256052 0.602549 4.0416e+09
-0.75 0.75 -0.25 -0.423271 0.259348 0.541952 4.44602e+09
-0.25 1.25 -0.25 -0.396297 0.285559 0.568745 4.23492e+09
0.25 -1.25 -0.25 -0.282748 0.210397 0.69317 3.40039e+09
0.75 -0.75 -0.25 -0.271798 0.219856 0.728462 3.26418e+09
0.25 -0.25 -0.25 -0.32188 0.242352 0.665456 3.63503e+09
0.75 0.25 -0.25 -0.306738 0.25452 0.691669 3.5002e+09
0.25 0.75 -0.25 -0.351773 0.274099 0.628811 3.8713e+09
0.75 1.25 -0.25 -0.331081 0.292307 0.645237 3.76338e+09
1.25 -1.25 -0.25 -0.222768 0.190224 0.788989 2.94708e+09
1.75 -0.75 -0.25 -0.215341 0.195354 0.816326 2.86646e+09
1.25 -0.25 -0.25 -0.261106 0.227874 0.755094 3.15946e+09
1.75 0.25 -0.25 -0.251363 0.235241 0.771717 3.09376e+09
1.25 0.75 -0.25 -0.292246 0.266468 0.70805 3.41524e+09
1.75 1.25 -0.25 -0.27883 0.27883 0.713646 3.38623e+09
2.25 -1.25 -0.25 -0.168925 0.157525 0.87213 2.63043e+09
2.25 -0.25 -0.25 -0.209029 0.199602 0.833368 2.81604e+09
2.25 0.75 -0.25 -0.242819 0.242819 0.777379 3.07136e+09
-2.5 -1.5 0 -0.265523 -0.241286 0.470285 1.60398e+10
-2.5 -0.5 0 -0.262396 -0.203096 0.477436 1.6056e+10
-2.5 0.5 0 -0.264223 -0.162991 0.477109 1.51858e+10
-2.5 1.5 0 -0.257495 -0.114898 0.477686 1.33696e+10
-1.5 -1.5 0 -0.261776 -0.169117 0.551952 1.42718e+10
-2 -1 0 -0.264497 -0.183479 0.512756 1.5411e+10
-1.5 -0.5 0 -0.257205 -0.122719 0.55309 1.45605e+10
-2 0 0 -0.261179 -0.138847 0.512862 1.52463e+10
-1.5 0.5 0 -0.249093 -0.0727623 0.5478 1.42871e+10
-2 1 0 -0.254843 -0.0907009 0.509318 1.42863e+10
-1.5 1.5 0 -0.241651 -0.0254163 0.536197 1.34541e+10
-0.5 -1.5 0 -0.240171 -0.10792 0.642309 1.22546e+10
-1 -1 0 -0.249844 -0.11256 0.596723 1.34708e+10
-0.5 -0.5 0 -0.231317 -0.0572621 0.637981 1.26615e+10
-1 0 0 -0.241886 -0.0621921 0.591045 1.36457e+10
-0.5 0.5 0 -0.221957 -0.00644927 0.62301 1.28423e+10
-1 1 0 -0.232461 -0.0123353 0.577126 1.34203e+10
-0.5 1.5 0 -0.208817 0.0441772 0.599327 1.27574e+10
0.5 -1.5 0 -0.205048 -0.0619514 0.73601 1.0535e+10
0 -1 0 -0.218795 -0.0574347 0.686941 1.15734e+10
0.5 -0.5 0 -0.194353 -0.0106225 0.724429 1.09922e+10
0 0 0 -0.208883 -0.00622947 0.672683 1.1962e+10
0.5 0.5 0 -0.182909 0.0403219 0.69882 1.14411e+10
0 1 0 -0.197073 0.0446411 0.647096 1.22374e+10
0.5 1.5 0 -0.166677 0.0907479 0.662218 1.18691e+10
1.5 -1.5 0 -0.163262 -0.0303784 0.82545 9.25664e+09
1 -1 0 -0.17902 -0.0188311 0.776203 1.00649e+10
1.5 -0.5 0 -0.151382 0.0208679 0.806489 9.7174e+09
1 0 0 -0.167519 0.032144 0.752661 1.05612e+10
1.5 0.5 0 -0.138153 0.0709959 0.770241 1.02999e+10
1 1 0 -0.15314 0.0823411 0.715145 1.11241e+10
1.5 1.5 0 -0.119776 0.119776 0.720697 1.10184e+10
2.5 -1.5 0 -0.117333 -0.00886454 0.902841 8.38378e+09
2 -1 0 -0.134686 0.00698923 0.857634 8.97807e+09
2.5 -0.5 0 -0.105106 0.041741 0.877652 8.80923e+09
2 0 0 -0.122073 0.0573208 0.825332 9.50699e+09
2.5 0.5 0 -0.090877 0.090877 0.831728 9.43702e+09
2 1 0 -0.106151 0.106151 0.776211 1.02132e+10
2.5 1.5 0 -0.0709959 0.138153 0.770241 1.02999e+10
-2.25 -1.25 0.25 -0.464377 0.224976 0.417898 3.46685e+09
-2.25 -0.25 0.25 -0.519094 0.215626 0.402843 3.63082e+09
-2.25 0.75 0.25 -0.552926 0.208861 0.394663 3.62453e+09
-1.25 -1.25 0.25 -0.405917 0.241774 0.524783 3.15099e+09
-1.75 -0.75 0.25 -0.465329 0.235877 0.461127 3.43273e+09
-1.25 -0.25 0.25 -0.4525 0.254605 0.504491 3.33756e+09
-1.75 0.25 0.25 -0.505846 0.240289 0.44528 3.54934e+09
-1.25 0.75 0.25 -0.483553 0.268203 0.484071 3.42675e+09
-1.75 1.25 0.25 -0.530437 0.246514 0.432511 3.51381e+09
-0.25 -1.25 0.25 -0.337567 0.242244 0.633721 2.7664e+09
-0.75 -0.75 0.25 -0.395843 0.2546 0.568283 3.05687e+09
-0.25 -0.25 0.25 -0.380406 0.26916 0.60669 2.94981e+09
-0.75 0.25 0.25 -0.433559 0.274852 0.543075 3.21515e+09
-0.25 0.75 0.25 -0.411359 0.295081 0.574024 3.09863e+09
-0.75 1.25 0.25 -0.457263 0.296623 0.515463 3.29563e+09
0.75 -1.25 0.25 -0.271546 0.2277 0.73668 2.42529e+09
0.25 -0.75 0.25 -0.325924 0.252754 0.672165 2.67718e+09
0.75 -0.25 0.25 -0.313237 0.261803 0.702696 2.59783e+09
0.25 0.25 0.25 -0.363274 0.282962 0.637247 2.85077e+09
0.75 0.75 0.25 -0.345435 0.297105 0.658667 2.77589e+09
0.25 1.25 0.25 -0.38719 0.316344 0.595903 3.00748e+09
1.75 -1.25 0.25 -0.211521 0.196694 0.828638 2.16478e+09
1.25 -0.75 0.25 -0.262727 0.233012 0.767513 2.36391e+09
1.75 -0.25 0.25 -0.254536 0.237409 0.78897 2.31901e+09
1.25 0.25 0.25 -0.300725 0.270299 0.723985 2.53901e+09
1.75 0.75 0.25 -0.28923 0.279145 0.734945 2.50815e+09
1.25 1.25 0.25 -0.328056 0.311969 0.669727 2.73658e+09
2.25 -0.75 0.25 -0.206571 0.19855 0.850461 2.13066e+09
2.25 0.25 0.25 -0.247551 0.241946 0.800003 2.29548e+09
2.25 1.25 0.25 -0.279145 0.28923 0.734945 2.50815e+09
-2.5 -1 0.5 -0.261632 -0.225248 0.471606 1.01238e+10
-2.5 0 0.5 -0.263004 -0.188652 0.473896 9.81166e+09
-2.5 1 0.5 -0.257997 -0.1379 0.474812 8.77637e+09
-2 -1.5 0.5 -0.266384 -0.211817 0.504814 9.97398e+09
-1.5 -1 0.5 -0.262985 -0.155234 0.547458 9.76121e+09
-2 -0.5 0.5 -0.264315 -0.167687 0.508222 1.00318e+10
-1.5 0 0.5 -0.254361 -0.103198 0.545811 9.67679e+09
-2 0.5 0.5 -0.255076 -0.11597 0.507562 9.53097e+09
-1.5 1 0.5 -0.242141 -0.0524688 0.538722 9.16389e+09
-2 1.5 0.5 -0.245703 -0.0699594 0.503608 8.54544e+09
-1 -1.5 0.5 -0.259458 -0.148202 0.589971 9.19797e+09
-0.5 -1 0.5 -0.241351 -0.0927986 0.636114 8.81889e+09
-1 -0.5 0.5 -0.249172 -0.0955671 0.589342 9.37504e+09
-0.5 0 0.5 -0.229504 -0.0391573 0.626771 8.94716e+09
-1 0.5 0.5 -0.237935 -0.0429832 0.580092 9.2549e+09
-0.5 1 0.5 -0.217792 0.0129322 0.607078 8.8781e+09
-1 1.5 0.5 -0.22568 0.00757982 0.563006 8.81456e+09
0 -1.5 0.5 -0.230521 -0.0937577 0.684491 8.16571e+09
0.5 -1 0.5 -0.205581 -0.044854 0.728136 7.83012e+09
0 -0.5 0.5 -0.21853 -0.0400965 0.676771 8.42713e+09
0.5 0 0.5 -0.192936 0.00860016 0.709001 8.10092e+09
0 0.5 0.5 -0.206194 0.0131097 0.656434 8.58227e+09
0.5 1 0.5 -0.177367 0.0616992 0.677232 8.32269e+09
0 1.5 0.5 -0.189738 0.0660404 0.626218 8.604e+09
1 -1.5 0.5 -0.191794 -0.0532609 0.778454 7.24904e+09
1.5 -1 0.5 -0.162997 -0.0107721 0.815474 7.02415e+09
1 -0.5 0.5 -0.178381 0.000503527 0.762814 7.55539e+09
1.5 0 0.5 -0.148592 0.0424272 0.786933 7.36659e+09
1 0.5 0.5 -0.163654 0.0535555 0.731447 7.8742e+09
1.5 1 0.5 -0.130814 0.094297 0.742956 7.76025e+09
1 1.5 0.5 -0.143732 0.105315 0.687919 8.18842e+09
2 -1.5 0.5 -0.146863 -0.0246982 0.864 6.56334e+09
2.5 -1 0.5 -0.115432 0.0131542 0.891216 6.43764e+09
2 -0.5 0.5 -0.132449 0.0288006 0.84123 6.87017e+09
2.5 0 0.5 -0.100059 0.0656431 0.854443 6.7934e+09
2 0.5 0.5 -0.116161 0.080922 0.7993 7.27261e+09
2.5 1 0.5 -0.080922 0.116161 0.7993 7.27261e+09
2 1.5 0.5 -0.094297 0.130814 0.742956 7.76025e+09
-2.25 -0.75 0.75 -0.501138 0.246713 0.408047 2.27361e+09
-2.25 0.25 0.75 -0.549952 0.237095 0.395395 2.32158e+09
-2.25 1.25 0.75 -0.572537 0.233853 0.393166 2.2374e+09
-1.75 -1.25 0.75 -0.445959 0.262045 0.466803 2.2044e+09
-1.25 -0.75 0.75 -0.447303 0.272004 0.507729 2.22389e+09
-1.75 -0.25 0.75 -0.500825 0.263704 0.447257 2.32587e+09
-1.25 0.25 0.75 -0.48703 0.286162 0.486631 2.31375e+09
-1.75 0.75 0.75 -0.531127 0.269795 0.43413 2.3427e+09
-1.25 1.25 0.75 -0.508784 0.298344 0.46703 2.31386e+09
-0.75 -1.25 0.75 -0.390011 0.266422 0.573121 2.07322e+09
-0.25 -0.75 0.75 -0.380416 0.278757 0.613697 2.04516e+09
-0.75 -0.25 0.75 -0.435381 0.2885 0.547865 2.20193e+09
-0.25 0.25 0.75 -0.418811 0.303831 0.581729 2.15905e+09
-0.75 0.75 0.75 -0.466415 0.30777 0.520466 2.27624e+09
-0.25 1.25 0.75 -0.441723 0.331066 0.546664 2.22985e+09
0.25 -1.25 0.75 -0.322888 0.260159 0.680955 1.87629e+09
0.75 -0.75 0.75 -0.313132 0.266468 0.714868 1.84479e+09
0.25 -0.25 0.75 -0.366862 0.289535 0.647644 2.00642e+09
0.75 0.25 0.75 -0.351987 0.299729 0.673155 1.96951e+09
0.25 0.75 0.75 -0.39934 0.32026 0.607528 2.11514e+09
0.75 1.25 0.75 -0.378103 0.338076 0.623812 2.08446e+09
1.25 -1.25 0.75 -0.258001 0.233715 0.780297 1.69555e+09
1.75 -0.75 0.75 -0.25143 0.23586 0.805813 1.67408e+09
1.25 -0.25 0.75 -0.302772 0.271767 0.740249 1.81621e+09
1.75 0.25 0.75 -0.292883 0.277286 0.756027 1.79673e+09
1.25 0.75 0.75 -0.336914 0.310474 0.689076 1.94414e+09
1.75 1.25 0.75 -0.322853 0.322853 0.694481 1.93555e+09
2.25 -1.25 0.75 -0.19766 0.192891 0.866113 1.55408e+09
2.25 -0.25 0.75 -0.245631 0.23794 0.821648 1.65945e+09
2.25 0.75 0.75 -0.284214 0.284214 0.76139 1.78998e+09
-2.5 -1.5 1 -0.260434 -0.250298 0.468471 5.9758e+09
-2.5 -0.5 1 -0.255572 -0.210032 0.47599 5.94075e+09
-2.5 0.5 1 -0.261912 -0.176545 0.474856 5.45365e+09
-2.5 1.5 1 -0.235159 -0.117793 0.481438 4.60788e+09
-1.5 -1.5 1 -0.267766 -0.188748 0.542935 6.17318e+09
-2 -1 1 -0.262826 -0.195974 0.50671 6.19869e+09
-1.5 -0.5 1 -0.259547 -0.136709 0.544683 6.19985e+09
-2 0 1 -0.261016 -0.149301 0.506587 6.00556e+09
-1.5 0.5 1 -0.244305 -0.0813681 0.541569 5.92193e+09
-2 1 1 -0.24021 -0.0944005 0.507445 5.43114e+09
-1.5 1.5 1 -0.23027 -0.0345984 0.532058 5.39165e+09
-0.5 -1.5 1 -0.250698 -0.130779 0.633181 5.84285e+09
-1 -1 1 -0.257135 -0.13202 0.587284 6.10906e+09
-0.5 -0.5 1 -0.237175 -0.0742332 0.629555 5.94328e+09
-1 0 1 -0.242681 -0.0751832 0.583005 6.05881e+09
-0.5 0.5 1 -0.223381 -0.019193 0.614931 5.90037e+09
-1 1 1 -0.230017 -0.0239735 0.569819 5.80968e+09
-0.5 1.5 1 -0.208541 0.033684 0.591307 5.69628e+09
0.5 -1.5 1 -0.217801 -0.0819847 0.728954 5.34318e+09
0 -1 1 -0.228415 -0.0765504 0.678988 5.6768e+09
0.5 -0.5 1 -0.203125 -0.0257796 0.717144 5.51359e+09
0 0 1 -0.214366 -0.0206441 0.664732 5.76966e+09
0.5 0.5 1 -0.187301 0.0298396 0.691093 5.62936e+09
0 1 1 -0.198242 0.0344842 0.639034 5.76035e+09
0.5 1.5 1 -0.166656 0.0842841 0.653983 5.66363e+09
1.5 -1.5 1 -0.176344 -0.0456767 0.820359 4.89422e+09
1 -1 1 -0.190186 -0.0341981 0.769949 5.20077e+09
1.5 -0.5 1 -0.159977 0.0104574 0.800685 5.0908e+09
1 0 1 -0.174519 0.0215806 0.74571 5.38607e+09
1.5 0.5 1 -0.141992 0.0655624 0.763406 5.30889e+09
1 1 1 -0.155244 0.0765298 0.707409 5.54144e+09
1.5 1.5 1 -0.118344 0.118344 0.712897 5.51041e+09
2.5 -1.5 1 -0.127581 -0.0188011 0.899627 4.55038e+09
2 -1 1 -0.144434 -0.00316886 0.853103 4.80161e+09
2.5 -0.5 1 -0.110571 0.0369165 0.873425 4.74529e+09
2 0 1 -0.126852 0.0521926 0.819748 5.02436e+09
2.5 0.5 1 -0.0909692 0.0909692 0.826196 5.00272e+09
2 1 1 -0.105708 0.105708 0.769377 5.28308e+09
2.5 1.5 1 -0.0655624 0.141992 0.763406 5.30889e+09
-2.25 -1.25 1.25 -0.466021 0.277311 0.424534 1.32545e+09
-2.25 -0.25 1.25 -0.529329 0.264568 0.407092 1.40039e+09
-2.25 0.75 1.25 -0.57277 0.255028 0.399418 1.38014e+09
-1.25 -1.25 1.25 -0.429742 0.282227 0.518519 1.39536e+09
-1.75 -0.75 1.25 -0.482611 0.281021 0.458018 1.4225e+09
-1.25 -0.25 1.25 -0.481187 0.299871 0.494923 1.47681e+09
-1.75 0.25 1.25 -0.5314 0.287371 0.440366 1.46618e+09
-1.25 0.75 1.25 -0.511097 0.313438 0.47475 1.49493e+09
-1.75 1.25 1.25 -0.546695 0.289978 0.431841 1.42077e+09
-0.25 -1.25 1.25 -0.372194 0.285822 0.624601 1.34404e+09
-0.75 -0.75 1.25 -0.429149 0.296698 0.557381 1.42664e+09
-0.25 -0.25 1.25 -0.417199 0.310236 0.593203 1.43232e+09
-0.75 0.25 1.25 -0.467649 0.317291 0.52981 1.48886e+09
-0.25 0.75 1.25 -0.449777 0.33545 0.558085 1.4856e+09
-0.75 1.25 1.25 -0.488946 0.336299 0.502461 1.50105e+09
0.75 -1.25 1.25 -0.306275 0.266236 0.728689 1.2527e+09
0.25 -0.75 1.25 -0.363511 0.293942 0.660565 1.34597e+09
0.75 -0.25 1.25 -0.352019 0.300665 0.689113 1.34045e+09
0.25 0.25 1.25 -0.402082 0.322202 0.621774 1.42598e+09
0.75 0.75 1.25 -0.384841 0.334738 0.641841 1.41714e+09
0.25 1.25 1.25 -0.427071 0.355798 0.578462 1.47826e+09
1.75 -1.25 1.25 -0.242167 0.229133 0.822352 1.16374e+09
1.25 -0.75 1.25 -0.298616 0.26932 0.75723 1.24862e+09
1.75 -0.25 1.25 -0.290626 0.272374 0.77702 1.24314e+09
1.25 0.25 1.25 -0.339645 0.307482 0.708971 1.33316e+09
1.75 0.75 1.25 -0.327285 0.316266 0.719227 1.32867e+09
1.25 1.25 1.25 -0.366786 0.349767 0.652235 1.41195e+09
2.25 -0.75 1.25 -0.237632 0.229798 0.842222 1.1601e+09
2.25 0.25 1.25 -0.282956 0.276688 0.787221 1.23975e+09
2.25 1.25 1.25 -0.316266 0.327285 0.719227 1.32867e+09
-2.5 -1 1.5 -0.248294 -0.236526 0.481057 3.36014e+09
-2.5 0 1.5 -0.256652 -0.210983 0.481263 3.18111e+09
-2.5 1 1.5 -0.250506 -0.180657 0.482152 2.71291e+09
-2 -1.5 1.5 -0.264486 -0.228782 0.506813 3.60193e+09
-1.5 -1 1.5 -0.261716 -0.173955 0.546074 3.75458e+09
-2 -0.5 1.5 -0.257238 -0.181682 0.511029 3.57619e+09
-1.5 0 1.5 -0.250425 -0.117771 0.544637 3.62309e+09
-2 0.5 1.5 -0.250015 -0.137059 0.509866 3.26974e+09
-1.5 1 1.5 -0.228557 -0.0674212 0.539705 3.32931e+09
-2 1.5 1.5 -0.214173 -0.0857311 0.511932 2.82477e+09
-1 -1.5 1.5 -0.260383 -0.171095 0.586978 3.77391e+09
-0.5 -1 1.5 -0.244685 -0.113431 0.631648 3.76351e+09
-1 -0.5 1.5 -0.248968 -0.113335 0.58595 3.77054e+09
-0.5 0 1.5 -0.228043 -0.0541474 0.622696 3.7408e+09
-1 0.5 1.5 -0.230218 -0.0547754 0.577911 3.63061e+09
-0.5 1 1.5 -0.209902 0.00104006 0.603728 3.61691e+09
-1 1.5 1.5 -0.216413 -0.00931837 0.561329 3.36536e+09
0 -1.5 1.5 -0.238469 -0.116417 0.67934 3.65277e+09
0.5 -1 1.5 -0.213524 -0.063212 0.72298 3.60227e+09
0 -0.5 1.5 -0.222319 -0.0571797 0.671796 3.71823e+09
0.5 0 1.5 -0.196726 -0.0051658 0.703578 3.67068e+09
0 0.5 1.5 -0.204761 0.000373035 0.651597 3.70366e+09
0.5 1 1.5 -0.17663 0.0519939 0.671399 3.67348e+09
0 1.5 1.5 -0.185027 0.0550374 0.621156 3.58901e+09
1 -1.5 1.5 -0.203573 -0.0723371 0.773503 3.44731e+09
1.5 -1 1.5 -0.172537 -0.0249808 0.810868 3.40073e+09
1 -0.5 1.5 -0.185274 -0.0136568 0.757639 3.55247e+09
1.5 0 1.5 -0.153101 0.0328334 0.78169 3.51695e+09
1 0.5 1.5 -0.166445 0.0438156 0.725549 3.63737e+09
1.5 1 1.5 -0.130607 0.0892657 0.736739 3.61862e+09
1 1.5 1.5 -0.14158 0.0992656 0.681417 3.65279e+09
2 -1.5 1.5 -0.1579 -0.0386307 0.86026 3.24585e+09
2.5 -1 1.5 -0.122431 0.00451852 0.887842 3.21493e+09
2 -0.5 1.5 -0.138625 0.0196212 0.836824 3.36662e+09
2.5 0 1.5 -0.101702 0.0619009 0.850129 3.34977e+09
2 0.5 1.5 -0.116798 0.0764357 0.793979 3.49884e+09
2.5 1 1.5 -0.0764357 0.116798 0.793979 3.49884e+09
2 1.5 1.5 -0.0892657 0.130607 0.736739 3.61862e+09
