449
-2.5 -1 -1.5 -0.381733 0.108245 0.632946 1.42183e+09
-2.5 0 -1.5 -0.348164 0.188825 0.536748 1.99821e+09
-2.5 1 -1.5 -0.254572 0.294646 0.435619 3.1176e+09
-2 -1.5 -1.5 -0.364379 0.0275956 0.677612 1.18477e+09
-1.5 -1 -1.5 -0.347814 0.0142222 0.62698 1.29375e+09
-2 -0.5 -1.5 -0.357791 0.0979375 0.586116 1.57499e+09
-1.5 0 -1.5 -0.324254 0.0902707 0.537181 1.77732e+09
-2 0.5 -1.5 -0.305339 0.185365 0.491152 2.3024e+09
-1.5 1 -1.5 -0.256318 0.183939 0.44389 2.71631e+09
-2 1.5 -1.5 -0.193625 0.29943 0.389662 3.78255e+09
-1 -1.5 -1.5 -0.323225 -0.061284 0.658226 1.11201e+09
-0.5 -1 -1.5 -0.305154 -0.072385 0.601105 1.2176e+09
-1 -0.5 -1.5 -0.322316 0.00317192 0.57414 1.43504e+09
-0.5 0 -1.5 -0.290186 -0.00612395 0.520007 1.62067e+09
-1 0.5 -1.5 -0.283949 0.084862 0.486813 2.04805e+09
-0.5 1 -1.5 -0.242642 0.082235 0.435207 2.41332e+09
-1 1.5 -1.5 -0.208246 0.186218 0.394578 3.28328e+09
0 -1.5 -1.5 -0.276431 -0.138691 0.618606 1.0885e+09
0.5 -1 -1.5 -0.260211 -0.144917 0.555872 1.19653e+09
0 -0.5 -1.5 -0.280955 -0.0815795 0.542399 1.35383e+09
0.5 0 -1.5 -0.254851 -0.0890672 0.483011 1.53177e+09
0 0.5 -1.5 -0.256269 -0.0135909 0.465225 1.86716e+09
0.5 1 -1.5 -0.228587 -0.0174466 0.410419 2.19895e+09
0 1.5 -1.5 -0.209495 0.0855768 0.382301 2.91021e+09
1 -1.5 -1.5 -0.231171 -0.194234 0.561756 1.12308e+09
1.5 -1 -1.5 -0.221817 -0.192991 0.495428 1.24231e+09
1 -0.5 -1.5 -0.242468 -0.149206 0.492252 1.33493e+09
1.5 0 -1.5 -0.229288 -0.151507 0.42932 1.5187e+09
1 0.5 -1.5 -0.233754 -0.0942937 0.424096 1.76909e+09
1.5 1 -1.5 -0.225208 -0.0972686 0.367985 2.0838e+09
1 1.5 -1.5 -0.217504 -0.0147535 0.357624 2.64081e+09
2 -1.5 -1.5 -0.192991 -0.221817 0.495428 1.24231e+09
2.5 -1 -1.5 -0.192126 -0.215527 0.429962 1.39966e+09
2 -0.5 -1.5 -0.215527 -0.192126 0.429962 1.39966e+09
2.5 0 -1.5 -0.216365 -0.193648 0.368535 1.61864e+09
2 0.5 -1.5 -0.22617 -0.152856 0.369621 1.76745e+09
2.5 1 -1.5 -0.237442 -0.156773 0.318584 2.10267e+09
2 1.5 -1.5 -0.241046 -0.0961734 0.321165 2.50399e+09
-2.25 -0.75 -1.25 0.568573 0.235962 0.586346 7.71938e+08
-2.25 0.25 -1.25 0.630265 0.213956 0.511996 1.15317e+09
-2.25 1.25 -1.25 0.692756 0.183003 0.438326 1.93728e+09
-1.75 -1.25 -1.25 0.544726 0.279591 0.59768 6.43647e+08
-1.25 -0.75 -1.25 0.583156 0.306351 0.527181 7.39934e+08
-1.75 -0.25 -1.25 0.608959 0.260691 0.519452 9.06155e+08
-1.25 0.25 -1.25 0.644876 0.28035 0.446819 1.07735e+09
-1.75 0.75 -1.25 0.667911 0.231857 0.44324 1.40524e+09
-1.25 1.25 -1.25 0.699064 0.243847 0.368733 1.7281e+09
-0.75 -1.25 -1.25 0.554322 0.351844 0.533183 6.34714e+08
-0.25 -0.75 -1.25 0.586516 0.374545 0.45425 7.23855e+08
-0.75 -0.25 -1.25 0.616787 0.32731 0.451449 8.58537e+08
-0.25 0.25 -1.25 0.6442 0.341015 0.370848 1.00265e+09
-0.75 0.75 -1.25 0.674849 0.293276 0.368694 1.29312e+09
-0.25 1.25 -1.25 0.69717 0.299061 0.285098 1.5582e+09
0.25 -1.25 -1.25 0.551076 0.421427 0.45672 6.42791e+08
0.75 -0.75 -1.25 0.574586 0.438957 0.371203 7.24927e+08
0.25 -0.25 -1.25 0.612269 0.389865 0.370696 8.29003e+08
0.75 0.25 -1.25 0.629373 0.397182 0.282975 9.49308e+08
0.25 0.75 -1.25 0.663446 0.346965 0.28567 1.1732e+09
0.75 1.25 -1.25 0.672128 0.349534 0.195797 1.3682e+09
1.25 -1.25 -1.25 0.532602 0.486451 0.371844 6.753e+08
1.75 -0.75 -1.25 0.544012 0.496609 0.282109 7.50699e+08
1.25 -0.25 -1.25 0.588518 0.44866 0.281754 8.16104e+08
1.75 0.25 -1.25 0.590292 0.453372 0.188371 9.1533e+08
1.25 0.75 -1.25 0.63513 0.399431 0.191553 1.08088e+09
1.75 1.25 -1.25 0.627087 0.401079 0.100182 1.20948e+09
2.25 -1.25 -1.25 0.496609 0.544012 0.282109 7.50699e+08
2.25 -0.25 -1.25 0.543342 0.498416 0.188994 8.29943e+08
2.25 0.75 -1.25 0.580971 0.45646 0.0940767 1.01865e+09
-2.5 -1.5 -1 -0.430634 0.0573348 0.685414 3.65477e+09
-2.5 -0.5 -1 -0.441752 0.126104 0.600257 4.86279e+09
-2.5 0.5 -1 -0.412944 0.21619 0.515299 7.00222e+09
-2.5 1.5 -1 -0.323832 0.346487 0.424012 1.11148e+10
-1.5 -1.5 -1 -0.396857 -0.0415244 0.676175 3.37435e+09
-2 -1 -1 -0.426709 0.0382551 0.641919 3.97317e+09
-1.5 -0.5 -1 -0.414804 0.0218311 0.597133 4.3662e+09
-2 0 -1 -0.424978 0.113819 0.559722 5.42819e+09
-1.5 0.5 -1 -0.400906 0.105239 0.518256 6.14677e+09
-2 1 -1 -0.381797 0.213214 0.476542 8.09651e+09
-1.5 1.5 -1 -0.346387 0.214972 0.436001 9.51979e+09
-0.5 -1.5 -1 -0.352789 -0.132653 0.647887 3.21902e+09
-1 -1 -1 -0.389543 -0.05871 0.626576 3.6633e+09
-0.5 -0.5 -1 -0.375448 -0.0737814 0.576361 4.01839e+09
-1 0 -1 -0.395793 0.00789484 0.551842 4.8563e+09
-0.5 0.5 -1 -0.372232 -0.00345713 0.506573 5.46992e+09
-1 1 -1 -0.372512 0.101237 0.475918 7.06355e+09
-0.5 1.5 -1 -0.345275 0.104219 0.43182 8.23491e+09
0.5 -1.5 -1 -0.304355 -0.208589 0.602297 3.20871e+09
0 -1 -1 -0.343728 -0.146532 0.592994 3.49543e+09
0.5 -0.5 -1 -0.330437 -0.159073 0.538122 3.83007e+09
0 0 -1 -0.356824 -0.0872517 0.526334 4.45604e+09
0.5 0.5 -1 -0.337998 -0.0987961 0.47674 4.99711e+09
0 1 -1 -0.349019 -0.0109962 0.461141 6.24009e+09
0.5 1.5 -1 -0.334013 -0.01144 0.414984 7.21645e+09
1.5 -1.5 -1 -0.260934 -0.260934 0.545168 3.37898e+09
1 -1 -1 -0.29712 -0.217054 0.543718 3.4871e+09
1.5 -0.5 -1 -0.28941 -0.225159 0.485577 3.81387e+09
1 0 -1 -0.31712 -0.170116 0.483793 4.23557e+09
1.5 0.5 -1 -0.310742 -0.177815 0.430362 4.74174e+09
1 1 -1 -0.325871 -0.10698 0.427623 5.67688e+09
1.5 1.5 -1 -0.32753 -0.111086 0.380204 6.51404e+09
2.5 -1.5 -1 -0.225159 -0.28941 0.485577 3.81387e+09
2 -1 -1 -0.261492 -0.261492 0.485498 3.68011e+09
2.5 -0.5 -1 -0.264628 -0.264628 0.426943 4.04051e+09
2 0 -1 -0.28689 -0.232761 0.428568 4.21212e+09
2.5 0.5 -1 -0.295508 -0.238412 0.374167 4.72968e+09
2 1 -1 -0.317668 -0.180866 0.378945 5.37786e+09
2.5 1.5 -1 -0.342369 -0.179553 0.334193 6.1738e+09
-2.25 -1.25 -0.75 0.46955 0.241428 0.624557 2.20887e+09
-2.25 -0.25 -0.75 0.522471 0.231118 0.55451 3.09597e+09
-2.25 0.75 -0.75 0.572633 0.215364 0.489456 4.72749e+09
-1.25 -1.25 -0.75 0.489323 0.303556 0.567334 2.15052e+09
-1.75 -0.75 -0.75 0.507198 0.266851 0.561398 2.52676e+09
-1.25 -0.25 -0.75 0.54111 0.287812 0.493816 2.91149e+09
-1.75 0.25 -0.75 0.558491 0.251242 0.491192 3.64791e+09
-1.25 0.75 -0.75 0.589667 0.267599 0.422582 4.33143e+09
-1.75 1.25 -0.75 0.605575 0.231843 0.424675 5.7508e+09
-0.25 -1.25 -0.75 0.498376 0.363898 0.496832 2.13717e+09
-0.75 -0.75 -0.75 0.522095 0.325982 0.49532 2.43839e+09
-0.25 -0.25 -0.75 0.549715 0.342137 0.419212 2.77333e+09
-0.75 0.25 -0.75 0.569832 0.303423 0.421816 3.37051e+09
-0.25 0.75 -0.75 0.591071 0.312133 0.345572 3.89974e+09
-0.75 1.25 -0.75 0.613467 0.278653 0.348612 5.14904e+09
0.75 -1.25 -0.75 0.494956 0.420817 0.416222 2.19016e+09
0.25 -0.75 -0.75 0.524391 0.381522 0.41742 2.39608e+09
0.75 -0.25 -0.75 0.542758 0.391181 0.334684 2.67761e+09
0.25 0.25 -0.75 0.570155 0.350467 0.339321 3.15016e+09
0.75 0.75 -0.75 0.579831 0.350857 0.255705 3.55215e+09
0.25 1.25 -0.75 0.601078 0.314324 0.264966 4.47961e+09
1.75 -1.25 -0.75 0.473622 0.473622 0.330652 2.33637e+09
1.25 -0.75 -0.75 0.511703 0.431993 0.331643 2.41939e+09
1.75 -0.25 -0.75 0.516325 0.433106 0.244811 2.63997e+09
1.25 0.25 -0.75 0.549465 0.392899 0.248733 2.96731e+09
1.75 0.75 -0.75 0.539312 0.392226 0.158687 3.24942e+09
1.25 1.25 -0.75 0.573501 0.34749 0.1684 3.94374e+09
2.25 -0.75 -0.75 0.476008 0.476008 0.243613 2.53325e+09
2.25 0.25 -0.75 0.502737 0.426831 0.155302 2.83765e+09
2.25 1.25 -0.75 0.50861 0.391417 0.0696195 3.48308e+09
-2.5 -1 -0.5 -0.122271 0.132465 0.639969 9.89435e+09
-2.5 0 -0.5 -0.0861152 0.177069 0.561245 1.38026e+10
-2.5 1 -0.5 -0.0145287 0.232192 0.483821 2.09632e+10
-2 -1.5 -0.5 -0.110918 0.0939874 0.670094 8.32297e+09
-1.5 -1 -0.5 -0.0837757 0.0968423 0.61578 9.14556e+09
-2 -0.5 -0.5 -0.0901943 0.133937 0.590539 1.10307e+10
-1.5 0 -0.5 -0.0528536 0.137864 0.537907 1.24184e+10
-2 0.5 -0.5 -0.0425025 0.182107 0.512652 1.58546e+10
-1.5 1 -0.5 0.00450546 0.190787 0.459937 1.84237e+10
-2 1.5 -0.5 0.0424825 0.242242 0.433327 2.49963e+10
-1 -1.5 -0.5 -0.0693029 0.0617003 0.636164 7.90393e+09
-0.5 -1 -0.5 -0.0425237 0.0678628 0.574473 8.64733e+09
-1 -0.5 -0.5 -0.0521219 0.101652 0.55849 1.0129e+10
-0.5 0 -0.5 -0.0181141 0.107365 0.498762 1.12979e+10
-1 0.5 -0.5 -0.0125444 0.143865 0.482259 1.41082e+10
-0.5 1 -0.5 0.0264375 0.151701 0.423547 1.61272e+10
-1 1.5 -0.5 0.0496083 0.203382 0.402512 2.15739e+10
0 -1.5 -0.5 -0.0273314 0.0379561 0.585259 7.75932e+09
0.5 -1 -0.5 -0.00353824 0.0462949 0.517891 8.45766e+09
0 -0.5 -0.5 -0.0137912 0.073929 0.510584 9.51413e+09
0.5 0 -0.5 0.0136099 0.0783537 0.445281 1.05014e+10
0 0.5 -0.5 0.0145873 0.113011 0.437014 1.26602e+10
0.5 1 -0.5 0.0406288 0.119045 0.373248 1.42032e+10
0 1.5 -0.5 0.0581037 0.163093 0.361231 1.84692e+10
1 -1.5 -0.5 0.00930406 0.0248999 0.521195 7.96996e+09
1.5 -1 -0.5 0.0259022 0.0348662 0.450719 8.64794e+09
1 -0.5 -0.5 0.0191791 0.0519417 0.449352 9.23027e+09
1.5 0 -0.5 0.0365853 0.0538164 0.380292 1.00429e+10
1 0.5 -0.5 0.0343789 0.0812623 0.378924 1.15928e+10
1.5 1 -0.5 0.0396208 0.086048 0.311908 1.27927e+10
1 1.5 -0.5 0.0518938 0.128309 0.307724 1.59002e+10
2 -1.5 -0.5 0.0348662 0.0259022 0.450719 8.64794e+09
2.5 -1 -0.5 0.0399148 0.0376631 0.379969 9.32965e+09
2 -0.5 -0.5 0.0376631 0.0399148 0.379969 9.32965e+09
2.5 0 -0.5 0.0401861 0.0390136 0.309564 9.99247e+09
2 0.5 -0.5 0.041232 0.0539184 0.311261 1.08946e+10
2.5 1 -0.5 0.0256623 0.05742 0.244919 1.18077e+10
2 1.5 -0.5 0.0228643 0.0955483 0.247407 1.40126e+10
-2.25 -0.75 -0.25 0.388214 0.221206 0.588382 4.29934e+09
-2.25 0.25 -0.25 0.428795 0.218354 0.522628 6.18831e+09
-2.25 1.25 -0.25 0.467662 0.22064 0.460411 9.63002e+09
-1.75 -1.25 -0.25 0.381067 0.244483 0.598151 3.62766e+09
-1.25 -0.75 -0.25 0.412824 0.263885 0.533156 4.09463e+09
-1.75 -0.25 -0.25 0.420854 0.238808 0.528665 4.93099e+09
-1.25 0.25 -0.25 0.448784 0.253105 0.46514 5.67781e+09
-1.75 0.75 -0.25 0.45931 0.234043 0.462734 7.30419e+09
-1.25 1.25 -0.25 0.48279 0.247467 0.397855 8.62708e+09
-0.75 -1.25 -0.25 0.400739 0.289601 0.537129 3.53807e+09
-0.25 -0.75 -0.25 0.426566 0.305211 0.464367 3.94645e+09
-0.75 -0.25 -0.25 0.440066 0.278514 0.464742 4.63417e+09
-0.25 0.25 -0.25 0.460559 0.286746 0.393416 5.23377e+09
-0.75 0.75 -0.25 0.469234 0.262762 0.398164 6.52547e+09
-0.25 1.25 -0.25 0.477813 0.26732 0.327608 7.42541e+09
0.25 -1.25 -0.25 0.409707 0.332913 0.463873 3.53605e+09
0.75 -0.75 -0.25 0.428303 0.34267 0.385156 3.88931e+09
0.25 -0.25 -0.25 0.445605 0.313418 0.389123 4.3866e+09
0.75 0.25 -0.25 0.454174 0.312817 0.311976 4.83117e+09
0.25 0.75 -0.25 0.470832 0.287267 0.319366 5.8616e+09
0.75 1.25 -0.25 0.464452 0.280728 0.242833 6.45515e+09
1.25 -1.25 -0.25 0.40399 0.373922 0.382932 3.65839e+09
1.75 -0.75 -0.25 0.411402 0.377177 0.30082 3.95347e+09
1.25 -0.25 -0.25 0.437181 0.342262 0.305096 4.22866e+09
1.75 0.25 -0.25 0.428348 0.329568 0.2251 4.50778e+09
1.25 0.75 -0.25 0.445136 0.304546 0.233131 5.23955e+09
1.75 1.25 -0.25 0.412122 0.299313 0.150786 5.55808e+09
2.25 -1.25 -0.25 0.377177 0.411402 0.30082 3.95347e+09
2.25 -0.25 -0.25 0.402736 0.365522 0.219327 4.17809e+09
2.25 0.75 -0.25 0.390886 0.310539 0.145441 4.68445e+09
-2.5 -1.5 0 -0.0053219 0.144252 0.673297 1.47146e+10
-2.5 -0.5 0 0.0284286 0.174684 0.594469 1.97526e+10
-2.5 0.5 0 0.0871041 0.209684 0.518572 2.86235e+10
-2.5 1.5 0 0.181719 0.253087 0.441689 4.52426e+10
-1.5 -1.5 0 0.0350535 0.132584 0.642099 1.38793e+10
-2 -1 0 0.0281887 0.15325 0.619879 1.62604e+10
-1.5 -0.5 0 0.0654441 0.164296 0.562735 1.80919e+10
-2 0 0 0.0713448 0.183688 0.542091 2.23672e+10
-1.5 0.5 0 0.118065 0.195319 0.485249 2.55126e+10
-2 1 0 0.141435 0.222716 0.464653 3.34216e+10
-1.5 1.5 0 0.19598 0.239815 0.404378 3.92407e+10
-0.5 -1.5 0 0.0751977 0.127642 0.594024 1.34034e+10
-1 -1 0 0.0677619 0.145427 0.580452 1.52281e+10
-0.5 -0.5 0 0.102389 0.158969 0.515447 1.67672e+10
-1 0 0 0.105338 0.177095 0.501833 2.02304e+10
-0.5 0.5 0 0.144632 0.190641 0.43747 2.2664e+10
-1 1 0 0.164849 0.208976 0.423836 2.92102e+10
-0.5 1.5 0 0.206816 0.225361 0.357022 3.33518e+10
0.5 -1.5 0 0.111255 0.12918 0.531222 1.34085e+10
0 -1 0 0.10525 0.142966 0.525352 1.45967e+10
0.5 -0.5 0 0.134269 0.156115 0.454392 1.58901e+10
0 0 0 0.136136 0.171398 0.447781 1.84722e+10
0.5 0.5 0 0.165141 0.181781 0.377852 2.02621e+10
0 1 0 0.179016 0.205153 0.369393 2.52986e+10
0.5 1.5 0 0.2026 0.223831 0.296972 2.79096e+10
1.5 -1.5 0 0.138224 0.138224 0.458835 1.40613e+10
1 -1 0 0.135457 0.144564 0.457835 1.45002e+10
1.5 -0.5 0 0.15551 0.154836 0.383392 1.55729e+10
1 0 0 0.159324 0.165068 0.381982 1.7197e+10
1.5 0.5 0 0.176045 0.170196 0.30838 1.83666e+10
1 1 0 0.183266 0.192106 0.305568 2.19873e+10
1.5 1.5 0 0.17944 0.209905 0.231013 2.34738e+10
2.5 -1.5 0 0.154836 0.15551 0.383392 1.55729e+10
2 -1 0 0.152688 0.152688 0.383607 1.5065e+10
2.5 -0.5 0 0.16009 0.16009 0.308121 1.58622e+10
2 0 0 0.168364 0.158799 0.308443 1.64556e+10
2.5 0.5 0 0.169406 0.158483 0.233543 1.70033e+10
2 1 0 0.176017 0.176979 0.233886 1.92926e+10
2.5 1.5 0 0.153098 0.195562 0.162672 1.97993e+10
-2.25 -1.25 0.25 0.274125 0.207445 0.621515 5.0696e+09
-2.25 -0.25 0.25 0.303308 0.212996 0.551853 6.89718e+09
-2.25 0.75 0.25 0.334354 0.2261 0.48497 1.0126e+10
-1.25 -1.25 0.25 0.302618 0.236681 0.571713 4.8696e+09
-1.75 -0.75 0.25 0.304137 0.223689 0.562507 5.69625e+09
-1.25 -0.25 0.25 0.330899 0.237259 0.50024 6.4158e+09
-1.75 0.25 0.25 0.330519 0.225821 0.494581 7.90014e+09
-1.25 0.75 0.25 0.350698 0.236437 0.434115 9.02539e+09
-1.75 1.25 0.25 0.358238 0.24241 0.425667 1.18752e+10
-0.25 -1.25 0.25 0.322421 0.266599 0.507834 4.75842e+09
-0.75 -0.75 0.25 0.328055 0.251008 0.504686 5.40352e+09
-0.25 -0.25 0.25 0.3473 0.25951 0.435614 5.97261e+09
-0.75 0.25 0.25 0.351361 0.24683 0.435446 7.20607e+09
-0.25 0.75 0.25 0.362117 0.251555 0.368519 8.00624e+09
-0.75 1.25 0.25 0.359579 0.243998 0.370593 1.01779e+10
0.75 -1.25 0.25 0.329342 0.294089 0.43389 4.77448e+09
0.25 -0.75 0.25 0.341382 0.276161 0.434475 5.20393e+09
0.75 -0.25 0.25 0.352394 0.276859 0.360238 5.6268e+09
0.25 0.25 0.25 0.3568 0.260297 0.365585 6.52675e+09
0.75 0.75 0.25 0.350793 0.252763 0.29547 6.99169e+09
0.25 1.25 0.25 0.358351 0.252583 0.299258 8.71284e+09
1.75 -1.25 0.25 0.320479 0.320479 0.354814 4.97813e+09
1.25 -0.75 0.25 0.339845 0.297738 0.356337 5.13231e+09
1.75 -0.25 0.25 0.339651 0.290064 0.279243 5.40278e+09
1.25 0.25 0.25 0.350558 0.26622 0.286711 5.9588e+09
1.75 0.75 0.25 0.324529 0.242945 0.216415 6.1019e+09
1.25 1.25 0.25 0.318486 0.240845 0.225774 7.25764e+09
2.25 -0.75 0.25 0.318061 0.318061 0.276061 5.2361e+09
2.25 0.25 0.25 0.31889 0.26525 0.206322 5.48717e+09
2.25 1.25 0.25 0.263563 0.221826 0.149142 5.93615e+09
-2.5 -1 0.5 0.0737806 0.179148 0.625692 2.31416e+10
-2.5 0 0.5 0.123452 0.204893 0.548242 3.20091e+10
-2.5 1 0.5 0.200119 0.23846 0.471021 4.77417e+10
-2 -1.5 0.5 0.0770602 0.164431 0.651017 1.95962e+10
-1.5 -1 0.5 0.112947 0.179451 0.5914 2.15309e+10
-2 -0.5 0.5 0.114027 0.191738 0.570774 2.58135e+10
-1.5 0 0.5 0.157224 0.20702 0.511194 2.89163e+10
-2 0.5 0.5 0.173831 0.2184 0.492746 3.65798e+10
-1.5 1 0.5 0.226878 0.235048 0.431444 4.18852e+10
-2 1.5 0.5 0.261948 0.258296 0.41067 5.60368e+10
-1 -1.5 0.5 0.117262 0.166985 0.608729 1.86706e+10
-0.5 -1 0.5 0.150836 0.185602 0.541138 2.03083e+10
-1 -0.5 0.5 0.150939 0.196203 0.527672 2.37225e+10
-0.5 0 0.5 0.189294 0.213503 0.460149 2.60969e+10
-1 0.5 0.5 0.201447 0.22433 0.446947 3.23854e+10
-0.5 1 0.5 0.242018 0.243162 0.377834 3.60323e+10
-1 1.5 0.5 0.277258 0.254813 0.363494 4.76783e+10
0 -1.5 0.5 0.154718 0.174874 0.550633 1.82403e+10
0.5 -1 0.5 0.183748 0.194434 0.476882 1.96261e+10
0 -0.5 0.5 0.184021 0.203904 0.470178 2.20409e+10
0.5 0 0.5 0.213725 0.219593 0.396737 2.37381e+10
0 0.5 0.5 0.224411 0.229809 0.389293 2.85018e+10
0.5 1 0.5 0.252082 0.245517 0.315071 3.06369e+10
0 1.5 0.5 0.273788 0.265289 0.303066 3.94297e+10
1 -1.5 0.5 0.185073 0.188229 0.480072 1.84938e+10
1.5 -1 0.5 0.206097 0.206079 0.402828 1.96872e+10
1 -0.5 0.5 0.209025 0.210257 0.401106 2.09679e+10
1.5 0 0.5 0.227906 0.220031 0.324327 2.20414e+10
1 0.5 0.5 0.236592 0.231607 0.321416 2.51478e+10
1.5 1 0.5 0.247369 0.242515 0.244257 2.58615e+10
1 1.5 0.5 0.264923 0.264789 0.237209 3.19644e+10
2 -1.5 0.5 0.206079 0.206097 0.402828 1.96872e+10
2.5 -1 0.5 0.217245 0.220217 0.324874 2.06326e+10
2 -0.5 0.5 0.220217 0.217245 0.324874 2.06326e+10
2.5 0 0.5 0.225117 0.220779 0.246903 2.09442e+10
2 0.5 0.5 0.237582 0.22382 0.246981 2.24558e+10
2.5 1 0.5 0.234238 0.226329 0.170289 2.18387e+10
2 1.5 0.5 0.235895 0.262431 0.165914 2.55274e+10
-2.25 -0.75 0.75 0.200176 0.204706 0.582383 6.98198e+09
-2.25 0.25 0.75 0.21889 0.221473 0.511136 9.64016e+09
-2.25 1.25 0.75 0.243926 0.261779 0.435061 1.42312e+10
-1.75 -1.25 0.75 0.207276 0.204589 0.598776 5.92663e+09
-1.25 -0.75 0.75 0.231427 0.217196 0.536984 6.54172e+09
-1.75 -0.25 0.75 0.225184 0.21651 0.525329 7.82128e+09
-1.25 0.25 0.75 0.246157 0.227151 0.465045 8.73766e+09
-1.75 0.75 0.75 0.239973 0.233329 0.454494 1.0943e+10
-1.25 1.25 0.75 0.250215 0.244263 0.394815 1.22332e+10
-0.75 -1.25 0.75 0.236183 0.22102 0.545935 5.68627e+09
-0.25 -0.75 0.75 0.255475 0.231439 0.47721 6.1807e+09
-0.75 -0.25 0.75 0.251382 0.226931 0.472667 7.19202e+09
-0.25 0.25 0.75 0.262409 0.230946 0.407617 7.8064e+09
-0.75 0.75 0.75 0.257272 0.23485 0.402945 9.63527e+09
-0.25 1.25 0.75 0.254676 0.240697 0.338709 1.03555e+10
0.25 -1.25 0.75 0.254472 0.236274 0.480862 5.55014e+09
0.75 -0.75 0.75 0.265539 0.240788 0.407846 5.92051e+09
0.25 -0.25 0.75 0.267338 0.235074 0.407674 6.64136e+09
0.75 0.25 0.75 0.26798 0.229665 0.339128 6.97417e+09
0.25 0.75 0.75 0.260277 0.228415 0.34293 8.26823e+09
0.75 1.25 0.75 0.238658 0.219725 0.279813 8.40776e+09
1.25 -1.25 0.75 0.257888 0.249029 0.40815 5.57478e+09
1.75 -0.75 0.75 0.25914 0.248042 0.332957 5.8186e+09
1.25 -0.25 0.75 0.26828 0.236222 0.335234 6.18883e+09
1.75 0.25 0.75 0.259407 0.219949 0.265125 6.24251e+09
1.25 0.75 0.75 0.250638 0.212896 0.274182 7.03921e+09
1.75 1.25 0.75 0.201283 0.185372 0.216409 6.65972e+09
2.25 -1.25 0.75 0.248042 0.25914 0.332957 5.8186e+09
2.25 -0.25 0.75 0.24989 0.237332 0.259462 5.87319e+09
2.25 0.75 0.75 0.22886 0.187274 0.202341 5.91642e+09
-2.5 -1.5 1 0.0936787 0.182418 0.658503 2.38941e+10
-2.5 -0.5 1 0.135713 0.207502 0.577365 3.16274e+10
-2.5 0.5 1 0.200537 0.232269 0.498788 4.46991e+10
-2.5 1.5 1 0.294618 0.269392 0.41525 6.74907e+10
-1.5 -1.5 1 0.134466 0.187888 0.623146 2.25675e+10
-2 -1 1 0.132028 0.197846 0.601515 2.628e+10
-1.5 -0.5 1 0.172633 0.215205 0.540118 2.89568e+10
-2 0 1 0.181595 0.222627 0.520286 3.54392e+10
-1.5 0.5 1 0.229877 0.24159 0.457196 3.96901e+10
-2 1 1 0.257884 0.250888 0.43835 5.11141e+10
-1.5 1.5 1 0.315551 0.273102 0.37053 5.78823e+10
-0.5 -1.5 1 0.173919 0.198298 0.571623 2.16424e+10
-1 -1 1 0.170805 0.207586 0.55768 2.4521e+10
-0.5 -0.5 1 0.207356 0.228716 0.487872 2.65733e+10
-1 0 1 0.214387 0.234996 0.473748 3.18524e+10
-0.5 0.5 1 0.254623 0.255688 0.40282 3.46787e+10
-1 1 1 0.277232 0.262789 0.388276 4.39991e+10
-0.5 1.5 1 0.317966 0.286602 0.312778 4.77346e+10
0.5 -1.5 1 0.208045 0.213477 0.505595 2.12996e+10
0 -1 1 0.206628 0.22045 0.498841 2.31957e+10
0.5 -0.5 1 0.236579 0.241399 0.422796 2.46325e+10
0 0 1 0.241676 0.249589 0.414333 2.8508e+10
0.5 0.5 1 0.27009 0.268147 0.337878 3.00037e+10
0 1 1 0.288821 0.276614 0.32744 3.70119e+10
0.5 1.5 1 0.311293 0.299106 0.24806 3.80443e+10
1.5 -1.5 1 0.233672 0.233672 0.429252 2.1781e+10
1 -1 1 0.234568 0.235119 0.427721 2.24761e+10
1.5 -0.5 1 0.254631 0.25181 0.34815 2.33671e+10
1 0 1 0.260079 0.258827 0.344634 2.57149e+10
1.5 0.5 1 0.273671 0.271555 0.265468 2.60011e+10
1 1 1 0.288625 0.283834 0.259429 3.04838e+10
1.5 1.5 1 0.291117 0.299473 0.179963 2.91051e+10
2.5 -1.5 1 0.25181 0.254631 0.34815 2.33671e+10
2 -1 1 0.251697 0.251697 0.349047 2.26169e+10
2.5 -0.5 1 0.261314 0.261314 0.268506 2.28547e+10
2 0 1 0.26523 0.26098 0.268242 2.3611e+10
2.5 0.5 1 0.263467 0.262499 0.189404 2.25765e+10
2 1 1 0.27367 0.28168 0.186176 2.48037e+10
2.5 1.5 1 0.256064 0.296888 0.111144 2.14601e+10
-2.25 -1.25 1.25 0.116318 0.192712 0.617335 6.56492e+09
-2.25 -0.25 1.25 0.126477 0.216446 0.539481 8.64413e+09
-2.25 0.75 1.25 0.137267 0.252591 0.460807 1.1937e+10
-1.25 -1.25 1.25 0.152246 0.195108 0.576582 6.21332e+09
-1.75 -0.75 1.25 0.13868 0.203115 0.559966 7.21033e+09
-1.25 -0.25 1.25 0.157503 0.212563 0.499933 7.87779e+09
-1.75 0.25 1.25 0.146475 0.226835 0.482876 9.58759e+09
-1.25 0.75 1.25 0.161676 0.236581 0.423035 1.04985e+10
-1.75 1.25 1.25 0.151122 0.266244 0.40223 1.32018e+10
-0.25 -1.25 1.25 0.180978 0.198673 0.521967 5.93444e+09
-0.75 -0.75 1.25 0.171068 0.205246 0.51231 6.7116e+09
-0.25 -0.25 1.25 0.185074 0.212303 0.446194 7.16454e+09
-0.75 0.25 1.25 0.170755 0.220031 0.437789 8.4947e+09
-0.25 0.75 1.25 0.170632 0.222194 0.376143 8.90568e+09
-0.75 1.25 1.25 0.163297 0.243926 0.361618 1.11481e+10
0.75 -1.25 1.25 0.196482 0.199658 0.457494 5.75991e+09
0.25 -0.75 1.25 0.193541 0.205432 0.452624 6.2791e+09
0.75 -0.25 1.25 0.197009 0.205292 0.383664 6.50642e+09
0.25 0.25 1.25 0.189436 0.212278 0.380642 7.46991e+09
0.75 0.75 1.25 0.180953 0.202873 0.31796 7.45925e+09
0.25 1.25 1.25 0.154106 0.218961 0.316169 8.8953e+09
1.75 -1.25 1.25 0.197576 0.197576 0.387701 5.75668e+09
1.25 -0.75 1.25 0.198304 0.198907 0.386482 5.94497e+09
1.75 -0.25 1.25 0.191362 0.189942 0.316831 5.93969e+09
1.25 0.25 1.25 0.189442 0.1972 0.316861 6.49423e+09
1.75 0.75 1.25 0.168134 0.180104 0.254346 6.0634e+09
1.25 1.25 1.25 0.15344 0.179697 0.261663 6.90447e+09
2.25 -0.75 1.25 0.190618 0.190618 0.316587 5.75484e+09
2.25 0.25 1.25 0.174484 0.172298 0.249983 5.60218e+09
2.25 1.25 1.25 0.127775 0.157388 0.198013 5.02901e+09
-2.5 -1 1.5 0.139077 0.210395 0.608771 2.87156e+10
-2.5 0 1.5 0.193673 0.233761 0.526407 3.86282e+10
-2.5 1 1.5 0.274145 0.260703 0.442984 5.48998e+10
-2 -1.5 1.5 0.139716 0.201457 0.634936 2.45444e+10
-1.5 -1 1.5 0.178506 0.220973 0.57204 2.6654e+10
-2 -0.5 1.5 0.182262 0.226917 0.550173 3.16238e+10
-1.5 0 1.5 0.227319 0.246416 0.485972 3.473e+10
-2 0.5 1.5 0.245147 0.252272 0.465455 4.3149e+10
-1.5 1 1.5 0.297504 0.27559 0.397086 4.76821e+10
-2 1.5 1.5 0.336296 0.284859 0.375835 6.17035e+10
-1 -1.5 1.5 0.180912 0.21253 0.590911 2.32568e+10
-0.5 -1 1.5 0.216928 0.235659 0.519924 2.48519e+10
-1 -0.5 1.5 0.218188 0.242803 0.504195 2.88359e+10
-0.5 0 1.5 0.256469 0.266744 0.431258 3.08882e+10
-1 0.5 1.5 0.272126 0.268783 0.415808 3.77629e+10
-0.5 1 1.5 0.313147 0.291692 0.340391 4.00112e+10
-1 1.5 1.5 0.345874 0.300864 0.321902 5.11603e+10
0 -1.5 1.5 0.219031 0.227672 0.531294 2.23661e+10
0.5 -1 1.5 0.250259 0.251716 0.453982 2.34498e+10
0 -0.5 1.5 0.251143 0.259489 0.44456 2.62975e+10
0.5 0 1.5 0.280334 0.282216 0.365677 2.72687e+10
0 0.5 1.5 0.290115 0.291155 0.353927 3.23263e+10
0.5 1 1.5 0.314516 0.313875 0.273641 3.25311e+10
0 1.5 1.5 0.344898 0.313612 0.260913 4.05728e+10
1 -1.5 1.5 0.249101 0.248382 0.458638 2.20692e+10
1.5 -1 1.5 0.273274 0.27088 0.377323 2.26171e+10
1 -0.5 1.5 0.276783 0.273659 0.373591 2.41368e+10
1.5 0 1.5 0.294082 0.291048 0.291705 2.41331e+10
1 0.5 1.5 0.299614 0.301418 0.28491 2.73395e+10
1.5 1 1.5 0.30333 0.315604 0.204562 2.5772e+10
1 1.5 1.5 0.323089 0.334136 0.193061 3.04501e+10
2 -1.5 1.5 0.27088 0.273274 0.377323 2.26171e+10
2.5 -1 1.5 0.287394 0.289358 0.29468 2.25859e+10
2 -0.5 1.5 0.289358 0.287394 0.29468 2.25859e+10
2.5 0 1.5 0.294655 0.295232 0.212489 2.15359e+10
2 0.5 1.5 0.298519 0.30174 0.210299 2.29019e+10
2.5 1 1.5 0.288595 0.303483 0.133516 1.97022e+10
2 1.5 1.5 0.286532 0.322608 0.128928 2.17731e+10
