449
-2.5 -1 -1.5 -0.0543585 -0.228037 0.618956 2.93145e+10
-2.5 0 -1.5 -0.00450896 -0.194415 0.698696 2.33807e+10
-2.5 1 -1.5 0.0257043 -0.156542 0.778608 1.94199e+10
-2 -1.5 -1.5 -0.0681582 -0.242645 0.577343 3.36553e+10
-1.5 -1 -1.5 -0.011058 -0.227521 0.607033 3.02202e+10
-2 -0.5 -1.5 -0.00449825 -0.211301 0.651636 2.66437e+10
-1.5 0 -1.5 0.0400298 -0.190943 0.678183 2.4701e+10
-2 0.5 -1.5 0.0348246 -0.173778 0.727943 2.18778e+10
-1.5 1 -1.5 0.069398 -0.15117 0.748551 2.08966e+10
-2 1.5 -1.5 0.0571356 -0.134153 0.801151 1.86558e+10
-1 -1.5 -1.5 -0.0260669 -0.241392 0.56639 3.38096e+10
-0.5 -1 -1.5 0.0333702 -0.221996 0.588242 3.07505e+10
-1 -0.5 -1.5 0.0400614 -0.207448 0.631096 2.7746e+10
-0.5 0 -1.5 0.0845088 -0.1832 0.647966 2.61638e+10
-1 0.5 -1.5 0.0788542 -0.167699 0.696862 2.34455e+10
-0.5 1 -1.5 0.112408 -0.141662 0.706514 2.28326e+10
-1 1.5 -1.5 0.0997031 -0.126643 0.759196 2.04141e+10
0 -1.5 -1.5 0.0183791 -0.23233 0.551227 3.32796e+10
0.5 -1 -1.5 0.0791948 -0.206179 0.56501 3.09936e+10
0 -0.5 -1.5 0.085126 -0.196598 0.603479 2.88116e+10
0.5 0 -1.5 0.128855 -0.165476 0.611395 2.788e+10
0 0.5 -1.5 0.122479 -0.154954 0.656693 2.53979e+10
0.5 1 -1.5 0.154954 -0.122479 0.656693 2.53979e+10
0 1.5 -1.5 0.141662 -0.112408 0.706514 2.28326e+10
1 -1.5 -1.5 0.064146 -0.211241 0.534089 3.20672e+10
1.5 -1 -1.5 0.124392 -0.17264 0.54087 3.0873e+10
1 -0.5 -1.5 0.130081 -0.171777 0.572245 2.99016e+10
1.5 0 -1.5 0.171777 -0.130081 0.572245 2.99016e+10
1 0.5 -1.5 0.165476 -0.128855 0.611395 2.788e+10
1.5 1 -1.5 0.196598 -0.085126 0.603479 2.88116e+10
1 1.5 -1.5 0.1832 -0.0845088 0.647966 2.61638e+10
2 -1.5 -1.5 0.110592 -0.166405 0.518949 3.00145e+10
2.5 -1 -1.5 0.166405 -0.110592 0.518949 3.00145e+10
2 -0.5 -1.5 0.17264 -0.124392 0.54087 3.0873e+10
2.5 0 -1.5 0.211241 -0.064146 0.534089 3.20672e+10
2 0.5 -1.5 0.206179 -0.0791948 0.56501 3.09936e+10
2.5 1 -1.5 0.23233 -0.0183791 0.551227 3.32796e+10
2 1.5 -1.5 0.221996 -0.0333702 0.588242 3.07505e+10
-2.25 -0.75 -1.25 0.16925 -0.33338 0.59745 6.63092e+09
-2.25 0.25 -1.25 0.17792 -0.267369 0.687993 5.40142e+09
-2.25 1.25 -1.25 0.169456 -0.213153 0.772253 4.5619e+09
-1.75 -1.25 -1.25 0.166275 -0.386888 0.541393 7.60025e+09
-1.25 -0.75 -1.25 0.196661 -0.360699 0.574274 6.96897e+09
-1.75 -0.25 -1.25 0.191746 -0.312744 0.630459 6.1434e+09
-1.25 0.25 -1.25 0.212737 -0.292039 0.655443 5.79417e+09
-1.75 0.75 -1.25 0.193668 -0.251758 0.713857 5.13256e+09
-1.25 1.25 -1.25 0.208258 -0.23668 0.730122 4.9702e+09
-0.75 -1.25 -1.25 0.190712 -0.40985 0.521153 7.81787e+09
-0.25 -0.75 -1.25 0.229778 -0.376408 0.54603 7.25248e+09
-0.75 -0.25 -1.25 0.22534 -0.33387 0.598921 6.51877e+09
-0.25 0.25 -1.25 0.252865 -0.30657 0.614343 6.24812e+09
-0.75 0.75 -1.25 0.232612 -0.271634 0.671124 5.58378e+09
-0.25 1.25 -1.25 0.251941 -0.251941 0.676477 5.51358e+09
0.25 -1.25 -1.25 0.224452 -0.418667 0.498491 7.8985e+09
0.75 -0.75 -1.25 0.275895 -0.372767 0.514587 7.49193e+09
0.25 -0.25 -1.25 0.267701 -0.340673 0.56157 6.91287e+09
0.75 0.25 -1.25 0.304335 -0.304335 0.566857 6.80095e+09
0.25 0.75 -1.25 0.279614 -0.279614 0.619601 6.15797e+09
0.75 1.25 -1.25 0.30657 -0.252865 0.614343 6.24812e+09
1.25 -1.25 -1.25 0.274235 -0.400793 0.47577 7.8517e+09
1.75 -0.75 -1.25 0.339382 -0.339382 0.48143 7.69767e+09
1.25 -0.25 -1.25 0.324977 -0.324977 0.520039 7.35732e+09
1.75 0.25 -1.25 0.372767 -0.275895 0.514587 7.49193e+09
1.25 0.75 -1.25 0.340673 -0.267701 0.56157 6.91287e+09
1.75 1.25 -1.25 0.376408 -0.229778 0.54603 7.25248e+09
2.25 -1.25 -1.25 0.346454 -0.346454 0.453557 7.63163e+09
2.25 -0.25 -1.25 0.400793 -0.274235 0.47577 7.8517e+09
2.25 0.75 -1.25 0.418667 -0.224452 0.498491 7.8985e+09
-2.5 -1.5 -1 -0.102243 -0.247547 0.570761 2.69562e+10
-2.5 -0.5 -1 -0.0379331 -0.218996 0.651402 2.17143e+10
-2.5 0.5 -1 0.00439298 -0.182098 0.734053 1.79887e+10
-2.5 1.5 -1 0.0302183 -0.141547 0.813282 1.54259e+10
-1.5 -1.5 -1 -0.0588983 -0.246269 0.563382 2.70837e+10
-2 -1 -1 -0.0444669 -0.233457 0.605915 2.44308e+10
-1.5 -0.5 -1 0.00869036 -0.214149 0.635813 2.24623e+10
-2 0 -1 0.00907812 -0.19848 0.684018 2.01507e+10
-1.5 0.5 -1 0.0508276 -0.175075 0.70882 1.90444e+10
-2 1 -1 0.0420314 -0.158465 0.761112 1.71163e+10
-1.5 1.5 -1 0.0755849 -0.133057 0.778037 1.65966e+10
-0.5 -1.5 -1 -0.0135311 -0.240419 0.550637 2.64422e+10
-1 -1 -1 0.00160256 -0.228556 0.590892 2.46861e+10
-0.5 -0.5 -1 0.0551865 -0.205285 0.611677 2.30172e+10
-1 0 -1 0.0556766 -0.190854 0.65848 2.10813e+10
-0.5 0.5 -1 0.0968329 -0.1636 0.672656 2.02711e+10
-1 1 -1 0.0876305 -0.148973 0.724336 1.83901e+10
-0.5 1.5 -1 0.120043 -0.120043 0.729621 1.81748e+10
0.5 -1.5 -1 0.0333717 -0.224606 0.534672 2.51526e+10
0 -1 -1 0.0481206 -0.217241 0.56985 2.45325e+10
0.5 -0.5 -1 0.102395 -0.185783 0.581925 2.34192e+10
0 0 -1 0.102119 -0.176241 0.624689 2.20446e+10
0.5 0.5 -1 0.142052 -0.142052 0.62915 2.17297e+10
0 1 -1 0.132473 -0.132473 0.677493 2.00066e+10
0.5 1.5 -1 0.1636 -0.0968329 0.672656 2.02711e+10
1.5 -1.5 -1 0.0826031 -0.191241 0.518421 2.3086e+10
1 -1 -1 0.0963341 -0.190822 0.545945 2.3959e+10
1.5 -0.5 -1 0.147985 -0.147985 0.54998 2.35795e+10
1 0 -1 0.147664 -0.147664 0.586112 2.30595e+10
1.5 0.5 -1 0.185783 -0.102395 0.581925 2.34192e+10
1 1 -1 0.176241 -0.102119 0.624689 2.20446e+10
1.5 1.5 -1 0.205285 -0.0551865 0.611677 2.30172e+10
2.5 -1.5 -1 0.128075 -0.128075 0.506273 2.00529e+10
2 -1 -1 0.142104 -0.142104 0.522531 2.27438e+10
2.5 -0.5 -1 0.191241 -0.0826031 0.518421 2.3086e+10
2 0 -1 0.190822 -0.0963341 0.545945 2.3959e+10
2.5 0.5 -1 0.224606 -0.0333717 0.534672 2.51526e+10
2 1 -1 0.217241 -0.0481206 0.56985 2.45325e+10
2.5 1.5 -1 0.240419 0.0135311 0.550637 2.64422e+10
-2.25 -1.25 -0.75 0.193462 -0.403363 0.532158 6.04025e+09
-2.25 -0.25 -0.75 0.212 -0.328545 0.629918 4.97054e+09
-2.25 0.75 -0.75 0.2085 -0.265396 0.721013 4.19104e+09
-1.25 -1.25 -0.75 0.21128 -0.434166 0.512517 6.25352e+09
-1.75 -0.75 -0.75 0.217742 -0.380871 0.570086 5.60561e+09
-1.25 -0.25 -0.75 0.24118 -0.357182 0.60027 5.26288e+09
-1.75 0.25 -0.75 0.228743 -0.310604 0.660126 4.70245e+09
-1.25 0.75 -0.75 0.24459 -0.29297 0.681292 4.51839e+09
-1.75 1.25 -0.75 0.219597 -0.252773 0.742707 4.04816e+09
-0.25 -1.25 -0.75 0.235668 -0.451953 0.491091 6.30856e+09
-0.75 -0.75 -0.75 0.244105 -0.404794 0.543267 5.8248e+09
-0.25 -0.25 -0.75 0.276614 -0.373569 0.564691 5.52938e+09
-0.75 0.25 -0.75 0.263948 -0.333231 0.621339 5.02722e+09
-0.25 0.75 -0.75 0.286527 -0.309457 0.632275 4.90637e+09
-0.75 1.25 -0.75 0.260146 -0.276089 0.692262 4.42427e+09
0.75 -1.25 -0.75 0.275771 -0.448157 0.469401 6.20632e+09
0.25 -0.75 -0.75 0.280836 -0.412746 0.513267 5.95654e+09
0.75 -0.25 -0.75 0.325784 -0.369511 0.524896 5.77617e+09
0.25 0.25 -0.75 0.308855 -0.341093 0.575846 5.37767e+09
0.75 0.75 -0.75 0.341093 -0.308855 0.575846 5.37767e+09
0.25 1.25 -0.75 0.309457 -0.286527 0.632275 4.90637e+09
1.75 -1.25 -0.75 0.335884 -0.409178 0.449645 5.91714e+09
1.25 -0.75 -0.75 0.335751 -0.393105 0.481693 6.001e+09
1.75 -0.25 -0.75 0.393105 -0.335751 0.481693 6.001e+09
1.25 0.25 -0.75 0.369511 -0.325784 0.524896 5.77617e+09
1.75 0.75 -0.75 0.412746 -0.280836 0.513267 5.95654e+09
1.25 1.25 -0.75 0.373569 -0.276614 0.564691 5.52938e+09
2.25 -0.75 -0.75 0.409178 -0.335884 0.449645 5.91714e+09
2.25 0.25 -0.75 0.448157 -0.275771 0.469401 6.20632e+09
2.25 1.25 -0.75 0.451953 -0.235668 0.491091 6.30856e+09
-2.5 -1 -0.5 -0.078193 -0.241057 0.602289 1.86607e+10
-2.5 0 -0.5 -0.0232707 -0.207889 0.686868 1.56429e+10
-2.5 1 -0.5 0.0127949 -0.167865 0.770357 1.34066e+10
-2 -1.5 -0.5 -0.0906951 -0.251081 0.558784 2.04582e+10
-1.5 -1 -0.5 -0.0300194 -0.234912 0.591743 1.88349e+10
-2 -0.5 -0.5 -0.0236945 -0.222324 0.637982 1.72927e+10
-1.5 0 -0.5 0.0256122 -0.199595 0.666642 1.62387e+10
-2 0.5 -0.5 0.0211707 -0.184071 0.717991 1.47859e+10
-1.5 1 -0.5 0.0610322 -0.15769 0.739773 1.42112e+10
-2 1.5 -0.5 0.0494874 -0.141385 0.793898 1.29467e+10
-1 -1.5 -0.5 -0.0439978 -0.245834 0.549353 1.99584e+10
-0.5 -1 -0.5 0.0178615 -0.226032 0.573758 1.85542e+10
-1 -0.5 -0.5 0.0250238 -0.213585 0.618126 1.75809e+10
-0.5 0 -0.5 0.074178 -0.186829 0.636617 1.67453e+10
-1 0.5 -0.5 0.0695847 -0.173109 0.686699 1.55342e+10
-0.5 1 -0.5 0.108526 -0.142772 0.697065 1.51854e+10
-1 1.5 -0.5 0.0966842 -0.128651 0.751007 1.39248e+10
0 -1.5 -0.5 0.00381953 -0.235754 0.534995 1.88181e+10
0.5 -1 -0.5 0.066838 -0.206881 0.551283 1.78513e+10
0 -0.5 -0.5 0.0735246 -0.198447 0.590985 1.76169e+10
0.5 0 -0.5 0.122337 -0.163456 0.599979 1.71567e+10
0 0.5 -0.5 0.117421 -0.154663 0.646202 1.63351e+10
0.5 1 -0.5 0.154663 -0.117421 0.646202 1.63351e+10
0 1.5 -0.5 0.142772 -0.108526 0.697065 1.51854e+10
1 -1.5 -0.5 0.0522304 -0.211131 0.519428 1.70664e+10
1.5 -1 -0.5 0.116075 -0.16781 0.527757 1.66155e+10
1 -0.5 -0.5 0.122257 -0.168203 0.559872 1.73664e+10
1.5 0 -0.5 0.168203 -0.122257 0.559872 1.73664e+10
1 0.5 -0.5 0.163456 -0.122337 0.599979 1.71567e+10
1.5 1 -0.5 0.198447 -0.0735246 0.590985 1.76169e+10
1 1.5 -0.5 0.186829 -0.074178 0.636617 1.67453e+10
2 -1.5 -0.5 0.102414 -0.161309 0.50628 1.46031e+10
2.5 -1 -0.5 0.161309 -0.102414 0.50628 1.46031e+10
2 -0.5 -0.5 0.16781 -0.116075 0.527757 1.66155e+10
2.5 0 -0.5 0.211131 -0.0522304 0.519428 1.70664e+10
2 0.5 -0.5 0.206881 -0.066838 0.551283 1.78513e+10
2.5 1 -0.5 0.235754 -0.00381953 0.534995 1.88181e+10
2 1.5 -0.5 0.226032 -0.0178615 0.573758 1.85542e+10
-2.25 -0.75 -0.25 0.237593 -0.392429 0.567759 4.25948e+09
-2.25 0.25 -0.25 0.242352 -0.32188 0.665456 3.63503e+09
-2.25 1.25 -0.25 0.227874 -0.261106 0.755094 3.15946e+09
-1.75 -1.25 -0.25 0.233372 -0.447937 0.506587 4.70877e+09
-1.25 -0.75 -0.25 0.259348 -0.423271 0.541952 4.44602e+09
-1.75 -0.25 -0.25 0.256052 -0.372603 0.602549 4.0416e+09
-1.25 0.25 -0.25 0.274099 -0.351773 0.628811 3.8713e+09
-1.75 0.75 -0.25 0.25452 -0.306738 0.691669 3.5002e+09
-1.25 1.25 -0.25 0.266468 -0.292246 0.70805 3.41524e+09
-0.75 -1.25 -0.25 0.250203 -0.473417 0.485738 4.78305e+09
-0.25 -0.75 -0.25 0.287651 -0.44047 0.513356 4.53201e+09
-0.75 -0.25 -0.25 0.285559 -0.396297 0.568745 4.23492e+09
-0.25 0.25 -0.25 0.312402 -0.368189 0.585536 4.10051e+09
-0.75 0.75 -0.25 0.292307 -0.331081 0.645237 3.76338e+09
-0.25 1.25 -0.25 0.311188 -0.311188 0.650864 3.72618e+09
0.25 -1.25 -0.25 0.278655 -0.48199 0.465194 4.68342e+09
0.75 -0.75 -0.25 0.33236 -0.435219 0.483351 4.5143e+09
0.25 -0.25 -0.25 0.326251 -0.403811 0.530758 4.37204e+09
0.75 0.25 -0.25 0.365139 -0.365139 0.536803 4.31678e+09
0.25 0.75 -0.25 0.339972 -0.339972 0.591321 4.05341e+09
0.75 1.25 -0.25 0.368189 -0.312402 0.585536 4.10051e+09
1.25 -1.25 -0.25 0.328719 -0.460082 0.446716 4.42894e+09
1.75 -0.75 -0.25 0.396141 -0.396141 0.453451 4.35871e+09
1.25 -0.25 -0.25 0.384552 -0.384552 0.489741 4.44999e+09
1.75 0.25 -0.25 0.435219 -0.33236 0.483351 4.5143e+09
1.25 0.75 -0.25 0.403811 -0.326251 0.530758 4.37204e+09
1.75 1.25 -0.25 0.44047 -0.287651 0.513356 4.53201e+09
2.25 -1.25 -0.25 0.396749 -0.396749 0.432999 3.94578e+09
2.25 -0.25 -0.25 0.460082 -0.328719 0.446716 4.42894e+09
2.25 0.75 -0.25 0.48199 -0.278655 0.465194 4.68342e+09
-2.5 -1.5 0 -0.122719 -0.257205 0.55309 1.45605e+10
-2.5 -0.5 0 -0.0572621 -0.231317 0.637981 1.26615e+10
-2.5 0.5 0 -0.0106225 -0.194353 0.724429 1.09922e+10
-2.5 1.5 0 0.0208679 -0.151382 0.806489 9.7174e+09
-1.5 -1.5 0 -0.0727623 -0.249093 0.5478 1.42871e+10
-2 -1 0 -0.0621921 -0.241886 0.591045 1.36457e+10
-1.5 -0.5 0 -0.00644927 -0.221957 0.62301 1.28423e+10
-2 0 0 -0.00622947 -0.208883 0.672683 1.1962e+10
-1.5 0.5 0 0.0403219 -0.182909 0.69882 1.14411e+10
-2 1 0 0.032144 -0.167519 0.752661 1.05612e+10
-1.5 1.5 0 0.0709959 -0.138153 0.770241 1.02999e+10
-0.5 -1.5 0 -0.0254163 -0.241651 0.536197 1.34541e+10
-1 -1 0 -0.0123353 -0.232461 0.577126 1.34203e+10
-0.5 -0.5 0 0.0441772 -0.208817 0.599327 1.27574e+10
-1 0 0 0.0446411 -0.197073 0.647096 1.22374e+10
-0.5 0.5 0 0.0907479 -0.166677 0.662218 1.18691e+10
-1 1 0 0.0823411 -0.15314 0.715145 1.11241e+10
-0.5 1.5 0 0.119776 -0.119776 0.720697 1.10184e+10
0.5 -1.5 0 0.0245129 -0.224709 0.521574 1.21253e+10
0 -1 0 0.0376868 -0.218534 0.556849 1.27914e+10
0.5 -0.5 0 0.0946853 -0.185225 0.570159 1.23756e+10
0 0 0 0.0952643 -0.177511 0.613393 1.23516e+10
0.5 0.5 0 0.139652 -0.139652 0.618227 1.22151e+10
0 1 0 0.131316 -0.131316 0.667382 1.17455e+10
0.5 1.5 0 0.166677 -0.0907479 0.662218 1.18691e+10
1.5 -1.5 0 0.0701977 -0.188509 0.508393 1.02623e+10
1 -1 0 0.0874713 -0.189274 0.534227 1.17335e+10
1.5 -0.5 0 0.142952 -0.142952 0.538684 1.15969e+10
1 0 0 0.14382 -0.14382 0.574757 1.2231e+10
1.5 0.5 0 0.185225 -0.0946853 0.570159 1.23756e+10
1 1 0 0.177511 -0.0952643 0.613393 1.23516e+10
1.5 1.5 0 0.208817 -0.0441772 0.599327 1.27574e+10
2.5 -1.5 0 0.11372 -0.11372 0.501918 7.93075e+09
2 -1 0 0.13514 -0.13514 0.51282 1.01536e+10
2.5 -0.5 0 0.188509 -0.0701977 0.508393 1.02623e+10
2 0 0 0.189274 -0.0874713 0.534227 1.17335e+10
2.5 0.5 0 0.224709 -0.0245129 0.521574 1.21253e+10
2 1 0 0.218534 -0.0376868 0.556849 1.27914e+10
2.5 1.5 0 0.241651 0.0254163 0.536197 1.34541e+10
-2.25 -1.25 0.25 0.254605 -0.4525 0.504491 3.33756e+09
-2.25 -0.25 0.25 0.26916 -0.380406 0.60669 2.94981e+09
-2.25 0.75 0.25 0.261803 -0.313237 0.702696 2.59783e+09
-1.25 -1.25 0.25 0.268203 -0.483553 0.484071 3.42675e+09
-1.75 -0.75 0.25 0.274852 -0.433559 0.543075 3.21515e+09
-1.25 -0.25 0.25 0.295081 -0.411359 0.574024 3.09863e+09
-1.75 0.25 0.25 0.282962 -0.363274 0.637247 2.85077e+09
-1.25 0.75 0.25 0.297105 -0.345435 0.658667 2.77589e+09
-1.75 1.25 0.25 0.270299 -0.300725 0.723985 2.53901e+09
-0.25 -1.25 0.25 0.286337 -0.501696 0.463827 3.37917e+09
-0.75 -0.75 0.25 0.296623 -0.457263 0.515463 3.29563e+09
-0.25 -0.25 0.25 0.327506 -0.426482 0.538013 3.18877e+09
-0.75 0.25 0.25 0.316344 -0.38719 0.595903 3.00748e+09
-0.25 0.75 0.25 0.33902 -0.362778 0.607221 2.95891e+09
-0.75 1.25 0.25 0.311969 -0.328056 0.669727 2.73658e+09
0.75 -1.25 0.25 0.324145 -0.495319 0.446386 3.18266e+09
0.25 -0.75 0.25 0.330334 -0.464262 0.486968 3.26254e+09
0.75 -0.25 0.25 0.376744 -0.421745 0.499043 3.20391e+09
0.25 0.25 0.25 0.360382 -0.393999 0.549691 3.13149e+09
0.75 0.75 0.25 0.393999 -0.360382 0.549691 3.13149e+09
0.25 1.25 0.25 0.362778 -0.33902 0.607221 2.95891e+09
1.75 -1.25 0.25 0.380972 -0.454806 0.433921 2.8211e+09
1.25 -0.75 0.25 0.384631 -0.442875 0.458795 3.12131e+09
1.75 -0.25 0.25 0.442875 -0.384631 0.458795 3.12131e+09
1.25 0.25 0.25 0.421745 -0.376744 0.499043 3.20391e+09
1.75 0.75 0.25 0.464262 -0.330334 0.486968 3.26254e+09
1.25 1.25 0.25 0.426482 -0.327506 0.538013 3.18877e+09
2.25 -0.75 0.25 0.454806 -0.380972 0.433921 2.8211e+09
2.25 0.25 0.25 0.495319 -0.324145 0.446386 3.18266e+09
2.25 1.25 0.25 0.501696 -0.286337 0.463827 3.37917e+09
-2.5 -1 0.5 -0.0955671 -0.249172 0.589342 9.37504e+09
-2.5 0 0.5 -0.0400965 -0.21853 0.676771 8.42713e+09
-2.5 1 0.5 0.000503527 -0.178381 0.762814 7.55539e+09
-2 -1.5 0.5 -0.103198 -0.254361 0.545811 9.67679e+09
-1.5 -1 0.5 -0.0429832 -0.237935 0.580092 9.2549e+09
-2 -0.5 0.5 -0.0391573 -0.229504 0.626771 8.94716e+09
-1.5 0 0.5 0.0131097 -0.206194 0.656434 8.58227e+09
-2 0.5 0.5 0.00860016 -0.192936 0.709001 8.10092e+09
-1.5 1 0.5 0.0535555 -0.163654 0.731447 7.8742e+09
-2 1.5 0.5 0.0424272 -0.148592 0.786933 7.36659e+09
-1 -1.5 0.5 -0.0524688 -0.242141 0.538722 9.16389e+09
-0.5 -1 0.5 0.00757982 -0.22568 0.563006 8.81456e+09
-1 -0.5 0.5 0.0129322 -0.217792 0.607078 8.8781e+09
-0.5 0 0.5 0.0660404 -0.189738 0.626218 8.604e+09
-1 0.5 0.5 0.0616992 -0.177367 0.677232 8.32269e+09
-0.5 1 0.5 0.105315 -0.143732 0.687919 8.18842e+09
-1 1.5 0.5 0.094297 -0.130814 0.742956 7.76025e+09
0 -1.5 0.5 -0.00500298 -0.231884 0.525485 8.27065e+09
0.5 -1 0.5 0.0593447 -0.203687 0.541903 8.02988e+09
0 -0.5 0.5 0.0659839 -0.198321 0.580585 8.54673e+09
0.5 0 0.5 0.117656 -0.161778 0.589849 8.39246e+09
0 0.5 0.5 0.113572 -0.154761 0.636144 8.45586e+09
0.5 1 0.5 0.154761 -0.113572 0.636144 8.45586e+09
0 1.5 0.5 0.143732 -0.105315 0.687919 8.18842e+09
1 -1.5 0.5 0.0400754 -0.205647 0.512485 6.97488e+09
1.5 -1 0.5 0.10498 -0.162511 0.520863 6.84599e+09
1 -0.5 0.5 0.11562 -0.164716 0.550628 7.87548e+09
1.5 0 0.5 0.164716 -0.11562 0.550628 7.87548e+09
1 0.5 0.5 0.161778 -0.117656 0.589849 8.39246e+09
1.5 1 0.5 0.198321 -0.0659839 0.580585 8.54673e+09
1 1.5 0.5 0.189738 -0.0660404 0.626218 8.604e+09
2 -1.5 0.5 0.0777677 -0.149745 0.505123 5.3355e+09
2.5 -1 0.5 0.149745 -0.0777677 0.505123 5.3355e+09
2 -0.5 0.5 0.162511 -0.10498 0.520863 6.84599e+09
2.5 0 0.5 0.205647 -0.0400754 0.512485 6.97488e+09
2 0.5 0.5 0.203687 -0.0593447 0.541903 8.02988e+09
2.5 1 0.5 0.231884 0.00500298 0.525485 8.27065e+09
2 1.5 0.5 0.22568 -0.00757982 0.563006 8.81456e+09
-2.25 -0.75 0.75 0.2885 -0.435381 0.547865 2.20193e+09
-2.25 0.25 0.75 0.289535 -0.366862 0.647644 2.00642e+09
-2.25 1.25 0.75 0.271767 -0.302772 0.740249 1.81621e+09
-1.75 -1.25 0.75 0.286162 -0.48703 0.486631 2.31375e+09
-1.25 -0.75 0.75 0.30777 -0.466415 0.520466 2.27624e+09
-1.75 -0.25 0.75 0.303831 -0.418811 0.581729 2.15905e+09
-1.25 0.25 0.75 0.32026 -0.39934 0.607528 2.11514e+09
-1.75 0.75 0.75 0.299729 -0.351987 0.673155 1.96951e+09
-1.25 1.25 0.75 0.310474 -0.336914 0.689076 1.94414e+09
-0.75 -1.25 0.75 0.298344 -0.508784 0.46703 2.31386e+09
-0.25 -0.75 0.75 0.331321 -0.479859 0.49327 2.26866e+09
-0.75 -0.25 0.75 0.331066 -0.441723 0.546664 2.22985e+09
-0.25 0.25 0.75 0.357641 -0.414189 0.563333 2.195e+09
-0.75 0.75 0.75 0.338076 -0.378103 0.623812 2.08446e+09
-0.25 1.25 0.75 0.357451 -0.357451 0.629329 2.07375e+09
0.25 -1.25 0.75 0.320868 -0.517535 0.449337 2.18565e+09
0.75 -0.75 0.75 0.37484 -0.474352 0.466482 2.16002e+09
0.25 -0.25 0.75 0.368994 -0.446057 0.510191 2.23198e+09
0.75 0.25 0.75 0.408615 -0.408615 0.51587 2.22245e+09
0.25 0.75 0.75 0.385732 -0.385732 0.568986 2.18301e+09
0.75 1.25 0.75 0.414189 -0.357641 0.563333 2.195e+09
1.25 -1.25 0.75 0.367612 -0.495326 0.437402 1.94662e+09
1.75 -0.75 0.75 0.4352 -0.4352 0.443392 1.93621e+09
1.25 -0.25 0.75 0.427029 -0.427029 0.472223 2.14909e+09
1.75 0.25 0.75 0.474352 -0.37484 0.466482 2.16002e+09
1.25 0.75 0.75 0.446057 -0.368994 0.510191 2.23198e+09
1.75 1.25 0.75 0.479859 -0.331321 0.49327 2.26866e+09
2.25 -1.25 0.75 0.430289 -0.430289 0.435504 1.56525e+09
2.25 -0.25 0.75 0.495326 -0.367612 0.437402 1.94662e+09
2.25 0.75 0.75 0.517535 -0.320868 0.449337 2.18565e+09
-2.5 -1.5 1 -0.136709 -0.259547 0.544683 6.19985e+09
-2.5 -0.5 1 -0.0742332 -0.237175 0.629555 5.94328e+09
-2.5 0.5 1 -0.0257796 -0.203125 0.717144 5.51359e+09
-2.5 1.5 1 0.0104574 -0.159977 0.800685 5.0908e+09
-1.5 -1.5 1 -0.0813681 -0.244305 0.541569 5.92193e+09
-2 -1 1 -0.0751832 -0.242681 0.583005 6.05881e+09
-1.5 -0.5 1 -0.019193 -0.223381 0.614931 5.90037e+09
-2 0 1 -0.0206441 -0.214366 0.664732 5.76966e+09
-1.5 0.5 1 0.0298396 -0.187301 0.691093 5.62936e+09
-2 1 1 0.0215806 -0.174519 0.74571 5.38607e+09
-1.5 1.5 1 0.0655624 -0.141992 0.763406 5.30889e+09
-0.5 -1.5 1 -0.0345984 -0.23027 0.532058 5.39165e+09
-1 -1 1 -0.0239735 -0.230017 0.569819 5.80968e+09
-0.5 -0.5 1 0.033684 -0.208541 0.591307 5.69628e+09
-1 0 1 0.0344842 -0.198242 0.639034 5.76035e+09
-0.5 0.5 1 0.0842841 -0.166656 0.653983 5.66363e+09
-1 1 1 0.0765298 -0.155244 0.707409 5.54144e+09
-0.5 1.5 1 0.118344 -0.118344 0.712897 5.51041e+09
0.5 -1.5 1 0.0101813 -0.211306 0.519507 4.58657e+09
0 -1 1 0.0279985 -0.212227 0.550917 5.31091e+09
0.5 -0.5 1 0.0871968 -0.180512 0.563318 5.22367e+09
0 0 1 0.0883068 -0.176964 0.604935 5.60304e+09
0.5 0.5 1 0.13655 -0.13655 0.609519 5.56608e+09
0 1 1 0.128545 -0.128545 0.659005 5.62815e+09
0.5 1.5 1 0.166656 -0.0842841 0.653983 5.66363e+09
1.5 -1.5 1 0.0394261 -0.173814 0.510522 3.48079e+09
1 -1 1 0.0742171 -0.180341 0.530635 4.49811e+09
1.5 -0.5 1 0.132778 -0.132778 0.534644 4.45806e+09
1 0 1 0.138319 -0.138319 0.567497 5.18019e+09
1.5 0.5 1 0.180512 -0.0871968 0.563318 5.22367e+09
1 1 1 0.176964 -0.0883068 0.604935 5.60304e+09
1.5 1.5 1 0.208541 -0.033684 0.591307 5.69628e+09
2.5 -1.5 1 0.0653982 -0.0653982 0.516316 2.24756e+09
2 -1 1 0.115135 -0.115135 0.514694 3.4553e+09
2.5 -0.5 1 0.173814 -0.0394261 0.510522 3.48079e+09
2 0 1 0.180341 -0.0742171 0.530635 4.49811e+09
2.5 0.5 1 0.211306 -0.0101813 0.519507 4.58657e+09
2 1 1 0.212227 -0.0279985 0.550917 5.31091e+09
2.5 1.5 1 0.23027 0.0345984 0.532058 5.39165e+09
-2.25 -1.25 1.25 0.299871 -0.481187 0.494923 1.47681e+09
-2.25 -0.25 1.25 0.310236 -0.417199 0.593203 1.43232e+09
-2.25 0.75 1.25 0.300665 -0.352019 0.689113 1.34045e+09
-1.25 -1.25 1.25 0.313438 -0.511097 0.47475 1.49493e+09
-1.75 -0.75 1.25 0.317291 -0.467649 0.52981 1.48886e+09
-1.25 -0.25 1.25 0.33545 -0.449777 0.558085 1.4856e+09
-1.75 0.25 1.25 0.322202 -0.402082 0.621774 1.42598e+09
-1.25 0.75 1.25 0.334738 -0.384841 0.641841 1.41714e+09
-1.75 1.25 1.25 0.307482 -0.339645 0.708971 1.33316e+09
-0.25 -1.25 1.25 0.323047 -0.522032 0.457877 1.43726e+09
-0.75 -0.75 1.25 0.336299 -0.488946 0.502461 1.50105e+09
-0.25 -0.25 1.25 0.366036 -0.462606 0.522649 1.4971e+09
-0.75 0.25 1.25 0.355798 -0.427071 0.578462 1.47826e+09
-0.25 0.75 1.25 0.378432 -0.402862 0.589039 1.47208e+09
-0.75 1.25 1.25 0.349767 -0.366786 0.652235 1.41195e+09
0.75 -1.25 1.25 0.357885 -0.519293 0.444538 1.29441e+09
0.25 -0.75 1.25 0.36452 -0.492762 0.477301 1.43726e+09
0.75 -0.25 1.25 0.410821 -0.453556 0.487852 1.44095e+09
0.25 0.25 1.25 0.398344 -0.431636 0.533296 1.49265e+09
0.75 0.75 1.25 0.431636 -0.398344 0.533296 1.49265e+09
0.25 1.25 1.25 0.402862 -0.378432 0.589039 1.47208e+09
1.75 -1.25 1.25 0.405224 -0.480267 0.443005 1.04315e+09
1.25 -0.75 1.25 0.416597 -0.472425 0.455296 1.29107e+09
1.75 -0.25 1.25 0.472425 -0.416597 0.455296 1.29107e+09
1.25 0.25 1.25 0.453556 -0.410821 0.487852 1.44095e+09
1.75 0.75 1.25 0.492762 -0.36452 0.477301 1.43726e+09
1.25 1.25 1.25 0.462606 -0.366036 0.522649 1.4971e+09
2.25 -0.75 1.25 0.480267 -0.405224 0.443005 1.04315e+09
2.25 0.25 1.25 0.519293 -0.357885 0.444538 1.29441e+09
2.25 1.25 1.25 0.522032 -0.323047 0.457877 1.43726e+09
-2.5 -1 1.5 -0.113335 -0.248968 0.58595 3.77054e+09
-2.5 0 1.5 -0.0571797 -0.222319 0.671796 3.71823e+09
-2.5 1 1.5 -0.0136568 -0.185274 0.757639 3.55247e+09
-2 -1.5 1.5 -0.117771 -0.250425 0.544637 3.62309e+09
-1.5 -1 1.5 -0.0547754 -0.230218 0.577911 3.63061e+09
-2 -0.5 1.5 -0.0541474 -0.228043 0.622696 3.7408e+09
-1.5 0 1.5 0.000373035 -0.204761 0.651597 3.70366e+09
-2 0.5 1.5 -0.0051658 -0.196726 0.703578 3.67068e+09
-1.5 1 1.5 0.0438156 -0.166445 0.725549 3.63737e+09
-2 1.5 1.5 0.0328334 -0.153101 0.78169 3.51695e+09
-1 -1.5 1.5 -0.0674212 -0.228557 0.539705 3.32931e+09
-0.5 -1 1.5 -0.00931837 -0.216413 0.561329 3.36536e+09
-1 -0.5 1.5 0.00104006 -0.209902 0.603728 3.61691e+09
-0.5 0 1.5 0.0550374 -0.185027 0.621156 3.58901e+09
-1 0.5 1.5 0.0519939 -0.17663 0.671399 3.67348e+09
-0.5 1 1.5 0.0992656 -0.14158 0.681417 3.65279e+09
-1 1.5 1.5 0.0892657 -0.130607 0.736739 3.61862e+09
0 -1.5 1.5 -0.0253748 -0.207903 0.529471 2.88357e+09
0.5 -1 1.5 0.0402145 -0.187247 0.542693 2.8736e+09
0 -0.5 1.5 0.051078 -0.194117 0.576559 3.35256e+09
0.5 0 1.5 0.108283 -0.158105 0.584428 3.3402e+09
0 0.5 1.5 0.105537 -0.150205 0.630028 3.56868e+09
0.5 1 1.5 0.150205 -0.105537 0.630028 3.56868e+09
0 1.5 1.5 0.14158 -0.0992656 0.681417 3.65279e+09
1 -1.5 1.5 0.000518078 -0.178256 0.519662 2.19927e+09
1.5 -1 1.5 0.0766901 -0.138923 0.526415 2.18872e+09
1 -0.5 1.5 0.100837 -0.152274 0.549433 2.85459e+09
1.5 0 1.5 0.152274 -0.100837 0.549433 2.85459e+09
1 0.5 1.5 0.158105 -0.108283 0.584428 3.3402e+09
1.5 1 1.5 0.194117 -0.051078 0.576559 3.35256e+09
1 1.5 1.5 0.185027 -0.0550374 0.621156 3.58901e+09
2 -1.5 1.5 0.0160648 -0.106551 0.523414 1.41766e+09
2.5 -1 1.5 0.106551 -0.0160648 0.523414 1.41766e+09
2 -0.5 1.5 0.138923 -0.0766901 0.526415 2.18872e+09
2.5 0 1.5 0.178256 -0.000518079 0.519662 2.19927e+09
2 0.5 1.5 0.187247 -0.0402145 0.542693 2.8736e+09
2.5 1 1.5 0.207903 0.0253748 0.529471 2.88357e+09
2 1.5 1.5 0.216413 0.00931837 0.561329 3.36536e+09
