449
-2.5 -1 -1.5 -0.606403 -0.171535 0.467918 4.75767e+10
-2.5 0 -1.5 -0.624861 -0.234739 0.492421 5.31731e+10
-2.5 1 -1.5 -0.606753 -0.346119 0.477086 4.10497e+10
-2 -1.5 -1.5 -0.537443 -0.153022 0.447907 3.11247e+10
-1.5 -1 -1.5 -0.473278 -0.18354 0.476525 2.64421e+10
-2 -0.5 -1.5 -0.556852 -0.208618 0.49455 3.96635e+10
-1.5 0 -1.5 -0.503107 -0.258395 0.515512 3.18323e+10
-2 0.5 -1.5 -0.581641 -0.288878 0.508234 4.08575e+10
-1.5 1 -1.5 -0.518432 -0.359627 0.514187 3.00107e+10
-2 1.5 -1.5 -0.524442 -0.420863 0.476342 2.83244e+10
-1 -1.5 -1.5 -0.400492 -0.145265 0.449364 1.74635e+10
-0.5 -1 -1.5 -0.319131 -0.177796 0.474241 1.46792e+10
-1 -0.5 -1.5 -0.401892 -0.226898 0.499916 2.1719e+10
-0.5 0 -1.5 -0.320885 -0.27931 0.516411 1.74193e+10
-1 0.5 -1.5 -0.436747 -0.322583 0.527236 2.45735e+10
-0.5 1 -1.5 -0.356181 -0.392454 0.531158 1.8617e+10
-1 1.5 -1.5 -0.436196 -0.439334 0.511393 2.18585e+10
0 -1.5 -1.5 -0.262599 -0.125376 0.441828 9.94899e+09
0.5 -1 -1.5 -0.17498 -0.154477 0.462995 8.42884e+09
0 -0.5 -1.5 -0.230751 -0.217272 0.493592 1.21238e+10
0.5 0 -1.5 -0.13734 -0.256391 0.507262 9.97005e+09
0 0.5 -1.5 -0.229916 -0.332703 0.52623 1.38202e+10
0.5 1 -1.5 -0.123976 -0.377701 0.529824 1.10274e+10
0 1.5 -1.5 -0.246945 -0.456655 0.52743 1.40456e+10
1 -1.5 -1.5 -0.143113 -0.100153 0.426834 5.81153e+09
1.5 -1 -1.5 -0.0621531 -0.124592 0.444937 5.02035e+09
1 -0.5 -1.5 -0.0870038 -0.184342 0.479305 7.12881e+09
1.5 0 -1.5 -0.00201511 -0.209755 0.491164 6.10339e+09
1 0.5 -1.5 -0.040193 -0.287742 0.515915 8.29555e+09
1.5 1 -1.5 0.0558731 -0.304971 0.520633 7.10704e+09
1 1.5 -1.5 -0.00354573 -0.402981 0.528595 9.05281e+09
2 -1.5 -1.5 -0.0519504 -0.0765928 0.406502 3.48034e+09
2.5 -1 -1.5 0.0142503 -0.0986192 0.422223 3.08615e+09
2 -0.5 -1.5 0.0124146 -0.14768 0.458969 4.3857e+09
2.5 0 -1.5 0.0759544 -0.166129 0.469238 3.92073e+09
2 0.5 -1.5 0.0749535 -0.226565 0.499227 5.36432e+09
2.5 1 -1.5 0.138723 -0.230241 0.504124 4.89097e+09
2 1.5 -1.5 0.143975 -0.301213 0.5227 6.35262e+09
-2.25 -0.75 -1.25 -0.531576 0.447468 0.548447 2.0284e+10
-2.25 0.25 -1.25 -0.46123 0.376761 0.611736 1.62215e+10
-2.25 1.25 -1.25 -0.456911 0.262706 0.651468 1.10001e+10
-1.75 -1.25 -1.25 -0.55107 0.477912 0.501108 1.55483e+10
-1.25 -0.75 -1.25 -0.498334 0.470731 0.544174 1.29952e+10
-1.75 -0.25 -1.25 -0.475596 0.435579 0.589352 1.63155e+10
-1.25 0.25 -1.25 -0.414738 0.416706 0.62696 1.25799e+10
-1.75 0.75 -1.25 -0.413114 0.344964 0.644191 1.22192e+10
-1.25 1.25 -1.25 -0.364668 0.311291 0.67154 9.06477e+09
-0.75 -1.25 -1.25 -0.523234 0.497652 0.48969 9.47241e+09
-0.25 -0.75 -1.25 -0.473128 0.485207 0.531114 7.7848e+09
-0.75 -0.25 -1.25 -0.444463 0.454661 0.585007 1.0438e+10
-0.25 0.25 -1.25 -0.395574 0.429213 0.620702 8.18405e+09
-0.75 0.75 -1.25 -0.362982 0.382205 0.657252 9.28454e+09
-0.25 1.25 -1.25 -0.322011 0.342243 0.684932 6.97387e+09
0.25 -1.25 -1.25 -0.500793 0.508271 0.473085 5.53172e+09
0.75 -0.75 -1.25 -0.457437 0.489962 0.511305 4.54608e+09
0.25 -0.25 -1.25 -0.427048 0.463125 0.568471 6.2647e+09
0.75 0.25 -1.25 -0.38521 0.434848 0.600936 5.02269e+09
0.25 0.75 -1.25 -0.35019 0.399057 0.651457 6.39846e+09
0.75 1.25 -1.25 -0.308734 0.366237 0.676239 5.03852e+09
1.25 -1.25 -1.25 -0.484615 0.510905 0.452455 3.19005e+09
1.75 -0.75 -1.25 -0.447134 0.489646 0.486886 2.65845e+09
1.25 -0.25 -1.25 -0.417662 0.465309 0.544858 3.72229e+09
1.75 0.25 -1.25 -0.383381 0.437133 0.57263 3.08682e+09
1.25 0.75 -1.25 -0.348316 0.403908 0.627471 4.07631e+09
1.75 1.25 -1.25 -0.324927 0.371647 0.647443 3.43762e+09
2.25 -1.25 -1.25 -0.473181 0.509269 0.428639 1.85312e+09
2.25 -0.25 -1.25 -0.415274 0.464327 0.515734 2.24384e+09
2.25 0.75 -1.25 -0.361401 0.407207 0.593459 2.65066e+09
-2.5 -1.5 -1 -0.627691 -0.249048 0.431497 9.34471e+10
-2.5 -0.5 -1 -0.664921 -0.249783 0.49005 1.32119e+11
-2.5 0.5 -1 -0.674769 -0.283964 0.518074 1.38294e+11
-2.5 1.5 -1 -0.545354 -0.447984 0.482296 7.66325e+10
-1.5 -1.5 -1 -0.498846 -0.250263 0.443426 5.1467e+10
-2 -1 -1 -0.584328 -0.259656 0.470356 8.26176e+10
-1.5 -0.5 -1 -0.531466 -0.284949 0.503485 6.92115e+10
-2 0 -1 -0.627184 -0.274549 0.522434 1.08967e+11
-1.5 0.5 -1 -0.582075 -0.311989 0.548016 8.59662e+10
-2 1 -1 -0.613412 -0.343094 0.531976 9.7849e+10
-1.5 1.5 -1 -0.529547 -0.423513 0.532822 6.81556e+10
-0.5 -1.5 -1 -0.351561 -0.23906 0.443556 2.82885e+10
-1 -1 -1 -0.43361 -0.269845 0.476371 4.38792e+10
-0.5 -0.5 -1 -0.358087 -0.298409 0.504387 3.63428e+10
-1 0 -1 -0.469311 -0.321499 0.530694 5.60597e+10
-0.5 0.5 -1 -0.393859 -0.365375 0.549522 4.4087e+10
-1 1 -1 -0.519361 -0.369026 0.561313 6.39483e+10
-0.5 1.5 -1 -0.423631 -0.439192 0.562166 4.57807e+10
0.5 -1.5 -1 -0.208802 -0.216998 0.434402 1.59303e+10
0 -1 -1 -0.2715 -0.25872 0.471832 2.39899e+10
0.5 -0.5 -1 -0.184407 -0.279948 0.494544 2.00822e+10
0 0 -1 -0.271373 -0.329851 0.525596 2.95342e+10
0.5 0.5 -1 -0.171625 -0.357782 0.539967 2.39406e+10
0 1 -1 -0.299565 -0.410477 0.56 3.42026e+10
0.5 1.5 -1 -0.174766 -0.448714 0.560893 2.66191e+10
1.5 -1.5 -1 -0.0868656 -0.190514 0.417583 9.21983e+09
1 -1 -1 -0.125855 -0.231959 0.457927 1.36516e+10
1.5 -0.5 -1 -0.0418804 -0.245066 0.476479 1.17322e+10
1 0 -1 -0.0914012 -0.297572 0.511505 1.68389e+10
1.5 0.5 -1 0.00396714 -0.306958 0.52296 1.43726e+10
1 1 -1 -0.0588735 -0.374722 0.547674 1.97267e+10
1.5 1.5 -1 0.0587258 -0.370761 0.550311 1.68754e+10
2.5 -1.5 -1 0.00727996 -0.1667 0.395534 5.48401e+09
2 -1 -1 -0.011315 -0.201867 0.437307 8.06953e+09
2.5 -0.5 -1 0.058088 -0.210847 0.452596 7.16949e+09
2 0 -1 0.0388554 -0.253223 0.490168 1.02522e+10
2.5 0.5 -1 0.110242 -0.252686 0.499329 9.22662e+09
2 1 -1 0.0941061 -0.302723 0.529762 1.2687e+10
2.5 1.5 -1 0.172933 -0.279736 0.533123 1.17139e+10
-2.25 -1.25 -0.75 -0.662517 0.308944 0.464037 5.1796e+10
-2.25 -0.25 -0.75 -0.619153 0.261403 0.566348 6.10215e+10
-2.25 0.75 -0.75 -0.562382 0.185723 0.63943 4.90033e+10
-1.25 -1.25 -0.75 -0.615212 0.352495 0.457435 3.15996e+10
-1.75 -0.75 -0.75 -0.615566 0.311533 0.515936 4.54724e+10
-1.25 -0.25 -0.75 -0.559692 0.305863 0.563543 3.71576e+10
-1.75 0.25 -0.75 -0.560526 0.253384 0.6124 4.76205e+10
-1.25 0.75 -0.75 -0.503074 0.236233 0.652704 3.63291e+10
-1.75 1.25 -0.75 -0.489695 0.16291 0.667733 3.35358e+10
-0.25 -1.25 -0.75 -0.567328 0.383122 0.44233 1.80979e+10
-0.75 -0.75 -0.75 -0.562264 0.349939 0.504946 2.64378e+10
-0.25 -0.25 -0.75 -0.510201 0.337338 0.54917 2.15752e+10
-0.75 0.25 -0.75 -0.507129 0.290631 0.607237 2.97226e+10
-0.25 0.75 -0.75 -0.45236 0.271902 0.643445 2.33327e+10
-0.75 1.25 -0.75 -0.449302 0.208363 0.683996 2.6865e+10
0.75 -1.25 -0.75 -0.5252 0.40063 0.423019 1.02196e+10
0.25 -0.75 -0.75 -0.517408 0.373123 0.48666 1.50266e+10
0.75 -0.25 -0.75 -0.466008 0.357486 0.525657 1.23076e+10
0.25 0.25 -0.75 -0.456521 0.319396 0.586993 1.73277e+10
0.75 0.75 -0.75 -0.4001 0.300157 0.618205 1.38831e+10
0.25 1.25 -0.75 -0.388832 0.254259 0.672148 1.80961e+10
1.75 -1.25 -0.75 -0.486882 0.410229 0.400138 5.78268e+09
1.25 -0.75 -0.75 -0.476604 0.386946 0.462818 8.50842e+09
1.75 -0.25 -0.75 -0.427491 0.369995 0.497033 7.09692e+09
1.25 0.25 -0.75 -0.413086 0.339393 0.558515 1.00816e+10
1.75 0.75 -0.75 -0.364787 0.320603 0.584105 8.44927e+09
1.25 1.25 -0.75 -0.346988 0.281466 0.641925 1.13827e+10
2.25 -0.75 -0.75 -0.441494 0.394655 0.435412 4.89669e+09
2.25 0.25 -0.75 -0.38359 0.351672 0.524169 6.05235e+09
2.25 1.25 -0.75 -0.329014 0.304997 0.601178 7.41861e+09
-2.5 -1 -0.5 -0.658083 0.085114 0.493478 1.99609e+11
-2.5 0 -0.5 -0.663129 0.0106212 0.551694 2.45983e+11
-2.5 1 -0.5 -0.615163 -0.111614 0.560663 1.94086e+11
-2 -1.5 -0.5 -0.626158 0.1411 0.461467 1.33236e+11
-1.5 -1 -0.5 -0.58177 0.142176 0.504725 1.16911e+11
-2 -0.5 -0.5 -0.617732 0.0802781 0.536466 1.72434e+11
-1.5 0 -0.5 -0.568493 0.0627974 0.573597 1.39404e+11
-2 0.5 -0.5 -0.622948 -0.0169097 0.582882 1.94269e+11
-1.5 1 -0.5 -0.588485 -0.0558545 0.608324 1.50906e+11
-2 1.5 -0.5 -0.517973 -0.1758 0.56727 1.29442e+11
-1 -1.5 -0.5 -0.556768 0.193227 0.463252 7.80763e+10
-0.5 -1 -0.5 -0.502887 0.188349 0.502989 6.59549e+10
-1 -0.5 -0.5 -0.528126 0.132292 0.544092 9.67367e+10
-0.5 0 -0.5 -0.472982 0.114072 0.579017 7.80384e+10
-1 0.5 -0.5 -0.51959 0.0353157 0.605071 1.09879e+11
-0.5 1 -0.5 -0.461853 0.00532106 0.628762 8.42837e+10
-1 1.5 -0.5 -0.522613 -0.10362 0.621694 1.0693e+11
0 -1.5 -0.5 -0.487959 0.231342 0.455676 4.43378e+10
0.5 -1 -0.5 -0.433672 0.221712 0.492423 3.72124e+10
0 -0.5 -0.5 -0.446979 0.175407 0.539255 5.43585e+10
0.5 0 -0.5 -0.386785 0.159939 0.56995 4.4183e+10
0 0.5 -0.5 -0.411108 0.0940233 0.607368 6.1768e+10
0.5 1 -0.5 -0.339587 0.0742284 0.629075 4.88521e+10
0 1.5 -0.5 -0.390648 -0.0272503 0.644778 6.40062e+10
1 -1.5 -0.5 -0.427438 0.256653 0.442072 2.51107e+10
1.5 -1 -0.5 -0.374216 0.244878 0.475076 2.11942e+10
1 -0.5 -0.5 -0.376814 0.208514 0.524492 3.08848e+10
1.5 0 -0.5 -0.318129 0.193576 0.551261 2.57396e+10
1 0.5 -0.5 -0.321794 0.143994 0.594768 3.60158e+10
1.5 1 -0.5 -0.25811 0.130808 0.613129 3.01063e+10
1 1.5 -0.5 -0.26301 0.0606979 0.643933 3.96086e+10
2 -1.5 -0.5 -0.375504 0.272719 0.423784 1.43453e+10
2.5 -1 -0.5 -0.32697 0.258893 0.453111 1.23388e+10
2 -0.5 -0.5 -0.320973 0.230453 0.503277 1.79716e+10
2.5 0 -0.5 -0.273079 0.215689 0.525515 1.55821e+10
2 0.5 -0.5 -0.263475 0.179423 0.571849 2.19683e+10
2.5 1 -0.5 -0.219602 0.170695 0.585508 1.95679e+10
2 1.5 -0.5 -0.203782 0.125676 0.624871 2.6403e+10
-2.25 -0.75 -0.25 -0.670916 0.0640871 0.481828 5.73917e+10
-2.25 0.25 -0.25 -0.65074 0.021857 0.56666 6.7203e+10
-2.25 1.25 -0.25 -0.568926 -0.0028323 0.618982 5.13698e+10
-1.75 -1.25 -0.25 -0.641292 0.111365 0.432474 3.8193e+10
-1.25 -0.75 -0.25 -0.589647 0.118848 0.479548 3.27724e+10
-1.75 -0.25 -0.25 -0.620915 0.069348 0.529553 4.83515e+10
-1.25 0.25 -0.25 -0.568938 0.0614193 0.571725 3.92212e+10
-1.75 0.75 -0.25 -0.607184 0.00124701 0.603272 5.1884e+10
-1.25 1.25 -0.25 -0.553843 -0.00808488 0.638466 4.0909e+10
-0.75 -1.25 -0.25 -0.563825 0.161546 0.423313 2.17965e+10
-0.25 -0.75 -0.25 -0.50634 0.157295 0.467541 1.82259e+10
-0.75 -0.25 -0.25 -0.533364 0.112647 0.523394 2.69731e+10
-0.25 0.25 -0.25 -0.474959 0.102314 0.562336 2.18993e+10
-0.75 0.75 -0.25 -0.516856 0.0509138 0.609975 3.15273e+10
-0.25 1.25 -0.25 -0.445573 0.0434393 0.637302 2.41753e+10
0.25 -1.25 -0.25 -0.486672 0.194177 0.408843 1.22034e+10
0.75 -0.75 -0.25 -0.428245 0.186636 0.449668 1.02231e+10
0.25 -0.25 -0.25 -0.446848 0.14905 0.507552 1.505e+10
0.75 0.25 -0.25 -0.378876 0.139881 0.5409 1.22741e+10
0.25 0.75 -0.25 -0.403907 0.0926338 0.592919 1.74114e+10
0.75 1.25 -0.25 -0.330545 0.0834289 0.617918 1.40593e+10
1.25 -1.25 -0.25 -0.415779 0.216956 0.390629 6.87908e+09
1.75 -0.75 -0.25 -0.356012 0.206478 0.427432 5.80784e+09
1.25 -0.25 -0.25 -0.364233 0.176593 0.484978 8.49747e+09
1.75 0.25 -0.25 -0.300207 0.164739 0.514331 7.1534e+09
1.25 0.75 -0.25 -0.309086 0.129205 0.568186 1.01329e+10
1.75 1.25 -0.25 -0.244152 0.124239 0.587312 8.69067e+09
2.25 -1.25 -0.25 -0.351904 0.231112 0.369263 3.92961e+09
2.25 -0.25 -0.25 -0.297613 0.19371 0.458439 4.96602e+09
2.25 0.75 -0.25 -0.243538 0.156341 0.53559 6.23514e+09
-2.5 -1.5 0 -0.724434 0.324883 0.452373 1.81441e+11
-2.5 -0.5 0 -0.693567 0.270465 0.53746 2.29202e+11
-2.5 0.5 0 -0.663298 0.169725 0.589483 2.31023e+11
-2.5 1.5 0 -0.54164 -0.0797868 0.562091 1.79323e+11
-1.5 -1.5 0 -0.682861 0.384413 0.457125 1.15464e+11
-2 -1 0 -0.685635 0.334251 0.502466 1.66708e+11
-1.5 -0.5 0 -0.637969 0.342121 0.548107 1.40504e+11
-2 0 0 -0.645016 0.272855 0.581025 1.87886e+11
-1.5 0.5 0 -0.598502 0.26434 0.618343 1.47265e+11
-2 1 0 -0.615342 0.140298 0.616979 1.7696e+11
-1.5 1.5 0 -0.566836 0.048151 0.627432 1.38691e+11
-0.5 -1.5 0 -0.641919 0.434562 0.450802 6.77368e+10
-1 -1 0 -0.638012 0.394464 0.502702 9.92384e+10
-0.5 -0.5 0 -0.591714 0.395975 0.545562 8.13743e+10
-1 0 0 -0.590092 0.340078 0.589473 1.12718e+11
-0.5 0.5 0 -0.54425 0.330951 0.626172 8.91015e+10
-1 1 0 -0.553022 0.243816 0.649485 1.12455e+11
-0.5 1.5 0 -0.499863 0.223636 0.671715 8.4457e+10
0.5 -1.5 0 -0.607499 0.47048 0.438622 3.83313e+10
0 -1 0 -0.598593 0.438234 0.493926 5.65239e+10
0.5 -0.5 0 -0.556612 0.435839 0.533692 4.63818e+10
0 0 0 -0.547368 0.391201 0.584323 6.5717e+10
0.5 0.5 0 -0.498867 0.387696 0.6168 5.22689e+10
0 1 0 -0.490986 0.325867 0.655457 6.89412e+10
0.5 1.5 0 -0.439647 0.316229 0.679387 5.42011e+10
1.5 -1.5 0 -0.58032 0.495872 0.422415 2.15563e+10
1 -1 0 -0.568279 0.469778 0.478953 3.18875e+10
1.5 -0.5 0 -0.52831 0.466452 0.514871 2.63134e+10
1 0 0 -0.512602 0.432327 0.568196 3.76498e+10
1.5 0.5 0 -0.471505 0.42504 0.597412 3.09179e+10
1 1 0 -0.452946 0.38018 0.643951 4.20991e+10
1.5 1.5 0 -0.414206 0.372856 0.66372 3.52822e+10
2.5 -1.5 0 -0.558603 0.514036 0.402939 1.22144e+10
2 -1 0 -0.543977 0.493091 0.459342 1.80426e+10
2.5 -0.5 0 -0.510832 0.486566 0.491266 1.52751e+10
2 0 0 -0.491445 0.459404 0.545622 2.19635e+10
2.5 0.5 0 -0.462894 0.450179 0.568954 1.89692e+10
2 1 0 -0.438722 0.416274 0.619182 2.63419e+10
2.5 1.5 0 -0.417727 0.409256 0.632416 2.37104e+10
-2.25 -1.25 0.25 -0.601011 -0.108724 0.444196 1.92555e+10
-2.25 -0.25 0.25 -0.617807 -0.122867 0.499289 2.57257e+10
-2.25 0.75 0.25 -0.642624 -0.122422 0.532013 3.22429e+10
-1.25 -1.25 0.25 -0.507644 -0.0398658 0.447376 1.12574e+10
-1.75 -0.75 0.25 -0.558096 -0.0879472 0.480969 1.70198e+10
-1.25 -0.25 0.25 -0.505044 -0.0897375 0.516892 1.42581e+10
-1.75 0.25 0.25 -0.585039 -0.119217 0.534214 2.2048e+10
-1.25 0.75 0.25 -0.523452 -0.122235 0.559861 1.74288e+10
-1.75 1.25 0.25 -0.606986 -0.125398 0.55441 2.67271e+10
-0.25 -1.25 0.25 -0.406373 0.0117057 0.443604 6.39163e+09
-0.75 -0.75 0.25 -0.446841 -0.0387146 0.485315 9.51781e+09
-0.25 -0.25 0.25 -0.382467 -0.047856 0.51951 7.83762e+09
-0.75 0.25 0.25 -0.443299 -0.0997816 0.547406 1.15034e+10
-0.25 0.75 0.25 -0.387795 -0.0848954 0.572006 9.48865e+09
-0.75 1.25 0.25 -0.476747 -0.104288 0.581927 1.44154e+10
0.75 -1.25 0.25 -0.314723 0.0509411 0.433924 3.63841e+09
0.25 -0.75 0.25 -0.34122 0.00520201 0.480236 5.35454e+09
0.75 -0.25 0.25 -0.275154 0.00238523 0.511927 4.46204e+09
0.25 0.25 0.25 -0.317669 -0.0452041 0.547861 6.45816e+09
0.75 0.75 0.25 -0.239945 -0.0525754 0.572107 5.26878e+09
0.25 1.25 0.25 -0.314781 -0.0912188 0.592724 7.66553e+09
1.75 -1.25 0.25 -0.236542 0.0822079 0.419376 2.09666e+09
1.25 -0.75 0.25 -0.250503 0.0455876 0.468137 3.0719e+09
1.75 -0.25 0.25 -0.184414 0.0356172 0.497922 2.60022e+09
1.25 0.25 0.25 -0.202789 -0.00636971 0.539311 3.71311e+09
1.75 0.75 0.25 -0.136363 -0.0112235 0.560362 3.18234e+09
1.25 1.25 0.25 -0.163187 -0.0534244 0.590546 4.43026e+09
2.25 -0.75 0.25 -0.176487 0.0710732 0.45107 1.79983e+09
2.25 0.25 0.25 -0.126109 0.0263918 0.521233 2.25913e+09
2.25 1.25 0.25 -0.0798452 -0.00807188 0.573865 2.84515e+09
-2.5 -1 0.5 -0.712913 0.224117 0.494469 1.05208e+11
-2.5 0 0.5 -0.690168 0.162339 0.541037 1.26262e+11
-2.5 1 0.5 -0.666481 -0.00980598 0.545964 1.55863e+11
-2 -1.5 0.5 -0.7019 0.2854 0.469334 7.50979e+10
-1.5 -1 0.5 -0.658721 0.300734 0.512057 6.62959e+10
-2 -0.5 0.5 -0.670942 0.23737 0.535493 9.23094e+10
-1.5 0 0.5 -0.623401 0.238041 0.571668 7.45341e+10
-2 0.5 0.5 -0.646607 0.148911 0.570316 1.007e+11
-1.5 1 0.5 -0.599187 0.122863 0.592268 7.84487e+10
-2 1.5 0.5 -0.571055 -0.0986733 0.546693 1.16159e+11
-1 -1.5 0.5 -0.652995 0.352503 0.47546 4.61202e+10
-0.5 -1 0.5 -0.60568 0.362157 0.51615 3.86855e+10
-1 -0.5 0.5 -0.610081 0.307577 0.551534 5.46044e+10
-0.5 0 0.5 -0.560376 0.306551 0.586713 4.3475e+10
-1 0.5 0.5 -0.573281 0.229542 0.601957 5.78888e+10
-0.5 1 0.5 -0.523644 0.230452 0.630501 4.76043e+10
-1 1.5 0.5 -0.550499 0.127718 0.624204 6.75408e+10
0 -1.5 0.5 -0.606736 0.404877 0.471653 2.66559e+10
0.5 -1 0.5 -0.561963 0.408282 0.510213 2.20501e+10
0 -0.5 0.5 -0.558275 0.363863 0.553606 3.14702e+10
0.5 0 0.5 -0.510966 0.363871 0.586463 2.54816e+10
0 0.5 0.5 -0.510963 0.307016 0.617167 3.49323e+10
0.5 1 0.5 -0.456413 0.301575 0.642275 2.75181e+10
0 1.5 0.5 -0.465607 0.219583 0.651285 3.70231e+10
1 -1.5 0.5 -0.568586 0.442899 0.461135 1.51028e+10
1.5 -1 0.5 -0.527145 0.443068 0.496987 1.2537e+10
1 -0.5 0.5 -0.517447 0.408206 0.544818 1.80723e+10
1.5 0 0.5 -0.472625 0.404486 0.574851 1.47856e+10
1 0.5 0.5 -0.461158 0.360286 0.614472 2.04774e+10
1.5 1 0.5 -0.416613 0.354044 0.636686 1.69336e+10
1 1.5 0.5 -0.402579 0.295959 0.662004 2.23172e+10
2 -1.5 0.5 -0.537992 0.470525 0.44575 8.55795e+09
2.5 -1 0.5 -0.50156 0.466729 0.478518 7.20912e+09
2 -0.5 0.5 -0.486785 0.439148 0.528563 1.04172e+10
2.5 0 0.5 -0.452917 0.431298 0.554313 8.86546e+09
2 0.5 0.5 -0.434108 0.397206 0.599019 1.24165e+10
2.5 1 0.5 -0.406 0.38981 0.615559 1.09154e+10
2 1.5 0.5 -0.381645 0.349682 0.651406 1.47153e+10
-2.25 -0.75 0.75 -0.563844 -0.187772 0.486199 1.31286e+10
-2.25 0.25 0.75 -0.605272 -0.199579 0.486989 1.75715e+10
-2.25 1.25 0.75 -0.628159 -0.189957 0.488034 3.84259e+10
-1.75 -1.25 0.75 -0.498032 -0.134753 0.491155 8.68916e+09
-1.25 -0.75 0.75 -0.43905 -0.124003 0.518558 7.43103e+09
-1.75 -0.25 0.75 -0.515609 -0.177223 0.509551 1.11387e+10
-1.25 0.25 0.75 -0.481988 -0.157542 0.523431 9.61636e+09
-1.75 0.75 0.75 -0.588657 -0.184391 0.503727 1.56903e+10
-1.25 1.25 0.75 -0.562099 -0.201549 0.526365 1.38643e+10
-0.75 -1.25 0.75 -0.386946 -0.0615403 0.506887 5.03017e+09
-0.25 -0.75 0.75 -0.321555 -0.0610184 0.533852 4.25108e+09
-0.75 -0.25 0.75 -0.383708 -0.119464 0.539032 6.25914e+09
-0.25 0.25 0.75 -0.332662 -0.125201 0.559134 5.19751e+09
-0.75 0.75 0.75 -0.457911 -0.168004 0.545134 8.25655e+09
-0.25 1.25 0.75 -0.369993 -0.174613 0.565712 6.62256e+09
0.25 -1.25 0.75 -0.285963 -0.00203288 0.51049 2.91125e+09
0.75 -0.75 0.75 -0.221017 -0.00729442 0.538504 2.45312e+09
0.25 -0.25 0.75 -0.25965 -0.0667077 0.55813 3.54395e+09
0.75 0.25 0.75 -0.18872 -0.0676854 0.579632 2.93986e+09
0.25 0.75 0.75 -0.256362 -0.124057 0.57795 4.24563e+09
0.75 1.25 0.75 -0.178017 -0.119342 0.591995 3.52035e+09
1.25 -1.25 0.75 -0.202193 0.0444301 0.505861 1.69151e+09
1.75 -0.75 0.75 -0.140116 0.0364962 0.53291 1.44051e+09
1.25 -0.25 0.75 -0.154463 -0.0124338 0.562955 2.06282e+09
1.75 0.25 0.75 -0.0925418 -0.02251 0.582744 1.76042e+09
1.25 0.75 0.75 -0.118982 -0.0727912 0.596686 2.4731e+09
1.75 1.25 0.75 -0.0655197 -0.0626222 0.606825 2.19026e+09
2.25 -1.25 0.75 -0.13676 0.0778765 0.494175 9.96064e+08
2.25 -0.25 0.75 -0.0851431 0.0230187 0.555162 1.24461e+09
2.25 0.75 0.75 -0.0452342 -0.0268285 0.595718 1.56231e+09
-2.5 -1.5 1 -0.729464 0.177472 0.470967 4.83162e+10
-2.5 -0.5 1 -0.714374 0.132907 0.50477 6.17008e+10
-2.5 0.5 1 -0.687268 0.0641288 0.517493 7.38355e+10
-2.5 1.5 1 -0.593975 -0.0881702 0.508502 1.13768e+11
-1.5 -1.5 1 -0.67555 0.261695 0.496092 3.14654e+10
-2 -1 1 -0.69115 0.20053 0.508929 4.41884e+10
-1.5 -0.5 1 -0.642425 0.217512 0.543324 3.70052e+10
-2 0 1 -0.666349 0.146221 0.536237 5.15382e+10
-1.5 0.5 1 -0.621651 0.154361 0.562568 4.3678e+10
-2 1 1 -0.646969 0.0667699 0.548331 6.68042e+10
-1.5 1.5 1 -0.590147 0.0400707 0.567892 5.61053e+10
-0.5 -1.5 1 -0.618732 0.332729 0.506978 1.88449e+10
-1 -1 1 -0.626681 0.27996 0.532862 2.66986e+10
-0.5 -0.5 1 -0.576517 0.289899 0.565327 2.17489e+10
-1 0 1 -0.594111 0.225848 0.571743 3.00056e+10
-0.5 0.5 1 -0.548895 0.222736 0.598825 2.43358e+10
-1 1 1 -0.58327 0.140645 0.58695 3.57611e+10
-0.5 1.5 1 -0.506804 0.13569 0.608452 2.74999e+10
0.5 -1.5 1 -0.568571 0.387501 0.506801 1.08878e+10
0 -1 1 -0.569246 0.343479 0.541949 1.55656e+10
0.5 -0.5 1 -0.520737 0.347293 0.573736 1.26517e+10
0 0 1 -0.527745 0.291913 0.594818 1.75219e+10
0.5 0.5 1 -0.471656 0.295738 0.620687 1.40074e+10
0 1 1 -0.485688 0.227537 0.623407 1.9398e+10
0.5 1.5 1 -0.415921 0.225951 0.640871 1.53912e+10
1.5 -1.5 1 -0.527523 0.428126 0.49897 6.22316e+09
1 -1 1 -0.521888 0.392035 0.540276 8.95977e+09
1.5 -0.5 1 -0.475238 0.39286 0.570018 7.34252e+09
1 0 1 -0.469744 0.349489 0.601637 1.02316e+10
1.5 0.5 1 -0.420804 0.346498 0.624719 8.36343e+09
1 1 1 -0.41397 0.294528 0.641315 1.12617e+10
1.5 1.5 1 -0.369164 0.296763 0.655986 9.67652e+09
2.5 -1.5 1 -0.496132 0.456857 0.485341 3.57743e+09
2 -1 1 -0.484773 0.428185 0.530223 5.16691e+09
2.5 -0.5 1 -0.446889 0.422689 0.556931 4.34475e+09
2 0 1 -0.432475 0.388315 0.595091 6.09168e+09
2.5 0.5 1 -0.400201 0.380966 0.613794 5.25863e+09
2 1 1 -0.383013 0.342589 0.641433 7.17535e+09
2.5 1.5 1 -0.355889 0.338572 0.651925 6.46667e+09
-2.25 -1.25 1.25 -0.514138 -0.201194 0.523492 6.51707e+09
-2.25 -0.25 1.25 -0.547364 -0.247857 0.495664 8.50488e+09
-2.25 0.75 1.25 -0.611017 -0.270875 0.450594 1.32483e+10
-1.25 -1.25 1.25 -0.403043 -0.103853 0.563675 3.90786e+09
-1.75 -0.75 1.25 -0.461666 -0.18178 0.540979 5.66113e+09
-1.25 -0.25 1.25 -0.417812 -0.172827 0.549369 4.91161e+09
-1.75 0.25 1.25 -0.53463 -0.241665 0.504578 7.89757e+09
-1.25 0.75 1.25 -0.480397 -0.255525 0.520929 6.86464e+09
-1.75 1.25 1.25 -0.604796 -0.248281 0.475251 1.26436e+10
-0.25 -1.25 1.25 -0.298644 -0.0202613 0.585496 2.33488e+09
-0.75 -0.75 1.25 -0.339723 -0.0963424 0.580902 3.34515e+09
-0.25 -0.25 1.25 -0.276368 -0.103289 0.597127 2.80952e+09
-0.75 0.25 1.25 -0.367359 -0.186824 0.562921 4.16657e+09
-0.25 0.75 1.25 -0.304621 -0.193823 0.574763 3.42242e+09
-0.75 1.25 1.25 -0.415936 -0.231068 0.530013 5.58864e+09
0.75 -1.25 1.25 -0.208879 0.0447666 0.59452 1.38585e+09
0.25 -0.75 1.25 -0.228813 -0.0240054 0.607317 1.97188e+09
0.75 -0.25 1.25 -0.160889 -0.031555 0.625768 1.64775e+09
0.25 0.25 1.25 -0.209306 -0.110152 0.611533 2.32088e+09
0.75 0.75 1.25 -0.139706 -0.104321 0.620919 1.95758e+09
0.25 1.25 1.25 -0.233949 -0.169072 0.582358 2.93266e+09
1.75 -1.25 1.25 -0.140411 0.0933065 0.591655 8.253e+08
1.25 -0.75 1.25 -0.14263 0.036742 0.616765 1.17249e+09
1.75 -0.25 1.25 -0.082574 0.0247157 0.634343 1.00118e+09
1.25 0.25 1.25 -0.0955704 -0.0378336 0.639497 1.39431e+09
1.75 0.75 1.25 -0.044454 -0.0488373 0.648383 1.21422e+09
1.25 1.25 1.25 -0.0844452 -0.107693 0.627505 1.70226e+09
2.25 -0.75 1.25 -0.0855232 0.0782888 0.612382 7.11723e+08
2.25 0.25 1.25 -0.0368996 0.00730024 0.646484 8.76746e+08
2.25 1.25 1.25 -0.000693023 -0.0503919 0.653919 1.09949e+09
-2.5 -1 1.5 -0.734237 0.100202 0.485945 2.96853e+10
-2.5 0 1.5 -0.713191 0.0665131 0.494235 3.68534e+10
-2.5 1 1.5 -0.662941 0.0018598 0.503561 5.30383e+10
-2 -1.5 1.5 -0.711099 0.165049 0.498499 2.14282e+10
-1.5 -1 1.5 -0.664793 0.195516 0.531357 1.85908e+10
-2 -0.5 1.5 -0.689751 0.132135 0.517387 2.58573e+10
-1.5 0 1.5 -0.646535 0.155071 0.543352 2.22722e+10
-2 0.5 1.5 -0.673753 0.0849188 0.522248 3.31198e+10
-1.5 1 1.5 -0.613719 0.080501 0.545107 2.67334e+10
-2 1.5 1.5 -0.614539 -0.0933341 0.507272 5.15703e+10
-1 -1.5 1.5 -0.647352 0.25438 0.529107 1.34403e+10
-0.5 -1 1.5 -0.5967 0.27567 0.56 1.11965e+10
-1 -0.5 1.5 -0.616798 0.217534 0.558923 1.55045e+10
-0.5 0 1.5 -0.566624 0.227778 0.584969 1.25918e+10
-1 0.5 1.5 -0.596305 0.161448 0.568424 1.82491e+10
-0.5 1 1.5 -0.531744 0.161929 0.589793 1.43208e+10
-1 1.5 1.5 -0.544962 0.0678937 0.561689 2.17493e+10
0 -1.5 1.5 -0.586418 0.327125 0.544593 8.03177e+09
0.5 -1 1.5 -0.535057 0.339333 0.575257 6.57314e+09
0 -0.5 1.5 -0.545057 0.287586 0.588337 9.07787e+09
0.5 0 1.5 -0.490189 0.295274 0.61399 7.27149e+09
0 0.5 1.5 -0.508054 0.23514 0.608932 1.00248e+10
0.5 1 1.5 -0.444151 0.248697 0.628634 8.19153e+09
0 1.5 1.5 -0.46186 0.183508 0.610218 1.21971e+10
1 -1.5 1.5 -0.533207 0.383373 0.548937 4.68145e+09
1.5 -1 1.5 -0.484484 0.389132 0.578365 3.83813e+09
1 -0.5 1.5 -0.483254 0.346062 0.602899 5.32163e+09
1.5 0 1.5 -0.432415 0.349109 0.62649 4.34187e+09
1 0.5 1.5 -0.433117 0.302675 0.63538 5.89305e+09
1.5 1 1.5 -0.386462 0.301705 0.652168 4.95211e+09
1 1.5 1.5 -0.394486 0.249822 0.645063 7.00977e+09
2 -1.5 1.5 -0.490832 0.425299 0.544423 2.71689e+09
2.5 -1 1.5 -0.449612 0.423999 0.57164 2.26873e+09
2 -0.5 1.5 -0.438827 0.389426 0.603942 3.16649e+09
2.5 0 1.5 -0.402355 0.383292 0.624496 2.68356e+09
2 0.5 1.5 -0.390901 0.345366 0.645127 3.6523e+09
2.5 1 1.5 -0.360177 0.340792 0.658101 3.22465e+09
2 1.5 1.5 -0.347237 0.303459 0.664141 4.37977e+09
