449
-2.5 -1 -1.5 -0.288041 0.0442076 0.886379 8.34867e+08
-2.5 0 -1.5 -0.357122 0.0862715 0.80781 9.76735e+08
-2.5 1 -1.5 -0.398319 0.137425 0.717702 1.21022e+09
-2 -1.5 -1.5 -0.229915 -0.0262058 0.918789 7.72773e+08
-1.5 -1 -1.5 -0.255835 -0.0561345 0.882578 8.00677e+08
-2 -0.5 -1.5 -0.311089 0.0152271 0.851526 8.68031e+08
-1.5 0 -1.5 -0.326794 -0.00971261 0.810282 9.10368e+08
-2 0.5 -1.5 -0.368676 0.0632729 0.768866 1.03092e+09
-1.5 1 -1.5 -0.371287 0.0438044 0.725167 1.09909e+09
-2 1.5 -1.5 -0.395195 0.121359 0.677009 1.30336e+09
-1 -1.5 -1.5 -0.193544 -0.126329 0.898709 7.6849e+08
-0.5 -1 -1.5 -0.215741 -0.150683 0.85467 8.0088e+08
-1 -0.5 -1.5 -0.275081 -0.0814976 0.839535 8.36182e+08
-0.5 0 -1.5 -0.286946 -0.102115 0.790705 8.8037e+08
-1 0.5 -1.5 -0.334315 -0.0305726 0.763708 9.63291e+08
-0.5 1 -1.5 -0.333162 -0.0475868 0.712741 1.02923e+09
-1 1.5 -1.5 -0.364379 0.0275956 0.677612 1.18477e+09
0 -1.5 -1.5 -0.150683 -0.215741 0.85467 8.0088e+08
0.5 -1 -1.5 -0.169456 -0.231438 0.804585 8.41101e+08
0 -0.5 -1.5 -0.231438 -0.169456 0.804585 8.41101e+08
0.5 0 -1.5 -0.240396 -0.182618 0.74938 8.90732e+08
0 0.5 -1.5 -0.291041 -0.11813 0.737026 9.35079e+08
0.5 1 -1.5 -0.287323 -0.130049 0.679346 1.00308e+09
0 1.5 -1.5 -0.323225 -0.061284 0.658226 1.11201e+09
1 -1.5 -1.5 -0.102115 -0.286946 0.790705 8.8037e+08
1.5 -1 -1.5 -0.11813 -0.291041 0.737026 9.35079e+08
1 -0.5 -1.5 -0.182618 -0.240396 0.74938 8.90732e+08
1.5 0 -1.5 -0.190512 -0.242727 0.689877 9.52057e+08
1 0.5 -1.5 -0.242727 -0.190512 0.689877 9.52057e+08
1.5 1 -1.5 -0.239121 -0.193959 0.626983 1.02827e+09
1 1.5 -1.5 -0.276431 -0.138691 0.618606 1.0885e+09
2 -1.5 -1.5 -0.0475868 -0.333162 0.712741 1.02923e+09
2.5 -1 -1.5 -0.061284 -0.323225 0.658226 1.11201e+09
2 -0.5 -1.5 -0.130049 -0.287323 0.679346 1.00308e+09
2.5 0 -1.5 -0.138691 -0.276431 0.618606 1.0885e+09
2 0.5 -1.5 -0.193959 -0.239121 0.626983 1.02827e+09
2.5 1 -1.5 -0.194234 -0.231171 0.561756 1.12308e+09
2 1.5 -1.5 -0.231171 -0.194234 0.561756 1.12308e+09
-2.25 -0.75 -1.25 0.328084 0.15349 0.849949 3.75161e+08
-2.25 0.25 -1.25 0.406801 0.166464 0.779805 4.52023e+08
-2.25 1.25 -1.25 0.477537 0.171165 0.70515 5.82699e+08
-1.75 -1.25 -1.25 0.29793 0.190417 0.864454 3.5144e+08
-1.25 -0.75 -1.25 0.351175 0.242063 0.811107 3.79483e+08
-1.75 -0.25 -1.25 0.381417 0.203958 0.797965 4.07417e+08
-1.25 0.25 -1.25 0.430654 0.249131 0.73949 4.48372e+08
-1.75 0.75 -1.25 0.456455 0.209824 0.723854 5.02447e+08
-1.25 1.25 -1.25 0.502394 0.247491 0.663092 5.65589e+08
-0.75 -1.25 -1.25 0.31696 0.280101 0.818038 3.66017e+08
-0.25 -0.75 -1.25 0.365263 0.327636 0.756974 3.98654e+08
-0.75 -0.25 -1.25 0.400009 0.288582 0.750909 4.14772e+08
-0.25 0.25 -1.25 0.444481 0.329848 0.685101 4.5787e+08
-0.75 0.75 -1.25 0.475846 0.288807 0.675745 4.98934e+08
-0.25 1.25 -1.25 0.51715 0.323059 0.607037 5.60425e+08
0.25 -1.25 -1.25 0.327636 0.365263 0.756974 3.98654e+08
0.75 -0.75 -1.25 0.370202 0.408908 0.690113 4.38285e+08
0.25 -0.25 -1.25 0.408908 0.370202 0.690113 4.38285e+08
0.75 0.25 -1.25 0.448033 0.407895 0.617916 4.85489e+08
0.25 0.75 -1.25 0.484745 0.365937 0.614092 5.09593e+08
0.75 1.25 -1.25 0.520571 0.396691 0.537879 5.70964e+08
1.25 -1.25 -1.25 0.329848 0.444481 0.685101 4.5787e+08
1.75 -0.75 -1.25 0.365937 0.484745 0.614092 5.09593e+08
1.25 -0.25 -1.25 0.407895 0.448033 0.617916 4.85489e+08
1.75 0.25 -1.25 0.4405 0.482422 0.540476 5.40879e+08
1.25 0.75 -1.25 0.482422 0.4405 0.540476 5.40879e+08
1.75 1.25 -1.25 0.511195 0.467192 0.45819 6.0455e+08
2.25 -1.25 -1.25 0.323059 0.51715 0.607037 5.60425e+08
2.25 -0.25 -1.25 0.396691 0.520571 0.537879 5.70964e+08
2.25 0.75 -1.25 0.467192 0.511195 0.45819 6.0455e+08
-2.5 -1.5 -1 -0.262602 0.0208429 0.919104 2.33809e+09
-2.5 -0.5 -1 -0.349964 0.0591619 0.848533 2.65742e+09
-2.5 0.5 -1 -0.414594 0.104033 0.765286 3.18656e+09
-2.5 1.5 -1 -0.450793 0.159664 0.676786 4.05118e+09
-1.5 -1.5 -1 -0.230904 -0.0889807 0.910958 2.28017e+09
-2 -1 -1 -0.294432 -0.0147904 0.886697 2.41704e+09
-1.5 -0.5 -1 -0.320249 -0.0464927 0.847425 2.51956e+09
-2 0 -1 -0.372787 0.0286865 0.811551 2.78419e+09
-1.5 0.5 -1 -0.388465 0.00180938 0.769668 2.9428e+09
-2 1 -1 -0.426535 0.0792335 0.726852 3.39588e+09
-1.5 1.5 -1 -0.430634 0.0573348 0.685414 3.65477e+09
-0.5 -1.5 -1 -0.192071 -0.192071 0.877946 2.32105e+09
-1 -1 -1 -0.259266 -0.120583 0.870164 2.36959e+09
-0.5 -0.5 -1 -0.281331 -0.147271 0.82349 2.48056e+09
-1 0 -1 -0.339262 -0.0739719 0.802674 2.64718e+09
-0.5 0.5 -1 -0.351052 -0.0972325 0.753763 2.80283e+09
-1 1 -1 -0.396535 -0.0215211 0.724183 3.13735e+09
-0.5 1.5 -1 -0.396857 -0.0415244 0.676175 3.37435e+09
0.5 -1.5 -1 -0.147271 -0.281331 0.82349 2.48056e+09
0 -1 -1 -0.216817 -0.216817 0.830589 2.4268e+09
0.5 -0.5 -1 -0.235697 -0.235697 0.778524 2.55527e+09
0 0 -1 -0.296751 -0.16895 0.772257 2.61548e+09
0.5 0.5 -1 -0.305475 -0.185862 0.717623 2.77824e+09
0 1 -1 -0.355509 -0.116564 0.701832 2.99126e+09
0.5 1.5 -1 -0.352789 -0.132653 0.647887 3.21902e+09
1.5 -1.5 -1 -0.0972325 -0.351052 0.753763 2.80283e+09
1 -1 -1 -0.16895 -0.296751 0.772257 2.61548e+09
1.5 -0.5 -1 -0.185862 -0.305475 0.717623 2.77824e+09
1 0 -1 -0.248804 -0.248804 0.722909 2.7101e+09
1.5 0.5 -1 -0.25659 -0.25659 0.664767 2.89593e+09
1 1 -1 -0.307736 -0.198675 0.660609 2.97389e+09
1.5 1.5 -1 -0.304355 -0.208589 0.602297 3.20871e+09
2.5 -1.5 -1 -0.0415244 -0.396857 0.676175 3.37435e+09
2 -1 -1 -0.116564 -0.355509 0.701832 2.99126e+09
2.5 -0.5 -1 -0.132653 -0.352789 0.647887 3.21902e+09
2 0 -1 -0.198675 -0.307736 0.660609 2.97389e+09
2.5 0.5 -1 -0.208589 -0.304355 0.602297 3.20871e+09
2 1 -1 -0.260078 -0.260078 0.605174 3.11806e+09
2.5 1.5 -1 -0.260934 -0.260934 0.545168 3.37898e+09
-2.25 -1.25 -0.75 0.251344 0.142477 0.882163 1.20129e+09
-2.25 -0.25 -0.75 0.322236 0.162533 0.814134 1.40089e+09
-2.25 0.75 -0.75 0.384925 0.175589 0.740014 1.73489e+09
-1.25 -1.25 -0.75 0.277746 0.221224 0.842715 1.22655e+09
-1.75 -0.75 -0.75 0.302051 0.191643 0.83154 1.29021e+09
-1.25 -0.25 -0.75 0.348972 0.236167 0.77378 1.40406e+09
-1.75 0.25 -0.75 0.369234 0.205561 0.758835 1.53601e+09
-1.25 0.75 -0.75 0.412662 0.243375 0.698847 1.70396e+09
-1.75 1.25 -0.75 0.42882 0.211188 0.683946 1.94744e+09
-0.25 -1.25 -0.75 0.296636 0.296636 0.786825 1.30396e+09
-0.75 -0.75 -0.75 0.324475 0.266799 0.78346 1.32858e+09
-0.25 -0.25 -0.75 0.367039 0.307624 0.718688 1.45317e+09
-0.75 0.25 -0.75 0.392006 0.275686 0.710835 1.54401e+09
-0.25 0.75 -0.75 0.431292 0.310175 0.64369 1.71143e+09
-0.75 1.25 -0.75 0.452654 0.275959 0.635069 1.9074e+09
0.75 -1.25 -0.75 0.307624 0.367039 0.718688 1.45317e+09
0.25 -0.75 -0.75 0.338467 0.338467 0.721439 1.42363e+09
0.75 -0.25 -0.75 0.37591 0.37591 0.651458 1.56534e+09
0.25 0.25 -0.75 0.405564 0.343709 0.649422 1.6011e+09
0.75 0.75 -0.75 0.440152 0.375088 0.575814 1.77363e+09
0.25 1.25 -0.75 0.466927 0.339727 0.572384 1.90851e+09
1.75 -1.25 -0.75 0.310175 0.431292 0.64369 1.71143e+09
1.25 -0.75 -0.75 0.343709 0.405564 0.649422 1.6011e+09
1.75 -0.25 -0.75 0.375088 0.440152 0.575814 1.77363e+09
1.25 0.25 -0.75 0.409028 0.409028 0.577066 1.73007e+09
1.75 0.75 -0.75 0.437331 0.437331 0.498341 1.91776e+09
1.25 1.25 -0.75 0.470344 0.40122 0.497901 1.97118e+09
2.25 -0.75 -0.75 0.339727 0.466927 0.572384 1.90851e+09
2.25 0.25 -0.75 0.40122 0.470344 0.497901 1.97118e+09
2.25 1.25 -0.75 0.45959 0.45959 0.415871 2.12407e+09
-2.5 -1 -0.5 -0.131063 0.0654426 0.886569 5.65658e+09
-2.5 0 -0.5 -0.158783 0.0995116 0.811531 6.62085e+09
-2.5 1 -0.5 -0.168554 0.135783 0.729421 8.20916e+09
-2 -1.5 -0.5 -0.0953366 0.0243544 0.913927 5.27156e+09
-1.5 -1 -0.5 -0.096154 0.0186492 0.872777 5.51153e+09
-2 -0.5 -0.5 -0.129645 0.0590422 0.847178 5.93919e+09
-1.5 0 -0.5 -0.122705 0.0555256 0.801197 6.29927e+09
-2 0.5 -0.5 -0.14883 0.0953165 0.768642 7.07521e+09
-1.5 1 -0.5 -0.132766 0.0934832 0.721177 7.63867e+09
-2 1.5 -0.5 -0.148517 0.133218 0.686289 8.96426e+09
-1 -1.5 -0.5 -0.0596455 -0.0211367 0.886156 5.30551e+09
-0.5 -1 -0.5 -0.0579235 -0.0216475 0.836765 5.58347e+09
-1 -0.5 -0.5 -0.0919254 0.0163639 0.824566 5.81556e+09
-0.5 0 -0.5 -0.0825163 0.0175546 0.770757 6.1864e+09
-1 0.5 -0.5 -0.110099 0.0549282 0.750068 6.74142e+09
-0.5 1 -0.5 -0.0921218 0.0570948 0.694858 7.27271e+09
-1 1.5 -0.5 -0.110918 0.0939874 0.670094 8.32297e+09
0 -1.5 -0.5 -0.0216475 -0.0579235 0.836765 5.58347e+09
0.5 -1 -0.5 -0.0181116 -0.0515672 0.781525 5.92139e+09
0 -0.5 -0.5 -0.0515672 -0.0181116 0.781525 5.92139e+09
0.5 0 -0.5 -0.0408312 -0.0107849 0.721586 6.32338e+09
0 0.5 -0.5 -0.0681923 0.0219947 0.712476 6.62892e+09
0.5 1 -0.5 -0.0494905 0.0291719 0.650436 7.15077e+09
0 1.5 -0.5 -0.0693029 0.0617003 0.636164 7.90393e+09
1 -1.5 -0.5 0.0175546 -0.0825163 0.770757 6.1864e+09
1.5 -1 -0.5 0.0219947 -0.0681923 0.712476 6.62892e+09
1 -0.5 -0.5 -0.0107849 -0.0408312 0.721586 6.32338e+09
1.5 0 -0.5 -0.000248301 -0.0262761 0.657708 6.796e+09
1 0.5 -0.5 -0.0262761 -0.000248301 0.657708 6.796e+09
1.5 1 -0.5 -0.00893185 0.0123427 0.590572 7.34495e+09
1 1.5 -0.5 -0.0273314 0.0379561 0.585259 7.75932e+09
2 -1.5 -0.5 0.0570948 -0.0921218 0.694858 7.27271e+09
2.5 -1 -0.5 0.0617003 -0.0693029 0.636164 7.90393e+09
2 -0.5 -0.5 0.0291719 -0.0494905 0.650436 7.15077e+09
2.5 0 -0.5 0.0379561 -0.0273314 0.585259 7.75932e+09
2 0.5 -0.5 0.0123427 -0.00893185 0.590572 7.34495e+09
2.5 1 -0.5 0.0248999 0.00930406 0.521195 7.96996e+09
2 1.5 -0.5 0.00930406 0.0248999 0.521195 7.96996e+09
-2.25 -0.75 -0.25 0.218795 0.140615 0.847862 2.19476e+09
-2.25 0.25 -0.25 0.269046 0.161116 0.773658 2.6246e+09
-2.25 1.25 -0.25 0.314385 0.175101 0.698112 3.33778e+09
-1.75 -1.25 -0.25 0.206923 0.15771 0.864943 2.05878e+09
-1.25 -0.75 -0.25 0.248441 0.197058 0.809454 2.21322e+09
-1.75 -0.25 -0.25 0.260609 0.178666 0.794391 2.37263e+09
-1.25 0.25 -0.25 0.299951 0.212836 0.735447 2.59472e+09
-1.75 0.75 -0.25 0.308916 0.193303 0.718314 2.89763e+09
-1.25 1.25 -0.25 0.346324 0.221048 0.659696 3.2308e+09
-0.75 -1.25 -0.25 0.233036 0.215498 0.817421 2.13575e+09
-0.25 -0.75 -0.25 0.27101 0.252462 0.754739 2.31232e+09
-0.75 -0.25 -0.25 0.287204 0.232791 0.748025 2.40446e+09
-0.25 0.25 -0.25 0.322978 0.26456 0.682346 2.63263e+09
-0.75 0.75 -0.25 0.336565 0.242769 0.672687 2.8621e+09
-0.25 1.25 -0.25 0.370276 0.268397 0.606653 3.17584e+09
0.25 -1.25 -0.25 0.252462 0.27101 0.754739 2.31232e+09
0.75 -0.75 -0.25 0.285782 0.305685 0.68757 2.52202e+09
0.25 -0.25 -0.25 0.305685 0.285782 0.68757 2.52202e+09
0.75 0.25 -0.25 0.336928 0.315294 0.616611 2.76456e+09
0.25 0.75 -0.25 0.355637 0.292205 0.613065 2.8978e+09
0.75 1.25 -0.25 0.384904 0.315422 0.540137 3.2003e+09
1.25 -1.25 -0.25 0.26456 0.322978 0.682346 2.63263e+09
1.75 -0.75 -0.25 0.292205 0.355637 0.613065 2.8978e+09
1.25 -0.25 -0.25 0.315294 0.336928 0.616611 2.76456e+09
1.75 0.25 -0.25 0.34068 0.364471 0.541889 3.03965e+09
1.25 0.75 -0.25 0.364471 0.34068 0.541889 3.03965e+09
1.75 1.25 -0.25 0.387331 0.360809 0.463711 3.34281e+09
2.25 -1.25 -0.25 0.268397 0.370276 0.606653 3.17584e+09
2.25 -0.25 -0.25 0.315422 0.384904 0.540137 3.2003e+09
2.25 0.75 -0.25 0.360809 0.387331 0.463711 3.34281e+09
-2.5 -1.5 0 -0.0455929 0.0653248 0.917261 9.00883e+09
-2.5 -0.5 0 -0.0582895 0.0978672 0.848638 1.02687e+10
-2.5 0.5 0 -0.0590398 0.130385 0.769424 1.23679e+10
-2.5 1.5 0 -0.0434302 0.162407 0.687897 1.58258e+10
-1.5 -1.5 0 -0.0101253 0.0430641 0.89748 8.93529e+09
-2 -1 0 -0.035184 0.0704347 0.878454 9.42205e+09
-1.5 -0.5 0 -0.0207425 0.0777204 0.83174 9.95981e+09
-2 0 0 -0.0415838 0.103994 0.804341 1.09224e+10
-1.5 0.5 0 -0.0202464 0.111852 0.754394 1.17377e+10
-2 1 0 -0.0345981 0.136733 0.723277 1.34239e+10
-1.5 1.5 0 -0.0053219 0.144252 0.673297 1.47146e+10
-0.5 -1.5 0 0.0265457 0.0265457 0.855253 9.22965e+09
-1 -1 0 0.00225158 0.0517747 0.84924 9.40895e+09
-0.5 -0.5 0 0.0183457 0.0632081 0.794475 9.99076e+09
-1 0 0 -0.00211701 0.0872489 0.778853 1.06243e+10
-0.5 0.5 0 0.0204843 0.098916 0.721168 1.14169e+10
-1 1 0 0.00549197 0.121379 0.700105 1.27204e+10
-0.5 1.5 0 0.0350535 0.132584 0.642099 1.38793e+10
0.5 -1.5 0 0.0632081 0.0183457 0.794475 9.99076e+09
0 -1 0 0.0402031 0.0402031 0.799839 9.7851e+09
0.5 -0.5 0 0.0569184 0.0569184 0.739193 1.04418e+10
0 0 0 0.0379749 0.0772261 0.734595 1.06801e+10
0.5 0.5 0 0.0606365 0.0934782 0.670445 1.1479e+10
0 1 0 0.0465127 0.112523 0.659457 1.23412e+10
0.5 1.5 0 0.0751977 0.127642 0.594024 1.34034e+10
1.5 -1.5 0 0.098916 0.0204843 0.721168 1.14169e+10
1 -1 0 0.0772261 0.0379749 0.734595 1.06801e+10
1.5 -0.5 0 0.0934782 0.0606365 0.670445 1.1479e+10
1 0 0 0.0762469 0.0762469 0.674187 1.12011e+10
1.5 0.5 0 0.0974028 0.0974028 0.605289 1.20664e+10
1 1 0 0.0855263 0.11129 0.602457 1.2391e+10
1.5 1.5 0 0.111255 0.12918 0.531222 1.34085e+10
2.5 -1.5 0 0.132584 0.0350535 0.642099 1.38793e+10
2 -1 0 0.112523 0.0465127 0.659457 1.23412e+10
2.5 -0.5 0 0.127642 0.0751977 0.594024 1.34034e+10
2 0 0 0.11129 0.0855263 0.602457 1.2391e+10
2.5 0.5 0 0.12918 0.111255 0.531222 1.34085e+10
2 1 0 0.118901 0.118901 0.533124 1.303e+10
2.5 1.5 0 0.138224 0.138224 0.458835 1.40613e+10
-2.25 -1.25 0.25 0.137287 0.116996 0.882049 2.87846e+09
-2.25 -0.25 0.25 0.173721 0.143304 0.809918 3.33237e+09
-2.25 0.75 0.25 0.207252 0.165173 0.731844 4.08296e+09
-1.25 -1.25 0.25 0.169248 0.156543 0.845276 2.91978e+09
-1.75 -0.75 0.25 0.172921 0.149577 0.831456 3.07127e+09
-1.25 -0.25 0.25 0.207243 0.179673 0.774133 3.31447e+09
-1.75 0.25 0.25 0.208673 0.171781 0.755472 3.62285e+09
-1.25 0.75 0.25 0.242204 0.196967 0.697021 3.97675e+09
-1.75 1.25 0.25 0.241636 0.188138 0.677866 4.53253e+09
-0.25 -1.25 0.25 0.195952 0.195952 0.790398 3.07765e+09
-0.75 -0.75 0.25 0.202765 0.187944 0.786205 3.13616e+09
-0.25 -0.25 0.25 0.234264 0.216657 0.72225 3.39492e+09
-0.75 0.25 0.25 0.239876 0.206786 0.712269 3.60753e+09
-0.25 0.75 0.25 0.270315 0.230528 0.647141 3.94823e+09
-0.75 1.25 0.25 0.273714 0.218576 0.635747 4.39294e+09
0.75 -1.25 0.25 0.216657 0.234264 0.72225 3.39492e+09
0.25 -0.75 0.25 0.226113 0.226113 0.725745 3.32529e+09
0.75 -0.25 0.25 0.25347 0.25347 0.657425 3.61021e+09
0.25 0.25 0.25 0.263291 0.242248 0.654733 3.69344e+09
0.75 0.75 0.25 0.289415 0.264343 0.584024 4.02835e+09
0.25 1.25 0.25 0.298074 0.250664 0.579012 4.33354e+09
1.75 -1.25 0.25 0.230528 0.270315 0.647141 3.94823e+09
1.25 -0.75 0.25 0.242248 0.263291 0.654733 3.69344e+09
1.75 -0.25 0.25 0.264343 0.289415 0.584024 4.02835e+09
1.25 0.25 0.25 0.277615 0.277615 0.585835 3.92909e+09
1.75 0.75 0.25 0.297877 0.297877 0.511039 4.27658e+09
1.25 1.25 0.25 0.31196 0.282244 0.510166 4.39417e+09
2.25 -0.75 0.25 0.250664 0.298074 0.579012 4.33354e+09
2.25 0.25 0.25 0.282244 0.31196 0.510166 4.39417e+09
2.25 1.25 0.25 0.312694 0.312694 0.433696 4.6376e+09
-2.5 -1 0.5 -0.0138911 0.0931016 0.882393 1.3118e+10
-2.5 0 0.5 -0.0110151 0.126111 0.806527 1.53378e+10
-2.5 1 0.5 0.00392589 0.157462 0.724549 1.89854e+10
-2 -1.5 0.5 0.00635377 0.0710611 0.907329 1.22846e+10
-1.5 -1 0.5 0.0241069 0.0843041 0.861816 1.29109e+10
-2 -0.5 0.5 0.00559807 0.105211 0.838623 1.38521e+10
-1.5 0 0.5 0.0286994 0.118686 0.788027 1.47788e+10
-2 0.5 0.5 0.0145301 0.138058 0.759018 1.65004e+10
-1.5 1 0.5 0.0440348 0.150801 0.706882 1.79201e+10
-2 1.5 0.5 0.0368806 0.168072 0.676811 2.08732e+10
-1 -1.5 0.5 0.0436257 0.0637212 0.873978 1.24545e+10
-0.5 -1 0.5 0.0624778 0.0805635 0.820059 1.31711e+10
-1 -0.5 0.5 0.0450478 0.0993521 0.809039 1.3695e+10
-0.5 0 0.5 0.0691078 0.116146 0.750714 1.46309e+10
-1 0.5 0.5 0.0553331 0.133471 0.732286 1.5896e+10
-0.5 1 0.5 0.0850912 0.149536 0.672435 1.71955e+10
-1 1.5 0.5 0.0770602 0.164431 0.651017 1.95962e+10
0 -1.5 0.5 0.0805635 0.0624778 0.820059 1.31711e+10
0.5 -1 0.5 0.0995997 0.0839967 0.76037 1.40218e+10
0 -0.5 0.5 0.0839967 0.0995997 0.76037 1.40218e+10
0.5 0 0.5 0.107885 0.120606 0.69607 1.49945e+10
0 0.5 0.5 0.0959304 0.134548 0.687962 1.57076e+10
0.5 1 0.5 0.124831 0.15434 0.621208 1.69157e+10
0 1.5 0.5 0.117262 0.166985 0.608729 1.86706e+10
1 -1.5 0.5 0.116146 0.0691078 0.750714 1.46309e+10
1.5 -1 0.5 0.134548 0.0959304 0.687962 1.57076e+10
1 -0.5 0.5 0.120606 0.107885 0.69607 1.49945e+10
1.5 0 0.5 0.143138 0.133543 0.627666 1.60793e+10
1 0.5 0.5 0.133543 0.143138 0.627666 1.60793e+10
1.5 1 0.5 0.159902 0.166286 0.555435 1.72615e+10
1 1.5 0.5 0.154718 0.174874 0.550633 1.82403e+10
2 -1.5 0.5 0.149536 0.0850912 0.672435 1.71955e+10
2.5 -1 0.5 0.166985 0.117262 0.608729 1.86706e+10
2 -0.5 0.5 0.15434 0.124831 0.621208 1.69157e+10
2.5 0 0.5 0.174874 0.154718 0.550633 1.82403e+10
2 0.5 0.5 0.166286 0.159902 0.555435 1.72615e+10
2.5 1 0.5 0.188229 0.185073 0.480072 1.84938e+10
2 1.5 0.5 0.185073 0.188229 0.480072 1.84938e+10
-2.25 -0.75 0.75 0.100518 0.123069 0.8471 3.77863e+09
-2.25 0.25 0.75 0.121573 0.151211 0.768949 4.47225e+09
-2.25 1.25 0.75 0.142528 0.175911 0.688514 5.60264e+09
-1.75 -1.25 0.75 0.10724 0.11915 0.867774 3.54646e+09
-1.25 -0.75 0.75 0.135882 0.144778 0.813238 3.78057e+09
-1.75 -0.25 0.75 0.129856 0.147487 0.794636 4.0503e+09
-1.25 0.25 0.75 0.158794 0.169858 0.736982 4.3825e+09
-1.75 0.75 0.75 0.151325 0.171811 0.714922 4.88289e+09
-1.25 1.25 0.75 0.180264 0.189612 0.657984 5.37012e+09
-0.75 -1.25 0.75 0.139787 0.142438 0.82306 3.64842e+09
-0.25 -0.75 0.75 0.166422 0.167701 0.76165 3.908e+09
-0.75 -0.25 0.75 0.163798 0.168656 0.753081 4.06394e+09
-0.25 0.25 0.75 0.190473 0.190308 0.689131 4.392e+09
-0.75 0.75 0.75 0.186782 0.189746 0.675908 4.77148e+09
-0.25 1.25 0.75 0.212878 0.206846 0.612229 5.20966e+09
0.25 -1.25 0.75 0.167701 0.166422 0.76165 3.908e+09
0.75 -0.75 0.75 0.191015 0.191446 0.69626 4.20639e+09
0.25 -0.25 0.75 0.191446 0.191015 0.69626 4.20639e+09
0.75 0.25 0.75 0.214125 0.21174 0.627862 4.53619e+09
0.25 0.75 0.75 0.215086 0.209223 0.62231 4.75721e+09
0.75 1.25 0.75 0.236807 0.224889 0.552795 5.14932e+09
1.25 -1.25 0.75 0.190308 0.190473 0.689131 4.392e+09
1.75 -0.75 0.75 0.209223 0.215086 0.62231 4.75721e+09
1.25 -0.25 0.75 0.21174 0.214125 0.627862 4.53619e+09
1.75 0.25 0.75 0.229212 0.233694 0.55671 4.8877e+09
1.25 0.75 0.75 0.233694 0.229212 0.55671 4.8877e+09
1.75 1.25 0.75 0.24903 0.242372 0.483093 5.24476e+09
2.25 -1.25 0.75 0.206846 0.212878 0.612229 5.20966e+09
2.25 -0.25 0.75 0.224889 0.236807 0.552795 5.14932e+09
2.25 0.75 0.75 0.242372 0.24903 0.483093 5.24476e+09
-2.5 -1.5 1 0.00780687 0.0851212 0.913408 1.47588e+10
-2.5 -0.5 1 0.0124534 0.119965 0.842609 1.67654e+10
-2.5 0.5 1 0.0262342 0.153031 0.76132 2.0084e+10
-2.5 1.5 1 0.0533233 0.182825 0.678082 2.5493e+10
-1.5 -1.5 1 0.0464007 0.0826738 0.890292 1.47037e+10
-2 -1 1 0.0289028 0.101277 0.87168 1.54604e+10
-1.5 -0.5 1 0.052872 0.118555 0.821821 1.6362e+10
-2 0 1 0.0383683 0.135914 0.79511 1.78602e+10
-1.5 0.5 1 0.067554 0.152504 0.741933 1.92048e+10
-2 1 1 0.0582337 0.167657 0.711848 2.1821e+10
-1.5 1.5 1 0.0936787 0.182418 0.658503 2.38941e+10
-0.5 -1.5 1 0.0847635 0.0847635 0.844838 1.52142e+10
-1 -1 1 0.0685688 0.101392 0.838945 1.54971e+10
-0.5 -0.5 1 0.093187 0.121599 0.781138 1.64515e+10
-1 0 1 0.0797197 0.136903 0.765816 1.74563e+10
-0.5 0.5 1 0.109236 0.156262 0.705131 1.87234e+10
-1 1 1 0.0997647 0.169732 0.684453 2.07842e+10
-0.5 1.5 1 0.134466 0.187888 0.623146 2.25675e+10
0.5 -1.5 1 0.121599 0.093187 0.781138 1.64515e+10
0 -1 1 0.107114 0.107114 0.786406 1.61234e+10
0.5 -0.5 1 0.131287 0.131287 0.722933 1.71607e+10
0 0 1 0.120081 0.143185 0.718386 1.75449e+10
0.5 0.5 1 0.148853 0.166027 0.651435 1.8744e+10
0 1 1 0.140938 0.1767 0.640409 2.01307e+10
0.5 1.5 1 0.173919 0.198298 0.571623 2.16424e+10
1.5 -1.5 1 0.156262 0.109236 0.705131 1.87234e+10
1 -1 1 0.143185 0.120081 0.718386 1.75449e+10
1.5 -0.5 1 0.166027 0.148853 0.651435 1.8744e+10
1 0 1 0.157005 0.157005 0.655199 1.82927e+10
1.5 0.5 1 0.183644 0.183644 0.583408 1.94853e+10
1 1 1 0.178675 0.189792 0.580432 2.00141e+10
1.5 1.5 1 0.208045 0.213477 0.505595 2.12996e+10
2.5 -1.5 1 0.187888 0.134466 0.623146 2.25675e+10
2 -1 1 0.1767 0.140938 0.640409 2.01307e+10
2.5 -0.5 1 0.198298 0.173919 0.571623 2.16424e+10
2 0 1 0.189792 0.178675 0.580432 2.00141e+10
2.5 0.5 1 0.213477 0.208045 0.505595 2.12996e+10
2 1 1 0.209917 0.209917 0.507825 2.06858e+10
2.5 1.5 1 0.233672 0.233672 0.429252 2.1781e+10
-2.25 -1.25 1.25 0.0480153 0.101448 0.883268 3.94578e+09
-2.25 -0.25 1.25 0.0565751 0.134656 0.808082 4.52305e+09
-2.25 0.75 1.25 0.0659326 0.16597 0.72539 5.46095e+09
-1.25 -1.25 1.25 0.0850179 0.1093 0.850746 3.97209e+09
-1.75 -0.75 1.25 0.0715399 0.12156 0.834089 4.17541e+09
-1.25 -0.25 1.25 0.0953851 0.140686 0.778373 4.45817e+09
-1.75 0.25 1.25 0.0811665 0.152573 0.755074 4.86354e+09
-1.25 0.75 1.25 0.105971 0.168756 0.698129 5.26661e+09
-1.75 1.25 1.25 0.0915113 0.18048 0.672525 5.97504e+09
-0.25 -1.25 1.25 0.118899 0.118899 0.798574 4.14308e+09
-0.75 -0.75 1.25 0.107814 0.129596 0.793377 4.22128e+09
-0.25 -0.25 1.25 0.130218 0.148745 0.731382 4.50907e+09
-0.75 0.25 1.25 0.119219 0.158389 0.718288 4.78849e+09
-0.25 0.75 1.25 0.142302 0.174274 0.655202 5.15641e+09
-0.75 1.25 1.25 0.130153 0.182945 0.638496 5.7224e+09
0.75 -1.25 1.25 0.148745 0.130218 0.731382 4.50907e+09
0.25 -0.75 1.25 0.139636 0.139636 0.735948 4.41669e+09
0.75 -0.25 1.25 0.158927 0.158927 0.670097 4.71556e+09
0.25 0.25 1.25 0.151532 0.16621 0.66621 4.82528e+09
0.75 0.75 1.25 0.170553 0.181201 0.598575 5.15521e+09
0.25 1.25 1.25 0.163305 0.187892 0.589701 5.54625e+09
1.75 -1.25 1.25 0.174274 0.142302 0.655202 5.15641e+09
1.25 -0.75 1.25 0.16621 0.151532 0.66621 4.82528e+09
1.75 -0.25 1.25 0.181201 0.170553 0.598575 5.15521e+09
1.25 0.25 1.25 0.175739 0.175739 0.60178 5.02522e+09
1.75 0.75 1.25 0.189005 0.189005 0.531343 5.32588e+09
1.25 1.25 1.25 0.186086 0.192815 0.528784 5.47805e+09
2.25 -0.75 1.25 0.187892 0.163305 0.589701 5.54625e+09
2.25 0.25 1.25 0.192815 0.186086 0.528784 5.47805e+09
2.25 1.25 1.25 0.197248 0.197248 0.459432 5.58643e+09
-2.5 -1 1.5 0.0246207 0.111398 0.87736 1.6763e+10
-2.5 0 1.5 0.0373848 0.147071 0.798733 1.94609e+10
-2.5 1 1.5 0.0607567 0.179395 0.713826 2.38314e+10
-2 -1.5 1.5 0.04124 0.0935617 0.902588 1.57597e+10
-1.5 -1 1.5 0.0658947 0.113814 0.854705 1.65447e+10
-2 -0.5 1.5 0.0508825 0.130503 0.831173 1.76834e+10
-1.5 0 1.5 0.0798778 0.150115 0.77806 1.88243e+10
-2 0.5 1.5 0.0686609 0.16505 0.748584 2.08914e+10
-1.5 1 1.5 0.102899 0.183091 0.69371 2.25997e+10
-2 1.5 1.5 0.0984 0.194953 0.66313 2.60939e+10
-1 -1.5 1.5 0.0815401 0.0974793 0.867063 1.59886e+10
-0.5 -1 1.5 0.106512 0.120428 0.810749 1.68663e+10
-1 -0.5 1.5 0.0928896 0.13497 0.799496 1.75077e+10
-0.5 0 1.5 0.122118 0.156925 0.73882 1.86251e+10
-1 0.5 1.5 0.111475 0.170189 0.719804 2.01663e+10
-0.5 1 1.5 0.145351 0.190844 0.657403 2.16667e+10
-1 1.5 1.5 0.139716 0.201457 0.634936 2.45444e+10
0 -1.5 1.5 0.120428 0.106512 0.810749 1.68663e+10
0.5 -1 1.5 0.144614 0.133244 0.748784 1.7876e+10
0 -0.5 1.5 0.133244 0.144614 0.748784 1.7876e+10
0.5 0 1.5 0.161548 0.169915 0.682336 1.89728e+10
0 0.5 1.5 0.153329 0.17966 0.673789 1.98532e+10
0.5 1 1.5 0.186024 0.203296 0.604653 2.11256e+10
0 1.5 1.5 0.180912 0.21253 0.590911 2.32568e+10
1 -1.5 1.5 0.156925 0.122118 0.73882 1.86251e+10
1.5 -1 1.5 0.17966 0.153329 0.673789 1.98532e+10
1 -0.5 1.5 0.169915 0.161548 0.682336 1.89728e+10
1.5 0 1.5 0.196186 0.191074 0.611759 2.00915e+10
1 0.5 1.5 0.191074 0.196186 0.611759 2.00915e+10
1.5 1 1.5 0.220859 0.222815 0.537076 2.11603e+10
1 1.5 1.5 0.219031 0.227672 0.531294 2.23661e+10
2 -1.5 1.5 0.190844 0.145351 0.657403 2.16667e+10
2.5 -1 1.5 0.21253 0.180912 0.590911 2.32568e+10
2 -0.5 1.5 0.203296 0.186024 0.604653 2.11256e+10
2.5 0 1.5 0.227672 0.219031 0.531294 2.23661e+10
2 0.5 1.5 0.222815 0.220859 0.537076 2.11603e+10
2.5 1 1.5 0.248382 0.249101 0.458638 2.20692e+10
2 1.5 1.5 0.249101 0.248382 0.458638 2.20692e+10
