449
-2.5 -1 -1.5 -0.0360177 -0.574306 0.314922 8.69719e+09
-2.5 0 -1.5 0.191885 -0.524932 0.378943 4.86164e+09
-2.5 1 -1.5 0.334528 -0.44812 0.465539 3.06718e+09
-2 -1.5 -1.5 -0.193677 -0.577412 0.306712 1.29758e+10
-1.5 -1 -1.5 -0.061747 -0.583742 0.323933 9.58527e+09
-2 -0.5 -1.5 0.0765997 -0.567953 0.340714 6.77016e+09
-1.5 0 -1.5 0.170164 -0.558922 0.365153 5.49505e+09
-2 0.5 -1.5 0.264053 -0.511449 0.408934 4.0816e+09
-1.5 1 -1.5 0.320914 -0.49649 0.437703 3.51286e+09
-2 1.5 -1.5 0.372046 -0.437215 0.496515 2.70656e+09
-1 -1.5 -1.5 -0.22244 -0.568499 0.333752 1.38883e+10
-0.5 -1 -1.5 -0.0902326 -0.587435 0.338766 1.02701e+10
-1 -0.5 -1.5 0.0526921 -0.585631 0.339844 7.4674e+09
-0.5 0 -1.5 0.154739 -0.579438 0.356737 6.04219e+09
-1 0.5 -1.5 0.248963 -0.545066 0.389516 4.59523e+09
-0.5 1 -1.5 0.313198 -0.528441 0.412496 3.95986e+09
-1 1.5 -1.5 0.363581 -0.482081 0.463836 3.10254e+09
0 -1.5 -1.5 -0.264586 -0.56098 0.36696 1.45048e+10
0.5 -1 -1.5 -0.118415 -0.593989 0.360125 1.07515e+10
0 -0.5 -1.5 0.0350222 -0.596368 0.344859 7.9942e+09
0.5 0 -1.5 0.151485 -0.592261 0.353197 6.46285e+09
0 0.5 -1.5 0.243679 -0.565802 0.374004 5.05844e+09
0.5 1 -1.5 0.319478 -0.545614 0.389811 4.41186e+09
0 1.5 -1.5 0.364442 -0.51001 0.432352 3.52996e+09
1 -1.5 -1.5 -0.286819 -0.564886 0.404432 1.48739e+10
1.5 -1 -1.5 -0.113496 -0.603987 0.387761 1.08322e+10
1 -0.5 -1.5 0.029082 -0.607229 0.356154 8.30487e+09
1.5 0 -1.5 0.170229 -0.599746 0.354701 6.82117e+09
1 0.5 -1.5 0.256689 -0.57525 0.362172 5.49199e+09
1.5 1 -1.5 0.350279 -0.542525 0.369842 4.90406e+09
1 1.5 -1.5 0.383787 -0.517903 0.402085 4.01425e+09
2 -1.5 -1.5 -0.266319 -0.572153 0.447122 1.41428e+10
2.5 -1 -1.5 -0.0722489 -0.61288 0.421916 1.05003e+10
2 -0.5 -1.5 0.0626758 -0.612939 0.373473 8.45777e+09
2.5 0 -1.5 0.234306 -0.581231 0.363774 7.15812e+09
2 0.5 -1.5 0.301504 -0.564304 0.355078 5.94745e+09
2.5 1 -1.5 0.413998 -0.501744 0.355571 5.53556e+09
2 1.5 -1.5 0.430019 -0.494202 0.374062 4.62801e+09
-2.25 -0.75 -1.25 -0.560418 0.0272593 0.591541 3.12882e+09
-2.25 0.25 -1.25 -0.508191 0.00289731 0.621553 1.78379e+09
-2.25 1.25 -1.25 -0.455445 -0.00355536 0.667108 1.12701e+09
-1.75 -1.25 -1.25 -0.554815 0.0653941 0.598326 4.34863e+09
-1.25 -0.75 -1.25 -0.493462 0.0707678 0.618838 3.16569e+09
-1.75 -0.25 -1.25 -0.50162 0.0372678 0.616973 2.35856e+09
-1.25 0.25 -1.25 -0.440663 0.0522253 0.641093 1.83149e+09
-1.75 0.75 -1.25 -0.449051 0.0243566 0.651492 1.42562e+09
-1.25 1.25 -1.25 -0.391118 0.0506276 0.678794 1.18015e+09
-0.75 -1.25 -1.25 -0.488067 0.105148 0.62711 4.35453e+09
-0.25 -0.75 -1.25 -0.426073 0.105587 0.639851 3.16933e+09
-0.75 -0.25 -1.25 -0.431711 0.0787522 0.636998 2.38496e+09
-0.25 0.25 -1.25 -0.370058 0.092552 0.654456 1.86905e+09
-0.75 0.75 -1.25 -0.381063 0.0723936 0.66339 1.47792e+09
-0.25 1.25 -1.25 -0.325621 0.0957958 0.682575 1.24453e+09
0.25 -1.25 -1.25 -0.432044 0.136762 0.649903 4.39735e+09
0.75 -0.75 -1.25 -0.361753 0.133664 0.660668 3.16592e+09
0.25 -0.25 -1.25 -0.361371 0.112356 0.653177 2.39716e+09
0.75 0.25 -1.25 -0.303738 0.120934 0.663834 1.91611e+09
0.25 0.75 -1.25 -0.314078 0.108852 0.669219 1.53715e+09
0.75 1.25 -1.25 -0.263311 0.129716 0.681561 1.32957e+09
1.25 -1.25 -1.25 -0.376011 0.150073 0.675879 4.32352e+09
1.75 -0.75 -1.25 -0.303646 0.142143 0.682656 3.16333e+09
1.25 -0.25 -1.25 -0.300581 0.133158 0.668138 2.43842e+09
1.75 0.25 -1.25 -0.245321 0.138685 0.675218 2.00235e+09
1.25 0.75 -1.25 -0.251787 0.135351 0.673366 1.62148e+09
1.75 1.25 -1.25 -0.210749 0.154804 0.679791 1.46787e+09
2.25 -1.25 -1.25 -0.30221 0.184886 0.705968 4.25457e+09
2.25 -0.25 -1.25 -0.248268 0.137951 0.687724 2.52035e+09
2.25 0.75 -1.25 -0.202152 0.153221 0.679991 1.77962e+09
-2.5 -1.5 -1 -0.0667552 -0.62706 0.338753 3.12274e+10
-2.5 -0.5 -1 0.178771 -0.587584 0.385447 1.71555e+10
-2.5 0.5 -1 0.337324 -0.509151 0.452695 1.06249e+10
-2.5 1.5 -1 0.423378 -0.421793 0.532859 7.16913e+09
-1.5 -1.5 -1 -0.126969 -0.625325 0.35918 3.38264e+10
-2 -1 -1 0.0383593 -0.625416 0.361578 2.38762e+10
-1.5 -0.5 -1 0.12819 -0.6218 0.379429 1.90146e+10
-2 0 -1 0.246908 -0.575834 0.408892 1.41469e+10
-1.5 0.5 -1 0.304584 -0.561786 0.430059 1.19401e+10
-2 1 -1 0.374865 -0.49741 0.477247 9.20797e+09
-1.5 1.5 -1 0.403034 -0.486767 0.498992 8.15836e+09
-0.5 -1.5 -1 -0.184797 -0.615028 0.38363 3.54825e+10
-1 -1 -1 -0.0164733 -0.637887 0.369245 2.57966e+10
-0.5 -0.5 -1 0.0882002 -0.640287 0.37762 2.03993e+10
-1 0 -1 0.209018 -0.611812 0.395367 1.55694e+10
-0.5 0.5 -1 0.280045 -0.596996 0.40922 1.31319e+10
-1 1 -1 0.352171 -0.54662 0.448634 1.03427e+10
-0.5 1.5 -1 0.391245 -0.530434 0.464269 9.21496e+09
0.5 -1.5 -1 -0.237457 -0.603161 0.414536 3.65735e+10
0 -1 -1 -0.059021 -0.639304 0.382283 2.6949e+10
0.5 -0.5 -1 0.0648006 -0.649048 0.380151 2.11697e+10
0 0 -1 0.185298 -0.633077 0.384658 1.66661e+10
0.5 0.5 -1 0.274227 -0.615781 0.390458 1.41821e+10
0 1 -1 0.342092 -0.577441 0.420843 1.1456e+10
0.5 1.5 -1 0.396493 -0.552739 0.429921 1.03532e+10
1.5 -1.5 -1 -0.241033 -0.596201 0.44947 3.55884e+10
1 -1 -1 -0.0870194 -0.639311 0.40162 2.71923e+10
1.5 -0.5 -1 0.0666274 -0.652835 0.388555 2.15634e+10
1 0 -1 0.184231 -0.642037 0.377766 1.74795e+10
1.5 0.5 -1 0.298002 -0.614313 0.375824 1.51479e+10
1 1 -1 0.355407 -0.587092 0.395048 1.25785e+10
1.5 1.5 -1 0.428686 -0.546457 0.397895 1.16978e+10
2.5 -1.5 -1 -0.232531 -0.58841 0.495033 3.30246e+10
2 -1 -1 -0.0621808 -0.635145 0.426686 2.64626e+10
2.5 -0.5 -1 0.12791 -0.631053 0.405929 2.14135e+10
2 0 -1 0.221795 -0.631763 0.377555 1.81184e+10
2.5 0.5 -1 0.365363 -0.575801 0.369651 1.62704e+10
2 1 -1 0.402658 -0.565144 0.374173 1.3892e+10
2.5 1.5 -1 0.493593 -0.493593 0.373476 1.35011e+10
-2.25 -1.25 -0.75 -0.52189 -0.0423393 0.587575 1.33328e+10
-2.25 -0.25 -0.75 -0.461442 -0.0585989 0.60805 7.43829e+09
-2.25 0.75 -0.75 -0.407393 -0.0592686 0.642212 4.58323e+09
-1.25 -1.25 -0.75 -0.474532 -0.00738918 0.614713 1.34035e+10
-1.75 -0.75 -0.75 -0.466235 -0.0331275 0.608849 9.92193e+09
-1.25 -0.25 -0.75 -0.405882 -0.0218113 0.627516 7.54154e+09
-1.75 0.25 -0.75 -0.404658 -0.0411619 0.632082 5.83259e+09
-1.25 0.75 -0.75 -0.34851 -0.0198956 0.653775 4.72616e+09
-1.75 1.25 -0.75 -0.353786 -0.0338216 0.669592 3.80069e+09
-0.25 -1.25 -0.75 -0.427011 0.0226707 0.636406 1.32196e+10
-0.75 -0.75 -0.75 -0.41183 -0.00206203 0.628863 9.87412e+09
-0.25 -0.25 -0.75 -0.346482 0.00760127 0.640857 7.53303e+09
-0.75 0.25 -0.75 -0.345548 -0.00608766 0.643924 5.94017e+09
-0.25 0.75 -0.75 -0.288396 0.0129993 0.657802 4.87466e+09
-0.75 1.25 -0.75 -0.293945 0.00518297 0.672983 3.96872e+09
0.75 -1.25 -0.75 -0.378657 0.0480937 0.658314 1.29419e+10
0.25 -0.75 -0.75 -0.355471 0.0247018 0.645488 9.70438e+09
0.75 -0.25 -0.75 -0.29027 0.0284462 0.650472 7.51271e+09
0.25 0.25 -0.75 -0.285958 0.0199009 0.64984 6.02067e+09
0.75 0.75 -0.75 -0.226976 0.0379835 0.657199 5.04246e+09
0.25 1.25 -0.75 -0.233153 0.0371131 0.66941 4.17394e+09
1.75 -1.25 -0.75 -0.329804 0.0529347 0.679318 1.25387e+10
1.25 -0.75 -0.75 -0.30787 0.041828 0.661047 9.60842e+09
1.75 -0.25 -0.75 -0.233069 0.0407173 0.661744 7.53125e+09
1.25 0.25 -0.75 -0.224755 0.0392686 0.654153 6.11948e+09
1.75 0.75 -0.75 -0.168492 0.0575663 0.656792 5.32843e+09
1.25 1.25 -0.75 -0.174711 0.0606758 0.662574 4.46545e+09
2.25 -0.75 -0.75 -0.255144 0.0479617 0.680312 9.53466e+09
2.25 0.25 -0.75 -0.166584 0.055807 0.662198 6.39963e+09
2.25 1.25 -0.75 -0.122171 0.0847614 0.658604 4.97446e+09
-2.5 -1 -0.5 -0.114488 -0.382621 0.446619 4.93064e+10
-2.5 0 -0.5 0.0391832 -0.365526 0.490865 2.92466e+10
-2.5 1 -0.5 0.142336 -0.321184 0.550915 1.89552e+10
-2 -1.5 -0.5 -0.224295 -0.375505 0.441153 6.87351e+10
-1.5 -1 -0.5 -0.131178 -0.395655 0.455411 5.22946e+10
-2 -0.5 -0.5 -0.0335823 -0.390081 0.466674 3.89179e+10
-1.5 0 -0.5 0.0412487 -0.392586 0.48378 3.14137e+10
-2 0.5 -0.5 0.100637 -0.362786 0.512821 2.43098e+10
-1.5 1 -0.5 0.153077 -0.35749 0.532239 2.07388e+10
-2 1.5 -0.5 0.182999 -0.316493 0.574348 1.65288e+10
-1 -1.5 -0.5 -0.247446 -0.370231 0.460655 7.09806e+10
-0.5 -1 -0.5 -0.143788 -0.396819 0.465973 5.34707e+10
-1 -0.5 -0.5 -0.041156 -0.407528 0.466935 4.08415e+10
-0.5 0 -0.5 0.0418737 -0.412454 0.47617 3.29544e+10
-1 0.5 -0.5 0.107493 -0.390436 0.498488 2.6125e+10
-0.5 1 -0.5 0.165467 -0.382954 0.511027 2.2442e+10
-1 1.5 -0.5 0.197218 -0.349446 0.549029 1.81901e+10
0 -1.5 -0.5 -0.26792 -0.351279 0.484875 7.09721e+10
0.5 -1 -0.5 -0.153238 -0.389812 0.481429 5.29058e+10
0 -0.5 -0.5 -0.0438789 -0.415072 0.468962 4.16257e+10
0.5 0 -0.5 0.0503315 -0.421516 0.47037 3.39018e+10
0 0.5 -0.5 0.117047 -0.408979 0.483637 2.76254e+10
0.5 1 -0.5 0.185261 -0.396023 0.489664 2.40591e+10
0 1.5 -0.5 0.216255 -0.369824 0.521264 1.99343e+10
1 -1.5 -0.5 -0.284441 -0.332748 0.515491 6.82463e+10
1.5 -1 -0.5 -0.151466 -0.379897 0.503544 5.13095e+10
1 -0.5 -0.5 -0.038897 -0.413601 0.475886 4.15967e+10
1.5 0 -0.5 0.0735411 -0.415409 0.470838 3.431e+10
1 0.5 -0.5 0.139028 -0.413182 0.471282 2.88243e+10
1.5 1 -0.5 0.219144 -0.389138 0.472027 2.5842e+10
1 1.5 -0.5 0.245357 -0.373492 0.494152 2.18973e+10
2 -1.5 -0.5 -0.263756 -0.293972 0.554887 6.20187e+10
2.5 -1 -0.5 -0.115346 -0.326397 0.542364 4.78183e+10
2 -0.5 -0.5 -0.0118614 -0.393476 0.493273 4.08081e+10
2.5 0 -0.5 0.120839 -0.377328 0.483859 3.48734e+10
2 0.5 -0.5 0.177985 -0.393932 0.46672 3.01864e+10
2.5 1 -0.5 0.270696 -0.34525 0.464423 2.83669e+10
2 1.5 -0.5 0.289763 -0.34781 0.472472 2.44767e+10
-2.25 -0.75 -0.25 -0.397973 -0.158898 0.567722 1.57211e+10
-2.25 0.25 -0.25 -0.327919 -0.14378 0.600731 9.4434e+09
-2.25 1.25 -0.25 -0.274209 -0.121321 0.644537 6.19698e+09
-1.75 -1.25 -0.25 -0.430454 -0.150156 0.565661 2.12196e+10
-1.25 -0.75 -0.25 -0.364628 -0.141387 0.585166 1.57794e+10
-1.75 -0.25 -0.25 -0.339049 -0.144306 0.590417 1.21126e+10
-1.25 0.25 -0.25 -0.28141 -0.127277 0.609267 9.62038e+09
-1.75 0.75 -0.25 -0.275357 -0.124168 0.624393 7.69079e+09
-1.25 1.25 -0.25 -0.223148 -0.100728 0.645643 6.45122e+09
-0.75 -1.25 -0.25 -0.401801 -0.134559 0.584262 2.06963e+10
-0.25 -0.75 -0.25 -0.326406 -0.128784 0.597111 1.54144e+10
-0.75 -0.25 -0.25 -0.298403 -0.129389 0.600187 1.21459e+10
-0.25 0.25 -0.25 -0.235363 -0.1138 0.611509 9.70921e+09
-0.75 0.75 -0.25 -0.224988 -0.107048 0.625274 7.89643e+09
-0.25 1.25 -0.25 -0.168543 -0.0817606 0.638642 6.72112e+09
0.25 -1.25 -0.25 -0.372091 -0.118504 0.600887 1.98461e+10
0.75 -0.75 -0.25 -0.292727 -0.117496 0.607118 1.48813e+10
0.25 -0.25 -0.25 -0.256107 -0.119001 0.605018 1.19687e+10
0.75 0.25 -0.25 -0.182517 -0.10254 0.609558 9.70829e+09
0.25 0.75 -0.25 -0.171636 -0.0921688 0.620121 8.08335e+09
0.75 1.25 -0.25 -0.111603 -0.0657011 0.626198 7.05255e+09
1.25 -1.25 -0.25 -0.353117 -0.100228 0.619543 1.907e+10
1.75 -0.75 -0.25 -0.246491 -0.112794 0.617845 1.41686e+10
1.25 -0.25 -0.25 -0.20484 -0.109128 0.608592 1.16766e+10
1.75 0.25 -0.25 -0.124835 -0.0906059 0.6078 9.77882e+09
1.25 0.75 -0.25 -0.114131 -0.0797661 0.611859 8.31205e+09
1.75 1.25 -0.25 -0.0510512 -0.049219 0.613088 7.53398e+09
2.25 -1.25 -0.25 -0.302749 -0.0843392 0.640285 1.77056e+10
2.25 -0.25 -0.25 -0.141424 -0.0964815 0.614728 1.14841e+10
2.25 0.75 -0.25 -0.0519912 -0.0604343 0.607095 8.74913e+09
-2.5 -1.5 0 -0.29217 -0.280662 0.458428 1.05747e+11
-2.5 -0.5 0 -0.129856 -0.300289 0.492648 6.06945e+10
-2.5 0.5 0 -0.0117962 -0.28388 0.54147 3.79609e+10
-2.5 1.5 0 0.0651344 -0.250032 0.602859 2.57686e+10
-1.5 -1.5 0 -0.303109 -0.274946 0.47933 1.09086e+11
-2 -1 0 -0.204173 -0.296972 0.480397 8.10452e+10
-1.5 -0.5 0 -0.119551 -0.309311 0.497558 6.30378e+10
-2 0 0 -0.0565971 -0.303842 0.514644 4.87861e+10
-1.5 0.5 0 0.00909186 -0.303819 0.533632 4.02752e+10
-2 1 0 0.0434441 -0.2801 0.565067 3.21238e+10
-1.5 1.5 0 0.0911361 -0.273492 0.586011 2.78847e+10
-0.5 -1.5 0 -0.309204 -0.254859 0.501307 1.06903e+11
-1 -1 0 -0.205858 -0.297816 0.492022 8.18898e+10
-0.5 -0.5 0 -0.113918 -0.315675 0.501061 6.35212e+10
-1 0 0 -0.0418612 -0.316925 0.51149 5.05776e+10
-0.5 0.5 0 0.0283027 -0.317685 0.523324 4.19781e+10
-1 1 0 0.067004 -0.299229 0.550239 3.42349e+10
-0.5 1.5 0 0.11829 -0.289372 0.564204 3.00192e+10
0.5 -1.5 0 -0.319614 -0.228362 0.528235 1.00528e+11
0 -1 0 -0.205381 -0.288257 0.505681 7.97945e+10
0.5 -0.5 0 -0.105947 -0.31211 0.507568 6.2438e+10
0 0 0 -0.0289071 -0.325065 0.507946 5.12812e+10
0.5 0.5 0 0.0515501 -0.323163 0.512893 4.30232e+10
0 1 0 0.0925162 -0.310254 0.533008 3.6079e+10
0.5 1.5 0 0.149387 -0.294554 0.540729 3.22572e+10
1.5 -1.5 0 -0.324169 -0.198806 0.561799 9.1297e+10
1 -1 0 -0.207526 -0.271081 0.525929 7.60134e+10
1.5 -0.5 0 -0.0882778 -0.29484 0.521001 5.95014e+10
1 0 0 -0.00711999 -0.320979 0.507373 5.08324e+10
1.5 0.5 0 0.0837824 -0.311832 0.507422 4.37757e+10
1 1 0 0.124202 -0.308686 0.517006 3.78071e+10
1.5 1.5 0 0.187718 -0.281611 0.519893 3.49028e+10
2.5 -1.5 0 -0.311472 -0.101935 0.614174 7.4395e+10
2 -1 0 -0.187764 -0.228004 0.557115 6.88769e+10
2.5 -0.5 0 -0.0592681 -0.240679 0.550219 5.58955e+10
2 0 0 0.0231127 -0.296161 0.516641 4.99804e+10
2.5 0.5 0 0.123001 -0.269467 0.514014 4.50732e+10
2 1 0 0.16448 -0.283149 0.507815 3.9948e+10
2.5 1.5 0 0.232896 -0.232896 0.508001 3.87214e+10
-2.25 -1.25 0.25 -0.365596 -0.268727 0.501622 2.7043e+10
-2.25 -0.25 0.25 -0.266736 -0.234867 0.547485 1.60349e+10
-2.25 0.75 0.25 -0.200757 -0.198718 0.594777 1.03024e+10
-1.25 -1.25 0.25 -0.358955 -0.259042 0.520327 2.69715e+10
-1.75 -0.75 0.25 -0.29947 -0.250865 0.532076 2.06516e+10
-1.25 -0.25 0.25 -0.238106 -0.234006 0.554888 1.61523e+10
-1.75 0.25 0.25 -0.213163 -0.21699 0.572604 1.28711e+10
-1.25 0.75 0.25 -0.159959 -0.196186 0.594663 1.06038e+10
-1.75 1.25 0.25 -0.153371 -0.177153 0.620959 8.67191e+09
-0.25 -1.25 0.25 -0.347673 -0.25442 0.532812 2.56125e+10
-0.75 -0.75 0.25 -0.284142 -0.247982 0.542002 2.03906e+10
-0.25 -0.25 0.25 -0.212638 -0.231895 0.558992 1.59487e+10
-0.75 0.25 0.25 -0.177772 -0.214795 0.573724 1.29992e+10
-0.25 0.75 0.25 -0.116981 -0.191832 0.588583 1.08138e+10
-0.75 1.25 0.25 -0.107057 -0.171749 0.613457 9.00398e+09
0.75 -1.25 0.25 -0.344934 -0.239596 0.549361 2.38783e+10
0.25 -0.75 0.25 -0.265653 -0.242406 0.550442 1.94997e+10
0.75 -0.25 0.25 -0.177776 -0.229161 0.560039 1.53786e+10
0.25 0.25 0.25 -0.139728 -0.212004 0.570611 1.29403e+10
0.75 0.75 0.25 -0.0679972 -0.1851 0.578791 1.09609e+10
0.25 1.25 0.25 -0.0569138 -0.163599 0.600099 9.34527e+09
1.75 -1.25 0.25 -0.319822 -0.236213 0.565778 2.1242e+10
1.25 -0.75 0.25 -0.234627 -0.236306 0.558449 1.81433e+10
1.75 -0.25 0.25 -0.131595 -0.217763 0.563056 1.46708e+10
1.25 0.25 0.25 -0.0915074 -0.205441 0.565784 1.27393e+10
1.75 0.75 0.25 -0.00981963 -0.174749 0.568455 1.11468e+10
1.25 1.25 0.25 -0.000718762 -0.152787 0.58373 9.75993e+09
2.25 -0.75 0.25 -0.170244 -0.226066 0.566851 1.63652e+10
2.25 0.25 0.25 -0.0327055 -0.19184 0.56397 1.26009e+10
2.25 1.25 0.25 0.0669589 -0.130415 0.569049 1.03681e+10
-2.5 -1 0.5 -0.260109 -0.261645 0.475843 1.01461e+11
-2.5 0 0.5 -0.122498 -0.267476 0.519717 6.20767e+10
-2.5 1 0.5 -0.0267176 -0.248524 0.5749 4.10523e+10
-2 -1.5 0.5 -0.345871 -0.238221 0.469777 1.34607e+11
-1.5 -1 0.5 -0.251978 -0.255385 0.490824 1.02233e+11
-2 -0.5 0.5 -0.177052 -0.270162 0.500449 7.96703e+10
-1.5 0 0.5 -0.100445 -0.27673 0.520257 6.40201e+10
-2 0.5 0.5 -0.0563608 -0.267156 0.544044 5.12204e+10
-1.5 1 0.5 0.00271952 -0.262965 0.565735 4.33286e+10
-2 1.5 0.5 0.02367 -0.241711 0.600871 3.54624e+10
-1 -1.5 0.5 -0.348635 -0.22236 0.490741 1.30405e+11
-0.5 -1 0.5 -0.250355 -0.251674 0.502375 9.8525e+10
-1 -0.5 0.5 -0.164125 -0.272817 0.50596 7.97466e+10
-0.5 0 0.5 -0.082638 -0.281658 0.519162 6.4278e+10
-1 0.5 0.5 -0.031057 -0.277512 0.537672 5.29189e+10
-0.5 1 0.5 0.0321713 -0.272012 0.552323 4.51125e+10
-1 1.5 0.5 0.0553964 -0.254212 0.584521 3.76769e+10
0 -1.5 0.5 -0.355244 -0.203782 0.511359 1.19372e+11
0.5 -1 0.5 -0.249062 -0.231908 0.520084 9.18722e+10
0 -0.5 0.5 -0.155327 -0.269812 0.512392 7.7364e+10
0.5 0 0.5 -0.0638841 -0.280905 0.518287 6.27666e+10
0 0.5 0.5 -0.00646911 -0.282669 0.529416 5.35651e+10
0.5 1 0.5 0.0647059 -0.272163 0.537799 4.64244e+10
0 1.5 0.5 0.0894556 -0.258924 0.564327 3.98164e+10
1 -1.5 0.5 -0.362063 -0.163941 0.543343 1.0542e+11
1.5 -1 0.5 -0.24276 -0.204958 0.542992 8.00756e+10
1 -0.5 0.5 -0.142148 -0.257695 0.521988 7.22019e+10
1.5 0 0.5 -0.034502 -0.263091 0.522646 5.98549e+10
1 0.5 0.5 0.0244584 -0.275967 0.522885 5.32775e+10
1.5 1 0.5 0.102503 -0.255872 0.526885 4.75227e+10
1 1.5 0.5 0.126878 -0.251408 0.544189 4.20401e+10
2 -1.5 0.5 -0.350083 -0.104564 0.580064 7.92946e+10
2.5 -1 0.5 -0.222016 -0.145365 0.576266 6.27171e+10
2 -0.5 0.5 -0.115206 -0.22585 0.539796 6.46693e+10
2.5 0 0.5 -0.00500442 -0.217775 0.53984 5.59371e+10
2 0.5 0.5 0.0607553 -0.247134 0.524399 5.25231e+10
2.5 1 0.5 0.143304 -0.206914 0.525496 4.89254e+10
2 1.5 0.5 0.168721 -0.220455 0.528937 4.4727e+10
-2.25 -0.75 0.75 -0.236942 -0.336564 0.476703 2.34319e+10
-2.25 0.25 0.75 -0.148092 -0.284601 0.536707 1.49432e+10
-2.25 1.25 0.75 -0.0900913 -0.232996 0.597983 1.01669e+10
-1.75 -1.25 0.75 -0.300845 -0.365092 0.451517 2.9922e+10
-1.25 -0.75 0.75 -0.233395 -0.344347 0.48558 2.33525e+10
-1.75 -0.25 0.75 -0.180163 -0.316545 0.509448 1.86952e+10
-1.25 0.25 0.75 -0.122743 -0.295104 0.536594 1.51796e+10
-1.75 0.75 0.75 -0.0999474 -0.26339 0.565602 1.24164e+10
-1.25 1.25 0.75 -0.0522748 -0.239915 0.590883 1.05672e+10
-0.75 -1.25 0.75 -0.316498 -0.361872 0.466036 2.90885e+10
-0.25 -0.75 0.75 -0.233346 -0.347002 0.493218 2.23622e+10
-0.75 -0.25 0.75 -0.165341 -0.324033 0.512322 1.84996e+10
-0.25 0.25 0.75 -0.0983191 -0.30047 0.533613 1.51229e+10
-0.75 0.75 0.75 -0.0667736 -0.271098 0.55932 1.26669e+10
-0.25 1.25 0.75 -0.0103173 -0.242691 0.577676 1.08961e+10
0.25 -1.25 0.75 -0.325076 -0.352483 0.4805 2.6425e+10
0.75 -0.75 0.75 -0.225944 -0.344935 0.501112 2.07293e+10
0.25 -0.25 0.75 -0.150395 -0.327375 0.514027 1.78586e+10
0.75 0.25 0.75 -0.0646246 -0.301243 0.528606 1.47136e+10
0.25 0.75 0.75 -0.0291572 -0.272256 0.549609 1.27493e+10
0.75 1.25 0.75 0.0379267 -0.237334 0.561151 1.1215e+10
1.25 -1.25 0.75 -0.311933 -0.341354 0.49724 2.31219e+10
1.75 -0.75 0.75 -0.199877 -0.326943 0.513968 1.82576e+10
1.25 -0.25 0.75 -0.12162 -0.325594 0.515393 1.66688e+10
1.75 0.25 0.75 -0.0144128 -0.290396 0.525301 1.40907e+10
1.25 0.75 0.75 0.020484 -0.265005 0.538697 1.27029e+10
1.75 1.25 0.75 0.0985411 -0.220566 0.543592 1.15987e+10
2.25 -1.25 0.75 -0.275238 -0.305118 0.521807 1.81248e+10
2.25 -0.25 0.75 -0.0734413 -0.301136 0.524347 1.52493e+10
2.25 0.75 0.75 0.0882647 -0.244666 0.528772 1.26364e+10
-2.5 -1.5 1 -0.381058 -0.234504 0.443475 1.38683e+11
-2.5 -0.5 1 -0.224254 -0.255864 0.489175 8.66656e+10
-2.5 0.5 1 -0.107291 -0.252161 0.541785 5.6682e+10
-2.5 1.5 1 -0.0273112 -0.229544 0.604145 3.94897e+10
-1.5 -1.5 1 -0.380113 -0.212329 0.467899 1.35251e+11
-2 -1 1 -0.292948 -0.244036 0.474026 1.09476e+11
-1.5 -0.5 1 -0.206713 -0.255731 0.49722 8.68738e+10
-2 0 1 -0.148428 -0.259628 0.515982 7.03695e+10
-1.5 0.5 1 -0.0784807 -0.260261 0.539052 5.82783e+10
-2 1 1 -0.0467552 -0.247705 0.568889 4.79956e+10
-1.5 1.5 1 0.00750478 -0.239209 0.59303 4.15876e+10
-0.5 -1.5 1 -0.385911 -0.198772 0.486368 1.2263e+11
-1 -1 1 -0.286205 -0.235701 0.487452 1.05249e+11
-0.5 -0.5 1 -0.193777 -0.253442 0.503274 8.32824e+10
-1 0 1 -0.125824 -0.263519 0.516536 7.02776e+10
-0.5 0.5 1 -0.051513 -0.264171 0.533178 5.85542e+10
-1 1 1 -0.0149924 -0.255204 0.559349 4.95454e+10
-0.5 1.5 1 0.0434331 -0.243728 0.576352 4.33782e+10
0.5 -1.5 1 -0.377286 -0.176842 0.507137 1.01921e+11
0 -1 1 -0.28158 -0.225307 0.500123 9.55166e+10
0.5 -0.5 1 -0.184861 -0.24529 0.511137 7.66691e+10
0 0 1 -0.107822 -0.263049 0.516536 6.80075e+10
0.5 0.5 1 -0.022309 -0.261438 0.526607 5.73175e+10
0 1 1 0.0189433 -0.256232 0.546703 5.03331e+10
0.5 1.5 1 0.0823702 -0.23825 0.557481 4.49749e+10
1.5 -1.5 1 -0.386093 -0.148134 0.534483 7.43586e+10
1 -1 1 -0.276756 -0.205444 0.517738 8.14672e+10
1.5 -0.5 1 -0.161249 -0.228079 0.521962 6.64104e+10
1 0 1 -0.0826609 -0.253758 0.517974 6.336e+10
1.5 0.5 1 0.0150076 -0.239553 0.524867 5.48383e+10
1 1 1 0.0567456 -0.244633 0.535104 5.04202e+10
1.5 1.5 1 0.123297 -0.217068 0.540252 4.65209e+10
2.5 -1.5 1 -0.354765 -0.157293 0.559722 4.04379e+10
2 -1 1 -0.257353 -0.19315 0.535896 6.09731e+10
2.5 -0.5 1 -0.131934 -0.173324 0.547883 5.3315e+10
2 0 1 -0.0465452 -0.216651 0.528991 5.68931e+10
2.5 0.5 1 0.0542244 -0.186747 0.532363 5.09772e+10
2 1 1 0.0979804 -0.210991 0.528659 4.99022e+10
2.5 1.5 1 0.163944 -0.163944 0.529917 4.82665e+10
-2.25 -1.25 1.25 -0.241986 -0.441638 0.385509 2.92774e+10
-2.25 -0.25 1.25 -0.121896 -0.379874 0.464738 1.91974e+10
-2.25 0.75 1.25 -0.0446827 -0.314364 0.537628 1.30254e+10
-1.25 -1.25 1.25 -0.266988 -0.447585 0.399691 2.88255e+10
-1.75 -0.75 1.25 -0.182351 -0.421196 0.429679 2.37387e+10
-1.25 -0.25 1.25 -0.118468 -0.398381 0.466527 1.92508e+10
-1.75 0.25 1.25 -0.0715255 -0.356385 0.500823 1.58855e+10
-1.25 0.75 1.25 -0.0205816 -0.33215 0.531395 1.33545e+10
-1.75 1.25 1.25 -0.00263565 -0.291654 0.56954 1.11647e+10
-0.25 -1.25 1.25 -0.297673 -0.441393 0.416207 2.65803e+10
-0.75 -0.75 1.25 -0.193234 -0.429622 0.437389 2.29944e+10
-0.25 -0.25 1.25 -0.11743 -0.407074 0.468636 1.8599e+10
-0.75 0.25 1.25 -0.0561793 -0.37348 0.497004 1.58608e+10
-0.25 0.75 1.25 0.00698902 -0.343825 0.52194 1.34167e+10
-0.75 1.25 1.25 0.0298931 -0.304348 0.5572 1.15054e+10
0.75 -1.25 1.25 -0.302149 -0.428186 0.436002 2.25975e+10
0.25 -0.75 1.25 -0.204567 -0.431034 0.446705 2.11586e+10
0.75 -0.25 1.25 -0.10736 -0.409693 0.471932 1.7257e+10
0.25 0.25 1.25 -0.0384384 -0.379599 0.493394 1.54276e+10
0.75 0.75 1.25 0.0439892 -0.342841 0.511786 1.32311e+10
0.25 1.25 1.25 0.0700958 -0.308705 0.541012 1.17256e+10
1.75 -1.25 1.25 -0.298885 -0.378834 0.471303 1.74487e+10
1.25 -0.75 1.25 -0.198558 -0.419924 0.461225 1.84937e+10
1.75 -0.25 1.25 -0.068884 -0.39278 0.48054 1.52453e+10
1.25 0.25 1.25 -0.000665771 -0.374371 0.49058 1.44978e+10
1.75 0.75 1.25 0.0998988 -0.324299 0.502104 1.28665e+10
1.25 1.25 1.25 0.119437 -0.29738 0.523745 1.19157e+10
2.25 -0.75 1.25 -0.148682 -0.367045 0.490709 1.4532e+10
2.25 0.25 1.25 0.0620976 -0.348446 0.490776 1.32587e+10
2.25 1.25 1.25 0.188654 -0.262308 0.50706 1.21096e+10
-2.5 -1 1.5 -0.325578 -0.244859 0.449201 1.02349e+11
-2.5 0 1.5 -0.189474 -0.254395 0.503448 6.89745e+10
-2.5 1 1.5 -0.0897344 -0.243177 0.564501 4.79002e+10
-2 -1.5 1.5 -0.401143 -0.223537 0.435292 1.21293e+11
-1.5 -1 1.5 -0.313838 -0.234561 0.464325 9.92963e+10
-2 -0.5 1.5 -0.244127 -0.250644 0.480722 8.38403e+10
-1.5 0 1.5 -0.165457 -0.256918 0.506717 6.89299e+10
-2 0.5 1.5 -0.119862 -0.253769 0.532825 5.77583e+10
-1.5 1 1.5 -0.0555249 -0.249063 0.558748 4.9214e+10
-2 1.5 1.5 -0.0337825 -0.234717 0.594113 4.15688e+10
-1 -1.5 1.5 -0.401351 -0.202247 0.456389 1.10242e+11
-0.5 -1 1.5 -0.309406 -0.225099 0.477168 8.95113e+10
-1 -0.5 1.5 -0.227295 -0.248242 0.487649 8.04832e+10
-0.5 0 1.5 -0.142819 -0.257048 0.507013 6.62856e+10
-1 0.5 1.5 -0.0911357 -0.257782 0.529212 5.7683e+10
-0.5 1 1.5 -0.0212432 -0.250899 0.54865 4.95459e+10
-1 1.5 1.5 0.00381134 -0.238506 0.581315 4.29785e+10
0 -1.5 1.5 -0.398975 -0.191161 0.47396 9.08876e+10
0.5 -1 1.5 -0.301762 -0.222351 0.487972 7.4265e+10
0 -0.5 1.5 -0.216409 -0.245902 0.493309 7.30473e+10
0.5 0 1.5 -0.121828 -0.251578 0.508307 6.10079e+10
0 0.5 1.5 -0.0611937 -0.255767 0.523814 5.5996e+10
0.5 1 1.5 0.0180393 -0.242471 0.537203 4.88586e+10
0 1.5 1.5 0.0437847 -0.235083 0.564416 4.38989e+10
1 -1.5 1.5 -0.392659 -0.193411 0.490042 6.40799e+10
1.5 -1 1.5 -0.283513 -0.200392 0.507984 5.58789e+10
1 -0.5 1.5 -0.198178 -0.232789 0.503076 6.22612e+10
1.5 0 1.5 -0.081149 -0.226292 0.513971 5.29485e+10
1 0.5 1.5 -0.0242913 -0.241689 0.519906 5.24383e+10
1.5 1 1.5 0.059256 -0.218066 0.528177 4.72315e+10
1 1.5 1.5 0.0859997 -0.218634 0.546737 4.45109e+10
2 -1.5 1.5 -0.396903 -0.151011 0.527422 4.15767e+10
2.5 -1 1.5 -0.236863 -0.135342 0.541339 3.52975e+10
2 -0.5 1.5 -0.148253 -0.193423 0.519925 4.76409e+10
2.5 0 1.5 -0.0387196 -0.164799 0.530538 4.24668e+10
2 0.5 1.5 0.0181646 -0.203348 0.521996 4.71803e+10
2.5 1 1.5 0.102588 -0.163118 0.524994 4.43252e+10
2 1.5 1.5 0.12838 -0.180642 0.532014 4.47065e+10
