449
-2.5 -1 -1.5 0.165539 0.83673 0.272584 1.60763e+10
-2.5 0 -1.5 0.28838 0.822221 0.208386 1.51032e+10
-2.5 1 -1.5 0.428451 0.763883 0.132209 1.23712e+10
-2 -1.5 -1.5 0.127516 0.833479 0.275028 1.28688e+10
-1.5 -1 -1.5 0.191731 0.835756 0.226393 1.0383e+10
-2 -0.5 -1.5 0.230876 0.836155 0.220019 1.3208e+10
-1.5 0 -1.5 0.292838 0.824228 0.165563 1.01544e+10
-2 0.5 -1.5 0.350755 0.805647 0.149863 1.1856e+10
-1.5 1 -1.5 0.406434 0.780059 0.0902642 8.75241e+09
-2 1.5 -1.5 0.482809 0.732318 0.0688863 9.33787e+09
-1 -1.5 -1.5 0.166675 0.826216 0.226591 7.53514e+09
-0.5 -1 -1.5 0.225422 0.820674 0.181423 5.74454e+09
-1 -0.5 -1.5 0.252351 0.827501 0.176441 7.91752e+09
-0.5 0 -1.5 0.306788 0.811502 0.12548 5.77596e+09
-1 0.5 -1.5 0.348405 0.803966 0.110107 7.41933e+09
-0.5 1 -1.5 0.396147 0.77813 0.054087 5.21821e+09
-1 1.5 -1.5 0.453789 0.748649 0.0304329 6.17864e+09
0 -1.5 -1.5 0.207811 0.807516 0.180598 3.9659e+09
0.5 -1 -1.5 0.258563 0.797439 0.139072 2.92423e+09
0 -0.5 -1.5 0.278136 0.807976 0.135164 4.20748e+09
0.5 0 -1.5 0.323904 0.79046 0.0878057 2.98655e+09
0 0.5 -1.5 0.353861 0.790264 0.0736729 4.07302e+09
0.5 1 -1.5 0.393462 0.765762 0.0213045 2.79879e+09
0 1.5 -1.5 0.43586 0.748891 -0.00206982 3.56761e+09
1 -1.5 -1.5 0.244351 0.783327 0.137734 1.97281e+09
1.5 -1 -1.5 0.287048 0.771487 0.0992659 1.42314e+09
1 -0.5 -1.5 0.302754 0.783002 0.0962211 2.09287e+09
1.5 0 -1.5 0.340519 0.765927 0.0521995 1.46239e+09
1 0.5 -1.5 0.362735 0.769957 0.0395433 2.06853e+09
1.5 1 -1.5 0.395185 0.747798 -0.00924406 1.40498e+09
1 1.5 -1.5 0.426119 0.739419 -0.0312007 1.88528e+09
2 -1.5 -1.5 0.274236 0.758638 0.0975071 9.48992e+08
2.5 -1 -1.5 0.310234 0.74721 0.0617792 6.72409e+08
2 -0.5 -1.5 0.323794 0.757395 0.059457 1.00237e+09
2.5 0 -1.5 0.355265 0.742286 0.0186812 6.91644e+08
2 0.5 -1.5 0.372464 0.747482 0.00737409 1.00182e+09
2.5 1 -1.5 0.399414 0.728606 -0.03776 6.74645e+08
2 1.5 -1.5 0.422061 0.724934 -0.05807 9.39011e+08
-2.25 -0.75 -1.25 -0.206063 0.772166 0.328807 4.53461e+09
-2.25 0.25 -1.25 -0.0654637 0.752023 0.276503 3.54026e+09
-2.25 1.25 -1.25 0.094124 0.674813 0.21176 2.50382e+09
-1.75 -1.25 -1.25 -0.255793 0.777533 0.318402 3.97009e+09
-1.25 -0.75 -1.25 -0.192761 0.785632 0.267479 2.87688e+09
-1.75 -0.25 -1.25 -0.13656 0.776163 0.27208 3.33737e+09
-1.25 0.25 -1.25 -0.073825 0.766762 0.211636 2.34801e+09
-1.75 0.75 -1.25 0.00309854 0.734786 0.209616 2.53383e+09
-1.25 1.25 -1.25 0.0626383 0.707547 0.140059 1.74946e+09
-0.75 -1.25 -1.25 -0.234923 0.788661 0.259333 2.29963e+09
-0.25 -0.75 -1.25 -0.181734 0.788068 0.210858 1.60111e+09
-0.75 -0.25 -1.25 -0.135099 0.781769 0.213128 2.00697e+09
-0.25 0.25 -1.25 -0.0830367 0.768919 0.15578 1.36501e+09
-0.75 0.75 -1.25 -0.0180921 0.747678 0.148312 1.60387e+09
-0.25 1.25 -1.25 0.0310789 0.722036 0.0834183 1.07419e+09
0.25 -1.25 -1.25 -0.215508 0.791099 0.203238 1.20826e+09
0.75 -0.75 -1.25 -0.170129 0.785052 0.157391 8.25918e+08
0.25 -0.25 -1.25 -0.13313 0.779451 0.159326 1.08969e+09
0.75 0.25 -1.25 -0.088691 0.765043 0.105442 7.30064e+08
0.25 0.75 -1.25 -0.036199 0.749701 0.0964113 9.12589e+08
0.75 1.25 -1.25 0.00606995 0.72628 0.0362152 6.02765e+08
1.25 -1.25 -1.25 -0.196418 0.789367 0.149919 6.02261e+08
1.75 -0.75 -1.25 -0.156358 0.780631 0.106734 4.07962e+08
1.25 -0.25 -1.25 -0.128024 0.77401 0.108942 5.56054e+08
1.75 0.25 -1.25 -0.0884622 0.759653 0.0587188 3.70094e+08
1.25 0.75 -1.25 -0.0477596 0.746736 0.0501957 4.83565e+08
1.75 1.25 -1.25 -0.00958488 0.726087 -0.00541767 3.17405e+08
2.25 -1.25 -1.25 -0.175793 0.787178 0.0994652 2.91157e+08
2.25 -0.25 -1.25 -0.117907 0.769326 0.0614771 2.73036e+08
2.25 0.75 -1.25 -0.0506118 0.74343 0.00761168 2.43987e+08
-2.5 -1.5 -1 0.214548 0.822513 0.225697 3.16239e+10
-2.5 -0.5 -1 0.306888 0.817964 0.155538 3.17262e+10
-2.5 0.5 -1 0.415787 0.777434 0.0708746 2.74833e+10
-2.5 1.5 -1 0.535852 0.690838 -0.0217656 2.06863e+10
-1.5 -1.5 -1 0.247329 0.805247 0.18089 1.8151e+10
-2 -1 -1 0.270032 0.817632 0.171824 2.50818e+10
-1.5 -0.5 -1 0.323328 0.80296 0.117047 1.88183e+10
-2 0 -1 0.360883 0.799287 0.0966419 2.39224e+10
-1.5 0.5 -1 0.40937 0.772903 0.0371689 1.71697e+10
-2 1 -1 0.463804 0.745271 0.00813241 1.98773e+10
-1.5 1.5 -1 0.504006 0.708007 -0.0544145 1.37787e+10
-0.5 -1.5 -1 0.284056 0.775605 0.137721 9.37358e+09
-1 -1 -1 0.299242 0.793734 0.13075 1.36641e+10
-0.5 -0.5 -1 0.34582 0.77577 0.0797642 9.88857e+09
-1 0 -1 0.371185 0.781254 0.0615954 1.35228e+10
-0.5 0.5 -1 0.41203 0.755041 0.00560246 9.40537e+09
-1 1 -1 0.450427 0.741679 -0.022481 1.18833e+10
-0.5 1.5 -1 0.483653 0.707803 -0.0818755 8.00937e+09
0.5 -1.5 -1 0.316775 0.740611 0.0969012 4.59118e+09
0 -1 -1 0.329088 0.760806 0.0913923 6.85227e+09
0.5 -0.5 -1 0.367881 0.742272 0.0438573 4.864e+09
0 0 -1 0.385787 0.753691 0.0278948 6.94124e+09
0.5 0.5 -1 0.418957 0.729271 -0.0246732 4.75904e+09
0 1 -1 0.445567 0.726261 -0.0506474 6.38337e+09
0.5 1.5 -1 0.472251 0.696221 -0.10672 4.25292e+09
1.5 -1.5 -1 0.342883 0.705765 0.0577542 2.18416e+09
1 -1 -1 0.35451 0.725131 0.053672 3.29412e+09
1.5 -0.5 -1 0.386346 0.707862 0.00909813 2.30854e+09
1 0 -1 0.400361 0.721668 -0.0047484 3.37302e+09
1.5 0.5 -1 0.427 0.700116 -0.0540664 2.29513e+09
1 1 -1 0.445783 0.703706 -0.0775606 3.20328e+09
1.5 1.5 -1 0.467 0.677744 -0.130286 2.12408e+09
2.5 -1.5 -1 0.362738 0.674786 0.0199424 1.01457e+09
2 -1 -1 0.374329 0.691402 0.0171678 1.54343e+09
2.5 -0.5 -1 0.40083 0.67659 -0.0245291 1.06766e+09
2 0 -1 0.412805 0.689882 -0.0364567 1.58594e+09
2.5 0.5 -1 0.434632 0.671903 -0.0824738 1.07026e+09
2 1 -1 0.448517 0.678331 -0.103608 1.53667e+09
2.5 1.5 -1 0.465711 0.656798 -0.152823 1.01382e+09
-2.25 -1.25 -0.75 -0.240295 0.785341 0.239787 8.49081e+09
-2.25 -0.25 -0.75 -0.134263 0.774336 0.175796 6.98934e+09
-2.25 0.75 -0.75 -0.0128023 0.721996 0.0954038 5.14917e+09
-1.25 -1.25 -0.75 -0.225249 0.7838 0.18131 4.84934e+09
-1.75 -0.75 -0.75 -0.184391 0.782645 0.180896 6.05354e+09
-1.25 -0.25 -0.75 -0.132412 0.767528 0.119624 4.15866e+09
-1.75 0.25 -0.75 -0.0773844 0.752972 0.108188 4.82937e+09
-1.25 0.75 -0.75 -0.026195 0.721963 0.0388602 3.24908e+09
-1.75 1.25 -0.75 0.042733 0.682024 0.0203138 3.49345e+09
-0.25 -1.25 -0.75 -0.212481 0.773377 0.126399 2.51545e+09
-0.75 -0.75 -0.75 -0.177407 0.77264 0.126346 3.33078e+09
-0.25 -0.25 -0.75 -0.133257 0.753244 0.0689841 2.23941e+09
-0.75 0.25 -0.75 -0.0849525 0.743335 0.0562447 2.79072e+09
-0.25 0.75 -0.75 -0.0419645 0.713182 -0.00830835 1.84489e+09
-0.75 1.25 -0.75 0.0192827 0.685015 -0.0309192 2.14929e+09
0.75 -1.25 -0.75 -0.200807 0.759127 0.0743373 1.24049e+09
0.25 -0.75 -0.75 -0.171457 0.757161 0.0751054 1.70066e+09
0.75 -0.25 -0.75 -0.133157 0.735995 0.0215765 1.13406e+09
0.25 0.25 -0.75 -0.0926196 0.728281 0.00986948 1.48483e+09
0.75 0.75 -0.75 -0.055144 0.699998 -0.0500241 9.74985e+08
0.25 1.25 -0.75 -0.00313319 0.679639 -0.0728525 1.20728e+09
1.75 -1.25 -0.75 -0.188871 0.744929 0.0247271 5.94507e+08
1.25 -0.75 -0.75 -0.164755 0.740674 0.0263435 8.32838e+08
1.75 -0.25 -0.75 -0.130187 0.71976 -0.0235792 5.53095e+08
1.25 0.25 -0.75 -0.0971411 0.711861 -0.0333805 7.48687e+08
1.75 0.75 -0.75 -0.0629418 0.686308 -0.088871 4.90174e+08
1.25 1.25 -0.75 -0.0204316 0.670095 -0.109714 6.35321e+08
2.25 -0.75 -0.75 -0.155528 0.726666 -0.0202491 3.96912e+08
2.25 0.25 -0.75 -0.0965007 0.69784 -0.0746098 3.63828e+08
2.25 1.25 -0.75 -0.0300085 0.660522 -0.144074 3.18375e+08
-2.5 -1 -0.5 0.354332 0.802134 0.123441 6.46596e+10
-2.5 0 -0.5 0.435739 0.775797 0.0339498 5.98204e+10
-2.5 1 -0.5 0.528407 0.71063 -0.0668689 4.77234e+10
-2 -1.5 -0.5 0.33494 0.788321 0.140848 4.69971e+10
-1.5 -1 -0.5 0.380992 0.771247 0.0851342 3.49389e+10
-2 -0.5 -0.5 0.401376 0.781518 0.063052 4.77611e+10
-1.5 0 -0.5 0.443232 0.754791 0.00258075 3.38225e+10
-2 0.5 -0.5 0.477635 0.743927 -0.0302425 4.21958e+10
-1.5 1 -0.5 0.512206 0.70808 -0.0938585 2.87529e+10
-2 1.5 -0.5 0.561505 0.668203 -0.132603 3.24909e+10
-1 -1.5 -0.5 0.369859 0.748668 0.0997229 2.39311e+10
-0.5 -1 -0.5 0.409651 0.729848 0.0482825 1.73455e+10
-1 -0.5 -0.5 0.422023 0.748685 0.0290102 2.49857e+10
-0.5 0 -0.5 0.456567 0.722855 -0.0275762 1.73462e+10
-1 0.5 -0.5 0.478166 0.72441 -0.0578635 2.32119e+10
-0.5 1 -0.5 0.505823 0.69221 -0.11802 1.55664e+10
-1 1.5 -0.5 0.539017 0.670392 -0.156517 1.91157e+10
0 -1.5 -0.5 0.401141 0.70325 0.0606434 1.1576e+10
0.5 -1 -0.5 0.434225 0.685105 0.0125751 8.26331e+09
0 -0.5 -0.5 0.443404 0.708085 -0.00407515 1.22127e+10
0.5 0 -0.5 0.470879 0.684904 -0.0572428 8.40602e+09
0 0.5 -0.5 0.484338 0.695398 -0.0844601 1.17746e+10
0.5 1 -0.5 0.50574 0.667334 -0.14129 7.85552e+09
0 1.5 -0.5 0.52666 0.659343 -0.177481 1.02623e+10
1 -1.5 -0.5 0.425715 0.658331 0.0225961 5.45865e+09
1.5 -1 -0.5 0.452945 0.642293 -0.0228238 3.84971e+09
1 -0.5 -0.5 0.461438 0.665743 -0.0367161 5.76375e+09
1.5 0 -0.5 0.483155 0.646058 -0.0869253 3.94386e+09
1 0.5 -0.5 0.492448 0.661248 -0.110901 5.68211e+09
1.5 1 -0.5 0.508743 0.637613 -0.164615 3.78342e+09
1 1.5 -0.5 0.521468 0.639206 -0.197628 5.16939e+09
2 -1.5 -0.5 0.443669 0.617759 -0.0153047 2.52653e+09
2.5 -1 -0.5 0.466381 0.604502 -0.0582914 1.75612e+09
2 -0.5 -0.5 0.475026 0.626079 -0.0694598 2.65973e+09
2.5 0 -0.5 0.492594 0.610163 -0.116844 1.80312e+09
2 0.5 -0.5 0.499989 0.626524 -0.137611 2.6537e+09
2.5 1 -0.5 0.512631 0.607376 -0.188266 1.75766e+09
2 1.5 -0.5 0.520468 0.614233 -0.217916 2.48569e+09
-2.25 -0.75 -0.25 -0.119606 0.801494 0.0937198 1.32264e+10
-2.25 0.25 -0.25 -0.0244079 0.766142 -0.000492189 1.0316e+10
-2.25 1.25 -0.25 0.0770641 0.690001 -0.108151 7.24052e+09
-1.75 -1.25 -0.25 -0.161309 0.798003 0.104006 1.06411e+10
-1.25 -0.75 -0.25 -0.117877 0.777164 0.0395183 7.22132e+09
-1.75 -0.25 -0.25 -0.0733604 0.776243 0.0221308 8.96102e+09
-1.25 0.25 -0.25 -0.0305826 0.74161 -0.0498612 5.9406e+09
-1.75 0.75 -0.25 0.0210351 0.72415 -0.0786049 6.84064e+09
-1.25 1.25 -0.25 0.0616128 0.676398 -0.154903 4.47321e+09
-0.75 -1.25 -0.25 -0.156781 0.772808 0.0490654 5.4696e+09
-0.25 -0.75 -0.25 -0.118422 0.747069 -0.00999892 3.66195e+09
-0.75 -0.25 -0.25 -0.0773122 0.74775 -0.0261225 4.8025e+09
-0.25 0.25 -0.25 -0.0398204 0.712831 -0.0922729 3.15527e+09
-0.75 0.75 -0.25 0.0083095 0.701158 -0.121329 3.88798e+09
-0.25 1.25 -0.25 0.0432171 0.657952 -0.191223 2.52379e+09
0.25 -1.25 -0.25 -0.153645 0.743871 -0.00217091 2.67747e+09
0.75 -0.75 -0.25 -0.119332 0.716168 -0.056813 1.78381e+09
0.25 -0.25 -0.25 -0.0824127 0.716315 -0.0704488 2.42158e+09
0.75 0.25 -0.25 -0.0486954 0.682906 -0.131544 1.58794e+09
0.25 0.75 -0.25 -0.00543871 0.675085 -0.158041 2.05662e+09
0.75 1.25 -0.25 0.0258518 0.63646 -0.222606 1.33231e+09
1.25 -1.25 -0.25 -0.150735 0.715422 -0.0511099 1.27665e+09
1.75 -0.75 -0.25 -0.119113 0.688012 -0.102284 8.47462e+08
1.25 -0.25 -0.25 -0.0865493 0.686106 -0.112951 1.17732e+09
1.75 0.25 -0.25 -0.05514 0.655283 -0.169883 7.70819e+08
1.25 0.75 -0.25 -0.0172094 0.648597 -0.192514 1.03422e+09
1.75 1.25 -0.25 0.0122018 0.614518 -0.252712 6.69103e+08
2.25 -1.25 -0.25 -0.146636 0.690483 -0.0989049 5.9645e+08
2.25 -0.25 -0.25 -0.0880256 0.660056 -0.154994 5.57045e+08
2.25 0.75 -0.25 -0.024873 0.624779 -0.226958 5.00526e+08
-2.5 -1.5 0 0.41824 0.780771 0.117664 1.28263e+11
-2.5 -0.5 0 0.478744 0.767462 0.027765 1.27002e+11
-2.5 0.5 0 0.549146 0.720482 -0.0765728 1.08284e+11
-2.5 1.5 0 0.626426 0.631078 -0.186496 7.97369e+10
-1.5 -1.5 0 0.454539 0.735153 0.077831 6.51026e+10
-2 -1 0 0.460999 0.759493 0.0568193 9.44926e+10
-1.5 -0.5 0 0.49844 0.733735 -0.00397062 6.6943e+10
-2 0 0 0.516567 0.737212 -0.0373328 8.89681e+10
-1.5 0.5 0 0.547162 0.70409 -0.101746 6.04157e+10
-2 1 0 0.578807 0.681345 -0.143785 7.28846e+10
-1.5 1.5 0 0.600517 0.6411 -0.209188 4.79213e+10
-0.5 -1.5 0 0.487881 0.68225 0.0400177 3.12862e+10
-1 -1 0 0.49083 0.713638 0.0218414 4.6871e+10
-0.5 -0.5 0 0.520959 0.689971 -0.0346917 3.27754e+10
-1 0 0 0.529135 0.705524 -0.0647196 4.60507e+10
-0.5 0.5 0 0.55283 0.676303 -0.125265 3.09916e+10
-1 1 0 0.570266 0.66978 -0.165216 4.01193e+10
-0.5 1.5 0 0.586434 0.635254 -0.227375 2.62161e+10
0.5 -1.5 0 0.514306 0.62932 0.00306669 1.46698e+10
0 -1 0 0.517463 0.662792 -0.0121168 2.22435e+10
0.5 -0.5 0 0.541052 0.642658 -0.0652429 1.54531e+10
0 0 0 0.544635 0.665473 -0.0916727 2.2411e+10
0.5 0.5 0 0.56221 0.64088 -0.148816 1.50583e+10
0 1 0 0.569977 0.646891 -0.185285 2.05159e+10
0.5 1.5 0 0.581309 0.617636 -0.244387 1.34092e+10
1.5 -1.5 0 0.533491 0.58089 -0.0343162 6.77876e+09
1 -1 0 0.538111 0.613081 -0.0461482 1.03334e+10
1.5 -0.5 0 0.556526 0.596952 -0.0965499 7.13413e+09
1 0 0 0.55894 0.62254 -0.119104 1.05363e+10
1.5 0.5 0 0.571674 0.60271 -0.173324 7.07069e+09
1 1 0 0.574303 0.61649 -0.205736 9.97544e+09
1.5 1.5 0 0.581582 0.59235 -0.26203 6.52834e+09
2.5 -1.5 0 0.546589 0.53884 -0.0727558 3.07229e+09
2 -1 0 0.552733 0.568157 -0.0811941 4.72291e+09
2.5 -0.5 0 0.567364 0.55587 -0.129206 3.22444e+09
2 0 0 0.570073 0.581201 -0.147764 4.8382e+09
2.5 0.5 0 0.579345 0.565867 -0.199353 3.2256e+09
2 1 0 0.579861 0.583206 -0.227482 4.67724e+09
2.5 1.5 0 0.584091 0.56398 -0.281161 3.05052e+09
-2.25 -1.25 0.25 0.0446165 0.83016 0.0592134 3.53629e+10
-2.25 -0.25 0.25 0.137552 0.804991 -0.0334465 2.98016e+10
-2.25 0.75 0.25 0.22854 0.747552 -0.143751 2.25122e+10
-1.25 -1.25 0.25 0.0452708 0.794344 0.00480013 1.79832e+10
-1.75 -0.75 0.25 0.0901455 0.804041 -0.0100606 2.39369e+10
-1.25 -0.25 0.25 0.131079 0.769984 -0.0793302 1.58521e+10
-1.75 0.25 0.25 0.178043 0.765826 -0.109042 1.96318e+10
-1.25 0.75 0.25 0.212594 0.721257 -0.18291 1.2762e+10
-1.75 1.25 0.25 0.262063 0.695641 -0.221887 1.45833e+10
-0.25 -1.25 0.25 0.0443024 0.752865 -0.0453898 8.70343e+09
-0.75 -0.75 0.25 0.0865537 0.764011 -0.0577276 1.20116e+10
-0.25 -0.25 0.25 0.123374 0.72912 -0.120893 7.9203e+09
-0.75 0.25 0.25 0.166817 0.730902 -0.14815 1.0366e+10
-0.25 0.75 0.25 0.197367 0.689378 -0.215821 6.72589e+09
-0.75 1.25 0.25 0.241348 0.674219 -0.254251 8.23018e+09
0.75 -1.25 0.25 0.0423739 0.710952 -0.0933094 4.11121e+09
0.25 -0.75 0.25 0.081759 0.721065 -0.102575 5.79071e+09
0.75 -0.25 0.25 0.115416 0.687322 -0.160872 3.81782e+09
0.25 0.25 0.25 0.155661 0.691997 -0.184119 5.17972e+09
0.75 0.75 0.25 0.183561 0.654338 -0.246785 3.3661e+09
0.25 1.25 0.25 0.222976 0.64729 -0.281705 4.33915e+09
1.75 -1.25 0.25 0.0405051 0.672158 -0.140757 1.91047e+09
1.25 -0.75 0.25 0.0767986 0.679762 -0.146531 2.7299e+09
1.75 -0.25 0.25 0.108279 0.648322 -0.201254 1.79661e+09
1.25 0.25 0.25 0.145357 0.653183 -0.219711 2.49864e+09
1.75 0.75 0.25 0.171808 0.619557 -0.278579 1.62336e+09
1.25 1.25 0.25 0.207359 0.617135 -0.308391 2.17446e+09
2.25 -0.75 0.25 0.0728866 0.642806 -0.19137 1.26138e+09
2.25 0.25 0.25 0.137031 0.617478 -0.256987 1.17147e+09
2.25 1.25 0.25 0.195175 0.586848 -0.337078 1.04588e+09
-2.5 -1 0.5 0.227257 0.783079 0.0901182 1.52558e+11
-2.5 0 0.5 0.317298 0.750356 -0.00497801 1.28309e+11
-2.5 1 0.5 0.405953 0.683738 -0.112277 9.47382e+10
-2 -1.5 0.5 0.180238 0.769387 0.109176 1.12478e+11
-1.5 -1 0.5 0.220226 0.742663 0.05209 7.68245e+10
-2 -0.5 0.5 0.266713 0.752753 0.0277081 1.02767e+11
-1.5 0 0.5 0.301155 0.717013 -0.0340331 6.73561e+10
-2 0.5 0.5 0.350616 0.7095 -0.0707783 8.30927e+10
-1.5 1 0.5 0.377767 0.66586 -0.135278 5.29032e+10
-2 1.5 0.5 0.430864 0.633312 -0.178792 5.96967e+10
-1 -1.5 0.5 0.176366 0.7249 0.067358 5.4613e+10
-0.5 -1 0.5 0.212706 0.696242 0.0154267 3.68505e+10
-1 -0.5 0.5 0.255684 0.710902 -0.00492866 5.10781e+10
-0.5 0 0.5 0.286168 0.676612 -0.0621987 3.33751e+10
-1 0.5 0.5 0.330069 0.678577 -0.095313 4.34079e+10
-0.5 1 0.5 0.353788 0.639572 -0.156082 2.76865e+10
-1 1.5 0.5 0.399225 0.621845 -0.19838 3.33599e+10
0 -1.5 0.5 0.171775 0.678008 0.02708 2.57304e+10
0.5 -1 0.5 0.204735 0.649583 -0.0210571 1.72674e+10
0 -0.5 0.5 0.244575 0.665257 -0.037365 2.44183e+10
0.5 0 0.5 0.272192 0.633761 -0.0910718 1.59773e+10
0 0.5 0.5 0.311932 0.641741 -0.119725 2.15607e+10
0.5 1 0.5 0.333513 0.607519 -0.17728 1.38165e+10
0 1.5 0.5 0.372944 0.601334 -0.216093 1.75414e+10
1 -1.5 0.5 0.166967 0.633253 -0.0128876 1.19379e+10
1.5 -1 0.5 0.197278 0.606409 -0.0582921 7.97166e+09
1 -0.5 0.5 0.233913 0.620727 -0.0706526 1.14271e+10
1.5 0 0.5 0.25977 0.592514 -0.121516 7.47604e+09
1 0.5 0.5 0.296036 0.6029 -0.145486 1.03538e+10
1.5 1 0.5 0.316663 0.573212 -0.200258 6.65277e+09
1 1.5 0.5 0.351494 0.574527 -0.23452 8.79593e+09
2 -1.5 0.5 0.162758 0.592988 -0.0533781 5.45652e+09
2.5 -1 0.5 0.191388 0.568155 -0.0966451 3.60586e+09
2 -0.5 0.5 0.224763 0.58017 -0.105398 5.25094e+09
2.5 0 0.5 0.250039 0.554988 -0.153827 3.41153e+09
2 0.5 0.5 0.282873 0.565443 -0.173291 4.83852e+09
2.5 1 0.5 0.303884 0.539601 -0.225532 3.09503e+09
2 1.5 0.5 0.334682 0.544813 -0.254986 4.23762e+09
-2.25 -0.75 0.75 0.360055 0.783892 0.000730601 3.56717e+10
-2.25 0.25 0.75 0.441074 0.740642 -0.10435 2.95063e+10
-2.25 1.25 0.75 0.515263 0.661518 -0.220711 2.16912e+10
-1.75 -1.25 0.75 0.32139 0.775458 0.0220387 2.67082e+10
-1.25 -0.75 0.75 0.364046 0.747619 -0.0408621 1.82045e+10
-1.75 -0.25 0.75 0.400509 0.752319 -0.0682935 2.40674e+10
-1.25 0.25 0.75 0.432774 0.717692 -0.136678 1.59385e+10
-1.75 0.75 0.75 0.470655 0.700832 -0.176868 1.9402e+10
-1.25 1.25 0.75 0.492238 0.659641 -0.246825 1.2597e+10
-0.75 -1.25 0.75 0.328441 0.732128 -0.023649 1.30369e+10
-0.25 -0.75 0.75 0.36626 0.704767 -0.0811604 8.824e+09
-0.75 -0.25 0.75 0.399069 0.717095 -0.104155 1.2181e+10
-0.25 0.25 0.75 0.426719 0.685505 -0.167312 8.04978e+09
-0.75 0.75 0.75 0.457346 0.68175 -0.203785 1.04267e+10
-0.25 1.25 0.75 0.475209 0.645582 -0.269029 6.76189e+09
0.25 -1.25 0.75 0.332352 0.68657 -0.0680237 6.17665e+09
0.75 -0.75 0.75 0.366225 0.661162 -0.121264 4.16783e+09
0.25 -0.25 0.75 0.397076 0.676692 -0.13957 5.89541e+09
0.75 0.25 0.75 0.421498 0.648831 -0.19832 3.8999e+09
0.25 0.75 0.75 0.447779 0.653843 -0.229748 5.27115e+09
0.75 1.25 0.75 0.463139 0.622574 -0.290984 3.42557e+09
1.25 -1.25 0.75 0.33381 0.64347 -0.112255 2.8809e+09
1.75 -0.75 0.75 0.364719 0.620838 -0.162381 1.93564e+09
1.25 -0.25 0.75 0.394032 0.636292 -0.175801 2.7818e+09
1.75 0.25 0.75 0.416449 0.612348 -0.231109 1.83831e+09
1.25 0.75 0.75 0.440306 0.621594 -0.256896 2.55771e+09
1.75 1.25 0.75 0.454294 0.59506 -0.314883 1.66336e+09
2.25 -1.25 0.75 0.334101 0.605485 -0.157674 1.32247e+09
2.25 -0.25 0.75 0.390647 0.599422 -0.214116 1.28528e+09
2.25 0.75 0.75 0.434223 0.589389 -0.286729 1.2024e+09
-2.5 -1.5 1 -0.0711364 0.859835 0.125664 1.22429e+11
-2.5 -0.5 1 0.00210909 0.841406 0.0497773 9.77416e+10
-2.5 0.5 1 0.0731613 0.79624 -0.0406404 6.8609e+10
-2.5 1.5 1 0.139741 0.717406 -0.138763 4.28921e+10
-1.5 -1.5 1 -0.114845 0.830445 0.0740404 6.09201e+10
-2 -1 1 -0.0592428 0.837966 0.0661417 7.9234e+10
-1.5 -0.5 1 -0.0523729 0.805209 0.0082964 4.95375e+10
-2 0 1 0.00818242 0.804578 -0.0126866 6.0104e+10
-1.5 0.5 1 0.0113579 0.758308 -0.0735816 3.63292e+10
-2 1 1 0.0747071 0.74405 -0.104802 4.0843e+10
-1.5 1.5 1 0.0762186 0.685544 -0.167139 2.42392e+10
-0.5 -1.5 1 -0.155441 0.794575 0.0258289 2.90761e+10
-1 -1 1 -0.10735 0.801003 0.0211142 3.87466e+10
-0.5 -0.5 1 -0.102493 0.763492 -0.0314322 2.41665e+10
-1 0 1 -0.0481907 0.763727 -0.0486107 3.04106e+10
-0.5 0.5 1 -0.0439782 0.716397 -0.105104 1.85283e+10
-1 1 1 0.0145674 0.70592 -0.133403 2.184e+10
-0.5 1.5 1 0.0200516 0.651 -0.192365 1.31405e+10
0.5 -1.5 1 -0.190472 0.756522 -0.0203563 1.35952e+10
0 -1 1 -0.150159 0.760423 -0.0222247 1.84201e+10
0.5 -0.5 1 -0.145081 0.721016 -0.0709679 1.15315e+10
0 0 1 -0.0976912 0.720427 -0.0841461 1.49273e+10
0.5 0.5 1 -0.0908534 0.674446 -0.137286 9.18181e+09
0 1 1 -0.0375994 0.666287 -0.161423 1.12698e+10
0.5 1.5 1 -0.027964 0.615963 -0.21757 6.8593e+09
1.5 -1.5 1 -0.21845 0.71951 -0.065817 6.26978e+09
1 -1 1 -0.185318 0.720318 -0.0651285 8.6175e+09
1.5 -0.5 1 -0.178514 0.681062 -0.111321 5.41016e+09
1 0 1 -0.138134 0.678615 -0.120665 7.17022e+09
1.5 0.5 1 -0.127963 0.635103 -0.171345 4.43675e+09
1 1 1 -0.080756 0.627761 -0.190874 5.63651e+09
1.5 1.5 1 -0.0668576 0.581843 -0.244774 3.453e+09
2.5 -1.5 1 -0.238963 0.68517 -0.111584 2.83484e+09
2 -1 1 -0.211918 0.683063 -0.10857 3.96672e+09
2.5 -0.5 1 -0.202415 0.644762 -0.153156 2.47955e+09
2 0 1 -0.168577 0.640321 -0.158956 3.36903e+09
2.5 0.5 1 -0.154478 0.59909 -0.207876 2.07881e+09
2 1 1 -0.113777 0.591722 -0.222871 2.73089e+09
2.5 1.5 1 -0.0949748 0.549042 -0.274986 1.66832e+09
-2.25 -1.25 1.25 0.497456 0.724333 0.0848701 1.67616e+10
-2.25 -0.25 1.25 0.572812 0.694782 -0.0166187 1.49438e+10
-2.25 0.75 1.25 0.639474 0.631492 -0.134044 1.17166e+10
-1.25 -1.25 1.25 0.502217 0.693577 0.0493539 8.54903e+09
-1.75 -0.75 1.25 0.535643 0.702473 0.0225236 1.17036e+10
-1.25 -0.25 1.25 0.565398 0.678985 -0.0401259 7.94502e+09
-1.75 0.25 1.25 0.599303 0.667087 -0.0828113 1.00559e+10
-1.25 0.75 1.25 0.617701 0.639035 -0.147789 6.63424e+09
-1.75 1.25 1.25 0.654422 0.598531 -0.200005 7.68502e+09
-0.25 -1.25 1.25 0.505236 0.658066 0.0114789 4.14933e+09
-0.75 -0.75 1.25 0.535199 0.673618 -0.00849576 5.87317e+09
-0.25 -0.25 1.25 0.56042 0.653447 -0.0669017 3.95725e+09
-0.75 0.25 1.25 0.587228 0.655146 -0.102469 5.29055e+09
-0.25 0.75 1.25 0.602299 0.631501 -0.163938 3.47602e+09
-0.75 1.25 1.25 0.629409 0.611166 -0.210958 4.31865e+09
0.75 -1.25 1.25 0.505789 0.623308 -0.02788 1.96626e+09
0.25 -0.75 1.25 0.533937 0.640834 -0.0420984 2.82936e+09
0.75 -0.25 1.25 0.555859 0.624262 -0.0965535 1.9014e+09
0.25 0.25 1.25 0.578856 0.633642 -0.125339 2.6295e+09
0.75 0.75 1.25 0.591628 0.614288 -0.183328 1.7289e+09
0.25 1.25 1.25 0.611843 0.608108 -0.224098 2.26162e+09
1.75 -1.25 1.25 0.504375 0.592912 -0.0685534 9.18115e+08
1.25 -0.75 1.25 0.531193 0.609263 -0.0777991 1.33437e+09
1.75 -0.25 1.25 0.550819 0.596416 -0.128819 8.9414e+08
1.25 0.25 1.25 0.572019 0.608473 -0.151381 1.26315e+09
1.75 0.75 1.25 0.583345 0.593363 -0.20612 8.30764e+08
1.25 1.25 1.25 0.59971 0.595254 -0.240478 1.12687e+09
2.25 -0.75 1.25 0.527279 0.582463 -0.115421 6.18958e+08
2.25 0.25 1.25 0.565537 0.584729 -0.180418 5.92228e+08
2.25 1.25 1.25 0.590598 0.57883 -0.260349 5.41116e+08
-2.5 -1 1.5 0.0941446 0.837848 0.0914731 5.82285e+10
-2.5 0 1.5 0.179299 0.79514 0.0016548 4.33378e+10
-2.5 1 1.5 0.258643 0.718963 -0.0992311 2.8521e+10
-2 -1.5 1.5 0.0281727 0.838111 0.108644 4.61079e+10
-1.5 -1 1.5 0.0449256 0.812361 0.0534933 2.97364e+10
-2 -0.5 1.5 0.110415 0.808195 0.0322808 3.69563e+10
-1.5 0 1.5 0.122499 0.770075 -0.0253103 2.2844e+10
-2 0.5 1.5 0.190503 0.751566 -0.058966 2.63746e+10
-1.5 1 1.5 0.199383 0.702227 -0.117778 1.58873e+10
-2 1.5 1.5 0.265709 0.662716 -0.159332 1.69501e+10
-1 -1.5 1.5 -0.0148087 0.8109 0.065135 2.2783e+10
-0.5 -1 1.5 -0.00147004 0.780597 0.0151746 1.45266e+10
-1 -0.5 1.5 0.0577199 0.778551 -0.000461865 1.86679e+10
-0.5 0 1.5 0.0686675 0.739117 -0.0537358 1.15557e+10
-1 0.5 1.5 0.132585 0.726218 -0.0817069 1.3948e+10
-0.5 1 1.5 0.142903 0.679586 -0.137207 8.48422e+09
-1 1.5 1.5 0.20841 0.650541 -0.175022 9.55908e+09
0 -1.5 1.5 -0.0534425 0.779147 0.0222574 1.08776e+10
0.5 -1 1.5 -0.041592 0.746551 -0.023762 6.91978e+09
0 -0.5 1.5 0.0100547 0.744845 -0.0345665 9.11765e+09
0.5 0 1.5 0.0218407 0.705968 -0.0844668 5.67552e+09
0 0.5 1.5 0.0798927 0.696675 -0.106678 7.10982e+09
0.5 1 1.5 0.0928713 0.653522 -0.159418 4.36554e+09
0 1.5 1.5 0.154894 0.63276 -0.191909 5.16268e+09
1 -1.5 1.5 -0.0856127 0.746362 -0.0203566 5.09475e+09
1.5 -1 1.5 -0.0735652 0.713396 -0.0636186 3.23974e+09
1 -0.5 1.5 -0.02956 0.710787 -0.070381 4.356e+09
1.5 0 1.5 -0.0157343 0.673659 -0.117741 2.72287e+09
1 0.5 1.5 0.0354277 0.666012 -0.134672 3.51718e+09
1.5 1 1.5 0.0517188 0.626434 -0.185132 2.17244e+09
1 1.5 1.5 0.108325 0.611273 -0.211904 2.67853e+09
2 -1.5 1.5 -0.110336 0.715119 -0.0631817 2.34751e+09
2.5 -1 1.5 -0.0968251 0.682944 -0.10455 1.48535e+09
2 -0.5 1.5 -0.0597973 0.678833 -0.108001 2.03977e+09
2.5 0 1.5 -0.0430471 0.643793 -0.153405 1.27191e+09
2 0.5 1.5 0.000971636 0.636463 -0.165779 1.6915e+09
2.5 1 1.5 0.0213397 0.599925 -0.214258 1.04307e+09
2 1.5 1.5 0.0712471 0.588048 -0.235652 1.33648e+09
