449
-2.5 -1 -1.5 0.0798778 0.150115 0.77806 1.88243e+10
-2.5 0 -1.5 0.102899 0.183091 0.69371 2.25997e+10
-2.5 1 -1.5 0.139077 0.210395 0.608771 2.87156e+10
-2 -1.5 -1.5 0.0928896 0.13497 0.799496 1.75077e+10
-1.5 -1 -1.5 0.122118 0.156925 0.73882 1.86251e+10
-2 -0.5 -1.5 0.111475 0.170189 0.719804 2.01663e+10
-1.5 0 -1.5 0.145351 0.190844 0.657403 2.16667e+10
-2 0.5 -1.5 0.139716 0.201457 0.634936 2.45444e+10
-1.5 1 -1.5 0.178506 0.220973 0.57204 2.6654e+10
-2 1.5 -1.5 0.182262 0.226917 0.550173 3.16238e+10
-1 -1.5 -1.5 0.133244 0.144614 0.748784 1.7876e+10
-0.5 -1 -1.5 0.161548 0.169915 0.682336 1.89728e+10
-1 -0.5 -1.5 0.153329 0.17966 0.673789 1.98532e+10
-0.5 0 -1.5 0.186024 0.203296 0.604653 2.11256e+10
-1 0.5 -1.5 0.180912 0.21253 0.590911 2.32568e+10
-0.5 1 -1.5 0.216928 0.235659 0.519924 2.48519e+10
-1 1.5 -1.5 0.218188 0.242803 0.504195 2.88359e+10
0 -1.5 -1.5 0.169915 0.161548 0.682336 1.89728e+10
0.5 -1 -1.5 0.196186 0.191074 0.611759 2.00915e+10
0 -0.5 -1.5 0.191074 0.196186 0.611759 2.00915e+10
0.5 0 -1.5 0.220859 0.222815 0.537076 2.11603e+10
0 0.5 -1.5 0.219031 0.227672 0.531294 2.23661e+10
0.5 1 -1.5 0.250259 0.251716 0.453982 2.34498e+10
0 1.5 -1.5 0.251143 0.259489 0.44456 2.62975e+10
1 -1.5 -1.5 0.203296 0.186024 0.604653 2.11256e+10
1.5 -1 -1.5 0.227672 0.219031 0.531294 2.23661e+10
1 -0.5 -1.5 0.222815 0.220859 0.537076 2.11603e+10
1.5 0 -1.5 0.248382 0.249101 0.458638 2.20692e+10
1 0.5 -1.5 0.249101 0.248382 0.458638 2.20692e+10
1.5 1 -1.5 0.273274 0.27088 0.377323 2.26171e+10
1 1.5 -1.5 0.276783 0.273659 0.373591 2.41368e+10
2 -1.5 -1.5 0.235659 0.216928 0.519924 2.48519e+10
2.5 -1 -1.5 0.259489 0.251143 0.44456 2.62975e+10
2 -0.5 -1.5 0.251716 0.250259 0.453982 2.34498e+10
2.5 0 -1.5 0.273659 0.276783 0.373591 2.41368e+10
2 0.5 -1.5 0.27088 0.273274 0.377323 2.26171e+10
2.5 1 -1.5 0.287394 0.289358 0.29468 2.25859e+10
2 1.5 -1.5 0.289358 0.287394 0.29468 2.25859e+10
-2.25 -0.75 -1.25 0.0499894 0.144973 0.740974 4.86743e+09
-2.25 0.25 -1.25 0.0503652 0.177504 0.657077 5.83707e+09
-2.25 1.25 -1.25 0.0518133 0.207956 0.573206 7.35003e+09
-1.75 -1.25 -1.25 0.0699527 0.125211 0.761318 4.52307e+09
-1.25 -0.75 -1.25 0.0894213 0.13931 0.699618 4.80803e+09
-1.75 -0.25 -1.25 0.0706523 0.157803 0.681705 5.21147e+09
-1.25 0.25 -1.25 0.0907808 0.169277 0.61987 5.57437e+09
-1.75 0.75 -1.25 0.0708719 0.187618 0.598881 6.3049e+09
-1.25 1.25 -1.25 0.0887359 0.196662 0.538417 6.77014e+09
-0.75 -1.25 -1.25 0.106218 0.1223 0.709137 4.60829e+09
-0.25 -0.75 -1.25 0.122748 0.136602 0.643594 4.86666e+09
-0.75 -0.25 -1.25 0.108167 0.152004 0.635279 5.10203e+09
-0.25 0.25 -1.25 0.124398 0.162419 0.568915 5.38022e+09
-0.75 0.75 -1.25 0.108501 0.17908 0.555871 5.92758e+09
-0.25 1.25 -1.25 0.122218 0.186275 0.49014 6.22529e+09
0.25 -1.25 -1.25 0.136602 0.122748 0.643594 4.86666e+09
0.75 -0.75 -1.25 0.148174 0.136505 0.576183 5.1047e+09
0.25 -0.25 -1.25 0.136505 0.148174 0.576183 5.1047e+09
0.75 0.25 -1.25 0.146009 0.155668 0.507524 5.28943e+09
0.25 0.75 -1.25 0.136561 0.169419 0.501069 5.60553e+09
0.75 1.25 -1.25 0.14271 0.171584 0.432668 5.72084e+09
1.25 -1.25 -1.25 0.162419 0.124398 0.568915 5.38022e+09
1.75 -0.75 -1.25 0.169419 0.136561 0.501069 5.60553e+09
1.25 -0.25 -1.25 0.155668 0.146009 0.507524 5.28943e+09
1.75 0.25 -1.25 0.157528 0.149486 0.438578 5.37306e+09
1.25 0.75 -1.25 0.149486 0.157528 0.438578 5.37306e+09
1.75 1.25 -1.25 0.142426 0.150272 0.371675 5.29049e+09
2.25 -1.25 -1.25 0.186275 0.122218 0.49014 6.22529e+09
2.25 -0.25 -1.25 0.171584 0.14271 0.432668 5.72084e+09
2.25 0.75 -1.25 0.150272 0.142426 0.371675 5.29049e+09
-2.5 -1.5 -1 0.0867644 0.144436 0.814229 1.72634e+10
-2.5 -0.5 -1 0.107547 0.180624 0.731009 2.00338e+10
-2.5 0.5 -1 0.138871 0.211747 0.643327 2.44882e+10
-2.5 1.5 -1 0.18587 0.236477 0.556596 3.15092e+10
-1.5 -1.5 -1 0.129649 0.153706 0.772175 1.73124e+10
-2 -1 -1 0.118049 0.166991 0.756081 1.83128e+10
-1.5 -0.5 -1 0.151359 0.189827 0.693218 1.94818e+10
-2 0 -1 0.143404 0.201577 0.671038 2.14988e+10
-1.5 0.5 -1 0.181138 0.223091 0.606957 2.30611e+10
-2 1 -1 0.179972 0.230682 0.583012 2.65775e+10
-1.5 1.5 -1 0.22256 0.251375 0.517751 2.86967e+10
-0.5 -1.5 -1 0.169157 0.169157 0.712281 1.79273e+10
-1 -1 -1 0.160324 0.178671 0.707425 1.83117e+10
-0.5 -0.5 -1 0.192409 0.204189 0.638487 1.93282e+10
-1 0 -1 0.186369 0.213144 0.626212 2.06989e+10
-0.5 0.5 -1 0.22244 0.237387 0.554845 2.18528e+10
-1 1 -1 0.220045 0.246051 0.538259 2.45986e+10
-0.5 1.5 -1 0.258392 0.271004 0.46439 2.59405e+10
0.5 -1.5 -1 0.204189 0.192409 0.638487 1.93282e+10
0 -1 -1 0.197816 0.197816 0.642647 1.88771e+10
0.5 -0.5 -1 0.227151 0.227151 0.568843 1.97277e+10
0 0 -1 0.225443 0.230294 0.565335 2.02554e+10
0.5 0.5 -1 0.25798 0.256382 0.487966 2.09733e+10
0 1 -1 0.257863 0.262484 0.478895 2.28055e+10
0.5 1.5 -1 0.289799 0.287197 0.398814 2.33411e+10
1.5 -1.5 -1 0.237387 0.22244 0.554845 2.18528e+10
1 -1 -1 0.230294 0.225443 0.565335 2.02554e+10
1.5 -0.5 -1 0.256382 0.25798 0.487966 2.09733e+10
1 0 -1 0.256086 0.256086 0.490943 2.03645e+10
1.5 0.5 -1 0.282719 0.282719 0.409482 2.06256e+10
1 1 -1 0.287628 0.280973 0.406887 2.13067e+10
1.5 1.5 -1 0.311396 0.302451 0.323157 2.09621e+10
2.5 -1.5 -1 0.271004 0.258392 0.46439 2.59405e+10
2 -1 -1 0.262484 0.257863 0.478895 2.28055e+10
2.5 -0.5 -1 0.287197 0.289799 0.398814 2.33411e+10
2 0 -1 0.280973 0.287628 0.406887 2.13067e+10
2.5 0.5 -1 0.302451 0.311396 0.323157 2.09621e+10
2 1 -1 0.304897 0.304897 0.325476 2.02411e+10
2.5 1.5 -1 0.318933 0.318933 0.240938 1.90068e+10
-2.25 -1.25 -0.75 0.0110386 0.118862 0.784717 4.28943e+09
-2.25 -0.25 -0.75 0.00120677 0.158488 0.700817 4.96118e+09
-2.25 0.75 -0.75 -0.00670756 0.196835 0.612591 5.9981e+09
-1.25 -1.25 -0.75 0.0533844 0.102953 0.743543 4.27647e+09
-1.75 -0.75 -0.75 0.0276735 0.129736 0.72689 4.53002e+09
-1.25 -0.25 -0.75 0.044943 0.139764 0.666003 4.77697e+09
-1.75 0.25 -0.75 0.0189907 0.167708 0.642575 5.27482e+09
-1.25 0.75 -0.75 0.0363495 0.176079 0.581837 5.57476e+09
-1.75 1.25 -0.75 0.0100351 0.203918 0.55524 6.39834e+09
-0.25 -1.25 -0.75 0.0915018 0.0915018 0.686161 4.38489e+09
-0.75 -0.75 -0.75 0.0691819 0.114313 0.680996 4.48286e+09
-0.25 -0.25 -0.75 0.0842986 0.124362 0.616212 4.66539e+09
-0.75 0.25 -0.75 0.0618165 0.148705 0.602727 5.00496e+09
-0.25 0.75 -0.75 0.0758267 0.155459 0.537807 5.17628e+09
-0.75 1.25 -0.75 0.051006 0.183194 0.519047 5.81379e+09
0.75 -1.25 -0.75 0.124362 0.0842986 0.616212 4.66539e+09
0.25 -0.75 -0.75 0.10382 0.10382 0.620905 4.55099e+09
0.75 -0.25 -0.75 0.11268 0.11268 0.554637 4.65804e+09
0.25 0.25 -0.75 0.0962602 0.131369 0.550196 4.79029e+09
0.75 0.75 -0.75 0.10358 0.133831 0.483811 4.81196e+09
0.25 1.25 -0.75 0.0853055 0.158318 0.472132 5.23432e+09
1.75 -1.25 -0.75 0.155459 0.0758267 0.537807 5.17628e+09
1.25 -0.75 -0.75 0.131369 0.0962602 0.550196 4.79029e+09
1.75 -0.25 -0.75 0.133831 0.10358 0.483811 4.81196e+09
1.25 0.25 -0.75 0.116528 0.116528 0.488292 4.66301e+09
1.75 0.75 -0.75 0.11416 0.11416 0.422764 4.5101e+09
1.25 1.25 -0.75 0.104933 0.130581 0.4179 4.66908e+09
2.25 -0.75 -0.75 0.158318 0.0853055 0.472132 5.23432e+09
2.25 0.25 -0.75 0.130581 0.104933 0.4179 4.66908e+09
2.25 1.25 -0.75 0.0998079 0.0998079 0.360962 4.1434e+09
-2.5 -1 -0.5 0.109985 0.175246 0.769408 1.68909e+10
-2.5 0 -0.5 0.137833 0.210377 0.680935 1.9901e+10
-2.5 1 -0.5 0.1783 0.238575 0.590378 2.45626e+10
-2 -1.5 -0.5 0.121982 0.161021 0.79206 1.57892e+10
-1.5 -1 -0.5 0.154925 0.186157 0.729382 1.66411e+10
-2 -0.5 -0.5 0.14537 0.19853 0.708967 1.79183e+10
-1.5 0 -0.5 0.182512 0.221888 0.644156 1.90017e+10
-2 0.5 -0.5 0.17776 0.231741 0.619257 2.13069e+10
-1.5 1 -0.5 0.219038 0.254037 0.552993 2.26915e+10
-2 1.5 -0.5 0.223536 0.257922 0.527748 2.64473e+10
-1 -1.5 -0.5 0.164851 0.17494 0.740063 1.60141e+10
-0.5 -1 -0.5 0.1961 0.202792 0.671686 1.67893e+10
-1 -0.5 -0.5 0.189363 0.211354 0.662274 1.75186e+10
-0.5 0 -0.5 0.225019 0.236737 0.590966 1.83242e+10
-1 0.5 -0.5 0.220981 0.245779 0.574991 2.00374e+10
-0.5 1 -0.5 0.259936 0.270769 0.500993 2.08562e+10
-1 1.5 -0.5 0.260736 0.278138 0.481414 2.38547e+10
0 -1.5 -0.5 0.202792 0.1961 0.671686 1.67893e+10
0.5 -1 -0.5 0.230913 0.228163 0.59917 1.7477e+10
0 -0.5 -0.5 0.228163 0.230913 0.59917 1.7477e+10
0.5 0 -0.5 0.260639 0.2591 0.522419 1.79279e+10
0 0.5 -0.5 0.261262 0.262459 0.515219 1.89039e+10
0.5 1 -0.5 0.295946 0.287903 0.435188 1.90889e+10
0 1.5 -0.5 0.296984 0.296627 0.422106 2.12419e+10
1 -1.5 -0.5 0.236737 0.225019 0.590966 1.83242e+10
1.5 -1 -0.5 0.262459 0.261262 0.515219 1.89039e+10
1 -0.5 -0.5 0.2591 0.260639 0.522419 1.79279e+10
1.5 0 -0.5 0.286152 0.291885 0.441721 1.79938e+10
1 0.5 -0.5 0.291885 0.286152 0.441721 1.79938e+10
1.5 1 -0.5 0.319463 0.310165 0.357901 1.74842e+10
1 1.5 -0.5 0.326033 0.311323 0.351794 1.86536e+10
2 -1.5 -0.5 0.270769 0.259936 0.500993 2.08562e+10
2.5 -1 -0.5 0.296627 0.296984 0.422106 2.12419e+10
2 -0.5 -0.5 0.287903 0.295946 0.435188 1.90889e+10
2.5 0 -0.5 0.311323 0.326033 0.351794 1.86536e+10
2 0.5 -0.5 0.310165 0.319463 0.357901 1.74842e+10
2.5 1 -0.5 0.329502 0.340868 0.272357 1.61074e+10
2 1.5 -0.5 0.340868 0.329502 0.272357 1.61074e+10
-2.25 -0.75 -0.25 -0.0323091 0.136151 0.746802 4.06239e+09
-2.25 0.25 -0.25 -0.0495 0.181593 0.657095 4.72984e+09
-2.25 1.25 -0.25 -0.0635219 0.225936 0.563085 5.6944e+09
-1.75 -1.25 -0.25 0.000497841 0.0997938 0.771915 3.79062e+09
-1.25 -0.75 -0.25 0.0142941 0.108072 0.712837 3.94574e+09
-1.75 -0.25 -0.25 -0.0180018 0.143764 0.689612 4.25503e+09
-1.25 0.25 -0.25 -0.0026796 0.150564 0.629612 4.42824e+09
-1.75 0.75 -0.25 -0.0345299 0.187948 0.599565 4.96246e+09
-1.25 1.25 -0.25 -0.0194971 0.193285 0.539433 5.1346e+09
-0.75 -1.25 -0.25 0.0455549 0.0758897 0.724808 3.79361e+09
-0.25 -0.75 -0.25 0.0583215 0.0856195 0.661931 3.90514e+09
-0.75 -0.25 -0.25 0.029063 0.115608 0.651013 4.07816e+09
-0.25 0.25 -0.25 0.0438996 0.121739 0.58714 4.15717e+09
-0.75 0.75 -0.25 0.0128594 0.156359 0.567225 4.54701e+09
-0.25 1.25 -0.25 0.0256861 0.159396 0.503519 4.56144e+09
0.25 -1.25 -0.25 0.0856195 0.0583215 0.661931 3.90514e+09
0.75 -0.75 -0.25 0.094081 0.0705634 0.597212 3.96194e+09
0.25 -0.25 -0.25 0.0705634 0.094081 0.597212 3.96194e+09
0.75 0.25 -0.25 0.0787788 0.0980718 0.532436 3.92542e+09
0.25 0.75 -0.25 0.0552064 0.124108 0.52272 4.14054e+09
0.75 1.25 -0.25 0.0623917 0.120629 0.458665 3.97506e+09
1.25 -1.25 -0.25 0.121739 0.0438996 0.58714 4.15717e+09
1.75 -0.75 -0.25 0.124108 0.0552064 0.52272 4.14054e+09
1.25 -0.25 -0.25 0.0980718 0.0787788 0.532436 3.92542e+09
1.75 0.25 -0.25 0.0965551 0.0822678 0.468306 3.75103e+09
1.25 0.75 -0.25 0.0822678 0.0965551 0.468306 3.75103e+09
1.75 1.25 -0.25 0.0813372 0.08965 0.40459 3.38694e+09
2.25 -1.25 -0.25 0.159396 0.0256861 0.503519 4.56144e+09
2.25 -0.25 -0.25 0.120629 0.0623917 0.458665 3.97506e+09
2.25 0.75 -0.25 0.08965 0.0813372 0.40459 3.38694e+09
-2.5 -1.5 0 0.111185 0.167288 0.807669 1.36692e+10
-2.5 -0.5 0 0.136675 0.206119 0.720678 1.55705e+10
-2.5 0.5 0 0.172321 0.238648 0.627912 1.8474e+10
-2.5 1.5 0 0.222574 0.262355 0.534644 2.26852e+10
-1.5 -1.5 0 0.157306 0.180318 0.764713 1.36312e+10
-2 -1 0 0.146403 0.193063 0.747512 1.43506e+10
-1.5 -0.5 0 0.183204 0.218507 0.682444 1.5053e+10
-2 0 0 0.176122 0.229615 0.658232 1.64529e+10
-1.5 0.5 0 0.216886 0.253399 0.591287 1.72993e+10
-2 1 0 0.216089 0.260085 0.56414 1.95973e+10
-1.5 1.5 0 0.260269 0.282923 0.49515 2.05142e+10
-0.5 -1.5 0 0.199241 0.199241 0.703189 1.39542e+10
-1 -1 0 0.191213 0.208027 0.697902 1.42276e+10
-0.5 -0.5 0 0.226013 0.235522 0.626808 1.47631e+10
-1 0 0 0.221257 0.24381 0.613038 1.57062e+10
-0.5 0.5 0 0.260163 0.269017 0.539244 1.61883e+10
-1 1 0 0.258318 0.27786 0.51957 1.79694e+10
-0.5 1.5 0 0.299334 0.302934 0.442888 1.82321e+10
0.5 -1.5 0 0.235522 0.226013 0.626808 1.47631e+10
0 -1 0 0.230184 0.230184 0.631476 1.44493e+10
0.5 -0.5 0 0.261084 0.261084 0.555668 1.47626e+10
0 0 0 0.26144 0.262556 0.551553 1.51213e+10
0.5 0.5 0 0.296963 0.288865 0.47215 1.51143e+10
0 1 0 0.299146 0.29399 0.460954 1.63e+10
0.5 1.5 0 0.335239 0.318119 0.378733 1.58375e+10
1.5 -1.5 0 0.269017 0.260163 0.539244 1.61883e+10
1 -1 0 0.262556 0.26144 0.551553 1.51213e+10
1.5 -0.5 0 0.288865 0.296963 0.47215 1.51143e+10
1 0 0 0.29153 0.29153 0.475828 1.47088e+10
1.5 0.5 0 0.31971 0.31971 0.392671 1.41472e+10
1 1 0 0.330078 0.313306 0.389296 1.45873e+10
1.5 1.5 0 0.357932 0.333572 0.304525 1.33728e+10
2.5 -1.5 0 0.302934 0.299334 0.442888 1.82321e+10
2 -1 0 0.29399 0.299146 0.460954 1.63e+10
2.5 -0.5 0 0.318119 0.335239 0.378733 1.58375e+10
2 0 0 0.313306 0.330078 0.389296 1.45873e+10
2.5 0.5 0 0.333572 0.357932 0.304525 1.33728e+10
2 1 0 0.343236 0.343236 0.307443 1.29239e+10
2.5 1.5 0 0.360119 0.360119 0.221635 1.08679e+10
-2.25 -1.25 0.25 -0.0514461 0.111182 0.79296 3.22338e+09
-2.25 -0.25 0.25 -0.0777067 0.162225 0.705087 3.62184e+09
-2.25 0.75 0.25 -0.100243 0.212887 0.608795 4.19663e+09
-1.25 -1.25 0.25 -0.00165968 0.0754561 0.758115 3.16004e+09
-1.75 -0.75 0.25 -0.0403076 0.117253 0.73767 3.33091e+09
-1.25 -0.25 0.25 -0.0279498 0.122203 0.67927 3.41738e+09
-1.75 0.25 0.25 -0.0656096 0.167053 0.648524 3.73969e+09
-1.25 0.75 0.25 -0.0518414 0.170601 0.589129 3.80835e+09
-1.75 1.25 0.25 -0.0878198 0.215501 0.551596 4.29746e+09
-0.25 -1.25 0.25 0.0460727 0.0460727 0.704517 3.16671e+09
-0.75 -0.75 0.25 0.00997827 0.0819161 0.698266 3.22808e+09
-0.25 -0.25 0.25 0.0232101 0.0877078 0.635793 3.2513e+09
-0.75 0.25 0.25 -0.0137427 0.126005 0.618199 3.45804e+09
-0.25 0.75 0.25 0.00218989 0.127569 0.555075 3.41816e+09
-0.75 1.25 0.25 -0.0360977 0.171925 0.527323 3.78503e+09
0.75 -1.25 0.25 0.0877078 0.0232101 0.635793 3.2513e+09
0.25 -0.75 0.25 0.0561003 0.0561003 0.641334 3.18469e+09
0.75 -0.25 0.25 0.0658209 0.0658209 0.576342 3.12639e+09
0.25 0.25 0.25 0.037354 0.091716 0.57155 3.19694e+09
0.75 0.75 0.25 0.046745 0.0893309 0.508247 3.02802e+09
0.25 1.25 0.25 0.0151334 0.123923 0.491774 3.25429e+09
1.75 -1.25 0.25 0.127569 0.00218989 0.555075 3.41816e+09
1.25 -0.75 0.25 0.091716 0.037354 0.57155 3.19694e+09
1.75 -0.25 0.25 0.0893309 0.046745 0.508247 3.02802e+09
1.25 0.25 0.25 0.0700355 0.0700355 0.512319 2.95643e+09
1.75 0.75 0.25 0.0705306 0.0705306 0.447976 2.64788e+09
1.25 1.25 0.25 0.0535891 0.0793058 0.445612 2.70879e+09
2.25 -0.75 0.25 0.123923 0.0151334 0.491774 3.25429e+09
2.25 0.25 0.25 0.0793058 0.0535891 0.445612 2.70879e+09
2.25 1.25 0.25 0.0678353 0.0678353 0.380773 2.17095e+09
-2.5 -1 0.5 0.135442 0.199255 0.761352 1.17998e+10
-2.5 0 0.5 0.167855 0.23604 0.668427 1.35084e+10
-2.5 1 0.5 0.211728 0.263252 0.572412 1.59127e+10
-2 -1.5 0.5 0.146942 0.185422 0.785444 1.11102e+10
-1.5 -1 0.5 0.183531 0.213503 0.720637 1.15432e+10
-2 -0.5 0.5 0.174734 0.22513 0.698686 1.23247e+10
-1.5 0 0.5 0.215364 0.250562 0.631379 1.2799e+10
-2 0.5 0.5 0.211211 0.259156 0.60401 1.41243e+10
-1.5 1 0.5 0.255042 0.283229 0.534694 1.45889e+10
-2 1.5 0.5 0.258537 0.283769 0.506546 1.65279e+10
-1 -1.5 0.5 0.192953 0.202834 0.732121 1.11534e+10
-0.5 -1 0.5 0.227035 0.233439 0.661446 1.14846e+10
-1 -0.5 0.5 0.22112 0.24112 0.651166 1.19227e+10
-0.5 0 0.5 0.259318 0.268092 0.577437 1.21777e+10
-1 0.5 0.5 0.256721 0.275957 0.559585 1.31425e+10
-0.5 1 0.5 0.298237 0.300547 0.483519 1.32154e+10
-1 1.5 0.5 0.298223 0.307799 0.46063 1.47282e+10
0 -1.5 0.5 0.233439 0.227035 0.661446 1.14846e+10
0.5 -1 0.5 0.263521 0.261165 0.58658 1.16913e+10
0 -0.5 0.5 0.261165 0.263521 0.58658 1.16913e+10
0.5 0 0.5 0.294813 0.292341 0.507867 1.16506e+10
0 0.5 0.5 0.297792 0.293477 0.499748 1.2183e+10
0.5 1 0.5 0.336133 0.316532 0.418561 1.17337e+10
0 1.5 0.5 0.339397 0.322821 0.403773 1.28014e+10
1 -1.5 0.5 0.268092 0.259318 0.577437 1.21777e+10
1.5 -1 0.5 0.293477 0.297792 0.499748 1.2183e+10
1 -0.5 0.5 0.292341 0.294813 0.507867 1.16506e+10
1.5 0 0.5 0.319496 0.327455 0.425752 1.116e+10
1 0.5 0.5 0.327455 0.319496 0.425752 1.116e+10
1.5 1 0.5 0.355846 0.343778 0.341541 1.01382e+10
1 1.5 0.5 0.370624 0.33695 0.335183 1.07026e+10
2 -1.5 0.5 0.300547 0.298237 0.483519 1.32154e+10
2.5 -1 0.5 0.322821 0.339397 0.403773 1.28014e+10
2 -0.5 0.5 0.316532 0.336133 0.418561 1.17337e+10
2.5 0 0.5 0.33695 0.370624 0.335183 1.07026e+10
2 0.5 0.5 0.343778 0.355846 0.341541 1.01382e+10
2.5 1 0.5 0.362061 0.377756 0.256817 8.53107e+09
2 1.5 0.5 0.377756 0.362061 0.256817 8.53107e+09
-2.25 -0.75 0.75 -0.092679 0.139454 0.754534 2.7046e+09
-2.25 0.25 0.75 -0.123091 0.195632 0.658932 3.02221e+09
-2.25 1.25 0.75 -0.147736 0.246285 0.55611 3.4188e+09
-1.75 -1.25 0.75 -0.0490976 0.0890431 0.784572 2.54104e+09
-1.25 -0.75 0.75 -0.0394286 0.0931536 0.728162 2.5748e+09
-1.75 -0.25 0.75 -0.082779 0.142993 0.699555 2.75239e+09
-1.25 0.25 0.75 -0.0715068 0.144361 0.641808 2.76102e+09
-1.75 0.75 0.75 -0.112874 0.196949 0.602789 3.04562e+09
-1.25 1.25 0.75 -0.0998073 0.195357 0.543881 2.99104e+09
-0.75 -1.25 0.75 0.00438163 0.0478716 0.742657 2.4879e+09
-0.25 -0.75 0.75 0.0142542 0.0540936 0.681957 2.48164e+09
-0.75 -0.25 0.75 -0.0281042 0.0956652 0.668841 2.5724e+09
-0.25 0.25 0.75 -0.013496 0.0963692 0.606734 2.5113e+09
-0.75 0.75 0.75 -0.0567158 0.143212 0.581298 2.70474e+09
-0.25 1.25 0.75 -0.0360924 0.136751 0.518481 2.55329e+09
0.25 -1.25 0.75 0.0540936 0.0142542 0.681957 2.48164e+09
0.75 -0.75 0.75 0.0607216 0.026369 0.618137 2.41902e+09
0.25 -0.25 0.75 0.026369 0.0607216 0.618137 2.41902e+09
0.75 0.25 0.75 0.0404838 0.0668869 0.551794 2.27186e+09
0.25 0.75 0.75 0.00498545 0.0937934 0.542414 2.36158e+09
0.75 1.25 0.75 0.018758 0.0823995 0.479016 2.09928e+09
1.25 -1.25 0.75 0.0963692 -0.013496 0.606734 2.5113e+09
1.75 -0.75 0.75 0.0937934 0.00498545 0.542414 2.36158e+09
1.25 -0.25 0.75 0.0668869 0.0404838 0.551794 2.27186e+09
1.75 0.25 0.75 0.0646714 0.0460073 0.487297 2.01828e+09
1.25 0.75 0.75 0.0460073 0.0646714 0.487297 2.01828e+09
1.75 1.25 0.75 0.0528712 0.056209 0.418856 1.657e+09
2.25 -1.25 0.75 0.136751 -0.0360924 0.518481 2.55329e+09
2.25 -0.25 0.75 0.0823995 0.018758 0.479016 2.09928e+09
2.25 0.75 0.75 0.056209 0.0528712 0.418856 1.657e+09
-2.5 -1.5 1 0.134272 0.189827 0.80164 8.68982e+09
-2.5 -0.5 1 0.164329 0.230849 0.710813 9.63886e+09
-2.5 0.5 1 0.203906 0.262564 0.613528 1.09434e+10
-2.5 1.5 1 0.255158 0.280607 0.516585 1.24994e+10
-1.5 -1.5 1 0.183944 0.206631 0.757686 8.59786e+09
-2 -1 1 0.17346 0.218717 0.739385 8.99053e+09
-1.5 -0.5 1 0.213977 0.246455 0.671986 9.23922e+09
-2 0 1 0.207639 0.256002 0.646038 9.95515e+09
-1.5 0.5 1 0.251813 0.281018 0.576656 1.01477e+10
-2 1 1 0.250535 0.283937 0.547558 1.12008e+10
-1.5 1.5 1 0.296152 0.306856 0.476759 1.11949e+10
-0.5 -1.5 1 0.229073 0.229073 0.694166 8.65641e+09
-1 -1 1 0.221228 0.237349 0.6885 8.8036e+09
-0.5 -0.5 1 0.258665 0.267595 0.614796 8.90945e+09
-1 0 1 0.255192 0.273645 0.600064 9.37935e+09
-0.5 0.5 1 0.296384 0.299801 0.524081 9.34368e+09
-1 1 1 0.295631 0.306505 0.502832 1.01327e+10
-0.5 1.5 1 0.338354 0.33034 0.425683 9.77354e+09
0.5 -1.5 1 0.267595 0.258665 0.614796 8.90945e+09
0 -1 1 0.262818 0.262818 0.619839 8.7507e+09
0.5 -0.5 1 0.295653 0.295653 0.541509 8.68747e+09
0 0 1 0.295694 0.296492 0.537112 8.85415e+09
0.5 0.5 1 0.331776 0.322068 0.456415 8.52675e+09
0 1 1 0.337445 0.322031 0.445152 9.01845e+09
0.5 1.5 1 0.378927 0.337636 0.364646 8.22913e+09
1.5 -1.5 1 0.299801 0.296384 0.524081 9.34368e+09
1 -1 1 0.296492 0.295694 0.537112 8.85415e+09
1.5 -0.5 1 0.322068 0.331776 0.456415 8.52675e+09
1 0 1 0.326384 0.326384 0.460089 8.35638e+09
1.5 0.5 1 0.354736 0.354736 0.376602 7.5645e+09
1 1 1 0.366781 0.343464 0.373761 7.74142e+09
1.5 1.5 1 0.395148 0.362895 0.290363 6.5051e+09
2.5 -1.5 1 0.33034 0.338354 0.425683 9.77354e+09
2 -1 1 0.322031 0.337445 0.445152 9.01845e+09
2.5 -0.5 1 0.337636 0.378927 0.364646 8.22913e+09
2 0 1 0.343464 0.366781 0.373761 7.74142e+09
2.5 0.5 1 0.362895 0.395148 0.290363 6.5051e+09
2 1 1 0.378348 0.378348 0.292675 6.3666e+09
2.5 1.5 1 0.395016 0.395016 0.208662 4.8226e+09
-2.25 -1.25 1.25 -0.0959357 0.114251 0.803179 1.97641e+09
-2.25 -0.25 1.25 -0.133819 0.174465 0.711662 2.13327e+09
-2.25 0.75 1.25 -0.165405 0.230774 0.608673 2.32978e+09
-1.25 -1.25 1.25 -0.038447 0.0632205 0.774555 1.89665e+09
-1.75 -0.75 1.25 -0.087461 0.117046 0.750377 1.98524e+09
-1.25 -0.25 1.25 -0.0778546 0.117843 0.694214 1.96559e+09
-1.75 0.25 1.25 -0.124392 0.174846 0.656881 2.11844e+09
-1.25 0.75 1.25 -0.113356 0.171347 0.599623 2.05117e+09
-1.75 1.25 1.25 -0.155391 0.224562 0.553397 2.25644e+09
-0.25 -1.25 1.25 0.0180555 0.0180555 0.724697 1.84398e+09
-0.75 -0.75 1.25 -0.0299352 0.0665252 0.717005 1.87448e+09
-0.25 -0.25 1.25 -0.0190359 0.0682743 0.656033 1.81192e+09
-0.75 0.25 1.25 -0.0660843 0.114895 0.635418 1.90063e+09
-0.25 0.75 1.25 -0.0480128 0.107209 0.573308 1.77414e+09
-0.75 1.25 1.25 -0.0964654 0.163415 0.53918 1.91013e+09
0.75 -1.25 1.25 0.0682743 -0.0190359 0.656033 1.81192e+09
0.25 -0.75 1.25 0.0256778 0.0256778 0.662616 1.78264e+09
0.75 -0.25 1.25 0.0358549 0.0358549 0.595863 1.66478e+09
0.25 0.25 1.25 -0.00360334 0.0692714 0.590902 1.69118e+09
0.75 0.75 1.25 0.0184726 0.0685095 0.521004 1.49462e+09
0.25 1.25 1.25 -0.0200011 0.0920613 0.507334 1.56744e+09
1.75 -1.25 1.25 0.107209 -0.0480128 0.573308 1.77414e+09
1.25 -0.75 1.25 0.0692714 -0.00360334 0.590902 1.69118e+09
1.75 -0.25 1.25 0.0685095 0.0184726 0.521004 1.49462e+09
1.25 0.25 1.25 0.0490868 0.0490868 0.523813 1.47256e+09
1.75 0.75 1.25 0.044444 0.044444 0.455084 1.20779e+09
1.25 1.25 1.25 0.028453 0.0562995 0.451388 1.22041e+09
2.25 -0.75 1.25 0.0920613 -0.0200011 0.507334 1.56744e+09
2.25 0.25 1.25 0.0562995 0.028453 0.451388 1.22041e+09
2.25 1.25 1.25 0.0386021 0.0386021 0.371864 8.89043e+08
-2.5 -1 1.5 0.161556 0.222893 0.753839 6.7216e+09
-2.5 0 1.5 0.198179 0.259803 0.657144 7.38992e+09
-2.5 1 1.5 0.244137 0.281966 0.558357 8.14359e+09
-2 -1.5 1.5 0.172668 0.210091 0.779128 6.39143e+09
-1.5 -1 1.5 0.212911 0.241195 0.712081 6.5178e+09
-2 -0.5 1.5 0.204732 0.25125 0.688955 6.87525e+09
-1.5 0 1.5 0.249132 0.277755 0.619505 6.93578e+09
-2 0.5 1.5 0.244973 0.282778 0.590973 7.47535e+09
-1.5 1 1.5 0.29184 0.30592 0.520571 7.38148e+09
-2 1.5 1.5 0.293031 0.298818 0.492781 8.02957e+09
-1 -1.5 1.5 0.222106 0.231558 0.724193 6.33297e+09
-0.5 -1 1.5 0.259554 0.265286 0.65087 6.35624e+09
-1 -0.5 1.5 0.253945 0.271104 0.640141 6.55552e+09
-0.5 0 1.5 0.294499 0.300558 0.56391 6.46375e+09
-1 0.5 1.5 0.293718 0.304101 0.545784 6.84583e+09
-0.5 1 1.5 0.33721 0.32976 0.46876 6.55352e+09
-1 1.5 1.5 0.336401 0.330413 0.446489 7.03825e+09
0 -1.5 1.5 0.265286 0.259554 0.65087 6.35624e+09
0.5 -1 1.5 0.298592 0.296185 0.573252 6.26375e+09
0 -0.5 1.5 0.296185 0.298592 0.573252 6.26375e+09
0.5 0 1.5 0.331316 0.330059 0.492165 6.01139e+09
0 0.5 1.5 0.333895 0.327673 0.48443 6.19956e+09
0.5 1 1.5 0.372128 0.347783 0.403728 5.68688e+09
0 1.5 1.5 0.380553 0.349183 0.39072 5.98628e+09
1 -1.5 1.5 0.300558 0.294499 0.56391 6.46375e+09
1.5 -1 1.5 0.327673 0.333895 0.48443 6.19956e+09
1 -0.5 1.5 0.330059 0.331316 0.492165 6.01139e+09
1.5 0 1.5 0.356788 0.363582 0.409487 5.52253e+09
1 0.5 1.5 0.363582 0.356788 0.409487 5.52253e+09
1.5 1 1.5 0.392985 0.377482 0.326756 4.64447e+09
1 1.5 1.5 0.409724 0.357837 0.323266 4.80125e+09
2 -1.5 1.5 0.32976 0.33721 0.46876 6.55352e+09
2.5 -1 1.5 0.349183 0.380553 0.39072 5.98628e+09
2 -0.5 1.5 0.347783 0.372128 0.403728 5.68688e+09
2.5 0 1.5 0.357837 0.409724 0.323266 4.80125e+09
2 0.5 1.5 0.377482 0.392985 0.326756 4.64447e+09
2.5 1 1.5 0.395268 0.415628 0.243989 3.54876e+09
2 1.5 1.5 0.415628 0.395268 0.243989 3.54876e+09
