449
-2.5 -1 -1.5 -0.0568311 0.566594 0.334813 1.8247e+09
-2.5 0 -1.5 -0.0942008 0.37875 0.377709 1.90963e+09
-2.5 1 -1.5 -0.0687066 0.128442 0.419634 1.93163e+09
-2 -1.5 -1.5 0.0712404 0.620957 0.300688 1.97072e+09
-1.5 -1 -1.5 0.213083 0.579742 0.306782 2.51806e+09
-2 -0.5 -1.5 0.0569033 0.524146 0.335896 2.23664e+09
-1.5 0 -1.5 0.141282 0.444381 0.339503 2.77654e+09
-2 0.5 -1.5 -0.0128716 0.294237 0.382858 2.31789e+09
-1.5 1 -1.5 0.0740111 0.189398 0.394906 2.87313e+09
-2 1.5 -1.5 0.0267493 0.0436717 0.425033 2.34772e+09
-1 -1.5 -1.5 0.286862 0.586315 0.273528 2.50051e+09
-0.5 -1 -1.5 0.402676 0.52304 0.278325 3.30856e+09
-1 -0.5 -1.5 0.310163 0.509611 0.310158 3.22369e+09
-0.5 0 -1.5 0.376116 0.426353 0.312943 4.11468e+09
-1 0.5 -1.5 0.210471 0.340879 0.348852 3.47709e+09
-0.5 1 -1.5 0.271769 0.221993 0.365841 4.37485e+09
-1 1.5 -1.5 0.169134 0.0808717 0.411242 3.61217e+09
0 -1.5 -1.5 0.405424 0.533187 0.233023 2.9025e+09
0.5 -1 -1.5 0.512689 0.472987 0.236439 3.98031e+09
0 -0.5 -1.5 0.481449 0.455001 0.279146 4.3638e+09
0.5 0 -1.5 0.525933 0.383256 0.277188 5.56243e+09
0 0.5 -1.5 0.416079 0.330269 0.318778 5.16054e+09
0.5 1 -1.5 0.447658 0.217899 0.334692 6.37479e+09
0 1.5 -1.5 0.338106 0.0998793 0.389897 5.52099e+09
1 -1.5 -1.5 0.467338 0.503528 0.183652 3.14013e+09
1.5 -1 -1.5 0.573899 0.448028 0.185948 4.35409e+09
1 -0.5 -1.5 0.579178 0.413889 0.233103 5.25406e+09
1.5 0 -1.5 0.61578 0.351225 0.225222 6.46967e+09
1 0.5 -1.5 0.550548 0.299119 0.279586 6.79515e+09
1.5 1 -1.5 0.571809 0.202964 0.295318 8.15894e+09
1 1.5 -1.5 0.487764 0.101804 0.361915 7.85538e+09
2 -1.5 -1.5 0.504668 0.49116 0.1373 3.181e+09
2.5 -1 -1.5 0.615477 0.432476 0.137478 4.34733e+09
2 -0.5 -1.5 0.639008 0.390143 0.17765 5.58727e+09
2.5 0 -1.5 0.676684 0.335563 0.165623 6.75158e+09
2 0.5 -1.5 0.638253 0.282418 0.224965 7.68493e+09
2.5 1 -1.5 0.653749 0.204842 0.242491 8.96687e+09
2 1.5 -1.5 0.600234 0.103974 0.326662 9.83012e+09
-2.25 -0.75 -1.25 0.0790365 -0.3409 0.581932 7.87705e+08
-2.25 0.25 -1.25 0.0514836 -0.489848 0.574795 1.04672e+09
-2.25 1.25 -1.25 0.160231 -0.591294 0.57276 1.36136e+09
-1.75 -1.25 -1.25 0.191606 -0.277415 0.576485 8.24561e+08
-1.25 -0.75 -1.25 0.181326 -0.301738 0.517304 1.00656e+09
-1.75 -0.25 -1.25 0.0539265 -0.392975 0.531685 9.86324e+08
-1.25 0.25 -1.25 0.0537555 -0.456857 0.499978 1.28995e+09
-1.75 0.75 -1.25 0.0732898 -0.550652 0.553633 1.39855e+09
-1.25 1.25 -1.25 0.123329 -0.601316 0.541953 1.89609e+09
-0.75 -1.25 -1.25 0.332833 -0.248094 0.523216 1.06465e+09
-0.25 -0.75 -1.25 0.350352 -0.265914 0.47398 1.32178e+09
-0.75 -0.25 -1.25 0.174764 -0.340416 0.46873 1.24917e+09
-0.25 0.25 -1.25 0.164105 -0.39582 0.430091 1.56884e+09
-0.75 0.75 -1.25 0.0765775 -0.524883 0.484954 1.72401e+09
-0.25 1.25 -1.25 0.124631 -0.587586 0.48692 2.36018e+09
0.25 -1.25 -1.25 0.474233 -0.213381 0.47619 1.31377e+09
0.75 -0.75 -1.25 0.509736 -0.236753 0.435476 1.72485e+09
0.25 -0.25 -1.25 0.34931 -0.298589 0.425501 1.62579e+09
0.75 0.25 -1.25 0.325303 -0.353908 0.386561 1.97755e+09
0.25 0.75 -1.25 0.157222 -0.47235 0.413456 2.03005e+09
0.75 1.25 -1.25 0.183806 -0.55083 0.429521 2.71748e+09
1.25 -1.25 -1.25 0.59819 -0.168528 0.428818 1.56128e+09
1.75 -0.75 -1.25 0.643593 -0.198506 0.395024 2.13935e+09
1.25 -0.25 -1.25 0.517105 -0.272401 0.393868 2.13477e+09
1.75 0.25 -1.25 0.499269 -0.331254 0.363597 2.45606e+09
1.25 0.75 -1.25 0.301861 -0.43319 0.377039 2.41614e+09
1.75 1.25 -1.25 0.302285 -0.510534 0.39193 2.98743e+09
2.25 -1.25 -1.25 0.699775 -0.114112 0.375369 1.70669e+09
2.25 -0.25 -1.25 0.658801 -0.245093 0.361274 2.58655e+09
2.25 0.75 -1.25 0.465219 -0.399919 0.345751 2.71288e+09
-2.5 -1.5 -1 -0.0142439 0.568228 0.421053 4.15648e+09
-2.5 -0.5 -1 0.0353835 0.457804 0.462957 4.56145e+09
-2.5 0.5 -1 0.0369246 0.281735 0.479743 4.53275e+09
-2.5 1.5 -1 0.0838775 0.118639 0.46815 4.18562e+09
-1.5 -1.5 -1 0.207648 0.584355 0.396681 5.3401e+09
-2 -1 -1 0.155397 0.545764 0.434853 5.25454e+09
-1.5 -0.5 -1 0.27769 0.484126 0.444455 6.85233e+09
-2 0 -1 0.143674 0.402873 0.467668 5.69949e+09
-1.5 0.5 -1 0.233952 0.324176 0.471865 7.24138e+09
-2 1 -1 0.132663 0.218356 0.478669 5.57196e+09
-1.5 1.5 -1 0.227709 0.149967 0.474407 6.90337e+09
-0.5 -1.5 -1 0.320575 0.553772 0.361704 6.21754e+09
-1 -1 -1 0.35008 0.522506 0.411124 7.1934e+09
-0.5 -0.5 -1 0.449626 0.445886 0.419856 9.69095e+09
-1 0 -1 0.365019 0.402292 0.45103 8.96129e+09
-0.5 0.5 -1 0.432748 0.315936 0.454843 1.17237e+10
-1 1 -1 0.316626 0.238126 0.47419 9.25175e+09
-0.5 1.5 -1 0.393862 0.157069 0.472272 1.17302e+10
0.5 -1.5 -1 0.356955 0.531661 0.316123 6.46945e+09
0 -1 -1 0.448196 0.486356 0.373374 8.57834e+09
0.5 -0.5 -1 0.542871 0.418198 0.379635 1.2088e+10
0 0 -1 0.521033 0.369884 0.423391 1.31095e+10
0.5 0.5 -1 0.566326 0.295629 0.422544 1.72602e+10
0 1 -1 0.485177 0.229982 0.455941 1.5104e+10
0.5 1.5 -1 0.53393 0.151541 0.454065 1.89997e+10
1.5 -1.5 -1 0.353594 0.528547 0.270859 6.40684e+09
1 -1 -1 0.487588 0.475872 0.324288 9.28548e+09
1.5 -0.5 -1 0.577801 0.420261 0.324379 1.31677e+10
1 0 -1 0.600579 0.35559 0.377708 1.64483e+10
1.5 0.5 -1 0.636509 0.293569 0.373097 2.11915e+10
1 1 -1 0.599383 0.221989 0.421013 2.19058e+10
1.5 1.5 -1 0.634667 0.150766 0.420741 2.71277e+10
2.5 -1.5 -1 0.350888 0.533752 0.232499 6.10247e+09
2 -1 -1 0.491797 0.486186 0.272682 9.32543e+09
2.5 -0.5 -1 0.588995 0.434561 0.266829 1.28877e+10
2 0 -1 0.633942 0.365912 0.317326 1.74093e+10
2.5 0.5 -1 0.675165 0.317774 0.30873 2.22752e+10
2 1 -1 0.668345 0.231032 0.371109 2.65946e+10
2.5 1.5 -1 0.700106 0.176824 0.371568 3.27422e+10
-2.25 -1.25 -0.75 0.211956 -0.284517 0.682962 1.89485e+09
-2.25 -0.25 -0.75 0.193987 -0.396693 0.651987 2.36963e+09
-2.25 0.75 -0.75 0.265797 -0.498552 0.612298 2.91286e+09
-1.25 -1.25 -0.75 0.294979 -0.264979 0.650072 2.33332e+09
-1.75 -0.75 -0.75 0.215897 -0.31958 0.649637 2.32389e+09
-1.25 -0.25 -0.75 0.223417 -0.366469 0.616826 2.98934e+09
-1.75 0.25 -0.75 0.213117 -0.448838 0.624538 3.08912e+09
-1.25 0.75 -0.75 0.254284 -0.497407 0.602272 4.17774e+09
-1.75 1.25 -0.75 0.308263 -0.535437 0.584597 3.77025e+09
-0.25 -1.25 -0.75 0.402161 -0.235846 0.613307 2.74321e+09
-0.75 -0.75 -0.75 0.317212 -0.29053 0.616742 2.97331e+09
-0.25 -0.25 -0.75 0.339352 -0.32441 0.58785 3.79177e+09
-0.75 0.25 -0.75 0.250448 -0.418433 0.593351 3.97677e+09
-0.25 0.75 -0.75 0.286013 -0.469821 0.570873 5.31499e+09
-0.75 1.25 -0.75 0.310401 -0.534188 0.579388 5.61046e+09
0.75 -1.25 -0.75 0.500014 -0.200152 0.579653 3.04819e+09
0.25 -0.75 -0.75 0.441409 -0.262582 0.589966 3.66703e+09
0.75 -0.25 -0.75 0.467758 -0.295423 0.560132 4.87233e+09
0.25 0.25 -0.75 0.350068 -0.369395 0.556515 4.84869e+09
0.75 0.75 -0.75 0.360063 -0.42682 0.533124 6.32557e+09
0.25 1.25 -0.75 0.336943 -0.512832 0.554136 7.20361e+09
1.75 -1.25 -0.75 0.580574 -0.156837 0.538437 3.15145e+09
1.25 -0.75 -0.75 0.554041 -0.230866 0.557071 4.45104e+09
1.75 -0.25 -0.75 0.580985 -0.265791 0.524668 5.97752e+09
1.25 0.25 -0.75 0.467443 -0.341756 0.529148 6.14303e+09
1.75 0.75 -0.75 0.464999 -0.390528 0.503678 7.44129e+09
1.25 1.25 -0.75 0.389521 -0.477698 0.519777 8.35898e+09
2.25 -0.75 -0.75 0.648907 -0.178932 0.508666 4.84179e+09
2.25 0.25 -0.75 0.588922 -0.303534 0.493096 7.12541e+09
2.25 1.25 -0.75 0.482583 -0.434431 0.485667 9.00611e+09
-2.5 -1 -0.5 0.0966892 0.499202 0.51596 1.08701e+10
-2.5 0 -0.5 0.123976 0.377701 0.529824 1.10274e+10
-2.5 1 -0.5 0.13734 0.256391 0.507262 9.97005e+09
-2 -1.5 -0.5 0.141329 0.573453 0.47782 1.16871e+10
-1.5 -1 -0.5 0.316479 0.517525 0.499596 1.5793e+10
-2 -0.5 -0.5 0.246945 0.456655 0.52743 1.40456e+10
-1.5 0 -0.5 0.356181 0.392454 0.531158 1.8617e+10
-2 0.5 -0.5 0.229916 0.332703 0.52623 1.38202e+10
-1.5 1 -0.5 0.320885 0.27931 0.516411 1.74193e+10
-2 1.5 -0.5 0.230751 0.217272 0.493592 1.21238e+10
-1 -1.5 -0.5 0.266319 0.572153 0.447122 1.41428e+10
-0.5 -1 -0.5 0.414476 0.501605 0.465503 1.99056e+10
-1 -0.5 -0.5 0.436196 0.439334 0.511393 2.18585e+10
-0.5 0 -0.5 0.518432 0.359627 0.514187 3.00107e+10
-1 0.5 -0.5 0.436747 0.322583 0.527236 2.45735e+10
-0.5 1 -0.5 0.503107 0.258395 0.515512 3.18323e+10
-1 1.5 -0.5 0.401892 0.226898 0.499916 2.1719e+10
0 -1.5 -0.5 0.286819 0.564886 0.404432 1.48739e+10
0.5 -1 -0.5 0.434109 0.500772 0.419889 2.10969e+10
0 -0.5 -0.5 0.524442 0.420863 0.476342 2.83244e+10
0.5 0 -0.5 0.606753 0.346119 0.477086 4.10497e+10
0 0.5 -0.5 0.581641 0.288878 0.508234 4.08575e+10
0.5 1 -0.5 0.624861 0.234739 0.492421 5.31731e+10
0 1.5 -0.5 0.556852 0.208618 0.49455 3.96635e+10
1 -1.5 -0.5 0.264586 0.56098 0.36696 1.45048e+10
1.5 -1 -0.5 0.404118 0.517881 0.371908 2.09019e+10
1 -0.5 -0.5 0.551179 0.432163 0.426884 3.1466e+10
1.5 0 -0.5 0.629627 0.370425 0.422934 4.6233e+10
1 0.5 -0.5 0.657808 0.286318 0.467157 5.6945e+10
1.5 1 -0.5 0.694158 0.236595 0.450638 7.42715e+10
1 1.5 -0.5 0.662943 0.190145 0.471336 6.61497e+10
2 -1.5 -0.5 0.22244 0.568499 0.333752 1.38883e+10
2.5 -1 -0.5 0.364271 0.544423 0.326078 2.00149e+10
2 -0.5 -0.5 0.529147 0.469165 0.370029 3.1424e+10
2.5 0 -0.5 0.616243 0.420551 0.357617 4.45019e+10
2 0.5 -0.5 0.682463 0.318107 0.409495 6.33943e+10
2.5 1 -0.5 0.72653 0.278443 0.390063 8.42218e+10
2 1.5 -0.5 0.727755 0.200979 0.428156 9.21186e+10
-2.25 -0.75 -0.25 0.285235 -0.310171 0.709849 5.49948e+09
-2.25 0.25 -0.25 0.35019 -0.399057 0.651457 6.39846e+09
-2.25 1.25 -0.25 0.427048 -0.463125 0.568471 6.2647e+09
-1.75 -1.25 -0.25 0.293913 -0.243028 0.718088 5.22653e+09
-1.25 -0.75 -0.25 0.330947 -0.273619 0.696604 6.8278e+09
-1.75 -0.25 -0.25 0.322011 -0.342243 0.684932 6.97387e+09
-1.25 0.25 -0.25 0.362982 -0.382205 0.657252 9.28454e+09
-1.75 0.75 -0.25 0.395574 -0.429213 0.620702 8.18405e+09
-1.25 1.25 -0.25 0.444463 -0.454661 0.585007 1.0438e+10
-0.75 -1.25 -0.25 0.360758 -0.214398 0.693711 5.92696e+09
-0.25 -0.75 -0.25 0.410528 -0.240735 0.675014 8.14609e+09
-0.75 -0.25 -0.25 0.364668 -0.311291 0.67154 9.06477e+09
-0.25 0.25 -0.25 0.413114 -0.344964 0.644191 1.22192e+10
-0.75 0.75 -0.25 0.414738 -0.416706 0.62696 1.25799e+10
-0.25 1.25 -0.25 0.475596 -0.435579 0.589352 1.63155e+10
0.25 -1.25 -0.25 0.443134 -0.176247 0.665873 6.35459e+09
0.75 -0.75 -0.25 0.499237 -0.20337 0.653464 9.33599e+09
0.25 -0.25 -0.25 0.456911 -0.262706 0.651468 1.10001e+10
0.75 0.25 -0.25 0.497167 -0.299367 0.623012 1.52172e+10
0.25 0.75 -0.25 0.46123 -0.376761 0.611736 1.62215e+10
0.75 1.25 -0.25 0.513001 -0.404314 0.576792 2.17269e+10
1.25 -1.25 -0.25 0.494746 -0.147967 0.640168 6.32501e+09
1.75 -0.75 -0.25 0.567091 -0.159663 0.619008 9.70282e+09
1.25 -0.25 -0.25 0.545685 -0.237615 0.628125 1.37146e+10
1.75 0.25 -0.25 0.571687 -0.263506 0.591452 1.80341e+10
1.25 0.75 -0.25 0.518286 -0.332683 0.58481 1.92805e+10
1.75 1.25 -0.25 0.561585 -0.361549 0.547139 2.48408e+10
2.25 -1.25 -0.25 0.554095 -0.104524 0.609042 6.26857e+09
2.25 -0.25 -0.25 0.625681 -0.187061 0.586239 1.51936e+10
2.25 0.75 -0.25 0.595154 -0.28743 0.551522 2.16832e+10
-2.5 -1.5 0 0.0747217 0.549375 0.525788 2.51618e+10
-2.5 -0.5 0 0.174766 0.448714 0.560893 2.66191e+10
-2.5 0.5 0 0.171625 0.357782 0.539967 2.39406e+10
-2.5 1.5 0 0.184407 0.279948 0.494544 2.00822e+10
-1.5 -1.5 0 0.232531 0.58841 0.495033 3.30246e+10
-2 -1 0 0.272044 0.511506 0.547826 3.29673e+10
-1.5 -0.5 0 0.423631 0.439192 0.562166 4.57807e+10
-2 0 0 0.299565 0.410477 0.56 3.42026e+10
-1.5 0.5 0 0.393859 0.365375 0.549522 4.4087e+10
-2 1 0 0.271373 0.329851 0.525596 2.95342e+10
-1.5 1.5 0 0.358087 0.298409 0.504387 3.63428e+10
-0.5 -1.5 0 0.241033 0.596201 0.44947 3.55884e+10
-1 -1 0 0.41105 0.510077 0.521424 4.68593e+10
-0.5 -0.5 0 0.529547 0.423513 0.532822 6.81556e+10
-1 0 0 0.519361 0.369026 0.561313 6.39483e+10
-0.5 0.5 0 0.582075 0.311989 0.548016 8.59662e+10
-1 1 0 0.469311 0.321499 0.530694 5.60597e+10
-0.5 1.5 0 0.531466 0.284949 0.503485 6.92115e+10
0.5 -1.5 0 0.237457 0.603161 0.414536 3.65735e+10
0 -1 0 0.410909 0.531244 0.469714 5.1714e+10
0.5 -0.5 0 0.545354 0.447984 0.482296 7.66325e+10
0 0 0 0.613412 0.343094 0.531976 9.7849e+10
0.5 0.5 0 0.674769 0.283964 0.518074 1.38294e+11
0 1 0 0.627184 0.274549 0.522434 1.08967e+11
0.5 1.5 0 0.664921 0.249783 0.49005 1.32119e+11
1.5 -1.5 0 0.184797 0.615028 0.38363 3.54825e+10
1 -1 0 0.379514 0.548621 0.425567 5.09349e+10
1.5 -0.5 0 0.509168 0.485799 0.430678 7.64457e+10
1 0 0 0.649339 0.364037 0.484239 1.20268e+11
1.5 0.5 0 0.713392 0.302631 0.470559 1.77436e+11
1 1 0 0.71521 0.246217 0.493017 1.82581e+11
1.5 1.5 0 0.745356 0.231759 0.45786 2.21222e+11
2.5 -1.5 0 0.126969 0.625325 0.35918 3.38264e+10
2 -1 0 0.309839 0.579233 0.382547 4.9184e+10
2.5 -0.5 0 0.439635 0.544362 0.372595 7.30822e+10
2 0 0 0.61955 0.429043 0.422303 1.19228e+11
2.5 0.5 0 0.696191 0.382949 0.400613 1.75144e+11
2 1 0 0.753928 0.271632 0.442062 2.39763e+11
2.5 1.5 0 0.783074 0.265882 0.400605 2.88672e+11
-2.25 -1.25 0.25 0.310919 -0.177892 0.72327 1.54854e+10
-2.25 -0.25 0.25 0.388832 -0.254259 0.672148 1.80961e+10
-2.25 0.75 0.25 0.456521 -0.319396 0.586993 1.73277e+10
-1.25 -1.25 0.25 0.36201 -0.09947 0.702101 1.674e+10
-1.75 -0.75 0.25 0.385049 -0.188298 0.707414 2.02583e+10
-1.25 -0.25 0.25 0.449302 -0.208363 0.683996 2.6865e+10
-1.75 0.25 0.25 0.45236 -0.271902 0.643445 2.33327e+10
-1.25 0.75 0.25 0.507129 -0.290631 0.607237 2.97226e+10
-1.75 1.25 0.25 0.510201 -0.337338 0.54917 2.15752e+10
-0.25 -1.25 0.25 0.418726 -0.0662488 0.67704 1.77752e+10
-0.75 -0.75 0.25 0.431114 -0.145068 0.69311 2.45713e+10
-0.25 -0.25 0.25 0.489695 -0.16291 0.667733 3.35358e+10
-0.75 0.25 0.25 0.503074 -0.236233 0.652704 3.63291e+10
-0.25 0.75 0.25 0.560526 -0.253384 0.6124 4.76205e+10
-0.75 1.25 0.25 0.559692 -0.305863 0.563543 3.71576e+10
0.75 -1.25 0.25 0.458834 -0.0568343 0.650117 1.85644e+10
0.25 -0.75 0.25 0.492875 -0.100434 0.66749 2.72333e+10
0.75 -0.25 0.25 0.557448 -0.118848 0.647626 3.97419e+10
0.25 0.25 0.25 0.562382 -0.185723 0.63943 4.90033e+10
0.75 0.75 0.25 0.615532 -0.201173 0.599333 6.47292e+10
0.25 1.25 0.25 0.619153 -0.261403 0.566348 6.10215e+10
1.75 -1.25 0.25 0.491307 -0.0228805 0.624991 1.85623e+10
1.25 -0.75 0.25 0.527488 -0.0630407 0.637708 2.73104e+10
1.75 -0.25 0.25 0.60851 -0.0753776 0.615967 4.34679e+10
1.25 0.25 0.25 0.618599 -0.138951 0.614966 5.94371e+10
1.75 0.75 0.25 0.655894 -0.1415 0.567095 7.23527e+10
1.25 1.25 0.25 0.66924 -0.21256 0.551552 8.46907e+10
2.25 -0.75 0.25 0.558195 -0.0186315 0.606854 2.72836e+10
2.25 0.25 0.25 0.656136 -0.110359 0.583011 6.5953e+10
2.25 1.25 0.25 0.715479 -0.146715 0.510506 9.51966e+10
-2.5 -1 0.5 0.300008 0.0478725 0.653476 4.92783e+10
-2.5 0 0.5 0.339587 -0.0742284 0.629075 4.88521e+10
-2.5 1 0.5 0.386785 -0.159939 0.56995 4.4183e+10
-2 -1.5 0.5 0.265429 0.205037 0.612232 5.45662e+10
-1.5 -1 0.5 0.405999 0.164104 0.619641 7.36566e+10
-2 -0.5 0.5 0.390648 0.0272503 0.644778 6.40062e+10
-1.5 0 0.5 0.461853 -0.00532106 0.628762 8.42837e+10
-2 0.5 0.5 0.411108 -0.0940233 0.607368 6.1768e+10
-1.5 1 0.5 0.472982 -0.114072 0.579017 7.80384e+10
-2 1.5 0.5 0.446979 -0.175407 0.539255 5.43585e+10
-1 -1.5 0.5 0.263756 0.293972 0.554887 6.20187e+10
-0.5 -1 0.5 0.397392 0.229056 0.567496 8.78168e+10
-1 -0.5 0.5 0.522613 0.10362 0.621694 1.0693e+11
-0.5 0 0.5 0.588485 0.0558545 0.608324 1.50906e+11
-1 0.5 0.5 0.51959 -0.0353157 0.605071 1.09879e+11
-0.5 1 0.5 0.568493 -0.0627974 0.573597 1.39404e+11
-1 1.5 0.5 0.528126 -0.132292 0.544092 9.67367e+10
0 -1.5 0.5 0.284441 0.332748 0.515491 6.82463e+10
0.5 -1 0.5 0.40661 0.274696 0.522166 9.68748e+10
0 -0.5 0.5 0.517973 0.1758 0.56727 1.29442e+11
0.5 0 0.5 0.615163 0.111614 0.560663 1.94086e+11
0 0.5 0.5 0.622948 0.0169097 0.582882 1.94269e+11
0.5 1 0.5 0.663129 -0.0106211 0.551694 2.45983e+11
0 1.5 0.5 0.617732 -0.0802781 0.536466 1.72434e+11
1 -1.5 0.5 0.26792 0.351279 0.484875 7.09721e+10
1.5 -1 0.5 0.381311 0.304379 0.485565 9.78898e+10
1 -0.5 0.5 0.521646 0.213216 0.52353 1.40172e+11
1.5 0 0.5 0.620232 0.157825 0.515005 2.15491e+11
1 0.5 0.5 0.6939 0.0646072 0.543629 2.94927e+11
1.5 1 0.5 0.731956 0.0459789 0.511019 3.84265e+11
1 1.5 0.5 0.694939 -0.0223932 0.51168 2.88829e+11
2 -1.5 0.5 0.247446 0.370231 0.460655 7.09806e+10
2.5 -1 0.5 0.350201 0.333304 0.452406 9.75951e+10
2 -0.5 0.5 0.487287 0.247764 0.482126 1.4181e+11
2.5 0 0.5 0.585983 0.212238 0.462211 2.16165e+11
2 0.5 0.5 0.705238 0.128612 0.490092 3.29777e+11
2.5 1 0.5 0.755546 0.115035 0.45091 4.39949e+11
2 1.5 0.5 0.75522 0.0414416 0.465384 4.22337e+11
-2.25 -0.75 0.75 0.370073 -0.0265933 0.658357 1.89054e+10
-2.25 0.25 0.75 0.403907 -0.0926338 0.592919 1.74114e+10
-2.25 1.25 0.75 0.446848 -0.14905 0.507552 1.505e+10
-1.75 -1.25 0.75 0.355253 0.033141 0.666949 2.08645e+10
-1.25 -0.75 0.75 0.475778 0.0109933 0.660068 3.03355e+10
-1.75 -0.25 0.75 0.445573 -0.0434393 0.637302 2.41753e+10
-1.25 0.25 0.75 0.516856 -0.0509138 0.609975 3.15273e+10
-1.75 0.75 0.75 0.474959 -0.102314 0.562336 2.18993e+10
-1.25 1.25 0.75 0.533364 -0.112647 0.523394 2.69731e+10
-0.75 -1.25 0.75 0.391511 0.0891905 0.632823 2.38018e+10
-0.25 -0.75 0.75 0.495069 0.0651526 0.629849 3.43381e+10
-0.75 -0.25 0.75 0.553843 0.00808488 0.638466 4.0909e+10
-0.25 0.25 0.75 0.607184 -0.00124701 0.603272 5.1884e+10
-0.75 0.75 0.75 0.568938 -0.0614193 0.571725 3.92212e+10
-0.25 1.25 0.75 0.620915 -0.069348 0.529553 4.83515e+10
0.25 -1.25 0.75 0.435847 0.0917604 0.611749 2.64783e+10
0.75 -0.75 0.75 0.534194 0.0721196 0.598776 3.87145e+10
0.25 -0.25 0.75 0.568926 0.0028323 0.618982 5.13698e+10
0.75 0.25 0.75 0.655291 0.0258908 0.581898 7.53973e+10
0.25 0.75 0.75 0.65074 -0.021857 0.56666 6.7203e+10
0.75 1.25 0.75 0.701831 -0.0175326 0.519768 8.28383e+10
1.25 -1.25 0.75 0.458348 0.112866 0.588644 2.77191e+10
1.75 -0.75 0.75 0.531366 0.11802 0.567881 3.99149e+10
1.25 -0.25 0.75 0.611679 0.0844775 0.572256 5.83844e+10
1.75 0.25 0.75 0.685119 0.0634952 0.547813 8.84412e+10
1.25 0.75 0.75 0.709799 0.021042 0.543458 9.78272e+10
1.75 1.25 0.75 0.755063 0.0474739 0.485039 1.15328e+11
2.25 -1.25 0.75 0.472234 0.140785 0.56559 2.88104e+10
2.25 -0.25 0.75 0.599008 0.133716 0.537021 5.85341e+10
2.25 0.75 0.75 0.727192 0.0758384 0.498977 1.05502e+11
-2.5 -1.5 1 0.378695 -0.185031 0.699891 5.1292e+10
-2.5 -0.5 1 0.439647 -0.316229 0.679387 5.42011e+10
-2.5 0.5 1 0.498867 -0.387696 0.6168 5.22689e+10
-2.5 1.5 1 0.556612 -0.435839 0.533692 4.63818e+10
-1.5 -1.5 1 0.311472 0.101935 0.614174 7.4395e+10
-2 -1 1 0.448286 -0.195673 0.688967 6.46722e+10
-1.5 -0.5 1 0.499863 -0.223636 0.671715 8.4457e+10
-2 0 1 0.490986 -0.325867 0.655457 6.89412e+10
-1.5 0.5 1 0.54425 -0.330951 0.626172 8.91015e+10
-2 1 1 0.547368 -0.391201 0.584323 6.5717e+10
-1.5 1.5 1 0.591714 -0.395975 0.545562 8.13743e+10
-0.5 -1.5 1 0.324169 0.198806 0.561799 9.1297e+10
-1 -1 1 0.449461 0.0415744 0.619479 1.00961e+11
-0.5 -0.5 1 0.566836 -0.048151 0.627432 1.38691e+11
-1 0 1 0.553022 -0.243816 0.649485 1.12455e+11
-0.5 0.5 1 0.598502 -0.26434 0.618343 1.47265e+11
-1 1 1 0.590092 -0.340078 0.589473 1.12718e+11
-0.5 1.5 1 0.637969 -0.342121 0.548107 1.40504e+11
0.5 -1.5 1 0.319614 0.228362 0.528235 1.00528e+11
0 -1 1 0.442236 0.141941 0.56513 1.2409e+11
0.5 -0.5 1 0.54164 0.0797868 0.562091 1.79323e+11
0 0 1 0.615342 -0.140298 0.616979 1.7696e+11
0.5 0.5 1 0.663298 -0.169725 0.589483 2.31023e+11
0 1 1 0.645016 -0.272855 0.581025 1.87886e+11
0.5 1.5 1 0.693567 -0.270465 0.53746 2.29202e+11
1.5 -1.5 1 0.309204 0.254859 0.501307 1.06903e+11
1 -1 1 0.430793 0.177419 0.52689 1.40545e+11
1.5 -0.5 1 0.53974 0.130169 0.519327 1.97813e+11
1 0 1 0.63567 0.0306312 0.549376 2.50296e+11
1.5 0.5 1 0.721722 -0.0313244 0.536537 3.61682e+11
1 1 1 0.705824 -0.188418 0.554899 2.90567e+11
1.5 1.5 1 0.742893 -0.196092 0.508324 3.2891e+11
2.5 -1.5 1 0.303109 0.274946 0.47933 1.09086e+11
2 -1 1 0.414847 0.218615 0.492521 1.47074e+11
2.5 -0.5 1 0.513539 0.176126 0.47925 2.05892e+11
2 0 1 0.638814 0.0734109 0.509263 2.84798e+11
2.5 0.5 1 0.730575 0.031689 0.487255 3.93282e+11
2 1 1 0.751331 -0.0977867 0.50845 3.88705e+11
2.5 1.5 1 0.78964 -0.11169 0.456442 4.115e+11
-2.25 -1.25 1.25 0.342863 0.0945191 0.622465 9.86554e+09
-2.25 -0.25 1.25 0.314781 0.0912188 0.592724 7.66553e+09
-2.25 0.75 1.25 0.317669 0.0452041 0.547861 6.45816e+09
-1.25 -1.25 1.25 0.398607 0.133125 0.596017 2.33083e+10
-1.75 -0.75 1.25 0.432139 0.123062 0.601593 1.1832e+10
-1.25 -0.25 1.25 0.476747 0.104288 0.581927 1.44154e+10
-1.75 0.25 1.25 0.387795 0.0848954 0.572006 9.48865e+09
-1.25 0.75 1.25 0.443299 0.0997816 0.547406 1.15034e+10
-1.75 1.25 1.25 0.382467 0.047856 0.51951 7.83762e+09
-0.25 -1.25 1.25 0.443164 0.198807 0.561269 2.96904e+10
-0.75 -0.75 1.25 0.512152 0.123627 0.576604 3.11262e+10
-0.25 -0.25 1.25 0.606986 0.125398 0.55441 2.67271e+10
-0.75 0.25 1.25 0.523452 0.122235 0.559861 1.74288e+10
-0.25 0.75 1.25 0.585039 0.119217 0.534214 2.2048e+10
-0.75 1.25 1.25 0.505044 0.0897375 0.516892 1.42581e+10
0.75 -1.25 1.25 0.442278 0.243228 0.529283 3.23281e+10
0.25 -0.75 1.25 0.534239 0.194061 0.537034 4.05244e+10
0.75 -0.25 1.25 0.613631 0.140498 0.523859 5.63814e+10
0.25 0.25 1.25 0.642624 0.122422 0.532013 3.22429e+10
0.75 0.75 1.25 0.669759 0.137248 0.496826 3.69019e+10
0.25 1.25 1.25 0.617807 0.122867 0.499289 2.57257e+10
1.75 -1.25 1.25 0.432204 0.255748 0.510873 3.49074e+10
1.25 -0.75 1.25 0.533825 0.221467 0.50869 4.52186e+10
1.75 -0.25 1.25 0.622195 0.222082 0.475112 6.37943e+10
1.25 0.25 1.25 0.690564 0.140067 0.489406 7.46608e+10
1.75 0.75 1.25 0.712708 0.184754 0.444117 4.98054e+10
1.25 1.25 1.25 0.694772 0.172917 0.463585 4.14628e+10
2.25 -0.75 1.25 0.514991 0.263483 0.478952 4.88119e+10
2.25 0.25 1.25 0.696631 0.189529 0.443087 8.41854e+10
2.25 1.25 1.25 0.738072 0.238262 0.401589 5.44642e+10
-2.5 -1 1.5 0.394078 -0.209875 0.666872 2.91709e+10
-2.5 0 1.5 0.456413 -0.301575 0.642275 2.75181e+10
-2.5 1 1.5 0.510966 -0.363871 0.586463 2.54816e+10
-2 -1.5 1.5 0.380536 0.00589763 0.63145 4.40411e+10
-1.5 -1 1.5 0.484315 -0.0940031 0.636988 5.29029e+10
-2 -0.5 1.5 0.465607 -0.219583 0.651285 3.70231e+10
-1.5 0 1.5 0.523644 -0.230452 0.630501 4.76043e+10
-2 0.5 1.5 0.510963 -0.307016 0.617167 3.49323e+10
-1.5 1 1.5 0.560376 -0.306551 0.586713 4.3475e+10
-2 1.5 1.5 0.558275 -0.363863 0.553606 3.14702e+10
-1 -1.5 1.5 0.350083 0.104564 0.580064 7.92946e+10
-0.5 -1 1.5 0.474346 0.0710856 0.573399 1.0572e+11
-1 -0.5 1.5 0.550499 -0.127718 0.624204 6.75408e+10
-0.5 0 1.5 0.599187 -0.122863 0.592268 7.84487e+10
-1 0.5 1.5 0.573281 -0.229542 0.601957 5.78888e+10
-0.5 1 1.5 0.623401 -0.238041 0.571668 7.45341e+10
-1 1.5 1.5 0.610081 -0.307577 0.551534 5.46044e+10
0 -1.5 1.5 0.362063 0.163941 0.543343 1.0542e+11
0.5 -1 1.5 0.469613 0.140095 0.53004 1.34315e+11
0 -0.5 1.5 0.571055 0.0986733 0.546693 1.16159e+11
0.5 0 1.5 0.666481 0.00980598 0.545964 1.55863e+11
0 0.5 1.5 0.646607 -0.148911 0.570316 1.007e+11
0.5 1 1.5 0.690168 -0.162339 0.541037 1.26262e+11
0 1.5 1.5 0.670942 -0.23737 0.535493 9.23094e+10
1 -1.5 1.5 0.355244 0.203782 0.511359 1.19372e+11
1.5 -1 1.5 0.456499 0.157775 0.502619 1.62136e+11
1 -0.5 1.5 0.562921 0.0847716 0.520844 1.84232e+11
1.5 0 1.5 0.663643 0.0529256 0.502112 2.46439e+11
1 0.5 1.5 0.702261 -0.0714215 0.533007 1.74949e+11
1.5 1 1.5 0.738296 -0.0743602 0.494345 1.84887e+11
1 1.5 1.5 0.72827 -0.152861 0.502697 1.4097e+11
2 -1.5 1.5 0.348635 0.22236 0.490741 1.30405e+11
2.5 -1 1.5 0.452813 0.198152 0.472184 1.76557e+11
2 -0.5 1.5 0.56551 0.124202 0.486509 2.21292e+11
2.5 0 1.5 0.653944 0.102068 0.459364 2.7585e+11
2 0.5 1.5 0.728016 0.0621521 0.472602 2.55218e+11
2.5 1 1.5 0.769876 0.02481 0.433504 2.39358e+11
2 1.5 1.5 0.775311 -0.0661868 0.451004 1.91961e+11
