449
-2.5 -1 -1.5 -0.857262 -0.0115856 0.279425 1.57729e+11
-2.5 0 -1.5 -0.840516 -0.0488305 0.326072 2.2306e+11
-2.5 1 -1.5 -0.788826 -0.0848141 0.372836 2.7726e+11
-2 -1.5 -1.5 -0.849581 0.0550537 0.284952 1.21597e+11
-1.5 -1 -1.5 -0.83029 0.0881903 0.345001 1.42579e+11
-2 -0.5 -1.5 -0.839477 0.0207092 0.341368 1.84368e+11
-1.5 0 -1.5 -0.811594 0.0507655 0.399177 1.96673e+11
-2 0.5 -1.5 -0.812576 -0.0225512 0.384453 2.42039e+11
-1.5 1 -1.5 -0.769876 -0.02481 0.433504 2.39358e+11
-2 1.5 -1.5 -0.722303 -0.133987 0.414922 2.7872e+11
-1 -1.5 -1.5 -0.81863 0.151033 0.335667 1.04008e+11
-0.5 -1 -1.5 -0.787747 0.183922 0.392292 1.1189e+11
-1 -0.5 -1.5 -0.80052 0.11972 0.403099 1.5262e+11
-0.5 0 -1.5 -0.763983 0.140739 0.457408 1.507e+11
-1 0.5 -1.5 -0.775311 0.0661868 0.451004 1.91961e+11
-0.5 1 -1.5 -0.738296 0.0743602 0.494345 1.84887e+11
-1 1.5 -1.5 -0.728016 -0.0621521 0.472602 2.55218e+11
0 -1.5 -1.5 -0.776787 0.239952 0.368968 7.86449e+10
0.5 -1 -1.5 -0.739973 0.266841 0.421544 7.91986e+10
0 -0.5 -1.5 -0.750438 0.208417 0.446746 1.11731e+11
0.5 0 -1.5 -0.712913 0.224117 0.494469 1.05208e+11
0 0.5 -1.5 -0.72827 0.152861 0.502697 1.4097e+11
0.5 1 -1.5 -0.690168 0.162339 0.541037 1.26262e+11
0 1.5 -1.5 -0.702261 0.0714215 0.533007 1.74949e+11
1 -1.5 -1.5 -0.732789 0.314983 0.386068 5.42706e+10
1.5 -1 -1.5 -0.695353 0.335838 0.432531 5.17435e+10
1 -0.5 -1.5 -0.7019 0.2854 0.469334 7.50979e+10
1.5 0 -1.5 -0.658721 0.300734 0.512057 6.62959e+10
1 0.5 -1.5 -0.670942 0.23737 0.535493 9.23094e+10
1.5 1 -1.5 -0.623401 0.238041 0.571668 7.45341e+10
1 1.5 -1.5 -0.646607 0.148911 0.570316 1.007e+11
2 -1.5 -1.5 -0.692002 0.376093 0.388483 3.47897e+10
2.5 -1 -1.5 -0.651486 0.393783 0.430757 3.12932e+10
2 -0.5 -1.5 -0.652995 0.352503 0.47546 4.61202e+10
2.5 0 -1.5 -0.60568 0.362157 0.51615 3.86855e+10
2 0.5 -1.5 -0.610081 0.307577 0.551534 5.46044e+10
2.5 1 -1.5 -0.560376 0.306551 0.586713 4.3475e+10
2 1.5 -1.5 -0.573281 0.229542 0.601957 5.78888e+10
-2.25 -0.75 -1.25 -0.708979 -0.436958 0.296895 2.58008e+10
-2.25 0.25 -1.25 -0.721781 -0.413459 0.278241 3.48905e+10
-2.25 1.25 -1.25 -0.680041 -0.343051 0.300456 3.96897e+10
-1.75 -1.25 -1.25 -0.693063 -0.388345 0.337545 1.94872e+10
-1.25 -0.75 -1.25 -0.68283 -0.339023 0.378274 2.10133e+10
-1.75 -0.25 -1.25 -0.71089 -0.382143 0.33476 2.81931e+10
-1.25 0.25 -1.25 -0.699449 -0.332397 0.368504 2.82914e+10
-1.75 0.75 -1.25 -0.710885 -0.358219 0.319713 3.57073e+10
-1.25 1.25 -1.25 -0.682431 -0.29492 0.360628 3.51691e+10
-0.75 -1.25 -1.25 -0.648713 -0.287371 0.396015 1.45974e+10
-0.25 -0.75 -1.25 -0.618399 -0.249131 0.434744 1.46614e+10
-0.75 -0.25 -1.25 -0.662538 -0.298674 0.414329 2.11307e+10
-0.25 0.25 -1.25 -0.649828 -0.256322 0.439856 2.08505e+10
-0.75 0.75 -1.25 -0.70908 -0.27779 0.399284 3.03085e+10
-0.25 1.25 -1.25 -0.676195 -0.256479 0.423825 2.86699e+10
0.25 -1.25 -1.25 -0.580448 -0.190906 0.431194 9.88772e+09
0.75 -0.75 -1.25 -0.540673 -0.160706 0.464321 9.51643e+09
0.25 -0.25 -1.25 -0.590099 -0.218048 0.464219 1.41867e+10
0.75 0.25 -1.25 -0.563844 -0.187772 0.486199 1.31286e+10
0.25 0.75 -1.25 -0.642555 -0.22177 0.462321 2.01763e+10
0.75 1.25 -1.25 -0.605272 -0.199579 0.486989 1.75715e+10
1.25 -1.25 -1.25 -0.50432 -0.100471 0.444861 6.35105e+09
1.75 -0.75 -1.25 -0.452066 -0.0745339 0.475764 5.80894e+09
1.25 -0.25 -1.25 -0.498032 -0.134753 0.491155 8.68916e+09
1.75 0.25 -1.25 -0.43905 -0.124003 0.518558 7.43103e+09
1.25 0.75 -1.25 -0.515609 -0.177223 0.509551 1.11387e+10
1.75 1.25 -1.25 -0.481988 -0.157542 0.523431 9.61636e+09
2.25 -1.25 -1.25 -0.421514 -0.0187201 0.445669 3.8844e+09
2.25 -0.25 -1.25 -0.386946 -0.0615403 0.506887 5.03017e+09
2.25 0.75 -1.25 -0.383708 -0.119464 0.539032 6.25914e+09
-2.5 -1.5 -1 -0.850732 -0.102599 0.252795 6.50389e+10
-2.5 -0.5 -1 -0.843939 -0.13054 0.281135 9.86501e+10
-2.5 0.5 -1 -0.823181 -0.147947 0.308065 1.44813e+11
-2.5 1.5 -1 -0.701594 -0.222532 0.347615 1.90716e+11
-1.5 -1.5 -1 -0.835001 0.00829418 0.323552 6.03352e+10
-2 -1 -1 -0.8422 -0.0617286 0.308891 7.88824e+10
-1.5 -0.5 -1 -0.824742 -0.0207281 0.360858 8.83124e+10
-2 0 -1 -0.831339 -0.0870433 0.334777 1.13817e+11
-1.5 0.5 -1 -0.79884 -0.04976 0.385597 1.16729e+11
-2 1 -1 -0.77446 -0.128456 0.362761 1.4851e+11
-1.5 1.5 -1 -0.717432 -0.149869 0.409434 1.72186e+11
-0.5 -1.5 -1 -0.800722 0.114373 0.375837 4.88702e+10
-1 -1 -1 -0.81274 0.0486071 0.376132 6.69431e+10
-0.5 -0.5 -1 -0.780073 0.0844055 0.426104 6.79588e+10
-1 0 -1 -0.794616 0.0155118 0.409587 8.96488e+10
-0.5 0.5 -1 -0.765953 0.0409698 0.451249 8.96138e+10
-1 1 -1 -0.766215 -0.0250572 0.4319 1.2159e+11
-0.5 1.5 -1 -0.721469 -0.00670928 0.477793 1.23602e+11
0.5 -1.5 -1 -0.755186 0.209328 0.411065 3.5506e+10
0 -1 -1 -0.766102 0.150433 0.426281 4.99984e+10
0.5 -0.5 -1 -0.729464 0.177472 0.470967 4.83162e+10
0 0 -1 -0.747156 0.110154 0.468662 6.58875e+10
0.5 0.5 -1 -0.714374 0.132907 0.50477 6.17008e+10
0 1 -1 -0.737793 0.0627973 0.489515 8.85737e+10
0.5 1.5 -1 -0.687268 0.0641288 0.517493 7.38355e+10
1.5 -1.5 -1 -0.708679 0.289226 0.428566 2.38613e+10
1 -1 -1 -0.716853 0.237889 0.456268 3.44579e+10
1.5 -0.5 -1 -0.67555 0.261695 0.496092 3.14654e+10
1 0 -1 -0.69115 0.20053 0.508929 4.41884e+10
1.5 0.5 -1 -0.642425 0.217512 0.543324 3.70052e+10
1 1 -1 -0.666349 0.146221 0.536237 5.15382e+10
1.5 1.5 -1 -0.621651 0.154361 0.562568 4.3678e+10
2.5 -1.5 -1 -0.662279 0.35677 0.432155 1.49092e+10
2 -1 -1 -0.666638 0.313837 0.468984 2.18961e+10
2.5 -0.5 -1 -0.618732 0.332729 0.506978 1.88449e+10
2 0 -1 -0.626681 0.27996 0.532862 2.66986e+10
2.5 0.5 -1 -0.576517 0.289899 0.565327 2.17489e+10
2 1 -1 -0.594111 0.225848 0.571743 3.00056e+10
2.5 1.5 -1 -0.548895 0.222736 0.598825 2.43358e+10
-2.25 -1.25 -0.75 -0.663544 -0.497739 0.327576 1.2371e+10
-2.25 -0.25 -0.75 -0.675332 -0.501288 0.284703 1.73187e+10
-2.25 0.75 -0.75 -0.651192 -0.467345 0.243696 2.14443e+10
-1.25 -1.25 -0.75 -0.640754 -0.38199 0.417333 1.00287e+10
-1.75 -0.75 -0.75 -0.664038 -0.446085 0.361965 1.35942e+10
-1.25 -0.25 -0.75 -0.657268 -0.394189 0.387881 1.38954e+10
-1.75 0.25 -0.75 -0.677785 -0.440712 0.311996 1.79102e+10
-1.25 0.75 -0.75 -0.683393 -0.390495 0.338129 1.99986e+10
-1.75 1.25 -0.75 -0.636257 -0.389126 0.288531 2.30576e+10
-0.25 -1.25 -0.75 -0.585428 -0.266107 0.479497 7.15536e+09
-0.75 -0.75 -0.75 -0.618186 -0.336239 0.448321 1.01398e+10
-0.25 -0.25 -0.75 -0.597577 -0.298997 0.468514 1.00005e+10
-0.75 0.25 -0.75 -0.657572 -0.349365 0.407249 1.44099e+10
-0.25 0.75 -0.75 -0.657506 -0.31572 0.42316 1.49877e+10
-0.75 1.25 -0.75 -0.65515 -0.346829 0.360236 1.95057e+10
0.75 -1.25 -0.75 -0.515942 -0.155802 0.515644 4.79811e+09
0.25 -0.75 -0.75 -0.54816 -0.230088 0.506324 6.95205e+09
0.75 -0.25 -0.75 -0.514138 -0.201194 0.523492 6.51707e+09
0.25 0.25 -0.75 -0.585931 -0.268329 0.481483 9.74091e+09
0.75 0.75 -0.75 -0.547364 -0.247857 0.495664 8.50488e+09
0.25 1.25 -0.75 -0.630244 -0.28007 0.440365 1.35066e+10
1.75 -1.25 -0.75 -0.439037 -0.0534094 0.532135 3.05765e+09
1.25 -0.75 -0.75 -0.466584 -0.124968 0.539984 4.46236e+09
1.75 -0.25 -0.75 -0.403043 -0.103853 0.563675 3.90786e+09
1.25 0.25 -0.75 -0.461666 -0.18178 0.540979 5.66113e+09
1.75 0.75 -0.75 -0.417812 -0.172827 0.549369 4.91161e+09
1.25 1.25 -0.75 -0.53463 -0.241665 0.504578 7.89757e+09
2.25 -0.75 -0.75 -0.370247 -0.0294969 0.560678 2.7116e+09
2.25 0.25 -0.75 -0.339723 -0.0963424 0.580902 3.34515e+09
2.25 1.25 -0.75 -0.367359 -0.186824 0.562921 4.16657e+09
-2.5 -1 -0.5 -0.837319 -0.219588 0.252425 4.28293e+10
-2.5 0 -0.5 -0.831245 -0.226778 0.263077 6.45842e+10
-2.5 1 -0.5 -0.7638 -0.210428 0.302154 8.82681e+10
-2 -1.5 -0.5 -0.839487 -0.14444 0.29093 3.42462e+10
-1.5 -1 -0.5 -0.830521 -0.0949808 0.339725 3.94136e+10
-2 -0.5 -0.5 -0.83586 -0.16548 0.303141 5.07637e+10
-1.5 0 -0.5 -0.818739 -0.106423 0.351555 5.44286e+10
-2 0.5 -0.5 -0.810865 -0.159781 0.319601 7.01303e+10
-1.5 1 -0.5 -0.774965 -0.113323 0.373224 7.60158e+10
-2 1.5 -0.5 -0.697496 -0.226867 0.353761 1.11248e+11
-1 -1.5 -0.5 -0.821825 -0.0221986 0.363841 3.00315e+10
-0.5 -1 -0.5 -0.795641 0.0257639 0.410545 3.13495e+10
-1 -0.5 -0.5 -0.809437 -0.0428632 0.385533 4.13695e+10
-0.5 0 -0.5 -0.783832 0.000257058 0.426339 4.19422e+10
-1 0.5 -0.5 -0.79443 -0.060433 0.396475 5.7258e+10
-0.5 1 -0.5 -0.768719 -0.0214332 0.438214 6.01824e+10
-1 1.5 -0.5 -0.72881 -0.0742883 0.426787 8.38967e+10
0 -1.5 -0.5 -0.783229 0.0924817 0.419337 2.31955e+10
0.5 -1 -0.5 -0.747907 0.13175 0.462276 2.28502e+10
0 -0.5 -0.5 -0.764708 0.0661013 0.451723 3.09913e+10
0.5 0 -0.5 -0.734237 0.100202 0.485945 2.96853e+10
0 0.5 -0.5 -0.75914 0.0359331 0.461851 4.19399e+10
0.5 1 -0.5 -0.713191 0.0665131 0.494235 3.68534e+10
0 1.5 -0.5 -0.712947 -0.00745449 0.470677 5.36631e+10
1 -1.5 -0.5 -0.735792 0.192085 0.455989 1.6449e+10
1.5 -1 -0.5 -0.695056 0.225311 0.49421 1.53836e+10
1 -0.5 -0.5 -0.711099 0.165049 0.498499 2.14282e+10
1.5 0 -0.5 -0.664793 0.195516 0.531357 1.85908e+10
1 0.5 -0.5 -0.689751 0.132135 0.517387 2.58573e+10
1.5 1 -0.5 -0.646535 0.155071 0.543352 2.22722e+10
1 1.5 -0.5 -0.673753 0.0849188 0.522248 3.31198e+10
2 -1.5 -0.5 -0.685305 0.278133 0.475084 1.08116e+10
2.5 -1 -0.5 -0.637369 0.306439 0.511279 9.54365e+09
2 -0.5 -0.5 -0.647352 0.25438 0.529107 1.34403e+10
2.5 0 -0.5 -0.5967 0.27567 0.56 1.11965e+10
2 0.5 -0.5 -0.616798 0.217534 0.558923 1.55045e+10
2.5 1 -0.5 -0.566624 0.227778 0.584969 1.25918e+10
2 1.5 -0.5 -0.596305 0.161448 0.568424 1.82491e+10
-2.25 -0.75 -0.25 -0.639899 -0.546478 0.319929 8.42632e+09
-2.25 0.25 -0.25 -0.637462 -0.540243 0.250162 1.07377e+10
-2.25 1.25 -0.25 -0.555308 -0.503432 0.216402 1.39285e+10
-1.75 -1.25 -0.25 -0.634017 -0.470063 0.404957 6.57389e+09
-1.25 -0.75 -0.25 -0.628127 -0.415887 0.432999 6.75114e+09
-1.75 -0.25 -0.25 -0.650221 -0.486386 0.346748 8.85845e+09
-1.25 0.25 -0.25 -0.651257 -0.436071 0.368534 9.37722e+09
-1.75 0.75 -0.25 -0.641852 -0.480061 0.279776 1.20233e+10
-1.25 1.25 -0.25 -0.623739 -0.434945 0.303937 1.30214e+10
-0.75 -1.25 -0.25 -0.602395 -0.334748 0.494485 4.99916e+09
-0.25 -0.75 -0.25 -0.575237 -0.290109 0.519129 4.90792e+09
-0.75 -0.25 -0.25 -0.618204 -0.371174 0.453705 6.83746e+09
-0.25 0.25 -0.25 -0.610775 -0.338186 0.465506 6.95524e+09
-0.75 0.75 -0.25 -0.653276 -0.395116 0.382837 1.01152e+10
-0.25 1.25 -0.25 -0.631076 -0.357493 0.396585 9.67422e+09
0.25 -1.25 -0.25 -0.546583 -0.20386 0.555353 3.52655e+09
0.75 -0.75 -0.25 -0.505102 -0.166865 0.576579 3.3297e+09
0.25 -0.25 -0.25 -0.550978 -0.257214 0.533981 4.74307e+09
0.75 0.25 -0.25 -0.510747 -0.229468 0.547126 4.22514e+09
0.25 0.75 -0.25 -0.581437 -0.309696 0.474183 6.26076e+09
0.75 1.25 -0.25 -0.562905 -0.305401 0.476244 6.10706e+09
1.25 -1.25 -0.25 -0.480433 -0.0820506 0.591176 2.35947e+09
1.75 -0.75 -0.25 -0.417101 -0.0491533 0.61628 2.11324e+09
1.25 -0.25 -0.25 -0.450525 -0.137101 0.595568 2.95476e+09
1.75 0.25 -0.25 -0.393764 -0.125178 0.608347 2.58099e+09
1.25 0.75 -0.25 -0.475293 -0.224821 0.554069 3.83115e+09
1.75 1.25 -0.25 -0.411604 -0.236485 0.564763 3.28698e+09
2.25 -1.25 -0.25 -0.402426 0.0262226 0.61223 1.50021e+09
2.25 -0.25 -0.25 -0.348166 -0.0318574 0.63727 1.83921e+09
2.25 0.75 -0.25 -0.327169 -0.130385 0.622812 2.19828e+09
-2.5 -1.5 0 -0.821378 -0.304153 0.233855 1.89861e+10
-2.5 -0.5 0 -0.822704 -0.314022 0.232022 2.83383e+10
-2.5 0.5 0 -0.803645 -0.280269 0.253369 4.03002e+10
-2.5 1.5 0 -0.712245 -0.222304 0.320749 6.11659e+10
-1.5 -1.5 0 -0.830756 -0.167122 0.327069 1.8051e+10
-2 -1 0 -0.830693 -0.244213 0.283046 2.28026e+10
-1.5 -0.5 0 -0.827938 -0.174885 0.33032 2.51744e+10
-2 0 0 -0.825678 -0.234587 0.28723 3.21319e+10
-1.5 0.5 0 -0.80953 -0.15802 0.341488 3.49095e+10
-2 1 0 -0.777588 -0.197096 0.319655 4.62364e+10
-1.5 1.5 0 -0.730177 -0.132574 0.383708 5.46828e+10
-0.5 -1.5 0 -0.809747 -0.0342535 0.402082 1.49453e+10
-1 -1 0 -0.820152 -0.106025 0.371516 1.94909e+10
-0.5 -0.5 0 -0.800321 -0.0466289 0.412948 1.99428e+10
-1 0 0 -0.812723 -0.10744 0.376056 2.65392e+10
-0.5 0.5 0 -0.792487 -0.0516813 0.416758 2.77729e+10
-1 1 0 -0.786161 -0.0974912 0.390904 3.88652e+10
-0.5 1.5 0 -0.725467 -0.0686532 0.429627 3.67151e+10
0.5 -1.5 0 -0.769253 0.0850085 0.458947 1.12234e+10
0 -1 0 -0.783738 0.0193982 0.443191 1.50346e+10
0.5 -0.5 0 -0.754938 0.0663206 0.478003 1.45748e+10
0 0 0 -0.777651 0.00373624 0.448687 2.00005e+10
0.5 0.5 0 -0.73877 0.0529324 0.482119 1.81768e+10
0 1 0 -0.748552 -0.00299224 0.454452 2.57261e+10
0.5 1.5 0 -0.704895 0.0296696 0.485749 2.42802e+10
1.5 -1.5 0 -0.719456 0.189207 0.496586 7.7974e+09
1 -1 0 -0.7343 0.129596 0.495344 1.07172e+10
1.5 -0.5 0 -0.691644 0.171682 0.52792 9.57461e+09
1 0 0 -0.715504 0.112244 0.509631 1.30983e+10
1.5 0.5 0 -0.672248 0.149558 0.536708 1.13961e+10
1 1 0 -0.697824 0.0883019 0.51061 1.62844e+10
1.5 1.5 0 -0.636445 0.109357 0.537903 1.34168e+10
2.5 -1.5 0 -0.663275 0.280165 0.518803 5.01504e+09
2 -1 0 -0.674066 0.228504 0.530904 6.99256e+09
2.5 -0.5 0 -0.624122 0.261263 0.561764 5.96045e+09
2 0 0 -0.644448 0.206889 0.556249 8.16511e+09
2.5 0.5 0 -0.591812 0.232122 0.583141 6.70419e+09
2 1 0 -0.618208 0.175032 0.563429 9.40972e+09
2.5 1.5 0 -0.559705 0.195403 0.584533 7.63658e+09
-2.25 -1.25 0.25 -0.616914 -0.558433 0.359938 4.15032e+09
-2.25 -0.25 0.25 -0.62009 -0.577977 0.288987 5.30829e+09
-2.25 0.75 0.25 -0.592063 -0.575437 0.224011 7.1363e+09
-1.25 -1.25 0.25 -0.618414 -0.407242 0.47557 3.37222e+09
-1.75 -0.75 0.25 -0.629312 -0.497636 0.39368 4.34674e+09
-1.25 -0.25 0.25 -0.632535 -0.442318 0.422028 4.49597e+09
-1.75 0.25 0.25 -0.634141 -0.516958 0.321379 5.73114e+09
-1.25 0.75 0.25 -0.626253 -0.477729 0.345886 6.19571e+09
-1.75 1.25 0.25 -0.559894 -0.52139 0.259047 7.79545e+09
-0.25 -1.25 0.25 -0.585732 -0.257089 0.559116 2.51448e+09
-0.75 -0.75 0.25 -0.608851 -0.352214 0.503731 3.37612e+09
-0.25 -0.25 0.25 -0.590774 -0.311659 0.525831 3.32894e+09
-0.75 0.25 0.25 -0.622893 -0.403141 0.443324 4.61082e+09
-0.25 0.75 0.25 -0.599481 -0.365536 0.452674 4.32267e+09
-0.75 1.25 0.25 -0.608723 -0.432485 0.357308 6.34652e+09
0.75 -1.25 0.25 -0.534355 -0.116919 0.614583 1.76744e+09
0.25 -0.75 0.25 -0.556623 -0.21108 0.583595 2.41225e+09
0.75 -0.25 0.25 -0.515668 -0.170575 0.603679 2.18105e+09
0.25 0.25 0.25 -0.559923 -0.273344 0.540182 3.03667e+09
0.75 0.75 0.25 -0.523825 -0.265996 0.546733 2.83521e+09
0.25 1.25 0.25 -0.583972 -0.361477 0.451167 4.42088e+09
1.75 -1.25 0.25 -0.468601 0.00976896 0.650361 1.17641e+09
1.25 -0.75 0.25 -0.483992 -0.0732915 0.639108 1.60036e+09
1.75 -0.25 0.25 -0.424318 -0.0471675 0.660848 1.41343e+09
1.25 0.25 0.25 -0.466952 -0.153705 0.619401 1.95669e+09
1.75 0.75 0.25 -0.396592 -0.151329 0.636357 1.68097e+09
1.25 1.25 0.25 -0.463158 -0.26729 0.552254 2.45299e+09
2.25 -0.75 0.25 -0.402838 0.0410396 0.676953 1.04254e+09
2.25 0.25 0.25 -0.351401 -0.0373453 0.683096 1.21373e+09
2.25 1.25 0.25 -0.334425 -0.158128 0.638492 1.45137e+09
-2.5 -1 0.5 -0.800221 -0.397676 0.207671 1.27611e+10
-2.5 0 0.5 -0.803535 -0.369909 0.216617 1.78789e+10
-2.5 1 0.5 -0.774373 -0.300295 0.262835 2.69936e+10
-2 -1.5 0.5 -0.816121 -0.317652 0.266502 1.05785e+10
-1.5 -1 0.5 -0.826392 -0.244693 0.313788 1.1892e+10
-2 -0.5 0.5 -0.821368 -0.313996 0.263281 1.47097e+10
-1.5 0 0.5 -0.825841 -0.224693 0.318369 1.61503e+10
-2 0.5 0.5 -0.811645 -0.270891 0.282873 2.06142e+10
-1.5 1 0.5 -0.788238 -0.182134 0.3478 2.25957e+10
-2 1.5 0.5 -0.70849 -0.21922 0.335619 3.01186e+10
-1 -1.5 0.5 -0.823962 -0.169483 0.35941 9.43579e+09
-0.5 -1 0.5 -0.81403 -0.100385 0.401383 9.80166e+09
-1 -0.5 0.5 -0.824326 -0.166274 0.360411 1.2651e+10
-0.5 0 0.5 -0.809778 -0.0926448 0.405179 1.30088e+10
-1 0.5 0.5 -0.811051 -0.141958 0.372454 1.71501e+10
-0.5 1 0.5 -0.772305 -0.067656 0.417845 1.68848e+10
-1 1.5 0.5 -0.727901 -0.1212 0.396254 2.3515e+10
0 -1.5 0.5 -0.801147 -0.0317389 0.434417 7.53662e+09
0.5 -1 0.5 -0.776595 0.0274862 0.471242 7.37764e+09
0 -0.5 0.5 -0.79556 -0.0350864 0.44025 9.79735e+09
0.5 0 0.5 -0.76493 0.0297132 0.475236 9.13083e+09
0 0.5 0.5 -0.778102 -0.0209954 0.445004 1.2358e+10
0.5 1 0.5 -0.737882 0.031043 0.478634 1.15333e+10
0 1.5 0.5 -0.728531 -0.0226481 0.452357 1.68554e+10
1 -1.5 0.5 -0.759108 0.0902809 0.490888 5.5312e+09
1.5 -1 0.5 -0.721335 0.142904 0.524145 5.06459e+09
1 -0.5 0.5 -0.743171 0.0856396 0.504133 6.79227e+09
1.5 0 0.5 -0.702485 0.136633 0.533534 5.98501e+09
1 0.5 0.5 -0.725958 0.0822921 0.506305 8.20542e+09
1.5 1 0.5 -0.667979 0.125827 0.5378 6.87083e+09
1 1.5 0.5 -0.67221 0.0676254 0.510466 9.88149e+09
2 -1.5 0.5 -0.704526 0.198588 0.53024 3.74463e+09
2.5 -1 0.5 -0.657403 0.241874 0.561707 3.26779e+09
2 -0.5 0.5 -0.677199 0.19001 0.554042 4.41413e+09
2.5 0 0.5 -0.625564 0.229449 0.58286 3.68306e+09
2 0.5 0.5 -0.649881 0.179525 0.562895 5.00562e+09
2.5 1 0.5 -0.594993 0.211802 0.586505 4.12379e+09
2 1.5 0.5 -0.615186 0.154435 0.560015 5.88583e+09
-2.25 -0.75 0.75 -0.606092 -0.582171 0.328862 2.66097e+09
-2.25 0.25 0.75 -0.589741 -0.602585 0.264902 3.32113e+09
-2.25 1.25 0.75 -0.499421 -0.592605 0.219552 4.23282e+09
-1.75 -1.25 0.75 -0.618864 -0.486265 0.427161 2.20104e+09
-1.25 -0.75 0.75 -0.628637 -0.420759 0.464026 2.24219e+09
-1.75 -0.25 0.75 -0.626324 -0.516969 0.372019 2.78755e+09
-1.25 0.25 0.75 -0.624246 -0.46384 0.408204 2.84857e+09
-1.75 0.75 0.75 -0.584648 -0.545322 0.303271 3.47414e+09
-1.25 1.25 0.75 -0.581788 -0.501425 0.320028 3.90128e+09
-0.75 -1.25 0.75 -0.618421 -0.320836 0.5316 1.7434e+09
-0.25 -0.75 0.75 -0.605307 -0.261989 0.563136 1.69482e+09
-0.75 -0.25 0.75 -0.62167 -0.365704 0.498055 2.22238e+09
-0.25 0.25 0.75 -0.600376 -0.316473 0.522143 2.07129e+09
-0.75 0.75 0.75 -0.60788 -0.419138 0.427225 2.78421e+09
-0.25 1.25 0.75 -0.585624 -0.414268 0.428128 2.97789e+09
0.25 -1.25 0.75 -0.589169 -0.163445 0.604359 1.28584e+09
0.75 -0.75 0.75 -0.556478 -0.107126 0.632207 1.18017e+09
0.25 -0.25 0.75 -0.578257 -0.208415 0.590099 1.55607e+09
0.75 0.25 0.75 -0.535577 -0.17985 0.611999 1.42201e+09
0.25 0.75 0.75 -0.565657 -0.300404 0.534569 1.99074e+09
0.75 1.25 0.75 -0.508004 -0.302326 0.541092 1.77952e+09
1.25 -1.25 0.75 -0.540573 -0.0205049 0.653182 8.94804e+08
1.75 -0.75 0.75 -0.489237 0.0226193 0.681602 8.02645e+08
1.25 -0.25 0.75 -0.509519 -0.0689304 0.658907 1.06105e+09
1.75 0.25 0.75 -0.442149 -0.0461439 0.687194 9.18964e+08
1.25 0.75 0.75 -0.47001 -0.166309 0.632565 1.23152e+09
1.75 1.25 0.75 -0.411437 -0.186195 0.637147 1.10967e+09
2.25 -1.25 0.75 -0.477893 0.0961639 0.686957 6.04836e+08
2.25 -0.25 0.75 -0.422788 0.0505601 0.711924 6.9939e+08
2.25 0.75 0.75 -0.369766 -0.0456472 0.705931 7.94005e+08
-2.5 -1.5 1 -0.765955 -0.468301 0.185506 5.97791e+09
-2.5 -0.5 1 -0.778126 -0.458537 0.183675 8.13043e+09
-2.5 0.5 1 -0.784859 -0.395783 0.221174 1.13642e+10
-2.5 1.5 1 -0.706363 -0.290265 0.293111 1.59712e+10
-1.5 -1.5 1 -0.813746 -0.310503 0.296351 5.79065e+09
-2 -1 1 -0.801364 -0.388739 0.24029 6.95523e+09
-1.5 -0.5 1 -0.823749 -0.296003 0.297255 7.66409e+09
-2 0 1 -0.811688 -0.354263 0.253908 9.30229e+09
-1.5 0.5 1 -0.815296 -0.241872 0.323864 9.89422e+09
-2 1 1 -0.779221 -0.270045 0.303543 1.25165e+10
-1.5 1.5 1 -0.740862 -0.184607 0.36153 1.42746e+10
-0.5 -1.5 1 -0.819855 -0.157361 0.387192 4.95545e+09
-1 -1 1 -0.825061 -0.228732 0.343665 6.2255e+09
-0.5 -0.5 1 -0.822358 -0.142721 0.391191 6.36321e+09
-1 0 1 -0.826221 -0.197276 0.355026 7.98898e+09
-0.5 0.5 1 -0.806138 -0.102222 0.406626 7.89249e+09
-1 1 1 -0.789335 -0.145189 0.381392 1.03278e+10
-0.5 1.5 1 -0.748041 -0.0729603 0.42383 1.10556e+10
0.5 -1.5 1 -0.795311 -0.0177994 0.459959 3.84536e+09
0 -1 1 -0.810414 -0.0818346 0.427928 4.97774e+09
0.5 -0.5 1 -0.788871 -0.00525226 0.465827 4.71442e+09
0 0 1 -0.803203 -0.0561565 0.435213 6.11476e+09
0.5 0.5 1 -0.770109 0.0175032 0.473546 5.70042e+09
0 1 1 -0.770599 -0.0277638 0.44761 7.75602e+09
0.5 1.5 1 -0.704187 0.0251877 0.485247 6.94695e+09
1.5 -1.5 1 -0.749795 0.107084 0.515423 2.74006e+09
1 -1 1 -0.769214 0.0501682 0.494659 3.60966e+09
1.5 -0.5 1 -0.734114 0.113462 0.526432 3.23487e+09
1 0 1 -0.756014 0.0637745 0.500238 4.27909e+09
1.5 0.5 1 -0.705708 0.125688 0.535355 3.64689e+09
1 1 1 -0.713448 0.0794372 0.511657 4.92812e+09
1.5 1.5 1 -0.662885 0.112625 0.538639 4.39772e+09
2.5 -1.5 1 -0.692051 0.215005 0.555633 1.83083e+09
2 -1 1 -0.710979 0.164396 0.54664 2.44216e+09
2.5 -0.5 1 -0.663576 0.215802 0.577175 2.07936e+09
2 0 1 -0.686833 0.170681 0.558331 2.75351e+09
2.5 0.5 1 -0.634112 0.216247 0.586523 2.29012e+09
2 1 1 -0.652785 0.169251 0.563717 3.1002e+09
2.5 1.5 1 -0.588695 0.199827 0.593343 2.57467e+09
-2.25 -1.25 1.25 -0.592848 -0.569666 0.351945 1.37386e+09
-2.25 -0.25 1.25 -0.590099 -0.596057 0.300569 1.63416e+09
-2.25 0.75 1.25 -0.54043 -0.608652 0.256768 1.89518e+09
-1.25 -1.25 1.25 -0.630466 -0.394136 0.478756 1.16773e+09
-1.75 -0.75 1.25 -0.622423 -0.495802 0.400667 1.4144e+09
-1.25 -0.25 1.25 -0.635569 -0.423973 0.448608 1.40082e+09
-1.75 0.25 1.25 -0.609288 -0.524979 0.35564 1.64767e+09
-1.25 0.75 1.25 -0.603718 -0.475388 0.393168 1.68335e+09
-1.75 1.25 1.25 -0.529439 -0.586307 0.285404 2.28624e+09
-0.25 -1.25 1.25 -0.631313 -0.222067 0.566808 9.07501e+08
-0.75 -0.75 1.25 -0.637715 -0.320365 0.518559 1.14365e+09
-0.25 -0.25 1.25 -0.62796 -0.251448 0.556214 1.06276e+09
-0.75 0.25 1.25 -0.628383 -0.36267 0.488309 1.33191e+09
-0.25 0.75 1.25 -0.597604 -0.338627 0.515802 1.31387e+09
-0.75 1.25 1.25 -0.577046 -0.468023 0.408808 1.84415e+09
0.75 -1.25 1.25 -0.606393 -0.0645544 0.62691 6.61108e+08
0.25 -0.75 1.25 -0.618417 -0.151047 0.599968 8.42645e+08
0.75 -0.25 1.25 -0.586029 -0.0974481 0.63444 7.67385e+08
0.25 0.25 1.25 -0.595501 -0.208902 0.590637 9.87175e+08
0.75 0.75 1.25 -0.537187 -0.18443 0.619778 8.74033e+08
0.25 1.25 1.25 -0.540828 -0.333494 0.528643 1.22344e+09
1.75 -1.25 1.25 -0.559411 0.064774 0.670811 4.66415e+08
1.25 -0.75 1.25 -0.572978 -0.00756803 0.658998 6.01027e+08
1.75 -0.25 1.25 -0.519646 0.0360118 0.694656 5.28906e+08
1.25 0.25 1.25 -0.52969 -0.0585003 0.670017 6.70687e+08
1.75 0.75 1.25 -0.459869 -0.0558592 0.698555 5.92515e+08
1.25 1.25 1.25 -0.471979 -0.21101 0.631159 8.16847e+08
2.25 -0.75 1.25 -0.507302 0.108557 0.704616 4.14041e+08
2.25 0.25 1.25 -0.451774 0.0565399 0.728622 4.60148e+08
2.25 1.25 1.25 -0.372824 -0.0713029 0.724463 5.15163e+08
-2.5 -1 1.5 -0.734859 -0.531987 0.151452 3.86323e+09
-2.5 0 1.5 -0.760417 -0.489928 0.178093 5.02335e+09
-2.5 1 1.5 -0.75855 -0.386844 0.246388 6.66852e+09
-2 -1.5 1.5 -0.768857 -0.452227 0.216642 3.40616e+09
-1.5 -1 1.5 -0.805814 -0.363603 0.272969 3.76845e+09
-2 -0.5 1.5 -0.788669 -0.432772 0.222297 4.38186e+09
-1.5 0 1.5 -0.820355 -0.315608 0.295057 4.64553e+09
-2 0.5 1.5 -0.799817 -0.357421 0.266309 5.50351e+09
-1.5 1 1.5 -0.798358 -0.238892 0.338034 6.0418e+09
-2 1.5 1.5 -0.748657 -0.269625 0.321567 7.98117e+09
-1 -1.5 1.5 -0.813963 -0.289347 0.323788 3.15005e+09
-0.5 -1 1.5 -0.824914 -0.199544 0.371647 3.23891e+09
-1 -0.5 1.5 -0.827098 -0.260982 0.331849 3.92635e+09
-0.5 0 1.5 -0.826797 -0.153128 0.388221 3.86769e+09
-1 0.5 1.5 -0.822001 -0.198565 0.361233 4.74894e+09
-0.5 1 1.5 -0.795107 -0.102049 0.417431 4.84957e+09
-1 1.5 1.5 -0.759777 -0.14523 0.397941 6.54015e+09
0 -1.5 1.5 -0.817165 -0.134337 0.410639 2.6017e+09
0.5 -1 1.5 -0.806425 -0.050325 0.450034 2.50042e+09
0 -0.5 1.5 -0.820027 -0.103808 0.418331 3.13907e+09
0.5 0 1.5 -0.798068 -0.0145308 0.462148 2.93241e+09
0 0.5 1.5 -0.80429 -0.0579093 0.438946 3.73614e+09
0.5 1 1.5 -0.754632 0.0274434 0.484693 3.37657e+09
0 1.5 1.5 -0.735057 -0.0204031 0.462117 4.61851e+09
1 -1.5 1.5 -0.78958 0.00667646 0.479541 1.95687e+09
1.5 -1 1.5 -0.762184 0.0790955 0.512985 1.78652e+09
1 -0.5 1.5 -0.782653 0.0305005 0.487535 2.29895e+09
1.5 0 1.5 -0.742748 0.106981 0.525008 2.00087e+09
1 0.5 1.5 -0.754937 0.0685116 0.50463 2.57749e+09
1.5 1 1.5 -0.704306 0.123488 0.540369 2.2592e+09
1 1.5 1.5 -0.702731 0.0729894 0.517661 3.12646e+09
2 -1.5 1.5 -0.741215 0.129791 0.533258 1.37249e+09
2.5 -1 1.5 -0.700213 0.190602 0.564511 1.19568e+09
2 -0.5 1.5 -0.722748 0.147527 0.546349 1.55358e+09
2.5 0 1.5 -0.674631 0.205535 0.57834 1.31002e+09
2 0.5 1.5 -0.693471 0.166877 0.559456 1.70385e+09
2.5 1 1.5 -0.633344 0.213267 0.594378 1.416e+09
2 1.5 1.5 -0.639135 0.163854 0.576012 1.90538e+09
