449
-2.5 -1 -1.5 -0.0510566 -0.250167 0.531276 3.69027e+10
-2.5 0 -1.5 0.0333702 -0.221996 0.588242 3.07505e+10
-2.5 1 -1.5 0.0845088 -0.1832 0.647966 2.61638e+10
-2 -1.5 -1.5 -0.089251 -0.253701 0.50293 3.85965e+10
-1.5 -1 -1.5 -0.00783237 -0.237532 0.521542 3.4611e+10
-2 -0.5 -1.5 0.0183791 -0.23233 0.551227 3.32796e+10
-1.5 0 -1.5 0.0791948 -0.206179 0.56501 3.09936e+10
-2 0.5 -1.5 0.085126 -0.196598 0.603479 2.88116e+10
-1.5 1 -1.5 0.128855 -0.165476 0.611395 2.788e+10
-2 1.5 -1.5 0.122479 -0.154954 0.656693 2.53979e+10
-1 -1.5 -1.5 -0.0445765 -0.235219 0.500647 3.37683e+10
-0.5 -1 -1.5 0.0394644 -0.210098 0.512201 3.11714e+10
-1 -0.5 -1.5 0.064146 -0.211241 0.534089 3.20672e+10
-0.5 0 -1.5 0.124392 -0.17264 0.54087 3.0873e+10
-1 0.5 -1.5 0.130081 -0.171777 0.572245 2.99016e+10
-0.5 1 -1.5 0.171777 -0.130081 0.572245 2.99016e+10
-1 1.5 -1.5 0.165476 -0.128855 0.611395 2.788e+10
0 -1.5 -1.5 0.0032738 -0.206522 0.500329 2.72149e+10
0.5 -1 -1.5 0.0872067 -0.153556 0.508154 2.64153e+10
0 -0.5 -1.5 0.110592 -0.166405 0.518949 3.00145e+10
0.5 0 -1.5 0.166405 -0.110592 0.518949 3.00145e+10
0 0.5 -1.5 0.17264 -0.124392 0.54087 3.0873e+10
0.5 1 -1.5 0.211241 -0.064146 0.534089 3.20672e+10
0 1.5 -1.5 0.206179 -0.0791948 0.56501 3.09936e+10
1 -1.5 -1.5 0.0509422 -0.126857 0.512402 1.99022e+10
1.5 -1 -1.5 0.126857 -0.0509422 0.512402 1.99022e+10
1 -0.5 -1.5 0.153556 -0.0872067 0.508154 2.64153e+10
1.5 0 -1.5 0.206522 -0.0032738 0.500329 2.72149e+10
1 0.5 -1.5 0.210098 -0.0394644 0.512201 3.11714e+10
1.5 1 -1.5 0.235219 0.0445765 0.500647 3.37683e+10
1 1.5 -1.5 0.237532 0.00783237 0.521542 3.4611e+10
2 -1.5 -1.5 0.0416732 0.0419651 0.544692 1.24582e+10
2.5 -1 -1.5 0.174117 0.106912 0.528923 1.11079e+10
2 -0.5 -1.5 0.199691 0.0388249 0.500991 1.9816e+10
2.5 0 -1.5 0.210125 0.159533 0.493296 2.10641e+10
2 0.5 -1.5 0.228965 0.0954939 0.48976 2.93547e+10
2.5 1 -1.5 0.233698 0.200155 0.474428 3.25575e+10
2 1.5 -1.5 0.247634 0.138254 0.483254 3.76422e+10
-2.25 -0.75 -1.25 0.172487 -0.459046 0.472778 8.57687e+09
-2.25 0.25 -1.25 0.229778 -0.376408 0.54603 7.25248e+09
-2.25 1.25 -1.25 0.252865 -0.30657 0.614343 6.24812e+09
-1.75 -1.25 -1.25 0.134897 -0.50337 0.43236 9.07915e+09
-1.25 -0.75 -1.25 0.204952 -0.456783 0.459031 8.31841e+09
-1.75 -0.25 -1.25 0.224452 -0.418667 0.498491 7.8985e+09
-1.25 0.25 -1.25 0.275895 -0.372767 0.514587 7.49193e+09
-1.75 0.75 -1.25 0.267701 -0.340673 0.56157 6.91287e+09
-1.25 1.25 -1.25 0.304335 -0.304335 0.566857 6.80095e+09
-0.75 -1.25 -1.25 0.171943 -0.489556 0.430097 8.28445e+09
-0.25 -0.75 -1.25 0.262384 -0.423474 0.447643 7.79186e+09
-0.75 -0.25 -1.25 0.274235 -0.400793 0.47577 7.8517e+09
-0.25 0.25 -1.25 0.339382 -0.339382 0.48143 7.69767e+09
-0.75 0.75 -1.25 0.324977 -0.324977 0.520039 7.35732e+09
-0.25 1.25 -1.25 0.372767 -0.275895 0.514587 7.49193e+09
0.25 -1.25 -1.25 0.23152 -0.429518 0.436965 7.08809e+09
0.75 -0.75 -1.25 0.338199 -0.338199 0.4424 6.95509e+09
0.25 -0.25 -1.25 0.346454 -0.346454 0.453557 7.63163e+09
0.75 0.25 -1.25 0.423474 -0.262384 0.447643 7.79186e+09
0.25 0.75 -1.25 0.400793 -0.274235 0.47577 7.8517e+09
0.75 1.25 -1.25 0.456783 -0.204952 0.459031 8.31841e+09
1.25 -1.25 -1.25 0.312513 -0.312513 0.454456 5.51323e+09
1.75 -0.75 -1.25 0.409031 -0.188139 0.450457 5.59156e+09
1.25 -0.25 -1.25 0.429518 -0.23152 0.436965 7.08809e+09
1.75 0.25 -1.25 0.501203 -0.113788 0.419673 7.54071e+09
1.25 0.75 -1.25 0.489556 -0.171943 0.430097 8.28445e+09
1.75 1.25 -1.25 0.537288 -0.0782658 0.403457 9.03295e+09
2.25 -1.25 -1.25 0.337687 -0.0739703 0.496925 3.71094e+09
2.25 -0.25 -1.25 0.480615 -0.0365511 0.434291 5.85675e+09
2.25 0.75 -1.25 0.539658 -5.1824e-05 0.395033 8.18112e+09
-2.5 -1.5 -1 -0.115619 -0.2587 0.493243 3.00806e+10
-2.5 -0.5 -1 -0.0135311 -0.240419 0.550637 2.64422e+10
-2.5 0.5 -1 0.0551865 -0.205285 0.611677 2.30172e+10
-2.5 1.5 -1 0.0968329 -0.1636 0.672656 2.02711e+10
-1.5 -1.5 -1 -0.0720466 -0.248241 0.491015 2.61186e+10
-2 -1 -1 -0.0370468 -0.246654 0.516817 2.7173e+10
-1.5 -0.5 -1 0.0333717 -0.224606 0.534672 2.51526e+10
-2 0 -1 0.0481206 -0.217241 0.56985 2.45325e+10
-1.5 0.5 -1 0.102395 -0.185783 0.581925 2.34192e+10
-2 1 -1 0.102119 -0.176241 0.624689 2.20446e+10
-1.5 1.5 -1 0.142052 -0.142052 0.62915 2.17297e+10
-0.5 -1.5 -1 -0.0286764 -0.22577 0.491499 2.11413e+10
-1 -1 -1 0.00772301 -0.228474 0.507724 2.42119e+10
-0.5 -0.5 -1 0.0826031 -0.191241 0.518421 2.3086e+10
-1 0 -1 0.0963341 -0.190822 0.545945 2.3959e+10
-0.5 0.5 -1 0.147985 -0.147985 0.54998 2.35795e+10
-1 1 -1 0.147664 -0.147664 0.586112 2.30595e+10
-0.5 1.5 -1 0.185783 -0.102395 0.581925 2.34192e+10
0.5 -1.5 -1 0.0292149 -0.165329 0.500361 1.5449e+10
0 -1 -1 0.0616936 -0.183831 0.501811 2.02662e+10
0.5 -0.5 -1 0.128075 -0.128075 0.506273 2.00529e+10
0 0 -1 0.142104 -0.142104 0.522531 2.27438e+10
0.5 0.5 -1 0.191241 -0.0826031 0.518421 2.3086e+10
0 1 -1 0.190822 -0.0963341 0.545945 2.3959e+10
0.5 1.5 -1 0.224606 -0.0333717 0.534672 2.51526e+10
1.5 -1.5 -1 0.0195763 -0.0195763 0.530161 1.00467e+10
1 -1 -1 0.100043 -0.100043 0.50562 1.54523e+10
1.5 -0.5 -1 0.165329 -0.0292149 0.500361 1.5449e+10
1 0 -1 0.183831 -0.0616936 0.501811 2.02662e+10
1.5 0.5 -1 0.22577 0.0286764 0.491499 2.11413e+10
1 1 -1 0.228474 -0.00772301 0.507724 2.42119e+10
1.5 1.5 -1 0.248241 0.0720466 0.491015 2.61186e+10
2.5 -1.5 -1 -0.186341 0.248111 0.59765 4.4234e+09
2 -1 -1 0.0849307 0.0344776 0.525496 9.98253e+09
2.5 -0.5 -1 0.166303 0.184145 0.512762 1.02535e+10
2 0 -1 0.220797 0.0891388 0.489574 1.59276e+10
2.5 0.5 -1 0.250283 0.192838 0.471123 1.66188e+10
2 1 -1 0.244357 0.116987 0.475182 2.26958e+10
2.5 1.5 -1 0.244572 0.216378 0.455617 2.47726e+10
-2.25 -1.25 -0.75 0.158203 -0.534142 0.413476 7.13636e+09
-2.25 -0.25 -0.75 0.235668 -0.451953 0.491091 6.30856e+09
-2.25 0.75 -0.75 0.276614 -0.373569 0.564691 5.52938e+09
-1.25 -1.25 -0.75 0.177408 -0.529543 0.413621 6.50782e+09
-1.75 -0.75 -0.75 0.215154 -0.496294 0.446181 6.5848e+09
-1.25 -0.25 -0.75 0.275771 -0.448157 0.469401 6.20632e+09
-1.75 0.25 -0.75 0.280836 -0.412746 0.513267 5.95654e+09
-1.25 0.75 -0.75 0.325784 -0.369511 0.524896 5.77617e+09
-1.75 1.25 -0.75 0.308855 -0.341093 0.575846 5.37767e+09
-0.25 -1.25 -0.75 0.226846 -0.495985 0.420089 5.57426e+09
-0.75 -0.75 -0.75 0.256848 -0.476455 0.436909 6.13458e+09
-0.25 -0.25 -0.75 0.335884 -0.409178 0.449645 5.91714e+09
-0.75 0.25 -0.75 0.335751 -0.393105 0.481693 6.001e+09
-0.25 0.75 -0.75 0.393105 -0.335751 0.481693 6.001e+09
-0.75 1.25 -0.75 0.369511 -0.325784 0.524896 5.77617e+09
0.75 -1.25 -0.75 0.294935 -0.399019 0.441622 4.28797e+09
0.25 -0.75 -0.75 0.325651 -0.415097 0.433181 5.36478e+09
0.75 -0.25 -0.75 0.415097 -0.325651 0.433181 5.36478e+09
0.25 0.25 -0.75 0.409178 -0.335884 0.449645 5.91714e+09
0.75 0.75 -0.75 0.476455 -0.256848 0.436909 6.13458e+09
0.25 1.25 -0.75 0.448157 -0.275771 0.469401 6.20632e+09
1.75 -1.25 -0.75 0.342138 -0.212398 0.479765 2.9338e+09
1.25 -0.75 -0.75 0.399019 -0.294935 0.441622 4.28797e+09
1.75 -0.25 -0.75 0.492358 -0.169851 0.429843 4.46144e+09
1.25 0.25 -0.75 0.495985 -0.226846 0.420089 5.57426e+09
1.75 0.75 -0.75 0.554081 -0.127066 0.397256 5.89496e+09
1.25 1.25 -0.75 0.529543 -0.177408 0.413621 6.50782e+09
2.25 -0.75 -0.75 0.446449 -0.0649126 0.468304 3.09868e+09
2.25 0.25 -0.75 0.543706 -0.0344318 0.410724 4.68628e+09
2.25 1.25 -0.75 0.587177 -0.0197584 0.367472 6.26927e+09
-2.5 -1 -0.5 -0.0657618 -0.25391 0.512313 2.02429e+10
-2.5 0 -0.5 0.0178615 -0.226032 0.573758 1.85542e+10
-2.5 1 -0.5 0.074178 -0.186829 0.636617 1.67453e+10
-2 -1.5 -0.5 -0.0951592 -0.254102 0.483508 1.92231e+10
-1.5 -1 -0.5 -0.0177948 -0.239721 0.504176 1.79573e+10
-2 -0.5 -0.5 0.00381953 -0.235754 0.534995 1.88181e+10
-1.5 0 -0.5 0.066838 -0.206881 0.551283 1.78513e+10
-2 0.5 -0.5 0.0735246 -0.198447 0.590985 1.76169e+10
-1.5 1 -0.5 0.122337 -0.163456 0.599979 1.71567e+10
-2 1.5 -0.5 0.117421 -0.154663 0.646202 1.63351e+10
-1 -1.5 -0.5 -0.0545677 -0.241879 0.483401 1.55861e+10
-0.5 -1 -0.5 0.0264174 -0.21209 0.497908 1.49419e+10
-1 -0.5 -0.5 0.0522304 -0.211131 0.519428 1.70664e+10
-0.5 0 -0.5 0.116075 -0.16781 0.527757 1.66155e+10
-1 0.5 -0.5 0.122257 -0.168203 0.559872 1.73664e+10
-0.5 1 -0.5 0.168203 -0.122257 0.559872 1.73664e+10
-1 1.5 -0.5 0.163456 -0.122337 0.599979 1.71567e+10
0 -1.5 -0.5 -0.0157351 -0.196056 0.492459 1.15213e+10
0.5 -1 -0.5 0.0744034 -0.138007 0.500634 1.13443e+10
0 -0.5 -0.5 0.102414 -0.161309 0.50628 1.46031e+10
0.5 0 -0.5 0.161309 -0.102414 0.50628 1.46031e+10
0 0.5 -0.5 0.16781 -0.116075 0.527757 1.66155e+10
0.5 1 -0.5 0.211131 -0.0522304 0.519428 1.70664e+10
0 1.5 -0.5 0.206881 -0.066838 0.551283 1.78513e+10
1 -1.5 -0.5 0.00109259 -0.0663216 0.519655 7.41719e+09
1.5 -1 -0.5 0.0663216 -0.00109259 0.519655 7.41719e+09
1 -0.5 -0.5 0.138007 -0.0744034 0.500634 1.13443e+10
1.5 0 -0.5 0.196056 0.0157351 0.492459 1.15213e+10
1 0.5 -0.5 0.21209 -0.0264174 0.497908 1.49419e+10
1.5 1 -0.5 0.241879 0.0545677 0.483401 1.55861e+10
1 1.5 -0.5 0.239721 0.0177948 0.504176 1.79573e+10
2 -1.5 -0.5 -0.186163 0.225958 0.586672 3.38272e+09
2.5 -1 -0.5 -0.137536 0.292001 0.580258 3.43381e+09
2 -0.5 -0.5 0.134161 0.105243 0.511633 7.56411e+09
2.5 0 -0.5 0.172464 0.216685 0.49852 7.76028e+09
2 0.5 -0.5 0.226188 0.108636 0.47901 1.1803e+10
2.5 1 -0.5 0.227936 0.217877 0.464489 1.26567e+10
2 1.5 -0.5 0.248327 0.142885 0.465786 1.65805e+10
-2.25 -0.75 -0.25 0.227618 -0.520484 0.436737 4.95692e+09
-2.25 0.25 -0.25 0.287651 -0.44047 0.513356 4.53201e+09
-2.25 1.25 -0.25 0.312402 -0.368189 0.585536 4.10051e+09
-1.75 -1.25 -0.25 0.191799 -0.561429 0.398814 4.8375e+09
-1.25 -0.75 -0.25 0.259441 -0.515382 0.428063 4.59631e+09
-1.75 -0.25 -0.25 0.278655 -0.48199 0.465194 4.68342e+09
-1.25 0.25 -0.25 0.33236 -0.435219 0.483351 4.5143e+09
-1.75 0.75 -0.25 0.326251 -0.403811 0.530758 4.37204e+09
-1.25 1.25 -0.25 0.365139 -0.365139 0.536803 4.31678e+09
-0.75 -1.25 -0.25 0.219723 -0.537586 0.408045 4.16363e+09
-0.25 -0.75 -0.25 0.311053 -0.475627 0.426167 4.02003e+09
-0.75 -0.25 -0.25 0.328719 -0.460082 0.446716 4.42894e+09
-0.25 0.25 -0.25 0.396141 -0.396141 0.453451 4.35871e+09
-0.75 0.75 -0.25 0.384552 -0.384552 0.489741 4.44999e+09
-0.25 1.25 -0.25 0.435219 -0.33236 0.483351 4.5143e+09
0.25 -1.25 -0.25 0.279799 -0.477829 0.428006 3.23377e+09
0.75 -0.75 -0.25 0.383268 -0.383268 0.434561 3.16288e+09
0.25 -0.25 -0.25 0.396749 -0.396749 0.432999 3.94578e+09
0.75 0.25 -0.25 0.475627 -0.311053 0.426167 4.02003e+09
0.25 0.75 -0.25 0.460082 -0.328719 0.446716 4.42894e+09
0.75 1.25 -0.25 0.515382 -0.259441 0.428063 4.59631e+09
1.25 -1.25 -0.25 0.323614 -0.323614 0.468768 2.18179e+09
1.75 -0.75 -0.25 0.44035 -0.187623 0.462713 2.24787e+09
1.25 -0.25 -0.25 0.477829 -0.279799 0.428006 3.23377e+09
1.75 0.25 -0.25 0.546747 -0.167721 0.411096 3.34204e+09
1.25 0.75 -0.25 0.537586 -0.219723 0.408045 4.16363e+09
1.75 1.25 -0.25 0.582216 -0.131484 0.380364 4.36934e+09
2.25 -1.25 -0.25 0.400461 -0.122897 0.499975 7.73634e+08
2.25 -0.25 -0.25 0.525493 -0.0226159 0.443835 2.34211e+09
2.25 0.75 -0.25 0.596821 -0.0595278 0.385097 3.54273e+09
-2.5 -1.5 0 -0.114898 -0.257495 0.477686 1.33696e+10
-2.5 -0.5 0 -0.0254163 -0.241651 0.536197 1.34541e+10
-2.5 0.5 0 0.0441772 -0.208817 0.599327 1.27574e+10
-2.5 1.5 0 0.0907479 -0.166677 0.662218 1.18691e+10
-1.5 -1.5 0 -0.080098 -0.244465 0.479426 1.10345e+10
-2 -1 0 -0.0455836 -0.247827 0.502212 1.27116e+10
-1.5 -0.5 0 0.0245129 -0.224709 0.521574 1.21253e+10
-2 0 0 0.0376868 -0.218534 0.556849 1.27914e+10
-1.5 0.5 0 0.0946853 -0.185225 0.570159 1.23756e+10
-2 1 0 0.0952643 -0.177511 0.613393 1.23516e+10
-1.5 1.5 0 0.139652 -0.139652 0.618227 1.22151e+10
-0.5 -1.5 0 -0.0539255 -0.220027 0.48553 8.18363e+09
-1 -1 0 -0.00251182 -0.226369 0.496368 1.05654e+10
-0.5 -0.5 0 0.0701977 -0.188509 0.508393 1.02623e+10
-1 0 0 0.0874713 -0.189274 0.534227 1.17335e+10
-0.5 0.5 0 0.142952 -0.142952 0.538684 1.15969e+10
-1 1 0 0.14382 -0.14382 0.574757 1.2231e+10
-0.5 1.5 0 0.185225 -0.0946853 0.570159 1.23756e+10
0.5 -1.5 0 -0.0457133 -0.117206 0.510624 5.23272e+09
0 -1 0 0.0351024 -0.176738 0.497392 8.00051e+09
0.5 -0.5 0 0.11372 -0.11372 0.501918 7.93075e+09
0 0 0 0.13514 -0.13514 0.51282 1.01536e+10
0.5 0.5 0 0.188509 -0.0701977 0.508393 1.02623e+10
0 1 0 0.189274 -0.0874713 0.534227 1.17335e+10
0.5 1.5 0 0.224709 -0.0245129 0.521574 1.21253e+10
1.5 -1.5 0 -0.189694 0.189694 0.577714 2.39126e+09
1 -1 0 0.0473364 -0.0473364 0.515049 5.18192e+09
1.5 -0.5 0 0.117206 0.0457133 0.510624 5.23272e+09
1 0 0 0.176738 -0.0351024 0.497392 8.00051e+09
1.5 0.5 0 0.220027 0.0539255 0.48553 8.18363e+09
1 1 0 0.226369 0.00251182 0.496368 1.05654e+10
1.5 1.5 0 0.244465 0.080098 0.479426 1.10345e+10
2.5 -1.5 0 -0.174525 0.270975 0.621444 1.26547e+09
2 -1 0 -0.136773 0.25291 0.574832 2.41809e+09
2.5 -0.5 0 -0.0977051 0.327835 0.566166 2.51679e+09
2 0 0 0.157663 0.157614 0.500041 5.3675e+09
2.5 0.5 0 0.164656 0.299976 0.486729 5.56904e+09
2 1 0 0.238362 0.153963 0.469982 8.48983e+09
2.5 1.5 0 0.213623 0.225683 0.457586 8.65264e+09
-2.25 -1.25 0.25 0.210397 -0.571639 0.392347 3.39528e+09
-2.25 -0.25 0.25 0.286337 -0.501696 0.463827 3.37917e+09
-2.25 0.75 0.25 0.327506 -0.426482 0.538013 3.18877e+09
-1.25 -1.25 0.25 0.227213 -0.568412 0.397876 2.96844e+09
-1.75 -0.75 0.25 0.262685 -0.541932 0.422686 3.27991e+09
-1.25 -0.25 0.25 0.324145 -0.495319 0.446386 3.18266e+09
-1.75 0.25 0.25 0.330334 -0.464262 0.486968 3.26254e+09
-1.25 0.75 0.25 0.376744 -0.421745 0.499043 3.20391e+09
-1.75 1.25 0.25 0.360382 -0.393999 0.549691 3.13149e+09
-0.25 -1.25 0.25 0.259699 -0.531025 0.418432 2.32683e+09
-0.75 -0.75 0.25 0.303125 -0.517925 0.421358 2.87688e+09
-0.25 -0.25 0.25 0.380972 -0.454806 0.433921 2.8211e+09
-0.75 0.25 0.25 0.384631 -0.442875 0.458795 3.12131e+09
-0.25 0.75 0.25 0.442875 -0.384631 0.458795 3.12131e+09
-0.75 1.25 0.25 0.421745 -0.376744 0.499043 3.20391e+09
0.75 -1.25 0.25 0.299127 -0.421349 0.459476 1.57295e+09
0.25 -0.75 0.25 0.361618 -0.45539 0.430669 2.27835e+09
0.75 -0.25 0.25 0.45539 -0.361618 0.430669 2.27835e+09
0.25 0.25 0.25 0.454806 -0.380972 0.433921 2.8211e+09
0.75 0.75 0.25 0.517925 -0.303125 0.421358 2.87688e+09
0.25 1.25 0.25 0.495319 -0.324145 0.446386 3.18266e+09
1.75 -1.25 0.25 0.382757 -0.243829 0.490194 5.64274e+08
1.25 -0.75 0.25 0.421349 -0.299127 0.459476 1.57295e+09
1.75 -0.25 0.25 0.520287 -0.154854 0.444912 1.60844e+09
1.25 0.25 0.25 0.531025 -0.259699 0.418432 2.32683e+09
1.75 0.75 0.25 0.583504 -0.154776 0.396367 2.41102e+09
1.25 1.25 0.25 0.568412 -0.227213 0.397876 2.96844e+09
2.25 -0.75 0.25 0.489485 -0.0884949 0.481041 5.83444e+08
2.25 0.25 0.25 0.589688 -0.00175537 0.417026 1.68243e+09
2.25 1.25 0.25 0.602782 -0.0553378 0.37175 2.43368e+09
-2.5 -1 0.5 -0.0699594 -0.245703 0.503608 8.54544e+09
-2.5 0 0.5 0.00757982 -0.22568 0.563006 8.81456e+09
-2.5 1 0.5 0.0660404 -0.189738 0.626218 8.604e+09
-2 -1.5 0.5 -0.0992794 -0.242684 0.478229 7.36834e+09
-1.5 -1 0.5 -0.03015 -0.232158 0.497661 7.18799e+09
-2 -0.5 0.5 -0.00500298 -0.231884 0.525485 8.27065e+09
-1.5 0 0.5 0.0593447 -0.203687 0.541903 8.02988e+09
-2 0.5 0.5 0.0659839 -0.198321 0.580585 8.54673e+09
-1.5 1 0.5 0.117656 -0.161778 0.589849 8.39246e+09
-2 1.5 0.5 0.113572 -0.154761 0.636144 8.45586e+09
-1 -1.5 0.5 -0.0948882 -0.224822 0.483046 5.5709e+09
-0.5 -1 0.5 -0.00480807 -0.199888 0.49673 5.4207e+09
-1 -0.5 0.5 0.0400754 -0.205647 0.512485 6.97488e+09
-0.5 0 0.5 0.10498 -0.162511 0.520863 6.84599e+09
-1 0.5 0.5 0.11562 -0.164716 0.550628 7.87548e+09
-0.5 1 0.5 0.164716 -0.11562 0.550628 7.87548e+09
-1 1.5 0.5 0.161778 -0.117656 0.589849 8.39246e+09
0 -1.5 0.5 -0.0984582 -0.159319 0.502952 3.55739e+09
0.5 -1 0.5 0.0111978 -0.100646 0.511958 3.48489e+09
0 -0.5 0.5 0.0777677 -0.149745 0.505123 5.3355e+09
0.5 0 0.5 0.149745 -0.0777677 0.505123 5.3355e+09
0 0.5 0.5 0.162511 -0.10498 0.520863 6.84599e+09
0.5 1 0.5 0.205647 -0.0400754 0.512485 6.97488e+09
0 1.5 0.5 0.203687 -0.0593447 0.541903 8.02988e+09
1 -1.5 0.5 -0.210482 0.144598 0.571824 1.62755e+09
1.5 -1 0.5 -0.144598 0.210482 0.571824 1.62755e+09
1 -0.5 0.5 0.100646 -0.0111978 0.511958 3.48489e+09
1.5 0 0.5 0.159319 0.0984582 0.502952 3.55739e+09
1 0.5 0.5 0.199888 0.00480807 0.49673 5.4207e+09
1.5 1 0.5 0.224822 0.0948882 0.483046 5.5709e+09
1 1.5 0.5 0.232158 0.03015 0.497661 7.18799e+09
2 -1.5 0.5 -0.171232 0.230443 0.618656 8.5634e+08
2.5 -1 0.5 -0.126006 0.302713 0.613225 8.82387e+08
2 -0.5 0.5 -0.0958898 0.288647 0.565856 1.67817e+09
2.5 0 0.5 -0.068893 0.368222 0.557249 1.7693e+09
2 0.5 0.5 0.187109 0.228677 0.487719 3.69848e+09
2.5 1 0.5 0.173751 0.349415 0.474253 3.83444e+09
2 1.5 0.5 0.213379 0.167121 0.470547 5.6971e+09
-2.25 -0.75 0.75 0.273916 -0.549438 0.423862 2.22447e+09
-2.25 0.25 0.75 0.331321 -0.479859 0.49327 2.26866e+09
-2.25 1.25 0.75 0.357641 -0.414189 0.563333 2.195e+09
-1.75 -1.25 0.75 0.228347 -0.58788 0.394714 1.9704e+09
-1.25 -0.75 0.75 0.30038 -0.545159 0.420147 1.97907e+09
-1.75 -0.25 0.75 0.320868 -0.517535 0.449337 2.18565e+09
-1.25 0.25 0.75 0.37484 -0.474352 0.466482 2.16002e+09
-1.75 0.75 0.75 0.368994 -0.446057 0.510191 2.23198e+09
-1.25 1.25 0.75 0.408615 -0.408615 0.51587 2.22245e+09
-0.75 -1.25 0.75 0.25045 -0.565886 0.411822 1.60548e+09
-0.25 -0.75 0.75 0.340507 -0.507955 0.429141 1.57354e+09
-0.75 -0.25 0.75 0.367612 -0.495326 0.437402 1.94662e+09
-0.25 0.25 0.75 0.4352 -0.4352 0.443392 1.93621e+09
-0.75 0.75 0.75 0.427029 -0.427029 0.472223 2.14909e+09
-0.25 1.25 0.75 0.474352 -0.37484 0.466482 2.16002e+09
0.25 -1.25 0.75 0.263183 -0.50208 0.451766 1.0871e+09
0.75 -0.75 0.75 0.393151 -0.393151 0.460005 1.08096e+09
0.25 -0.25 0.75 0.430289 -0.430289 0.435504 1.56525e+09
0.75 0.25 0.75 0.507955 -0.340507 0.429141 1.57354e+09
0.25 0.75 0.75 0.495326 -0.367612 0.437402 1.94662e+09
0.75 1.25 0.75 0.545159 -0.30038 0.420147 1.97907e+09
1.25 -1.25 0.75 0.348072 -0.348072 0.483281 3.93084e+08
1.75 -0.75 0.75 0.469 -0.204406 0.477164 3.98405e+08
1.25 -0.25 0.75 0.50208 -0.263183 0.451766 1.0871e+09
1.75 0.25 0.75 0.586714 -0.121702 0.42863 1.1174e+09
1.25 0.75 0.75 0.565886 -0.25045 0.411822 1.60548e+09
1.75 1.25 0.75 0.596587 -0.167898 0.390238 1.62268e+09
2.25 -1.25 0.75 0.390574 -0.160486 0.600335 2.08079e+08
2.25 -0.25 0.75 0.557348 -0.052437 0.461494 4.10917e+08
2.25 0.75 0.75 0.633192 0.0220394 0.398041 1.12278e+09
-2.5 -1.5 1 -0.117792 -0.235159 0.481438 4.60788e+09
-2.5 -0.5 1 -0.0345984 -0.23027 0.532058 5.39165e+09
-2.5 0.5 1 0.033684 -0.208541 0.591307 5.69628e+09
-2.5 1.5 1 0.0842841 -0.166656 0.653983 5.66363e+09
-1.5 -1.5 1 -0.111959 -0.205419 0.487823 3.60656e+09
-2 -1 1 -0.0570276 -0.227604 0.502702 4.64549e+09
-1.5 -0.5 1 0.0101813 -0.211306 0.519507 4.58657e+09
-2 0 1 0.0279985 -0.212227 0.550917 5.31091e+09
-1.5 0.5 1 0.0871968 -0.180512 0.563318 5.22367e+09
-2 1 1 0.0883068 -0.176964 0.604935 5.60304e+09
-1.5 1.5 1 0.13655 -0.13655 0.609519 5.56608e+09
-0.5 -1.5 1 -0.168819 -0.182979 0.498239 2.32178e+09
-1 -1 1 -0.0426343 -0.206221 0.499713 3.54376e+09
-0.5 -0.5 1 0.0394261 -0.173814 0.510522 3.48079e+09
-1 0 1 0.0742171 -0.180341 0.530635 4.49811e+09
-0.5 0.5 1 0.132778 -0.132778 0.534644 4.45806e+09
-1 1 1 0.138319 -0.138319 0.567497 5.18019e+09
-0.5 1.5 1 0.180512 -0.0871968 0.563318 5.22367e+09
0.5 -1.5 1 -0.244311 0.102596 0.568185 1.07919e+09
0 -1 1 -0.041264 -0.142315 0.51133 2.26671e+09
0.5 -0.5 1 0.0653982 -0.0653982 0.516316 2.24756e+09
0 0 1 0.115135 -0.115135 0.514694 3.4553e+09
0.5 0.5 1 0.173814 -0.0394261 0.510522 3.48079e+09
0 1 1 0.180341 -0.0742171 0.530635 4.49811e+09
0.5 1.5 1 0.211306 -0.0101813 0.519507 4.58657e+09
1.5 -1.5 1 -0.183205 0.183205 0.618099 5.62169e+08
1 -1 1 -0.164499 0.164499 0.571683 1.06179e+09
1.5 -0.5 1 -0.102596 0.244311 0.568185 1.07919e+09
1 0 1 0.142315 0.041264 0.51133 2.26671e+09
1.5 0.5 1 0.182979 0.168819 0.498239 2.32178e+09
1 1 1 0.206221 0.0426343 0.499713 3.54376e+09
1.5 1.5 1 0.205419 0.111959 0.487823 3.60656e+09
2.5 -1.5 1 -0.180303 0.291856 0.68332 3.3868e+08
2 -1 1 -0.122763 0.258958 0.615167 5.71763e+08
2.5 -0.5 1 -0.0836738 0.341375 0.608357 6.00739e+08
2 0 1 -0.0642267 0.330644 0.559824 1.12829e+09
2.5 0.5 1 -0.0540218 0.406282 0.551937 1.1889e+09
2 1 1 0.176508 0.293971 0.485068 2.38431e+09
2.5 1.5 1 0.112058 0.355855 0.49099 2.2702e+09
-2.25 -1.25 1.25 0.244916 -0.585016 0.401877 1.24835e+09
-2.25 -0.25 1.25 0.323047 -0.522032 0.457877 1.43726e+09
-2.25 0.75 1.25 0.366036 -0.462606 0.522649 1.4971e+09
-1.25 -1.25 1.25 0.255164 -0.575439 0.414252 1.05095e+09
-1.75 -0.75 1.25 0.292424 -0.560504 0.425014 1.26969e+09
-1.25 -0.25 1.25 0.357885 -0.519293 0.444538 1.29441e+09
-1.75 0.25 1.25 0.36452 -0.492762 0.477301 1.43726e+09
-1.25 0.75 1.25 0.410821 -0.453556 0.487852 1.44095e+09
-1.75 1.25 1.25 0.398344 -0.431636 0.533296 1.49265e+09
-0.25 -1.25 1.25 0.225456 -0.56821 0.444154 7.22503e+08
-0.75 -0.75 1.25 0.326915 -0.540426 0.431424 1.0493e+09
-0.25 -0.25 1.25 0.405224 -0.480267 0.443005 1.04315e+09
-0.75 0.25 1.25 0.416597 -0.472425 0.455296 1.29107e+09
-0.25 0.75 1.25 0.472425 -0.416597 0.455296 1.29107e+09
-0.75 1.25 1.25 0.453556 -0.410821 0.487852 1.44095e+09
0.75 -1.25 1.25 0.306788 -0.433418 0.478705 2.65497e+08
0.25 -0.75 1.25 0.355612 -0.471978 0.461746 7.17279e+08
0.75 -0.25 1.25 0.471978 -0.355612 0.461746 7.17279e+08
0.25 0.25 1.25 0.480267 -0.405224 0.443005 1.04315e+09
0.75 0.75 1.25 0.540426 -0.326915 0.431424 1.0493e+09
0.25 1.25 1.25 0.519293 -0.357885 0.444538 1.29441e+09
1.75 -1.25 1.25 0.368392 -0.253898 0.595443 1.39906e+08
1.25 -0.75 1.25 0.433418 -0.306788 0.478705 2.65497e+08
1.75 -0.25 1.25 0.535371 -0.166743 0.466898 2.69091e+08
1.25 0.25 1.25 0.56821 -0.225456 0.444154 7.22503e+08
1.75 0.75 1.25 0.634067 -0.0881148 0.414846 7.18557e+08
1.25 1.25 1.25 0.575439 -0.255164 0.414252 1.05095e+09
2.25 -0.75 1.25 0.454028 -0.123765 0.59271 1.42843e+08
2.25 0.25 1.25 0.601612 -0.0308939 0.45071 2.7058e+08
2.25 1.25 1.25 0.654023 0.0377274 0.387592 6.64603e+08
-2.5 -1 1.5 -0.0857311 -0.214173 0.511932 2.82477e+09
-2.5 0 1.5 -0.00931837 -0.216413 0.561329 3.36536e+09
-2.5 1 1.5 0.0550374 -0.185027 0.621156 3.58901e+09
-2 -1.5 1.5 -0.127065 -0.185327 0.497462 2.16619e+09
-1.5 -1 1.5 -0.0682594 -0.185879 0.509953 2.21832e+09
-2 -0.5 1.5 -0.0253748 -0.207903 0.529471 2.88357e+09
-1.5 0 1.5 0.0402145 -0.187247 0.542693 2.8736e+09
-2 0.5 1.5 0.051078 -0.194117 0.576559 3.35256e+09
-1.5 1 1.5 0.108283 -0.158105 0.584428 3.3402e+09
-2 1.5 1.5 0.105537 -0.150205 0.630028 3.56868e+09
-1 -1.5 1.5 -0.236087 -0.169118 0.501728 1.43941e+09
-0.5 -1 1.5 -0.106151 -0.161381 0.514196 1.42503e+09
-1 -0.5 1.5 0.000518078 -0.178256 0.519662 2.19927e+09
-0.5 0 1.5 0.0766901 -0.138923 0.526415 2.18872e+09
-1 0.5 1.5 0.100837 -0.152274 0.549433 2.85459e+09
-0.5 1 1.5 0.152274 -0.100837 0.549433 2.85459e+09
-1 1.5 1.5 0.158105 -0.108283 0.584428 3.3402e+09
0 -1.5 1.5 -0.28406 0.0745176 0.569515 6.99723e+08
0.5 -1 1.5 -0.197365 0.124067 0.575447 6.80152e+08
0 -0.5 1.5 0.0160648 -0.106551 0.523414 1.41766e+09
0.5 0 1.5 0.106551 -0.0160648 0.523414 1.41766e+09
0 0.5 1.5 0.138923 -0.0766901 0.526415 2.18872e+09
0.5 1 1.5 0.178256 -0.000518079 0.519662 2.19927e+09
0 1.5 1.5 0.187247 -0.0402145 0.542693 2.8736e+09
1 -1.5 1.5 -0.210312 0.13551 0.619515 3.61198e+08
1.5 -1 1.5 -0.13551 0.210312 0.619515 3.61198e+08
1 -0.5 1.5 -0.124067 0.197365 0.575447 6.80152e+08
1.5 0 1.5 -0.0745176 0.28406 0.569515 6.99723e+08
1 0.5 1.5 0.161381 0.106151 0.514196 1.42503e+09
1.5 1 1.5 0.169118 0.236087 0.501728 1.43941e+09
1 1.5 1.5 0.185879 0.0682594 0.509953 2.21832e+09
2 -1.5 1.5 -0.179901 0.246211 0.692252 2.13897e+08
2.5 -1 1.5 -0.133177 0.3259 0.686277 2.2342e+08
2 -0.5 1.5 -0.0820184 0.296964 0.614116 3.73941e+08
2.5 0 1.5 -0.0556375 0.383319 0.606641 3.97806e+08
2 0.5 1.5 -0.0552248 0.365947 0.562724 7.33405e+08
2.5 1 1.5 -0.0705253 0.4071 0.565163 7.52959e+08
2 1.5 1.5 0.116376 0.33487 0.500705 1.39303e+09
