449
-2.5 -1 -1.5 -0.0879352 -0.848711 0.233056 5.84523e+08
-2.5 0 -1.5 -0.0203961 -0.834012 0.238554 5.08653e+08
-2.5 1 -1.5 0.0458932 -0.813331 0.234227 4.217e+08
-2 -1.5 -1.5 -0.0993854 -0.855952 0.24987 8.51633e+08
-1.5 -1 -1.5 -0.0339973 -0.849416 0.2828 1.09903e+09
-2 -0.5 -1.5 -0.0254055 -0.841688 0.261716 7.54445e+08
-1.5 0 -1.5 0.04272 -0.826498 0.289039 9.35528e+08
-2 0.5 -1.5 0.0449511 -0.819539 0.262138 6.32094e+08
-1.5 1 -1.5 0.114567 -0.795925 0.284681 7.52426e+08
-2 1.5 -1.5 0.112999 -0.791551 0.253642 5.04081e+08
-1 -1.5 -1.5 -0.0490632 -0.856209 0.300968 1.55604e+09
-0.5 -1 -1.5 0.0253199 -0.84065 0.337008 1.9088e+09
-1 -0.5 -1.5 0.0371916 -0.833764 0.31433 1.35765e+09
-0.5 0 -1.5 0.112716 -0.806706 0.344323 1.59284e+09
-1 0.5 -1.5 0.11516 -0.801044 0.315152 1.10711e+09
-0.5 1 -1.5 0.189986 -0.763242 0.339854 1.24302e+09
-1 1.5 -1.5 0.18672 -0.761296 0.306291 8.53657e+08
0 -1.5 -1.5 0.00319075 -0.846026 0.356 2.5522e+09
0.5 -1 -1.5 0.085506 -0.818106 0.393596 2.89099e+09
0 -0.5 -1.5 0.104136 -0.812606 0.37094 2.20963e+09
0.5 0 -1.5 0.185211 -0.769589 0.401367 2.39382e+09
0 0.5 -1.5 0.19048 -0.765945 0.372112 1.76262e+09
0.5 1 -1.5 0.267792 -0.709252 0.396215 1.83116e+09
0 1.5 -1.5 0.264678 -0.711147 0.362403 1.3189e+09
1 -1.5 -1.5 0.0530144 -0.821492 0.411943 3.46815e+09
1.5 -1 -1.5 0.143378 -0.778415 0.444012 3.46626e+09
1 -0.5 -1.5 0.170555 -0.774157 0.425597 3.03242e+09
1.5 0 -1.5 0.255539 -0.711392 0.447449 2.92686e+09
1 0.5 -1.5 0.265757 -0.709072 0.425635 2.41355e+09
1.5 1 -1.5 0.341916 -0.628348 0.439582 2.26124e+09
1 1.5 -1.5 0.341202 -0.634488 0.414217 1.78364e+09
2 -1.5 -1.5 0.101265 -0.778179 0.458265 3.45693e+09
2.5 -1 -1.5 0.203105 -0.718729 0.462006 2.91455e+09
2 -0.5 -1.5 0.234971 -0.715732 0.459571 3.14859e+09
2.5 0 -1.5 0.320579 -0.630455 0.446452 2.61408e+09
2 0.5 -1.5 0.335691 -0.626582 0.452021 2.59819e+09
2.5 1 -1.5 0.401199 -0.516266 0.429094 2.13434e+09
2 1.5 -1.5 0.407559 -0.524434 0.437302 1.97313e+09
-2.25 -0.75 -1.25 0.231306 -0.819815 0.333414 3.11136e+08
-2.25 0.25 -1.25 0.296648 -0.808821 0.33005 2.97756e+08
-2.25 1.25 -1.25 0.354323 -0.797282 0.315212 2.68363e+08
-1.75 -1.25 -1.25 0.212499 -0.813953 0.359137 4.27834e+08
-1.25 -0.75 -1.25 0.273464 -0.791336 0.392127 5.81344e+08
-1.75 -0.25 -1.25 0.288993 -0.799038 0.362117 4.22344e+08
-1.25 0.25 -1.25 0.350243 -0.770104 0.387642 5.52746e+08
-1.75 0.75 -1.25 0.354707 -0.783285 0.351936 3.89461e+08
-1.25 1.25 -1.25 0.415103 -0.749443 0.371778 4.88208e+08
-0.75 -1.25 -1.25 0.246974 -0.786438 0.419322 7.6631e+08
-0.25 -0.75 -1.25 0.316758 -0.751655 0.452784 9.92268e+08
-0.75 -0.25 -1.25 0.338618 -0.759097 0.421543 7.58871e+08
-0.25 0.25 -1.25 0.406967 -0.715374 0.447705 9.41042e+08
-0.75 0.75 -1.25 0.4142 -0.731411 0.410644 6.90706e+08
-0.25 1.25 -1.25 0.479407 -0.681466 0.431735 8.16356e+08
0.25 -1.25 -1.25 0.280957 -0.748232 0.481021 1.21152e+09
0.75 -0.75 -1.25 0.361626 -0.696899 0.512636 1.43892e+09
0.25 -0.25 -1.25 0.390552 -0.703408 0.481894 1.21178e+09
0.75 0.25 -1.25 0.466932 -0.63948 0.505733 1.37791e+09
0.25 0.75 -1.25 0.476957 -0.658386 0.470654 1.09664e+09
0.75 1.25 -1.25 0.546514 -0.586709 0.489715 1.19097e+09
1.25 -1.25 -1.25 0.316846 -0.694539 0.541246 1.53733e+09
1.75 -0.75 -1.25 0.414739 -0.620774 0.561101 1.57182e+09
1.25 -0.25 -1.25 0.446915 -0.627042 0.535684 1.56959e+09
1.75 0.25 -1.25 0.535435 -0.535694 0.545147 1.55466e+09
1.25 0.75 -1.25 0.544005 -0.557871 0.522099 1.44471e+09
1.75 1.25 -1.25 0.619133 -0.456977 0.527301 1.39035e+09
2.25 -1.25 -1.25 0.368006 -0.616753 0.585264 1.35161e+09
2.25 -0.25 -1.25 0.520042 -0.521399 0.556752 1.43282e+09
2.25 0.75 -1.25 0.624077 -0.419798 0.533015 1.39307e+09
-2.5 -1.5 -1 -0.186989 -0.821312 0.174397 9.0583e+08
-2.5 -0.5 -1 -0.124582 -0.813496 0.192254 8.09173e+08
-2.5 0.5 -1 -0.0614274 -0.799169 0.198278 6.87916e+08
-2.5 1.5 -1 0.00336444 -0.779448 0.194539 5.58709e+08
-1.5 -1.5 -1 -0.146004 -0.835766 0.219336 1.79104e+09
-2 -1 -1 -0.133679 -0.824785 0.207442 1.21413e+09
-1.5 -0.5 -1 -0.0742013 -0.822082 0.239086 1.57204e+09
-2 0 -1 -0.0673173 -0.810129 0.219779 1.04542e+09
-1.5 0.5 -1 -0.00485962 -0.799179 0.246155 1.29909e+09
-2 1 -1 -0.000933268 -0.788529 0.221008 8.55048e+08
-1.5 1.5 -1 0.063354 -0.769045 0.243022 1.0189e+09
-0.5 -1.5 -1 -0.0998366 -0.844434 0.268171 3.33527e+09
-1 -1 -1 -0.084029 -0.834026 0.255533 2.32363e+09
-0.5 -0.5 -1 -0.0168356 -0.822998 0.290557 2.88158e+09
-1 0 -1 -0.00948892 -0.810944 0.269583 1.95249e+09
-0.5 0.5 -1 0.0586399 -0.788967 0.299146 2.30957e+09
-1 1 -1 0.0612683 -0.778398 0.271741 1.54317e+09
-0.5 1.5 -1 0.12873 -0.745593 0.296706 1.7431e+09
0.5 -1.5 -1 -0.0534871 -0.84227 0.32045 5.57575e+09
0 -1 -1 -0.0300808 -0.834064 0.307932 4.11878e+09
0.5 -0.5 -1 0.042365 -0.810949 0.345965 4.79137e+09
0 0 -1 0.0534221 -0.80014 0.324375 3.38734e+09
0.5 0.5 -1 0.123663 -0.762998 0.356402 3.74745e+09
0 1 -1 0.1275 -0.753801 0.327652 2.58597e+09
0.5 1.5 -1 0.193618 -0.703366 0.354422 2.73023e+09
1.5 -1.5 -1 -0.0145222 -0.824417 0.372276 7.67169e+09
1 -1 -1 0.021108 -0.819884 0.362166 6.36381e+09
1.5 -0.5 -1 0.0942646 -0.781562 0.398636 6.71204e+09
1 0 -1 0.114012 -0.772613 0.380942 5.20595e+09
1.5 0.5 -1 0.180302 -0.716914 0.410297 5.25523e+09
1 1 -1 0.189919 -0.709403 0.385233 3.88434e+09
1.5 1.5 -1 0.247248 -0.637651 0.408591 3.77027e+09
2.5 -1.5 -1 0.00970988 -0.785054 0.408494 7.57651e+09
2 -1 -1 0.0606315 -0.787474 0.407891 7.71043e+09
2.5 -0.5 -1 0.127146 -0.73273 0.426831 7.03668e+09
2 0 -1 0.160605 -0.725373 0.425366 6.50444e+09
2.5 0.5 -1 0.212002 -0.650019 0.435767 5.79943e+09
2 1 -1 0.235202 -0.642138 0.430126 4.92602e+09
2.5 1.5 -1 0.270145 -0.547088 0.434991 4.30013e+09
-2.25 -1.25 -0.75 0.21322 -0.81663 0.252321 4.35936e+08
-2.25 -0.25 -0.75 0.274519 -0.8142 0.260419 4.31984e+08
-2.25 0.75 -0.75 0.328469 -0.809432 0.254721 4.04132e+08
-1.25 -1.25 -0.75 0.244634 -0.803333 0.308913 8.49414e+08
-1.75 -0.75 -0.75 0.263535 -0.8079 0.286161 6.14487e+08
-1.25 -0.25 -0.75 0.317619 -0.792036 0.316746 8.41812e+08
-1.75 0.25 -0.75 0.325499 -0.800148 0.286598 5.89267e+08
-1.25 0.75 -0.75 0.379574 -0.778549 0.310388 7.75546e+08
-1.75 1.25 -0.75 0.379756 -0.790637 0.274702 5.301e+08
-0.25 -1.25 -0.75 0.277169 -0.782382 0.368265 1.54455e+09
-0.75 -0.75 -0.75 0.302509 -0.785955 0.344272 1.16636e+09
-0.25 -0.25 -0.75 0.364341 -0.758104 0.376618 1.53628e+09
-0.75 0.25 -0.75 0.375205 -0.767273 0.344683 1.11e+09
-0.25 0.75 -0.75 0.435326 -0.731869 0.370939 1.39358e+09
-0.75 1.25 -0.75 0.436027 -0.747854 0.332923 9.75418e+08
0.75 -1.25 -0.75 0.311194 -0.749452 0.429842 2.47118e+09
0.25 -0.75 -0.75 0.344068 -0.752216 0.405143 2.0211e+09
0.75 -0.25 -0.75 0.414233 -0.707416 0.438676 2.48737e+09
0.25 0.25 -0.75 0.428938 -0.717767 0.406633 1.91708e+09
0.75 0.75 -0.75 0.494349 -0.663264 0.434655 2.24022e+09
0.25 1.25 -0.75 0.496246 -0.684398 0.396378 1.64906e+09
1.75 -1.25 -0.75 0.350394 -0.697077 0.490966 3.14113e+09
1.25 -0.75 -0.75 0.388555 -0.701511 0.466261 2.95884e+09
1.75 -0.25 -0.75 0.46851 -0.633771 0.495478 3.23766e+09
1.25 0.25 -0.75 0.485643 -0.645912 0.468284 2.83954e+09
1.75 0.75 -0.75 0.555491 -0.56636 0.492064 2.97686e+09
1.25 1.25 -0.75 0.557866 -0.593656 0.460215 2.4308e+09
2.25 -0.75 -0.75 0.443011 -0.624058 0.516665 3.20785e+09
2.25 0.25 -0.75 0.548135 -0.54416 0.512863 3.19896e+09
2.25 1.25 -0.75 0.620073 -0.46839 0.50684 2.85585e+09
-2.5 -1 -0.5 -0.232741 -0.768231 0.131822 1.30715e+09
-2.5 0 -0.5 -0.175783 -0.75852 0.150812 1.1413e+09
-2.5 1 -0.5 -0.115132 -0.74349 0.157809 9.51329e+08
-2 -1.5 -0.5 -0.244351 -0.783327 0.137734 1.97281e+09
-1.5 -1 -0.5 -0.19544 -0.791279 0.174712 2.65709e+09
-2 -0.5 -0.5 -0.185359 -0.774406 0.164563 1.7502e+09
-1.5 0 -0.5 -0.132328 -0.775172 0.195856 2.2656e+09
-2 0.5 -0.5 -0.124088 -0.758307 0.17818 1.47242e+09
-1.5 1 -0.5 -0.0677736 -0.751024 0.204456 1.82825e+09
-2 1.5 -0.5 -0.0599184 -0.736026 0.180539 1.18033e+09
-1 -1.5 -0.5 -0.207811 -0.807516 0.180598 3.9659e+09
-0.5 -1 -0.5 -0.151163 -0.811029 0.220893 5.18188e+09
-1 -0.5 -0.5 -0.140751 -0.793251 0.210327 3.45479e+09
-0.5 0 -0.5 -0.081686 -0.786783 0.244915 4.30403e+09
-1 0.5 -0.5 -0.0747513 -0.768185 0.226079 2.81719e+09
-0.5 1 -0.5 -0.0147196 -0.750949 0.255682 3.34317e+09
-1 1.5 -0.5 -0.00860498 -0.734293 0.230161 2.17265e+09
0 -1.5 -0.5 -0.166675 -0.826216 0.226591 7.53514e+09
0.5 -1 -0.5 -0.104054 -0.82194 0.270709 9.40018e+09
0 -0.5 -0.5 -0.0903754 -0.805416 0.260193 6.46662e+09
0.5 0 -0.5 -0.0284181 -0.788062 0.298575 7.64116e+09
0 0.5 -0.5 -0.0207383 -0.769296 0.278791 5.09922e+09
0.5 1 -0.5 0.0385625 -0.738423 0.311935 5.70979e+09
0 1.5 -0.5 0.0447298 -0.721126 0.284927 3.76593e+09
1 -1.5 -0.5 -0.127516 -0.833479 0.275028 1.28688e+10
1.5 -1 -0.5 -0.0637626 -0.81813 0.321321 1.48916e+10
1 -0.5 -0.5 -0.0410536 -0.805256 0.313452 1.10414e+10
1.5 0 -0.5 0.0175711 -0.774113 0.353643 1.21107e+10
1 0.5 -0.5 0.0305977 -0.756696 0.335575 8.48902e+09
1.5 1 -0.5 0.0816217 -0.709777 0.369972 8.83238e+09
1 1.5 -0.5 0.0918604 -0.69238 0.34378 6.02166e+09
2 -1.5 -0.5 -0.101457 -0.823391 0.32101 1.80269e+10
2.5 -1 -0.5 -0.0451797 -0.794774 0.360756 1.84043e+10
2 -0.5 -0.5 -0.00596033 -0.787988 0.362878 1.59298e+10
2.5 0 -0.5 0.0388514 -0.742705 0.395727 1.56794e+10
2 0.5 -0.5 0.065945 -0.727443 0.38902 1.23495e+10
2.5 1 -0.5 0.0972236 -0.665457 0.416432 1.17182e+10
2 1.5 -0.5 0.118941 -0.646852 0.399869 8.61243e+09
-2.25 -0.75 -0.25 0.254583 -0.797945 0.17302 6.16945e+08
-2.25 0.25 -0.25 0.304992 -0.802291 0.179915 5.98939e+08
-2.25 1.25 -0.25 0.350199 -0.802996 0.173309 5.50648e+08
-1.75 -1.25 -0.25 0.23895 -0.793985 0.190332 8.75613e+08
-1.25 -0.75 -0.25 0.284613 -0.792749 0.227608 1.24682e+09
-1.75 -0.25 -0.25 0.297333 -0.796858 0.205238 8.72692e+08
-1.25 0.25 -0.25 0.343087 -0.789193 0.234647 1.20015e+09
-1.75 0.75 -0.25 0.348085 -0.795821 0.204825 8.18561e+08
-1.25 1.25 -0.25 0.393942 -0.782162 0.228048 1.07868e+09
-0.75 -1.25 -0.25 0.264681 -0.790211 0.245973 1.73019e+09
-0.25 -0.75 -0.25 0.317747 -0.780245 0.285675 2.4026e+09
-0.75 -0.25 -0.25 0.333701 -0.783765 0.261968 1.72446e+09
-0.25 0.25 -0.25 0.385951 -0.765077 0.294305 2.29135e+09
-0.75 0.75 -0.25 0.391821 -0.773188 0.262221 1.58904e+09
-0.25 1.25 -0.25 0.442787 -0.747287 0.289352 2.00416e+09
0.25 -1.25 -0.25 0.292612 -0.778738 0.304621 3.19434e+09
0.75 -0.75 -0.25 0.353992 -0.7557 0.347224 4.2296e+09
0.25 -0.25 -0.25 0.374178 -0.758974 0.323092 3.19529e+09
0.75 0.25 -0.25 0.432636 -0.724411 0.359255 4.01467e+09
0.25 0.75 -0.25 0.440334 -0.734938 0.325885 2.89012e+09
0.75 1.25 -0.25 0.494855 -0.692239 0.357747 3.42367e+09
1.25 -1.25 -0.25 0.32314 -0.754341 0.365983 5.18239e+09
1.75 -0.75 -0.25 0.392967 -0.713259 0.41005 6.27294e+09
1.25 -0.25 -0.25 0.417422 -0.717236 0.38775 5.25359e+09
1.75 0.25 -0.25 0.480299 -0.66186 0.425955 6.03324e+09
1.25 0.75 -0.25 0.490791 -0.675298 0.394739 4.70762e+09
1.75 1.25 -0.25 0.545366 -0.611568 0.429216 5.11023e+09
2.25 -1.25 -0.25 0.360351 -0.708117 0.427667 6.65463e+09
2.25 -0.25 -0.25 0.46252 -0.652413 0.448819 6.91177e+09
2.25 0.75 -0.25 0.539005 -0.589459 0.460267 6.34363e+09
-2.5 -1.5 0 -0.342883 -0.705765 0.0577542 2.18416e+09
-2.5 -0.5 0 -0.294805 -0.69717 0.0917327 1.96063e+09
-2.5 0.5 0 -0.241097 -0.6838 0.111799 1.67899e+09
-2.5 1.5 0 -0.181813 -0.66605 0.11938 1.37533e+09
-1.5 -1.5 0 -0.316775 -0.740611 0.0969012 4.59118e+09
-2 -1 0 -0.305898 -0.718617 0.0968373 3.01736e+09
-1.5 -0.5 0 -0.263218 -0.728424 0.134285 4.05152e+09
-2 0 0 -0.25277 -0.705021 0.12515 2.61575e+09
-1.5 0.5 0 -0.205664 -0.708158 0.157024 3.37491e+09
-2 1 0 -0.194496 -0.685633 0.139882 2.15813e+09
-1.5 1.5 0 -0.144004 -0.680843 0.166865 2.6704e+09
-0.5 -1.5 0 -0.284056 -0.775605 0.137721 9.37358e+09
-1 -1 0 -0.273104 -0.752717 0.138665 6.21758e+09
-0.5 -0.5 0 -0.224277 -0.759316 0.179138 8.12581e+09
-1 0 0 -0.215417 -0.73313 0.17028 5.25659e+09
-0.5 0.5 0 -0.164065 -0.730258 0.205281 6.54475e+09
-1 1 0 -0.154783 -0.704187 0.187828 4.18631e+09
-0.5 1.5 0 -0.102413 -0.690589 0.218173 4.96302e+09
0.5 -1.5 0 -0.247329 -0.805247 0.18089 1.8151e+10
0 -1 0 -0.233807 -0.784456 0.182974 1.23543e+10
0.5 -0.5 0 -0.180628 -0.784789 0.22745 1.55472e+10
0 0 0 -0.172197 -0.75788 0.218724 1.01677e+10
0.5 0.5 0 -0.119961 -0.745864 0.257816 1.20876e+10
0 1 0 -0.111814 -0.717243 0.239818 7.76675e+09
0.5 1.5 0 -0.0622551 -0.691876 0.27422 8.73818e+09
1.5 -1.5 0 -0.214548 -0.822513 0.225697 3.16239e+10
1 -1 0 -0.192804 -0.807687 0.230297 2.29401e+10
1.5 -0.5 0 -0.139819 -0.79874 0.278761 2.73133e+10
1 0 0 -0.128124 -0.774156 0.271314 1.85197e+10
1.5 0.5 0 -0.0809775 -0.750794 0.314214 2.07411e+10
1 1 0 -0.0716806 -0.721206 0.296467 1.35704e+10
1.5 1.5 0 -0.0320012 -0.682791 0.334225 1.4344e+10
2.5 -1.5 0 -0.199684 -0.820608 0.267109 4.51376e+10
2 -1 0 -0.161668 -0.815391 0.277804 3.72699e+10
2.5 -0.5 0 -0.117357 -0.795363 0.326093 4.06698e+10
2 0 0 -0.0936333 -0.777056 0.325306 3.04014e+10
2.5 0.5 0 -0.0599983 -0.742817 0.368115 3.15197e+10
2 1 0 -0.0443961 -0.714141 0.355155 2.17689e+10
2.5 1.5 0 -0.0232519 -0.665189 0.392742 2.14532e+10
-2.25 -1.25 0.25 0.222932 -0.761313 0.0674247 8.79642e+08
-2.25 -0.25 0.25 0.272782 -0.776257 0.0901772 8.84653e+08
-2.25 0.75 0.25 0.316418 -0.78609 0.0965459 8.4619e+08
-1.25 -1.25 0.25 0.238916 -0.773335 0.119729 1.82154e+09
-1.75 -0.75 0.25 0.258462 -0.774153 0.107275 1.28193e+09
-1.25 -0.25 0.25 0.296139 -0.781585 0.144145 1.82985e+09
-1.75 0.25 0.25 0.307974 -0.783312 0.12191 1.25295e+09
-1.25 0.75 0.25 0.345601 -0.783947 0.151217 1.72336e+09
-1.75 1.25 0.25 0.351895 -0.787009 0.121291 1.15529e+09
-0.25 -1.25 0.25 0.256563 -0.782328 0.175029 3.64506e+09
-0.75 -0.75 0.25 0.279584 -0.78125 0.16226 2.6208e+09
-0.25 -0.25 0.25 0.323078 -0.780701 0.202352 3.65966e+09
-0.75 0.25 0.25 0.336442 -0.781652 0.178564 2.53633e+09
-0.25 0.75 0.25 0.379433 -0.772486 0.211768 3.37569e+09
-0.75 1.25 0.25 0.385921 -0.776464 0.179368 2.27897e+09
0.75 -1.25 0.25 0.276514 -0.783891 0.233912 6.83008e+09
0.25 -0.75 0.25 0.303719 -0.781563 0.221254 5.12051e+09
0.75 -0.25 0.25 0.353435 -0.768715 0.266095 6.87538e+09
0.25 0.25 0.25 0.369208 -0.769601 0.241159 4.89786e+09
0.75 0.75 0.25 0.416958 -0.746388 0.28016 6.20063e+09
0.25 1.25 0.25 0.424379 -0.752682 0.245338 4.26388e+09
1.75 -1.25 0.25 0.29869 -0.772402 0.296721 1.12529e+10
1.25 -0.75 0.25 0.330276 -0.770191 0.284948 9.15605e+09
1.75 -0.25 0.25 0.384734 -0.74073 0.335372 1.14828e+10
1.25 0.25 0.25 0.404332 -0.742039 0.310838 8.69381e+09
1.75 0.75 0.25 0.453787 -0.700974 0.356142 1.02257e+10
1.25 1.25 0.25 0.464108 -0.710504 0.320419 7.3455e+09
2.25 -0.75 0.25 0.357336 -0.741554 0.352025 1.37945e+10
2.25 0.25 0.25 0.436882 -0.694932 0.385144 1.32764e+10
2.25 1.25 0.25 0.49817 -0.646428 0.401688 1.11061e+10
-2.5 -1 0.5 -0.416123 -0.63097 0.0263058 3.55431e+09
-2.5 0 0.5 -0.37167 -0.615011 0.0602621 3.12608e+09
-2.5 1 0.5 -0.319678 -0.595575 0.0798039 2.62921e+09
-2 -1.5 0.5 -0.425715 -0.658331 0.0225961 5.45865e+09
-1.5 -1 0.5 -0.39293 -0.673318 0.0664929 7.55824e+09
-2 -0.5 0.5 -0.383282 -0.643267 0.0662094 4.87808e+09
-1.5 0 0.5 -0.345143 -0.653254 0.104343 6.50563e+09
-2 0.5 0.5 -0.333428 -0.622887 0.0944786 4.14306e+09
-1.5 1 0.5 -0.290672 -0.626667 0.127087 5.30892e+09
-2 1.5 0.5 -0.276878 -0.597796 0.108693 3.35679e+09
-1 -1.5 0.5 -0.401141 -0.70325 0.0606434 1.1576e+10
-0.5 -1 0.5 -0.362357 -0.718715 0.107416 1.57575e+10
-1 -0.5 0.5 -0.354674 -0.685829 0.108808 1.01706e+10
-0.5 0 0.5 -0.311852 -0.693846 0.14979 1.32159e+10
-1 0.5 0.5 -0.302453 -0.658948 0.140968 8.38516e+09
-0.5 1 0.5 -0.256923 -0.657916 0.176635 1.03787e+10
-1 1.5 0.5 -0.2449 -0.623982 0.158655 6.54185e+09
0 -1.5 0.5 -0.369859 -0.748668 0.0997229 2.39311e+10
0.5 -1 0.5 -0.325298 -0.762439 0.150397 3.18127e+10
0 -0.5 0.5 -0.318954 -0.72945 0.153104 2.06918e+10
0.5 0 0.5 -0.273199 -0.733012 0.198143 2.59939e+10
0 0.5 0.5 -0.266432 -0.694911 0.189946 1.64622e+10
0.5 1 0.5 -0.221438 -0.686578 0.229829 1.95205e+10
0 1.5 0.5 -0.211236 -0.647673 0.212003 1.22609e+10
1 -1.5 0.5 -0.33494 -0.788321 0.140848 4.69971e+10
1.5 -1 0.5 -0.286812 -0.797442 0.196289 6.0168e+10
1 -0.5 0.5 -0.278558 -0.768733 0.200621 4.03679e+10
1.5 0 0.5 -0.233425 -0.765414 0.250573 4.84738e+10
1 0.5 0.5 -0.228494 -0.727081 0.24293 3.09968e+10
1.5 1 0.5 -0.188995 -0.710048 0.287508 3.48806e+10
1 1.5 0.5 -0.180628 -0.666961 0.269747 2.1919e+10
2 -1.5 0.5 -0.305563 -0.81398 0.183577 8.28575e+10
2.5 -1 0.5 -0.259774 -0.81514 0.242759 9.93149e+10
2 -0.5 0.5 -0.240774 -0.796641 0.251308 7.2609e+10
2.5 0 0.5 -0.20163 -0.785139 0.305061 8.19969e+10
2 0.5 0.5 -0.194421 -0.751274 0.299931 5.47292e+10
2.5 1 0.5 -0.165939 -0.726478 0.347844 5.79308e+10
2 1.5 0.5 -0.158878 -0.681435 0.331459 3.6938e+10
-2.25 -0.75 0.75 0.207648 -0.738981 -0.00876216 1.32478e+09
-2.25 0.25 0.75 0.257106 -0.757108 0.014622 1.31458e+09
-2.25 1.25 0.75 0.300545 -0.769097 0.0212426 1.24103e+09
-1.75 -1.25 0.75 0.183204 -0.740796 -0.00209991 1.90236e+09
-1.25 -0.75 0.75 0.216888 -0.762229 0.0442987 2.79438e+09
-1.75 -0.25 0.75 0.23909 -0.758894 0.0319949 1.93049e+09
-1.25 0.25 0.75 0.271969 -0.77338 0.0699028 2.75167e+09
-1.75 0.75 0.75 0.287828 -0.770668 0.0473149 1.85801e+09
-1.25 1.25 0.75 0.320566 -0.777597 0.0778912 2.54353e+09
-0.75 -1.25 0.75 0.189684 -0.767111 0.0503861 3.96642e+09
-0.25 -0.75 0.75 0.227666 -0.783508 0.100669 5.75826e+09
-0.75 -0.25 0.75 0.252216 -0.777578 0.0880773 4.01944e+09
-0.25 0.25 0.75 0.289569 -0.784699 0.129899 5.60375e+09
-0.75 0.75 0.75 0.306868 -0.78049 0.105749 3.80073e+09
-0.25 1.25 0.75 0.344051 -0.778546 0.140944 5.02859e+09
0.25 -1.25 0.75 0.197494 -0.790846 0.106341 8.00853e+09
0.75 -0.75 0.75 0.240362 -0.798522 0.162094 1.13565e+10
0.25 -0.25 0.75 0.267716 -0.790681 0.14917 8.10136e+09
0.75 0.25 0.75 0.309667 -0.786542 0.197109 1.0888e+10
0.25 0.75 0.75 0.329042 -0.781722 0.171102 7.47492e+09
0.75 1.25 0.75 0.369846 -0.767572 0.213231 9.42158e+09
1.25 -1.25 0.75 0.207018 -0.807244 0.167325 1.51637e+10
1.75 -0.75 0.75 0.253972 -0.802232 0.230255 2.05156e+10
1.25 -0.25 0.75 0.284848 -0.793493 0.217361 1.5347e+10
1.75 0.25 0.75 0.329554 -0.774474 0.273379 1.94569e+10
1.25 0.75 0.75 0.352473 -0.769913 0.24591 1.37846e+10
1.75 1.25 0.75 0.393676 -0.740907 0.296385 1.62704e+10
2.25 -1.25 0.75 0.217439 -0.810317 0.234969 2.52407e+10
2.25 -0.25 0.75 0.300369 -0.78157 0.293744 2.58809e+10
2.25 0.75 0.75 0.371604 -0.741714 0.33056 2.28705e+10
-2.5 -1.5 1 -0.533491 -0.58089 -0.0343162 6.77876e+09
-2.5 -0.5 1 -0.501082 -0.558963 0.0121726 6.11946e+09
-2.5 0.5 1 -0.459103 -0.533704 0.0429206 5.27723e+09
-2.5 1.5 1 -0.408589 -0.505837 0.0589425 4.35778e+09
-1.5 -1.5 1 -0.514306 -0.62932 0.00306669 1.46698e+10
-2 -1 1 -0.509103 -0.593791 0.0110455 9.52094e+09
-1.5 -0.5 1 -0.479278 -0.606174 0.0546717 1.30467e+10
-2 0 1 -0.470623 -0.568606 0.0518311 8.31645e+09
-1.5 0.5 1 -0.435088 -0.576492 0.0895918 1.09728e+10
-2 1 1 -0.423024 -0.539365 0.0767995 6.92327e+09
-1.5 1.5 1 -0.382857 -0.541425 0.109061 8.7739e+09
-0.5 -1.5 1 -0.487881 -0.68225 0.0400177 3.12862e+10
-1 -1 1 -0.484834 -0.644987 0.0508617 2.03356e+10
-0.5 -0.5 1 -0.44996 -0.65883 0.0972366 2.73778e+10
-1 0 1 -0.444235 -0.616784 0.0965925 1.73623e+10
-0.5 0.5 1 -0.405 -0.623734 0.137144 2.23025e+10
-1 1 1 -0.395401 -0.580744 0.125824 1.3983e+10
-0.5 1.5 1 -0.353392 -0.579021 0.161183 1.71078e+10
0.5 -1.5 1 -0.454539 -0.735153 0.077831 6.51026e+10
0 -1 1 -0.452599 -0.699768 0.0911185 4.27387e+10
0.5 -0.5 1 -0.412865 -0.713478 0.141404 5.62616e+10
0 0 1 -0.410822 -0.668971 0.142477 3.55486e+10
0.5 0.5 1 -0.369633 -0.673093 0.1871 4.41694e+10
0 1 1 -0.363581 -0.624666 0.176924 2.74628e+10
0.5 1.5 1 -0.322851 -0.617242 0.216577 3.2214e+10
1.5 -1.5 1 -0.41824 -0.780771 0.117664 1.28263e+11
1 -1 1 -0.413424 -0.752612 0.133406 8.70681e+10
1.5 -0.5 1 -0.370092 -0.763793 0.188835 1.11024e+11
1 0 1 -0.371093 -0.721128 0.191283 7.07454e+10
1.5 0.5 1 -0.330648 -0.720673 0.241081 8.43059e+10
1 1 1 -0.329519 -0.668963 0.231612 5.21448e+10
1.5 1.5 1 -0.294074 -0.654976 0.276225 5.81911e+10
2.5 -1.5 1 -0.389746 -0.809689 0.159328 2.24581e+11
2 -1 1 -0.372978 -0.795274 0.17864 1.65574e+11
2.5 -0.5 1 -0.328935 -0.801249 0.239523 2.01348e+11
2 0 1 -0.328099 -0.766833 0.244203 1.33823e+11
2.5 0.5 1 -0.291412 -0.760816 0.299097 1.51519e+11
2 1 1 -0.295356 -0.710829 0.290738 9.46663e+10
2.5 1.5 1 -0.268671 -0.69132 0.339784 9.99025e+10
-2.25 -1.25 1.25 -0.00599202 -0.701341 -0.092452 2.86143e+09
-2.25 -0.25 1.25 0.0624627 -0.719413 -0.058485 2.88517e+09
-2.25 0.75 1.25 0.12564 -0.733219 -0.0433629 2.788e+09
-1.25 -1.25 1.25 -0.00492552 -0.74046 -0.0420725 6.12708e+09
-1.75 -0.75 1.25 0.0307973 -0.729018 -0.0468326 4.23315e+09
-1.25 -0.25 1.25 0.06992 -0.753368 -0.00401133 6.16088e+09
-1.75 0.25 1.25 0.0998915 -0.742342 -0.0211679 4.16564e+09
-1.25 0.75 1.25 0.139274 -0.760219 0.0135025 5.86433e+09
-1.75 1.25 1.25 0.162883 -0.749929 -0.0136907 3.89207e+09
-0.25 -1.25 1.25 -0.00313874 -0.780602 0.0102555 1.29046e+10
-0.75 -0.75 1.25 0.0354983 -0.766325 0.00690869 8.99767e+09
-0.25 -0.25 1.25 0.0786581 -0.786279 0.0538609 1.29163e+10
-0.75 0.25 1.25 0.111324 -0.772285 0.0364203 8.75526e+09
-0.25 0.75 1.25 0.154812 -0.783618 0.0755522 1.20163e+10
-0.75 1.25 1.25 0.180625 -0.771073 0.0467308 7.97001e+09
0.75 -1.25 1.25 -4.69891e-05 -0.817479 0.0664795 2.6348e+10
0.25 -0.75 1.25 0.0413303 -0.801836 0.0643776 1.87184e+10
0.75 -0.25 1.25 0.0883435 -0.814084 0.117702 2.62227e+10
0.25 0.25 1.25 0.124096 -0.798003 0.0997172 1.79098e+10
0.75 0.75 1.25 0.171037 -0.799506 0.146017 2.3649e+10
0.25 1.25 1.25 0.199862 -0.785559 0.11502 1.57253e+10
1.75 -1.25 1.25 0.00403274 -0.845452 0.128656 5.03466e+10
1.25 -0.75 1.25 0.0480209 -0.830753 0.127775 3.72587e+10
1.75 -0.25 1.25 0.0973918 -0.831807 0.189876 4.99585e+10
1.25 0.25 1.25 0.136789 -0.815172 0.171626 3.49222e+10
1.75 0.75 1.25 0.184679 -0.804101 0.227437 4.3615e+10
1.25 1.25 1.25 0.217825 -0.789828 0.194224 2.93744e+10
2.25 -0.75 1.25 0.0537406 -0.847314 0.19918 6.76875e+10
2.25 0.25 1.25 0.145664 -0.819618 0.253824 6.25595e+10
2.25 1.25 1.25 0.228843 -0.781109 0.285521 5.06242e+10
-2.5 -1 1.5 -0.13182 -0.618293 -0.0121097 8.12111e+09
-2.5 0 1.5 -0.0660942 -0.628997 0.0170935 7.92336e+09
-2.5 1 1.5 -0.00215324 -0.637502 0.030597 7.38931e+09
-2 -1.5 1.5 -0.166967 -0.633253 -0.0128876 1.19379e+10
-1.5 -1 1.5 -0.13335 -0.659695 0.0306341 1.76006e+10
-2 -0.5 1.5 -0.0980431 -0.643146 0.0269703 1.18744e+10
-1.5 0 1.5 -0.0611443 -0.66604 0.0640053 1.69933e+10
-2 0.5 1.5 -0.0298881 -0.650534 0.0497318 1.12524e+10
-1.5 1 1.5 0.00905412 -0.668235 0.0807164 1.55222e+10
-2 1.5 1.5 0.0354877 -0.654024 0.0574198 1.01229e+10
-1 -1.5 1.5 -0.171775 -0.678008 0.02708 2.57304e+10
-0.5 -1 1.5 -0.134816 -0.704288 0.0738549 3.76197e+10
-1 -0.5 1.5 -0.0961887 -0.684121 0.0723998 2.54342e+10
-0.5 0 1.5 -0.0556717 -0.704383 0.112943 3.57609e+10
-1 0.5 1.5 -0.0212227 -0.684958 0.0995621 2.36467e+10
-0.5 1 1.5 0.021121 -0.697586 0.134631 3.17055e+10
-1 1.5 1.5 0.050262 -0.67996 0.111063 2.06327e+10
0 -1.5 1.5 -0.176366 -0.7249 0.067358 5.4613e+10
0.5 -1 1.5 -0.135923 -0.748859 0.118839 7.87869e+10
0 -0.5 1.5 -0.0941396 -0.726165 0.119749 5.35338e+10
0.5 0 1.5 -0.0506995 -0.741059 0.16563 7.33194e+10
0 0.5 1.5 -0.0125603 -0.718019 0.153206 4.84271e+10
0.5 1 1.5 0.0317267 -0.722713 0.194339 6.24477e+10
0 1.5 1.5 0.0646874 -0.701755 0.17043 4.05473e+10
1 -1.5 1.5 -0.180238 -0.769387 0.109176 1.12478e+11
1.5 -1 1.5 -0.137167 -0.788296 0.166931 1.58143e+11
1 -0.5 1.5 -0.0925606 -0.765445 0.170627 1.09288e+11
1.5 0 1.5 -0.0483298 -0.772152 0.22362 1.43716e+11
1 0.5 1.5 -0.00619514 -0.746538 0.212545 9.54278e+10
1.5 1 1.5 0.0369326 -0.741175 0.261148 1.16769e+11
1 1.5 1.5 0.0750573 -0.717028 0.237203 7.59397e+10
2 -1.5 1.5 -0.184566 -0.805042 0.15359 2.17044e+11
2.5 -1 1.5 -0.141667 -0.815931 0.218471 2.90613e+11
2 -0.5 1.5 -0.0934903 -0.796813 0.226029 2.10162e+11
2.5 0 1.5 -0.052442 -0.79374 0.28645 2.60614e+11
2 0.5 1.5 -0.00604616 -0.767641 0.278189 1.77064e+11
2.5 1 1.5 0.0309724 -0.751978 0.333831 2.02781e+11
2 1.5 1.5 0.0757294 -0.724767 0.311385 1.33378e+11
