449
-2.5 -1 -1.5 -0.234493 0.322874 0.47057 2.20013e+08
-2.5 0 -1.5 -0.0442648 0.406984 0.296278 3.51683e+08
-2.5 1 -1.5 0.223318 0.451264 0.155483 6.66685e+08
-2 -1.5 -1.5 -0.262818 0.238222 0.569209 1.71454e+08
-1.5 -1 -1.5 -0.181698 0.241096 0.499177 1.91921e+08
-2 -0.5 -1.5 -0.126736 0.32984 0.399857 2.53089e+08
-1.5 0 -1.5 -0.000714941 0.32513 0.332328 3.04232e+08
-2 0.5 -1.5 0.10215 0.39813 0.237822 4.38658e+08
-1.5 1 -1.5 0.235812 0.371318 0.190006 5.72653e+08
-2 1.5 -1.5 0.358144 0.414504 0.121956 8.98132e+08
-1 -1.5 -1.5 -0.208087 0.148736 0.584246 1.53774e+08
-0.5 -1 -1.5 -0.132711 0.143633 0.510426 1.73805e+08
-1 -0.5 -1.5 -0.0807224 0.237093 0.427089 2.23078e+08
-0.5 0 -1.5 0.0265596 0.223609 0.357167 2.71027e+08
-1 0.5 -1.5 0.12385 0.306191 0.271684 3.83413e+08
-0.5 1 -1.5 0.225686 0.278197 0.218033 5.0306e+08
-1 1.5 -1.5 0.335271 0.335207 0.148967 7.71607e+08
0 -1.5 -1.5 -0.158664 0.0516355 0.576139 1.43943e+08
0.5 -1 -1.5 -0.097228 0.0437511 0.496518 1.64432e+08
0 -0.5 -1.5 -0.0472581 0.133393 0.434371 2.04251e+08
0.5 0 -1.5 0.0346386 0.119196 0.360363 2.50393e+08
0 0.5 -1.5 0.121998 0.203288 0.292336 3.4381e+08
0.5 1 -1.5 0.189125 0.184151 0.233571 4.50221e+08
0 1.5 -1.5 0.290086 0.251465 0.169093 6.73781e+08
1 -1.5 -1.5 -0.120775 -0.0323091 0.538524 1.4204e+08
1.5 -1 -1.5 -0.0795252 -0.03469 0.453463 1.64617e+08
1 -0.5 -1.5 -0.0347958 0.0347378 0.415953 1.95267e+08
1.5 0 -1.5 0.0161239 0.0275339 0.340426 2.41293e+08
1 0.5 -1.5 0.0975065 0.10626 0.292307 3.18715e+08
1.5 1 -1.5 0.129586 0.0980169 0.234156 4.13328e+08
1 1.5 -1.5 0.218376 0.168812 0.183037 5.90806e+08
2 -1.5 -1.5 -0.0961005 -0.0805342 0.472332 1.50757e+08
2.5 -1 -1.5 -0.077368 -0.0735448 0.388952 1.79436e+08
2 -0.5 -1.5 -0.0446787 -0.0357644 0.372561 1.98599e+08
2.5 0 -1.5 -0.0245623 -0.0358309 0.303665 2.48361e+08
2 0.5 -1.5 0.0444179 0.0243557 0.275972 3.07049e+08
2.5 1 -1.5 0.0459589 0.0197194 0.227646 3.91416e+08
2 1.5 -1.5 0.129104 0.0831747 0.191132 5.24159e+08
-2.25 -0.75 -1.25 0.610015 0.210238 0.518096 1.36706e+08
-2.25 0.25 -1.25 0.715138 0.182575 0.39742 2.34823e+08
-2.25 1.25 -1.25 0.811367 0.123243 0.296022 4.71222e+08
-1.75 -1.25 -1.25 0.578369 0.240387 0.566436 1.07339e+08
-1.25 -0.75 -1.25 0.645852 0.256373 0.488665 1.30386e+08
-1.75 -0.25 -1.25 0.683496 0.219984 0.44246 1.71536e+08
-1.25 0.25 -1.25 0.748168 0.214136 0.365438 2.22492e+08
-1.75 0.75 -1.25 0.782243 0.169496 0.327438 3.16385e+08
-1.25 1.25 -1.25 0.833315 0.143691 0.257883 4.37954e+08
-0.75 -1.25 -1.25 0.605583 0.292345 0.529865 1.04456e+08
-0.25 -0.75 -1.25 0.662109 0.301265 0.445868 1.26552e+08
-0.75 -0.25 -1.25 0.706727 0.258231 0.407282 1.62931e+08
-0.25 0.25 -1.25 0.756919 0.247108 0.323791 2.09253e+08
-0.75 0.75 -1.25 0.799541 0.195189 0.287872 2.97122e+08
-0.25 1.25 -1.25 0.836845 0.170249 0.208569 4.04563e+08
0.25 -1.25 -1.25 0.612449 0.34617 0.478609 1.03909e+08
0.75 -0.75 -1.25 0.655771 0.350826 0.388384 1.24958e+08
0.25 -0.25 -1.25 0.710069 0.297853 0.357906 1.57102e+08
0.75 0.25 -1.25 0.747261 0.28498 0.267632 1.99257e+08
0.25 0.75 -1.25 0.794717 0.227873 0.238742 2.74673e+08
0.75 1.25 -1.25 0.821735 0.212639 0.149917 3.65112e+08
1.25 -1.25 -1.25 0.596671 0.40802 0.410387 1.0688e+08
1.75 -0.75 -1.25 0.624324 0.411082 0.314608 1.27561e+08
1.25 -0.25 -1.25 0.689292 0.345563 0.294871 1.53031e+08
1.75 0.25 -1.25 0.713047 0.337302 0.200056 1.90072e+08
1.25 0.75 -1.25 0.774045 0.272233 0.175324 2.5644e+08
1.75 1.25 -1.25 0.791703 0.276338 0.081046 3.29275e+08
2.25 -1.25 -1.25 0.553097 0.481064 0.325684 1.1593e+08
2.25 -0.25 -1.25 0.643046 0.408751 0.217501 1.54326e+08
2.25 0.75 -1.25 0.729235 0.341078 0.106009 2.36951e+08
-2.5 -1.5 -1 -0.357379 0.201136 0.639808 4.83976e+08
-2.5 -0.5 -1 -0.297834 0.284613 0.515249 6.80472e+08
-2.5 0.5 -1 -0.156594 0.376719 0.384653 1.07096e+09
-2.5 1.5 -1 0.06656 0.455802 0.265478 1.95582e+09
-1.5 -1.5 -1 -0.323486 0.113837 0.653721 4.30983e+08
-2 -1 -1 -0.32261 0.197514 0.589703 5.30499e+08
-1.5 -0.5 -1 -0.270996 0.194779 0.535635 5.94684e+08
-2 0 -1 -0.228558 0.287393 0.462638 7.80665e+08
-1.5 0.5 -1 -0.145144 0.287216 0.408904 9.264e+08
-2 1 -1 -0.0552656 0.377978 0.335221 1.31239e+09
-1.5 1.5 -1 0.0442327 0.371821 0.287307 1.6686e+09
-0.5 -1.5 -1 -0.281251 0.0230973 0.647848 3.96725e+08
-1 -1 -1 -0.286372 0.10675 0.597954 4.74408e+08
-0.5 -0.5 -1 -0.235999 0.100368 0.538366 5.35135e+08
-1 0 -1 -0.205207 0.191273 0.478931 6.86265e+08
-0.5 0.5 -1 -0.131945 0.185529 0.42119 8.18801e+08
-1 1 -1 -0.0575084 0.282218 0.355372 1.14018e+09
-0.5 1.5 -1 0.0207019 0.274788 0.302018 1.452e+09
0.5 -1.5 -1 -0.235785 -0.0607762 0.618841 3.81012e+08
0 -1 -1 -0.244996 0.0145634 0.585527 4.394e+08
0.5 -0.5 -1 -0.200189 0.0067977 0.520012 4.98974e+08
0 0 -1 -0.176777 0.0935377 0.476553 6.2165e+08
0.5 0.5 -1 -0.11692 0.0864049 0.414175 7.45671e+08
0 1 -1 -0.0620077 0.178619 0.363441 1.01072e+09
0.5 1.5 -1 -0.00879283 0.176309 0.306173 1.28531e+09
1.5 -1.5 -1 -0.192964 -0.124919 0.566546 3.85597e+08
1 -1 -1 -0.204492 -0.0664017 0.549658 4.253e+08
1.5 -0.5 -1 -0.17051 -0.0702825 0.478456 4.86962e+08
1 0 -1 -0.153058 -0.000206526 0.453267 5.83182e+08
1.5 0.5 -1 -0.113224 -0.004746 0.38792 7.0293e+08
1 1 -1 -0.0681582 0.0821304 0.352975 9.22777e+08
1.5 1.5 -1 -0.0438973 0.0838459 0.296661 1.16494e+09
2.5 -1.5 -1 -0.156737 -0.156737 0.496087 4.18886e+08
2 -1 -1 -0.171888 -0.123051 0.49204 4.35343e+08
2.5 -0.5 -1 -0.154242 -0.120127 0.418965 5.0613e+08
2 0 -1 -0.141456 -0.0722262 0.408596 5.74435e+08
2.5 0.5 -1 -0.125338 -0.072925 0.34477 6.97259e+08
2 1 -1 -0.091597 -0.00479143 0.327969 8.69192e+08
2.5 1.5 -1 -0.0989478 -0.00225784 0.280731 1.08433e+09
-2.25 -1.25 -0.75 0.53592 0.176243 0.644334 2.67201e+08
-2.25 -0.25 -0.75 0.616458 0.163449 0.554498 4.03109e+08
-2.25 0.75 -0.75 0.694586 0.132261 0.470055 6.79566e+08
-1.25 -1.25 -0.75 0.563928 0.244432 0.605076 2.5696e+08
-1.75 -0.75 -0.75 0.591643 0.2039 0.580949 3.1529e+08
-1.25 -0.25 -0.75 0.643742 0.222737 0.512812 3.79791e+08
-1.75 0.25 -0.75 0.672533 0.177461 0.489901 5.00601e+08
-1.25 0.75 -0.75 0.722266 0.182535 0.420418 6.38046e+08
-1.75 1.25 -0.75 0.746917 0.133109 0.405494 8.96146e+08
-0.25 -1.25 -0.75 0.577935 0.311724 0.55205 2.51359e+08
-0.75 -0.75 -0.75 0.612962 0.267256 0.533767 3.02187e+08
-0.25 -0.25 -0.75 0.656913 0.281486 0.457018 3.62049e+08
-0.75 0.25 -0.75 0.690107 0.232781 0.439692 4.67526e+08
-0.25 0.75 -0.75 0.728552 0.233345 0.362213 5.86742e+08
-0.75 1.25 -0.75 0.763199 0.178278 0.346491 8.30598e+08
0.75 -1.25 -0.75 0.57737 0.379655 0.484319 2.52635e+08
0.25 -0.75 -0.75 0.61873 0.329872 0.472785 2.93745e+08
0.75 -0.25 -0.75 0.652686 0.338754 0.388612 3.47996e+08
0.25 0.25 -0.75 0.693883 0.286114 0.375507 4.41543e+08
0.75 0.75 -0.75 0.722535 0.281627 0.289852 5.46056e+08
0.25 1.25 -0.75 0.758119 0.225952 0.280394 7.46332e+08
1.75 -1.25 -0.75 0.557769 0.448787 0.404155 2.62643e+08
1.25 -0.75 -0.75 0.608116 0.393261 0.397716 2.9298e+08
1.75 -0.25 -0.75 0.629883 0.397585 0.306999 3.42531e+08
1.25 0.25 -0.75 0.678142 0.338242 0.300514 4.16749e+08
1.75 0.75 -0.75 0.694615 0.333338 0.208998 5.02194e+08
1.25 1.25 -0.75 0.74294 0.27499 0.19934 6.80723e+08
2.25 -0.75 -0.75 0.574755 0.457835 0.311931 3.01955e+08
2.25 0.25 -0.75 0.642083 0.395723 0.213451 4.02275e+08
2.25 1.25 -0.75 0.702568 0.33786 0.114857 6.03364e+08
-2.5 -1 -0.5 -0.402498 0.202852 0.62119 1.60048e+09
-2.5 0 -0.5 -0.355475 0.28954 0.52065 2.28905e+09
-2.5 1 -0.5 -0.239579 0.393304 0.418197 3.61684e+09
-2 -1.5 -0.5 -0.395195 0.121359 0.677009 1.30336e+09
-1.5 -1 -0.5 -0.381733 0.108245 0.632946 1.42183e+09
-2 -0.5 -0.5 -0.380967 0.194622 0.580246 1.77223e+09
-1.5 0 -0.5 -0.348164 0.188825 0.536748 1.99821e+09
-2 0.5 -0.5 -0.310297 0.291128 0.479325 2.63787e+09
-1.5 1 -0.5 -0.254572 0.294646 0.435619 3.1176e+09
-2 1.5 -0.5 -0.167834 0.402631 0.375994 4.40489e+09
-1 -1.5 -0.5 -0.364379 0.0275956 0.677612 1.18477e+09
-0.5 -1 -0.5 -0.347814 0.0142222 0.62698 1.29375e+09
-1 -0.5 -0.5 -0.357791 0.0979375 0.586116 1.57499e+09
-0.5 0 -0.5 -0.324254 0.0902707 0.537181 1.77732e+09
-1 0.5 -0.5 -0.305339 0.185365 0.491152 2.3024e+09
-0.5 1 -0.5 -0.256318 0.183939 0.44389 2.71631e+09
-1 1.5 -0.5 -0.193625 0.29943 0.389662 3.78255e+09
0 -1.5 -0.5 -0.323225 -0.061284 0.658226 1.11201e+09
0.5 -1 -0.5 -0.305154 -0.072385 0.601105 1.2176e+09
0 -0.5 -0.5 -0.322316 0.00317192 0.57414 1.43504e+09
0.5 0 -0.5 -0.290186 -0.00612395 0.520007 1.62067e+09
0 0.5 -0.5 -0.283949 0.084862 0.486813 2.04805e+09
0.5 1 -0.5 -0.242642 0.082235 0.435207 2.41332e+09
0 1.5 -0.5 -0.208246 0.186218 0.394578 3.28328e+09
1 -1.5 -0.5 -0.276431 -0.138691 0.618606 1.0885e+09
1.5 -1 -0.5 -0.260211 -0.144917 0.555872 1.19653e+09
1 -0.5 -0.5 -0.280955 -0.0815795 0.542399 1.35383e+09
1.5 0 -0.5 -0.254851 -0.0890672 0.483011 1.53177e+09
1 0.5 -0.5 -0.256269 -0.0135909 0.465225 1.86716e+09
1.5 1 -0.5 -0.228587 -0.0174466 0.410419 2.19895e+09
1 1.5 -0.5 -0.209495 0.0855768 0.382301 2.91021e+09
2 -1.5 -0.5 -0.231171 -0.194234 0.561756 1.12308e+09
2.5 -1 -0.5 -0.221817 -0.192991 0.495428 1.24231e+09
2 -0.5 -0.5 -0.242468 -0.149206 0.492252 1.33493e+09
2.5 0 -0.5 -0.229288 -0.151507 0.42932 1.5187e+09
2 0.5 -0.5 -0.233754 -0.0942937 0.424096 1.76909e+09
2.5 1 -0.5 -0.225208 -0.0972686 0.367985 2.0838e+09
2 1.5 -0.5 -0.217504 -0.0147535 0.357624 2.64081e+09
-2.25 -0.75 -0.25 0.542437 0.165539 0.631854 8.11699e+08
-2.25 0.25 -0.25 0.605188 0.148599 0.563201 1.24029e+09
-2.25 1.25 -0.25 0.663734 0.122076 0.501666 2.08128e+09
-1.75 -1.25 -0.25 0.524669 0.206355 0.647963 6.66245e+08
-1.25 -0.75 -0.25 0.568573 0.235962 0.586346 7.71938e+08
-1.75 -0.25 -0.25 0.58804 0.191919 0.57464 9.60134e+08
-1.25 0.25 -0.25 0.630265 0.213956 0.511996 1.15317e+09
-1.75 0.75 -0.25 0.650941 0.167432 0.504371 1.53558e+09
-1.25 1.25 -0.25 0.692756 0.183003 0.438326 1.93728e+09
-0.75 -1.25 -0.25 0.544726 0.279591 0.59768 6.43647e+08
-0.25 -0.75 -0.25 0.583156 0.306351 0.527181 7.39934e+08
-0.75 -0.25 -0.25 0.608959 0.260691 0.519452 9.06155e+08
-0.25 0.25 -0.25 0.644876 0.28035 0.446819 1.07735e+09
-0.75 0.75 -0.25 0.667911 0.231857 0.44324 1.40524e+09
-0.25 1.25 -0.25 0.699064 0.243847 0.368733 1.7281e+09
0.25 -1.25 -0.25 0.554322 0.351844 0.533183 6.34714e+08
0.75 -0.75 -0.25 0.586516 0.374545 0.45425 7.23855e+08
0.25 -0.25 -0.25 0.616787 0.32731 0.451449 8.58537e+08
0.75 0.25 -0.25 0.6442 0.341015 0.370848 1.00265e+09
0.25 0.75 -0.25 0.674849 0.293276 0.368694 1.29312e+09
0.75 1.25 -0.25 0.69717 0.299061 0.285098 1.5582e+09
1.25 -1.25 -0.25 0.551076 0.421427 0.45672 6.42791e+08
1.75 -0.75 -0.25 0.574586 0.438957 0.371203 7.24927e+08
1.25 -0.25 -0.25 0.612269 0.389865 0.370696 8.29003e+08
1.75 0.25 -0.25 0.629373 0.397182 0.282975 9.49308e+08
1.25 0.75 -0.25 0.663446 0.346965 0.28567 1.1732e+09
1.75 1.25 -0.25 0.672128 0.349534 0.195797 1.3682e+09
2.25 -1.25 -0.25 0.532602 0.486451 0.371844 6.753e+08
2.25 -0.25 -0.25 0.588518 0.44866 0.281754 8.16104e+08
2.25 0.75 -0.25 0.63513 0.399431 0.191553 1.08088e+09
-2.5 -1.5 0 -0.450793 0.159664 0.676786 4.05118e+09
-2.5 -0.5 0 -0.451145 0.232601 0.588051 5.49784e+09
-2.5 0.5 0 -0.401832 0.333104 0.499242 8.05722e+09
-2.5 1.5 0 -0.283432 0.45308 0.409185 1.29766e+10
-1.5 -1.5 0 -0.430634 0.0573348 0.685414 3.65477e+09
-2 -1 0 -0.450344 0.14153 0.639429 4.41251e+09
-1.5 -0.5 0 -0.441752 0.126104 0.600257 4.86279e+09
-2 0 0 -0.436317 0.222871 0.552523 6.158e+09
-1.5 0.5 0 -0.412944 0.21619 0.515299 7.00222e+09
-2 1 0 -0.367338 0.337376 0.463113 9.37032e+09
-1.5 1.5 0 -0.323832 0.346487 0.424012 1.11148e+10
-0.5 -1.5 0 -0.396857 -0.0415244 0.676175 3.37435e+09
-1 -1 0 -0.426709 0.0382551 0.641919 3.97317e+09
-0.5 -0.5 0 -0.414804 0.0218311 0.597133 4.3662e+09
-1 0 0 -0.424978 0.113819 0.559722 5.42819e+09
-0.5 0.5 0 -0.400906 0.105239 0.518256 6.14677e+09
-1 1 0 -0.381797 0.213214 0.476542 8.09651e+09
-0.5 1.5 0 -0.346387 0.214972 0.436001 9.51979e+09
0.5 -1.5 0 -0.352789 -0.132653 0.647887 3.21902e+09
0 -1 0 -0.389543 -0.05871 0.626576 3.6633e+09
0.5 -0.5 0 -0.375448 -0.0737814 0.576361 4.01839e+09
0 0 0 -0.395793 0.00789484 0.551842 4.8563e+09
0.5 0.5 0 -0.372232 -0.00345713 0.506573 5.46992e+09
0 1 0 -0.372512 0.101237 0.475918 7.06355e+09
0.5 1.5 0 -0.345275 0.104219 0.43182 8.23491e+09
1.5 -1.5 0 -0.304355 -0.208589 0.602297 3.20871e+09
1 -1 0 -0.343728 -0.146532 0.592994 3.49543e+09
1.5 -0.5 0 -0.330437 -0.159073 0.538122 3.83007e+09
1 0 0 -0.356824 -0.0872517 0.526334 4.45604e+09
1.5 0.5 0 -0.337998 -0.0987961 0.47674 4.99711e+09
1 1 0 -0.349019 -0.0109962 0.461141 6.24009e+09
1.5 1.5 0 -0.334013 -0.01144 0.414984 7.21645e+09
2.5 -1.5 0 -0.260934 -0.260934 0.545168 3.37898e+09
2 -1 0 -0.29712 -0.217054 0.543718 3.4871e+09
2.5 -0.5 0 -0.28941 -0.225159 0.485577 3.81387e+09
2 0 0 -0.31712 -0.170116 0.483793 4.23557e+09
2.5 0.5 0 -0.310742 -0.177815 0.430362 4.74174e+09
2 1 0 -0.325871 -0.10698 0.427623 5.67688e+09
2.5 1.5 0 -0.32753 -0.111086 0.380204 6.51404e+09
-2.25 -1.25 0.25 0.441219 0.180172 0.66727 2.30022e+09
-2.25 -0.25 0.25 0.493685 0.175804 0.601269 3.28967e+09
-2.25 0.75 0.25 0.546931 0.166347 0.542694 5.13638e+09
-1.25 -1.25 0.25 0.46955 0.241428 0.624557 2.20887e+09
-1.75 -0.75 0.25 0.483196 0.207826 0.612805 2.65443e+09
-1.25 -0.25 0.25 0.522471 0.231118 0.55451 3.09597e+09
-1.75 0.25 0.25 0.53465 0.196515 0.548213 3.91979e+09
-1.25 0.75 0.25 0.572633 0.215364 0.489456 4.72749e+09
-1.75 1.25 0.25 0.589422 0.185047 0.487366 6.38915e+09
-0.25 -1.25 0.25 0.489323 0.303556 0.567334 2.15052e+09
-0.75 -0.75 0.25 0.507198 0.266851 0.561398 2.52676e+09
-0.25 -0.25 0.25 0.54111 0.287812 0.493816 2.91149e+09
-0.75 0.25 0.25 0.558491 0.251242 0.491192 3.64791e+09
-0.25 0.75 0.25 0.589667 0.267599 0.422582 4.33143e+09
-0.75 1.25 0.25 0.605575 0.231843 0.424675 5.7508e+09
0.75 -1.25 0.25 0.498376 0.363898 0.496832 2.13717e+09
0.25 -0.75 0.25 0.522095 0.325982 0.49532 2.43839e+09
0.75 -0.25 0.25 0.549715 0.342137 0.419212 2.77333e+09
0.25 0.25 0.25 0.569832 0.303423 0.421816 3.37051e+09
0.75 0.75 0.25 0.591071 0.312133 0.345572 3.89974e+09
0.25 1.25 0.25 0.613467 0.278653 0.348612 5.14904e+09
1.75 -1.25 0.25 0.494956 0.420817 0.416222 2.19016e+09
1.25 -0.75 0.25 0.524391 0.381522 0.41742 2.39608e+09
1.75 -0.25 0.25 0.542758 0.391181 0.334684 2.67761e+09
1.25 0.25 0.25 0.570155 0.350467 0.339321 3.15016e+09
1.75 0.75 0.25 0.579831 0.350857 0.255705 3.55215e+09
1.25 1.25 0.25 0.601078 0.314324 0.264966 4.47961e+09
2.25 -0.75 0.25 0.511703 0.431993 0.331643 2.41939e+09
2.25 0.25 0.25 0.549465 0.392899 0.248733 2.96731e+09
2.25 1.25 0.25 0.573501 0.34749 0.1684 3.94374e+09
-2.5 -1 0.5 -0.155117 0.176224 0.647419 1.08489e+10
-2.5 0 0.5 -0.1117 0.223782 0.569481 1.53979e+10
-2.5 1 0.5 -0.0289705 0.283764 0.494056 2.37295e+10
-2 -1.5 0.5 -0.148517 0.133218 0.686289 8.96426e+09
-1.5 -1 0.5 -0.122271 0.132465 0.639969 9.89435e+09
-2 -0.5 0.5 -0.123757 0.175452 0.605971 1.21641e+10
-1.5 0 0.5 -0.0861152 0.177069 0.561245 1.38026e+10
-2 0.5 0.5 -0.0667766 0.226093 0.52902 1.78325e+10
-1.5 1 0.5 -0.0145287 0.232192 0.483821 2.09632e+10
-2 1.5 0.5 0.0340726 0.294692 0.450327 2.86562e+10
-1 -1.5 0.5 -0.110918 0.0939874 0.670094 8.32297e+09
-0.5 -1 0.5 -0.0837757 0.0968423 0.61578 9.14556e+09
-1 -0.5 0.5 -0.0901943 0.133937 0.590539 1.10307e+10
-0.5 0 0.5 -0.0528536 0.137864 0.537907 1.24184e+10
-1 0.5 0.5 -0.0425025 0.182107 0.512652 1.58546e+10
-0.5 1 0.5 0.00450546 0.190787 0.459937 1.84237e+10
-1 1.5 0.5 0.0424825 0.242242 0.433327 2.49963e+10
0 -1.5 0.5 -0.0693029 0.0617003 0.636164 7.90393e+09
0.5 -1 0.5 -0.0425237 0.0678628 0.574473 8.64733e+09
0 -0.5 0.5 -0.0521219 0.101652 0.55849 1.0129e+10
0.5 0 0.5 -0.0181141 0.107365 0.498762 1.12979e+10
0 0.5 0.5 -0.0125444 0.143865 0.482259 1.41082e+10
0.5 1 0.5 0.0264375 0.151701 0.423547 1.61272e+10
0 1.5 0.5 0.0496083 0.203382 0.402512 2.15739e+10
1 -1.5 0.5 -0.0273314 0.0379561 0.585259 7.75932e+09
1.5 -1 0.5 -0.00353824 0.0462949 0.517891 8.45766e+09
1 -0.5 0.5 -0.0137912 0.073929 0.510584 9.51413e+09
1.5 0 0.5 0.0136099 0.0783537 0.445281 1.05014e+10
1 0.5 0.5 0.0145873 0.113011 0.437014 1.26602e+10
1.5 1 0.5 0.0406288 0.119045 0.373248 1.42032e+10
1 1.5 0.5 0.0581037 0.163093 0.361231 1.84692e+10
2 -1.5 0.5 0.00930406 0.0248999 0.521195 7.96996e+09
2.5 -1 0.5 0.0259022 0.0348662 0.450719 8.64794e+09
2 -0.5 0.5 0.0191791 0.0519417 0.449352 9.23027e+09
2.5 0 0.5 0.0365853 0.0538164 0.380292 1.00429e+10
2 0.5 0.5 0.0343789 0.0812623 0.378924 1.15928e+10
2.5 1 0.5 0.0396208 0.086048 0.311908 1.27927e+10
2 1.5 0.5 0.0518938 0.128309 0.307724 1.59002e+10
-2.25 -0.75 0.75 0.357083 0.182773 0.628184 4.54683e+09
-2.25 0.25 0.75 0.399196 0.187098 0.566899 6.66241e+09
-2.25 1.25 0.75 0.447433 0.199104 0.509696 1.06237e+10
-1.75 -1.25 0.75 0.352599 0.200271 0.644556 3.77267e+09
-1.25 -0.75 0.75 0.388214 0.221206 0.588382 4.29934e+09
-1.75 -0.25 0.75 0.394232 0.201619 0.577494 5.28118e+09
-1.25 0.25 0.75 0.428795 0.218354 0.522628 6.18831e+09
-1.75 0.75 0.75 0.435335 0.203325 0.516805 7.97559e+09
-1.25 1.25 0.75 0.467662 0.22064 0.460411 9.63002e+09
-0.75 -1.25 0.75 0.381067 0.244483 0.598151 3.62766e+09
-0.25 -0.75 0.75 0.412824 0.263885 0.533156 4.09463e+09
-0.75 -0.25 0.75 0.420854 0.238808 0.528665 4.93099e+09
-0.25 0.25 0.75 0.448784 0.253105 0.46514 5.67781e+09
-0.75 0.75 0.75 0.45931 0.234043 0.462734 7.30419e+09
-0.25 1.25 0.75 0.48279 0.247467 0.397855 8.62708e+09
0.25 -1.25 0.75 0.400739 0.289601 0.537129 3.53807e+09
0.75 -0.75 0.75 0.426566 0.305211 0.464367 3.94645e+09
0.25 -0.25 0.75 0.440066 0.278514 0.464742 4.63417e+09
0.75 0.25 0.75 0.460559 0.286746 0.393416 5.23377e+09
0.25 0.75 0.75 0.469234 0.262762 0.398164 6.52547e+09
0.75 1.25 0.75 0.477813 0.26732 0.327608 7.42541e+09
1.25 -1.25 0.75 0.409707 0.332913 0.463873 3.53605e+09
1.75 -0.75 0.75 0.428303 0.34267 0.385156 3.88931e+09
1.25 -0.25 0.75 0.445605 0.313418 0.389123 4.3866e+09
1.75 0.25 0.75 0.454174 0.312817 0.311976 4.83117e+09
1.25 0.75 0.75 0.470832 0.287267 0.319366 5.8616e+09
1.75 1.25 0.75 0.464452 0.280728 0.242833 6.45515e+09
2.25 -1.25 0.75 0.40399 0.373922 0.382932 3.65839e+09
2.25 -0.25 0.75 0.437181 0.342262 0.305096 4.22866e+09
2.25 0.75 0.75 0.445136 0.304546 0.233131 5.23955e+09
-2.5 -1.5 1 -0.0434302 0.162407 0.687897 1.58258e+10
-2.5 -0.5 1 -0.00620421 0.195366 0.610159 2.16493e+10
-2.5 0.5 1 0.0590799 0.230993 0.537906 3.18856e+10
-2.5 1.5 1 0.160265 0.273345 0.466646 5.10555e+10
-1.5 -1.5 1 -0.0053219 0.144252 0.673297 1.47146e+10
-2 -1 1 -0.0098726 0.167992 0.642816 1.75947e+10
-1.5 -0.5 1 0.0284286 0.174684 0.594469 1.97526e+10
-2 0 1 0.0377202 0.200945 0.566749 2.47611e+10
-1.5 0.5 1 0.0871041 0.209684 0.518572 2.86235e+10
-2 1 1 0.116818 0.239367 0.493367 3.77325e+10
-1.5 1.5 1 0.181719 0.253087 0.441689 4.52426e+10
-0.5 -1.5 1 0.0350535 0.132584 0.642099 1.38793e+10
-1 -1 1 0.0281887 0.15325 0.619879 1.62604e+10
-0.5 -0.5 1 0.0654441 0.164296 0.562735 1.80919e+10
-1 0 1 0.0713448 0.183688 0.542091 2.23672e+10
-0.5 0.5 1 0.118065 0.195319 0.485249 2.55126e+10
-1 1 1 0.141435 0.222716 0.464653 3.34216e+10
-0.5 1.5 1 0.19598 0.239815 0.404378 3.92407e+10
0.5 -1.5 1 0.0751977 0.127642 0.594024 1.34034e+10
0 -1 1 0.0677619 0.145427 0.580452 1.52281e+10
0.5 -0.5 1 0.102389 0.158969 0.515447 1.67672e+10
0 0 1 0.105338 0.177095 0.501833 2.02304e+10
0.5 0.5 1 0.144632 0.190641 0.43747 2.2664e+10
0 1 1 0.164849 0.208976 0.423836 2.92102e+10
0.5 1.5 1 0.206816 0.225361 0.357022 3.33518e+10
1.5 -1.5 1 0.111255 0.12918 0.531222 1.34085e+10
1 -1 1 0.10525 0.142966 0.525352 1.45967e+10
1.5 -0.5 1 0.134269 0.156115 0.454392 1.58901e+10
1 0 1 0.136136 0.171398 0.447781 1.84722e+10
1.5 0.5 1 0.165141 0.181781 0.377852 2.02621e+10
1 1 1 0.179016 0.205153 0.369393 2.52986e+10
1.5 1.5 1 0.2026 0.223831 0.296972 2.79096e+10
2.5 -1.5 1 0.138224 0.138224 0.458835 1.40613e+10
2 -1 1 0.135457 0.144564 0.457835 1.45002e+10
2.5 -0.5 1 0.15551 0.154836 0.383392 1.55729e+10
2 0 1 0.159324 0.165068 0.381982 1.7197e+10
2.5 0.5 1 0.176045 0.170196 0.30838 1.83666e+10
2 1 1 0.183266 0.192106 0.305568 2.19873e+10
2.5 1.5 1 0.17944 0.209905 0.231013 2.34738e+10
-2.25 -1.25 1.25 0.239213 0.181845 0.656183 5.32131e+09
-2.25 -0.25 1.25 0.272014 0.196836 0.587692 7.41726e+09
-2.25 0.75 1.25 0.307154 0.217904 0.525055 1.10524e+10
-1.25 -1.25 1.25 0.274125 0.207445 0.621515 5.0696e+09
-1.75 -0.75 1.25 0.272603 0.198735 0.605371 6.04171e+09
-1.25 -0.25 1.25 0.303308 0.212996 0.551853 6.89718e+09
-1.75 0.25 1.25 0.304556 0.210986 0.538953 8.63976e+09
-1.25 0.75 1.25 0.334354 0.2261 0.48497 1.0126e+10
-1.75 1.25 1.25 0.338296 0.236635 0.47363 1.32078e+10
-0.25 -1.25 1.25 0.302618 0.236681 0.571713 4.8696e+09
-0.75 -0.75 1.25 0.304137 0.223689 0.562507 5.69625e+09
-0.25 -0.25 1.25 0.330899 0.237259 0.50024 6.4158e+09
-0.75 0.25 1.25 0.330519 0.225821 0.494581 7.90014e+09
-0.25 0.75 1.25 0.350698 0.236437 0.434115 9.02539e+09
-0.75 1.25 1.25 0.358238 0.24241 0.425667 1.18752e+10
0.75 -1.25 1.25 0.322421 0.266599 0.507834 4.75842e+09
0.25 -0.75 1.25 0.328055 0.251008 0.504686 5.40352e+09
0.75 -0.25 1.25 0.3473 0.25951 0.435614 5.97261e+09
0.25 0.25 1.25 0.351361 0.24683 0.435446 7.20607e+09
0.75 0.75 1.25 0.362117 0.251555 0.368519 8.00624e+09
0.25 1.25 1.25 0.359579 0.243998 0.370593 1.01779e+10
1.75 -1.25 1.25 0.329342 0.294089 0.43389 4.77448e+09
1.25 -0.75 1.25 0.341382 0.276161 0.434475 5.20393e+09
1.75 -0.25 1.25 0.352394 0.276859 0.360238 5.6268e+09
1.25 0.25 1.25 0.3568 0.260297 0.365585 6.52675e+09
1.75 0.75 1.25 0.350793 0.252763 0.29547 6.99169e+09
1.25 1.25 1.25 0.358351 0.252583 0.299258 8.71284e+09
2.25 -0.75 1.25 0.339845 0.297738 0.356337 5.13231e+09
2.25 0.25 1.25 0.350558 0.26622 0.286711 5.9588e+09
2.25 1.25 1.25 0.318486 0.240845 0.225774 7.25764e+09
-2.5 -1 1.5 0.0357265 0.186394 0.644218 2.5006e+10
-2.5 0 1.5 0.0897336 0.214828 0.569474 3.52294e+10
-2.5 1 1.5 0.172548 0.243838 0.498876 5.33489e+10
-2 -1.5 1.5 0.0368806 0.168072 0.676811 2.08732e+10
-1.5 -1 1.5 0.0737806 0.179148 0.625692 2.31416e+10
-2 -0.5 1.5 0.077544 0.1949 0.598242 2.81832e+10
-1.5 0 1.5 0.123452 0.204893 0.548242 3.20091e+10
-2 0.5 1.5 0.141995 0.223915 0.523741 4.08439e+10
-1.5 1 1.5 0.200119 0.23846 0.471021 4.77417e+10
-2 1.5 1.5 0.240454 0.258165 0.448397 6.39244e+10
-1 -1.5 1.5 0.0770602 0.164431 0.651017 1.95962e+10
-0.5 -1 1.5 0.112947 0.179451 0.5914 2.15309e+10
-1 -0.5 1.5 0.114027 0.191738 0.570774 2.58135e+10
-0.5 0 1.5 0.157224 0.20702 0.511194 2.89163e+10
-1 0.5 1.5 0.173831 0.2184 0.492746 3.65798e+10
-0.5 1 1.5 0.226878 0.235048 0.431444 4.18852e+10
-1 1.5 1.5 0.261948 0.258296 0.41067 5.60368e+10
0 -1.5 1.5 0.117262 0.166985 0.608729 1.86706e+10
0.5 -1 1.5 0.150836 0.185602 0.541138 2.03083e+10
0 -0.5 1.5 0.150939 0.196203 0.527672 2.37225e+10
0.5 0 1.5 0.189294 0.213503 0.460149 2.60969e+10
0 0.5 1.5 0.201447 0.22433 0.446947 3.23854e+10
0.5 1 1.5 0.242018 0.243162 0.377834 3.60323e+10
0 1.5 1.5 0.277258 0.254813 0.363494 4.76783e+10
1 -1.5 1.5 0.154718 0.174874 0.550633 1.82403e+10
1.5 -1 1.5 0.183748 0.194434 0.476882 1.96261e+10
1 -0.5 1.5 0.184021 0.203904 0.470178 2.20409e+10
1.5 0 1.5 0.213725 0.219593 0.396737 2.37381e+10
1 0.5 1.5 0.224411 0.229809 0.389293 2.85018e+10
1.5 1 1.5 0.252082 0.245517 0.315071 3.06369e+10
1 1.5 1.5 0.273788 0.265289 0.303066 3.94297e+10
2 -1.5 1.5 0.185073 0.188229 0.480072 1.84938e+10
2.5 -1 1.5 0.206097 0.206079 0.402828 1.96872e+10
2 -0.5 1.5 0.209025 0.210257 0.401106 2.09679e+10
2.5 0 1.5 0.227906 0.220031 0.324327 2.20414e+10
2 0.5 1.5 0.236592 0.231607 0.321416 2.51478e+10
2.5 1 1.5 0.247369 0.242515 0.244257 2.58615e+10
2 1.5 1.5 0.264923 0.264789 0.237209 3.19644e+10
