449
-2.5 -1 -1.5 -0.200144 -0.135404 0.355591 2.57072e+08
-2.5 0 -1.5 -0.0763319 -0.309952 0.370379 2.41524e+08
-2.5 1 -1.5 0.0555529 -0.424192 0.358 2.16716e+08
-2 -1.5 -1.5 -0.324863 -0.00428619 0.299171 2.86084e+08
-1.5 -1 -1.5 -0.313197 -0.115838 0.294697 3.22414e+08
-2 -0.5 -1.5 -0.188629 -0.235576 0.351603 2.87843e+08
-1.5 0 -1.5 -0.142964 -0.329345 0.351729 3.31309e+08
-2 0.5 -1.5 -0.034515 -0.387665 0.366008 2.74956e+08
-1.5 1 -1.5 0.0335317 -0.449061 0.363302 3.18255e+08
-2 1.5 -1.5 0.11631 -0.472969 0.350175 2.47456e+08
-1 -1.5 -1.5 -0.409544 0.0808938 0.186435 3.41578e+08
-0.5 -1 -1.5 -0.36642 -0.0522911 0.189522 3.98382e+08
-1 -0.5 -1.5 -0.265283 -0.229617 0.299035 3.74661e+08
-0.5 0 -1.5 -0.181622 -0.334311 0.313731 4.46562e+08
-1 0.5 -1.5 -0.0664846 -0.40829 0.356432 3.89263e+08
-0.5 1 -1.5 0.0336016 -0.465523 0.364161 4.6299e+08
-1 1.5 -1.5 0.120989 -0.489665 0.361499 3.71333e+08
0 -1.5 -1.5 -0.345128 0.218788 0.0400902 4.1849e+08
0.5 -1 -1.5 -0.29397 0.052588 0.0558611 4.968e+08
0 -0.5 -1.5 -0.286957 -0.192744 0.212873 4.78027e+08
0.5 0 -1.5 -0.170209 -0.321273 0.255347 5.8866e+08
0 0.5 -1.5 -0.0682988 -0.418283 0.336391 5.42134e+08
0.5 1 -1.5 0.0637938 -0.47291 0.361567 6.6371e+08
0 1.5 -1.5 0.147786 -0.497124 0.372066 5.51952e+08
1 -1.5 -1.5 -0.108702 0.329504 -0.0768666 5.46958e+08
1.5 -1 -1.5 -0.0840323 0.134447 -0.0538245 6.40218e+08
1 -0.5 -1.5 -0.209373 -0.130744 0.106776 6.0509e+08
1.5 0 -1.5 -0.0826084 -0.296753 0.187841 7.59737e+08
1 0.5 -1.5 -0.0248758 -0.418135 0.30797 7.38591e+08
1.5 1 -1.5 0.13267 -0.471443 0.358262 9.32067e+08
1 1.5 -1.5 0.201832 -0.494785 0.383193 8.09268e+08
2 -1.5 -1.5 0.173403 0.337724 -0.138215 7.29169e+08
2.5 -1 -1.5 0.173442 0.13666 -0.11522 8.18765e+08
2 -0.5 -1.5 -0.0261858 -0.0861658 0.0193867 7.6754e+08
2.5 0 -1.5 0.0813869 -0.280883 0.136607 9.60206e+08
2 0.5 -1.5 0.0756409 -0.410892 0.279341 9.78336e+08
2.5 1 -1.5 0.241708 -0.459573 0.358381 1.26875e+09
2 1.5 -1.5 0.285759 -0.481175 0.396296 1.16296e+09
-2.25 -0.75 -1.25 0.075614 -0.601009 0.581555 1.58625e+08
-2.25 0.25 -1.25 0.172487 -0.662627 0.551942 1.71788e+08
-2.25 1.25 -1.25 0.27937 -0.696646 0.502102 1.68007e+08
-1.75 -1.25 -1.25 -0.0625133 -0.584968 0.548411 1.58818e+08
-1.25 -0.75 -1.25 -0.0882349 -0.652049 0.515544 2.01588e+08
-1.75 -0.25 -1.25 0.0572089 -0.66036 0.55442 1.95585e+08
-1.25 0.25 -1.25 0.0743565 -0.703398 0.53266 2.46925e+08
-1.75 0.75 -1.25 0.188548 -0.699769 0.527953 2.10761e+08
-1.25 1.25 -1.25 0.227754 -0.722233 0.505515 2.59747e+08
-0.75 -1.25 -1.25 -0.253516 -0.612738 0.404811 1.84407e+08
-0.25 -0.75 -1.25 -0.236671 -0.677472 0.387795 2.47043e+08
-0.75 -0.25 -1.25 -0.0690697 -0.703 0.497057 2.62919e+08
-0.25 0.25 -1.25 -0.0144967 -0.737981 0.491127 3.46084e+08
-0.75 0.75 -1.25 0.119919 -0.730743 0.516136 3.13687e+08
-0.25 1.25 -1.25 0.185398 -0.742486 0.502819 3.94635e+08
0.25 -1.25 -1.25 -0.366108 -0.572872 0.185814 2.09999e+08
0.75 -0.75 -1.25 -0.323328 -0.657831 0.202236 2.86289e+08
0.25 -0.25 -1.25 -0.175404 -0.729849 0.398432 3.3624e+08
0.75 0.25 -1.25 -0.0805791 -0.762939 0.426635 4.58149e+08
0.25 0.75 -1.25 0.0648234 -0.75562 0.492551 4.52276e+08
0.75 1.25 -1.25 0.15909 -0.75528 0.495741 5.77441e+08
1.25 -1.25 -1.25 -0.327792 -0.467207 -0.0447558 2.3938e+08
1.75 -0.75 -1.25 -0.292845 -0.595305 0.00936331 3.19652e+08
1.25 -0.25 -1.25 -0.232199 -0.731736 0.263401 3.97832e+08
1.75 0.25 -1.25 -0.102986 -0.774117 0.345695 5.55041e+08
1.25 0.75 -1.25 0.0350284 -0.772113 0.459665 6.13756e+08
1.75 1.25 -1.25 0.15927 -0.75754 0.487373 7.93428e+08
2.25 -1.25 -1.25 -0.131682 -0.362107 -0.196009 2.78246e+08
2.25 -0.25 -1.25 -0.199578 -0.709078 0.127778 4.38947e+08
2.25 0.75 -1.25 0.0459929 -0.776404 0.423907 7.59717e+08
-2.5 -1.5 -1 -0.2129 0.0412676 0.39504 5.07773e+08
-2.5 -0.5 -1 -0.110843 -0.134754 0.399155 4.5962e+08
-2.5 0.5 -1 0.00376246 -0.268813 0.380662 4.01426e+08
-2.5 1.5 -1 0.122959 -0.358544 0.344631 3.37277e+08
-1.5 -1.5 -1 -0.280085 0.103861 0.352415 6.47304e+08
-2 -1 -1 -0.198466 -0.0381176 0.3906 5.60545e+08
-1.5 -0.5 -1 -0.154926 -0.1225 0.388467 6.38917e+08
-2 0 -1 -0.071631 -0.209559 0.393843 5.18247e+08
-1.5 0.5 -1 -0.00621292 -0.27702 0.389149 5.96978e+08
-2 1 -1 0.0629206 -0.325225 0.371711 4.56503e+08
-1.5 1.5 -1 0.140434 -0.36704 0.361916 5.24189e+08
-0.5 -1.5 -1 -0.25121 0.211033 0.277905 8.33987e+08
-1 -1 -1 -0.231752 0.0106945 0.35259 7.4623e+08
-0.5 -0.5 -1 -0.154522 -0.0898766 0.360506 8.85392e+08
-1 0 -1 -0.082655 -0.204302 0.389498 7.46782e+08
-0.5 0.5 -1 0.0135135 -0.274616 0.39255 8.87676e+08
-1 1 -1 0.0801411 -0.330623 0.384478 6.96493e+08
-0.5 1.5 -1 0.179835 -0.365709 0.37865 8.14873e+08
0.5 -1.5 -1 -0.073617 0.321317 0.196817 1.12767e+09
0 -1 -1 -0.179657 0.0909827 0.28941 9.991e+08
0.5 -0.5 -1 -0.0829083 -0.038306 0.315599 1.2282e+09
0 0 -1 -0.0507743 -0.185018 0.374783 1.07382e+09
0.5 0.5 -1 0.0716726 -0.262553 0.391191 1.3177e+09
0 1 -1 0.12526 -0.326196 0.395239 1.06198e+09
0.5 1.5 -1 0.243195 -0.35481 0.395003 1.26344e+09
1.5 -1.5 -1 0.185051 0.36033 0.144283 1.60069e+09
1 -1 -1 -0.0112813 0.173535 0.220196 1.37562e+09
1.5 -0.5 -1 0.0705223 0.0126566 0.265705 1.71181e+09
1 0 -1 0.0374909 -0.156708 0.351205 1.53936e+09
1.5 0.5 -1 0.172376 -0.246136 0.38666 1.94262e+09
1 1 -1 0.202263 -0.313987 0.404611 1.61459e+09
1.5 1.5 -1 0.330545 -0.335804 0.410958 1.94706e+09
2.5 -1.5 -1 0.400581 0.32685 0.108156 2.16991e+09
2 -1 -1 0.21399 0.204387 0.170643 1.91908e+09
2.5 -0.5 -1 0.263276 0.0319052 0.227252 2.33982e+09
2 0 -1 0.178885 -0.130889 0.324647 2.17371e+09
2.5 0.5 -1 0.304872 -0.228919 0.380198 2.78484e+09
2 1 -1 0.308847 -0.296664 0.412932 2.42763e+09
2.5 1.5 -1 0.436058 -0.30884 0.425464 2.95351e+09
-2.25 -1.25 -0.75 0.153484 -0.528861 0.609282 3.07102e+08
-2.25 -0.25 -0.75 0.225229 -0.606824 0.564868 3.18531e+08
-2.25 0.75 -0.75 0.312578 -0.656033 0.504923 3.03722e+08
-1.25 -1.25 -0.75 0.0145068 -0.57 0.572595 3.9425e+08
-1.75 -0.75 -0.75 0.13025 -0.592565 0.583327 3.71765e+08
-1.25 -0.25 -0.75 0.137916 -0.643024 0.558577 4.65183e+08
-1.75 0.25 -0.75 0.234542 -0.650515 0.539481 3.88197e+08
-1.25 0.75 -0.75 0.265883 -0.680997 0.513528 4.78643e+08
-1.75 1.25 -0.75 0.341546 -0.681387 0.476695 3.65783e+08
-0.25 -1.25 -0.75 -0.107197 -0.585847 0.483114 4.89477e+08
-0.75 -0.75 -0.75 0.0197505 -0.628554 0.547772 5.08272e+08
-0.25 -0.25 -0.75 0.0587992 -0.673326 0.531559 6.67155e+08
-0.75 0.25 -0.75 0.172623 -0.679452 0.536265 5.90313e+08
-0.25 0.75 -0.75 0.226972 -0.701331 0.515584 7.45865e+08
-0.75 1.25 -0.75 0.313524 -0.697866 0.487405 5.87175e+08
0.75 -1.25 -0.75 -0.15471 -0.554488 0.348851 5.79135e+08
0.25 -0.75 -0.75 -0.0697992 -0.646752 0.47433 6.62116e+08
0.75 -0.25 -0.75 -0.000131592 -0.692412 0.480423 9.02519e+08
0.25 0.25 -0.75 0.121996 -0.702572 0.520757 8.73995e+08
0.75 0.75 -0.75 0.200617 -0.715093 0.511612 1.1229e+09
0.25 1.25 -0.75 0.293884 -0.708453 0.495274 9.23069e+08
1.75 -1.25 -0.75 -0.0831895 -0.48021 0.213753 6.70562e+08
1.25 -0.75 -0.75 -0.107251 -0.63283 0.364994 7.93605e+08
1.75 -0.25 -0.75 -0.0201535 -0.69258 0.406694 1.10545e+09
1.25 0.25 -0.75 0.0916495 -0.717244 0.492536 1.2155e+09
1.75 0.75 -0.75 0.196259 -0.719499 0.502433 1.58255e+09
1.25 1.25 -0.75 0.288105 -0.710739 0.500897 1.39113e+09
2.25 -0.75 -0.75 -0.0556665 -0.588075 0.25477 8.99491e+08
2.25 0.25 -0.75 0.0961902 -0.718757 0.453915 1.5217e+09
2.25 1.25 -0.75 0.305272 -0.701101 0.504974 1.96008e+09
-2.5 -1 -0.5 -0.12413 0.0271078 0.432913 9.45365e+08
-2.5 0 -0.5 -0.0322678 -0.101279 0.407301 7.99651e+08
-2.5 1 -0.5 0.0679342 -0.201138 0.366849 6.56558e+08
-2 -1.5 -0.5 -0.17858 0.126696 0.436407 1.18441e+09
-1.5 -1 -0.5 -0.12835 0.0682331 0.432876 1.33916e+09
-2 -0.5 -0.5 -0.08261 -0.0299649 0.427008 1.05542e+09
-1.5 0 -0.5 -0.0188154 -0.0887122 0.420406 1.20907e+09
-2 0.5 -0.5 0.0249894 -0.153528 0.397432 9.04101e+08
-1.5 1 -0.5 0.100062 -0.198683 0.385727 1.03645e+09
-2 1.5 -0.5 0.136399 -0.239136 0.352323 7.42845e+08
-1 -1.5 -0.5 -0.148588 0.204575 0.417196 1.62546e+09
-0.5 -1 -0.5 -0.0687066 0.128442 0.419634 1.93163e+09
-1 -0.5 -0.5 -0.0565733 0.0017277 0.430421 1.55941e+09
-0.5 0 -0.5 0.0340164 -0.0653418 0.428234 1.85224e+09
-1 0.5 -0.5 0.0638325 -0.143131 0.412638 1.40832e+09
-0.5 1 -0.5 0.159279 -0.187003 0.402744 1.6507e+09
-1 1.5 -0.5 0.187251 -0.231998 0.371845 1.19298e+09
0 -1.5 -0.5 -0.0128716 0.294237 0.382858 2.31789e+09
0.5 -1 -0.5 0.0740111 0.189398 0.394906 2.87313e+09
0 -0.5 -0.5 0.0267493 0.0436717 0.425033 2.34772e+09
0.5 0 -0.5 0.133497 -0.037002 0.4304 2.88634e+09
0 0.5 -0.5 0.13738 -0.124283 0.424457 2.21962e+09
0.5 1 -0.5 0.246145 -0.168095 0.417322 2.65032e+09
0 1.5 -0.5 0.260333 -0.215605 0.389907 1.92474e+09
1 -1.5 -0.5 0.210471 0.340879 0.348852 3.47709e+09
1.5 -1 -0.5 0.271769 0.221993 0.365841 4.37485e+09
1 -0.5 -0.5 0.169134 0.0808717 0.411242 3.61217e+09
1.5 0 -0.5 0.271024 -0.0155234 0.426725 4.54989e+09
1 0.5 -0.5 0.245443 -0.103021 0.432515 3.5423e+09
1.5 1 -0.5 0.356111 -0.147102 0.4286 4.2759e+09
1 1.5 -0.5 0.353396 -0.192523 0.405543 3.11117e+09
2 -1.5 -0.5 0.416079 0.330269 0.318778 5.16054e+09
2.5 -1 -0.5 0.447658 0.217899 0.334692 6.37479e+09
2 -0.5 -0.5 0.338106 0.0998793 0.389897 5.52099e+09
2.5 0 -0.5 0.416273 -0.00406396 0.414104 6.95109e+09
2 0.5 -0.5 0.375139 -0.0868753 0.435616 5.65106e+09
2.5 1 -0.5 0.476498 -0.12726 0.434857 6.8298e+09
2 1.5 -0.5 0.460138 -0.166083 0.417403 5.01001e+09
-2.25 -0.75 -0.25 0.284436 -0.541712 0.573163 6.2089e+08
-2.25 0.25 -0.25 0.35395 -0.601028 0.50511 5.70864e+08
-2.25 1.25 -0.25 0.429315 -0.63761 0.426731 4.94313e+08
-1.75 -1.25 -0.25 0.213042 -0.51719 0.606537 7.49783e+08
-1.25 -0.75 -0.25 0.218427 -0.568704 0.581616 9.23331e+08
-1.75 -0.25 -0.25 0.292355 -0.586813 0.54821 7.47291e+08
-1.25 0.25 -0.25 0.318422 -0.622063 0.520331 9.16635e+08
-1.75 0.75 -0.25 0.379041 -0.630908 0.475756 6.85397e+08
-1.25 1.25 -0.25 0.416409 -0.649782 0.443846 8.23612e+08
-0.75 -1.25 -0.25 0.132017 -0.542706 0.595712 1.04776e+09
-0.25 -0.75 -0.25 0.160231 -0.591294 0.57276 1.36136e+09
-0.75 -0.25 -0.25 0.245551 -0.609983 0.555742 1.16266e+09
-0.25 0.25 -0.25 0.290151 -0.639065 0.529119 1.46733e+09
-0.75 0.75 -0.25 0.359017 -0.645685 0.490413 1.12592e+09
-0.25 1.25 -0.25 0.40927 -0.656951 0.45923 1.36195e+09
0.25 -1.25 -0.25 0.0732898 -0.550652 0.553633 1.39855e+09
0.75 -0.75 -0.25 0.123329 -0.601316 0.541953 1.89609e+09
0.25 -0.25 -0.25 0.209767 -0.627472 0.551893 1.77616e+09
0.75 0.25 -0.25 0.272614 -0.649751 0.531157 2.28238e+09
0.25 0.75 -0.25 0.346169 -0.655071 0.501607 1.82278e+09
0.75 1.25 -0.25 0.408519 -0.657751 0.472952 2.19163e+09
1.25 -1.25 -0.25 0.0765775 -0.524883 0.484954 1.72401e+09
1.75 -0.75 -0.25 0.124631 -0.587586 0.48692 2.36018e+09
1.25 -0.25 -0.25 0.191562 -0.636021 0.533962 2.54838e+09
1.75 0.25 -0.25 0.271651 -0.651725 0.524858 3.31612e+09
1.25 0.75 -0.25 0.343429 -0.657153 0.508942 2.83597e+09
1.75 1.25 -0.25 0.418882 -0.649593 0.483984 3.35879e+09
2.25 -1.25 -0.25 0.157222 -0.47235 0.413456 2.03005e+09
2.25 -0.25 -0.25 0.200903 -0.628654 0.499362 3.23406e+09
2.25 0.75 -0.25 0.358729 -0.648885 0.511157 4.11412e+09
-2.5 -1.5 0 -0.127618 0.15019 0.469286 2.09124e+09
-2.5 -0.5 0 -0.0548404 0.0491952 0.437521 1.71647e+09
-2.5 0.5 0 0.0238082 -0.040867 0.392983 1.37676e+09
-2.5 1.5 0 0.107312 -0.112073 0.338293 1.0758e+09
-1.5 -1.5 0 -0.0857084 0.210714 0.479358 3.0148e+09
-2 -1 0 -0.077144 0.119048 0.463473 2.3142e+09
-1.5 -0.5 0 -0.0097217 0.0799178 0.455532 2.64061e+09
-2 0 0 0.00348709 0.011642 0.42709 1.92997e+09
-1.5 0.5 0 0.0763958 -0.0257685 0.413835 2.2095e+09
-2 1 0 0.0899994 -0.0742746 0.377566 1.5548e+09
-1.5 1.5 0 0.166636 -0.101517 0.359211 1.76617e+09
-0.5 -1.5 0 0.0369246 0.281735 0.479743 4.53275e+09
-1 -1 0 -0.00581519 0.169265 0.47467 3.51087e+09
-0.5 -0.5 0 0.0838775 0.118639 0.46815 4.18562e+09
-1 0 0 0.0711557 0.0372234 0.445105 3.07624e+09
-0.5 0.5 0 0.161028 -0.00373649 0.431355 3.61504e+09
-1 1 0 0.159512 -0.0587781 0.3974 2.54806e+09
-0.5 1.5 0 0.247506 -0.0828065 0.377747 2.92764e+09
0.5 -1.5 0 0.233952 0.324176 0.471865 7.24138e+09
0 -1 0 0.132663 0.218356 0.478669 5.57196e+09
0.5 -0.5 0 0.227709 0.149967 0.474407 6.90337e+09
0 0 0 0.179302 0.0662227 0.458314 5.03724e+09
0.5 0.5 0 0.275952 0.0201997 0.444139 6.04218e+09
0 1 0 0.254558 -0.0369208 0.413816 4.2349e+09
0.5 1.5 0 0.346298 -0.0577058 0.392504 4.88335e+09
1.5 -1.5 0 0.432748 0.315936 0.454843 1.17237e+10
1 -1 0 0.316626 0.238126 0.47419 9.25175e+09
1.5 -0.5 0 0.393862 0.157069 0.472272 1.17302e+10
1 0 0 0.320566 0.087074 0.465388 8.50897e+09
1.5 0.5 0 0.40898 0.0376427 0.450557 1.02855e+10
1 1 0 0.369314 -0.0132147 0.425207 7.12569e+09
1.5 1.5 0 0.456269 -0.0303894 0.401686 8.15609e+09
2.5 -1.5 0 0.566326 0.295629 0.422544 1.72602e+10
2 -1 0 0.485177 0.229982 0.455941 1.5104e+10
2.5 -0.5 0 0.53393 0.151541 0.454065 1.89997e+10
2 0 0 0.467002 0.090976 0.463715 1.4525e+10
2.5 0.5 0 0.538664 0.044254 0.448561 1.7414e+10
2 1 0 0.491999 0.00632547 0.42992 1.20443e+10
2.5 1.5 0 0.56673 -0.00412255 0.402805 1.34753e+10
-2.25 -1.25 0.25 0.334596 -0.474142 0.580576 1.26512e+09
-2.25 -0.25 0.25 0.393076 -0.535813 0.506121 1.11588e+09
-2.25 0.75 0.25 0.456668 -0.579225 0.42234 9.4305e+08
-1.25 -1.25 0.25 0.295733 -0.487398 0.603192 1.9184e+09
-1.75 -0.75 0.25 0.347843 -0.514175 0.557133 1.49962e+09
-1.25 -0.25 0.25 0.374763 -0.548808 0.528519 1.82372e+09
-1.75 0.25 0.25 0.419023 -0.565784 0.476424 1.33146e+09
-1.25 0.75 0.25 0.453885 -0.587984 0.44256 1.59962e+09
-1.75 1.25 0.25 0.489399 -0.597311 0.387652 1.11455e+09
-0.25 -1.25 0.25 0.265797 -0.498552 0.612298 2.91286e+09
-0.75 -0.75 0.25 0.323359 -0.527069 0.575783 2.38753e+09
-0.25 -0.25 0.25 0.362709 -0.558769 0.544956 2.99748e+09
-0.75 0.25 0.25 0.411794 -0.575537 0.495874 2.23469e+09
-0.25 0.75 0.25 0.456734 -0.591999 0.460292 2.71371e+09
-0.75 1.25 0.25 0.495353 -0.60037 0.405975 1.90551e+09
0.75 -1.25 0.25 0.254284 -0.497407 0.602272 4.17774e+09
0.25 -0.75 0.25 0.308263 -0.535437 0.584597 3.77025e+09
0.75 -0.25 0.25 0.361422 -0.561899 0.554377 4.83201e+09
0.25 0.25 0.25 0.411565 -0.579847 0.511248 3.72754e+09
0.75 0.75 0.25 0.465077 -0.589507 0.475475 4.50674e+09
0.25 1.25 0.25 0.505552 -0.59753 0.423151 3.21013e+09
1.75 -1.25 0.25 0.286013 -0.469821 0.570873 5.31499e+09
1.25 -0.75 0.25 0.310401 -0.534188 0.579388 5.61046e+09
1.75 -0.25 0.25 0.373914 -0.55598 0.553515 7.27525e+09
1.25 0.25 0.25 0.419904 -0.576544 0.521592 6.00716e+09
1.75 0.75 0.25 0.4803 -0.579058 0.486569 7.13722e+09
1.25 1.25 0.25 0.519733 -0.587766 0.438236 5.21258e+09
2.25 -0.75 0.25 0.336943 -0.512832 0.554136 7.20361e+09
2.25 0.25 0.25 0.439933 -0.564304 0.524413 9.01592e+09
2.25 1.25 0.25 0.542714 -0.567941 0.447545 7.9595e+09
-2.5 -1 0.5 -0.0759544 0.166129 0.469238 3.92073e+09
-2.5 0 0.5 -0.0142503 0.0986192 0.422223 3.08615e+09
-2.5 1 0.5 0.0503 0.0380435 0.365519 2.37988e+09
-2 -1.5 0.5 -0.0749535 0.226565 0.499227 5.36432e+09
-1.5 -1 0.5 0.00201511 0.209755 0.491164 6.10339e+09
-2 -0.5 0.5 -0.0124146 0.14768 0.458969 4.3857e+09
-1.5 0 0.5 0.0621531 0.124592 0.444937 5.02035e+09
-2 0.5 0.5 0.0519504 0.0765928 0.406502 3.48034e+09
-1.5 1 0.5 0.126208 0.0555246 0.387044 3.96364e+09
-2 1.5 0.5 0.118569 0.0193273 0.344942 2.67518e+09
-1 -1.5 0.5 0.040193 0.287742 0.515915 8.29555e+09
-0.5 -1 0.5 0.13734 0.256391 0.507262 9.97005e+09
-1 -0.5 0.5 0.0870038 0.184342 0.479305 7.12881e+09
-0.5 0 0.5 0.17498 0.154477 0.462995 8.42884e+09
-1 0.5 0.5 0.143113 0.100153 0.426834 5.81153e+09
-0.5 1 0.5 0.226602 0.0782547 0.404552 6.72014e+09
-1 1.5 0.5 0.204591 0.0385794 0.36401 4.5084e+09
0 -1.5 0.5 0.229916 0.332703 0.52623 1.38202e+10
0.5 -1 0.5 0.320885 0.27931 0.516411 1.74193e+10
0 -0.5 0.5 0.230751 0.217272 0.493592 1.21238e+10
0.5 0 0.5 0.319131 0.177796 0.474241 1.46792e+10
0 0.5 0.5 0.262599 0.125376 0.441828 9.94899e+09
0.5 1 0.5 0.346222 0.102984 0.416187 1.15759e+10
0 1.5 0.5 0.308348 0.0635931 0.378665 7.67088e+09
1 -1.5 0.5 0.436747 0.322583 0.527236 2.45735e+10
1.5 -1 0.5 0.503107 0.258395 0.515512 3.18323e+10
1 -0.5 0.5 0.401892 0.226898 0.499916 2.1719e+10
1.5 0 0.5 0.473278 0.18354 0.476525 2.64421e+10
1 0.5 0.5 0.400492 0.145265 0.449364 1.74635e+10
1.5 1 0.5 0.473797 0.124472 0.420065 2.01585e+10
1 1.5 0.5 0.422695 0.0915577 0.386997 1.31057e+10
2 -1.5 0.5 0.581641 0.288878 0.508234 4.08575e+10
2.5 -1 0.5 0.624861 0.234739 0.492421 5.31731e+10
2 -0.5 0.5 0.556852 0.208618 0.49455 3.96635e+10
2.5 0 0.5 0.606403 0.171535 0.467918 4.75767e+10
2 0.5 0.5 0.537443 0.153022 0.447907 3.11247e+10
2.5 1 0.5 0.593923 0.138833 0.413525 3.48528e+10
2 1.5 0.5 0.53762 0.118048 0.386303 2.22487e+10
-2.25 -0.75 0.75 0.415274 -0.464327 0.515734 2.24384e+09
-2.25 0.25 0.75 0.473181 -0.509269 0.428639 1.85312e+09
-2.25 1.25 0.75 0.528684 -0.540234 0.335235 1.4825e+09
-1.75 -1.25 0.75 0.383381 -0.437133 0.57263 3.08682e+09
-1.25 -0.75 0.75 0.417662 -0.465309 0.544858 3.72229e+09
-1.75 -0.25 0.75 0.447134 -0.489646 0.486886 2.65845e+09
-1.25 0.25 0.75 0.484615 -0.510905 0.452455 3.19005e+09
-1.75 0.75 0.75 0.508274 -0.527362 0.393529 2.19061e+09
-1.25 1.25 0.75 0.546286 -0.539021 0.354669 2.58264e+09
-0.75 -1.25 0.75 0.38521 -0.434848 0.600936 5.02269e+09
-0.25 -0.75 0.75 0.427048 -0.463125 0.568471 6.2647e+09
-0.75 -0.25 0.75 0.457437 -0.489962 0.511305 4.54608e+09
-0.25 0.25 0.75 0.500793 -0.508271 0.473085 5.53172e+09
-0.75 0.75 0.75 0.525278 -0.525749 0.413794 3.81585e+09
-0.25 1.25 0.75 0.568087 -0.531745 0.372651 4.48421e+09
0.25 -1.25 0.75 0.395574 -0.429213 0.620702 8.18405e+09
0.75 -0.75 0.75 0.444463 -0.454661 0.585007 1.0438e+10
0.25 -0.25 0.75 0.473128 -0.485207 0.531114 7.7848e+09
0.75 0.25 0.75 0.523234 -0.497652 0.48969 9.47241e+09
0.25 0.75 0.75 0.547105 -0.517319 0.43163 6.60391e+09
0.75 1.25 0.75 0.592358 -0.517051 0.38914 7.5941e+09
1.25 -1.25 0.75 0.414738 -0.416706 0.62696 1.25799e+10
1.75 -0.75 0.75 0.475596 -0.435579 0.589352 1.63155e+10
1.25 -0.25 0.75 0.498334 -0.470731 0.544174 1.29952e+10
1.75 0.25 0.75 0.55107 -0.477912 0.501108 1.55483e+10
1.25 0.75 0.75 0.572306 -0.50072 0.446527 1.10803e+10
1.75 1.25 0.75 0.618412 -0.493953 0.40081 1.21882e+10
2.25 -1.25 0.75 0.46123 -0.376761 0.611736 1.62215e+10
2.25 -0.25 0.75 0.531576 -0.447468 0.548447 2.0284e+10
2.25 0.75 0.75 0.601323 -0.474663 0.453854 1.73977e+10
-2.5 -1.5 1 -0.110242 0.252686 0.499329 9.22662e+09
-2.5 -0.5 1 -0.058088 0.210847 0.452596 7.16949e+09
-2.5 0.5 1 -0.00727996 0.1667 0.395534 5.48401e+09
-2.5 1.5 1 0.0439349 0.127352 0.330395 4.10869e+09
-1.5 -1.5 1 -0.00396714 0.306958 0.52296 1.43726e+10
-2 -1 1 -0.0388554 0.253223 0.490168 1.02522e+10
-1.5 -0.5 1 0.0418804 0.245066 0.476479 1.17322e+10
-2 0 1 0.011315 0.201867 0.437307 8.06953e+09
-1.5 0.5 1 0.0868656 0.190514 0.417583 9.21983e+09
-2 1 1 0.0609831 0.155958 0.374801 6.17767e+09
-1.5 1.5 1 0.132971 0.146825 0.350271 6.97576e+09
-0.5 -1.5 1 0.171625 0.357782 0.539967 2.39406e+10
-1 -1 1 0.0914012 0.297572 0.511505 1.68389e+10
-0.5 -0.5 1 0.184407 0.279948 0.494544 2.00822e+10
-1 0 1 0.125855 0.231959 0.457927 1.36516e+10
-0.5 0.5 1 0.208802 0.216998 0.434402 1.59303e+10
-1 1 1 0.16437 0.179204 0.39352 1.0564e+10
-0.5 1.5 1 0.24075 0.171122 0.365669 1.19967e+10
0.5 -1.5 1 0.393859 0.365375 0.549522 4.4087e+10
0 -1 1 0.271373 0.329851 0.525596 2.95342e+10
0.5 -0.5 1 0.358087 0.298409 0.504387 3.63428e+10
0 0 1 0.2715 0.25872 0.471832 2.39899e+10
0.5 0.5 1 0.351561 0.23906 0.443556 2.82885e+10
0 1 1 0.288225 0.204174 0.406281 1.8402e+10
0.5 1.5 1 0.360865 0.198635 0.374988 2.07851e+10
1.5 -1.5 1 0.582075 0.311989 0.548016 8.59662e+10
1 -1 1 0.469311 0.321499 0.530694 5.60597e+10
1.5 -0.5 1 0.531466 0.284949 0.503485 6.92115e+10
1 0 1 0.43361 0.269845 0.476371 4.38792e+10
1.5 0.5 1 0.498846 0.250263 0.443426 5.1467e+10
1 1 1 0.422858 0.227031 0.411305 3.25347e+10
1.5 1.5 1 0.4826 0.226049 0.375607 3.58996e+10
2.5 -1.5 1 0.674769 0.283964 0.518074 1.38294e+11
2 -1 1 0.627184 0.274549 0.522434 1.08967e+11
2.5 -0.5 1 0.664921 0.249783 0.49005 1.32119e+11
2 0 1 0.584328 0.259656 0.470356 8.26176e+10
2.5 0.5 1 0.627691 0.249048 0.431497 9.34471e+10
2 1 1 0.552412 0.243456 0.405981 5.75766e+10
2.5 1.5 1 0.595941 0.249282 0.364554 6.09853e+10
-2.25 -1.25 1.25 0.38359 -0.351672 0.524169 6.05235e+09
-2.25 -0.25 1.25 0.441494 -0.394655 0.435412 4.89669e+09
-2.25 0.75 1.25 0.496342 -0.428791 0.338276 3.88556e+09
-1.25 -1.25 1.25 0.413086 -0.339393 0.558515 1.00816e+10
-1.75 -0.75 1.25 0.427491 -0.369995 0.497033 7.09692e+09
-1.25 -0.25 1.25 0.476604 -0.386946 0.462818 8.50842e+09
-1.75 0.25 1.25 0.486882 -0.410229 0.400138 5.78268e+09
-1.25 0.75 1.25 0.532481 -0.421967 0.359791 6.84896e+09
-1.75 1.25 1.25 0.538851 -0.438546 0.297601 4.54543e+09
-0.25 -1.25 1.25 0.456521 -0.319396 0.586993 1.73277e+10
-0.75 -0.75 1.25 0.466008 -0.357486 0.525657 1.23076e+10
-0.25 -0.25 1.25 0.517408 -0.373123 0.48666 1.50266e+10
-0.75 0.25 1.25 0.5252 -0.40063 0.423019 1.02196e+10
-0.25 0.75 1.25 0.572528 -0.408314 0.378886 1.21304e+10
-0.75 1.25 1.25 0.577007 -0.427476 0.315998 8.02615e+09
0.75 -1.25 1.25 0.507129 -0.290631 0.607237 2.97226e+10
0.25 -0.75 1.25 0.510201 -0.337338 0.54917 2.15752e+10
0.75 -0.25 1.25 0.562264 -0.349939 0.504946 2.64378e+10
0.25 0.25 1.25 0.567328 -0.383122 0.44233 1.80979e+10
0.75 0.75 1.25 0.616787 -0.383505 0.39564 2.12508e+10
0.25 1.25 1.25 0.61854 -0.406803 0.333246 1.40396e+10
1.75 -1.25 1.25 0.560526 -0.253384 0.6124 4.76205e+10
1.25 -0.75 1.25 0.559692 -0.305863 0.563543 3.71576e+10
1.75 -0.25 1.25 0.615566 -0.311533 0.515936 4.54724e+10
1.25 0.25 1.25 0.615212 -0.352495 0.457435 3.15996e+10
1.75 0.75 1.25 0.660264 -0.346314 0.407388 3.54686e+10
1.25 1.25 1.25 0.659237 -0.37483 0.347786 2.35946e+10
2.25 -0.75 1.25 0.619153 -0.261403 0.566348 6.10215e+10
2.25 0.25 1.25 0.662517 -0.308944 0.464037 5.1796e+10
2.25 1.25 1.25 0.700115 -0.329296 0.35392 3.71507e+10
-2.5 -1 1.5 0.273079 -0.215689 0.525515 1.55821e+10
-2.5 0 1.5 0.32697 -0.258893 0.453111 1.23388e+10
-2.5 1 1.5 0.378825 -0.29442 0.371674 9.61143e+09
-2 -1.5 1.5 0.263475 -0.179423 0.571849 2.19683e+10
-1.5 -1 1.5 0.318129 -0.193576 0.551261 2.57396e+10
-2 -0.5 1.5 0.320973 -0.230453 0.503277 1.79716e+10
-1.5 0 1.5 0.374216 -0.244878 0.475076 2.11942e+10
-2 0.5 1.5 0.375504 -0.272719 0.423784 1.43453e+10
-1.5 1 1.5 0.42516 -0.2833 0.390083 1.67583e+10
-2 1.5 1.5 0.425067 -0.303823 0.337445 1.10914e+10
-1 -1.5 1.5 0.321794 -0.143994 0.594768 3.60158e+10
-0.5 -1 1.5 0.386785 -0.159939 0.56995 4.4183e+10
-1 -0.5 1.5 0.376814 -0.208514 0.524492 3.08848e+10
-0.5 0 1.5 0.433672 -0.221712 0.492423 3.72124e+10
-1 0.5 1.5 0.427438 -0.256653 0.442072 2.51107e+10
-0.5 1 1.5 0.479188 -0.264012 0.405202 2.94636e+10
-1 1.5 1.5 0.474046 -0.288898 0.353239 1.9405e+10
0 -1.5 1.5 0.411108 -0.0940233 0.607368 6.1768e+10
0.5 -1 1.5 0.472982 -0.114072 0.579017 7.80384e+10
0 -0.5 1.5 0.446979 -0.175407 0.539255 5.43585e+10
0.5 0 1.5 0.502887 -0.188349 0.502989 6.59549e+10
0 0.5 1.5 0.487959 -0.231342 0.455676 4.43378e+10
0.5 1 1.5 0.539999 -0.233051 0.416323 5.15778e+10
0 1.5 1.5 0.528635 -0.263573 0.366502 3.37786e+10
1 -1.5 1.5 0.51959 -0.0353157 0.605071 1.09879e+11
1.5 -1 1.5 0.568493 -0.0627974 0.573597 1.39404e+11
1 -0.5 1.5 0.528126 -0.132292 0.544092 9.67367e+10
1.5 0 1.5 0.58177 -0.142176 0.504725 1.16911e+11
1 0.5 1.5 0.556768 -0.193227 0.463252 7.80763e+10
1.5 1 1.5 0.602032 -0.187966 0.421012 8.77133e+10
1 1.5 1.5 0.584411 -0.225132 0.375554 5.72349e+10
2 -1.5 1.5 0.622948 0.0169097 0.582882 1.94269e+11
2.5 -1 1.5 0.663129 -0.0106211 0.551694 2.45983e+11
2 -0.5 1.5 0.617732 -0.0802781 0.536466 1.72434e+11
2.5 0 1.5 0.658083 -0.085114 0.493478 1.99609e+11
2 0.5 1.5 0.626158 -0.1411 0.461467 1.33236e+11
2.5 1 1.5 0.663783 -0.129702 0.41377 1.41716e+11
2 1.5 1.5 0.640229 -0.173082 0.375863 9.25851e+10
