449
-2.5 -1 -1.5 -0.81398 -0.305563 0.183577 8.28575e+10
-2.5 0 -1.5 -0.818508 -0.297127 0.224328 1.19489e+11
-2.5 1 -1.5 -0.787305 -0.338084 0.245348 1.17498e+11
-2 -1.5 -1.5 -0.797442 -0.286812 0.196289 6.0168e+10
-1.5 -1 -1.5 -0.796641 -0.240774 0.251308 7.2609e+10
-2 -0.5 -1.5 -0.81514 -0.259774 0.242759 9.93149e+10
-1.5 0 -1.5 -0.805172 -0.22223 0.299247 1.10287e+11
-2 0.5 -1.5 -0.808418 -0.264991 0.280471 1.26332e+11
-1.5 1 -1.5 -0.787312 -0.251056 0.326526 1.20138e+11
-2 1.5 -1.5 -0.76282 -0.338541 0.282256 1.02923e+11
-1 -1.5 -1.5 -0.765414 -0.233425 0.250573 4.84738e+10
-0.5 -1 -1.5 -0.751274 -0.194421 0.299931 5.47292e+10
-1 -0.5 -1.5 -0.785139 -0.20163 0.305061 8.19969e+10
-0.5 0 -1.5 -0.763801 -0.173846 0.356078 8.63583e+10
-1 0.5 -1.5 -0.785561 -0.197688 0.350546 1.12838e+11
-0.5 1 -1.5 -0.759072 -0.188882 0.394772 1.06451e+11
-1 1.5 -1.5 -0.759743 -0.255674 0.362893 1.04568e+11
0 -1.5 -1.5 -0.710048 -0.188995 0.287508 3.48806e+10
0.5 -1 -1.5 -0.681435 -0.158878 0.331459 3.6938e+10
0 -0.5 -1.5 -0.726478 -0.165939 0.347844 5.79308e+10
0.5 0 -1.5 -0.692755 -0.150998 0.393271 5.7656e+10
0 0.5 -1.5 -0.734933 -0.160166 0.402897 8.50147e+10
0.5 1 -1.5 -0.700694 -0.163929 0.442499 7.79462e+10
0 1.5 -1.5 -0.727755 -0.200979 0.428156 9.21186e+10
1 -1.5 -1.5 -0.635153 -0.147857 0.309612 2.32504e+10
1.5 -1 -1.5 -0.591621 -0.126251 0.3489 2.33417e+10
1 -0.5 -1.5 -0.642208 -0.141342 0.374007 3.68945e+10
1.5 0 -1.5 -0.593923 -0.138833 0.413525 3.48528e+10
1 0.5 -1.5 -0.652216 -0.152119 0.434168 5.40456e+10
1.5 1 -1.5 -0.606403 -0.171535 0.467918 4.75767e+10
1 1.5 -1.5 -0.662943 -0.190145 0.471336 6.61497e+10
2 -1.5 -1.5 -0.5465 -0.107084 0.319488 1.4799e+10
2.5 -1 -1.5 -0.489664 -0.0929109 0.354479 1.4251e+10
2 -0.5 -1.5 -0.53762 -0.118048 0.386303 2.22487e+10
2.5 0 -1.5 -0.473797 -0.124472 0.420065 2.01585e+10
2 0.5 -1.5 -0.537443 -0.153022 0.447907 3.11247e+10
2.5 1 -1.5 -0.473278 -0.18354 0.476525 2.64421e+10
2 1.5 -1.5 -0.556852 -0.208618 0.49455 3.96635e+10
-2.25 -0.75 -1.25 -0.810317 0.217439 0.234969 2.52407e+10
-2.25 0.25 -1.25 -0.794682 0.229158 0.313459 3.38737e+10
-2.25 1.25 -1.25 -0.748542 0.234217 0.386086 2.97743e+10
-1.75 -1.25 -1.25 -0.802232 0.253972 0.230255 2.05156e+10
-1.25 -0.75 -1.25 -0.78157 0.300369 0.293744 2.58809e+10
-1.75 -0.25 -1.25 -0.789357 0.264979 0.305504 3.12275e+10
-1.25 0.25 -1.25 -0.751656 0.307412 0.374888 3.49836e+10
-1.75 0.75 -1.25 -0.753127 0.273187 0.387042 3.55166e+10
-1.25 1.25 -1.25 -0.698133 0.298915 0.449507 3.20149e+10
-0.75 -1.25 -1.25 -0.774474 0.329554 0.273379 1.94569e+10
-0.25 -0.75 -1.25 -0.741714 0.371604 0.33056 2.28705e+10
-0.75 -0.25 -1.25 -0.745631 0.342964 0.357572 3.00184e+10
-0.25 0.25 -1.25 -0.696293 0.37797 0.420402 3.17497e+10
-0.75 0.75 -1.25 -0.698874 0.341145 0.440076 3.49656e+10
-0.25 1.25 -1.25 -0.632549 0.362873 0.499762 3.12329e+10
0.25 -1.25 -1.25 -0.740907 0.393676 0.296385 1.62704e+10
0.75 -0.75 -1.25 -0.700642 0.430076 0.348572 1.78103e+10
0.25 -0.25 -1.25 -0.696669 0.407413 0.38841 2.47696e+10
0.75 0.25 -1.25 -0.642691 0.433864 0.446353 2.48915e+10
0.25 0.75 -1.25 -0.636614 0.403062 0.481462 3.0819e+10
0.75 1.25 -1.25 -0.571737 0.41516 0.535843 2.73518e+10
1.25 -1.25 -1.25 -0.706799 0.446183 0.303907 1.22279e+10
1.75 -0.75 -1.25 -0.663897 0.475422 0.352437 1.2584e+10
1.25 -0.25 -1.25 -0.652168 0.458334 0.401927 1.81731e+10
1.75 0.25 -1.25 -0.601323 0.474663 0.453854 1.73977e+10
1.25 0.75 -1.25 -0.586488 0.447526 0.501269 2.33681e+10
1.75 1.25 -1.25 -0.531576 0.447468 0.548447 2.0284e+10
2.25 -1.25 -1.25 -0.675326 0.487232 0.300706 8.45763e+09
2.25 -0.25 -1.25 -0.618412 0.493953 0.40081 1.21882e+10
2.25 0.75 -1.25 -0.55107 0.477912 0.501108 1.55483e+10
-2.5 -1.5 -1 -0.780771 -0.41824 0.117664 1.28263e+11
-2.5 -0.5 -1 -0.809689 -0.389746 0.159328 2.24581e+11
-2.5 0.5 -1 -0.815853 -0.383986 0.201844 3.20783e+11
-2.5 1.5 -1 -0.772512 -0.4358 0.233216 2.94781e+11
-1.5 -1.5 -1 -0.763793 -0.370092 0.188835 1.11024e+11
-2 -1 -1 -0.795274 -0.372978 0.17864 1.65574e+11
-1.5 -0.5 -1 -0.801249 -0.328935 0.239523 2.01348e+11
-2 0 -1 -0.817178 -0.346126 0.224863 2.71078e+11
-1.5 0.5 -1 -0.814436 -0.308926 0.288332 3.02376e+11
-2 1 -1 -0.811112 -0.353491 0.266816 3.37262e+11
-1.5 1.5 -1 -0.791035 -0.341964 0.321784 3.08452e+11
-0.5 -1.5 -1 -0.720673 -0.330648 0.241081 8.43059e+10
-1 -1 -1 -0.766833 -0.328099 0.244203 1.33823e+11
-0.5 -0.5 -1 -0.760816 -0.291412 0.299097 1.51519e+11
-1 0 -1 -0.798092 -0.290112 0.299431 2.2905e+11
-0.5 0.5 -1 -0.786623 -0.259767 0.356996 2.42905e+11
-1 1 -1 -0.802559 -0.281592 0.347452 3.09114e+11
-0.5 1.5 -1 -0.783074 -0.265882 0.400605 2.88672e+11
0.5 -1.5 -1 -0.654976 -0.294074 0.276225 5.81911e+10
0 -1 -1 -0.710829 -0.295356 0.290738 9.46663e+10
0.5 -0.5 -1 -0.69132 -0.268671 0.339784 9.99025e+10
0 0 -1 -0.746016 -0.263474 0.352664 1.6069e+11
0.5 0.5 -1 -0.724092 -0.245934 0.403873 1.60339e+11
0 1 -1 -0.768676 -0.239124 0.410958 2.40946e+11
0.5 1.5 -1 -0.745356 -0.231759 0.45786 2.21222e+11
1.5 -1.5 -1 -0.571021 -0.25652 0.296837 3.77412e+10
1 -1 -1 -0.630432 -0.266616 0.32077 6.1253e+10
1.5 -0.5 -1 -0.595941 -0.249282 0.364554 6.09853e+10
1 0 -1 -0.663198 -0.252648 0.387339 9.94107e+10
1.5 0.5 -1 -0.627691 -0.249048 0.431497 9.34471e+10
1 1 -1 -0.696862 -0.240732 0.450448 1.50676e+11
1.5 1.5 -1 -0.664921 -0.249783 0.49005 1.32119e+11
2.5 -1.5 -1 -0.475211 -0.217512 0.30523 2.35656e+10
2 -1 -1 -0.53172 -0.236112 0.336982 3.77273e+10
2.5 -0.5 -1 -0.4826 -0.226049 0.375607 3.58996e+10
2 0 -1 -0.552412 -0.243456 0.405981 5.75766e+10
2.5 0.5 -1 -0.498846 -0.250263 0.443426 5.1467e+10
2 1 -1 -0.584328 -0.259656 0.470356 8.26176e+10
2.5 1.5 -1 -0.531466 -0.284949 0.503485 6.92115e+10
-2.25 -1.25 -0.75 -0.845452 0.00403274 0.128656 5.03466e+10
-2.25 -0.25 -0.75 -0.857402 0.00682119 0.19954 8.39611e+10
-2.25 0.75 -0.75 -0.848653 0.0069961 0.287315 1.12507e+11
-1.25 -1.25 -0.75 -0.831807 0.0973918 0.189876 4.99585e+10
-1.75 -0.75 -0.75 -0.847314 0.0537406 0.19918 6.76875e+10
-1.25 -0.25 -0.75 -0.834705 0.101726 0.271513 8.44451e+10
-1.75 0.25 -0.75 -0.844829 0.0534941 0.280122 1.02735e+11
-1.25 0.75 -0.75 -0.817311 0.0934553 0.360487 1.13318e+11
-1.75 1.25 -0.75 -0.815349 0.049198 0.376464 1.15535e+11
-0.25 -1.25 -0.75 -0.804101 0.184679 0.227437 4.3615e+10
-0.75 -0.75 -0.75 -0.819618 0.145664 0.253824 6.25595e+10
-0.25 -0.25 -0.75 -0.794629 0.189116 0.319476 7.24111e+10
-0.75 0.25 -0.75 -0.808241 0.143646 0.344715 9.65184e+10
-0.25 0.75 -0.75 -0.769313 0.176376 0.417178 1.00403e+11
-0.75 1.25 -0.75 -0.774933 0.123984 0.437225 1.10553e+11
0.75 -1.25 -0.75 -0.769086 0.26172 0.245086 3.40455e+10
0.25 -0.75 -0.75 -0.781109 0.228843 0.285521 5.06242e+10
0.75 -0.25 -0.75 -0.746899 0.266367 0.345616 5.44003e+10
0.25 0.25 -0.75 -0.75775 0.224546 0.386014 7.70853e+10
0.75 0.75 -0.75 -0.71265 0.250134 0.452452 7.6471e+10
0.25 1.25 -0.75 -0.720254 0.201183 0.488606 9.61275e+10
1.75 -1.25 -0.75 -0.730606 0.32615 0.248372 2.4214e+10
1.25 -0.75 -0.75 -0.738023 0.299919 0.298704 3.67176e+10
1.75 -0.25 -0.75 -0.700115 0.329296 0.35392 3.71507e+10
1.25 0.25 -0.75 -0.705167 0.294536 0.406518 5.46848e+10
1.75 0.75 -0.75 -0.662517 0.308944 0.464037 5.1796e+10
1.25 1.25 -0.75 -0.66832 0.261578 0.513825 7.14636e+10
2.25 -0.75 -0.75 -0.696282 0.356064 0.298275 2.45902e+10
2.25 0.25 -0.75 -0.660264 0.346314 0.407388 3.54686e+10
2.25 1.25 -0.75 -0.615566 0.311533 0.515936 4.54724e+10
-2.5 -1 -0.5 -0.805042 -0.184566 0.15359 2.17044e+11
-2.5 0 -0.5 -0.824186 -0.194101 0.20109 3.67529e+11
-2.5 1 -0.5 -0.822225 -0.227195 0.249442 5.1103e+11
-2 -1.5 -0.5 -0.788296 -0.137167 0.166931 1.58143e+11
-1.5 -1 -0.5 -0.796813 -0.0934903 0.226029 2.10162e+11
-2 -0.5 -0.5 -0.815931 -0.141667 0.218471 2.90613e+11
-1.5 0 -0.5 -0.814713 -0.102273 0.284196 3.61114e+11
-2 0.5 -0.5 -0.823524 -0.157041 0.27132 4.49242e+11
-1.5 1 -0.5 -0.810169 -0.129663 0.338339 4.9611e+11
-2 1.5 -0.5 -0.808507 -0.207998 0.317402 5.35825e+11
-1 -1.5 -0.5 -0.772152 -0.0483298 0.22362 1.43716e+11
-0.5 -1 -0.5 -0.767641 -0.00604616 0.278189 1.77064e+11
-1 -0.5 -0.5 -0.79374 -0.052442 0.28645 2.60614e+11
-0.5 0 -0.5 -0.779551 -0.0177476 0.347065 2.98945e+11
-1 0.5 -0.5 -0.802446 -0.0705515 0.348747 4.12586e+11
-0.5 1 -0.5 -0.781438 -0.0494633 0.409767 4.32198e+11
-1 1.5 -0.5 -0.78763 -0.114351 0.398732 4.92146e+11
0 -1.5 -0.5 -0.741175 0.0369326 0.261148 1.16769e+11
0.5 -1 -0.5 -0.724767 0.0757294 0.311385 1.33378e+11
0 -0.5 -0.5 -0.751978 0.0309724 0.333831 2.02781e+11
0.5 0 -0.5 -0.726018 0.059881 0.389668 2.15293e+11
0 0.5 -0.5 -0.755523 0.00773331 0.406416 3.16144e+11
0.5 1 -0.5 -0.725162 0.0217521 0.462712 3.12137e+11
0 1.5 -0.5 -0.75522 -0.0414416 0.465384 4.22337e+11
1 -1.5 -0.5 -0.700624 0.114776 0.282077 8.65353e+10
1.5 -1 -0.5 -0.674103 0.148233 0.328729 9.22656e+10
1 -0.5 -0.5 -0.697958 0.107429 0.362753 1.41923e+11
1.5 0 -0.5 -0.663783 0.129702 0.41377 1.41716e+11
1 0.5 -0.5 -0.693063 0.0784552 0.444063 2.1392e+11
1.5 1 -0.5 -0.658083 0.085114 0.493478 1.99609e+11
1 1.5 -0.5 -0.694939 0.0223932 0.51168 2.88829e+11
2 -1.5 -0.5 -0.654624 0.181687 0.289896 5.9534e+10
2.5 -1 -0.5 -0.621925 0.208033 0.333153 5.99994e+10
2 -0.5 -0.5 -0.640229 0.173082 0.375863 9.25851e+10
2.5 0 -0.5 -0.602032 0.187966 0.421012 8.77133e+10
2 0.5 -0.5 -0.626158 0.1411 0.461467 1.33236e+11
2.5 1 -0.5 -0.58177 0.142176 0.504725 1.16911e+11
2 1.5 -0.5 -0.617732 0.0802781 0.536466 1.72434e+11
-2.25 -0.75 -0.25 -0.8281 -0.25902 0.139491 7.06518e+10
-2.25 0.25 -0.25 -0.837346 -0.249604 0.199466 1.11158e+11
-2.25 1.25 -0.25 -0.826218 -0.245386 0.272043 1.40825e+11
-1.75 -1.25 -0.25 -0.813774 -0.217782 0.146515 5.2028e+10
-1.25 -0.75 -0.25 -0.818948 -0.162099 0.209425 6.70025e+10
-1.75 -0.25 -0.25 -0.835155 -0.204053 0.209867 9.12143e+10
-1.25 0.25 -0.25 -0.830374 -0.151569 0.280993 1.09143e+11
-1.75 0.75 -0.25 -0.832494 -0.198123 0.277454 1.29824e+11
-1.25 1.25 -0.25 -0.81559 -0.153573 0.353725 1.37781e+11
-0.75 -1.25 -0.25 -0.795293 -0.120713 0.197111 4.60725e+10
-0.25 -0.75 -0.25 -0.788313 -0.0665713 0.25373 5.51259e+10
-0.75 -0.25 -0.25 -0.812839 -0.108982 0.27345 8.04395e+10
-0.25 0.25 -0.25 -0.795584 -0.062848 0.337985 8.94852e+10
-0.75 0.75 -0.25 -0.814035 -0.107971 0.351195 1.2017e+11
-0.25 1.25 -0.25 -0.785162 -0.0728239 0.420033 1.20221e+11
0.25 -1.25 -0.25 -0.761608 -0.0252526 0.224113 3.64529e+10
0.75 -0.75 -0.25 -0.743173 0.0236828 0.275629 4.04948e+10
0.25 -0.25 -0.25 -0.770292 -0.0186845 0.311849 6.1364e+10
0.75 0.25 -0.25 -0.741098 0.0204649 0.371415 6.34455e+10
0.25 0.75 -0.25 -0.766521 -0.0255366 0.402764 9.17182e+10
0.75 1.25 -0.25 -0.734314 0.000529472 0.464519 8.95735e+10
1.25 -1.25 -0.25 -0.717281 0.0620702 0.233075 2.63196e+10
1.75 -0.75 -0.25 -0.688922 0.103032 0.281347 2.73602e+10
1.25 -0.25 -0.25 -0.714168 0.0640672 0.329393 4.20013e+10
1.75 0.25 -0.25 -0.67996 0.0931924 0.382684 4.12417e+10
1.25 0.75 -0.25 -0.70751 0.0483266 0.429317 6.21806e+10
1.75 1.25 -0.25 -0.670916 0.0640871 0.481828 5.73917e+10
2.25 -1.25 -0.25 -0.666223 0.135874 0.230153 1.76901e+10
2.25 -0.25 -0.25 -0.654864 0.133204 0.330268 2.69301e+10
2.25 0.75 -0.25 -0.641292 0.111365 0.432474 3.8193e+10
-2.5 -1.5 0 -0.859835 0.0711364 0.125664 1.22429e+11
-2.5 -0.5 0 -0.877923 0.0269947 0.181908 2.26682e+11
-2.5 0.5 0 -0.879289 -0.0166599 0.243069 3.62491e+11
-2.5 1.5 0 -0.848438 -0.09427 0.300865 4.6832e+11
-1.5 -1.5 0 -0.857648 0.146216 0.184397 1.33369e+11
-2 -1 0 -0.869251 0.0895025 0.187655 1.78901e+11
-1.5 -0.5 0 -0.86523 0.114066 0.252613 2.4208e+11
-2 0 0 -0.874814 0.0508218 0.252343 3.07447e+11
-1.5 0.5 0 -0.858022 0.0761183 0.323794 3.77604e+11
-2 1 0 -0.861047 0.00763953 0.318736 4.34128e+11
-1.5 1.5 0 -0.82829 0.0236715 0.388719 4.54853e+11
-0.5 -1.5 0 -0.840613 0.22124 0.2258 1.26596e+11
-1 -1 0 -0.853002 0.171424 0.243455 1.79007e+11
-0.5 -0.5 0 -0.836384 0.199987 0.304768 2.2127e+11
-1 0 0 -0.848503 0.141307 0.319375 2.99588e+11
-0.5 0.5 0 -0.820832 0.166935 0.385609 3.36872e+11
-1 1 0 -0.829883 0.0974794 0.39256 4.1633e+11
-0.5 1.5 0 -0.78964 0.11169 0.456442 4.115e+11
0.5 -1.5 0 -0.814175 0.292774 0.250931 1.06119e+11
0 -1 0 -0.824566 0.250681 0.281278 1.5571e+11
0.5 -0.5 0 -0.798145 0.280619 0.338486 1.76461e+11
0 0 0 -0.808972 0.228251 0.366947 2.50456e+11
0.5 0.5 0 -0.771329 0.253297 0.429118 2.59693e+11
0 1 0 -0.781924 0.188956 0.450239 3.43396e+11
0.5 1.5 0 -0.742893 0.196092 0.508324 3.2891e+11
1.5 -1.5 0 -0.782447 0.357812 0.262305 7.99e+10
1 -1 0 -0.789353 0.32357 0.302829 1.20086e+11
1.5 -0.5 0 -0.75635 0.351574 0.356324 1.26205e+11
1 0 0 -0.762525 0.307533 0.396649 1.84646e+11
1.5 0.5 0 -0.724434 0.324883 0.452373 1.81441e+11
1 1 0 -0.732211 0.266519 0.487183 2.52874e+11
1.5 1.5 0 -0.693567 0.270465 0.53746 2.29202e+11
2.5 -1.5 0 -0.749451 0.413337 0.262959 5.51759e+10
2 -1 0 -0.752271 0.386349 0.311081 8.41336e+10
2.5 -0.5 0 -0.718983 0.408012 0.35971 8.33787e+10
2 0 0 -0.720449 0.371524 0.408629 1.24665e+11
2.5 0.5 0 -0.682861 0.384413 0.457125 1.15464e+11
2 1 0 -0.685635 0.334251 0.502466 1.66708e+11
2.5 1.5 0 -0.637969 0.342121 0.548107 1.40504e+11
-2.25 -1.25 0.25 -0.742537 -0.451587 0.146363 2.30519e+10
-2.25 -0.25 0.25 -0.758967 -0.443154 0.180559 3.87965e+10
-2.25 0.75 0.25 -0.751264 -0.434493 0.205604 5.2739e+10
-1.25 -1.25 0.25 -0.735194 -0.359872 0.216492 2.1267e+10
-1.75 -0.75 0.25 -0.754447 -0.40017 0.20665 2.99933e+10
-1.25 -0.25 0.25 -0.757811 -0.34715 0.265412 3.64942e+10
-1.75 0.25 0.25 -0.766278 -0.389182 0.242631 4.69664e+10
-1.25 0.75 0.25 -0.764801 -0.335917 0.300078 5.25652e+10
-1.75 1.25 0.25 -0.752861 -0.365112 0.266974 5.79267e+10
-0.25 -1.25 0.25 -0.705962 -0.263075 0.259476 1.73004e+10
-0.75 -0.75 0.25 -0.734758 -0.305903 0.270301 2.57651e+10
-0.25 -0.25 0.25 -0.724832 -0.255475 0.322827 2.91498e+10
-0.75 0.25 0.25 -0.752291 -0.29735 0.321349 4.135e+10
-0.25 0.75 0.25 -0.738849 -0.250758 0.373678 4.35548e+10
-0.75 1.25 0.25 -0.755578 -0.283794 0.351547 5.47254e+10
0.75 -1.25 0.25 -0.660762 -0.165572 0.279463 1.27742e+10
0.25 -0.75 0.25 -0.692515 -0.210977 0.307285 1.94966e+10
0.75 -0.25 0.25 -0.668341 -0.165887 0.355175 2.05113e+10
0.25 0.25 0.25 -0.705387 -0.210858 0.373841 3.0697e+10
0.75 0.75 0.25 -0.678276 -0.178882 0.42319 3.05118e+10
0.25 1.25 0.25 -0.716241 -0.218154 0.423134 4.30029e+10
1.75 -1.25 0.25 -0.603217 -0.0748207 0.283574 8.76275e+09
1.25 -0.75 0.25 -0.633562 -0.118884 0.323473 1.34501e+10
1.75 -0.25 0.25 -0.597886 -0.0837832 0.367871 1.33922e+10
1.25 0.25 0.25 -0.636106 -0.133093 0.402388 2.03776e+10
1.75 0.75 0.25 -0.601011 -0.108724 0.444196 1.92555e+10
1.25 1.25 0.25 -0.64993 -0.151083 0.464834 2.89028e+10
2.25 -0.75 0.25 -0.565854 -0.0376177 0.325075 8.75679e+09
2.25 0.25 0.25 -0.557657 -0.0582469 0.409074 1.26734e+10
2.25 1.25 0.25 -0.558096 -0.0879472 0.480969 1.70198e+10
-2.5 -1 0.5 -0.856887 -0.0723218 0.152527 8.75894e+10
-2.5 0 0.5 -0.86307 -0.11282 0.195584 1.49638e+11
-2.5 1 0.5 -0.848536 -0.145246 0.237143 2.17801e+11
-2 -1.5 0.5 -0.853796 -0.00596909 0.165506 6.83598e+10
-1.5 -1 0.5 -0.857815 0.0223556 0.224436 9.49477e+10
-2 -0.5 0.5 -0.863603 -0.0441594 0.21547 1.22845e+11
-1.5 0 0.5 -0.857262 -0.0115856 0.279425 1.57729e+11
-2 0.5 0.5 -0.858421 -0.0796664 0.262554 1.91914e+11
-1.5 1 0.5 -0.840516 -0.0488305 0.326072 2.2306e+11
-2 1.5 0.5 -0.824359 -0.11135 0.305831 2.53345e+11
-1 -1.5 0.5 -0.848684 0.083466 0.22247 6.97091e+10
-0.5 -1 0.5 -0.839105 0.116677 0.278722 8.87523e+10
-1 -0.5 0.5 -0.849581 0.0550537 0.284952 1.21597e+11
-0.5 0 0.5 -0.83029 0.0881903 0.345001 1.42579e+11
-1 0.5 0.5 -0.839477 0.0207092 0.341368 1.84368e+11
-0.5 1 0.5 -0.811594 0.0507655 0.399177 1.96673e+11
-1 1.5 0.5 -0.812576 -0.0225512 0.384453 2.42039e+11
0 -1.5 0.5 -0.828266 0.170645 0.262471 6.22859e+10
0.5 -1 0.5 -0.807483 0.205982 0.315348 7.28305e+10
0 -0.5 0.5 -0.81863 0.151033 0.335667 1.04008e+11
0.5 0 0.5 -0.787747 0.183922 0.392292 1.1189e+11
0 0.5 0.5 -0.80052 0.11972 0.403099 1.5262e+11
0.5 1 0.5 -0.763983 0.140739 0.457408 1.507e+11
0 1.5 0.5 -0.775311 0.0661868 0.451004 1.91961e+11
1 -1.5 0.5 -0.797694 0.251926 0.286724 4.95484e+10
1.5 -1 0.5 -0.768122 0.28652 0.336478 5.36055e+10
1 -0.5 0.5 -0.776787 0.239952 0.368968 7.86449e+10
1.5 0 0.5 -0.739973 0.266841 0.421544 7.91986e+10
1 0.5 0.5 -0.750438 0.208417 0.446746 1.11731e+11
1.5 1 0.5 -0.712913 0.224117 0.494469 1.05208e+11
1 1.5 0.5 -0.72827 0.152861 0.502697 1.4097e+11
2 -1.5 0.5 -0.761358 0.324076 0.297825 3.5762e+10
2.5 -1 0.5 -0.728004 0.353537 0.344019 3.63273e+10
2 -0.5 0.5 -0.732789 0.314983 0.386068 5.42706e+10
2.5 0 0.5 -0.695353 0.335838 0.432531 5.17435e+10
2 0.5 0.5 -0.7019 0.2854 0.469334 7.50979e+10
2.5 1 0.5 -0.658721 0.300734 0.512057 6.62959e+10
2 1.5 0.5 -0.670942 0.23737 0.535493 9.23094e+10
-2.25 -0.75 0.75 -0.697349 -0.538974 0.19643 1.8253e+10
-2.25 0.25 0.75 -0.693625 -0.540923 0.189861 2.68093e+10
-2.25 1.25 0.75 -0.688529 -0.496142 0.175789 3.45048e+10
-1.75 -1.25 0.75 -0.696281 -0.488612 0.236404 1.38214e+10
-1.25 -0.75 0.75 -0.698244 -0.438859 0.289757 1.69683e+10
-1.75 -0.25 0.75 -0.705707 -0.489927 0.250424 2.24501e+10
-1.25 0.25 0.75 -0.708979 -0.436958 0.296895 2.58008e+10
-1.75 0.75 0.75 -0.706869 -0.476054 0.235896 3.07828e+10
-1.25 1.25 0.75 -0.721781 -0.413459 0.278241 3.48905e+10
-0.75 -1.25 0.75 -0.68056 -0.388132 0.307205 1.1919e+10
-0.25 -0.75 0.75 -0.668805 -0.335971 0.35387 1.36299e+10
-0.75 -0.25 0.75 -0.693063 -0.388345 0.337545 1.94872e+10
-0.25 0.25 0.75 -0.68283 -0.339023 0.378274 2.10133e+10
-0.75 0.75 0.75 -0.71089 -0.382143 0.33476 2.81931e+10
-0.25 1.25 0.75 -0.699449 -0.332397 0.368504 2.82914e+10
0.25 -1.25 0.75 -0.644467 -0.282169 0.350215 9.18873e+09
0.75 -0.75 0.75 -0.617807 -0.231355 0.391673 9.82305e+09
0.25 -0.25 0.75 -0.648713 -0.287371 0.396015 1.45974e+10
0.75 0.25 0.75 -0.618399 -0.249131 0.434744 1.46614e+10
0.25 0.75 0.75 -0.662538 -0.298674 0.414329 2.11307e+10
0.75 1.25 0.75 -0.649828 -0.256322 0.439856 2.08505e+10
1.25 -1.25 0.75 -0.592241 -0.177011 0.371129 6.51721e+09
1.75 -0.75 0.75 -0.550827 -0.133302 0.409891 6.58802e+09
1.25 -0.25 0.75 -0.580448 -0.190906 0.431194 9.88772e+09
1.75 0.25 0.75 -0.540673 -0.160706 0.464321 9.51643e+09
1.25 0.75 0.75 -0.590099 -0.218048 0.464219 1.41867e+10
1.75 1.25 0.75 -0.563844 -0.187772 0.486199 1.31286e+10
2.25 -1.25 0.75 -0.528244 -0.0818474 0.376927 4.35871e+09
2.25 -0.25 0.75 -0.50432 -0.100471 0.444861 6.35105e+09
2.25 0.75 0.75 -0.498032 -0.134753 0.491155 8.68916e+09
-2.5 -1.5 1 -0.834536 -0.17107 0.137784 3.4546e+10
-2.5 -0.5 1 -0.840583 -0.213868 0.164138 6.02429e+10
-2.5 0.5 1 -0.835925 -0.240772 0.184051 9.49891e+10
-2.5 1.5 1 -0.813049 -0.240892 0.21974 1.44684e+11
-1.5 -1.5 1 -0.848802 -0.0687524 0.212935 3.81473e+10
-2 -1 1 -0.848233 -0.140069 0.195133 4.92536e+10
-1.5 -0.5 1 -0.850732 -0.102599 0.252795 6.50389e+10
-2 0 1 -0.848118 -0.174313 0.223496 8.0377e+10
-1.5 0.5 1 -0.843939 -0.13054 0.281135 9.86501e+10
-2 1 1 -0.835232 -0.192238 0.247085 1.2032e+11
-1.5 1.5 1 -0.823181 -0.147947 0.308065 1.44813e+11
-0.5 -1.5 1 -0.841062 0.0335687 0.270927 3.66483e+10
-1 -1 1 -0.847363 -0.0317359 0.268516 4.99853e+10
-0.5 -0.5 1 -0.835001 0.00829418 0.323552 6.03352e+10
-1 0 1 -0.8422 -0.0617286 0.308891 7.88824e+10
-0.5 0.5 1 -0.824742 -0.0207281 0.360858 8.83124e+10
-1 1 1 -0.831339 -0.0870433 0.334777 1.13817e+11
-0.5 1.5 1 -0.79884 -0.04976 0.385597 1.16729e+11
0.5 -1.5 1 -0.817132 0.131652 0.311903 3.10545e+10
0 -1 1 -0.826047 0.0738275 0.323819 4.40846e+10
0.5 -0.5 1 -0.800722 0.114373 0.375837 4.88702e+10
0 0 1 -0.81274 0.0486071 0.376132 6.69431e+10
0.5 0.5 1 -0.780073 0.0844055 0.426104 6.79588e+10
0 1 1 -0.794616 0.0155118 0.409587 8.96488e+10
0.5 1.5 1 -0.765953 0.0409698 0.451249 8.96138e+10
1.5 -1.5 1 -0.781927 0.222 0.337431 2.36226e+10
1 -1 1 -0.790419 0.172639 0.361827 3.4456e+10
1.5 -0.5 1 -0.755186 0.209328 0.411065 3.5506e+10
1 0 1 -0.766102 0.150433 0.426281 4.99984e+10
1.5 0.5 1 -0.729464 0.177472 0.470967 4.83162e+10
1 1 1 -0.747156 0.110154 0.468662 6.58875e+10
1.5 1.5 1 -0.714374 0.132907 0.50477 6.17008e+10
2.5 -1.5 1 -0.741306 0.300304 0.349599 1.64827e+10
2 -1 1 -0.747169 0.259256 0.384285 2.44668e+10
2.5 -0.5 1 -0.708679 0.289226 0.428566 2.38613e+10
2 0 1 -0.716853 0.237889 0.456268 3.44579e+10
2.5 0.5 1 -0.67555 0.261695 0.496092 3.14654e+10
2 1 1 -0.69115 0.20053 0.508929 4.41884e+10
2.5 1.5 1 -0.642425 0.217512 0.543324 3.70052e+10
-2.25 -1.25 1.25 -0.655881 -0.591137 0.231399 8.67585e+09
-2.25 -0.25 1.25 -0.645685 -0.611963 0.208002 1.30812e+10
-2.25 0.75 1.25 -0.63439 -0.608037 0.157428 1.75489e+10
-1.25 -1.25 1.25 -0.66122 -0.483611 0.332774 8.03506e+09
-1.75 -0.75 1.25 -0.661365 -0.547309 0.283621 1.06963e+10
-1.25 -0.25 1.25 -0.663544 -0.497739 0.327576 1.2371e+10
-1.75 0.25 1.25 -0.660344 -0.558111 0.249476 1.52619e+10
-1.25 0.75 1.25 -0.675332 -0.501288 0.284703 1.73187e+10
-1.75 1.25 1.25 -0.650788 -0.54776 0.202571 2.05135e+10
-0.25 -1.25 1.25 -0.641611 -0.366991 0.403344 6.54632e+09
-0.75 -0.75 1.25 -0.653807 -0.43267 0.37906 9.25583e+09
-0.25 -0.25 1.25 -0.640754 -0.38199 0.417333 1.00287e+10
-0.75 0.25 1.25 -0.664038 -0.446085 0.361965 1.35942e+10
-0.25 0.75 1.25 -0.657268 -0.394189 0.387881 1.38954e+10
-0.75 1.25 1.25 -0.677785 -0.440712 0.311996 1.79102e+10
0.75 -1.25 1.25 -0.60349 -0.246382 0.44624 4.84891e+09
0.25 -0.75 1.25 -0.619213 -0.31315 0.443863 7.0675e+09
0.75 -0.25 1.25 -0.585428 -0.266107 0.479497 7.15536e+09
0.25 0.25 1.25 -0.618186 -0.336239 0.448321 1.01398e+10
0.75 0.75 1.25 -0.597577 -0.298997 0.468514 1.00005e+10
0.25 1.25 1.25 -0.657572 -0.349365 0.407249 1.44099e+10
1.75 -1.25 1.25 -0.548993 -0.131534 0.468621 3.35361e+09
1.25 -0.75 1.25 -0.563175 -0.195353 0.483828 4.93686e+09
1.75 -0.25 1.25 -0.515942 -0.155802 0.515644 4.79811e+09
1.25 0.25 1.25 -0.54816 -0.230088 0.506324 6.95205e+09
1.75 0.75 1.25 -0.514138 -0.201194 0.523492 6.51707e+09
1.25 1.25 1.25 -0.585931 -0.268329 0.481483 9.74091e+09
2.25 -0.75 1.25 -0.496711 -0.0876449 0.502776 3.27675e+09
2.25 0.25 1.25 -0.466584 -0.124968 0.539984 4.46236e+09
2.25 1.25 1.25 -0.461666 -0.18178 0.540979 5.66113e+09
-2.5 -1 1.5 -0.812665 -0.310203 0.145532 2.48875e+10
-2.5 0 1.5 -0.810234 -0.34419 0.146761 4.00195e+10
-2.5 1 1.5 -0.804756 -0.341018 0.159999 6.36307e+10
-2 -1.5 1.5 -0.829688 -0.229635 0.185702 2.05744e+10
-1.5 -1 1.5 -0.839407 -0.190427 0.238926 2.75853e+10
-2 -0.5 1.5 -0.82971 -0.269355 0.199346 3.38779e+10
-1.5 0 1.5 -0.837319 -0.219588 0.252425 4.28293e+10
-2 0.5 1.5 -0.826989 -0.287459 0.204842 5.25237e+10
-1.5 1 1.5 -0.831245 -0.226778 0.263077 6.45842e+10
-2 1.5 1.5 -0.806933 -0.270575 0.233047 7.90086e+10
-1 -1.5 1.5 -0.842784 -0.114296 0.263023 2.14192e+10
-0.5 -1 1.5 -0.837154 -0.069672 0.314571 2.63867e+10
-1 -0.5 1.5 -0.839487 -0.14444 0.29093 3.42462e+10
-0.5 0 1.5 -0.830521 -0.0949808 0.339725 3.94136e+10
-1 0.5 1.5 -0.83586 -0.16548 0.303141 5.07637e+10
-0.5 1 1.5 -0.818739 -0.106423 0.351555 5.44286e+10
-1 1.5 1.5 -0.810865 -0.159781 0.319601 7.01303e+10
0 -1.5 1.5 -0.832879 -0.000539143 0.322886 1.94991e+10
0.5 -1 1.5 -0.813162 0.0463698 0.37192 2.21364e+10
0 -0.5 1.5 -0.821825 -0.0221986 0.363841 3.00315e+10
0.5 0 1.5 -0.795641 0.0257639 0.410545 3.13495e+10
0 0.5 1.5 -0.809437 -0.0428632 0.385533 4.13695e+10
0.5 1 1.5 -0.783832 0.000257058 0.426339 4.19422e+10
0 1.5 1.5 -0.79443 -0.060433 0.396475 5.7258e+10
1 -1.5 1.5 -0.805553 0.107431 0.36575 1.57796e+10
1.5 -1 1.5 -0.773567 0.152891 0.412454 1.66266e+10
1 -0.5 1.5 -0.783229 0.0924817 0.419337 2.31955e+10
1.5 0 1.5 -0.747907 0.13175 0.462276 2.28502e+10
1 0.5 1.5 -0.764708 0.0661013 0.451723 3.09913e+10
1.5 1 1.5 -0.734237 0.100202 0.485945 2.96853e+10
1 1.5 1.5 -0.75914 0.0359331 0.461851 4.19399e+10
2 -1.5 1.5 -0.766334 0.205124 0.393303 1.15763e+10
2.5 -1 1.5 -0.727702 0.244641 0.436098 1.15153e+10
2 -0.5 1.5 -0.735792 0.192085 0.455989 1.6449e+10
2.5 0 1.5 -0.695056 0.225311 0.49421 1.53836e+10
2 0.5 1.5 -0.711099 0.165049 0.498499 2.14282e+10
2.5 1 1.5 -0.664793 0.195516 0.531357 1.85908e+10
2 1.5 1.5 -0.689751 0.132135 0.517387 2.58573e+10
