449
-2.5 -1 -1.5 -0.805172 -0.22223 0.299247 1.10287e+11
-2.5 0 -1.5 -0.787312 -0.251056 0.326526 1.20138e+11
-2.5 1 -1.5 -0.72955 -0.355258 0.311886 8.31749e+10
-2 -1.5 -1.5 -0.785139 -0.20163 0.305061 8.19969e+10
-1.5 -1 -1.5 -0.763801 -0.173846 0.356078 8.63583e+10
-2 -0.5 -1.5 -0.785561 -0.197688 0.350546 1.12838e+11
-1.5 0 -1.5 -0.759072 -0.188882 0.394772 1.06451e+11
-2 0.5 -1.5 -0.759743 -0.255674 0.362893 1.04568e+11
-1.5 1 -1.5 -0.72653 -0.278443 0.390063 8.42218e+10
-2 1.5 -1.5 -0.682105 -0.384445 0.336566 6.23254e+10
-1 -1.5 -1.5 -0.726478 -0.165939 0.347844 5.79308e+10
-0.5 -1 -1.5 -0.692755 -0.150998 0.393271 5.7656e+10
-1 -0.5 -1.5 -0.734933 -0.160166 0.402897 8.50147e+10
-0.5 0 -1.5 -0.700694 -0.163929 0.442499 7.79462e+10
-1 0.5 -1.5 -0.727755 -0.200979 0.428156 9.21186e+10
-0.5 1 -1.5 -0.694158 -0.236595 0.450638 7.42715e+10
-1 1.5 -1.5 -0.682463 -0.318107 0.409495 6.33943e+10
0 -1.5 -1.5 -0.642208 -0.141342 0.374007 3.68945e+10
0.5 -1 -1.5 -0.593923 -0.138833 0.413525 3.48528e+10
0 -0.5 -1.5 -0.652216 -0.152119 0.434168 5.40456e+10
0.5 0 -1.5 -0.606403 -0.171535 0.467918 4.75767e+10
0 0.5 -1.5 -0.662943 -0.190145 0.471336 6.61497e+10
0.5 1 -1.5 -0.624861 -0.234739 0.492421 5.31731e+10
0 1.5 -1.5 -0.657808 -0.286318 0.467157 5.6945e+10
1 -1.5 -1.5 -0.53762 -0.118048 0.386303 2.22487e+10
1.5 -1 -1.5 -0.473797 -0.124472 0.420065 2.01585e+10
1 -0.5 -1.5 -0.537443 -0.153022 0.447907 3.11247e+10
1.5 0 -1.5 -0.473278 -0.18354 0.476525 2.64421e+10
1 0.5 -1.5 -0.556852 -0.208618 0.49455 3.96635e+10
1.5 1 -1.5 -0.503107 -0.258395 0.515512 3.18323e+10
1 1.5 -1.5 -0.581641 -0.288878 0.508234 4.08575e+10
2 -1.5 -1.5 -0.422695 -0.0915577 0.386997 1.31057e+10
2.5 -1 -1.5 -0.346222 -0.102984 0.416187 1.15759e+10
2 -0.5 -1.5 -0.400492 -0.145265 0.449364 1.74635e+10
2.5 0 -1.5 -0.319131 -0.177796 0.474241 1.46792e+10
2 0.5 -1.5 -0.401892 -0.226898 0.499916 2.1719e+10
2.5 1 -1.5 -0.320885 -0.27931 0.516411 1.74193e+10
2 1.5 -1.5 -0.436747 -0.322583 0.527236 2.45735e+10
-2.25 -0.75 -1.25 -0.751656 0.307412 0.374888 3.49836e+10
-2.25 0.25 -1.25 -0.698133 0.298915 0.449507 3.20149e+10
-2.25 1.25 -1.25 -0.68606 0.230935 0.499643 2.33281e+10
-1.75 -1.25 -1.25 -0.745631 0.342964 0.357572 3.00184e+10
-1.25 -0.75 -1.25 -0.696293 0.37797 0.420402 3.17497e+10
-1.75 -0.25 -1.25 -0.698874 0.341145 0.440076 3.49656e+10
-1.25 0.25 -1.25 -0.632549 0.362873 0.499762 3.12329e+10
-1.75 0.75 -1.25 -0.637708 0.303161 0.503401 2.61772e+10
-1.25 1.25 -1.25 -0.595154 0.28743 0.551522 2.16832e+10
-0.75 -1.25 -1.25 -0.696669 0.407413 0.38841 2.47696e+10
-0.25 -0.75 -1.25 -0.642691 0.433864 0.446353 2.48915e+10
-0.75 -0.25 -1.25 -0.636614 0.403062 0.481462 3.0819e+10
-0.25 0.25 -1.25 -0.571737 0.41516 0.535843 2.73518e+10
-0.75 0.75 -1.25 -0.561585 0.361549 0.547139 2.48408e+10
-0.25 1.25 -1.25 -0.518286 0.332683 0.58481 1.92805e+10
0.25 -1.25 -1.25 -0.652168 0.458334 0.401927 1.81731e+10
0.75 -0.75 -1.25 -0.601323 0.474663 0.453854 1.73977e+10
0.25 -0.25 -1.25 -0.586488 0.447526 0.501269 2.33681e+10
0.75 0.25 -1.25 -0.531576 0.447468 0.548447 2.0284e+10
0.25 0.75 -1.25 -0.513001 0.404314 0.576792 2.17269e+10
0.75 1.25 -1.25 -0.46123 0.376761 0.611736 1.62215e+10
1.25 -1.25 -1.25 -0.618412 0.493953 0.40081 1.21882e+10
1.75 -0.75 -1.25 -0.572306 0.50072 0.446527 1.10803e+10
1.25 -0.25 -1.25 -0.55107 0.477912 0.501108 1.55483e+10
1.75 0.25 -1.25 -0.498334 0.470731 0.544174 1.29952e+10
1.25 0.75 -1.25 -0.475596 0.435579 0.589352 1.63155e+10
1.75 1.25 -1.25 -0.414738 0.416706 0.62696 1.25799e+10
2.25 -1.25 -1.25 -0.592358 0.517051 0.38914 7.5941e+09
2.25 -0.25 -1.25 -0.523234 0.497652 0.48969 9.47241e+09
2.25 0.75 -1.25 -0.444463 0.454661 0.585007 1.0438e+10
-2.5 -1.5 -1 -0.801249 -0.328935 0.239523 2.01348e+11
-2.5 -0.5 -1 -0.814436 -0.308926 0.288332 3.02376e+11
-2.5 0.5 -1 -0.791035 -0.341964 0.321784 3.08452e+11
-2.5 1.5 -1 -0.664483 -0.472825 0.322279 1.65985e+11
-1.5 -1.5 -1 -0.760816 -0.291412 0.299097 1.51519e+11
-2 -1 -1 -0.798092 -0.290112 0.299431 2.2905e+11
-1.5 -0.5 -1 -0.786623 -0.259767 0.356996 2.42905e+11
-2 0 -1 -0.802559 -0.281592 0.347452 3.09114e+11
-1.5 0.5 -1 -0.783074 -0.265882 0.400605 2.88672e+11
-2 1 -1 -0.756261 -0.349947 0.367755 2.48274e+11
-1.5 1.5 -1 -0.696191 -0.382949 0.400613 1.75144e+11
-0.5 -1.5 -1 -0.69132 -0.268671 0.339784 9.99025e+10
-1 -1 -1 -0.746016 -0.263474 0.352664 1.6069e+11
-0.5 -0.5 -1 -0.724092 -0.245934 0.403873 1.60339e+11
-1 0 -1 -0.768676 -0.239124 0.410958 2.40946e+11
-0.5 0.5 -1 -0.745356 -0.231759 0.45786 2.21222e+11
-1 1 -1 -0.753928 -0.271632 0.442062 2.39763e+11
-0.5 1.5 -1 -0.713392 -0.302631 0.470559 1.77436e+11
0.5 -1.5 -1 -0.595941 -0.249282 0.364554 6.09853e+10
0 -1 -1 -0.663198 -0.252648 0.387339 9.94107e+10
0.5 -0.5 -1 -0.627691 -0.249048 0.431497 9.34471e+10
0 0 -1 -0.696862 -0.240732 0.450448 1.50676e+11
0.5 0.5 -1 -0.664921 -0.249783 0.49005 1.32119e+11
0 1 -1 -0.71521 -0.246217 0.493017 1.82581e+11
0.5 1.5 -1 -0.674769 -0.283964 0.518074 1.38294e+11
1.5 -1.5 -1 -0.4826 -0.226049 0.375607 3.58996e+10
1 -1 -1 -0.552412 -0.243456 0.405981 5.75766e+10
1.5 -0.5 -1 -0.498846 -0.250263 0.443426 5.1467e+10
1 0 -1 -0.584328 -0.259656 0.470356 8.26176e+10
1.5 0.5 -1 -0.531466 -0.284949 0.503485 6.92115e+10
1 1 -1 -0.627184 -0.274549 0.522434 1.08967e+11
1.5 1.5 -1 -0.582075 -0.311989 0.548016 8.59662e+10
2.5 -1.5 -1 -0.360865 -0.198635 0.374988 2.07851e+10
2 -1 -1 -0.422858 -0.227031 0.411305 3.25347e+10
2.5 -0.5 -1 -0.351561 -0.23906 0.443556 2.82885e+10
2 0 -1 -0.43361 -0.269845 0.476371 4.38792e+10
2.5 0.5 -1 -0.358087 -0.298409 0.504387 3.63428e+10
2 1 -1 -0.469311 -0.321499 0.530694 5.60597e+10
2.5 1.5 -1 -0.393859 -0.365375 0.549522 4.4087e+10
-2.25 -1.25 -0.75 -0.834705 0.101726 0.271513 8.44451e+10
-2.25 -0.25 -0.75 -0.817311 0.0934553 0.360487 1.13318e+11
-2.25 0.75 -0.75 -0.765176 0.0725089 0.454633 9.92138e+10
-1.25 -1.25 -0.75 -0.794629 0.189116 0.319476 7.24111e+10
-1.75 -0.75 -0.75 -0.808241 0.143646 0.344715 9.65184e+10
-1.25 -0.25 -0.75 -0.769313 0.176376 0.417178 1.00403e+11
-1.75 0.25 -0.75 -0.774933 0.123984 0.437225 1.10553e+11
-1.25 0.75 -0.75 -0.715479 0.146715 0.510506 9.51966e+10
-1.75 1.25 -0.75 -0.705331 0.0882495 0.524287 7.99271e+10
-0.25 -1.25 -0.75 -0.746899 0.266367 0.345616 5.44003e+10
-0.75 -0.75 -0.75 -0.75775 0.224546 0.386014 7.70853e+10
-0.25 -0.25 -0.75 -0.71265 0.250134 0.452452 7.6471e+10
-0.75 0.25 -0.75 -0.720254 0.201183 0.488606 9.61275e+10
-0.25 0.75 -0.75 -0.66924 0.21256 0.551552 8.46907e+10
-0.75 1.25 -0.75 -0.655894 0.1415 0.567095 7.23527e+10
0.75 -1.25 -0.75 -0.700115 0.329296 0.35392 3.71507e+10
0.25 -0.75 -0.75 -0.705167 0.294536 0.406518 5.46848e+10
0.75 -0.25 -0.75 -0.662517 0.308944 0.464037 5.1796e+10
0.25 0.25 -0.75 -0.66832 0.261578 0.513825 7.14636e+10
0.75 0.75 -0.75 -0.619153 0.261403 0.566348 6.10215e+10
0.25 1.25 -0.75 -0.615532 0.201173 0.599333 6.47292e+10
1.75 -1.25 -0.75 -0.659237 0.37483 0.347786 2.35946e+10
1.25 -0.75 -0.75 -0.660264 0.346314 0.407388 3.54686e+10
1.75 -0.25 -0.75 -0.615212 0.352495 0.457435 3.15996e+10
1.25 0.25 -0.75 -0.615566 0.311533 0.515936 4.54724e+10
1.75 0.75 -0.75 -0.559692 0.305863 0.563543 3.71576e+10
1.25 1.25 -0.75 -0.560526 0.253384 0.6124 4.76205e+10
2.25 -0.75 -0.75 -0.616787 0.383505 0.39564 2.12508e+10
2.25 0.25 -0.75 -0.562264 0.349939 0.504946 2.64378e+10
2.25 1.25 -0.75 -0.507129 0.290631 0.607237 2.97226e+10
-2.5 -1 -0.5 -0.814713 -0.102273 0.284196 3.61114e+11
-2.5 0 -0.5 -0.810169 -0.129663 0.338339 4.9611e+11
-2.5 1 -0.5 -0.76886 -0.199513 0.374693 4.5337e+11
-2 -1.5 -0.5 -0.79374 -0.052442 0.28645 2.60614e+11
-1.5 -1 -0.5 -0.779551 -0.0177476 0.347065 2.98945e+11
-2 -0.5 -0.5 -0.802446 -0.0705515 0.348747 4.12586e+11
-1.5 0 -0.5 -0.781438 -0.0494633 0.409767 4.32198e+11
-2 0.5 -0.5 -0.78763 -0.114351 0.398732 4.92146e+11
-1.5 1 -0.5 -0.755546 -0.115035 0.45091 4.39949e+11
-2 1.5 -0.5 -0.680948 -0.207742 0.422442 3.09994e+11
-1 -1.5 -0.5 -0.751978 0.0309724 0.333831 2.02781e+11
-0.5 -1 -0.5 -0.726018 0.059881 0.389668 2.15293e+11
-1 -0.5 -0.5 -0.755523 0.00773331 0.406416 3.16144e+11
-0.5 0 -0.5 -0.725162 0.0217521 0.462712 3.12137e+11
-1 0.5 -0.5 -0.75522 -0.0414416 0.465384 4.22337e+11
-0.5 1 -0.5 -0.731956 -0.0459789 0.511019 3.84265e+11
-1 1.5 -0.5 -0.705238 -0.128612 0.490092 3.29777e+11
0 -1.5 -0.5 -0.697958 0.107429 0.362753 1.41923e+11
0.5 -1 -0.5 -0.663783 0.129702 0.41377 1.41716e+11
0 -0.5 -0.5 -0.693063 0.0784552 0.444063 2.1392e+11
0.5 0 -0.5 -0.658083 0.085114 0.493478 1.99609e+11
0 0.5 -0.5 -0.694939 0.0223932 0.51168 2.88829e+11
0.5 1 -0.5 -0.663129 0.0106212 0.551694 2.45983e+11
0 1.5 -0.5 -0.6939 -0.0646072 0.543629 2.94927e+11
1 -1.5 -0.5 -0.640229 0.173082 0.375863 9.25851e+10
1.5 -1 -0.5 -0.602032 0.187966 0.421012 8.77133e+10
1 -0.5 -0.5 -0.626158 0.1411 0.461467 1.33236e+11
1.5 0 -0.5 -0.58177 0.142176 0.504725 1.16911e+11
1 0.5 -0.5 -0.617732 0.0802781 0.536466 1.72434e+11
1.5 1 -0.5 -0.568493 0.0627974 0.573597 1.39404e+11
1 1.5 -0.5 -0.622948 -0.0169097 0.582882 1.94269e+11
2 -1.5 -0.5 -0.584411 0.225132 0.375554 5.72349e+10
2.5 -1 -0.5 -0.539999 0.233051 0.416323 5.15778e+10
2 -0.5 -0.5 -0.556768 0.193227 0.463252 7.80763e+10
2.5 0 -0.5 -0.502887 0.188349 0.502989 6.59549e+10
2 0.5 -0.5 -0.528126 0.132292 0.544092 9.67367e+10
2.5 1 -0.5 -0.472982 0.114072 0.579017 7.80384e+10
2 1.5 -0.5 -0.51959 0.0353157 0.605071 1.09879e+11
-2.25 -0.75 -0.25 -0.830374 -0.151569 0.280993 1.09143e+11
-2.25 0.25 -0.25 -0.81559 -0.153573 0.353725 1.37781e+11
-2.25 1.25 -0.25 -0.74569 -0.151816 0.436981 1.1303e+11
-1.75 -1.25 -0.25 -0.812839 -0.108982 0.27345 8.04395e+10
-1.25 -0.75 -0.25 -0.795584 -0.062848 0.337985 8.94852e+10
-1.75 -0.25 -0.25 -0.814035 -0.107971 0.351195 1.2017e+11
-1.25 0.25 -0.25 -0.785162 -0.0728239 0.420033 1.20221e+11
-1.75 0.75 -0.25 -0.777594 -0.116762 0.427044 1.25584e+11
-1.25 1.25 -0.25 -0.727192 -0.0758384 0.498977 1.05502e+11
-0.75 -1.25 -0.25 -0.770292 -0.0186845 0.311849 6.1364e+10
-0.25 -0.75 -0.25 -0.741098 0.0204649 0.371415 6.34455e+10
-0.75 -0.25 -0.25 -0.766521 -0.0255366 0.402764 9.17182e+10
-0.25 0.25 -0.25 -0.734314 0.000529472 0.464519 8.95735e+10
-0.75 0.75 -0.25 -0.755063 -0.0474739 0.485039 1.15328e+11
-0.25 1.25 -0.25 -0.709799 -0.021042 0.543458 9.78272e+10
0.25 -1.25 -0.25 -0.714168 0.0640672 0.329393 4.20013e+10
0.75 -0.75 -0.25 -0.67996 0.0931924 0.382684 4.12417e+10
0.25 -0.25 -0.25 -0.70751 0.0483266 0.429317 6.21806e+10
0.75 0.25 -0.25 -0.670916 0.0640871 0.481828 5.73917e+10
0.25 0.75 -0.25 -0.701831 0.0175326 0.519768 8.28383e+10
0.75 1.25 -0.25 -0.65074 0.021857 0.56666 6.7203e+10
1.25 -1.25 -0.25 -0.654864 0.133204 0.330268 2.69301e+10
1.75 -0.75 -0.25 -0.615287 0.152646 0.37736 2.50373e+10
1.25 -0.25 -0.25 -0.641292 0.111365 0.432474 3.8193e+10
1.75 0.25 -0.25 -0.589647 0.118848 0.479548 3.27724e+10
1.25 0.75 -0.25 -0.620915 0.069348 0.529553 4.83515e+10
1.75 1.25 -0.25 -0.568938 0.0614193 0.571725 3.92212e+10
2.25 -1.25 -0.25 -0.593277 0.18678 0.319833 1.63082e+10
2.25 -0.25 -0.25 -0.563825 0.161546 0.423313 2.17965e+10
2.25 0.75 -0.25 -0.533364 0.112647 0.523394 2.69731e+10
-2.5 -1.5 0 -0.86523 0.114066 0.252613 2.4208e+11
-2.5 -0.5 0 -0.858022 0.0761183 0.323794 3.77604e+11
-2.5 0.5 0 -0.82829 0.0236715 0.388719 4.54853e+11
-2.5 1.5 0 -0.710684 -0.155074 0.402736 3.88578e+11
-1.5 -1.5 0 -0.836384 0.199987 0.304768 2.2127e+11
-2 -1 0 -0.848503 0.141307 0.319375 2.99588e+11
-1.5 -0.5 0 -0.820832 0.166935 0.385609 3.36872e+11
-2 0 0 -0.829883 0.0974794 0.39256 4.1633e+11
-1.5 0.5 0 -0.78964 0.11169 0.456442 4.115e+11
-2 1 0 -0.781741 0.0211773 0.447461 4.2553e+11
-1.5 1.5 0 -0.730575 -0.031689 0.487255 3.93282e+11
-0.5 -1.5 0 -0.798145 0.280619 0.338486 1.76461e+11
-1 -1 0 -0.808972 0.228251 0.366947 2.50456e+11
-0.5 -0.5 0 -0.771329 0.253297 0.429118 2.59693e+11
-1 0 0 -0.781924 0.188956 0.450239 3.43396e+11
-0.5 0.5 0 -0.742893 0.196092 0.508324 3.2891e+11
-1 1 0 -0.751331 0.0977867 0.50845 3.88705e+11
-0.5 1.5 0 -0.721722 0.0313244 0.536537 3.61682e+11
0.5 -1.5 0 -0.75635 0.351574 0.356324 1.26205e+11
0 -1 0 -0.762525 0.307533 0.396649 1.84646e+11
0.5 -0.5 0 -0.724434 0.324883 0.452373 1.81441e+11
0 0 0 -0.732211 0.266519 0.487183 2.52874e+11
0.5 0.5 0 -0.693567 0.270465 0.53746 2.29202e+11
0 1 0 -0.705824 0.188418 0.554899 2.90567e+11
0.5 1.5 0 -0.663298 0.169725 0.589483 2.31023e+11
1.5 -1.5 0 -0.718983 0.408012 0.35971 8.33787e+10
1 -1 0 -0.720449 0.371524 0.408629 1.24665e+11
1.5 -0.5 0 -0.682861 0.384413 0.457125 1.15464e+11
1 0 0 -0.685635 0.334251 0.502466 1.66708e+11
1.5 0.5 0 -0.637969 0.342121 0.548107 1.40504e+11
1 1 0 -0.645016 0.272855 0.581025 1.87886e+11
1.5 1.5 0 -0.598502 0.26434 0.618343 1.47265e+11
2.5 -1.5 0 -0.685627 0.452915 0.352156 5.13152e+10
2 -1 0 -0.683423 0.423219 0.406086 7.76804e+10
2.5 -0.5 0 -0.641919 0.434562 0.450802 6.77368e+10
2 0 0 -0.638012 0.394464 0.502702 9.92384e+10
2.5 0.5 0 -0.591714 0.395975 0.545562 8.13743e+10
2 1 0 -0.590092 0.340078 0.589473 1.12718e+11
2.5 1.5 0 -0.54425 0.330951 0.626172 8.91015e+10
-2.25 -1.25 0.25 -0.757811 -0.34715 0.265412 3.64942e+10
-2.25 -0.25 0.25 -0.764801 -0.335917 0.300078 5.25652e+10
-2.25 0.75 0.25 -0.740753 -0.306229 0.323104 5.79188e+10
-1.25 -1.25 0.25 -0.724832 -0.255475 0.322827 2.91498e+10
-1.75 -0.75 0.25 -0.752291 -0.29735 0.321349 4.135e+10
-1.25 -0.25 0.25 -0.738849 -0.250758 0.373678 4.35548e+10
-1.75 0.25 0.25 -0.755578 -0.283794 0.351547 5.47254e+10
-1.25 0.75 0.25 -0.738072 -0.238262 0.401589 5.44642e+10
-1.75 1.25 0.25 -0.719779 -0.242239 0.386304 5.45255e+10
-0.25 -1.25 0.25 -0.668341 -0.165887 0.355175 2.05113e+10
-0.75 -0.75 0.25 -0.705387 -0.210858 0.373841 3.0697e+10
-0.25 -0.25 0.25 -0.678276 -0.178882 0.42319 3.05118e+10
-0.75 0.25 0.25 -0.716241 -0.218154 0.423134 4.30029e+10
-0.25 0.75 0.25 -0.694772 -0.172917 0.463585 4.14628e+10
-0.75 1.25 0.25 -0.712708 -0.184754 0.444117 4.98054e+10
0.75 -1.25 0.25 -0.597886 -0.0837832 0.367871 1.33922e+10
0.25 -0.75 0.25 -0.636106 -0.133093 0.402388 2.03776e+10
0.75 -0.25 0.25 -0.601011 -0.108724 0.444196 1.92555e+10
0.25 0.25 0.25 -0.64993 -0.151083 0.464834 2.89028e+10
0.75 0.75 0.25 -0.617807 -0.122867 0.499289 2.57257e+10
0.25 1.25 0.25 -0.669759 -0.137248 0.496826 3.69019e+10
1.75 -1.25 0.25 -0.522747 -0.0104022 0.36529 8.31945e+09
1.25 -0.75 0.25 -0.557657 -0.0582469 0.409074 1.26734e+10
1.75 -0.25 0.25 -0.507644 -0.0398658 0.447376 1.12574e+10
1.25 0.25 0.25 -0.558096 -0.0879472 0.480969 1.70198e+10
1.75 0.75 0.25 -0.505044 -0.0897375 0.516892 1.42581e+10
1.25 1.25 0.25 -0.585039 -0.119217 0.534214 2.2048e+10
2.25 -0.75 0.25 -0.469568 0.00813451 0.404336 7.45938e+09
2.25 0.25 0.25 -0.446841 -0.0387146 0.485315 9.51781e+09
2.25 1.25 0.25 -0.443299 -0.0997816 0.547406 1.15034e+10
-2.5 -1 0.5 -0.857262 -0.0115856 0.279425 1.57729e+11
-2.5 0 0.5 -0.840516 -0.0488305 0.326072 2.2306e+11
-2.5 1 0.5 -0.788826 -0.0848141 0.372836 2.7726e+11
-2 -1.5 0.5 -0.849581 0.0550537 0.284952 1.21597e+11
-1.5 -1 0.5 -0.83029 0.0881903 0.345001 1.42579e+11
-2 -0.5 0.5 -0.839477 0.0207092 0.341368 1.84368e+11
-1.5 0 0.5 -0.811594 0.0507655 0.399177 1.96673e+11
-2 0.5 0.5 -0.812576 -0.0225512 0.384453 2.42039e+11
-1.5 1 0.5 -0.769876 -0.02481 0.433504 2.39358e+11
-2 1.5 0.5 -0.722303 -0.133987 0.414922 2.7872e+11
-1 -1.5 0.5 -0.81863 0.151033 0.335667 1.04008e+11
-0.5 -1 0.5 -0.787747 0.183922 0.392292 1.1189e+11
-1 -0.5 0.5 -0.80052 0.11972 0.403099 1.5262e+11
-0.5 0 0.5 -0.763983 0.140739 0.457408 1.507e+11
-1 0.5 0.5 -0.775311 0.0661868 0.451004 1.91961e+11
-0.5 1 0.5 -0.738296 0.0743602 0.494345 1.84887e+11
-1 1.5 0.5 -0.728016 -0.0621521 0.472602 2.55218e+11
0 -1.5 0.5 -0.776787 0.239952 0.368968 7.86449e+10
0.5 -1 0.5 -0.739973 0.266841 0.421544 7.91986e+10
0 -0.5 0.5 -0.750438 0.208417 0.446746 1.11731e+11
0.5 0 0.5 -0.712913 0.224117 0.494469 1.05208e+11
0 0.5 0.5 -0.72827 0.152861 0.502697 1.4097e+11
0.5 1 0.5 -0.690168 0.162339 0.541037 1.26262e+11
0 1.5 0.5 -0.702261 0.0714215 0.533007 1.74949e+11
1 -1.5 0.5 -0.732789 0.314983 0.386068 5.42706e+10
1.5 -1 0.5 -0.695353 0.335838 0.432531 5.17435e+10
1 -0.5 0.5 -0.7019 0.2854 0.469334 7.50979e+10
1.5 0 0.5 -0.658721 0.300734 0.512057 6.62959e+10
1 0.5 0.5 -0.670942 0.23737 0.535493 9.23094e+10
1.5 1 0.5 -0.623401 0.238041 0.571668 7.45341e+10
1 1.5 0.5 -0.646607 0.148911 0.570316 1.007e+11
2 -1.5 0.5 -0.692002 0.376093 0.388483 3.47897e+10
2.5 -1 0.5 -0.651486 0.393783 0.430757 3.12932e+10
2 -0.5 0.5 -0.652995 0.352503 0.47546 4.61202e+10
2.5 0 0.5 -0.60568 0.362157 0.51615 3.86855e+10
2 0.5 0.5 -0.610081 0.307577 0.551534 5.46044e+10
2.5 1 0.5 -0.560376 0.306551 0.586713 4.3475e+10
2 1.5 0.5 -0.573281 0.229542 0.601957 5.78888e+10
-2.25 -0.75 0.75 -0.708979 -0.436958 0.296895 2.58008e+10
-2.25 0.25 0.75 -0.721781 -0.413459 0.278241 3.48905e+10
-2.25 1.25 0.75 -0.680041 -0.343051 0.300456 3.96897e+10
-1.75 -1.25 0.75 -0.693063 -0.388345 0.337545 1.94872e+10
-1.25 -0.75 0.75 -0.68283 -0.339023 0.378274 2.10133e+10
-1.75 -0.25 0.75 -0.71089 -0.382143 0.33476 2.81931e+10
-1.25 0.25 0.75 -0.699449 -0.332397 0.368504 2.82914e+10
-1.75 0.75 0.75 -0.710885 -0.358219 0.319713 3.57073e+10
-1.25 1.25 0.75 -0.682431 -0.29492 0.360628 3.51691e+10
-0.75 -1.25 0.75 -0.648713 -0.287371 0.396015 1.45974e+10
-0.25 -0.75 0.75 -0.618399 -0.249131 0.434744 1.46614e+10
-0.75 -0.25 0.75 -0.662538 -0.298674 0.414329 2.11307e+10
-0.25 0.25 0.75 -0.649828 -0.256322 0.439856 2.08505e+10
-0.75 0.75 0.75 -0.70908 -0.27779 0.399284 3.03085e+10
-0.25 1.25 0.75 -0.676195 -0.256479 0.423825 2.86699e+10
0.25 -1.25 0.75 -0.580448 -0.190906 0.431194 9.88772e+09
0.75 -0.75 0.75 -0.540673 -0.160706 0.464321 9.51643e+09
0.25 -0.25 0.75 -0.590099 -0.218048 0.464219 1.41867e+10
0.75 0.25 0.75 -0.563844 -0.187772 0.486199 1.31286e+10
0.25 0.75 0.75 -0.642555 -0.22177 0.462321 2.01763e+10
0.75 1.25 0.75 -0.605272 -0.199579 0.486989 1.75715e+10
1.25 -1.25 0.75 -0.50432 -0.100471 0.444861 6.35105e+09
1.75 -0.75 0.75 -0.452066 -0.0745339 0.475764 5.80894e+09
1.25 -0.25 0.75 -0.498032 -0.134753 0.491155 8.68916e+09
1.75 0.25 0.75 -0.43905 -0.124003 0.518558 7.43103e+09
1.25 0.75 0.75 -0.515609 -0.177223 0.509551 1.11387e+10
1.75 1.25 0.75 -0.481988 -0.157542 0.523431 9.61636e+09
2.25 -1.25 0.75 -0.421514 -0.0187201 0.445669 3.8844e+09
2.25 -0.25 0.75 -0.386946 -0.0615403 0.506887 5.03017e+09
2.25 0.75 0.75 -0.383708 -0.119464 0.539032 6.25914e+09
-2.5 -1.5 1 -0.850732 -0.102599 0.252795 6.50389e+10
-2.5 -0.5 1 -0.843939 -0.13054 0.281135 9.86501e+10
-2.5 0.5 1 -0.823181 -0.147947 0.308065 1.44813e+11
-2.5 1.5 1 -0.701594 -0.222532 0.347615 1.90716e+11
-1.5 -1.5 1 -0.835001 0.00829418 0.323552 6.03352e+10
-2 -1 1 -0.8422 -0.0617286 0.308891 7.88824e+10
-1.5 -0.5 1 -0.824742 -0.0207281 0.360858 8.83124e+10
-2 0 1 -0.831339 -0.0870433 0.334777 1.13817e+11
-1.5 0.5 1 -0.79884 -0.04976 0.385597 1.16729e+11
-2 1 1 -0.77446 -0.128456 0.362761 1.4851e+11
-1.5 1.5 1 -0.717432 -0.149869 0.409434 1.72186e+11
-0.5 -1.5 1 -0.800722 0.114373 0.375837 4.88702e+10
-1 -1 1 -0.81274 0.0486071 0.376132 6.69431e+10
-0.5 -0.5 1 -0.780073 0.0844055 0.426104 6.79588e+10
-1 0 1 -0.794616 0.0155118 0.409587 8.96488e+10
-0.5 0.5 1 -0.765953 0.0409698 0.451249 8.96138e+10
-1 1 1 -0.766215 -0.0250572 0.4319 1.2159e+11
-0.5 1.5 1 -0.721469 -0.00670928 0.477793 1.23602e+11
0.5 -1.5 1 -0.755186 0.209328 0.411065 3.5506e+10
0 -1 1 -0.766102 0.150433 0.426281 4.99984e+10
0.5 -0.5 1 -0.729464 0.177472 0.470967 4.83162e+10
0 0 1 -0.747156 0.110154 0.468662 6.58875e+10
0.5 0.5 1 -0.714374 0.132907 0.50477 6.17008e+10
0 1 1 -0.737793 0.0627973 0.489515 8.85737e+10
0.5 1.5 1 -0.687268 0.0641288 0.517493 7.38355e+10
1.5 -1.5 1 -0.708679 0.289226 0.428566 2.38613e+10
1 -1 1 -0.716853 0.237889 0.456268 3.44579e+10
1.5 -0.5 1 -0.67555 0.261695 0.496092 3.14654e+10
1 0 1 -0.69115 0.20053 0.508929 4.41884e+10
1.5 0.5 1 -0.642425 0.217512 0.543324 3.70052e+10
1 1 1 -0.666349 0.146221 0.536237 5.15382e+10
1.5 1.5 1 -0.621651 0.154361 0.562568 4.3678e+10
2.5 -1.5 1 -0.662279 0.35677 0.432155 1.49092e+10
2 -1 1 -0.666638 0.313837 0.468984 2.18961e+10
2.5 -0.5 1 -0.618732 0.332729 0.506978 1.88449e+10
2 0 1 -0.626681 0.27996 0.532862 2.66986e+10
2.5 0.5 1 -0.576517 0.289899 0.565327 2.17489e+10
2 1 1 -0.594111 0.225848 0.571743 3.00056e+10
2.5 1.5 1 -0.548895 0.222736 0.598825 2.43358e+10
-2.25 -1.25 1.25 -0.663544 -0.497739 0.327576 1.2371e+10
-2.25 -0.25 1.25 -0.675332 -0.501288 0.284703 1.73187e+10
-2.25 0.75 1.25 -0.651192 -0.467345 0.243696 2.14443e+10
-1.25 -1.25 1.25 -0.640754 -0.38199 0.417333 1.00287e+10
-1.75 -0.75 1.25 -0.664038 -0.446085 0.361965 1.35942e+10
-1.25 -0.25 1.25 -0.657268 -0.394189 0.387881 1.38954e+10
-1.75 0.25 1.25 -0.677785 -0.440712 0.311996 1.79102e+10
-1.25 0.75 1.25 -0.683393 -0.390495 0.338129 1.99986e+10
-1.75 1.25 1.25 -0.636257 -0.389126 0.288531 2.30576e+10
-0.25 -1.25 1.25 -0.585428 -0.266107 0.479497 7.15536e+09
-0.75 -0.75 1.25 -0.618186 -0.336239 0.448321 1.01398e+10
-0.25 -0.25 1.25 -0.597577 -0.298997 0.468514 1.00005e+10
-0.75 0.25 1.25 -0.657572 -0.349365 0.407249 1.44099e+10
-0.25 0.75 1.25 -0.657506 -0.31572 0.42316 1.49877e+10
-0.75 1.25 1.25 -0.65515 -0.346829 0.360236 1.95057e+10
0.75 -1.25 1.25 -0.515942 -0.155802 0.515644 4.79811e+09
0.25 -0.75 1.25 -0.54816 -0.230088 0.506324 6.95205e+09
0.75 -0.25 1.25 -0.514138 -0.201194 0.523492 6.51707e+09
0.25 0.25 1.25 -0.585931 -0.268329 0.481483 9.74091e+09
0.75 0.75 1.25 -0.547364 -0.247857 0.495664 8.50488e+09
0.25 1.25 1.25 -0.630244 -0.28007 0.440365 1.35066e+10
1.75 -1.25 1.25 -0.439037 -0.0534094 0.532135 3.05765e+09
1.25 -0.75 1.25 -0.466584 -0.124968 0.539984 4.46236e+09
1.75 -0.25 1.25 -0.403043 -0.103853 0.563675 3.90786e+09
1.25 0.25 1.25 -0.461666 -0.18178 0.540979 5.66113e+09
1.75 0.75 1.25 -0.417812 -0.172827 0.549369 4.91161e+09
1.25 1.25 1.25 -0.53463 -0.241665 0.504578 7.89757e+09
2.25 -0.75 1.25 -0.370247 -0.0294969 0.560678 2.7116e+09
2.25 0.25 1.25 -0.339723 -0.0963424 0.580902 3.34515e+09
2.25 1.25 1.25 -0.367359 -0.186824 0.562921 4.16657e+09
-2.5 -1 1.5 -0.837319 -0.219588 0.252425 4.28293e+10
-2.5 0 1.5 -0.831245 -0.226778 0.263077 6.45842e+10
-2.5 1 1.5 -0.7638 -0.210428 0.302154 8.82681e+10
-2 -1.5 1.5 -0.839487 -0.14444 0.29093 3.42462e+10
-1.5 -1 1.5 -0.830521 -0.0949808 0.339725 3.94136e+10
-2 -0.5 1.5 -0.83586 -0.16548 0.303141 5.07637e+10
-1.5 0 1.5 -0.818739 -0.106423 0.351555 5.44286e+10
-2 0.5 1.5 -0.810865 -0.159781 0.319601 7.01303e+10
-1.5 1 1.5 -0.774965 -0.113323 0.373224 7.60158e+10
-2 1.5 1.5 -0.697496 -0.226867 0.353761 1.11248e+11
-1 -1.5 1.5 -0.821825 -0.0221986 0.363841 3.00315e+10
-0.5 -1 1.5 -0.795641 0.0257639 0.410545 3.13495e+10
-1 -0.5 1.5 -0.809437 -0.0428632 0.385533 4.13695e+10
-0.5 0 1.5 -0.783832 0.000257058 0.426339 4.19422e+10
-1 0.5 1.5 -0.79443 -0.060433 0.396475 5.7258e+10
-0.5 1 1.5 -0.768719 -0.0214332 0.438214 6.01824e+10
-1 1.5 1.5 -0.72881 -0.0742883 0.426787 8.38967e+10
0 -1.5 1.5 -0.783229 0.0924817 0.419337 2.31955e+10
0.5 -1 1.5 -0.747907 0.13175 0.462276 2.28502e+10
0 -0.5 1.5 -0.764708 0.0661013 0.451723 3.09913e+10
0.5 0 1.5 -0.734237 0.100202 0.485945 2.96853e+10
0 0.5 1.5 -0.75914 0.0359331 0.461851 4.19399e+10
0.5 1 1.5 -0.713191 0.0665131 0.494235 3.68534e+10
0 1.5 1.5 -0.712947 -0.00745449 0.470677 5.36631e+10
1 -1.5 1.5 -0.735792 0.192085 0.455989 1.6449e+10
1.5 -1 1.5 -0.695056 0.225311 0.49421 1.53836e+10
1 -0.5 1.5 -0.711099 0.165049 0.498499 2.14282e+10
1.5 0 1.5 -0.664793 0.195516 0.531357 1.85908e+10
1 0.5 1.5 -0.689751 0.132135 0.517387 2.58573e+10
1.5 1 1.5 -0.646535 0.155071 0.543352 2.22722e+10
1 1.5 1.5 -0.673753 0.0849188 0.522248 3.31198e+10
2 -1.5 1.5 -0.685305 0.278133 0.475084 1.08116e+10
2.5 -1 1.5 -0.637369 0.306439 0.511279 9.54365e+09
2 -0.5 1.5 -0.647352 0.25438 0.529107 1.34403e+10
2.5 0 1.5 -0.5967 0.27567 0.56 1.11965e+10
2 0.5 1.5 -0.616798 0.217534 0.558923 1.55045e+10
2.5 1 1.5 -0.566624 0.227778 0.584969 1.25918e+10
2 1.5 1.5 -0.596305 0.161448 0.568424 1.82491e+10
