449
-2.5 -1 -1.5 -0.194421 -0.846051 0.170967 3.19003e+08
-2.5 0 -1.5 -0.134586 -0.843113 0.187022 2.96124e+08
-2.5 1 -1.5 -0.0749836 -0.834399 0.191988 2.62925e+08
-2 -1.5 -1.5 -0.21032 -0.850112 0.179587 4.61965e+08
-1.5 -1 -1.5 -0.158199 -0.855537 0.215476 6.3655e+08
-2 -0.5 -1.5 -0.144268 -0.849565 0.202851 4.37914e+08
-1.5 0 -1.5 -0.0879352 -0.848711 0.233056 5.84523e+08
-2 0.5 -1.5 -0.0803858 -0.841258 0.213623 3.9433e+08
-1.5 1 -1.5 -0.0203961 -0.834012 0.238554 5.08653e+08
-2 1.5 -1.5 -0.0170678 -0.82703 0.213825 3.38905e+08
-1 -1.5 -1.5 -0.178811 -0.859583 0.224351 9.01966e+08
-0.5 -1 -1.5 -0.117416 -0.861741 0.263366 1.20831e+09
-1 -0.5 -1.5 -0.0993854 -0.855952 0.24987 8.51633e+08
-0.5 0 -1.5 -0.0339973 -0.849416 0.2828 1.09903e+09
-1 0.5 -1.5 -0.0254055 -0.841688 0.261716 7.54445e+08
-0.5 1 -1.5 0.04272 -0.826498 0.289039 9.35528e+08
-1 1.5 -1.5 0.0449511 -0.819539 0.262138 6.32094e+08
0 -1.5 -1.5 -0.145479 -0.864236 0.272843 1.64658e+09
0.5 -1 -1.5 -0.0743337 -0.860541 0.315356 2.1075e+09
0 -0.5 -1.5 -0.0490632 -0.856209 0.300968 1.55604e+09
0.5 0 -1.5 0.0253199 -0.84065 0.337008 1.9088e+09
0 0.5 -1.5 0.0371916 -0.833764 0.31433 1.35765e+09
0.5 1 -1.5 0.112716 -0.806706 0.344323 1.59284e+09
0 1.5 -1.5 0.11516 -0.801044 0.315152 1.10711e+09
1 -1.5 -1.5 -0.113774 -0.859969 0.325765 2.67645e+09
1.5 -1 -1.5 -0.0332431 -0.847789 0.371076 3.16943e+09
1 -0.5 -1.5 0.00319075 -0.846026 0.356 2.5522e+09
1.5 0 -1.5 0.085506 -0.818106 0.393596 2.89099e+09
1 0.5 -1.5 0.104136 -0.812606 0.37094 2.20963e+09
1.5 1 -1.5 0.185211 -0.769589 0.401367 2.39382e+09
1 1.5 -1.5 0.19048 -0.765945 0.372112 1.76262e+09
2 -1.5 -1.5 -0.0878902 -0.841646 0.383734 3.56052e+09
2.5 -1 -1.5 0.0031682 -0.818457 0.427793 3.69859e+09
2 -0.5 -1.5 0.0530144 -0.821492 0.411943 3.46815e+09
2.5 0 -1.5 0.143378 -0.778415 0.444012 3.46626e+09
2 0.5 -1.5 0.170555 -0.774157 0.425597 3.03242e+09
2.5 1 -1.5 0.255539 -0.711392 0.447449 2.92686e+09
2 1.5 -1.5 0.265757 -0.709072 0.425635 2.41355e+09
-2.25 -0.75 -1.25 0.126992 -0.842905 0.265386 1.564e+08
-2.25 0.25 -1.25 0.189535 -0.840615 0.276989 1.58441e+08
-2.25 1.25 -1.25 0.245449 -0.836399 0.275291 1.52673e+08
-1.75 -1.25 -1.25 0.104069 -0.837157 0.282194 2.1333e+08
-1.25 -0.75 -1.25 0.156106 -0.828703 0.322421 3.05506e+08
-1.75 -0.25 -1.25 0.177416 -0.833972 0.301163 2.2292e+08
-1.25 0.25 -1.25 0.231306 -0.819815 0.333414 3.11136e+08
-1.75 0.75 -1.25 0.241575 -0.827471 0.305247 2.20063e+08
-1.25 1.25 -1.25 0.296648 -0.808821 0.33005 2.97756e+08
-0.75 -1.25 -1.25 0.122864 -0.824315 0.340141 4.03685e+08
-0.25 -0.75 -1.25 0.182195 -0.809973 0.381721 5.65602e+08
-0.75 -0.25 -1.25 0.212499 -0.813953 0.359137 4.27834e+08
-0.25 0.25 -1.25 0.273464 -0.791336 0.392127 5.81344e+08
-0.75 0.75 -1.25 0.288993 -0.799038 0.362117 4.22344e+08
-0.25 1.25 -1.25 0.350243 -0.770104 0.387642 5.52746e+08
0.25 -1.25 -1.25 0.136819 -0.806666 0.400904 7.09023e+08
0.75 -0.75 -1.25 0.205788 -0.78392 0.443415 9.51713e+08
0.25 -0.25 -1.25 0.246974 -0.786438 0.419322 7.6631e+08
0.75 0.25 -1.25 0.316758 -0.751655 0.452784 9.92268e+08
0.25 0.75 -1.25 0.338618 -0.759097 0.421543 7.58871e+08
0.75 1.25 -1.25 0.406967 -0.715374 0.447705 9.41042e+08
1.25 -1.25 -1.25 0.145993 -0.780822 0.465485 1.09627e+09
1.75 -0.75 -1.25 0.227349 -0.746654 0.507538 1.35471e+09
1.25 -0.25 -1.25 0.280957 -0.748232 0.481021 1.21152e+09
1.75 0.25 -1.25 0.361626 -0.696899 0.512636 1.43892e+09
1.25 0.75 -1.25 0.390552 -0.703408 0.481894 1.21178e+09
1.75 1.25 -1.25 0.466932 -0.63948 0.505733 1.37791e+09
2.25 -1.25 -1.25 0.151891 -0.740314 0.53593 1.36272e+09
2.25 -0.25 -1.25 0.316846 -0.694539 0.541246 1.53733e+09
2.25 0.75 -1.25 0.446915 -0.627042 0.535684 1.56959e+09
-2.5 -1.5 -1 -0.275073 -0.803373 0.103927 4.6488e+08
-2.5 -0.5 -1 -0.221447 -0.805666 0.132689 4.41356e+08
-2.5 0.5 -1 -0.166729 -0.802162 0.148979 4.00582e+08
-2.5 1.5 -1 -0.109498 -0.794158 0.154225 3.48744e+08
-1.5 -1.5 -1 -0.250369 -0.820708 0.142929 9.59328e+08
-2 -1 -1 -0.233979 -0.81363 0.139855 6.56758e+08
-1.5 -0.5 -1 -0.186989 -0.821312 0.174397 9.0583e+08
-2 0 -1 -0.175954 -0.811389 0.163267 6.06011e+08
-1.5 0.5 -1 -0.124582 -0.813496 0.192254 8.09173e+08
-2 1 -1 -0.116859 -0.803053 0.174387 5.33387e+08
-1.5 1.5 -1 -0.0614274 -0.799169 0.198278 6.87916e+08
-0.5 -1.5 -1 -0.222301 -0.837398 0.184834 1.90179e+09
-1 -1 -1 -0.201563 -0.830628 0.181817 1.3305e+09
-0.5 -0.5 -1 -0.146004 -0.835766 0.219336 1.79104e+09
-1 0 -1 -0.133679 -0.824785 0.207442 1.21413e+09
-0.5 0.5 -1 -0.0742013 -0.822082 0.239086 1.57204e+09
-1 1 -1 -0.0673173 -0.810129 0.219779 1.04542e+09
-0.5 1.5 -1 -0.00485962 -0.799179 0.246155 1.29909e+09
0.5 -1.5 -1 -0.192606 -0.849102 0.23005 3.5266e+09
0 -1 -1 -0.164404 -0.844694 0.227122 2.56954e+09
0.5 -0.5 -1 -0.0998366 -0.844434 0.268171 3.33527e+09
0 0 -1 -0.084029 -0.834026 0.255533 2.32363e+09
0.5 0.5 -1 -0.0168356 -0.822998 0.290557 2.88158e+09
0 1 -1 -0.00948892 -0.810944 0.269583 1.95249e+09
0.5 1.5 -1 0.0586399 -0.788967 0.299146 2.30957e+09
1.5 -1.5 -1 -0.165696 -0.851066 0.278916 5.8068e+09
1 -1 -1 -0.125655 -0.851116 0.276038 4.56142e+09
1.5 -0.5 -1 -0.0534871 -0.84227 0.32045 5.57575e+09
1 0 -1 -0.0300808 -0.834064 0.307932 4.11878e+09
1.5 0.5 -1 0.042365 -0.810949 0.345965 4.79137e+09
1 1 -1 0.0534221 -0.80014 0.324375 3.38734e+09
1.5 1.5 -1 0.123663 -0.762998 0.356402 3.74745e+09
2.5 -1.5 -1 -0.147916 -0.836938 0.33103 7.74223e+09
2 -1 -1 -0.0913756 -0.844875 0.32775 6.95209e+09
2.5 -0.5 -1 -0.0145222 -0.824417 0.372276 7.67169e+09
2 0 -1 0.021108 -0.819884 0.362166 6.36381e+09
2.5 0.5 -1 0.0942646 -0.781562 0.398636 6.71204e+09
2 1 -1 0.114012 -0.772613 0.380942 5.20595e+09
2.5 1.5 -1 0.180302 -0.716914 0.410297 5.25523e+09
-2.25 -1.25 -0.75 0.122148 -0.819081 0.175101 2.07035e+08
-2.25 -0.25 -0.75 0.181471 -0.825929 0.198567 2.1538e+08
-2.25 0.75 -0.75 0.233655 -0.829275 0.207353 2.13702e+08
-1.25 -1.25 -0.75 0.141985 -0.814551 0.22796 4.14563e+08
-1.75 -0.75 -0.75 0.166346 -0.819861 0.215172 3.0282e+08
-1.25 -0.25 -0.75 0.21322 -0.81663 0.252321 4.35936e+08
-1.75 0.25 -0.75 0.226681 -0.822293 0.231134 3.08179e+08
-1.25 0.75 -0.75 0.274519 -0.8142 0.260419 4.31984e+08
-1.75 1.25 -0.75 0.279832 -0.821819 0.232537 2.9778e+08
-0.25 -1.25 -0.75 0.157774 -0.80833 0.283745 7.9449e+08
-0.75 -0.75 -0.75 0.191184 -0.812251 0.27011 5.99992e+08
-0.25 -0.25 -0.75 0.244634 -0.803333 0.308913 8.49414e+08
-0.75 0.25 -0.75 0.263535 -0.8079 0.286161 6.14487e+08
-0.25 0.75 -0.75 0.317619 -0.792036 0.316746 8.41812e+08
-0.75 1.25 -0.75 0.325499 -0.800148 0.286598 5.89267e+08
0.75 -1.25 -0.75 0.170883 -0.796987 0.342781 1.41137e+09
0.25 -0.75 -0.75 0.214864 -0.800299 0.327851 1.12655e+09
0.75 -0.25 -0.75 0.277169 -0.782382 0.368265 1.54455e+09
0.25 0.25 -0.75 0.302509 -0.785955 0.344272 1.16636e+09
0.75 0.75 -0.75 0.364341 -0.758104 0.376618 1.53628e+09
0.25 1.25 -0.75 0.375205 -0.767273 0.344683 1.11e+09
1.75 -1.25 -0.75 0.182688 -0.775806 0.406387 2.19996e+09
1.25 -0.75 -0.75 0.238226 -0.7803 0.388458 1.91915e+09
1.75 -0.25 -0.75 0.311194 -0.749452 0.429842 2.47118e+09
1.25 0.25 -0.75 0.344068 -0.752216 0.405143 2.0211e+09
1.75 0.75 -0.75 0.414233 -0.707416 0.438676 2.48737e+09
1.25 1.25 -0.75 0.428938 -0.717767 0.406633 1.91708e+09
2.25 -0.75 -0.75 0.263174 -0.746461 0.452416 2.75009e+09
2.25 0.25 -0.75 0.388555 -0.701511 0.466261 2.95884e+09
2.25 1.25 -0.75 0.485643 -0.645912 0.468284 2.83954e+09
-2.5 -1 -0.5 -0.310234 -0.74721 0.0617792 6.72409e+08
-2.5 0 -0.5 -0.262676 -0.746323 0.091541 6.24154e+08
-2.5 1 -0.5 -0.211179 -0.741362 0.108733 5.55587e+08
-2 -1.5 -0.5 -0.323794 -0.757395 0.059457 1.00237e+09
-1.5 -1 -0.5 -0.287048 -0.771487 0.0992659 1.42314e+09
-2 -0.5 -0.5 -0.274236 -0.758638 0.0975071 9.48992e+08
-1.5 0 -0.5 -0.232741 -0.768231 0.131822 1.30715e+09
-2 0.5 -0.5 -0.222001 -0.753889 0.121968 8.56064e+08
-1.5 1 -0.5 -0.175783 -0.75852 0.150812 1.1413e+09
-2 1.5 -0.5 -0.16577 -0.744561 0.133998 7.38923e+08
-1 -1.5 -0.5 -0.302754 -0.783002 0.0962211 2.09287e+09
-0.5 -1 -0.5 -0.258563 -0.797439 0.139072 2.92423e+09
-1 -0.5 -0.5 -0.244351 -0.783327 0.137734 1.97281e+09
-0.5 0 -0.5 -0.19544 -0.791279 0.174712 2.65709e+09
-1 0.5 -0.5 -0.185359 -0.774406 0.164563 1.7502e+09
-0.5 1 -0.5 -0.132328 -0.775172 0.195856 2.2656e+09
-1 1.5 -0.5 -0.124088 -0.758307 0.17818 1.47242e+09
0 -1.5 -0.5 -0.278136 -0.807976 0.135164 4.20748e+09
0.5 -1 -0.5 -0.225422 -0.820674 0.181423 5.74454e+09
0 -0.5 -0.5 -0.207811 -0.807516 0.180598 3.9659e+09
0.5 0 -0.5 -0.151163 -0.811029 0.220893 5.18188e+09
0 0.5 -0.5 -0.140751 -0.793251 0.210327 3.45479e+09
0.5 1 -0.5 -0.081686 -0.786783 0.244915 4.30403e+09
0 1.5 -0.5 -0.0747513 -0.768185 0.226079 2.81719e+09
1 -1.5 -0.5 -0.252351 -0.827501 0.176441 7.91752e+09
1.5 -1 -0.5 -0.191731 -0.835756 0.226393 1.0383e+10
1 -0.5 -0.5 -0.166675 -0.826216 0.226591 7.53514e+09
1.5 0 -0.5 -0.104054 -0.82194 0.270709 9.40018e+09
1 0.5 -0.5 -0.0903754 -0.805416 0.260193 6.46662e+09
1.5 1 -0.5 -0.0284181 -0.788062 0.298575 7.64116e+09
1 1.5 -0.5 -0.0207383 -0.769296 0.278791 5.09922e+09
2 -1.5 -0.5 -0.230876 -0.836155 0.220019 1.3208e+10
2.5 -1 -0.5 -0.165539 -0.83673 0.272584 1.60763e+10
2 -0.5 -0.5 -0.127516 -0.833479 0.275028 1.28688e+10
2.5 0 -0.5 -0.0637626 -0.81813 0.321321 1.48916e+10
2 0.5 -0.5 -0.0410536 -0.805256 0.313452 1.10414e+10
2.5 1 -0.5 0.0175711 -0.774113 0.353643 1.21107e+10
2 1.5 -0.5 0.0305977 -0.756696 0.335575 8.48902e+09
-2.25 -0.75 -0.25 0.175793 -0.787178 0.0994652 2.91157e+08
-2.25 0.25 -0.25 0.225793 -0.800165 0.121618 2.97022e+08
-2.25 1.25 -0.25 0.269942 -0.809629 0.129021 2.90286e+08
-1.75 -1.25 -0.25 0.156358 -0.780631 0.106734 4.07962e+08
-1.25 -0.75 -0.25 0.196418 -0.789367 0.149919 6.02261e+08
-1.75 -0.25 -0.25 0.214348 -0.79418 0.137677 4.27192e+08
-1.25 0.25 -0.25 0.254583 -0.797945 0.17302 6.16945e+08
-1.75 0.75 -0.25 0.26446 -0.803196 0.152305 4.2625e+08
-1.25 1.25 -0.25 0.304992 -0.802291 0.179915 5.98939e+08
-0.75 -1.25 -0.25 0.170129 -0.785052 0.157391 8.25918e+08
-0.25 -0.75 -0.25 0.215508 -0.791099 0.203238 1.20826e+09
-0.75 -0.25 -0.25 0.23895 -0.793985 0.190332 8.75613e+08
-0.25 0.25 -0.25 0.284613 -0.792749 0.227608 1.24682e+09
-0.75 0.75 -0.25 0.297333 -0.796858 0.205238 8.72692e+08
-0.25 1.25 -0.25 0.343087 -0.789193 0.234647 1.20015e+09
0.25 -1.25 -0.25 0.181734 -0.788068 0.210858 1.60111e+09
0.75 -0.75 -0.25 0.234923 -0.788661 0.259333 2.29963e+09
0.25 -0.25 -0.25 0.264681 -0.790211 0.245973 1.73019e+09
0.75 0.25 -0.25 0.317747 -0.780245 0.285675 2.4026e+09
0.25 0.75 -0.25 0.333701 -0.783765 0.261968 1.72446e+09
0.75 1.25 -0.25 0.385951 -0.765077 0.294305 2.29135e+09
1.25 -1.25 -0.25 0.192761 -0.785632 0.267479 2.87688e+09
1.75 -0.75 -0.25 0.255793 -0.777533 0.318402 3.97009e+09
1.25 -0.25 -0.25 0.292612 -0.778738 0.304621 3.19434e+09
1.75 0.25 -0.25 0.353992 -0.7557 0.347224 4.2296e+09
1.25 0.75 -0.25 0.374178 -0.758974 0.323092 3.19529e+09
1.75 1.25 -0.25 0.432636 -0.724411 0.359255 4.01467e+09
2.25 -1.25 -0.25 0.206063 -0.772166 0.328807 4.53461e+09
2.25 -0.25 -0.25 0.32314 -0.754341 0.365983 5.18239e+09
2.25 0.75 -0.25 0.417422 -0.717236 0.38775 5.25359e+09
-2.5 -1.5 0 -0.40083 -0.67659 -0.0245291 1.06766e+09
-2.5 -0.5 0 -0.362738 -0.674786 0.0199424 1.01457e+09
-2.5 0.5 0 -0.319143 -0.669087 0.0508409 9.23632e+08
-2.5 1.5 0 -0.269318 -0.660751 0.0687725 8.08015e+08
-1.5 -1.5 0 -0.386346 -0.707862 0.00909813 2.30854e+09
-2 -1 0 -0.374329 -0.691402 0.0171678 1.54343e+09
-1.5 -0.5 0 -0.342883 -0.705765 0.0577542 2.18416e+09
-2 0 0 -0.33137 -0.686592 0.0566078 1.42822e+09
-1.5 0.5 0 -0.294805 -0.69717 0.0917327 1.96063e+09
-2 1 0 -0.282728 -0.677644 0.08216 1.26365e+09
-1.5 1.5 0 -0.241097 -0.6838 0.111799 1.67899e+09
-0.5 -1.5 0 -0.367881 -0.742272 0.0438573 4.864e+09
-1 -1 0 -0.35451 -0.725131 0.053672 3.29412e+09
-0.5 -0.5 0 -0.316775 -0.740611 0.0969012 4.59118e+09
-1 0 0 -0.305898 -0.718617 0.0968373 3.01736e+09
-0.5 0.5 0 -0.263218 -0.728424 0.134285 4.05152e+09
-1 1 0 -0.25277 -0.705021 0.12515 2.61575e+09
-0.5 1.5 0 -0.205664 -0.708158 0.157024 3.37491e+09
0.5 -1.5 0 -0.34582 -0.77577 0.0797642 9.88857e+09
0 -1 0 -0.329088 -0.760806 0.0913923 6.85227e+09
0.5 -0.5 0 -0.284056 -0.775605 0.137721 9.37358e+09
0 0 0 -0.273104 -0.752717 0.138665 6.21758e+09
0.5 0.5 0 -0.224277 -0.759316 0.179138 8.12581e+09
0 1 0 -0.215417 -0.73313 0.17028 5.25659e+09
0.5 1.5 0 -0.164065 -0.730258 0.205281 6.54475e+09
1.5 -1.5 0 -0.323328 -0.80296 0.117047 1.88183e+10
1 -1 0 -0.299242 -0.793734 0.13075 1.36641e+10
1.5 -0.5 0 -0.247329 -0.805247 0.18089 1.8151e+10
1 0 0 -0.233807 -0.784456 0.182974 1.23543e+10
1.5 0.5 0 -0.180628 -0.784789 0.22745 1.55472e+10
1 1 0 -0.172197 -0.75788 0.218724 1.01677e+10
1.5 1.5 0 -0.119961 -0.745864 0.257816 1.20876e+10
2.5 -1.5 0 -0.306888 -0.817964 0.155538 3.17262e+10
2 -1 0 -0.270032 -0.817632 0.171824 2.50818e+10
2.5 -0.5 0 -0.214548 -0.822513 0.225697 3.16239e+10
2 0 0 -0.192804 -0.807687 0.230297 2.29401e+10
2.5 0.5 0 -0.139819 -0.79874 0.278761 2.73133e+10
2 1 0 -0.128124 -0.774156 0.271314 1.85197e+10
2.5 1.5 0 -0.0809775 -0.750794 0.314214 2.07411e+10
-2.25 -1.25 0.25 0.155528 -0.726666 -0.0202491 3.96912e+08
-2.25 -0.25 0.25 0.206838 -0.750049 0.0176781 4.15511e+08
-2.25 0.75 0.25 0.251241 -0.76919 0.0393156 4.18291e+08
-1.25 -1.25 0.25 0.164755 -0.740674 0.0263435 8.32838e+08
-1.75 -0.75 0.25 0.188871 -0.744929 0.0247271 5.94507e+08
-1.25 -0.25 0.25 0.222932 -0.761313 0.0674247 8.79642e+08
-1.75 0.25 0.25 0.239361 -0.764585 0.0554179 6.11321e+08
-1.25 0.75 0.25 0.272782 -0.776257 0.0901772 8.84653e+08
-1.75 1.25 0.25 0.283149 -0.779581 0.0694332 6.01726e+08
-0.25 -1.25 0.25 0.171457 -0.757161 0.0751054 1.70066e+09
-0.75 -0.75 0.25 0.200807 -0.759127 0.0743373 1.24049e+09
-0.25 -0.25 0.25 0.238916 -0.773335 0.119729 1.82154e+09
-0.75 0.25 0.25 0.258462 -0.774153 0.107275 1.28193e+09
-0.25 0.75 0.25 0.296139 -0.781585 0.144145 1.82985e+09
-0.75 1.25 0.25 0.307974 -0.783312 0.12191 1.25295e+09
0.75 -1.25 0.25 0.177407 -0.77264 0.126346 3.33078e+09
0.25 -0.75 0.25 0.212481 -0.773377 0.126399 2.51545e+09
0.75 -0.25 0.25 0.256563 -0.782328 0.175029 3.64506e+09
0.25 0.25 0.25 0.279584 -0.78125 0.16226 2.6208e+09
0.75 0.75 0.25 0.323078 -0.780701 0.202352 3.65966e+09
0.25 1.25 0.25 0.336442 -0.781652 0.178564 2.53633e+09
1.75 -1.25 0.25 0.184391 -0.782645 0.180896 6.05354e+09
1.25 -0.75 0.25 0.225249 -0.7838 0.18131 4.84934e+09
1.75 -0.25 0.25 0.276514 -0.783891 0.233912 6.83008e+09
1.25 0.25 0.25 0.303719 -0.781563 0.221254 5.12051e+09
1.75 0.75 0.25 0.353435 -0.768715 0.266095 6.87538e+09
1.25 1.25 0.25 0.369208 -0.769601 0.241159 4.89786e+09
2.25 -0.75 0.25 0.240295 -0.785341 0.239787 8.49081e+09
2.25 0.25 0.25 0.330276 -0.770191 0.284948 9.15605e+09
2.25 1.25 0.25 0.404332 -0.742039 0.310838 8.69381e+09
-2.5 -1 0.5 -0.466381 -0.604502 -0.0582914 1.75612e+09
-2.5 0 0.5 -0.432856 -0.594131 -0.0136628 1.6352e+09
-2.5 1 0.5 -0.391501 -0.581318 0.0169215 1.46214e+09
-2 -1.5 0.5 -0.475026 -0.626079 -0.0694598 2.65973e+09
-1.5 -1 0.5 -0.452945 -0.642293 -0.0228238 3.84971e+09
-2 -0.5 0.5 -0.443669 -0.617759 -0.0153047 2.52653e+09
-1.5 0 0.5 -0.416123 -0.63097 0.0263058 3.55431e+09
-2 0.5 0.5 -0.404784 -0.60497 0.0241846 2.29082e+09
-1.5 1 0.5 -0.37167 -0.615011 0.0602621 3.12608e+09
-2 1.5 0.5 -0.358052 -0.589463 0.0492867 1.99077e+09
-1 -1.5 0.5 -0.461438 -0.665743 -0.0367161 5.76375e+09
-0.5 -1 0.5 -0.434225 -0.685105 0.0125751 8.26331e+09
-1 -0.5 0.5 -0.425715 -0.658331 0.0225961 5.45865e+09
-0.5 0 0.5 -0.39293 -0.673318 0.0664929 7.55824e+09
-1 0.5 0.5 -0.383282 -0.643267 0.0662094 4.87808e+09
-0.5 1 0.5 -0.345143 -0.653254 0.104343 6.50563e+09
-1 1.5 0.5 -0.333428 -0.622887 0.0944786 4.14306e+09
0 -1.5 0.5 -0.443404 -0.708085 -0.00407515 1.22127e+10
0.5 -1 0.5 -0.409651 -0.729848 0.0482825 1.73455e+10
0 -0.5 0.5 -0.401141 -0.70325 0.0606434 1.1576e+10
0.5 0 0.5 -0.362357 -0.718715 0.107416 1.57575e+10
0 0.5 0.5 -0.354674 -0.685829 0.108808 1.01706e+10
0.5 1 0.5 -0.311852 -0.693846 0.14979 1.32159e+10
0 1.5 0.5 -0.302453 -0.658948 0.140968 8.38516e+09
1 -1.5 0.5 -0.422023 -0.748685 0.0290102 2.49857e+10
1.5 -1 0.5 -0.380992 -0.771247 0.0851342 3.49389e+10
1 -0.5 0.5 -0.369859 -0.748668 0.0997229 2.39311e+10
1.5 0 0.5 -0.325298 -0.762439 0.150397 3.18127e+10
1 0.5 0.5 -0.318954 -0.72945 0.153104 2.06918e+10
1.5 1 0.5 -0.273199 -0.733012 0.198143 2.59939e+10
1 1.5 0.5 -0.266432 -0.694911 0.189946 1.64622e+10
2 -1.5 0.5 -0.401376 -0.781518 0.063052 4.77611e+10
2.5 -1 0.5 -0.354332 -0.802134 0.123441 6.46596e+10
2 -0.5 0.5 -0.33494 -0.788321 0.140848 4.69971e+10
2.5 0 0.5 -0.286812 -0.797442 0.196289 6.0168e+10
2 0.5 0.5 -0.278558 -0.768733 0.200621 4.03679e+10
2.5 1 0.5 -0.233425 -0.765414 0.250573 4.84738e+10
2 1.5 0.5 -0.228494 -0.727081 0.24293 3.09968e+10
-2.25 -0.75 0.75 0.146636 -0.690483 -0.0989049 5.9645e+08
-2.25 0.25 0.75 0.198722 -0.717244 -0.059974 6.16491e+08
-2.25 1.25 0.75 0.243927 -0.739916 -0.0379867 6.14618e+08
-1.75 -1.25 0.75 0.119113 -0.688012 -0.102284 8.47462e+08
-1.25 -0.75 0.75 0.150735 -0.715422 -0.0511099 1.27665e+09
-1.75 -0.25 0.75 0.177019 -0.715591 -0.052504 8.9469e+08
-1.25 0.25 0.75 0.207648 -0.738981 -0.00876216 1.32478e+09
-1.75 0.75 0.75 0.227673 -0.738698 -0.0210597 9.08441e+08
-1.25 1.25 0.75 0.257106 -0.757108 0.014622 1.31458e+09
-0.75 -1.25 0.75 0.119332 -0.716168 -0.056813 1.78381e+09
-0.25 -0.75 0.75 0.153645 -0.743871 -0.00217091 2.67747e+09
-0.75 -0.25 0.75 0.183204 -0.740796 -0.00209991 1.90236e+09
-0.25 0.25 0.75 0.216888 -0.762229 0.0442987 2.79438e+09
-0.75 0.75 0.75 0.23909 -0.758894 0.0319949 1.93049e+09
-0.25 1.25 0.75 0.271969 -0.77338 0.0699028 2.75167e+09
0.25 -1.25 0.75 0.118422 -0.747069 -0.00999892 3.66195e+09
0.75 -0.75 0.75 0.156781 -0.772808 0.0490654 5.4696e+09
0.25 -0.25 0.75 0.189684 -0.767111 0.0503861 3.96642e+09
0.75 0.25 0.75 0.227666 -0.783508 0.100669 5.75826e+09
0.25 0.75 0.75 0.252216 -0.777578 0.0880773 4.01944e+09
0.75 1.25 0.75 0.289569 -0.784699 0.129899 5.60375e+09
1.25 -1.25 0.75 0.117877 -0.777164 0.0395183 7.22132e+09
1.75 -0.75 0.75 0.161309 -0.798003 0.104006 1.06411e+10
1.25 -0.25 0.75 0.197494 -0.790846 0.106341 8.00853e+09
1.75 0.25 0.75 0.240362 -0.798522 0.162094 1.13565e+10
1.25 0.75 0.75 0.267716 -0.790681 0.14917 8.10136e+09
1.75 1.25 0.75 0.309667 -0.786542 0.197109 1.0888e+10
2.25 -1.25 0.75 0.119606 -0.801494 0.0937198 1.32264e+10
2.25 -0.25 0.75 0.207018 -0.807244 0.167325 1.51637e+10
2.25 0.75 0.75 0.284848 -0.793493 0.217361 1.5347e+10
-2.5 -1.5 1 -0.567364 -0.55587 -0.129206 3.22444e+09
-2.5 -0.5 1 -0.546589 -0.53884 -0.0727558 3.07229e+09
-2.5 0.5 1 -0.51637 -0.518297 -0.0308866 2.80637e+09
-2.5 1.5 1 -0.476773 -0.496243 -0.00354586 2.46551e+09
-1.5 -1.5 1 -0.556526 -0.596952 -0.0965499 7.13413e+09
-2 -1 1 -0.552733 -0.568157 -0.0811941 4.72291e+09
-1.5 -0.5 1 -0.533491 -0.58089 -0.0343162 6.77876e+09
-2 0 1 -0.526297 -0.548811 -0.0294304 4.38794e+09
-1.5 0.5 1 -0.501082 -0.558963 0.0121726 6.11946e+09
-2 1 1 -0.490259 -0.526273 0.00703966 3.90211e+09
-1.5 1.5 1 -0.459103 -0.533704 0.0429206 5.27723e+09
-0.5 -1.5 1 -0.541052 -0.642658 -0.0652429 1.54531e+10
-1 -1 1 -0.538111 -0.613081 -0.0461482 1.03334e+10
-0.5 -0.5 1 -0.514306 -0.62932 0.00306669 1.46698e+10
-1 0 1 -0.509103 -0.593791 0.0110455 9.52094e+09
-0.5 0.5 1 -0.479278 -0.606174 0.0546717 1.30467e+10
-1 1 1 -0.470623 -0.568606 0.0518311 8.31645e+09
-0.5 1.5 1 -0.435088 -0.576492 0.0895918 1.09728e+10
0.5 -1.5 1 -0.520959 -0.689971 -0.0346917 3.27754e+10
0 -1 1 -0.517463 -0.662792 -0.0121168 2.22435e+10
0.5 -0.5 1 -0.487881 -0.68225 0.0400177 3.12862e+10
0 0 1 -0.484834 -0.644987 0.0508617 2.03356e+10
0.5 0.5 1 -0.44996 -0.65883 0.0972366 2.73778e+10
0 1 1 -0.444235 -0.616784 0.0965925 1.73623e+10
0.5 1.5 1 -0.405 -0.623734 0.137144 2.23025e+10
1.5 -1.5 1 -0.49844 -0.733735 -0.00397062 6.6943e+10
1 -1 1 -0.49083 -0.713638 0.0218414 4.6871e+10
1.5 -0.5 1 -0.454539 -0.735153 0.077831 6.51026e+10
1 0 1 -0.452599 -0.699768 0.0911185 4.27387e+10
1.5 0.5 1 -0.412865 -0.713478 0.141404 5.62616e+10
1 1 1 -0.410822 -0.668971 0.142477 3.55486e+10
1.5 1.5 1 -0.369633 -0.673093 0.1871 4.41694e+10
2.5 -1.5 1 -0.478744 -0.767462 0.027765 1.27002e+11
2 -1 1 -0.460999 -0.759493 0.0568193 9.44926e+10
2.5 -0.5 1 -0.41824 -0.780771 0.117664 1.28263e+11
2 0 1 -0.413424 -0.752612 0.133406 8.70681e+10
2.5 0.5 1 -0.370092 -0.763793 0.188835 1.11024e+11
2 1 1 -0.371093 -0.721128 0.191283 7.07454e+10
2.5 1.5 1 -0.330648 -0.720673 0.241081 8.43059e+10
-2.25 -1.25 1.25 -0.0728866 -0.642806 -0.19137 1.26138e+09
-2.25 -0.25 1.25 -0.00713903 -0.665929 -0.142772 1.3142e+09
-2.25 0.75 1.25 0.0560782 -0.687392 -0.11191 1.32701e+09
-1.25 -1.25 1.25 -0.0767986 -0.679762 -0.146531 2.7299e+09
-1.75 -0.75 1.25 -0.0405051 -0.672158 -0.140757 1.91047e+09
-1.25 -0.25 1.25 -0.00599202 -0.701341 -0.092452 2.86143e+09
-1.75 0.25 1.25 0.0268537 -0.69338 -0.0990081 1.96182e+09
-1.25 0.75 1.25 0.0624627 -0.719413 -0.058485 2.88517e+09
-1.75 1.25 1.25 0.0901394 -0.711778 -0.0758752 1.94384e+09
-0.25 -1.25 1.25 -0.081759 -0.721065 -0.102575 5.79071e+09
-0.75 -0.75 1.25 -0.0423739 -0.710952 -0.0933094 4.11121e+09
-0.25 -0.25 1.25 -0.00492552 -0.74046 -0.0420725 6.12708e+09
-0.75 0.25 1.25 0.0307973 -0.729018 -0.0468326 4.23315e+09
-0.25 0.75 1.25 0.06992 -0.753368 -0.00401133 6.16088e+09
-0.75 1.25 1.25 0.0998915 -0.742342 -0.0211679 4.16564e+09
0.75 -1.25 1.25 -0.0865537 -0.764011 -0.0577276 1.20116e+10
0.25 -0.75 1.25 -0.0443024 -0.752865 -0.0453898 8.70343e+09
0.75 -0.25 1.25 -0.00313874 -0.780602 0.0102555 1.29046e+10
0.25 0.25 1.25 0.0354983 -0.766325 0.00690869 8.99767e+09
0.75 0.75 1.25 0.0786581 -0.786279 0.0538609 1.29163e+10
0.25 1.25 1.25 0.111324 -0.772285 0.0364203 8.75526e+09
1.75 -1.25 1.25 -0.0901455 -0.804041 -0.0100606 2.39369e+10
1.25 -0.75 1.25 -0.0452708 -0.794344 0.00480013 1.79832e+10
1.75 -0.25 1.25 -4.69891e-05 -0.817479 0.0664795 2.6348e+10
1.25 0.25 1.25 0.0413303 -0.801836 0.0643776 1.87184e+10
1.75 0.75 1.25 0.0883435 -0.814084 0.117702 2.62227e+10
1.25 1.25 1.25 0.124096 -0.798003 0.0997172 1.79098e+10
2.25 -0.75 1.25 -0.0446165 -0.83016 0.0592134 3.53629e+10
2.25 0.25 1.25 0.0480209 -0.830753 0.127775 3.72587e+10
2.25 1.25 1.25 0.136789 -0.815172 0.171626 3.49222e+10
-2.5 -1 1.5 -0.191388 -0.568155 -0.0966451 3.60586e+09
-2.5 0 1.5 -0.130595 -0.581391 -0.0550267 3.67189e+09
-2.5 1 1.5 -0.0699591 -0.594944 -0.0288788 3.60709e+09
-2 -1.5 1.5 -0.224763 -0.58017 -0.105398 5.25094e+09
-1.5 -1 1.5 -0.197278 -0.606409 -0.0582921 7.97166e+09
-2 -0.5 1.5 -0.162758 -0.592988 -0.0533781 5.45652e+09
-1.5 0 1.5 -0.13182 -0.618293 -0.0121097 8.12111e+09
-2 0.5 1.5 -0.0995491 -0.605491 -0.0177797 5.44987e+09
-1.5 1 1.5 -0.0660942 -0.628997 0.0170935 7.92336e+09
-2 1.5 1.5 -0.037283 -0.617246 0.00202178 5.2309e+09
-1 -1.5 1.5 -0.233913 -0.620727 -0.0706526 1.14271e+10
-0.5 -1 1.5 -0.204735 -0.649583 -0.0210571 1.72674e+10
-1 -0.5 1.5 -0.166967 -0.633253 -0.0128876 1.19379e+10
-0.5 0 1.5 -0.13335 -0.659695 0.0306341 1.76006e+10
-1 0.5 1.5 -0.0980431 -0.643146 0.0269703 1.18744e+10
-0.5 1 1.5 -0.0611443 -0.66604 0.0640053 1.69933e+10
-1 1.5 1.5 -0.0298881 -0.650534 0.0497318 1.12524e+10
0 -1.5 1.5 -0.244575 -0.665257 -0.037365 2.44183e+10
0.5 -1 1.5 -0.212706 -0.696242 0.0154267 3.68505e+10
0 -0.5 1.5 -0.171775 -0.678008 0.02708 2.57304e+10
0.5 0 1.5 -0.134816 -0.704288 0.0738549 3.76197e+10
0 0.5 1.5 -0.0961887 -0.684121 0.0723998 2.54342e+10
0.5 1 1.5 -0.0556717 -0.704383 0.112943 3.57609e+10
0 1.5 1.5 -0.0212227 -0.684958 0.0995621 2.36467e+10
1 -1.5 1.5 -0.255684 -0.710902 -0.00492866 5.10781e+10
1.5 -1 1.5 -0.220226 -0.742663 0.05209 7.68245e+10
1 -0.5 1.5 -0.176366 -0.7249 0.067358 5.4613e+10
1.5 0 1.5 -0.135923 -0.748859 0.118839 7.87869e+10
1 0.5 1.5 -0.0941396 -0.726165 0.119749 5.35338e+10
1.5 1 1.5 -0.0506995 -0.741059 0.16563 7.33194e+10
1 1.5 1.5 -0.0125603 -0.718019 0.153206 4.84271e+10
2 -1.5 1.5 -0.266713 -0.752753 0.0277081 1.02767e+11
2.5 -1 1.5 -0.227257 -0.783079 0.0901182 1.52558e+11
2 -0.5 1.5 -0.180238 -0.769387 0.109176 1.12478e+11
2.5 0 1.5 -0.137167 -0.788296 0.166931 1.58143e+11
2 0.5 1.5 -0.0925606 -0.765445 0.170627 1.09288e+11
2.5 1 1.5 -0.0483298 -0.772152 0.22362 1.43716e+11
2 1.5 1.5 -0.00619514 -0.746538 0.212545 9.54278e+10
