449
-2.5 -1 -1.5 -0.221438 -0.686578 0.229829 1.95205e+10
-2.5 0 -1.5 -0.168774 -0.626204 0.247572 1.37609e+10
-2.5 1 -1.5 -0.116293 -0.55524 0.253743 9.25072e+09
-2 -1.5 -1.5 -0.228494 -0.727081 0.24293 3.09968e+10
-1.5 -1 -1.5 -0.188995 -0.710048 0.287508 3.48806e+10
-2 -0.5 -1.5 -0.180628 -0.666961 0.269747 2.1919e+10
-1.5 0 -1.5 -0.147857 -0.635153 0.309612 2.32504e+10
-2 0.5 -1.5 -0.133064 -0.592403 0.283503 1.46434e+10
-1.5 1 -1.5 -0.107084 -0.5465 0.319488 1.4799e+10
-2 1.5 -1.5 -0.0865337 -0.50868 0.286544 9.41443e+09
-1 -1.5 -1.5 -0.194421 -0.751274 0.299931 5.47292e+10
-0.5 -1 -1.5 -0.165939 -0.726478 0.347844 5.79308e+10
-1 -0.5 -1.5 -0.158878 -0.681435 0.331459 3.6938e+10
-0.5 0 -1.5 -0.141342 -0.642208 0.374007 3.68945e+10
-1 0.5 -1.5 -0.126251 -0.591621 0.3489 2.33417e+10
-0.5 1 -1.5 -0.118048 -0.53762 0.386303 2.22487e+10
-1 1.5 -1.5 -0.0929109 -0.489664 0.354479 1.4251e+10
0 -1.5 -1.5 -0.173846 -0.763801 0.356078 8.63583e+10
0.5 -1 -1.5 -0.160166 -0.734933 0.402897 8.50147e+10
0 -0.5 -1.5 -0.150998 -0.692755 0.393271 5.7656e+10
0.5 0 -1.5 -0.152119 -0.652216 0.434168 5.40456e+10
0 0.5 -1.5 -0.138833 -0.593923 0.413525 3.48528e+10
0.5 1 -1.5 -0.153022 -0.537443 0.447907 3.11247e+10
0 1.5 -1.5 -0.124472 -0.473797 0.420065 2.01585e+10
1 -1.5 -1.5 -0.188882 -0.759072 0.394772 1.06451e+11
1.5 -1 -1.5 -0.200979 -0.727755 0.428156 9.21186e+10
1 -0.5 -1.5 -0.163929 -0.700694 0.442499 7.79462e+10
1.5 0 -1.5 -0.190145 -0.662943 0.471336 6.61497e+10
1 0.5 -1.5 -0.171535 -0.606403 0.467918 4.75767e+10
1.5 1 -1.5 -0.208618 -0.556852 0.49455 3.96635e+10
1 1.5 -1.5 -0.18354 -0.473278 0.476525 2.64421e+10
2 -1.5 -1.5 -0.278443 -0.72653 0.390063 8.42218e+10
2.5 -1 -1.5 -0.318107 -0.682463 0.409495 6.33943e+10
2 -0.5 -1.5 -0.236595 -0.694158 0.450638 7.42715e+10
2.5 0 -1.5 -0.286318 -0.657808 0.467157 5.6945e+10
2 0.5 -1.5 -0.234739 -0.624861 0.492421 5.31731e+10
2.5 1 -1.5 -0.288878 -0.581641 0.508234 4.08575e+10
2 1.5 -1.5 -0.258395 -0.503107 0.515512 3.18323e+10
-2.25 -0.75 -1.25 0.369846 -0.767572 0.213231 9.42158e+09
-2.25 0.25 -1.25 0.421638 -0.744524 0.215516 7.41977e+09
-2.25 1.25 -1.25 0.465388 -0.719084 0.208602 5.37884e+09
-1.75 -1.25 -1.25 0.352473 -0.769913 0.24591 1.37846e+10
-1.25 -0.75 -1.25 0.393676 -0.740907 0.296385 1.62704e+10
-1.75 -0.25 -1.25 0.409868 -0.742277 0.257366 1.11177e+10
-1.25 0.25 -1.25 0.446183 -0.706799 0.303907 1.22279e+10
-1.75 0.75 -1.25 0.457505 -0.71329 0.256804 8.17601e+09
-1.25 1.25 -1.25 0.487232 -0.675326 0.300706 8.45763e+09
-0.75 -1.25 -1.25 0.371604 -0.741714 0.33056 2.28705e+10
-0.25 -0.75 -1.25 0.407413 -0.696669 0.38841 2.47696e+10
-0.75 -0.25 -1.25 0.430076 -0.700642 0.348572 1.78103e+10
-0.25 0.25 -1.25 0.458334 -0.652168 0.401927 1.81731e+10
-0.75 0.75 -1.25 0.475422 -0.663897 0.352437 1.2584e+10
-0.25 1.25 -1.25 0.493953 -0.618412 0.40081 1.21882e+10
0.25 -1.25 -1.25 0.37797 -0.696293 0.420402 3.17497e+10
0.75 -0.75 -1.25 0.403062 -0.636614 0.481462 3.0819e+10
0.25 -0.25 -1.25 0.433864 -0.642691 0.446353 2.48915e+10
0.75 0.25 -1.25 0.447526 -0.586488 0.501269 2.33681e+10
0.25 0.75 -1.25 0.474663 -0.601323 0.453854 1.73977e+10
0.75 1.25 -1.25 0.477912 -0.55107 0.501108 1.55483e+10
1.25 -1.25 -1.25 0.362873 -0.632549 0.499762 3.12329e+10
1.75 -0.75 -1.25 0.361549 -0.561585 0.547139 2.48408e+10
1.25 -0.25 -1.25 0.41516 -0.571737 0.535843 2.73518e+10
1.75 0.25 -1.25 0.404314 -0.513001 0.576792 2.17269e+10
1.25 0.75 -1.25 0.447468 -0.531576 0.548447 2.0284e+10
1.75 1.25 -1.25 0.435579 -0.475596 0.589352 1.63155e+10
2.25 -1.25 -1.25 0.28743 -0.595154 0.551522 2.16832e+10
2.25 -0.25 -1.25 0.332683 -0.518286 0.58481 1.92805e+10
2.25 0.75 -1.25 0.376761 -0.46123 0.611736 1.62215e+10
-2.5 -1.5 -1 -0.369633 -0.673093 0.1871 4.41694e+10
-2.5 -0.5 -1 -0.322851 -0.617242 0.216577 3.2214e+10
-2.5 0.5 -1 -0.273362 -0.548733 0.232113 2.22076e+10
-2.5 1.5 -1 -0.223807 -0.470809 0.236303 1.46548e+10
-1.5 -1.5 -1 -0.330648 -0.720673 0.241081 8.43059e+10
-2 -1 -1 -0.329519 -0.668963 0.231612 5.21448e+10
-1.5 -0.5 -1 -0.294074 -0.654976 0.276225 5.81911e+10
-2 0 -1 -0.28613 -0.599664 0.256528 3.58349e+10
-1.5 0.5 -1 -0.25652 -0.571021 0.296837 3.77412e+10
-2 1 -1 -0.241291 -0.517361 0.268507 2.34435e+10
-1.5 1.5 -1 -0.217512 -0.475211 0.30523 2.35656e+10
-0.5 -1.5 -1 -0.291412 -0.760816 0.299097 1.51519e+11
-1 -1 -1 -0.295356 -0.710829 0.290738 9.46663e+10
-0.5 -0.5 -1 -0.268671 -0.69132 0.339784 9.99025e+10
-1 0 -1 -0.266616 -0.630432 0.32077 6.1253e+10
-0.5 0.5 -1 -0.249282 -0.595941 0.364554 6.09853e+10
-1 1 -1 -0.236112 -0.53172 0.336982 3.77273e+10
-0.5 1.5 -1 -0.226049 -0.4826 0.375607 3.58996e+10
0.5 -1.5 -1 -0.259767 -0.786623 0.356996 2.42905e+11
0 -1 -1 -0.263474 -0.746016 0.352664 1.6069e+11
0.5 -0.5 -1 -0.245934 -0.724092 0.403873 1.60339e+11
0 0 -1 -0.252648 -0.663198 0.387339 9.94107e+10
0.5 0.5 -1 -0.249048 -0.627691 0.431497 9.34471e+10
0 1 -1 -0.243456 -0.552412 0.405981 5.75766e+10
0.5 1.5 -1 -0.250263 -0.498846 0.443426 5.1467e+10
1.5 -1.5 -1 -0.265882 -0.783074 0.400605 2.88672e+11
1 -1 -1 -0.239124 -0.768676 0.410958 2.40946e+11
1.5 -0.5 -1 -0.231759 -0.745356 0.45786 2.21222e+11
1 0 -1 -0.240732 -0.696862 0.450448 1.50676e+11
1.5 0.5 -1 -0.249783 -0.664921 0.49005 1.32119e+11
1 1 -1 -0.259656 -0.584328 0.470356 8.26176e+10
1.5 1.5 -1 -0.284949 -0.531466 0.503485 6.92115e+10
2.5 -1.5 -1 -0.382949 -0.696191 0.400613 1.75144e+11
2 -1 -1 -0.271632 -0.753928 0.442062 2.39763e+11
2.5 -0.5 -1 -0.302631 -0.713392 0.470559 1.77436e+11
2 0 -1 -0.246217 -0.71521 0.493017 1.82581e+11
2.5 0.5 -1 -0.283964 -0.674769 0.518074 1.38294e+11
2 1 -1 -0.274549 -0.627184 0.522434 1.08967e+11
2.5 1.5 -1 -0.311989 -0.582075 0.548016 8.59662e+10
-2.25 -1.25 -0.75 0.171037 -0.799506 0.146017 2.3649e+10
-2.25 -0.25 -0.75 0.245088 -0.777207 0.156415 1.9407e+10
-2.25 0.75 -0.75 0.308794 -0.749265 0.154233 1.45931e+10
-1.25 -1.25 -0.75 0.184679 -0.804101 0.227437 4.3615e+10
-1.75 -0.75 -0.75 0.217825 -0.789828 0.194224 2.93744e+10
-1.25 -0.25 -0.75 0.26172 -0.769086 0.245086 3.40455e+10
-1.75 0.25 -0.75 0.288087 -0.758616 0.200753 2.24252e+10
-1.25 0.75 -0.75 0.32615 -0.730606 0.248372 2.4214e+10
-1.75 1.25 -0.75 0.346258 -0.723962 0.196494 1.57576e+10
-0.25 -1.25 -0.75 0.189116 -0.794629 0.319476 7.24111e+10
-0.75 -0.75 -0.75 0.228843 -0.781109 0.285521 5.06242e+10
-0.25 -0.25 -0.75 0.266367 -0.746899 0.345616 5.44003e+10
-0.75 0.25 -0.75 0.299919 -0.738023 0.298704 3.67176e+10
-0.25 0.75 -0.75 0.329296 -0.700115 0.35392 3.71507e+10
-0.75 1.25 -0.75 0.356064 -0.696282 0.298275 2.45902e+10
0.75 -1.25 -0.75 0.176376 -0.769313 0.417178 1.00403e+11
0.25 -0.75 -0.75 0.224546 -0.75775 0.386014 7.70853e+10
0.75 -0.25 -0.75 0.250134 -0.71265 0.452452 7.6471e+10
0.25 0.25 -0.75 0.294536 -0.705167 0.406518 5.46848e+10
0.75 0.75 -0.75 0.308944 -0.662517 0.464037 5.1796e+10
0.25 1.25 -0.75 0.346314 -0.660264 0.407388 3.54686e+10
1.75 -1.25 -0.75 0.146715 -0.715479 0.510506 9.51966e+10
1.25 -0.75 -0.75 0.201183 -0.720254 0.488606 9.61275e+10
1.75 -0.25 -0.75 0.21256 -0.66924 0.551552 8.46907e+10
1.25 0.25 -0.75 0.261578 -0.66832 0.513825 7.14636e+10
1.75 0.75 -0.75 0.261403 -0.619153 0.566348 6.10215e+10
1.25 1.25 -0.75 0.311533 -0.615566 0.515936 4.54724e+10
2.25 -0.75 -0.75 0.1415 -0.655894 0.567095 7.23527e+10
2.25 0.25 -0.75 0.201173 -0.615532 0.599333 6.47292e+10
2.25 1.25 -0.75 0.253384 -0.560526 0.6124 4.76205e+10
-2.5 -1 -0.5 0.0317267 -0.722713 0.194339 6.24477e+10
-2.5 0 -0.5 0.107596 -0.696077 0.207979 4.90305e+10
-2.5 1 -0.5 0.174088 -0.662984 0.210006 3.57461e+10
-2 -1.5 -0.5 -0.00619514 -0.746538 0.212545 9.54278e+10
-1.5 -1 -0.5 0.0369326 -0.741175 0.261148 1.16769e+11
-2 -0.5 -0.5 0.0750573 -0.717028 0.237203 7.59397e+10
-1.5 0 -0.5 0.114776 -0.700624 0.282077 8.65353e+10
-2 0.5 -0.5 0.147437 -0.68016 0.247809 5.57468e+10
-1.5 1 -0.5 0.181687 -0.654624 0.289896 5.9534e+10
-2 1.5 -0.5 0.208431 -0.638746 0.247874 3.82174e+10
-1 -1.5 -0.5 -0.00604616 -0.767641 0.278189 1.77064e+11
-0.5 -1 -0.5 0.0309724 -0.751978 0.333831 2.02781e+11
-1 -0.5 -0.5 0.0757294 -0.724767 0.311385 1.33378e+11
-0.5 0 -0.5 0.107429 -0.697958 0.362753 1.41923e+11
-1 0.5 -0.5 0.148233 -0.674103 0.328729 9.22656e+10
-0.5 1 -0.5 0.173082 -0.640229 0.375863 9.25851e+10
-1 1.5 -0.5 0.208033 -0.621925 0.333153 5.99994e+10
0 -1.5 -0.5 -0.0177476 -0.779551 0.347065 2.98945e+11
0.5 -1 -0.5 0.00773331 -0.755523 0.406416 3.16144e+11
0 -0.5 -0.5 0.059881 -0.726018 0.389668 2.15293e+11
0.5 0 -0.5 0.0784552 -0.693063 0.444063 2.1392e+11
0 0.5 -0.5 0.129702 -0.663783 0.41377 1.41716e+11
0.5 1 -0.5 0.1411 -0.626158 0.461467 1.33236e+11
0 1.5 -0.5 0.187966 -0.602032 0.421012 8.77133e+10
1 -1.5 -0.5 -0.0494633 -0.781438 0.409767 4.32198e+11
1.5 -1 -0.5 -0.0414416 -0.75522 0.465384 4.22337e+11
1 -0.5 -0.5 0.0217521 -0.725162 0.462712 3.12137e+11
1.5 0 -0.5 0.0223932 -0.694939 0.51168 2.88829e+11
1 0.5 -0.5 0.085114 -0.658083 0.493478 1.99609e+11
1.5 1 -0.5 0.0802781 -0.617732 0.536466 1.72434e+11
1 1.5 -0.5 0.142176 -0.58177 0.504725 1.16911e+11
2 -1.5 -0.5 -0.115035 -0.755546 0.45091 4.39949e+11
2.5 -1 -0.5 -0.128612 -0.705238 0.490092 3.29777e+11
2 -0.5 -0.5 -0.0459789 -0.731956 0.511019 3.84265e+11
2.5 0 -0.5 -0.0646072 -0.6939 0.543629 2.94927e+11
2 0.5 -0.5 0.0106212 -0.663129 0.551694 2.45983e+11
2.5 1 -0.5 -0.0169097 -0.622948 0.582882 1.94269e+11
2 1.5 -0.5 0.0627974 -0.568493 0.573597 1.39404e+11
-2.25 -0.75 -0.25 -0.0416009 -0.743449 0.14516 2.00457e+10
-2.25 0.25 -0.25 0.0463027 -0.711802 0.146935 1.5346e+10
-2.25 1.25 -0.25 0.122116 -0.672358 0.138515 1.09174e+10
-1.75 -1.25 -0.25 -0.0799485 -0.769102 0.174821 3.06267e+10
-1.25 -0.75 -0.25 -0.0252526 -0.761608 0.224113 3.64529e+10
-1.75 -0.25 -0.25 0.0129078 -0.7357 0.187707 2.37376e+10
-1.25 0.25 -0.25 0.0620702 -0.717281 0.233075 2.63196e+10
-1.75 0.75 -0.25 0.0949642 -0.69366 0.186812 1.6987e+10
-1.25 1.25 -0.25 0.135874 -0.666223 0.230153 1.76901e+10
-0.75 -1.25 -0.25 -0.0665713 -0.788313 0.25373 5.51259e+10
-0.25 -0.75 -0.25 -0.0186845 -0.770292 0.311849 6.1364e+10
-0.75 -0.25 -0.25 0.0236828 -0.743173 0.275629 4.04948e+10
-0.25 0.25 -0.25 0.0640672 -0.714168 0.329393 4.20013e+10
-0.75 0.75 -0.25 0.103032 -0.688922 0.281347 2.73602e+10
-0.25 1.25 -0.25 0.133204 -0.654864 0.330268 2.69301e+10
0.25 -1.25 -0.25 -0.062848 -0.795584 0.337985 8.94852e+10
0.75 -0.75 -0.25 -0.0255366 -0.766521 0.402764 9.17182e+10
0.25 -0.25 -0.25 0.0204649 -0.741098 0.371415 6.34455e+10
0.75 0.25 -0.25 0.0483266 -0.70751 0.429317 6.21806e+10
0.25 0.75 -0.25 0.0931924 -0.67996 0.382684 4.12417e+10
0.75 1.25 -0.25 0.111365 -0.641292 0.432474 3.8193e+10
1.25 -1.25 -0.25 -0.0728239 -0.785162 0.420033 1.20221e+11
1.75 -0.75 -0.25 -0.0474739 -0.755063 0.485039 1.15328e+11
1.25 -0.25 -0.25 0.000529472 -0.734314 0.464519 8.95735e+10
1.75 0.25 -0.25 0.0175326 -0.701831 0.519768 8.28383e+10
1.25 0.75 -0.25 0.0640871 -0.670916 0.481828 5.73917e+10
1.75 1.25 -0.25 0.069348 -0.620915 0.529553 4.83515e+10
2.25 -1.25 -0.25 -0.0758384 -0.727192 0.498977 1.05502e+11
2.25 -0.25 -0.25 -0.021042 -0.709799 0.543458 9.78272e+10
2.25 0.75 -0.25 0.021857 -0.65074 0.56666 6.7203e+10
-2.5 -1.5 0 0.237137 -0.833918 0.154281 6.61189e+10
-2.5 -0.5 0 0.296896 -0.819314 0.171639 5.83562e+10
-2.5 0.5 0 0.353708 -0.797838 0.176942 4.65447e+10
-2.5 1.5 0 0.40535 -0.77208 0.173159 3.39669e+10
-1.5 -1.5 0 0.22124 -0.840613 0.2258 1.26596e+11
-2 -1 0 0.262928 -0.82927 0.201312 8.68506e+10
-1.5 -0.5 0 0.292774 -0.814175 0.250931 1.06119e+11
-2 0 0 0.326754 -0.805363 0.215641 7.07944e+10
-1.5 0.5 0 0.357812 -0.782447 0.262305 7.99e+10
-2 1 0 0.384635 -0.776877 0.218671 5.23665e+10
-1.5 1.5 0 0.413337 -0.749451 0.262959 5.51759e+10
-0.5 -1.5 0 0.199987 -0.836384 0.304768 2.2127e+11
-1 -1 0 0.250681 -0.824566 0.281278 1.5571e+11
-0.5 -0.5 0 0.280619 -0.798145 0.338486 1.76461e+11
-1 0 0 0.32357 -0.789353 0.302829 1.20086e+11
-0.5 0.5 0 0.351574 -0.75635 0.356324 1.26205e+11
-1 1 0 0.386349 -0.752271 0.311081 8.41336e+10
-0.5 1.5 0 0.408012 -0.718983 0.35971 8.33787e+10
0.5 -1.5 0 0.166935 -0.820832 0.385609 3.36872e+11
0 -1 0 0.228251 -0.808972 0.366947 2.50456e+11
0.5 -0.5 0 0.253297 -0.771329 0.429118 2.59693e+11
0 0 0 0.307533 -0.762525 0.396649 1.84646e+11
0.5 0.5 0 0.324883 -0.724434 0.452373 1.81441e+11
0 1 0 0.371524 -0.720449 0.408629 1.24665e+11
0.5 1.5 0 0.384413 -0.682861 0.457125 1.15464e+11
1.5 -1.5 0 0.11169 -0.78964 0.456442 4.115e+11
1 -1 0 0.188956 -0.781924 0.450239 3.43396e+11
1.5 -0.5 0 0.196092 -0.742893 0.508324 3.2891e+11
1 0 0 0.266519 -0.732211 0.487183 2.52874e+11
1.5 0.5 0 0.270465 -0.693567 0.53746 2.29202e+11
1 1 0 0.334251 -0.685635 0.502466 1.66708e+11
1.5 1.5 0 0.342121 -0.637969 0.548107 1.40504e+11
2.5 -1.5 0 -0.031689 -0.730575 0.487255 3.93282e+11
2 -1 0 0.0977867 -0.751331 0.50845 3.88705e+11
2.5 -0.5 0 0.0313244 -0.721722 0.536537 3.61682e+11
2 0 0 0.188418 -0.705824 0.554899 2.90567e+11
2.5 0.5 0 0.169725 -0.663298 0.589483 2.31023e+11
2 1 0 0.272855 -0.645016 0.581025 1.87886e+11
2.5 1.5 0 0.26434 -0.598502 0.618343 1.47265e+11
-2.25 -1.25 0.25 -0.277152 -0.682043 0.194936 9.49367e+09
-2.25 -0.25 0.25 -0.17806 -0.649533 0.20574 7.40363e+09
-2.25 0.75 0.25 -0.0850674 -0.606595 0.202399 5.37963e+09
-1.25 -1.25 0.25 -0.263075 -0.705962 0.259476 1.73004e+10
-1.75 -0.75 0.25 -0.219543 -0.676714 0.236766 1.13676e+10
-1.25 -0.25 0.25 -0.165572 -0.660762 0.279463 1.27742e+10
-1.75 0.25 0.25 -0.122856 -0.63198 0.24351 8.30603e+09
-1.25 0.75 0.25 -0.0748207 -0.603217 0.283574 8.76275e+09
-1.75 1.25 0.25 -0.0363447 -0.577219 0.238708 5.68726e+09
-0.25 -1.25 0.25 -0.255475 -0.724832 0.322827 2.91498e+10
-0.75 -0.75 0.25 -0.210977 -0.692515 0.307285 1.94966e+10
-0.25 -0.25 0.25 -0.165887 -0.668341 0.355175 2.05113e+10
-0.75 0.25 0.25 -0.118884 -0.633562 0.323473 1.34501e+10
-0.25 0.75 0.25 -0.0837832 -0.597886 0.367871 1.33922e+10
-0.75 1.25 0.25 -0.0376177 -0.565854 0.325075 8.75679e+09
0.75 -1.25 0.25 -0.250758 -0.738849 0.373678 4.35548e+10
0.25 -0.75 0.25 -0.210858 -0.705387 0.373841 3.0697e+10
0.75 -0.25 0.25 -0.178882 -0.678276 0.42319 3.05118e+10
0.25 0.25 0.25 -0.133093 -0.636106 0.402388 2.03776e+10
0.75 0.75 0.25 -0.108724 -0.601011 0.444196 1.92555e+10
0.25 1.25 0.25 -0.0582469 -0.557657 0.409074 1.26734e+10
1.75 -1.25 0.25 -0.238262 -0.738072 0.401589 5.44642e+10
1.25 -0.75 0.25 -0.218154 -0.716241 0.423134 4.30029e+10
1.75 -0.25 0.25 -0.172917 -0.694772 0.463585 4.14628e+10
1.25 0.25 0.25 -0.151083 -0.64993 0.464834 2.89028e+10
1.75 0.75 0.25 -0.122867 -0.617807 0.499289 2.57257e+10
1.25 1.25 0.25 -0.0879472 -0.558096 0.480969 1.70198e+10
2.25 -0.75 0.25 -0.184754 -0.712708 0.444117 4.98054e+10
2.25 0.25 0.25 -0.137248 -0.669759 0.496826 3.69019e+10
2.25 1.25 0.25 -0.119217 -0.585039 0.534214 2.2048e+10
-2.5 -1 0.5 0.182156 -0.828461 0.192025 3.39004e+10
-2.5 0 0.5 0.253301 -0.808851 0.208596 2.8462e+10
-2.5 1 0.5 0.319063 -0.782022 0.213756 2.17186e+10
-2 -1.5 0.5 0.136963 -0.838504 0.211038 4.92754e+10
-1.5 -1 0.5 0.170645 -0.828266 0.262471 6.22859e+10
-2 -0.5 0.5 0.216066 -0.81808 0.238416 4.25173e+10
-1.5 0 0.5 0.251926 -0.797694 0.286724 4.95484e+10
-2 0.5 0.5 0.289258 -0.789303 0.252229 3.3038e+10
-1.5 1 0.5 0.324076 -0.761358 0.297825 3.5762e+10
-2 1.5 0.5 0.353802 -0.755888 0.255229 2.35012e+10
-1 -1.5 0.5 0.116677 -0.839105 0.278722 8.87523e+10
-0.5 -1 0.5 0.151033 -0.81863 0.335667 1.04008e+11
-1 -0.5 0.5 0.205982 -0.807483 0.315348 7.28305e+10
-0.5 0 0.5 0.239952 -0.776787 0.368968 7.86449e+10
-1 0.5 0.5 0.28652 -0.768122 0.336478 5.36055e+10
-0.5 1 0.5 0.314983 -0.732789 0.386068 5.42706e+10
-1 1.5 0.5 0.353537 -0.728004 0.344019 3.63273e+10
0 -1.5 0.5 0.0881903 -0.83029 0.345001 1.42579e+11
0.5 -1 0.5 0.11972 -0.80052 0.403099 1.5262e+11
0 -0.5 0.5 0.183922 -0.787747 0.392292 1.1189e+11
0.5 0 0.5 0.208417 -0.750438 0.446746 1.11731e+11
0 0.5 0.5 0.266841 -0.739973 0.421544 7.91986e+10
0.5 1 0.5 0.2854 -0.7019 0.469334 7.50979e+10
0 1.5 0.5 0.335838 -0.695353 0.432531 5.17435e+10
1 -1.5 0.5 0.0507655 -0.811594 0.399177 1.96673e+11
1.5 -1 0.5 0.0661868 -0.775311 0.451004 1.91961e+11
1 -0.5 0.5 0.140739 -0.763983 0.457408 1.507e+11
1.5 0 0.5 0.152861 -0.72827 0.502697 1.4097e+11
1 0.5 0.5 0.224117 -0.712913 0.494469 1.05208e+11
1.5 1 0.5 0.23737 -0.670942 0.535493 9.23094e+10
1 1.5 0.5 0.300734 -0.658721 0.512057 6.62959e+10
2 -1.5 0.5 -0.02481 -0.769876 0.433504 2.39358e+11
2.5 -1 0.5 -0.0621521 -0.728016 0.472602 2.55218e+11
2 -0.5 0.5 0.0743602 -0.738296 0.494345 1.84887e+11
2.5 0 0.5 0.0714215 -0.702261 0.533007 1.74949e+11
2 0.5 0.5 0.162339 -0.690168 0.541037 1.26262e+11
2.5 1 0.5 0.148911 -0.646607 0.570316 1.007e+11
2 1.5 0.5 0.238041 -0.623401 0.571668 7.45341e+10
-2.25 -0.75 0.75 -0.288772 -0.641671 0.291789 5.35149e+09
-2.25 0.25 0.75 -0.183981 -0.604039 0.303213 4.00172e+09
-2.25 1.25 0.75 -0.0866468 -0.554445 0.301513 2.80981e+09
-1.75 -1.25 0.75 -0.337449 -0.660606 0.30643 8.06038e+09
-1.25 -0.75 0.75 -0.282169 -0.644467 0.350215 9.18873e+09
-1.75 -0.25 0.75 -0.230574 -0.622745 0.331786 6.09004e+09
-1.25 0.25 0.75 -0.177011 -0.592241 0.371129 6.51721e+09
-1.75 0.75 0.75 -0.128316 -0.571532 0.339772 4.29143e+09
-1.25 1.25 0.75 -0.0818474 -0.528244 0.376927 4.35871e+09
-0.75 -1.25 0.75 -0.335971 -0.668805 0.35387 1.36299e+10
-0.25 -0.75 0.75 -0.287371 -0.648713 0.396015 1.45974e+10
-0.75 -0.25 0.75 -0.231355 -0.617807 0.391673 9.82305e+09
-0.25 0.25 0.75 -0.190906 -0.580448 0.431194 9.88772e+09
-0.75 0.75 0.75 -0.133302 -0.550827 0.409891 6.58802e+09
-0.25 1.25 0.75 -0.100471 -0.50432 0.444861 6.35105e+09
0.25 -1.25 0.75 -0.339023 -0.68283 0.378274 2.10133e+10
0.75 -0.75 0.75 -0.298674 -0.662538 0.414329 2.11307e+10
0.25 -0.25 0.75 -0.249131 -0.618399 0.434744 1.46614e+10
0.75 0.25 0.75 -0.218048 -0.590099 0.464219 1.41867e+10
0.25 0.75 0.75 -0.160706 -0.540673 0.464321 9.51643e+09
0.75 1.25 0.75 -0.134753 -0.498032 0.491155 8.68916e+09
1.25 -1.25 0.75 -0.332397 -0.699449 0.368504 2.82914e+10
1.75 -0.75 0.75 -0.27779 -0.70908 0.399284 3.03085e+10
1.25 -0.25 0.75 -0.256322 -0.649828 0.439856 2.08505e+10
1.75 0.25 0.75 -0.22177 -0.642555 0.462321 2.01763e+10
1.25 0.75 0.75 -0.187772 -0.563844 0.486199 1.31286e+10
1.75 1.25 0.75 -0.177223 -0.515609 0.509551 1.11387e+10
2.25 -1.25 0.75 -0.29492 -0.682431 0.360628 3.51691e+10
2.25 -0.25 0.75 -0.256479 -0.676195 0.423825 2.86699e+10
2.25 0.75 0.75 -0.199579 -0.605272 0.486989 1.75715e+10
-2.5 -1.5 1 0.053286 -0.839702 0.213514 2.00812e+10
-2.5 -0.5 1 0.13968 -0.826035 0.244797 1.78262e+10
-2.5 0.5 1 0.221355 -0.801293 0.262537 1.42936e+10
-2.5 1.5 1 0.295586 -0.768967 0.269077 1.04872e+10
-1.5 -1.5 1 0.0335687 -0.841062 0.270927 3.66483e+10
-2 -1 1 0.0909219 -0.833664 0.262211 2.59074e+10
-1.5 -0.5 1 0.131652 -0.817132 0.311903 3.10545e+10
-2 0 1 0.180726 -0.808839 0.290627 2.12815e+10
-1.5 0.5 1 0.222 -0.781927 0.337431 2.36226e+10
-2 1 1 0.262668 -0.774918 0.305723 1.58606e+10
-1.5 1.5 1 0.300304 -0.741306 0.349599 1.64827e+10
-0.5 -1.5 1 0.00829418 -0.835001 0.323552 6.03352e+10
-1 -1 1 0.0738275 -0.826047 0.323819 4.40846e+10
-0.5 -0.5 1 0.114373 -0.800722 0.375837 4.88702e+10
-1 0 1 0.172639 -0.790419 0.361827 3.4456e+10
-0.5 0.5 1 0.209328 -0.755186 0.411065 3.5506e+10
-1 1 1 0.259256 -0.747169 0.384285 2.44668e+10
-0.5 1.5 1 0.289226 -0.708679 0.428566 2.38613e+10
0.5 -1.5 1 -0.0207281 -0.824742 0.360858 8.83124e+10
0 -1 1 0.0486071 -0.81274 0.376132 6.69431e+10
0.5 -0.5 1 0.0844055 -0.780073 0.426104 6.79588e+10
0 0 1 0.150433 -0.766102 0.426281 4.99984e+10
0.5 0.5 1 0.177472 -0.729464 0.470967 4.83162e+10
0 1 1 0.237889 -0.716853 0.456268 3.44579e+10
0.5 1.5 1 0.261695 -0.67555 0.496092 3.14654e+10
1.5 -1.5 1 -0.04976 -0.79884 0.385597 1.16729e+11
1 -1 1 0.0155118 -0.794616 0.409587 8.96488e+10
1.5 -0.5 1 0.0409698 -0.765953 0.451249 8.96138e+10
1 0 1 0.110154 -0.747156 0.468662 6.58875e+10
1.5 0.5 1 0.132907 -0.714374 0.50477 6.17008e+10
1 1 1 0.20053 -0.69115 0.508929 4.41884e+10
1.5 1.5 1 0.217512 -0.642425 0.543324 3.70052e+10
2.5 -1.5 1 -0.149869 -0.717432 0.409434 1.72186e+11
2 -1 1 -0.0250572 -0.766215 0.4319 1.2159e+11
2.5 -0.5 1 -0.00670928 -0.721469 0.477793 1.23602e+11
2 0 1 0.0627973 -0.737793 0.489515 8.85737e+10
2.5 0.5 1 0.0641288 -0.687268 0.517493 7.38355e+10
2 1 1 0.146221 -0.666349 0.536237 5.15382e+10
2.5 1.5 1 0.154361 -0.621651 0.562568 4.3678e+10
-2.25 -1.25 1.25 -0.364029 -0.648724 0.362249 3.90453e+09
-2.25 -0.25 1.25 -0.247984 -0.623729 0.392594 3.01899e+09
-2.25 0.75 1.25 -0.13487 -0.584882 0.404445 2.18401e+09
-1.25 -1.25 1.25 -0.366991 -0.641611 0.403344 6.54632e+09
-1.75 -0.75 1.25 -0.304464 -0.63147 0.405883 4.48597e+09
-1.25 -0.25 1.25 -0.246382 -0.60349 0.44624 4.84891e+09
-1.75 0.25 1.25 -0.186376 -0.592646 0.431184 3.27256e+09
-1.25 0.75 1.25 -0.131534 -0.548993 0.468621 3.35361e+09
-1.75 1.25 1.25 -0.0772606 -0.539786 0.440546 2.25145e+09
-0.25 -1.25 1.25 -0.38199 -0.640754 0.417333 1.00287e+10
-0.75 -0.75 1.25 -0.31315 -0.619213 0.443863 7.0675e+09
-0.25 -0.25 1.25 -0.266107 -0.585428 0.479497 7.15536e+09
-0.75 0.25 1.25 -0.195353 -0.563175 0.483828 4.93686e+09
-0.25 0.75 1.25 -0.155802 -0.515942 0.515644 4.79811e+09
-0.75 1.25 1.25 -0.0876449 -0.496711 0.502776 3.27675e+09
0.75 -1.25 1.25 -0.394189 -0.657268 0.387881 1.38954e+10
0.25 -0.75 1.25 -0.336239 -0.618186 0.448321 1.01398e+10
0.75 -0.25 1.25 -0.298997 -0.597577 0.468514 1.00005e+10
0.25 0.25 1.25 -0.230088 -0.54816 0.506324 6.95205e+09
0.75 0.75 1.25 -0.201194 -0.514138 0.523492 6.51707e+09
0.25 1.25 1.25 -0.124968 -0.466584 0.539984 4.46236e+09
1.75 -1.25 1.25 -0.390495 -0.683393 0.338129 1.99986e+10
1.25 -0.75 1.25 -0.349365 -0.657572 0.407249 1.44099e+10
1.75 -0.25 1.25 -0.31572 -0.657506 0.42316 1.49877e+10
1.25 0.25 1.25 -0.268329 -0.585931 0.481483 9.74091e+09
1.75 0.75 1.25 -0.247857 -0.547364 0.495664 8.50488e+09
1.25 1.25 1.25 -0.18178 -0.461666 0.540979 5.66113e+09
2.25 -0.75 1.25 -0.346829 -0.65515 0.360236 1.95057e+10
2.25 0.25 1.25 -0.28007 -0.630244 0.440365 1.35066e+10
2.25 1.25 1.25 -0.241665 -0.53463 0.504578 7.89757e+09
-2.5 -1 1.5 0.0157571 -0.84014 0.270737 1.13762e+10
-2.5 0 1.5 0.112911 -0.822697 0.303695 9.63593e+09
-2.5 1 1.5 0.203848 -0.793423 0.323219 7.41676e+09
-2 -1.5 1.5 -0.045029 -0.842502 0.272785 1.58974e+10
-1.5 -1 1.5 -0.000539143 -0.832879 0.322886 1.94991e+10
-2 -0.5 1.5 0.0605367 -0.827893 0.318304 1.39015e+10
-1.5 0 1.5 0.107431 -0.805553 0.36575 1.57796e+10
-2 0.5 1.5 0.159865 -0.799039 0.348514 1.09365e+10
-1.5 1 1.5 0.205124 -0.766334 0.393303 1.15763e+10
-2 1.5 1.5 0.248997 -0.760895 0.365378 7.8761e+09
-1 -1.5 1.5 -0.069672 -0.837154 0.314571 2.63867e+10
-0.5 -1 1.5 -0.0221986 -0.821825 0.363841 3.00315e+10
-1 -0.5 1.5 0.0463698 -0.813162 0.37192 2.21364e+10
-0.5 0 1.5 0.0924817 -0.783229 0.419337 2.31955e+10
-1 0.5 1.5 0.152891 -0.773567 0.412454 1.66266e+10
-0.5 1 1.5 0.192085 -0.735792 0.455989 1.6449e+10
-1 1.5 1.5 0.244641 -0.727702 0.436098 1.15153e+10
0 -1.5 1.5 -0.0949808 -0.830521 0.339725 3.94136e+10
0.5 -1 1.5 -0.0428632 -0.809437 0.385533 4.13695e+10
0 -0.5 1.5 0.0257639 -0.795641 0.410545 3.13495e+10
0.5 0 1.5 0.0661013 -0.764708 0.451723 3.09913e+10
0 0.5 1.5 0.13175 -0.747907 0.462276 2.28502e+10
0.5 1 1.5 0.165049 -0.711099 0.498499 2.14282e+10
0 1.5 1.5 0.225311 -0.695056 0.49421 1.53836e+10
1 -1.5 1.5 -0.106423 -0.818739 0.351555 5.44286e+10
1.5 -1 1.5 -0.060433 -0.79443 0.396475 5.7258e+10
1 -0.5 1.5 0.000257058 -0.783832 0.426339 4.19422e+10
1.5 0 1.5 0.0359331 -0.75914 0.461851 4.19399e+10
1 0.5 1.5 0.100202 -0.734237 0.485945 2.96853e+10
1.5 1 1.5 0.132135 -0.689751 0.517387 2.58573e+10
1 1.5 1.5 0.195516 -0.664793 0.531357 1.85908e+10
2 -1.5 1.5 -0.113323 -0.774965 0.373224 7.60158e+10
2.5 -1 1.5 -0.0742883 -0.72881 0.426787 8.38967e+10
2 -0.5 1.5 -0.0214332 -0.768719 0.438214 6.01824e+10
2.5 0 1.5 -0.00745449 -0.712947 0.470677 5.36631e+10
2 0.5 1.5 0.0665131 -0.713191 0.494235 3.68534e+10
2.5 1 1.5 0.0849188 -0.673753 0.522248 3.31198e+10
2 1.5 1.5 0.155071 -0.646535 0.543352 2.22722e+10
