449
-2.5 -1 -1.5 -0.286152 -0.291885 0.441721 1.79938e+10
-2.5 0 -1.5 -0.262459 -0.261262 0.515219 1.89039e+10
-2.5 1 -1.5 -0.245779 -0.220981 0.574991 2.00374e+10
-2 -1.5 -1.5 -0.291885 -0.286152 0.441721 1.79938e+10
-1.5 -1 -1.5 -0.260639 -0.2591 0.522419 1.79279e+10
-2 -0.5 -1.5 -0.2591 -0.260639 0.522419 1.79279e+10
-1.5 0 -1.5 -0.230913 -0.228163 0.59917 1.7477e+10
-2 0.5 -1.5 -0.236737 -0.225019 0.590966 1.83242e+10
-1.5 1 -1.5 -0.211354 -0.189363 0.662274 1.75186e+10
-2 1.5 -1.5 -0.221888 -0.182512 0.644156 1.90017e+10
-1 -1.5 -1.5 -0.261262 -0.262459 0.515219 1.89039e+10
-0.5 -1 -1.5 -0.225019 -0.236737 0.590966 1.83242e+10
-1 -0.5 -1.5 -0.228163 -0.230913 0.59917 1.7477e+10
-0.5 0 -1.5 -0.1961 -0.202792 0.671686 1.67893e+10
-1 0.5 -1.5 -0.202792 -0.1961 0.671686 1.67893e+10
-0.5 1 -1.5 -0.17494 -0.164851 0.740063 1.60141e+10
-1 1.5 -1.5 -0.186157 -0.154925 0.729382 1.66411e+10
0 -1.5 -1.5 -0.220981 -0.245779 0.574991 2.00374e+10
0.5 -1 -1.5 -0.182512 -0.221888 0.644156 1.90017e+10
0 -0.5 -1.5 -0.189363 -0.211354 0.662274 1.75186e+10
0.5 0 -1.5 -0.154925 -0.186157 0.729382 1.66411e+10
0 0.5 -1.5 -0.164851 -0.17494 0.740063 1.60141e+10
0.5 1 -1.5 -0.134588 -0.147464 0.80395 1.5248e+10
0 1.5 -1.5 -0.147464 -0.134588 0.80395 1.5248e+10
1 -1.5 -1.5 -0.17776 -0.231741 0.619257 2.13069e+10
1.5 -1 -1.5 -0.137833 -0.210377 0.680935 1.9901e+10
1 -0.5 -1.5 -0.14537 -0.19853 0.708967 1.79183e+10
1.5 0 -1.5 -0.109985 -0.175246 0.769408 1.68909e+10
1 0.5 -1.5 -0.121982 -0.161021 0.79206 1.57892e+10
1.5 1 -1.5 -0.0907481 -0.135969 0.849188 1.50199e+10
1 1.5 -1.5 -0.105494 -0.120531 0.862139 1.45484e+10
2 -1.5 -1.5 -0.134643 -0.220262 0.648174 2.26831e+10
2.5 -1 -1.5 -0.0932219 -0.201835 0.701674 2.0965e+10
2 -0.5 -1.5 -0.0998299 -0.189135 0.738281 1.85945e+10
2.5 0 -1.5 -0.0641801 -0.16738 0.79063 1.74531e+10
2 0.5 -1.5 -0.0766699 -0.151774 0.824548 1.5978e+10
2.5 1 -1.5 -0.0456317 -0.128131 0.872566 1.52168e+10
2 1.5 -1.5 -0.0613889 -0.111169 0.898826 1.43709e+10
-2.25 -0.75 -1.25 -0.0980718 -0.0787788 0.532436 3.92542e+09
-2.25 0.25 -1.25 -0.121739 -0.0438996 0.58714 4.15717e+09
-2.25 1.25 -1.25 -0.150564 0.0026796 0.629612 4.42824e+09
-1.75 -1.25 -1.25 -0.0787788 -0.0980718 0.532436 3.92542e+09
-1.25 -0.75 -1.25 -0.0705634 -0.094081 0.597212 3.96194e+09
-1.75 -0.25 -1.25 -0.094081 -0.0705634 0.597212 3.96194e+09
-1.25 0.25 -1.25 -0.0856195 -0.0583215 0.661931 3.90514e+09
-1.75 0.75 -1.25 -0.115608 -0.029063 0.651013 4.07816e+09
-1.25 1.25 -1.25 -0.108072 -0.0142941 0.712837 3.94574e+09
-0.75 -1.25 -1.25 -0.0438996 -0.121739 0.58714 4.15717e+09
-0.25 -0.75 -1.25 -0.029063 -0.115608 0.651013 4.07816e+09
-0.75 -0.25 -1.25 -0.0583215 -0.0856195 0.661931 3.90514e+09
-0.25 0.25 -1.25 -0.0455549 -0.0758897 0.724808 3.79361e+09
-0.75 0.75 -1.25 -0.0758897 -0.0455549 0.724808 3.79361e+09
-0.25 1.25 -1.25 -0.0658549 -0.033273 0.784962 3.65709e+09
0.25 -1.25 -1.25 0.0026796 -0.150564 0.629612 4.42824e+09
0.75 -0.75 -1.25 0.0180018 -0.143764 0.689612 4.25503e+09
0.25 -0.25 -1.25 -0.0142941 -0.108072 0.712837 3.94574e+09
0.75 0.25 -1.25 -0.000497841 -0.0997938 0.771915 3.79062e+09
0.25 0.75 -1.25 -0.033273 -0.0658549 0.784962 3.65709e+09
0.75 1.25 -1.25 -0.0216622 -0.0558058 0.841323 3.51633e+09
1.25 -1.25 -1.25 0.0495 -0.181593 0.657095 4.72984e+09
1.75 -0.75 -1.25 0.063707 -0.174235 0.711773 4.48067e+09
1.25 -0.25 -1.25 0.0323091 -0.136151 0.746802 4.06239e+09
1.75 0.25 -1.25 0.0456203 -0.127699 0.80046 3.8729e+09
1.25 0.75 -1.25 0.0122547 -0.0909425 0.827311 3.63384e+09
1.75 1.25 -1.25 0.0237438 -0.082044 0.877259 3.49041e+09
2.25 -1.25 -1.25 0.0916998 -0.213907 0.669467 5.05861e+09
2.25 -0.25 -1.25 0.0772303 -0.165811 0.76308 4.24078e+09
2.25 0.75 -1.25 0.0576863 -0.118907 0.848937 3.70233e+09
-2.5 -1.5 -1 -0.31971 -0.31971 0.392671 1.41472e+10
-2.5 -0.5 -1 -0.288865 -0.296963 0.47215 1.51143e+10
-2.5 0.5 -1 -0.269017 -0.260163 0.539244 1.61883e+10
-2.5 1.5 -1 -0.253399 -0.216886 0.591287 1.72993e+10
-1.5 -1.5 -1 -0.296963 -0.288865 0.47215 1.51143e+10
-2 -1 -1 -0.29153 -0.29153 0.475828 1.47088e+10
-1.5 -0.5 -1 -0.261084 -0.261084 0.555668 1.47626e+10
-2 0 -1 -0.262556 -0.26144 0.551553 1.51213e+10
-1.5 0.5 -1 -0.235522 -0.226013 0.626808 1.47631e+10
-2 1 -1 -0.24381 -0.221257 0.613038 1.57062e+10
-1.5 1.5 -1 -0.218507 -0.183204 0.682444 1.5053e+10
-0.5 -1.5 -1 -0.260163 -0.269017 0.539244 1.61883e+10
-1 -1 -1 -0.26144 -0.262556 0.551553 1.51213e+10
-0.5 -0.5 -1 -0.226013 -0.235522 0.626808 1.47631e+10
-1 0 -1 -0.230184 -0.230184 0.631476 1.44493e+10
-0.5 0.5 -1 -0.199241 -0.199241 0.703189 1.39542e+10
-1 1 -1 -0.208027 -0.191213 0.697902 1.42276e+10
-0.5 1.5 -1 -0.180318 -0.157306 0.764713 1.36312e+10
0.5 -1.5 -1 -0.216886 -0.253399 0.591287 1.72993e+10
0 -1 -1 -0.221257 -0.24381 0.613038 1.57062e+10
0.5 -0.5 -1 -0.183204 -0.218507 0.682444 1.5053e+10
0 0 -1 -0.191213 -0.208027 0.697902 1.42276e+10
0.5 0.5 -1 -0.157306 -0.180318 0.764713 1.36312e+10
0 1 -1 -0.168545 -0.168545 0.770625 1.33932e+10
0.5 1.5 -1 -0.138336 -0.138336 0.832975 1.28338e+10
1.5 -1.5 -1 -0.172321 -0.238648 0.627912 1.8474e+10
1 -1 -1 -0.176122 -0.229615 0.658232 1.64529e+10
1.5 -0.5 -1 -0.136675 -0.206119 0.720678 1.55705e+10
1 0 -1 -0.146403 -0.193063 0.747512 1.43506e+10
1.5 0.5 -1 -0.111185 -0.167288 0.807669 1.36692e+10
1 1 -1 -0.124525 -0.152536 0.826492 1.30415e+10
1.5 1.5 -1 -0.093104 -0.124865 0.881601 1.25058e+10
2.5 -1.5 -1 -0.128065 -0.227849 0.649428 1.96557e+10
2 -1 -1 -0.129878 -0.217849 0.686966 1.73251e+10
2.5 -0.5 -1 -0.0894404 -0.196297 0.741407 1.62537e+10
2 0 -1 -0.0990556 -0.182188 0.778351 1.47319e+10
2.5 0.5 -1 -0.0636116 -0.157447 0.829977 1.3992e+10
2 1 -1 -0.0778164 -0.141144 0.861412 1.30585e+10
2.5 1.5 -1 -0.0464083 -0.114932 0.906519 1.25583e+10
-2.25 -1.25 -0.75 -0.0700355 -0.0700355 0.512319 2.95643e+09
-2.25 -0.25 -0.75 -0.091716 -0.037354 0.57155 3.19694e+09
-2.25 0.75 -0.75 -0.126005 0.0137427 0.618199 3.45804e+09
-1.25 -1.25 -0.75 -0.037354 -0.091716 0.57155 3.19694e+09
-1.75 -0.75 -0.75 -0.0658209 -0.0658209 0.576342 3.12639e+09
-1.25 -0.25 -0.75 -0.0561003 -0.0561003 0.641334 3.18469e+09
-1.75 0.25 -0.75 -0.0877078 -0.0232101 0.635793 3.2513e+09
-1.25 0.75 -0.75 -0.0819161 -0.00997827 0.698266 3.22808e+09
-1.75 1.25 -0.75 -0.122203 0.0279498 0.67927 3.41738e+09
-0.25 -1.25 -0.75 0.0137427 -0.126005 0.618199 3.45804e+09
-0.75 -0.75 -0.75 -0.0232101 -0.0877078 0.635793 3.2513e+09
-0.25 -0.25 -0.75 -0.00997827 -0.0819161 0.698266 3.22808e+09
-0.75 0.25 -0.75 -0.0460727 -0.0460727 0.704517 3.16671e+09
-0.25 0.75 -0.75 -0.0366667 -0.0366667 0.765008 3.10414e+09
-0.75 1.25 -0.75 -0.0754561 0.00165968 0.758115 3.16004e+09
0.75 -1.25 -0.75 0.0656096 -0.167053 0.648524 3.73969e+09
0.25 -0.75 -0.75 0.0279498 -0.122203 0.67927 3.41738e+09
0.75 -0.25 -0.75 0.0403076 -0.117253 0.73767 3.33091e+09
0.25 0.25 -0.75 0.00165968 -0.0754561 0.758115 3.16004e+09
0.75 0.75 -0.75 0.0120979 -0.0684732 0.814715 3.0704e+09
0.25 1.25 -0.75 -0.0277923 -0.0277923 0.822136 3.02004e+09
1.75 -1.25 -0.75 0.111563 -0.208338 0.663139 4.03773e+09
1.25 -0.75 -0.75 0.0777067 -0.162225 0.705087 3.62184e+09
1.75 -0.25 -0.75 0.0889355 -0.156072 0.758587 3.48362e+09
1.25 0.25 -0.75 0.0514461 -0.111182 0.79296 3.22338e+09
1.75 0.75 -0.75 0.0613445 -0.104593 0.843831 3.11293e+09
1.25 1.25 -0.75 0.0213631 -0.0614496 0.866704 2.97592e+09
2.25 -0.75 -0.75 0.122567 -0.202118 0.714456 3.85653e+09
2.25 0.25 -0.75 0.0991883 -0.149112 0.807871 3.34546e+09
2.25 1.25 -0.75 0.0693071 -0.0983258 0.88817 3.01264e+09
-2.5 -1 -0.5 -0.319496 -0.327455 0.425752 1.116e+10
-2.5 0 -0.5 -0.293477 -0.297792 0.499748 1.2183e+10
-2.5 1 -0.5 -0.275957 -0.256721 0.559585 1.31425e+10
-2 -1.5 -0.5 -0.327455 -0.319496 0.425752 1.116e+10
-1.5 -1 -0.5 -0.294813 -0.292341 0.507867 1.16506e+10
-2 -0.5 -0.5 -0.292341 -0.294813 0.507867 1.16506e+10
-1.5 0 -0.5 -0.263521 -0.261165 0.58658 1.16913e+10
-2 0.5 -0.5 -0.268092 -0.259318 0.577437 1.21777e+10
-1.5 1 -0.5 -0.24112 -0.22112 0.651166 1.19227e+10
-2 1.5 -0.5 -0.250562 -0.215364 0.631379 1.2799e+10
-1 -1.5 -0.5 -0.297792 -0.293477 0.499748 1.2183e+10
-0.5 -1 -0.5 -0.259318 -0.268092 0.577437 1.21777e+10
-1 -0.5 -0.5 -0.261165 -0.263521 0.58658 1.16913e+10
-0.5 0 -0.5 -0.227035 -0.233439 0.661446 1.14846e+10
-1 0.5 -0.5 -0.233439 -0.227035 0.661446 1.14846e+10
-0.5 1 -0.5 -0.202834 -0.192953 0.732121 1.11534e+10
-1 1.5 -0.5 -0.213503 -0.183531 0.720637 1.15432e+10
0 -1.5 -0.5 -0.256721 -0.275957 0.559585 1.31425e+10
0.5 -1 -0.5 -0.215364 -0.250562 0.631379 1.2799e+10
0 -0.5 -0.5 -0.22112 -0.24112 0.651166 1.19227e+10
0.5 0 -0.5 -0.183531 -0.213503 0.720637 1.15432e+10
0 0.5 -0.5 -0.192953 -0.202834 0.732121 1.11534e+10
0.5 1 -0.5 -0.159299 -0.172101 0.798095 1.07665e+10
0 1.5 -0.5 -0.172101 -0.159299 0.798095 1.07665e+10
1 -1.5 -0.5 -0.211211 -0.259156 0.60401 1.41243e+10
1.5 -1 -0.5 -0.167855 -0.23604 0.668427 1.35084e+10
1 -0.5 -0.5 -0.174734 -0.22513 0.698686 1.23247e+10
1.5 0 -0.5 -0.135442 -0.199255 0.761352 1.17998e+10
1 0.5 -0.5 -0.146942 -0.185422 0.785444 1.11102e+10
1.5 1 -0.5 -0.111717 -0.156819 0.844446 1.06769e+10
1 1.5 -0.5 -0.126392 -0.141451 0.858104 1.03734e+10
2 -1.5 -0.5 -0.165164 -0.244191 0.633061 1.51038e+10
2.5 -1 -0.5 -0.120002 -0.22425 0.68917 1.42484e+10
2 -0.5 -0.5 -0.125899 -0.212571 0.728192 1.28439e+10
2.5 0 -0.5 -0.0858586 -0.1876 0.782759 1.2206e+10
2 0.5 -0.5 -0.0979074 -0.172409 0.818485 1.12858e+10
2.5 1 -0.5 -0.0623117 -0.144828 0.868152 1.08352e+10
2 1.5 -0.5 -0.0779822 -0.127961 0.895639 1.02931e+10
-2.25 -0.75 -0.25 -0.0668869 -0.0404838 0.551794 2.27186e+09
-2.25 0.25 -0.25 -0.0963692 0.013496 0.606734 2.5113e+09
-2.25 1.25 -0.25 -0.144361 0.0715068 0.641808 2.76102e+09
-1.75 -1.25 -0.25 -0.0404838 -0.0668869 0.551794 2.27186e+09
-1.25 -0.75 -0.25 -0.026369 -0.0607216 0.618137 2.41902e+09
-1.75 -0.25 -0.25 -0.0607216 -0.026369 0.618137 2.41902e+09
-1.25 0.25 -0.25 -0.0540936 -0.0142542 0.681957 2.48164e+09
-1.75 0.75 -0.25 -0.0956652 0.0281042 0.668841 2.5724e+09
-1.25 1.25 -0.25 -0.0931536 0.0394286 0.728162 2.5748e+09
-0.75 -1.25 -0.25 0.013496 -0.0963692 0.606734 2.5113e+09
-0.25 -0.75 -0.25 0.0281042 -0.0956652 0.668841 2.5724e+09
-0.75 -0.25 -0.25 -0.0142542 -0.0540936 0.681957 2.48164e+09
-0.25 0.25 -0.25 -0.00438163 -0.0478716 0.742657 2.4879e+09
-0.75 0.75 -0.25 -0.0478716 -0.00438163 0.742657 2.4879e+09
-0.25 1.25 -0.25 -0.0416643 0.00408413 0.800071 2.46038e+09
0.25 -1.25 -0.25 0.0715068 -0.144361 0.641808 2.76102e+09
0.75 -0.75 -0.25 0.082779 -0.142993 0.699555 2.75239e+09
0.25 -0.25 -0.25 0.0394286 -0.0931536 0.728162 2.5748e+09
0.75 0.25 -0.25 0.0490976 -0.0890431 0.784572 2.54104e+09
0.25 0.75 -0.25 0.00408413 -0.0416643 0.800071 2.46038e+09
0.75 1.25 -0.25 0.0116968 -0.0355115 0.853445 2.41501e+09
1.25 -1.25 -0.25 0.123091 -0.195632 0.658932 3.02221e+09
1.75 -0.75 -0.25 0.132549 -0.191899 0.712286 2.95397e+09
1.25 -0.25 -0.25 0.092679 -0.139454 0.754534 2.7046e+09
1.75 0.25 -0.25 0.101488 -0.134634 0.805823 2.638e+09
1.25 0.75 -0.25 0.0576351 -0.0841144 0.837139 2.48884e+09
1.75 1.25 -0.25 0.0640663 -0.0794491 0.883979 2.43148e+09
2.25 -1.25 -0.25 0.165854 -0.244401 0.661329 3.28979e+09
2.25 -0.25 -0.25 0.141371 -0.186484 0.762086 2.86506e+09
2.25 0.75 -0.25 0.108333 -0.129482 0.851651 2.56739e+09
-2.5 -1.5 0 -0.354736 -0.354736 0.376602 7.5645e+09
-2.5 -0.5 0 -0.322068 -0.331776 0.456415 8.52675e+09
-2.5 0.5 0 -0.299801 -0.296384 0.524081 9.34368e+09
-2.5 1.5 0 -0.281018 -0.251813 0.576656 1.01477e+10
-1.5 -1.5 0 -0.331776 -0.322068 0.456415 8.52675e+09
-2 -1 0 -0.326384 -0.326384 0.460089 8.35638e+09
-1.5 -0.5 0 -0.295653 -0.295653 0.541509 8.68747e+09
-2 0 0 -0.296492 -0.295694 0.537112 8.85415e+09
-1.5 0.5 0 -0.267595 -0.258665 0.614796 8.90945e+09
-2 1 0 -0.273645 -0.255192 0.600064 9.37935e+09
-1.5 1.5 0 -0.246455 -0.213977 0.671986 9.23922e+09
-0.5 -1.5 0 -0.296384 -0.299801 0.524081 9.34368e+09
-1 -1 0 -0.295694 -0.296492 0.537112 8.85415e+09
-0.5 -0.5 0 -0.258665 -0.267595 0.614796 8.90945e+09
-1 0 0 -0.262818 -0.262818 0.619839 8.7507e+09
-0.5 0.5 0 -0.229073 -0.229073 0.694166 8.65641e+09
-1 1 0 -0.237349 -0.221228 0.6885 8.8036e+09
-0.5 1.5 0 -0.206631 -0.183944 0.757686 8.59786e+09
0.5 -1.5 0 -0.251813 -0.281018 0.576656 1.01477e+10
0 -1 0 -0.255192 -0.273645 0.600064 9.37935e+09
0.5 -0.5 0 -0.213977 -0.246455 0.671986 9.23922e+09
0 0 0 -0.221228 -0.237349 0.6885 8.8036e+09
0.5 0.5 0 -0.183944 -0.206631 0.757686 8.59786e+09
0 1 0 -0.195101 -0.195101 0.763981 8.46555e+09
0.5 1.5 0 -0.16127 -0.16127 0.828356 8.22037e+09
1.5 -1.5 0 -0.203906 -0.262564 0.613528 1.09434e+10
1 -1 0 -0.207639 -0.256002 0.646038 9.95515e+09
1.5 -0.5 0 -0.164329 -0.230849 0.710813 9.63886e+09
1 0 0 -0.17346 -0.218717 0.739385 8.99053e+09
1.5 0.5 0 -0.134272 -0.189827 0.80164 8.68982e+09
1 1 0 -0.147434 -0.175395 0.821506 8.33845e+09
1.5 1.5 0 -0.111804 -0.143767 0.878318 8.08003e+09
2.5 -1.5 0 -0.156284 -0.249042 0.634917 1.16618e+10
2 -1 0 -0.157944 -0.241058 0.67489 1.05375e+10
2.5 -0.5 0 -0.113329 -0.21715 0.731763 1.00775e+10
2 0 0 -0.122524 -0.204131 0.77072 9.27091e+09
2.5 0.5 0 -0.0824554 -0.175873 0.824267 8.91343e+09
2 1 0 -0.0965019 -0.159936 0.857159 8.39418e+09
2.5 1.5 0 -0.0603915 -0.129667 0.903569 8.14141e+09
-2.25 -1.25 0.25 -0.0490868 -0.0490868 0.523813 1.47256e+09
-2.25 -0.25 0.25 -0.0692714 0.00360334 0.590902 1.69118e+09
-2.25 0.75 0.25 -0.114895 0.0660843 0.635418 1.90063e+09
-1.25 -1.25 0.25 0.00360334 -0.0692714 0.590902 1.69118e+09
-1.75 -0.75 0.25 -0.0358549 -0.0358549 0.595863 1.66478e+09
-1.25 -0.25 0.25 -0.0256778 -0.0256778 0.662616 1.78264e+09
-1.75 0.25 0.25 -0.0682743 0.0190359 0.656033 1.81192e+09
-1.25 0.75 0.25 -0.0665252 0.0299352 0.717005 1.87448e+09
-1.75 1.25 0.25 -0.117843 0.0778546 0.694214 1.96559e+09
-0.25 -1.25 0.25 0.0660843 -0.114895 0.635418 1.90063e+09
-0.75 -0.75 0.25 0.0190359 -0.0682743 0.656033 1.81192e+09
-0.25 -0.25 0.25 0.0299352 -0.0665252 0.717005 1.87448e+09
-0.75 0.25 0.25 -0.0180555 -0.0180555 0.724697 1.84398e+09
-0.25 0.75 0.25 -0.0118547 -0.0118547 0.78276 1.86719e+09
-0.75 1.25 0.25 -0.0632205 0.038447 0.774555 1.89665e+09
0.75 -1.25 0.25 0.124392 -0.174846 0.656881 2.11844e+09
0.25 -0.75 0.25 0.0778546 -0.117843 0.694214 1.96559e+09
0.75 -0.25 0.25 0.087461 -0.117046 0.750377 1.98524e+09
0.25 0.25 0.25 0.038447 -0.0632205 0.774555 1.89665e+09
0.75 0.75 0.25 0.046289 -0.0589203 0.828511 1.89271e+09
0.25 1.25 0.25 -0.00561891 -0.00561891 0.83714 1.86504e+09
1.75 -1.25 0.25 0.174058 -0.231721 0.661754 2.34043e+09
1.25 -0.75 0.25 0.133819 -0.174465 0.711662 2.13327e+09
1.75 -0.25 0.25 0.141989 -0.171657 0.763152 2.11617e+09
1.25 0.25 0.25 0.0959357 -0.114251 0.803179 1.97641e+09
1.75 0.75 0.25 0.101944 -0.110724 0.851028 1.95198e+09
1.25 1.25 0.25 0.0517985 -0.0551309 0.877171 1.87394e+09
2.25 -0.75 0.25 0.181834 -0.229234 0.711785 2.31181e+09
2.25 0.25 0.25 0.148238 -0.167314 0.81003 2.08198e+09
2.25 1.25 0.25 0.10542 -0.107561 0.892118 1.92222e+09
-2.5 -1 0.5 -0.356788 -0.363582 0.409487 5.52253e+09
-2.5 0 0.5 -0.327673 -0.333895 0.48443 6.19956e+09
-2.5 1 0.5 -0.304101 -0.293718 0.545784 6.84583e+09
-2 -1.5 0.5 -0.363582 -0.356788 0.409487 5.52253e+09
-1.5 -1 0.5 -0.331316 -0.330059 0.492165 6.01139e+09
-2 -0.5 0.5 -0.330059 -0.331316 0.492165 6.01139e+09
-1.5 0 0.5 -0.298592 -0.296185 0.573252 6.26375e+09
-2 0.5 0.5 -0.300558 -0.294499 0.56391 6.46375e+09
-1.5 1 0.5 -0.271104 -0.253945 0.640141 6.55552e+09
-2 1.5 0.5 -0.277755 -0.249132 0.619505 6.93578e+09
-1 -1.5 0.5 -0.333895 -0.327673 0.48443 6.19956e+09
-0.5 -1 0.5 -0.294499 -0.300558 0.56391 6.46375e+09
-1 -0.5 0.5 -0.296185 -0.298592 0.573252 6.26375e+09
-0.5 0 0.5 -0.259554 -0.265286 0.65087 6.35624e+09
-1 0.5 0.5 -0.265286 -0.259554 0.65087 6.35624e+09
-0.5 1 0.5 -0.231558 -0.222106 0.724193 6.33297e+09
-1 1.5 0.5 -0.241195 -0.212911 0.712081 6.5178e+09
0 -1.5 0.5 -0.293718 -0.304101 0.545784 6.84583e+09
0.5 -1 0.5 -0.249132 -0.277755 0.619505 6.93578e+09
0 -0.5 0.5 -0.253945 -0.271104 0.640141 6.55552e+09
0.5 0 0.5 -0.212911 -0.241195 0.712081 6.5178e+09
0 0.5 0.5 -0.222106 -0.231558 0.724193 6.33297e+09
0.5 1 0.5 -0.18486 -0.197431 0.792437 6.22224e+09
0 1.5 0.5 -0.197431 -0.18486 0.792437 6.22224e+09
1 -1.5 0.5 -0.244973 -0.282778 0.590973 7.47535e+09
1.5 -1 0.5 -0.198179 -0.259803 0.657144 7.38992e+09
1 -0.5 0.5 -0.204732 -0.25125 0.688955 6.87525e+09
1.5 0 0.5 -0.161556 -0.222893 0.753839 6.7216e+09
1 0.5 0.5 -0.172668 -0.210091 0.779128 6.39143e+09
1.5 1 0.5 -0.133168 -0.177761 0.840095 6.23343e+09
1 1.5 0.5 -0.147803 -0.162783 0.854381 6.08016e+09
2 -1.5 0.5 -0.195041 -0.264591 0.620153 8.03863e+09
2.5 -1 0.5 -0.146468 -0.24364 0.678355 7.80945e+09
2 -0.5 0.5 -0.152366 -0.234508 0.719112 7.20009e+09
2.5 0 0.5 -0.1077 -0.206677 0.7758 6.96894e+09
2 0.5 0.5 -0.119525 -0.192692 0.812998 6.53342e+09
2.5 1 0.5 -0.0790588 -0.161463 0.864171 6.35141e+09
2 1.5 0.5 -0.0947435 -0.144882 0.892771 6.07947e+09
-2.25 -0.75 0.75 -0.0475688 -0.0112606 0.56628 1.04295e+09
-2.25 0.25 0.75 -0.0845325 0.0504226 0.625071 1.21662e+09
-2.25 1.25 0.75 -0.146799 0.113337 0.655365 1.38748e+09
-1.75 -1.25 0.75 -0.0112606 -0.0475688 0.56628 1.04295e+09
-1.25 -0.75 0.75 0.00334776 -0.0422499 0.638358 1.18318e+09
-1.75 -0.25 0.75 -0.0422499 0.00334776 0.638358 1.18318e+09
-1.25 0.25 0.75 -0.0387106 0.0130739 0.702764 1.27743e+09
-1.75 0.75 0.75 -0.0903611 0.0634316 0.686769 1.31521e+09
-1.25 1.25 0.75 -0.0912101 0.0731531 0.744734 1.37451e+09
-0.75 -1.25 0.75 0.0504226 -0.0845325 0.625071 1.21662e+09
-0.25 -0.75 0.75 0.0634316 -0.0903611 0.686769 1.31521e+09
-0.75 -0.25 0.75 0.0130739 -0.0387106 0.702764 1.27743e+09
-0.25 0.25 0.75 0.0193698 -0.0353837 0.761681 1.33561e+09
-0.75 0.75 0.75 -0.0353837 0.0193698 0.761681 1.33561e+09
-0.25 1.25 0.75 -0.030476 0.0267866 0.817181 1.36649e+09
0.25 -1.25 0.75 0.113337 -0.146799 0.655365 1.38748e+09
0.75 -0.75 0.75 0.124551 -0.150587 0.711579 1.45089e+09
0.25 -0.25 0.75 0.0731531 -0.0912101 0.744734 1.37451e+09
0.75 0.25 0.75 0.0823808 -0.0893544 0.799292 1.40469e+09
0.25 0.75 0.75 0.0267866 -0.030476 0.817181 1.36649e+09
0.75 1.25 0.75 0.0318604 -0.0267525 0.867305 1.37774e+09
1.25 -1.25 0.75 0.172207 -0.211622 0.664671 1.56212e+09
1.75 -0.75 0.75 0.180344 -0.212632 0.71618 1.59269e+09
1.25 -0.25 0.75 0.133917 -0.150771 0.764586 1.48097e+09
1.75 0.25 0.75 0.140081 -0.148625 0.81308 1.48856e+09
1.25 0.75 0.75 0.0881873 -0.0869525 0.848724 1.41472e+09
1.75 1.25 0.75 0.0912018 -0.0847346 0.89191 1.41274e+09
2.25 -1.25 0.75 0.218041 -0.272208 0.658445 1.73583e+09
2.25 -0.25 0.75 0.186494 -0.21022 0.763696 1.59675e+09
2.25 0.75 0.75 0.143573 -0.145623 0.85569 1.48294e+09
-2.5 -1.5 1 -0.395883 -0.395883 0.360613 3.27059e+09
-2.5 -0.5 1 -0.363213 -0.370303 0.440487 3.81325e+09
-2.5 0.5 1 -0.330472 -0.33522 0.510897 4.32029e+09
-2.5 1.5 1 -0.304472 -0.288582 0.5653 4.8122e+09
-1.5 -1.5 1 -0.370303 -0.363213 0.440487 3.81325e+09
-2 -1 1 -0.368022 -0.368022 0.443524 3.7719e+09
-1.5 -0.5 1 -0.334074 -0.334074 0.527021 4.11232e+09
-2 0 1 -0.33282 -0.33356 0.522969 4.16721e+09
-1.5 0.5 1 -0.300082 -0.294694 0.602924 4.3851e+09
-2 1 1 -0.302219 -0.291738 0.588355 4.55809e+09
-1.5 1.5 1 -0.274416 -0.246828 0.662104 4.65554e+09
-0.5 -1.5 1 -0.33522 -0.330472 0.510897 4.32029e+09
-1 -1 1 -0.33356 -0.33282 0.522969 4.16721e+09
-0.5 -0.5 1 -0.294694 -0.300082 0.602924 4.3851e+09
-1 0 1 -0.297993 -0.297993 0.607882 4.32346e+09
-0.5 0.5 1 -0.260929 -0.260929 0.684909 4.42798e+09
-1 1 1 -0.267702 -0.253658 0.679055 4.4863e+09
-0.5 1.5 1 -0.234111 -0.212893 0.750593 4.48393e+09
0.5 -1.5 1 -0.288582 -0.304472 0.5653 4.8122e+09
0 -1 1 -0.291738 -0.302219 0.588355 4.55809e+09
0.5 -0.5 1 -0.246828 -0.274416 0.662104 4.65554e+09
0 0 1 -0.253658 -0.267702 0.679055 4.4863e+09
0.5 0.5 1 -0.212893 -0.234111 0.750593 4.48393e+09
0 1 1 -0.223579 -0.223579 0.757159 4.42847e+09
0.5 1.5 1 -0.18561 -0.18561 0.823736 4.38126e+09
1.5 -1.5 1 -0.236598 -0.282626 0.60276 5.23485e+09
1 -1 1 -0.240819 -0.280765 0.635568 4.91309e+09
1.5 -0.5 1 -0.194068 -0.253946 0.702266 4.90162e+09
1 0 1 -0.202865 -0.244285 0.731674 4.64724e+09
1.5 0.5 1 -0.159319 -0.212055 0.796072 4.58628e+09
1 1 1 -0.172169 -0.198994 0.816618 4.43324e+09
1.5 1.5 1 -0.131786 -0.163224 0.875171 4.36368e+09
2.5 -1.5 1 -0.184527 -0.263653 0.625213 5.59425e+09
2 -1 1 -0.18753 -0.260393 0.665628 5.22594e+09
2.5 -0.5 1 -0.13864 -0.23483 0.724262 5.13566e+09
2 0 1 -0.147831 -0.224583 0.764194 4.82654e+09
2.5 0.5 1 -0.102714 -0.193388 0.819339 4.7263e+09
2 1 1 -0.116606 -0.178585 0.853271 4.50411e+09
2.5 1.5 1 -0.0754413 -0.14441 0.900821 4.42206e+09
-2.25 -1.25 1.25 -0.0240248 -0.0240248 0.528656 5.77092e+08
-2.25 -0.25 1.25 -0.0589567 0.0295576 0.605586 7.1436e+08
-2.25 0.75 1.25 -0.11564 0.0910385 0.650344 8.45247e+08
-1.25 -1.25 1.25 0.0295576 -0.0589567 0.605586 7.1436e+08
-1.75 -0.75 1.25 -0.0160648 -0.0160648 0.612384 7.05248e+08
-1.25 -0.25 1.25 -0.010732 -0.010732 0.68269 8.0729e+08
-1.75 0.25 1.25 -0.0624757 0.0426558 0.674875 8.16704e+08
-1.25 0.75 1.25 -0.0641526 0.0497137 0.735432 8.92206e+08
-1.75 1.25 1.25 -0.122964 0.104726 0.70965 9.25256e+08
-0.25 -1.25 1.25 0.0910385 -0.11564 0.650344 8.45247e+08
-0.75 -0.75 1.25 0.0426558 -0.0624757 0.674875 8.16704e+08
-0.25 -0.25 1.25 0.0497137 -0.0641526 0.735432 8.92206e+08
-0.75 0.25 1.25 -0.00795875 -0.00795875 0.74377 8.81079e+08
-0.25 0.75 1.25 -0.000572443 -0.000572444 0.801916 9.31899e+08
-0.75 1.25 1.25 -0.0617383 0.0598741 0.792663 9.43774e+08
0.75 -1.25 1.25 0.157244 -0.184739 0.668196 9.76593e+08
0.25 -0.75 1.25 0.104726 -0.122964 0.70965 9.25256e+08
0.75 -0.25 1.25 0.117386 -0.125079 0.76529 9.78592e+08
0.25 0.25 1.25 0.0598741 -0.0617383 0.792663 9.43774e+08
0.75 0.75 1.25 0.0661006 -0.0596516 0.843853 9.7503e+08
0.25 1.25 1.25 0.00430867 0.00430867 0.853717 9.62756e+08
1.75 -1.25 1.25 0.213464 -0.250707 0.666839 1.10706e+09
1.25 -0.75 1.25 0.168624 -0.190135 0.721534 1.03489e+09
1.75 -0.25 1.25 0.175683 -0.190673 0.770497 1.06906e+09
1.25 0.25 1.25 0.124204 -0.124866 0.815348 1.01087e+09
1.75 0.75 1.25 0.127889 -0.123317 0.85963 1.02772e+09
1.25 1.25 1.25 0.0691201 -0.0578649 0.888684 9.92386e+08
2.25 -0.75 1.25 0.220402 -0.253476 0.714196 1.1443e+09
2.25 0.25 1.25 0.179964 -0.188727 0.814156 1.08555e+09
2.25 1.25 1.25 0.129144 -0.1216 0.89702 1.03544e+09
-2.5 -1 1.5 -0.406325 -0.410798 0.393242 2.14469e+09
-2.5 0 1.5 -0.363427 -0.376116 0.471675 2.53068e+09
-2.5 1 1.5 -0.328209 -0.334691 0.535938 2.90987e+09
-2 -1.5 1.5 -0.410798 -0.406325 0.393242 2.14469e+09
-1.5 -1 1.5 -0.373942 -0.371387 0.477726 2.48736e+09
-2 -0.5 1.5 -0.371387 -0.373942 0.477726 2.48736e+09
-1.5 0 1.5 -0.335126 -0.335462 0.56058 2.74506e+09
-2 0.5 1.5 -0.33062 -0.335802 0.55232 2.80602e+09
-1.5 1 1.5 -0.301868 -0.290631 0.629654 2.98078e+09
-2 1.5 1.5 -0.30445 -0.285851 0.609557 3.09064e+09
-1 -1.5 1.5 -0.376116 -0.363427 0.471675 2.53068e+09
-0.5 -1 1.5 -0.335802 -0.33062 0.55232 2.80602e+09
-1 -0.5 1.5 -0.335462 -0.335126 0.56058 2.74506e+09
-0.5 0 1.5 -0.295026 -0.299673 0.640193 2.92002e+09
-1 0.5 1.5 -0.299673 -0.295026 0.640193 2.92002e+09
-0.5 1 1.5 -0.262936 -0.254457 0.71577 2.99092e+09
-1 1.5 1.5 -0.269903 -0.246201 0.703554 3.05419e+09
0 -1.5 1.5 -0.334691 -0.328209 0.535938 2.90987e+09
0.5 -1 1.5 -0.285851 -0.30445 0.609557 3.09064e+09
0 -0.5 1.5 -0.290631 -0.301868 0.629654 2.98078e+09
0.5 0 1.5 -0.246201 -0.269903 0.703554 3.05419e+09
0 0.5 1.5 -0.254457 -0.262936 0.71577 2.99092e+09
0.5 1 1.5 -0.213075 -0.22442 0.786457 3.01202e+09
0 1.5 1.5 -0.22442 -0.213075 0.786457 3.01202e+09
1 -1.5 1.5 -0.281365 -0.304152 0.58214 3.21945e+09
1.5 -1 1.5 -0.231828 -0.279644 0.649356 3.32127e+09
1 -0.5 1.5 -0.238577 -0.275791 0.6806 3.17202e+09
1.5 0 1.5 -0.191047 -0.244604 0.747483 3.19371e+09
1 0.5 1.5 -0.201658 -0.235006 0.772943 3.07562e+09
1.5 1 1.5 -0.157051 -0.199057 0.835807 3.06535e+09
1 1.5 1.5 -0.171188 -0.18536 0.85045 3.00582e+09
2 -1.5 1.5 -0.227481 -0.278487 0.613684 3.47971e+09
2.5 -1 1.5 -0.17527 -0.256949 0.672417 3.51553e+09
2 -0.5 1.5 -0.18189 -0.25269 0.712716 3.34706e+09
2.5 0 1.5 -0.132171 -0.223296 0.770528 3.32734e+09
2 0.5 1.5 -0.143848 -0.21178 0.808219 3.17777e+09
2.5 1 1.5 -0.0980528 -0.177355 0.860581 3.144e+09
2 1.5 1.5 -0.11345 -0.162128 0.889863 3.03786e+09
