449
-2.5 -1 -1.5 0.0392434 -0.510898 -0.318008 3.02934e+09
-2.5 0 -1.5 -0.0140576 -0.434626 -0.22515 4.74282e+09
-2.5 1 -1.5 -0.129957 -0.469605 -0.130007 8.66826e+09
-2 -1.5 -1.5 -0.111918 -0.60409 -0.337937 3.62108e+09
-1.5 -1 -1.5 -0.209442 -0.595602 -0.297176 6.2304e+09
-2 -0.5 -1.5 -0.0860788 -0.523674 -0.281044 5.39912e+09
-1.5 0 -1.5 -0.230925 -0.550061 -0.228012 1.02063e+10
-2 0.5 -1.5 -0.177198 -0.509915 -0.1871 9.46517e+09
-1.5 1 -1.5 -0.339359 -0.549582 -0.132005 1.93721e+10
-2 1.5 -1.5 -0.281971 -0.512152 -0.0847137 1.80529e+10
-1 -1.5 -1.5 -0.350267 -0.621127 -0.269158 7.05308e+09
-0.5 -1 -1.5 -0.436289 -0.602102 -0.215103 1.20106e+10
-1 -0.5 -1.5 -0.325214 -0.590837 -0.240585 1.11812e+10
-0.5 0 -1.5 -0.448941 -0.578002 -0.168828 2.07958e+10
-1 0.5 -1.5 -0.378491 -0.562802 -0.160137 1.99592e+10
-0.5 1 -1.5 -0.500339 -0.531288 -0.067654 3.83328e+10
-1 1.5 -1.5 -0.472641 -0.509185 -0.0375426 3.77633e+10
0 -1.5 -1.5 -0.548332 -0.579028 -0.157763 1.27322e+10
0.5 -1 -1.5 -0.615703 -0.548919 -0.0979462 2.08735e+10
0 -0.5 -1.5 -0.529368 -0.574243 -0.148275 2.08285e+10
0.5 0 -1.5 -0.619474 -0.534553 -0.0703181 3.6194e+10
0 0.5 -1.5 -0.560348 -0.543294 -0.0824164 3.85737e+10
0.5 1 -1.5 -0.629572 -0.474395 0.024636 6.59768e+10
0 1.5 -1.5 -0.52844 -0.450729 0.0616837 6.89647e+10
1 -1.5 -1.5 -0.691865 -0.49573 -0.0314404 2.04572e+10
1.5 -1 -1.5 -0.738816 -0.457843 0.0276429 3.14515e+10
1 -0.5 -1.5 -0.682122 -0.507807 -0.0302517 3.40806e+10
1.5 0 -1.5 -0.738869 -0.453015 0.0443124 5.36709e+10
1 0.5 -1.5 -0.690487 -0.477539 0.0188103 5.9794e+10
1.5 1 -1.5 -0.70027 -0.387611 0.130151 8.40369e+10
1 1.5 -1.5 -0.591354 -0.406903 0.143854 9.54518e+10
2 -1.5 -1.5 -0.783339 -0.389172 0.0907299 2.85482e+10
2.5 -1 -1.5 -0.810234 -0.34419 0.146761 4.00195e+10
2 -0.5 -1.5 -0.779287 -0.406784 0.0906716 4.64807e+10
2.5 0 -1.5 -0.804756 -0.341018 0.159999 6.36307e+10
2 0.5 -1.5 -0.768133 -0.378455 0.130875 7.53183e+10
2.5 1 -1.5 -0.747835 -0.303759 0.222568 9.56198e+10
2 1.5 -1.5 -0.638958 -0.345891 0.224223 1.14322e+11
-2.25 -0.75 -1.25 0.523224 -0.595126 -0.41471 1.18066e+09
-2.25 0.25 -1.25 0.598922 -0.342039 -0.285461 1.36619e+09
-2.25 1.25 -1.25 0.351711 -0.208672 -0.0798698 1.79862e+09
-1.75 -1.25 -1.25 0.258539 -0.78028 -0.438468 1.53356e+09
-1.25 -0.75 -1.25 0.237465 -0.755252 -0.424456 2.17449e+09
-1.75 -0.25 -1.25 0.473317 -0.560026 -0.390712 1.70174e+09
-1.25 0.25 -1.25 0.351544 -0.558927 -0.330354 2.5493e+09
-1.75 0.75 -1.25 0.422657 -0.399471 -0.232384 2.09725e+09
-1.25 1.25 -1.25 0.155912 -0.465676 -0.148579 3.29608e+09
-0.75 -1.25 -1.25 -0.0177225 -0.853483 -0.369632 2.67166e+09
-0.25 -0.75 -1.25 -0.0511567 -0.836344 -0.334826 3.71802e+09
-0.75 -0.25 -1.25 0.166808 -0.742239 -0.379155 3.15302e+09
-0.25 0.25 -1.25 0.0420736 -0.72956 -0.29669 4.62777e+09
-0.75 0.75 -1.25 0.141981 -0.551089 -0.2271 3.82431e+09
-0.25 1.25 -1.25 -0.134188 -0.489098 -0.0747621 5.98493e+09
0.25 -1.25 -1.25 -0.263814 -0.863571 -0.225832 4.27371e+09
0.75 -0.75 -1.25 -0.303763 -0.841829 -0.175765 5.81315e+09
0.25 -0.25 -1.25 -0.120284 -0.812511 -0.270498 5.26184e+09
0.75 0.25 -1.25 -0.216806 -0.75911 -0.176223 7.21509e+09
0.25 0.75 -1.25 -0.127894 -0.680376 -0.170014 6.68146e+09
0.75 1.25 -1.25 -0.229354 -0.529554 -0.00685344 9.06572e+09
1.25 -1.25 -1.25 -0.447431 -0.814274 -0.04698 6.02516e+09
1.75 -0.75 -1.25 -0.484024 -0.778695 0.00524521 7.76506e+09
1.25 -0.25 -1.25 -0.36255 -0.804577 -0.10805 7.84728e+09
1.75 0.25 -1.25 -0.420139 -0.732328 -0.0290806 9.66502e+09
1.25 0.75 -1.25 -0.35135 -0.670169 -0.0496458 9.49579e+09
1.75 1.25 -1.25 -0.36653 -0.558725 0.0670753 1.23675e+10
2.25 -1.25 -1.25 -0.567033 -0.720093 0.130242 7.30241e+09
2.25 -0.25 -1.25 -0.524733 -0.725506 0.0617327 9.5932e+09
2.25 0.75 -1.25 -0.490764 -0.638323 0.0647097 1.17488e+10
-2.5 -1.5 -1 0.213548 -0.603257 -0.402955 1.36952e+09
-2.5 -0.5 -1 0.235279 -0.431586 -0.321683 1.95421e+09
-2.5 0.5 -1 0.0891757 -0.393408 -0.198239 3.39913e+09
-2.5 1.5 -1 -0.0957229 -0.490068 -0.116252 7.02077e+09
-1.5 -1.5 -1 -0.0589489 -0.695664 -0.372488 2.68563e+09
-2 -1 -1 0.12002 -0.589462 -0.377175 2.27717e+09
-1.5 -0.5 -1 -0.0180929 -0.599638 -0.327147 4.06193e+09
-2 0 -1 0.0595814 -0.495325 -0.277345 3.7041e+09
-1.5 0.5 -1 -0.136726 -0.565448 -0.220261 7.49217e+09
-2 1 -1 -0.101074 -0.509757 -0.164794 7.11584e+09
-1.5 1.5 -1 -0.289932 -0.530577 -0.0948975 1.47468e+10
-0.5 -1.5 -1 -0.316329 -0.708444 -0.276181 5.0296e+09
-1 -1 -1 -0.157859 -0.680572 -0.326534 4.53468e+09
-0.5 -0.5 -1 -0.286485 -0.666457 -0.258992 8.06841e+09
-1 0 -1 -0.185798 -0.619894 -0.257949 7.73156e+09
-0.5 0.5 -1 -0.35685 -0.615802 -0.172493 1.49637e+10
-1 1 -1 -0.32943 -0.585304 -0.143366 1.52661e+10
-0.5 1.5 -1 -0.476211 -0.524062 -0.0292935 2.9043e+10
0.5 -1.5 -1 -0.52698 -0.65553 -0.144514 8.64645e+09
0 -1 -1 -0.405719 -0.681904 -0.218722 8.36327e+09
0.5 -0.5 -1 -0.508472 -0.644563 -0.145575 1.42299e+10
0 0 -1 -0.426956 -0.638441 -0.174141 1.47193e+10
0.5 0.5 -1 -0.551764 -0.583298 -0.0745095 2.60126e+10
0 1 -1 -0.49377 -0.568084 -0.065633 2.8101e+10
0.5 1.5 -1 -0.517808 -0.495201 0.0596334 4.83985e+10
1.5 -1.5 -1 -0.67815 -0.559628 -0.0065072 1.31337e+10
1 -1 -1 -0.598714 -0.61785 -0.0840455 1.37817e+10
1.5 -0.5 -1 -0.671522 -0.565394 -0.0140725 2.16662e+10
1 0 -1 -0.60761 -0.589318 -0.0600078 2.36666e+10
1.5 0.5 -1 -0.681859 -0.504285 0.03903 3.57502e+10
1 1 -1 -0.620723 -0.497097 0.0373101 4.12756e+10
1.5 1.5 -1 -0.583154 -0.442947 0.148614 6.12362e+10
2.5 -1.5 -1 -0.773666 -0.438759 0.121712 1.71557e+10
2 -1 -1 -0.728751 -0.512867 0.0510921 1.9398e+10
2.5 -0.5 -1 -0.773008 -0.447974 0.115273 2.70151e+10
2 0 -1 -0.732089 -0.489216 0.0660807 3.12776e+10
2.5 0.5 -1 -0.764548 -0.391948 0.155681 4.08818e+10
2 1 -1 -0.696574 -0.412392 0.142924 4.9296e+10
2.5 1.5 -1 -0.638275 -0.385456 0.227697 6.96996e+10
-2.25 -1.25 -0.75 0.522669 -0.626837 -0.488552 6.94506e+08
-2.25 -0.25 -0.75 0.708915 -0.315309 -0.405528 7.88174e+08
-2.25 0.75 -0.75 0.620471 -0.0682029 -0.204023 9.5976e+08
-1.25 -1.25 -0.75 0.241251 -0.782279 -0.476183 1.23344e+09
-1.75 -0.75 -0.75 0.518234 -0.583806 -0.488236 9.86884e+08
-1.25 -0.25 -0.75 0.466688 -0.572962 -0.456766 1.425e+09
-1.75 0.25 -0.75 0.615655 -0.337311 -0.369839 1.1612e+09
-1.25 0.75 -0.75 0.438785 -0.40207 -0.298009 1.69083e+09
-1.75 1.25 -0.75 0.373671 -0.184818 -0.1354 1.47436e+09
-0.25 -1.25 -0.75 -0.0412066 -0.866886 -0.362463 2.03841e+09
-0.75 -0.75 -0.75 0.217025 -0.76969 -0.453966 1.73643e+09
-0.25 -0.25 -0.75 0.150849 -0.768438 -0.396973 2.44284e+09
-0.75 0.25 -0.75 0.349949 -0.585151 -0.385149 2.0434e+09
-0.25 0.75 -0.75 0.160609 -0.584796 -0.263135 2.94221e+09
-0.75 1.25 -0.75 0.17952 -0.476736 -0.185258 2.59228e+09
0.75 -1.25 -0.75 -0.283438 -0.87395 -0.180032 3.05557e+09
0.25 -0.75 -0.75 -0.0764254 -0.858303 -0.317938 2.79419e+09
0.75 -0.25 -0.75 -0.138925 -0.83764 -0.246487 3.71737e+09
0.25 0.25 -0.75 0.0440122 -0.750849 -0.300645 3.31076e+09
0.75 0.75 -0.75 -0.0921734 -0.696421 -0.164074 4.58738e+09
0.25 1.25 -0.75 -0.0660827 -0.527531 -0.0904977 4.43684e+09
1.75 -1.25 -0.75 -0.45836 -0.810501 0.0211818 3.96913e+09
1.25 -0.75 -0.75 -0.322571 -0.853848 -0.123945 4.00006e+09
1.75 -0.25 -0.75 -0.37525 -0.810781 -0.0554657 4.88623e+09
1.25 0.25 -0.75 -0.232136 -0.784546 -0.145495 4.62805e+09
1.75 0.75 -0.75 -0.315816 -0.706852 -0.0318859 6.04854e+09
1.25 1.25 -0.75 -0.175803 -0.580625 -0.0121457 5.86549e+09
2.25 -0.75 -0.75 -0.494741 -0.771541 0.0746121 4.83514e+09
2.25 0.25 -0.75 -0.43773 -0.735623 0.0256427 5.62201e+09
2.25 1.25 -0.75 -0.333327 -0.611075 0.0711102 7.38348e+09
-2.5 -1 -0.5 0.447065 -0.468649 -0.4219 8.82141e+08
-2.5 0 -0.5 0.359677 -0.306405 -0.287761 1.35063e+09
-2.5 1 -0.5 0.118482 -0.380023 -0.16786 2.6151e+09
-2 -1.5 -0.5 0.263909 -0.66973 -0.455023 1.06309e+09
-1.5 -1 -0.5 0.174502 -0.658398 -0.42269 1.7339e+09
-2 -0.5 -0.5 0.31175 -0.492196 -0.38288 1.51645e+09
-1.5 0 -0.5 0.118091 -0.559171 -0.320704 2.84482e+09
-2 0.5 -0.5 0.149096 -0.444539 -0.245158 2.67321e+09
-1.5 1 -0.5 -0.0794427 -0.554283 -0.190424 5.53365e+09
-2 1.5 -0.5 -0.0909089 -0.518434 -0.140135 5.63951e+09
-1 -1.5 -0.5 -0.0262222 -0.764301 -0.393256 2.01615e+09
-0.5 -1 -0.5 -0.126454 -0.749523 -0.341274 3.32316e+09
-1 -0.5 -0.5 0.0284027 -0.669269 -0.360018 3.03785e+09
-0.5 0 -0.5 -0.157037 -0.680009 -0.274114 5.58063e+09
-1 0.5 -0.5 -0.10657 -0.6196 -0.242075 5.62467e+09
-0.5 1 -0.5 -0.319057 -0.624291 -0.144173 1.11782e+10
-1 1.5 -0.5 -0.290977 -0.561535 -0.0989323 1.12657e+10
0 -1.5 -0.5 -0.296306 -0.770439 -0.271642 3.6181e+09
0.5 -1 -0.5 -0.389598 -0.742029 -0.21006 5.82564e+09
0 -0.5 -0.5 -0.263229 -0.730679 -0.263806 5.71087e+09
0.5 0 -0.5 -0.413727 -0.691832 -0.166558 9.8425e+09
0 0.5 -0.5 -0.348098 -0.66009 -0.169672 1.02869e+10
0.5 1 -0.5 -0.501656 -0.59674 -0.0515609 1.80687e+10
0 1.5 -0.5 -0.466328 -0.558887 -0.0204891 2.07324e+10
1 -1.5 -0.5 -0.514645 -0.707153 -0.124226 5.90767e+09
1.5 -1 -0.5 -0.590368 -0.664782 -0.061616 8.99006e+09
1 -0.5 -0.5 -0.498222 -0.6974 -0.130385 9.38719e+09
1.5 0 -0.5 -0.603757 -0.626592 -0.0360623 1.43764e+10
1 0.5 -0.5 -0.545008 -0.623766 -0.0576039 1.61668e+10
1.5 1 -0.5 -0.635701 -0.516963 0.0595653 2.43468e+10
1 1.5 -0.5 -0.592169 -0.479611 0.0807994 2.88744e+10
2 -1.5 -0.5 -0.669993 -0.599456 0.0216287 8.42858e+09
2.5 -1 -0.5 -0.724401 -0.543489 0.0808337 1.16782e+10
2 -0.5 -0.5 -0.667422 -0.600216 0.012992 1.30077e+10
2.5 0 -0.5 -0.733107 -0.507882 0.0983354 1.73408e+10
2 0.5 -0.5 -0.683979 -0.528366 0.0665129 2.03839e+10
2.5 1 -0.5 -0.720079 -0.414204 0.168441 2.73719e+10
2 1.5 -0.5 -0.659789 -0.397887 0.180665 3.44467e+10
-2.25 -0.75 -0.25 0.72027 -0.353042 -0.502195 4.66392e+08
-2.25 0.25 -0.25 0.769123 -0.00660498 -0.340325 5.43718e+08
-2.25 1.25 -0.25 0.56994 0.0873817 -0.148393 6.67769e+08
-1.75 -1.25 -0.25 0.483558 -0.630464 -0.545497 5.7751e+08
-1.25 -0.75 -0.25 0.474537 -0.60729 -0.537419 8.10414e+08
-1.75 -0.25 -0.25 0.686468 -0.336535 -0.488276 6.66192e+08
-1.25 0.25 -0.25 0.601052 -0.369995 -0.442905 9.32538e+08
-1.75 0.75 -0.25 0.6352 -0.0724526 -0.287214 7.73503e+08
-1.25 1.25 -0.25 0.403425 -0.19723 -0.194147 1.14513e+09
-0.75 -1.25 -0.25 0.192079 -0.799979 -0.484349 9.76662e+08
-0.25 -0.75 -0.25 0.165195 -0.798985 -0.450594 1.33158e+09
-0.75 -0.25 -0.25 0.426677 -0.609937 -0.496596 1.11634e+09
-0.25 0.25 -0.25 0.325262 -0.622582 -0.410453 1.49455e+09
-0.75 0.75 -0.25 0.440958 -0.437206 -0.350059 1.29656e+09
-0.25 1.25 -0.25 0.207059 -0.511285 -0.205925 1.92403e+09
0.25 -1.25 -0.25 -0.0870579 -0.881135 -0.324411 1.51248e+09
0.75 -0.75 -0.25 -0.123427 -0.87414 -0.270952 1.95918e+09
0.25 -0.25 -0.25 0.107995 -0.799164 -0.38446 1.74577e+09
0.75 0.25 -0.25 0.0170017 -0.782271 -0.27858 2.21504e+09
0.25 0.75 -0.25 0.164424 -0.625855 -0.27068 2.05099e+09
0.75 1.25 -0.25 -0.0200283 -0.586003 -0.0857483 2.95448e+09
1.25 -1.25 -0.25 -0.316072 -0.870733 -0.112373 2.08419e+09
1.75 -0.75 -0.25 -0.357279 -0.843616 -0.0521064 2.51532e+09
1.25 -0.25 -0.25 -0.184583 -0.851003 -0.192926 2.38989e+09
1.75 0.25 -0.25 -0.263615 -0.805282 -0.0903711 2.88437e+09
1.25 0.75 -0.25 -0.101474 -0.748259 -0.139149 2.92644e+09
1.75 1.25 -0.25 -0.170807 -0.637772 0.0112012 3.62667e+09
2.25 -1.25 -0.25 -0.478357 -0.783545 0.100223 2.46914e+09
2.25 -0.25 -0.25 -0.412957 -0.79429 0.0204004 2.86646e+09
2.25 0.75 -0.25 -0.329766 -0.744331 0.0129551 3.58661e+09
-2.5 -1.5 0 0.540721 -0.537213 -0.4921 4.53518e+08
-2.5 -0.5 0 0.600483 -0.260156 -0.393269 5.96906e+08
-2.5 0.5 0 0.388413 -0.211079 -0.235394 9.84666e+08
-2.5 1.5 0 0.11571 -0.367505 -0.135712 2.00915e+09
-1.5 -1.5 0 0.280274 -0.71577 -0.484678 8.39373e+08
-2 -1 0 0.487423 -0.518218 -0.477302 7.02263e+08
-1.5 -0.5 0 0.358585 -0.549947 -0.428649 1.17218e+09
-2 0 0 0.430001 -0.356642 -0.345621 1.04967e+09
-1.5 0.5 0 0.195586 -0.497795 -0.282735 2.00715e+09
-2 1 0 0.158376 -0.425061 -0.205567 2.00916e+09
-1.5 1.5 0 -0.0884645 -0.554866 -0.153455 4.22989e+09
-0.5 -1.5 0 -0.0171632 -0.807283 -0.394575 1.53022e+09
-1 -1 0 0.197635 -0.712276 -0.447146 1.33067e+09
-0.5 -0.5 0 0.051387 -0.725609 -0.375762 2.22442e+09
-1 0 0 0.15595 -0.616354 -0.350591 2.1002e+09
-0.5 0.5 0 -0.0897271 -0.667358 -0.249249 3.93803e+09
-1 1 0 -0.0651756 -0.60033 -0.203207 4.01329e+09
-0.5 1.5 0 -0.289556 -0.602772 -0.0944846 7.98481e+09
0.5 -1.5 0 -0.291227 -0.805942 -0.253949 2.60946e+09
0 -1 0 -0.116574 -0.796977 -0.3381 2.42181e+09
0.5 -0.5 0 -0.255582 -0.777149 -0.253088 3.90336e+09
0 0 0 -0.14279 -0.731272 -0.275046 3.83882e+09
0.5 0.5 0 -0.341696 -0.703745 -0.156039 6.61705e+09
0 1 0 -0.31645 -0.658312 -0.131646 7.39792e+09
0.5 1.5 0 -0.467643 -0.572998 0.00155404 1.29072e+10
1.5 -1.5 0 -0.511112 -0.733597 -0.0966291 4.00035e+09
1 -1 0 -0.386767 -0.777721 -0.188512 3.97388e+09
1.5 -0.5 0 -0.49929 -0.727547 -0.102739 5.89994e+09
1 0 0 -0.409949 -0.732931 -0.14662 6.22678e+09
1.5 0.5 0 -0.548628 -0.656417 -0.0314017 9.54047e+09
1 1 0 -0.502397 -0.634695 -0.0323795 1.09903e+10
1.5 1.5 0 -0.575205 -0.492328 0.113874 1.57771e+10
2.5 -1.5 0 -0.667547 -0.614746 0.0532547 5.29683e+09
2 -1 0 -0.590622 -0.685766 -0.0304981 5.65179e+09
2.5 -0.5 0 -0.673001 -0.611375 0.0487441 7.52622e+09
2 0 0 -0.609844 -0.649045 -0.00344708 8.37275e+09
2.5 0.5 0 -0.696971 -0.538378 0.101879 1.1109e+10
2 1 0 -0.645328 -0.537029 0.0911694 1.33698e+10
2.5 1.5 0 -0.650196 -0.400484 0.210431 1.74799e+10
-2.25 -1.25 0.25 0.665701 -0.430814 -0.566971 2.77664e+08
-2.25 -0.25 0.25 0.810292 -0.0437427 -0.462239 3.1767e+08
-2.25 0.75 0.25 0.725871 0.219871 -0.274697 3.69238e+08
-1.25 -1.25 0.25 0.414643 -0.66143 -0.573531 4.67089e+08
-1.75 -0.75 0.25 0.664457 -0.391695 -0.571226 3.87242e+08
-1.25 -0.25 0.25 0.634941 -0.390336 -0.550961 5.25994e+08
-1.75 0.25 0.25 0.755675 -0.0508274 -0.434755 4.34772e+08
-1.25 0.75 0.25 0.64058 -0.124881 -0.367559 5.88942e+08
-1.75 1.25 0.25 0.592206 0.0710052 -0.225253 5.14345e+08
-0.25 -1.25 0.25 0.122323 -0.826829 -0.459739 7.39614e+08
-0.75 -0.75 0.25 0.402574 -0.653813 -0.55644 6.27995e+08
-0.25 -0.25 0.25 0.361234 -0.661898 -0.506331 8.10416e+08
-0.75 0.25 0.25 0.562305 -0.42706 -0.491735 6.94047e+08
-0.25 0.75 0.25 0.42804 -0.490479 -0.37537 9.25214e+08
-0.75 1.25 0.25 0.444705 -0.249887 -0.247938 8.43665e+08
0.75 -1.25 0.25 -0.144231 -0.886962 -0.261165 1.054e+09
0.25 -0.75 0.25 0.0940286 -0.829195 -0.416358 9.48331e+08
0.75 -0.25 0.25 0.040264 -0.82835 -0.341036 1.16117e+09
0.25 0.25 0.25 0.276253 -0.677599 -0.407456 1.02673e+09
0.75 0.75 0.25 0.143814 -0.682226 -0.256534 1.33027e+09
0.25 1.25 0.25 0.23614 -0.547808 -0.20591 1.32087e+09
1.75 -1.25 0.25 -0.356905 -0.846793 -0.0316821 1.32375e+09
1.25 -0.75 0.25 -0.185952 -0.874315 -0.199695 1.26828e+09
1.75 -0.25 0.25 -0.247861 -0.846663 -0.113938 1.47175e+09
1.25 0.25 0.25 -0.043685 -0.815913 -0.226963 1.41443e+09
1.75 0.75 0.25 -0.139 -0.766009 -0.0901389 1.68941e+09
1.25 1.25 0.25 -0.0304308 -0.668318 -0.0746831 1.75464e+09
2.25 -0.75 0.25 -0.406137 -0.807439 0.034321 1.49945e+09
2.25 0.25 0.25 -0.320344 -0.798059 -0.0123626 1.68769e+09
2.25 1.25 0.25 -0.237589 -0.704586 0.0462993 2.13407e+09
-2.5 -1 0.5 0.706089 -0.287857 -0.478819 3.0724e+08
-2.5 0 0.5 0.647134 -0.0616538 -0.33199 4.18144e+08
-2.5 1 0.5 0.36254 -0.155468 -0.184287 7.23687e+08
-2 -1.5 0.5 0.529209 -0.568121 -0.526766 3.73506e+08
-1.5 -1 0.5 0.489819 -0.560233 -0.509378 5.60785e+08
-2 -0.5 0.5 0.634953 -0.306915 -0.450489 4.75627e+08
-1.5 0 0.5 0.473641 -0.408081 -0.39294 7.93842e+08
-2 0.5 0.5 0.452647 -0.25331 -0.288318 7.4397e+08
-1.5 1 0.5 0.18981 -0.469747 -0.233091 1.44651e+09
-2 1.5 0.5 0.140316 -0.41141 -0.165425 1.48581e+09
-1 -1.5 0.5 0.267141 -0.743088 -0.490097 6.66214e+08
-0.5 -1 0.5 0.191394 -0.748608 -0.450163 1.01033e+09
-1 -0.5 0.5 0.373346 -0.598905 -0.456383 8.88576e+08
-0.5 0 0.5 0.171287 -0.665865 -0.36571 1.48854e+09
-1 0.5 0.5 0.224879 -0.548686 -0.309116 1.43031e+09
-0.5 1 0.5 -0.0601968 -0.644236 -0.203098 2.69516e+09
-1 1.5 0.5 -0.090977 -0.59321 -0.152532 2.92317e+09
0 -1.5 0.5 -0.0281272 -0.827696 -0.378343 1.15393e+09
0.5 -1 0.5 -0.126048 -0.822229 -0.318787 1.72184e+09
0 -0.5 0.5 0.049404 -0.766356 -0.373243 1.58115e+09
0.5 0 0.5 -0.144552 -0.772098 -0.262044 2.52999e+09
0 0.5 0.5 -0.082369 -0.712103 -0.24481 2.59726e+09
0.5 1 0.5 -0.318313 -0.695409 -0.109576 4.50751e+09
0 1.5 0.5 -0.307129 -0.638181 -0.0777959 5.00946e+09
1 -1.5 0.5 -0.299159 -0.818573 -0.225332 1.84625e+09
1.5 -1 0.5 -0.397182 -0.789851 -0.156119 2.61787e+09
1 -0.5 0.5 -0.264359 -0.803771 -0.228745 2.5717e+09
1.5 0 0.5 -0.42065 -0.757325 -0.116587 3.78638e+09
1 0.5 0.5 -0.34762 -0.739985 -0.13161 4.02825e+09
1.5 1 0.5 -0.519027 -0.64606 0.0107692 5.97567e+09
1 1.5 0.5 -0.482244 -0.601312 0.0271494 7.17901e+09
2 -1.5 0.5 -0.516541 -0.73738 -0.0630161 2.62518e+09
2.5 -1 0.5 -0.600754 -0.683389 0.00665538 3.44274e+09
2 -0.5 0.5 -0.512811 -0.736864 -0.0663227 3.60196e+09
2.5 0 0.5 -0.628613 -0.648945 0.0373373 4.69715e+09
2 0.5 0.5 -0.567294 -0.664946 0.00845296 5.21158e+09
2.5 1 0.5 -0.668061 -0.527494 0.137451 6.75251e+09
2 1.5 0.5 -0.607323 -0.509359 0.14176 8.36729e+09
-2.25 -0.75 0.75 0.779543 -0.143694 -0.555144 1.87366e+08
-2.25 0.25 0.75 0.794717 0.220536 -0.40333 2.11442e+08
-2.25 1.25 0.75 0.600908 0.399494 -0.191013 2.51799e+08
-1.75 -1.25 0.75 0.588611 -0.47862 -0.616445 2.26506e+08
-1.25 -0.75 0.75 0.585617 -0.458355 -0.614916 3.01703e+08
-1.75 -0.25 0.75 0.763631 -0.115744 -0.549417 2.50885e+08
-1.25 0.25 0.75 0.721299 -0.136675 -0.515274 3.25215e+08
-1.75 0.75 0.75 0.733412 0.161504 -0.371198 2.78931e+08
-1.25 1.25 0.75 0.619061 0.0136291 -0.295967 3.74708e+08
-0.75 -1.25 0.75 0.327458 -0.708385 -0.569662 3.57743e+08
-0.25 -0.75 0.75 0.311805 -0.710118 -0.54308 4.53977e+08
-0.75 -0.25 0.75 0.560601 -0.467728 -0.585981 3.86384e+08
-0.25 0.25 0.75 0.499394 -0.509985 -0.511926 4.83347e+08
-0.75 0.75 0.75 0.62694 -0.218882 -0.431104 4.20803e+08
-0.25 1.25 0.75 0.459827 -0.337667 -0.284437 5.75337e+08
0.25 -1.25 0.75 0.0436479 -0.850529 -0.407531 5.24079e+08
0.75 -0.75 0.75 0.00920514 -0.85099 -0.353929 6.31586e+08
0.25 -0.25 0.75 0.270292 -0.724153 -0.481484 5.53638e+08
0.75 0.25 0.75 0.189827 -0.74351 -0.371102 6.65205e+08
0.25 0.75 0.75 0.38543 -0.568828 -0.376363 6.0678e+08
0.75 1.25 0.75 0.239077 -0.616399 -0.19186 8.26504e+08
1.25 -1.25 0.75 -0.207264 -0.876111 -0.180816 6.87139e+08
1.75 -0.75 0.75 -0.258466 -0.852703 -0.110478 7.86098e+08
1.25 -0.25 0.75 -0.0503833 -0.846349 -0.26767 7.36445e+08
1.75 0.25 0.75 -0.136092 -0.821447 -0.149312 8.29092e+08
1.25 0.75 0.75 0.0624876 -0.749176 -0.207435 7.88641e+08
1.75 1.25 0.75 -0.0444141 -0.7382 -0.047076 1.03799e+09
2.25 -1.25 0.75 -0.402229 -0.799162 0.0535392 7.99241e+08
2.25 -0.25 0.75 -0.328676 -0.811384 -0.0201042 8.67826e+08
2.25 0.75 0.75 -0.231902 -0.770274 -0.00817454 9.3131e+08
-2.5 -1.5 1 0.676456 -0.365994 -0.519202 1.78088e+08
-2.5 -0.5 1 0.773465 -0.0257287 -0.42895 2.1196e+08
-2.5 0.5 1 0.618357 0.0849793 -0.266159 2.94371e+08
-2.5 1.5 1 0.294395 -0.178351 -0.158181 5.37878e+08
-1.5 -1.5 1 0.491476 -0.591365 -0.537847 3.05983e+08
-2 -1 1 0.684696 -0.328607 -0.518882 2.52687e+08
-1.5 -0.5 1 0.633736 -0.355248 -0.491345 3.72617e+08
-2 0 1 0.687569 -0.107592 -0.3944 3.24615e+08
-1.5 0.5 1 0.499387 -0.299814 -0.336298 5.4234e+08
-2 1 1 0.422306 -0.193783 -0.233598 5.26085e+08
-1.5 1.5 1 0.157526 -0.458715 -0.185904 1.02184e+09
-0.5 -1.5 1 0.233394 -0.756821 -0.476799 5.20308e+08
-1 -1 1 0.461557 -0.593996 -0.520266 4.40605e+08
-0.5 -0.5 1 0.356705 -0.639291 -0.465688 6.56223e+08
-1 0 1 0.487076 -0.458668 -0.427879 5.82434e+08
-0.5 0.5 1 0.238389 -0.596678 -0.326014 9.72984e+08
-1 1 1 0.21847 -0.515115 -0.252884 9.88337e+08
-0.5 1.5 1 -0.0843218 -0.631944 -0.142793 1.88314e+09
0.5 -1.5 1 -0.0543524 -0.831846 -0.349447 8.47149e+08
0 -1 1 0.160957 -0.769844 -0.435195 7.47328e+08
0.5 -0.5 1 0.0236644 -0.792139 -0.354755 1.09092e+09
0 0 1 0.163065 -0.708162 -0.366819 1.01911e+09
0.5 0.5 1 -0.086423 -0.751023 -0.23229 1.62771e+09
0 1 1 -0.0551701 -0.684414 -0.195936 1.6905e+09
0.5 1.5 1 -0.301313 -0.679098 -0.0615376 2.92903e+09
1.5 -1.5 1 -0.31883 -0.813906 -0.188912 1.26225e+09
1 -1 1 -0.152963 -0.82935 -0.286869 1.18612e+09
1.5 -0.5 1 -0.291212 -0.811418 -0.193841 1.64553e+09
1 0 1 -0.166333 -0.79802 -0.23781 1.60719e+09
1.5 0.5 1 -0.371923 -0.756187 -0.0967251 2.30053e+09
1 1 1 -0.320992 -0.728356 -0.0862906 2.56624e+09
1.5 1.5 1 -0.494579 -0.623756 0.0592288 3.74219e+09
2.5 -1.5 1 -0.531352 -0.723641 -0.0254254 1.66618e+09
2 -1 1 -0.420479 -0.782978 -0.11636 1.67473e+09
2.5 -0.5 1 -0.540328 -0.723108 -0.0237495 2.12989e+09
2 0 1 -0.450494 -0.757484 -0.077261 2.19332e+09
2.5 0.5 1 -0.600554 -0.652748 0.0535354 2.75861e+09
2 1 1 -0.542781 -0.653583 0.0477704 3.13981e+09
2.5 1.5 1 -0.638835 -0.510608 0.177234 4.13736e+09
-2.25 -1.25 1.25 0.706786 -0.271895 -0.614998 1.10814e+08
-2.25 -0.25 1.25 0.79893 0.124653 -0.514008 1.2337e+08
-2.25 0.75 1.25 0.707126 0.430702 -0.333381 1.38489e+08
-1.25 -1.25 1.25 0.495788 -0.546806 -0.636866 1.7445e+08
-1.75 -0.75 1.25 0.707571 -0.229115 -0.624145 1.46167e+08
-1.25 -0.25 1.25 0.696708 -0.219806 -0.614426 1.85577e+08
-1.75 0.25 1.25 0.775998 0.122834 -0.502873 1.58597e+08
-1.25 0.75 1.25 0.733982 0.0499046 -0.460115 2.00843e+08
-1.75 1.25 1.25 0.651836 0.319885 -0.294145 1.80188e+08
-0.25 -1.25 1.25 0.231615 -0.757856 -0.535094 2.57201e+08
-0.75 -0.75 1.25 0.489391 -0.541974 -0.6272 2.20346e+08
-0.25 -0.25 1.25 0.462765 -0.563231 -0.586759 2.67777e+08
-0.75 0.25 1.25 0.663978 -0.254902 -0.570405 2.2861e+08
-0.25 0.75 1.25 0.587326 -0.33365 -0.468645 2.80957e+08
-0.75 1.25 1.25 0.64558 -0.0972591 -0.361393 2.61709e+08
0.75 -1.25 1.25 -0.0391949 -0.861859 -0.333147 3.49924e+08
0.25 -0.75 1.25 0.207113 -0.765073 -0.496299 3.09434e+08
0.75 -0.25 1.25 0.155204 -0.779886 -0.421312 3.5887e+08
0.25 0.25 1.25 0.403195 -0.607788 -0.498972 3.17307e+08
0.75 0.75 1.25 0.305521 -0.653378 -0.351935 3.78569e+08
0.25 1.25 1.25 0.457144 -0.420005 -0.299156 3.65582e+08
1.75 -1.25 1.25 -0.27188 -0.843553 -0.0915998 4.2851e+08
1.25 -0.75 1.25 -0.0864926 -0.854375 -0.267906 4.02042e+08
1.75 -0.25 1.25 -0.160627 -0.833166 -0.174354 4.41297e+08
1.25 0.25 1.25 0.0674021 -0.789318 -0.30064 4.0277e+08
1.75 0.75 1.25 -0.039898 -0.777008 -0.145803 4.59098e+08
1.25 1.25 1.25 0.181172 -0.657003 -0.168114 4.6171e+08
2.25 -0.75 1.25 -0.336167 -0.801434 -0.0160763 4.67911e+08
2.25 0.25 1.25 -0.255937 -0.7891 -0.0539736 4.70435e+08
2.25 1.25 1.25 -0.120968 -0.732999 0.00996869 5.45238e+08
-2.5 -1 1.5 0.755676 -0.0974815 -0.489923 1.2288e+08
-2.5 0 1.5 0.763523 0.196534 -0.368951 1.45863e+08
-2.5 1 1.5 0.547768 0.130968 -0.225343 2.0953e+08
-2 -1.5 1.5 0.623507 -0.396311 -0.539477 1.48483e+08
-1.5 -1 1.5 0.639037 -0.370862 -0.540713 2.03443e+08
-2 -0.5 1.5 0.758724 -0.081254 -0.481291 1.70318e+08
-1.5 0 1.5 0.696274 -0.164743 -0.447683 2.46603e+08
-2 0.5 1.5 0.672478 0.0403504 -0.335163 2.20995e+08
-1.5 1 1.5 0.475555 -0.234715 -0.282116 3.68108e+08
-2 1.5 1.5 0.356636 -0.208679 -0.199713 3.76744e+08
-1 -1.5 1.5 0.438467 -0.610383 -0.531915 2.44611e+08
-0.5 -1 1.5 0.410571 -0.622326 -0.513898 3.3648e+08
-1 -0.5 1.5 0.601002 -0.405617 -0.515445 2.84988e+08
-0.5 0 1.5 0.469625 -0.510448 -0.44917 4.16363e+08
-1 0.5 1.5 0.522971 -0.352134 -0.378411 3.83555e+08
-0.5 1 1.5 0.238744 -0.559173 -0.269322 6.4298e+08
-1 1.5 1.5 0.184556 -0.497827 -0.201268 6.65933e+08
0 -1.5 1.5 0.185805 -0.762851 -0.450779 3.93587e+08
0.5 -1 1.5 0.111011 -0.780934 -0.406323 5.35809e+08
0 -0.5 1.5 0.312126 -0.673164 -0.458171 4.71606e+08
0.5 0 1.5 0.129781 -0.740633 -0.355791 6.77045e+08
0 0.5 1.5 0.233609 -0.641894 -0.335132 6.39273e+08
0.5 1 1.5 -0.0519259 -0.721219 -0.188693 1.01207e+09
0 1.5 1.5 -0.077273 -0.669584 -0.132935 1.11916e+09
1 -1.5 1.5 -0.0931198 -0.825792 -0.311839 6.00157e+08
1.5 -1 1.5 -0.195937 -0.822755 -0.245917 7.91938e+08
1 -0.5 1.5 -0.0248273 -0.804335 -0.323576 7.31095e+08
1.5 0 1.5 -0.210531 -0.80476 -0.204176 9.8332e+08
1 0.5 1.5 -0.106245 -0.77676 -0.215711 9.82366e+08
1.5 1 1.5 -0.345238 -0.737108 -0.0573372 1.36599e+09
1 1.5 1.5 -0.320154 -0.690878 -0.0207201 1.5253e+09
2 -1.5 1.5 -0.349462 -0.797167 -0.147311 8.33788e+08
2.5 -1 1.5 -0.456413 -0.759224 -0.0720955 1.03648e+09
2 -0.5 1.5 -0.336676 -0.798878 -0.151164 1.01491e+09
2.5 0 1.5 -0.496938 -0.734005 -0.0335147 1.23936e+09
2 0.5 1.5 -0.411927 -0.752717 -0.0618676 1.27747e+09
2.5 1 1.5 -0.582075 -0.638017 0.0863026 1.58918e+09
2 1.5 1.5 -0.529957 -0.615372 0.107228 1.83304e+09
