449
-2.5 -1 -1.5 0.765445 0.0925606 0.170627 1.09288e+11
-2.5 0 -1.5 0.726165 0.0941396 0.119749 5.35338e+10
-2.5 1 -1.5 0.684121 0.0961887 0.0723998 2.54342e+10
-2 -1.5 -1.5 0.788296 0.137167 0.166931 1.58143e+11
-1.5 -1 -1.5 0.769387 0.180238 0.109176 1.12478e+11
-2 -0.5 -1.5 0.748859 0.135923 0.118839 7.87869e+10
-1.5 0 -1.5 0.7249 0.176366 0.067358 5.4613e+10
-2 0.5 -1.5 0.704288 0.134816 0.0738549 3.76197e+10
-1.5 1 -1.5 0.678008 0.171775 0.02708 2.57304e+10
-2 1.5 -1.5 0.659695 0.13335 0.0306341 1.76006e+10
-1 -1.5 -1.5 0.783079 0.227257 0.0901182 1.52558e+11
-0.5 -1 -1.5 0.752753 0.266713 0.0277081 1.02767e+11
-1 -0.5 -1.5 0.742663 0.220226 0.05209 7.68245e+10
-0.5 0 -1.5 0.710902 0.255684 -0.00492866 5.10781e+10
-1 0.5 -1.5 0.696242 0.212706 0.0154267 3.68505e+10
-0.5 1 -1.5 0.665257 0.244575 -0.037365 2.44183e+10
-1 1.5 -1.5 0.649583 0.204735 -0.0210571 1.72674e+10
0 -1.5 -1.5 0.750356 0.317298 -0.00497801 1.28309e+11
0.5 -1 -1.5 0.7095 0.350616 -0.0707783 8.30927e+10
0 -0.5 -1.5 0.717013 0.301155 -0.0340331 6.73561e+10
0.5 0 -1.5 0.678577 0.330069 -0.095313 4.34079e+10
0 0.5 -1.5 0.676612 0.286168 -0.0621987 3.33751e+10
0.5 1 -1.5 0.641741 0.311932 -0.119725 2.15607e+10
0 1.5 -1.5 0.633761 0.272192 -0.0910718 1.59773e+10
1 -1.5 -1.5 0.683738 0.405953 -0.112277 9.47382e+10
1.5 -1 -1.5 0.633312 0.430864 -0.178792 5.96967e+10
1 -0.5 -1.5 0.66586 0.377767 -0.135278 5.29032e+10
1.5 0 -1.5 0.621845 0.399225 -0.19838 3.33599e+10
1 0.5 -1.5 0.639572 0.353788 -0.156082 2.76865e+10
1.5 1 -1.5 0.601334 0.372944 -0.216093 1.75414e+10
1 1.5 -1.5 0.607519 0.333513 -0.17728 1.38165e+10
2 -1.5 -1.5 0.574774 0.489033 -0.219805 6.17095e+10
2.5 -1 -1.5 0.517532 0.504734 -0.283119 3.83182e+10
2 -0.5 -1.5 0.583147 0.449666 -0.242907 3.72882e+10
2.5 0 -1.5 0.534889 0.463326 -0.304392 2.31914e+10
2 0.5 -1.5 0.578943 0.415777 -0.259831 2.09204e+10
2.5 1 -1.5 0.537817 0.428176 -0.319325 1.30734e+10
2 1.5 -1.5 0.564489 0.388187 -0.27501 1.10591e+10
-2.25 -0.75 -1.25 0.777863 0.232495 0.0875341 2.66471e+10
-2.25 0.25 -1.25 0.734732 0.245168 0.0328254 1.29458e+10
-2.25 1.25 -1.25 0.690242 0.255001 -0.0187517 6.13481e+09
-1.75 -1.25 -1.25 0.79841 0.271932 0.0843653 3.80855e+10
-1.25 -0.75 -1.25 0.775458 0.32139 0.0220387 2.67082e+10
-1.75 -0.25 -1.25 0.757215 0.283552 0.0325653 1.89034e+10
-1.25 0.25 -1.25 0.732128 0.328441 -0.023649 1.30369e+10
-1.75 0.75 -1.25 0.71161 0.29197 -0.0165763 9.0287e+09
-1.25 1.25 -1.25 0.68657 0.332352 -0.0680237 6.17665e+09
-0.75 -1.25 -1.25 0.783892 0.360055 0.000730601 3.56717e+10
-0.25 -0.75 -1.25 0.752319 0.400509 -0.0682935 2.40674e+10
-0.75 -0.25 -1.25 0.747619 0.364046 -0.0408621 1.82045e+10
-0.25 0.25 -1.25 0.717095 0.399069 -0.104155 1.2181e+10
-0.75 0.75 -1.25 0.704767 0.36626 -0.0811604 8.824e+09
-0.25 1.25 -1.25 0.676692 0.397076 -0.13957 5.89541e+09
0.25 -1.25 -1.25 0.740642 0.441074 -0.10435 2.95063e+10
0.75 -0.75 -1.25 0.700832 0.470655 -0.176868 1.9402e+10
0.25 -0.25 -1.25 0.717692 0.432774 -0.136678 1.59385e+10
0.75 0.25 -1.25 0.68175 0.457346 -0.203785 1.04267e+10
0.25 0.75 -1.25 0.685505 0.426719 -0.167312 8.04978e+09
0.75 1.25 -1.25 0.653843 0.447779 -0.229748 5.27115e+09
1.25 -1.25 -1.25 0.661518 0.515263 -0.220711 2.16912e+10
1.75 -0.75 -1.25 0.613809 0.534043 -0.292091 1.40162e+10
1.25 -0.25 -1.25 0.659641 0.492238 -0.246825 1.2597e+10
1.75 0.25 -1.25 0.61831 0.507044 -0.313679 8.10787e+09
1.25 0.75 -1.25 0.645582 0.475209 -0.269029 6.76189e+09
1.75 1.25 -1.25 0.609725 0.487365 -0.331995 4.35516e+09
2.25 -1.25 -1.25 0.537914 0.583371 -0.332074 1.42067e+10
2.25 -0.25 -1.25 0.566562 0.54599 -0.35902 8.97855e+09
2.25 0.75 -1.25 0.577457 0.516199 -0.377124 5.18451e+09
-2.5 -1.5 -1 0.857648 -0.146216 0.184397 1.33369e+11
-2.5 -0.5 -1 0.838703 -0.176284 0.122401 6.71349e+10
-2.5 0.5 -1 0.812118 -0.204335 0.0662769 3.21638e+10
-2.5 1.5 -1 0.781479 -0.229359 0.0144455 1.50168e+10
-1.5 -1.5 -1 0.859835 -0.0711364 0.125664 1.22429e+11
-2 -1 -1 0.849831 -0.127293 0.128154 9.25568e+10
-1.5 -0.5 -1 0.830445 -0.114845 0.0740404 6.09201e+10
-2 0 -1 0.821276 -0.163396 0.0737532 4.49454e+10
-1.5 0.5 -1 0.794575 -0.155441 0.0258289 2.90761e+10
-2 1 -1 0.787759 -0.196025 0.0232569 2.11467e+10
-1.5 1.5 -1 0.756522 -0.190472 -0.0203563 1.35952e+10
-0.5 -1.5 -1 0.841406 0.00210909 0.0497773 9.77416e+10
-1 -1 -1 0.837966 -0.0592428 0.0661417 7.9234e+10
-0.5 -0.5 -1 0.805209 -0.0523729 0.0082964 4.95375e+10
-1 0 -1 0.801003 -0.10735 0.0211142 3.87466e+10
-0.5 0.5 -1 0.763492 -0.102493 -0.0314322 2.41665e+10
-1 1 -1 0.760423 -0.150159 -0.0222247 1.84201e+10
-0.5 1.5 -1 0.721016 -0.145081 -0.0709679 1.15315e+10
0.5 -1.5 -1 0.79624 0.0731613 -0.0406404 6.8609e+10
0 -1 -1 0.804578 0.00818242 -0.0126866 6.0104e+10
0.5 -0.5 -1 0.758308 0.0113579 -0.0735816 3.63292e+10
0 0 -1 0.763727 -0.0481907 -0.0486107 3.04106e+10
0.5 0.5 -1 0.716397 -0.0439782 -0.105104 1.85283e+10
0 1 -1 0.720427 -0.0976912 -0.0841461 1.49273e+10
0.5 1.5 -1 0.674446 -0.0908534 -0.137286 9.18181e+09
1.5 -1.5 -1 0.717406 0.139741 -0.138763 4.28921e+10
1 -1 -1 0.74405 0.0747071 -0.104802 4.0843e+10
1.5 -0.5 -1 0.685544 0.0762186 -0.167139 2.42392e+10
1 0 -1 0.70592 0.0145673 -0.133403 2.184e+10
1.5 0.5 -1 0.651 0.0200516 -0.192365 1.31405e+10
1 1 -1 0.666287 -0.0375994 -0.161423 1.12698e+10
1.5 1.5 -1 0.615963 -0.027964 -0.21757 6.8593e+09
2.5 -1.5 -1 0.601596 0.197054 -0.232003 2.43492e+10
2 -1 -1 0.651586 0.138419 -0.202264 2.51532e+10
2.5 -0.5 -1 0.584427 0.139897 -0.263295 1.48506e+10
2 0 -1 0.624957 0.0801636 -0.227838 1.44373e+10
2.5 0.5 -1 0.565736 0.0874257 -0.286838 8.65001e+09
2 1 -1 0.596515 0.0287839 -0.250438 7.93174e+09
2.5 1.5 -1 0.544376 0.0408122 -0.307458 4.80315e+09
-2.25 -1.25 -0.75 0.72681 0.412941 0.161866 1.64731e+10
-2.25 -0.25 -0.75 0.691211 0.424895 0.114313 8.345e+09
-2.25 0.75 -0.75 0.653652 0.434261 0.0667144 4.05785e+09
-1.25 -1.25 -0.75 0.724333 0.497456 0.0848701 1.67616e+10
-1.75 -0.75 -0.75 0.712012 0.461168 0.106207 1.2103e+10
-1.25 -0.25 -0.75 0.693577 0.502217 0.0493539 8.54903e+09
-1.75 0.25 -0.75 0.675322 0.468938 0.0637066 5.9662e+09
-1.25 0.75 -0.75 0.658066 0.505236 0.0114789 4.14933e+09
-1.75 1.25 -0.75 0.638348 0.4737 0.020425 2.85325e+09
-0.25 -1.25 -0.75 0.694782 0.572812 -0.0166187 1.49438e+10
-0.75 -0.75 -0.75 0.702473 0.535643 0.0225236 1.17036e+10
-0.25 -0.25 -0.75 0.678985 0.565398 -0.0401259 7.94502e+09
-0.75 0.25 -0.75 0.673618 0.535199 -0.00849576 5.87317e+09
-0.25 0.75 -0.75 0.653447 0.56042 -0.0669017 3.95725e+09
-0.75 1.25 -0.75 0.640834 0.533937 -0.0420984 2.82936e+09
0.75 -1.25 -0.75 0.631492 0.639474 -0.134044 1.17166e+10
0.25 -0.75 -0.75 0.667087 0.599303 -0.0828113 1.00559e+10
0.75 -0.25 -0.75 0.639035 0.617701 -0.147789 6.63424e+09
0.25 0.25 -0.75 0.655146 0.587228 -0.102469 5.29055e+09
0.75 0.75 -0.75 0.631501 0.602299 -0.163938 3.47602e+09
0.25 1.25 -0.75 0.633642 0.578856 -0.125339 2.6295e+09
1.75 -1.25 -0.75 0.526278 0.697684 -0.253594 8.12368e+09
1.25 -0.75 -0.75 0.598531 0.654422 -0.200005 7.68502e+09
1.75 -0.25 -0.75 0.566082 0.66278 -0.263171 4.97186e+09
1.25 0.25 -0.75 0.611166 0.629409 -0.210958 4.31865e+09
1.75 0.75 -0.75 0.583522 0.635784 -0.271943 2.78502e+09
1.25 1.25 -0.75 0.608108 0.611843 -0.224098 2.26162e+09
2.25 -0.75 -0.75 0.489169 0.702946 -0.314639 5.2454e+09
2.25 0.25 -0.75 0.534142 0.666047 -0.323279 3.18681e+09
2.25 1.25 -0.75 0.55595 0.637892 -0.330521 1.78344e+09
-2.5 -1 -0.5 0.84664 -0.0547292 0.168153 5.07632e+10
-2.5 0 -0.5 0.826642 -0.0847777 0.114282 2.52354e+10
-2.5 1 -0.5 0.800965 -0.111587 0.0635497 1.20453e+10
-2 -1.5 -0.5 0.853796 0.00596909 0.165506 6.83598e+10
-1.5 -1 -0.5 0.838111 0.0281727 0.108644 4.61079e+10
-2 -0.5 -0.5 0.833544 -0.0320417 0.115901 3.47591e+10
-1.5 0 -0.5 0.8109 -0.0148087 0.065135 2.2783e+10
-2 0.5 -0.5 0.806512 -0.0671562 0.0680634 1.6804e+10
-1.5 1 -0.5 0.779147 -0.0534425 0.0222574 1.08776e+10
-2 1.5 -0.5 0.776158 -0.097617 0.0219064 7.90916e+09
-1 -1.5 -0.5 0.837848 0.0941446 0.0914731 5.82285e+10
-0.5 -1 -0.5 0.808195 0.110415 0.0322808 3.69563e+10
-1 -0.5 -0.5 0.812361 0.0449256 0.0534933 2.97364e+10
-0.5 0 -0.5 0.778551 0.0577199 -0.000461865 1.86679e+10
-1 0.5 -0.5 0.780597 -0.00147004 0.0151746 1.45266e+10
-0.5 1 -0.5 0.744845 0.0100547 -0.0345665 9.11765e+09
-1 1.5 -0.5 0.746551 -0.041592 -0.023762 6.91978e+09
0 -1.5 -0.5 0.79514 0.179299 0.0016548 4.33378e+10
0.5 -1 -0.5 0.751566 0.190503 -0.058966 2.63746e+10
0 -0.5 -0.5 0.770075 0.122499 -0.0253103 2.2844e+10
0.5 0 -0.5 0.726218 0.132585 -0.0817069 1.3948e+10
0 0.5 -0.5 0.739117 0.0686675 -0.0537358 1.15557e+10
0.5 1 -0.5 0.696675 0.0798927 -0.106678 7.10982e+09
0 1.5 -0.5 0.705968 0.0218407 -0.0844668 5.67552e+09
1 -1.5 -0.5 0.718963 0.258643 -0.0992311 2.8521e+10
1.5 -1 -0.5 0.662716 0.265709 -0.159332 1.69501e+10
1 -0.5 -0.5 0.702227 0.199383 -0.117778 1.58873e+10
1.5 0 -0.5 0.650541 0.20841 -0.175022 9.55908e+09
1 0.5 -0.5 0.679586 0.142903 -0.137207 8.48422e+09
1.5 1 -0.5 0.63276 0.154894 -0.191909 5.16268e+09
1 1.5 -0.5 0.653522 0.0928713 -0.159418 4.36554e+09
2 -1.5 -0.5 0.603839 0.326226 -0.200834 1.68753e+10
2.5 -1 -0.5 0.538472 0.330898 -0.257305 9.95624e+09
2 -0.5 -0.5 0.604863 0.272912 -0.217066 1.00951e+10
2.5 0 -0.5 0.548789 0.281779 -0.272482 6.04957e+09
2 0.5 -0.5 0.599438 0.219037 -0.230762 5.76891e+09
2.5 1 -0.5 0.550849 0.23164 -0.284932 3.4958e+09
2 1.5 -0.5 0.587511 0.169102 -0.245752 3.1467e+09
-2.25 -0.75 -0.25 0.67931 0.488977 0.203418 7.53797e+09
-2.25 0.25 -0.25 0.658588 0.490554 0.161836 3.83472e+09
-2.25 1.25 -0.25 0.637374 0.491686 0.116934 1.87677e+09
-1.75 -1.25 -0.25 0.688074 0.533693 0.178977 1.0578e+10
-1.25 -0.75 -0.25 0.675831 0.571669 0.118807 7.69149e+09
-1.75 -0.25 -0.25 0.670367 0.530718 0.147633 5.53677e+09
-1.25 0.25 -0.25 0.658978 0.564619 0.0902717 3.91543e+09
-1.75 0.75 -0.25 0.649345 0.528182 0.109629 2.7418e+09
-1.25 1.25 -0.25 0.639329 0.558018 0.0561289 1.90735e+09
-0.75 -1.25 -0.25 0.667599 0.61567 0.0741192 1.0037e+10
-0.25 -0.75 -0.25 0.649301 0.641729 0.0100808 6.96053e+09
-0.75 -0.25 -0.25 0.661376 0.601694 0.0572981 5.3794e+09
-0.25 0.25 -0.25 0.646094 0.624001 -0.00436117 3.65861e+09
-0.75 0.75 -0.25 0.646727 0.590761 0.0321752 2.69331e+09
-0.25 1.25 -0.25 0.634474 0.61001 -0.0259255 1.81635e+09
0.25 -1.25 -0.25 0.614562 0.686816 -0.0504805 8.31842e+09
0.75 -0.75 -0.25 0.591628 0.700975 -0.11403 5.57616e+09
0.25 -0.25 -0.25 0.63038 0.660052 -0.0535656 4.69058e+09
0.75 0.25 -0.25 0.611471 0.671837 -0.115802 3.09911e+09
0.25 0.75 -0.25 0.630728 0.63958 -0.0653055 2.44001e+09
0.75 1.25 -0.25 0.61543 0.649692 -0.124982 1.60511e+09
1.25 -1.25 -0.25 0.521103 0.746302 -0.182136 6.06226e+09
1.75 -0.75 -0.25 0.495068 0.75049 -0.240238 3.97481e+09
1.25 -0.25 -0.25 0.569043 0.708831 -0.17551 3.66216e+09
1.75 0.25 -0.25 0.546738 0.711902 -0.234426 2.37253e+09
1.25 0.75 -0.25 0.592624 0.678458 -0.176087 2.0202e+09
1.75 1.25 -0.25 0.573599 0.681093 -0.234176 1.30458e+09
2.25 -1.25 -0.25 0.380751 0.792754 -0.302225 3.93076e+09
2.25 -0.25 -0.25 0.469892 0.750272 -0.295308 2.56956e+09
2.25 0.75 -0.25 0.524369 0.711389 -0.290638 1.52296e+09
-2.5 -1.5 0 0.848802 0.0687524 0.212935 3.81473e+10
-2.5 -0.5 0 0.83886 0.035447 0.167144 2.02431e+10
-2.5 0.5 0 0.822381 0.00546018 0.120258 1.0074e+10
-2.5 1.5 0 0.801651 -0.0203055 0.0742169 4.82855e+09
-1.5 -1.5 0 0.834536 0.17107 0.137784 3.4546e+10
-2 -1 0 0.839285 0.0999909 0.158236 2.70789e+10
-1.5 -0.5 0 0.820198 0.125344 0.104726 1.81954e+10
-2 0 0 0.823092 0.0613754 0.11719 1.379e+10
-1.5 0.5 0 0.799754 0.0824327 0.0682698 9.05639e+09
-2 1 0 0.801905 0.0269863 0.075051 6.70674e+09
-1.5 1.5 0 0.775993 0.0451598 0.030177 4.35885e+09
-0.5 -1.5 0 0.79253 0.270478 0.0459878 2.72164e+10
-1 -1 0 0.811174 0.195982 0.0813068 2.2894e+10
-0.5 -0.5 0 0.780047 0.215917 0.0260868 1.46243e+10
-1 0 0 0.793392 0.145849 0.0524036 1.17849e+10
-0.5 0.5 0 0.76105 0.16306 0.00108467 7.46638e+09
-1 1 0 0.770875 0.100205 0.020028 5.81195e+09
-0.5 1.5 0 0.738577 0.116574 -0.027858 3.67948e+09
0.5 -1.5 0 0.716148 0.363956 -0.0595009 1.88369e+10
0 -1 0 0.755885 0.290008 -0.0114483 1.71402e+10
0.5 -0.5 0 0.714131 0.30569 -0.0671764 1.05895e+10
0 0 0 0.743516 0.232407 -0.0278137 9.14888e+09
0.5 0.5 0 0.704132 0.247395 -0.0805316 5.66612e+09
0 1 0 0.725489 0.178868 -0.0494821 4.67436e+09
0.5 1.5 0 0.688803 0.194927 -0.0994691 2.90921e+09
1.5 -1.5 0 0.599001 0.445022 -0.170326 1.16355e+10
1 -1 0 0.667702 0.378798 -0.116007 1.14875e+10
1.5 -0.5 0 0.617988 0.391588 -0.170091 6.97375e+09
1 0 0 0.670127 0.319649 -0.121199 6.49165e+09
1.5 0.5 0 0.626358 0.333576 -0.173581 3.97366e+09
1 1 0 0.664167 0.262524 -0.13219 3.49568e+09
1.5 1.5 0 0.625247 0.278732 -0.182814 2.15456e+09
2.5 -1.5 0 0.438826 0.504254 -0.271133 6.55662e+09
2 -1 0 0.542035 0.456547 -0.22292 6.99342e+09
2.5 -0.5 0 0.488541 0.467862 -0.27214 4.22818e+09
2 0 0 0.569769 0.404168 -0.221799 4.24026e+09
2.5 0.5 0 0.524782 0.417264 -0.271192 2.58796e+09
2 1 0 0.584516 0.348301 -0.224342 2.43527e+09
2.5 1.5 0 0.545422 0.364027 -0.273452 1.49506e+09
-2.25 -1.25 0.25 0.66239 0.531159 0.280119 6.53883e+09
-2.25 -0.25 0.25 0.660395 0.52055 0.25267 3.59213e+09
-2.25 0.75 0.25 0.655827 0.513973 0.213773 1.84619e+09
-1.25 -1.25 0.25 0.647809 0.627438 0.173151 6.62211e+09
-1.75 -0.75 0.25 0.658946 0.572364 0.222777 5.01507e+09
-1.25 -0.25 0.25 0.652554 0.605983 0.162684 3.66121e+09
-1.75 0.25 0.25 0.656468 0.558979 0.196012 2.64436e+09
-1.25 0.75 0.25 0.650708 0.589412 0.138137 1.87554e+09
-1.75 1.25 0.25 0.651487 0.548388 0.160246 1.32193e+09
-0.25 -1.25 0.25 0.603226 0.710078 0.041836 5.84605e+09
-0.75 -0.75 0.25 0.637843 0.655953 0.111649 4.80347e+09
-0.25 -0.25 0.25 0.626697 0.677025 0.0492815 3.34835e+09
-0.75 0.25 0.25 0.644529 0.631918 0.101624 2.57207e+09
-0.25 0.75 0.25 0.635845 0.650831 0.0409314 1.75652e+09
-0.75 1.25 0.25 0.6443 0.612447 0.0801108 1.29383e+09
0.75 -1.25 0.25 0.519275 0.777662 -0.10249 4.50874e+09
0.25 -0.75 0.25 0.588519 0.725968 -0.0192162 4.05927e+09
0.75 -0.25 0.25 0.573799 0.735658 -0.0791741 2.73448e+09
0.25 0.25 0.25 0.615098 0.691479 -0.0122889 2.26722e+09
0.75 0.75 0.25 0.603342 0.700487 -0.0721252 1.50426e+09
0.25 1.25 0.25 0.626949 0.663827 -0.0185479 1.17565e+09
1.75 -1.25 0.25 0.388431 0.827462 -0.24179 3.07253e+09
1.25 -0.75 0.25 0.501954 0.782694 -0.157526 3.03612e+09
1.75 -0.25 0.25 0.48525 0.783422 -0.210313 1.99984e+09
1.25 0.25 0.25 0.559191 0.740456 -0.137023 1.80384e+09
1.75 0.75 0.25 0.544436 0.74158 -0.192409 1.17322e+09
1.25 1.25 0.25 0.59132 0.705256 -0.129814 9.84181e+08
2.25 -0.75 0.25 0.371448 0.825324 -0.285861 2.03113e+09
2.25 0.25 0.25 0.468696 0.781079 -0.260606 1.29806e+09
2.25 1.25 0.25 0.529166 0.739973 -0.245292 7.55805e+08
-2.5 -1 0.5 0.838478 0.153365 0.210843 1.61243e+10
-2.5 0 0.5 0.832622 0.117969 0.173277 8.6114e+09
-2.5 1 0.5 0.821927 0.0870846 0.13203 4.32672e+09
-2 -1.5 0.5 0.829688 0.229635 0.185702 2.05744e+10
-1.5 -1 0.5 0.811365 0.261602 0.132158 1.43846e+10
-2 -0.5 0.5 0.825185 0.185927 0.158881 1.13961e+10
-1.5 0 0.5 0.804488 0.21276 0.107592 7.68841e+09
-2 0.5 0.5 0.815611 0.145653 0.124625 5.87471e+09
-1.5 1 0.5 0.792861 0.168803 0.0768196 3.88358e+09
-2 1.5 0.5 0.80215 0.110912 0.0871854 2.89206e+09
-1 -1.5 0.5 0.787687 0.342401 0.0911871 1.71646e+10
-0.5 -1 0.5 0.756401 0.36808 0.0370453 1.13188e+10
-1 -0.5 0.5 0.786028 0.287656 0.0790072 9.59831e+09
-0.5 0 0.5 0.755565 0.309146 0.0269229 6.21166e+09
-1 0.5 0.5 0.778245 0.23512 0.0572998 5.02758e+09
-0.5 1 0.5 0.74849 0.254598 0.00809796 3.22484e+09
-1 1.5 0.5 0.766281 0.189009 0.0298042 2.51578e+09
0 -1.5 0.5 0.710217 0.449513 -0.0191529 1.25193e+10
0.5 -1 0.5 0.667895 0.469799 -0.0718898 7.93127e+09
0 -0.5 0.5 0.720717 0.388773 -0.0159002 7.25101e+09
0.5 0 0.5 0.682931 0.406257 -0.0671452 4.57035e+09
0 0.5 0.5 0.722137 0.327692 -0.023795 3.94795e+09
0.5 1 0.5 0.687766 0.344929 -0.073103 2.48492e+09
0 1.5 0.5 0.717145 0.27283 -0.0400593 2.04546e+09
1 -1.5 0.5 0.590374 0.544504 -0.139008 8.10037e+09
1.5 -1 0.5 0.540649 0.560546 -0.187161 5.02094e+09
1 -0.5 0.5 0.624841 0.486315 -0.122308 4.95997e+09
1.5 0 0.5 0.58323 0.50099 -0.170279 3.08609e+09
1 0.5 0.5 0.645153 0.422241 -0.116554 2.85816e+09
1.5 1 0.5 0.608885 0.437852 -0.164144 1.78164e+09
1 1.5 0.5 0.653977 0.362045 -0.121037 1.55636e+09
2 -1.5 0.5 0.424335 0.616575 -0.254814 4.74684e+09
2.5 -1 0.5 0.372819 0.630534 -0.294199 2.92651e+09
2 -0.5 0.5 0.494664 0.574323 -0.231763 3.11078e+09
2.5 0 0.5 0.453581 0.586942 -0.273208 1.93163e+09
2 0.5 0.5 0.54447 0.514937 -0.215882 1.91816e+09
2.5 1 0.5 0.509097 0.528564 -0.25926 1.19282e+09
2 1.5 0.5 0.574894 0.453609 -0.209961 1.1093e+09
-2.25 -0.75 0.75 0.645818 0.543978 0.321912 3.1824e+09
-2.25 0.25 0.75 0.65669 0.526118 0.296843 1.7682e+09
-2.25 1.25 0.75 0.66528 0.51381 0.259367 9.19781e+08
-1.75 -1.25 0.75 0.631217 0.611358 0.269503 4.21e+09
-1.25 -0.75 0.75 0.627573 0.64443 0.211557 3.22826e+09
-1.75 -0.25 0.75 0.645712 0.583301 0.264543 2.44813e+09
-1.25 0.25 0.75 0.643656 0.614745 0.204825 1.79577e+09
-1.75 0.75 0.75 0.656204 0.562722 0.239992 1.30532e+09
-1.25 1.25 0.75 0.654457 0.591308 0.18226 9.29365e+08
-0.75 -1.25 0.75 0.593742 0.709408 0.134735 3.97164e+09
-0.25 -0.75 0.75 0.585533 0.728639 0.07645 2.89344e+09
-0.75 -0.25 0.75 0.622853 0.669993 0.151052 2.35634e+09
-0.25 0.25 0.75 0.617302 0.68869 0.0901588 1.65374e+09
-0.75 0.75 0.75 0.640429 0.638711 0.144537 1.26851e+09
-0.25 1.25 0.75 0.63658 0.656074 0.0849674 8.71107e+08
0.25 -1.25 0.75 0.519675 0.788953 -0.0200354 3.26589e+09
0.75 -0.75 0.75 0.508931 0.796089 -0.0725355 2.28675e+09
0.25 -0.25 0.75 0.577154 0.741576 0.0178096 2.02375e+09
0.75 0.25 0.75 0.568589 0.749316 -0.0395514 1.3731e+09
0.25 0.75 0.75 0.611225 0.701446 0.0303605 1.12724e+09
0.75 1.25 0.75 0.604688 0.709361 -0.027528 7.52544e+08
1.25 -1.25 0.75 0.399121 0.846223 -0.177913 2.35836e+09
1.75 -0.75 0.75 0.389006 0.845127 -0.218611 1.60693e+09
1.25 -0.25 0.75 0.498549 0.798791 -0.123806 1.55102e+09
1.75 0.25 0.75 0.488171 0.798211 -0.173115 1.0286e+09
1.25 0.75 0.75 0.559724 0.75296 -0.0948042 9.1185e+08
1.75 1.25 0.75 0.550281 0.753508 -0.147666 5.96696e+08
2.25 -1.25 0.75 0.227993 0.876774 -0.314942 1.5208e+09
2.25 -0.25 0.75 0.379276 0.841404 -0.257898 1.06933e+09
2.25 0.75 0.75 0.477354 0.795263 -0.220264 6.71783e+08
-2.5 -1.5 1 0.823012 0.268526 0.230969 1.22183e+10
-2.5 -0.5 1 0.825328 0.226862 0.211616 7.19312e+09
-2.5 0.5 1 0.824691 0.188659 0.18054 3.88916e+09
-2.5 1.5 1 0.820297 0.156064 0.143904 1.98013e+09
-1.5 -1.5 1 0.780708 0.392801 0.134186 1.08107e+10
-2 -1 1 0.807854 0.306677 0.180948 9.06184e+09
-1.5 -0.5 1 0.786799 0.337382 0.130422 6.366e+09
-2 0 1 0.809503 0.258772 0.161807 5.09485e+09
-1.5 0.5 1 0.788362 0.285111 0.112456 3.46679e+09
-2 1 1 0.807219 0.216279 0.132995 2.66846e+09
-1.5 1.5 1 0.785591 0.239621 0.0862547 1.78056e+09
-0.5 -1.5 1 0.702138 0.51102 0.0202738 8.33182e+09
-1 -1 1 0.752886 0.422852 0.0838762 7.51544e+09
-0.5 -0.5 1 0.721858 0.446659 0.0339379 5.03635e+09
-1 0 1 0.761221 0.362377 0.0802176 4.2988e+09
-0.5 0.5 1 0.732699 0.383228 0.0310983 2.82588e+09
-1 1 1 0.763522 0.3073 0.0640854 2.2948e+09
-0.5 1.5 1 0.736624 0.326863 0.0169553 1.49208e+09
0.5 -1.5 1 0.580417 0.617465 -0.106694 5.66993e+09
0 -1 1 0.664215 0.534292 -0.0284436 5.52876e+09
0.5 -0.5 1 0.62648 0.552426 -0.0752106 3.59332e+09
0 0 1 0.689081 0.466061 -0.0147365 3.29144e+09
0.5 0.5 1 0.65613 0.482756 -0.061665 2.11769e+09
0 1 1 0.702886 0.401495 -0.0165377 1.82627e+09
0.5 1.5 1 0.673162 0.418476 -0.0625733 1.16811e+09
1.5 -1.5 1 0.411028 0.700952 -0.235364 3.4748e+09
1 -1 1 0.536573 0.635176 -0.150335 3.65706e+09
1.5 -0.5 1 0.49698 0.649076 -0.190391 2.34121e+09
1 0 1 0.590248 0.567466 -0.119725 2.30536e+09
1.5 0.5 1 0.556521 0.58078 -0.161968 1.46806e+09
1 1 1 0.624276 0.49803 -0.106703 1.35002e+09
1.5 1.5 1 0.594253 0.512635 -0.149878 8.56022e+08
2.5 -1.5 1 0.196343 0.746125 -0.345301 1.96645e+09
2 -1 1 0.367398 0.715313 -0.269357 2.21576e+09
2.5 -0.5 1 0.332061 0.72673 -0.298607 1.41553e+09
2 0 1 0.462016 0.660709 -0.227432 1.49246e+09
2.5 0.5 1 0.431504 0.670771 -0.262012 9.49053e+08
2 1 1 0.525724 0.593068 -0.202079 9.30911e+08
2.5 1.5 1 0.497757 0.60461 -0.240234 5.88761e+08
-2.25 -1.25 1.25 0.617049 0.572366 0.355303 2.57258e+09
-2.25 -0.25 1.25 0.637161 0.541029 0.355292 1.59014e+09
-2.25 0.75 1.25 0.657272 0.51915 0.331681 8.93538e+08
-1.25 -1.25 1.25 0.583872 0.688598 0.22293 2.58682e+09
-1.75 -0.75 1.25 0.615937 0.612641 0.302818 2.09165e+09
-1.25 -0.25 1.25 0.615199 0.644664 0.246193 1.61002e+09
-1.75 0.25 1.25 0.638923 0.579623 0.299244 1.22594e+09
-1.25 0.75 1.25 0.639795 0.61014 0.241079 9.03246e+08
-1.75 1.25 1.25 0.659019 0.554618 0.275954 6.61477e+08
-0.25 -1.25 1.25 0.519315 0.783241 0.0631539 2.27471e+09
-0.75 -0.75 1.25 0.57927 0.713404 0.168556 1.98966e+09
-0.25 -0.25 1.25 0.575578 0.73124 0.112358 1.45895e+09
-0.75 0.25 1.25 0.614232 0.669206 0.187539 1.18212e+09
-0.25 0.75 1.25 0.61279 0.687123 0.128678 8.35513e+08
-0.75 1.25 1.25 0.639986 0.633282 0.182442 6.41709e+08
0.75 -1.25 1.25 0.410935 0.851546 -0.109183 1.75211e+09
0.25 -0.75 1.25 0.512845 0.794217 0.013319 1.67023e+09
0.75 -0.25 1.25 0.507246 0.800199 -0.0363889 1.17828e+09
0.25 0.25 1.25 0.571913 0.743283 0.0560969 1.02837e+09
0.75 0.75 1.25 0.567897 0.750568 0.00105278 7.0341e+08
0.25 1.25 1.25 0.610787 0.699394 0.0708931 5.73751e+08
1.75 -1.25 1.25 0.251336 0.887731 -0.270591 1.19739e+09
1.25 -0.75 1.25 0.405299 0.852578 -0.147516 1.24161e+09
1.75 -0.25 1.25 0.400196 0.850652 -0.185035 8.52376e+08
1.25 0.25 1.25 0.501687 0.802381 -0.0850125 8.05682e+08
1.75 0.75 1.25 0.495687 0.801698 -0.131979 5.38577e+08
1.25 1.25 1.25 0.563251 0.754079 -0.0520635 4.70818e+08
2.25 -0.75 1.25 0.250442 0.885223 -0.292193 8.28276e+08
2.25 0.25 1.25 0.394817 0.846658 -0.221657 5.71515e+08
2.25 1.25 1.25 0.488868 0.798893 -0.177071 3.54379e+08
-2.5 -1 1.5 0.801485 0.333506 0.224007 5.65772e+09
-2.5 0 1.5 0.808384 0.287266 0.211555 3.36592e+09
-2.5 1 1.5 0.813216 0.246128 0.18586 1.84517e+09
-2 -1.5 1.5 0.772836 0.422789 0.172231 6.75747e+09
-1.5 -1 1.5 0.746217 0.456934 0.12584 4.9595e+09
-2 -0.5 1.5 0.782799 0.368402 0.176898 4.19891e+09
-1.5 0 1.5 0.760701 0.396045 0.129367 2.97547e+09
-2 0.5 1.5 0.791149 0.316822 0.163921 2.3981e+09
-1.5 1 1.5 0.770403 0.341117 0.116646 1.64912e+09
-2 1.5 1.5 0.795793 0.272159 0.139586 1.2763e+09
-1 -1.5 1.5 0.693255 0.549255 0.0564783 5.52537e+09
-0.5 -1 1.5 0.65751 0.574263 0.0117762 3.84507e+09
-1 -0.5 1.5 0.71813 0.482868 0.0795187 3.4911e+09
-0.5 0 1.5 0.689241 0.503217 0.0337907 2.38045e+09
-1 0.5 1.5 0.736148 0.41841 0.0821932 2.03667e+09
-0.5 1 1.5 0.710207 0.437119 0.0360851 1.35998e+09
-1 1.5 1.5 0.747354 0.361617 0.0703191 1.10581e+09
0 -1.5 1.5 0.570729 0.66302 -0.0744754 3.96911e+09
0.5 -1 1.5 0.53078 0.680776 -0.11403 2.67064e+09
0 -0.5 1.5 0.623665 0.592834 -0.0311526 2.60993e+09
0.5 0 1.5 0.591836 0.607342 -0.072256 1.73689e+09
0 0.5 1.5 0.66031 0.51987 -0.0107071 1.58571e+09
0.5 1 1.5 0.632151 0.534244 -0.0536026 1.03943e+09
0 1.5 1.5 0.683937 0.453524 -0.00856522 8.9295e+08
1 -1.5 1.5 0.400999 0.753927 -0.211899 2.55561e+09
1.5 -1 1.5 0.363612 0.766892 -0.241432 1.69147e+09
1 -0.5 1.5 0.496325 0.693654 -0.149847 1.77547e+09
1.5 0 1.5 0.46646 0.703591 -0.182946 1.16791e+09
1 0.5 1.5 0.5623 0.619395 -0.111489 1.13935e+09
1.5 1 1.5 0.535244 0.62989 -0.148907 7.39912e+08
1 1.5 1.5 0.60537 0.547244 -0.0947776 6.74032e+08
2 -1.5 1.5 0.185741 0.806314 -0.337895 1.5106e+09
2.5 -1 1.5 0.159127 0.818424 -0.352261 9.98374e+08
2 -0.5 1.5 0.334908 0.776174 -0.265847 1.11639e+09
2.5 0 1.5 0.312403 0.782731 -0.28746 7.33253e+08
2 0.5 1.5 0.440534 0.711555 -0.214011 7.61804e+08
2.5 1 1.5 0.417861 0.717988 -0.243511 4.93694e+08
2 1.5 1.5 0.510582 0.639252 -0.184634 4.77165e+08
