449
-2.5 -1 -1.5 -0.659343 -0.52666 -0.177481 1.02623e+10
-2.5 0 -1.5 -0.670392 -0.539017 -0.156517 1.91157e+10
-2.5 1 -1.5 -0.668203 -0.561505 -0.132603 3.24909e+10
-2 -1.5 -1.5 -0.667334 -0.50574 -0.14129 7.85552e+09
-1.5 -1 -1.5 -0.695398 -0.484338 -0.0844601 1.17746e+10
-2 -0.5 -1.5 -0.69221 -0.505823 -0.11802 1.55664e+10
-1.5 0 -1.5 -0.72441 -0.478166 -0.0578635 2.32119e+10
-2 0.5 -1.5 -0.70808 -0.512206 -0.0938585 2.87529e+10
-1.5 1 -1.5 -0.743927 -0.477635 -0.0302425 4.21958e+10
-2 1.5 -1.5 -0.71063 -0.528407 -0.0668689 4.77234e+10
-1 -1.5 -1.5 -0.684904 -0.470879 -0.0572428 8.40602e+09
-0.5 -1 -1.5 -0.708085 -0.443404 -0.00407515 1.22127e+10
-1 -0.5 -1.5 -0.722855 -0.456567 -0.0275762 1.73462e+10
-0.5 0 -1.5 -0.748685 -0.422023 0.0290102 2.49857e+10
-1 0.5 -1.5 -0.754791 -0.443232 0.00258075 3.38225e+10
-0.5 1 -1.5 -0.781518 -0.401376 0.063052 4.77611e+10
-1 1.5 -1.5 -0.775797 -0.435739 0.0339498 5.98204e+10
0 -1.5 -1.5 -0.685105 -0.434225 0.0125751 8.26331e+09
0.5 -1 -1.5 -0.70325 -0.401141 0.0606434 1.1576e+10
0 -0.5 -1.5 -0.729848 -0.409651 0.0482825 1.73455e+10
0.5 0 -1.5 -0.748668 -0.369859 0.0997229 2.39311e+10
0 0.5 -1.5 -0.771247 -0.380992 0.0851342 3.49389e+10
0.5 1 -1.5 -0.788321 -0.33494 0.140848 4.69971e+10
0 1.5 -1.5 -0.802134 -0.354332 0.123441 6.46596e+10
1 -1.5 -1.5 -0.673318 -0.39293 0.0664929 7.55824e+09
1.5 -1 -1.5 -0.685829 -0.354674 0.108808 1.01706e+10
1 -0.5 -1.5 -0.718715 -0.362357 0.107416 1.57575e+10
1.5 0 -1.5 -0.72945 -0.318954 0.153104 2.06918e+10
1 0.5 -1.5 -0.762439 -0.325298 0.150397 3.18127e+10
1.5 1 -1.5 -0.768733 -0.278558 0.200621 4.03679e+10
1 1.5 -1.5 -0.797442 -0.286812 0.196289 6.0168e+10
2 -1.5 -1.5 -0.653254 -0.345143 0.104343 6.50563e+09
2.5 -1 -1.5 -0.658948 -0.302453 0.140968 8.38516e+09
2 -0.5 -1.5 -0.693846 -0.311852 0.14979 1.32159e+10
2.5 0 -1.5 -0.694911 -0.266432 0.189946 1.64622e+10
2 0.5 -1.5 -0.733012 -0.273199 0.198143 2.59939e+10
2.5 1 -1.5 -0.727081 -0.228494 0.24293 3.09968e+10
2 1.5 -1.5 -0.765414 -0.233425 0.250573 4.84738e+10
-2.25 -0.75 -1.25 -0.657952 -0.0432171 -0.191223 2.52379e+09
-2.25 0.25 -1.25 -0.676398 -0.0616128 -0.154903 4.47321e+09
-2.25 1.25 -1.25 -0.690001 -0.0770641 -0.108151 7.24052e+09
-1.75 -1.25 -1.25 -0.675085 0.00543871 -0.158041 2.05662e+09
-1.25 -0.75 -1.25 -0.712831 0.0398204 -0.0922729 3.15527e+09
-1.75 -0.25 -1.25 -0.701158 -0.0083095 -0.121329 3.88798e+09
-1.25 0.25 -1.25 -0.74161 0.0305826 -0.0498612 5.9406e+09
-1.75 0.75 -1.25 -0.72415 -0.0210351 -0.0786049 6.84064e+09
-1.25 1.25 -1.25 -0.766142 0.0244079 -0.000492188 1.0316e+10
-0.75 -1.25 -1.25 -0.716315 0.0824127 -0.0704488 2.42158e+09
-0.25 -0.75 -1.25 -0.747069 0.118422 -0.00999892 3.66195e+09
-0.75 -0.25 -1.25 -0.74775 0.0773122 -0.0261225 4.8025e+09
-0.25 0.25 -1.25 -0.777164 0.117877 0.0395183 7.22132e+09
-0.75 0.75 -1.25 -0.776243 0.0733604 0.0221308 8.96102e+09
-0.25 1.25 -1.25 -0.801494 0.119606 0.0937198 1.32264e+10
0.25 -1.25 -1.25 -0.743871 0.153645 -0.00217091 2.67747e+09
0.75 -0.75 -1.25 -0.767111 0.189684 0.0503861 3.96642e+09
0.25 -0.25 -1.25 -0.772808 0.156781 0.0490654 5.4696e+09
0.75 0.25 -1.25 -0.790846 0.197494 0.106341 8.00853e+09
0.25 0.75 -1.25 -0.798003 0.161309 0.104006 1.06411e+10
0.75 1.25 -1.25 -0.807244 0.207018 0.167325 1.51637e+10
1.25 -1.25 -1.25 -0.762229 0.216888 0.0442987 2.79438e+09
1.75 -0.75 -1.25 -0.777578 0.252216 0.0880773 4.01944e+09
1.25 -0.25 -1.25 -0.783508 0.227666 0.100669 5.75826e+09
1.75 0.25 -1.25 -0.790681 0.267716 0.14917 8.10136e+09
1.25 0.75 -1.25 -0.798522 0.240362 0.162094 1.13565e+10
1.75 1.25 -1.25 -0.793493 0.284848 0.217361 1.5347e+10
2.25 -1.25 -1.25 -0.77338 0.271969 0.0699028 2.75167e+09
2.25 -0.25 -1.25 -0.784699 0.289569 0.129899 5.60375e+09
2.25 0.75 -1.25 -0.786542 0.309667 0.197109 1.0888e+10
-2.5 -1.5 -1 -0.617636 -0.581309 -0.244387 1.34092e+10
-2.5 -0.5 -1 -0.635254 -0.586434 -0.227375 2.62161e+10
-2.5 0.5 -1 -0.6411 -0.600517 -0.209188 4.79213e+10
-2.5 1.5 -1 -0.631078 -0.626426 -0.186496 7.97369e+10
-1.5 -1.5 -1 -0.64088 -0.56221 -0.148816 1.50583e+10
-2 -1 -1 -0.646891 -0.569977 -0.185285 2.05159e+10
-1.5 -0.5 -1 -0.676303 -0.55283 -0.125265 3.09916e+10
-2 0 -1 -0.66978 -0.570266 -0.165216 4.01193e+10
-1.5 0.5 -1 -0.70409 -0.547162 -0.101746 6.04157e+10
-2 1 -1 -0.681345 -0.578807 -0.143785 7.28846e+10
-1.5 1.5 -1 -0.720482 -0.549146 -0.0765728 1.08284e+11
-0.5 -1.5 -1 -0.642658 -0.541052 -0.0652429 1.54531e+10
-1 -1 -1 -0.665473 -0.544635 -0.0916727 2.2411e+10
-0.5 -0.5 -1 -0.689971 -0.520959 -0.0346917 3.27754e+10
-1 0 -1 -0.705524 -0.529135 -0.0647196 4.60507e+10
-0.5 0.5 -1 -0.733735 -0.49844 -0.00397062 6.6943e+10
-1 1 -1 -0.737212 -0.516567 -0.0373328 8.89681e+10
-0.5 1.5 -1 -0.767462 -0.478744 0.027765 1.27002e+11
0.5 -1.5 -1 -0.62932 -0.514306 0.00306669 1.46698e+10
0 -1 -1 -0.662792 -0.517463 -0.0121168 2.22435e+10
0.5 -0.5 -1 -0.68225 -0.487881 0.0400177 3.12862e+10
0 0 -1 -0.713638 -0.49083 0.0218414 4.6871e+10
0.5 0.5 -1 -0.735153 -0.454539 0.077831 6.51026e+10
0 1 -1 -0.759493 -0.460999 0.0568193 9.44926e+10
0.5 1.5 -1 -0.780771 -0.41824 0.117664 1.28263e+11
1.5 -1.5 -1 -0.606174 -0.479278 0.0546717 1.30467e+10
1 -1 -1 -0.644987 -0.484834 0.0508617 2.03356e+10
1.5 -0.5 -1 -0.65883 -0.44996 0.0972366 2.73778e+10
1 0 -1 -0.699768 -0.452599 0.0911185 4.27387e+10
1.5 0.5 -1 -0.713478 -0.412865 0.141404 5.62616e+10
1 1 -1 -0.752612 -0.413424 0.133406 8.70681e+10
1.5 1.5 -1 -0.763793 -0.370092 0.188835 1.11024e+11
2.5 -1.5 -1 -0.576492 -0.435088 0.0895918 1.09728e+10
2 -1 -1 -0.616784 -0.444235 0.0965925 1.73623e+10
2.5 -0.5 -1 -0.623734 -0.405 0.137144 2.23025e+10
2 0 -1 -0.668971 -0.410822 0.142477 3.55486e+10
2.5 0.5 -1 -0.673093 -0.369633 0.1871 4.41694e+10
2 1 -1 -0.721128 -0.371093 0.191283 7.07454e+10
2.5 1.5 -1 -0.720673 -0.330648 0.241081 8.43059e+10
-2.25 -1.25 -0.75 -0.64729 -0.222976 -0.281705 4.33915e+09
-2.25 -0.25 -0.75 -0.674219 -0.241348 -0.254251 8.23018e+09
-2.25 0.75 -0.75 -0.695641 -0.262063 -0.221887 1.45833e+10
-1.25 -1.25 -0.75 -0.691997 -0.155661 -0.184119 5.17972e+09
-1.75 -0.75 -0.75 -0.689378 -0.197367 -0.215821 6.72589e+09
-1.25 -0.25 -0.75 -0.730902 -0.166817 -0.14815 1.0366e+10
-1.75 0.25 -0.75 -0.721257 -0.212594 -0.18291 1.2762e+10
-1.25 0.75 -0.75 -0.765826 -0.178043 -0.109042 1.96318e+10
-1.75 1.25 -0.75 -0.747552 -0.22854 -0.143751 2.25122e+10
-0.25 -1.25 -0.75 -0.721065 -0.081759 -0.102575 5.79071e+09
-0.75 -0.75 -0.75 -0.72912 -0.123374 -0.120893 7.9203e+09
-0.25 -0.25 -0.75 -0.764011 -0.0865537 -0.0577276 1.20116e+10
-0.75 0.25 -0.75 -0.769984 -0.131079 -0.0793302 1.58521e+10
-0.25 0.75 -0.75 -0.804041 -0.0901455 -0.0100606 2.39369e+10
-0.75 1.25 -0.75 -0.804991 -0.137552 -0.0334465 2.98016e+10
0.75 -1.25 -0.75 -0.74046 -0.00492552 -0.0420725 6.12708e+09
0.25 -0.75 -0.75 -0.752865 -0.0443024 -0.0453898 8.70343e+09
0.75 -0.25 -0.75 -0.780602 -0.00313874 0.0102555 1.29046e+10
0.25 0.25 -0.75 -0.794344 -0.0452708 0.00480013 1.79832e+10
0.75 0.75 -0.75 -0.817479 -4.6989e-05 0.0664795 2.6348e+10
0.25 1.25 -0.75 -0.83016 -0.0446165 0.0592134 3.53629e+10
1.75 -1.25 -0.75 -0.753368 0.06992 -0.00401133 6.16088e+09
1.25 -0.75 -0.75 -0.766325 0.0354983 0.00690869 8.99767e+09
1.75 -0.25 -0.75 -0.786279 0.0786581 0.0538609 1.29163e+10
1.25 0.25 -0.75 -0.801836 0.0413303 0.0643776 1.87184e+10
1.75 0.75 -0.75 -0.814084 0.0883435 0.117702 2.62227e+10
1.25 1.25 -0.75 -0.830753 0.0480209 0.127775 3.72587e+10
2.25 -0.75 -0.75 -0.772285 0.111324 0.0364203 8.75526e+09
2.25 0.25 -0.75 -0.798003 0.124096 0.0997172 1.79098e+10
2.25 1.25 -0.75 -0.815172 0.136789 0.171626 3.49222e+10
-2.5 -1 -0.5 -0.601334 -0.372944 -0.216093 1.75414e+10
-2.5 0 -0.5 -0.621845 -0.399225 -0.19838 3.33599e+10
-2.5 1 -0.5 -0.633312 -0.430864 -0.178792 5.96967e+10
-2 -1.5 -0.5 -0.607519 -0.333513 -0.17728 1.38165e+10
-1.5 -1 -0.5 -0.641741 -0.311932 -0.119725 2.15607e+10
-2 -0.5 -0.5 -0.639572 -0.353788 -0.156082 2.76865e+10
-1.5 0 -0.5 -0.678577 -0.330069 -0.095313 4.34079e+10
-2 0.5 -0.5 -0.66586 -0.377767 -0.135278 5.29032e+10
-1.5 1 -0.5 -0.7095 -0.350616 -0.0707783 8.30927e+10
-2 1.5 -0.5 -0.683738 -0.405953 -0.112277 9.47382e+10
-1 -1.5 -0.5 -0.633761 -0.272192 -0.0910718 1.59773e+10
-0.5 -1 -0.5 -0.665257 -0.244575 -0.037365 2.44183e+10
-1 -0.5 -0.5 -0.676612 -0.286168 -0.0621987 3.33751e+10
-0.5 0 -0.5 -0.710902 -0.255684 -0.00492866 5.10781e+10
-1 0.5 -0.5 -0.717013 -0.301155 -0.0340331 6.73561e+10
-0.5 1 -0.5 -0.752753 -0.266713 0.0277081 1.02767e+11
-1 1.5 -0.5 -0.750356 -0.317298 -0.00497801 1.28309e+11
0 -1.5 -0.5 -0.649583 -0.204735 -0.0210571 1.72674e+10
0.5 -1 -0.5 -0.678008 -0.171775 0.02708 2.57304e+10
0 -0.5 -0.5 -0.696242 -0.212706 0.0154267 3.68505e+10
0.5 0 -0.5 -0.7249 -0.176366 0.067358 5.4613e+10
0 0.5 -0.5 -0.742663 -0.220226 0.05209 7.68245e+10
0.5 1 -0.5 -0.769387 -0.180238 0.109176 1.12478e+11
0 1.5 -0.5 -0.783079 -0.227257 0.0901182 1.52558e+11
1 -1.5 -0.5 -0.659695 -0.13335 0.0306341 1.76006e+10
1.5 -1 -0.5 -0.684121 -0.0961887 0.0723998 2.54342e+10
1 -0.5 -0.5 -0.704288 -0.134816 0.0738549 3.76197e+10
1.5 0 -0.5 -0.726165 -0.0941396 0.119749 5.35338e+10
1 0.5 -0.5 -0.748859 -0.135923 0.118839 7.87869e+10
1.5 1 -0.5 -0.765445 -0.0925606 0.170627 1.09288e+11
1 1.5 -0.5 -0.788296 -0.137167 0.166931 1.58143e+11
2 -1.5 -0.5 -0.66604 -0.0611443 0.0640053 1.69933e+10
2.5 -1 -0.5 -0.684958 -0.0212227 0.0995621 2.36467e+10
2 -0.5 -0.5 -0.704383 -0.0556717 0.112943 3.57609e+10
2.5 0 -0.5 -0.718019 -0.0125603 0.153206 4.84271e+10
2 0.5 -0.5 -0.741059 -0.0506995 0.16563 7.33194e+10
2.5 1 -0.5 -0.746538 -0.00619514 0.212545 9.54278e+10
2 1.5 -0.5 -0.772152 -0.0483298 0.22362 1.43716e+11
-2.25 -0.75 -0.25 -0.645582 -0.475209 -0.269029 6.76189e+09
-2.25 0.25 -0.25 -0.659641 -0.492238 -0.246825 1.2597e+10
-2.25 1.25 -0.25 -0.661518 -0.515263 -0.220711 2.16912e+10
-1.75 -1.25 -0.25 -0.653843 -0.447779 -0.229748 5.27115e+09
-1.25 -0.75 -0.25 -0.685505 -0.426719 -0.167312 8.04978e+09
-1.75 -0.25 -0.25 -0.68175 -0.457346 -0.203785 1.04267e+10
-1.25 0.25 -0.25 -0.717692 -0.432774 -0.136678 1.59385e+10
-1.75 0.75 -0.25 -0.700832 -0.470655 -0.176868 1.9402e+10
-1.25 1.25 -0.25 -0.740642 -0.441074 -0.10435 2.95063e+10
-0.75 -1.25 -0.25 -0.676692 -0.397076 -0.13957 5.89541e+09
-0.25 -0.75 -0.25 -0.704767 -0.36626 -0.0811604 8.824e+09
-0.75 -0.25 -0.25 -0.717095 -0.399069 -0.104155 1.2181e+10
-0.25 0.25 -0.25 -0.747619 -0.364046 -0.0408621 1.82045e+10
-0.75 0.75 -0.25 -0.752319 -0.400509 -0.0682935 2.40674e+10
-0.25 1.25 -0.25 -0.783892 -0.360055 0.000730601 3.56717e+10
0.25 -1.25 -0.25 -0.68657 -0.332352 -0.0680237 6.17665e+09
0.75 -0.75 -0.25 -0.71161 -0.29197 -0.0165763 9.0287e+09
0.25 -0.25 -0.25 -0.732128 -0.328441 -0.023649 1.30369e+10
0.75 0.25 -0.25 -0.757215 -0.283552 0.0325653 1.89034e+10
0.25 0.75 -0.25 -0.775458 -0.32139 0.0220387 2.67082e+10
0.75 1.25 -0.25 -0.79841 -0.271932 0.0843653 3.80855e+10
1.25 -1.25 -0.25 -0.690242 -0.255001 -0.0187517 6.13481e+09
1.75 -0.75 -0.25 -0.711892 -0.206986 0.024121 8.70965e+09
1.25 -0.25 -0.25 -0.734732 -0.245168 0.0328254 1.29458e+10
1.75 0.25 -0.25 -0.753762 -0.192883 0.0804597 1.80447e+10
1.25 0.75 -0.25 -0.777863 -0.232495 0.0875341 2.66471e+10
1.75 1.25 -0.25 -0.7914 -0.177249 0.141973 3.60331e+10
2.25 -1.25 -0.25 -0.690741 -0.170479 0.00799164 5.80081e+09
2.25 -0.25 -0.25 -0.729676 -0.154207 0.0648641 1.20166e+10
2.25 0.75 -0.25 -0.766043 -0.136939 0.127306 2.4149e+10
-2.5 -1.5 0 -0.615963 0.027964 -0.21757 6.8593e+09
-2.5 -0.5 0 -0.651 -0.0200516 -0.192365 1.31405e+10
-2.5 0.5 0 -0.685544 -0.0762186 -0.167139 2.42392e+10
-2.5 1.5 0 -0.717406 -0.139741 -0.138763 4.28921e+10
-1.5 -1.5 0 -0.674446 0.0908534 -0.137286 9.18181e+09
-2 -1 0 -0.666287 0.0375994 -0.161423 1.12698e+10
-1.5 -0.5 0 -0.716397 0.0439782 -0.105104 1.85283e+10
-2 0 0 -0.70592 -0.0145674 -0.133403 2.184e+10
-1.5 0.5 0 -0.758308 -0.0113579 -0.0735816 3.63292e+10
-2 1 0 -0.74405 -0.0747071 -0.104802 4.0843e+10
-1.5 1.5 0 -0.79624 -0.0731613 -0.0406404 6.8609e+10
-0.5 -1.5 0 -0.721016 0.145081 -0.0709679 1.15315e+10
-1 -1 0 -0.720427 0.0976912 -0.0841461 1.49273e+10
-0.5 -0.5 0 -0.763492 0.102493 -0.0314322 2.41665e+10
-1 0 0 -0.763727 0.0481907 -0.0486107 3.04106e+10
-0.5 0.5 0 -0.805209 0.0523729 0.0082964 4.95375e+10
-1 1 0 -0.804578 -0.00818242 -0.0126866 6.0104e+10
-0.5 1.5 0 -0.841406 -0.00210909 0.0497773 9.77416e+10
0.5 -1.5 0 -0.756522 0.190472 -0.0203562 1.35952e+10
0 -1 0 -0.760423 0.150159 -0.0222247 1.84201e+10
0.5 -0.5 0 -0.794575 0.155441 0.0258289 2.90761e+10
0 0 0 -0.801003 0.10735 0.0211142 3.87466e+10
0.5 0.5 0 -0.830445 0.114845 0.0740404 6.09201e+10
0 1 0 -0.837966 0.0592428 0.0661417 7.9234e+10
0.5 1.5 0 -0.859835 0.0711364 0.125664 1.22429e+11
1.5 -1.5 0 -0.781479 0.229359 0.0144455 1.50168e+10
1 -1 0 -0.787759 0.196025 0.0232569 2.11467e+10
1.5 -0.5 0 -0.812118 0.204335 0.0662769 3.21638e+10
1 0 0 -0.821276 0.163396 0.0737532 4.49454e+10
1.5 0.5 0 -0.838703 0.176284 0.122401 6.71349e+10
1 1 0 -0.849831 0.127293 0.128154 9.25568e+10
1.5 1.5 0 -0.857648 0.146216 0.184397 1.33369e+11
2.5 -1.5 0 -0.796435 0.265188 0.034348 1.54678e+10
2 -1 0 -0.803764 0.237979 0.052777 2.2501e+10
2.5 -0.5 0 -0.818219 0.25148 0.0910046 3.25616e+10
2 0 0 -0.827947 0.217564 0.109586 4.72631e+10
2.5 0.5 0 -0.833918 0.237137 0.154281 6.61189e+10
2 1 0 -0.845424 0.195613 0.172806 9.53094e+10
2.5 1.5 0 -0.840613 0.22124 0.2258 1.26596e+11
-2.25 -1.25 0.25 -0.608108 -0.611843 -0.224098 2.26162e+09
-2.25 -0.25 0.25 -0.611166 -0.629409 -0.210958 4.31865e+09
-2.25 0.75 0.25 -0.598531 -0.654422 -0.200005 7.68502e+09
-1.25 -1.25 0.25 -0.633642 -0.578856 -0.125339 2.6295e+09
-1.75 -0.75 0.25 -0.631501 -0.602299 -0.163938 3.47602e+09
-1.25 -0.25 0.25 -0.655146 -0.587228 -0.102469 5.29055e+09
-1.75 0.25 0.25 -0.639035 -0.617701 -0.147789 6.63424e+09
-1.25 0.75 0.25 -0.667087 -0.599303 -0.0828113 1.00559e+10
-1.75 1.25 0.25 -0.631492 -0.639474 -0.134044 1.17166e+10
-0.25 -1.25 0.25 -0.640834 -0.533937 -0.0420984 2.82936e+09
-0.75 -0.75 0.25 -0.653447 -0.56042 -0.0669017 3.95725e+09
-0.25 -0.25 0.25 -0.673618 -0.535199 -0.00849576 5.87317e+09
-0.75 0.25 0.25 -0.678985 -0.565398 -0.0401259 7.94502e+09
-0.25 0.75 0.25 -0.702473 -0.535643 0.0225236 1.17036e+10
-0.75 1.25 0.25 -0.694782 -0.572812 -0.0166187 1.49438e+10
0.75 -1.25 0.25 -0.638348 -0.4737 0.020425 2.85325e+09
0.25 -0.75 0.25 -0.658066 -0.505236 0.0114789 4.14933e+09
0.75 -0.25 0.25 -0.675322 -0.468938 0.0637066 5.9662e+09
0.25 0.25 0.25 -0.693577 -0.502217 0.0493539 8.54903e+09
0.75 0.75 0.25 -0.712012 -0.461168 0.106207 1.2103e+10
0.25 1.25 0.25 -0.724333 -0.497456 0.0848701 1.67616e+10
1.75 -1.25 0.25 -0.632241 -0.398759 0.0600429 2.72172e+09
1.25 -0.75 0.25 -0.653652 -0.434261 0.0667144 4.05785e+09
1.75 -0.25 0.25 -0.667716 -0.387459 0.110887 5.61432e+09
1.25 0.25 0.25 -0.691211 -0.424895 0.114313 8.345e+09
1.75 0.75 0.25 -0.703491 -0.374085 0.16341 1.12321e+10
1.25 1.25 0.25 -0.72681 -0.412941 0.161866 1.64731e+10
2.25 -0.75 0.25 -0.644898 -0.349869 0.0980337 3.73061e+09
2.25 0.25 0.25 -0.678171 -0.33432 0.153325 7.48121e+09
2.25 1.25 0.25 -0.709255 -0.31888 0.211573 1.43697e+10
-2.5 -1 0.5 -0.63276 -0.154894 -0.191909 5.16268e+09
-2.5 0 0.5 -0.650541 -0.20841 -0.175022 9.55908e+09
-2.5 1 0.5 -0.662716 -0.265709 -0.159332 1.69501e+10
-2 -1.5 0.5 -0.653522 -0.0928713 -0.159418 4.36554e+09
-1.5 -1 0.5 -0.696675 -0.0798927 -0.106678 7.10982e+09
-2 -0.5 0.5 -0.679586 -0.142903 -0.137207 8.48422e+09
-1.5 0 0.5 -0.726218 -0.132585 -0.0817069 1.3948e+10
-2 0.5 0.5 -0.702227 -0.199383 -0.117778 1.58873e+10
-1.5 1 0.5 -0.751566 -0.190503 -0.058966 2.63746e+10
-2 1.5 0.5 -0.718963 -0.258643 -0.0992311 2.8521e+10
-1 -1.5 0.5 -0.705968 -0.0218407 -0.0844668 5.67552e+09
-0.5 -1 0.5 -0.744845 -0.0100547 -0.0345665 9.11765e+09
-1 -0.5 0.5 -0.739117 -0.0686675 -0.0537358 1.15557e+10
-0.5 0 0.5 -0.778551 -0.0577199 -0.000461865 1.86679e+10
-1 0.5 0.5 -0.770075 -0.122499 -0.0253103 2.2844e+10
-0.5 1 0.5 -0.808195 -0.110415 0.0322808 3.69563e+10
-1 1.5 0.5 -0.79514 -0.179299 0.0016548 4.33378e+10
0 -1.5 0.5 -0.746551 0.041592 -0.023762 6.91978e+09
0.5 -1 0.5 -0.779147 0.0534425 0.0222574 1.08776e+10
0 -0.5 0.5 -0.780597 0.00147004 0.0151746 1.45266e+10
0.5 0 0.5 -0.8109 0.0148087 0.065135 2.2783e+10
0 0.5 0.5 -0.812361 -0.0449256 0.0534933 2.97364e+10
0.5 1 0.5 -0.838111 -0.0281727 0.108644 4.61079e+10
0 1.5 0.5 -0.837848 -0.0941446 0.0914731 5.82285e+10
1 -1.5 0.5 -0.776158 0.097617 0.0219064 7.90916e+09
1.5 -1 0.5 -0.800965 0.111587 0.0635497 1.20453e+10
1 -0.5 0.5 -0.806512 0.0671562 0.0680634 1.6804e+10
1.5 0 0.5 -0.826642 0.0847777 0.114282 2.52354e+10
1 0.5 0.5 -0.833544 0.0320417 0.115901 3.47591e+10
1.5 1 0.5 -0.84664 0.0547292 0.168153 5.07632e+10
1 1.5 0.5 -0.853796 -0.00596909 0.165506 6.83598e+10
2 -1.5 0.5 -0.795235 0.148489 0.0528798 8.4484e+09
2.5 -1 0.5 -0.811397 0.166628 0.0901167 1.23251e+10
2 -0.5 0.5 -0.818981 0.129505 0.10522 1.78194e+10
2.5 0 0.5 -0.828575 0.152875 0.147765 2.52756e+10
2 0.5 0.5 -0.837772 0.10787 0.161697 3.63101e+10
2.5 1 0.5 -0.838504 0.136963 0.211038 4.92754e+10
2 1.5 0.5 -0.848684 0.083466 0.22247 6.97091e+10
-2.25 -0.75 0.75 -0.592624 -0.678458 -0.176087 2.0202e+09
-2.25 0.25 0.75 -0.569043 -0.708831 -0.17551 3.66216e+09
-2.25 1.25 0.75 -0.521103 -0.746302 -0.182136 6.06226e+09
-1.75 -1.25 0.75 -0.61543 -0.649692 -0.124982 1.60511e+09
-1.25 -0.75 0.75 -0.630728 -0.63958 -0.0653055 2.44001e+09
-1.75 -0.25 0.75 -0.611471 -0.671837 -0.115802 3.09911e+09
-1.25 0.25 0.75 -0.63038 -0.660052 -0.0535656 4.69058e+09
-1.75 0.75 0.75 -0.591628 -0.700975 -0.11403 5.57616e+09
-1.25 1.25 0.75 -0.614562 -0.686816 -0.0504805 8.31842e+09
-0.75 -1.25 0.75 -0.634474 -0.61001 -0.0259255 1.81635e+09
-0.25 -0.75 0.75 -0.646727 -0.590761 0.0321752 2.69331e+09
-0.75 -0.25 0.75 -0.646094 -0.624001 -0.00436117 3.65861e+09
-0.25 0.25 0.75 -0.661376 -0.601694 0.0572981 5.3794e+09
-0.75 0.75 0.75 -0.649301 -0.641729 0.0100808 6.96053e+09
-0.25 1.25 0.75 -0.667599 -0.61567 0.0741192 1.0037e+10
0.25 -1.25 0.75 -0.639329 -0.558018 0.0561289 1.90735e+09
0.75 -0.75 0.75 -0.649345 -0.528182 0.109629 2.7418e+09
0.25 -0.25 0.75 -0.658978 -0.564619 0.0902717 3.91543e+09
0.75 0.25 0.75 -0.670367 -0.530718 0.147633 5.53677e+09
0.25 0.75 0.75 -0.675831 -0.571669 0.118807 7.69149e+09
0.75 1.25 0.75 -0.688074 -0.533693 0.178977 1.0578e+10
1.25 -1.25 0.75 -0.637374 -0.491686 0.116934 1.87677e+09
1.75 -0.75 0.75 -0.645133 -0.450815 0.163556 2.59903e+09
1.25 -0.25 0.75 -0.658588 -0.490554 0.161836 3.83472e+09
1.75 0.25 0.75 -0.665282 -0.445136 0.212205 5.16851e+09
1.25 0.75 0.75 -0.67931 -0.488977 0.203418 7.53797e+09
1.75 1.25 0.75 -0.683577 -0.440518 0.256813 9.76653e+09
2.25 -1.25 0.75 -0.632309 -0.412306 0.155204 1.74008e+09
2.25 -0.25 0.75 -0.650284 -0.40228 0.208132 3.47173e+09
2.25 0.75 0.75 -0.666907 -0.393154 0.260411 6.64168e+09
-2.5 -1.5 1 -0.625247 -0.278732 -0.182814 2.15456e+09
-2.5 -0.5 1 -0.626358 -0.333576 -0.173581 3.97366e+09
-2.5 0.5 1 -0.617988 -0.391588 -0.170091 6.97375e+09
-2.5 1.5 1 -0.599001 -0.445022 -0.170326 1.16355e+10
-1.5 -1.5 1 -0.688803 -0.194927 -0.0994691 2.90921e+09
-2 -1 1 -0.664167 -0.262524 -0.13219 3.49568e+09
-1.5 -0.5 1 -0.704132 -0.247395 -0.0805316 5.66612e+09
-2 0 1 -0.670127 -0.319649 -0.121199 6.49165e+09
-1.5 0.5 1 -0.714131 -0.30569 -0.0671764 1.05895e+10
-2 1 1 -0.667702 -0.378798 -0.116007 1.14875e+10
-1.5 1.5 1 -0.716148 -0.363956 -0.0595009 1.88369e+10
-0.5 -1.5 1 -0.738577 -0.116574 -0.027858 3.67948e+09
-1 -1 1 -0.725489 -0.178868 -0.0494821 4.67436e+09
-0.5 -0.5 1 -0.76105 -0.16306 0.00108467 7.46638e+09
-1 0 1 -0.743516 -0.232407 -0.0278137 9.14888e+09
-0.5 0.5 1 -0.780047 -0.215917 0.0260868 1.46243e+10
-1 1 1 -0.755885 -0.290008 -0.0114483 1.71402e+10
-0.5 1.5 1 -0.79253 -0.270478 0.0459878 2.72164e+10
0.5 -1.5 1 -0.775993 -0.0451598 0.030177 4.35885e+09
0 -1 1 -0.770875 -0.100205 0.020028 5.81195e+09
0.5 -0.5 1 -0.799754 -0.0824327 0.0682698 9.05639e+09
0 0 1 -0.793392 -0.145849 0.0524036 1.17849e+10
0.5 0.5 1 -0.820198 -0.125344 0.104726 1.81954e+10
0 1 1 -0.811174 -0.195982 0.0813068 2.2894e+10
0.5 1.5 1 -0.834536 -0.17107 0.137784 3.4546e+10
1.5 -1.5 1 -0.801651 0.0203055 0.0742169 4.82855e+09
1 -1 1 -0.801905 -0.0269863 0.075051 6.70674e+09
1.5 -0.5 1 -0.822381 -0.00546018 0.120258 1.0074e+10
1 0 1 -0.823092 -0.0613754 0.11719 1.379e+10
1.5 0.5 1 -0.83886 -0.035447 0.167144 2.02431e+10
1 1 1 -0.839285 -0.0999909 0.158236 2.70789e+10
1.5 1.5 1 -0.848802 -0.0687524 0.212935 3.81473e+10
2.5 -1.5 1 -0.815966 0.0822249 0.104573 4.98158e+09
2 -1 1 -0.819676 0.0422128 0.115558 7.15881e+09
2.5 -0.5 1 -0.830715 0.0691041 0.157411 1.02352e+10
2 0 1 -0.835539 0.0210013 0.166261 1.45908e+10
2.5 0.5 1 -0.839702 0.053286 0.213514 2.00812e+10
2 1 1 -0.845281 -0.00368129 0.218403 2.81842e+10
2.5 1.5 1 -0.841062 0.0335687 0.270927 3.66483e+10
-2.25 -1.25 1.25 -0.59132 -0.705256 -0.129814 9.84181e+08
-2.25 -0.25 1.25 -0.559191 -0.740456 -0.137023 1.80384e+09
-2.25 0.75 1.25 -0.501954 -0.782694 -0.157526 3.03612e+09
-1.25 -1.25 1.25 -0.626949 -0.663827 -0.0185479 1.17565e+09
-1.75 -0.75 1.25 -0.603342 -0.700487 -0.0721252 1.50426e+09
-1.25 -0.25 1.25 -0.615098 -0.691479 -0.0122889 2.26722e+09
-1.75 0.25 1.25 -0.573799 -0.735658 -0.0791741 2.73448e+09
-1.25 0.75 1.25 -0.588519 -0.725968 -0.0192162 4.05927e+09
-1.75 1.25 1.25 -0.519275 -0.777662 -0.10249 4.50874e+09
-0.25 -1.25 1.25 -0.6443 -0.612447 0.0801108 1.29383e+09
-0.75 -0.75 1.25 -0.635845 -0.650831 0.0409314 1.75652e+09
-0.25 -0.25 1.25 -0.644529 -0.631918 0.101624 2.57207e+09
-0.75 0.25 1.25 -0.626697 -0.677025 0.0492815 3.34835e+09
-0.25 0.75 1.25 -0.637843 -0.655953 0.111649 4.80347e+09
-0.75 1.25 1.25 -0.603226 -0.710078 0.041836 5.84605e+09
0.75 -1.25 1.25 -0.651487 -0.548388 0.160246 1.32193e+09
0.25 -0.75 1.25 -0.650708 -0.589412 0.138137 1.87554e+09
0.75 -0.25 1.25 -0.656468 -0.558979 0.196012 2.64436e+09
0.25 0.25 1.25 -0.652554 -0.605983 0.162684 3.66121e+09
0.75 0.75 1.25 -0.658946 -0.572364 0.222777 5.01507e+09
0.25 1.25 1.25 -0.647809 -0.627438 0.173151 6.62211e+09
1.75 -1.25 1.25 -0.653919 -0.471054 0.218621 1.26285e+09
1.25 -0.75 1.25 -0.655827 -0.513973 0.213773 1.84619e+09
1.75 -0.25 1.25 -0.658287 -0.471312 0.265792 2.48719e+09
1.25 0.25 1.25 -0.660395 -0.52055 0.25267 3.59213e+09
1.75 0.75 1.25 -0.660738 -0.474395 0.306852 4.65325e+09
1.25 1.25 1.25 -0.66239 -0.531159 0.280119 6.53883e+09
2.25 -0.75 1.25 -0.655449 -0.425058 0.26547 1.68836e+09
2.25 0.25 1.25 -0.656802 -0.420756 0.315475 3.20173e+09
2.25 1.25 1.25 -0.655215 -0.422116 0.357376 5.69464e+09
-2.5 -1 1.5 -0.608885 -0.437852 -0.164144 1.78164e+09
-2.5 0 1.5 -0.58323 -0.50099 -0.170279 3.08609e+09
-2.5 1 1.5 -0.540649 -0.560546 -0.187161 5.02094e+09
-2 -1.5 1.5 -0.653977 -0.362045 -0.121037 1.55636e+09
-1.5 -1 1.5 -0.687766 -0.344929 -0.073103 2.48492e+09
-2 -0.5 1.5 -0.645153 -0.422241 -0.116554 2.85816e+09
-1.5 0 1.5 -0.682931 -0.406257 -0.0671452 4.57035e+09
-2 0.5 1.5 -0.624841 -0.486315 -0.122308 4.95997e+09
-1.5 1 1.5 -0.667895 -0.469799 -0.0718898 7.93127e+09
-2 1.5 1.5 -0.590374 -0.544504 -0.139008 8.10037e+09
-1 -1.5 1.5 -0.717145 -0.27283 -0.0400593 2.04546e+09
-0.5 -1 1.5 -0.74849 -0.254598 0.00809796 3.22484e+09
-1 -0.5 1.5 -0.722137 -0.327692 -0.023795 3.94795e+09
-0.5 0 1.5 -0.755565 -0.309146 0.0269229 6.21166e+09
-1 0.5 1.5 -0.720717 -0.388773 -0.0159002 7.25101e+09
-0.5 1 1.5 -0.756401 -0.36808 0.0370453 1.13188e+10
-1 1.5 1.5 -0.710217 -0.449513 -0.0191529 1.25193e+10
0 -1.5 1.5 -0.766281 -0.189009 0.0298042 2.51578e+09
0.5 -1 1.5 -0.792861 -0.168803 0.0768196 3.88358e+09
0 -0.5 1.5 -0.778245 -0.23512 0.0572998 5.02758e+09
0.5 0 1.5 -0.804488 -0.21276 0.107592 7.68841e+09
0 0.5 1.5 -0.786028 -0.287656 0.0790072 9.59831e+09
0.5 1 1.5 -0.811365 -0.261602 0.132158 1.43846e+10
0 1.5 1.5 -0.787687 -0.342401 0.0911871 1.71646e+10
1 -1.5 1.5 -0.80215 -0.110912 0.0871854 2.89206e+09
1.5 -1 1.5 -0.821927 -0.0870846 0.13203 4.32672e+09
1 -0.5 1.5 -0.815611 -0.145653 0.124625 5.87471e+09
1.5 0 1.5 -0.832622 -0.117969 0.173277 8.6114e+09
1 0.5 1.5 -0.825185 -0.185927 0.158881 1.13961e+10
1.5 1 1.5 -0.838478 -0.153365 0.210843 1.61243e+10
1 1.5 1.5 -0.829688 -0.229635 0.185702 2.05744e+10
2 -1.5 1.5 -0.825086 -0.0368451 0.131537 3.09842e+09
2.5 -1 1.5 -0.836619 -0.00770223 0.17346 4.44188e+09
2 -0.5 1.5 -0.83595 -0.0586113 0.17749 6.27161e+09
2.5 0 1.5 -0.842514 -0.0243954 0.223709 8.69482e+09
2 0.5 1.5 -0.842101 -0.0845699 0.222724 1.20601e+10
2.5 1 1.5 -0.842502 -0.045029 0.272785 1.58974e+10
2 1.5 1.5 -0.842784 -0.114296 0.263023 2.14192e+10
