449
-2.5 -1 -1.5 0.564806 0.162475 -0.147798 2.6189e+08
-2.5 0 -1.5 0.549878 0.2454 -0.189345 2.57957e+08
-2.5 1 -1.5 0.541541 0.348438 -0.207822 2.43426e+08
-2 -1.5 -1.5 0.575821 0.300788 -0.12325 3.57117e+08
-1.5 -1 -1.5 0.53096 0.482107 -0.122305 5.10265e+08
-2 -0.5 -1.5 0.542558 0.378759 -0.165904 3.73957e+08
-1.5 0 -1.5 0.492428 0.560744 -0.151669 5.39582e+08
-2 0.5 -1.5 0.518968 0.463528 -0.191339 3.71129e+08
-1.5 1 -1.5 0.455802 0.637899 -0.16725 5.31915e+08
-2 1.5 -1.5 0.491729 0.556508 -0.195809 3.49152e+08
-1 -1.5 -1.5 0.528655 0.524846 -0.0856047 6.23781e+08
-0.5 -1 -1.5 0.468028 0.618924 -0.0939892 8.20192e+08
-1 -0.5 -1.5 0.470239 0.618174 -0.112706 7.11888e+08
-0.5 0 -1.5 0.399984 0.711893 -0.11513 9.22156e+08
-1 0.5 -1.5 0.421259 0.694319 -0.133249 7.47214e+08
-0.5 1 -1.5 0.339897 0.784333 -0.129047 9.5893e+08
-1 1.5 -1.5 0.373032 0.760133 -0.144178 7.29688e+08
0 -1.5 -1.5 0.49131 0.553234 -0.0975642 8.28562e+08
0.5 -1 -1.5 0.417798 0.586915 -0.137819 9.48853e+08
0 -0.5 -1.5 0.401255 0.679884 -0.119889 9.88586e+08
0.5 0 -1.5 0.323216 0.717318 -0.159993 1.0925e+09
0 0.5 -1.5 0.323289 0.77373 -0.135968 1.08961e+09
0.5 1 -1.5 0.232619 0.810546 -0.172476 1.16079e+09
0 1.5 -1.5 0.249459 0.84081 -0.144842 1.10977e+09
1 -1.5 -1.5 0.416098 0.418928 -0.151833 8.47558e+08
1.5 -1 -1.5 0.273534 0.413059 -0.17453 9.12641e+08
1 -0.5 -1.5 0.320232 0.600478 -0.180837 1.0155e+09
1.5 0 -1.5 0.182902 0.595757 -0.205498 1.03233e+09
1 0.5 -1.5 0.220478 0.733352 -0.20384 1.10932e+09
1.5 1 -1.5 0.0761074 0.726973 -0.222423 1.05681e+09
1 1.5 -1.5 0.112247 0.822889 -0.209935 1.11537e+09
2 -1.5 -1.5 0.13666 0.173442 -0.11522 8.18765e+08
2.5 -1 -1.5 -0.0915878 0.20258 -0.027546 9.46983e+08
2 -0.5 -1.5 0.081848 0.403318 -0.149595 9.73415e+08
2.5 0 -1.5 -0.132516 0.411834 -0.0449662 1.07757e+09
2 0.5 -1.5 -0.00106915 0.579641 -0.170055 1.03742e+09
2.5 1 -1.5 -0.191708 0.571265 -0.0318724 1.10129e+09
2 1.5 -1.5 -0.105322 0.698186 -0.159636 9.96534e+08
-2.25 -0.75 -1.25 0.0977182 0.500658 0.0970154 1.20589e+08
-2.25 0.25 -1.25 0.183229 0.584177 0.0111785 1.24457e+08
-2.25 1.25 -1.25 0.235306 0.683248 -0.0294194 1.27055e+08
-1.75 -1.25 -1.25 0.0308089 0.553256 0.132429 1.68323e+08
-1.25 -0.75 -1.25 0.0449479 0.662176 0.0741149 2.47387e+08
-1.75 -0.25 -1.25 0.115576 0.639745 0.0387672 1.82852e+08
-1.25 0.25 -1.25 0.101415 0.756925 0.0157894 2.78802e+08
-1.75 0.75 -1.25 0.172872 0.728015 -0.0161588 1.92865e+08
-1.25 1.25 -1.25 0.128542 0.834461 -0.0181569 2.95649e+08
-0.75 -1.25 -1.25 -0.0116264 0.623753 0.0812412 2.80511e+08
-0.25 -0.75 -1.25 -0.00727491 0.679451 0.0122152 3.59172e+08
-0.75 -0.25 -1.25 0.0360577 0.747879 0.0354511 3.50882e+08
-0.25 0.25 -1.25 0.00468457 0.804481 -0.000813588 4.53296e+08
-0.75 0.75 -1.25 0.0605751 0.837796 0.00405988 4.01464e+08
-0.25 1.25 -1.25 0.00382332 0.886969 -0.0145548 5.25822e+08
0.25 -1.25 -1.25 -0.0307652 0.522174 -0.0601728 3.10374e+08
0.75 -0.75 -1.25 -0.065142 0.51956 -0.148488 3.43256e+08
0.25 -0.25 -1.25 -0.0310029 0.711962 -0.053125 4.18914e+08
0.75 0.25 -1.25 -0.0854362 0.722225 -0.11656 4.46626e+08
0.25 0.75 -1.25 -0.0457016 0.836824 -0.0440689 5.25945e+08
0.75 1.25 -1.25 -0.12598 0.846511 -0.0888153 5.43224e+08
1.25 -1.25 -1.25 -0.159044 0.204524 -0.233199 2.87168e+08
1.75 -0.75 -1.25 -0.299078 0.158857 -0.254288 3.20429e+08
1.25 -0.25 -1.25 -0.14817 0.495173 -0.215738 3.59313e+08
1.75 0.25 -1.25 -0.293255 0.449528 -0.22903 3.65149e+08
1.25 0.75 -1.25 -0.186638 0.706659 -0.164023 4.37304e+08
1.75 1.25 -1.25 -0.345243 0.66316 -0.148894 4.08309e+08
2.25 -1.25 -1.25 -0.529888 -0.127088 -0.122421 3.48732e+08
2.25 -0.25 -1.25 -0.482041 0.131771 -0.175296 3.67223e+08
2.25 0.75 -1.25 -0.478394 0.402561 -0.130658 3.81498e+08
-2.5 -1.5 -1 0.557371 -0.0356148 0.0385418 4.64581e+08
-2.5 -0.5 -1 0.545052 0.0208571 -0.00497029 4.38701e+08
-2.5 0.5 -1 0.544978 0.0962646 -0.0349788 4.00958e+08
-2.5 1.5 -1 0.543328 0.19224 -0.0424467 3.55563e+08
-1.5 -1.5 -1 0.56685 0.305326 0.0253959 8.55159e+08
-2 -1 -1 0.561313 0.165516 -0.00815053 6.20091e+08
-1.5 -0.5 -1 0.539995 0.365475 -0.0219645 8.68399e+08
-2 0 -1 0.547589 0.228985 -0.0478434 5.93915e+08
-1.5 0.5 -1 0.521354 0.433345 -0.0536436 8.40529e+08
-2 1 -1 0.538063 0.313262 -0.0674228 5.48216e+08
-1.5 1.5 -1 0.496308 0.509664 -0.0673442 7.72828e+08
-0.5 -1.5 -1 0.508768 0.512725 0.072358 1.49221e+09
-1 -1 -1 0.521471 0.472485 0.0267728 1.2035e+09
-0.5 -0.5 -1 0.463288 0.596395 0.0311999 1.66124e+09
-1 0 -1 0.493 0.537153 -0.0129125 1.24037e+09
-0.5 0.5 -1 0.426375 0.66187 -0.00459696 1.69883e+09
-1 1 -1 0.46408 0.600217 -0.0411158 1.19138e+09
-0.5 1.5 -1 0.389407 0.716564 -0.0315429 1.6232e+09
0.5 -1.5 -1 0.453141 0.525335 0.086873 2.00442e+09
0 -1 -1 0.450219 0.593315 0.0636497 1.94372e+09
0.5 -0.5 -1 0.386542 0.640218 0.0433877 2.3316e+09
0 0 -1 0.398293 0.677266 0.0228394 2.12209e+09
0.5 0.5 -1 0.331588 0.725426 0.00175216 2.49283e+09
0 1 -1 0.353986 0.74223 -0.0101842 2.1591e+09
0.5 1.5 -1 0.278502 0.785826 -0.0302701 2.48042e+09
1.5 -1.5 -1 0.32685 0.400581 0.108156 2.16991e+09
1 -1 -1 0.374295 0.548728 0.0695202 2.33457e+09
1.5 -0.5 -1 0.272973 0.557642 0.0663314 2.61569e+09
1 0 -1 0.313987 0.664078 0.021712 2.6165e+09
1.5 0.5 -1 0.222945 0.668175 0.0169153 2.7902e+09
1 1 -1 0.257269 0.745962 -0.0217965 2.68454e+09
1.5 1.5 -1 0.168067 0.740868 -0.0233817 2.70208e+09
2.5 -1.5 -1 0.0319052 0.263276 0.227252 2.33982e+09
2 -1 -1 0.181076 0.411931 0.135401 2.50848e+09
2.5 -0.5 -1 0.0224519 0.439411 0.199529 2.95883e+09
2 0 -1 0.14604 0.560331 0.0965069 2.89684e+09
2.5 0.5 -1 0.00983003 0.573715 0.174044 3.30562e+09
2 1 -1 0.111013 0.661603 0.0572916 2.94262e+09
2.5 1.5 -1 0.0069481 0.660788 0.160171 3.25687e+09
-2.25 -1.25 -0.75 -0.0233408 0.407083 0.342261 2.03749e+08
-2.25 -0.25 -0.75 0.0594443 0.482545 0.260021 2.00587e+08
-2.25 0.75 -0.75 0.128354 0.580224 0.207683 1.97916e+08
-1.25 -1.25 -0.75 -0.0616477 0.551881 0.301221 4.12249e+08
-1.75 -0.75 -0.75 0.00431535 0.526261 0.269779 2.91704e+08
-1.25 -0.25 -0.75 0.00723127 0.645024 0.227109 4.35793e+08
-1.75 0.25 -0.75 0.0751625 0.614239 0.202952 2.92985e+08
-1.25 0.75 -0.75 0.0646608 0.735778 0.17296 4.5001e+08
-1.75 1.25 -0.75 0.126021 0.711294 0.16263 2.95243e+08
-0.25 -1.25 -0.75 -0.132722 0.575423 0.26589 6.68834e+08
-0.75 -0.75 -0.75 -0.0675351 0.64302 0.25894 5.9757e+08
-0.25 -0.25 -0.75 -0.0884741 0.709974 0.222041 8.3133e+08
-0.75 0.25 -0.75 -0.0117401 0.743925 0.201852 6.6098e+08
-0.25 0.75 -0.75 -0.0541695 0.808752 0.181447 9.36328e+08
-0.75 1.25 -0.75 0.0244266 0.824642 0.158656 6.85697e+08
0.75 -1.25 -0.75 -0.208633 0.410014 0.167782 7.25877e+08
0.25 -0.75 -0.75 -0.150513 0.607574 0.208258 8.33035e+08
0.75 -0.25 -0.75 -0.196346 0.612025 0.157599 9.48269e+08
0.25 0.25 -0.75 -0.129668 0.747045 0.184468 1.03724e+09
0.75 0.75 -0.75 -0.189602 0.757575 0.142019 1.16001e+09
0.25 1.25 -0.75 -0.111712 0.844686 0.15315 1.19499e+09
1.75 -1.25 -0.75 -0.418331 0.097528 0.13836 7.89958e+08
1.25 -0.75 -0.75 -0.278516 0.375582 0.120903 8.18631e+08
1.75 -0.25 -0.75 -0.38239 0.327124 0.111296 9.07494e+08
1.25 0.25 -0.75 -0.270542 0.586666 0.116524 1.00185e+09
1.75 0.75 -0.75 -0.378157 0.534325 0.111993 1.01654e+09
1.25 1.25 -0.75 -0.2798 0.738221 0.111851 1.17179e+09
2.25 -0.75 -0.75 -0.541071 0.0943646 0.190433 9.88501e+08
2.25 0.25 -0.75 -0.504502 0.291848 0.1648 1.03568e+09
2.25 1.25 -0.75 -0.499525 0.476952 0.186962 1.06056e+09
-2.5 -1 -0.5 0.532603 -0.132494 0.181955 8.94807e+08
-2.5 0 -0.5 0.527411 -0.0959454 0.164783 8.0618e+08
-2.5 1 -0.5 0.523017 -0.0481293 0.160487 7.06487e+08
-2 -1.5 -0.5 0.5616 -0.0061571 0.163623 1.21197e+09
-1.5 -1 -0.5 0.558028 0.171896 0.138259 1.59859e+09
-2 -0.5 -0.5 0.546828 0.0246915 0.133355 1.13245e+09
-1.5 0 -0.5 0.546226 0.20356 0.104726 1.51053e+09
-2 0.5 -0.5 0.541242 0.0686436 0.114693 1.02751e+09
-1.5 1 -0.5 0.537926 0.254361 0.0862075 1.38189e+09
-2 1.5 -0.5 0.532321 0.127248 0.112273 9.07164e+08
-1 -1.5 -0.5 0.552122 0.318819 0.178602 2.23155e+09
-0.5 -1 -0.5 0.503528 0.467338 0.183652 3.14013e+09
-1 -0.5 -0.5 0.534448 0.349422 0.132021 2.22318e+09
-0.5 0 -0.5 0.49116 0.504668 0.1373 3.181e+09
-1 0.5 -0.5 0.524907 0.385968 0.0972421 2.12167e+09
-0.5 1 -0.5 0.477312 0.539267 0.0987227 2.98917e+09
-1 1.5 -0.5 0.50759 0.429784 0.0758129 1.91928e+09
0 -1.5 -0.5 0.472987 0.512689 0.236439 3.98031e+09
0.5 -1 -0.5 0.413889 0.579178 0.233103 5.25406e+09
0 -0.5 -0.5 0.448028 0.573899 0.185948 4.35409e+09
0.5 0 -0.5 0.390143 0.639008 0.17765 5.58727e+09
0 0.5 -0.5 0.432476 0.615477 0.137478 4.34733e+09
0.5 1 -0.5 0.375397 0.683676 0.126465 5.56298e+09
0 1.5 -0.5 0.417794 0.646341 0.0954159 4.07657e+09
1 -1.5 -0.5 0.383256 0.525933 0.277188 5.56243e+09
1.5 -1 -0.5 0.299119 0.550548 0.279586 6.79515e+09
1 -0.5 -0.5 0.351225 0.61578 0.225222 6.46967e+09
1.5 0 -0.5 0.282418 0.638253 0.224965 7.68493e+09
1 0.5 -0.5 0.335563 0.676684 0.165623 6.75158e+09
1.5 1 -0.5 0.279987 0.693436 0.162791 7.74188e+09
1 1.5 -0.5 0.323933 0.71536 0.110353 6.54797e+09
2 -1.5 -0.5 0.217899 0.447658 0.334692 6.37479e+09
2.5 -1 -0.5 0.101804 0.487764 0.361915 7.85538e+09
2 -0.5 -0.5 0.202964 0.571809 0.295318 8.15894e+09
2.5 0 -0.5 0.103974 0.600234 0.326662 9.83012e+09
2 0.5 -0.5 0.204842 0.653749 0.242491 8.96687e+09
2.5 1 -0.5 0.129458 0.674594 0.282209 1.06078e+10
2 1.5 -0.5 0.222934 0.699222 0.186214 8.72653e+09
-2.25 -0.75 -0.25 -0.0543484 0.404788 0.474707 3.80743e+08
-2.25 0.25 -0.25 0.00669184 0.491391 0.434799 3.68927e+08
-2.25 1.25 -0.25 0.0635723 0.586399 0.405793 3.58185e+08
-1.75 -1.25 -0.25 -0.0906389 0.425899 0.472051 5.32446e+08
-1.25 -0.75 -0.25 -0.085138 0.522832 0.432467 7.54063e+08
-1.75 -0.25 -0.25 -0.0340729 0.503077 0.422306 5.18578e+08
-1.25 0.25 -0.25 -0.0285258 0.607313 0.383535 7.45568e+08
-1.75 0.75 -0.25 0.0217322 0.594989 0.384507 5.08634e+08
-1.25 1.25 -0.25 0.0220462 0.699296 0.343453 7.47791e+08
-0.75 -1.25 -0.25 -0.146308 0.528473 0.458172 1.07993e+09
-0.25 -0.75 -0.25 -0.168528 0.59819 0.428818 1.56128e+09
-0.75 -0.25 -0.25 -0.0933568 0.618628 0.402954 1.12186e+09
-0.25 0.25 -0.25 -0.114112 0.699775 0.375369 1.70669e+09
-0.75 0.75 -0.25 -0.0361612 0.707732 0.35193 1.14164e+09
-0.25 1.25 -0.25 -0.0701584 0.781176 0.327775 1.72931e+09
0.25 -1.25 -0.25 -0.236753 0.509736 0.435476 1.72485e+09
0.75 -0.75 -0.25 -0.272401 0.517105 0.393868 2.13477e+09
0.25 -0.25 -0.25 -0.198506 0.643593 0.395024 2.13935e+09
0.75 0.25 -0.25 -0.245093 0.658801 0.361274 2.58655e+09
0.25 0.75 -0.25 -0.155607 0.748568 0.349563 2.37447e+09
0.75 1.25 -0.25 -0.210797 0.770793 0.317346 2.95805e+09
1.25 -1.25 -0.25 -0.353908 0.325303 0.386561 1.97755e+09
1.75 -0.75 -0.25 -0.43319 0.301861 0.377039 2.41614e+09
1.25 -0.25 -0.25 -0.331254 0.499269 0.363597 2.45606e+09
1.75 0.25 -0.25 -0.399919 0.465219 0.345751 2.71288e+09
1.25 0.75 -0.25 -0.304727 0.648074 0.328335 2.85152e+09
1.75 1.25 -0.25 -0.384517 0.610872 0.318446 2.96521e+09
2.25 -1.25 -0.25 -0.55083 0.183806 0.429521 2.71748e+09
2.25 -0.25 -0.25 -0.510534 0.302285 0.39193 2.98743e+09
2.25 0.75 -0.25 -0.475667 0.44251 0.36394 3.07577e+09
-2.5 -1.5 0 0.542255 -0.212113 0.306207 2.10709e+09
-2.5 -0.5 0 0.531815 -0.196623 0.307297 1.91438e+09
-2.5 0.5 0 0.517063 -0.186373 0.314811 1.699e+09
-2.5 1.5 0 0.491211 -0.176396 0.331172 1.47207e+09
-1.5 -1.5 0 0.574556 0.0405547 0.275673 3.44642e+09
-2 -1 0 0.55692 -0.0945508 0.277567 2.55703e+09
-1.5 -0.5 0 0.560512 0.0413959 0.254585 3.23862e+09
-2 0 0 0.546198 -0.0851233 0.271707 2.33398e+09
-1.5 0.5 0 0.55279 0.0482158 0.242219 2.96497e+09
-2 1 0 0.53207 -0.074072 0.274726 2.07218e+09
-1.5 1.5 0 0.540741 0.0630837 0.239865 2.64337e+09
-0.5 -1.5 0 0.531661 0.356955 0.316123 6.46945e+09
-1 -1 0 0.558647 0.198311 0.269721 4.56212e+09
-0.5 -0.5 0 0.528547 0.353594 0.270859 6.40684e+09
-1 0 0 0.552992 0.191999 0.240072 4.31951e+09
-0.5 0.5 0 0.533752 0.350888 0.232499 6.10247e+09
-1 1 0 0.55035 0.201699 0.220071 3.973e+09
-0.5 1.5 0 0.530288 0.3524 0.203491 5.47912e+09
0.5 -1.5 0 0.418198 0.542871 0.379635 1.2088e+10
0 -1 0 0.475872 0.487588 0.324288 9.28548e+09
0.5 -0.5 0 0.420261 0.577801 0.324379 1.31677e+10
0 0 0 0.486186 0.491797 0.272682 9.32543e+09
0.5 0.5 0 0.434561 0.588995 0.266829 1.28877e+10
0 1 0 0.495121 0.489022 0.225615 8.62695e+09
0.5 1.5 0 0.452508 0.588253 0.211642 1.19571e+10
1.5 -1.5 0 0.295629 0.566326 0.422544 1.72602e+10
1 -1 0 0.35559 0.600579 0.377708 1.64483e+10
1.5 -0.5 0 0.293569 0.636509 0.373097 2.11915e+10
1 0 0 0.365912 0.633942 0.317326 1.74093e+10
1.5 0.5 0 0.317774 0.675165 0.30873 2.22752e+10
1 1 0 0.392257 0.651389 0.251971 1.70287e+10
1.5 1.5 0 0.358828 0.687384 0.238372 2.14064e+10
2.5 -1.5 0 0.151541 0.53393 0.454065 1.89997e+10
2 -1 0 0.221989 0.599383 0.421013 2.19058e+10
2.5 -0.5 0 0.150766 0.634667 0.420741 2.71277e+10
2 0 0 0.231032 0.668345 0.371109 2.65946e+10
2.5 0.5 0 0.176824 0.700106 0.371568 3.27422e+10
2 1 0 0.274151 0.705155 0.30534 2.77098e+10
2.5 1.5 0 0.237815 0.732636 0.30634 3.37114e+10
-2.25 -1.25 0.25 -0.119764 0.346427 0.604857 8.21434e+08
-2.25 -0.25 0.25 -0.0745237 0.423213 0.581762 7.97354e+08
-2.25 0.75 0.25 -0.023235 0.504985 0.560409 7.73961e+08
-1.25 -1.25 0.25 -0.136072 0.426381 0.577366 1.48122e+09
-1.75 -0.75 0.25 -0.103631 0.419238 0.57304 1.06643e+09
-1.25 -0.25 0.25 -0.0978009 0.495873 0.547401 1.44756e+09
-1.75 0.25 0.25 -0.0591842 0.498797 0.548097 1.04426e+09
-1.25 0.75 0.25 -0.0515807 0.577464 0.517689 1.42734e+09
-1.75 1.25 0.25 -0.00954424 0.581072 0.522933 1.02114e+09
-0.25 -1.25 0.25 -0.200152 0.500014 0.579653 3.04819e+09
-0.75 -0.75 0.25 -0.144077 0.502047 0.559591 2.10074e+09
-0.25 -0.25 0.25 -0.156837 0.580574 0.538437 3.15145e+09
-0.75 0.25 0.25 -0.0975158 0.576764 0.523386 2.06995e+09
-0.25 0.75 0.25 -0.101294 0.662479 0.49149 3.18073e+09
-0.75 1.25 0.25 -0.0484692 0.660833 0.482703 2.08058e+09
0.75 -1.25 0.25 -0.295423 0.467758 0.560132 4.87233e+09
0.25 -0.75 0.25 -0.230866 0.554041 0.557071 4.45104e+09
0.75 -0.25 0.25 -0.265791 0.580985 0.524668 5.97752e+09
0.25 0.25 0.25 -0.178932 0.648907 0.508666 4.84179e+09
0.75 0.75 0.25 -0.214826 0.686001 0.480426 6.59326e+09
0.25 1.25 0.25 -0.128744 0.724939 0.462006 4.79097e+09
1.75 -1.25 0.25 -0.42682 0.360063 0.533124 6.32557e+09
1.25 -0.75 0.25 -0.341756 0.467443 0.529148 6.14303e+09
1.75 -0.25 0.25 -0.390528 0.464999 0.503678 7.44129e+09
1.25 0.25 0.25 -0.303534 0.588922 0.493096 7.12541e+09
1.75 0.75 0.25 -0.348366 0.582417 0.463489 8.01376e+09
1.25 1.25 0.25 -0.262161 0.699696 0.445276 7.99625e+09
2.25 -0.75 0.25 -0.477698 0.389521 0.519777 8.35898e+09
2.25 0.25 0.25 -0.434431 0.482583 0.485667 9.00611e+09
2.25 1.25 0.25 -0.389232 0.584733 0.444461 9.1687e+09
-2.5 -1 0.5 0.565802 -0.243679 0.374004 5.05844e+09
-2.5 0 0.5 0.545066 -0.248963 0.389516 4.59523e+09
-2.5 1 0.5 0.511449 -0.264053 0.408934 4.0816e+09
-2 -1.5 0.5 0.592261 -0.151485 0.353197 6.46285e+09
-1.5 -1 0.5 0.596368 -0.0350222 0.344859 7.9942e+09
-2 -0.5 0.5 0.579438 -0.154739 0.356737 6.04219e+09
-1.5 0 0.5 0.585631 -0.0526921 0.339844 7.4674e+09
-2 0.5 0.5 0.558922 -0.170164 0.365153 5.49505e+09
-1.5 1 0.5 0.567953 -0.0765997 0.340714 6.77016e+09
-2 1.5 0.5 0.524932 -0.191885 0.378943 4.86164e+09
-1 -1.5 0.5 0.593989 0.118415 0.360125 1.07515e+10
-0.5 -1 0.5 0.56098 0.264586 0.36696 1.45048e+10
-1 -0.5 0.5 0.587435 0.0902326 0.338766 1.02701e+10
-0.5 0 0.5 0.568499 0.22244 0.333752 1.38883e+10
-1 0.5 0.5 0.583742 0.061747 0.323933 9.58527e+09
-0.5 1 0.5 0.577412 0.193677 0.306712 1.29758e+10
-1 1.5 0.5 0.574306 0.0360177 0.314922 8.69719e+09
0 -1.5 0.5 0.500772 0.434109 0.419889 2.10969e+10
0.5 -1 0.5 0.432163 0.551179 0.426884 3.1466e+10
0 -0.5 0.5 0.517881 0.404118 0.371908 2.09019e+10
0.5 0 0.5 0.469165 0.529147 0.370029 3.1424e+10
0 0.5 0.5 0.544423 0.364271 0.326078 2.00149e+10
0.5 1 0.5 0.509297 0.491758 0.312925 2.87582e+10
0 1.5 0.5 0.561778 0.326498 0.286949 1.79733e+10
1 -1.5 0.5 0.346119 0.606753 0.477086 4.10497e+10
1.5 -1 0.5 0.286318 0.657808 0.467157 5.6945e+10
1 -0.5 0.5 0.370425 0.629627 0.422934 4.6233e+10
1.5 0 0.5 0.318107 0.682463 0.409495 6.33943e+10
1 0.5 0.5 0.420551 0.616243 0.357617 4.45019e+10
1.5 1 0.5 0.384445 0.682105 0.336566 6.23254e+10
1 1.5 0.5 0.476658 0.590695 0.29047 4.14956e+10
2 -1.5 0.5 0.234739 0.624861 0.492421 5.31731e+10
2.5 -1 0.5 0.190145 0.662943 0.471336 6.61497e+10
2 -0.5 0.5 0.236595 0.694158 0.450638 7.42715e+10
2.5 0 0.5 0.200979 0.727755 0.428156 9.21186e+10
2 0.5 0.5 0.278443 0.72653 0.390063 8.42218e+10
2.5 1 0.5 0.255674 0.759743 0.362893 1.04568e+11
2 1.5 0.5 0.355258 0.72955 0.311886 8.31749e+10
-2.25 -0.75 0.75 -0.092552 0.370058 0.654456 1.86905e+09
-2.25 0.25 0.75 -0.0522253 0.440663 0.641093 1.83149e+09
-2.25 1.25 0.75 -0.00289731 0.508191 0.621553 1.78379e+09
-1.75 -1.25 0.75 -0.112356 0.361371 0.653177 2.39716e+09
-1.25 -0.75 0.75 -0.105587 0.426073 0.639851 3.16933e+09
-1.75 -0.25 0.75 -0.0787522 0.431711 0.636998 2.38496e+09
-1.25 0.25 0.75 -0.0707678 0.493462 0.618838 3.16569e+09
-1.75 0.75 0.75 -0.0372678 0.50162 0.616973 2.35856e+09
-1.25 1.25 0.75 -0.0272593 0.560418 0.591541 3.12882e+09
-0.75 -1.25 0.75 -0.136762 0.432044 0.649903 4.39735e+09
-0.25 -0.75 0.75 -0.147967 0.494746 0.640168 6.32501e+09
-0.75 -0.25 0.75 -0.105148 0.488067 0.62711 4.35453e+09
-0.25 0.25 0.75 -0.104524 0.554095 0.609042 6.26857e+09
-0.75 0.75 0.75 -0.0653941 0.554815 0.598326 4.34863e+09
-0.25 1.25 0.75 -0.0594795 0.625699 0.565795 6.34266e+09
0.25 -1.25 0.75 -0.20337 0.499237 0.653464 9.33599e+09
0.75 -0.75 0.75 -0.237615 0.545685 0.628125 1.37146e+10
0.25 -0.25 0.75 -0.159663 0.567091 0.619008 9.70282e+09
0.75 0.25 0.75 -0.187061 0.625681 0.586239 1.51936e+10
0.25 0.75 0.75 -0.105175 0.633559 0.57503 9.75534e+09
0.75 1.25 0.75 -0.126134 0.690345 0.539211 1.45053e+10
1.25 -1.25 0.75 -0.299367 0.497167 0.623012 1.52172e+10
1.75 -0.75 0.75 -0.332683 0.518286 0.58481 1.92805e+10
1.25 -0.25 0.75 -0.263506 0.571687 0.591452 1.80341e+10
1.75 0.25 0.75 -0.28743 0.595154 0.551522 2.16832e+10
1.25 0.75 0.75 -0.209928 0.659716 0.550167 1.96945e+10
1.75 1.25 0.75 -0.230935 0.68606 0.499643 2.33281e+10
2.25 -1.25 0.75 -0.404314 0.513001 0.576792 2.17269e+10
2.25 -0.25 0.75 -0.361549 0.561585 0.547139 2.48408e+10
2.25 0.75 0.75 -0.303161 0.637708 0.503401 2.61772e+10
-2.5 -1.5 1 0.615781 -0.274227 0.390458 1.41821e+10
-2.5 -0.5 1 0.596996 -0.280045 0.40922 1.31319e+10
-2.5 0.5 1 0.561786 -0.304584 0.430059 1.19401e+10
-2.5 1.5 1 0.509151 -0.337324 0.452695 1.06249e+10
-1.5 -1.5 1 0.649048 -0.0648006 0.380151 2.11697e+10
-2 -1 1 0.633077 -0.185298 0.384658 1.66661e+10
-1.5 -0.5 1 0.640287 -0.0882002 0.37762 2.03993e+10
-2 0 1 0.611812 -0.209018 0.395367 1.55694e+10
-1.5 0.5 1 0.6218 -0.12819 0.379429 1.90146e+10
-2 1 1 0.575834 -0.246908 0.408892 1.41469e+10
-1.5 1.5 1 0.587584 -0.178771 0.385447 1.71555e+10
-0.5 -1.5 1 0.603161 0.237457 0.414536 3.65735e+10
-1 -1 1 0.639304 0.059021 0.382283 2.6949e+10
-0.5 -0.5 1 0.615028 0.184797 0.38363 3.54825e+10
-1 0 1 0.637887 0.0164733 0.369245 2.57966e+10
-0.5 0.5 1 0.625325 0.126969 0.35918 3.38264e+10
-1 1 1 0.625416 -0.0383593 0.361578 2.38762e+10
-0.5 1.5 1 0.62706 0.0667552 0.338753 3.12274e+10
0.5 -1.5 1 0.447984 0.545354 0.482296 7.66325e+10
0 -1 1 0.548621 0.379514 0.425567 5.09349e+10
0.5 -0.5 1 0.485799 0.509168 0.430678 7.64457e+10
0 0 1 0.579233 0.309839 0.382547 4.9184e+10
0.5 0.5 1 0.544362 0.439635 0.372595 7.30822e+10
0 1 1 0.60968 0.25058 0.342926 4.68243e+10
0.5 1.5 1 0.592299 0.378521 0.319627 6.62453e+10
1.5 -1.5 1 0.283964 0.674769 0.518074 1.38294e+11
1 -1 1 0.364037 0.649339 0.484239 1.20268e+11
1.5 -0.5 1 0.302631 0.713392 0.470559 1.77436e+11
1 0 1 0.429043 0.61955 0.422303 1.19228e+11
1.5 0.5 1 0.382949 0.696191 0.400613 1.75144e+11
1 1 1 0.508448 0.562175 0.352741 1.08832e+11
1.5 1.5 1 0.472825 0.664483 0.322279 1.65985e+11
2.5 -1.5 1 0.249783 0.664921 0.49005 1.32119e+11
2 -1 1 0.246217 0.71521 0.493017 1.82581e+11
2.5 -0.5 1 0.231759 0.745356 0.45786 2.21222e+11
2 0 1 0.271632 0.753928 0.442062 2.39763e+11
2.5 0.5 1 0.265882 0.783074 0.400605 2.88672e+11
2 1 1 0.349947 0.756261 0.367755 2.48274e+11
2.5 1.5 1 0.341964 0.791035 0.321784 3.08452e+11
-2.25 -1.25 1.25 -0.0199009 0.285958 0.64984 6.02067e+09
-2.25 -0.25 1.25 0.00608766 0.345548 0.643924 5.94017e+09
-2.25 0.75 1.25 0.0411619 0.404658 0.632082 5.83259e+09
-1.25 -1.25 1.25 -0.0247018 0.355471 0.645488 9.70438e+09
-1.75 -0.75 1.25 -0.00760127 0.346482 0.640857 7.53303e+09
-1.25 -0.25 1.25 0.00206202 0.41183 0.628863 9.87412e+09
-1.75 0.25 1.25 0.0218113 0.405882 0.627516 7.54154e+09
-1.25 0.75 1.25 0.0331275 0.466235 0.608849 9.92193e+09
-1.75 1.25 1.25 0.0585989 0.461442 0.60805 7.43829e+09
-0.25 -1.25 1.25 -0.0568343 0.458834 0.650117 1.85644e+10
-0.75 -0.75 1.25 -0.0226707 0.427011 0.636406 1.32196e+10
-0.25 -0.25 1.25 -0.0228805 0.491307 0.624991 1.85623e+10
-0.75 0.25 1.25 0.00738918 0.474532 0.614713 1.34035e+10
-0.25 0.75 1.25 0.0133028 0.535066 0.596424 1.87034e+10
-0.75 1.25 1.25 0.0423393 0.52189 0.587575 1.33328e+10
0.75 -1.25 1.25 -0.118848 0.557448 0.647626 3.97419e+10
0.25 -0.75 1.25 -0.0630407 0.527488 0.637708 2.73104e+10
0.75 -0.25 1.25 -0.0753776 0.60851 0.615967 4.34679e+10
0.25 0.25 1.25 -0.0186315 0.558195 0.606854 2.72836e+10
0.75 0.75 1.25 -0.0234105 0.641387 0.574 4.26571e+10
0.25 1.25 1.25 0.0198792 0.608332 0.56405 2.74475e+10
1.75 -1.25 1.25 -0.201173 0.615532 0.599333 6.47292e+10
1.25 -0.75 1.25 -0.138951 0.618599 0.614966 5.94371e+10
1.75 -0.25 1.25 -0.1415 0.655894 0.567095 7.23527e+10
1.25 0.25 1.25 -0.110359 0.656136 0.583011 6.5953e+10
1.75 0.75 1.25 -0.0882495 0.705331 0.524287 7.99271e+10
1.25 1.25 1.25 -0.0209195 0.704596 0.526843 6.19748e+10
2.25 -0.75 1.25 -0.21256 0.66924 0.551552 8.46907e+10
2.25 0.25 1.25 -0.146715 0.715479 0.510506 9.51966e+10
2.25 1.25 1.25 -0.0725089 0.765176 0.454633 9.92138e+10
-2.5 -1 1.5 0.408979 -0.117047 0.483637 2.76254e+10
-2.5 0 1.5 0.390436 -0.107493 0.498488 2.6125e+10
-2.5 1 1.5 0.362786 -0.100637 0.512821 2.43098e+10
-2 -1.5 1.5 0.421516 -0.0503315 0.47037 3.39018e+10
-1.5 -1 1.5 0.415072 0.0438789 0.468962 4.16257e+10
-2 -0.5 1.5 0.412454 -0.0418737 0.47617 3.29544e+10
-1.5 0 1.5 0.407528 0.041156 0.466935 4.08415e+10
-2 0.5 1.5 0.392586 -0.0412487 0.48378 3.14137e+10
-1.5 1 1.5 0.390081 0.0335823 0.466674 3.89179e+10
-2 1.5 1.5 0.365526 -0.0391832 0.490865 2.92466e+10
-1 -1.5 1.5 0.389812 0.153238 0.481429 5.29058e+10
-0.5 -1 1.5 0.351279 0.26792 0.484875 7.09721e+10
-1 -0.5 1.5 0.396819 0.143788 0.465973 5.34707e+10
-0.5 0 1.5 0.370231 0.247446 0.460655 7.09806e+10
-1 0.5 1.5 0.395655 0.131178 0.455411 5.22946e+10
-0.5 1 1.5 0.375505 0.224295 0.441153 6.87351e+10
-1 1.5 1.5 0.382621 0.114488 0.446619 4.93064e+10
0 -1.5 1.5 0.274696 0.40661 0.522166 9.68748e+10
0.5 -1 1.5 0.213216 0.521646 0.52353 1.40172e+11
0 -0.5 1.5 0.304379 0.381311 0.485565 9.78898e+10
0.5 0 1.5 0.247764 0.487287 0.482126 1.4181e+11
0 0.5 1.5 0.333304 0.350201 0.452406 9.75951e+10
0.5 1 1.5 0.301688 0.461149 0.432617 1.41667e+11
0 1.5 1.5 0.357219 0.329791 0.417865 9.43357e+10
1 -1.5 1.5 0.111614 0.615163 0.560663 1.94086e+11
1.5 -1 1.5 0.0646072 0.6939 0.543629 2.94927e+11
1 -0.5 1.5 0.157825 0.620232 0.515005 2.15491e+11
1.5 0 1.5 0.128612 0.705238 0.490092 3.29777e+11
1 0.5 1.5 0.212238 0.585983 0.462211 2.16165e+11
1.5 1 1.5 0.207742 0.680948 0.422442 3.09994e+11
1 1.5 1.5 0.29029 0.571061 0.396846 2.02726e+11
2 -1.5 1.5 -0.0106212 0.663129 0.551694 2.45983e+11
2.5 -1 1.5 -0.0223932 0.694939 0.51168 2.88829e+11
2 -0.5 1.5 0.0459789 0.731956 0.511019 3.84265e+11
2.5 0 1.5 0.0414416 0.75522 0.465384 4.22337e+11
2 0.5 1.5 0.115035 0.755546 0.45091 4.39949e+11
2.5 1 1.5 0.114351 0.78763 0.398732 4.92146e+11
2 1.5 1.5 0.199513 0.76886 0.374693 4.5337e+11
