449
-2.5 -1 -1.5 0.0513685 -0.614864 0.414535 1.2066e+10
-2.5 0 -1.5 0.0740126 -0.503536 0.430424 8.64854e+09
-2.5 1 -1.5 0.0868753 -0.375139 0.435616 5.65106e+09
-2 -1.5 -1.5 -0.0277723 -0.644236 0.364243 1.20627e+10
-1.5 -1 -1.5 -0.103974 -0.600234 0.326662 9.83012e+09
-2 -0.5 -1.5 -0.00422312 -0.545002 0.393365 9.76276e+09
-1.5 0 -1.5 -0.101804 -0.487764 0.361915 7.85538e+09
-2 0.5 -1.5 0.00406396 -0.416273 0.414104 6.95109e+09
-1.5 1 -1.5 -0.0998793 -0.338106 0.389897 5.52099e+09
-2 1.5 -1.5 0.0155234 -0.271024 0.426725 4.54989e+09
-1 -1.5 -1.5 -0.204842 -0.653749 0.242491 8.96687e+09
-0.5 -1 -1.5 -0.282418 -0.638253 0.224965 7.68493e+09
-1 -0.5 -1.5 -0.202964 -0.571809 0.295318 8.15894e+09
-0.5 0 -1.5 -0.299119 -0.550548 0.279586 6.79515e+09
-1 0.5 -1.5 -0.217899 -0.447658 0.334692 6.37479e+09
-0.5 1 -1.5 -0.330269 -0.416079 0.318778 5.16054e+09
-1 1.5 -1.5 -0.221993 -0.271769 0.365841 4.37485e+09
0 -1.5 -1.5 -0.335563 -0.676684 0.165623 6.75158e+09
0.5 -1 -1.5 -0.390143 -0.639008 0.17765 5.58727e+09
0 -0.5 -1.5 -0.351225 -0.61578 0.225222 6.46967e+09
0.5 0 -1.5 -0.413889 -0.579178 0.233103 5.25406e+09
0 0.5 -1.5 -0.383256 -0.525933 0.277188 5.56243e+09
0.5 1 -1.5 -0.455001 -0.481449 0.279146 4.3638e+09
0 1.5 -1.5 -0.426353 -0.376116 0.312943 4.11468e+09
1 -1.5 -1.5 -0.432476 -0.615477 0.137478 4.34733e+09
1.5 -1 -1.5 -0.49116 -0.504668 0.1373 3.181e+09
1 -0.5 -1.5 -0.448028 -0.573899 0.185948 4.35409e+09
1.5 0 -1.5 -0.503528 -0.467338 0.183652 3.14013e+09
1 0.5 -1.5 -0.472987 -0.512689 0.236439 3.98031e+09
1.5 1 -1.5 -0.533187 -0.405424 0.233023 2.9025e+09
1 1.5 -1.5 -0.52304 -0.402676 0.278325 3.30856e+09
2 -1.5 -1.5 -0.524907 -0.385968 0.0972421 2.12167e+09
2.5 -1 -1.5 -0.546226 -0.20356 0.104726 1.51053e+09
2 -0.5 -1.5 -0.534448 -0.349422 0.132021 2.22318e+09
2.5 0 -1.5 -0.558028 -0.171896 0.138259 1.59859e+09
2 0.5 -1.5 -0.552122 -0.318819 0.178602 2.23155e+09
2.5 1 -1.5 -0.583781 -0.140906 0.181761 1.63968e+09
2 1.5 -1.5 -0.587421 -0.258574 0.227486 2.13478e+09
-2.25 -0.75 -1.25 0.612521 -0.359408 0.487668 4.90926e+09
-2.25 0.25 -1.25 0.641442 -0.296308 0.508619 4.29751e+09
-2.25 1.25 -1.25 0.651725 -0.271651 0.524858 3.31612e+09
-1.75 -1.25 -1.25 0.563705 -0.354963 0.432201 3.84958e+09
-1.25 -0.75 -1.25 0.510534 -0.302285 0.39193 2.98743e+09
-1.75 -0.25 -1.25 0.603298 -0.253777 0.46082 3.68578e+09
-1.25 0.25 -1.25 0.55083 -0.183806 0.429521 2.71748e+09
-1.75 0.75 -1.25 0.628654 -0.200903 0.499362 3.23406e+09
-1.25 1.25 -1.25 0.587586 -0.124631 0.48692 2.36018e+09
-0.75 -1.25 -1.25 0.399919 -0.465219 0.345751 2.71288e+09
-0.25 -0.75 -1.25 0.331254 -0.499269 0.363597 2.45606e+09
-0.75 -0.25 -1.25 0.43319 -0.301861 0.377039 2.41614e+09
-0.25 0.25 -1.25 0.353908 -0.325303 0.386561 1.97755e+09
-0.75 0.75 -1.25 0.47235 -0.157222 0.413456 2.03005e+09
-0.25 1.25 -1.25 0.39582 -0.164105 0.430091 1.56884e+09
0.25 -1.25 -1.25 0.245093 -0.658801 0.361274 2.58655e+09
0.75 -0.75 -1.25 0.198506 -0.643593 0.395024 2.13935e+09
0.25 -0.25 -1.25 0.272401 -0.517105 0.393868 2.13477e+09
0.75 0.25 -1.25 0.236753 -0.509736 0.435476 1.72485e+09
0.25 0.75 -1.25 0.298589 -0.34931 0.425501 1.62579e+09
0.75 1.25 -1.25 0.265914 -0.350352 0.47398 1.32178e+09
1.25 -1.25 -1.25 0.114112 -0.699775 0.375369 1.70669e+09
1.75 -0.75 -1.25 0.0933568 -0.618628 0.402954 1.12186e+09
1.25 -0.25 -1.25 0.168528 -0.59819 0.428818 1.56128e+09
1.75 0.25 -1.25 0.146308 -0.528473 0.458172 1.07993e+09
1.25 0.75 -1.25 0.213381 -0.474233 0.47619 1.31377e+09
1.75 1.25 -1.25 0.199705 -0.423093 0.515508 9.84004e+08
2.25 -1.25 -1.25 0.0285258 -0.607313 0.383535 7.45568e+08
2.25 -0.25 -1.25 0.085138 -0.522832 0.432467 7.54063e+08
2.25 0.75 -1.25 0.135345 -0.446876 0.490153 7.5499e+08
-2.5 -1.5 -1 -0.0799419 -0.722865 0.398701 3.80932e+10
-2.5 -0.5 -1 -0.0516116 -0.645067 0.432767 2.75656e+10
-2.5 0.5 -1 -0.044254 -0.538664 0.448561 1.7414e+10
-2.5 1.5 -1 -0.0376427 -0.40898 0.450557 1.02855e+10
-1.5 -1.5 -1 -0.176824 -0.700106 0.371568 3.27422e+10
-2 -1 -1 -0.0996909 -0.677632 0.416234 3.29677e+10
-1.5 -0.5 -1 -0.150766 -0.634667 0.420741 2.71277e+10
-2 0 -1 -0.0879086 -0.58813 0.448235 2.33562e+10
-1.5 0.5 -1 -0.151541 -0.53393 0.454065 1.89997e+10
-2 1 -1 -0.090976 -0.467002 0.463715 1.4525e+10
-1.5 1.5 -1 -0.157069 -0.393862 0.472272 1.17302e+10
-0.5 -1.5 -1 -0.317774 -0.675165 0.30873 2.22752e+10
-1 -1 -1 -0.231032 -0.668345 0.371109 2.65946e+10
-0.5 -0.5 -1 -0.293569 -0.636509 0.373097 2.11915e+10
-1 0 -1 -0.221989 -0.599383 0.421013 2.19058e+10
-0.5 0.5 -1 -0.295629 -0.566326 0.422544 1.72602e+10
-1 1 -1 -0.229982 -0.485177 0.455941 1.5104e+10
-0.5 1.5 -1 -0.315936 -0.432748 0.454843 1.17237e+10
0.5 -1.5 -1 -0.434561 -0.588995 0.266829 1.28877e+10
0 -1 -1 -0.365912 -0.633942 0.317326 1.74093e+10
0.5 -0.5 -1 -0.420261 -0.577801 0.324379 1.31677e+10
0 0 -1 -0.35559 -0.600579 0.377708 1.64483e+10
0.5 0.5 -1 -0.418198 -0.542871 0.379635 1.2088e+10
0 1 -1 -0.369884 -0.521033 0.423391 1.31095e+10
0.5 1.5 -1 -0.445886 -0.449626 0.419856 9.69095e+09
1.5 -1.5 -1 -0.533752 -0.350888 0.232499 6.10247e+09
1 -1 -1 -0.486186 -0.491797 0.272682 9.32543e+09
1.5 -0.5 -1 -0.528547 -0.353594 0.270859 6.40684e+09
1 0 -1 -0.475872 -0.487588 0.324288 9.28548e+09
1.5 0.5 -1 -0.531661 -0.356955 0.316123 6.46945e+09
1 1 -1 -0.486356 -0.448196 0.373374 8.57834e+09
1.5 1.5 -1 -0.553772 -0.320575 0.361704 6.21754e+09
2.5 -1.5 -1 -0.55279 -0.0482158 0.242219 2.96497e+09
2 -1 -1 -0.552992 -0.191999 0.240072 4.31951e+09
2.5 -0.5 -1 -0.560512 -0.0413959 0.254585 3.23862e+09
2 0 -1 -0.558647 -0.198311 0.269721 4.56212e+09
2.5 0.5 -1 -0.574556 -0.0405547 0.275673 3.44642e+09
2 1 -1 -0.577087 -0.19695 0.307035 4.70441e+09
2.5 1.5 -1 -0.594279 -0.0178316 0.303096 3.55055e+09
-2.25 -1.25 -0.75 0.49487 -0.545132 0.487335 1.36797e+10
-2.25 -0.25 -0.75 0.539364 -0.479757 0.51369 1.1957e+10
-2.25 0.75 -0.75 0.564304 -0.439933 0.524413 9.01592e+09
-1.25 -1.25 -0.75 0.434431 -0.482583 0.485667 9.00611e+09
-1.75 -0.75 -0.75 0.50455 -0.458294 0.509493 1.10215e+10
-1.25 -0.25 -0.75 0.477698 -0.389521 0.519777 8.35898e+09
-1.75 0.25 -0.75 0.538584 -0.401056 0.537716 9.58159e+09
-1.25 0.75 -0.75 0.512832 -0.336943 0.554136 7.20361e+09
-1.75 1.25 -0.75 0.55598 -0.373914 0.553515 7.27525e+09
-0.25 -1.25 -0.75 0.303534 -0.588922 0.493096 7.12541e+09
-0.75 -0.75 -0.75 0.390528 -0.464999 0.503678 7.44129e+09
-0.25 -0.25 -0.75 0.341756 -0.467443 0.529148 6.14303e+09
-0.75 0.25 -0.75 0.42682 -0.360063 0.533124 6.32557e+09
-0.25 0.75 -0.75 0.369395 -0.350068 0.556515 4.84869e+09
-0.75 1.25 -0.75 0.469821 -0.286013 0.570873 5.31499e+09
0.75 -1.25 -0.75 0.178932 -0.648907 0.508666 4.84179e+09
0.25 -0.75 -0.75 0.265791 -0.580985 0.524668 5.97752e+09
0.75 -0.25 -0.75 0.230866 -0.554041 0.557071 4.45104e+09
0.25 0.25 -0.75 0.295423 -0.467758 0.560132 4.87233e+09
0.75 0.75 -0.75 0.262582 -0.441409 0.589966 3.66703e+09
0.25 1.25 -0.75 0.32441 -0.339352 0.58785 3.79177e+09
1.75 -1.25 -0.75 0.0975158 -0.576764 0.523386 2.06995e+09
1.25 -0.75 -0.75 0.156837 -0.580574 0.538437 3.15145e+09
1.75 -0.25 -0.75 0.144077 -0.502047 0.559591 2.10074e+09
1.25 0.25 -0.75 0.200152 -0.500014 0.579653 3.04819e+09
1.75 0.75 -0.75 0.17456 -0.4371 0.594628 2.11601e+09
1.25 1.25 -0.75 0.235846 -0.402161 0.613307 2.74321e+09
2.25 -0.75 -0.75 0.0978009 -0.495873 0.547401 1.44756e+09
2.25 0.25 -0.75 0.136072 -0.426381 0.577366 1.48122e+09
2.25 1.25 -0.75 0.163761 -0.36018 0.615931 1.4862e+09
-2.5 -1 -0.5 -0.160166 -0.734933 0.402897 8.50147e+10
-2.5 0 -0.5 -0.152119 -0.652216 0.434168 5.40456e+10
-2.5 1 -0.5 -0.153022 -0.537443 0.447907 3.11247e+10
-2 -1.5 -0.5 -0.188882 -0.759072 0.394772 1.06451e+11
-1.5 -1 -0.5 -0.200979 -0.727755 0.428156 9.21186e+10
-2 -0.5 -0.5 -0.163929 -0.700694 0.442499 7.79462e+10
-1.5 0 -0.5 -0.190145 -0.662943 0.471336 6.61497e+10
-2 0.5 -0.5 -0.171535 -0.606403 0.467918 4.75767e+10
-1.5 1 -0.5 -0.208618 -0.556852 0.49455 3.96635e+10
-2 1.5 -0.5 -0.18354 -0.473278 0.476525 2.64421e+10
-1 -1.5 -0.5 -0.278443 -0.72653 0.390063 8.42218e+10
-0.5 -1 -0.5 -0.318107 -0.682463 0.409495 6.33943e+10
-1 -0.5 -0.5 -0.236595 -0.694158 0.450638 7.42715e+10
-0.5 0 -0.5 -0.286318 -0.657808 0.467157 5.6945e+10
-1 0.5 -0.5 -0.234739 -0.624861 0.492421 5.31731e+10
-0.5 1 -0.5 -0.288878 -0.581641 0.508234 4.08575e+10
-1 1.5 -0.5 -0.258395 -0.503107 0.515512 3.18323e+10
0 -1.5 -0.5 -0.420551 -0.616243 0.357617 4.45019e+10
0.5 -1 -0.5 -0.469165 -0.529147 0.370029 3.1424e+10
0 -0.5 -0.5 -0.370425 -0.629627 0.422934 4.6233e+10
0.5 0 -0.5 -0.432163 -0.551179 0.426884 3.1466e+10
0 0.5 -0.5 -0.346119 -0.606753 0.477086 4.10497e+10
0.5 1 -0.5 -0.420863 -0.524442 0.476342 2.83244e+10
0 1.5 -0.5 -0.359627 -0.518432 0.514187 3.00107e+10
1 -1.5 -0.5 -0.544423 -0.364271 0.326078 2.00149e+10
1.5 -1 -0.5 -0.568499 -0.22244 0.333752 1.38883e+10
1 -0.5 -0.5 -0.517881 -0.404118 0.371908 2.09019e+10
1.5 0 -0.5 -0.56098 -0.264586 0.36696 1.45048e+10
1 0.5 -0.5 -0.500772 -0.434109 0.419889 2.10969e+10
1.5 1 -0.5 -0.564886 -0.286819 0.404432 1.48739e+10
1 1.5 -0.5 -0.501605 -0.414476 0.465503 1.99056e+10
2 -1.5 -0.5 -0.583742 -0.061747 0.323933 9.58527e+09
2.5 -1 -0.5 -0.585631 0.0526921 0.339844 7.4674e+09
2 -0.5 -0.5 -0.587435 -0.0902326 0.338766 1.02701e+10
2.5 0 -0.5 -0.596368 0.0350222 0.344859 7.9942e+09
2 0.5 -0.5 -0.593989 -0.118415 0.360125 1.07515e+10
2.5 1 -0.5 -0.607229 0.029082 0.356154 8.30487e+09
2 1.5 -0.5 -0.603987 -0.113496 0.387761 1.08322e+10
-2.25 -0.75 -0.25 0.403062 -0.636614 0.481462 3.0819e+10
-2.25 0.25 -0.25 0.447526 -0.586488 0.501269 2.33681e+10
-2.25 1.25 -0.25 0.477912 -0.55107 0.501108 1.55483e+10
-1.75 -1.25 -0.25 0.362873 -0.632549 0.499762 3.12329e+10
-1.25 -0.75 -0.25 0.361549 -0.561585 0.547139 2.48408e+10
-1.75 -0.25 -0.25 0.41516 -0.571737 0.535843 2.73518e+10
-1.25 0.25 -0.25 0.404314 -0.513001 0.576792 2.17269e+10
-1.75 0.75 -0.25 0.447468 -0.531576 0.548447 2.0284e+10
-1.25 1.25 -0.25 0.435579 -0.475596 0.589352 1.63155e+10
-0.75 -1.25 -0.25 0.28743 -0.595154 0.551522 2.16832e+10
-0.25 -0.75 -0.25 0.263506 -0.571687 0.591452 1.80341e+10
-0.75 -0.25 -0.25 0.332683 -0.518286 0.58481 1.92805e+10
-0.25 0.25 -0.25 0.299367 -0.497167 0.623012 1.52172e+10
-0.75 0.75 -0.25 0.376761 -0.46123 0.611736 1.62215e+10
-0.25 1.25 -0.25 0.344964 -0.413114 0.644191 1.22192e+10
0.25 -1.25 -0.25 0.187061 -0.625681 0.586239 1.51936e+10
0.75 -0.75 -0.25 0.159663 -0.567091 0.619008 9.70282e+09
0.25 -0.25 -0.25 0.237615 -0.545685 0.628125 1.37146e+10
0.75 0.25 -0.25 0.20337 -0.499237 0.653464 9.33599e+09
0.25 0.75 -0.25 0.262706 -0.456911 0.651468 1.10001e+10
0.75 1.25 -0.25 0.240735 -0.410528 0.675014 8.14609e+09
1.25 -1.25 -0.25 0.104524 -0.554095 0.609042 6.26857e+09
1.75 -0.75 -0.25 0.105148 -0.488067 0.62711 4.35453e+09
1.25 -0.25 -0.25 0.147967 -0.494746 0.640168 6.32501e+09
1.75 0.25 -0.25 0.136762 -0.432044 0.649903 4.39735e+09
1.25 0.75 -0.25 0.176247 -0.443134 0.665873 6.35459e+09
1.75 1.25 -0.25 0.150073 -0.376011 0.675879 4.32352e+09
2.25 -1.25 -0.25 0.0707678 -0.493462 0.618838 3.16569e+09
2.25 -0.25 -0.25 0.105587 -0.426073 0.639851 3.16933e+09
2.25 0.75 -0.25 0.133664 -0.361753 0.660668 3.16592e+09
-2.5 -1.5 0 -0.259767 -0.786623 0.356996 2.42905e+11
-2.5 -0.5 0 -0.245934 -0.724092 0.403873 1.60339e+11
-2.5 0.5 0 -0.249048 -0.627691 0.431497 9.34471e+10
-2.5 1.5 0 -0.250263 -0.498846 0.443426 5.1467e+10
-1.5 -1.5 0 -0.265882 -0.783074 0.400605 2.88672e+11
-2 -1 0 -0.239124 -0.768676 0.410958 2.40946e+11
-1.5 -0.5 0 -0.231759 -0.745356 0.45786 2.21222e+11
-2 0 0 -0.240732 -0.696862 0.450448 1.50676e+11
-1.5 0.5 0 -0.249783 -0.664921 0.49005 1.32119e+11
-2 1 0 -0.259656 -0.584328 0.470356 8.26176e+10
-1.5 1.5 0 -0.284949 -0.531466 0.503485 6.92115e+10
-0.5 -1.5 0 -0.382949 -0.696191 0.400613 1.75144e+11
-1 -1 0 -0.271632 -0.753928 0.442062 2.39763e+11
-0.5 -0.5 0 -0.302631 -0.713392 0.470559 1.77436e+11
-1 0 0 -0.246217 -0.71521 0.493017 1.82581e+11
-0.5 0.5 0 -0.283964 -0.674769 0.518074 1.38294e+11
-1 1 0 -0.274549 -0.627184 0.522434 1.08967e+11
-0.5 1.5 0 -0.311989 -0.582075 0.548016 8.59662e+10
0.5 -1.5 0 -0.544362 -0.439635 0.372595 7.30822e+10
0 -1 0 -0.429043 -0.61955 0.422303 1.19228e+11
0.5 -0.5 0 -0.485799 -0.509168 0.430678 7.64457e+10
0 0 0 -0.364037 -0.649339 0.484239 1.20268e+11
0.5 0.5 0 -0.447984 -0.545354 0.482296 7.66325e+10
0 1 0 -0.343094 -0.613412 0.531976 9.7849e+10
0.5 1.5 0 -0.423513 -0.529547 0.532822 6.81556e+10
1.5 -1.5 0 -0.625325 -0.126969 0.35918 3.38264e+10
1 -1 0 -0.579233 -0.309839 0.382547 4.9184e+10
1.5 -0.5 0 -0.615028 -0.184797 0.38363 3.54825e+10
1 0 0 -0.548621 -0.379514 0.425567 5.09349e+10
1.5 0.5 0 -0.603161 -0.237457 0.414536 3.65735e+10
1 1 0 -0.531244 -0.410909 0.469714 5.1714e+10
1.5 1.5 0 -0.596201 -0.241033 0.44947 3.55884e+10
2.5 -1.5 0 -0.6218 0.12819 0.379429 1.90146e+10
2 -1 0 -0.637887 -0.0164733 0.369245 2.57966e+10
2.5 -0.5 0 -0.640287 0.0882002 0.37762 2.03993e+10
2 0 0 -0.639304 -0.059021 0.382283 2.6949e+10
2.5 0.5 0 -0.649048 0.0648006 0.380151 2.11697e+10
2 1 0 -0.639311 -0.0870194 0.40162 2.71923e+10
2.5 1.5 0 -0.652835 0.0666274 0.388555 2.15634e+10
-2.25 -1.25 0.25 0.176376 -0.769313 0.417178 1.00403e+11
-2.25 -0.25 0.25 0.250134 -0.71265 0.452452 7.6471e+10
-2.25 0.75 0.25 0.308944 -0.662517 0.464037 5.1796e+10
-1.25 -1.25 0.25 0.146715 -0.715479 0.510506 9.51966e+10
-1.75 -0.75 0.25 0.201183 -0.720254 0.488606 9.61275e+10
-1.25 -0.25 0.25 0.21256 -0.66924 0.551552 8.46907e+10
-1.75 0.25 0.25 0.261578 -0.66832 0.513825 7.14636e+10
-1.25 0.75 0.25 0.261403 -0.619153 0.566348 6.10215e+10
-1.75 1.25 0.25 0.311533 -0.615566 0.515936 4.54724e+10
-0.25 -1.25 0.25 0.110359 -0.656136 0.583011 6.5953e+10
-0.75 -0.75 0.25 0.1415 -0.655894 0.567095 7.23527e+10
-0.25 -0.25 0.25 0.138951 -0.618599 0.614966 5.94371e+10
-0.75 0.25 0.25 0.201173 -0.615532 0.599333 6.47292e+10
-0.25 0.75 0.25 0.185723 -0.562382 0.63943 4.90033e+10
-0.75 1.25 0.25 0.253384 -0.560526 0.6124 4.76205e+10
0.75 -1.25 0.25 0.0186315 -0.558195 0.606854 2.72836e+10
0.25 -0.75 0.25 0.0753776 -0.60851 0.615967 4.34679e+10
0.75 -0.25 0.25 0.0630407 -0.527488 0.637708 2.73104e+10
0.25 0.25 0.25 0.118848 -0.557448 0.647626 3.97419e+10
0.75 0.75 0.25 0.100434 -0.492875 0.66749 2.72333e+10
0.25 1.25 0.25 0.16291 -0.489695 0.667733 3.35358e+10
1.75 -1.25 0.25 -0.00738918 -0.474532 0.614713 1.34035e+10
1.25 -0.75 0.25 0.0228805 -0.491307 0.624991 1.85623e+10
1.75 -0.25 0.25 0.0226707 -0.427011 0.636406 1.32196e+10
1.25 0.25 0.25 0.0568343 -0.458834 0.650117 1.85644e+10
1.75 0.75 0.25 0.0480937 -0.378657 0.658314 1.29419e+10
1.25 1.25 0.25 0.0662488 -0.418726 0.67704 1.77752e+10
2.25 -0.75 0.25 -0.00206203 -0.41183 0.628863 9.87412e+09
2.25 0.25 0.25 0.0247018 -0.355471 0.645488 9.70438e+09
2.25 1.25 0.25 0.041828 -0.30787 0.661047 9.60842e+09
-2.5 -1 0.5 0.00773331 -0.755523 0.406416 3.16144e+11
-2.5 0 0.5 0.0784552 -0.693063 0.444063 2.1392e+11
-2.5 1 0.5 0.1411 -0.626158 0.461467 1.33236e+11
-2 -1.5 0.5 -0.0494633 -0.781438 0.409767 4.32198e+11
-1.5 -1 0.5 -0.0414416 -0.75522 0.465384 4.22337e+11
-2 -0.5 0.5 0.0217521 -0.725162 0.462712 3.12137e+11
-1.5 0 0.5 0.0223932 -0.694939 0.51168 2.88829e+11
-2 0.5 0.5 0.085114 -0.658083 0.493478 1.99609e+11
-1.5 1 0.5 0.0802781 -0.617732 0.536466 1.72434e+11
-2 1.5 0.5 0.142176 -0.58177 0.504725 1.16911e+11
-1 -1.5 0.5 -0.115035 -0.755546 0.45091 4.39949e+11
-0.5 -1 0.5 -0.128612 -0.705238 0.490092 3.29777e+11
-1 -0.5 0.5 -0.0459789 -0.731956 0.511019 3.84265e+11
-0.5 0 0.5 -0.0646072 -0.6939 0.543629 2.94927e+11
-1 0.5 0.5 0.0106212 -0.663129 0.551694 2.45983e+11
-0.5 1 0.5 -0.0169097 -0.622948 0.582882 1.94269e+11
-1 1.5 0.5 0.0627974 -0.568493 0.573597 1.39404e+11
0 -1.5 0.5 -0.212238 -0.585983 0.462211 2.16165e+11
0.5 -1 0.5 -0.247764 -0.487287 0.482126 1.4181e+11
0 -0.5 0.5 -0.157825 -0.620232 0.515005 2.15491e+11
0.5 0 0.5 -0.213216 -0.521646 0.52353 1.40172e+11
0 0.5 0.5 -0.111614 -0.615163 0.560663 1.94086e+11
0.5 1 0.5 -0.1758 -0.517973 0.56727 1.29442e+11
0 1.5 0.5 -0.0558545 -0.588485 0.608324 1.50906e+11
1 -1.5 0.5 -0.333304 -0.350201 0.452406 9.75951e+10
1.5 -1 0.5 -0.370231 -0.247446 0.460655 7.09806e+10
1 -0.5 0.5 -0.304379 -0.381311 0.485565 9.78898e+10
1.5 0 0.5 -0.351279 -0.26792 0.484875 7.09721e+10
1 0.5 0.5 -0.274696 -0.40661 0.522166 9.68748e+10
1.5 1 0.5 -0.332748 -0.284441 0.515491 6.82463e+10
1 1.5 0.5 -0.229056 -0.397392 0.567496 8.78168e+10
2 -1.5 0.5 -0.395655 -0.131178 0.455411 5.22946e+10
2.5 -1 0.5 -0.407528 -0.041156 0.466935 4.08415e+10
2 -0.5 0.5 -0.396819 -0.143788 0.465973 5.34707e+10
2.5 0 0.5 -0.415072 -0.0438789 0.468962 4.16257e+10
2 0.5 0.5 -0.389812 -0.153238 0.481429 5.29058e+10
2.5 1 0.5 -0.413601 -0.038897 0.475886 4.15967e+10
2 1.5 0.5 -0.379897 -0.151466 0.503544 5.13095e+10
-2.25 -0.75 0.75 -0.0255366 -0.766521 0.402764 9.17182e+10
-2.25 0.25 0.75 0.0483266 -0.70751 0.429317 6.21806e+10
-2.25 1.25 0.75 0.111365 -0.641292 0.432474 3.8193e+10
-1.75 -1.25 0.75 -0.0728239 -0.785162 0.420033 1.20221e+11
-1.25 -0.75 0.75 -0.0474739 -0.755063 0.485039 1.15328e+11
-1.75 -0.25 0.75 0.000529472 -0.734314 0.464519 8.95735e+10
-1.25 0.25 0.75 0.0175326 -0.701831 0.519768 8.28383e+10
-1.75 0.75 0.75 0.0640871 -0.670916 0.481828 5.73917e+10
-1.25 1.25 0.75 0.069348 -0.620915 0.529553 4.83515e+10
-0.75 -1.25 0.75 -0.0758384 -0.727192 0.498977 1.05502e+11
-0.25 -0.75 0.75 -0.0634952 -0.685119 0.547813 8.84412e+10
-0.75 -0.25 0.75 -0.021042 -0.709799 0.543458 9.78272e+10
-0.25 0.25 0.75 -0.0258908 -0.655291 0.581898 7.53973e+10
-0.75 0.75 0.75 0.021857 -0.65074 0.56666 6.7203e+10
-0.25 1.25 0.75 0.00124701 -0.607184 0.603272 5.1884e+10
0.25 -1.25 0.75 -0.133716 -0.599008 0.537021 5.85341e+10
0.75 -0.75 0.75 -0.11802 -0.531366 0.567881 3.99149e+10
0.25 -0.25 0.75 -0.0844775 -0.611679 0.572256 5.83844e+10
0.75 0.25 0.75 -0.0721196 -0.534194 0.598776 3.87145e+10
0.25 0.75 0.75 -0.0028323 -0.568926 0.618982 5.13698e+10
0.75 1.25 0.75 -0.0651526 -0.495069 0.629849 3.43381e+10
1.25 -1.25 0.75 -0.140785 -0.472234 0.56559 2.88104e+10
1.75 -0.75 0.75 -0.134559 -0.401801 0.584262 2.06963e+10
1.25 -0.25 0.75 -0.112866 -0.458348 0.588644 2.77191e+10
1.75 0.25 0.75 -0.118504 -0.372091 0.600887 1.98461e+10
1.25 0.75 0.75 -0.0917604 -0.435847 0.611749 2.64783e+10
1.75 1.25 0.75 -0.100228 -0.353117 0.619543 1.907e+10
2.25 -1.25 0.75 -0.141387 -0.364628 0.585166 1.57794e+10
2.25 -0.25 0.75 -0.128784 -0.326406 0.597111 1.54144e+10
2.25 0.75 0.75 -0.117496 -0.292727 0.607118 1.48813e+10
-2.5 -1.5 1 0.166935 -0.820832 0.385609 3.36872e+11
-2.5 -0.5 1 0.253297 -0.771329 0.429118 2.59693e+11
-2.5 0.5 1 0.324883 -0.724434 0.452373 1.81441e+11
-2.5 1.5 1 0.384413 -0.682861 0.457125 1.15464e+11
-1.5 -1.5 1 0.11169 -0.78964 0.456442 4.115e+11
-2 -1 1 0.188956 -0.781924 0.450239 3.43396e+11
-1.5 -0.5 1 0.196092 -0.742893 0.508324 3.2891e+11
-2 0 1 0.266519 -0.732211 0.487183 2.52874e+11
-1.5 0.5 1 0.270465 -0.693567 0.53746 2.29202e+11
-2 1 1 0.334251 -0.685635 0.502466 1.66708e+11
-1.5 1.5 1 0.342121 -0.637969 0.548107 1.40504e+11
-0.5 -1.5 1 -0.031689 -0.730575 0.487255 3.93282e+11
-1 -1 1 0.0977867 -0.751331 0.50845 3.88705e+11
-0.5 -0.5 1 0.0313244 -0.721722 0.536537 3.61682e+11
-1 0 1 0.188418 -0.705824 0.554899 2.90567e+11
-0.5 0.5 1 0.169725 -0.663298 0.589483 2.31023e+11
-1 1 1 0.272855 -0.645016 0.581025 1.87886e+11
-0.5 1.5 1 0.26434 -0.598502 0.618343 1.47265e+11
0.5 -1.5 1 -0.176126 -0.513539 0.47925 2.05892e+11
0 -1 1 -0.0734109 -0.638814 0.509263 2.84798e+11
0.5 -0.5 1 -0.130169 -0.53974 0.519327 1.97813e+11
0 0 1 -0.0306312 -0.63567 0.549376 2.50296e+11
0.5 0.5 1 -0.0797868 -0.54164 0.562091 1.79323e+11
0 1 1 0.140298 -0.615342 0.616979 1.7696e+11
0.5 1.5 1 0.048151 -0.566836 0.627432 1.38691e+11
1.5 -1.5 1 -0.274946 -0.303109 0.47933 1.09086e+11
1 -1 1 -0.218615 -0.414847 0.492521 1.47074e+11
1.5 -0.5 1 -0.254859 -0.309204 0.501307 1.06903e+11
1 0 1 -0.177419 -0.430793 0.52689 1.40545e+11
1.5 0.5 1 -0.228362 -0.319614 0.528235 1.00528e+11
1 1 1 -0.141941 -0.442236 0.56513 1.2409e+11
1.5 1.5 1 -0.198806 -0.324169 0.561799 9.1297e+10
2.5 -1.5 1 -0.309311 -0.119551 0.497558 6.30378e+10
2 -1 1 -0.297816 -0.205858 0.492022 8.18898e+10
2.5 -0.5 1 -0.315675 -0.113918 0.501061 6.35212e+10
2 0 1 -0.288257 -0.205381 0.505681 7.97945e+10
2.5 0.5 1 -0.31211 -0.105947 0.507568 6.2438e+10
2 1 1 -0.271081 -0.207526 0.525929 7.60134e+10
2.5 1.5 1 -0.29484 -0.0882778 0.521001 5.95014e+10
-2.25 -1.25 1.25 -0.250758 -0.738849 0.373678 4.35548e+10
-2.25 -0.25 1.25 -0.178882 -0.678276 0.42319 3.05118e+10
-2.25 0.75 1.25 -0.108724 -0.601011 0.444196 1.92555e+10
-1.25 -1.25 1.25 -0.238262 -0.738072 0.401589 5.44642e+10
-1.75 -0.75 1.25 -0.218154 -0.716241 0.423134 4.30029e+10
-1.25 -0.25 1.25 -0.172917 -0.694772 0.463585 4.14628e+10
-1.75 0.25 1.25 -0.151083 -0.64993 0.464834 2.89028e+10
-1.25 0.75 1.25 -0.122867 -0.617807 0.499289 2.57257e+10
-1.75 1.25 1.25 -0.0879472 -0.558096 0.480969 1.70198e+10
-0.25 -1.25 1.25 -0.189529 -0.696631 0.443087 8.41854e+10
-0.75 -0.75 1.25 -0.184754 -0.712708 0.444117 4.98054e+10
-0.25 -0.25 1.25 -0.140067 -0.690564 0.489406 7.46608e+10
-0.75 0.25 1.25 -0.137248 -0.669759 0.496826 3.69019e+10
-0.25 0.75 1.25 -0.122422 -0.642624 0.532013 3.22429e+10
-0.75 1.25 1.25 -0.119217 -0.585039 0.534214 2.2048e+10
0.75 -1.25 1.25 -0.263483 -0.514991 0.478952 4.88119e+10
0.25 -0.75 1.25 -0.222082 -0.622195 0.475112 6.37943e+10
0.75 -0.25 1.25 -0.221467 -0.533825 0.50869 4.52186e+10
0.25 0.25 1.25 -0.140498 -0.613631 0.523859 5.63814e+10
0.75 0.75 1.25 -0.194061 -0.534239 0.537034 4.05244e+10
0.25 1.25 1.25 -0.125398 -0.606986 0.55441 2.67271e+10
1.75 -1.25 1.25 -0.259042 -0.358955 0.520327 2.69715e+10
1.25 -0.75 1.25 -0.255748 -0.432204 0.510873 3.49074e+10
1.75 -0.25 1.25 -0.25442 -0.347673 0.532812 2.56125e+10
1.25 0.25 1.25 -0.243228 -0.442278 0.529283 3.23281e+10
1.75 0.75 1.25 -0.239596 -0.344934 0.549361 2.38783e+10
1.25 1.25 1.25 -0.198807 -0.443164 0.561269 2.96904e+10
2.25 -0.75 1.25 -0.247982 -0.284142 0.542002 2.03906e+10
2.25 0.25 1.25 -0.242406 -0.265653 0.550442 1.94997e+10
2.25 1.25 1.25 -0.236306 -0.234627 0.558449 1.81433e+10
-2.5 -1 1.5 0.11972 -0.80052 0.403099 1.5262e+11
-2.5 0 1.5 0.208417 -0.750438 0.446746 1.11731e+11
-2.5 1 1.5 0.2854 -0.7019 0.469334 7.50979e+10
-2 -1.5 1.5 0.0507655 -0.811594 0.399177 1.96673e+11
-1.5 -1 1.5 0.0661868 -0.775311 0.451004 1.91961e+11
-2 -0.5 1.5 0.140739 -0.763983 0.457408 1.507e+11
-1.5 0 1.5 0.152861 -0.72827 0.502697 1.4097e+11
-2 0.5 1.5 0.224117 -0.712913 0.494469 1.05208e+11
-1.5 1 1.5 0.23737 -0.670942 0.535493 9.23094e+10
-2 1.5 1.5 0.300734 -0.658721 0.512057 6.62959e+10
-1 -1.5 1.5 -0.02481 -0.769876 0.433504 2.39358e+11
-0.5 -1 1.5 -0.0621521 -0.728016 0.472602 2.55218e+11
-1 -0.5 1.5 0.0743602 -0.738296 0.494345 1.84887e+11
-0.5 0 1.5 0.0714215 -0.702261 0.533007 1.74949e+11
-1 0.5 1.5 0.162339 -0.690168 0.541037 1.26262e+11
-0.5 1 1.5 0.148911 -0.646607 0.570316 1.007e+11
-1 1.5 1.5 0.238041 -0.623401 0.571668 7.45341e+10
0 -1.5 1.5 -0.102068 -0.653944 0.459364 2.7585e+11
0.5 -1 1.5 -0.124202 -0.56551 0.486509 2.21292e+11
0 -0.5 1.5 -0.0529256 -0.663643 0.502112 2.46439e+11
0.5 0 1.5 -0.0847716 -0.562921 0.520844 1.84232e+11
0 0.5 1.5 -0.00980598 -0.666481 0.545964 1.55863e+11
0.5 1 1.5 -0.0986733 -0.571055 0.546693 1.16159e+11
0 1.5 1.5 0.122863 -0.599187 0.592268 7.84487e+10
1 -1.5 1.5 -0.198152 -0.452813 0.472184 1.76557e+11
1.5 -1 1.5 -0.22236 -0.348635 0.490741 1.30405e+11
1 -0.5 1.5 -0.157775 -0.456499 0.502619 1.62136e+11
1.5 0 1.5 -0.203782 -0.355244 0.511359 1.19372e+11
1 0.5 1.5 -0.140095 -0.469613 0.53004 1.34315e+11
1.5 1 1.5 -0.163941 -0.362063 0.543343 1.0542e+11
1 1.5 1.5 -0.0710856 -0.474346 0.573399 1.0572e+11
2 -1.5 1.5 -0.255385 -0.251978 0.490824 1.02233e+11
2.5 -1 1.5 -0.272817 -0.164125 0.50596 7.97466e+10
2 -0.5 1.5 -0.251674 -0.250355 0.502375 9.8525e+10
2.5 0 1.5 -0.269812 -0.155327 0.512392 7.7364e+10
2 0.5 1.5 -0.231908 -0.249062 0.520084 9.18722e+10
2.5 1 1.5 -0.257695 -0.142148 0.521988 7.22019e+10
2 1.5 1.5 -0.204958 -0.24276 0.542992 8.00756e+10
