449
-2.5 -1 -1.5 -0.371552 0.597565 0.245616 1.3026e+09
-2.5 0 -1.5 -0.478609 0.408938 0.25352 1.82543e+09
-2.5 1 -1.5 -0.516393 0.14774 0.251795 2.52951e+09
-2 -1.5 -1.5 -0.0768812 0.629582 0.25806 9.16591e+08
-1.5 -1 -1.5 0.101858 0.447459 0.250379 8.77136e+08
-2 -0.5 -1.5 -0.178223 0.504534 0.270966 1.2288e+09
-1.5 0 -1.5 0.0191863 0.278407 0.236931 1.17301e+09
-2 0.5 -1.5 -0.248704 0.297563 0.25942 1.65128e+09
-1.5 1 -1.5 -0.0710596 0.0411631 0.181868 1.62884e+09
-2 1.5 -1.5 -0.288196 0.0201307 0.215818 2.27754e+09
-1 -1.5 -1.5 0.275888 0.315144 0.206571 6.60322e+08
-0.5 -1 -1.5 0.250878 0.0483534 0.162218 6.91916e+08
-1 -0.5 -1.5 0.188501 0.161161 0.197302 8.86228e+08
-0.5 0 -1.5 0.109131 -0.0964508 0.133327 9.71517e+08
-1 0.5 -1.5 0.0651908 -0.0258937 0.151506 1.24291e+09
-0.5 1 -1.5 -0.0405268 -0.251266 0.082902 1.39255e+09
-1 1.5 -1.5 -0.0692894 -0.236201 0.0844115 1.80178e+09
0 -1.5 -1.5 0.246608 -0.0138483 0.137101 5.53575e+08
0.5 -1 -1.5 0.0997179 -0.106548 0.139743 5.97833e+08
0 -0.5 -1.5 0.108925 -0.124495 0.131555 7.59215e+08
0.5 0 -1.5 -0.0425934 -0.193037 0.127721 7.93886e+08
0 0.5 -1.5 -0.0423179 -0.237978 0.0995802 1.0603e+09
0.5 1 -1.5 -0.16525 -0.293877 0.100166 1.04343e+09
0 1.5 -1.5 -0.173572 -0.361946 0.0603627 1.46411e+09
1 -1.5 -1.5 0.0948264 -0.0566284 0.15006 4.82261e+08
1.5 -1 -1.5 0.0129964 -0.0470221 0.188615 4.63955e+08
1 -0.5 -1.5 -0.0225864 -0.125275 0.159682 5.98123e+08
1.5 0 -1.5 -0.0831747 -0.129104 0.191132 5.24159e+08
1 0.5 -1.5 -0.136327 -0.212622 0.147001 7.32829e+08
1.5 1 -1.5 -0.168812 -0.218376 0.183037 5.90806e+08
1 1.5 -1.5 -0.224097 -0.311521 0.126639 8.80853e+08
2 -1.5 -1.5 0.0548109 0.0216759 0.208231 3.82125e+08
2.5 -1 -1.5 0.0385551 0.0228035 0.251729 3.15514e+08
2 -0.5 -1.5 -0.0197194 -0.0459589 0.227646 3.91416e+08
2.5 0 -1.5 -0.0243557 -0.0444179 0.275972 3.07049e+08
2 0.5 -1.5 -0.0980169 -0.129586 0.234156 4.13328e+08
2.5 1 -1.5 -0.10626 -0.0975065 0.292307 3.18715e+08
2 1.5 -1.5 -0.184151 -0.189125 0.233571 4.50221e+08
-2.25 -0.75 -1.25 0.231761 0.0897331 0.114467 4.71974e+08
-2.25 0.25 -1.25 0.291659 -0.0838752 0.177388 7.10269e+08
-2.25 1.25 -1.25 0.364036 -0.287367 0.230687 1.05979e+09
-1.75 -1.25 -1.25 0.333182 -0.0827827 0.0199993 3.68802e+08
-1.25 -0.75 -1.25 0.349212 -0.458185 -0.0559939 4.56283e+08
-1.75 -0.25 -1.25 0.389674 -0.249746 0.0501557 5.57479e+08
-1.25 0.25 -1.25 0.357374 -0.614075 -0.0394962 7.24096e+08
-1.75 0.75 -1.25 0.429871 -0.444794 0.0774173 8.65805e+08
-1.25 1.25 -1.25 0.336553 -0.742195 -0.00939555 1.1619e+09
-0.75 -1.25 -1.25 0.211066 -0.608846 -0.113199 3.73968e+08
-0.25 -0.75 -1.25 0.00945316 -0.792136 -0.129037 4.92124e+08
-0.75 -0.25 -1.25 0.192896 -0.739957 -0.10773 6.0813e+08
-0.25 0.25 -1.25 0.00553151 -0.8564 -0.098396 7.77335e+08
-0.75 0.75 -1.25 0.179302 -0.824854 -0.073277 9.72572e+08
-0.25 1.25 -1.25 0.0215688 -0.897122 -0.0447965 1.15142e+09
0.25 -1.25 -1.25 -0.168553 -0.788564 -0.121438 3.93803e+08
0.75 -0.75 -1.25 -0.279379 -0.804474 -0.0772799 4.36733e+08
0.25 -0.25 -1.25 -0.148875 -0.844758 -0.0956524 5.88202e+08
0.75 0.25 -1.25 -0.219608 -0.849551 -0.0321254 5.81873e+08
0.25 0.75 -1.25 -0.109419 -0.884809 -0.0470901 8.38738e+08
0.75 1.25 -1.25 -0.146656 -0.879795 0.0322161 7.29302e+08
1.25 -1.25 -1.25 -0.385836 -0.746523 -0.0499579 3.29725e+08
1.75 -0.75 -1.25 -0.37744 -0.73786 0.0179687 2.90639e+08
1.25 -0.25 -1.25 -0.305524 -0.799898 -0.00901205 4.04917e+08
1.75 0.25 -1.25 -0.276338 -0.791703 0.081046 3.29275e+08
1.25 0.75 -1.25 -0.215893 -0.839674 0.0560811 4.79422e+08
1.75 1.25 -1.25 -0.212639 -0.821735 0.149917 3.65112e+08
2.25 -1.25 -1.25 -0.442311 -0.669803 0.0395132 2.26889e+08
2.25 -0.25 -1.25 -0.341078 -0.729235 0.106009 2.36951e+08
2.25 0.75 -1.25 -0.272233 -0.774045 0.175324 2.5644e+08
-2.5 -1.5 -1 -0.424319 0.60434 0.207272 2.48625e+09
-2.5 -0.5 -1 -0.585922 0.420004 0.152261 3.89863e+09
-2.5 0.5 -1 -0.671763 0.167547 0.111968 5.96997e+09
-2.5 1.5 -1 -0.671532 -0.113336 0.0930675 8.98712e+09
-1.5 -1.5 -1 -0.101394 0.543557 0.272677 1.941e+09
-2 -1 -1 -0.347106 0.535171 0.228066 2.69621e+09
-1.5 -0.5 -1 -0.232811 0.403862 0.234524 2.70479e+09
-2 0 -1 -0.476652 0.345334 0.181782 3.92129e+09
-1.5 0.5 -1 -0.350204 0.199529 0.177357 3.84522e+09
-2 1 -1 -0.545254 0.0911909 0.133118 5.70146e+09
-1.5 1.5 -1 -0.433788 -0.0519128 0.115019 5.61222e+09
-0.5 -1.5 -1 0.107494 0.294696 0.255847 1.51462e+09
-1 -1 -1 -0.0286423 0.367768 0.25792 1.97374e+09
-0.5 -0.5 -1 -0.0410593 0.176852 0.225285 2.07261e+09
-1 0 -1 -0.1677 0.207306 0.20824 2.76641e+09
-0.5 0.5 -1 -0.194057 0.0342902 0.175999 2.90859e+09
-1 1 -1 -0.299278 0.00998394 0.144313 3.96748e+09
-0.5 1.5 -1 -0.327919 -0.12846 0.125837 4.05501e+09
0.5 -1.5 -1 0.0971668 0.142606 0.232249 1.28271e+09
0 -1 -1 0.041687 0.150054 0.232495 1.60255e+09
0.5 -0.5 -1 -0.0423222 0.0816062 0.230142 1.6202e+09
0 0 -1 -0.115904 0.0548801 0.205378 2.15355e+09
0.5 0.5 -1 -0.174082 0.00494002 0.216076 2.02213e+09
0 1 -1 -0.253245 -0.0592482 0.169895 2.86763e+09
0.5 1.5 -1 -0.275589 -0.0912188 0.198786 2.44275e+09
1.5 -1.5 -1 0.089608 0.142419 0.255673 1.02323e+09
1 -1 -1 0.0257036 0.114082 0.247491 1.25671e+09
1.5 -0.5 -1 0.00225784 0.0989478 0.280731 1.08433e+09
1 0 -1 -0.0830477 0.0559248 0.254451 1.45279e+09
1.5 0.5 -1 -0.0838459 0.0438973 0.296661 1.16494e+09
1 1 -1 -0.181538 -0.013229 0.253103 1.6504e+09
1.5 1.5 -1 -0.176309 0.00879283 0.306173 1.28531e+09
2.5 -1.5 -1 0.122312 0.14822 0.298677 7.47892e+08
2 -1 -1 0.0745985 0.129994 0.293721 8.62553e+08
2.5 -0.5 -1 0.072925 0.125338 0.34477 6.97259e+08
2 0 -1 0.00479143 0.091597 0.327969 8.69192e+08
2.5 0.5 -1 0.004746 0.113224 0.38792 7.0293e+08
2 1 -1 -0.0821304 0.0681582 0.352975 9.22777e+08
2.5 1.5 -1 -0.0864049 0.11692 0.414175 7.45671e+08
-2.25 -1.25 -0.75 0.070461 -0.0845417 0.0656805 7.36854e+08
-2.25 -0.25 -0.75 0.0758072 -0.238841 0.0740599 1.22674e+09
-2.25 0.75 -0.75 0.125691 -0.416092 0.106781 2.01616e+09
-1.25 -1.25 -0.75 0.0899775 -0.453661 -0.00513198 7.59305e+08
-1.75 -0.75 -0.75 0.121735 -0.342854 0.0318001 9.56776e+08
-1.25 -0.25 -0.75 0.0944194 -0.618103 -0.017055 1.27593e+09
-1.75 0.25 -0.75 0.157588 -0.499257 0.0450055 1.55733e+09
-1.25 0.75 -0.75 0.109038 -0.733569 0.00963389 2.0971e+09
-1.75 1.25 -0.75 0.18982 -0.656386 0.074565 2.59982e+09
-0.25 -1.25 -0.75 -0.165877 -0.703792 -0.0675095 8.25871e+08
-0.75 -0.75 -0.75 -0.0232304 -0.684326 -0.0524323 1.02477e+09
-0.25 -0.25 -0.75 -0.163579 -0.784239 -0.0496449 1.32535e+09
-0.75 0.25 -0.75 -0.027609 -0.782902 -0.0330134 1.70472e+09
-0.25 0.75 -0.75 -0.130394 -0.839186 0.00262664 1.98741e+09
-0.75 1.25 -0.75 -0.00645146 -0.844794 0.0215161 2.6699e+09
0.75 -1.25 -0.75 -0.380478 -0.704298 -0.0426243 7.64567e+08
0.25 -0.75 -0.75 -0.283821 -0.751876 -0.0514148 9.97216e+08
0.75 -0.25 -0.75 -0.320845 -0.759553 0.00853326 9.96401e+08
0.25 0.25 -0.75 -0.239054 -0.807736 0.00161872 1.41929e+09
0.75 0.75 -0.75 -0.233791 -0.796222 0.0926952 1.21278e+09
0.25 1.25 -0.75 -0.170576 -0.838034 0.0799841 1.83499e+09
1.75 -1.25 -0.75 -0.427222 -0.646006 0.0318236 5.43955e+08
1.25 -0.75 -0.75 -0.383124 -0.701559 0.0216879 7.12682e+08
1.75 -0.25 -0.75 -0.33786 -0.702568 0.114857 6.03364e+08
1.25 0.25 -0.75 -0.282907 -0.755158 0.103237 8.43193e+08
1.75 0.75 -0.75 -0.27499 -0.74294 0.19934 6.80723e+08
1.25 1.25 -0.75 -0.220259 -0.780378 0.191379 9.56468e+08
2.25 -0.75 -0.75 -0.39605 -0.646819 0.11995 4.70641e+08
2.25 0.25 -0.75 -0.333338 -0.694615 0.208998 5.02194e+08
2.25 1.25 -0.75 -0.281627 -0.722535 0.289852 5.46056e+08
-2.5 -1 -0.5 -0.594707 0.487763 0.125778 7.49926e+09
-2.5 0 -0.5 -0.73024 0.248073 0.0404383 1.27786e+10
-2.5 1 -0.5 -0.774166 -0.030217 -0.00253941 2.113e+10
-2 -1.5 -0.5 -0.383896 0.594214 0.232328 5.48859e+09
-1.5 -1 -0.5 -0.346425 0.518574 0.237563 6.23174e+09
-2 -0.5 -0.5 -0.563216 0.425598 0.146182 8.80861e+09
-1.5 0 -0.5 -0.49106 0.342635 0.169008 9.23727e+09
-2 0.5 -0.5 -0.677322 0.188076 0.0782273 1.38308e+10
-1.5 1 -0.5 -0.59452 0.111543 0.108349 1.36897e+10
-2 1.5 -0.5 -0.707971 -0.0751922 0.0433995 2.12177e+10
-1 -1.5 -0.5 -0.119918 0.525263 0.295347 4.5626e+09
-0.5 -1 -0.5 -0.101661 0.395893 0.279701 4.75558e+09
-1 -0.5 -0.5 -0.286117 0.402878 0.239921 6.48306e+09
-0.5 0 -0.5 -0.258617 0.274247 0.235679 6.54282e+09
-1 0.5 -0.5 -0.4233 0.227375 0.180054 9.245e+09
-0.5 1 -0.5 -0.393032 0.12618 0.192446 8.88016e+09
-1 1.5 -0.5 -0.531258 0.0180471 0.130392 1.31804e+10
0 -1.5 -0.5 0.0423957 0.360715 0.292057 3.67801e+09
0.5 -1 -0.5 0.00639453 0.281526 0.287892 3.6304e+09
0 -0.5 -0.5 -0.114006 0.284952 0.270776 4.76898e+09
0.5 0 -0.5 -0.117629 0.226872 0.289942 4.37497e+09
0 0.5 -0.5 -0.257526 0.193673 0.247177 6.17488e+09
0.5 1 -0.5 -0.227783 0.160873 0.288491 5.10227e+09
0 1.5 -0.5 -0.36375 0.0855377 0.231214 7.62696e+09
1 -1.5 -0.5 0.101675 0.276367 0.29063 2.89812e+09
1.5 -1 -0.5 0.0961734 0.241046 0.321165 2.50399e+09
1 -0.5 -0.5 0.002358 0.239667 0.31427 3.22192e+09
1.5 0 -0.5 0.0147535 0.217504 0.357624 2.64081e+09
1 0.5 -0.5 -0.0992842 0.19768 0.330245 3.57048e+09
1.5 1 -0.5 -0.0855768 0.209495 0.382301 2.91021e+09
1 1.5 -0.5 -0.198673 0.171296 0.34206 4.06576e+09
2 -1.5 -0.5 0.156773 0.237442 0.318584 2.10267e+09
2.5 -1 -0.5 0.152856 0.22617 0.369621 1.76745e+09
2 -0.5 -0.5 0.0972686 0.225208 0.367985 2.0838e+09
2.5 0 -0.5 0.0942937 0.233754 0.424096 1.76909e+09
2 0.5 -0.5 0.0174466 0.228587 0.410419 2.19895e+09
2.5 1 -0.5 0.0135909 0.256269 0.465225 1.86716e+09
2 1.5 -0.5 -0.082235 0.242642 0.435207 2.41332e+09
-2.25 -0.75 -0.25 -0.127136 -0.323819 0.0305844 1.88229e+09
-2.25 0.25 -0.25 -0.126416 -0.488368 0.0118357 3.43945e+09
-2.25 1.25 -0.25 -0.0683465 -0.641146 0.044363 6.10055e+09
-1.75 -1.25 -0.25 -0.116363 -0.358765 0.0526988 1.47449e+09
-1.25 -0.75 -0.25 -0.157346 -0.545542 0.00569206 2.04547e+09
-1.75 -0.25 -0.25 -0.126887 -0.520233 0.0131 2.65835e+09
-1.25 0.25 -0.25 -0.149686 -0.684805 0.00201508 3.66475e+09
-1.75 0.75 -0.25 -0.0850063 -0.648797 0.0291393 4.55329e+09
-1.25 1.25 -0.25 -0.109315 -0.777737 0.0505724 6.19176e+09
-0.75 -1.25 -0.25 -0.23096 -0.576498 -0.00861913 1.66931e+09
-0.25 -0.75 -0.25 -0.326266 -0.663164 -0.0305701 2.20944e+09
-0.75 -0.25 -0.25 -0.235867 -0.688809 -0.0181518 2.88883e+09
-0.25 0.25 -0.25 -0.295179 -0.746871 0.0130571 3.4509e+09
-0.75 0.75 -0.25 -0.208756 -0.771348 0.0249723 4.66972e+09
-0.25 1.25 -0.25 -0.240632 -0.79064 0.0923931 4.81183e+09
0.25 -1.25 -0.25 -0.398089 -0.629383 -0.0357328 1.72674e+09
0.75 -0.75 -0.25 -0.42051 -0.647659 0.00887231 1.78195e+09
0.25 -0.25 -0.25 -0.370185 -0.702623 0.0054181 2.48685e+09
0.75 0.25 -0.25 -0.320267 -0.70978 0.099397 2.21141e+09
0.25 0.75 -0.25 -0.294387 -0.740873 0.0982015 3.1452e+09
0.75 1.25 -0.25 -0.259383 -0.736644 0.199388 2.6103e+09
1.25 -1.25 -0.25 -0.441145 -0.59876 0.013876 1.32102e+09
1.75 -0.75 -0.25 -0.401079 -0.627087 0.100182 1.20948e+09
1.25 -0.25 -0.25 -0.360331 -0.667199 0.102533 1.57568e+09
1.75 0.25 -0.25 -0.349534 -0.672128 0.195797 1.3682e+09
1.25 0.75 -0.25 -0.303238 -0.709878 0.195292 1.87232e+09
1.75 1.25 -0.25 -0.299061 -0.69717 0.285098 1.5582e+09
2.25 -1.25 -0.25 -0.45646 -0.580971 0.0940767 1.01865e+09
2.25 -0.25 -0.25 -0.399431 -0.63513 0.191553 1.08088e+09
2.25 0.75 -0.25 -0.346965 -0.663446 0.28567 1.1732e+09
-2.5 -1.5 0 -0.538459 0.592173 0.158004 1.26692e+10
-2.5 -0.5 0 -0.715275 0.38773 0.0339991 2.31359e+10
-2.5 0.5 0 -0.815739 0.11262 -0.0496762 4.20189e+10
-2.5 1.5 0 -0.822459 -0.168728 -0.0687201 7.32434e+10
-1.5 -1.5 0 -0.32171 0.625211 0.266122 1.263e+10
-2 -1 0 -0.548529 0.540183 0.157585 1.70922e+10
-1.5 -0.5 0 -0.536242 0.480417 0.168524 2.06908e+10
-2 0 0 -0.709241 0.325717 0.0584163 2.9313e+10
-1.5 0.5 0 -0.658537 0.277455 0.10241 3.1743e+10
-2 1 0 -0.79347 0.0560725 8.33497e-06 4.90945e+10
-1.5 1.5 0 -0.73229 0.0286247 0.0618737 4.81788e+10
-0.5 -1.5 0 -0.0887232 0.559116 0.313925 1.09574e+10
-1 -1 0 -0.296352 0.559411 0.26401 1.46571e+10
-0.5 -0.5 0 -0.252955 0.462743 0.269218 1.4968e+10
-1 0 0 -0.467918 0.411572 0.1973 2.1506e+10
-0.5 0.5 0 -0.394428 0.334856 0.231822 2.02753e+10
-1 1 0 -0.581452 0.219362 0.150128 3.02277e+10
-0.5 1.5 0 -0.496991 0.187394 0.21061 2.61819e+10
0.5 -1.5 0 0.0849888 0.426695 0.318635 8.54348e+09
0 -1 0 -0.0653118 0.454865 0.307324 1.09801e+10
0.5 -0.5 0 -0.0297032 0.377944 0.329044 1.00933e+10
0 0 0 -0.208321 0.379252 0.29047 1.40048e+10
0.5 0.5 0 -0.154921 0.3314 0.334209 1.16288e+10
0 1 0 -0.308881 0.292147 0.286557 1.70265e+10
0.5 1.5 0 -0.252124 0.289686 0.342576 1.38284e+10
1.5 -1.5 0 0.179553 0.342369 0.334193 6.1738e+09
1 -1 0 0.104204 0.357227 0.340094 7.61461e+09
1.5 -0.5 0 0.111086 0.32753 0.380204 6.51404e+09
1 0 0 -0.000140493 0.337361 0.368677 8.4365e+09
1.5 0.5 0 0.01144 0.334013 0.414984 7.21645e+09
1 1 0 -0.119303 0.327438 0.384585 9.73958e+09
1.5 1.5 0 -0.104219 0.345275 0.43182 8.23491e+09
2.5 -1.5 0 0.238412 0.295508 0.374167 4.72968e+09
2 -1 0 0.180866 0.317668 0.378945 5.37786e+09
2.5 -0.5 0 0.177815 0.310742 0.430362 4.74174e+09
2 0 0 0.10698 0.325871 0.427623 5.67688e+09
2.5 0.5 0 0.0987961 0.337998 0.47674 4.99711e+09
2 1 0 0.0109962 0.349019 0.461141 6.24009e+09
2.5 1.5 0 0.00345713 0.372232 0.506573 5.46992e+09
-2.25 -1.25 0.25 -0.320156 -0.0625614 0.0776235 3.75805e+09
-2.25 -0.25 0.25 -0.389868 -0.26474 -0.0110056 7.25802e+09
-2.25 0.75 0.25 -0.392664 -0.459051 -0.032904 1.37805e+10
-1.25 -1.25 0.25 -0.307197 -0.258874 0.0704213 4.39429e+09
-1.75 -0.75 0.25 -0.34894 -0.237483 0.0417095 5.57019e+09
-1.25 -0.25 0.25 -0.345166 -0.411989 0.020431 7.74777e+09
-1.75 0.25 0.25 -0.370514 -0.441079 0.00146335 1.06115e+10
-1.25 0.75 0.25 -0.327422 -0.577458 0.0341322 1.38531e+10
-1.75 1.25 0.25 -0.323447 -0.590941 0.0297544 1.82428e+10
-0.25 -1.25 0.25 -0.349701 -0.422108 0.00815709 4.82589e+09
-0.75 -0.75 0.25 -0.350609 -0.425619 0.0143866 6.19994e+09
-0.25 -0.25 0.25 -0.367206 -0.555245 0.0140977 7.7955e+09
-0.75 0.25 0.25 -0.343919 -0.575749 0.0255324 1.06454e+10
-0.25 0.75 0.25 -0.329935 -0.619664 0.0926727 1.12079e+10
-0.75 1.25 0.25 -0.30656 -0.678611 0.0851642 1.68083e+10
0.75 -1.25 0.25 -0.385364 -0.476094 0.00852308 4.3213e+09
0.25 -0.75 0.25 -0.393373 -0.532463 0.00323207 5.9871e+09
0.75 -0.25 0.25 -0.325942 -0.562409 0.0934053 5.58239e+09
0.25 0.25 0.25 -0.323322 -0.585808 0.0940147 7.81362e+09
0.75 0.75 0.25 -0.295365 -0.62203 0.182863 7.03524e+09
0.25 1.25 0.25 -0.271566 -0.639344 0.191897 9.89551e+09
1.75 -1.25 0.25 -0.391417 -0.50861 0.0696195 3.48308e+09
1.25 -0.75 0.25 -0.339333 -0.541914 0.0851238 4.23412e+09
1.75 -0.25 0.25 -0.34749 -0.573501 0.1684 3.94374e+09
1.25 0.25 0.25 -0.316023 -0.59425 0.179616 5.06903e+09
1.75 0.75 0.25 -0.314324 -0.601078 0.264966 4.47961e+09
1.25 1.25 0.25 -0.28543 -0.626264 0.268838 6.07707e+09
2.25 -0.75 0.25 -0.392226 -0.539312 0.158687 3.24942e+09
2.25 0.25 0.25 -0.350857 -0.579831 0.255705 3.55215e+09
2.25 1.25 0.25 -0.312133 -0.591071 0.345572 3.89974e+09
-2.5 -1 0.5 -0.497175 0.190693 0.0348952 1.9753e+10
-2.5 0 0.5 -0.594849 -0.0239456 -0.0545801 3.89033e+10
-2.5 1 0.5 -0.631545 -0.268256 -0.0891175 7.83334e+10
-2 -1.5 0.5 -0.370358 0.260511 0.14024 1.54395e+10
-1.5 -1 0.5 -0.417737 0.171033 0.113822 2.33028e+10
-2 -0.5 0.5 -0.538181 0.0902927 0.0264816 3.05646e+10
-1.5 0 0.5 -0.560894 -0.00189813 0.034356 4.40895e+10
-2 0.5 0.5 -0.598692 -0.125168 -0.0272118 5.74979e+10
-1.5 1 0.5 -0.564913 -0.191913 0.0287629 7.33093e+10
-2 1.5 0.5 -0.616739 -0.345975 -0.0297066 1.08461e+11
-1 -1.5 0.5 -0.304238 0.200066 0.172004 1.81725e+10
-0.5 -1 0.5 -0.303408 0.107197 0.155052 2.37011e+10
-1 -0.5 0.5 -0.41563 0.0891249 0.113567 3.1577e+10
-0.5 0 0.5 -0.379776 -0.0351511 0.132999 3.60364e+10
-1 0.5 0.5 -0.483962 -0.0898006 0.0860622 5.12956e+10
-0.5 1 0.5 -0.380898 -0.165491 0.159307 5.05899e+10
-1 1.5 0.5 -0.488229 -0.266926 0.100472 7.76448e+10
0 -1.5 0.5 -0.195603 0.099775 0.176379 1.83638e+10
0.5 -1 0.5 -0.165178 -0.0108409 0.190568 1.92993e+10
0 -0.5 0.5 -0.282062 -0.00857361 0.166397 2.63621e+10
0.5 0 0.5 -0.223597 -0.0609276 0.226106 2.36489e+10
0 0.5 0.5 -0.311197 -0.0974662 0.195115 3.36765e+10
0.5 1 0.5 -0.254047 -0.106109 0.269849 2.95547e+10
0 1.5 0.5 -0.315648 -0.174074 0.238956 4.34203e+10
1 -1.5 0.5 -0.116518 0.0155031 0.193125 1.49978e+10
1.5 -1 0.5 -0.0955483 -0.0228643 0.247407 1.40126e+10
1 -0.5 0.5 -0.142426 -0.0432492 0.243595 1.75446e+10
1.5 0 0.5 -0.128309 -0.0518938 0.307724 1.59002e+10
1 0.5 0.5 -0.18368 -0.0730921 0.29497 2.10826e+10
1.5 1 0.5 -0.163093 -0.0581037 0.361231 1.84692e+10
1 1.5 0.5 -0.222433 -0.0864135 0.339294 2.53163e+10
2 -1.5 0.5 -0.05742 -0.0256623 0.244919 1.18077e+10
2.5 -1 0.5 -0.0539184 -0.041232 0.311261 1.08946e+10
2 -0.5 0.5 -0.086048 -0.0396208 0.311908 1.27927e+10
2.5 0 0.5 -0.0812623 -0.0343789 0.378924 1.15928e+10
2 0.5 0.5 -0.119045 -0.0406288 0.373248 1.42032e+10
2.5 1 0.5 -0.113011 -0.0145873 0.437014 1.26602e+10
2 1.5 0.5 -0.151701 -0.0264375 0.423547 1.61272e+10
-2.25 -0.75 0.75 -0.490266 0.169007 0.032328 5.88799e+09
-2.25 0.25 0.75 -0.566818 -0.0654837 -0.0436238 1.12228e+10
-2.25 1.25 0.75 -0.5982 -0.309017 -0.0653755 2.19196e+10
-1.75 -1.25 0.75 -0.353338 0.181694 0.12447 4.52016e+09
-1.25 -0.75 0.75 -0.378633 -0.0156301 0.0802566 6.72541e+09
-1.75 -0.25 0.75 -0.504181 -0.00237028 0.0204369 8.73453e+09
-1.25 0.25 0.75 -0.46117 -0.201576 0.0351837 1.24875e+10
-1.75 0.75 0.75 -0.519665 -0.246726 -0.00517896 1.64176e+10
-1.25 1.25 0.75 -0.428769 -0.417338 0.0565738 2.21651e+10
-0.75 -1.25 0.75 -0.298086 -0.00976131 0.106032 5.26868e+09
-0.25 -0.75 0.75 -0.319096 -0.258582 0.0528953 7.72654e+09
-0.75 -0.25 0.75 -0.382178 -0.217226 0.0511165 9.77462e+09
-0.25 0.25 0.75 -0.336139 -0.357446 0.0922858 1.24675e+10
-0.75 0.75 0.75 -0.362809 -0.392181 0.0857357 1.67919e+10
-0.25 1.25 0.75 -0.3102 -0.447241 0.169794 1.74605e+10
0.25 -1.25 0.75 -0.270531 -0.257319 0.0527121 6.12845e+09
0.75 -0.75 0.75 -0.246656 -0.351291 0.103197 6.88791e+09
0.25 -0.25 0.75 -0.30336 -0.314829 0.108217 9.00934e+09
0.75 0.25 0.75 -0.279922 -0.422776 0.176075 8.9022e+09
0.25 0.75 0.75 -0.296323 -0.453114 0.167645 1.25802e+10
0.75 1.25 0.75 -0.272238 -0.488969 0.250023 1.15702e+10
1.25 -1.25 0.75 -0.298471 -0.34791 0.0746385 5.63551e+09
1.75 -0.75 0.75 -0.299313 -0.412122 0.150786 5.55808e+09
1.25 -0.25 0.75 -0.27275 -0.432828 0.164333 6.88547e+09
1.75 0.25 0.75 -0.280728 -0.464452 0.242833 6.45515e+09
1.25 0.75 0.75 -0.269386 -0.466539 0.253637 8.27896e+09
1.75 1.25 0.75 -0.26732 -0.477813 0.327608 7.42541e+09
2.25 -1.25 0.75 -0.310539 -0.390886 0.145441 4.68445e+09
2.25 -0.25 0.75 -0.304546 -0.445136 0.233131 5.23955e+09
2.25 0.75 0.75 -0.287267 -0.470832 0.319366 5.8616e+09
-2.5 -1.5 1 -0.265399 -0.235641 0.0312715 8.60379e+09
-2.5 -0.5 1 -0.373384 -0.357786 -0.0663392 1.85656e+10
-2.5 0.5 1 -0.4202 -0.498733 -0.099846 4.05613e+10
-2.5 1.5 1 -0.40442 -0.643317 -0.0728421 8.58305e+10
-1.5 -1.5 1 -0.370459 -0.259428 0.0469891 1.27974e+10
-2 -1 1 -0.373086 -0.2995 -0.00354507 1.53155e+10
-1.5 -0.5 1 -0.461591 -0.329789 -0.0214899 2.77124e+10
-2 0 1 -0.455009 -0.427933 -0.0674408 3.33047e+10
-1.5 0.5 1 -0.492516 -0.463132 -0.038827 5.62185e+10
-2 1 1 -0.45725 -0.549849 -0.0596942 7.09002e+10
-1.5 1.5 1 -0.482326 -0.498136 0.0152258 1.11744e+11
-0.5 -1.5 1 -0.400031 -0.228214 0.0442348 1.80921e+10
-1 -1 1 -0.464453 -0.25995 0.0104298 2.2598e+10
-0.5 -0.5 1 -0.427608 -0.212492 0.0525054 3.62905e+10
-1 0 1 -0.481819 -0.260105 0.0188836 4.73007e+10
-0.5 0.5 1 -0.419723 -0.285686 0.0836512 5.84881e+10
-1 1 1 -0.463649 -0.415529 0.0442671 8.22798e+10
-0.5 1.5 1 -0.379281 -0.39538 0.14274 8.5596e+10
0.5 -1.5 1 -0.276302 -0.118672 0.106337 2.23968e+10
0 -1 1 -0.371088 -0.185137 0.0727693 2.82292e+10
0.5 -0.5 1 -0.306423 -0.188752 0.141675 3.03603e+10
0 0 1 -0.338589 -0.231829 0.126324 4.15652e+10
0.5 0.5 1 -0.283849 -0.24778 0.205333 4.11001e+10
0 1 1 -0.346331 -0.296616 0.172662 5.84113e+10
0.5 1.5 1 -0.295528 -0.282118 0.258601 5.29446e+10
1.5 -1.5 1 -0.195562 -0.153098 0.162672 1.97993e+10
1 -1 1 -0.240425 -0.149631 0.159462 2.41178e+10
1.5 -0.5 1 -0.209905 -0.17944 0.231013 2.34738e+10
1 0 1 -0.254911 -0.206237 0.219771 3.00634e+10
1.5 0.5 1 -0.223831 -0.2026 0.296972 2.79096e+10
1 1 1 -0.24787 -0.237955 0.284075 3.75968e+10
1.5 1.5 1 -0.225361 -0.206816 0.357022 3.33518e+10
2.5 -1.5 1 -0.158483 -0.169406 0.233543 1.70033e+10
2 -1 1 -0.176979 -0.176017 0.233886 1.92926e+10
2.5 -0.5 1 -0.170196 -0.176045 0.30838 1.83666e+10
2 0 1 -0.192106 -0.183266 0.305568 2.19873e+10
2.5 0.5 1 -0.181781 -0.165141 0.377852 2.02621e+10
2 1 1 -0.205153 -0.179016 0.369393 2.52986e+10
2.5 1.5 1 -0.190641 -0.144632 0.43747 2.2664e+10
-2.25 -1.25 1.25 -0.331387 0.48156 0.0890644 1.89371e+09
-2.25 -0.25 1.25 -0.499439 0.311998 -0.0248354 3.56462e+09
-2.25 0.75 1.25 -0.593205 0.0718427 -0.0821194 6.81507e+09
-1.25 -1.25 1.25 -0.228237 0.295484 0.140308 2.22211e+09
-1.75 -0.75 1.25 -0.334842 0.32575 0.0802948 2.8019e+09
-1.25 -0.25 1.25 -0.363635 0.0486982 0.0629149 4.2273e+09
-1.75 0.25 1.25 -0.485892 0.113899 -0.00496023 5.31192e+09
-1.25 0.75 1.25 -0.450844 -0.157109 0.028611 7.81429e+09
-1.75 1.25 1.25 -0.521397 -0.177194 -0.0201873 1.00432e+10
-0.25 -1.25 1.25 -0.265051 -0.0664525 0.0799933 2.86575e+09
-0.75 -0.75 1.25 -0.307668 0.0153806 0.0874512 3.36616e+09
-0.25 -0.25 1.25 -0.326783 -0.19094 0.0843803 8.65491e+09
-0.75 0.25 1.25 -0.391234 -0.172541 0.0597639 1.07426e+10
-0.25 0.75 1.25 -0.376053 -0.271122 0.114708 1.52623e+10
-0.75 1.25 1.25 -0.414744 -0.334807 0.086479 1.9107e+10
0.75 -1.25 1.25 -0.259741 -0.171726 0.0908122 6.11196e+09
0.25 -0.75 1.25 -0.302398 -0.185259 0.0879806 7.12856e+09
0.75 -0.25 1.25 -0.273391 -0.281728 0.150332 8.82361e+09
0.25 0.25 1.25 -0.279032 -0.258699 0.160281 1.11215e+10
0.75 0.75 1.25 -0.258306 -0.315692 0.234317 1.16954e+10
0.25 1.25 1.25 -0.31582 -0.343704 0.204896 1.65364e+10
1.75 -1.25 1.25 -0.221826 -0.263563 0.149142 5.93615e+09
1.25 -0.75 1.25 -0.2448 -0.257522 0.152605 7.15226e+09
1.75 -0.25 1.25 -0.240845 -0.318486 0.225774 7.25764e+09
1.25 0.25 1.25 -0.254572 -0.33194 0.227499 9.11943e+09
1.75 0.75 1.25 -0.252583 -0.358351 0.299258 8.71284e+09
1.25 1.25 1.25 -0.250208 -0.351445 0.303568 1.11877e+10
2.25 -0.75 1.25 -0.242945 -0.324529 0.216415 6.1019e+09
2.25 0.25 1.25 -0.252763 -0.350793 0.29547 6.99169e+09
2.25 1.25 1.25 -0.251555 -0.362117 0.368519 8.00624e+09
-2.5 -1 1.5 -0.301722 -0.144992 -0.0313581 6.67467e+09
-2.5 0 1.5 -0.419511 -0.289363 -0.108212 1.46981e+10
-2.5 1 1.5 -0.464163 -0.448721 -0.118653 3.20747e+10
-2 -1.5 1.5 -0.270632 -0.1305 0.0436366 5.657e+09
-1.5 -1 1.5 -0.395214 -0.181259 0.00567919 1.06342e+10
-2 -0.5 1.5 -0.401885 -0.226251 -0.0464756 1.23899e+10
-1.5 0 1.5 -0.46343 -0.279039 -0.0356416 2.34719e+10
-2 0.5 1.5 -0.483573 -0.376403 -0.0884945 2.73658e+10
-1.5 1 1.5 -0.501705 -0.43994 -0.0395006 4.99978e+10
-2 1.5 1.5 -0.471187 -0.51172 -0.058036 5.76727e+10
-1 -1.5 1.5 -0.342457 -0.12669 0.0636647 9.35683e+09
-0.5 -1 1.5 -0.370655 -0.0507137 0.0747417 1.87219e+10
-1 -0.5 1.5 -0.474198 -0.201738 -0.000628606 2.02888e+10
-0.5 0 1.5 -0.455765 -0.281622 0.0348751 4.25448e+10
-1 0.5 1.5 -0.444367 -0.294055 0.022691 4.53902e+10
-0.5 1 1.5 -0.429668 -0.392713 0.0744065 7.439e+10
-1 1.5 1.5 -0.462746 -0.486335 0.0450765 9.5545e+10
0 -1.5 1.5 -0.288353 -0.116325 0.0905965 1.67487e+10
0.5 -1 1.5 -0.350685 -0.202943 0.0838441 2.79983e+10
0 -0.5 1.5 -0.398465 -0.21676 0.0649875 3.43882e+10
0.5 0 1.5 -0.342219 -0.270488 0.137961 4.10434e+10
0 0.5 1.5 -0.370273 -0.341507 0.114998 5.52937e+10
0.5 1 1.5 -0.314846 -0.346984 0.204107 5.69877e+10
0 1.5 1.5 -0.360584 -0.401533 0.171198 7.9819e+10
1 -1.5 1.5 -0.301006 -0.199911 0.0948264 2.3444e+10
1.5 -1 1.5 -0.262431 -0.235895 0.165914 2.55274e+10
1 -0.5 1.5 -0.298 -0.250472 0.156513 3.17795e+10
1.5 0 1.5 -0.264789 -0.264923 0.237209 3.19644e+10
1 0.5 1.5 -0.295645 -0.287713 0.222448 4.16226e+10
1.5 1 1.5 -0.265289 -0.273788 0.303066 3.94297e+10
1 1.5 1.5 -0.280055 -0.320164 0.287513 5.33045e+10
2 -1.5 1.5 -0.226329 -0.234238 0.170289 2.18387e+10
2.5 -1 1.5 -0.22382 -0.237582 0.246981 2.24558e+10
2 -0.5 1.5 -0.242515 -0.247369 0.244257 2.58615e+10
2.5 0 1.5 -0.231607 -0.236592 0.321416 2.51478e+10
2 0.5 1.5 -0.245517 -0.252082 0.315071 3.06369e+10
2.5 1 1.5 -0.229809 -0.224411 0.389293 2.85018e+10
2 1.5 1.5 -0.243162 -0.242018 0.377834 3.60323e+10
