449
-2.5 -1 -1.5 -0.822889 -0.112247 -0.209935 1.11537e+09
-2.5 0 -1.5 -0.84081 -0.249459 -0.144842 1.10977e+09
-2.5 1 -1.5 -0.760133 -0.373032 -0.144178 7.29688e+08
-2 -1.5 -1.5 -0.726973 -0.0761074 -0.222423 1.05681e+09
-1.5 -1 -1.5 -0.733352 -0.220478 -0.20384 1.10932e+09
-2 -0.5 -1.5 -0.810546 -0.232619 -0.172476 1.16079e+09
-1.5 0 -1.5 -0.77373 -0.323289 -0.135968 1.08961e+09
-2 0.5 -1.5 -0.784333 -0.339897 -0.129047 9.5893e+08
-1.5 1 -1.5 -0.694319 -0.421259 -0.133249 7.47214e+08
-2 1.5 -1.5 -0.637899 -0.455802 -0.16725 5.31915e+08
-1 -1.5 -1.5 -0.595757 -0.182902 -0.205498 1.03233e+09
-0.5 -1 -1.5 -0.600478 -0.320232 -0.180837 1.0155e+09
-1 -0.5 -1.5 -0.717318 -0.323216 -0.159993 1.0925e+09
-0.5 0 -1.5 -0.679884 -0.401255 -0.119889 9.88586e+08
-1 0.5 -1.5 -0.711893 -0.399984 -0.11513 9.22156e+08
-0.5 1 -1.5 -0.618174 -0.470239 -0.112706 7.11888e+08
-1 1.5 -1.5 -0.560744 -0.492428 -0.151669 5.39582e+08
0 -1.5 -1.5 -0.413059 -0.273534 -0.17453 9.12641e+08
0.5 -1 -1.5 -0.418928 -0.416098 -0.151833 8.47558e+08
0 -0.5 -1.5 -0.586915 -0.417798 -0.137819 9.48853e+08
0.5 0 -1.5 -0.553234 -0.49131 -0.0975642 8.28562e+08
0 0.5 -1.5 -0.618924 -0.468028 -0.0939892 8.20192e+08
0.5 1 -1.5 -0.524846 -0.528655 -0.0856047 6.23781e+08
0 1.5 -1.5 -0.482107 -0.53096 -0.122305 5.10265e+08
1 -1.5 -1.5 -0.173403 -0.337724 -0.138215 7.29169e+08
1.5 -1 -1.5 -0.175396 -0.487351 -0.120381 6.45233e+08
1 -0.5 -1.5 -0.409116 -0.516444 -0.112624 7.56005e+08
1.5 0 -1.5 -0.370142 -0.589717 -0.0783744 6.34463e+08
1 0.5 -1.5 -0.49055 -0.552266 -0.0719239 6.67876e+08
1.5 1 -1.5 -0.386518 -0.607594 -0.0598142 5.08076e+08
1 1.5 -1.5 -0.386892 -0.583612 -0.0849665 4.51205e+08
2 -1.5 -1.5 0.108702 -0.329504 -0.0768666 5.46958e+08
2.5 -1 -1.5 0.130794 -0.476628 -0.0657346 4.68449e+08
2 -0.5 -1.5 -0.153711 -0.591583 -0.0894254 5.52714e+08
2.5 0 -1.5 -0.0913546 -0.663649 -0.0602549 4.58572e+08
2 0.5 -1.5 -0.288515 -0.647983 -0.0557901 5.06224e+08
2.5 1 -1.5 -0.152725 -0.684625 -0.0430535 3.96305e+08
2 1.5 -1.5 -0.227841 -0.647418 -0.05484 3.79537e+08
-2.25 -0.75 -1.25 -0.846511 0.12598 -0.0888153 5.43224e+08
-2.25 0.25 -1.25 -0.886969 -0.00382332 -0.0145548 5.25822e+08
-2.25 1.25 -1.25 -0.834461 -0.128542 -0.0181569 2.95649e+08
-1.75 -1.25 -1.25 -0.706659 0.186638 -0.164023 4.37304e+08
-1.25 -0.75 -1.25 -0.722225 0.0854362 -0.11656 4.46626e+08
-1.75 -0.25 -1.25 -0.836824 0.0457016 -0.0440689 5.25945e+08
-1.25 0.25 -1.25 -0.804481 -0.00468457 -0.000813588 4.53296e+08
-1.75 0.75 -1.25 -0.837796 -0.0605751 0.00405988 4.01464e+08
-1.25 1.25 -1.25 -0.756925 -0.101415 0.0157894 2.78802e+08
-0.75 -1.25 -1.25 -0.495173 0.14817 -0.215738 3.59313e+08
-0.25 -0.75 -1.25 -0.51956 0.065142 -0.148488 3.43256e+08
-0.75 -0.25 -1.25 -0.711962 0.0310029 -0.053125 4.18914e+08
-0.25 0.25 -1.25 -0.679451 0.00727491 0.0122152 3.59172e+08
-0.75 0.75 -1.25 -0.747879 -0.0360577 0.0354511 3.50882e+08
-0.25 1.25 -1.25 -0.662176 -0.0449479 0.0741149 2.47387e+08
0.25 -1.25 -1.25 -0.204524 0.159044 -0.233199 2.87168e+08
0.75 -0.75 -1.25 -0.245508 0.0811933 -0.153661 2.54372e+08
0.25 -0.25 -1.25 -0.522174 0.0307652 -0.0601728 3.10374e+08
0.75 0.25 -1.25 -0.502755 0.0393253 0.0410071 2.62204e+08
0.25 0.75 -1.25 -0.623753 0.0116264 0.0812412 2.80511e+08
0.75 1.25 -1.25 -0.548768 0.0350653 0.161015 2.07027e+08
1.25 -1.25 -1.25 0.0979584 0.230669 -0.180231 2.27306e+08
1.75 -0.75 -1.25 0.0519615 0.165929 -0.0912455 1.87115e+08
1.25 -0.25 -1.25 -0.270311 0.0677927 -0.0371153 2.18582e+08
1.75 0.25 -1.25 -0.275399 0.093685 0.097883 1.82896e+08
1.25 0.75 -1.25 -0.464063 0.0723824 0.151279 2.1074e+08
1.75 1.25 -1.25 -0.417939 0.120632 0.273342 1.66293e+08
2.25 -1.25 -1.25 0.316752 0.366677 -0.0201047 1.8416e+08
2.25 -0.25 -1.25 0.0097843 0.154019 0.0417312 1.5431e+08
2.25 0.75 -1.25 -0.27284 0.138376 0.242913 1.51513e+08
-2.5 -1.5 -1 -0.740868 -0.168067 -0.0233817 2.70208e+09
-2.5 -0.5 -1 -0.785826 -0.278502 -0.0302701 2.48042e+09
-2.5 0.5 -1 -0.716564 -0.389407 -0.0315429 1.6232e+09
-2.5 1.5 -1 -0.509664 -0.496308 -0.0673442 7.72828e+08
-1.5 -1.5 -1 -0.668175 -0.222945 0.0169153 2.7902e+09
-2 -1 -1 -0.745962 -0.257269 -0.0217965 2.68454e+09
-1.5 -0.5 -1 -0.725426 -0.331588 0.00175216 2.49283e+09
-2 0 -1 -0.74223 -0.353986 -0.0101842 2.1591e+09
-1.5 0.5 -1 -0.66187 -0.426375 -0.00459696 1.69883e+09
-2 1 -1 -0.600217 -0.46408 -0.0411158 1.19138e+09
-1.5 1.5 -1 -0.433345 -0.521354 -0.0536436 8.40529e+08
-0.5 -1.5 -1 -0.557642 -0.272973 0.0663314 2.61569e+09
-1 -1 -1 -0.664078 -0.313987 0.021712 2.6165e+09
-0.5 -0.5 -1 -0.640218 -0.386542 0.0433877 2.3316e+09
-1 0 -1 -0.677266 -0.398293 0.0228394 2.12209e+09
-0.5 0.5 -1 -0.596395 -0.463288 0.0311999 1.66124e+09
-1 1 -1 -0.537153 -0.493 -0.0129125 1.24037e+09
-0.5 1.5 -1 -0.365475 -0.539995 -0.0219645 8.68399e+08
0.5 -1.5 -1 -0.400581 -0.32685 0.108156 2.16991e+09
0 -1 -1 -0.548728 -0.374295 0.0695202 2.33457e+09
0.5 -0.5 -1 -0.525335 -0.453141 0.086873 2.00442e+09
0 0 -1 -0.593315 -0.450219 0.0636497 1.94372e+09
0.5 0.5 -1 -0.512725 -0.508768 0.072358 1.49221e+09
0 1 -1 -0.472485 -0.521471 0.0267728 1.2035e+09
0.5 1.5 -1 -0.305326 -0.56685 0.0253959 8.55159e+08
1.5 -1.5 -1 -0.185051 -0.36033 0.144283 1.60069e+09
1 -1 -1 -0.38844 -0.441016 0.109006 1.86035e+09
1.5 -0.5 -1 -0.355255 -0.526663 0.120856 1.53908e+09
1 0 -1 -0.474544 -0.517326 0.102408 1.61507e+09
1.5 0.5 -1 -0.38445 -0.576848 0.110244 1.23947e+09
1 1 -1 -0.389488 -0.564816 0.0732692 1.09403e+09
1.5 1.5 -1 -0.22149 -0.609014 0.0758391 8.02021e+08
2.5 -1.5 -1 0.073617 -0.321317 0.196817 1.12767e+09
2 -1 -1 -0.152022 -0.482522 0.141087 1.33064e+09
2.5 -0.5 -1 -0.0940166 -0.573298 0.148495 1.09408e+09
2 0 -1 -0.285158 -0.596006 0.131417 1.22894e+09
2.5 0.5 -1 -0.172344 -0.648713 0.138034 9.68927e+08
2 1 -1 -0.248995 -0.627291 0.112937 9.38773e+08
2.5 1.5 -1 -0.0558182 -0.64348 0.11176 7.17672e+08
-2.25 -1.25 -0.75 -0.738221 0.2798 0.111851 1.17179e+09
-2.25 -0.25 -0.75 -0.844686 0.111712 0.15315 1.19499e+09
-2.25 0.75 -0.75 -0.824642 -0.0244266 0.158656 6.85697e+08
-1.25 -1.25 -0.75 -0.586666 0.270542 0.116524 1.00185e+09
-1.75 -0.75 -0.75 -0.757575 0.189602 0.142019 1.16001e+09
-1.25 -0.25 -0.75 -0.747045 0.129668 0.184468 1.03724e+09
-1.75 0.25 -0.75 -0.808752 0.0541695 0.181447 9.36328e+08
-1.25 0.75 -0.75 -0.743925 0.0117401 0.201852 6.6098e+08
-1.75 1.25 -0.75 -0.735778 -0.0646608 0.17296 4.5001e+08
-0.25 -1.25 -0.75 -0.375582 0.278516 0.120903 8.18631e+08
-0.75 -0.75 -0.75 -0.612025 0.196346 0.157599 9.48269e+08
-0.25 -0.25 -0.75 -0.607574 0.150513 0.208258 8.33035e+08
-0.75 0.25 -0.75 -0.709974 0.0884741 0.222041 8.3133e+08
-0.25 0.75 -0.75 -0.64302 0.0675351 0.25894 5.9757e+08
-0.75 1.25 -0.75 -0.645024 -0.00723127 0.227109 4.35793e+08
0.75 -1.25 -0.75 -0.135138 0.310488 0.146132 6.48815e+08
0.25 -0.75 -0.75 -0.410014 0.208633 0.167782 7.25877e+08
0.75 -0.25 -0.75 -0.421901 0.179426 0.239778 6.18999e+08
0.25 0.25 -0.75 -0.575423 0.132722 0.26589 6.68834e+08
0.75 0.75 -0.75 -0.518636 0.130745 0.325429 5.04949e+08
0.25 1.25 -0.75 -0.551881 0.0616477 0.301221 4.12249e+08
1.75 -1.25 -0.75 0.0691301 0.387069 0.228859 5.18868e+08
1.25 -0.75 -0.75 -0.177239 0.247749 0.205481 5.40083e+08
1.75 -0.25 -0.75 -0.201337 0.224794 0.290823 4.50308e+08
1.25 0.25 -0.75 -0.40567 0.176811 0.319333 5.07541e+08
1.75 0.75 -0.75 -0.375036 0.187622 0.402262 4.09116e+08
1.25 1.25 -0.75 -0.449681 0.141082 0.392601 3.74921e+08
2.25 -0.75 -0.75 0.0380943 0.325508 0.288873 4.14016e+08
2.25 0.25 -0.75 -0.212211 0.221506 0.384573 3.74833e+08
2.25 1.25 -0.75 -0.338701 0.211154 0.491756 3.28537e+08
-2.5 -1 -0.5 -0.71536 -0.323933 0.110353 6.54797e+09
-2.5 0 -0.5 -0.646341 -0.417794 0.0954159 4.07657e+09
-2.5 1 -0.5 -0.429784 -0.50759 0.0758129 1.91928e+09
-2 -1.5 -0.5 -0.693436 -0.279987 0.162791 7.74188e+09
-1.5 -1 -0.5 -0.676684 -0.335563 0.165623 6.75158e+09
-2 -0.5 -0.5 -0.683676 -0.375397 0.126465 5.56298e+09
-1.5 0 -0.5 -0.615477 -0.432476 0.137478 4.34733e+09
-2 0.5 -0.5 -0.539267 -0.477312 0.0987227 2.98917e+09
-1.5 1 -0.5 -0.385968 -0.524907 0.0972421 2.12167e+09
-2 1.5 -0.5 -0.254361 -0.537926 0.0862075 1.38189e+09
-1 -1.5 -0.5 -0.638253 -0.282418 0.224965 7.68493e+09
-0.5 -1 -0.5 -0.61578 -0.351225 0.225222 6.46967e+09
-1 -0.5 -0.5 -0.639008 -0.390143 0.17765 5.58727e+09
-0.5 0 -0.5 -0.573899 -0.448028 0.185948 4.35409e+09
-1 0.5 -0.5 -0.504668 -0.49116 0.1373 3.181e+09
-0.5 1 -0.5 -0.349422 -0.534448 0.132021 2.22318e+09
-1 1.5 -0.5 -0.20356 -0.546226 0.104726 1.51053e+09
0 -1.5 -0.5 -0.550548 -0.299119 0.279586 6.79515e+09
0.5 -1 -0.5 -0.525933 -0.383256 0.277188 5.56243e+09
0 -0.5 -0.5 -0.579178 -0.413889 0.233103 5.25406e+09
0.5 0 -0.5 -0.512689 -0.472987 0.236439 3.98031e+09
0 0.5 -0.5 -0.467338 -0.503528 0.183652 3.14013e+09
0.5 1 -0.5 -0.318819 -0.552122 0.178602 2.23155e+09
0 1.5 -0.5 -0.171896 -0.558028 0.138259 1.59859e+09
1 -1.5 -0.5 -0.416079 -0.330269 0.318778 5.16054e+09
1.5 -1 -0.5 -0.376116 -0.426353 0.312943 4.11468e+09
1 -0.5 -0.5 -0.481449 -0.455001 0.279146 4.3638e+09
1.5 0 -0.5 -0.402676 -0.52304 0.278325 3.30856e+09
1 0.5 -0.5 -0.405424 -0.533187 0.233023 2.9025e+09
1.5 1 -0.5 -0.258574 -0.587421 0.227486 2.13478e+09
1 1.5 -0.5 -0.140906 -0.583781 0.181761 1.63968e+09
2 -1.5 -0.5 -0.210471 -0.340879 0.348852 3.47709e+09
2.5 -1 -0.5 -0.141282 -0.444381 0.339503 2.77654e+09
2 -0.5 -0.5 -0.310163 -0.509611 0.310158 3.22369e+09
2.5 0 -0.5 -0.213083 -0.579742 0.306782 2.51806e+09
2 0.5 -0.5 -0.286862 -0.586315 0.273528 2.50051e+09
2.5 1 -0.5 -0.121445 -0.625703 0.264503 1.89542e+09
2 1.5 -0.5 -0.0699907 -0.61378 0.223771 1.60106e+09
-2.25 -0.75 -0.25 -0.770793 0.210797 0.317346 2.95805e+09
-2.25 0.25 -0.25 -0.781176 0.0701584 0.327775 1.72931e+09
-2.25 1.25 -0.25 -0.699296 -0.0220462 0.343453 7.47791e+08
-1.75 -1.25 -0.25 -0.648074 0.304727 0.328335 2.85152e+09
-1.25 -0.75 -0.25 -0.658801 0.245093 0.361274 2.58655e+09
-1.75 -0.25 -0.25 -0.748568 0.155607 0.349563 2.37447e+09
-1.25 0.25 -0.25 -0.699775 0.114112 0.375369 1.70669e+09
-1.75 0.75 -0.25 -0.707732 0.0361612 0.35193 1.14164e+09
-1.25 1.25 -0.25 -0.607313 0.0285258 0.383535 7.45568e+08
-0.75 -1.25 -0.25 -0.499269 0.331254 0.363597 2.45606e+09
-0.25 -0.75 -0.25 -0.517105 0.272401 0.393868 2.13477e+09
-0.75 -0.25 -0.25 -0.643593 0.198506 0.395024 2.13935e+09
-0.25 0.25 -0.25 -0.59819 0.168528 0.428818 1.56128e+09
-0.75 0.75 -0.25 -0.618628 0.0933568 0.402954 1.12186e+09
-0.25 1.25 -0.25 -0.522832 0.085138 0.432467 7.54063e+08
0.25 -1.25 -0.25 -0.325303 0.353908 0.386561 1.97755e+09
0.75 -0.75 -0.25 -0.34931 0.298589 0.425501 1.62579e+09
0.25 -0.25 -0.25 -0.509736 0.236753 0.435476 1.72485e+09
0.75 0.25 -0.25 -0.474233 0.213381 0.47619 1.31377e+09
0.25 0.75 -0.25 -0.528473 0.146308 0.458172 1.07993e+09
0.75 1.25 -0.25 -0.446876 0.135345 0.490153 7.5499e+08
1.25 -1.25 -0.25 -0.164105 0.39582 0.430091 1.56884e+09
1.75 -0.75 -0.25 -0.174764 0.340416 0.46873 1.24917e+09
1.25 -0.25 -0.25 -0.350352 0.265914 0.47398 1.32178e+09
1.75 0.25 -0.25 -0.332833 0.248094 0.523216 1.06465e+09
1.25 0.75 -0.25 -0.423093 0.199705 0.515508 9.84004e+08
1.75 1.25 -0.25 -0.360335 0.198664 0.562878 7.30962e+08
2.25 -1.25 -0.25 -0.0537555 0.456857 0.499978 1.28995e+09
2.25 -0.25 -0.25 -0.181326 0.301738 0.517304 1.00656e+09
2.25 0.75 -0.25 -0.307616 0.242215 0.578156 8.52388e+08
-2.5 -1.5 0 -0.687384 -0.358828 0.238372 2.14064e+10
-2.5 -0.5 0 -0.588253 -0.452508 0.211642 1.19571e+10
-2.5 0.5 0 -0.3524 -0.530288 0.203491 5.47912e+09
-2.5 1.5 0 -0.0630837 -0.540741 0.239865 2.64337e+09
-1.5 -1.5 0 -0.675165 -0.317774 0.30873 2.22752e+10
-2 -1 0 -0.651389 -0.392257 0.251971 1.70287e+10
-1.5 -0.5 0 -0.588995 -0.434561 0.266829 1.28877e+10
-2 0 0 -0.489022 -0.495121 0.225615 8.62695e+09
-1.5 0.5 0 -0.350888 -0.533752 0.232499 6.10247e+09
-2 1 0 -0.201699 -0.55035 0.220071 3.973e+09
-1.5 1.5 0 -0.0482158 -0.55279 0.242219 2.96497e+09
-0.5 -1.5 0 -0.636509 -0.293569 0.373097 2.11915e+10
-1 -1 0 -0.633942 -0.365912 0.317326 1.74093e+10
-0.5 -0.5 0 -0.577801 -0.420261 0.324379 1.31677e+10
-1 0 0 -0.491797 -0.486186 0.272682 9.32543e+09
-0.5 0.5 0 -0.353594 -0.528547 0.270859 6.40684e+09
-1 1 0 -0.191999 -0.552992 0.240072 4.31951e+09
-0.5 1.5 0 -0.0413959 -0.560512 0.254585 3.23862e+09
0.5 -1.5 0 -0.566326 -0.295629 0.422544 1.72602e+10
0 -1 0 -0.600579 -0.35559 0.377708 1.64483e+10
0.5 -0.5 0 -0.542871 -0.418198 0.379635 1.2088e+10
0 0 0 -0.487588 -0.475872 0.324288 9.28548e+09
0.5 0.5 0 -0.356955 -0.531661 0.316123 6.46945e+09
0 1 0 -0.198311 -0.558647 0.269721 4.56212e+09
0.5 1.5 0 -0.0405547 -0.574556 0.275673 3.44642e+09
1.5 -1.5 0 -0.432748 -0.315936 0.454843 1.17237e+10
1 -1 0 -0.521033 -0.369884 0.423391 1.31095e+10
1.5 -0.5 0 -0.449626 -0.445886 0.419856 9.69095e+09
1 0 0 -0.448196 -0.486356 0.373374 8.57834e+09
1.5 0.5 0 -0.320575 -0.553772 0.361704 6.21754e+09
1 1 0 -0.19695 -0.577087 0.307035 4.70441e+09
1.5 1.5 0 -0.0178316 -0.594279 0.303096 3.55055e+09
2.5 -1.5 0 -0.233952 -0.324176 0.471865 7.24138e+09
2 -1 0 -0.365019 -0.402292 0.45103 8.96129e+09
2.5 -0.5 0 -0.27769 -0.484126 0.444455 6.85233e+09
2 0 0 -0.35008 -0.522506 0.411124 7.1934e+09
2.5 0.5 0 -0.207648 -0.584355 0.396681 5.3401e+09
2 1 0 -0.151552 -0.600935 0.346688 4.56843e+09
2.5 1.5 0 0.0493767 -0.60743 0.332398 3.54715e+09
-2.25 -1.25 0.25 -0.699696 0.262161 0.445276 7.99625e+09
-2.25 -0.25 0.25 -0.724939 0.128744 0.462006 4.79097e+09
-2.25 0.75 0.25 -0.660833 0.0484692 0.482703 2.08058e+09
-1.25 -1.25 0.25 -0.588922 0.303534 0.493096 7.12541e+09
-1.75 -0.75 0.25 -0.686001 0.214826 0.480426 6.59326e+09
-1.25 -0.25 0.25 -0.648907 0.178932 0.508666 4.84179e+09
-1.75 0.25 0.25 -0.662479 0.101294 0.49149 3.18073e+09
-1.25 0.75 0.25 -0.576764 0.0975158 0.523386 2.06995e+09
-1.75 1.25 0.25 -0.577464 0.0515807 0.517689 1.42734e+09
-0.25 -1.25 0.25 -0.467443 0.341756 0.529148 6.14303e+09
-0.75 -0.75 0.25 -0.580985 0.265791 0.524668 5.97752e+09
-0.25 -0.25 0.25 -0.554041 0.230866 0.557071 4.45104e+09
-0.75 0.25 0.25 -0.580574 0.156837 0.538437 3.15145e+09
-0.25 0.75 0.25 -0.502047 0.144077 0.559591 2.10074e+09
-0.75 1.25 0.25 -0.495873 0.0978009 0.547401 1.44756e+09
0.75 -1.25 0.25 -0.350068 0.369395 0.556515 4.84869e+09
0.25 -0.75 0.25 -0.467758 0.295423 0.560132 4.87233e+09
0.75 -0.25 0.25 -0.441409 0.262582 0.589966 3.66703e+09
0.25 0.25 0.25 -0.500014 0.200152 0.579653 3.04819e+09
0.75 0.75 0.25 -0.4371 0.17456 0.594628 2.11601e+09
0.25 1.25 0.25 -0.426381 0.136072 0.577366 1.48122e+09
1.75 -1.25 0.25 -0.250448 0.418433 0.593351 3.97677e+09
1.25 -0.75 0.25 -0.339352 0.32441 0.58785 3.79177e+09
1.75 -0.25 0.25 -0.317212 0.29053 0.616742 2.97331e+09
1.25 0.25 0.25 -0.402161 0.235846 0.613307 2.74321e+09
1.75 0.75 0.25 -0.349225 0.217587 0.639434 2.01415e+09
1.25 1.25 0.25 -0.36018 0.163761 0.615931 1.4862e+09
2.25 -0.75 0.25 -0.223417 0.366469 0.616826 2.98934e+09
2.25 0.25 0.25 -0.294979 0.264979 0.650072 2.33332e+09
2.25 1.25 0.25 -0.291653 0.202135 0.66357 1.51202e+09
-2.5 -1 0.5 -0.590695 -0.476658 0.29047 4.14956e+10
-2.5 0 0.5 -0.326498 -0.561778 0.286949 1.79733e+10
-2.5 1 0.5 -0.0360177 -0.574306 0.314922 8.69719e+09
-2 -1.5 0.5 -0.682105 -0.384445 0.336566 6.23254e+10
-1.5 -1 0.5 -0.616243 -0.420551 0.357617 4.45019e+10
-2 -0.5 0.5 -0.491758 -0.509297 0.312925 2.87582e+10
-1.5 0 0.5 -0.364271 -0.544423 0.326078 2.00149e+10
-2 0.5 0.5 -0.193677 -0.577412 0.306712 1.29758e+10
-1.5 1 0.5 -0.061747 -0.583742 0.323933 9.58527e+09
-2 1.5 0.5 0.0765997 -0.567953 0.340714 6.77016e+09
-1 -1.5 0.5 -0.682463 -0.318107 0.409495 6.33943e+10
-0.5 -1 0.5 -0.629627 -0.370425 0.422934 4.6233e+10
-1 -0.5 0.5 -0.529147 -0.469165 0.370029 3.1424e+10
-0.5 0 0.5 -0.404118 -0.517881 0.371908 2.09019e+10
-1 0.5 0.5 -0.22244 -0.568499 0.333752 1.38883e+10
-0.5 1 0.5 -0.0902326 -0.587435 0.338766 1.02701e+10
-1 1.5 0.5 0.0526921 -0.585631 0.339844 7.4674e+09
0 -1.5 0.5 -0.657808 -0.286318 0.467157 5.6945e+10
0.5 -1 0.5 -0.606753 -0.346119 0.477086 4.10497e+10
0 -0.5 0.5 -0.551179 -0.432163 0.426884 3.1466e+10
0.5 0 0.5 -0.434109 -0.500772 0.419889 2.10969e+10
0 0.5 0.5 -0.264586 -0.56098 0.36696 1.45048e+10
0.5 1 0.5 -0.118415 -0.593989 0.360125 1.07515e+10
0 1.5 0.5 0.0350222 -0.596368 0.344859 7.9942e+09
1 -1.5 0.5 -0.581641 -0.288878 0.508234 4.08575e+10
1.5 -1 0.5 -0.518432 -0.359627 0.514187 3.00107e+10
1 -0.5 0.5 -0.524442 -0.420863 0.476342 2.83244e+10
1.5 0 0.5 -0.414476 -0.501605 0.465503 1.99056e+10
1 0.5 0.5 -0.286819 -0.564886 0.404432 1.48739e+10
1.5 1 0.5 -0.113496 -0.603987 0.387761 1.08322e+10
1 1.5 0.5 0.029082 -0.607229 0.356154 8.30487e+09
2 -1.5 0.5 -0.436747 -0.322583 0.527236 2.45735e+10
2.5 -1 0.5 -0.356181 -0.392454 0.531158 1.8617e+10
2 -0.5 0.5 -0.436196 -0.439334 0.511393 2.18585e+10
2.5 0 0.5 -0.316479 -0.517525 0.499596 1.5793e+10
2 0.5 0.5 -0.266319 -0.572153 0.447122 1.41428e+10
2.5 1 0.5 -0.0722489 -0.61288 0.421916 1.05003e+10
2 1.5 0.5 0.0626758 -0.612939 0.373473 8.45777e+09
-2.25 -0.75 0.75 -0.690345 0.126134 0.539211 1.45053e+10
-2.25 0.25 0.75 -0.625699 0.0594795 0.565795 6.34266e+09
-2.25 1.25 0.75 -0.560418 0.0272593 0.591541 3.12882e+09
-1.75 -1.25 0.75 -0.659716 0.209928 0.550167 1.96945e+10
-1.25 -0.75 0.75 -0.625681 0.187061 0.586239 1.51936e+10
-1.75 -0.25 0.75 -0.633559 0.105175 0.57503 9.75534e+09
-1.25 0.25 0.75 -0.554095 0.104524 0.609042 6.26857e+09
-1.75 0.75 0.75 -0.554815 0.0653941 0.598326 4.34863e+09
-1.25 1.25 0.75 -0.493462 0.0707678 0.618838 3.16569e+09
-0.75 -1.25 0.75 -0.571687 0.263506 0.591452 1.80341e+10
-0.25 -0.75 0.75 -0.545685 0.237615 0.628125 1.37146e+10
-0.75 -0.25 0.75 -0.567091 0.159663 0.619008 9.70282e+09
-0.25 0.25 0.75 -0.494746 0.147967 0.640168 6.32501e+09
-0.75 0.75 0.75 -0.488067 0.105148 0.62711 4.35453e+09
-0.25 1.25 0.75 -0.426073 0.105587 0.639851 3.16933e+09
0.25 -1.25 0.75 -0.497167 0.299367 0.623012 1.52172e+10
0.75 -0.75 0.75 -0.456911 0.262706 0.651468 1.10001e+10
0.25 -0.25 0.75 -0.499237 0.20337 0.653464 9.33599e+09
0.75 0.25 0.75 -0.443134 0.176247 0.665873 6.35459e+09
0.25 0.75 0.75 -0.432044 0.136762 0.649903 4.39735e+09
0.75 1.25 0.75 -0.361753 0.133664 0.660668 3.16592e+09
1.25 -1.25 0.75 -0.413114 0.344964 0.644191 1.22192e+10
1.75 -0.75 0.75 -0.364668 0.311291 0.67154 9.06477e+09
1.25 -0.25 0.75 -0.410528 0.240735 0.675014 8.14609e+09
1.75 0.25 0.75 -0.360758 0.214398 0.693711 5.92696e+09
1.25 0.75 0.75 -0.376011 0.150073 0.675879 4.32352e+09
1.75 1.25 0.75 -0.303646 0.142143 0.682656 3.16333e+09
2.25 -1.25 0.75 -0.362982 0.382205 0.657252 9.28454e+09
2.25 -0.25 0.75 -0.330947 0.273619 0.696604 6.8278e+09
2.25 0.75 0.75 -0.30221 0.184886 0.705968 4.25457e+09
-2.5 -1.5 1 -0.664483 -0.472825 0.322279 1.65985e+11
-2.5 -0.5 1 -0.378521 -0.592299 0.319627 6.62453e+10
-2.5 0.5 1 -0.0667552 -0.62706 0.338753 3.12274e+10
-2.5 1.5 1 0.178771 -0.587584 0.385447 1.71555e+10
-1.5 -1.5 1 -0.696191 -0.382949 0.400613 1.75144e+11
-2 -1 1 -0.562175 -0.508448 0.352741 1.08832e+11
-1.5 -0.5 1 -0.439635 -0.544362 0.372595 7.30822e+10
-2 0 1 -0.25058 -0.60968 0.342926 4.68243e+10
-1.5 0.5 1 -0.126969 -0.625325 0.35918 3.38264e+10
-2 1 1 0.0383593 -0.625416 0.361578 2.38762e+10
-1.5 1.5 1 0.12819 -0.6218 0.379429 1.90146e+10
-0.5 -1.5 1 -0.713392 -0.302631 0.470559 1.77436e+11
-1 -1 1 -0.61955 -0.429043 0.422303 1.19228e+11
-0.5 -0.5 1 -0.509168 -0.485799 0.430678 7.64457e+10
-1 0 1 -0.309839 -0.579233 0.382547 4.9184e+10
-0.5 0.5 1 -0.184797 -0.615028 0.38363 3.54825e+10
-1 1 1 -0.0164733 -0.637887 0.369245 2.57966e+10
-0.5 1.5 1 0.0882002 -0.640287 0.37762 2.03993e+10
0.5 -1.5 1 -0.674769 -0.283964 0.518074 1.38294e+11
0 -1 1 -0.649339 -0.364037 0.484239 1.20268e+11
0.5 -0.5 1 -0.545354 -0.447984 0.482296 7.66325e+10
0 0 1 -0.379514 -0.548621 0.425567 5.09349e+10
0.5 0.5 1 -0.237457 -0.603161 0.414536 3.65735e+10
0 1 1 -0.059021 -0.639304 0.382283 2.6949e+10
0.5 1.5 1 0.0648006 -0.649048 0.380151 2.11697e+10
1.5 -1.5 1 -0.582075 -0.311989 0.548016 8.59662e+10
1 -1 1 -0.613412 -0.343094 0.531976 9.7849e+10
1.5 -0.5 1 -0.529547 -0.423513 0.532822 6.81556e+10
1 0 1 -0.410909 -0.531244 0.469714 5.1714e+10
1.5 0.5 1 -0.241033 -0.596201 0.44947 3.55884e+10
1 1 1 -0.0870194 -0.639311 0.40162 2.71923e+10
1.5 1.5 1 0.0666274 -0.652835 0.388555 2.15634e+10
2.5 -1.5 1 -0.393859 -0.365375 0.549522 4.4087e+10
2 -1 1 -0.519361 -0.369026 0.561313 6.39483e+10
2.5 -0.5 1 -0.423631 -0.439192 0.562166 4.57807e+10
2 0 1 -0.41105 -0.510077 0.521424 4.68593e+10
2.5 0.5 1 -0.232531 -0.58841 0.495033 3.30246e+10
2 1 1 -0.0621808 -0.635145 0.426686 2.64626e+10
2.5 1.5 1 0.12791 -0.631053 0.405929 2.14135e+10
-2.25 -1.25 1.25 -0.704596 0.0209195 0.526843 6.19748e+10
-2.25 -0.25 1.25 -0.608332 -0.0198792 0.56405 2.74475e+10
-2.25 0.75 1.25 -0.52189 -0.0423393 0.587575 1.33328e+10
-1.25 -1.25 1.25 -0.656136 0.110359 0.583011 6.5953e+10
-1.75 -0.75 1.25 -0.641387 0.0234105 0.574 4.26571e+10
-1.25 -0.25 1.25 -0.558195 0.0186315 0.606854 2.72836e+10
-1.75 0.25 1.25 -0.535066 -0.0133028 0.596424 1.87034e+10
-1.25 0.75 1.25 -0.474532 -0.00738918 0.614713 1.34035e+10
-1.75 1.25 1.25 -0.466235 -0.0331275 0.608849 9.92193e+09
-0.25 -1.25 1.25 -0.618599 0.138951 0.614966 5.94371e+10
-0.75 -0.75 1.25 -0.60851 0.0753776 0.615967 4.34679e+10
-0.25 -0.25 1.25 -0.527488 0.0630407 0.637708 2.73104e+10
-0.75 0.25 1.25 -0.491307 0.0228805 0.624991 1.85623e+10
-0.25 0.75 1.25 -0.427011 0.0226707 0.636406 1.32196e+10
-0.75 1.25 1.25 -0.41183 -0.00206203 0.628863 9.87412e+09
0.75 -1.25 1.25 -0.562382 0.185723 0.63943 4.90033e+10
0.25 -0.75 1.25 -0.557448 0.118848 0.647626 3.97419e+10
0.75 -0.25 1.25 -0.492875 0.100434 0.66749 2.72333e+10
0.25 0.25 1.25 -0.458834 0.0568343 0.650117 1.85644e+10
0.75 0.75 1.25 -0.378657 0.0480937 0.658314 1.29419e+10
0.25 1.25 1.25 -0.355471 0.0247018 0.645488 9.70438e+09
1.75 -1.25 1.25 -0.503074 0.236233 0.652704 3.63291e+10
1.25 -0.75 1.25 -0.489695 0.16291 0.667733 3.35358e+10
1.75 -0.25 1.25 -0.431114 0.145068 0.69311 2.45713e+10
1.25 0.25 1.25 -0.418726 0.0662488 0.67704 1.77752e+10
1.75 0.75 1.25 -0.329804 0.0529347 0.679318 1.25387e+10
1.25 1.25 1.25 -0.30787 0.041828 0.661047 9.60842e+09
2.25 -0.75 1.25 -0.449302 0.208363 0.683996 2.6865e+10
2.25 0.25 1.25 -0.36201 0.09947 0.702101 1.674e+10
2.25 1.25 1.25 -0.255144 0.0479617 0.680312 9.53466e+09
-2.5 -1 1.5 -0.571061 -0.29029 0.396846 2.02726e+11
-2.5 0 1.5 -0.329791 -0.357219 0.417865 9.43357e+10
-2.5 1 1.5 -0.114488 -0.382621 0.446619 4.93064e+10
-2 -1.5 1.5 -0.680948 -0.207742 0.422442 3.09994e+11
-1.5 -1 1.5 -0.585983 -0.212238 0.462211 2.16165e+11
-2 -0.5 1.5 -0.461149 -0.301688 0.432617 1.41667e+11
-1.5 0 1.5 -0.350201 -0.333304 0.452406 9.75951e+10
-2 0.5 1.5 -0.224295 -0.375505 0.441153 6.87351e+10
-1.5 1 1.5 -0.131178 -0.395655 0.455411 5.22946e+10
-2 1.5 1.5 -0.0335823 -0.390081 0.466674 3.89179e+10
-1 -1.5 1.5 -0.705238 -0.128612 0.490092 3.29777e+11
-0.5 -1 1.5 -0.620232 -0.157825 0.515005 2.15491e+11
-1 -0.5 1.5 -0.487287 -0.247764 0.482126 1.4181e+11
-0.5 0 1.5 -0.381311 -0.304379 0.485565 9.78898e+10
-1 0.5 1.5 -0.247446 -0.370231 0.460655 7.09806e+10
-0.5 1 1.5 -0.143788 -0.396819 0.465973 5.34707e+10
-1 1.5 1.5 -0.041156 -0.407528 0.466935 4.08415e+10
0 -1.5 1.5 -0.6939 -0.0646072 0.543629 2.94927e+11
0.5 -1 1.5 -0.615163 -0.111614 0.560663 1.94086e+11
0 -0.5 1.5 -0.521646 -0.213216 0.52353 1.40172e+11
0.5 0 1.5 -0.40661 -0.274696 0.522166 9.68748e+10
0 0.5 1.5 -0.26792 -0.351279 0.484875 7.09721e+10
0.5 1 1.5 -0.153238 -0.389812 0.481429 5.29058e+10
0 1.5 1.5 -0.0438789 -0.415072 0.468962 4.16257e+10
1 -1.5 1.5 -0.622948 -0.0169097 0.582882 1.94269e+11
1.5 -1 1.5 -0.588485 -0.0558545 0.608324 1.50906e+11
1 -0.5 1.5 -0.517973 -0.1758 0.56727 1.29442e+11
1.5 0 1.5 -0.397392 -0.229056 0.567496 8.78168e+10
1 0.5 1.5 -0.284441 -0.332748 0.515491 6.82463e+10
1.5 1 1.5 -0.151466 -0.379897 0.503544 5.13095e+10
1 1.5 1.5 -0.038897 -0.413601 0.475886 4.15967e+10
2 -1.5 1.5 -0.51959 0.0353157 0.605071 1.09879e+11
2.5 -1 1.5 -0.461853 0.00532106 0.628762 8.42837e+10
2 -0.5 1.5 -0.522613 -0.10362 0.621694 1.0693e+11
2.5 0 1.5 -0.405999 -0.164104 0.619641 7.36566e+10
2 0.5 1.5 -0.263756 -0.293972 0.554887 6.20187e+10
2.5 1 1.5 -0.115346 -0.326397 0.542364 4.78183e+10
2 1.5 1.5 -0.0118614 -0.393476 0.493273 4.08081e+10
