449
-2.5 -1 -1.5 0.717191 -0.252931 0.290539 6.28493e+08
-2.5 0 -1.5 0.759317 -0.179102 0.238542 3.84614e+08
-2.5 1 -1.5 0.785486 -0.110689 0.190683 2.20223e+08
-2 -1.5 -1.5 0.713958 -0.259089 0.326707 9.1996e+08
-1.5 -1 -1.5 0.761296 -0.18672 0.306291 8.53657e+08
-2 -0.5 -1.5 0.760001 -0.182716 0.27239 5.76356e+08
-1.5 0 -1.5 0.791551 -0.112999 0.253642 5.04081e+08
-2 0.5 -1.5 0.788051 -0.111575 0.222312 3.34396e+08
-1.5 1 -1.5 0.808142 -0.0466201 0.205529 2.78877e+08
-2 1.5 -1.5 0.804107 -0.0474555 0.175983 1.83205e+08
-1 -1.5 -1.5 0.763242 -0.189986 0.339854 1.24302e+09
-0.5 -1 -1.5 0.801044 -0.11516 0.315152 1.10711e+09
-1 -0.5 -1.5 0.795925 -0.114567 0.284681 7.52426e+08
-0.5 0 -1.5 0.819539 -0.0449511 0.262138 6.32094e+08
-1 0.5 -1.5 0.813331 -0.0458932 0.234227 4.217e+08
-0.5 1 -1.5 0.82703 0.0170678 0.213825 3.38905e+08
-1 1.5 -1.5 0.82113 0.0144298 0.187697 2.23914e+08
0 -1.5 -1.5 0.806706 -0.112716 0.344323 1.59284e+09
0.5 -1 -1.5 0.833764 -0.0371916 0.31433 1.35765e+09
0 -0.5 -1.5 0.826498 -0.04272 0.289039 9.35528e+08
0.5 0 -1.5 0.841688 0.0254055 0.261716 7.54445e+08
0 0.5 -1.5 0.834012 0.0203961 0.238554 5.08653e+08
0.5 1 -1.5 0.841258 0.0803858 0.213623 3.9433e+08
0 1.5 -1.5 0.834399 0.0749836 0.191988 2.62925e+08
1 -1.5 -1.5 0.84065 -0.0253199 0.337008 1.9088e+09
1.5 -1 -1.5 0.856209 0.0490632 0.300968 1.55604e+09
1 -0.5 -1.5 0.849416 0.0339973 0.2828 1.09903e+09
1.5 0 -1.5 0.855952 0.0993854 0.24987 8.51633e+08
1 0.5 -1.5 0.848711 0.0879352 0.233056 5.84523e+08
1.5 1 -1.5 0.849565 0.144268 0.202851 4.37914e+08
1 1.5 -1.5 0.843113 0.134586 0.187022 2.96124e+08
2 -1.5 -1.5 0.860541 0.0743337 0.315356 2.1075e+09
2.5 -1 -1.5 0.864236 0.145479 0.272843 1.64658e+09
2 -0.5 -1.5 0.861741 0.117416 0.263366 1.20831e+09
2.5 0 -1.5 0.859583 0.178811 0.224351 9.01966e+08
2 0.5 -1.5 0.855537 0.158199 0.215476 6.3655e+08
2.5 1 -1.5 0.850112 0.21032 0.179587 4.61965e+08
2 1.5 -1.5 0.846051 0.194421 0.170967 3.19003e+08
-2.25 -0.75 -1.25 0.729919 -0.470422 0.348307 4.02687e+08
-2.25 0.25 -1.25 0.785148 -0.406088 0.292046 2.28177e+08
-2.25 1.25 -1.25 0.824423 -0.344199 0.240555 1.22329e+08
-1.75 -1.25 -1.25 0.706006 -0.476574 0.390539 5.81639e+08
-1.25 -0.75 -1.25 0.749443 -0.415103 0.371778 4.88208e+08
-1.75 -0.25 -1.25 0.767722 -0.411902 0.332038 3.36572e+08
-1.25 0.25 -1.25 0.797282 -0.354323 0.315212 2.68363e+08
-1.75 0.75 -1.25 0.811156 -0.350583 0.277998 1.82143e+08
-1.25 1.25 -1.25 0.831074 -0.296568 0.262357 1.40072e+08
-0.75 -1.25 -1.25 0.731411 -0.4142 0.410644 6.90706e+08
-0.25 -0.75 -1.25 0.770104 -0.350243 0.387642 5.52746e+08
-0.75 -0.25 -1.25 0.783285 -0.354707 0.351936 3.89461e+08
-0.25 0.25 -1.25 0.808821 -0.296648 0.33005 2.97756e+08
-0.75 0.75 -1.25 0.819745 -0.298702 0.29664 2.05666e+08
-0.25 1.25 -1.25 0.836399 -0.245449 0.275291 1.52673e+08
0.25 -1.25 -1.25 0.759097 -0.338618 0.421543 7.58871e+08
0.75 -0.75 -1.25 0.791336 -0.273464 0.392127 5.81344e+08
0.25 -0.25 -1.25 0.799038 -0.288993 0.362117 4.22344e+08
0.75 0.25 -1.25 0.819815 -0.231306 0.333414 3.11136e+08
0.25 0.75 -1.25 0.827471 -0.241575 0.305247 2.20063e+08
0.75 1.25 -1.25 0.840615 -0.189535 0.276989 1.58441e+08
1.25 -1.25 -1.25 0.786438 -0.246974 0.419322 7.6631e+08
1.75 -0.75 -1.25 0.809973 -0.182195 0.381721 5.65602e+08
1.25 -0.25 -1.25 0.813953 -0.212499 0.359137 4.27834e+08
1.75 0.25 -1.25 0.828703 -0.156106 0.322421 3.05506e+08
1.25 0.75 -1.25 0.833972 -0.177416 0.301163 2.2292e+08
1.75 1.25 -1.25 0.842905 -0.126992 0.265386 1.564e+08
2.25 -1.25 -1.25 0.806666 -0.136819 0.400904 7.09023e+08
2.25 -0.25 -1.25 0.824315 -0.122864 0.340141 4.03685e+08
2.25 0.75 -1.25 0.837157 -0.104069 0.282194 2.1333e+08
-2.5 -1.5 -1 0.695707 -0.194462 0.286076 1.2541e+09
-2.5 -0.5 -1 0.733189 -0.130574 0.23208 7.63232e+08
-2.5 0.5 -1 0.754991 -0.0695694 0.18309 4.34658e+08
-2.5 1.5 -1 0.76668 -0.0143164 0.138274 2.3459e+08
-1.5 -1.5 -1 0.745593 -0.12873 0.296706 1.7431e+09
-2 -1 -1 0.738687 -0.129395 0.264678 1.15875e+09
-1.5 -0.5 -1 0.769045 -0.063354 0.243022 1.0189e+09
-2 0 -1 0.761211 -0.0659759 0.21341 6.67483e+08
-1.5 0.5 -1 0.779448 -0.00336444 0.194539 5.58709e+08
-2 1 -1 0.772137 -0.00845802 0.166943 3.62983e+08
-1.5 1.5 -1 0.782265 0.0490635 0.150085 2.91702e+08
-0.5 -1.5 -1 0.788967 -0.0586399 0.299146 2.30957e+09
-1 -1 -1 0.778398 -0.0612683 0.271741 1.54317e+09
-0.5 -0.5 -1 0.799179 0.00485962 0.246155 1.29909e+09
-1 0 -1 0.788529 0.000933268 0.221008 8.55048e+08
-0.5 0.5 -1 0.799169 0.0614274 0.198278 6.87916e+08
-1 1 -1 0.78978 0.0554757 0.174982 4.49334e+08
-0.5 1.5 -1 0.794158 0.109498 0.154225 3.48744e+08
0.5 -1.5 -1 0.822998 0.0168356 0.290557 2.88158e+09
0 -1 -1 0.810944 0.00948892 0.269583 1.95249e+09
0.5 -0.5 -1 0.822082 0.0742013 0.239086 1.57204e+09
0 0 -1 0.810129 0.0673173 0.219779 1.04542e+09
0.5 0.5 -1 0.813496 0.124582 0.192254 8.09173e+08
0 1 -1 0.803053 0.116859 0.174387 5.33387e+08
0.5 1.5 -1 0.802162 0.166729 0.148979 4.00582e+08
1.5 -1.5 -1 0.844434 0.0998366 0.268171 3.33527e+09
1 -1 -1 0.834026 0.084029 0.255533 2.32363e+09
1.5 -0.5 -1 0.835766 0.146004 0.219336 1.79104e+09
1 0 -1 0.824785 0.133679 0.207442 1.21413e+09
1.5 0.5 -1 0.821312 0.186989 0.174397 9.0583e+08
1 1 -1 0.811389 0.175954 0.163267 6.06011e+08
1.5 1.5 -1 0.805666 0.221447 0.132689 4.41356e+08
2.5 -1.5 -1 0.849102 0.192606 0.23005 3.5266e+09
2 -1 -1 0.844694 0.164404 0.227122 2.56954e+09
2.5 -0.5 -1 0.837398 0.222301 0.184834 1.90179e+09
2 0 -1 0.830628 0.201563 0.181817 1.3305e+09
2.5 0.5 -1 0.820708 0.250369 0.142929 9.59328e+08
2 1 -1 0.81363 0.233979 0.139855 6.56758e+08
2.5 1.5 -1 0.803373 0.275073 0.103927 4.6488e+08
-2.25 -1.25 -0.75 0.728475 -0.487708 0.313108 7.96167e+08
-2.25 -0.25 -0.75 0.779321 -0.428448 0.254041 4.47914e+08
-2.25 0.75 -0.75 0.814046 -0.372962 0.201536 2.37966e+08
-1.25 -1.25 -0.75 0.747854 -0.436027 0.332923 9.75418e+08
-1.75 -0.75 -0.75 0.764025 -0.433234 0.293712 6.66321e+08
-1.25 -0.25 -0.75 0.790637 -0.379756 0.274702 5.301e+08
-1.75 0.25 -0.75 0.802624 -0.377289 0.238289 3.57028e+08
-1.25 0.75 -0.75 0.819178 -0.32804 0.221754 2.73295e+08
-1.75 1.25 -0.75 0.828993 -0.32493 0.188079 1.82943e+08
-0.25 -1.25 -0.75 0.767273 -0.375205 0.344683 1.11e+09
-0.75 -0.75 -0.75 0.778549 -0.379574 0.310388 7.75546e+08
-0.25 -0.25 -0.75 0.800148 -0.325499 0.286598 5.89267e+08
-0.75 0.25 -0.75 0.809432 -0.328469 0.254721 4.04132e+08
-0.25 0.75 -0.75 0.821819 -0.279832 0.232537 2.9778e+08
-0.75 1.25 -0.75 0.8303 -0.280886 0.203142 2.02449e+08
0.75 -1.25 -0.75 0.785955 -0.302509 0.344272 1.16636e+09
0.25 -0.75 -0.75 0.792036 -0.317619 0.316746 8.41812e+08
0.75 -0.25 -0.75 0.8079 -0.263535 0.286161 6.14487e+08
0.25 0.25 -0.75 0.8142 -0.274519 0.260419 4.31984e+08
0.75 0.75 -0.75 0.822293 -0.226681 0.231134 3.08179e+08
0.25 1.25 -0.75 0.829275 -0.233655 0.207353 2.13702e+08
1.75 -1.25 -0.75 0.800299 -0.214864 0.327851 1.12655e+09
1.25 -0.75 -0.75 0.803333 -0.244634 0.308913 8.49414e+08
1.75 -0.25 -0.75 0.812251 -0.191184 0.27011 5.99992e+08
1.25 0.25 -0.75 0.81663 -0.21322 0.252321 4.35936e+08
1.75 0.75 -0.75 0.819861 -0.166346 0.215172 3.0282e+08
1.25 1.25 -0.75 0.825929 -0.181471 0.198567 2.1538e+08
2.25 -0.75 -0.75 0.80833 -0.157774 0.283745 7.9449e+08
2.25 0.25 -0.75 0.814551 -0.141985 0.22796 4.14563e+08
2.25 1.25 -0.75 0.819081 -0.122148 0.175101 2.07035e+08
-2.5 -1 -0.5 0.693055 -0.0574189 0.224958 1.59703e+09
-2.5 0 -0.5 0.707971 -0.00647948 0.173755 9.04484e+08
-2.5 1 -0.5 0.713379 0.0405424 0.12728 4.85658e+08
-2 -1.5 -0.5 0.705874 -0.0507784 0.255735 2.45963e+09
-1.5 -1 -0.5 0.734293 0.00860498 0.230161 2.17265e+09
-2 -0.5 -0.5 0.71992 0.00162773 0.202738 1.40465e+09
-1.5 0 -0.5 0.736026 0.0599184 0.180539 1.18033e+09
-2 0.5 -0.5 0.72346 0.0508671 0.154703 7.58805e+08
-1.5 1 -0.5 0.731102 0.105083 0.13517 6.1153e+08
-2 1.5 -0.5 0.721314 0.0938417 0.110635 3.90924e+08
-1 -1.5 -0.5 0.750949 0.0147196 0.255682 3.34317e+09
-0.5 -1 -0.5 0.768185 0.0747513 0.226079 2.81719e+09
-1 -0.5 -0.5 0.751024 0.0677736 0.204456 1.82825e+09
-0.5 0 -0.5 0.758307 0.124088 0.17818 1.47242e+09
-1 0.5 -0.5 0.74349 0.115132 0.157809 9.51329e+08
-0.5 1 -0.5 0.744561 0.16577 0.133998 7.38923e+08
-1 1.5 -0.5 0.733032 0.154897 0.11459 4.75258e+08
0 -1.5 -0.5 0.786783 0.081686 0.244915 4.30403e+09
0.5 -1 -0.5 0.793251 0.140751 0.210327 3.45479e+09
0 -0.5 -0.5 0.775172 0.132328 0.195856 2.2656e+09
0.5 0 -0.5 0.774406 0.185359 0.164563 1.7502e+09
0 0.5 -0.5 0.75852 0.175783 0.150812 1.1413e+09
0.5 1 -0.5 0.753889 0.222001 0.121968 8.56064e+08
0 1.5 -0.5 0.741362 0.211179 0.108733 5.55587e+08
1 -1.5 -0.5 0.811029 0.151163 0.220893 5.18188e+09
1.5 -1 -0.5 0.807516 0.207811 0.180598 3.9659e+09
1 -0.5 -0.5 0.791279 0.19544 0.174712 2.65709e+09
1.5 0 -0.5 0.783327 0.244351 0.137734 1.97281e+09
1 0.5 -0.5 0.768231 0.232741 0.131822 1.30715e+09
1.5 1 -0.5 0.758638 0.274236 0.0975071 9.48992e+08
1 1.5 -0.5 0.746323 0.262676 0.091541 6.24154e+08
2 -1.5 -0.5 0.820674 0.225422 0.181423 5.74454e+09
2.5 -1 -0.5 0.807976 0.278136 0.135164 4.20748e+09
2 -0.5 -0.5 0.797439 0.258563 0.139072 2.92423e+09
2.5 0 -0.5 0.783002 0.302754 0.0962211 2.09287e+09
2 0.5 -0.5 0.771487 0.287048 0.0992659 1.42314e+09
2.5 1 -0.5 0.757395 0.323794 0.059457 1.00237e+09
2 1.5 -0.5 0.74721 0.310234 0.0617792 6.72409e+08
-2.25 -0.75 -0.25 0.771773 -0.439608 0.211827 9.05801e+08
-2.25 0.25 -0.25 0.799693 -0.392216 0.156401 4.78272e+08
-2.25 1.25 -0.25 0.817737 -0.3484 0.10716 2.4211e+08
-1.75 -1.25 -0.25 0.759897 -0.442065 0.251041 1.35765e+09
-1.25 -0.75 -0.25 0.782162 -0.393942 0.228048 1.07868e+09
-1.75 -0.25 -0.25 0.791145 -0.393802 0.192607 7.21917e+08
-1.25 0.25 -0.25 0.802996 -0.350199 0.173309 5.50648e+08
-1.75 0.75 -0.25 0.810336 -0.350236 0.140636 3.66655e+08
-1.25 1.25 -0.25 0.815658 -0.310272 0.123441 2.71454e+08
-0.75 -1.25 -0.25 0.773188 -0.391821 0.262221 1.58904e+09
-0.25 -0.75 -0.25 0.789193 -0.343087 0.234647 1.20015e+09
-0.75 -0.25 -0.25 0.795821 -0.348085 0.204825 8.18561e+08
-0.25 0.25 -0.25 0.802291 -0.304992 0.179915 5.98939e+08
-0.75 0.75 -0.25 0.808645 -0.309055 0.152457 4.05384e+08
-0.25 1.25 -0.25 0.809629 -0.269942 0.129021 2.90286e+08
0.25 -1.25 -0.25 0.783765 -0.333701 0.261968 1.72446e+09
0.75 -0.75 -0.25 0.792749 -0.284613 0.227608 1.24682e+09
0.25 -0.25 -0.25 0.796858 -0.297333 0.205238 8.72692e+08
0.75 0.25 -0.25 0.797945 -0.254583 0.17302 6.16945e+08
0.25 0.75 -0.25 0.803196 -0.26446 0.152305 4.2625e+08
0.75 1.25 -0.25 0.800165 -0.225793 0.121618 2.97022e+08
1.25 -1.25 -0.25 0.790211 -0.264681 0.245973 1.73019e+09
1.75 -0.75 -0.25 0.791099 -0.215508 0.203238 1.20826e+09
1.25 -0.25 -0.25 0.793985 -0.23895 0.190332 8.75613e+08
1.75 0.25 -0.25 0.789367 -0.196418 0.149919 6.02261e+08
1.25 0.75 -0.25 0.79418 -0.214348 0.137677 4.27192e+08
1.75 1.25 -0.25 0.787178 -0.175793 0.0994652 2.91157e+08
2.25 -1.25 -0.25 0.788068 -0.181734 0.210858 1.60111e+09
2.25 -0.25 -0.25 0.785052 -0.170129 0.157391 8.25918e+08
2.25 0.75 -0.25 0.780631 -0.156358 0.106734 4.07962e+08
-2.5 -1.5 0 0.641955 0.0401231 0.220118 3.57867e+09
-2.5 -0.5 0 0.646768 0.0795911 0.165952 2.01536e+09
-2.5 0.5 0 0.643529 0.118153 0.116347 1.07886e+09
-2.5 1.5 0 0.636091 0.15168 0.0705993 5.50401e+08
-1.5 -1.5 0 0.690589 0.102413 0.218173 4.96302e+09
-2 -1 0 0.667005 0.0916123 0.193401 3.16497e+09
-1.5 -0.5 0 0.680843 0.144004 0.166865 2.6704e+09
-2 0 0 0.660624 0.131772 0.142871 1.69978e+09
-1.5 0.5 0 0.66605 0.181813 0.11938 1.37533e+09
-2 1 0 0.649529 0.167579 0.0960876 8.72697e+08
-1.5 1.5 0 0.64994 0.213223 0.0748569 6.7999e+08
-0.5 -1.5 0 0.730258 0.164065 0.205281 6.54475e+09
-1 -1 0 0.704187 0.154783 0.187828 4.18631e+09
-0.5 -0.5 0 0.708158 0.205664 0.157024 3.37491e+09
-1 0 0 0.685633 0.194496 0.139882 2.15813e+09
-0.5 0.5 0 0.6838 0.241097 0.111799 1.67899e+09
-1 1 0 0.665358 0.22796 0.09482 1.07198e+09
-0.5 1.5 0 0.660751 0.269318 0.0687725 8.08015e+08
0.5 -1.5 0 0.759316 0.224277 0.179138 8.12581e+09
0 -1 0 0.73313 0.215417 0.17028 5.25659e+09
0.5 -0.5 0 0.728424 0.263218 0.134285 4.05152e+09
0 0 0 0.705021 0.25277 0.12515 2.61575e+09
0.5 0.5 0 0.69717 0.294805 0.0917327 1.96063e+09
0 1 0 0.677644 0.282728 0.08216 1.26365e+09
0.5 1.5 0 0.669087 0.319143 0.0508409 9.23632e+08
1.5 -1.5 0 0.775605 0.284056 0.137721 9.37358e+09
1 -1 0 0.752717 0.273104 0.138665 6.21758e+09
1.5 -0.5 0 0.740611 0.316775 0.0969012 4.59118e+09
1 0 0 0.718617 0.305898 0.0968373 3.01736e+09
1.5 0.5 0 0.705765 0.342883 0.0577542 2.18416e+09
1 1 0 0.686592 0.33137 0.0566078 1.42822e+09
1.5 1.5 0 0.674786 0.362738 0.0199424 1.01457e+09
2.5 -1.5 0 0.77577 0.34582 0.0797642 9.88857e+09
2 -1 0 0.760806 0.329088 0.0913923 6.85227e+09
2.5 -0.5 0 0.742272 0.367881 0.0438573 4.864e+09
2 0 0 0.725131 0.35451 0.053672 3.29412e+09
2.5 0.5 0 0.707862 0.386346 0.00909813 2.30854e+09
2 1 0 0.691402 0.374329 0.0171678 1.54343e+09
2.5 1.5 0 0.67659 0.40083 -0.0245291 1.06766e+09
-2.25 -1.25 0.25 0.766197 -0.430416 0.169155 1.90084e+09
-2.25 -0.25 0.25 0.784953 -0.392464 0.109123 1.0009e+09
-2.25 0.75 0.25 0.794091 -0.358697 0.0562128 5.04508e+08
-1.25 -1.25 0.25 0.776464 -0.385921 0.179368 2.27897e+09
-1.75 -0.75 0.25 0.780769 -0.390001 0.144944 1.51772e+09
-1.25 -0.25 0.25 0.787009 -0.351895 0.121291 1.15529e+09
-1.75 0.25 0.25 0.790444 -0.356139 0.0894615 7.66684e+08
-1.25 0.75 0.25 0.789633 -0.322288 0.0687875 5.65331e+08
-1.75 1.25 0.25 0.793843 -0.32593 0.0391937 3.74102e+08
-0.25 -1.25 0.25 0.781652 -0.336442 0.178564 2.53633e+09
-0.75 -0.75 0.25 0.783947 -0.345601 0.151217 1.72336e+09
-0.25 -0.25 0.25 0.783312 -0.307974 0.12191 1.25295e+09
-0.75 0.25 0.25 0.78609 -0.316418 0.0965459 8.4619e+08
-0.25 0.75 0.25 0.779581 -0.283149 0.0694332 6.01726e+08
-0.75 1.25 0.25 0.784008 -0.290329 0.0458392 4.04433e+08
0.75 -1.25 0.25 0.78125 -0.279584 0.16226 2.6208e+09
0.25 -0.75 0.25 0.781585 -0.296139 0.144145 1.82985e+09
0.75 -0.25 0.25 0.774153 -0.258462 0.107275 1.28193e+09
0.25 0.25 0.25 0.776257 -0.272782 0.0901772 8.84653e+08
0.75 0.75 0.25 0.764585 -0.239361 0.0554179 6.11321e+08
0.25 1.25 0.25 0.76919 -0.251241 0.0393156 4.18291e+08
1.75 -1.25 0.25 0.773377 -0.212481 0.126399 2.51545e+09
1.25 -0.75 0.25 0.773335 -0.238916 0.119729 1.82154e+09
1.75 -0.25 0.25 0.759127 -0.200807 0.0743373 1.24049e+09
1.25 0.25 0.25 0.761313 -0.222932 0.0674247 8.79642e+08
1.75 0.75 0.25 0.744929 -0.188871 0.0247271 5.94507e+08
1.25 1.25 0.25 0.750049 -0.206838 0.0176781 4.15511e+08
2.25 -0.75 0.25 0.757161 -0.171457 0.0751054 1.70066e+09
2.25 0.25 0.25 0.740674 -0.164755 0.0263435 8.32838e+08
2.25 1.25 0.25 0.726666 -0.155528 -0.0202491 3.96912e+08
-2.5 -1 0.5 0.581382 0.184146 0.164038 4.85654e+09
-2.5 0 0.5 0.567547 0.215625 0.110821 2.59891e+09
-2.5 1 0.5 0.550536 0.244173 0.0610329 1.32998e+09
-2 -1.5 0.5 0.612388 0.19851 0.189909 7.71096e+09
-1.5 -1 0.5 0.623982 0.2449 0.158655 6.54185e+09
-2 -0.5 0.5 0.593848 0.23098 0.136517 4.12477e+09
-1.5 0 0.5 0.597796 0.276878 0.108693 3.35679e+09
-2 0.5 0.5 0.572468 0.261372 0.0864387 2.1175e+09
-1.5 1 0.5 0.571544 0.304023 0.0610321 1.66075e+09
-2 1.5 0.5 0.550751 0.286355 0.038954 1.04163e+09
-1 -1.5 0.5 0.657916 0.256923 0.176635 1.03787e+10
-0.5 -1 0.5 0.658948 0.302453 0.140968 8.38516e+09
-1 -0.5 0.5 0.626667 0.290672 0.127087 5.30892e+09
-0.5 0 0.5 0.622887 0.333428 0.0944786 4.14306e+09
-1 0.5 0.5 0.595575 0.319678 0.0798039 2.62921e+09
-0.5 1 0.5 0.589463 0.358052 0.0492867 1.99077e+09
-1 1.5 0.5 0.566936 0.3424 0.0340692 1.25796e+09
0 -1.5 0.5 0.693846 0.311852 0.14979 1.32159e+10
0.5 -1 0.5 0.685829 0.354674 0.108808 1.01706e+10
0 -0.5 0.5 0.653254 0.345143 0.104343 6.50563e+09
0.5 0 0.5 0.643267 0.383282 0.0662094 4.87808e+09
0 0.5 0.5 0.615011 0.37167 0.0602621 3.12608e+09
0.5 1 0.5 0.60497 0.404784 0.0241846 2.29082e+09
0 1.5 0.5 0.581318 0.391501 0.0169215 1.46214e+09
1 -1.5 0.5 0.718715 0.362357 0.107416 1.57575e+10
1.5 -1 0.5 0.70325 0.401141 0.0606434 1.1576e+10
1 -0.5 0.5 0.673318 0.39293 0.0664929 7.55824e+09
1.5 0 0.5 0.658331 0.425715 0.0225961 5.45865e+09
1 0.5 0.5 0.63097 0.416123 0.0263058 3.55431e+09
1.5 1 0.5 0.617759 0.443669 -0.0153047 2.52653e+09
1 1.5 0.5 0.594131 0.432856 -0.0136628 1.6352e+09
2 -1.5 0.5 0.729848 0.409651 0.0482825 1.73455e+10
2.5 -1 0.5 0.708085 0.443404 -0.00407515 1.22127e+10
2 -0.5 0.5 0.685105 0.434225 0.0125751 8.26331e+09
2.5 0 0.5 0.665743 0.461438 -0.0367161 5.76375e+09
2 0.5 0.5 0.642293 0.452945 -0.0228238 3.84971e+09
2.5 1 0.5 0.626079 0.475026 -0.0694598 2.65973e+09
2 1.5 0.5 0.604502 0.466381 -0.0582914 1.75612e+09
-2.25 -0.75 0.75 0.774728 -0.364745 0.0724901 2.19441e+09
-2.25 0.25 0.75 0.774158 -0.339937 0.0143116 1.107e+09
-2.25 1.25 0.75 0.768589 -0.318469 -0.0385822 5.38003e+08
-1.75 -1.25 0.75 0.776378 -0.355702 0.107805 3.3379e+09
-1.25 -0.75 0.75 0.777597 -0.320566 0.0778912 2.54353e+09
-1.75 -0.25 0.75 0.775582 -0.331419 0.047196 1.6851e+09
-1.25 0.25 0.75 0.769097 -0.300545 0.0212426 1.24103e+09
-1.75 0.75 0.75 0.768427 -0.310654 -0.00758505 8.20991e+08
-1.25 1.25 0.75 0.757394 -0.283288 -0.031594 5.88553e+08
-0.75 -1.25 0.75 0.78049 -0.306868 0.105749 3.80073e+09
-0.25 -0.75 0.75 0.77338 -0.271969 0.0699028 2.75167e+09
-0.75 -0.25 0.75 0.770668 -0.287828 0.0473149 1.85801e+09
-0.25 0.25 0.75 0.757108 -0.257106 0.014622 1.31458e+09
-0.75 0.75 0.75 0.756658 -0.271663 -0.00684316 8.84535e+08
-0.25 1.25 0.75 0.739916 -0.243927 -0.0379867 6.14618e+08
0.25 -1.25 0.75 0.777578 -0.252216 0.0880773 4.01944e+09
0.75 -0.75 0.75 0.762229 -0.216888 0.0442987 2.79438e+09
0.25 -0.25 0.75 0.758894 -0.23909 0.0319949 1.93049e+09
0.75 0.25 0.75 0.738981 -0.207648 -0.00876216 1.32478e+09
0.25 0.75 0.75 0.738698 -0.227673 -0.0210597 9.08441e+08
0.75 1.25 0.75 0.717244 -0.198722 -0.059974 6.16491e+08
1.25 -1.25 0.75 0.767111 -0.189684 0.0503861 3.96642e+09
1.75 -0.75 0.75 0.743871 -0.153645 -0.00217091 2.67747e+09
1.25 -0.25 0.75 0.740796 -0.183204 -0.00209991 1.90236e+09
1.75 0.25 0.75 0.715422 -0.150735 -0.0511099 1.27665e+09
1.25 0.75 0.75 0.715591 -0.177019 -0.052504 8.9469e+08
1.75 1.25 0.75 0.690483 -0.146636 -0.0989049 5.9645e+08
2.25 -1.25 0.75 0.747069 -0.118422 -0.00999892 3.66195e+09
2.25 -0.25 0.75 0.716168 -0.119332 -0.056813 1.78381e+09
2.25 0.75 0.75 0.688012 -0.119113 -0.102284 8.47462e+08
-2.5 -1.5 1 0.525626 0.297714 0.171632 1.24545e+10
-2.5 -0.5 1 0.500753 0.325273 0.115225 6.68799e+09
-2.5 0.5 1 0.474779 0.35167 0.0620437 3.44717e+09
-2.5 1.5 1 0.44895 0.373089 0.011319 1.69779e+09
-1.5 -1.5 1 0.579021 0.353392 0.161183 1.71078e+10
-2 -1 1 0.537611 0.34028 0.140397 1.06875e+10
-1.5 -0.5 1 0.541425 0.382857 0.109061 8.7739e+09
-2 0 1 0.506161 0.368148 0.0875469 5.50502e+09
-1.5 0.5 1 0.505837 0.408589 0.0589425 4.35778e+09
-2 1 1 0.475806 0.392016 0.0368348 2.73055e+09
-1.5 1.5 1 0.473287 0.428525 0.0100593 2.08551e+09
-0.5 -1.5 1 0.623734 0.405 0.137144 2.23025e+10
-1 -1 1 0.580744 0.395401 0.125824 1.3983e+10
-0.5 -0.5 1 0.576492 0.435088 0.0895918 1.09728e+10
-1 0 1 0.539365 0.423024 0.0767995 6.92327e+09
-0.5 0.5 1 0.533704 0.459103 0.0429206 5.27723e+09
-1 1 1 0.501948 0.44505 0.0287045 3.33075e+09
-0.5 1.5 1 0.496243 0.476773 -0.00354586 2.46551e+09
0.5 -1.5 1 0.65883 0.44996 0.0972366 2.73778e+10
0 -1 1 0.616784 0.444235 0.0965925 1.73623e+10
0.5 -0.5 1 0.606174 0.479278 0.0546717 1.30467e+10
0 0 1 0.568606 0.470623 0.0518311 8.31645e+09
0.5 0.5 1 0.558963 0.501082 0.0121726 6.11946e+09
0 1 1 0.526273 0.490259 0.00703966 3.90211e+09
0.5 1.5 1 0.518297 0.51637 -0.0308866 2.80637e+09
1.5 -1.5 1 0.68225 0.487881 0.0400177 3.12862e+10
1 -1 1 0.644987 0.484834 0.0508617 2.03356e+10
1.5 -0.5 1 0.62932 0.514306 0.00306669 1.46698e+10
1 0 1 0.593791 0.509103 0.0110455 9.52094e+09
1.5 0.5 1 0.58089 0.533491 -0.0343162 6.77876e+09
1 1 1 0.548811 0.526297 -0.0294304 4.38794e+09
1.5 1.5 1 0.53884 0.546589 -0.0727558 3.07229e+09
2.5 -1.5 1 0.689971 0.520959 -0.0346917 3.27754e+10
2 -1 1 0.662792 0.517463 -0.0121168 2.22435e+10
2.5 -0.5 1 0.642658 0.541052 -0.0652429 1.54531e+10
2 0 1 0.613081 0.538111 -0.0461482 1.03334e+10
2.5 0.5 1 0.596952 0.556526 -0.0965499 7.13413e+09
2 1 1 0.568157 0.552733 -0.0811941 4.72291e+09
2.5 1.5 1 0.55587 0.567364 -0.129206 3.22444e+09
-2.25 -1.25 1.25 0.762322 -0.242907 0.042743 6.74349e+09
-2.25 -0.25 1.25 0.750427 -0.219679 -0.0204832 3.42367e+09
-2.25 0.75 1.25 0.733575 -0.199346 -0.0774234 1.67324e+09
-1.25 -1.25 1.25 0.771073 -0.180625 0.0467308 7.97001e+09
-1.75 -0.75 1.25 0.760117 -0.202041 0.0144306 5.24199e+09
-1.25 -0.25 1.25 0.749929 -0.162883 -0.0136907 3.89207e+09
-1.75 0.25 1.25 0.741128 -0.18271 -0.0442296 2.56224e+09
-1.25 0.75 1.25 0.725772 -0.147652 -0.0696213 1.84825e+09
-1.75 1.25 1.25 0.7198 -0.166502 -0.0991942 1.21303e+09
-0.25 -1.25 1.25 0.772285 -0.111324 0.0364203 8.75526e+09
-0.75 -0.75 1.25 0.760219 -0.139274 0.0135025 5.86433e+09
-0.25 -0.25 1.25 0.742342 -0.0998915 -0.0211679 4.16564e+09
-0.75 0.25 1.25 0.733219 -0.12564 -0.0433629 2.788e+09
-0.25 0.75 1.25 0.711778 -0.0901394 -0.0758752 1.94384e+09
-0.75 1.25 1.25 0.705977 -0.114218 -0.0980116 1.29474e+09
0.75 -1.25 1.25 0.766325 -0.0354983 0.00690869 8.99767e+09
0.25 -0.75 1.25 0.753368 -0.06992 -0.00401133 6.16088e+09
0.75 -0.25 1.25 0.729018 -0.0307973 -0.0468326 4.23315e+09
0.25 0.25 1.25 0.719413 -0.0624627 -0.058485 2.88517e+09
0.75 0.75 1.25 0.69338 -0.0268537 -0.0990081 1.96182e+09
0.25 1.25 1.25 0.687392 -0.0560782 -0.11191 1.32701e+09
1.75 -1.25 1.25 0.752865 0.0443024 -0.0453898 8.70343e+09
1.25 -0.75 1.25 0.74046 0.00492552 -0.0420725 6.12708e+09
1.75 -0.25 1.25 0.710952 0.0423739 -0.0933094 4.11121e+09
1.25 0.25 1.25 0.701341 0.00599202 -0.092452 2.86143e+09
1.75 0.75 1.25 0.672158 0.0405051 -0.140757 1.91047e+09
1.25 1.25 1.25 0.665929 0.00713903 -0.142772 1.3142e+09
2.25 -0.75 1.25 0.721065 0.081759 -0.102575 5.79071e+09
2.25 0.25 1.25 0.679762 0.0767986 -0.146531 2.7299e+09
2.25 1.25 1.25 0.642806 0.0728866 -0.19137 1.26138e+09
-2.5 -1 1.5 0.668204 -0.116304 0.110164 1.68471e+10
-2.5 0 1.5 0.651885 -0.0967948 0.0528266 8.60291e+09
-2.5 1 1.5 0.631766 -0.0793783 0.000886601 4.21366e+09
-2 -1.5 1.5 0.683713 -0.0927079 0.142036 2.61918e+10
-1.5 -1 1.5 0.67996 -0.050262 0.111063 2.06327e+10
-2 -0.5 1.5 0.664863 -0.0752714 0.0835115 1.33577e+10
-1.5 0 1.5 0.654024 -0.0354877 0.0574198 1.01229e+10
-2 0.5 1.5 0.641974 -0.0586828 0.0305575 6.55689e+09
-1.5 1 1.5 0.626651 -0.0226426 0.0075234 4.80898e+09
-2 1.5 1.5 0.6177 -0.0452752 -0.0186719 3.09624e+09
-1 -1.5 1.5 0.697586 -0.021121 0.134631 3.17055e+10
-0.5 -1 1.5 0.684958 0.0212227 0.0995621 2.36467e+10
-1 -0.5 1.5 0.668235 -0.00905412 0.0807164 1.55222e+10
-0.5 0 1.5 0.650534 0.0298881 0.0497318 1.12524e+10
-1 0.5 1.5 0.637502 0.00215324 0.030597 7.38931e+09
-0.5 1 1.5 0.617246 0.037283 0.00202178 5.2309e+09
-1 1.5 1.5 0.607657 0.0110299 -0.017281 3.4123e+09
0 -1.5 1.5 0.704383 0.0556717 0.112943 3.57609e+10
0.5 -1 1.5 0.684121 0.0961887 0.0723998 2.54342e+10
0 -0.5 1.5 0.66604 0.0611443 0.0640053 1.69933e+10
0.5 0 1.5 0.643146 0.0980431 0.0269703 1.18744e+10
0 0.5 1.5 0.628997 0.0660942 0.0170935 7.92336e+09
0.5 1 1.5 0.605491 0.0995491 -0.0177797 5.44987e+09
0 1.5 1.5 0.594944 0.0699591 -0.0288788 3.60709e+09
1 -1.5 1.5 0.704288 0.134816 0.0738549 3.76197e+10
1.5 -1 1.5 0.678008 0.171775 0.02708 2.57304e+10
1 -0.5 1.5 0.659695 0.13335 0.0306341 1.76006e+10
1.5 0 1.5 0.633253 0.166967 -0.0128876 1.19379e+10
1 0.5 1.5 0.618293 0.13182 -0.0121097 8.12111e+09
1.5 1 1.5 0.592988 0.162758 -0.0533781 5.45652e+09
1 1.5 1.5 0.581391 0.130595 -0.0550267 3.67189e+09
2 -1.5 1.5 0.696242 0.212706 0.0154267 3.68505e+10
2.5 -1 1.5 0.665257 0.244575 -0.037365 2.44183e+10
2 -0.5 1.5 0.649583 0.204735 -0.0210571 1.72674e+10
2.5 0 1.5 0.620727 0.233913 -0.0706526 1.14271e+10
2 0.5 1.5 0.606409 0.197278 -0.0582921 7.97166e+09
2.5 1 1.5 0.58017 0.224763 -0.105398 5.25094e+09
2 1.5 1.5 0.568155 0.191388 -0.0966451 3.60586e+09
