449
-2.5 -1 -1.5 0.149454 0.870501 -0.145996 6.90608e+08
-2.5 0 -1.5 0.0731499 0.84527 -0.14561 5.41526e+08
-2.5 1 -1.5 -0.0160035 0.794624 -0.140713 4.00324e+08
-2 -1.5 -1.5 0.0926804 0.889168 -0.156726 8.90785e+08
-1.5 -1 -1.5 -0.0794502 0.870224 -0.165643 8.25791e+08
-2 -0.5 -1.5 -0.00174499 0.867453 -0.157399 7.05316e+08
-1.5 0 -1.5 -0.216662 0.810139 -0.14665 6.23088e+08
-2 0.5 -1.5 -0.11399 0.815568 -0.150795 5.21585e+08
-1.5 1 -1.5 -0.369178 0.70981 -0.11828 4.45253e+08
-2 1.5 -1.5 -0.24365 0.737638 -0.138489 3.66648e+08
-1 -1.5 -1.5 -0.150481 0.850564 -0.170357 8.68084e+08
-0.5 -1 -1.5 -0.371469 0.720107 -0.0701406 6.90648e+08
-1 -0.5 -1.5 -0.311226 0.776818 -0.123752 6.77748e+08
-0.5 0 -1.5 -0.536688 0.543653 0.0421674 5.32932e+08
-1 0.5 -1.5 -0.479886 0.642065 -0.0631026 5.01578e+08
-0.5 1 -1.5 -0.662653 0.297932 0.14663 4.04662e+08
-1 1.5 -1.5 -0.631742 0.458454 -0.00487075 3.61607e+08
0 -1.5 -1.5 -0.361416 0.664185 0.0292999 7.20992e+08
0.5 -1 -1.5 -0.304887 0.485459 0.350375 7.11445e+08
0 -0.5 -1.5 -0.477269 0.464119 0.198926 5.75708e+08
0.5 0 -1.5 -0.257842 0.200389 0.530282 5.84412e+08
0 0.5 -1.5 -0.536962 0.167741 0.354093 4.58882e+08
0.5 1 -1.5 -0.168583 -0.132125 0.621681 4.88141e+08
0 1.5 -1.5 -0.527239 -0.144868 0.432308 3.71309e+08
1 -1.5 -1.5 -0.164845 0.589603 0.427406 1.03889e+09
1.5 -1 -1.5 0.0534303 0.598157 0.542158 1.4065e+09
1 -0.5 -1.5 -0.0184216 0.399145 0.578579 8.73935e+08
1.5 0 -1.5 0.271505 0.417154 0.607993 1.19223e+09
1 0.5 -1.5 0.151995 0.114898 0.669839 7.336e+08
1.5 1 -1.5 0.468608 0.161596 0.615306 9.82485e+08
1 1.5 -1.5 0.290311 -0.187465 0.662216 6.14659e+08
2 -1.5 -1.5 0.0189044 0.71402 0.499755 2.16261e+09
2.5 -1 -1.5 0.152772 0.747268 0.47675 2.72607e+09
2 -0.5 -1.5 0.238807 0.631316 0.5302 1.89294e+09
2.5 0 -1.5 0.371201 0.657007 0.463528 2.31769e+09
2 0.5 -1.5 0.463648 0.461694 0.531621 1.56451e+09
2.5 1 -1.5 0.581566 0.489359 0.429234 1.82437e+09
2 1.5 -1.5 0.648505 0.223124 0.495446 1.22464e+09
-2.25 -0.75 -1.25 -0.0705658 0.965597 -0.0929795 5.04472e+08
-2.25 0.25 -1.25 -0.101412 0.956198 -0.136675 4.19688e+08
-2.25 1.25 -1.25 -0.129851 0.935974 -0.184261 3.19467e+08
-1.75 -1.25 -1.25 -0.153663 0.956434 -0.0834884 6.07164e+08
-1.25 -0.75 -1.25 -0.322726 0.914436 -0.092995 5.52965e+08
-1.75 -0.25 -1.25 -0.205683 0.94491 -0.122362 5.16423e+08
-1.25 0.25 -1.25 -0.410603 0.868833 -0.120681 4.39748e+08
-1.75 0.75 -1.25 -0.265947 0.914927 -0.1666 3.95014e+08
-1.25 1.25 -1.25 -0.509194 0.787716 -0.15061 3.14771e+08
-0.75 -1.25 -1.25 -0.4457 0.857098 -0.0392086 5.14256e+08
-0.25 -0.75 -1.25 -0.658228 0.680164 0.130288 3.97959e+08
-0.75 -0.25 -1.25 -0.554754 0.789623 -0.0295386 4.35403e+08
-0.25 0.25 -1.25 -0.750242 0.510303 0.191919 3.28547e+08
-0.75 0.75 -1.25 -0.667294 0.665428 -0.0241152 3.30989e+08
-0.25 1.25 -1.25 -0.800268 0.267615 0.23244 2.51567e+08
0.25 -1.25 -1.25 -0.651486 0.579748 0.34057 3.72973e+08
0.75 -0.75 -1.25 -0.468193 0.389887 0.672165 3.7738e+08
0.25 -0.25 -1.25 -0.676958 0.38886 0.468657 3.32649e+08
0.75 0.25 -1.25 -0.355102 0.142387 0.764122 3.38176e+08
0.25 0.75 -1.25 -0.646604 0.119609 0.539291 2.79788e+08
0.75 1.25 -1.25 -0.221531 -0.13866 0.753502 2.89454e+08
1.25 -1.25 -1.25 -0.297403 0.483426 0.714394 4.91587e+08
1.75 -0.75 -1.25 -0.0323757 0.492696 0.758368 6.2658e+08
1.25 -0.25 -1.25 -0.113294 0.309329 0.818651 4.47822e+08
1.75 0.25 -1.25 0.18393 0.313205 0.788123 5.41933e+08
1.25 0.75 -1.25 0.0600709 0.0619696 0.828174 3.91515e+08
1.75 1.25 -1.25 0.354201 0.0720602 0.745641 4.44392e+08
2.25 -1.25 -1.25 -0.0776014 0.614511 0.67522 8.84384e+08
2.25 -0.25 -1.25 0.162532 0.52031 0.705027 7.45515e+08
2.25 0.75 -1.25 0.37415 0.334458 0.689329 5.99e+08
-2.5 -1.5 -1 0.295976 0.761189 -0.0555447 1.25736e+09
-2.5 -0.5 -1 0.240486 0.733932 -0.0561948 1.03494e+09
-2.5 0.5 -1 0.174496 0.674667 -0.0490276 8.14894e+08
-2.5 1.5 -1 0.091019 0.58868 -0.0313293 6.11698e+08
-1.5 -1.5 -1 0.157079 0.801265 -0.0735481 1.91379e+09
-2 -1 -1 0.201416 0.779 -0.068919 1.48059e+09
-1.5 -0.5 -1 0.0742353 0.748106 -0.0779959 1.48122e+09
-2 0 -1 0.127817 0.722972 -0.0703415 1.1428e+09
-1.5 0.5 -1 -0.0364656 0.652965 -0.0624806 1.07161e+09
-2 1 -1 0.0306856 0.636735 -0.0563774 8.36657e+08
-1.5 1.5 -1 -0.17376 0.523315 -0.027083 7.45492e+08
-0.5 -1.5 -1 0.0126486 0.719177 -0.0350209 1.94241e+09
-1 -1 -1 0.0287491 0.745513 -0.0702002 1.74894e+09
-0.5 -0.5 -1 -0.0944398 0.598619 0.00869194 1.4635e+09
-1 0 -1 -0.0887962 0.63738 -0.0445058 1.282e+09
-0.5 0.5 -1 -0.211818 0.393556 0.0859201 1.05246e+09
-1 1 -1 -0.228538 0.471081 0.007803 8.98307e+08
-0.5 1.5 -1 -0.316662 0.13019 0.172492 7.54052e+08
0.5 -1.5 -1 0.0428281 0.614714 0.222278 2.31435e+09
0 -1 -1 -0.0313991 0.576344 0.105976 1.72764e+09
0.5 -0.5 -1 0.0895141 0.434699 0.311541 1.78689e+09
0 0 -1 -0.0836405 0.355375 0.202829 1.285e+09
0.5 0.5 -1 0.158763 0.154116 0.402035 1.36413e+09
0 1 -1 -0.114018 0.0532817 0.30444 9.53888e+08
0.5 1.5 -1 0.225586 -0.162094 0.445619 1.05787e+09
1.5 -1.5 -1 0.131325 0.703096 0.390617 4.40057e+09
1 -1 -1 0.164692 0.585112 0.368382 2.79765e+09
1.5 -0.5 -1 0.311642 0.600617 0.405718 3.6277e+09
1 0 -1 0.315207 0.388285 0.423602 2.20241e+09
1.5 0.5 -1 0.502244 0.409845 0.405271 2.84004e+09
1 1 -1 0.458883 0.113887 0.448226 1.70523e+09
1.5 1.5 -1 0.656429 0.150246 0.37835 2.13095e+09
2.5 -1.5 -1 0.142753 0.794439 0.38068 7.25724e+09
2 -1 -1 0.232339 0.730627 0.388503 5.5093e+09
2.5 -0.5 -1 0.324456 0.74575 0.342525 6.23043e+09
2 0 -1 0.43002 0.62174 0.364962 4.46256e+09
2.5 0.5 -1 0.518461 0.626077 0.293956 4.84045e+09
2 1 -1 0.620797 0.432398 0.327489 3.35706e+09
2.5 1.5 -1 0.696226 0.430362 0.238729 3.43372e+09
-2.25 -1.25 -0.75 -0.0372053 0.947557 0.0558417 9.23161e+08
-2.25 -0.25 -0.75 -0.0389312 0.952731 0.000929076 8.20706e+08
-2.25 0.75 -0.75 -0.0337463 0.944709 -0.0580707 6.77437e+08
-1.25 -1.25 -0.75 -0.229875 0.923201 0.0391 1.30988e+09
-1.75 -0.75 -0.75 -0.125798 0.948844 0.0133836 1.11512e+09
-1.25 -0.25 -0.75 -0.264237 0.915351 -0.0148277 1.09564e+09
-1.75 0.25 -0.75 -0.14205 0.941228 -0.0467613 9.09954e+08
-1.25 0.75 -0.75 -0.311864 0.880768 -0.0688871 8.15064e+08
-1.75 1.25 -0.75 -0.161598 0.918085 -0.106151 6.75809e+08
-0.25 -1.25 -0.75 -0.511965 0.748842 0.151246 1.06955e+09
-0.75 -0.75 -0.75 -0.396667 0.854703 0.0455484 1.14396e+09
-0.25 -0.25 -0.75 -0.574338 0.682953 0.149833 8.91828e+08
-0.75 0.25 -0.75 -0.460344 0.804895 0.00982359 8.92729e+08
-0.25 0.75 -0.75 -0.630127 0.544582 0.14939 6.66948e+08
-0.75 1.25 -0.75 -0.533305 0.704041 -0.021342 6.22463e+08
0.75 -1.25 -0.75 -0.476357 0.494524 0.506738 1.0044e+09
0.25 -0.75 -0.75 -0.581984 0.550551 0.346003 8.88583e+08
0.75 -0.25 -0.75 -0.400891 0.356259 0.570631 8.51891e+08
0.25 0.25 -0.75 -0.584666 0.392464 0.38019 7.18678e+08
0.75 0.75 -0.75 -0.293753 0.136547 0.583499 6.83224e+08
0.25 1.25 -0.75 -0.542393 0.160422 0.387001 5.42518e+08
1.75 -1.25 -0.75 -0.199453 0.572138 0.596978 1.64086e+09
1.25 -0.75 -0.75 -0.239113 0.450929 0.628638 1.143e+09
1.75 -0.25 -0.75 0.00177123 0.467634 0.621078 1.32535e+09
1.25 0.25 -0.75 -0.074898 0.276607 0.652544 9.33695e+08
1.75 0.75 -0.75 0.193133 0.27344 0.601092 1.01667e+09
1.25 1.25 -0.75 0.0782289 0.0396522 0.611936 7.24478e+08
2.25 -0.75 -0.75 -0.0360787 0.615799 0.560433 1.84529e+09
2.25 0.25 -0.75 0.177496 0.486792 0.547938 1.39296e+09
2.25 1.25 -0.75 0.363564 0.272497 0.502986 9.88988e+08
-2.5 -1 -0.5 0.379187 0.54981 0.0568697 1.96591e+09
-2.5 0 -0.5 0.325503 0.488865 0.0618802 1.63602e+09
-2.5 1 -0.5 0.258336 0.400115 0.0753621 1.32405e+09
-2 -1.5 -0.5 0.367505 0.634267 0.0423119 3.07655e+09
-1.5 -1 -0.5 0.310512 0.639572 0.0210369 3.6516e+09
-2 -0.5 -0.5 0.327481 0.573889 0.0320383 2.50974e+09
-1.5 0 -0.5 0.257756 0.541975 0.0156341 2.76766e+09
-2 0.5 -0.5 0.26577 0.479852 0.0364927 1.95846e+09
-1.5 1 -0.5 0.169633 0.407934 0.0361412 1.99424e+09
-2 1.5 -0.5 0.173572 0.361946 0.0603627 1.46411e+09
-1 -1.5 -0.5 0.286341 0.676246 0.0293618 4.86583e+09
-0.5 -1 -0.5 0.250044 0.603331 0.0452095 4.7042e+09
-1 -0.5 -0.5 0.246527 0.582643 0.0161195 3.6973e+09
-0.5 0 -0.5 0.212699 0.448026 0.0598132 3.3881e+09
-1 0.5 -0.5 0.175814 0.430951 0.034201 2.6173e+09
-0.5 1 -0.5 0.154173 0.220066 0.111793 2.33966e+09
-1 1.5 -0.5 0.0692894 0.236201 0.0844115 1.80178e+09
0 -1.5 -0.5 0.263402 0.632639 0.111048 6.11154e+09
0.5 -1 -0.5 0.312379 0.586131 0.192639 6.6081e+09
0 -0.5 -0.5 0.278373 0.491453 0.117524 4.537e+09
0.5 0 -0.5 0.397917 0.40395 0.206758 4.8733e+09
0 0.5 -0.5 0.289428 0.265194 0.158135 3.21786e+09
0.5 1 -0.5 0.478539 0.1443 0.233279 3.50734e+09
0 1.5 -0.5 0.288196 -0.0201307 0.215818 2.27754e+09
1 -1.5 -0.5 0.270549 0.690018 0.260737 1.00508e+10
1.5 -1 -0.5 0.330251 0.708435 0.272515 1.20542e+10
1 -0.5 -0.5 0.402968 0.576735 0.244326 7.81468e+09
1.5 0 -0.5 0.494769 0.585907 0.232982 9.25992e+09
1 0.5 -0.5 0.543752 0.381581 0.233691 5.76189e+09
1.5 1 -0.5 0.6531 0.384264 0.193341 6.62677e+09
1 1.5 -0.5 0.655471 0.118684 0.22198 4.10704e+09
2 -1.5 -0.5 0.238125 0.782754 0.295257 1.64087e+10
2.5 -1 -0.5 0.301535 0.792524 0.251463 1.67665e+10
2 -0.5 -0.5 0.398491 0.719221 0.239542 1.34346e+10
2.5 0 -0.5 0.464636 0.712115 0.182754 1.31891e+10
2 0.5 -0.5 0.570333 0.584062 0.180268 9.93147e+09
2.5 1 -0.5 0.630805 0.561062 0.112669 9.24978e+09
2 1.5 -0.5 0.724105 0.371088 0.124912 6.7052e+09
-2.25 -0.75 -0.25 -0.00702339 0.910143 0.165364 1.49456e+09
-2.25 0.25 -0.25 0.0225687 0.916882 0.0932818 1.32946e+09
-2.25 1.25 -0.25 0.0647704 0.907348 0.019674 1.09226e+09
-1.75 -1.25 -0.25 -0.0783717 0.912467 0.174037 2.23152e+09
-1.25 -0.75 -0.25 -0.158563 0.911633 0.123126 2.6312e+09
-1.75 -0.25 -0.25 -0.0594112 0.924555 0.0993522 1.95479e+09
-1.25 0.25 -0.25 -0.158406 0.907352 0.049427 2.0824e+09
-1.75 0.75 -0.25 -0.0389057 0.919512 0.0235195 1.57713e+09
-1.25 1.25 -0.25 -0.164281 0.879681 -0.0194787 1.48663e+09
-0.75 -1.25 -0.25 -0.274481 0.863613 0.167993 3.03091e+09
-0.25 -0.75 -0.25 -0.399558 0.77141 0.189418 2.59891e+09
-0.75 -0.25 -0.25 -0.285202 0.86218 0.10152 2.4704e+09
-0.25 0.25 -0.25 -0.421035 0.722267 0.143796 1.96854e+09
-0.75 0.75 -0.25 -0.308853 0.822443 0.0406201 1.76976e+09
-0.25 1.25 -0.25 -0.437133 0.608481 0.108713 1.3327e+09
0.25 -1.25 -0.25 -0.451304 0.653188 0.308303 2.64706e+09
0.75 -0.75 -0.25 -0.373832 0.545179 0.408873 2.52103e+09
0.25 -0.25 -0.25 -0.446509 0.602959 0.285825 2.13752e+09
0.75 0.25 -0.25 -0.295774 0.432306 0.394093 1.93501e+09
0.25 0.75 -0.25 -0.421044 0.477279 0.26234 1.55208e+09
0.75 1.25 -0.25 -0.193005 0.248251 0.356688 1.38243e+09
1.25 -1.25 -0.25 -0.301579 0.584615 0.457066 3.38288e+09
1.75 -0.75 -0.25 -0.142363 0.612917 0.439252 3.66829e+09
1.25 -0.25 -0.25 -0.175155 0.501838 0.447417 2.62312e+09
1.75 0.25 -0.25 0.0233841 0.492451 0.407346 2.64562e+09
1.25 0.75 -0.25 -0.0363372 0.341368 0.412165 1.90317e+09
1.75 1.25 -0.25 0.17497 0.292698 0.352361 1.78085e+09
2.25 -1.25 -0.25 -0.175713 0.695089 0.415516 4.84605e+09
2.25 -0.25 -0.25 -0.00412052 0.625766 0.379642 3.52822e+09
2.25 0.75 -0.25 0.170939 0.46957 0.330448 2.36635e+09
-2.5 -1.5 0 0.484011 0.314256 0.179637 4.08315e+09
-2.5 -0.5 0 0.43133 0.257078 0.181891 3.45429e+09
-2.5 0.5 0 0.362239 0.176111 0.189176 2.90705e+09
-2.5 1.5 0 0.275589 0.0912188 0.198786 2.44275e+09
-1.5 -1.5 0 0.468722 0.509628 0.128265 8.88726e+09
-2 -1 0 0.466955 0.388124 0.143611 5.55128e+09
-1.5 -0.5 0 0.45694 0.415954 0.104653 7.19242e+09
-2 0 0 0.425299 0.296855 0.137292 4.58884e+09
-1.5 0.5 0 0.413321 0.283552 0.101876 5.52078e+09
-2 1 0 0.359129 0.182771 0.144731 3.67616e+09
-1.5 1.5 0 0.327919 0.12846 0.125837 4.05501e+09
-0.5 -1.5 0 0.434533 0.598606 0.115843 1.55026e+10
-1 -1 0 0.455471 0.519471 0.096411 1.08649e+10
-0.5 -0.5 0 0.46051 0.476167 0.0818754 1.16841e+10
-1 0 0 0.445947 0.384221 0.0786445 8.11955e+09
-0.5 0.5 0 0.465005 0.289448 0.080406 8.20786e+09
-1 1 0 0.398447 0.20015 0.093918 5.74234e+09
-0.5 1.5 0 0.433788 0.0519128 0.115019 5.61222e+09
0.5 -1.5 0 0.406772 0.67203 0.172589 2.50052e+10
0 -1 0 0.456168 0.570848 0.11482 1.68813e+10
0.5 -0.5 0 0.505587 0.553556 0.123446 1.87527e+10
0 0 0 0.512442 0.410305 0.0901798 1.21747e+10
0.5 0.5 0 0.602381 0.36631 0.0962538 1.32285e+10
0 1 0 0.551843 0.179545 0.0985321 8.36283e+09
0.5 1.5 0 0.671532 0.113336 0.0930675 8.98712e+09
1.5 -1.5 0 0.343065 0.767148 0.211613 3.96842e+10
1 -1 0 0.436736 0.682767 0.168577 2.86229e+10
1.5 -0.5 0 0.480703 0.688548 0.136961 3.10102e+10
1 0 0 0.566886 0.551027 0.110892 2.10102e+10
1.5 0.5 0 0.625174 0.541149 0.0674306 2.18598e+10
1 1 0 0.688052 0.345912 0.0694027 1.43677e+10
1.5 1.5 0 0.74875 0.317186 0.0156061 1.40731e+10
2.5 -1.5 0 0.307994 0.812173 0.192533 4.29555e+10
2 -1 0 0.386528 0.771493 0.166023 3.97914e+10
2.5 -0.5 0 0.43809 0.758121 0.10711 3.52263e+10
2 0 0 0.530724 0.676388 0.0829793 2.98183e+10
2.5 0.5 0 0.579949 0.644405 0.0192289 2.51449e+10
2 1 0 0.674841 0.509368 0.00687788 1.98416e+10
2.5 1.5 0 0.714211 0.461261 -0.0573564 1.59226e+10
-2.25 -1.25 0.25 0.0116931 0.828268 0.330345 2.78925e+09
-2.25 -0.25 0.25 0.0515217 0.84929 0.254653 2.5598e+09
-2.25 0.75 0.25 0.108412 0.851362 0.17008 2.20245e+09
-1.25 -1.25 0.25 -0.082051 0.867071 0.272089 5.86641e+09
-1.75 -0.75 0.25 -0.00892202 0.863892 0.259165 3.89872e+09
-1.25 -0.25 0.25 -0.0477598 0.884492 0.183167 4.99749e+09
-1.75 0.25 0.25 0.0370046 0.877382 0.168196 3.42725e+09
-1.25 0.75 0.25 -0.0168896 0.878654 0.0962251 3.87045e+09
-1.75 1.25 0.25 0.0897745 0.868921 0.0795516 2.736e+09
-0.25 -1.25 0.25 -0.251142 0.802271 0.270902 7.54465e+09
-0.75 -0.75 0.25 -0.149473 0.864303 0.217062 6.65998e+09
-0.25 -0.25 0.25 -0.230942 0.803142 0.19583 5.97139e+09
-0.75 0.25 0.25 -0.131454 0.857441 0.134665 5.00291e+09
-0.25 0.75 0.25 -0.215139 0.752734 0.1288 4.07681e+09
-0.75 1.25 0.25 -0.114359 0.817764 0.0618466 3.39837e+09
0.75 -1.25 0.25 -0.283259 0.680807 0.334236 7.96212e+09
0.25 -0.75 0.25 -0.287118 0.722915 0.272256 6.6439e+09
0.75 -0.25 0.25 -0.216628 0.644659 0.27826 6.05828e+09
0.25 0.25 0.25 -0.24921 0.678186 0.210581 4.86444e+09
0.75 0.75 0.25 -0.128451 0.546158 0.217838 4.16761e+09
0.25 1.25 0.25 -0.192125 0.567909 0.156911 3.20069e+09
1.75 -1.25 0.25 -0.185465 0.729087 0.311 1.0568e+10
1.25 -0.75 0.25 -0.179474 0.677207 0.307472 8.05461e+09
1.75 -0.25 0.25 -0.0612324 0.66976 0.247134 7.43511e+09
1.25 0.25 0.25 -0.0702899 0.593688 0.245074 5.61274e+09
1.75 0.75 0.25 0.0660306 0.536699 0.176666 4.74211e+09
1.25 1.25 0.25 0.0387057 0.441652 0.17733 3.58666e+09
2.25 -0.75 0.25 -0.0947442 0.731825 0.24225 9.10679e+09
2.25 0.25 0.25 0.0414505 0.635058 0.169191 6.00248e+09
2.25 1.25 0.25 0.170582 0.463243 0.0949032 3.6259e+09
-2.5 -1 0.5 0.508344 0.0529904 0.273992 8.47181e+09
-2.5 0 0.5 0.426775 -0.0264826 0.281399 7.08993e+09
-2.5 1 0.5 0.328324 -0.0940523 0.286026 6.00103e+09
-2 -1.5 0.5 0.558556 0.214846 0.235383 1.34299e+10
-1.5 -1 0.5 0.569114 0.295516 0.187873 1.83915e+10
-2 -0.5 0.5 0.521413 0.129292 0.224664 1.12513e+10
-1.5 0 0.5 0.548831 0.176937 0.167911 1.50191e+10
-2 0.5 0.5 0.456965 0.021118 0.223933 9.31325e+09
-1.5 1 0.5 0.49642 0.0313483 0.167075 1.17882e+10
-2 1.5 0.5 0.36375 -0.0855377 0.231214 7.62696e+09
-1 -1.5 0.5 0.56632 0.460382 0.174694 3.04894e+10
-0.5 -1 0.5 0.578155 0.495557 0.127581 3.89584e+10
-1 -0.5 0.5 0.590648 0.343169 0.133559 2.4472e+10
-0.5 0 0.5 0.620527 0.342867 0.0873 2.88385e+10
-1 0.5 0.5 0.582012 0.179491 0.115898 1.8379e+10
-0.5 1 0.5 0.633021 0.131276 0.078724 2.0158e+10
-1 1.5 0.5 0.531258 -0.0180471 0.130392 1.31804e+10
0 -1.5 0.5 0.52518 0.625432 0.151778 6.01263e+10
0.5 -1 0.5 0.542528 0.644055 0.114655 7.02295e+10
0 -0.5 0.5 0.607598 0.500214 0.0870058 4.53597e+10
0.5 0 0.5 0.64772 0.50309 0.0456139 5.05391e+10
0 0.5 0.5 0.675559 0.316866 0.0481124 3.17265e+10
0.5 1 0.5 0.736252 0.293771 0.00334291 3.35497e+10
0 1.5 0.5 0.707971 0.0751922 0.0433995 2.12177e+10
1 -1.5 0.5 0.446923 0.746386 0.156409 1.00276e+11
1.5 -1 0.5 0.475867 0.747121 0.100611 9.96879e+10
1 -0.5 0.5 0.568624 0.650555 0.0675782 7.55071e+10
1.5 0 0.5 0.60382 0.635781 0.00666223 7.15064e+10
1 0.5 0.5 0.688521 0.491088 -0.00767112 5.14302e+10
1.5 1 0.5 0.725763 0.452347 -0.0710595 4.53698e+10
1 1.5 0.5 0.781523 0.25733 -0.0532358 3.18401e+10
2 -1.5 0.5 0.396905 0.797195 0.133868 1.10081e+11
2.5 -1 0.5 0.442073 0.7791 0.0675092 8.97322e+10
2 -0.5 0.5 0.515691 0.728085 0.0347989 8.64441e+10
2.5 0 0.5 0.558089 0.692641 -0.0340216 6.70825e+10
2 0.5 0.5 0.642187 0.597204 -0.0610192 5.87141e+10
2.5 1 0.5 0.676015 0.545228 -0.128321 4.36139e+10
2 1.5 0.5 0.755381 0.395686 -0.134632 3.52703e+10
-2.25 -0.75 0.75 0.0951497 0.771218 0.371812 5.42013e+09
-2.25 0.25 0.75 0.153845 0.777898 0.290544 4.63996e+09
-2.25 1.25 0.75 0.208775 0.777456 0.194742 3.98791e+09
-1.75 -1.25 0.75 0.0442934 0.782261 0.384169 8.05409e+09
-1.25 -0.75 0.75 0.0499628 0.82609 0.3027 1.09754e+10
-1.75 -0.25 0.75 0.0975631 0.80736 0.293231 7.26982e+09
-1.25 0.25 0.75 0.106045 0.841426 0.198146 9.38346e+09
-1.75 0.75 0.75 0.17239 0.808615 0.194294 6.04422e+09
-1.25 1.25 0.75 0.16103 0.827553 0.102748 7.16185e+09
-0.75 -1.25 0.75 -0.0224793 0.837953 0.317354 1.67276e+10
-0.25 -0.75 0.75 -0.0640299 0.834295 0.252387 1.748e+10
-0.75 -0.25 0.75 0.0232237 0.853801 0.218684 1.36523e+10
-0.25 0.25 0.75 -0.0172579 0.819111 0.161263 1.24529e+10
-0.75 0.75 0.75 0.0667106 0.833437 0.127321 9.62029e+09
-0.25 1.25 0.75 0.0338611 0.76444 0.0815932 7.96426e+09
0.25 -1.25 0.75 -0.126966 0.792455 0.287912 2.0024e+10
0.75 -0.75 0.75 -0.0923033 0.780674 0.221868 1.89611e+10
0.25 -0.25 0.75 -0.07394 0.788224 0.198704 1.51074e+10
0.75 0.25 0.75 -0.0135389 0.738469 0.131361 1.29613e+10
0.25 0.75 0.75 -0.00807663 0.73322 0.114302 9.84721e+09
0.75 1.25 0.75 0.0712608 0.639532 0.0512678 7.9602e+09
1.25 -1.25 0.75 -0.108242 0.798899 0.230772 2.43231e+10
1.75 -0.75 0.75 -0.0435828 0.790688 0.141191 2.02513e+10
1.25 -0.25 0.75 -0.0199718 0.762141 0.139223 1.67691e+10
1.75 0.25 0.75 0.0559888 0.712793 0.0443319 1.28504e+10
1.25 0.75 0.75 0.0725424 0.666408 0.0471834 1.02352e+10
1.75 1.25 0.75 0.149512 0.570469 -0.042655 7.37607e+09
2.25 -1.25 0.75 -0.0825869 0.809386 0.147455 2.20677e+10
2.25 -0.25 0.75 0.0207578 0.754397 0.0482211 1.49616e+10
2.25 0.75 0.75 0.124199 0.640176 -0.0503488 9.09311e+09
-2.5 -1.5 1 0.57641 -0.0701573 0.317419 2.38055e+10
-2.5 -0.5 1 0.49284 -0.157183 0.323901 1.98341e+10
-2.5 0.5 1 0.385449 -0.22925 0.3325 1.65447e+10
-2.5 1.5 1 0.252124 -0.289686 0.342576 1.38284e+10
-1.5 -1.5 1 0.642472 0.211995 0.237048 4.9692e+10
-2 -1 1 0.601461 0.0205954 0.268962 3.09459e+10
-1.5 -0.5 1 0.631002 0.102687 0.21217 4.10824e+10
-2 0 1 0.525889 -0.0943767 0.270353 2.53332e+10
-1.5 0.5 1 0.580982 -0.0407889 0.20374 3.32232e+10
-2 1 1 0.428228 -0.192658 0.274786 2.07597e+10
-1.5 1.5 1 0.496991 -0.187394 0.21061 2.61819e+10
-0.5 -1.5 1 0.634383 0.503928 0.172757 1.18872e+11
-1 -1 1 0.665104 0.306048 0.179232 6.92308e+10
-0.5 -0.5 1 0.696788 0.380503 0.109452 9.49089e+10
-1 0 1 0.676057 0.164951 0.143702 5.54168e+10
-0.5 0.5 1 0.731183 0.196014 0.0706106 6.85485e+10
-1 1 1 0.658835 -0.0133931 0.128074 4.24601e+10
-0.5 1.5 1 0.73229 -0.0286247 0.0618737 4.81788e+10
0.5 -1.5 1 0.548184 0.707153 0.136243 2.42628e+11
0 -1 1 0.644636 0.563434 0.109518 1.5553e+11
0.5 -0.5 1 0.660533 0.591077 0.0433045 1.80068e+11
0 0 1 0.729204 0.411345 0.0401673 1.14245e+11
0.5 0.5 1 0.760434 0.414648 -0.0308318 1.20881e+11
0 1 1 0.785872 0.191775 0.00103344 7.62377e+10
0.5 1.5 1 0.822459 0.168728 -0.0687201 7.32434e+10
1.5 -1.5 1 0.483213 0.779528 0.100319 2.86382e+11
1 -1 1 0.566165 0.71314 0.0678712 2.49337e+11
1.5 -0.5 1 0.597608 0.69156 -0.00714873 2.15535e+11
1 0 1 0.683718 0.582451 -0.029869 1.73677e+11
1.5 0.5 1 0.713287 0.539678 -0.104839 1.40255e+11
1 1 1 0.786474 0.375942 -0.103502 1.05512e+11
1.5 1.5 1 0.80713 0.314177 -0.169431 8.01057e+10
2.5 -1.5 1 0.468921 0.786417 0.061954 2.12922e+11
2 -1 1 0.52314 0.755995 0.0264833 2.30466e+11
2.5 -0.5 1 0.563594 0.72032 -0.0466402 1.70247e+11
2 0 1 0.633215 0.65088 -0.0821035 1.64392e+11
2.5 0.5 1 0.664827 0.600307 -0.154073 1.16277e+11
2 1 1 0.739626 0.48188 -0.175339 1.0188e+11
2.5 1.5 1 0.758423 0.419667 -0.240754 6.97706e+10
-2.25 -1.25 1.25 0.157594 0.668465 0.430867 1.66865e+10
-2.25 -0.25 1.25 0.198706 0.672936 0.359803 1.44851e+10
-2.25 0.75 1.25 0.232612 0.678053 0.273824 1.26016e+10
-1.25 -1.25 1.25 0.151135 0.72651 0.37133 3.26652e+10
-1.75 -0.75 1.25 0.172766 0.710048 0.360842 2.23382e+10
-1.25 -0.25 1.25 0.194659 0.738749 0.278617 2.8827e+10
-1.75 0.25 1.25 0.222905 0.694423 0.279646 1.83332e+10
-1.25 0.75 1.25 0.26456 0.716283 0.181115 2.27573e+10
-1.75 1.25 1.25 0.255797 0.682768 0.185154 1.52244e+10
-0.25 -1.25 1.25 0.121627 0.80912 0.290853 6.46978e+10
-0.75 -0.75 1.25 0.186632 0.772961 0.280631 4.2923e+10
-0.25 -0.25 1.25 0.181635 0.787947 0.193747 4.75487e+10
-0.75 0.25 1.25 0.221504 0.768218 0.180661 3.46228e+10
-0.25 0.75 1.25 0.253916 0.713649 0.102769 3.06305e+10
-0.75 1.25 1.25 0.267043 0.706044 0.0978507 2.34089e+10
0.75 -1.25 1.25 0.135132 0.830944 0.195118 8.02075e+10
0.25 -0.75 1.25 0.163054 0.792935 0.200226 5.91713e+10
0.75 -0.25 1.25 0.226489 0.783445 0.0921801 5.51303e+10
0.25 0.25 1.25 0.239852 0.737551 0.0995736 4.04117e+10
0.75 0.75 1.25 0.320408 0.676004 -0.0064664 3.29252e+10
0.25 1.25 1.25 0.323093 0.637875 0.0158388 2.53463e+10
1.75 -1.25 1.25 0.144551 0.843811 0.0938636 7.41057e+10
1.25 -0.75 1.25 0.191695 0.819696 0.0879716 6.76685e+10
1.75 -0.25 1.25 0.247846 0.778702 -0.0159088 4.95034e+10
1.25 0.25 1.25 0.291994 0.732185 -0.0177547 4.20676e+10
1.75 0.75 1.25 0.347577 0.655701 -0.118535 2.91988e+10
1.25 1.25 1.25 0.381197 0.579688 -0.102756 2.32973e+10
2.25 -0.75 1.25 0.195846 0.812492 -0.000875621 5.28774e+10
2.25 0.25 1.25 0.298059 0.719639 -0.113052 3.38483e+10
2.25 1.25 1.25 0.391822 0.569283 -0.209956 1.94956e+10
-2.5 -1 1.5 0.357066 0.188571 0.369688 5.11787e+10
-2.5 0 1.5 0.33388 0.170116 0.339559 4.36991e+10
-2.5 1 1.5 0.278343 0.144604 0.312069 3.62459e+10
-2 -1.5 1.5 0.394624 0.298352 0.341747 7.76097e+10
-1.5 -1 1.5 0.418282 0.390152 0.278652 1.0263e+11
-2 -0.5 1.5 0.377872 0.267158 0.309562 6.55338e+10
-1.5 0 1.5 0.407978 0.334718 0.237865 8.38791e+10
-2 0.5 1.5 0.365985 0.228584 0.269237 5.4316e+10
-1.5 1 1.5 0.415611 0.272835 0.18728 6.69263e+10
-2 1.5 1.5 0.315648 0.174074 0.238956 4.34203e+10
-1 -1.5 1.5 0.399255 0.508996 0.271772 1.60419e+11
-0.5 -1 1.5 0.427813 0.581762 0.197431 2.15362e+11
-1 -0.5 1.5 0.446943 0.469344 0.204697 1.35138e+11
-0.5 0 1.5 0.491612 0.515382 0.119381 1.70358e+11
-1 0.5 1.5 0.456178 0.380596 0.15309 1.05952e+11
-0.5 1 1.5 0.543227 0.377093 0.0580967 1.17048e+11
-1 1.5 1.5 0.488229 0.266926 0.100472 7.76448e+10
0 -1.5 1.5 0.38834 0.704009 0.200432 3.39173e+11
0.5 -1 1.5 0.415626 0.736556 0.120191 3.70391e+11
0 -0.5 1.5 0.477781 0.627379 0.109218 2.58677e+11
0.5 0 1.5 0.517419 0.635851 0.0218051 2.54132e+11
0 0.5 1.5 0.551686 0.502203 0.0316252 1.73477e+11
0.5 1 1.5 0.583319 0.472488 -0.0524597 1.43452e+11
0 1.5 1.5 0.616739 0.345975 -0.0297066 1.08461e+11
1 -1.5 1.5 0.332876 0.794855 0.146053 4.3085e+11
1.5 -1 1.5 0.364536 0.776904 0.0677496 3.34553e+11
1 -0.5 1.5 0.439999 0.723523 0.0386411 3.098e+11
1.5 0 1.5 0.472084 0.68172 -0.0407808 2.21845e+11
1 0.5 1.5 0.541274 0.593547 -0.0591032 1.90145e+11
1.5 1 1.5 0.567595 0.524536 -0.131513 1.27293e+11
1 1.5 1.5 0.608055 0.398852 -0.1211 1.00183e+11
2 -1.5 1.5 0.295901 0.80451 0.100942 3.21398e+11
2.5 -1 1.5 0.336594 0.773256 0.0276428 2.23645e+11
2 -0.5 1.5 0.401901 0.739876 -0.00909881 2.34392e+11
2.5 0 1.5 0.437573 0.690074 -0.0827844 1.5462e+11
2 0.5 1.5 0.504296 0.622145 -0.115245 1.46888e+11
2.5 1 1.5 0.530284 0.554648 -0.184589 9.35041e+10
2 1.5 1.5 0.588091 0.444796 -0.196505 8.12721e+10
