449
-2.5 -1 -1.5 -0.332588 -0.0289532 0.461499 3.23467e+10
-2.5 0 -1.5 -0.365864 -0.0295096 0.46582 3.59212e+10
-2.5 1 -1.5 -0.390081 -0.0335823 0.466674 3.89179e+10
-2 -1.5 -1.5 -0.283764 0.0289705 0.494056 2.37295e+10
-1.5 -1 -1.5 -0.278247 0.0830617 0.531493 2.00078e+10
-2 -0.5 -1.5 -0.32781 0.0363303 0.49571 2.65632e+10
-1.5 0 -1.5 -0.324878 0.0930576 0.524823 2.22291e+10
-2 0.5 -1.5 -0.365526 0.0391832 0.490865 2.92466e+10
-1.5 1 -1.5 -0.362786 0.100637 0.512821 2.43098e+10
-2 1.5 -1.5 -0.392586 0.0412487 0.48378 3.14137e+10
-1 -1.5 -1.5 -0.223782 0.1117 0.569481 1.53979e+10
-0.5 -1 -1.5 -0.223651 0.149654 0.606301 1.34839e+10
-1 -0.5 -1.5 -0.275564 0.129475 0.564438 1.7151e+10
-0.5 0 -1.5 -0.273389 0.168568 0.594456 1.49514e+10
-1 0.5 -1.5 -0.321184 0.142336 0.550915 1.89552e+10
-0.5 1 -1.5 -0.316493 0.182999 0.574348 1.65288e+10
-1 1.5 -1.5 -0.35749 0.153077 0.532239 2.07388e+10
0 -1.5 -1.5 -0.176224 0.155117 0.647419 1.08489e+10
0.5 -1 -1.5 -0.178406 0.17992 0.685961 9.79854e+09
0 -0.5 -1.5 -0.224306 0.180633 0.64035 1.19817e+10
0.5 0 -1.5 -0.225505 0.204153 0.671385 1.08231e+10
0 0.5 -1.5 -0.271321 0.19962 0.621658 1.32868e+10
0.5 1 -1.5 -0.26921 0.223191 0.645423 1.20538e+10
0 1.5 -1.5 -0.31072 0.215739 0.594755 1.47619e+10
1 -1.5 -1.5 -0.135783 0.168554 0.729421 8.20916e+09
1.5 -1 -1.5 -0.140069 0.182041 0.768587 7.608e+09
1 -0.5 -1.5 -0.181745 0.197757 0.721072 8.97489e+09
1.5 0 -1.5 -0.18618 0.208906 0.751638 8.34724e+09
1 0.5 -1.5 -0.227199 0.220618 0.698504 9.95182e+09
1.5 1 -1.5 -0.229441 0.230795 0.720483 9.32723e+09
1 1.5 -1.5 -0.267077 0.240149 0.664757 1.11791e+10
2 -1.5 -1.5 -0.0995116 0.158783 0.811531 6.62085e+09
2.5 -1 -1.5 -0.106033 0.162787 0.848458 6.26707e+09
2 -0.5 -1.5 -0.146051 0.189187 0.8025 7.14453e+09
2.5 0 -1.5 -0.153635 0.190634 0.829669 6.80671e+09
2 0.5 -1.5 -0.191695 0.214056 0.776271 7.8933e+09
2.5 1 -1.5 -0.198108 0.214189 0.7936 7.59845e+09
2 1.5 -1.5 -0.232196 0.235664 0.736034 8.92388e+09
-2.25 -0.75 -1.25 -0.177021 -0.415277 0.548556 1.1348e+10
-2.25 0.25 -1.25 -0.160692 -0.380606 0.574049 1.18969e+10
-2.25 1.25 -1.25 -0.144306 -0.339049 0.590417 1.21126e+10
-1.75 -1.25 -1.25 -0.180763 -0.406898 0.556582 8.63508e+09
-1.25 -0.75 -1.25 -0.164005 -0.365045 0.596769 7.10811e+09
-1.75 -0.25 -1.25 -0.161184 -0.370627 0.583945 9.12499e+09
-1.25 0.25 -1.25 -0.142993 -0.322811 0.615448 7.43785e+09
-1.75 0.75 -1.25 -0.14378 -0.327919 0.600731 9.4434e+09
-1.25 1.25 -1.25 -0.124168 -0.275357 0.624393 7.69079e+09
-0.75 -1.25 -1.25 -0.170113 -0.360435 0.611999 5.6198e+09
-0.25 -0.75 -1.25 -0.149444 -0.319049 0.65439 4.79473e+09
-0.75 -0.25 -1.25 -0.144474 -0.320649 0.633656 5.93e+09
-0.25 0.25 -1.25 -0.120965 -0.275058 0.668383 5.04338e+09
-0.75 0.75 -1.25 -0.121321 -0.274209 0.644537 6.19698e+09
-0.25 1.25 -1.25 -0.0954746 -0.225403 0.671237 5.30035e+09
0.25 -1.25 -1.25 -0.160006 -0.317514 0.676272 3.95456e+09
0.75 -0.75 -1.25 -0.13265 -0.275977 0.722035 3.48711e+09
0.25 -0.25 -1.25 -0.124296 -0.275956 0.694688 4.15741e+09
0.75 0.25 -1.25 -0.0945509 -0.231686 0.732033 3.67755e+09
0.25 0.75 -1.25 -0.0930861 -0.228833 0.700508 4.38999e+09
0.75 1.25 -1.25 -0.0609676 -0.182364 0.728543 3.92298e+09
1.25 -1.25 -1.25 -0.145318 -0.273903 0.748954 2.98707e+09
1.75 -0.75 -1.25 -0.111125 -0.231529 0.795653 2.71329e+09
1.25 -0.25 -1.25 -0.10073 -0.232895 0.764302 3.12857e+09
1.75 0.25 -1.25 -0.0648222 -0.188714 0.800922 2.86467e+09
1.25 0.75 -1.25 -0.0606331 -0.186712 0.76455 3.3292e+09
1.75 1.25 -1.25 -0.0236987 -0.1419 0.789877 3.09368e+09
2.25 -1.25 -1.25 -0.124787 -0.227003 0.824156 2.40846e+09
2.25 -0.25 -1.25 -0.0731792 -0.18767 0.835876 2.50913e+09
2.25 0.75 -1.25 -0.0260362 -0.144146 0.82934 2.68445e+09
-2.5 -1.5 -1 -0.273345 -0.160265 0.466646 5.10555e+10
-2.5 -0.5 -1 -0.286681 -0.142989 0.483876 5.63929e+10
-2.5 0.5 -1 -0.300289 -0.129856 0.492648 6.06945e+10
-2.5 1.5 -1 -0.309311 -0.119551 0.497558 6.30378e+10
-1.5 -1.5 -1 -0.230993 -0.0590799 0.537906 3.18856e+10
-2 -1 -1 -0.263567 -0.0935655 0.508919 4.20221e+10
-1.5 -0.5 -1 -0.258986 -0.0344545 0.543965 3.51135e+10
-2 0 -1 -0.285483 -0.074502 0.514967 4.58882e+10
-1.5 0.5 -1 -0.28388 -0.0117962 0.54147 3.79609e+10
-2 1 -1 -0.303842 -0.0565971 0.514644 4.87861e+10
-1.5 1.5 -1 -0.303819 0.00909186 0.533632 4.02752e+10
-0.5 -1.5 -1 -0.195366 0.00620421 0.610159 2.16493e+10
-1 -1 -1 -0.226257 -0.00806909 0.576737 2.72932e+10
-0.5 -0.5 -1 -0.222163 0.0372587 0.611979 2.36768e+10
-1 0 -1 -0.255004 0.01883 0.57485 2.979e+10
-0.5 0.5 -1 -0.250032 0.0651344 0.602859 2.57686e+10
-1 1 -1 -0.2801 0.0434441 0.565067 3.21238e+10
-0.5 1.5 -1 -0.273492 0.0911361 0.586011 2.78847e+10
0.5 -1.5 -1 -0.162407 0.0434302 0.687897 1.58258e+10
0 -1 -1 -0.1908 0.0449608 0.650227 1.9149e+10
0.5 -0.5 -1 -0.186294 0.0778776 0.687279 1.71758e+10
0 0 -1 -0.217563 0.0761475 0.644388 2.08818e+10
0.5 0.5 -1 -0.2121 0.108436 0.673525 1.87683e+10
0 1 -1 -0.243492 0.104325 0.627921 2.27863e+10
0.5 1.5 -1 -0.235186 0.136992 0.649243 2.06368e+10
1.5 -1.5 -1 -0.130385 0.0590398 0.769424 1.23679e+10
1 -1 -1 -0.157362 0.0716522 0.729627 1.4403e+10
1.5 -0.5 -1 -0.152778 0.0943072 0.766998 1.32908e+10
1 0 -1 -0.181612 0.104733 0.720572 1.56574e+10
1.5 0.5 -1 -0.176786 0.125832 0.748769 1.45336e+10
1 1 -1 -0.205751 0.134558 0.698295 1.72234e+10
1.5 1.5 -1 -0.198748 0.154968 0.717339 1.61706e+10
2.5 -1.5 -1 -0.0978672 0.0582895 0.848638 1.02687e+10
2 -1 -1 -0.12519 0.0783993 0.810549 1.15311e+10
2.5 -0.5 -1 -0.12116 0.09286 0.845012 1.08984e+10
2 0 -1 -0.148715 0.111627 0.798486 1.24583e+10
2.5 0.5 -1 -0.145185 0.124103 0.822436 1.18816e+10
2 1 -1 -0.171945 0.141657 0.77033 1.3761e+10
2.5 1.5 -1 -0.166915 0.152986 0.783882 1.33096e+10
-2.25 -1.25 -0.75 -0.236566 -0.318794 0.508805 1.45173e+10
-2.25 -0.25 -0.75 -0.23553 -0.294818 0.533077 1.54778e+10
-2.25 0.75 -0.75 -0.234867 -0.266736 0.547485 1.60349e+10
-1.25 -1.25 -0.75 -0.202922 -0.273128 0.569504 9.30411e+09
-1.75 -0.75 -0.75 -0.217782 -0.280674 0.550829 1.19284e+10
-1.25 -0.25 -0.75 -0.200788 -0.239216 0.587062 9.88215e+09
-1.75 0.25 -0.75 -0.217308 -0.248226 0.566046 1.25254e+10
-1.25 0.75 -0.75 -0.198718 -0.200757 0.594777 1.03024e+10
-1.75 1.25 -0.75 -0.21699 -0.213163 0.572604 1.28711e+10
-0.25 -1.25 -0.75 -0.181136 -0.236923 0.633101 6.41412e+09
-0.75 -0.75 -0.75 -0.187364 -0.235839 0.60984 7.88941e+09
-0.25 -0.25 -0.75 -0.169044 -0.196741 0.647863 6.7735e+09
-0.75 0.25 -0.75 -0.182147 -0.196367 0.620207 8.30916e+09
-0.25 0.75 -0.75 -0.160311 -0.15329 0.651089 7.1309e+09
-0.75 1.25 -0.75 -0.177153 -0.153371 0.620959 8.67191e+09
0.75 -1.25 -0.75 -0.161228 -0.203872 0.704976 4.72843e+09
0.25 -0.75 -0.75 -0.162116 -0.200008 0.676482 5.60707e+09
0.75 -0.25 -0.75 -0.139203 -0.162185 0.717518 4.97631e+09
0.25 0.25 -0.75 -0.147041 -0.156896 0.683744 5.91784e+09
0.75 0.75 -0.75 -0.121269 -0.116907 0.716219 5.28171e+09
0.25 1.25 -0.75 -0.134819 -0.110323 0.678893 6.27024e+09
1.75 -1.25 -0.75 -0.138618 -0.171669 0.782442 3.7191e+09
1.25 -0.75 -0.75 -0.136723 -0.167444 0.751001 4.25602e+09
1.75 -0.25 -0.75 -0.108751 -0.13051 0.79235 3.8941e+09
1.25 0.25 -0.75 -0.112601 -0.124071 0.754581 4.50022e+09
1.75 0.75 -0.75 -0.083127 -0.0863235 0.785324 4.16034e+09
1.25 1.25 -0.75 -0.0924156 -0.0775911 0.74325 4.83275e+09
2.25 -0.75 -0.75 -0.10896 -0.135354 0.827597 3.43671e+09
2.25 0.25 -0.75 -0.0781584 -0.0935869 0.826479 3.63277e+09
2.25 1.25 -0.75 -0.0518448 -0.0496357 0.807325 3.94265e+09
-2.5 -1 -0.5 -0.262494 -0.215086 0.474478 7.10116e+10
-2.5 0 -0.5 -0.266223 -0.195061 0.491176 7.67221e+10
-2.5 1 -0.5 -0.270162 -0.177052 0.500449 7.96703e+10
-2 -1.5 -0.5 -0.243838 -0.172548 0.498876 5.33489e+10
-1.5 -1 -0.5 -0.236263 -0.112503 0.540824 4.49842e+10
-2 -0.5 -0.5 -0.256362 -0.146952 0.513609 5.84145e+10
-1.5 0 -0.5 -0.252839 -0.0837934 0.546152 4.85597e+10
-2 0.5 -0.5 -0.267476 -0.122498 0.519717 6.20767e+10
-1.5 1 -0.5 -0.267156 -0.0563608 0.544044 5.12204e+10
-2 1.5 -0.5 -0.27673 -0.100445 0.520257 6.40201e+10
-1 -1.5 -0.5 -0.214828 -0.0897336 0.569474 3.52294e+10
-0.5 -1 -0.5 -0.207815 -0.0420744 0.610537 3.06669e+10
-1 -0.5 -0.5 -0.230856 -0.0576562 0.577323 3.83177e+10
-0.5 0 -0.5 -0.224879 -0.00841737 0.61048 3.31147e+10
-1 0.5 -0.5 -0.248524 -0.0267176 0.5749 4.10523e+10
-0.5 1 -0.5 -0.241711 0.02367 0.600871 3.54624e+10
-1 1.5 -0.5 -0.262965 0.00271952 0.565735 4.33286e+10
0 -1.5 -0.5 -0.186394 -0.0357265 0.644218 2.5006e+10
0.5 -1 -0.5 -0.177831 0.00158093 0.687062 2.24135e+10
0 -0.5 -0.5 -0.200571 0.00057027 0.648452 2.70234e+10
0.5 0 -0.5 -0.192256 0.0376669 0.683236 2.41875e+10
0 0.5 -0.5 -0.217145 0.0346633 0.640765 2.91495e+10
0.5 1 -0.5 -0.207345 0.0717987 0.667437 2.62075e+10
0 1.5 -0.5 -0.231832 0.0677507 0.623628 3.13856e+10
1 -1.5 -0.5 -0.157462 -0.00392589 0.724549 1.89854e+10
1.5 -1 -0.5 -0.147044 0.0246041 0.768225 1.74624e+10
1 -0.5 -0.5 -0.168755 0.0339056 0.726383 2.0357e+10
1.5 0 -0.5 -0.159194 0.0612343 0.760881 1.87845e+10
1 0.5 -0.5 -0.182736 0.0692816 0.713854 2.20499e+10
1.5 1 -0.5 -0.172194 0.0956629 0.738791 2.05237e+10
1 1.5 -0.5 -0.195627 0.103275 0.689246 2.41311e+10
2 -1.5 -0.5 -0.126111 0.0110151 0.806527 1.53378e+10
2.5 -1 -0.5 -0.115022 0.0325197 0.847803 1.44264e+10
2 -0.5 -0.5 -0.136868 0.0486377 0.806357 1.62827e+10
2.5 0 -0.5 -0.127019 0.0683773 0.837108 1.54228e+10
2 0.5 -0.5 -0.149317 0.083793 0.788844 1.76498e+10
2.5 1 -0.5 -0.139214 0.10196 0.808577 1.69155e+10
2 1.5 -0.5 -0.160866 0.117089 0.756469 1.95434e+10
-2.25 -0.75 -0.25 -0.291983 -0.211845 0.490403 1.73073e+10
-2.25 0.25 -0.25 -0.304931 -0.196045 0.503297 1.82935e+10
-2.25 1.25 -0.25 -0.316545 -0.180163 0.509448 1.86952e+10
-1.75 -1.25 -0.25 -0.254976 -0.194709 0.517505 1.33796e+10
-1.25 -0.75 -0.25 -0.238988 -0.161761 0.559355 1.13436e+10
-1.75 -0.25 -0.25 -0.271545 -0.173084 0.531093 1.43464e+10
-1.25 0.25 -0.25 -0.252831 -0.131741 0.566273 1.19831e+10
-1.75 0.75 -0.25 -0.284601 -0.148092 0.536707 1.49432e+10
-1.25 1.25 -0.25 -0.26339 -0.0999474 0.565602 1.24164e+10
-0.75 -1.25 -0.25 -0.214286 -0.160925 0.586559 9.11751e+09
-0.25 -0.75 -0.25 -0.199965 -0.128047 0.628557 7.92834e+09
-0.75 -0.25 -0.25 -0.223059 -0.126018 0.597311 9.68346e+09
-0.25 0.25 -0.25 -0.205054 -0.0892042 0.63271 8.37702e+09
-0.75 0.75 -0.25 -0.232996 -0.0900913 0.597983 1.01669e+10
-0.25 1.25 -0.25 -0.210551 -0.0486717 0.626658 8.81217e+09
0.25 -1.25 -0.25 -0.184334 -0.134072 0.659332 6.59395e+09
0.75 -0.75 -0.25 -0.167008 -0.102159 0.704048 5.89194e+09
0.25 -0.25 -0.25 -0.182845 -0.0941213 0.668434 6.97573e+09
0.75 0.25 -0.25 -0.162557 -0.0602249 0.705385 6.23891e+09
0.25 0.75 -0.25 -0.18405 -0.0523503 0.665318 7.38267e+09
0.75 1.25 -0.25 -0.160143 -0.0162795 0.693656 6.65611e+09
1.25 -1.25 -0.25 -0.15713 -0.111876 0.738107 5.07357e+09
1.75 -0.75 -0.25 -0.135553 -0.0812193 0.783767 4.65184e+09
1.25 -0.25 -0.25 -0.146527 -0.0702811 0.745439 5.34024e+09
1.75 0.25 -0.25 -0.123533 -0.0390159 0.781346 4.92699e+09
1.25 0.75 -0.25 -0.13953 -0.0270942 0.737539 5.6939e+09
1.75 1.25 -0.25 -0.114688 0.00459443 0.762598 5.32123e+09
2.25 -1.25 -0.25 -0.128198 -0.0916604 0.818387 4.14042e+09
2.25 -0.25 -0.25 -0.111815 -0.0509703 0.823165 4.33223e+09
2.25 0.75 -0.25 -0.0989107 -0.008849 0.809253 4.64151e+09
-2.5 -1.5 0 -0.260023 -0.269199 0.45132 7.58217e+10
-2.5 -0.5 0 -0.25745 -0.244942 0.474802 8.27234e+10
-2.5 0.5 0 -0.255864 -0.224254 0.489175 8.66656e+10
-2.5 1.5 0 -0.255731 -0.206713 0.49722 8.68738e+10
-1.5 -1.5 0 -0.234479 -0.168658 0.525137 4.9508e+10
-2 -1 0 -0.248305 -0.200972 0.499085 6.36713e+10
-1.5 -0.5 0 -0.242237 -0.138007 0.538425 5.36835e+10
-2 0 0 -0.254367 -0.173837 0.511149 6.81674e+10
-1.5 0.5 0 -0.252161 -0.107291 0.541785 5.6682e+10
-2 1 0 -0.259628 -0.148428 0.515982 7.03695e+10
-1.5 1.5 0 -0.260261 -0.0784807 0.539052 5.82783e+10
-0.5 -1.5 0 -0.209072 -0.0990465 0.599107 3.44127e+10
-1 -1 0 -0.226029 -0.11346 0.568215 4.26695e+10
-0.5 -0.5 0 -0.218184 -0.0626627 0.607065 3.70841e+10
-1 0 0 -0.236812 -0.079799 0.572899 4.56836e+10
-0.5 0.5 0 -0.229544 -0.0273112 0.604145 3.94897e+10
-1 1 0 -0.247705 -0.0467552 0.568889 4.79956e+10
-0.5 1.5 0 -0.239209 0.00750478 0.59303 4.15876e+10
0.5 -1.5 0 -0.182825 -0.0533233 0.678082 2.5493e+10
0 -1 0 -0.199402 -0.0543777 0.642671 3.04757e+10
0.5 -0.5 0 -0.188744 -0.014266 0.683055 2.72932e+10
0 0 0 -0.209016 -0.0169903 0.642784 3.26606e+10
0.5 0.5 0 -0.19781 0.023378 0.675029 2.92692e+10
0 1 0 -0.219298 0.0193352 0.632248 3.48282e+10
0.5 1.5 0 -0.205881 0.0605699 0.656226 3.14522e+10
1.5 -1.5 0 -0.153031 -0.0262342 0.76132 2.0084e+10
1 -1 0 -0.170282 -0.0177576 0.723181 2.31694e+10
1.5 -0.5 0 -0.157161 0.0136027 0.763785 2.13295e+10
1 0 0 -0.176774 0.0210741 0.719518 2.48117e+10
1.5 0.5 0 -0.163567 0.0517491 0.750545 2.29658e+10
1 1 0 -0.184536 0.058651 0.702538 2.67794e+10
1.5 1.5 0 -0.169527 0.0887378 0.723737 2.50827e+10
2.5 -1.5 0 -0.119965 -0.0124534 0.842609 1.67654e+10
2 -1 0 -0.138492 0.00205803 0.805685 1.86886e+10
2.5 -0.5 0 -0.124118 0.0266501 0.843098 1.76249e+10
2 0 0 -0.14355 0.0407906 0.798187 1.99436e+10
2.5 0.5 0 -0.129621 0.0639471 0.824467 1.89803e+10
2 1 0 -0.149393 0.0778254 0.774354 2.16953e+10
2.5 1.5 0 -0.134412 0.0996589 0.789325 2.09538e+10
-2.25 -1.25 0.25 -0.329745 -0.129755 0.449011 1.69723e+10
-2.25 -0.25 0.25 -0.358612 -0.127071 0.459267 1.84285e+10
-2.25 0.75 0.25 -0.379874 -0.121896 0.464738 1.91974e+10
-1.25 -1.25 0.25 -0.264248 -0.0928647 0.532191 1.1616e+10
-1.75 -0.75 0.25 -0.30838 -0.101019 0.497193 1.45362e+10
-1.25 -0.25 0.25 -0.290168 -0.0683185 0.538946 1.24282e+10
-1.75 0.25 0.25 -0.335809 -0.0861906 0.501439 1.54344e+10
-1.25 0.75 0.25 -0.314364 -0.0446827 0.537628 1.30254e+10
-1.75 1.25 0.25 -0.356385 -0.0715255 0.500823 1.58855e+10
-0.25 -1.25 0.25 -0.218359 -0.0679536 0.610302 8.31398e+09
-0.75 -0.75 0.25 -0.250327 -0.0640239 0.575371 1.01051e+10
-0.25 -0.25 0.25 -0.235371 -0.03314 0.615534 8.84869e+09
-0.75 0.25 0.25 -0.272274 -0.0335166 0.576402 1.06977e+10
-0.25 0.75 0.25 -0.252552 0.00194158 0.610538 9.33607e+09
-0.75 1.25 0.25 -0.291654 -0.00263565 0.56954 1.11647e+10
0.75 -1.25 0.25 -0.182708 -0.0514469 0.691213 6.28955e+09
0.25 -0.75 0.25 -0.20524 -0.0397367 0.654189 7.39839e+09
0.75 -0.25 0.25 -0.18943 -0.0115018 0.695378 6.65675e+09
0.25 0.25 0.25 -0.21811 -0.00193679 0.652876 7.84606e+09
0.75 0.75 0.25 -0.198465 0.028422 0.686289 7.08012e+09
0.25 1.25 0.25 -0.230424 0.0366945 0.640756 8.30939e+09
1.75 -1.25 0.25 -0.149306 -0.040633 0.774838 5.03263e+09
1.25 -0.75 0.25 -0.166939 -0.0250464 0.736588 5.73226e+09
1.75 -0.25 0.25 -0.149145 0.000553999 0.777207 5.29519e+09
1.25 0.25 0.25 -0.171314 0.0158799 0.732341 6.08239e+09
1.75 0.75 0.25 -0.151586 0.0419915 0.762884 5.66481e+09
1.25 1.25 0.25 -0.177012 0.0574079 0.713891 6.52939e+09
2.25 -0.75 0.25 -0.130986 -0.0160189 0.818893 4.69243e+09
2.25 0.25 0.25 -0.130013 0.0250301 0.810665 4.97403e+09
2.25 1.25 0.25 -0.131128 0.0663 0.784688 5.39427e+09
-2.5 -1 0.5 -0.260483 -0.285916 0.449681 7.81666e+10
-2.5 0 0.5 -0.254765 -0.263229 0.468956 8.30574e+10
-2.5 1 0.5 -0.250644 -0.244127 0.480722 8.38403e+10
-2 -1.5 0.5 -0.254314 -0.244542 0.474916 6.12295e+10
-1.5 -1 0.5 -0.24389 -0.182682 0.522086 5.2807e+10
-2 -0.5 0.5 -0.252846 -0.217117 0.494146 6.6269e+10
-1.5 0 0.5 -0.248379 -0.151022 0.53155 5.60948e+10
-2 0.5 0.5 -0.254395 -0.189474 0.503448 6.89745e+10
-1.5 1 0.5 -0.253769 -0.119862 0.532825 5.77583e+10
-2 1.5 0.5 -0.256918 -0.165457 0.506717 6.89299e+10
-1 -1.5 0.5 -0.231042 -0.159367 0.551532 4.23871e+10
-0.5 -1 0.5 -0.221001 -0.1078 0.596519 3.7284e+10
-1 -0.5 0.5 -0.236063 -0.124331 0.563066 4.55898e+10
-0.5 0 0.5 -0.227584 -0.0705559 0.600057 3.96765e+10
-1 0.5 0.5 -0.243177 -0.0897344 0.564501 4.79002e+10
-0.5 1 0.5 -0.234717 -0.0337825 0.594113 4.15688e+10
-1 1.5 0.5 -0.249063 -0.0555249 0.558748 4.9214e+10
0 -1.5 0.5 -0.207156 -0.0995442 0.630236 3.08905e+10
0.5 -1 0.5 -0.194119 -0.0575545 0.676291 2.78124e+10
0 -0.5 0.5 -0.210274 -0.0603935 0.637878 3.30301e+10
0.5 0 0.5 -0.197808 -0.0175302 0.675712 2.96326e+10
0 0.5 0.5 -0.216711 -0.0217744 0.633667 3.50315e+10
0.5 1 0.5 -0.20282 0.0220662 0.663248 3.15394e+10
0 1.5 0.5 -0.221952 0.0170148 0.620085 3.68807e+10
1 -1.5 0.5 -0.179395 -0.0607567 0.713826 2.38314e+10
1.5 -1 0.5 -0.16333 -0.0265423 0.760259 2.19658e+10
1 -0.5 0.5 -0.179972 -0.0195277 0.718506 2.53141e+10
1.5 0 0.5 -0.164516 0.0144308 0.755616 2.33787e+10
1 0.5 0.5 -0.183238 0.0207734 0.70904 2.70396e+10
1.5 1 0.5 -0.166715 0.0544137 0.736232 2.51731e+10
1 1.5 0.5 -0.185972 0.0607607 0.687436 2.90542e+10
2 -1.5 0.5 -0.147071 -0.0373848 0.798733 1.94609e+10
2.5 -1 0.5 -0.129131 -0.00922741 0.842491 1.83213e+10
2 -0.5 0.5 -0.146678 0.00410072 0.800934 2.04995e+10
2.5 0 0.5 -0.129583 0.0311606 0.833857 1.94193e+10
2 0.5 0.5 -0.147915 0.0442737 0.785784 2.19692e+10
2.5 1 0.5 -0.130518 0.0700782 0.807089 2.10531e+10
2 1.5 0.5 -0.148757 0.0832736 0.755486 2.39719e+10
-2.25 -0.75 0.75 -0.392156 -0.0558408 0.418898 1.65553e+10
-2.25 0.25 0.75 -0.426981 -0.0615187 0.421833 1.76901e+10
-2.25 1.25 0.75 -0.451452 -0.070811 0.423596 1.80728e+10
-1.75 -1.25 0.75 -0.331724 -0.0356131 0.46503 1.33076e+10
-1.25 -0.75 0.75 -0.315317 -0.0110117 0.512734 1.16981e+10
-1.75 -0.25 0.75 -0.370203 -0.0265822 0.468079 1.43712e+10
-1.25 0.25 0.75 -0.34996 0.00662026 0.511124 1.24209e+10
-1.75 0.75 0.75 -0.403417 -0.020394 0.466079 1.50411e+10
-1.25 1.25 0.75 -0.379355 0.0236058 0.504315 1.28596e+10
-0.75 -1.25 0.75 -0.266323 -0.00811372 0.554751 9.57482e+09
-0.25 -0.75 0.75 -0.25434 0.0167637 0.599536 8.53126e+09
-0.75 -0.25 0.75 -0.299326 0.0173386 0.555935 1.02653e+10
-0.25 0.25 0.75 -0.282161 0.0469953 0.595388 9.06631e+09
-0.75 0.75 0.75 -0.329068 0.0419167 0.549352 1.08007e+10
-0.25 1.25 0.75 -0.306032 0.0771118 0.583128 9.5229e+09
0.25 -1.25 0.75 -0.217862 0.00686306 0.640814 7.18268e+09
0.75 -0.75 0.75 -0.205526 0.029864 0.685963 6.52743e+09
0.25 -0.25 0.75 -0.240358 0.042314 0.641358 7.64892e+09
0.75 0.25 0.75 -0.224345 0.0671685 0.679486 6.93871e+09
0.25 0.75 0.75 -0.262948 0.0761257 0.630924 8.11273e+09
0.75 1.25 0.75 -0.242059 0.104335 0.661294 7.39668e+09
1.25 -1.25 0.75 -0.177083 0.0122149 0.727916 5.66324e+09
1.75 -0.75 0.75 -0.163293 0.0329586 0.7727 5.25547e+09
1.25 -0.25 0.75 -0.1913 0.0520915 0.727308 5.99372e+09
1.75 0.25 0.75 -0.175736 0.0732265 0.762919 5.58349e+09
1.25 0.75 0.75 -0.206781 0.0909889 0.7123 6.39906e+09
1.75 1.25 0.75 -0.188544 0.113018 0.73765 6.02281e+09
2.25 -1.25 0.75 -0.138745 0.0116161 0.813575 4.69884e+09
2.25 -0.25 0.75 -0.148475 0.0526002 0.811167 4.93846e+09
2.25 0.75 0.75 -0.159628 0.0927525 0.790439 5.29475e+09
-2.5 -1.5 1 -0.27299 -0.319533 0.417833 6.5797e+10
-2.5 -0.5 1 -0.259945 -0.295561 0.443848 7.08807e+10
-2.5 0.5 1 -0.252316 -0.273639 0.459348 7.25757e+10
-2.5 1.5 1 -0.249229 -0.256055 0.468276 7.01258e+10
-1.5 -1.5 1 -0.252005 -0.222075 0.499704 4.69489e+10
-2 -1 1 -0.259734 -0.253536 0.470604 5.79301e+10
-1.5 -0.5 1 -0.251916 -0.189602 0.515257 5.04116e+10
-2 0 1 -0.256402 -0.225749 0.485415 6.10118e+10
-1.5 0.5 1 -0.253882 -0.15773 0.521276 5.22e+10
-2 1 1 -0.255363 -0.198945 0.492122 6.14571e+10
-1.5 1.5 1 -0.256254 -0.126973 0.520682 5.21563e+10
-0.5 -1.5 1 -0.230426 -0.148119 0.580336 3.42146e+10
-1 -1 1 -0.241534 -0.164381 0.547557 4.14285e+10
-0.5 -0.5 1 -0.231432 -0.109984 0.590649 3.65402e+10
-1 0 1 -0.244855 -0.128632 0.554599 4.37584e+10
-0.5 0.5 1 -0.235895 -0.0717985 0.589972 3.8275e+10
-1 1 1 -0.249066 -0.0934942 0.553056 4.49436e+10
-0.5 1.5 1 -0.239206 -0.03298 0.581178 3.93592e+10
0.5 -1.5 1 -0.205122 -0.0968967 0.66444 2.60548e+10
0 -1 1 -0.217677 -0.0998207 0.627673 3.06615e+10
0.5 -0.5 1 -0.203848 -0.0551733 0.671165 2.76726e+10
0 0 1 -0.219865 -0.0596835 0.629888 3.24768e+10
0.5 0.5 1 -0.205554 -0.0135846 0.665104 2.92818e+10
0 1 1 -0.223287 -0.0191941 0.621514 3.40167e+10
0.5 1.5 1 -0.206349 0.0285028 0.648447 3.08682e+10
1.5 -1.5 1 -0.174535 -0.0635758 0.751556 2.09036e+10
1 -1 1 -0.188877 -0.0568899 0.712317 2.38441e+10
1.5 -0.5 1 -0.171364 -0.0203005 0.75538 2.20513e+10
1 0 1 -0.188034 -0.0143899 0.710298 2.52868e+10
1.5 0.5 1 -0.170084 0.0222682 0.743629 2.348e+10
1 1 1 -0.188157 0.0279121 0.695162 2.68926e+10
1.5 1.5 1 -0.16835 0.0642758 0.718218 2.52489e+10
2.5 -1.5 1 -0.138856 -0.0430169 0.836182 1.76615e+10
2 -1 1 -0.15521 -0.0301973 0.798231 1.95323e+10
2.5 -0.5 1 -0.135321 7.23091e-05 0.837684 1.84662e+10
2 0 1 -0.152549 0.0126837 0.791928 2.06754e+10
2.5 0.5 1 -0.132852 0.0419778 0.819855 1.97073e+10
2 1 1 -0.150549 0.0545497 0.769166 2.22227e+10
2.5 1.5 1 -0.129751 0.0826675 0.785197 2.14846e+10
-2.25 -1.25 1.25 -0.406874 0.0088962 0.384361 1.34873e+10
-2.25 -0.25 1.25 -0.451766 1.49189e-07 0.385125 1.46991e+10
-2.25 0.75 1.25 -0.490034 -0.0155633 0.384015 1.5332e+10
-1.25 -1.25 1.25 -0.327405 0.0430006 0.489367 1.00447e+10
-1.75 -0.75 1.25 -0.390124 0.0292294 0.438012 1.21962e+10
-1.25 -0.25 1.25 -0.373342 0.0550062 0.486542 1.08643e+10
-1.75 0.25 1.25 -0.432859 0.0301335 0.43471 1.29933e+10
-1.25 0.75 1.25 -0.411454 0.0652044 0.479365 1.13983e+10
-1.75 1.25 1.25 -0.468074 0.0293985 0.429603 1.33257e+10
-0.25 -1.25 1.25 -0.264307 0.0607156 0.584895 7.58588e+09
-0.75 -0.75 1.25 -0.315223 0.0647812 0.537273 9.04639e+09
-0.25 -0.25 1.25 -0.30101 0.088302 0.58155 8.13553e+09
-0.75 0.25 1.25 -0.355123 0.0837193 0.530496 9.64078e+09
-0.25 0.75 1.25 -0.334626 0.112517 0.569864 8.60571e+09
-0.75 1.25 1.25 -0.3873 0.10145 0.518719 1.00386e+10
0.75 -1.25 1.25 -0.213202 0.0643083 0.677237 5.94339e+09
0.25 -0.75 1.25 -0.25331 0.0807705 0.630837 6.90997e+09
0.75 -0.25 1.25 -0.240514 0.10042 0.673219 6.33057e+09
0.25 0.25 1.25 -0.284889 0.111484 0.621873 7.36082e+09
0.75 0.75 1.25 -0.267003 0.134455 0.657406 6.74207e+09
0.25 1.25 1.25 -0.312075 0.141617 0.604144 7.78517e+09
1.75 -1.25 1.25 -0.168374 0.0584801 0.767902 4.86979e+09
1.25 -0.75 1.25 -0.202116 0.0819616 0.722464 5.50646e+09
1.75 -0.25 1.25 -0.18981 0.0988012 0.762618 5.14999e+09
1.25 0.25 1.25 -0.226196 0.119508 0.710806 5.86314e+09
1.75 0.75 1.25 -0.211315 0.137199 0.741485 5.51371e+09
1.25 1.25 1.25 -0.248483 0.155979 0.686254 6.28403e+09
2.25 -0.75 1.25 -0.156801 0.0741538 0.810733 4.5927e+09
2.25 0.25 1.25 -0.177118 0.114218 0.795409 4.8808e+09
2.25 1.25 1.25 -0.19655 0.153224 0.763243 5.2822e+09
-2.5 -1 1.5 -0.270098 -0.320628 0.415488 5.45198e+10
-2.5 0 1.5 -0.25782 -0.297146 0.436091 5.66664e+10
-2.5 1 1.5 -0.250811 -0.275365 0.447944 5.55726e+10
-2 -1.5 1.5 -0.270014 -0.285904 0.443327 4.59412e+10
-1.5 -1 1.5 -0.259055 -0.224741 0.494911 4.14303e+10
-2 -0.5 1.5 -0.26265 -0.256056 0.46366 4.91409e+10
-1.5 0 1.5 -0.257811 -0.191641 0.505913 4.33678e+10
-2 0.5 1.5 -0.258656 -0.228795 0.474549 4.99979e+10
-1.5 1 1.5 -0.258317 -0.159944 0.508951 4.35269e+10
-2 1.5 1.5 -0.256591 -0.202327 0.47923 4.83253e+10
-1 -1.5 1.5 -0.251663 -0.201253 0.527375 3.45671e+10
-0.5 -1 1.5 -0.239675 -0.147325 0.57683 3.1111e+10
-1 -0.5 1.5 -0.250061 -0.165106 0.540677 3.68534e+10
-0.5 0 1.5 -0.240433 -0.108119 0.581865 3.27235e+10
-1 0.5 1.5 -0.251845 -0.128651 0.54369 3.80515e+10
-0.5 1 1.5 -0.242645 -0.0681582 0.577343 3.36553e+10
-1 1.5 1.5 -0.253933 -0.0919595 0.539369 3.8095e+10
0 -1.5 1.5 -0.229549 -0.137511 0.613032 2.63864e+10
0.5 -1 1.5 -0.214167 -0.0916425 0.662253 2.40828e+10
0 -0.5 1.5 -0.227203 -0.0962212 0.621839 2.80079e+10
0.5 0 1.5 -0.212436 -0.0484599 0.662703 2.54234e+10
0 0.5 1.5 -0.228037 -0.0543585 0.618956 2.93145e+10
0.5 1 1.5 -0.211301 -0.00449825 0.651636 2.66437e+10
0 1.5 1.5 -0.227521 -0.011058 0.607033 3.02202e+10
1 -1.5 1.5 -0.201835 -0.0932219 0.701674 2.0965e+10
1.5 -1 1.5 -0.182315 -0.0545206 0.750522 1.94895e+10
1 -0.5 1.5 -0.197087 -0.0489089 0.707137 2.21367e+10
1.5 0 1.5 -0.177702 -0.00964577 0.746598 2.05792e+10
1 0.5 1.5 -0.194415 -0.00450896 0.698696 2.33807e+10
1.5 1 1.5 -0.173778 0.0348246 0.727943 2.18778e+10
1 1.5 1.5 -0.190943 0.0400298 0.678183 2.4701e+10
2 -1.5 1.5 -0.16738 -0.0641801 0.79063 1.74531e+10
2.5 -1 1.5 -0.144943 -0.0311547 0.836349 1.6514e+10
2 -0.5 1.5 -0.161365 -0.0188458 0.793331 1.8292e+10
2.5 0 1.5 -0.139416 0.0135524 0.827949 1.73906e+10
2 0.5 1.5 -0.156542 0.0257043 0.778608 1.94199e+10
2.5 1 1.5 -0.134153 0.0571356 0.801151 1.86558e+10
2 1.5 1.5 -0.15117 0.069398 0.748551 2.08966e+10
