449
-2.5 -1 -1.5 -0.00639453 -0.281526 0.287892 3.6304e+09
-2.5 0 -1.5 -0.138508 -0.327729 0.283855 2.98676e+09
-2.5 1 -1.5 -0.254569 -0.374958 0.285351 2.48456e+09
-2 -1.5 -1.5 0.114006 -0.284952 0.270776 4.76898e+09
-1.5 -1 -1.5 0.101661 -0.395893 0.279701 4.75558e+09
-2 -0.5 -1.5 -0.0423957 -0.360715 0.292057 3.67801e+09
-1.5 0 -1.5 -0.0549769 -0.482029 0.313646 3.52948e+09
-2 0.5 -1.5 -0.177582 -0.425255 0.304664 2.87383e+09
-1.5 1 -1.5 -0.191871 -0.533632 0.337932 2.66335e+09
-2 1.5 -1.5 -0.299042 -0.468053 0.323483 2.31916e+09
-1 -1.5 -1.5 0.286117 -0.402878 0.239921 6.48306e+09
-0.5 -1 -1.5 0.346425 -0.518574 0.237563 6.23174e+09
-1 -0.5 -1.5 0.119918 -0.525263 0.295347 4.5626e+09
-0.5 0 -1.5 0.157532 -0.621192 0.305011 4.12573e+09
-1 0.5 -1.5 -0.0364979 -0.592404 0.336809 3.23797e+09
-0.5 1 -1.5 -0.0314093 -0.656944 0.362692 2.71612e+09
-1 1.5 -1.5 -0.200635 -0.601425 0.374617 2.28318e+09
0 -1.5 -1.5 0.563216 -0.425598 0.146182 8.80861e+09
0.5 -1 -1.5 0.594707 -0.487763 0.125778 7.49926e+09
0 -0.5 -1.5 0.383896 -0.594214 0.232328 5.48859e+09
0.5 0 -1.5 0.395431 -0.645379 0.231679 4.3467e+09
0 0.5 -1.5 0.170777 -0.678796 0.318046 3.36813e+09
0.5 1 -1.5 0.176969 -0.712081 0.333763 2.53813e+09
0 1.5 -1.5 -0.0283323 -0.691492 0.389837 2.0858e+09
1 -1.5 -1.5 0.748694 -0.30904 0.00824332 1.03846e+10
1.5 -1 -1.5 0.750749 -0.364794 -0.0180977 7.71436e+09
1 -0.5 -1.5 0.60133 -0.538386 0.111827 5.75613e+09
1.5 0 -1.5 0.600313 -0.576798 0.102891 4.14902e+09
1 0.5 -1.5 0.398881 -0.679079 0.235126 3.20526e+09
1.5 1 -1.5 0.402826 -0.699818 0.24197 2.26555e+09
1 1.5 -1.5 0.18506 -0.730276 0.352022 1.82469e+09
2 -1.5 -1.5 0.826064 -0.150599 -0.132464 1.03486e+10
2.5 -1 -1.5 0.82253 -0.203821 -0.165617 7.13727e+09
2 -0.5 -1.5 0.74678 -0.410874 -0.0393724 5.43653e+09
2.5 0 -1.5 0.741269 -0.446763 -0.0561304 3.71073e+09
2 0.5 -1.5 0.598743 -0.60391 0.0980135 2.88125e+09
2.5 1 -1.5 0.598909 -0.621577 0.0960821 1.95483e+09
2 1.5 -1.5 0.40976 -0.710736 0.251111 1.55946e+09
-2.25 -0.75 -1.25 0.398089 0.629383 -0.0357328 1.72674e+09
-2.25 0.25 -1.25 0.377471 0.554 -0.0258653 1.16161e+09
-2.25 1.25 -1.25 0.31719 0.446716 0.0475233 7.68669e+08
-1.75 -1.25 -1.25 0.326266 0.663164 -0.0305701 2.20944e+09
-1.25 -0.75 -1.25 0.23096 0.576498 -0.00861913 1.66931e+09
-1.75 -0.25 -1.25 0.305057 0.575227 -0.0174646 1.36872e+09
-1.25 0.25 -1.25 0.192055 0.443288 0.0586185 9.89644e+08
-1.75 0.75 -1.25 0.251342 0.453295 0.0528994 8.45352e+08
-1.25 1.25 -1.25 0.121093 0.305306 0.163515 6.15801e+08
-0.75 -1.25 -1.25 0.157346 0.545542 0.00569206 2.04547e+09
-0.25 -0.75 -1.25 0.116363 0.358765 0.0526988 1.47449e+09
-0.75 -0.25 -1.25 0.143067 0.416929 0.0593373 1.21021e+09
-0.25 0.25 -1.25 0.0664753 0.230658 0.137369 8.45664e+08
-0.75 0.75 -1.25 0.0828565 0.275012 0.156632 7.07645e+08
-0.25 1.25 -1.25 0.00307773 0.115385 0.248388 4.97523e+08
0.25 -1.25 -1.25 0.127136 0.323819 0.0305844 1.88229e+09
0.75 -0.75 -1.25 0.135501 0.134303 0.0442145 1.2999e+09
0.25 -0.25 -1.25 0.0824836 0.167023 0.101957 1.02885e+09
0.75 0.25 -1.25 0.0745862 0.00246119 0.141695 7.14742e+08
0.25 0.75 -1.25 0.0194261 0.0627806 0.20671 5.88649e+08
0.75 1.25 -1.25 0.00381775 -0.0726248 0.263016 4.0982e+08
1.25 -1.25 -1.25 0.199724 0.13184 -0.0281221 1.65996e+09
1.75 -0.75 -1.25 0.24237 -0.00960284 -0.0502115 1.13717e+09
1.25 -0.25 -1.25 0.158269 -0.0234688 0.0522164 8.9553e+08
1.75 0.25 -1.25 0.189298 -0.14308 0.0570118 6.15e+08
1.25 0.75 -1.25 0.086447 -0.125392 0.172827 4.95132e+08
1.75 1.25 -1.25 0.107192 -0.219068 0.197893 3.41064e+08
2.25 -1.25 -1.25 0.304033 0.0526933 -0.150213 1.45494e+09
2.25 -0.25 -1.25 0.283673 -0.117043 -0.0700122 7.74928e+08
2.25 0.75 -1.25 0.22071 -0.229592 0.0606879 4.19901e+08
-2.5 -1.5 -1 0.0297032 -0.377944 0.329044 1.00933e+10
-2.5 -0.5 -1 -0.0849888 -0.426695 0.318635 8.54348e+09
-2.5 0.5 -1 -0.211133 -0.462821 0.317392 7.13117e+09
-2.5 1.5 -1 -0.339256 -0.478721 0.341031 5.96785e+09
-1.5 -1.5 -1 0.252955 -0.462743 0.269218 1.4968e+10
-2 -1 -1 0.0653118 -0.454865 0.307324 1.09801e+10
-1.5 -0.5 -1 0.0887232 -0.559116 0.313925 1.09574e+10
-2 0 -1 -0.0846138 -0.518336 0.327224 8.59788e+09
-1.5 0.5 -1 -0.0748529 -0.60866 0.353553 7.88158e+09
-2 1 -1 -0.235911 -0.544165 0.352942 6.65272e+09
-1.5 1.5 -1 -0.251601 -0.593025 0.397286 5.50888e+09
-0.5 -1.5 -1 0.536242 -0.480417 0.168524 2.06908e+10
-1 -1 -1 0.296352 -0.559411 0.26401 1.46571e+10
-0.5 -0.5 -1 0.32171 -0.625211 0.266122 1.263e+10
-1 0 -1 0.119266 -0.639798 0.327099 9.78046e+09
-0.5 0.5 -1 0.1088 -0.686932 0.353532 7.71589e+09
-1 1 -1 -0.0883966 -0.655401 0.390313 6.39388e+09
-0.5 1.5 -1 -0.0984047 -0.681874 0.428411 4.74445e+09
0.5 -1.5 -1 0.715275 -0.38773 0.0339991 2.31359e+10
0 -1 -1 0.548529 -0.540183 0.157585 1.70922e+10
0.5 -0.5 -1 0.538459 -0.592173 0.158004 1.26692e+10
0 0 -1 0.318085 -0.672944 0.278803 9.68099e+09
0.5 0.5 -1 0.31199 -0.704616 0.29559 6.95447e+09
0 1 -1 0.0991459 -0.715294 0.382582 5.63651e+09
0.5 1.5 -1 0.0988823 -0.730674 0.412548 3.96852e+09
1.5 -1.5 -1 0.811835 -0.246968 -0.11515 2.22245e+10
1 -1 -1 0.706782 -0.445577 0.0194254 1.6695e+10
1.5 -0.5 -1 0.696649 -0.491424 0.0101461 1.15204e+10
1 0 -1 0.527788 -0.630463 0.163062 8.89818e+09
1.5 0.5 -1 0.522381 -0.655632 0.170627 6.07461e+09
1 1 -1 0.311956 -0.72319 0.314361 4.8302e+09
1.5 1.5 -1 0.318602 -0.731536 0.333814 3.28796e+09
2.5 -1.5 -1 0.840544 -0.0861879 -0.256248 1.95944e+10
2 -1 -1 0.802795 -0.300621 -0.138454 1.5059e+10
2.5 -0.5 -1 0.793534 -0.342992 -0.157199 9.9883e+09
2 0 -1 0.688825 -0.524908 0.00450924 7.75343e+09
2.5 0.5 -1 0.684001 -0.547971 0.001292 5.14061e+09
2 1 -1 0.52257 -0.670118 0.179377 4.07739e+09
2.5 1.5 -1 0.527298 -0.676492 0.188337 2.7076e+09
-2.25 -1.25 -0.75 0.393373 0.532463 0.00323207 5.9871e+09
-2.25 -0.25 -0.75 0.376217 0.428282 -0.012131 3.98669e+09
-2.25 0.75 -0.75 0.296241 0.306744 0.0504407 2.56446e+09
-1.25 -1.25 -0.75 0.350609 0.425619 0.0143866 6.19994e+09
-1.75 -0.75 -0.75 0.349701 0.422108 0.00815709 4.82589e+09
-1.25 -0.25 -0.75 0.296456 0.27396 0.076521 3.54694e+09
-1.75 0.25 -0.75 0.28919 0.2873 0.0672132 2.91617e+09
-1.25 0.75 -0.75 0.176017 0.139049 0.193932 2.0799e+09
-1.75 1.25 -0.75 0.164122 0.175243 0.191877 1.83803e+09
-0.25 -1.25 -0.75 0.34894 0.237483 0.0417095 5.57019e+09
-0.75 -0.75 -0.75 0.307197 0.258874 0.0704213 4.39429e+09
-0.25 -0.25 -0.75 0.243968 0.0790671 0.146257 2.98691e+09
-0.75 0.25 -0.75 0.205737 0.106846 0.180895 2.45164e+09
-0.25 0.75 -0.75 0.121391 -0.0461309 0.278313 1.67727e+09
-0.75 1.25 -0.75 0.0684817 -0.00878438 0.314899 1.43739e+09
0.75 -1.25 -0.75 0.389533 0.0926861 -0.0134584 4.83293e+09
0.25 -0.75 -0.75 0.320156 0.0625614 0.0776235 3.75805e+09
0.75 -0.25 -0.75 0.301756 -0.0888024 0.109117 2.53403e+09
0.25 0.25 -0.75 0.196177 -0.0777187 0.212431 2.0264e+09
0.75 0.75 -0.75 0.17524 -0.200128 0.264161 1.38013e+09
0.25 1.25 -0.75 0.0742357 -0.169109 0.355024 1.15112e+09
1.75 -1.25 -0.75 0.466404 0.0245539 -0.145168 4.15775e+09
1.25 -0.75 -0.75 0.395868 -0.0516587 -0.0158877 3.2301e+09
1.75 -0.25 -0.75 0.408439 -0.162767 -0.0181513 2.16158e+09
1.25 0.25 -0.75 0.299602 -0.205205 0.133723 1.71095e+09
1.75 0.75 -0.75 0.306838 -0.28923 0.153086 1.15315e+09
1.25 1.25 -0.75 0.171925 -0.288564 0.304438 9.38966e+08
2.25 -0.75 -0.75 0.485653 -0.0771283 -0.170397 2.76172e+09
2.25 0.25 -0.75 0.422798 -0.244179 -0.019764 1.44354e+09
2.25 1.25 -0.75 0.318615 -0.347762 0.168455 7.74486e+08
-2.5 -1 -0.5 0.165178 0.0108409 0.190568 1.92993e+10
-2.5 0 -0.5 0.114736 -0.0850739 0.177178 1.50262e+10
-2.5 1 -0.5 -0.00518964 -0.143513 0.213621 1.0977e+10
-2 -1.5 -0.5 0.282062 0.00857361 0.166397 2.63621e+10
-1.5 -1 -0.5 0.303408 -0.107197 0.155052 2.37011e+10
-2 -0.5 -0.5 0.195603 -0.099775 0.176379 1.83638e+10
-1.5 0 -0.5 0.201039 -0.218257 0.203758 1.48916e+10
-2 0.5 -0.5 0.0673404 -0.189839 0.220319 1.2532e+10
-1.5 1 -0.5 0.0200644 -0.236746 0.285168 8.91062e+09
-2 1.5 -0.5 -0.0491475 -0.192588 0.285403 7.9259e+09
-1 -1.5 -0.5 0.41563 -0.0891249 0.113567 3.1577e+10
-0.5 -1 -0.5 0.417737 -0.171033 0.113822 2.33028e+10
-1 -0.5 -0.5 0.304238 -0.200066 0.172004 1.81725e+10
-0.5 0 -0.5 0.244486 -0.278774 0.216814 1.23563e+10
-1 0.5 -0.5 0.130725 -0.272645 0.262931 1.03406e+10
-0.5 1 -0.5 0.0649277 -0.333669 0.326145 6.82671e+09
-1 1.5 -0.5 -0.0406132 -0.292919 0.357692 5.94014e+09
0 -1.5 -0.5 0.538181 -0.0902927 0.0264816 3.05646e+10
0.5 -1 -0.5 0.497175 -0.190693 0.0348952 1.9753e+10
0 -0.5 -0.5 0.370358 -0.260511 0.14024 1.54395e+10
0.5 0 -0.5 0.326037 -0.341035 0.170233 9.99188e+09
0 0.5 -0.5 0.187291 -0.352163 0.265308 8.10724e+09
0.5 1 -0.5 0.150888 -0.412854 0.309822 5.29022e+09
0 1.5 -0.5 0.0205628 -0.389075 0.384431 4.48955e+09
1 -1.5 -0.5 0.576915 -0.0799436 -0.0695855 2.50731e+10
1.5 -1 -0.5 0.560255 -0.16906 -0.0803942 1.59513e+10
1 -0.5 -0.5 0.463039 -0.278101 0.04593 1.26087e+10
1.5 0 -0.5 0.441934 -0.346473 0.0564062 8.04814e+09
1 0.5 -0.5 0.298401 -0.405088 0.198021 6.44902e+09
1.5 1 -0.5 0.285174 -0.45205 0.222767 4.16786e+09
1 1.5 -0.5 0.132478 -0.458714 0.349497 3.45261e+09
2 -1.5 -0.5 0.62061 -0.0218802 -0.193698 2.04654e+10
2.5 -1 -0.5 0.614859 -0.0926447 -0.218496 1.28641e+10
2 -0.5 -0.5 0.54917 -0.239264 -0.0890426 1.01262e+10
2.5 0 -0.5 0.542904 -0.291771 -0.0961787 6.43623e+09
2 0.5 -0.5 0.43147 -0.396365 0.0657342 5.1504e+09
2.5 1 -0.5 0.428168 -0.430861 0.0738027 3.30464e+09
2 1.5 -0.5 0.282128 -0.484233 0.244448 2.69866e+09
-2.25 -0.75 -0.25 0.270531 0.257319 0.0527121 6.12845e+09
-2.25 0.25 -0.25 0.223661 0.109006 0.0706514 3.82228e+09
-2.25 1.25 -0.25 0.0651396 -0.00837357 0.189558 2.28628e+09
-1.75 -1.25 -0.25 0.319096 0.258582 0.0528953 7.72654e+09
-1.25 -0.75 -0.25 0.298086 0.00976131 0.106032 5.26868e+09
-1.75 -0.25 -0.25 0.259311 0.060859 0.0945706 4.44875e+09
-1.25 0.25 -0.25 0.174262 -0.114654 0.197304 2.98511e+09
-1.75 0.75 -0.25 0.0987223 -0.0451236 0.199598 2.56199e+09
-1.25 1.25 -0.25 -0.0156479 -0.214389 0.322766 1.77317e+09
-0.75 -1.25 -0.25 0.378633 0.0156301 0.0802566 6.72541e+09
-0.25 -0.75 -0.25 0.353338 -0.181694 0.12447 4.52016e+09
-0.75 -0.25 -0.25 0.24111 -0.167013 0.180518 3.57187e+09
-0.25 0.25 -0.25 0.182006 -0.321112 0.254891 2.4641e+09
-0.75 0.75 -0.25 0.0732688 -0.275414 0.301779 2.05729e+09
-0.25 1.25 -0.25 0.0166123 -0.392355 0.382145 1.43146e+09
0.25 -1.25 -0.25 0.490266 -0.169007 0.032328 5.88799e+09
0.75 -0.75 -0.25 0.480977 -0.299323 0.0453087 3.9832e+09
0.25 -0.25 -0.25 0.324785 -0.334312 0.168723 3.09e+09
0.75 0.25 -0.25 0.314732 -0.439051 0.203973 2.11336e+09
0.25 0.75 -0.25 0.151896 -0.432139 0.31383 1.7042e+09
0.75 1.25 -0.25 0.143258 -0.506338 0.360608 1.17421e+09
1.25 -1.25 -0.25 0.595893 -0.203406 -0.0846977 5.13781e+09
1.75 -0.75 -0.25 0.605367 -0.28842 -0.0969015 3.45227e+09
1.25 -0.25 -0.25 0.480651 -0.392864 0.0571913 2.69158e+09
1.75 0.25 -0.25 0.486552 -0.45654 0.0675832 1.81211e+09
1.25 0.75 -0.25 0.317442 -0.507785 0.232449 1.43999e+09
1.75 1.25 -0.25 0.327822 -0.550732 0.255795 9.75413e+08
2.25 -1.25 -0.25 0.685329 -0.133946 -0.240766 4.49878e+09
2.25 -0.25 -0.25 0.613824 -0.349107 -0.105608 2.30521e+09
2.25 0.75 -0.25 0.495755 -0.498195 0.076447 1.2136e+09
-2.5 -1.5 0 0.306423 0.188752 0.141675 3.03603e+10
-2.5 -0.5 0 0.276302 0.118672 0.106337 2.23968e+10
-2.5 0.5 0 0.252803 0.106972 0.0965224 1.47061e+10
-2.5 1.5 0 0.271975 0.230301 0.121892 7.8076e+09
-1.5 -1.5 0 0.427608 0.212492 0.0525054 3.62905e+10
-2 -1 0 0.371088 0.185137 0.0727693 2.82292e+10
-1.5 -0.5 0 0.400031 0.228214 0.0442348 1.80921e+10
-2 0 0 0.298144 0.0932502 0.0976686 1.69519e+10
-1.5 0.5 0 0.307612 0.214867 0.117586 9.54889e+09
-2 1 0 0.294512 0.219907 0.122003 8.46607e+09
-1.5 1.5 0 0.224381 0.23337 0.225372 4.86979e+09
-0.5 -1.5 0 0.461591 0.329789 -0.0214899 2.77124e+10
-1 -1 0 0.464453 0.25995 0.0104298 2.2598e+10
-0.5 -0.5 0 0.370459 0.259428 0.0469891 1.27974e+10
-1 0 0 0.339474 0.245873 0.0880628 1.0735e+10
-0.5 0.5 0 0.227635 0.228905 0.167055 6.11911e+09
-1 1 0 0.219692 0.227919 0.2072 5.38755e+09
-0.5 1.5 0 0.117363 0.190379 0.307951 3.16627e+09
0.5 -1.5 0 0.373384 0.357786 -0.0663392 1.85656e+10
0 -1 0 0.373086 0.2995 -0.00354507 1.53155e+10
0.5 -0.5 0 0.265399 0.235641 0.0312715 8.60379e+09
0 0 0 0.247459 0.223471 0.107266 7.20075e+09
0.5 0.5 0 0.140362 0.159263 0.168825 4.18328e+09
0 1 0 0.11921 0.177192 0.250442 3.58398e+09
0.5 1.5 0 0.0304639 0.108868 0.325806 2.16503e+09
1.5 -1.5 0 0.296336 0.317647 -0.137291 1.27851e+10
1 -1 0 0.285445 0.269503 -0.0563083 1.04495e+10
1.5 -0.5 0 0.21454 0.175915 -0.0458047 6.04751e+09
1 0 0 0.17439 0.155316 0.0669275 4.985e+09
1.5 0.5 0 0.108367 0.0743991 0.0977919 2.97879e+09
1 1 0 0.0592639 0.0852567 0.223257 2.51001e+09
1.5 1.5 0 0.00225528 0.014091 0.268239 1.54571e+09
2.5 -1.5 0 0.266466 0.287976 -0.233916 9.09367e+09
2 -1 0 0.24768 0.219846 -0.15076 7.40575e+09
2.5 -0.5 0 0.216002 0.132564 -0.163873 4.40315e+09
2 0 0 0.165723 0.0894634 -0.0377998 3.60219e+09
2.5 0.5 0 0.134966 0.0168276 -0.0327488 2.19707e+09
2 1 0 0.0642481 0.00249324 0.122495 1.82517e+09
2.5 1.5 0 0.0360336 -0.0567703 0.141383 1.13946e+09
-2.25 -1.25 0.25 0.302398 0.185259 0.0879806 7.12856e+09
-2.25 -0.25 0.25 0.215689 0.0692506 0.0854448 4.08635e+09
-2.25 0.75 0.25 0.0673281 -0.0479456 0.159702 1.32836e+09
-1.25 -1.25 0.25 0.307668 -0.0153806 0.0874512 3.36616e+09
-1.75 -0.75 0.25 0.265051 0.0664525 0.0799933 2.86575e+09
-1.25 -0.25 0.25 0.107187 -0.169834 0.17576 1.82166e+09
-1.75 0.25 0.25 0.0632806 -0.100607 0.182844 1.50277e+09
-1.25 0.75 0.25 -0.06154 -0.320014 0.276018 1.0263e+09
-1.75 1.25 0.25 -0.101401 -0.252784 0.27512 8.96833e+08
-0.25 -1.25 0.25 0.334842 -0.32575 0.0802948 2.8019e+09
-0.75 -0.75 0.25 0.228237 -0.295484 0.140308 2.22211e+09
-0.25 -0.25 0.25 0.175452 -0.464401 0.18086 1.49094e+09
-0.75 0.25 0.25 0.0300212 -0.384457 0.243673 1.20061e+09
-0.25 0.75 0.25 -0.0074523 -0.524911 0.295853 8.33983e+08
-0.75 1.25 0.25 -0.12733 -0.459647 0.3414 7.09573e+08
0.75 -1.25 0.25 0.510483 -0.433448 -0.0349394 2.43916e+09
0.25 -0.75 0.25 0.331387 -0.48156 0.0890644 1.89371e+09
0.75 -0.25 0.25 0.340014 -0.579238 0.102868 1.29712e+09
0.25 0.25 0.25 0.157705 -0.579445 0.216015 1.02726e+09
0.75 0.75 0.25 0.161886 -0.651577 0.247022 7.09805e+08
0.25 1.25 0.25 -0.0169893 -0.613373 0.339325 5.82951e+08
1.75 -1.25 0.25 0.669375 -0.37375 -0.172403 2.16671e+09
1.25 -0.75 0.25 0.524159 -0.511319 -0.0365234 1.66556e+09
1.75 -0.25 0.25 0.540058 -0.55904 -0.0344613 1.12966e+09
1.25 0.25 0.25 0.356191 -0.638307 0.118412 8.87662e+08
1.75 0.75 0.25 0.376499 -0.671808 0.133555 6.03584e+08
1.25 1.25 0.25 0.178607 -0.693855 0.27454 4.87897e+08
2.25 -0.75 0.25 0.681682 -0.414518 -0.184467 1.45438e+09
2.25 0.25 0.25 0.556357 -0.58695 -0.0312124 7.6018e+08
2.25 1.25 0.25 0.398623 -0.688697 0.14744 4.07299e+08
-2.5 -1 0.5 0.350685 0.202943 0.0838441 2.79983e+10
-2.5 0 0.5 0.318366 0.147096 0.0696774 1.63687e+10
-2.5 1 0.5 0.236632 0.108652 0.11408 6.63934e+09
-2 -1.5 0.5 0.398465 0.21676 0.0649875 3.43882e+10
-1.5 -1 0.5 0.370655 0.0507137 0.0747417 1.87219e+10
-2 -0.5 0.5 0.288353 0.116325 0.0905965 1.67487e+10
-1.5 0 0.5 0.30249 0.128058 0.0937021 8.06305e+09
-2 0.5 0.5 0.280079 0.118394 0.106786 7.19662e+09
-1.5 1 0.5 0.208454 0.156361 0.174766 3.79839e+09
-2 1.5 0.5 0.194497 0.15952 0.186384 3.55048e+09
-1 -1.5 0.5 0.474198 0.201738 -0.000628606 2.02888e+10
-0.5 -1 0.5 0.395214 0.181259 0.00567919 1.06342e+10
-1 -0.5 0.5 0.342457 0.12669 0.0636647 9.35683e+09
-0.5 0 0.5 0.234565 0.127575 0.109652 4.87256e+09
-1 0.5 0.5 0.220319 0.143076 0.150546 4.23972e+09
-0.5 1 0.5 0.103709 0.108922 0.232231 2.35209e+09
-1 1.5 0.5 0.103893 0.135209 0.270541 2.11203e+09
0 -1.5 0.5 0.401885 0.226251 -0.0464756 1.23899e+10
0.5 -1 0.5 0.301722 0.144992 -0.0313581 6.67467e+09
0 -0.5 0.5 0.270632 0.1305 0.0436366 5.657e+09
0.5 0 0.5 0.158319 0.0520837 0.0893183 3.14968e+09
0 0.5 0.5 0.116654 0.0759386 0.173323 2.69665e+09
0.5 1 0.5 0.0208501 -0.00372987 0.235494 1.57366e+09
0 1.5 0.5 -0.000850006 0.0376199 0.312566 1.37759e+09
1 -1.5 0.5 0.342736 0.185731 -0.113347 8.01013e+09
1.5 -1 0.5 0.280455 0.078703 -0.113188 4.52378e+09
1 -0.5 0.5 0.213408 0.0486072 -0.00927285 3.74316e+09
1.5 0 0.5 0.153658 -0.0476876 0.0118982 2.19028e+09
1 0.5 0.5 0.0761037 -0.0382467 0.132283 1.83869e+09
1.5 1 0.5 0.0248395 -0.124355 0.168186 1.1155e+09
1 1.5 0.5 -0.0460163 -0.0898542 0.28883 9.57225e+08
2 -1.5 0.5 0.340664 0.142137 -0.202607 5.51174e+09
2.5 -1 0.5 0.32118 0.0499205 -0.219853 3.24327e+09
2 -0.5 0.5 0.2423 -0.0187875 -0.112205 2.65347e+09
2.5 0 0.5 0.224773 -0.0985909 -0.112164 1.60605e+09
2 0.5 0.5 0.120684 -0.131564 0.029189 1.32725e+09
2.5 1 0.5 0.106537 -0.19806 0.0421141 8.24976e+08
2 1.5 0.5 -0.00269669 -0.197416 0.196423 6.95753e+08
-2.25 -0.75 0.75 0.197158 0.0637954 0.107704 4.01133e+09
-2.25 0.25 0.75 0.124002 -0.0878827 0.132249 1.21937e+09
-2.25 1.25 0.75 -0.0545088 -0.1409 0.207904 6.487e+08
-1.75 -1.25 0.75 0.269044 0.0479402 0.080912 4.60769e+09
-1.25 -0.75 0.75 0.151237 -0.139301 0.133816 1.63065e+09
-1.75 -0.25 0.75 0.112362 -0.0697409 0.143088 1.40623e+09
-1.25 0.25 0.75 -0.0482228 -0.275116 0.215552 8.17504e+08
-1.75 0.75 0.75 -0.0742822 -0.194002 0.22205 7.071e+08
-1.25 1.25 0.75 -0.217774 -0.362535 0.283769 4.60099e+08
-0.75 -1.25 0.75 0.229083 -0.257273 0.0880699 1.92367e+09
-0.25 -0.75 0.75 0.117944 -0.475524 0.108934 1.19819e+09
-0.75 -0.25 0.75 -0.0141035 -0.364905 0.187272 9.92551e+08
-0.25 0.25 0.75 -0.0660282 -0.546518 0.211817 6.57605e+08
-0.75 0.75 0.75 -0.162273 -0.450227 0.26195 5.37846e+08
-0.25 1.25 0.75 -0.199574 -0.583433 0.295862 3.7571e+08
0.25 -1.25 0.75 0.263642 -0.524499 0.0111166 1.51939e+09
0.75 -0.75 0.75 0.286014 -0.64449 0.00588127 1.03537e+09
0.25 -0.25 0.75 0.100562 -0.626602 0.120547 8.13788e+08
0.75 0.25 0.75 0.120142 -0.716166 0.137261 5.63468e+08
0.25 0.75 0.75 -0.0663328 -0.663147 0.235414 4.54487e+08
0.75 1.25 0.75 -0.0428797 -0.733678 0.261374 3.18085e+08
1.25 -1.25 0.75 0.494476 -0.579027 -0.1308 1.3391e+09
1.75 -0.75 0.75 0.52842 -0.618219 -0.130409 9.1859e+08
1.25 -0.25 0.75 0.323785 -0.707357 0.0119891 7.13587e+08
1.75 0.25 0.75 0.363842 -0.737437 0.0231415 4.90723e+08
1.25 0.75 0.75 0.154799 -0.765502 0.157131 3.91051e+08
1.75 1.25 0.75 0.193955 -0.789833 0.177419 2.69751e+08
2.25 -1.25 0.75 0.690064 -0.453088 -0.25735 1.19295e+09
2.25 -0.25 0.75 0.560055 -0.634778 -0.12634 6.25518e+08
2.25 0.75 0.75 0.401554 -0.74877 0.0351728 3.34966e+08
-2.5 -1.5 1 0.373826 0.268887 0.0858435 3.07358e+10
-2.5 -0.5 1 0.327957 0.24348 0.0554984 1.6945e+10
-2.5 0.5 1 0.25146 0.099489 0.0888964 6.3431e+09
-2.5 1.5 1 0.130839 0.10792 0.155877 2.99745e+09
-1.5 -1.5 1 0.376255 0.154492 0.0421413 1.90796e+10
-2 -1 1 0.373485 0.20563 0.0461765 1.88765e+10
-1.5 -0.5 1 0.376258 0.0650058 0.0499076 7.59936e+09
-2 0 1 0.339934 0.0565527 0.0680306 6.94404e+09
-1.5 0.5 1 0.209377 0.083956 0.123896 3.27677e+09
-2 1 1 0.176759 0.113033 0.141442 3.02868e+09
-1.5 1.5 1 0.0872108 0.111843 0.224 1.52267e+09
-0.5 -1.5 1 0.413666 0.130545 -0.0343608 9.24067e+09
-1 -1 1 0.364551 0.0854904 0.0273236 8.49465e+09
-0.5 -0.5 1 0.237138 0.0495587 0.0562566 4.05381e+09
-1 0 1 0.227518 0.0691443 0.0978962 3.59854e+09
-0.5 0.5 1 0.0816106 0.0366207 0.160894 1.84328e+09
-1 1 1 0.0824897 0.0776652 0.199624 1.65536e+09
-0.5 1.5 1 -0.0431006 0.0113795 0.279374 9.16205e+08
0.5 -1.5 1 0.321439 0.0589394 -0.0895414 5.22792e+09
0 -1 1 0.279852 0.0501187 -0.0143761 4.57211e+09
0.5 -0.5 1 0.153296 -0.0484442 0.0149035 2.4184e+09
0 0 1 0.0985038 -0.0139012 0.101147 2.10061e+09
0.5 0.5 1 -0.011174 -0.111163 0.148306 1.17564e+09
0 1 1 -0.0442033 -0.0451135 0.22585 1.02534e+09
0.5 1.5 1 -0.133722 -0.151675 0.282117 6.10706e+08
1.5 -1.5 1 0.332497 -0.0264612 -0.180911 3.37905e+09
1 -1 1 0.230884 -0.0604284 -0.0822987 2.82814e+09
1.5 -0.5 1 0.177477 -0.175969 -0.0713251 1.62355e+09
1 0 1 0.0669562 -0.160687 0.0450767 1.36949e+09
1.5 0.5 1 0.0243603 -0.266292 0.0712682 8.20501e+08
1 1 1 -0.0783583 -0.218679 0.189378 7.01012e+08
1.5 1.5 1 -0.108831 -0.31605 0.222136 4.37145e+08
2.5 -1.5 1 0.422396 -0.0421898 -0.277089 2.39189e+09
2 -1 1 0.306747 -0.136195 -0.186247 1.96178e+09
2.5 -0.5 1 0.306347 -0.221122 -0.188745 1.18776e+09
2 0 1 0.16001 -0.272792 -0.0605257 9.7866e+08
2.5 0.5 1 0.16622 -0.344814 -0.0516993 6.1071e+08
2 1 1 0.0144512 -0.352359 0.0919652 5.11692e+08
2.5 1.5 1 0.0235889 -0.415756 0.107537 3.27304e+08
-2.25 -1.25 1.25 0.172032 0.0711141 0.130957 4.00131e+09
-2.25 -0.25 1.25 0.108652 -0.0584799 0.117982 1.23704e+09
-2.25 0.75 1.25 -0.0434563 -0.0686549 0.15362 5.7867e+08
-1.25 -1.25 1.25 0.123818 -0.10508 0.102173 1.59229e+09
-1.75 -0.75 1.25 0.153515 -0.135784 0.108383 1.30288e+09
-1.25 -0.25 1.25 -0.0705578 -0.273921 0.170637 7.42157e+08
-1.75 0.25 1.25 -0.0373513 -0.179523 0.160301 6.38532e+08
-1.25 0.75 1.25 -0.238272 -0.317716 0.217461 3.74677e+08
-1.75 1.25 1.25 -0.244978 -0.226788 0.223837 3.26063e+08
-0.25 -1.25 1.25 0.0506546 -0.485309 0.0495059 1.0364e+09
-0.75 -0.75 1.25 -0.0411009 -0.361885 0.136909 8.92965e+08
-0.25 -0.25 1.25 -0.162155 -0.532038 0.145666 5.46254e+08
-0.75 0.25 1.25 -0.225531 -0.415689 0.19873 4.40529e+08
-0.25 0.75 1.25 -0.291027 -0.575682 0.208157 2.9794e+08
-0.75 1.25 1.25 -0.350262 -0.475517 0.239377 2.48961e+08
0.75 -1.25 1.25 0.176821 -0.69941 -0.0813873 8.47677e+08
0.25 -0.75 1.25 -0.0130288 -0.653441 0.0422506 6.7128e+08
0.75 -0.25 1.25 0.015058 -0.764714 0.0388094 4.60883e+08
0.25 0.25 1.25 -0.172835 -0.682376 0.144202 3.6945e+08
0.75 0.75 1.25 -0.13058 -0.776714 0.151596 2.58241e+08
0.25 1.25 1.25 -0.284219 -0.692825 0.219161 2.10293e+08
1.75 -1.25 1.25 0.477985 -0.681868 -0.225214 7.60127e+08
1.25 -0.75 1.25 0.236823 -0.772779 -0.0883266 5.86789e+08
1.75 -0.25 1.25 0.306139 -0.800481 -0.0816767 4.08193e+08
1.25 0.25 1.25 0.0762178 -0.824524 0.0469055 3.21853e+08
1.75 0.75 1.25 0.142961 -0.851242 0.0618181 2.24801e+08
1.25 1.25 1.25 -0.0717024 -0.829993 0.167948 1.81897e+08
2.25 -0.75 1.25 0.532352 -0.68574 -0.217568 5.2518e+08
2.25 0.25 1.25 0.369736 -0.804063 -0.069659 2.82544e+08
2.25 1.25 1.25 0.205265 -0.858579 0.0788272 1.55863e+08
-2.5 -1 1.5 0.370327 0.269433 0.0537455 1.67437e+10
-2.5 0 1.5 0.223188 0.0630643 0.0947775 6.84671e+09
-2.5 1 1.5 0.150673 0.100138 0.108238 2.73551e+09
-2 -1.5 1.5 0.363323 0.263647 0.0500834 1.76984e+10
-1.5 -1 1.5 0.423119 0.0568049 0.00372432 7.39117e+09
-2 -0.5 1.5 0.350097 0.105779 0.0398115 6.64423e+09
-1.5 0 1.5 0.241453 0.0430524 0.0716836 3.01343e+09
-2 0.5 1.5 0.191696 0.0498308 0.0981588 2.90396e+09
-1.5 1 1.5 0.0755167 0.0687727 0.159935 1.30503e+09
-2 1.5 1.5 0.0864017 0.0990333 0.172457 1.22859e+09
-1 -1.5 1.5 0.411027 0.0749547 -0.0207894 7.81335e+09
-0.5 -1 1.5 0.256574 -0.00473859 0.00341532 3.52835e+09
-1 -0.5 1.5 0.267063 0.00535055 0.0405015 3.28529e+09
-0.5 0 1.5 0.0680819 -0.0323269 0.0951416 1.54748e+09
-1 0.5 1.5 0.0676198 0.0340933 0.135134 1.40226e+09
-0.5 1 1.5 -0.0929854 -0.0355956 0.200056 7.2178e+08
-1 1.5 1.5 -0.0633432 0.0190753 0.234636 6.61403e+08
0 -1.5 1.5 0.29842 -0.0147611 -0.0688548 3.83346e+09
0.5 -1 1.5 0.142663 -0.143681 -0.0539414 1.91662e+09
0 -0.5 1.5 0.0773854 -0.0918601 0.0366455 1.71019e+09
0.5 0 1.5 -0.0598023 -0.209579 0.0685346 9.13462e+08
0 0.5 1.5 -0.0960397 -0.121403 0.146223 8.07882e+08
0.5 1 1.5 -0.203747 -0.246838 0.187824 4.64718e+08
0 1.5 1.5 -0.220008 -0.154312 0.254457 4.11862e+08
1 -1.5 1.5 0.242065 -0.169457 -0.153895 2.18106e+09
1.5 -1 1.5 0.188078 -0.306549 -0.155341 1.22915e+09
1 -0.5 1.5 0.0406492 -0.280793 -0.0380718 1.04983e+09
1.5 0 1.5 0.00435189 -0.405554 -0.0228192 6.22295e+08
1 0.5 1.5 -0.13229 -0.339826 0.0954868 5.32912e+08
1.5 1 1.5 -0.147845 -0.455317 0.116688 3.31813e+08
1 1.5 1.5 -0.252979 -0.374927 0.218875 2.87673e+08
2 -1.5 1.5 0.363462 -0.257079 -0.26485 1.47533e+09
2.5 -1 1.5 0.379941 -0.341704 -0.268452 9.01309e+08
2 -0.5 1.5 0.185757 -0.413462 -0.151079 7.4111e+08
2.5 0 1.5 0.215315 -0.484426 -0.144113 4.68042e+08
2 0.5 1.5 0.0163487 -0.500919 -0.00924743 3.90272e+08
2.5 1 1.5 0.0528664 -0.564171 0.00211222 2.53253e+08
2 1.5 1.5 -0.128062 -0.54268 0.133187 2.15121e+08
