449
-2.5 -1 -1.5 0.518432 0.359627 0.514187 3.00107e+10
-2.5 0 -1.5 0.503107 0.258395 0.515512 3.18323e+10
-2.5 1 -1.5 0.473278 0.18354 0.476525 2.64421e+10
-2 -1.5 -1.5 0.524442 0.420863 0.476342 2.83244e+10
-1.5 -1 -1.5 0.606753 0.346119 0.477086 4.10497e+10
-2 -0.5 -1.5 0.581641 0.288878 0.508234 4.08575e+10
-1.5 0 -1.5 0.624861 0.234739 0.492421 5.31731e+10
-2 0.5 -1.5 0.556852 0.208618 0.49455 3.96635e+10
-1.5 1 -1.5 0.606403 0.171535 0.467918 4.75767e+10
-2 1.5 -1.5 0.537443 0.153022 0.447907 3.11247e+10
-1 -1.5 -1.5 0.551179 0.432163 0.426884 3.1466e+10
-0.5 -1 -1.5 0.629627 0.370425 0.422934 4.6233e+10
-1 -0.5 -1.5 0.657808 0.286318 0.467157 5.6945e+10
-0.5 0 -1.5 0.694158 0.236595 0.450638 7.42715e+10
-1 0.5 -1.5 0.662943 0.190145 0.471336 6.61497e+10
-0.5 1 -1.5 0.700694 0.163929 0.442499 7.79462e+10
-1 1.5 -1.5 0.652216 0.152119 0.434168 5.40456e+10
0 -1.5 -1.5 0.529147 0.469165 0.370029 3.1424e+10
0.5 -1 -1.5 0.616243 0.420551 0.357617 4.45019e+10
0 -0.5 -1.5 0.682463 0.318107 0.409495 6.33943e+10
0.5 0 -1.5 0.72653 0.278443 0.390063 8.42218e+10
0 0.5 -1.5 0.727755 0.200979 0.428156 9.21186e+10
0.5 1 -1.5 0.759072 0.188882 0.394772 1.06451e+11
0 1.5 -1.5 0.734933 0.160166 0.402897 8.50147e+10
1 -1.5 -1.5 0.491758 0.509297 0.312925 2.87582e+10
1.5 -1 -1.5 0.590695 0.476658 0.29047 4.14956e+10
1 -0.5 -1.5 0.682105 0.384445 0.336566 6.23254e+10
1.5 0 -1.5 0.72955 0.355258 0.311886 8.31749e+10
1 0.5 -1.5 0.759743 0.255674 0.362893 1.04568e+11
1.5 1 -1.5 0.787312 0.251056 0.326526 1.20138e+11
1 1.5 -1.5 0.785561 0.197688 0.350546 1.12838e+11
2 -1.5 -1.5 0.442311 0.542286 0.262036 2.5481e+10
2.5 -1 -1.5 0.53871 0.525358 0.229151 3.63232e+10
2 -0.5 -1.5 0.657059 0.451383 0.261823 5.73296e+10
2.5 0 -1.5 0.700304 0.437582 0.23061 7.43357e+10
2 0.5 -1.5 0.76282 0.338541 0.282256 1.02923e+11
2.5 1 -1.5 0.787305 0.338084 0.245348 1.17498e+11
2 1.5 -1.5 0.808418 0.264991 0.280471 1.26332e+11
-2.25 -0.75 -1.25 0.413114 -0.344964 0.644191 1.22192e+10
-2.25 0.25 -1.25 0.475596 -0.435579 0.589352 1.63155e+10
-2.25 1.25 -1.25 0.55107 -0.477912 0.501108 1.55483e+10
-1.75 -1.25 -1.25 0.456911 -0.262706 0.651468 1.10001e+10
-1.25 -0.75 -1.25 0.497167 -0.299367 0.623012 1.52172e+10
-1.75 -0.25 -1.25 0.46123 -0.376761 0.611736 1.62215e+10
-1.25 0.25 -1.25 0.513001 -0.404314 0.576792 2.17269e+10
-1.75 0.75 -1.25 0.531576 -0.447468 0.548447 2.0284e+10
-1.25 1.25 -1.25 0.586488 -0.447526 0.501269 2.33681e+10
-0.75 -1.25 -1.25 0.545685 -0.237615 0.628125 1.37146e+10
-0.25 -0.75 -1.25 0.571687 -0.263506 0.591452 1.80341e+10
-0.75 -0.25 -1.25 0.518286 -0.332683 0.58481 1.92805e+10
-0.25 0.25 -1.25 0.561585 -0.361549 0.547139 2.48408e+10
-0.75 0.75 -1.25 0.571737 -0.41516 0.535843 2.73518e+10
-0.25 1.25 -1.25 0.636614 -0.403062 0.481462 3.0819e+10
0.25 -1.25 -1.25 0.625681 -0.187061 0.586239 1.51936e+10
0.75 -0.75 -1.25 0.659716 -0.209928 0.550167 1.96945e+10
0.25 -0.25 -1.25 0.595154 -0.28743 0.551522 2.16832e+10
0.75 0.25 -1.25 0.637708 -0.303161 0.503401 2.61772e+10
0.25 0.75 -1.25 0.632549 -0.362873 0.499762 3.12329e+10
0.75 1.25 -1.25 0.698874 -0.341145 0.440076 3.49656e+10
1.25 -1.25 -1.25 0.690345 -0.126134 0.539211 1.45053e+10
1.75 -0.75 -1.25 0.740487 -0.151315 0.486821 2.05442e+10
1.25 -0.25 -1.25 0.68606 -0.230935 0.499643 2.33281e+10
1.75 0.25 -1.25 0.711367 -0.24416 0.445962 2.66011e+10
1.25 0.75 -1.25 0.698133 -0.298915 0.449507 3.20149e+10
1.75 1.25 -1.25 0.753127 -0.273187 0.387042 3.55166e+10
2.25 -1.25 -1.25 0.750532 -0.0667739 0.472442 1.35685e+10
2.25 -0.25 -1.25 0.762424 -0.173199 0.430279 2.38513e+10
2.25 0.75 -1.25 0.748542 -0.234217 0.386086 2.97743e+10
-2.5 -1.5 -1 0.529547 0.423513 0.532822 6.81556e+10
-2.5 -0.5 -1 0.582075 0.311989 0.548016 8.59662e+10
-2.5 0.5 -1 0.531466 0.284949 0.503485 6.92115e+10
-2.5 1.5 -1 0.498846 0.250263 0.443426 5.1467e+10
-1.5 -1.5 -1 0.545354 0.447984 0.482296 7.66325e+10
-2 -1 -1 0.613412 0.343094 0.531976 9.7849e+10
-1.5 -0.5 -1 0.674769 0.283964 0.518074 1.38294e+11
-2 0 -1 0.627184 0.274549 0.522434 1.08967e+11
-1.5 0.5 -1 0.664921 0.249783 0.49005 1.32119e+11
-2 1 -1 0.584328 0.259656 0.470356 8.26176e+10
-1.5 1.5 -1 0.627691 0.249048 0.431497 9.34471e+10
-0.5 -1.5 -1 0.509168 0.485799 0.430678 7.64457e+10
-1 -1 -1 0.649339 0.364037 0.484239 1.20268e+11
-0.5 -0.5 -1 0.713392 0.302631 0.470559 1.77436e+11
-1 0 -1 0.71521 0.246217 0.493017 1.82581e+11
-0.5 0.5 -1 0.745356 0.231759 0.45786 2.21222e+11
-1 1 -1 0.696862 0.240732 0.450448 1.50676e+11
-0.5 1.5 -1 0.724092 0.245934 0.403873 1.60339e+11
0.5 -1.5 -1 0.439635 0.544362 0.372595 7.30822e+10
0 -1 -1 0.61955 0.429043 0.422303 1.19228e+11
0.5 -0.5 -1 0.696191 0.382949 0.400613 1.75144e+11
0 0 -1 0.753928 0.271632 0.442062 2.39763e+11
0.5 0.5 -1 0.783074 0.265882 0.400605 2.88672e+11
0 1 -1 0.768676 0.239124 0.410958 2.40946e+11
0.5 1.5 -1 0.786623 0.259767 0.356996 2.42905e+11
1.5 -1.5 -1 0.378521 0.592299 0.319627 6.62453e+10
1 -1 -1 0.562175 0.508448 0.352741 1.08832e+11
1.5 -0.5 -1 0.664483 0.472825 0.322279 1.65985e+11
1 0 -1 0.756261 0.349947 0.367755 2.48274e+11
1.5 0.5 -1 0.791035 0.341964 0.321784 3.08452e+11
1 1 -1 0.802559 0.281592 0.347452 3.09114e+11
1.5 1.5 -1 0.814436 0.308926 0.288332 3.02376e+11
2.5 -1.5 -1 0.297251 0.625511 0.2743 5.81432e+10
2 -1 -1 0.496348 0.572265 0.288759 9.70592e+10
2.5 -0.5 -1 0.60107 0.555455 0.246461 1.44156e+11
2 0 -1 0.734553 0.442825 0.28313 2.35925e+11
2.5 0.5 -1 0.772512 0.4358 0.233216 2.94781e+11
2 1 -1 0.811112 0.353491 0.266816 3.37262e+11
2.5 1.5 -1 0.815853 0.383986 0.201844 3.20783e+11
-2.25 -1.25 -0.75 0.489695 -0.16291 0.667733 3.35358e+10
-2.25 -0.25 -0.75 0.560526 -0.253384 0.6124 4.76205e+10
-2.25 0.75 -0.75 0.615566 -0.311533 0.515936 4.54724e+10
-1.25 -1.25 -0.75 0.557448 -0.118848 0.647626 3.97419e+10
-1.75 -0.75 -0.75 0.562382 -0.185723 0.63943 4.90033e+10
-1.25 -0.25 -0.75 0.615532 -0.201173 0.599333 6.47292e+10
-1.75 0.25 -0.75 0.619153 -0.261403 0.566348 6.10215e+10
-1.25 0.75 -0.75 0.66832 -0.261578 0.513825 7.14636e+10
-1.75 1.25 -0.75 0.662517 -0.308944 0.464037 5.1796e+10
-0.25 -1.25 -0.75 0.60851 -0.0753776 0.615967 4.34679e+10
-0.75 -0.75 -0.75 0.618599 -0.138951 0.614966 5.94371e+10
-0.25 -0.25 -0.75 0.655894 -0.1415 0.567095 7.23527e+10
-0.75 0.25 -0.75 0.66924 -0.21256 0.551552 8.46907e+10
-0.25 0.75 -0.75 0.720254 -0.201183 0.488606 9.61275e+10
-0.75 1.25 -0.75 0.71265 -0.250134 0.452452 7.6471e+10
0.75 -1.25 -0.75 0.641387 -0.0234105 0.574 4.26571e+10
0.25 -0.75 -0.75 0.656136 -0.110359 0.583011 6.5953e+10
0.75 -0.25 -0.75 0.705331 -0.0882495 0.524287 7.99271e+10
0.25 0.25 -0.75 0.715479 -0.146715 0.510506 9.51966e+10
0.75 0.75 -0.75 0.774933 -0.123984 0.437225 1.10553e+11
0.25 1.25 -0.75 0.769313 -0.176376 0.417178 1.00403e+11
1.75 -1.25 -0.75 0.671649 0.0301253 0.519121 3.95412e+10
1.25 -0.75 -0.75 0.704596 -0.0209195 0.526843 6.19748e+10
1.75 -0.25 -0.75 0.762168 -0.0231367 0.461827 8.41319e+10
1.25 0.25 -0.75 0.765176 -0.0725089 0.454633 9.92138e+10
1.75 0.75 -0.75 0.815349 -0.049198 0.376464 1.15535e+11
1.25 1.25 -0.75 0.817311 -0.0934553 0.360487 1.13318e+11
2.25 -0.75 -0.75 0.747701 0.0509084 0.455243 5.80883e+10
2.25 0.25 -0.75 0.793868 0.00779372 0.382995 9.10607e+10
2.25 1.25 -0.75 0.848653 -0.0069961 0.287315 1.12507e+11
-2.5 -1 -0.5 0.588485 0.0558545 0.608324 1.50906e+11
-2.5 0 -0.5 0.568493 -0.0627974 0.573597 1.39404e+11
-2.5 1 -0.5 0.58177 -0.142176 0.504725 1.16911e+11
-2 -1.5 -0.5 0.517973 0.1758 0.56727 1.29442e+11
-1.5 -1 -0.5 0.615163 0.111614 0.560663 1.94086e+11
-2 -0.5 -0.5 0.622948 0.0169097 0.582882 1.94269e+11
-1.5 0 -0.5 0.663129 -0.0106211 0.551694 2.45983e+11
-2 0.5 -0.5 0.617732 -0.0802781 0.536466 1.72434e+11
-1.5 1 -0.5 0.658083 -0.085114 0.493478 1.99609e+11
-2 1.5 -0.5 0.626158 -0.1411 0.461467 1.33236e+11
-1 -1.5 -0.5 0.521646 0.213216 0.52353 1.40172e+11
-0.5 -1 -0.5 0.620232 0.157825 0.515005 2.15491e+11
-1 -0.5 -0.5 0.6939 0.0646072 0.543629 2.94927e+11
-0.5 0 -0.5 0.731956 0.0459789 0.511019 3.84265e+11
-1 0.5 -0.5 0.694939 -0.0223932 0.51168 2.88829e+11
-0.5 1 -0.5 0.725162 -0.0217521 0.462712 3.12137e+11
-1 1.5 -0.5 0.693063 -0.0784552 0.444063 2.1392e+11
0 -1.5 -0.5 0.487287 0.247764 0.482126 1.4181e+11
0.5 -1 -0.5 0.585983 0.212238 0.462211 2.16165e+11
0 -0.5 -0.5 0.705238 0.128612 0.490092 3.29777e+11
0.5 0 -0.5 0.755546 0.115035 0.45091 4.39949e+11
0 0.5 -0.5 0.75522 0.0414416 0.465384 4.22337e+11
0.5 1 -0.5 0.781438 0.0494633 0.409767 4.32198e+11
0 1.5 -0.5 0.755523 -0.00773331 0.406416 3.16144e+11
1 -1.5 -0.5 0.461149 0.301688 0.432617 1.41667e+11
1.5 -1 -0.5 0.571061 0.29029 0.396846 2.02726e+11
1 -0.5 -0.5 0.680948 0.207742 0.422442 3.09994e+11
1.5 0 -0.5 0.76886 0.199513 0.374693 4.5337e+11
1 0.5 -0.5 0.78763 0.114351 0.398732 4.92146e+11
1.5 1 -0.5 0.810169 0.129663 0.338339 4.9611e+11
1 1.5 -0.5 0.802446 0.0705515 0.348747 4.12586e+11
2 -1.5 -0.5 0.440942 0.352828 0.380248 1.31775e+11
2.5 -1 -0.5 0.545994 0.344149 0.336577 1.84841e+11
2 -0.5 -0.5 0.66928 0.281761 0.351735 2.9679e+11
2.5 0 -0.5 0.749698 0.296143 0.290517 4.12021e+11
2 0.5 -0.5 0.808507 0.207998 0.317402 5.35825e+11
2.5 1 -0.5 0.822225 0.227195 0.249442 5.1103e+11
2 1.5 -0.5 0.823524 0.157041 0.27132 4.49242e+11
-2.25 -0.75 -0.25 0.607184 -0.00124701 0.603272 5.1884e+10
-2.25 0.25 -0.25 0.620915 -0.069348 0.529553 4.83515e+10
-2.25 1.25 -0.25 0.641292 -0.111365 0.432474 3.8193e+10
-1.75 -1.25 -0.25 0.568926 0.0028323 0.618982 5.13698e+10
-1.25 -0.75 -0.25 0.655291 0.0258908 0.581898 7.53973e+10
-1.75 -0.25 -0.25 0.65074 -0.021857 0.56666 6.7203e+10
-1.25 0.25 -0.25 0.701831 -0.0175326 0.519768 8.28383e+10
-1.75 0.75 -0.25 0.670916 -0.0640871 0.481828 5.73917e+10
-1.25 1.25 -0.25 0.70751 -0.0483266 0.429317 6.21806e+10
-0.75 -1.25 -0.25 0.611679 0.0844775 0.572256 5.83844e+10
-0.25 -0.75 -0.25 0.685119 0.0634952 0.547813 8.84412e+10
-0.75 -0.25 -0.25 0.709799 0.021042 0.543458 9.78272e+10
-0.25 0.25 -0.25 0.755063 0.0474739 0.485039 1.15328e+11
-0.75 0.75 -0.25 0.734314 -0.000529472 0.464519 8.95735e+10
-0.25 1.25 -0.25 0.766521 0.0255366 0.402764 9.17182e+10
0.25 -1.25 -0.25 0.599008 0.133716 0.537021 5.85341e+10
0.75 -0.75 -0.25 0.677029 0.10087 0.506312 8.63871e+10
0.25 -0.25 -0.25 0.727192 0.0758384 0.498977 1.05502e+11
0.75 0.25 -0.25 0.777594 0.116762 0.427044 1.25584e+11
0.25 0.75 -0.25 0.785162 0.0728239 0.420033 1.20221e+11
0.75 1.25 -0.25 0.814035 0.107971 0.351195 1.2017e+11
1.25 -1.25 -0.25 0.618736 0.160796 0.494512 5.798e+10
1.75 -0.75 -0.25 0.686859 0.200744 0.430077 8.23469e+10
1.25 -0.25 -0.25 0.74569 0.151816 0.436981 1.1303e+11
1.75 0.25 -0.25 0.798165 0.185651 0.362516 1.34798e+11
1.25 0.75 -0.25 0.81559 0.153573 0.353725 1.37781e+11
1.75 1.25 -0.25 0.832494 0.198123 0.277454 1.29824e+11
2.25 -1.25 -0.25 0.632962 0.207529 0.434688 5.62024e+10
2.25 -0.25 -0.25 0.753152 0.224604 0.363923 1.0987e+11
2.25 0.75 -0.25 0.826218 0.245386 0.272043 1.40825e+11
-2.5 -1.5 0 0.566836 -0.048151 0.627432 1.38691e+11
-2.5 -0.5 0 0.598502 -0.26434 0.618343 1.47265e+11
-2.5 0.5 0 0.637969 -0.342121 0.548107 1.40504e+11
-2.5 1.5 0 0.682861 -0.384413 0.457125 1.15464e+11
-1.5 -1.5 0 0.54164 0.0797868 0.562091 1.79323e+11
-2 -1 0 0.615342 -0.140298 0.616979 1.7696e+11
-1.5 -0.5 0 0.663298 -0.169725 0.589483 2.31023e+11
-2 0 0 0.645016 -0.272855 0.581025 1.87886e+11
-1.5 0.5 0 0.693567 -0.270465 0.53746 2.29202e+11
-2 1 0 0.685635 -0.334251 0.502466 1.66708e+11
-1.5 1.5 0 0.724434 -0.324883 0.452373 1.81441e+11
-0.5 -1.5 0 0.53974 0.130169 0.519327 1.97813e+11
-1 -1 0 0.63567 0.0306312 0.549376 2.50296e+11
-0.5 -0.5 0 0.721722 -0.0313244 0.536537 3.61682e+11
-1 0 0 0.705824 -0.188418 0.554899 2.90567e+11
-0.5 0.5 0 0.742893 -0.196092 0.508324 3.2891e+11
-1 1 0 0.732211 -0.266519 0.487183 2.52874e+11
-0.5 1.5 0 0.771329 -0.253297 0.429118 2.59693e+11
0.5 -1.5 0 0.513539 0.176126 0.47925 2.05892e+11
0 -1 0 0.638814 0.0734109 0.509263 2.84798e+11
0.5 -0.5 0 0.730575 0.031689 0.487255 3.93282e+11
0 0 0 0.751331 -0.0977867 0.50845 3.88705e+11
0.5 0.5 0 0.78964 -0.11169 0.456442 4.115e+11
0 1 0 0.781924 -0.188956 0.450239 3.43396e+11
0.5 1.5 0 0.820832 -0.166935 0.385609 3.36872e+11
1.5 -1.5 0 0.502478 0.227026 0.430676 2.04828e+11
1 -1 0 0.611587 0.15056 0.450393 2.93053e+11
1.5 -0.5 0 0.710684 0.155074 0.402736 3.88578e+11
1 0 0 0.781741 -0.0211773 0.447461 4.2553e+11
1.5 0.5 0 0.82829 -0.0236715 0.388719 4.54853e+11
1 1 0 0.829883 -0.0974794 0.39256 4.1633e+11
1.5 1.5 0 0.858022 -0.0761183 0.323794 3.77604e+11
2.5 -1.5 0 0.498185 0.281472 0.374788 1.94189e+11
2 -1 0 0.613595 0.237462 0.380266 2.84851e+11
2.5 -0.5 0 0.708034 0.231624 0.330156 3.75756e+11
2 0 0 0.803007 0.137766 0.356494 5.05946e+11
2.5 0.5 0 0.848438 0.09427 0.300865 4.6832e+11
2 1 0 0.861047 -0.00763953 0.318736 4.34128e+11
2.5 1.5 0 0.879289 0.0166599 0.243069 3.62491e+11
-2.25 -1.25 0.25 0.606986 0.125398 0.55441 2.67271e+10
-2.25 -0.25 0.25 0.585039 0.119217 0.534214 2.2048e+10
-2.25 0.75 0.25 0.558096 0.0879472 0.480969 1.70198e+10
-1.25 -1.25 0.25 0.613631 0.140498 0.523859 5.63814e+10
-1.75 -0.75 0.25 0.642624 0.122422 0.532013 3.22429e+10
-1.25 -0.25 0.25 0.669759 0.137248 0.496826 3.69019e+10
-1.75 0.25 0.25 0.617807 0.122867 0.499289 2.57257e+10
-1.25 0.75 0.25 0.64993 0.151083 0.464834 2.89028e+10
-1.75 1.25 0.25 0.601011 0.108724 0.444196 1.92555e+10
-0.25 -1.25 0.25 0.622195 0.222082 0.475112 6.37943e+10
-0.75 -0.75 0.25 0.690564 0.140067 0.489406 7.46608e+10
-0.25 -0.25 0.25 0.712708 0.184754 0.444117 4.98054e+10
-0.75 0.25 0.25 0.694772 0.172917 0.463585 4.14628e+10
-0.25 0.75 0.25 0.716241 0.218154 0.423134 4.30029e+10
-0.75 1.25 0.25 0.678276 0.178882 0.42319 3.05118e+10
0.75 -1.25 0.25 0.587164 0.28909 0.431628 6.56182e+10
0.25 -0.75 0.25 0.696631 0.189529 0.443087 8.41854e+10
0.75 -0.25 0.25 0.719779 0.242239 0.386304 5.45255e+10
0.25 0.25 0.25 0.738072 0.238262 0.401589 5.44642e+10
0.75 0.75 0.25 0.755578 0.283794 0.351547 5.47254e+10
0.25 1.25 0.25 0.738849 0.250758 0.373678 4.35548e+10
1.75 -1.25 0.25 0.578162 0.326545 0.384774 6.48382e+10
1.25 -0.75 0.25 0.671448 0.26668 0.387141 8.66798e+10
1.75 -0.25 0.25 0.725745 0.306826 0.318118 9.91183e+10
1.25 0.25 0.25 0.740753 0.306229 0.323104 5.79188e+10
1.75 0.75 0.25 0.752861 0.365112 0.266974 5.79267e+10
1.25 1.25 0.25 0.764801 0.335917 0.300078 5.25652e+10
2.25 -0.75 0.25 0.658503 0.344291 0.315977 8.60007e+10
2.25 0.25 0.25 0.734282 0.370116 0.240156 5.98164e+10
2.25 1.25 0.25 0.751264 0.434493 0.205604 5.2739e+10
-2.5 -1 0.5 0.599187 -0.122863 0.592268 7.84487e+10
-2.5 0 0.5 0.623401 -0.238041 0.571668 7.45341e+10
-2.5 1 0.5 0.658721 -0.300734 0.512057 6.62959e+10
-2 -1.5 0.5 0.571055 0.0986733 0.546693 1.16159e+11
-1.5 -1 0.5 0.666481 0.00980598 0.545964 1.55863e+11
-2 -0.5 0.5 0.646607 -0.148911 0.570316 1.007e+11
-1.5 0 0.5 0.690168 -0.162339 0.541037 1.26262e+11
-2 0.5 0.5 0.670942 -0.23737 0.535493 9.23094e+10
-1.5 1 0.5 0.712913 -0.224117 0.494469 1.05208e+11
-2 1.5 0.5 0.7019 -0.2854 0.469334 7.50979e+10
-1 -1.5 0.5 0.562921 0.0847716 0.520844 1.84232e+11
-0.5 -1 0.5 0.663643 0.0529256 0.502112 2.46439e+11
-1 -0.5 0.5 0.702261 -0.0714215 0.533007 1.74949e+11
-0.5 0 0.5 0.738296 -0.0743602 0.494345 1.84887e+11
-1 0.5 0.5 0.72827 -0.152861 0.502697 1.4097e+11
-0.5 1 0.5 0.763983 -0.140739 0.457408 1.507e+11
-1 1.5 0.5 0.750438 -0.208417 0.446746 1.11731e+11
0 -1.5 0.5 0.56551 0.124202 0.486509 2.21292e+11
0.5 -1 0.5 0.653944 0.102068 0.459364 2.7585e+11
0 -0.5 0.5 0.728016 0.0621521 0.472602 2.55218e+11
0.5 0 0.5 0.769876 0.02481 0.433504 2.39358e+11
0 0.5 0.5 0.775311 -0.0661868 0.451004 1.91961e+11
0.5 1 0.5 0.811594 -0.0507655 0.399177 1.96673e+11
0 1.5 0.5 0.80052 -0.11972 0.403099 1.5262e+11
1 -1.5 0.5 0.54401 0.174678 0.445498 2.30001e+11
1.5 -1 0.5 0.631827 0.183637 0.398127 2.8621e+11
1 -0.5 0.5 0.722303 0.133987 0.414922 2.7872e+11
1.5 0 0.5 0.788826 0.0848141 0.372836 2.7726e+11
1 0.5 0.5 0.812576 0.0225512 0.384453 2.42039e+11
1.5 1 0.5 0.840516 0.0488305 0.326072 2.2306e+11
1 1.5 0.5 0.839477 -0.0207092 0.341368 1.84368e+11
2 -1.5 0.5 0.534484 0.221725 0.39609 2.25778e+11
2.5 -1 0.5 0.640862 0.243795 0.33753 2.9996e+11
2 -0.5 0.5 0.734767 0.212505 0.33932 3.63283e+11
2.5 0 0.5 0.775506 0.243164 0.278542 3.2081e+11
2 0.5 0.5 0.824359 0.11135 0.305831 2.53345e+11
2.5 1 0.5 0.848536 0.145246 0.237143 2.17801e+11
2 1.5 0.5 0.858421 0.0796664 0.262554 1.91914e+11
-2.25 -0.75 0.75 0.588657 0.184391 0.503727 1.56903e+10
-2.25 0.25 0.75 0.515609 0.177223 0.509551 1.11387e+10
-2.25 1.25 0.75 0.498032 0.134753 0.491155 8.68916e+09
-1.75 -1.25 0.75 0.628159 0.189957 0.488034 3.84259e+10
-1.25 -0.75 0.75 0.675186 0.213002 0.455832 2.80851e+10
-1.75 -0.25 0.75 0.605272 0.199579 0.486989 1.75715e+10
-1.25 0.25 0.75 0.642555 0.22177 0.462321 2.01763e+10
-1.75 0.75 0.75 0.563844 0.187772 0.486199 1.31286e+10
-1.25 1.25 0.75 0.590099 0.218048 0.464219 1.41867e+10
-0.75 -1.25 0.75 0.613263 0.25702 0.436294 5.09309e+10
-0.25 -0.75 0.75 0.684737 0.235821 0.409739 5.93496e+10
-0.75 -0.25 0.75 0.676195 0.256479 0.423825 2.86699e+10
-0.25 0.25 0.75 0.70908 0.27779 0.399284 3.03085e+10
-0.75 0.75 0.75 0.649828 0.256322 0.439856 2.08505e+10
-0.25 1.25 0.75 0.662538 0.298674 0.414329 2.11307e+10
0.25 -1.25 0.75 0.578359 0.334762 0.383962 5.68496e+10
0.75 -0.75 0.75 0.661241 0.290013 0.358226 6.50033e+10
0.25 -0.25 0.75 0.682431 0.29492 0.360628 3.51691e+10
0.75 0.25 0.75 0.710885 0.358219 0.319713 3.57073e+10
0.25 0.75 0.75 0.699449 0.332397 0.368504 2.82914e+10
0.75 1.25 0.75 0.71089 0.382143 0.33476 2.81931e+10
1.25 -1.25 0.75 0.533272 0.413353 0.332921 6.03065e+10
1.75 -0.75 0.75 0.623756 0.405381 0.283918 7.27085e+10
1.25 -0.25 0.75 0.680041 0.343051 0.300456 3.96897e+10
1.75 0.25 0.75 0.676611 0.43439 0.231887 3.79271e+10
1.25 0.75 0.75 0.721781 0.413459 0.278241 3.48905e+10
1.75 1.25 0.75 0.706869 0.476054 0.235896 3.07828e+10
2.25 -1.25 0.75 0.483521 0.466494 0.279161 5.91508e+10
2.25 -0.25 0.75 0.668981 0.413822 0.225812 6.80295e+10
2.25 0.75 0.75 0.688529 0.496142 0.175789 3.45048e+10
-2.5 -1.5 1 0.590147 -0.0400707 0.567892 5.61053e+10
-2.5 -0.5 1 0.621651 -0.154361 0.562568 4.3678e+10
-2.5 0.5 1 0.642425 -0.217512 0.543324 3.70052e+10
-2.5 1.5 1 0.67555 -0.261695 0.496092 3.14654e+10
-1.5 -1.5 1 0.593975 0.0881702 0.508502 1.13768e+11
-2 -1 1 0.646969 -0.0667699 0.548331 6.68042e+10
-1.5 -0.5 1 0.687268 -0.0641288 0.517493 7.38355e+10
-2 0 1 0.666349 -0.146221 0.536237 5.15382e+10
-1.5 0.5 1 0.714374 -0.132907 0.50477 6.17008e+10
-2 1 1 0.69115 -0.20053 0.508929 4.41884e+10
-1.5 1.5 1 0.729464 -0.177472 0.470967 4.83162e+10
-0.5 -1.5 1 0.577729 0.117723 0.473081 1.62107e+11
-1 -1 1 0.677108 0.0796305 0.491954 1.22906e+11
-0.5 -0.5 1 0.721469 0.00670928 0.477793 1.23602e+11
-1 0 1 0.737793 -0.0627973 0.489515 8.85737e+10
-0.5 0.5 1 0.765953 -0.0409698 0.451249 8.96138e+10
-1 1 1 0.747156 -0.110154 0.468662 6.58875e+10
-0.5 1.5 1 0.780073 -0.0844055 0.426104 6.79588e+10
0.5 -1.5 1 0.572951 0.153139 0.439984 1.96428e+11
0 -1 1 0.656394 0.108522 0.446181 1.84992e+11
0.5 -0.5 1 0.717432 0.149869 0.409434 1.72186e+11
0 0 1 0.766215 0.0250572 0.4319 1.2159e+11
0.5 0.5 1 0.79884 0.04976 0.385597 1.16729e+11
0 1 1 0.794616 -0.0155118 0.409587 8.96488e+10
0.5 1.5 1 0.824742 0.0207281 0.360858 8.83124e+10
1.5 -1.5 1 0.549514 0.20107 0.397433 2.02268e+11
1 -1 1 0.630004 0.158211 0.401664 2.04188e+11
1.5 -0.5 1 0.701594 0.222532 0.347615 1.90716e+11
1 0 1 0.77446 0.128456 0.362761 1.4851e+11
1.5 0.5 1 0.823181 0.147947 0.308065 1.44813e+11
1 1 1 0.831339 0.0870433 0.334777 1.13817e+11
1.5 1.5 1 0.843939 0.13054 0.281135 9.86501e+10
2.5 -1.5 1 0.559716 0.255296 0.345037 2.04971e+11
2 -1 1 0.64407 0.228287 0.342966 2.2816e+11
2.5 -0.5 1 0.736609 0.249458 0.291018 2.41117e+11
2 0 1 0.783839 0.180277 0.301466 1.74113e+11
2.5 0.5 1 0.813049 0.240892 0.21974 1.44684e+11
2 1 1 0.835232 0.192238 0.247085 1.2032e+11
2.5 1.5 1 0.835925 0.240772 0.184051 9.49891e+10
-2.25 -1.25 1.25 0.604796 0.248281 0.475251 1.26436e+10
-2.25 -0.25 1.25 0.53463 0.241665 0.504578 7.89757e+09
-2.25 0.75 1.25 0.461666 0.18178 0.540979 5.66113e+09
-1.25 -1.25 1.25 0.624458 0.287157 0.417927 3.11322e+10
-1.75 -0.75 1.25 0.611017 0.270875 0.450594 1.32483e+10
-1.25 -0.25 1.25 0.630244 0.28007 0.440365 1.35066e+10
-1.75 0.25 1.25 0.547364 0.247857 0.495664 8.50488e+09
-1.25 0.75 1.25 0.585931 0.268329 0.481483 9.74091e+09
-1.75 1.25 1.25 0.514138 0.201194 0.523492 6.51707e+09
-0.25 -1.25 1.25 0.572719 0.349642 0.363225 3.89461e+10
-0.75 -0.75 1.25 0.664378 0.31826 0.3855 2.13735e+10
-0.25 -0.25 1.25 0.65515 0.346829 0.360236 1.95057e+10
-0.75 0.25 1.25 0.657506 0.31572 0.42316 1.49877e+10
-0.25 0.75 1.25 0.657572 0.349365 0.407249 1.44099e+10
-0.75 1.25 1.25 0.597577 0.298997 0.468514 1.00005e+10
0.75 -1.25 1.25 0.512156 0.401153 0.315364 4.4178e+10
0.25 -0.75 1.25 0.645108 0.353647 0.331899 4.25723e+10
0.75 -0.25 1.25 0.636257 0.389126 0.288531 2.30576e+10
0.25 0.25 1.25 0.683393 0.390495 0.338129 1.99986e+10
0.75 0.75 1.25 0.677785 0.440712 0.311996 1.79102e+10
0.25 1.25 1.25 0.657268 0.394189 0.387881 1.38954e+10
1.75 -1.25 1.25 0.451469 0.488302 0.253195 4.65935e+10
1.25 -0.75 1.25 0.591213 0.409598 0.274662 4.49698e+10
1.75 -0.25 1.25 0.593566 0.449114 0.222172 2.50204e+10
1.25 0.25 1.25 0.651192 0.467345 0.243696 2.14443e+10
1.75 0.75 1.25 0.650788 0.54776 0.202571 2.05135e+10
1.25 1.25 1.25 0.675332 0.501288 0.284703 1.73187e+10
2.25 -0.75 1.25 0.539051 0.466203 0.210186 4.53476e+10
2.25 0.25 1.25 0.575657 0.530659 0.155009 2.13094e+10
2.25 1.25 1.25 0.63439 0.608037 0.157428 1.75489e+10
-2.5 -1 1.5 0.613719 -0.080501 0.545107 2.67334e+10
-2.5 0 1.5 0.646535 -0.155071 0.543352 2.22722e+10
-2.5 1 1.5 0.664793 -0.195516 0.531357 1.85908e+10
-2 -1.5 1.5 0.614539 0.0933341 0.507272 5.15703e+10
-1.5 -1 1.5 0.662941 -0.0018598 0.503561 5.30383e+10
-2 -0.5 1.5 0.673753 -0.0849188 0.522248 3.31198e+10
-1.5 0 1.5 0.713191 -0.0665131 0.494235 3.68534e+10
-2 0.5 1.5 0.689751 -0.132135 0.517387 2.58573e+10
-1.5 1 1.5 0.734237 -0.100202 0.485945 2.96853e+10
-2 1.5 1.5 0.711099 -0.165049 0.498499 2.14282e+10
-1 -1.5 1.5 0.581801 0.122587 0.462726 8.82363e+10
-0.5 -1 1.5 0.67146 0.142715 0.44276 8.91464e+10
-1 -0.5 1.5 0.712947 0.00745449 0.470677 5.36631e+10
-0.5 0 1.5 0.768719 0.0214332 0.438214 6.01824e+10
-1 0.5 1.5 0.75914 -0.0359331 0.461851 4.19399e+10
-0.5 1 1.5 0.783832 -0.000257058 0.426339 4.19422e+10
-1 1.5 1.5 0.764708 -0.0661013 0.451723 3.09913e+10
0 -1.5 1.5 0.575964 0.160381 0.426697 1.22856e+11
0.5 -1 1.5 0.650342 0.171061 0.394805 1.30405e+11
0 -0.5 1.5 0.72881 0.0742883 0.426787 8.38967e+10
0.5 0 1.5 0.774965 0.113323 0.373224 7.60158e+10
0 0.5 1.5 0.79443 0.060433 0.396475 5.7258e+10
0.5 1 1.5 0.818739 0.106423 0.351555 5.44286e+10
0 1.5 1.5 0.809437 0.0428632 0.385533 4.13695e+10
1 -1.5 1.5 0.548063 0.175801 0.398236 1.46865e+11
1.5 -1 1.5 0.600456 0.222255 0.34531 1.38757e+11
1 -0.5 1.5 0.697496 0.226867 0.353761 1.11248e+11
1.5 0 1.5 0.7638 0.210428 0.302154 8.82681e+10
1 0.5 1.5 0.810865 0.159781 0.319601 7.01303e+10
1.5 1 1.5 0.831245 0.226778 0.263077 6.45842e+10
1 1.5 1.5 0.83586 0.16548 0.303141 5.07637e+10
2 -1.5 1.5 0.547506 0.242597 0.345844 1.54027e+11
2.5 -1 1.5 0.627747 0.290738 0.284207 1.5456e+11
2 -0.5 1.5 0.67906 0.301267 0.286548 1.21062e+11
2.5 0 1.5 0.747835 0.303759 0.222568 9.56198e+10
2 0.5 1.5 0.806933 0.270575 0.233047 7.90086e+10
2.5 1 1.5 0.804756 0.341018 0.159999 6.36307e+10
2 1.5 1.5 0.826989 0.287459 0.204842 5.25237e+10
