449
-2.5 -1 -1.5 0.52389 0.0990245 0.220877 5.85659e+09
-2.5 0 -1.5 0.531634 0.123294 0.159635 3.44628e+09
-2.5 1 -1.5 0.531509 0.152528 0.103245 1.92533e+09
-2 -1.5 -1.5 0.55524 0.116293 0.253743 9.25072e+09
-1.5 -1 -1.5 0.589858 0.154561 0.221488 8.65972e+09
-2 -0.5 -1.5 0.558434 0.139162 0.191994 5.46083e+09
-1.5 0 -1.5 0.581382 0.184146 0.164038 4.85654e+09
-2 0.5 -1.5 0.554555 0.168747 0.134952 3.05974e+09
-1.5 1 -1.5 0.567547 0.215625 0.110821 2.59891e+09
-2 1.5 -1.5 0.544819 0.198969 0.0822109 1.63354e+09
-1 -1.5 -1.5 0.626204 0.168774 0.247572 1.37609e+10
-0.5 -1 -1.5 0.647673 0.211236 0.212003 1.22609e+10
-1 -0.5 -1.5 0.612388 0.19851 0.189909 7.71096e+09
-0.5 0 -1.5 0.623982 0.2449 0.158655 6.54185e+09
-1 0.5 -1.5 0.593848 0.23098 0.136517 4.12477e+09
-0.5 1 -1.5 0.597796 0.276878 0.108693 3.35679e+09
-1 1.5 -1.5 0.572468 0.261372 0.0864387 2.1175e+09
0 -1.5 -1.5 0.686578 0.221438 0.229829 1.95205e+10
0.5 -1 -1.5 0.694911 0.266432 0.189946 1.64622e+10
0 -0.5 -1.5 0.657916 0.256923 0.176635 1.03787e+10
0.5 0 -1.5 0.658948 0.302453 0.140968 8.38516e+09
0 0.5 -1.5 0.626667 0.290672 0.127087 5.30892e+09
0.5 1 -1.5 0.622887 0.333428 0.0944786 4.14306e+09
0 1.5 -1.5 0.595575 0.319678 0.0798039 2.62921e+09
1 -1.5 -1.5 0.733012 0.273199 0.198143 2.59939e+10
1.5 -1 -1.5 0.72945 0.318954 0.153104 2.06918e+10
1 -0.5 -1.5 0.693846 0.311852 0.14979 1.32159e+10
1.5 0 -1.5 0.685829 0.354674 0.108808 1.01706e+10
1 0.5 -1.5 0.653254 0.345143 0.104343 6.50563e+09
1.5 1 -1.5 0.643267 0.383282 0.0662094 4.87808e+09
1 1.5 -1.5 0.615011 0.37167 0.0602621 3.12608e+09
2 -1.5 -1.5 0.762439 0.325298 0.150397 3.18127e+10
2.5 -1 -1.5 0.748668 0.369859 0.0997229 2.39311e+10
2 -0.5 -1.5 0.718715 0.362357 0.107416 1.57575e+10
2.5 0 -1.5 0.70325 0.401141 0.0606434 1.1576e+10
2 0.5 -1.5 0.673318 0.39293 0.0664929 7.55824e+09
2.5 1 -1.5 0.658331 0.425715 0.0225961 5.45865e+09
2 1.5 -1.5 0.63097 0.416123 0.0263058 3.55431e+09
-2.25 -0.75 -1.25 0.748465 -0.436266 0.127685 3.17748e+09
-2.25 0.25 -1.25 0.765101 -0.405578 0.0579023 1.76265e+09
-2.25 1.25 -1.25 0.771991 -0.376745 -0.00252929 9.27845e+08
-1.75 -1.25 -1.25 0.746749 -0.43017 0.172051 4.87953e+09
-1.25 -0.75 -1.25 0.766114 -0.392774 0.138725 4.15762e+09
-1.75 -0.25 -1.25 0.765713 -0.400169 0.0988233 2.71684e+09
-1.25 0.25 -1.25 0.774728 -0.364745 0.0724901 2.19441e+09
-1.75 0.75 -1.25 0.773304 -0.371666 0.035571 1.43168e+09
-1.25 1.25 -1.25 0.774158 -0.339937 0.0143116 1.107e+09
-0.75 -1.25 -1.25 0.766566 -0.38292 0.177111 6.30204e+09
-0.25 -0.75 -1.25 0.778546 -0.344051 0.140944 5.02859e+09
-0.75 -0.25 -1.25 0.776378 -0.355702 0.107805 3.3379e+09
-0.25 0.25 -1.25 0.777597 -0.320566 0.0778912 2.54353e+09
-0.75 0.75 -1.25 0.775582 -0.331419 0.047196 1.6851e+09
-0.25 1.25 -1.25 0.769097 -0.300545 0.0212426 1.24103e+09
0.25 -1.25 -1.25 0.781722 -0.329042 0.171102 7.47492e+09
0.75 -0.75 -1.25 0.784699 -0.289569 0.129899 5.60375e+09
0.25 -0.25 -1.25 0.78049 -0.306868 0.105749 3.80073e+09
0.75 0.25 -1.25 0.77338 -0.271969 0.0699028 2.75167e+09
0.25 0.75 -1.25 0.770668 -0.287828 0.0473149 1.85801e+09
0.75 1.25 -1.25 0.757108 -0.257106 0.014622 1.31458e+09
1.25 -1.25 -1.25 0.790681 -0.267716 0.14917 8.10136e+09
1.75 -0.75 -1.25 0.783508 -0.227666 0.100669 5.75826e+09
1.25 -0.25 -1.25 0.777578 -0.252216 0.0880773 4.01944e+09
1.75 0.25 -1.25 0.762229 -0.216888 0.0442987 2.79438e+09
1.25 0.75 -1.25 0.758894 -0.23909 0.0319949 1.93049e+09
1.75 1.25 -1.25 0.738981 -0.207648 -0.00876216 1.32478e+09
2.25 -1.25 -1.25 0.790846 -0.197494 0.106341 8.00853e+09
2.25 -0.25 -1.25 0.767111 -0.189684 0.0503861 3.96642e+09
2.25 0.75 -1.25 0.740796 -0.183204 -0.00209991 1.90236e+09
-2.5 -1.5 -1 0.470809 0.223807 0.236303 1.46548e+10
-2.5 -0.5 -1 0.464485 0.24156 0.171232 8.65737e+09
-2.5 0.5 -1 0.453987 0.265829 0.11076 4.87019e+09
-2.5 1.5 -1 0.439427 0.29126 0.0545869 2.61185e+09
-1.5 -1.5 -1 0.548733 0.273362 0.232113 2.22076e+10
-2 -1 -1 0.503659 0.257989 0.203476 1.38404e+10
-1.5 -0.5 -1 0.525626 0.297714 0.171632 1.24545e+10
-2 0 -1 0.487431 0.282202 0.142852 7.78419e+09
-1.5 0.5 -1 0.500753 0.325273 0.115225 6.68799e+09
-2 1 -1 0.468183 0.308917 0.086385 4.1845e+09
-1.5 1.5 -1 0.474779 0.35167 0.0620437 3.44717e+09
-0.5 -1.5 -1 0.617242 0.322851 0.216577 3.2214e+10
-1 -1 -1 0.568968 0.311691 0.196416 1.99857e+10
-0.5 -0.5 -1 0.579021 0.353392 0.161183 1.71078e+10
-1 0 -1 0.537611 0.34028 0.140397 1.06875e+10
-0.5 0.5 -1 0.541425 0.382857 0.109061 8.7739e+09
-1 1 -1 0.506161 0.368148 0.0875469 5.50502e+09
-0.5 1.5 -1 0.505837 0.408589 0.0589425 4.35778e+09
0.5 -1.5 -1 0.673093 0.369633 0.1871 4.41694e+10
0 -1 -1 0.624666 0.363581 0.176924 2.74628e+10
0.5 -0.5 -1 0.623734 0.405 0.137144 2.23025e+10
0 0 -1 0.580744 0.395401 0.125824 1.3983e+10
0.5 0.5 -1 0.576492 0.435088 0.0895918 1.09728e+10
0 1 -1 0.539365 0.423024 0.0767995 6.92327e+09
0.5 1.5 -1 0.533704 0.459103 0.0429206 5.27723e+09
1.5 -1.5 -1 0.713478 0.412865 0.141404 5.62616e+10
1 -1 -1 0.668971 0.410822 0.142477 3.55486e+10
1.5 -0.5 -1 0.65883 0.44996 0.0972366 2.73778e+10
1 0 -1 0.616784 0.444235 0.0965925 1.73623e+10
1.5 0.5 -1 0.606174 0.479278 0.0546717 1.30467e+10
1 1 -1 0.568606 0.470623 0.0518311 8.31645e+09
1.5 1.5 -1 0.558963 0.501082 0.0121726 6.11946e+09
2.5 -1.5 -1 0.735153 0.454539 0.077831 6.51026e+10
2 -1 -1 0.699768 0.452599 0.0911185 4.27387e+10
2.5 -0.5 -1 0.68225 0.487881 0.0400177 3.12862e+10
2 0 -1 0.644987 0.484834 0.0508617 2.03356e+10
2.5 0.5 -1 0.62932 0.514306 0.00306669 1.46698e+10
2 1 -1 0.593791 0.509103 0.0110455 9.52094e+09
2.5 1.5 -1 0.58089 0.533491 -0.0343162 6.77876e+09
-2.25 -1.25 -0.75 0.740586 -0.324807 0.106584 9.42284e+09
-2.25 -0.25 -0.75 0.746292 -0.298119 0.0292143 5.29357e+09
-2.25 0.75 -0.75 0.743165 -0.270825 -0.0372911 2.81844e+09
-1.25 -1.25 -0.75 0.765992 -0.267041 0.115647 1.26746e+10
-1.75 -0.75 -0.75 0.755798 -0.284469 0.0730091 8.21435e+09
-1.25 -0.25 -0.75 0.762322 -0.242907 0.042743 6.74349e+09
-1.75 0.25 -0.75 0.75237 -0.258443 0.00339213 4.37144e+09
-1.25 0.75 -0.75 0.750427 -0.219679 -0.0204832 3.42367e+09
-1.75 1.25 -0.75 0.741748 -0.234138 -0.0573888 2.22149e+09
-0.25 -1.25 -0.75 0.785559 -0.199862 0.11502 1.57253e+10
-0.75 -0.75 -0.75 0.773274 -0.223606 0.0802157 1.03385e+10
-0.25 -0.25 -0.75 0.771073 -0.180625 0.0467308 7.97001e+09
-0.75 0.25 -0.75 0.760117 -0.202041 0.0144306 5.24199e+09
-0.25 0.75 -0.75 0.749929 -0.162883 -0.0136907 3.89207e+09
-0.75 1.25 -0.75 0.741128 -0.18271 -0.0442296 2.56224e+09
0.75 -1.25 -0.75 0.798003 -0.124096 0.0997172 1.79098e+10
0.25 -0.75 -0.75 0.783618 -0.154812 0.0755522 1.20163e+10
0.75 -0.25 -0.75 0.772285 -0.111324 0.0364203 8.75526e+09
0.25 0.25 -0.75 0.760219 -0.139274 0.0135025 5.86433e+09
0.75 0.75 -0.75 0.742342 -0.0998915 -0.0211679 4.16564e+09
0.25 1.25 -0.75 0.733219 -0.12564 -0.0433629 2.788e+09
1.75 -1.25 -0.75 0.801836 -0.0413303 0.0643776 1.87184e+10
1.25 -0.75 -0.75 0.786279 -0.0786581 0.0538609 1.29163e+10
1.75 -0.25 -0.75 0.766325 -0.0354983 0.00690869 8.99767e+09
1.25 0.25 -0.75 0.753368 -0.06992 -0.00401133 6.16088e+09
1.75 0.75 -0.75 0.729018 -0.0307973 -0.0468326 4.23315e+09
1.25 1.25 -0.75 0.719413 -0.0624627 -0.058485 2.88517e+09
2.25 -0.75 -0.75 0.780602 0.00313874 0.0102555 1.29046e+10
2.25 0.25 -0.75 0.74046 0.00492552 -0.0420725 6.12708e+09
2.25 1.25 -0.75 0.701341 0.00599202 -0.092452 2.86143e+09
-2.5 -1 -0.5 0.648416 -0.195583 0.169716 2.28385e+10
-2.5 0 -0.5 0.649506 -0.175493 0.100265 1.28717e+10
-2.5 1 -0.5 0.642976 -0.1531 0.039094 6.8831e+09
-2 -1.5 -0.5 0.662984 -0.174088 0.210006 3.57461e+10
-1.5 -1 -0.5 0.678184 -0.134717 0.174775 3.15085e+10
-2 -0.5 -0.5 0.662842 -0.157082 0.138608 2.0173e+10
-1.5 0 -0.5 0.668204 -0.116304 0.110164 1.68471e+10
-2 0.5 -0.5 0.654759 -0.136187 0.0756319 1.07922e+10
-1.5 1 -0.5 0.651885 -0.0967948 0.0528266 8.60291e+09
-2 1.5 -0.5 0.640667 -0.115561 0.0197127 5.50835e+09
-1 -1.5 -0.5 0.696077 -0.107596 0.207979 4.90305e+10
-0.5 -1 -0.5 0.701755 -0.0646874 0.17043 4.05473e+10
-1 -0.5 -0.5 0.683713 -0.0927079 0.142036 2.61918e+10
-0.5 0 -0.5 0.67996 -0.050262 0.111063 2.06327e+10
-1 0.5 -0.5 0.664863 -0.0752714 0.0835115 1.33577e+10
-0.5 1 -0.5 0.654024 -0.0354877 0.0574198 1.01229e+10
-1 1.5 -0.5 0.641974 -0.0586828 0.0305575 6.55689e+09
0 -1.5 -0.5 0.722713 -0.0317267 0.194339 6.24477e+10
0.5 -1 -0.5 0.718019 0.0125603 0.153206 4.84271e+10
0 -0.5 -0.5 0.697586 -0.021121 0.134631 3.17055e+10
0.5 0 -0.5 0.684958 0.0212227 0.0995621 2.36467e+10
0 0.5 -0.5 0.668235 -0.00905412 0.0807164 1.55222e+10
0.5 1 -0.5 0.650534 0.0298881 0.0497318 1.12524e+10
0 1.5 -0.5 0.637502 0.00215324 0.030597 7.38931e+09
1 -1.5 -0.5 0.741059 0.0506995 0.16563 7.33194e+10
1.5 -1 -0.5 0.726165 0.0941396 0.119749 5.35338e+10
1 -0.5 -0.5 0.704383 0.0556717 0.112943 3.57609e+10
1.5 0 -0.5 0.684121 0.0961887 0.0723998 2.54342e+10
1 0.5 -0.5 0.66604 0.0611443 0.0640053 1.69933e+10
1.5 1 -0.5 0.643146 0.0980431 0.0269703 1.18744e+10
1 1.5 -0.5 0.628997 0.0660942 0.0170935 7.92336e+09
2 -1.5 -0.5 0.748859 0.135923 0.118839 7.87869e+10
2.5 -1 -0.5 0.7249 0.176366 0.067358 5.4613e+10
2 -0.5 -0.5 0.704288 0.134816 0.0738549 3.76197e+10
2.5 0 -0.5 0.678008 0.171775 0.02708 2.57304e+10
2 0.5 -0.5 0.659695 0.13335 0.0306341 1.76006e+10
2.5 1 -0.5 0.633253 0.166967 -0.0128876 1.19379e+10
2 1.5 -0.5 0.618293 0.13182 -0.0121097 8.12111e+09
-2.25 -0.75 -0.25 0.670444 -0.0976686 0.0583361 6.33769e+09
-2.25 0.25 -0.25 0.661088 -0.068092 -0.0108426 3.48146e+09
-2.25 1.25 -0.25 0.646292 -0.0380553 -0.0712801 1.82158e+09
-1.75 -1.25 -0.25 0.690119 -0.0744614 0.10345 9.87824e+09
-1.25 -0.75 -0.25 0.698186 -0.0222779 0.0720524 8.41874e+09
-1.75 -0.25 -0.25 0.678741 -0.0472449 0.0313899 5.42322e+09
-1.25 0.25 -0.25 0.67818 0.00484106 0.00708007 4.39527e+09
-1.75 0.75 -0.25 0.661397 -0.0182444 -0.0312629 2.83623e+09
-1.25 1.25 -0.25 0.654386 0.0311517 -0.0508173 2.20387e+09
-0.75 -1.25 -0.25 0.719706 0.00730401 0.110358 1.3021e+10
-0.25 -0.75 -0.25 0.717794 0.0629738 0.0760784 1.04208e+10
-0.75 -0.25 -0.25 0.696891 0.0317909 0.0431484 6.78228e+09
-0.25 0.25 -0.25 0.687476 0.0853887 0.0150446 5.20255e+09
-0.75 0.75 -0.25 0.669887 0.0565037 -0.0163847 3.39527e+09
-0.25 1.25 -0.25 0.65575 0.10622 -0.0409001 2.5209e+09
0.25 -1.25 -0.25 0.740987 0.0983041 0.104668 1.59284e+10
0.75 -0.75 -0.25 0.729676 0.154207 0.0648641 1.20166e+10
0.25 -0.25 -0.25 0.707392 0.118045 0.0425405 7.93055e+09
0.75 0.25 -0.25 0.690741 0.170479 0.00799164 5.80081e+09
0.25 0.75 -0.25 0.672012 0.136747 -0.0140975 3.83627e+09
0.75 1.25 -0.25 0.652875 0.184655 -0.0457383 2.745e+09
1.25 -1.25 -0.25 0.753762 0.192883 0.0804597 1.80447e+10
1.75 -0.75 -0.25 0.734732 0.245168 0.0328254 1.29458e+10
1.25 -0.25 -0.25 0.711892 0.206986 0.024121 8.70965e+09
1.75 0.25 -0.25 0.690242 0.255001 -0.0187517 6.13481e+09
1.25 0.75 -0.25 0.670353 0.218846 -0.0289161 4.12101e+09
1.75 1.25 -0.25 0.648394 0.262318 -0.0688494 2.86611e+09
2.25 -1.25 -0.25 0.757215 0.283552 0.0325653 1.89034e+10
2.25 -0.25 -0.25 0.71161 0.29197 -0.0165763 9.0287e+09
2.25 0.75 -0.25 0.666913 0.297341 -0.0642416 4.23532e+09
-2.5 -1.5 0 0.77208 -0.40535 0.173159 3.39669e+10
-2.5 -0.5 0 0.785059 -0.391053 0.0935165 1.95611e+10
-2.5 0.5 0 0.789164 -0.375369 0.0242952 1.06165e+10
-2.5 1.5 0 0.78621 -0.361258 -0.0358296 5.46835e+09
-1.5 -1.5 0 0.797838 -0.353708 0.176942 4.65447e+10
-2 -1 0 0.791195 -0.374801 0.135964 3.02881e+10
-1.5 -0.5 0 0.802898 -0.345656 0.101951 2.5314e+10
-2 0 0 0.795831 -0.362484 0.0637974 1.64483e+10
-1.5 0.5 0 0.799277 -0.337754 0.0367862 1.30308e+10
-2 1 0 0.79255 -0.35115 0.00114478 8.47286e+09
-1.5 1.5 0 0.789234 -0.331927 -0.020485 6.41483e+09
-0.5 -1.5 0 0.819314 -0.296896 0.171639 5.83562e+10
-1 -1 0 0.810622 -0.324113 0.138163 3.86407e+10
-0.5 -0.5 0 0.814577 -0.298604 0.102047 3.00574e+10
-1 0 0 0.806544 -0.32049 0.0706227 1.98823e+10
-0.5 0.5 0 0.802083 -0.300874 0.0410296 1.47728e+10
-1 1 0 0.795344 -0.318295 0.0113861 9.78194e+09
-0.5 1.5 0 0.784518 -0.304294 -0.0137283 7.01409e+09
0.5 -1.5 0 0.833918 -0.237137 0.154281 6.61189e+10
0 -1 0 0.823633 -0.271164 0.130272 4.49195e+10
0.5 -0.5 0 0.818219 -0.25148 0.0910046 3.25616e+10
0 0 0 0.80964 -0.278911 0.0678284 2.20727e+10
0.5 0.5 0 0.796435 -0.265188 0.034348 1.54678e+10
0 1 0 0.790071 -0.28698 0.0119237 1.04816e+10
0.5 1.5 0 0.771475 -0.277786 -0.0179225 7.17255e+09
1.5 -1.5 0 0.838703 -0.176284 0.122401 6.71349e+10
1 -1 0 0.827947 -0.217564 0.109586 4.72631e+10
1.5 -0.5 0 0.812118 -0.204335 0.0662769 3.21638e+10
1 0 0 0.803764 -0.237979 0.052777 2.2501e+10
1.5 0.5 0 0.781479 -0.229359 0.0144455 1.50168e+10
1 1 0 0.77605 -0.256272 0.000418926 1.04626e+10
1.5 1.5 0 0.749798 -0.250297 -0.0348864 6.89666e+09
2.5 -1.5 0 0.830445 -0.114845 0.0740404 6.09201e+10
2 -1 0 0.821276 -0.163396 0.0737532 4.49454e+10
2.5 -0.5 0 0.794575 -0.155441 0.0258289 2.90761e+10
2 0 0 0.787759 -0.196025 0.0232569 2.11467e+10
2.5 0.5 0 0.756522 -0.190472 -0.0203563 1.35952e+10
2 1 0 0.752847 -0.223593 -0.0248961 9.7842e+09
2.5 1.5 0 0.71951 -0.21845 -0.065817 6.26978e+09
-2.25 -1.25 0.25 0.584267 0.0528655 0.158146 3.47359e+09
-2.25 -0.25 0.25 0.584117 0.0802928 0.0864862 1.99953e+09
-2.25 0.75 0.25 0.577743 0.112157 0.0236059 1.09185e+09
-1.25 -1.25 0.25 0.625143 0.140656 0.169151 4.80064e+09
-1.75 -0.75 0.25 0.603452 0.108102 0.128952 3.10287e+09
-1.25 -0.25 0.25 0.612411 0.166422 0.10254 2.6221e+09
-1.75 0.25 0.25 0.594051 0.137429 0.0640228 1.69506e+09
-1.25 0.75 0.25 0.595521 0.194392 0.0431283 1.36714e+09
-1.75 1.25 0.25 0.580684 0.16741 0.00630477 8.84101e+08
-0.25 -1.25 0.25 0.656329 0.236757 0.169634 6.21068e+09
-0.75 -0.75 0.25 0.633092 0.199554 0.1382 4.04265e+09
-0.25 -0.25 0.25 0.631961 0.258229 0.10827 3.22747e+09
-0.75 0.25 0.25 0.612544 0.224572 0.077455 2.10478e+09
-0.25 0.75 0.25 0.606208 0.27979 0.0520112 1.61593e+09
-0.75 1.25 0.25 0.590704 0.248692 0.0220285 1.05545e+09
0.75 -1.25 0.25 0.678171 0.33432 0.153325 7.48121e+09
0.25 -0.75 0.25 0.653916 0.295136 0.134177 4.92823e+09
0.75 -0.25 0.25 0.644898 0.349869 0.0980337 3.73061e+09
0.25 0.25 0.25 0.624258 0.313636 0.0778171 2.46164e+09
0.75 0.75 0.25 0.612872 0.363729 0.0454932 1.81032e+09
0.25 1.25 0.25 0.596165 0.330201 0.0247346 1.19635e+09
1.75 -1.25 0.25 0.691211 0.424895 0.114313 8.345e+09
1.25 -0.75 0.25 0.667716 0.387459 0.110887 5.61432e+09
1.75 -0.25 0.25 0.653652 0.434261 0.0667144 4.05785e+09
1.25 0.25 0.25 0.632241 0.398759 0.0600429 2.72172e+09
1.75 0.75 0.25 0.618399 0.440768 0.0195917 1.93159e+09
1.25 1.25 0.25 0.600296 0.407492 0.010506 1.29457e+09
2.25 -0.75 0.25 0.675322 0.468938 0.0637066 5.9662e+09
2.25 0.25 0.25 0.638348 0.4737 0.020425 2.85325e+09
2.25 1.25 0.25 0.605002 0.475799 -0.0233801 1.34267e+09
-2.5 -1 0.5 0.775493 -0.34255 0.172688 1.41323e+10
-2.5 0 0.5 0.78581 -0.326174 0.0991117 7.9576e+09
-2.5 1 0.5 0.788019 -0.309056 0.0347098 4.23205e+09
-2 -1.5 0.5 0.782022 -0.319063 0.213756 2.17186e+10
-1.5 -1 0.5 0.80053 -0.283334 0.174659 1.87884e+10
-2 -0.5 0.5 0.792922 -0.307283 0.137856 1.22757e+10
-1.5 0 0.5 0.802441 -0.274155 0.105667 1.00143e+10
-2 0.5 0.5 0.79502 -0.293649 0.0710045 6.53396e+09
-1.5 1 0.5 0.796837 -0.265249 0.0449347 5.07105e+09
-2 1.5 0.5 0.790301 -0.281199 0.0123575 3.30791e+09
-1 -1.5 0.5 0.808851 -0.253301 0.208596 2.8462e+10
-0.5 -1 0.5 0.819057 -0.219438 0.167197 2.28747e+10
-1 -0.5 0.5 0.810408 -0.249747 0.138026 1.52171e+10
-0.5 0 0.5 0.811485 -0.220619 0.103473 1.1597e+10
-1 0.5 0.5 0.803875 -0.245328 0.0755303 7.70622e+09
-0.5 1 0.5 0.797679 -0.221841 0.0465055 5.63686e+09
-1 1.5 0.5 0.79167 -0.241951 0.019846 3.74457e+09
0 -1.5 0.5 0.828461 -0.182156 0.192025 3.39004e+10
0.5 -1 0.5 0.828575 -0.152875 0.147765 2.52756e+10
0 -0.5 0.5 0.819728 -0.190151 0.127911 1.72489e+10
0.5 0 0.5 0.811397 -0.166628 0.0901167 1.23251e+10
0 0.5 0.5 0.804258 -0.197058 0.0702049 8.38964e+09
0.5 1 0.5 0.789786 -0.178766 0.0372071 5.82384e+09
0 1.5 0.5 0.784809 -0.203472 0.0175088 3.95617e+09
1 -1.5 0.5 0.837772 -0.10787 0.161697 3.63101e+10
1.5 -1 0.5 0.826642 -0.0847777 0.114282 2.52354e+10
1 -0.5 0.5 0.818981 -0.129505 0.10522 1.78194e+10
1.5 0 0.5 0.800965 -0.111587 0.0635497 1.20453e+10
1 0.5 0.5 0.795235 -0.148489 0.0528798 8.4484e+09
1.5 1 0.5 0.77273 -0.13433 0.0153069 5.62024e+09
1 1.5 0.5 0.769417 -0.164463 0.0035499 3.91905e+09
2 -1.5 0.5 0.833544 -0.0320417 0.115901 3.47591e+10
2.5 -1 0.5 0.8109 -0.0148087 0.065135 2.2783e+10
2 -0.5 0.5 0.806512 -0.0671562 0.0680634 1.6804e+10
2.5 0 0.5 0.779147 -0.0534425 0.0222574 1.08776e+10
2 0.5 0.5 0.776158 -0.097617 0.0219064 7.90916e+09
2.5 1 0.5 0.746362 -0.0856127 -0.0203566 5.09475e+09
2 1.5 0.5 0.745497 -0.122264 -0.0232588 3.66079e+09
-2.25 -0.75 0.75 0.57368 0.109087 0.228485 1.70051e+09
-2.25 0.25 0.75 0.584427 0.140595 0.161521 9.71093e+08
-2.25 1.25 0.75 0.588762 0.173973 0.101207 5.26954e+08
-1.75 -1.25 0.75 0.587873 0.143514 0.267966 2.61463e+09
-1.25 -0.75 0.75 0.609701 0.204639 0.235962 2.30148e+09
-1.75 -0.25 0.75 0.59635 0.170282 0.200183 1.49803e+09
-1.25 0.25 0.75 0.608734 0.231534 0.173054 1.25259e+09
-1.75 0.75 0.75 0.598018 0.201085 0.13823 8.1425e+08
-1.25 1.25 0.75 0.603712 0.258415 0.1151 6.51627e+08
-0.75 -1.25 0.75 0.624714 0.244159 0.267258 3.51978e+09
-0.25 -0.75 0.75 0.634688 0.304609 0.231171 2.92424e+09
-0.75 -0.25 0.75 0.620918 0.265934 0.204559 1.91847e+09
-0.25 0.25 0.75 0.62373 0.323848 0.172607 1.52133e+09
-0.75 0.75 0.75 0.612894 0.28953 0.14576 9.98181e+08
-0.25 1.25 0.75 0.611599 0.341925 0.117081 7.62871e+08
0.25 -1.25 0.75 0.650121 0.347341 0.250731 4.42948e+09
0.75 -0.75 0.75 0.650284 0.40228 0.208132 3.47173e+09
0.25 -0.25 0.75 0.636226 0.361542 0.194082 2.30619e+09
0.75 0.25 0.75 0.632309 0.412306 0.155204 1.74008e+09
0.25 0.75 0.75 0.621034 0.375874 0.139065 1.1558e+09
0.75 1.25 0.75 0.615646 0.420774 0.103315 8.48031e+08
1.25 -1.25 0.75 0.665282 0.445136 0.212205 5.16851e+09
1.75 -0.75 0.75 0.658588 0.490554 0.161836 3.83472e+09
1.25 -0.25 0.75 0.645133 0.450815 0.163556 2.59903e+09
1.75 0.25 0.75 0.637374 0.491686 0.116934 1.87677e+09
1.25 0.75 0.75 0.625731 0.455639 0.114156 1.26736e+09
1.75 1.25 0.75 0.618589 0.4914 0.070999 8.98261e+08
2.25 -1.25 0.75 0.670367 0.530718 0.147633 5.53677e+09
2.25 -0.25 0.75 0.649345 0.528182 0.109629 2.7418e+09
2.25 0.75 0.75 0.628955 0.52482 0.0685478 1.3188e+09
-2.5 -1.5 1 0.768967 -0.295586 0.269077 1.04872e+10
-2.5 -0.5 1 0.788041 -0.281188 0.193487 6.19306e+09
-2.5 0.5 1 0.79824 -0.262759 0.125424 3.42754e+09
-2.5 1.5 1 0.801112 -0.244227 0.065286 1.79485e+09
-1.5 -1.5 1 0.801293 -0.221355 0.262537 1.42936e+10
-2 -1 1 0.794414 -0.254474 0.22965 9.45999e+09
-1.5 -0.5 1 0.811469 -0.213604 0.192117 7.99555e+09
-2 0 1 0.804701 -0.240767 0.159966 5.2577e+09
-1.5 0.5 1 0.813231 -0.203305 0.128427 4.20369e+09
-2 1 1 0.807011 -0.225834 0.0977965 2.75816e+09
-1.5 1.5 1 0.808603 -0.193445 0.0715311 2.10537e+09
-0.5 -1.5 1 0.826035 -0.13968 0.244797 1.78262e+10
-1 -1 1 0.818586 -0.180264 0.220847 1.20259e+10
-0.5 -0.5 1 0.826438 -0.142292 0.180812 9.47223e+09
-1 0 1 0.819728 -0.175786 0.156421 6.34667e+09
-0.5 0.5 1 0.81954 -0.142896 0.122145 4.7622e+09
-1 1 1 0.813947 -0.170578 0.0982685 3.1833e+09
-0.5 1.5 1 0.807727 -0.143205 0.0686718 2.30192e+09
0.5 -1.5 1 0.839702 -0.053286 0.213514 2.00812e+10
0 -1 1 0.833208 -0.101773 0.200361 1.39288e+10
0.5 -0.5 1 0.830715 -0.0691041 0.157411 1.02352e+10
0 0 1 0.82522 -0.109419 0.14224 7.03597e+09
0.5 0.5 1 0.815966 -0.0822249 0.104573 4.98158e+09
0 1 1 0.811859 -0.115537 0.0885875 3.4097e+09
0.5 1.5 1 0.798008 -0.0931328 0.0549866 2.35345e+09
1.5 -1.5 1 0.83886 0.035447 0.167144 2.02431e+10
1 -1 1 0.835539 -0.0210013 0.166261 1.45908e+10
1.5 -0.5 1 0.822381 0.00546018 0.120258 1.0074e+10
1 0 1 0.819676 -0.0422128 0.115558 7.15881e+09
1.5 0.5 1 0.801651 -0.0203055 0.0742169 4.82855e+09
1 1 1 0.800116 -0.060022 0.0671299 3.40109e+09
1.5 1.5 1 0.779262 -0.0413627 0.0293266 2.2617e+09
2.5 -1.5 1 0.820198 0.125344 0.104726 1.81954e+10
2 -1 1 0.823092 0.0613754 0.11719 1.379e+10
2.5 -0.5 1 0.799754 0.0824327 0.0682698 9.05639e+09
2 0 1 0.801905 0.0269863 0.075051 6.70674e+09
2.5 0.5 1 0.775993 0.0451598 0.030177 4.35885e+09
2 1 1 0.778375 -0.0018478 0.0328556 3.17606e+09
2.5 1.5 1 0.751603 0.0149995 -0.00890289 2.0537e+09
-2.25 -1.25 1.25 0.578778 0.0916654 0.370149 1.44495e+09
-2.25 -0.25 1.25 0.607648 0.121111 0.30091 8.69282e+08
-2.25 0.75 1.25 0.62702 0.156391 0.236208 4.93989e+08
-1.25 -1.25 1.25 0.617625 0.198788 0.368426 2.00877e+09
-1.75 -0.75 1.25 0.612407 0.156766 0.337016 1.32571e+09
-1.25 -0.25 1.25 0.634302 0.222967 0.304376 1.15391e+09
-1.75 0.25 1.25 0.630485 0.187387 0.271896 7.56984e+08
-1.25 0.75 1.25 0.643612 0.250716 0.242911 6.2769e+08
-1.75 1.25 1.25 0.641538 0.219027 0.211041 4.1063e+08
-0.25 -1.25 1.25 0.643154 0.311006 0.352366 2.62752e+09
-0.75 -0.75 1.25 0.638458 0.26398 0.331987 1.74814e+09
-0.25 -0.25 1.25 0.649289 0.326234 0.294349 1.44177e+09
-0.75 0.25 1.25 0.646233 0.286226 0.271217 9.54271e+08
-0.25 0.75 1.25 0.650882 0.343517 0.236612 7.53079e+08
-0.75 1.25 1.25 0.649563 0.308216 0.212839 4.97545e+08
0.75 -1.25 1.25 0.656802 0.420756 0.315475 3.20173e+09
0.25 -0.75 1.25 0.652809 0.371122 0.310085 2.16104e+09
0.75 -0.25 1.25 0.655449 0.425058 0.26547 1.68836e+09
0.25 0.25 1.25 0.652887 0.382388 0.254854 1.13231e+09
0.75 0.75 1.25 0.652173 0.430682 0.213237 8.52821e+08
0.25 1.25 1.25 0.65116 0.393102 0.200021 5.70743e+08
1.75 -1.25 1.25 0.660395 0.52055 0.25267 3.59213e+09
1.25 -0.75 1.25 0.658287 0.471312 0.265792 2.48719e+09
1.75 -0.25 1.25 0.655827 0.513973 0.213773 1.84619e+09
1.25 0.25 1.25 0.653919 0.471054 0.218621 1.26285e+09
1.75 0.75 1.25 0.650508 0.508691 0.170008 9.12183e+08
1.25 1.25 1.25 0.64959 0.470632 0.169674 6.20846e+08
2.25 -0.75 1.25 0.656468 0.558979 0.196012 2.64436e+09
2.25 0.25 1.25 0.651487 0.548388 0.160246 1.32193e+09
2.25 1.25 1.25 0.646783 0.538449 0.120261 6.41402e+08
-2.5 -1 1.5 0.788469 -0.240177 0.292264 4.94796e+09
-2.5 0 1.5 0.807574 -0.223682 0.222819 2.88249e+09
-2.5 1 1.5 0.818498 -0.204284 0.159554 1.57569e+09
-2 -1.5 1.5 0.793423 -0.203848 0.323219 7.41676e+09
-1.5 -1 1.5 0.817526 -0.156958 0.281617 6.53916e+09
-2 -0.5 1.5 0.812478 -0.19354 0.25413 4.36774e+09
-1.5 0 1.5 0.827797 -0.1485 0.21737 3.62067e+09
-2 0.5 1.5 0.823135 -0.179006 0.189847 2.40012e+09
-1.5 1 1.5 0.83074 -0.138176 0.158208 1.88876e+09
-2 1.5 1.5 0.826842 -0.16386 0.131668 1.24756e+09
-1 -1.5 1.5 0.822697 -0.112911 0.303695 9.63593e+09
-0.5 -1 1.5 0.836575 -0.0678449 0.25942 7.91717e+09
-1 -0.5 1.5 0.832347 -0.111787 0.241033 5.39622e+09
-0.5 0 1.5 0.83809 -0.0708304 0.201522 4.18687e+09
-1 0.5 1.5 0.834577 -0.107488 0.181831 2.82984e+09
-0.5 1 1.5 0.833615 -0.0718846 0.147094 2.10092e+09
-1 1.5 1.5 0.831122 -0.102552 0.12733 1.41393e+09
0 -1.5 1.5 0.84014 -0.0157571 0.270737 1.13762e+10
0.5 -1 1.5 0.842514 0.0243954 0.223709 8.69482e+09
0 -0.5 1.5 0.840913 -0.0271854 0.216007 6.09682e+09
0.5 0 1.5 0.836619 0.00770223 0.17346 4.44188e+09
0 0.5 1.5 0.835612 -0.0354734 0.162859 3.08011e+09
0.5 1 1.5 0.826214 -0.00581464 0.124641 2.17131e+09
0 1.5 1.5 0.826121 -0.0418853 0.112622 1.49552e+09
1 -1.5 1.5 0.842101 0.0845699 0.222724 1.20601e+10
1.5 -1 1.5 0.832622 0.117969 0.173277 8.6114e+09
1 -0.5 1.5 0.83595 0.0586113 0.17749 6.27161e+09
1.5 0 1.5 0.821927 0.0870846 0.13203 4.32672e+09
1 0.5 1.5 0.825086 0.0368451 0.131537 3.09842e+09
1.5 1 1.5 0.807914 0.0612379 0.089949 2.0936e+09
1 1.5 1.5 0.811394 0.0190247 0.0864673 1.48218e+09
2 -1.5 1.5 0.825185 0.185927 0.158881 1.13961e+10
2.5 -1 1.5 0.804488 0.21276 0.107592 7.68841e+09
2 -0.5 1.5 0.815611 0.145653 0.124625 5.87471e+09
2.5 0 1.5 0.792861 0.168803 0.0768196 3.88358e+09
2 0.5 1.5 0.80215 0.110912 0.0871854 2.89206e+09
2.5 1 1.5 0.778396 0.131667 0.0427941 1.89246e+09
2 1.5 1.5 0.786752 0.0824024 0.0484573 1.38339e+09
