449
-2.5 -1 -1.5 -0.137423 0.12947 0.446319 2.5061e+09
-2.5 0 -1.5 -0.103967 0.10626 0.409967 1.7681e+09
-2.5 1 -1.5 -0.0683671 0.0671034 0.36609 1.26511e+09
-2 -1.5 -1.5 -0.173665 0.156924 0.479232 3.47195e+09
-1.5 -1 -1.5 -0.156924 0.173665 0.479232 3.47195e+09
-2 -0.5 -1.5 -0.12947 0.137423 0.446319 2.5061e+09
-1.5 0 -1.5 -0.10683 0.132835 0.442263 2.60081e+09
-2 0.5 -1.5 -0.0877625 0.0972562 0.405274 1.82865e+09
-1.5 1 -1.5 -0.0560628 0.0802973 0.396053 1.95074e+09
-2 1.5 -1.5 -0.0416582 0.0485917 0.355878 1.34228e+09
-1 -1.5 -1.5 -0.186507 0.217221 0.506441 4.66053e+09
-0.5 -1 -1.5 -0.138723 0.230241 0.504124 4.89097e+09
-1 -0.5 -1.5 -0.124548 0.176002 0.475932 3.61951e+09
-0.5 0 -1.5 -0.0759544 0.166129 0.469238 3.92073e+09
-1 0.5 -1.5 -0.068219 0.118629 0.434193 2.7929e+09
-0.5 1 -1.5 -0.0142503 0.0986192 0.422223 3.08615e+09
-1 1.5 -1.5 -0.00917021 0.0593184 0.382657 2.13525e+09
0 -1.5 -1.5 -0.143975 0.301213 0.5227 6.35262e+09
0.5 -1 -1.5 -0.0558731 0.304971 0.520633 7.10704e+09
0 -0.5 -1.5 -0.0749535 0.226565 0.499227 5.36432e+09
0.5 0 -1.5 0.00201511 0.209755 0.491164 6.10339e+09
0 0.5 -1.5 -0.0124146 0.14768 0.458969 4.3857e+09
0.5 1 -1.5 0.0621531 0.124592 0.444937 5.02035e+09
0 1.5 -1.5 0.0519504 0.0765928 0.406502 3.48034e+09
1 -1.5 -1.5 0.00354573 0.402981 0.528595 9.05281e+09
1.5 -1 -1.5 0.123976 0.377701 0.529824 1.10274e+10
1 -0.5 -1.5 0.040193 0.287742 0.515915 8.29555e+09
1.5 0 -1.5 0.13734 0.256391 0.507262 9.97005e+09
1 0.5 -1.5 0.0870038 0.184342 0.479305 7.12881e+09
1.5 1 -1.5 0.17498 0.154477 0.462995 8.42884e+09
1 1.5 -1.5 0.143113 0.100153 0.426834 5.81153e+09
2 -1.5 -1.5 0.246945 0.456655 0.52743 1.40456e+10
2.5 -1 -1.5 0.356181 0.392454 0.531158 1.8617e+10
2 -0.5 -1.5 0.229916 0.332703 0.52623 1.38202e+10
2.5 0 -1.5 0.320885 0.27931 0.516411 1.74193e+10
2 0.5 -1.5 0.230751 0.217272 0.493592 1.21238e+10
2.5 1 -1.5 0.319131 0.177796 0.474241 1.46792e+10
2 1.5 -1.5 0.262599 0.125376 0.441828 9.94899e+09
-2.25 -0.75 -1.25 0.423541 -0.423541 0.49969 1.25599e+09
-2.25 0.25 -1.25 0.444239 -0.463413 0.439086 9.12687e+08
-2.25 1.25 -1.25 0.473893 -0.50195 0.368561 6.79798e+08
-1.75 -1.25 -1.25 0.394426 -0.394426 0.555421 1.73471e+09
-1.25 -0.75 -1.25 0.388038 -0.411941 0.550888 1.78906e+09
-1.75 -0.25 -1.25 0.417821 -0.439522 0.494959 1.29172e+09
-1.25 0.25 -1.25 0.424321 -0.462226 0.480969 1.40071e+09
-1.75 0.75 -1.25 0.450637 -0.483682 0.424571 9.82913e+08
-1.25 1.25 -1.25 0.468659 -0.505511 0.40128 1.10221e+09
-0.75 -1.25 -1.25 0.35456 -0.379918 0.606303 2.40108e+09
-0.25 -0.75 -1.25 0.361401 -0.407207 0.593459 2.65066e+09
-0.75 -0.25 -1.25 0.394663 -0.437014 0.537484 1.95577e+09
-0.25 0.25 -1.25 0.415274 -0.464327 0.515734 2.24384e+09
-0.75 0.75 -1.25 0.443619 -0.486813 0.458381 1.5873e+09
-0.25 1.25 -1.25 0.473181 -0.509269 0.428639 1.85312e+09
0.25 -1.25 -1.25 0.324927 -0.371647 0.647443 3.43762e+09
0.75 -0.75 -1.25 0.348316 -0.403908 0.627471 4.07631e+09
0.25 -0.25 -1.25 0.383381 -0.437133 0.57263 3.08682e+09
0.75 0.25 -1.25 0.417662 -0.465309 0.544858 3.72229e+09
0.25 0.75 -1.25 0.447134 -0.489646 0.486886 2.65845e+09
0.75 1.25 -1.25 0.484615 -0.510905 0.452455 3.19005e+09
1.25 -1.25 -1.25 0.308734 -0.366237 0.676239 5.03852e+09
1.75 -0.75 -1.25 0.35019 -0.399057 0.651457 6.39846e+09
1.25 -0.25 -1.25 0.38521 -0.434848 0.600936 5.02269e+09
1.75 0.25 -1.25 0.427048 -0.463125 0.568471 6.2647e+09
1.25 0.75 -1.25 0.457437 -0.489962 0.511305 4.54608e+09
1.75 1.25 -1.25 0.500793 -0.508271 0.473085 5.53172e+09
2.25 -1.25 -1.25 0.322011 -0.342243 0.684932 6.97387e+09
2.25 -0.25 -1.25 0.395574 -0.429213 0.620702 8.18405e+09
2.25 0.75 -1.25 0.473128 -0.485207 0.531114 7.7848e+09
-2.5 -1.5 -1 -0.208752 0.161074 0.469753 6.16548e+09
-2.5 -0.5 -1 -0.173882 0.173882 0.434029 4.23347e+09
-2.5 0.5 -1 -0.142109 0.16234 0.391211 2.96578e+09
-2.5 1.5 -1 -0.108075 0.137043 0.340436 2.1066e+09
-1.5 -1.5 -1 -0.211709 0.211709 0.506139 8.43286e+09
-2 -1 -1 -0.191578 0.191578 0.471857 6.04294e+09
-1.5 -0.5 -1 -0.161074 0.208752 0.469753 6.16548e+09
-2 0 -1 -0.152087 0.183654 0.431577 4.3103e+09
-1.5 0.5 -1 -0.116813 0.183697 0.424254 4.54243e+09
-2 1 -1 -0.113591 0.158446 0.383066 3.11052e+09
-1.5 1.5 -1 -0.0717484 0.149184 0.369825 3.35265e+09
-0.5 -1.5 -1 -0.172933 0.279736 0.533123 1.17139e+10
-1 -1 -1 -0.168415 0.239581 0.50447 8.62871e+09
-0.5 -0.5 -1 -0.110242 0.252686 0.499329 9.22662e+09
-1 0 -1 -0.116436 0.214311 0.463395 6.5374e+09
-0.5 0.5 -1 -0.058088 0.210847 0.452596 7.16949e+09
-1 1 -1 -0.0678925 0.176916 0.412142 4.93366e+09
-0.5 1.5 -1 -0.00727996 0.1667 0.395534 5.48401e+09
0.5 -1.5 -1 -0.0587258 0.370761 0.550311 1.68754e+10
0 -1 -1 -0.0941061 0.302723 0.529762 1.2687e+10
0.5 -0.5 -1 -0.00396714 0.306958 0.52296 1.43726e+10
0 0 -1 -0.0388554 0.253223 0.490168 1.02522e+10
0.5 0.5 -1 0.0418804 0.245066 0.476479 1.17322e+10
0 1 -1 0.011315 0.201867 0.437307 8.06953e+09
0.5 1.5 -1 0.0868656 0.190514 0.417583 9.21983e+09
1.5 -1.5 -1 0.174766 0.448714 0.560893 2.66191e+10
1 -1 -1 0.0588735 0.374722 0.547674 1.97267e+10
1.5 -0.5 -1 0.171625 0.357782 0.539967 2.39406e+10
1 0 -1 0.0914012 0.297572 0.511505 1.68389e+10
1.5 0.5 -1 0.184407 0.279948 0.494544 2.00822e+10
1 1 -1 0.125855 0.231959 0.457927 1.36516e+10
1.5 1.5 -1 0.208802 0.216998 0.434402 1.59303e+10
2.5 -1.5 -1 0.423631 0.439192 0.562166 4.57807e+10
2 -1 -1 0.299565 0.410477 0.56 3.42026e+10
2.5 -0.5 -1 0.393859 0.365375 0.549522 4.4087e+10
2 0 -1 0.271373 0.329851 0.525596 2.95342e+10
2.5 0.5 -1 0.358087 0.298409 0.504387 3.63428e+10
2 1 -1 0.2715 0.25872 0.471832 2.39899e+10
2.5 1.5 -1 0.351561 0.23906 0.443556 2.82885e+10
-2.25 -1.25 -0.75 0.353638 -0.356598 0.493204 3.59843e+09
-2.25 -0.25 -0.75 0.377973 -0.376039 0.434543 2.5133e+09
-2.25 0.75 -0.75 0.409713 -0.403682 0.365233 1.81723e+09
-1.25 -1.25 -0.75 0.332942 -0.328239 0.551805 5.05816e+09
-1.75 -0.75 -0.75 0.356598 -0.353638 0.493204 3.59843e+09
-1.25 -0.25 -0.75 0.372615 -0.361908 0.483312 3.80799e+09
-1.75 0.25 -0.75 0.392026 -0.384301 0.4241 2.64677e+09
-1.25 0.75 -0.75 0.418182 -0.398802 0.403656 2.9179e+09
-1.75 1.25 -0.75 0.433406 -0.416982 0.344089 1.98806e+09
-0.25 -1.25 -0.75 0.329014 -0.304997 0.601178 7.41861e+09
-0.75 -0.75 -0.75 0.351565 -0.335877 0.542575 5.3843e+09
-0.25 -0.25 -0.75 0.38359 -0.351672 0.524169 6.05235e+09
-0.75 0.25 -0.75 0.401514 -0.377287 0.46378 4.23548e+09
-0.25 0.75 -0.75 0.441494 -0.394655 0.435412 4.89669e+09
-0.75 1.25 -0.75 0.454575 -0.414836 0.374334 3.33335e+09
0.75 -1.25 -0.75 0.346988 -0.281466 0.641925 1.13827e+10
0.25 -0.75 -0.75 0.364787 -0.320603 0.584105 8.44927e+09
0.75 -0.25 -0.75 0.413086 -0.339393 0.558515 1.00816e+10
0.25 0.25 -0.75 0.427491 -0.369995 0.497033 7.09692e+09
0.75 0.75 -0.75 0.476604 -0.386946 0.462818 8.50842e+09
0.25 1.25 -0.75 0.486882 -0.410229 0.400138 5.78268e+09
1.75 -1.25 -0.75 0.388832 -0.254259 0.672148 1.80961e+10
1.25 -0.75 -0.75 0.4001 -0.300157 0.618205 1.38831e+10
1.75 -0.25 -0.75 0.456521 -0.319396 0.586993 1.73277e+10
1.25 0.25 -0.75 0.466008 -0.357486 0.525657 1.23076e+10
1.75 0.75 -0.75 0.517408 -0.373123 0.48666 1.50266e+10
1.25 1.25 -0.75 0.5252 -0.40063 0.423019 1.02196e+10
2.25 -0.75 -0.75 0.45236 -0.271902 0.643445 2.33327e+10
2.25 0.25 -0.75 0.510201 -0.337338 0.54917 2.15752e+10
2.25 1.25 -0.75 0.567328 -0.383122 0.44233 1.80979e+10
-2.5 -1 -0.5 0.22737 -0.233604 0.501218 9.37441e+09
-2.5 0 -0.5 0.252569 -0.248677 0.452542 6.50499e+09
-2.5 1 -0.5 0.28313 -0.27377 0.393608 4.65244e+09
-2 -1.5 -0.5 0.20255 -0.212524 0.548246 1.32889e+10
-1.5 -1 -0.5 0.212524 -0.20255 0.548246 1.32889e+10
-2 -0.5 -0.5 0.233604 -0.22737 0.501218 9.37441e+09
-1.5 0 -0.5 0.252643 -0.232058 0.492927 9.85587e+09
-2 0.5 -0.5 0.268355 -0.254658 0.443696 6.81037e+09
-1.5 1 -0.5 0.296214 -0.266956 0.426473 7.4286e+09
-2 1.5 -0.5 0.307888 -0.285823 0.375632 5.04016e+09
-1 -1.5 -0.5 0.188803 -0.172754 0.592284 1.84015e+10
-0.5 -1 -0.5 0.219602 -0.170695 0.585508 1.95679e+10
-1 -0.5 -0.5 0.236238 -0.20478 0.540633 1.40418e+10
-0.5 0 -0.5 0.273079 -0.215689 0.525515 1.55821e+10
-1 0.5 -0.5 0.284394 -0.244054 0.476645 1.08354e+10
-0.5 1 -0.5 0.32697 -0.258893 0.453111 1.23388e+10
-1 1.5 -0.5 0.334433 -0.2814 0.401902 8.36867e+09
0 -1.5 -0.5 0.203782 -0.125676 0.624871 2.6403e+10
0.5 -1 -0.5 0.25811 -0.130808 0.613129 3.01063e+10
0 -0.5 -0.5 0.263475 -0.179423 0.571849 2.19683e+10
0.5 0 -0.5 0.318129 -0.193576 0.551261 2.57396e+10
0 0.5 -0.5 0.320973 -0.230453 0.503277 1.79716e+10
0.5 1 -0.5 0.374216 -0.244878 0.475076 2.11942e+10
0 1.5 -0.5 0.375504 -0.272719 0.423784 1.43453e+10
1 -1.5 -0.5 0.26301 -0.0606979 0.643933 3.96086e+10
1.5 -1 -0.5 0.339587 -0.0742284 0.629075 4.88521e+10
1 -0.5 -0.5 0.321794 -0.143994 0.594768 3.60158e+10
1.5 0 -0.5 0.386785 -0.159939 0.56995 4.4183e+10
1 0.5 -0.5 0.376814 -0.208514 0.524492 3.08848e+10
1.5 1 -0.5 0.433672 -0.221712 0.492423 3.72124e+10
1 1.5 -0.5 0.427438 -0.256653 0.442072 2.51107e+10
2 -1.5 -0.5 0.390648 0.0272503 0.644778 6.40062e+10
2.5 -1 -0.5 0.461853 -0.00532106 0.628762 8.42837e+10
2 -0.5 -0.5 0.411108 -0.0940233 0.607368 6.1768e+10
2.5 0 -0.5 0.472982 -0.114072 0.579017 7.80384e+10
2 0.5 -0.5 0.446979 -0.175407 0.539255 5.43585e+10
2.5 1 -0.5 0.502887 -0.188349 0.502989 6.59549e+10
2 1.5 -0.5 0.487959 -0.231342 0.455676 4.43378e+10
-2.25 -0.75 -0.25 0.204486 -0.204486 0.445937 2.74782e+09
-2.25 0.25 -0.25 0.235026 -0.21867 0.385526 1.94265e+09
-2.25 1.25 -0.25 0.271395 -0.243654 0.313218 1.41203e+09
-1.75 -1.25 -0.25 0.187609 -0.187609 0.499974 3.92903e+09
-1.25 -0.75 -0.25 0.2104 -0.179512 0.495308 4.04262e+09
-1.75 -0.25 -0.25 0.222491 -0.200037 0.44088 2.81976e+09
-1.25 0.25 -0.25 0.254355 -0.206025 0.425925 3.03611e+09
-1.75 0.75 -0.25 0.262586 -0.226107 0.369728 2.07941e+09
-1.25 1.25 -0.25 0.302213 -0.23858 0.344309 2.31075e+09
-0.75 -1.25 -0.25 0.199448 -0.15669 0.548159 5.69895e+09
-0.25 -0.75 -0.25 0.243538 -0.156341 0.53559 6.23514e+09
-0.75 -0.25 -0.25 0.247582 -0.183031 0.481418 4.38359e+09
-0.25 0.25 -0.25 0.297613 -0.19371 0.458439 4.96602e+09
-0.75 0.75 -0.25 0.298813 -0.217994 0.401571 3.40399e+09
-0.25 1.25 -0.25 0.351904 -0.231112 0.369263 3.92961e+09
0.25 -1.25 -0.25 0.244152 -0.124239 0.587312 8.69067e+09
0.75 -0.75 -0.25 0.309086 -0.129205 0.568186 1.01329e+10
0.25 -0.25 -0.25 0.300207 -0.164739 0.514331 7.1534e+09
0.75 0.25 -0.25 0.364233 -0.176593 0.484978 8.49747e+09
0.25 0.75 -0.25 0.356012 -0.206478 0.427432 5.80784e+09
0.75 1.25 -0.25 0.415779 -0.216956 0.390629 6.87908e+09
1.25 -1.25 -0.25 0.330545 -0.0834289 0.617918 1.40593e+10
1.75 -0.75 -0.25 0.403907 -0.0926338 0.592919 1.74114e+10
1.25 -0.25 -0.25 0.378876 -0.139881 0.5409 1.22741e+10
1.75 0.25 -0.25 0.446848 -0.14905 0.507552 1.505e+10
1.25 0.75 -0.25 0.428245 -0.186636 0.449668 1.02231e+10
1.75 1.25 -0.25 0.486672 -0.194177 0.408843 1.22034e+10
2.25 -1.25 -0.25 0.445573 -0.0434393 0.637302 2.41753e+10
2.25 -0.25 -0.25 0.474959 -0.102314 0.562336 2.18993e+10
2.25 0.75 -0.25 0.50634 -0.157295 0.467541 1.82259e+10
-2.5 -1.5 0 0.469285 -0.470588 0.531189 1.22244e+10
-2.5 -0.5 0 0.488802 -0.488802 0.482826 8.28884e+09
-2.5 0.5 0 0.512285 -0.511789 0.422585 5.87673e+09
-2.5 1.5 0 0.540159 -0.533892 0.350523 4.30195e+09
-1.5 -1.5 0 0.43919 -0.43919 0.588289 1.66632e+10
-2 -1 0 0.465771 -0.465771 0.53644 1.18533e+10
-1.5 -0.5 0 0.470588 -0.469285 0.531189 1.22244e+10
-2 0 0 0.492801 -0.492331 0.477311 8.52673e+09
-1.5 0.5 0 0.506054 -0.500121 0.461217 9.24633e+09
-2 1 0 0.524279 -0.518676 0.405959 6.33343e+09
-1.5 1.5 0 0.544745 -0.525809 0.379807 7.1064e+09
-0.5 -1.5 0 0.417727 -0.409256 0.632416 2.37104e+10
-1 -1 0 0.445571 -0.441976 0.583382 1.72355e+10
-0.5 -0.5 0 0.462894 -0.450179 0.568954 1.89692e+10
-1 0 0 0.485522 -0.477603 0.515818 1.33481e+10
-0.5 0.5 0 0.510832 -0.486566 0.491266 1.52751e+10
-1 1 0 0.528737 -0.508329 0.435736 1.0472e+10
-0.5 1.5 0 0.558603 -0.514036 0.402939 1.22144e+10
0.5 -1.5 0 0.414206 -0.372856 0.66372 3.52822e+10
0 -1 0 0.438722 -0.416274 0.619182 2.63419e+10
0.5 -0.5 0 0.471505 -0.42504 0.597412 3.09179e+10
0 0 0 0.491445 -0.459404 0.545622 2.19635e+10
0.5 0.5 0 0.52831 -0.466452 0.514871 2.63134e+10
0 1 0 0.543977 -0.493091 0.459342 1.80426e+10
0.5 1.5 0 0.58032 -0.495872 0.422415 2.15563e+10
1.5 -1.5 0 0.439647 -0.316229 0.679387 5.42011e+10
1 -1 0 0.452946 -0.38018 0.643951 4.20991e+10
1.5 -0.5 0 0.498867 -0.387696 0.6168 5.22689e+10
1 0 0 0.512602 -0.432327 0.568196 3.76498e+10
1.5 0.5 0 0.556612 -0.435839 0.533692 4.63818e+10
1 1 0 0.568279 -0.469778 0.478953 3.18875e+10
1.5 1.5 0 0.607499 -0.47048 0.438622 3.83313e+10
2.5 -1.5 0 0.499863 -0.223636 0.671715 8.4457e+10
2 -1 0 0.490986 -0.325867 0.655457 6.89412e+10
2.5 -0.5 0 0.54425 -0.330951 0.626172 8.91015e+10
2 0 0 0.547368 -0.391201 0.584323 6.5717e+10
2.5 0.5 0 0.591714 -0.395975 0.545562 8.13743e+10
2 1 0 0.598593 -0.438234 0.493926 5.65239e+10
2.5 1.5 0 0.641919 -0.434562 0.450802 6.77368e+10
-2.25 -1.25 0.25 0.0494444 -0.0605475 0.502361 1.36929e+09
-2.25 -0.25 0.25 0.0761035 -0.0701373 0.455877 9.57195e+08
-2.25 0.75 0.25 0.106905 -0.0971793 0.396377 6.90392e+08
-1.25 -1.25 0.25 0.0462665 -0.0278416 0.544676 1.93061e+09
-1.75 -0.75 0.25 0.0605475 -0.0494444 0.502361 1.36929e+09
-1.25 -0.25 0.25 0.0858623 -0.0502011 0.493553 1.43985e+09
-1.75 0.25 0.25 0.0955606 -0.0750292 0.446308 1.00244e+09
-1.25 0.75 0.25 0.128764 -0.0867497 0.427672 1.09338e+09
-1.75 1.25 0.25 0.135335 -0.110747 0.376619 7.48425e+08
-0.25 -1.25 0.25 0.0798452 0.00807188 0.573865 2.84515e+09
-0.75 -0.75 0.25 0.0795757 -0.0225171 0.536764 2.04029e+09
-0.25 -0.25 0.25 0.126109 -0.0263918 0.521233 2.25913e+09
-0.75 0.25 0.25 0.12493 -0.0588435 0.476321 1.58139e+09
-0.25 0.75 0.25 0.176487 -0.0710732 0.45107 1.79983e+09
-0.75 1.25 0.25 0.174547 -0.100807 0.400825 1.23245e+09
0.75 -1.25 0.25 0.163187 0.0534244 0.590546 4.43026e+09
0.25 -0.75 0.25 0.136363 0.0112235 0.560362 3.18234e+09
0.75 -0.25 0.25 0.202789 0.00636971 0.539311 3.71311e+09
0.25 0.25 0.25 0.184414 -0.0356172 0.497922 2.60022e+09
0.75 0.75 0.25 0.250503 -0.0455876 0.468137 3.0719e+09
0.25 1.25 0.25 0.236542 -0.0822079 0.419376 2.09666e+09
1.75 -1.25 0.25 0.314781 0.0912188 0.592724 7.66553e+09
1.25 -0.75 0.25 0.239945 0.0525754 0.572107 5.26878e+09
1.75 -0.25 0.25 0.317669 0.0452041 0.547861 6.45816e+09
1.25 0.25 0.25 0.275154 -0.00238523 0.511927 4.46204e+09
1.75 0.75 0.25 0.34122 -0.00520201 0.480236 5.35454e+09
1.25 1.25 0.25 0.314723 -0.0509411 0.433924 3.63841e+09
2.25 -0.75 0.25 0.387795 0.0848954 0.572006 9.48865e+09
2.25 0.25 0.25 0.382467 0.047856 0.51951 7.83762e+09
2.25 1.25 0.25 0.406373 -0.0117057 0.443604 6.39163e+09
-2.5 -1 0.5 0.442401 -0.441956 0.534635 5.24377e+09
-2.5 0 0.5 0.463633 -0.46493 0.484889 3.66713e+09
-2.5 1 0.5 0.489088 -0.491127 0.422645 2.66603e+09
-2 -1.5 0.5 0.416228 -0.417493 0.581617 7.38444e+09
-1.5 -1 0.5 0.417493 -0.416228 0.581617 7.38444e+09
-2 -0.5 0.5 0.441956 -0.442401 0.534635 5.24377e+09
-1.5 0 0.5 0.451271 -0.449489 0.52468 5.56157e+09
-2 0.5 0.5 0.47124 -0.472171 0.474428 3.872e+09
-1.5 1 0.5 0.488927 -0.481326 0.454398 4.288e+09
-2 1.5 0.5 0.504764 -0.499615 0.40197 2.93065e+09
-1 -1.5 0.5 0.390124 -0.385776 0.624042 1.01828e+10
-0.5 -1 0.5 0.406 -0.38981 0.615559 1.09154e+10
-1 -0.5 0.5 0.42939 -0.422392 0.572313 7.87117e+09
-0.5 0 0.5 0.452917 -0.431298 0.554313 8.86546e+09
-1 0.5 0.5 0.471488 -0.458863 0.50553 6.20897e+09
-0.5 1 0.5 0.50156 -0.466729 0.478518 7.20912e+09
-1 1.5 0.5 0.515797 -0.488753 0.426415 4.92481e+09
0 -1.5 0.5 0.381645 -0.349682 0.651406 1.47153e+10
0.5 -1 0.5 0.416613 -0.354044 0.636686 1.69336e+10
0 -0.5 0.5 0.434108 -0.397206 0.599019 1.24165e+10
0.5 0 0.5 0.472625 -0.404486 0.574851 1.47856e+10
0 0.5 0.5 0.486785 -0.439148 0.528563 1.04172e+10
0.5 1 0.5 0.527145 -0.443068 0.496987 1.2537e+10
0 1.5 0.5 0.537992 -0.470525 0.44575 8.55795e+09
1 -1.5 0.5 0.402579 -0.295959 0.662004 2.23172e+10
1.5 -1 0.5 0.456413 -0.301575 0.642275 2.75181e+10
1 -0.5 0.5 0.461158 -0.360286 0.614472 2.04774e+10
1.5 0 0.5 0.510966 -0.363871 0.586463 2.54816e+10
1 0.5 0.5 0.517447 -0.408206 0.544818 1.80723e+10
1.5 1 0.5 0.561963 -0.408282 0.510213 2.20501e+10
1 1.5 0.5 0.568586 -0.442899 0.461135 1.51028e+10
2 -1.5 0.5 0.465607 -0.219583 0.651285 3.70231e+10
2.5 -1 0.5 0.523644 -0.230452 0.630501 4.76043e+10
2 -0.5 0.5 0.510963 -0.307016 0.617167 3.49323e+10
2.5 0 0.5 0.560376 -0.306551 0.586713 4.3475e+10
2 0.5 0.5 0.558275 -0.363863 0.553606 3.14702e+10
2.5 1 0.5 0.60568 -0.362157 0.51615 3.86855e+10
2 1.5 0.5 0.606736 -0.404877 0.471653 2.66559e+10
-2.25 -0.75 0.75 0.0253576 -0.0253576 0.551069 7.12485e+08
-2.25 0.25 0.75 0.0494052 -0.0583856 0.507933 5.10161e+08
-2.25 1.25 0.75 0.0795117 -0.102539 0.450963 3.74958e+08
-1.75 -1.25 0.75 0.00287853 -0.00287853 0.583659 1.0055e+09
-1.25 -0.75 0.75 0.0162917 -0.00221951 0.580394 1.03183e+09
-1.75 -0.25 0.75 0.0316083 -0.0312979 0.547346 7.29801e+08
-1.25 0.25 0.75 0.0525173 -0.045273 0.536356 7.82019e+08
-1.75 0.75 0.75 0.0650635 -0.0758438 0.495738 5.44133e+08
-1.25 1.25 0.75 0.0953798 -0.0954008 0.476126 6.01184e+08
-0.75 -1.25 0.75 0.00723891 0.0273109 0.604006 1.44156e+09
-0.25 -0.75 0.75 0.0452342 0.0268285 0.595718 1.56231e+09
-0.75 -0.25 0.75 0.0443393 -0.0107533 0.570738 1.11144e+09
-0.25 0.25 0.75 0.0851431 -0.0230187 0.555162 1.24461e+09
-0.75 0.75 0.75 0.087657 -0.0621954 0.518573 8.69804e+08
-0.25 1.25 0.75 0.13676 -0.0778765 0.494175 9.96064e+08
0.25 -1.25 0.75 0.0655197 0.0626222 0.606825 2.19026e+09
0.75 -0.75 0.75 0.118982 0.0727912 0.596686 2.4731e+09
0.25 -0.25 0.75 0.0925418 0.02251 0.582744 1.76042e+09
0.75 0.25 0.75 0.154463 0.0124338 0.562955 2.06282e+09
0.25 0.75 0.75 0.140116 -0.0364962 0.53291 1.44051e+09
0.75 1.25 0.75 0.202193 -0.0444301 0.505861 1.69151e+09
1.25 -1.25 0.75 0.178017 0.119342 0.591995 3.52035e+09
1.75 -0.75 0.75 0.256362 0.124057 0.57795 4.24563e+09
1.25 -0.25 0.75 0.18872 0.0676854 0.579632 2.93986e+09
1.75 0.25 0.75 0.25965 0.0667077 0.55813 3.54395e+09
1.25 0.75 0.75 0.221017 0.00729442 0.538504 2.45312e+09
1.75 1.25 0.75 0.285963 0.00203288 0.51049 2.91125e+09
2.25 -1.25 0.75 0.369993 0.174613 0.565712 6.62256e+09
2.25 -0.25 0.75 0.332662 0.125201 0.559134 5.19751e+09
2.25 0.75 0.75 0.321555 0.0610184 0.533852 4.25108e+09
-2.5 -1.5 1 0.403971 -0.402993 0.590159 3.45419e+09
-2.5 -0.5 1 0.423707 -0.423707 0.553553 2.38729e+09
-2.5 0.5 1 0.4459 -0.453357 0.503601 1.72544e+09
-2.5 1.5 1 0.473143 -0.483572 0.440869 1.28795e+09
-1.5 -1.5 1 0.371456 -0.371456 0.629575 4.61092e+09
-2 -1 1 0.398883 -0.398883 0.594571 3.3465e+09
-1.5 -0.5 1 0.402993 -0.403971 0.590159 3.45419e+09
-2 0 1 0.425314 -0.430467 0.548818 2.45861e+09
-1.5 0.5 1 0.438104 -0.441086 0.535043 2.67553e+09
-2 1 1 0.456322 -0.46425 0.489112 1.86652e+09
-1.5 1.5 1 0.477552 -0.474194 0.466425 2.10588e+09
-0.5 -1.5 1 0.355889 -0.338572 0.651925 6.46667e+09
-1 -1 1 0.379529 -0.373525 0.625551 4.7702e+09
-0.5 -0.5 1 0.400201 -0.380966 0.613794 5.25863e+09
-1 0 1 0.419063 -0.413533 0.577294 3.78278e+09
-0.5 0.5 1 0.446889 -0.422689 0.556931 4.34475e+09
-1 1 1 0.462309 -0.450991 0.513364 3.04541e+09
-0.5 1.5 1 0.496132 -0.456857 0.485341 3.57743e+09
0.5 -1.5 1 0.369164 -0.296763 0.655986 9.67652e+09
0 -1 1 0.383013 -0.342589 0.641433 7.17535e+09
0.5 -0.5 1 0.420804 -0.346498 0.624719 8.36343e+09
0 0 1 0.432475 -0.388315 0.595091 6.09168e+09
0.5 0.5 1 0.475238 -0.39286 0.570018 7.34252e+09
0 1 1 0.484773 -0.428185 0.530223 5.16691e+09
0.5 1.5 1 0.527523 -0.428126 0.49897 6.22316e+09
1.5 -1.5 1 0.415921 -0.225951 0.640871 1.53912e+10
1 -1 1 0.41397 -0.294528 0.641315 1.12617e+10
1.5 -0.5 1 0.471656 -0.295738 0.620687 1.40074e+10
1 0 1 0.469744 -0.349489 0.601637 1.02316e+10
1.5 0.5 1 0.520737 -0.347293 0.573736 1.26517e+10
1 1 1 0.521888 -0.392035 0.540276 8.95977e+09
1.5 1.5 1 0.568571 -0.387501 0.506801 1.08878e+10
2.5 -1.5 1 0.506804 -0.13569 0.608452 2.74999e+10
2 -1 1 0.485688 -0.227537 0.623407 1.9398e+10
2.5 -0.5 1 0.548895 -0.222736 0.598825 2.43358e+10
2 0 1 0.527745 -0.291913 0.594818 1.75219e+10
2.5 0.5 1 0.576517 -0.289899 0.565327 2.17489e+10
2 1 1 0.569246 -0.343479 0.541949 1.55656e+10
2.5 1.5 1 0.618732 -0.332729 0.506978 1.88449e+10
-2.25 -1.25 1.25 0.0189675 -0.0124603 0.641993 5.45903e+08
-2.25 -0.25 1.25 0.0396447 -0.0519045 0.615089 3.88941e+08
-2.25 0.75 1.25 0.0647026 -0.107298 0.573463 2.85793e+08
-1.25 -1.25 1.25 -0.0124119 0.0149279 0.657519 7.56876e+08
-1.75 -0.75 1.25 0.0124603 -0.0189675 0.641993 5.45903e+08
-1.25 -0.25 1.25 0.0206376 -0.0357852 0.637207 5.73049e+08
-1.75 0.25 1.25 0.0418461 -0.0737689 0.60916 4.07131e+08
-1.25 0.75 1.25 0.0607595 -0.099125 0.59737 4.43732e+08
-1.75 1.25 1.25 0.0793484 -0.134926 0.55984 3.09901e+08
-0.25 -1.25 1.25 0.000693023 0.0503919 0.653919 1.09949e+09
-0.75 -0.75 1.25 0.00456072 0.00626777 0.653898 7.96731e+08
-0.25 -0.25 1.25 0.0368996 -0.00730024 0.646484 8.76746e+08
-0.75 0.25 1.25 0.0451952 -0.0568217 0.627543 6.27714e+08
-0.25 0.75 1.25 0.0855232 -0.0782888 0.612382 7.11723e+08
-0.75 1.25 1.25 0.0962703 -0.122889 0.579595 4.99384e+08
0.75 -1.25 1.25 0.0844452 0.107693 0.627505 1.70226e+09
0.25 -0.75 1.25 0.044454 0.0488373 0.648383 1.21422e+09
0.75 -0.25 1.25 0.0955704 0.0378336 0.639497 1.39431e+09
0.25 0.25 1.25 0.082574 -0.0247157 0.634343 1.00118e+09
0.75 0.75 1.25 0.14263 -0.036742 0.616765 1.17249e+09
0.25 1.25 1.25 0.140411 -0.0933065 0.591655 8.253e+08
1.75 -1.25 1.25 0.233949 0.169072 0.582358 2.93266e+09
1.25 -0.75 1.25 0.139706 0.104321 0.620919 1.95758e+09
1.75 -0.25 1.25 0.209306 0.110152 0.611533 2.32088e+09
1.25 0.25 1.25 0.160889 0.031555 0.625768 1.64775e+09
1.75 0.75 1.25 0.228813 0.0240054 0.607317 1.97188e+09
1.25 1.25 1.25 0.208879 -0.0447666 0.59452 1.38585e+09
2.25 -0.75 1.25 0.304621 0.193823 0.574763 3.42242e+09
2.25 0.25 1.25 0.276368 0.103289 0.597127 2.80952e+09
2.25 1.25 1.25 0.298644 0.0202613 0.585496 2.33488e+09
-2.5 -1 1.5 0.394873 -0.390783 0.617872 1.62822e+09
-2.5 0 1.5 0.414126 -0.420412 0.582105 1.17123e+09
-2.5 1 1.5 0.437745 -0.455901 0.532068 8.76232e+08
-2 -1.5 1.5 0.367044 -0.366562 0.64645 2.22886e+09
-1.5 -1 1.5 0.366562 -0.367044 0.64645 2.22886e+09
-2 -0.5 1.5 0.390783 -0.394873 0.617872 1.62822e+09
-1.5 0 1.5 0.397693 -0.405243 0.609614 1.73114e+09
-2 0.5 1.5 0.418055 -0.432319 0.573238 1.24039e+09
-1.5 1 1.5 0.434389 -0.444593 0.556358 1.38119e+09
-2 1.5 1.5 0.451343 -0.468583 0.514325 9.68823e+08
-1 -1.5 1.5 0.342687 -0.337465 0.664871 3.01264e+09
-0.5 -1 1.5 0.360177 -0.340792 0.658101 3.22465e+09
-1 -0.5 1.5 0.377812 -0.374682 0.638916 2.37858e+09
-0.5 0 1.5 0.402355 -0.383292 0.624496 2.68356e+09
-1 0.5 1.5 0.417582 -0.416271 0.593847 1.9411e+09
-0.5 1 1.5 0.449612 -0.423999 0.57164 2.26873e+09
-1 1.5 1.5 0.462613 -0.453151 0.532817 1.59828e+09
0 -1.5 1.5 0.347237 -0.303459 0.664141 4.37977e+09
0.5 -1 1.5 0.386462 -0.301705 0.652168 4.95211e+09
0 -0.5 1.5 0.390901 -0.345366 0.645127 3.6523e+09
0.5 0 1.5 0.432415 -0.349109 0.62649 4.34187e+09
0 0.5 1.5 0.438827 -0.389426 0.603942 3.16649e+09
0.5 1 1.5 0.484484 -0.389132 0.578365 3.83813e+09
0 1.5 1.5 0.490832 -0.425299 0.544423 2.71689e+09
1 -1.5 1.5 0.394486 -0.249822 0.645063 7.00977e+09
1.5 -1 1.5 0.444151 -0.248697 0.628634 8.19153e+09
1 -0.5 1.5 0.433117 -0.302675 0.63538 5.89305e+09
1.5 0 1.5 0.490189 -0.295274 0.61399 7.27149e+09
1 0.5 1.5 0.483254 -0.346062 0.602899 5.32163e+09
1.5 1 1.5 0.535057 -0.339333 0.575257 6.57314e+09
1 1.5 1.5 0.533207 -0.383373 0.548937 4.68145e+09
2 -1.5 1.5 0.46186 -0.183508 0.610218 1.21971e+10
2.5 -1 1.5 0.531744 -0.161929 0.589793 1.43208e+10
2 -0.5 1.5 0.508054 -0.23514 0.608932 1.00248e+10
2.5 0 1.5 0.566624 -0.227778 0.584969 1.25918e+10
2 0.5 1.5 0.545057 -0.287586 0.588337 9.07787e+09
2.5 1 1.5 0.5967 -0.27567 0.56 1.11965e+10
2 1.5 1.5 0.586418 -0.327125 0.544593 8.03177e+09
