449
-2.5 -1 -1.5 0.442432 -0.22661 0.330696 3.51878e+08
-2.5 0 -1.5 0.399048 -0.178397 0.363982 2.95832e+08
-2.5 1 -1.5 0.32984 -0.126736 0.399857 2.53089e+08
-2 -1.5 -1.5 0.490246 -0.14733 0.235441 4.93048e+08
-1.5 -1 -1.5 0.507366 0.00886641 0.172828 6.0583e+08
-2 -0.5 -1.5 0.462122 -0.0953573 0.260444 4.15554e+08
-1.5 0 -1.5 0.467478 0.0628078 0.200808 5.13733e+08
-2 0.5 -1.5 0.406984 -0.0442648 0.296278 3.51683e+08
-1.5 1 -1.5 0.39813 0.10215 0.237822 4.38658e+08
-2 1.5 -1.5 0.32513 -0.000714941 0.332328 3.04232e+08
-1 -1.5 -1.5 0.532321 0.127248 0.112273 9.07164e+08
-0.5 -1 -1.5 0.517737 0.308816 0.0840208 1.21865e+09
-1 -0.5 -1.5 0.505269 0.184201 0.126857 7.81528e+08
-0.5 0 -1.5 0.477738 0.348047 0.0974311 1.05061e+09
-1 0.5 -1.5 0.451264 0.223318 0.155483 6.66685e+08
-0.5 1 -1.5 0.414504 0.358144 0.121956 8.98132e+08
-1 1.5 -1.5 0.371318 0.235812 0.190006 5.72653e+08
0 -1.5 -1.5 0.50759 0.429784 0.0758129 1.91928e+09
0.5 -1 -1.5 0.455913 0.566682 0.0718758 2.6752e+09
0 -0.5 -1.5 0.477474 0.464106 0.0699072 1.68038e+09
0.5 0 -1.5 0.423052 0.574721 0.0592159 2.31951e+09
0 0.5 -1.5 0.430587 0.474069 0.0774648 1.44259e+09
0.5 1 -1.5 0.379187 0.54981 0.0568697 1.96591e+09
0 1.5 -1.5 0.369439 0.44843 0.0926113 1.22863e+09
1 -1.5 -1.5 0.417794 0.646341 0.0954159 4.07657e+09
1.5 -1 -1.5 0.359025 0.70597 0.0816653 5.16839e+09
1 -0.5 -1.5 0.396441 0.65595 0.0633136 3.61696e+09
1.5 0 -1.5 0.339006 0.693342 0.0454285 4.48813e+09
1 0.5 -1.5 0.367505 0.634267 0.0423119 3.07655e+09
1.5 1 -1.5 0.310512 0.639572 0.0210369 3.6516e+09
1 1.5 -1.5 0.327481 0.573889 0.0320383 2.50974e+09
2 -1.5 -1.5 0.323933 0.71536 0.110353 6.54797e+09
2.5 -1 -1.5 0.278629 0.71607 0.106872 7.16667e+09
2 -0.5 -1.5 0.307825 0.718872 0.063725 5.87998e+09
2.5 0 -1.5 0.26983 0.689207 0.064132 6.06762e+09
2 0.5 -1.5 0.286341 0.676246 0.0293618 4.86583e+09
2.5 1 -1.5 0.250044 0.603331 0.0452095 4.7042e+09
2 1.5 -1.5 0.246527 0.582643 0.0161195 3.6973e+09
-2.25 -0.75 -1.25 0.130699 0.567991 0.488466 1.90586e+08
-2.25 0.25 -1.25 0.17932 0.636474 0.468206 1.80717e+08
-2.25 1.25 -1.25 0.219984 0.683496 0.44246 1.71536e+08
-1.75 -1.25 -1.25 0.0999537 0.578079 0.442228 2.58171e+08
-1.25 -0.75 -1.25 0.110818 0.67471 0.381842 3.48024e+08
-1.75 -0.25 -1.25 0.146558 0.657955 0.421288 2.47166e+08
-1.25 0.25 -1.25 0.14353 0.741977 0.357518 3.34798e+08
-1.75 0.75 -1.25 0.182575 0.715138 0.39742 2.34823e+08
-1.25 1.25 -1.25 0.169496 0.782243 0.327438 3.16385e+08
-0.75 -1.25 -1.25 0.0692681 0.6883 0.354421 5.03614e+08
-0.25 -0.75 -1.25 0.053099 0.777245 0.311394 7.39698e+08
-0.75 -0.25 -1.25 0.101681 0.762901 0.327336 4.92173e+08
-0.25 0.25 -1.25 0.0739213 0.832078 0.276567 7.16796e+08
-0.75 0.75 -1.25 0.123243 0.811367 0.296022 4.71222e+08
-0.25 1.25 -1.25 0.0899635 0.861705 0.235108 6.76552e+08
0.25 -1.25 -1.25 -0.00225068 0.784424 0.31195 1.13098e+09
0.75 -0.75 -1.25 -0.0433793 0.844468 0.279932 1.69111e+09
0.25 -0.25 -1.25 0.0187555 0.843114 0.271711 1.09876e+09
0.75 0.25 -1.25 -0.0251834 0.887402 0.227314 1.61179e+09
0.25 0.75 -1.25 0.0343876 0.879566 0.22526 1.04661e+09
0.75 1.25 -1.25 -0.00702339 0.910143 0.165364 1.49456e+09
1.25 -1.25 -1.25 -0.120482 0.827643 0.298601 2.46839e+09
1.75 -0.75 -1.25 -0.186857 0.847042 0.263771 3.11373e+09
1.25 -0.25 -1.25 -0.0970217 0.881507 0.240577 2.40359e+09
1.75 0.25 -1.25 -0.168945 0.892114 0.197036 2.98482e+09
1.25 0.75 -1.25 -0.0783717 0.912467 0.174037 2.23152e+09
1.75 1.25 -1.25 -0.158563 0.911633 0.123126 2.6312e+09
2.25 -1.25 -1.25 -0.287116 0.762206 0.289318 3.2208e+09
2.25 -0.25 -1.25 -0.276323 0.83174 0.234476 3.30269e+09
2.25 0.75 -1.25 -0.274481 0.863613 0.167993 3.03091e+09
-2.5 -1.5 -1 0.416814 -0.324791 0.451785 9.33019e+08
-2.5 -0.5 -1 0.360131 -0.315303 0.484601 7.93824e+08
-2.5 0.5 -1 0.284613 -0.297834 0.515249 6.80472e+08
-2.5 1.5 -1 0.194779 -0.270996 0.535635 5.94684e+08
-1.5 -1.5 -1 0.491211 -0.176396 0.331172 1.47207e+09
-2 -1 -1 0.432377 -0.257396 0.403886 1.06686e+09
-1.5 -0.5 -1 0.446443 -0.165581 0.355858 1.25655e+09
-2 0 -1 0.369762 -0.245959 0.434944 9.07524e+08
-1.5 0.5 -1 0.376719 -0.156594 0.384653 1.07096e+09
-2 1 -1 0.287393 -0.228558 0.462638 7.80665e+08
-1.5 1.5 -1 0.287216 -0.145144 0.408904 9.264e+08
-0.5 -1.5 -1 0.540741 0.0630837 0.239865 2.64337e+09
-1 -1 -1 0.505536 -0.0608218 0.28766 1.79874e+09
-0.5 -0.5 -1 0.51157 0.072478 0.248024 2.29168e+09
-1 0 -1 0.455673 -0.0533981 0.30937 1.53657e+09
-0.5 0.5 -1 0.455802 0.06656 0.265478 1.95582e+09
-1 1 -1 0.377978 -0.0552656 0.335221 1.31239e+09
-0.5 1.5 -1 0.371821 0.0442327 0.287307 1.6686e+09
0.5 -1.5 -1 0.530288 0.3524 0.203491 5.47912e+09
0 -1 -1 0.536232 0.210042 0.210855 3.50918e+09
0.5 -0.5 -1 0.515953 0.342208 0.18579 4.77635e+09
0 0 -1 0.503638 0.204274 0.21259 3.02516e+09
0.5 0.5 -1 0.484011 0.314256 0.179637 4.08315e+09
0 1 -1 0.444872 0.176109 0.224011 2.57202e+09
0.5 1.5 -1 0.43133 0.257078 0.181891 3.45429e+09
1.5 -1.5 -1 0.452508 0.588253 0.211642 1.19571e+10
1 -1 -1 0.497968 0.475518 0.186711 7.63962e+09
1.5 -0.5 -1 0.464867 0.563317 0.164817 1.05188e+10
1 0 -1 0.489847 0.445634 0.160064 6.58433e+09
1.5 0.5 -1 0.468722 0.509628 0.128265 8.88726e+09
1 1 -1 0.466955 0.388124 0.143611 5.55128e+09
1.5 1.5 -1 0.45694 0.415954 0.104653 7.19242e+09
2.5 -1.5 -1 0.358828 0.687384 0.238372 2.14064e+10
2 -1 -1 0.417762 0.644992 0.191088 1.56708e+10
2.5 -0.5 -1 0.397793 0.665315 0.171845 1.89537e+10
2 0 -1 0.440574 0.604048 0.137264 1.34715e+10
2.5 0.5 -1 0.434533 0.598606 0.115843 1.55026e+10
2 1 -1 0.455471 0.519471 0.096411 1.08649e+10
2.5 1.5 -1 0.46051 0.476167 0.0818754 1.16841e+10
-2.25 -1.25 -0.75 0.0434442 0.510788 0.608692 4.49287e+08
-2.25 -0.25 -0.75 0.104084 0.571432 0.58569 4.26209e+08
-2.25 0.75 -0.75 0.163449 0.616458 0.554498 4.03109e+08
-1.25 -1.25 -0.75 0.030949 0.58238 0.537538 7.46841e+08
-1.75 -0.75 -0.75 0.06807 0.579963 0.559143 5.58517e+08
-1.25 -0.25 -0.75 0.0825363 0.64812 0.508333 7.17529e+08
-1.75 0.25 -0.75 0.122985 0.635118 0.529626 5.30417e+08
-1.25 0.75 -0.75 0.132261 0.694586 0.470055 6.79566e+08
-1.75 1.25 -0.75 0.177461 0.672533 0.489901 5.00601e+08
-0.25 -1.25 -0.75 -0.00271402 0.659567 0.483189 1.41886e+09
-0.75 -0.75 -0.75 0.0416484 0.655678 0.49232 9.95258e+08
-0.25 -0.25 -0.75 0.0422828 0.725283 0.442888 1.38322e+09
-0.75 0.25 -0.75 0.0876999 0.712601 0.453667 9.56284e+08
-0.25 0.75 -0.75 0.0837833 0.76957 0.393105 1.3176e+09
-0.75 1.25 -0.75 0.133109 0.746917 0.405494 8.96146e+08
0.75 -1.25 -0.75 -0.0639774 0.730987 0.448043 3.0975e+09
0.25 -0.75 -0.75 -0.00927433 0.7311 0.440908 2.0453e+09
0.75 -0.25 -0.75 -0.0262524 0.788534 0.394444 2.95868e+09
0.25 0.25 -0.75 0.0312498 0.784023 0.388847 1.96733e+09
0.75 0.75 -0.75 0.0116931 0.828268 0.330345 2.78925e+09
0.25 1.25 -0.75 0.0690382 0.814557 0.328136 1.84195e+09
1.75 -1.25 -0.75 -0.16941 0.768269 0.42328 6.78923e+09
1.25 -0.75 -0.75 -0.0882696 0.787762 0.405173 4.56614e+09
1.75 -0.25 -0.75 -0.122898 0.829091 0.352349 6.46307e+09
1.25 0.25 -0.75 -0.0469465 0.835142 0.337837 4.26705e+09
1.75 0.75 -0.75 -0.082051 0.867071 0.272089 5.86641e+09
1.25 1.25 -0.75 -0.00892202 0.863892 0.259165 3.89872e+09
2.25 -0.75 -0.75 -0.219573 0.784617 0.380653 8.33528e+09
2.25 0.25 -0.75 -0.177536 0.839229 0.301362 7.77649e+09
2.25 1.25 -0.75 -0.149473 0.864303 0.217062 6.65998e+09
-2.5 -1 -0.5 0.373127 -0.382907 0.529513 2.3442e+09
-2.5 0 -0.5 0.290188 -0.388237 0.559401 2.02928e+09
-2.5 1 -0.5 0.194622 -0.380967 0.580246 1.77223e+09
-2 -1.5 -0.5 0.44812 -0.334528 0.465539 3.06718e+09
-1.5 -1 -0.5 0.459759 -0.282743 0.432475 3.55001e+09
-2 -0.5 -0.5 0.378431 -0.348818 0.494811 2.64921e+09
-1.5 0 -0.5 0.385142 -0.300947 0.457773 3.05667e+09
-2 0.5 -0.5 0.28954 -0.355475 0.52065 2.28905e+09
-1.5 1 -0.5 0.291128 -0.310297 0.479325 2.63787e+09
-2 1.5 -0.5 0.188825 -0.348164 0.536748 1.99821e+09
-1 -1.5 -0.5 0.524932 -0.191885 0.378943 4.86164e+09
-0.5 -1 -0.5 0.537683 -0.101653 0.347233 5.9823e+09
-1 -0.5 -0.5 0.471908 -0.215118 0.397381 4.21481e+09
-0.5 0 -0.5 0.485237 -0.132132 0.359397 5.16126e+09
-1 0.5 -0.5 0.393304 -0.239579 0.418197 3.61684e+09
-0.5 1 -0.5 0.402631 -0.167834 0.375994 4.40489e+09
-1 1.5 -0.5 0.294646 -0.254572 0.435619 3.1176e+09
0 -1.5 -0.5 0.574306 0.0360177 0.314922 8.69719e+09
0.5 -1 -0.5 0.575451 0.15892 0.286643 1.15568e+10
0 -0.5 -0.5 0.549672 0.00402863 0.312464 7.62956e+09
0.5 0 -0.5 0.556571 0.114117 0.27505 1.00189e+10
0 0.5 -0.5 0.498359 -0.0390953 0.318141 6.52808e+09
0.5 1 -0.5 0.508344 0.0529904 0.273992 8.47181e+09
0 1.5 -0.5 0.412361 -0.0931642 0.331047 5.51483e+09
1 -1.5 -0.5 0.561778 0.326498 0.286949 1.79733e+10
1.5 -1 -0.5 0.542286 0.442311 0.262036 2.5481e+10
1 -0.5 -0.5 0.569068 0.275056 0.256117 1.5721e+10
1.5 0 -0.5 0.563964 0.379481 0.220289 2.19227e+10
1 0.5 -0.5 0.558556 0.214846 0.235383 1.34299e+10
1.5 1 -0.5 0.569114 0.295516 0.187873 1.83915e+10
1 1.5 -0.5 0.521413 0.129292 0.224664 1.12513e+10
2 -1.5 -0.5 0.476658 0.590695 0.29047 4.14956e+10
2.5 -1 -0.5 0.451383 0.657059 0.261823 5.73296e+10
2 -0.5 -0.5 0.525358 0.53871 0.229151 3.63232e+10
2.5 0 -0.5 0.517745 0.596644 0.190018 4.86233e+10
2 0.5 -0.5 0.56632 0.460382 0.174694 3.04894e+10
2.5 1 -0.5 0.578155 0.495557 0.127581 3.89584e+10
2 1.5 -0.5 0.590648 0.343169 0.133559 2.4472e+10
-2.25 -0.75 -0.25 0.0631363 0.512001 0.646365 1.07618e+09
-2.25 0.25 -0.25 0.125925 0.55674 0.615972 1.02143e+09
-2.25 1.25 -0.25 0.191919 0.58804 0.57464 9.60134e+08
-1.75 -1.25 -0.25 0.0298492 0.512624 0.631623 1.37491e+09
-1.25 -0.75 -0.25 0.0495481 0.567746 0.594011 1.72108e+09
-1.75 -0.25 -0.25 0.0873497 0.56504 0.602921 1.31292e+09
-1.25 0.25 -0.25 0.105976 0.615573 0.555613 1.63538e+09
-1.75 0.75 -0.25 0.148599 0.605188 0.563201 1.24029e+09
-1.25 1.25 -0.25 0.167432 0.650941 0.504371 1.53558e+09
-0.75 -1.25 -0.25 0.0122842 0.565141 0.590154 2.29522e+09
-0.25 -0.75 -0.25 0.0248399 0.622932 0.553097 3.0516e+09
-0.75 -0.25 -0.25 0.0647 0.621217 0.552246 2.20915e+09
-0.25 0.25 -0.25 0.0790463 0.674885 0.501674 2.91999e+09
-0.75 0.75 -0.25 0.122076 0.663734 0.501666 2.08128e+09
-0.25 1.25 -0.25 0.136842 0.708457 0.439199 2.70486e+09
0.25 -1.25 -0.25 -0.0180556 0.623999 0.557667 4.33897e+09
0.75 -0.75 -0.25 -0.0151908 0.686392 0.514289 6.16996e+09
0.25 -0.25 -0.25 0.0360841 0.683302 0.505047 4.2006e+09
0.75 0.25 -0.25 0.041815 0.7387 0.447657 5.87035e+09
0.25 0.75 -0.25 0.0918211 0.727357 0.440065 3.96976e+09
0.75 1.25 -0.25 0.0951497 0.771218 0.371812 5.42013e+09
1.25 -1.25 -0.25 -0.066019 0.687115 0.527434 9.27707e+09
1.75 -0.75 -0.25 -0.0667739 0.750532 0.472442 1.35685e+10
1.25 -0.25 -0.25 -0.0115779 0.741416 0.461873 8.69916e+09
1.75 0.25 -0.25 -0.00373244 0.796438 0.393941 1.23486e+10
1.25 0.75 -0.25 0.0442934 0.782261 0.384169 8.05409e+09
1.75 1.25 -0.25 0.0499628 0.82609 0.3027 1.09754e+10
2.25 -1.25 -0.25 -0.151315 0.740487 0.486821 2.05442e+10
2.25 -0.25 -0.25 -0.0838985 0.800634 0.407365 1.9166e+10
2.25 0.75 -0.25 -0.0224793 0.837953 0.317354 1.67276e+10
-2.5 -1.5 0 0.421793 -0.423378 0.532859 7.16913e+09
-2.5 -0.5 0 0.335614 -0.442659 0.563809 6.27276e+09
-2.5 0.5 0 0.232601 -0.451145 0.588051 5.49784e+09
-2.5 1.5 0 0.126104 -0.441752 0.600257 4.86279e+09
-1.5 -1.5 0 0.509151 -0.337324 0.452695 1.06249e+10
-2 -1 0 0.42634 -0.402868 0.506008 8.08849e+09
-1.5 -0.5 0 0.432505 -0.373333 0.476842 9.2863e+09
-2 0 0 0.332926 -0.426706 0.532659 7.05277e+09
-1.5 0.5 0 0.333104 -0.401832 0.499242 8.05722e+09
-2 1 0 0.222871 -0.436317 0.552523 6.158e+09
-1.5 1.5 0 0.21619 -0.412944 0.515299 7.00222e+09
-0.5 -1.5 0 0.587584 -0.178771 0.385447 1.71555e+10
-1 -1 0 0.521207 -0.289746 0.42574 1.25083e+10
-0.5 -0.5 0 0.534755 -0.230271 0.395318 1.50699e+10
-1 0 0 0.440923 -0.333873 0.444867 1.08614e+10
-0.5 0.5 0 0.45308 -0.283432 0.409185 1.29766e+10
-1 1 0 0.337376 -0.367338 0.463113 9.37032e+09
-0.5 1.5 0 0.346487 -0.323832 0.424012 1.11148e+10
0.5 -1.5 0 0.62706 0.0667552 0.338753 3.12274e+10
0 -1 0 0.599448 -0.0964737 0.357813 2.14488e+10
0.5 -0.5 0 0.615293 0.00145276 0.323375 2.77512e+10
0 0 0 0.553043 -0.156654 0.359538 1.86685e+10
0.5 0.5 0 0.57641 -0.0701573 0.317419 2.38055e+10
0 1 0 0.470082 -0.222709 0.369198 1.58741e+10
0.5 1.5 0 0.49284 -0.157183 0.323901 1.98341e+10
1.5 -1.5 0 0.592299 0.378521 0.319627 6.62453e+10
1 -1 0 0.629039 0.183138 0.309019 4.21522e+10
1.5 -0.5 0 0.625511 0.297251 0.2743 5.81432e+10
1 0 0 0.630399 0.108552 0.282812 3.68447e+10
1.5 0.5 0 0.642472 0.211995 0.237048 4.9692e+10
1 1 0 0.601461 0.0205954 0.268962 3.09459e+10
1.5 1.5 0 0.631002 0.102687 0.21217 4.10824e+10
2.5 -1.5 0 0.472825 0.664483 0.322279 1.65985e+11
2 -1 0 0.572265 0.496348 0.288759 9.70592e+10
2.5 -0.5 0 0.555455 0.60107 0.246461 1.44156e+11
2 0 0 0.62588 0.407613 0.230653 8.28051e+10
2.5 0.5 0 0.634383 0.503928 0.172757 1.18872e+11
2 1 0 0.665104 0.306048 0.179232 6.92308e+10
2.5 1.5 0 0.696788 0.380503 0.109452 9.49089e+10
-2.25 -1.25 0.25 0.0778365 0.409189 0.657108 3.64556e+09
-2.25 -0.25 0.25 0.125516 0.456718 0.634567 3.48257e+09
-2.25 0.75 0.25 0.175804 0.493685 0.601269 3.28967e+09
-1.25 -1.25 0.25 0.080408 0.460893 0.612518 5.68895e+09
-1.75 -0.75 0.25 0.102156 0.459812 0.621615 4.41543e+09
-1.25 -0.25 0.25 0.121111 0.507911 0.583843 5.44819e+09
-1.75 0.25 0.25 0.147494 0.502737 0.590903 4.19744e+09
-1.25 0.75 0.25 0.166347 0.546931 0.542694 5.13638e+09
-1.75 1.25 0.25 0.196515 0.53465 0.548213 3.91979e+09
-0.25 -1.25 0.25 0.0714837 0.513956 0.582106 9.68314e+09
-0.75 -0.75 0.25 0.0962917 0.511309 0.580807 7.20378e+09
-0.25 -0.25 0.25 0.111842 0.560892 0.543248 9.29072e+09
-0.75 0.25 0.25 0.137631 0.554063 0.541233 6.82792e+09
-0.25 0.75 0.25 0.156811 0.599005 0.490149 8.70408e+09
-0.75 1.25 0.25 0.185047 0.589422 0.487366 6.38915e+09
0.75 -1.25 0.25 0.0536732 0.586106 0.55492 1.86086e+10
0.25 -0.75 0.25 0.0864714 0.569264 0.547994 1.29297e+10
0.75 -0.25 0.25 0.107643 0.632977 0.498442 1.78274e+10
0.25 0.25 0.25 0.133705 0.613965 0.49366 1.23005e+10
0.75 0.75 0.25 0.157594 0.668465 0.430867 1.66865e+10
0.25 1.25 0.25 0.178534 0.640549 0.429325 1.12527e+10
1.75 -1.25 0.25 0.0301253 0.671649 0.519121 3.95412e+10
1.25 -0.75 0.25 0.0660455 0.651612 0.508239 2.63608e+10
1.75 -0.25 0.25 0.0907039 0.706366 0.450593 3.6547e+10
1.25 0.25 0.25 0.125267 0.689805 0.438854 2.47018e+10
1.75 0.75 0.25 0.151135 0.72651 0.37133 3.26652e+10
1.25 1.25 0.25 0.172766 0.710048 0.360842 2.23382e+10
2.25 -0.75 0.25 0.0509084 0.747701 0.455243 5.80883e+10
2.25 0.25 0.25 0.121617 0.767295 0.375263 5.07782e+10
2.25 1.25 0.25 0.186632 0.772961 0.280631 4.2923e+10
-2.5 -1 0.5 0.273389 -0.168568 0.594456 1.49514e+10
-2.5 0 0.5 0.223651 -0.149654 0.606301 1.34839e+10
-2.5 1 0.5 0.175452 -0.123757 0.605971 1.21641e+10
-2 -1.5 0.5 0.321184 -0.142336 0.550915 1.89552e+10
-1.5 -1 0.5 0.324878 -0.0930576 0.524823 2.22291e+10
-2 -0.5 0.5 0.275564 -0.129475 0.564438 1.7151e+10
-1.5 0 0.5 0.278247 -0.0830617 0.531493 2.00078e+10
-2 0.5 0.5 0.223782 -0.1117 0.569481 1.53979e+10
-1.5 1 0.5 0.226093 -0.0667766 0.52902 1.78325e+10
-2 1.5 0.5 0.177069 -0.0861152 0.561245 1.38026e+10
-1 -1.5 0.5 0.365526 -0.0391832 0.490865 2.92466e+10
-0.5 -1 0.5 0.365864 0.0295096 0.46582 3.59212e+10
-1 -0.5 0.5 0.32781 -0.0363303 0.49571 2.65632e+10
-0.5 0 0.5 0.332588 0.0289532 0.461499 3.23467e+10
-1 0.5 0.5 0.283764 -0.0289705 0.494056 2.37295e+10
-0.5 1 0.5 0.294692 0.0340726 0.450327 2.86562e+10
-1 1.5 0.5 0.232192 -0.0145287 0.483821 2.09632e+10
0 -1.5 0.5 0.382621 0.114488 0.446619 4.93064e+10
0.5 -1 0.5 0.37596 0.206872 0.419463 6.44839e+10
0 -0.5 0.5 0.367445 0.108143 0.434824 4.51724e+10
0.5 0 0.5 0.376914 0.200076 0.393839 5.84907e+10
0 0.5 0.5 0.342244 0.105192 0.419863 4.0257e+10
0.5 1 0.5 0.357066 0.188571 0.369688 5.11787e+10
0 1.5 0.5 0.311198 0.103238 0.399339 3.52168e+10
1 -1.5 0.5 0.357219 0.329791 0.417865 9.43357e+10
1.5 -1 0.5 0.352828 0.440942 0.380248 1.31775e+11
1 -0.5 0.5 0.380972 0.310637 0.379403 8.71171e+10
1.5 0 0.5 0.390295 0.415931 0.32947 1.19069e+11
1 0.5 0.5 0.394624 0.298352 0.341747 7.76097e+10
1.5 1 0.5 0.418282 0.390152 0.278652 1.0263e+11
1 1.5 0.5 0.377872 0.267158 0.309562 6.55338e+10
2 -1.5 0.5 0.29029 0.571061 0.396846 2.02726e+11
2.5 -1 0.5 0.281761 0.66928 0.351735 2.9679e+11
2 -0.5 0.5 0.344149 0.545994 0.336577 1.84841e+11
2.5 0 0.5 0.352714 0.633328 0.278123 2.58316e+11
2 0.5 0.5 0.399255 0.508996 0.271772 1.60419e+11
2.5 1 0.5 0.427813 0.581762 0.197431 2.15362e+11
2 1.5 0.5 0.446943 0.469344 0.204697 1.35138e+11
-2.25 -0.75 0.75 0.144474 0.320649 0.633656 5.93e+09
-2.25 0.25 0.75 0.170113 0.360435 0.611999 5.6198e+09
-2.25 1.25 0.75 0.201619 0.394232 0.577494 5.28118e+09
-1.75 -1.25 0.75 0.142993 0.322811 0.615448 7.43785e+09
-1.25 -0.75 0.75 0.161184 0.370627 0.583945 9.12499e+09
-1.75 -0.25 0.75 0.164005 0.365045 0.596769 7.10811e+09
-1.25 0.25 0.75 0.180763 0.406898 0.556582 8.63508e+09
-1.75 0.75 0.75 0.187098 0.399196 0.566899 6.66241e+09
-1.25 1.25 0.75 0.203325 0.435335 0.516805 7.97559e+09
-0.75 -1.25 0.75 0.160692 0.380606 0.574049 1.18969e+10
-0.25 -0.75 0.75 0.176276 0.428544 0.54278 1.51929e+10
-0.75 -0.25 0.75 0.177021 0.415277 0.548556 1.1348e+10
-0.25 0.25 0.75 0.195767 0.457933 0.505398 1.42657e+10
-0.75 0.75 0.75 0.199104 0.447433 0.509696 1.06237e+10
-0.25 1.25 0.75 0.221591 0.486209 0.454109 1.32472e+10
0.25 -1.25 0.75 0.174208 0.448935 0.539424 2.06457e+10
0.75 -0.75 0.75 0.198636 0.504231 0.498216 2.74977e+10
0.25 -0.25 0.75 0.199325 0.475477 0.50157 1.96008e+10
0.75 0.25 0.75 0.23681 0.529817 0.444417 2.59093e+10
0.25 0.75 0.75 0.223009 0.498619 0.451579 1.81354e+10
0.75 1.25 0.75 0.255764 0.532305 0.386601 2.30363e+10
1.25 -1.25 0.75 0.182853 0.558709 0.495474 3.9927e+10
1.75 -0.75 0.75 0.207529 0.632962 0.434688 5.62024e+10
1.25 -0.25 0.75 0.234184 0.578698 0.437149 3.79646e+10
1.75 0.25 0.75 0.259782 0.633603 0.368491 5.11687e+10
1.25 0.75 0.75 0.276551 0.588909 0.371697 3.47414e+10
1.75 1.25 0.75 0.312507 0.624141 0.288657 4.47778e+10
2.25 -1.25 0.75 0.200744 0.686859 0.430077 8.23469e+10
2.25 -0.25 0.75 0.262517 0.674982 0.362094 7.36041e+10
2.25 0.75 0.75 0.326405 0.646772 0.28364 6.22608e+10
-2.5 -1.5 1 0.250032 -0.0651344 0.602859 2.57686e+10
-2.5 -0.5 1 0.222163 -0.0372587 0.611979 2.36768e+10
-2.5 0.5 1 0.195366 -0.00620421 0.610159 2.16493e+10
-2.5 1.5 1 0.174684 0.0284286 0.594469 1.97526e+10
-1.5 -1.5 1 0.28388 0.0117962 0.54147 3.79609e+10
-2 -1 1 0.255004 -0.01883 0.57485 2.979e+10
-1.5 -0.5 1 0.258986 0.0344545 0.543965 3.51135e+10
-2 0 1 0.226257 0.00806909 0.576737 2.72932e+10
-1.5 0.5 1 0.230993 0.0590799 0.537906 3.18856e+10
-2 1 1 0.200945 0.0377202 0.566749 2.47611e+10
-1.5 1.5 1 0.209684 0.0871041 0.518572 2.86235e+10
-0.5 -1.5 1 0.300289 0.129856 0.492648 6.06945e+10
-1 -1 1 0.285483 0.074502 0.514967 4.58882e+10
-0.5 -0.5 1 0.286681 0.142989 0.483876 5.63929e+10
-1 0 1 0.263567 0.0935655 0.508919 4.20221e+10
-0.5 0.5 1 0.273345 0.160265 0.466646 5.10555e+10
-1 1 1 0.239367 0.116818 0.493367 3.77325e+10
-0.5 1.5 1 0.253087 0.181719 0.441689 4.52426e+10
0.5 -1.5 1 0.280662 0.29217 0.458428 1.05747e+11
0 -1 1 0.294987 0.208074 0.465744 7.67684e+10
0.5 -0.5 1 0.294327 0.295457 0.429474 9.88862e+10
0 0 1 0.292625 0.220388 0.444582 7.04243e+10
0.5 0.5 1 0.305673 0.310086 0.395159 8.96712e+10
0 1 1 0.290778 0.236104 0.415215 6.30321e+10
0.5 1.5 1 0.314099 0.313326 0.35376 7.84594e+10
1.5 -1.5 1 0.227026 0.502478 0.430676 2.04828e+11
1 -1 1 0.270126 0.389352 0.425338 1.41162e+11
1.5 -0.5 1 0.281472 0.498185 0.374788 1.94189e+11
1 0 1 0.306427 0.396837 0.37987 1.30957e+11
1.5 0.5 1 0.329146 0.493064 0.316713 1.74428e+11
1 1 1 0.323881 0.401158 0.334836 1.15207e+11
1.5 1.5 1 0.351062 0.482208 0.260936 1.4528e+11
2.5 -1.5 1 0.155074 0.710684 0.402736 3.88578e+11
2 -1 1 0.237462 0.613595 0.380266 2.84851e+11
2.5 -0.5 1 0.231624 0.708034 0.330156 3.75756e+11
2 0 1 0.298018 0.596518 0.314245 2.59883e+11
2.5 0.5 1 0.309163 0.680936 0.248717 3.21575e+11
2 1 1 0.363778 0.576039 0.239452 2.21414e+11
2.5 1.5 1 0.394054 0.64623 0.156939 2.62309e+11
-2.25 -1.25 1.25 0.182147 0.196367 0.620207 8.30916e+09
-2.25 -0.25 1.25 0.187364 0.235839 0.60984 7.88941e+09
-2.25 0.75 1.25 0.196836 0.272014 0.587692 7.41726e+09
-1.25 -1.25 1.25 0.217308 0.248226 0.566046 1.25254e+10
-1.75 -0.75 1.25 0.200788 0.239216 0.587062 9.88215e+09
-1.25 -0.25 1.25 0.217782 0.280674 0.550829 1.19284e+10
-1.75 0.25 1.25 0.202922 0.273128 0.569504 9.30411e+09
-1.25 0.75 1.25 0.217904 0.307154 0.525055 1.10524e+10
-1.75 1.25 1.25 0.210986 0.304556 0.538953 8.63976e+09
-0.25 -1.25 1.25 0.253878 0.321213 0.51641 2.03667e+10
-0.75 -0.75 1.25 0.23553 0.294818 0.533077 1.54778e+10
-0.25 -0.25 1.25 0.256639 0.3378 0.49263 1.92529e+10
-0.75 0.25 1.25 0.236566 0.318794 0.508805 1.45173e+10
-0.25 0.75 1.25 0.263264 0.357281 0.456529 1.78429e+10
-0.75 1.25 1.25 0.236635 0.338296 0.47363 1.32078e+10
0.75 -1.25 1.25 0.29356 0.417343 0.460287 3.5249e+10
0.25 -0.75 1.25 0.276891 0.368684 0.47631 2.59595e+10
0.75 -0.25 1.25 0.316519 0.415373 0.421157 3.30782e+10
0.25 0.25 1.25 0.286498 0.380462 0.440306 2.40755e+10
0.75 0.75 1.25 0.326476 0.418423 0.376518 2.99739e+10
0.25 1.25 1.25 0.295841 0.392971 0.394281 2.20363e+10
1.75 -1.25 1.25 0.326545 0.578162 0.384774 6.48382e+10
1.25 -0.75 1.25 0.336053 0.47461 0.401343 4.59624e+10
1.75 -0.25 1.25 0.37427 0.567937 0.32883 6.19119e+10
1.25 0.25 1.25 0.371296 0.47099 0.350021 4.27852e+10
1.75 0.75 1.25 0.423024 0.539437 0.26197 5.42548e+10
1.25 1.25 1.25 0.374776 0.443811 0.298242 3.61372e+10
2.25 -0.75 1.25 0.344291 0.658503 0.315977 8.60007e+10
2.25 0.25 1.25 0.400217 0.616346 0.247213 7.42148e+10
2.25 1.25 1.25 0.470811 0.56534 0.163297 6.11883e+10
-2.5 -1 1.5 0.224879 0.00841737 0.61048 3.31147e+10
-2.5 0 1.5 0.207815 0.0420744 0.610537 3.06669e+10
-2.5 1 1.5 0.1949 0.077544 0.598242 2.81832e+10
-2 -1.5 1.5 0.248524 0.0267176 0.5749 4.10523e+10
-1.5 -1 1.5 0.252839 0.0837934 0.546152 4.85597e+10
-2 -0.5 1.5 0.230856 0.0576562 0.577323 3.83177e+10
-1.5 0 1.5 0.236263 0.112503 0.540824 4.49842e+10
-2 0.5 1.5 0.214828 0.0897336 0.569474 3.52294e+10
-1.5 1 1.5 0.223915 0.141995 0.523741 4.08439e+10
-2 1.5 1.5 0.204893 0.123452 0.548242 3.20091e+10
-1 -1.5 1.5 0.267476 0.122498 0.519717 6.20767e+10
-0.5 -1 1.5 0.266223 0.195061 0.491176 7.67221e+10
-1 -0.5 1.5 0.256362 0.146952 0.513609 5.84145e+10
-0.5 0 1.5 0.262494 0.215086 0.474478 7.10116e+10
-1 0.5 1.5 0.243838 0.172548 0.498876 5.33489e+10
-0.5 1 1.5 0.258165 0.240454 0.448397 6.39244e+10
-1 1.5 1.5 0.23846 0.200119 0.471021 4.77417e+10
0 -1.5 1.5 0.261645 0.260109 0.475843 1.01461e+11
0.5 -1 1.5 0.255132 0.344374 0.443004 1.29433e+11
0 -0.5 1.5 0.267538 0.271523 0.455051 9.56737e+10
0.5 0 1.5 0.279655 0.358316 0.406919 1.20406e+11
0 0.5 1.5 0.278306 0.2921 0.424617 8.7349e+10
0.5 1 1.5 0.302506 0.376313 0.364039 1.08126e+11
0 1.5 1.5 0.278945 0.31415 0.388795 7.70935e+10
1 -1.5 1.5 0.222347 0.43711 0.440389 1.74722e+11
1.5 -1 1.5 0.221725 0.534484 0.39609 2.25778e+11
1 -0.5 1.5 0.259576 0.437674 0.397404 1.65797e+11
1.5 0 1.5 0.275988 0.543221 0.340269 2.16136e+11
1 0.5 1.5 0.298489 0.455505 0.348725 1.52716e+11
1.5 1 1.5 0.325136 0.542677 0.277377 1.88396e+11
1 1.5 1.5 0.333034 0.45387 0.291091 1.31588e+11
2 -1.5 1.5 0.183637 0.631827 0.398127 2.8621e+11
2.5 -1 1.5 0.212505 0.734767 0.33932 3.63283e+11
2 -0.5 1.5 0.243795 0.640862 0.33753 2.9996e+11
2.5 0 1.5 0.291353 0.716691 0.262134 3.39166e+11
2 0.5 1.5 0.309156 0.621889 0.26677 2.65625e+11
2.5 1 1.5 0.372741 0.677137 0.174954 2.77186e+11
2 1.5 1.5 0.368422 0.609492 0.191042 2.1455e+11
