449
-2.5 -1 -1.5 -0.201738 -0.474198 -0.000628606 2.02888e+10
-2.5 0 -1.5 -0.21676 -0.398465 0.0649875 3.43882e+10
-2.5 1 -1.5 -0.250472 -0.298 0.156513 3.17795e+10
-2 -1.5 -1.5 -0.279039 -0.46343 -0.0356416 2.34719e+10
-1.5 -1 -1.5 -0.294055 -0.444367 0.022691 4.53902e+10
-2 -0.5 -1.5 -0.281622 -0.455765 0.0348751 4.25448e+10
-1.5 0 -1.5 -0.341507 -0.370273 0.114998 5.52937e+10
-2 0.5 -1.5 -0.270488 -0.342219 0.137961 4.10434e+10
-1.5 1 -1.5 -0.287713 -0.295645 0.222448 4.16226e+10
-2 1.5 -1.5 -0.264923 -0.264789 0.237209 3.19644e+10
-1 -1.5 -1.5 -0.43994 -0.501705 -0.0395006 4.99978e+10
-0.5 -1 -1.5 -0.486335 -0.462746 0.0450765 9.5545e+10
-1 -0.5 -1.5 -0.392713 -0.429668 0.0744065 7.439e+10
-0.5 0 -1.5 -0.401533 -0.360584 0.171198 7.9819e+10
-1 0.5 -1.5 -0.346984 -0.314846 0.204107 5.69877e+10
-0.5 1 -1.5 -0.320164 -0.280055 0.287513 5.33045e+10
-1 1.5 -1.5 -0.273788 -0.265289 0.303066 3.94297e+10
0 -1.5 -1.5 -0.506894 -0.456354 0.0313913 1.02574e+11
0.5 -1 -1.5 -0.56187 -0.422826 0.109138 1.57611e+11
0 -0.5 -1.5 -0.490206 -0.386381 0.143217 1.13918e+11
0.5 0 -1.5 -0.44593 -0.342578 0.234776 1.06771e+11
0 0.5 -1.5 -0.369732 -0.317301 0.260556 7.4427e+10
0.5 1 -1.5 -0.320288 -0.283605 0.341158 6.53251e+10
0 1.5 -1.5 -0.277258 -0.254813 0.363494 4.76783e+10
1 -1.5 -1.5 -0.657585 -0.417023 0.100811 2.01459e+11
1.5 -1 -1.5 -0.609492 -0.368422 0.191042 2.1455e+11
1 -0.5 -1.5 -0.518046 -0.375312 0.203638 1.52738e+11
1.5 0 -1.5 -0.45387 -0.333034 0.291091 1.31588e+11
1 0.5 -1.5 -0.384472 -0.30576 0.318304 9.2112e+10
1.5 1 -1.5 -0.31415 -0.278945 0.388795 7.70935e+10
1 1.5 -1.5 -0.261948 -0.258296 0.41067 5.60368e+10
2 -1.5 -1.5 -0.677137 -0.372741 0.174954 2.77186e+11
2.5 -1 -1.5 -0.621889 -0.309156 0.26677 2.65625e+11
2 -0.5 -1.5 -0.542677 -0.325136 0.277377 1.88396e+11
2.5 0 -1.5 -0.455505 -0.298489 0.348725 1.52716e+11
2 0.5 -1.5 -0.376313 -0.302506 0.364039 1.08126e+11
2.5 1 -1.5 -0.2921 -0.278306 0.424617 8.7349e+10
2 1.5 -1.5 -0.240454 -0.258165 0.448397 6.39244e+10
-2.25 -0.75 -1.25 0.02952 -0.33405 0.0628703 3.22023e+09
-2.25 0.25 -1.25 -0.104783 -0.275338 0.136634 7.75118e+09
-2.25 1.25 -1.25 -0.189777 -0.211081 0.217311 7.98406e+09
-1.75 -1.25 -1.25 0.0200772 -0.347534 0.0392379 4.04511e+09
-1.25 -0.75 -1.25 -0.170292 -0.374649 0.0644597 1.03517e+10
-1.75 -0.25 -1.25 -0.134173 -0.312129 0.117594 9.14687e+09
-1.25 0.25 -1.25 -0.172119 -0.289624 0.19137 1.23708e+10
-1.75 0.75 -1.25 -0.179619 -0.259064 0.203669 9.99485e+09
-1.25 1.25 -1.25 -0.23257 -0.246918 0.272404 1.06317e+10
-0.75 -1.25 -1.25 -0.140807 -0.454448 0.00360315 7.08586e+09
-0.25 -0.75 -1.25 -0.272736 -0.426984 0.0969264 1.93035e+10
-0.75 -0.25 -1.25 -0.205964 -0.372499 0.138486 1.61086e+10
-0.25 0.25 -1.25 -0.254572 -0.345203 0.218425 1.85735e+10
-0.75 0.75 -1.25 -0.224155 -0.268108 0.263462 1.35562e+10
-0.25 1.25 -1.25 -0.246019 -0.255481 0.331071 1.32532e+10
0.25 -1.25 -1.25 -0.333591 -0.474325 0.0426326 2.20877e+10
0.75 -0.75 -1.25 -0.344872 -0.486736 0.121681 3.19197e+10
0.25 -0.25 -1.25 -0.264179 -0.416112 0.178384 2.37242e+10
0.75 0.25 -1.25 -0.269866 -0.371849 0.267339 2.36349e+10
0.25 0.75 -1.25 -0.263422 -0.311751 0.299871 1.79983e+10
0.75 1.25 -1.25 -0.259745 -0.284035 0.371982 1.62849e+10
1.25 -1.25 -1.25 -0.433632 -0.519801 0.0882139 3.82744e+10
1.75 -0.75 -1.25 -0.378569 -0.501847 0.176731 4.20358e+10
1.25 -0.25 -1.25 -0.341985 -0.445275 0.215936 3.3318e+10
1.75 0.25 -1.25 -0.320281 -0.400374 0.302408 3.0012e+10
1.25 0.75 -1.25 -0.266518 -0.333944 0.344654 2.1506e+10
1.75 1.25 -1.25 -0.250004 -0.302115 0.410942 1.86271e+10
2.25 -1.25 -1.25 -0.498527 -0.51302 0.153204 5.51585e+10
2.25 -0.25 -1.25 -0.364352 -0.449615 0.265939 3.9427e+10
2.25 0.75 -1.25 -0.287785 -0.360088 0.375912 2.53172e+10
-2.5 -1.5 -1 -0.130545 -0.413666 -0.0343608 9.24067e+09
-2.5 -0.5 -1 -0.154492 -0.376255 0.0421413 1.90796e+10
-2.5 0.5 -1 -0.268887 -0.373826 0.0858435 3.07358e+10
-2.5 1.5 -1 -0.291117 -0.299473 0.179963 2.91051e+10
-1.5 -1.5 -1 -0.27336 -0.496711 -0.065399 2.08693e+10
-2 -1 -1 -0.224146 -0.498597 -0.0336918 1.94539e+10
-1.5 -0.5 -1 -0.352624 -0.414481 0.0496082 4.12322e+10
-2 0 -1 -0.291357 -0.397235 0.0684444 3.62754e+10
-1.5 0.5 -1 -0.345657 -0.349424 0.146261 4.68096e+10
-2 1 -1 -0.309957 -0.329821 0.165237 3.64124e+10
-1.5 1.5 -1 -0.311293 -0.299106 0.24806 3.80443e+10
-0.5 -1.5 -1 -0.455925 -0.508012 -0.0441219 4.51892e+10
-1 -1 -1 -0.339032 -0.421154 0.0292818 4.2127e+10
-0.5 -0.5 -1 -0.453902 -0.413292 0.0881939 7.70194e+10
-1 0 -1 -0.410671 -0.372774 0.122533 6.14216e+10
-0.5 0.5 -1 -0.405713 -0.332892 0.209169 6.69667e+10
-1 1 -1 -0.345717 -0.313819 0.231366 4.95586e+10
-0.5 1.5 -1 -0.317966 -0.286602 0.312778 4.77346e+10
0.5 -1.5 -1 -0.524087 -0.443536 0.0491584 8.90948e+10
0 -1 -1 -0.524151 -0.421965 0.0724259 8.81748e+10
0.5 -0.5 -1 -0.533542 -0.387737 0.153094 1.21277e+11
0 0 -1 -0.458406 -0.370842 0.176557 9.06592e+10
0.5 0.5 -1 -0.417114 -0.330671 0.265888 8.72369e+10
0 1 -1 -0.367006 -0.30037 0.293702 6.39639e+10
0.5 1.5 -1 -0.315551 -0.273102 0.37053 5.78823e+10
1.5 -1.5 -1 -0.656618 -0.401701 0.125476 1.62195e+11
1 -1 -1 -0.588565 -0.414748 0.125214 1.51498e+11
1.5 -0.5 -1 -0.550275 -0.362702 0.216965 1.59792e+11
1 0 -1 -0.487368 -0.344405 0.242778 1.19735e+11
1.5 0.5 -1 -0.422623 -0.308929 0.323784 1.06653e+11
1 1 -1 -0.360347 -0.296357 0.34631 7.79978e+10
1.5 1.5 -1 -0.294618 -0.269392 0.41525 6.74907e+10
2.5 -1.5 -1 -0.706199 -0.32783 0.212083 2.12054e+11
2 -1 -1 -0.625055 -0.345961 0.210634 1.97598e+11
2.5 -0.5 -1 -0.562677 -0.30647 0.287996 1.9032e+11
2 0 -1 -0.486645 -0.323368 0.298902 1.45275e+11
2.5 0.5 -1 -0.405074 -0.292259 0.368699 1.22613e+11
2 1 -1 -0.346395 -0.281637 0.392531 9.06233e+10
2.5 1.5 -1 -0.269199 -0.260023 0.45132 7.58217e+10
-2.25 -1.25 -0.75 0.302005 -0.217445 0.0373944 1.79235e+09
-2.25 -0.25 -0.75 -0.0388338 -0.232808 0.0945066 4.36448e+09
-2.25 0.75 -0.75 -0.0540362 -0.199082 0.203245 6.5269e+09
-1.25 -1.25 -0.75 -0.0247936 -0.317895 0.0112494 3.55627e+09
-1.75 -0.75 -0.75 0.0495589 -0.265845 0.0616694 2.93664e+09
-1.25 -0.25 -0.75 -0.13567 -0.284363 0.13219 8.54857e+09
-1.75 0.25 -0.75 -0.0826683 -0.23194 0.173514 7.6776e+09
-1.25 0.75 -0.75 -0.124683 -0.248101 0.234985 1.02204e+10
-1.75 1.25 -0.75 -0.115167 -0.210595 0.259121 8.18533e+09
-0.25 -1.25 -0.75 -0.0846903 -0.43529 -0.0114578 6.24435e+09
-0.75 -0.75 -0.75 -0.144181 -0.355698 0.0649742 9.42585e+09
-0.25 -0.25 -0.75 -0.164444 -0.368491 0.148223 1.52213e+10
-0.75 0.25 -0.75 -0.111718 -0.291236 0.20903 1.2262e+10
-0.25 0.75 -0.75 -0.1377 -0.292184 0.27334 1.3998e+10
-0.75 1.25 -0.75 -0.151987 -0.249242 0.298127 1.12224e+10
0.75 -1.25 -0.75 -0.281769 -0.48732 0.0321825 1.8747e+10
0.25 -0.75 -0.75 -0.247126 -0.424608 0.0964779 1.70602e+10
0.75 -0.25 -0.75 -0.190266 -0.452373 0.167045 2.24878e+10
0.25 0.25 -0.75 -0.173975 -0.38016 0.216182 1.84911e+10
0.75 0.75 -0.75 -0.17118 -0.353123 0.295245 1.85997e+10
0.25 1.25 -0.75 -0.150107 -0.279775 0.340008 1.40525e+10
1.75 -1.25 -0.75 -0.383644 -0.517716 0.0874293 3.02803e+10
1.25 -0.75 -0.75 -0.28081 -0.506489 0.113869 2.80659e+10
1.75 -0.25 -0.75 -0.269477 -0.497155 0.192229 3.15278e+10
1.25 0.25 -0.75 -0.185543 -0.424382 0.249052 2.36129e+10
1.75 0.75 -0.75 -0.176804 -0.390871 0.324224 2.21918e+10
1.25 1.25 -0.75 -0.162423 -0.325969 0.365818 1.72386e+10
2.25 -0.75 -0.75 -0.322817 -0.534405 0.153869 3.65557e+10
2.25 0.25 -0.75 -0.242324 -0.467837 0.270745 2.95955e+10
2.25 1.25 -0.75 -0.156292 -0.357678 0.391221 1.96629e+10
-2.5 -1 -0.5 -0.0749547 -0.411027 -0.0207894 7.81335e+09
-2.5 0 -0.5 -0.263647 -0.363323 0.0500834 1.76984e+10
-2.5 1 -0.5 -0.304781 -0.355274 0.116412 2.49815e+10
-2 -1.5 -0.5 -0.107363 -0.459145 -0.0809406 8.24269e+09
-1.5 -1 -0.5 -0.260939 -0.494588 -0.0471774 1.73269e+10
-2 -0.5 -0.5 -0.210001 -0.349824 0.042649 1.72337e+10
-1.5 0 -0.5 -0.360345 -0.366839 0.086815 3.44326e+10
-2 0.5 -0.5 -0.334809 -0.348647 0.108205 2.98313e+10
-1.5 1 -0.5 -0.358061 -0.332015 0.181584 3.77814e+10
-2 1.5 -0.5 -0.323089 -0.334136 0.193061 3.04501e+10
-1 -1.5 -0.5 -0.281971 -0.512152 -0.0847137 1.80529e+10
-0.5 -1 -0.5 -0.372032 -0.408296 0.0390988 3.62853e+10
-1 -0.5 -0.5 -0.406731 -0.387676 0.0672595 3.73006e+10
-0.5 0 -0.5 -0.455158 -0.365334 0.138758 5.93471e+10
-1 0.5 -0.5 -0.397625 -0.349567 0.159857 4.74448e+10
-0.5 1 -0.5 -0.383394 -0.327516 0.240566 5.21001e+10
-1 1.5 -0.5 -0.344898 -0.313612 0.260913 4.05728e+10
0 -1.5 -0.5 -0.472641 -0.509185 -0.0375426 3.77633e+10
0.5 -1 -0.5 -0.543993 -0.40849 0.0945453 7.38358e+10
0 -0.5 -0.5 -0.49048 -0.391658 0.109717 6.93313e+10
0.5 0 -0.5 -0.484997 -0.37226 0.187763 8.70684e+10
0 0.5 -0.5 -0.438821 -0.343466 0.217604 6.81467e+10
0.5 1 -0.5 -0.393734 -0.31224 0.300544 6.69993e+10
0 1.5 -0.5 -0.345874 -0.300864 0.321902 5.11603e+10
1 -1.5 -0.5 -0.52844 -0.450729 0.0616837 6.89647e+10
1.5 -1 -0.5 -0.571821 -0.404689 0.145479 1.13999e+11
1 -0.5 -0.5 -0.543679 -0.382616 0.169226 1.06244e+11
1.5 0 -0.5 -0.503207 -0.340418 0.252234 1.12786e+11
1 0.5 -0.5 -0.441514 -0.334391 0.273149 8.76989e+10
1.5 1 -0.5 -0.38079 -0.301939 0.349987 8.06887e+10
1 1.5 -0.5 -0.336296 -0.284859 0.375835 6.17035e+10
2 -1.5 -0.5 -0.591354 -0.406903 0.143854 9.54518e+10
2.5 -1 -0.5 -0.603745 -0.333072 0.225132 1.40779e+11
2 -0.5 -0.5 -0.550968 -0.349639 0.230025 1.35741e+11
2.5 0 -0.5 -0.494868 -0.309005 0.304988 1.33354e+11
2 0.5 -0.5 -0.439241 -0.30704 0.327299 1.05132e+11
2.5 1 -0.5 -0.360319 -0.278908 0.393818 9.15792e+10
2 1.5 -0.5 -0.31113 -0.273519 0.417728 7.08538e+10
-2.25 -0.75 -0.25 0.0791867 -0.096421 0.0760924 1.45948e+09
-2.25 0.25 -0.25 -0.0640251 -0.130704 0.160116 3.66652e+09
-2.25 1.25 -0.25 -0.066648 -0.166516 0.238752 5.30984e+09
-1.75 -1.25 -0.25 0.310339 -0.179439 -0.00802386 1.55878e+09
-1.25 -0.75 -0.25 0.0713922 -0.205451 0.0542595 2.5626e+09
-1.75 -0.25 -0.25 -0.0280845 -0.181779 0.106737 3.97334e+09
-1.25 0.25 -0.25 -0.071768 -0.203214 0.192446 6.92186e+09
-1.75 0.75 -0.25 -0.0425321 -0.158795 0.237815 6.01389e+09
-1.25 1.25 -0.25 -0.0607139 -0.200829 0.286468 7.82438e+09
-0.75 -1.25 -0.25 -0.00834424 -0.28507 -0.00793292 3.07103e+09
-0.25 -0.75 -0.25 -0.109608 -0.344878 0.0573773 8.04037e+09
-0.75 -0.25 -0.25 -0.120803 -0.266039 0.138 7.46103e+09
-0.25 0.25 -0.25 -0.0644834 -0.298185 0.212695 1.10169e+10
-0.75 0.75 -0.25 -0.0718287 -0.24969 0.249736 9.54128e+09
-0.25 1.25 -0.25 -0.077358 -0.265279 0.308501 1.08049e+10
0.25 -1.25 -0.25 -0.0378928 -0.417442 -0.0268739 5.12796e+09
0.75 -0.75 -0.25 -0.207709 -0.434911 0.0884474 1.38739e+10
0.25 -0.25 -0.25 -0.130619 -0.369336 0.146529 1.29566e+10
0.75 0.25 -0.25 -0.106157 -0.405561 0.209444 1.65112e+10
0.25 0.75 -0.25 -0.061746 -0.320564 0.271172 1.30985e+10
0.75 1.25 -0.25 -0.0682751 -0.31534 0.33486 1.35687e+10
1.25 -1.25 -0.25 -0.230468 -0.512515 0.016722 1.45158e+10
1.75 -0.75 -0.25 -0.227317 -0.505168 0.11622 2.17159e+10
1.25 -0.25 -0.25 -0.126203 -0.472502 0.15835 1.89335e+10
1.75 0.25 -0.25 -0.116838 -0.465315 0.228104 2.10326e+10
1.25 0.75 -0.25 -0.0961832 -0.395301 0.280576 1.73433e+10
1.75 1.25 -0.25 -0.079138 -0.377682 0.347359 1.6529e+10
2.25 -1.25 -0.25 -0.349113 -0.528856 0.0833136 2.10271e+10
2.25 -0.25 -0.25 -0.206501 -0.530786 0.175313 2.56414e+10
2.25 0.75 -0.25 -0.109071 -0.444823 0.296169 2.06738e+10
-2.5 -1.5 0 0.0504284 -0.294845 -0.0509473 3.05789e+09
-2.5 -0.5 0 -0.0826338 -0.425963 -0.0217518 6.60208e+09
-2.5 0.5 0 -0.285683 -0.333635 0.0764332 1.4899e+10
-2.5 1.5 0 -0.325844 -0.348992 0.14554 2.05809e+10
-1.5 -1.5 0 -0.0957229 -0.490068 -0.116252 7.02077e+09
-2 -1 0 -0.0791917 -0.432221 -0.0540182 6.78842e+09
-1.5 -0.5 0 -0.24802 -0.340139 0.0473739 1.4655e+10
-2 0 0 -0.313806 -0.339354 0.0664141 1.55068e+10
-1.5 0.5 0 -0.389048 -0.331321 0.130017 2.71706e+10
-2 1 0 -0.340043 -0.348163 0.136423 2.34404e+10
-1.5 1.5 0 -0.350045 -0.343536 0.209042 2.93052e+10
-0.5 -1.5 0 -0.289932 -0.530577 -0.0948975 1.47468e+10
-1 -1 0 -0.291219 -0.492021 -0.0510431 1.45245e+10
-0.5 -0.5 0 -0.441498 -0.372553 0.0869199 3.11967e+10
-1 0 0 -0.407988 -0.346554 0.106855 3.01797e+10
-0.5 0.5 0 -0.429966 -0.347892 0.175436 4.3112e+10
-1 1 0 -0.394368 -0.334368 0.197175 3.56493e+10
-0.5 1.5 0 -0.369013 -0.321988 0.273663 3.92459e+10
0.5 -1.5 0 -0.476211 -0.524062 -0.0292935 2.9043e+10
0 -1 0 -0.389359 -0.416119 0.0484703 2.90426e+10
0.5 -0.5 0 -0.501201 -0.387162 0.127727 5.57553e+10
0 0 0 -0.47899 -0.357177 0.157523 5.09725e+10
0.5 0.5 0 -0.453531 -0.342744 0.230727 6.08245e+10
0 1 0 -0.405029 -0.333785 0.251647 4.89492e+10
0.5 1.5 0 -0.361286 -0.308593 0.330513 4.93093e+10
1.5 -1.5 0 -0.517808 -0.495201 0.0596334 4.83985e+10
1 -1 0 -0.538069 -0.421003 0.109974 5.46e+10
1.5 -0.5 0 -0.529963 -0.362392 0.193313 7.82352e+10
1 0 0 -0.488817 -0.362389 0.204996 7.20323e+10
1.5 0.5 0 -0.447559 -0.328966 0.282274 7.67609e+10
1 1 0 -0.405927 -0.315756 0.308027 6.21558e+10
1.5 1.5 0 -0.346326 -0.288929 0.380243 5.85197e+10
2.5 -1.5 0 -0.583154 -0.442947 0.148614 6.12362e+10
2 -1 0 -0.534915 -0.382779 0.169361 7.41292e+10
2.5 -0.5 0 -0.530247 -0.313663 0.25306 9.61054e+10
2 0 0 -0.49838 -0.323321 0.266054 8.99783e+10
2.5 0.5 0 -0.436175 -0.295942 0.331856 8.88706e+10
2 1 0 -0.387014 -0.297638 0.35401 7.32832e+10
2.5 1.5 0 -0.319533 -0.27299 0.417833 6.5797e+10
-2.25 -1.25 0.25 0.355616 0.163779 0.0448576 7.30204e+08
-2.25 -0.25 0.25 0.142207 -0.0287322 0.0940227 1.12241e+09
-2.25 0.75 0.25 -0.0114743 -0.106477 0.196606 3.04688e+09
-1.25 -1.25 0.25 0.325641 -0.148951 -0.0523021 1.31042e+09
-1.75 -0.75 0.25 0.0702258 -0.059119 0.0575347 1.28846e+09
-1.25 -0.25 0.25 0.000751453 -0.153544 0.105038 3.398e+09
-1.75 0.25 0.25 -0.0489081 -0.112844 0.16837 3.24364e+09
-1.25 0.75 0.25 -0.0178461 -0.145998 0.251628 5.22293e+09
-1.75 1.25 0.25 -0.0284664 -0.156536 0.261153 4.77033e+09
-0.25 -1.25 0.25 0.0232885 -0.267721 -0.0287238 2.48817e+09
-0.75 -0.75 0.25 0.109011 -0.168892 0.0372515 2.15326e+09
-0.25 -0.25 0.25 -0.0911524 -0.261909 0.133785 6.10165e+09
-0.75 0.25 0.25 -0.0479365 -0.191749 0.197412 5.83015e+09
-0.25 0.75 0.25 -0.0230849 -0.258076 0.25336 8.19436e+09
-0.75 1.25 0.25 -0.0112424 -0.203432 0.299168 6.93832e+09
0.75 -1.25 0.25 0.00602161 -0.435582 -0.0465508 3.99302e+09
0.25 -0.75 0.25 -0.0611986 -0.351676 0.0434359 6.3889e+09
0.75 -0.25 0.25 -0.0815579 -0.379193 0.140314 1.01914e+10
0.25 0.25 0.25 -0.0192612 -0.310213 0.207472 9.08101e+09
0.75 0.75 0.25 -0.00200225 -0.345133 0.26368 1.11963e+10
0.25 1.25 0.25 -0.0147026 -0.288266 0.308363 9.58085e+09
1.75 -1.25 0.25 -0.158077 -0.557571 0.00552599 1.06816e+10
1.25 -0.75 0.25 -0.146492 -0.458264 0.0791135 1.03938e+10
1.75 -0.25 0.25 -0.0749678 -0.468637 0.159798 1.42381e+10
1.25 0.25 0.25 -0.0503494 -0.421103 0.203633 1.33404e+10
1.75 0.75 0.25 -0.031907 -0.436901 0.261875 1.46309e+10
1.25 1.25 0.25 0.00128198 -0.354757 0.321838 1.20127e+10
2.25 -0.75 0.25 -0.190321 -0.509243 0.120192 1.4723e+10
2.25 0.25 0.25 -0.0770416 -0.485342 0.21395 1.68561e+10
2.25 1.25 0.25 -0.00655146 -0.426045 0.324465 1.44642e+10
-2.5 -1 0.5 0.0431994 -0.329361 -0.0556121 2.54724e+09
-2.5 0 0.5 -0.133653 -0.321977 0.0283387 6.01649e+09
-2.5 1 0.5 -0.333519 -0.350602 0.0969696 1.22465e+10
-2 -1.5 0.5 0.0871047 -0.329891 -0.0975745 2.54785e+09
-1.5 -1 0.5 -0.0888315 -0.454346 -0.0793807 5.59488e+09
-2 -0.5 0.5 -0.11659 -0.438788 -0.0434167 5.63376e+09
-1.5 0 0.5 -0.354192 -0.330609 0.0826388 1.28437e+10
-2 0.5 0.5 -0.334273 -0.323703 0.0918327 1.28362e+10
-1.5 1 0.5 -0.380824 -0.33939 0.156303 2.04309e+10
-2 1.5 0.5 -0.36104 -0.359465 0.163774 1.81783e+10
-1 -1.5 0.5 -0.0909089 -0.518434 -0.140135 5.63951e+09
-0.5 -1 0.5 -0.307759 -0.504481 -0.0487589 1.14764e+10
-1 -0.5 0.5 -0.271494 -0.351203 0.0512026 1.17854e+10
-0.5 0 0.5 -0.433499 -0.339813 0.125107 2.44602e+10
-1 0.5 0.5 -0.425157 -0.321186 0.150628 2.2919e+10
-0.5 1 0.5 -0.416925 -0.33288 0.214156 3.07065e+10
-1 1.5 0.5 -0.375142 -0.342697 0.226914 2.60348e+10
0 -1.5 0.5 -0.290977 -0.561535 -0.0989323 1.12657e+10
0.5 -1 0.5 -0.388559 -0.4514 0.0528216 2.15248e+10
0 -0.5 0.5 -0.453816 -0.378604 0.104099 2.40994e+10
0.5 0 0.5 -0.481342 -0.352605 0.177229 3.92534e+10
0 0.5 0.5 -0.4446 -0.343248 0.19305 3.54437e+10
0.5 1 0.5 -0.41262 -0.331989 0.265264 4.14988e+10
0 1.5 0.5 -0.383039 -0.323947 0.287587 3.46737e+10
1 -1.5 0.5 -0.466328 -0.558887 -0.0204891 2.07324e+10
1.5 -1 0.5 -0.522776 -0.439658 0.126332 3.65219e+10
1 -0.5 0.5 -0.488588 -0.390456 0.14549 3.99533e+10
1.5 0 0.5 -0.475823 -0.339851 0.227328 5.24375e+10
1 0.5 0.5 -0.452994 -0.334335 0.247031 4.82442e+10
1.5 1 0.5 -0.406973 -0.309135 0.3178 5.13276e+10
1 1.5 0.5 -0.368581 -0.306386 0.340586 4.28265e+10
2 -1.5 0.5 -0.592169 -0.479611 0.0807994 2.88744e+10
2.5 -1 0.5 -0.572602 -0.385583 0.201883 4.63339e+10
2 -0.5 0.5 -0.509043 -0.334889 0.219011 5.15677e+10
2.5 0 0.5 -0.473895 -0.300647 0.281602 6.22806e+10
2 0.5 0.5 -0.438896 -0.307814 0.29661 5.90003e+10
2.5 1 0.5 -0.383865 -0.285484 0.359215 5.83752e+10
2 1.5 0.5 -0.348052 -0.287258 0.383884 4.96419e+10
-2.25 -0.75 0.75 0.318712 0.159487 0.0333959 5.55838e+08
-2.25 0.25 0.75 0.0747862 -0.0056702 0.104927 1.42271e+09
-2.25 1.25 0.75 -0.0108276 -0.0896836 0.2263 2.41934e+09
-1.75 -1.25 0.75 0.372259 0.199031 -0.00554149 6.20675e+08
-1.25 -0.75 0.75 0.0889992 -0.0223706 0.0359606 1.05938e+09
-1.75 -0.25 0.75 0.150374 0.0609656 0.0885665 9.42037e+08
-1.25 0.25 0.75 -0.0211623 -0.0956301 0.168587 2.66428e+09
-1.75 0.75 0.75 -0.00200126 -0.0675181 0.209932 2.57054e+09
-1.25 1.25 0.75 -0.0045538 -0.144921 0.275146 3.98206e+09
-0.75 -1.25 0.75 0.350631 -0.133119 -0.098297 1.03996e+09
-0.25 -0.75 0.75 0.15852 -0.166786 0.0128965 1.71922e+09
-0.75 -0.25 0.75 0.0482983 -0.143641 0.0926765 2.74446e+09
-0.25 0.25 0.75 -0.00860603 -0.194298 0.192541 4.61259e+09
-0.75 0.75 0.75 0.0183766 -0.143408 0.254392 4.22924e+09
-0.25 1.25 0.75 0.0285875 -0.215727 0.300857 5.73737e+09
0.25 -1.25 0.75 0.0809529 -0.29202 -0.0561921 1.88795e+09
0.75 -0.75 0.75 0.0154071 -0.382188 0.0281004 4.7529e+09
0.25 -0.25 0.75 -0.0344475 -0.277073 0.122846 4.66559e+09
0.75 0.25 0.75 0.0365798 -0.326267 0.199272 6.89295e+09
0.25 0.75 0.75 0.0152779 -0.272698 0.24874 6.54837e+09
0.75 1.25 0.75 0.0504379 -0.315343 0.304156 7.80699e+09
1.25 -1.25 0.75 0.0697233 -0.488357 -0.0519322 3.00091e+09
1.75 -0.75 0.75 -0.0707966 -0.475283 0.0767061 7.11786e+09
1.25 -0.25 0.75 -0.0222397 -0.395115 0.13367 7.43909e+09
1.75 0.25 0.75 -0.00390349 -0.438219 0.197345 9.7162e+09
1.25 0.75 0.75 0.0451474 -0.366802 0.255115 8.81371e+09
1.75 1.25 0.75 0.0589005 -0.392763 0.306253 9.77526e+09
2.25 -1.25 0.75 -0.111885 -0.617387 0.0127969 4.4773e+09
2.25 -0.25 0.75 -0.0609548 -0.471285 0.154626 9.88397e+09
2.25 0.75 0.75 0.0352821 -0.459612 0.250475 1.11526e+10
-2.5 -1.5 1 0.187925 -0.121447 -0.071038 9.35053e+08
-2.5 -0.5 1 0.0165897 -0.338113 -0.0513668 2.16321e+09
-2.5 0.5 1 -0.287024 -0.354634 0.0459007 5.29266e+09
-2.5 1.5 1 -0.376192 -0.370159 0.122166 9.59467e+09
-1.5 -1.5 1 0.11571 -0.367505 -0.135712 2.00915e+09
-2 -1 1 0.0618468 -0.371033 -0.0966262 2.08525e+09
-1.5 -0.5 1 -0.145513 -0.453346 -0.0526524 4.48308e+09
-2 0 1 -0.167888 -0.325427 0.0312384 4.81311e+09
-1.5 0.5 1 -0.369481 -0.315736 0.109603 1.03945e+10
-2 1 1 -0.37437 -0.349333 0.115653 1.01324e+10
-1.5 1.5 1 -0.390265 -0.356188 0.185863 1.50701e+10
-0.5 -1.5 1 -0.0884645 -0.554866 -0.153455 4.22989e+09
-1 -1 1 -0.0999311 -0.479728 -0.0927195 4.32725e+09
-0.5 -0.5 1 -0.278348 -0.388241 0.0515154 8.95675e+09
-1 0 1 -0.379527 -0.341293 0.0965699 1.00305e+10
-0.5 0.5 1 -0.444074 -0.318982 0.170033 1.78761e+10
-1 1 1 -0.406806 -0.328296 0.178354 1.65826e+10
-0.5 1.5 1 -0.393725 -0.33192 0.248498 2.1441e+10
0.5 -1.5 1 -0.289556 -0.602772 -0.0944846 7.98481e+09
0 -1 1 -0.311807 -0.536571 -0.043568 8.48928e+09
0.5 -0.5 1 -0.449003 -0.403359 0.119601 1.70476e+10
0 0 1 -0.433615 -0.345952 0.141991 1.8292e+10
0.5 0.5 1 -0.437459 -0.343883 0.210183 2.65268e+10
0 1 1 -0.426108 -0.331553 0.232107 2.43381e+10
0.5 1.5 1 -0.390516 -0.31845 0.304109 2.77774e+10
1.5 -1.5 1 -0.467643 -0.572998 0.00155404 1.29072e+10
1 -1 1 -0.387213 -0.50359 0.0540323 1.4766e+10
1.5 -0.5 1 -0.448133 -0.400331 0.163089 2.52488e+10
1 0 1 -0.465293 -0.35187 0.197325 2.70384e+10
1.5 0.5 1 -0.442555 -0.315815 0.267711 3.43508e+10
1 1 1 -0.412171 -0.316935 0.284158 3.17613e+10
1.5 1.5 1 -0.367638 -0.298365 0.351245 3.35892e+10
2.5 -1.5 1 -0.575205 -0.492328 0.113874 1.57771e+10
2 -1 1 -0.463694 -0.471 0.138713 1.97594e+10
2.5 -0.5 1 -0.484493 -0.36135 0.227809 3.10182e+10
2 0 1 -0.455913 -0.315627 0.252337 3.45716e+10
2.5 0.5 1 -0.423834 -0.285593 0.31253 3.96799e+10
2 1 1 -0.397017 -0.297055 0.32903 3.76798e+10
2.5 1.5 1 -0.341519 -0.280381 0.3874 3.79884e+10
-2.25 -1.25 1.25 0.43903 0.458635 -0.0187465 2.89459e+08
-2.25 -0.25 1.25 0.124902 0.235421 0.0648093 4.48319e+08
-2.25 0.75 1.25 0.0580153 0.0176969 0.141722 1.09796e+09
-1.25 -1.25 1.25 0.404939 0.227609 -0.0589681 4.89611e+08
-1.75 -0.75 1.25 0.338156 0.191095 -0.0101277 4.51762e+08
-1.25 -0.25 1.25 0.188227 0.0749368 0.0643632 7.72791e+08
-1.75 0.25 1.25 0.127245 0.0354495 0.104873 1.17812e+09
-1.25 0.75 1.25 0.0218611 -0.0492555 0.213089 2.04455e+09
-1.75 1.25 1.25 0.010575 -0.0744298 0.238957 1.94274e+09
-0.25 -1.25 1.25 0.385721 -0.158887 -0.143914 7.83747e+08
-0.75 -0.75 1.25 0.163267 0.000771495 0.0099489 8.11058e+08
-0.25 -0.25 1.25 0.12246 -0.157509 0.0737369 2.09727e+09
-0.75 0.25 1.25 0.0393022 -0.0874553 0.161716 2.04117e+09
-0.25 0.75 1.25 0.0341096 -0.161283 0.241635 3.26554e+09
-0.75 1.25 1.25 0.0376891 -0.146968 0.281875 3.06259e+09
0.75 -1.25 1.25 0.202837 -0.35239 -0.0907705 1.35842e+09
0.25 -0.75 1.25 0.218511 -0.213162 -0.012948 1.30876e+09
0.75 -0.25 1.25 0.0517883 -0.316234 0.103925 3.31273e+09
0.25 0.25 1.25 0.0477055 -0.218366 0.179176 3.40459e+09
0.75 0.75 1.25 0.0797904 -0.299123 0.243738 4.81198e+09
0.25 1.25 1.25 0.0820637 -0.228892 0.302813 4.42747e+09
1.75 -1.25 1.25 0.140234 -0.497581 -0.0313227 1.94028e+09
1.25 -0.75 1.25 0.0791946 -0.442046 0.0118093 3.34532e+09
1.75 -0.25 1.25 0.0292918 -0.424333 0.136064 4.90734e+09
1.25 0.25 1.25 0.0673452 -0.334922 0.196499 4.94154e+09
1.75 0.75 1.25 0.0877523 -0.390665 0.247846 6.36875e+09
1.25 1.25 1.25 0.116239 -0.338615 0.299698 5.89936e+09
2.25 -0.75 1.25 -0.0660273 -0.552368 0.0660983 4.53844e+09
2.25 0.25 1.25 0.0792213 -0.446725 0.200345 6.50784e+09
2.25 1.25 1.25 0.101921 -0.42792 0.292056 7.27137e+09
-2.5 -1 1.5 0.150907 -0.174652 -0.0771475 7.4779e+08
-2.5 0 1.5 -0.0682494 -0.393839 -0.0509181 1.71413e+09
-2.5 1 1.5 -0.365417 -0.398801 0.0682109 4.24799e+09
-2 -1.5 1.5 0.238039 -0.15213 -0.117238 7.29913e+08
-1.5 -1 1.5 0.0599352 -0.403493 -0.121368 1.56706e+09
-2 -0.5 1.5 0.0186683 -0.381802 -0.0808705 1.66936e+09
-1.5 0 1.5 -0.180621 -0.37735 0.0204729 3.65385e+09
-2 0.5 1.5 -0.313002 -0.373551 0.0570948 4.09244e+09
-1.5 1 1.5 -0.40323 -0.34456 0.138657 7.84277e+09
-2 1.5 1.5 -0.408456 -0.367498 0.148289 7.60021e+09
-1 -1.5 1.5 0.140316 -0.41141 -0.165425 1.48581e+09
-0.5 -1 1.5 -0.106588 -0.528614 -0.100382 3.12737e+09
-1 -0.5 1.5 -0.180528 -0.474665 -0.0506156 3.33203e+09
-0.5 0 1.5 -0.388518 -0.376919 0.107528 7.31697e+09
-1 0.5 1.5 -0.387013 -0.315351 0.128909 7.8706e+09
-0.5 1 1.5 -0.429726 -0.312229 0.205698 1.26314e+10
-1 1.5 1.5 -0.410699 -0.347723 0.21059 1.16448e+10
0 -1.5 1.5 -0.090977 -0.59321 -0.152532 2.92317e+09
0.5 -1 1.5 -0.320458 -0.564439 -0.0267224 5.72123e+09
0 -0.5 1.5 -0.280145 -0.454891 0.0454039 6.35996e+09
0.5 0 1.5 -0.414221 -0.372527 0.154735 1.25113e+10
0 0.5 1.5 -0.440009 -0.352492 0.180815 1.29657e+10
0.5 1 1.5 -0.426681 -0.328183 0.253272 1.74347e+10
0 1.5 1.5 -0.406241 -0.317575 0.273274 1.61074e+10
1 -1.5 1.5 -0.307129 -0.638181 -0.0777959 5.00946e+09
1.5 -1 1.5 -0.460153 -0.538036 0.0583802 8.52111e+09
1 -0.5 1.5 -0.43129 -0.459835 0.127759 1.10525e+10
1.5 0 1.5 -0.447816 -0.361599 0.216964 1.71254e+10
1 0.5 1.5 -0.431102 -0.316003 0.241826 1.80659e+10
1.5 1 1.5 -0.403131 -0.298691 0.304867 2.18606e+10
1 1.5 1.5 -0.386104 -0.311521 0.320618 2.03925e+10
2 -1.5 1.5 -0.482244 -0.601312 0.0271494 7.17901e+09
2.5 -1 1.5 -0.552062 -0.463036 0.161269 1.05205e+10
2 -0.5 1.5 -0.483919 -0.41387 0.202412 1.45523e+10
2.5 0 1.5 -0.450295 -0.3056 0.277049 2.01706e+10
2 0.5 1.5 -0.420344 -0.30674 0.285646 2.19409e+10
2.5 1 1.5 -0.379102 -0.28054 0.34218 2.51557e+10
2 1.5 1.5 -0.358949 -0.286873 0.36274 2.39813e+10
