449
-2.5 -1 -1.5 -0.306788 -0.811502 0.12548 5.77596e+09
-2.5 0 -1.5 -0.225422 -0.820674 0.181423 5.74454e+09
-2.5 1 -1.5 -0.151163 -0.811029 0.220893 5.18188e+09
-2 -1.5 -1.5 -0.348405 -0.803966 0.110107 7.41933e+09
-1.5 -1 -1.5 -0.292838 -0.824228 0.165563 1.01544e+10
-2 -0.5 -1.5 -0.252351 -0.827501 0.176441 7.91752e+09
-1.5 0 -1.5 -0.191731 -0.835756 0.226393 1.0383e+10
-2 0.5 -1.5 -0.166675 -0.826216 0.226591 7.53514e+09
-1.5 1 -1.5 -0.104054 -0.82194 0.270709 9.40018e+09
-2 1.5 -1.5 -0.0903754 -0.805416 0.260193 6.46662e+09
-1 -1.5 -1.5 -0.350755 -0.805647 0.149863 1.1856e+10
-0.5 -1 -1.5 -0.28838 -0.822221 0.208386 1.51032e+10
-1 -0.5 -1.5 -0.230876 -0.836155 0.220019 1.3208e+10
-0.5 0 -1.5 -0.165539 -0.83673 0.272584 1.60763e+10
-1 0.5 -1.5 -0.127516 -0.833479 0.275028 1.28688e+10
-0.5 1 -1.5 -0.0637626 -0.81813 0.321321 1.48916e+10
-1 1.5 -1.5 -0.0410536 -0.805256 0.313452 1.10414e+10
0 -1.5 -1.5 -0.366849 -0.785388 0.194293 1.51709e+10
0.5 -1 -1.5 -0.301535 -0.792524 0.251463 1.67665e+10
0 -0.5 -1.5 -0.222702 -0.826314 0.263933 1.7723e+10
0.5 0 -1.5 -0.15897 -0.815245 0.312045 1.87887e+10
0 0.5 -1.5 -0.101457 -0.823391 0.32101 1.80269e+10
0.5 1 -1.5 -0.0451797 -0.794774 0.360756 1.84043e+10
0 1.5 -1.5 -0.00596033 -0.787988 0.362878 1.59298e+10
1 -1.5 -1.5 -0.398491 -0.719221 0.239542 1.34346e+10
1.5 -1 -1.5 -0.330251 -0.708435 0.272515 1.20542e+10
1 -0.5 -1.5 -0.238125 -0.782754 0.295257 1.64087e+10
1.5 0 -1.5 -0.186599 -0.758108 0.311621 1.44004e+10
1 0.5 -1.5 -0.105462 -0.788405 0.344423 1.78505e+10
1.5 1 -1.5 -0.0749287 -0.74954 0.350804 1.5489e+10
1 1.5 -1.5 -0.00603857 -0.751751 0.385025 1.70975e+10
2 -1.5 -1.5 -0.402968 -0.576735 0.244326 7.81468e+09
2.5 -1 -1.5 -0.312379 -0.586131 0.192639 6.6081e+09
2 -0.5 -1.5 -0.270549 -0.690018 0.260737 1.00508e+10
2.5 0 -1.5 -0.238836 -0.683533 0.202532 8.49308e+09
2 0.5 -1.5 -0.16276 -0.728409 0.289055 1.19685e+10
2.5 1 -1.5 -0.177159 -0.707528 0.236886 1.00401e+10
2 1.5 -1.5 -0.0810626 -0.707986 0.326721 1.2835e+10
-2.25 -0.75 -1.25 0.135099 -0.781769 0.213128 2.00697e+09
-2.25 0.25 -1.25 0.234923 -0.788661 0.259333 2.29963e+09
-2.25 1.25 -1.25 0.317747 -0.780245 0.285675 2.4026e+09
-1.75 -1.25 -1.25 0.073825 -0.766762 0.211636 2.34801e+09
-1.25 -0.75 -1.25 0.13656 -0.776163 0.27208 3.33737e+09
-1.75 -0.25 -1.25 0.192761 -0.785632 0.267479 2.87688e+09
-1.25 0.25 -1.25 0.255793 -0.777533 0.318402 3.97009e+09
-1.75 0.75 -1.25 0.292612 -0.778738 0.304621 3.19434e+09
-1.25 1.25 -1.25 0.353992 -0.7557 0.347224 4.2296e+09
-0.75 -1.25 -1.25 0.0654637 -0.752023 0.276503 3.54026e+09
-0.25 -0.75 -1.25 0.143224 -0.754308 0.339325 4.67559e+09
-0.75 -0.25 -1.25 0.206063 -0.772166 0.328807 4.53461e+09
-0.25 0.25 -1.25 0.281232 -0.750728 0.381228 5.75803e+09
-0.75 0.75 -1.25 0.32314 -0.754341 0.365983 5.18239e+09
-0.25 1.25 -1.25 0.392967 -0.713259 0.41005 6.27294e+09
0.25 -1.25 -1.25 0.071106 -0.710868 0.355002 4.29948e+09
0.75 -0.75 -1.25 0.175713 -0.695089 0.415516 4.84605e+09
0.25 -0.25 -1.25 0.229651 -0.73589 0.396246 5.65865e+09
0.75 0.25 -1.25 0.323433 -0.691708 0.44246 6.06293e+09
0.25 0.75 -1.25 0.360351 -0.708117 0.427667 6.65463e+09
0.75 1.25 -1.25 0.440214 -0.641848 0.46325 6.83179e+09
1.25 -1.25 -1.25 0.142363 -0.612917 0.439252 3.66829e+09
1.75 -0.75 -1.25 0.301579 -0.584615 0.457066 3.38288e+09
1.25 -0.25 -1.25 0.293672 -0.650592 0.455754 4.73257e+09
1.75 0.25 -1.25 0.407129 -0.590516 0.455986 4.11145e+09
1.25 0.75 -1.25 0.418147 -0.620897 0.467175 5.64066e+09
1.75 1.25 -1.25 0.49316 -0.53614 0.457599 4.68737e+09
2.25 -1.25 -1.25 0.373832 -0.545179 0.408873 2.52103e+09
2.25 -0.25 -1.25 0.42783 -0.584331 0.40957 3.05737e+09
2.25 0.75 -1.25 0.472015 -0.552632 0.409869 3.4824e+09
-2.5 -1.5 -1 -0.41203 -0.755041 0.00560246 9.40537e+09
-2.5 -0.5 -1 -0.34582 -0.77577 0.0797642 9.88857e+09
-2.5 0.5 -1 -0.284056 -0.775605 0.137721 9.37358e+09
-2.5 1.5 -1 -0.224277 -0.759316 0.179138 8.12581e+09
-1.5 -1.5 -1 -0.40937 -0.772903 0.0371689 1.71697e+10
-2 -1 -1 -0.371185 -0.781254 0.0615954 1.35228e+10
-1.5 -0.5 -1 -0.323328 -0.80296 0.117047 1.88183e+10
-2 0 -1 -0.299242 -0.793734 0.13075 1.36641e+10
-1.5 0.5 -1 -0.247329 -0.805247 0.18089 1.8151e+10
-2 1 -1 -0.233807 -0.784456 0.182974 1.23543e+10
-1.5 1.5 -1 -0.180628 -0.784789 0.22745 1.55472e+10
-0.5 -1.5 -1 -0.415787 -0.777434 0.0708746 2.74833e+10
-1 -1 -1 -0.360883 -0.799287 0.0966419 2.39224e+10
-0.5 -0.5 -1 -0.306888 -0.817964 0.155538 3.17262e+10
-1 0 -1 -0.270032 -0.817632 0.171824 2.50818e+10
-0.5 0.5 -1 -0.214548 -0.822513 0.225697 3.16239e+10
-1 1 -1 -0.192804 -0.807687 0.230297 2.29401e+10
-0.5 1.5 -1 -0.139819 -0.79874 0.278761 2.73133e+10
0.5 -1.5 -1 -0.43809 -0.758121 0.10711 3.52263e+10
0 -1 -1 -0.362279 -0.801006 0.132978 3.57971e+10
0.5 -0.5 -1 -0.307994 -0.812173 0.192533 4.29555e+10
0 0 -1 -0.25128 -0.82584 0.213046 3.94147e+10
0.5 0.5 -1 -0.199684 -0.820608 0.267109 4.51376e+10
0 1 -1 -0.161668 -0.815391 0.277804 3.72699e+10
0.5 1.5 -1 -0.117357 -0.795363 0.326093 4.06698e+10
1.5 -1.5 -1 -0.480703 -0.688548 0.136961 3.10102e+10
1 -1 -1 -0.386528 -0.771493 0.166023 3.97914e+10
1.5 -0.5 -1 -0.343065 -0.767148 0.211613 3.96842e+10
1 0 -1 -0.259798 -0.808304 0.24516 4.64782e+10
1.5 0.5 -1 -0.227103 -0.789576 0.283563 4.49535e+10
1 1 -1 -0.159378 -0.801669 0.313657 4.70488e+10
1.5 1.5 -1 -0.138908 -0.771333 0.347487 4.46032e+10
2.5 -1.5 -1 -0.505587 -0.553556 0.123446 1.87527e+10
2 -1 -1 -0.436736 -0.682767 0.168577 2.86229e+10
2.5 -0.5 -1 -0.406772 -0.67203 0.172589 2.50052e+10
2 0 -1 -0.317571 -0.749051 0.234524 3.56839e+10
2.5 0.5 -1 -0.316427 -0.727413 0.236188 3.06143e+10
2 1 -1 -0.219496 -0.761556 0.302509 3.98404e+10
2.5 1.5 -1 -0.237815 -0.732636 0.30634 3.37114e+10
-2.25 -1.25 -0.75 0.0849525 -0.743335 0.0562447 2.79072e+09
-2.25 -0.25 -0.75 0.177407 -0.77264 0.126346 3.33078e+09
-2.25 0.75 -0.75 0.256563 -0.782328 0.175029 3.64506e+09
-1.25 -1.25 -0.75 0.0773844 -0.752972 0.108188 4.82937e+09
-1.75 -0.75 -0.75 0.132412 -0.767528 0.119624 4.15866e+09
-1.25 -0.25 -0.75 0.184391 -0.782645 0.180896 6.05354e+09
-1.75 0.25 -0.75 0.225249 -0.7838 0.18131 4.84934e+09
-1.25 0.75 -0.75 0.276514 -0.783891 0.233912 6.83008e+09
-1.75 1.25 -0.75 0.303719 -0.781563 0.221254 5.12051e+09
-0.25 -1.25 -0.75 0.0757508 -0.752191 0.169222 7.35256e+09
-0.75 -0.75 -0.75 0.134263 -0.774336 0.175796 6.98934e+09
-0.25 -0.25 -0.75 0.195957 -0.781915 0.241032 9.68945e+09
-0.75 0.25 -0.75 0.240295 -0.785341 0.239787 8.49081e+09
-0.25 0.75 -0.75 0.29869 -0.772402 0.296721 1.12529e+10
-0.75 1.25 -0.75 0.330276 -0.770191 0.284948 9.15605e+09
0.75 -1.25 -0.75 0.0947442 -0.731825 0.24225 9.10679e+09
0.25 -0.75 -0.75 0.145268 -0.767058 0.240571 9.95921e+09
0.75 -0.25 -0.75 0.219523 -0.760419 0.307995 1.23565e+10
0.25 0.25 -0.75 0.260587 -0.771563 0.303736 1.255e+10
0.75 0.75 -0.75 0.32571 -0.74013 0.362944 1.47531e+10
0.25 1.25 -0.75 0.357336 -0.741554 0.352025 1.37945e+10
1.75 -1.25 -0.75 0.179474 -0.677207 0.307472 8.05461e+09
1.25 -0.75 -0.75 0.185465 -0.729087 0.311 1.0568e+10
1.75 -0.25 -0.75 0.276872 -0.700347 0.361689 1.06045e+10
1.25 0.25 -0.75 0.295555 -0.727831 0.36742 1.34912e+10
1.75 0.75 -0.75 0.362668 -0.672564 0.410052 1.27195e+10
1.25 1.25 -0.75 0.387049 -0.686645 0.414516 1.53082e+10
2.25 -0.75 -0.75 0.283259 -0.680807 0.334236 7.96212e+09
2.25 0.25 -0.75 0.341791 -0.66887 0.385511 9.71638e+09
2.25 1.25 -0.75 0.398502 -0.616021 0.432219 1.08858e+10
-2.5 -1 -0.5 -0.456567 -0.722855 -0.0275762 1.73462e+10
-2.5 0 -0.5 -0.409651 -0.729848 0.0482825 1.73455e+10
-2.5 1 -0.5 -0.362357 -0.718715 0.107416 1.57575e+10
-2 -1.5 -0.5 -0.478166 -0.72441 -0.0578635 2.32119e+10
-1.5 -1 -0.5 -0.443232 -0.754791 0.00258075 3.38225e+10
-2 -0.5 -0.5 -0.422023 -0.748685 0.0290102 2.49857e+10
-1.5 0 -0.5 -0.380992 -0.771247 0.0851342 3.49389e+10
-2 0.5 -0.5 -0.369859 -0.748668 0.0997229 2.39311e+10
-1.5 1 -0.5 -0.325298 -0.762439 0.150397 3.18127e+10
-2 1.5 -0.5 -0.318954 -0.72945 0.153104 2.06918e+10
-1 -1.5 -0.5 -0.477635 -0.743927 -0.0302425 4.21958e+10
-0.5 -1 -0.5 -0.435739 -0.775797 0.0339498 5.98204e+10
-1 -0.5 -0.5 -0.401376 -0.781518 0.063052 4.77611e+10
-0.5 0 -0.5 -0.354332 -0.802134 0.123441 6.46596e+10
-1 0.5 -0.5 -0.33494 -0.788321 0.140848 4.69971e+10
-0.5 1 -0.5 -0.286812 -0.797442 0.196289 6.0168e+10
-1 1.5 -0.5 -0.278558 -0.768733 0.200621 4.03679e+10
0 -1.5 -0.5 -0.487702 -0.748837 5.13283e-05 6.73559e+10
0.5 -1 -0.5 -0.442073 -0.7791 0.0675092 8.97322e+10
0 -0.5 -0.5 -0.388643 -0.800789 0.0983949 8.08398e+10
0.5 0 -0.5 -0.340574 -0.815758 0.162432 1.02399e+11
0 0.5 -0.5 -0.305563 -0.81398 0.183577 8.28575e+10
0.5 1 -0.5 -0.259774 -0.81514 0.242759 9.93149e+10
0 1.5 -0.5 -0.240774 -0.796641 0.251308 7.2609e+10
1 -1.5 -0.5 -0.515691 -0.728085 0.0347989 8.64441e+10
1.5 -1 -0.5 -0.475867 -0.747121 0.100611 9.96879e+10
1 -0.5 -0.5 -0.396905 -0.797195 0.133868 1.10081e+11
1.5 0 -0.5 -0.359346 -0.800139 0.195234 1.211e+11
1 0.5 -0.5 -0.297127 -0.818508 0.224328 1.19489e+11
1.5 1 -0.5 -0.264991 -0.808418 0.280471 1.26332e+11
1 1.5 -0.5 -0.22223 -0.805172 0.299247 1.10287e+11
2 -1.5 -0.5 -0.568624 -0.650555 0.0675782 7.55071e+10
2.5 -1 -0.5 -0.542528 -0.644055 0.114655 7.02295e+10
2 -0.5 -0.5 -0.446923 -0.746386 0.156409 1.00276e+11
2.5 0 -0.5 -0.434827 -0.729414 0.197837 8.99094e+10
2 0.5 -0.5 -0.338084 -0.787305 0.245348 1.17498e+11
2.5 1 -0.5 -0.338541 -0.76282 0.282256 1.02923e+11
2 1.5 -0.5 -0.251056 -0.787312 0.326526 1.20138e+11
-2.25 -0.75 -0.25 0.0773122 -0.74775 -0.0261225 4.8025e+09
-2.25 0.25 -0.25 0.156781 -0.772808 0.0490654 5.4696e+09
-2.25 1.25 -0.25 0.227666 -0.783508 0.100669 5.75826e+09
-1.75 -1.25 -0.25 0.0305826 -0.74161 -0.0498612 5.9406e+09
-1.25 -0.75 -0.25 0.0733604 -0.776243 0.0221308 8.96102e+09
-1.75 -0.25 -0.25 0.117877 -0.777164 0.0395183 7.22132e+09
-1.25 0.25 -0.25 0.161309 -0.798003 0.104006 1.06411e+10
-1.75 0.75 -0.25 0.197494 -0.790846 0.106341 8.00853e+09
-1.25 1.25 -0.25 0.240362 -0.798522 0.162094 1.13565e+10
-0.75 -1.25 -0.25 0.0244079 -0.766142 -0.000492189 1.0316e+10
-0.25 -0.75 -0.25 0.0741033 -0.798142 0.0782471 1.51913e+10
-0.75 -0.25 -0.25 0.119606 -0.801494 0.0937198 1.32264e+10
-0.25 0.25 -0.25 0.168219 -0.813872 0.164536 1.88167e+10
-0.75 0.75 -0.25 0.207018 -0.807244 0.167325 1.51637e+10
-0.25 1.25 -0.25 0.253972 -0.802232 0.230255 2.05156e+10
0.25 -1.25 -0.25 0.0255757 -0.78355 0.0610681 1.58623e+10
0.75 -0.75 -0.25 0.0825869 -0.809386 0.147455 2.20677e+10
0.25 -0.25 -0.25 0.126392 -0.815898 0.156921 2.14704e+10
0.75 0.25 -0.25 0.178805 -0.815541 0.235461 2.83376e+10
0.25 0.75 -0.25 0.217439 -0.810317 0.234969 2.52407e+10
0.75 1.25 -0.25 0.264979 -0.789357 0.305504 3.12275e+10
1.25 -1.25 -0.25 0.0435828 -0.790688 0.141191 2.02513e+10
1.75 -0.75 -0.25 0.108242 -0.798899 0.230772 2.43231e+10
1.25 -0.25 -0.25 0.139957 -0.813265 0.233446 2.81191e+10
1.75 0.25 -0.25 0.194177 -0.79143 0.315606 3.13426e+10
1.25 0.75 -0.25 0.229158 -0.794682 0.313459 3.38737e+10
1.75 1.25 -0.25 0.273187 -0.753127 0.387042 3.55166e+10
2.25 -1.25 -0.25 0.0923033 -0.780674 0.221868 1.89611e+10
2.25 -0.25 -0.25 0.162016 -0.781345 0.308065 2.49618e+10
2.25 0.75 -0.25 0.234217 -0.748542 0.386086 2.97743e+10
-2.5 -1.5 0 -0.55283 -0.676303 -0.125265 3.09916e+10
-2.5 -0.5 0 -0.520959 -0.689971 -0.0346917 3.27754e+10
-2.5 0.5 0 -0.487881 -0.68225 0.0400177 3.12862e+10
-2.5 1.5 0 -0.44996 -0.65883 0.0972366 2.73778e+10
-1.5 -1.5 0 -0.547162 -0.70409 -0.101746 6.04157e+10
-2 -1 0 -0.529135 -0.705524 -0.0647196 4.60507e+10
-1.5 -0.5 0 -0.49844 -0.733735 -0.00397062 6.6943e+10
-2 0 0 -0.49083 -0.713638 0.0218414 4.6871e+10
-1.5 0.5 0 -0.454539 -0.735153 0.077831 6.51026e+10
-2 1 0 -0.452599 -0.699768 0.0911185 4.27387e+10
-1.5 1.5 0 -0.412865 -0.713478 0.141404 5.62616e+10
-0.5 -1.5 0 -0.549146 -0.720482 -0.0765728 1.08284e+11
-1 -1 0 -0.516567 -0.737212 -0.0373328 8.89681e+10
-0.5 -0.5 0 -0.478744 -0.767462 0.027765 1.27002e+11
-1 0 0 -0.460999 -0.759493 0.0568193 9.44926e+10
-0.5 0.5 0 -0.41824 -0.780771 0.117664 1.28263e+11
-1 1 0 -0.413424 -0.752612 0.133406 8.70681e+10
-0.5 1.5 0 -0.370092 -0.763793 0.188835 1.11024e+11
0.5 -1.5 0 -0.563594 -0.72032 -0.0466402 1.70247e+11
0 -1 0 -0.51183 -0.756472 -0.00788878 1.5553e+11
0.5 -0.5 0 -0.468921 -0.786417 0.061954 2.12922e+11
0 0 0 -0.43536 -0.792494 0.0933923 1.7372e+11
0.5 0.5 0 -0.389746 -0.809689 0.159328 2.24581e+11
0 1 0 -0.372978 -0.795274 0.17864 1.65574e+11
0.5 1.5 0 -0.328935 -0.801249 0.239523 2.01348e+11
1.5 -1.5 0 -0.597608 -0.69156 -0.00714873 2.15535e+11
1 -1 0 -0.52314 -0.755995 0.0264833 2.30466e+11
1.5 -0.5 0 -0.483213 -0.779528 0.100319 2.86382e+11
1 0 0 -0.424601 -0.807017 0.132366 2.72802e+11
1.5 0.5 0 -0.383986 -0.815853 0.201844 3.20783e+11
1 1 0 -0.346126 -0.817178 0.224863 2.71078e+11
1.5 1.5 0 -0.308926 -0.814436 0.288332 3.02376e+11
2.5 -1.5 0 -0.660533 -0.591077 0.0433045 1.80068e+11
2 -1 0 -0.566165 -0.71314 0.0678712 2.49337e+11
2.5 -0.5 0 -0.548184 -0.707153 0.136243 2.42628e+11
2 0 0 -0.450766 -0.786681 0.171492 3.14802e+11
2.5 0.5 0 -0.4358 -0.772512 0.233216 2.94781e+11
2 1 0 -0.353491 -0.811112 0.266816 3.37262e+11
2.5 1.5 0 -0.341964 -0.791035 0.321784 3.08452e+11
-2.25 -1.25 0.25 -0.166817 -0.730902 -0.14815 1.0366e+10
-2.25 -0.25 0.25 -0.0865537 -0.764011 -0.0577276 1.20116e+10
-2.25 0.75 0.25 -0.00313874 -0.780602 0.0102555 1.29046e+10
-1.25 -1.25 0.25 -0.178043 -0.765826 -0.109042 1.96318e+10
-1.75 -0.75 0.25 -0.131079 -0.769984 -0.0793302 1.58521e+10
-1.25 -0.25 0.25 -0.0901455 -0.804041 -0.0100606 2.39369e+10
-1.75 0.25 0.25 -0.0452708 -0.794344 0.00480013 1.79832e+10
-1.25 0.75 0.25 -4.69891e-05 -0.817479 0.0664795 2.6348e+10
-1.75 1.25 0.25 0.0413303 -0.801836 0.0643776 1.87184e+10
-0.25 -1.25 0.25 -0.188272 -0.793978 -0.0622978 3.42672e+10
-0.75 -0.75 0.25 -0.137552 -0.804991 -0.0334465 2.98016e+10
-0.25 -0.25 0.25 -0.0917657 -0.835438 0.0431869 4.41917e+10
-0.75 0.25 0.25 -0.0446165 -0.83016 0.0592134 3.53629e+10
-0.25 0.75 0.25 0.00403274 -0.845452 0.128656 5.03466e+10
-0.75 1.25 0.25 0.0480209 -0.830753 0.127775 3.72587e+10
0.75 -1.25 0.25 -0.195846 -0.812492 -0.000875621 5.28774e+10
0.25 -0.75 0.25 -0.141863 -0.831011 0.0216349 5.08602e+10
0.75 -0.25 0.25 -0.0918569 -0.854741 0.10767 7.21941e+10
0.25 0.25 0.25 -0.0426624 -0.85391 0.120674 6.29274e+10
0.75 0.75 0.25 0.00682119 -0.857402 0.19954 8.39611e+10
0.25 1.25 0.25 0.0537406 -0.847314 0.19918 6.76875e+10
1.75 -1.25 0.25 -0.191695 -0.819696 0.0879716 6.76685e+10
1.25 -0.75 0.25 -0.144551 -0.843811 0.0938636 7.41057e+10
1.75 -0.25 0.25 -0.0927419 -0.853772 0.192435 9.40299e+10
1.25 0.25 0.25 -0.0416565 -0.861393 0.196173 9.50588e+10
1.75 0.75 0.25 0.0069961 -0.848653 0.287315 1.12507e+11
1.25 1.25 0.25 0.0534941 -0.844829 0.280122 1.02735e+11
2.25 -0.75 0.25 -0.135132 -0.830944 0.195118 8.02075e+10
2.25 0.25 0.25 -0.0434428 -0.837233 0.292095 1.02197e+11
2.25 1.25 0.25 0.049198 -0.815349 0.376464 1.15535e+11
-2.5 -1 0.5 -0.286168 -0.676612 -0.0621987 3.33751e+10
-2.5 0 0.5 -0.212706 -0.696242 0.0154267 3.68505e+10
-2.5 1 0.5 -0.134816 -0.704288 0.0738549 3.76197e+10
-2 -1.5 0.5 -0.330069 -0.678577 -0.095313 4.34079e+10
-1.5 -1 0.5 -0.301155 -0.717013 -0.0340331 6.73561e+10
-2 -0.5 0.5 -0.255684 -0.710902 -0.00492866 5.10781e+10
-1.5 0 0.5 -0.220226 -0.742663 0.05209 7.68245e+10
-2 0.5 0.5 -0.176366 -0.7249 0.067358 5.4613e+10
-1.5 1 0.5 -0.135923 -0.748859 0.118839 7.87869e+10
-2 1.5 0.5 -0.0941396 -0.726165 0.119749 5.35338e+10
-1 -1.5 0.5 -0.350616 -0.7095 -0.0707783 8.30927e+10
-0.5 -1 0.5 -0.317298 -0.750356 -0.00497801 1.28309e+11
-1 -0.5 0.5 -0.266713 -0.752753 0.0277081 1.02767e+11
-0.5 0 0.5 -0.227257 -0.783079 0.0901182 1.52558e+11
-1 0.5 0.5 -0.180238 -0.769387 0.109176 1.12478e+11
-0.5 1 0.5 -0.137167 -0.788296 0.166931 1.58143e+11
-1 1.5 0.5 -0.0925606 -0.765445 0.170627 1.09288e+11
0 -1.5 0.5 -0.3743 -0.731619 -0.0434699 1.47813e+11
0.5 -1 0.5 -0.336594 -0.773256 0.0276428 2.23645e+11
0 -0.5 0.5 -0.278369 -0.785324 0.0622171 1.92449e+11
0.5 0 0.5 -0.236033 -0.811017 0.130945 2.75397e+11
0 0.5 0.5 -0.184566 -0.805042 0.15359 2.17044e+11
0.5 1 0.5 -0.141667 -0.815931 0.218471 2.90613e+11
0 1.5 0.5 -0.0934903 -0.796813 0.226029 2.10162e+11
1 -1.5 0.5 -0.401901 -0.739876 -0.00909881 2.34392e+11
1.5 -1 0.5 -0.364536 -0.776904 0.0677496 3.34553e+11
1 -0.5 0.5 -0.295901 -0.80451 0.100942 3.21398e+11
1.5 0 0.5 -0.25765 -0.821274 0.175659 4.26673e+11
1 0.5 0.5 -0.194101 -0.824186 0.20109 3.67529e+11
1.5 1 0.5 -0.157041 -0.823524 0.27132 4.49242e+11
1 1.5 0.5 -0.102273 -0.814713 0.284196 3.61114e+11
2 -1.5 0.5 -0.439999 -0.723523 0.0386411 3.098e+11
2.5 -1 0.5 -0.415626 -0.736556 0.120191 3.70391e+11
2 -0.5 0.5 -0.332876 -0.794855 0.146053 4.3085e+11
2.5 0 0.5 -0.311732 -0.79061 0.222046 4.77136e+11
2 0.5 0.5 -0.227195 -0.822225 0.249442 5.1103e+11
2.5 1 0.5 -0.207998 -0.808507 0.317402 5.35825e+11
2 1.5 0.5 -0.129663 -0.810169 0.338339 4.9611e+11
-2.25 -0.75 0.75 -0.399069 -0.717095 -0.104155 1.2181e+10
-2.25 0.25 0.75 -0.328441 -0.732128 -0.023649 1.30369e+10
-2.25 1.25 0.75 -0.245168 -0.734732 0.0328254 1.29458e+10
-1.75 -1.25 0.75 -0.432774 -0.717692 -0.136678 1.59385e+10
-1.25 -0.75 0.75 -0.400509 -0.752319 -0.0682935 2.40674e+10
-1.75 -0.25 0.75 -0.364046 -0.747619 -0.0408621 1.82045e+10
-1.25 0.25 0.75 -0.32139 -0.775458 0.0220387 2.67082e+10
-1.75 0.75 0.75 -0.283552 -0.757215 0.0325653 1.89034e+10
-1.25 1.25 0.75 -0.232495 -0.777863 0.0875341 2.66471e+10
-0.75 -1.25 0.75 -0.441074 -0.740642 -0.10435 2.95063e+10
-0.25 -0.75 0.75 -0.402696 -0.777099 -0.0299811 4.39909e+10
-0.75 -0.25 0.75 -0.360055 -0.783892 0.000730601 3.56717e+10
-0.25 0.25 0.75 -0.312139 -0.810091 0.0699806 5.13476e+10
-0.75 0.75 0.75 -0.271932 -0.79841 0.0843653 3.80855e+10
-0.25 1.25 0.75 -0.217782 -0.813774 0.146515 5.2028e+10
0.25 -1.25 0.75 -0.451513 -0.751881 -0.0665343 4.95802e+10
0.75 -0.75 0.75 -0.405666 -0.789109 0.0148378 7.16697e+10
0.25 -0.25 0.75 -0.356087 -0.807552 0.0456102 6.3524e+10
0.75 0.25 0.75 -0.303762 -0.828768 0.122032 8.72042e+10
0.25 0.75 0.75 -0.25902 -0.8281 0.139491 7.06518e+10
0.75 1.25 0.75 -0.204053 -0.835155 0.209867 9.12143e+10
1.25 -1.25 0.75 -0.459539 -0.74733 -0.0156154 7.17239e+10
1.75 -0.75 0.75 -0.404886 -0.782818 0.0752972 9.66924e+10
1.25 -0.25 0.75 -0.353631 -0.816142 0.0980983 9.80364e+10
1.75 0.25 0.75 -0.298723 -0.829357 0.183694 1.23482e+11
1.25 0.75 0.75 -0.249604 -0.837346 0.199466 1.11158e+11
1.75 1.25 0.75 -0.198123 -0.832494 0.277454 1.29824e+11
2.25 -1.25 0.75 -0.446453 -0.732703 0.0658162 8.53348e+10
2.25 -0.25 0.75 -0.346064 -0.79967 0.172011 1.17609e+11
2.25 0.75 0.75 -0.245386 -0.826218 0.272043 1.40825e+11
-2.5 -1.5 1 0.0439782 -0.716397 -0.105104 1.85283e+10
-2.5 -0.5 1 0.102493 -0.763492 -0.0314322 2.41665e+10
-2.5 0.5 1 0.155441 -0.794575 0.0258289 2.90761e+10
-2.5 1.5 1 0.204335 -0.812118 0.0662769 3.21638e+10
-1.5 -1.5 1 -0.0113579 -0.758308 -0.0735816 3.63292e+10
-2 -1 1 0.0481907 -0.763727 -0.0486107 3.04106e+10
-1.5 -0.5 1 0.0523729 -0.805209 0.0082964 4.95375e+10
-2 0 1 0.10735 -0.801003 0.0211142 3.87466e+10
-1.5 0.5 1 0.114845 -0.830445 0.0740404 6.09201e+10
-2 1 1 0.163396 -0.821276 0.0737532 4.49454e+10
-1.5 1.5 1 0.176284 -0.838703 0.122401 6.71349e+10
-0.5 -1.5 1 -0.0731613 -0.79624 -0.0406404 6.8609e+10
-1 -1 1 -0.00818242 -0.804578 -0.0126866 6.0104e+10
-0.5 -0.5 1 -0.00210909 -0.841406 0.0497773 9.77416e+10
-1 0 1 0.0592428 -0.837966 0.0661417 7.9234e+10
-0.5 0.5 1 0.0711364 -0.859835 0.125664 1.22429e+11
-1 1 1 0.127293 -0.849831 0.128154 9.25568e+10
-0.5 1.5 1 0.146216 -0.857648 0.184397 1.33369e+11
0.5 -1.5 1 -0.138355 -0.82505 -0.00327991 1.22718e+11
0 -1 1 -0.0682511 -0.838207 0.0258315 1.13393e+11
0.5 -0.5 1 -0.0575393 -0.867204 0.0951841 1.8054e+11
0 0 1 0.00920438 -0.866395 0.11446 1.534e+11
0.5 0.5 1 0.0269947 -0.877923 0.181908 2.26682e+11
0 1 1 0.0895025 -0.869251 0.187655 1.78901e+11
0.5 1.5 1 0.114066 -0.86523 0.252613 2.4208e+11
1.5 -1.5 1 -0.202707 -0.837908 0.0422983 2.00919e+11
1 -1 1 -0.129329 -0.858805 0.0697525 1.97932e+11
1.5 -0.5 1 -0.114856 -0.87587 0.146146 2.96616e+11
1 0 1 -0.0401557 -0.881488 0.167614 2.68878e+11
1.5 0.5 1 -0.0166599 -0.879289 0.243069 3.62491e+11
1 1 1 0.0508218 -0.874814 0.252343 3.07447e+11
1.5 1.5 1 0.0761183 -0.858022 0.323794 3.77604e+11
2.5 -1.5 1 -0.287266 -0.807571 0.0979895 2.8347e+11
2 -1 1 -0.193432 -0.855481 0.1217 3.00845e+11
2.5 -0.5 1 -0.191467 -0.842685 0.203155 3.91977e+11
2 0 1 -0.0977687 -0.872858 0.225241 3.96929e+11
2.5 0.5 1 -0.09427 -0.848438 0.300865 4.6832e+11
2 1 1 0.00763953 -0.861047 0.318736 4.34128e+11
2.5 1.5 1 0.0236715 -0.82829 0.388719 4.54853e+11
-2.25 -1.25 1.25 -0.587228 -0.655146 -0.102469 5.29055e+09
-2.25 -0.25 1.25 -0.535199 -0.673618 -0.00849576 5.87317e+09
-2.25 0.75 1.25 -0.468938 -0.675322 0.0637066 5.9662e+09
-1.25 -1.25 1.25 -0.599303 -0.667087 -0.0828113 1.00559e+10
-1.75 -0.75 1.25 -0.565398 -0.678985 -0.0401259 7.94502e+09
-1.25 -0.25 1.25 -0.535643 -0.702473 0.0225236 1.17036e+10
-1.75 0.25 1.25 -0.502217 -0.693577 0.0493539 8.54903e+09
-1.25 0.75 1.25 -0.461168 -0.712012 0.106207 1.2103e+10
-1.75 1.25 1.25 -0.424895 -0.691211 0.114313 8.345e+09
-0.25 -1.25 1.25 -0.616236 -0.664397 -0.0658395 1.74932e+10
-0.75 -0.75 1.25 -0.572812 -0.694782 -0.0166187 1.49438e+10
-0.25 -0.25 1.25 -0.537429 -0.720798 0.0499967 2.15626e+10
-0.75 0.25 1.25 -0.497456 -0.724333 0.0848701 1.67616e+10
-0.25 0.75 1.25 -0.451587 -0.742537 0.146363 2.30519e+10
-0.75 1.25 1.25 -0.412941 -0.72681 0.161866 1.64731e+10
0.75 -1.25 1.25 -0.634139 -0.642836 -0.0499062 2.6719e+10
0.25 -0.75 1.25 -0.583465 -0.695739 0.00368942 2.52925e+10
0.75 -0.25 1.25 -0.541294 -0.722955 0.0731693 3.48478e+10
0.25 0.25 1.25 -0.493667 -0.743054 0.116063 2.98015e+10
0.75 0.75 1.25 -0.443154 -0.758967 0.180559 3.87965e+10
0.25 1.25 1.25 -0.40017 -0.754447 0.20665 2.99933e+10
1.75 -1.25 1.25 -0.632161 -0.597006 -0.0261938 3.3653e+10
1.25 -0.75 1.25 -0.591283 -0.677481 0.0215345 3.66055e+10
1.75 -0.25 1.25 -0.536707 -0.703834 0.0916143 4.65837e+10
1.25 0.25 1.25 -0.490391 -0.743075 0.140941 4.48417e+10
1.75 0.75 1.25 -0.434493 -0.751264 0.205604 5.2739e+10
1.25 1.25 1.25 -0.389182 -0.766278 0.242631 4.69664e+10
2.25 -0.75 1.25 -0.550413 -0.645586 0.0550756 4.33655e+10
2.25 0.25 1.25 -0.462454 -0.72414 0.162622 5.54656e+10
2.25 1.25 1.25 -0.365112 -0.752861 0.266974 5.79267e+10
-2.5 -1 1.5 -0.0686675 -0.739117 -0.0537358 1.15557e+10
-2.5 0 1.5 0.00147004 -0.780597 0.0151746 1.45266e+10
-2.5 1 1.5 0.0671562 -0.806512 0.0680634 1.6804e+10
-2 -1.5 1.5 -0.132585 -0.726218 -0.0817069 1.3948e+10
-1.5 -1 1.5 -0.122499 -0.770075 -0.0253103 2.2844e+10
-2 -0.5 1.5 -0.0577199 -0.778551 -0.000461865 1.86679e+10
-1.5 0 1.5 -0.0449256 -0.812361 0.0534933 2.97364e+10
-2 0.5 1.5 0.0148087 -0.8109 0.065135 2.2783e+10
-1.5 1 1.5 0.0320417 -0.833544 0.115901 3.47591e+10
-2 1.5 1.5 0.0847777 -0.826642 0.114282 2.52354e+10
-1 -1.5 1.5 -0.190503 -0.751566 -0.058966 2.63746e+10
-0.5 -1 1.5 -0.179299 -0.79514 0.0016548 4.33378e+10
-1 -0.5 1.5 -0.110415 -0.808195 0.0322808 3.69563e+10
-0.5 0 1.5 -0.0941446 -0.837848 0.0914731 5.82285e+10
-1 0.5 1.5 -0.0281727 -0.838111 0.108644 4.61079e+10
-0.5 1 1.5 -0.00596909 -0.853796 0.165506 6.83598e+10
-1 1.5 1.5 0.0547292 -0.84664 0.168153 5.07632e+10
0 -1.5 1.5 -0.248799 -0.769546 -0.0365602 4.76251e+10
0.5 -1 1.5 -0.233336 -0.810653 0.0288775 7.75475e+10
0 -0.5 1.5 -0.163378 -0.829788 0.0643708 6.93907e+10
0.5 0 1.5 -0.141546 -0.853081 0.129136 1.05856e+11
0 0.5 1.5 -0.0723218 -0.856887 0.152527 8.75894e+10
0.5 1 1.5 -0.0441594 -0.863603 0.21547 1.22845e+11
0 1.5 1.5 0.0223556 -0.857815 0.224436 9.49477e+10
1 -1.5 1.5 -0.30002 -0.777255 -0.0104023 8.10235e+10
1.5 -1 1.5 -0.277984 -0.811608 0.0606134 1.27295e+11
1 -0.5 1.5 -0.21115 -0.839311 0.0967842 1.20005e+11
1.5 0 1.5 -0.180896 -0.853202 0.166449 1.70915e+11
1 0.5 1.5 -0.11282 -0.86307 0.195584 1.49638e+11
1.5 1 1.5 -0.0796664 -0.858421 0.262554 1.91914e+11
1 1.5 1.5 -0.0115856 -0.857262 0.279425 1.57729e+11
2 -1.5 1.5 -0.337877 -0.768567 0.0292325 1.2739e+11
2.5 -1 1.5 -0.31064 -0.779706 0.110479 1.90982e+11
2 -0.5 1.5 -0.247919 -0.827262 0.134602 1.83305e+11
2.5 0 1.5 -0.22013 -0.813313 0.211461 2.41266e+11
2 0.5 1.5 -0.145246 -0.848536 0.237143 2.17801e+11
2.5 1 1.5 -0.11135 -0.824359 0.305831 2.53345e+11
2 1.5 1.5 -0.0488305 -0.840516 0.326072 2.2306e+11
