449
-2.5 -1 -1.5 -0.0832736 0.148757 0.755486 2.39719e+10
-2.5 0 -1.5 -0.0607607 0.185972 0.687436 2.90542e+10
-2.5 1 -1.5 -0.0170148 0.221952 0.620085 3.68807e+10
-2 -1.5 -1.5 -0.0700782 0.130518 0.807089 2.10531e+10
-1.5 -1 -1.5 -0.0442737 0.147915 0.785784 2.19692e+10
-2 -0.5 -1.5 -0.0544137 0.166715 0.736232 2.51731e+10
-1.5 0 -1.5 -0.0207734 0.183238 0.70904 2.70396e+10
-2 0.5 -1.5 -0.0220662 0.20282 0.663248 3.15394e+10
-1.5 1 -1.5 0.0217744 0.216711 0.633667 3.50315e+10
-2 1.5 -1.5 0.0337825 0.234717 0.594113 4.15688e+10
-1 -1.5 -1.5 -0.0311606 0.129583 0.833857 1.94193e+10
-0.5 -1 -1.5 -0.00410072 0.146678 0.800934 2.04995e+10
-1 -0.5 -1.5 -0.0144308 0.164516 0.755616 2.33787e+10
-0.5 0 -1.5 0.0195277 0.179972 0.718506 2.53141e+10
-1 0.5 -1.5 0.0175302 0.197808 0.675712 2.96326e+10
-0.5 1 -1.5 0.0603935 0.210274 0.637878 3.30301e+10
-1 1.5 -1.5 0.0705559 0.227584 0.600057 3.96765e+10
0 -1.5 -1.5 0.00922741 0.129131 0.842491 1.83213e+10
0.5 -1 -1.5 0.0373848 0.147071 0.798733 1.94609e+10
0 -0.5 -1.5 0.0265423 0.16333 0.760259 2.19658e+10
0.5 0 -1.5 0.0607567 0.179395 0.713826 2.38314e+10
0 0.5 -1.5 0.0575545 0.194119 0.676291 2.78124e+10
0.5 1 -1.5 0.0995442 0.207156 0.630236 3.08905e+10
0 1.5 -1.5 0.1078 0.221001 0.596519 3.7284e+10
1 -1.5 -1.5 0.0508825 0.130503 0.831173 1.76834e+10
1.5 -1 -1.5 0.0798778 0.150115 0.77806 1.88243e+10
1 -0.5 -1.5 0.0686609 0.16505 0.748584 2.08914e+10
1.5 0 -1.5 0.102899 0.183091 0.69371 2.25997e+10
1 0.5 -1.5 0.0984 0.194953 0.66313 2.60939e+10
1.5 1 -1.5 0.139077 0.210395 0.608771 2.87156e+10
1 1.5 -1.5 0.145087 0.219768 0.580627 3.45195e+10
2 -1.5 -1.5 0.0928896 0.13497 0.799496 1.75077e+10
2.5 -1 -1.5 0.122118 0.156925 0.73882 1.86251e+10
2 -0.5 -1.5 0.111475 0.170189 0.719804 2.01663e+10
2.5 0 -1.5 0.145351 0.190844 0.657403 2.16667e+10
2 0.5 -1.5 0.139716 0.201457 0.634936 2.45444e+10
2.5 1 -1.5 0.178506 0.220973 0.57204 2.6654e+10
2 1.5 -1.5 0.182262 0.226917 0.550173 3.16238e+10
-2.25 -0.75 -1.25 -0.113018 0.188544 0.73765 6.02281e+09
-2.25 0.25 -1.25 -0.104335 0.242059 0.661294 7.39668e+09
-2.25 1.25 -1.25 -0.0771118 0.306032 0.583128 9.5229e+09
-1.75 -1.25 -1.25 -0.0927525 0.159628 0.790439 5.29475e+09
-1.25 -0.75 -1.25 -0.0732265 0.175736 0.762919 5.58349e+09
-1.75 -0.25 -1.25 -0.0909889 0.206781 0.7123 6.39906e+09
-1.25 0.25 -1.25 -0.0671685 0.224345 0.679486 6.93871e+09
-1.75 0.75 -1.25 -0.0761257 0.262948 0.630924 8.11273e+09
-1.25 1.25 -1.25 -0.0469953 0.282161 0.595388 9.06631e+09
-0.75 -1.25 -1.25 -0.0526002 0.148475 0.811167 4.93846e+09
-0.25 -0.75 -1.25 -0.0329586 0.163293 0.7727 5.25547e+09
-0.75 -0.25 -1.25 -0.0520915 0.1913 0.727308 5.99372e+09
-0.25 0.25 -1.25 -0.029864 0.205526 0.685963 6.52743e+09
-0.75 0.75 -1.25 -0.042314 0.240358 0.641358 7.64892e+09
-0.25 1.25 -1.25 -0.0167637 0.25434 0.599536 8.53126e+09
0.25 -1.25 -1.25 -0.0116161 0.138745 0.813575 4.69884e+09
0.75 -0.75 -1.25 0.00835172 0.152953 0.765552 5.01874e+09
0.25 -0.25 -1.25 -0.0122149 0.177083 0.727916 5.66324e+09
0.75 0.25 -1.25 0.00934645 0.189265 0.678967 6.15752e+09
0.25 0.75 -1.25 -0.00686306 0.217862 0.640814 7.18268e+09
0.75 1.25 -1.25 0.0160704 0.228106 0.59295 7.94942e+09
1.25 -1.25 -1.25 0.0297738 0.130961 0.796793 4.56014e+09
1.75 -0.75 -1.25 0.0499894 0.144973 0.740974 4.86743e+09
1.25 -0.25 -1.25 0.0291413 0.165969 0.712874 5.40158e+09
1.75 0.25 -1.25 0.0503652 0.177504 0.657077 5.83707e+09
1.25 0.75 -1.25 0.0311798 0.19949 0.627217 6.72809e+09
1.75 1.25 -1.25 0.0518133 0.207956 0.573206 7.35003e+09
2.25 -1.25 -1.25 0.0699527 0.125211 0.761318 4.52307e+09
2.25 -0.25 -1.25 0.0706523 0.157803 0.681705 5.21147e+09
2.25 0.75 -1.25 0.0708719 0.187618 0.598881 6.3049e+09
-2.5 -1.5 -1 -0.0826675 0.129751 0.785197 2.14846e+10
-2.5 -0.5 -1 -0.0642758 0.16835 0.718218 2.52489e+10
-2.5 0.5 -1 -0.0285028 0.206349 0.648447 3.08682e+10
-2.5 1.5 -1 0.03298 0.239206 0.581178 3.93592e+10
-1.5 -1.5 -1 -0.0419778 0.132852 0.819855 1.97073e+10
-2 -1 -1 -0.0545497 0.150549 0.769166 2.22227e+10
-1.5 -0.5 -1 -0.0222682 0.170084 0.743629 2.348e+10
-2 0 -1 -0.0279121 0.188157 0.695162 2.68926e+10
-1.5 0.5 -1 0.0135846 0.205554 0.665104 2.92818e+10
-2 1 -1 0.0191941 0.223287 0.621514 3.40167e+10
-1.5 1.5 -1 0.0717985 0.235895 0.589972 3.8275e+10
-0.5 -1.5 -1 -7.23089e-05 0.135321 0.837684 1.84662e+10
-1 -1 -1 -0.0126837 0.152549 0.791928 2.06754e+10
-0.5 -0.5 -1 0.0203005 0.171364 0.75538 2.20513e+10
-1 0 -1 0.0143899 0.188034 0.710298 2.52868e+10
-0.5 0.5 -1 0.0551733 0.203848 0.671165 2.76726e+10
-1 1 -1 0.0596835 0.219865 0.629888 3.24768e+10
-0.5 1.5 -1 0.109984 0.231432 0.590649 3.65402e+10
0.5 -1.5 -1 0.0430169 0.138856 0.836182 1.76615e+10
0 -1 -1 0.0301973 0.15521 0.798231 1.95323e+10
0.5 -0.5 -1 0.0635758 0.174535 0.751556 2.09036e+10
0 0 -1 0.0568899 0.188877 0.712317 2.38441e+10
0.5 0.5 -1 0.0968967 0.205122 0.66444 2.60548e+10
0 1 -1 0.0998207 0.217677 0.627673 3.06615e+10
0.5 1.5 -1 0.148119 0.230426 0.580336 3.42146e+10
1.5 -1.5 -1 0.0867644 0.144436 0.814229 1.72634e+10
1 -1 -1 0.0739974 0.159775 0.786502 1.8742e+10
1.5 -0.5 -1 0.107547 0.180624 0.731009 2.00338e+10
1 0 -1 0.0999007 0.193262 0.699549 2.25681e+10
1.5 0.5 -1 0.138871 0.211747 0.643327 2.44882e+10
1 1 -1 0.140065 0.220675 0.612589 2.86447e+10
1.5 1.5 -1 0.18587 0.236477 0.556596 3.15092e+10
2.5 -1.5 -1 0.129649 0.153706 0.772175 1.73124e+10
2 -1 -1 0.118049 0.166991 0.756081 1.83128e+10
2.5 -0.5 -1 0.151359 0.189827 0.693218 1.94818e+10
2 0 -1 0.143404 0.201577 0.671038 2.14988e+10
2.5 0.5 -1 0.181138 0.223091 0.606957 2.30611e+10
2 1 -1 0.179972 0.230682 0.583012 2.65775e+10
2.5 1.5 -1 0.22256 0.251375 0.517751 2.86967e+10
-2.25 -1.25 -0.75 -0.153224 0.19655 0.763243 5.2822e+09
-2.25 -0.25 -0.75 -0.155979 0.248483 0.686254 6.28403e+09
-2.25 0.75 -0.75 -0.141617 0.312075 0.604144 7.78517e+09
-1.25 -1.25 -0.75 -0.114218 0.177118 0.795409 4.8808e+09
-1.75 -0.75 -0.75 -0.137199 0.211315 0.741485 5.51371e+09
-1.25 -0.25 -0.75 -0.119508 0.226196 0.710806 5.86314e+09
-1.75 0.25 -0.75 -0.134455 0.267003 0.657406 6.74207e+09
-1.25 0.75 -0.75 -0.111484 0.284889 0.621873 7.36082e+09
-1.75 1.25 -0.75 -0.112517 0.334626 0.569864 8.60571e+09
-0.25 -1.25 -0.75 -0.0741538 0.156801 0.810733 4.5927e+09
-0.75 -0.75 -0.75 -0.0988012 0.18981 0.762618 5.14999e+09
-0.25 -0.25 -0.75 -0.0819616 0.202116 0.722464 5.50646e+09
-0.75 0.25 -0.75 -0.10042 0.240514 0.673219 6.33057e+09
-0.25 0.75 -0.75 -0.0807705 0.25331 0.630837 6.90997e+09
-0.75 1.25 -0.75 -0.088302 0.30101 0.58155 8.13553e+09
0.75 -1.25 -0.75 -0.0321783 0.137224 0.807356 4.39763e+09
0.25 -0.75 -0.75 -0.0584801 0.168374 0.767902 4.86979e+09
0.75 -0.25 -0.75 -0.041792 0.179146 0.719539 5.20575e+09
0.25 0.25 -0.75 -0.0643083 0.213202 0.677237 5.94339e+09
0.75 0.75 -0.75 -0.0460716 0.222639 0.628509 6.44748e+09
0.25 1.25 -0.75 -0.0607156 0.264307 0.584895 7.58588e+09
1.75 -1.25 -0.75 0.0110386 0.118862 0.784717 4.28943e+09
1.25 -0.75 -0.75 -0.0159384 0.14829 0.756113 4.66304e+09
1.75 -0.25 -0.75 0.00120677 0.158488 0.700817 4.96118e+09
1.25 0.25 -0.75 -0.0244088 0.188672 0.667457 5.58847e+09
1.75 0.75 -0.75 -0.00670756 0.196835 0.612591 5.9981e+09
1.25 1.25 -0.75 -0.027908 0.230137 0.577062 6.9941e+09
2.25 -0.75 -0.75 0.0276735 0.129736 0.72689 4.53002e+09
2.25 0.25 -0.75 0.0189907 0.167708 0.642575 5.27482e+09
2.25 1.25 -0.75 0.0100351 0.203918 0.55524 6.39834e+09
-2.5 -1 -0.5 -0.069398 0.15117 0.748551 2.08966e+10
-2.5 0 -0.5 -0.0400298 0.190943 0.678183 2.4701e+10
-2.5 1 -0.5 0.011058 0.227521 0.607033 3.02202e+10
-2 -1.5 -0.5 -0.0571356 0.134153 0.801151 1.86558e+10
-1.5 -1 -0.5 -0.0257043 0.156542 0.778608 1.94199e+10
-2 -0.5 -0.5 -0.0348246 0.173778 0.727943 2.18778e+10
-1.5 0 -0.5 0.00450896 0.194415 0.698696 2.33807e+10
-2 0.5 -0.5 0.00449825 0.211301 0.651636 2.66437e+10
-1.5 1 -0.5 0.0543585 0.228037 0.618956 2.93145e+10
-2 1.5 -0.5 0.0681582 0.242645 0.577343 3.36553e+10
-1 -1.5 -0.5 -0.0135524 0.139416 0.827949 1.73906e+10
-0.5 -1 -0.5 0.0188458 0.161365 0.793331 1.8292e+10
-1 -0.5 -0.5 0.00964577 0.177702 0.746598 2.05792e+10
-0.5 0 -0.5 0.0489089 0.197087 0.707137 2.21367e+10
-1 0.5 -0.5 0.0484599 0.212436 0.662703 2.54234e+10
-0.5 1 -0.5 0.0962212 0.227203 0.621839 2.80079e+10
-1 1.5 -0.5 0.108119 0.240433 0.581865 3.27235e+10
0 -1.5 -0.5 0.0311547 0.144943 0.836349 1.6514e+10
0.5 -1 -0.5 0.0641801 0.16738 0.79063 1.74531e+10
0 -0.5 -0.5 0.0545206 0.182315 0.750522 1.94895e+10
0.5 0 -0.5 0.0932219 0.201835 0.701674 2.0965e+10
0 0.5 -0.5 0.0916425 0.214167 0.662253 2.40828e+10
0.5 1 -0.5 0.137511 0.229549 0.613032 2.63864e+10
0 1.5 -0.5 0.147325 0.239675 0.57683 3.1111e+10
1 -1.5 -0.5 0.0766699 0.151774 0.824548 1.5978e+10
1.5 -1 -0.5 0.109985 0.175246 0.769408 1.68909e+10
1 -0.5 -0.5 0.0998299 0.189135 0.738281 1.85945e+10
1.5 0 -0.5 0.137833 0.210377 0.680935 1.9901e+10
1 0.5 -0.5 0.134643 0.220262 0.648174 2.26831e+10
1.5 1 -0.5 0.1783 0.238575 0.590378 2.45626e+10
1 1.5 -0.5 0.18608 0.244627 0.559485 2.89355e+10
2 -1.5 -0.5 0.121982 0.161021 0.79206 1.57892e+10
2.5 -1 -0.5 0.154925 0.186157 0.729382 1.66411e+10
2 -0.5 -0.5 0.14537 0.19853 0.708967 1.79183e+10
2.5 0 -0.5 0.182512 0.221888 0.644156 1.90017e+10
2 0.5 -0.5 0.17776 0.231741 0.619257 2.13069e+10
2.5 1 -0.5 0.219038 0.254037 0.552993 2.26915e+10
2 1.5 -0.5 0.223536 0.257922 0.527748 2.64473e+10
-2.25 -0.75 -0.25 -0.193668 0.251758 0.713857 5.13256e+09
-2.25 0.25 -0.25 -0.191746 0.312744 0.630459 6.1434e+09
-2.25 1.25 -0.25 -0.166275 0.386888 0.541393 7.60025e+09
-1.75 -1.25 -0.25 -0.169456 0.213153 0.772253 4.5619e+09
-1.25 -0.75 -0.25 -0.157062 0.225134 0.74509 4.76924e+09
-1.75 -0.25 -0.25 -0.17792 0.267369 0.687993 5.40142e+09
-1.25 0.25 -0.25 -0.160694 0.283093 0.654054 5.77418e+09
-1.75 0.75 -0.25 -0.16925 0.33338 0.59745 6.63092e+09
-1.25 1.25 -0.25 -0.146253 0.352813 0.558138 7.24619e+09
-0.75 -1.25 -0.25 -0.130826 0.185555 0.799623 4.25463e+09
-0.25 -0.75 -0.25 -0.118781 0.195692 0.762135 4.47553e+09
-0.75 -0.25 -0.25 -0.143126 0.237311 0.709554 5.05479e+09
-0.25 0.25 -0.25 -0.128265 0.24873 0.667769 5.41015e+09
-0.75 0.75 -0.25 -0.142794 0.297804 0.613983 6.24231e+09
-0.25 1.25 -0.25 -0.12543 0.310307 0.569558 6.78608e+09
0.25 -1.25 -0.25 -0.0897904 0.156712 0.809546 4.02797e+09
0.75 -0.75 -0.25 -0.0772303 0.165811 0.76308 4.24078e+09
0.25 -0.25 -0.25 -0.105488 0.205428 0.718042 4.74804e+09
0.75 0.25 -0.25 -0.0916998 0.213907 0.669467 5.05861e+09
0.25 0.75 -0.25 -0.11333 0.258383 0.621699 5.81937e+09
0.75 1.25 -0.25 -0.0981003 0.265891 0.572344 6.25428e+09
1.25 -1.25 -0.25 -0.0456203 0.127699 0.80046 3.8729e+09
1.75 -0.75 -0.25 -0.0323091 0.136151 0.746802 4.06239e+09
1.25 -0.25 -0.25 -0.063707 0.174235 0.711773 4.48067e+09
1.75 0.25 -0.25 -0.0495 0.181593 0.657095 4.72984e+09
1.25 0.75 -0.25 -0.0776647 0.220757 0.617678 5.38532e+09
1.75 1.25 -0.25 -0.0635219 0.225936 0.563085 5.6944e+09
2.25 -1.25 -0.25 0.000497841 0.0997938 0.771915 3.79062e+09
2.25 -0.25 -0.25 -0.0180018 0.143764 0.689612 4.25503e+09
2.25 0.75 -0.25 -0.0345299 0.187948 0.599565 4.96246e+09
-2.5 -1.5 0 -0.0755849 0.133057 0.778037 1.65966e+10
-2.5 -0.5 0 -0.0508276 0.175075 0.70882 1.90444e+10
-2.5 0.5 0 -0.00869036 0.214149 0.635813 2.24623e+10
-2.5 1.5 0 0.0588983 0.246269 0.563382 2.70837e+10
-1.5 -1.5 0 -0.0302183 0.141547 0.813282 1.54259e+10
-2 -1 0 -0.0420314 0.158465 0.761112 1.71163e+10
-1.5 -0.5 0 -0.00439298 0.182098 0.734053 1.79887e+10
-2 0 0 -0.00907812 0.19848 0.684018 2.01507e+10
-1.5 0.5 0 0.0379331 0.218996 0.651402 2.17143e+10
-2 1 0 0.0444669 0.233457 0.605915 2.44308e+10
-1.5 1.5 0 0.102243 0.247547 0.570761 2.69562e+10
-0.5 -1.5 0 0.0162326 0.149109 0.831455 1.45742e+10
-1 -1 0 0.00432288 0.165654 0.784004 1.6111e+10
-0.5 -0.5 0 0.0424491 0.188531 0.745496 1.70637e+10
-1 0 0 0.0376259 0.203727 0.698501 1.92111e+10
-0.5 0.5 0 0.0835185 0.222411 0.656609 2.07606e+10
-1 1 0 0.0893168 0.235576 0.613015 2.37119e+10
-0.5 1.5 0 0.143504 0.247861 0.570451 2.60823e+10
0.5 -1.5 0 0.0636116 0.157447 0.829977 1.3992e+10
0 -1 0 0.051442 0.173271 0.790251 1.53229e+10
0.5 -0.5 0 0.0894404 0.196297 0.741407 1.62537e+10
0 0 0 0.0838808 0.209399 0.699999 1.82596e+10
0.5 0.5 0 0.128065 0.227849 0.649428 1.96557e+10
0 1 0 0.132363 0.237753 0.610132 2.25908e+10
0.5 1.5 0 0.183572 0.251206 0.559387 2.46151e+10
1.5 -1.5 0 0.111185 0.167288 0.807669 1.36692e+10
1 -1 0 0.0990556 0.182188 0.778351 1.47319e+10
1.5 -0.5 0 0.136675 0.206119 0.720678 1.55705e+10
1 0 0 0.129878 0.217849 0.686966 1.73251e+10
1.5 0.5 0 0.172321 0.238648 0.627912 1.8474e+10
1 1 0 0.17454 0.244857 0.594462 2.11791e+10
1.5 1.5 0 0.222574 0.262355 0.534644 2.26852e+10
2.5 -1.5 0 0.157306 0.180318 0.764713 1.36312e+10
2 -1 0 0.146403 0.193063 0.747512 1.43506e+10
2.5 -0.5 0 0.183204 0.218507 0.682444 1.5053e+10
2 0 0 0.176122 0.229615 0.658232 1.64529e+10
2.5 0.5 0 0.216886 0.253399 0.591287 1.72993e+10
2 1 0 0.216089 0.260085 0.56414 1.95973e+10
2.5 1.5 0 0.260269 0.282923 0.49515 2.05142e+10
-2.25 -1.25 0.25 -0.219597 0.252773 0.742707 4.04816e+09
-2.25 -0.25 0.25 -0.228743 0.310604 0.660126 4.70245e+09
-2.25 0.75 0.25 -0.217742 0.380871 0.570086 5.60561e+09
-1.25 -1.25 0.25 -0.181818 0.221514 0.780758 3.75297e+09
-1.75 -0.75 0.25 -0.2085 0.265396 0.721013 4.19104e+09
-1.25 -0.25 0.25 -0.196238 0.2786 0.69012 4.39867e+09
-1.75 0.25 0.25 -0.212 0.328545 0.629918 4.97054e+09
-1.25 0.75 0.25 -0.194254 0.345974 0.592163 5.31097e+09
-1.75 1.25 0.25 -0.193462 0.403363 0.532158 6.04025e+09
-0.25 -1.25 0.25 -0.142563 0.186329 0.803294 3.52136e+09
-0.75 -0.75 0.25 -0.172462 0.231386 0.748704 3.91365e+09
-0.25 -0.25 0.25 -0.161559 0.241265 0.708913 4.11663e+09
-0.75 0.25 0.25 -0.182811 0.291499 0.651718 4.66196e+09
-0.25 0.75 0.25 -0.169592 0.302594 0.607897 4.96401e+09
-0.75 1.25 0.25 -0.177388 0.360964 0.548878 5.70326e+09
0.75 -1.25 0.25 -0.0991883 0.149112 0.807871 3.34546e+09
0.25 -0.75 0.25 -0.133166 0.194507 0.761812 3.67854e+09
0.75 -0.25 0.25 -0.122567 0.202118 0.714456 3.85653e+09
0.25 0.25 0.25 -0.15018 0.249874 0.663584 4.34785e+09
0.75 0.75 0.25 -0.139092 0.255976 0.614583 4.58542e+09
0.25 1.25 0.25 -0.157306 0.310349 0.560459 5.27602e+09
1.75 -1.25 0.25 -0.0514461 0.111182 0.79296 3.22338e+09
1.25 -0.75 0.25 -0.0889355 0.156072 0.758587 3.48362e+09
1.75 -0.25 0.25 -0.0777067 0.162225 0.705087 3.62184e+09
1.25 0.25 0.25 -0.111563 0.208338 0.663139 4.03773e+09
1.75 0.75 0.25 -0.100243 0.212887 0.608795 4.19663e+09
1.25 1.25 0.25 -0.128066 0.259246 0.562696 4.79511e+09
2.25 -0.75 0.25 -0.0403076 0.117253 0.73767 3.33091e+09
2.25 0.25 0.25 -0.0656096 0.167053 0.648524 3.73969e+09
2.25 1.25 0.25 -0.0878198 0.215501 0.551596 4.29746e+09
-2.5 -1 0.5 -0.0610322 0.15769 0.739773 1.42112e+10
-2.5 0 0.5 -0.0256122 0.199595 0.666642 1.62387e+10
-2.5 1 0.5 0.0300194 0.234912 0.591743 1.88349e+10
-2 -1.5 0.5 -0.0494874 0.141385 0.793898 1.29467e+10
-1.5 -1 0.5 -0.0127949 0.167865 0.770357 1.34066e+10
-2 -0.5 0.5 -0.0211707 0.184071 0.717991 1.47859e+10
-1.5 0 0.5 0.0232707 0.207889 0.686868 1.56429e+10
-2 0.5 0.5 0.0236945 0.222324 0.637982 1.72927e+10
-1.5 1 0.5 0.078193 0.241057 0.602289 1.86607e+10
-2 1.5 0.5 0.0906951 0.251081 0.558784 2.04582e+10
-1 -1.5 0.5 -0.00123021 0.15134 0.821457 1.22019e+10
-0.5 -1 0.5 0.0362353 0.177223 0.78541 1.27433e+10
-1 -0.5 0.5 0.0277268 0.192708 0.736711 1.40899e+10
-0.5 0 0.5 0.072046 0.215454 0.694869 1.49723e+10
-1 0.5 0.5 0.0722475 0.228725 0.648166 1.67528e+10
-0.5 1 0.5 0.124469 0.245216 0.604246 1.80477e+10
-1 1.5 0.5 0.135918 0.254372 0.561979 2.02441e+10
0 -1.5 0.5 0.0480911 0.161341 0.830303 1.16522e+10
0.5 -1 0.5 0.0858586 0.1876 0.782759 1.2206e+10
0 -0.5 0.5 0.0768132 0.201834 0.740523 1.34404e+10
0.5 0 0.5 0.120002 0.22425 0.68917 1.42484e+10
0 0.5 0.5 0.119359 0.234895 0.6472 1.60001e+10
0.5 1 0.5 0.168675 0.250732 0.595283 1.70987e+10
0 1.5 0.5 0.178209 0.257188 0.556521 1.94325e+10
1 -1.5 0.5 0.0979074 0.172409 0.818485 1.12858e+10
1.5 -1 0.5 0.135442 0.199255 0.761352 1.17998e+10
1 -0.5 0.5 0.125899 0.212571 0.728192 1.28439e+10
1.5 0 0.5 0.167855 0.23604 0.668427 1.35084e+10
1 0.5 0.5 0.165164 0.244191 0.633061 1.51038e+10
1.5 1 0.5 0.211728 0.263252 0.572412 1.59127e+10
1 1.5 0.5 0.219462 0.264834 0.539081 1.81527e+10
2 -1.5 0.5 0.146942 0.185422 0.785444 1.11102e+10
2.5 -1 0.5 0.183531 0.213503 0.720637 1.15432e+10
2 -0.5 0.5 0.174734 0.22513 0.698686 1.23247e+10
2.5 0 0.5 0.215364 0.250562 0.631379 1.2799e+10
2 0.5 0.5 0.211211 0.259156 0.60401 1.41243e+10
2.5 1 0.5 0.255042 0.283229 0.534694 1.45889e+10
2 1.5 0.5 0.258537 0.283769 0.506546 1.65279e+10
-2.25 -0.75 0.75 -0.25452 0.306738 0.691669 3.5002e+09
-2.25 0.25 0.75 -0.256052 0.372603 0.602549 4.0416e+09
-2.25 1.25 0.75 -0.233372 0.447937 0.506587 4.70877e+09
-1.75 -1.25 0.75 -0.227874 0.261106 0.755094 3.15946e+09
-1.25 -0.75 0.75 -0.219856 0.271798 0.728462 3.26418e+09
-1.75 -0.25 0.75 -0.242352 0.32188 0.665456 3.63503e+09
-1.25 0.25 0.75 -0.229242 0.336874 0.630713 3.80878e+09
-1.75 0.75 0.75 -0.237593 0.392429 0.567759 4.25948e+09
-1.25 1.25 0.75 -0.218991 0.41013 0.526031 4.50316e+09
-0.75 -1.25 0.75 -0.190224 0.222768 0.788989 2.94708e+09
-0.25 -0.75 0.75 -0.183369 0.230917 0.752738 3.05211e+09
-0.75 -0.25 0.75 -0.210397 0.282748 0.69317 3.40039e+09
-0.25 0.25 0.75 -0.199893 0.292559 0.65106 3.55547e+09
-0.75 0.75 0.75 -0.215848 0.350172 0.589194 4.00618e+09
-0.25 1.25 0.75 -0.204735 0.359023 0.543471 4.19953e+09
0.25 -1.25 0.75 -0.148779 0.1801 0.806717 2.77373e+09
0.75 -0.75 0.75 -0.141371 0.186484 0.762086 2.86506e+09
0.25 -0.25 0.75 -0.174773 0.238705 0.709417 3.17183e+09
0.75 0.25 0.75 -0.165854 0.244401 0.661329 3.28979e+09
0.25 0.75 0.75 -0.190302 0.299015 0.604564 3.7079e+09
0.75 1.25 0.75 -0.181434 0.300298 0.555387 3.82828e+09
1.25 -1.25 0.75 -0.101488 0.134634 0.805823 2.638e+09
1.75 -0.75 0.75 -0.092679 0.139454 0.754534 2.7046e+09
1.25 -0.25 0.75 -0.132549 0.191899 0.712286 2.95397e+09
1.75 0.25 0.75 -0.123091 0.195632 0.658932 3.02221e+09
1.25 0.75 0.75 -0.156983 0.247068 0.610028 3.38295e+09
1.75 1.25 0.75 -0.147736 0.246285 0.55611 3.4188e+09
2.25 -1.25 0.75 -0.0490976 0.0890431 0.784572 2.54104e+09
2.25 -0.25 0.75 -0.082779 0.142993 0.699555 2.75239e+09
2.25 0.75 0.75 -0.112874 0.196949 0.602789 3.04562e+09
-2.5 -1.5 1 -0.0709959 0.138153 0.770241 1.02999e+10
-2.5 -0.5 1 -0.0403219 0.182909 0.69882 1.14411e+10
-2.5 0.5 1 0.00644927 0.221957 0.62301 1.28423e+10
-2.5 1.5 1 0.0727623 0.249093 0.5478 1.42871e+10
-1.5 -1.5 1 -0.0208679 0.151382 0.806489 9.7174e+09
-2 -1 1 -0.032144 0.167519 0.752661 1.05612e+10
-1.5 -0.5 1 0.0106225 0.194353 0.724429 1.09922e+10
-2 0 1 0.00622947 0.208883 0.672683 1.1962e+10
-1.5 0.5 1 0.0572621 0.231317 0.637981 1.26615e+10
-2 1 1 0.0621921 0.241886 0.591045 1.36457e+10
-1.5 1.5 1 0.122719 0.257205 0.55309 1.45605e+10
-0.5 -1.5 1 0.0303784 0.163262 0.82545 9.25664e+09
-1 -1 1 0.0188311 0.17902 0.776203 1.00649e+10
-0.5 -0.5 1 0.0619514 0.205048 0.73601 1.0535e+10
-1 0 1 0.0574347 0.218795 0.686941 1.15734e+10
-0.5 0.5 1 0.10792 0.240171 0.642309 1.22546e+10
-1 1 1 0.11256 0.249844 0.596723 1.34708e+10
-0.5 1.5 1 0.169117 0.261776 0.551952 1.42718e+10
0.5 -1.5 1 0.0824554 0.175873 0.824267 8.91343e+09
0 -1 1 0.0705727 0.190892 0.782757 9.63257e+09
0.5 -0.5 1 0.113329 0.21715 0.731763 1.00775e+10
0 0 1 0.108142 0.228905 0.688068 1.10903e+10
0.5 0.5 1 0.156284 0.249042 0.634917 1.16618e+10
0 1 1 0.160259 0.256417 0.593258 1.2947e+10
0.5 1.5 1 0.213163 0.267935 0.540839 1.35558e+10
1.5 -1.5 1 0.134272 0.189827 0.80164 8.68982e+09
1 -1 1 0.122524 0.204131 0.77072 9.27091e+09
1.5 -0.5 1 0.164329 0.230849 0.710813 9.63886e+09
1 0 1 0.157944 0.241058 0.67489 1.05375e+10
1.5 0.5 1 0.203906 0.262564 0.613528 1.09434e+10
1 1 1 0.205482 0.26539 0.577855 1.21713e+10
1.5 1.5 1 0.255158 0.280607 0.516585 1.24994e+10
2.5 -1.5 1 0.183944 0.206631 0.757686 8.59786e+09
2 -1 1 0.17346 0.218717 0.739385 8.99053e+09
2.5 -0.5 1 0.213977 0.246455 0.671986 9.23922e+09
2 0 1 0.207639 0.256002 0.646038 9.95515e+09
2.5 0.5 1 0.251813 0.281018 0.576656 1.01477e+10
2 1 1 0.250535 0.283937 0.547558 1.12008e+10
2.5 1.5 1 0.296152 0.306856 0.476759 1.11949e+10
-2.25 -1.25 1.25 -0.270299 0.300725 0.723985 2.53901e+09
-2.25 -0.25 1.25 -0.282962 0.363274 0.637247 2.85077e+09
-2.25 0.75 1.25 -0.274852 0.433559 0.543075 3.21515e+09
-1.25 -1.25 1.25 -0.233012 0.262727 0.767513 2.36391e+09
-1.75 -0.75 1.25 -0.261803 0.313237 0.702696 2.59783e+09
-1.25 -0.25 1.25 -0.252754 0.325924 0.672165 2.67718e+09
-1.75 0.25 1.25 -0.26916 0.380406 0.60669 2.94981e+09
-1.25 0.75 1.25 -0.2546 0.395843 0.568283 3.05687e+09
-1.75 1.25 1.25 -0.254605 0.4525 0.504491 3.33756e+09
-0.25 -1.25 1.25 -0.193665 0.217446 0.797253 2.21124e+09
-0.75 -0.75 1.25 -0.2277 0.271546 0.73668 2.42529e+09
-0.25 -0.25 1.25 -0.220543 0.280189 0.697791 2.49494e+09
-0.75 0.25 1.25 -0.242244 0.337567 0.633721 2.7664e+09
-0.25 0.75 1.25 -0.23183 0.345337 0.589792 2.84751e+09
-0.75 1.25 1.25 -0.241774 0.405917 0.524783 3.15099e+09
0.75 -1.25 1.25 -0.148238 0.167314 0.81003 2.08198e+09
0.25 -0.75 1.25 -0.188687 0.223804 0.75767 2.26379e+09
0.75 -0.25 1.25 -0.181834 0.229234 0.711785 2.31181e+09
0.25 0.25 1.25 -0.212069 0.286357 0.652987 2.55978e+09
0.75 0.75 1.25 -0.204624 0.287419 0.604837 2.59943e+09
0.25 1.25 1.25 -0.224217 0.346348 0.543211 2.89336e+09
1.75 -1.25 1.25 -0.0959357 0.114251 0.803179 1.97641e+09
1.25 -0.75 1.25 -0.141989 0.171657 0.763152 2.11617e+09
1.75 -0.25 1.25 -0.133819 0.174465 0.711662 2.13327e+09
1.25 0.25 1.25 -0.174058 0.231721 0.661754 2.34043e+09
1.75 0.75 1.25 -0.165405 0.230774 0.608673 2.32978e+09
1.25 1.25 1.25 -0.196718 0.282293 0.554492 2.58879e+09
2.25 -0.75 1.25 -0.087461 0.117046 0.750377 1.98524e+09
2.25 0.25 1.25 -0.124392 0.174846 0.656881 2.11844e+09
2.25 1.25 1.25 -0.155391 0.224562 0.553397 2.25644e+09
-2.5 -1 1.5 -0.0535555 0.163654 0.731447 7.8742e+09
-2.5 0 1.5 -0.0131097 0.206194 0.656434 8.58227e+09
-2.5 1 1.5 0.0429832 0.237935 0.580092 9.2549e+09
-2 -1.5 1.5 -0.0424272 0.148592 0.786933 7.36659e+09
-1.5 -1 1.5 -0.000503527 0.178381 0.762814 7.55539e+09
-2 -0.5 1.5 -0.00860016 0.192936 0.709001 8.10092e+09
-1.5 0 1.5 0.0400965 0.21853 0.676771 8.42713e+09
-2 0.5 1.5 0.0391573 0.229504 0.626771 8.94716e+09
-1.5 1 1.5 0.0955671 0.249172 0.589342 9.37504e+09
-2 1.5 1.5 0.103198 0.254361 0.545811 9.67679e+09
-1 -1.5 1.5 0.0107721 0.162997 0.815474 7.02415e+09
-0.5 -1 1.5 0.0532609 0.191794 0.778454 7.24904e+09
-1 -0.5 1.5 0.044854 0.205581 0.728136 7.83012e+09
-0.5 0 1.5 0.0937577 0.230521 0.684491 8.16571e+09
-1 0.5 1.5 0.0927986 0.241351 0.636114 8.81889e+09
-0.5 1 1.5 0.148202 0.259458 0.589971 9.19797e+09
-1 1.5 1.5 0.155234 0.262985 0.547458 9.76121e+09
0 -1.5 1.5 0.0649489 0.177277 0.824898 6.74629e+09
0.5 -1 1.5 0.1077 0.206677 0.7758 6.96894e+09
0 -0.5 1.5 0.0987776 0.218958 0.731925 7.52424e+09
0.5 0 1.5 0.146468 0.24364 0.678355 7.80945e+09
0 0.5 1.5 0.145098 0.251991 0.634485 8.50618e+09
0.5 1 1.5 0.196932 0.267814 0.580819 8.76404e+09
0 1.5 1.5 0.202831 0.269918 0.541389 9.45821e+09
1 -1.5 1.5 0.119525 0.192692 0.812998 6.53342e+09
1.5 -1 1.5 0.161556 0.222893 0.753839 6.7216e+09
1 -0.5 1.5 0.152366 0.234508 0.719112 7.20009e+09
1.5 0 1.5 0.198179 0.259803 0.657144 7.38992e+09
1 0.5 1.5 0.195041 0.264591 0.620153 8.03863e+09
1.5 1 1.5 0.244137 0.281966 0.558357 8.14359e+09
1 1.5 1.5 0.24875 0.279114 0.524267 8.86727e+09
2 -1.5 1.5 0.172668 0.210091 0.779128 6.39143e+09
2.5 -1 1.5 0.212911 0.241195 0.712081 6.5178e+09
2 -0.5 1.5 0.204732 0.25125 0.688955 6.87525e+09
2.5 0 1.5 0.249132 0.277755 0.619505 6.93578e+09
2 0.5 1.5 0.244973 0.282778 0.590973 7.47535e+09
2.5 1 1.5 0.29184 0.30592 0.520571 7.38148e+09
2 1.5 1.5 0.293031 0.298818 0.492781 8.02957e+09
