449
-2.5 -1 -1.5 -0.796813 -0.0934903 0.226029 2.10162e+11
-2.5 0 -1.5 -0.814713 -0.102273 0.284196 3.61114e+11
-2.5 1 -1.5 -0.810169 -0.129663 0.338339 4.9611e+11
-2 -1.5 -1.5 -0.772152 -0.0483298 0.22362 1.43716e+11
-1.5 -1 -1.5 -0.767641 -0.00604616 0.278189 1.77064e+11
-2 -0.5 -1.5 -0.79374 -0.052442 0.28645 2.60614e+11
-1.5 0 -1.5 -0.779551 -0.0177476 0.347065 2.98945e+11
-2 0.5 -1.5 -0.802446 -0.0705515 0.348747 4.12586e+11
-1.5 1 -1.5 -0.781438 -0.0494633 0.409767 4.32198e+11
-2 1.5 -1.5 -0.78763 -0.114351 0.398732 4.92146e+11
-1 -1.5 -1.5 -0.741175 0.0369326 0.261148 1.16769e+11
-0.5 -1 -1.5 -0.724767 0.0757294 0.311385 1.33378e+11
-1 -0.5 -1.5 -0.751978 0.0309724 0.333831 2.02781e+11
-0.5 0 -1.5 -0.726018 0.059881 0.389668 2.15293e+11
-1 0.5 -1.5 -0.755523 0.00773331 0.406416 3.16144e+11
-0.5 1 -1.5 -0.725162 0.0217521 0.462712 3.12137e+11
-1 1.5 -1.5 -0.75522 -0.0414416 0.465384 4.22337e+11
0 -1.5 -1.5 -0.700624 0.114776 0.282077 8.65353e+10
0.5 -1 -1.5 -0.674103 0.148233 0.328729 9.22656e+10
0 -0.5 -1.5 -0.697958 0.107429 0.362753 1.41923e+11
0.5 0 -1.5 -0.663783 0.129702 0.41377 1.41716e+11
0 0.5 -1.5 -0.693063 0.0784552 0.444063 2.1392e+11
0.5 1 -1.5 -0.658083 0.085114 0.493478 1.99609e+11
0 1.5 -1.5 -0.694939 0.0223932 0.51168 2.88829e+11
1 -1.5 -1.5 -0.654624 0.181687 0.289896 5.9534e+10
1.5 -1 -1.5 -0.621925 0.208033 0.333153 5.99994e+10
1 -0.5 -1.5 -0.640229 0.173082 0.375863 9.25851e+10
1.5 0 -1.5 -0.602032 0.187966 0.421012 8.77133e+10
1 0.5 -1.5 -0.626158 0.1411 0.461467 1.33236e+11
1.5 1 -1.5 -0.58177 0.142176 0.504725 1.16911e+11
1 1.5 -1.5 -0.617732 0.0802781 0.536466 1.72434e+11
2 -1.5 -1.5 -0.607608 0.235501 0.287511 3.86552e+10
2.5 -1 -1.5 -0.571393 0.253941 0.327278 3.7095e+10
2 -0.5 -1.5 -0.584411 0.225132 0.375554 5.72349e+10
2.5 0 -1.5 -0.539999 0.233051 0.416323 5.15778e+10
2 0.5 -1.5 -0.556768 0.193227 0.463252 7.80763e+10
2.5 1 -1.5 -0.502887 0.188349 0.502989 6.59549e+10
2 1.5 -1.5 -0.528126 0.132292 0.544092 9.67367e+10
-2.25 -0.75 -1.25 -0.818948 -0.162099 0.209425 6.70025e+10
-2.25 0.25 -1.25 -0.830374 -0.151569 0.280993 1.09143e+11
-2.25 1.25 -1.25 -0.81559 -0.153573 0.353725 1.37781e+11
-1.75 -1.25 -1.25 -0.795293 -0.120713 0.197111 4.60725e+10
-1.25 -0.75 -1.25 -0.788313 -0.0665713 0.25373 5.51259e+10
-1.75 -0.25 -1.25 -0.812839 -0.108982 0.27345 8.04395e+10
-1.25 0.25 -1.25 -0.795584 -0.062848 0.337985 8.94852e+10
-1.75 0.75 -1.25 -0.814035 -0.107971 0.351195 1.2017e+11
-1.25 1.25 -1.25 -0.785162 -0.0728239 0.420033 1.20221e+11
-0.75 -1.25 -1.25 -0.761608 -0.0252526 0.224113 3.64529e+10
-0.25 -0.75 -1.25 -0.743173 0.0236828 0.275629 4.04948e+10
-0.75 -0.25 -1.25 -0.770292 -0.0186845 0.311849 6.1364e+10
-0.25 0.25 -1.25 -0.741098 0.0204649 0.371415 6.34455e+10
-0.75 0.75 -1.25 -0.766521 -0.0255366 0.402764 9.17182e+10
-0.25 1.25 -1.25 -0.734314 0.000529472 0.464519 8.95735e+10
0.25 -1.25 -1.25 -0.717281 0.0620702 0.233075 2.63196e+10
0.75 -0.75 -1.25 -0.688922 0.103032 0.281347 2.73602e+10
0.25 -0.25 -1.25 -0.714168 0.0640672 0.329393 4.20013e+10
0.75 0.25 -1.25 -0.67996 0.0931924 0.382684 4.12417e+10
0.25 0.75 -1.25 -0.70751 0.0483266 0.429317 6.21806e+10
0.75 1.25 -1.25 -0.670916 0.0640871 0.481828 5.73917e+10
1.25 -1.25 -1.25 -0.666223 0.135874 0.230153 1.76901e+10
1.75 -0.75 -1.25 -0.632818 0.166557 0.275153 1.74582e+10
1.25 -0.25 -1.25 -0.654864 0.133204 0.330268 2.69301e+10
1.75 0.25 -1.25 -0.615287 0.152646 0.37736 2.50373e+10
1.25 0.75 -1.25 -0.641292 0.111365 0.432474 3.8193e+10
1.75 1.25 -1.25 -0.589647 0.118848 0.479548 3.27724e+10
2.25 -1.25 -1.25 -0.613433 0.193368 0.219045 1.12642e+10
2.25 -0.25 -1.25 -0.593277 0.18678 0.319833 1.63082e+10
2.25 0.75 -1.25 -0.563825 0.161546 0.423313 2.17965e+10
-2.5 -1.5 -1 -0.857648 0.146216 0.184397 1.33369e+11
-2.5 -0.5 -1 -0.86523 0.114066 0.252613 2.4208e+11
-2.5 0.5 -1 -0.858022 0.0761183 0.323794 3.77604e+11
-2.5 1.5 -1 -0.82829 0.0236715 0.388719 4.54853e+11
-1.5 -1.5 -1 -0.840613 0.22124 0.2258 1.26596e+11
-2 -1 -1 -0.853002 0.171424 0.243455 1.79007e+11
-1.5 -0.5 -1 -0.836384 0.199987 0.304768 2.2127e+11
-2 0 -1 -0.848503 0.141307 0.319375 2.99588e+11
-1.5 0.5 -1 -0.820832 0.166935 0.385609 3.36872e+11
-2 1 -1 -0.829883 0.0974794 0.39256 4.1633e+11
-1.5 1.5 -1 -0.78964 0.11169 0.456442 4.115e+11
-0.5 -1.5 -1 -0.814175 0.292774 0.250931 1.06119e+11
-1 -1 -1 -0.824566 0.250681 0.281278 1.5571e+11
-0.5 -0.5 -1 -0.798145 0.280619 0.338486 1.76461e+11
-1 0 -1 -0.808972 0.228251 0.366947 2.50456e+11
-0.5 0.5 -1 -0.771329 0.253297 0.429118 2.59693e+11
-1 1 -1 -0.781924 0.188956 0.450239 3.43396e+11
-0.5 1.5 -1 -0.742893 0.196092 0.508324 3.2891e+11
0.5 -1.5 -1 -0.782447 0.357812 0.262305 7.99e+10
0 -1 -1 -0.789353 0.32357 0.302829 1.20086e+11
0.5 -0.5 -1 -0.75635 0.351574 0.356324 1.26205e+11
0 0 -1 -0.762525 0.307533 0.396649 1.84646e+11
0.5 0.5 -1 -0.724434 0.324883 0.452373 1.81441e+11
0 1 -1 -0.732211 0.266519 0.487183 2.52874e+11
0.5 1.5 -1 -0.693567 0.270465 0.53746 2.29202e+11
1.5 -1.5 -1 -0.749451 0.413337 0.262959 5.51759e+10
1 -1 -1 -0.752271 0.386349 0.311081 8.41336e+10
1.5 -0.5 -1 -0.718983 0.408012 0.35971 8.33787e+10
1 0 -1 -0.720449 0.371524 0.408629 1.24665e+11
1.5 0.5 -1 -0.682861 0.384413 0.457125 1.15464e+11
1 1 -1 -0.685635 0.334251 0.502466 1.66708e+11
1.5 1.5 -1 -0.637969 0.342121 0.548107 1.40504e+11
2.5 -1.5 -1 -0.719087 0.457475 0.255033 3.56134e+10
2 -1 -1 -0.718829 0.436116 0.308012 5.48051e+10
2.5 -0.5 -1 -0.685627 0.452915 0.352156 5.13152e+10
2 0 -1 -0.683423 0.423219 0.406086 7.76804e+10
2.5 0.5 -1 -0.641919 0.434562 0.450802 6.77368e+10
2 1 -1 -0.638012 0.394464 0.502702 9.92384e+10
2.5 1.5 -1 -0.591714 0.395975 0.545562 8.13743e+10
-2.25 -1.25 -0.75 -0.735194 -0.359872 0.216492 2.1267e+10
-2.25 -0.25 -0.75 -0.757811 -0.34715 0.265412 3.64942e+10
-2.25 0.75 -0.75 -0.764801 -0.335917 0.300078 5.25652e+10
-1.25 -1.25 -0.75 -0.705962 -0.263075 0.259476 1.73004e+10
-1.75 -0.75 -0.75 -0.734758 -0.305903 0.270301 2.57651e+10
-1.25 -0.25 -0.75 -0.724832 -0.255475 0.322827 2.91498e+10
-1.75 0.25 -0.75 -0.752291 -0.29735 0.321349 4.135e+10
-1.25 0.75 -0.75 -0.738849 -0.250758 0.373678 4.35548e+10
-1.75 1.25 -0.75 -0.755578 -0.283794 0.351547 5.47254e+10
-0.25 -1.25 -0.75 -0.660762 -0.165572 0.279463 1.27742e+10
-0.75 -0.75 -0.75 -0.692515 -0.210977 0.307285 1.94966e+10
-0.25 -0.25 -0.75 -0.668341 -0.165887 0.355175 2.05113e+10
-0.75 0.25 -0.75 -0.705387 -0.210858 0.373841 3.0697e+10
-0.25 0.75 -0.75 -0.678276 -0.178882 0.42319 3.05118e+10
-0.75 1.25 -0.75 -0.716241 -0.218154 0.423134 4.30029e+10
0.75 -1.25 -0.75 -0.603217 -0.0748207 0.283574 8.76275e+09
0.25 -0.75 -0.75 -0.633562 -0.118884 0.323473 1.34501e+10
0.75 -0.25 -0.75 -0.597886 -0.0837832 0.367871 1.33922e+10
0.25 0.25 -0.75 -0.636106 -0.133093 0.402388 2.03776e+10
0.75 0.75 -0.75 -0.601011 -0.108724 0.444196 1.92555e+10
0.25 1.25 -0.75 -0.64993 -0.151083 0.464834 2.89028e+10
1.75 -1.25 -0.75 -0.539338 0.00226462 0.277392 5.70466e+09
1.25 -0.75 -0.75 -0.565854 -0.0376177 0.325075 8.75679e+09
1.75 -0.25 -0.75 -0.522747 -0.0104022 0.36529 8.31945e+09
1.25 0.25 -0.75 -0.557657 -0.0582469 0.409074 1.26734e+10
1.75 0.75 -0.75 -0.507644 -0.0398658 0.447376 1.12574e+10
1.25 1.25 -0.75 -0.558096 -0.0879472 0.480969 1.70198e+10
2.25 -0.75 -0.75 -0.495014 0.0308529 0.316366 5.44505e+09
2.25 0.25 -0.75 -0.469568 0.00813451 0.404336 7.45938e+09
2.25 1.25 -0.75 -0.446841 -0.0387146 0.485315 9.51781e+09
-2.5 -1 -0.5 -0.857815 0.0223556 0.224436 9.49477e+10
-2.5 0 -0.5 -0.857262 -0.0115856 0.279425 1.57729e+11
-2.5 1 -0.5 -0.840516 -0.0488305 0.326072 2.2306e+11
-2 -1.5 -0.5 -0.848684 0.083466 0.22247 6.97091e+10
-1.5 -1 -0.5 -0.839105 0.116677 0.278722 8.87523e+10
-2 -0.5 -0.5 -0.849581 0.0550537 0.284952 1.21597e+11
-1.5 0 -0.5 -0.83029 0.0881903 0.345001 1.42579e+11
-2 0.5 -0.5 -0.839477 0.0207092 0.341368 1.84368e+11
-1.5 1 -0.5 -0.811594 0.0507655 0.399177 1.96673e+11
-2 1.5 -0.5 -0.812576 -0.0225512 0.384453 2.42039e+11
-1 -1.5 -0.5 -0.828266 0.170645 0.262471 6.22859e+10
-0.5 -1 -0.5 -0.807483 0.205982 0.315348 7.28305e+10
-1 -0.5 -0.5 -0.81863 0.151033 0.335667 1.04008e+11
-0.5 0 -0.5 -0.787747 0.183922 0.392292 1.1189e+11
-1 0.5 -0.5 -0.80052 0.11972 0.403099 1.5262e+11
-0.5 1 -0.5 -0.763983 0.140739 0.457408 1.507e+11
-1 1.5 -0.5 -0.775311 0.0661868 0.451004 1.91961e+11
0 -1.5 -0.5 -0.797694 0.251926 0.286724 4.95484e+10
0.5 -1 -0.5 -0.768122 0.28652 0.336478 5.36055e+10
0 -0.5 -0.5 -0.776787 0.239952 0.368968 7.86449e+10
0.5 0 -0.5 -0.739973 0.266841 0.421544 7.91986e+10
0 0.5 -0.5 -0.750438 0.208417 0.446746 1.11731e+11
0.5 1 -0.5 -0.712913 0.224117 0.494469 1.05208e+11
0 1.5 -0.5 -0.72827 0.152861 0.502697 1.4097e+11
1 -1.5 -0.5 -0.761358 0.324076 0.297825 3.5762e+10
1.5 -1 -0.5 -0.728004 0.353537 0.344019 3.63273e+10
1 -0.5 -0.5 -0.732789 0.314983 0.386068 5.42706e+10
1.5 0 -0.5 -0.695353 0.335838 0.432531 5.17435e+10
1 0.5 -0.5 -0.7019 0.2854 0.469334 7.50979e+10
1.5 1 -0.5 -0.658721 0.300734 0.512057 6.62959e+10
1 1.5 -0.5 -0.670942 0.23737 0.535493 9.23094e+10
2 -1.5 -0.5 -0.724686 0.383844 0.297982 2.39253e+10
2.5 -1 -0.5 -0.690537 0.407603 0.340195 2.30005e+10
2 -0.5 -0.5 -0.692002 0.376093 0.388483 3.47897e+10
2.5 0 -0.5 -0.651486 0.393783 0.430757 3.12932e+10
2 0.5 -0.5 -0.652995 0.352503 0.47546 4.61202e+10
2.5 1 -0.5 -0.60568 0.362157 0.51615 3.86855e+10
2 1.5 -0.5 -0.610081 0.307577 0.551534 5.46044e+10
-2.25 -0.75 -0.25 -0.698244 -0.438859 0.289757 1.69683e+10
-2.25 0.25 -0.25 -0.708979 -0.436958 0.296895 2.58008e+10
-2.25 1.25 -0.25 -0.721781 -0.413459 0.278241 3.48905e+10
-1.75 -1.25 -0.25 -0.68056 -0.388132 0.307205 1.1919e+10
-1.25 -0.75 -0.25 -0.668805 -0.335971 0.35387 1.36299e+10
-1.75 -0.25 -0.25 -0.693063 -0.388345 0.337545 1.94872e+10
-1.25 0.25 -0.25 -0.68283 -0.339023 0.378274 2.10133e+10
-1.75 0.75 -0.25 -0.71089 -0.382143 0.33476 2.81931e+10
-1.25 1.25 -0.25 -0.699449 -0.332397 0.368504 2.82914e+10
-0.75 -1.25 -0.25 -0.644467 -0.282169 0.350215 9.18873e+09
-0.25 -0.75 -0.25 -0.617807 -0.231355 0.391673 9.82305e+09
-0.75 -0.25 -0.25 -0.648713 -0.287371 0.396015 1.45974e+10
-0.25 0.25 -0.25 -0.618399 -0.249131 0.434744 1.46614e+10
-0.75 0.75 -0.25 -0.662538 -0.298674 0.414329 2.11307e+10
-0.25 1.25 -0.25 -0.649828 -0.256322 0.439856 2.08505e+10
0.25 -1.25 -0.25 -0.592241 -0.177011 0.371129 6.51721e+09
0.75 -0.75 -0.25 -0.550827 -0.133302 0.409891 6.58802e+09
0.25 -0.25 -0.25 -0.580448 -0.190906 0.431194 9.88772e+09
0.75 0.25 -0.25 -0.540673 -0.160706 0.464321 9.51643e+09
0.25 0.75 -0.25 -0.590099 -0.218048 0.464219 1.41867e+10
0.75 1.25 -0.25 -0.563844 -0.187772 0.486199 1.31286e+10
1.25 -1.25 -0.25 -0.528244 -0.0818474 0.376927 4.35871e+09
1.75 -0.75 -0.25 -0.478396 -0.0460861 0.412365 4.2199e+09
1.25 -0.25 -0.25 -0.50432 -0.100471 0.444861 6.35105e+09
1.75 0.25 -0.25 -0.452066 -0.0745339 0.475764 5.80894e+09
1.25 0.75 -0.25 -0.498032 -0.134753 0.491155 8.68916e+09
1.75 1.25 -0.25 -0.43905 -0.124003 0.518558 7.43103e+09
2.25 -1.25 -0.25 -0.459509 -0.000180445 0.37166 2.78848e+09
2.25 -0.25 -0.25 -0.421514 -0.0187201 0.445669 3.8844e+09
2.25 0.75 -0.25 -0.386946 -0.0615403 0.506887 5.03017e+09
-2.5 -1.5 0 -0.848802 -0.0687524 0.212935 3.81473e+10
-2.5 -0.5 0 -0.850732 -0.102599 0.252795 6.50389e+10
-2.5 0.5 0 -0.843939 -0.13054 0.281135 9.86501e+10
-2.5 1.5 0 -0.823181 -0.147947 0.308065 1.44813e+11
-1.5 -1.5 0 -0.841062 0.0335687 0.270927 3.66483e+10
-2 -1 0 -0.847363 -0.0317359 0.268516 4.99853e+10
-1.5 -0.5 0 -0.835001 0.00829418 0.323552 6.03352e+10
-2 0 0 -0.8422 -0.0617286 0.308891 7.88824e+10
-1.5 0.5 0 -0.824742 -0.0207281 0.360858 8.83124e+10
-2 1 0 -0.831339 -0.0870433 0.334777 1.13817e+11
-1.5 1.5 0 -0.79884 -0.04976 0.385597 1.16729e+11
-0.5 -1.5 0 -0.817132 0.131652 0.311903 3.10545e+10
-1 -1 0 -0.826047 0.0738275 0.323819 4.40846e+10
-0.5 -0.5 0 -0.800722 0.114373 0.375837 4.88702e+10
-1 0 0 -0.81274 0.0486071 0.376132 6.69431e+10
-0.5 0.5 0 -0.780073 0.0844055 0.426104 6.79588e+10
-1 1 0 -0.794616 0.0155118 0.409587 8.96488e+10
-0.5 1.5 0 -0.765953 0.0409698 0.451249 8.96138e+10
0.5 -1.5 0 -0.781927 0.222 0.337431 2.36226e+10
0 -1 0 -0.790419 0.172639 0.361827 3.4456e+10
0.5 -0.5 0 -0.755186 0.209328 0.411065 3.5506e+10
0 0 0 -0.766102 0.150433 0.426281 4.99984e+10
0.5 0.5 0 -0.729464 0.177472 0.470967 4.83162e+10
0 1 0 -0.747156 0.110154 0.468662 6.58875e+10
0.5 1.5 0 -0.714374 0.132907 0.50477 6.17008e+10
1.5 -1.5 0 -0.741306 0.300304 0.349599 1.64827e+10
1 -1 0 -0.747169 0.259256 0.384285 2.44668e+10
1.5 -0.5 0 -0.708679 0.289226 0.428566 2.38613e+10
1 0 0 -0.716853 0.237889 0.456268 3.44579e+10
1.5 0.5 0 -0.67555 0.261695 0.496092 3.14654e+10
1 1 0 -0.69115 0.20053 0.508929 4.41884e+10
1.5 1.5 0 -0.642425 0.217512 0.543324 3.70052e+10
2.5 -1.5 0 -0.700592 0.365258 0.350126 1.07388e+10
2 -1 0 -0.70365 0.331392 0.392122 1.6145e+10
2.5 -0.5 0 -0.662279 0.35677 0.432155 1.49092e+10
2 0 0 -0.666638 0.313837 0.468984 2.18961e+10
2.5 0.5 0 -0.618732 0.332729 0.506978 1.88449e+10
2 1 0 -0.626681 0.27996 0.532862 2.66986e+10
2.5 1.5 0 -0.576517 0.289899 0.565327 2.17489e+10
-2.25 -1.25 0.25 -0.66122 -0.483611 0.332774 8.03506e+09
-2.25 -0.25 0.25 -0.663544 -0.497739 0.327576 1.2371e+10
-2.25 0.75 0.25 -0.675332 -0.501288 0.284703 1.73187e+10
-1.25 -1.25 0.25 -0.641611 -0.366991 0.403344 6.54632e+09
-1.75 -0.75 0.25 -0.653807 -0.43267 0.37906 9.25583e+09
-1.25 -0.25 0.25 -0.640754 -0.38199 0.417333 1.00287e+10
-1.75 0.25 0.25 -0.664038 -0.446085 0.361965 1.35942e+10
-1.25 0.75 0.25 -0.657268 -0.394189 0.387881 1.38954e+10
-1.75 1.25 0.25 -0.677785 -0.440712 0.311996 1.79102e+10
-0.25 -1.25 0.25 -0.60349 -0.246382 0.44624 4.84891e+09
-0.75 -0.75 0.25 -0.619213 -0.31315 0.443863 7.0675e+09
-0.25 -0.25 0.25 -0.585428 -0.266107 0.479497 7.15536e+09
-0.75 0.25 0.25 -0.618186 -0.336239 0.448321 1.01398e+10
-0.25 0.75 0.25 -0.597577 -0.298997 0.468514 1.00005e+10
-0.75 1.25 0.25 -0.657572 -0.349365 0.407249 1.44099e+10
0.75 -1.25 0.25 -0.548993 -0.131534 0.468621 3.35361e+09
0.25 -0.75 0.25 -0.563175 -0.195353 0.483828 4.93686e+09
0.75 -0.25 0.25 -0.515942 -0.155802 0.515644 4.79811e+09
0.25 0.25 0.25 -0.54816 -0.230088 0.506324 6.95205e+09
0.75 0.75 0.25 -0.514138 -0.201194 0.523492 6.51707e+09
0.25 1.25 0.25 -0.585931 -0.268329 0.481483 9.74091e+09
1.75 -1.25 0.25 -0.48536 -0.0298457 0.475239 2.21369e+09
1.25 -0.75 0.25 -0.496711 -0.0876449 0.502776 3.27675e+09
1.75 -0.25 0.25 -0.439037 -0.0534094 0.532135 3.05765e+09
1.25 0.25 0.25 -0.466584 -0.124968 0.539984 4.46236e+09
1.75 0.75 0.25 -0.403043 -0.103853 0.563675 3.90786e+09
1.25 1.25 0.25 -0.461666 -0.18178 0.540979 5.66113e+09
2.25 -0.75 0.25 -0.424012 0.00756169 0.507302 2.07952e+09
2.25 0.25 0.25 -0.370247 -0.0294969 0.560678 2.7116e+09
2.25 1.25 0.25 -0.339723 -0.0963424 0.580902 3.34515e+09
-2.5 -1 0.5 -0.839407 -0.190427 0.238926 2.75853e+10
-2.5 0 0.5 -0.837319 -0.219588 0.252425 4.28293e+10
-2.5 1 0.5 -0.831245 -0.226778 0.263077 6.45842e+10
-2 -1.5 0.5 -0.842784 -0.114296 0.263023 2.14192e+10
-1.5 -1 0.5 -0.837154 -0.069672 0.314571 2.63867e+10
-2 -0.5 0.5 -0.839487 -0.14444 0.29093 3.42462e+10
-1.5 0 0.5 -0.830521 -0.0949808 0.339725 3.94136e+10
-2 0.5 0.5 -0.83586 -0.16548 0.303141 5.07637e+10
-1.5 1 0.5 -0.818739 -0.106423 0.351555 5.44286e+10
-2 1.5 0.5 -0.810865 -0.159781 0.319601 7.01303e+10
-1 -1.5 0.5 -0.832879 -0.000539143 0.322886 1.94991e+10
-0.5 -1 0.5 -0.813162 0.0463698 0.37192 2.21364e+10
-1 -0.5 0.5 -0.821825 -0.0221986 0.363841 3.00315e+10
-0.5 0 0.5 -0.795641 0.0257639 0.410545 3.13495e+10
-1 0.5 0.5 -0.809437 -0.0428632 0.385533 4.13695e+10
-0.5 1 0.5 -0.783832 0.000257058 0.426339 4.19422e+10
-1 1.5 0.5 -0.79443 -0.060433 0.396475 5.7258e+10
0 -1.5 0.5 -0.805553 0.107431 0.36575 1.57796e+10
0.5 -1 0.5 -0.773567 0.152891 0.412454 1.66266e+10
0 -0.5 0.5 -0.783229 0.0924817 0.419337 2.31955e+10
0.5 0 0.5 -0.747907 0.13175 0.462276 2.28502e+10
0 0.5 0.5 -0.764708 0.0661013 0.451723 3.09913e+10
0.5 1 0.5 -0.734237 0.100202 0.485945 2.96853e+10
0 1.5 0.5 -0.75914 0.0359331 0.461851 4.19399e+10
1 -1.5 0.5 -0.766334 0.205124 0.393303 1.15763e+10
1.5 -1 0.5 -0.727702 0.244641 0.436098 1.15153e+10
1 -0.5 0.5 -0.735792 0.192085 0.455989 1.6449e+10
1.5 0 0.5 -0.695056 0.225311 0.49421 1.53836e+10
1 0.5 0.5 -0.711099 0.165049 0.498499 2.14282e+10
1.5 1 0.5 -0.664793 0.195516 0.531357 1.85908e+10
1 1.5 0.5 -0.689751 0.132135 0.517387 2.58573e+10
2 -1.5 0.5 -0.722497 0.28889 0.406544 7.87327e+09
2.5 -1 0.5 -0.679998 0.322769 0.445241 7.43395e+09
2 -0.5 0.5 -0.685305 0.278133 0.475084 1.08116e+10
2.5 0 0.5 -0.637369 0.306439 0.511279 9.54365e+09
2 0.5 0.5 -0.647352 0.25438 0.529107 1.34403e+10
2.5 1 0.5 -0.5967 0.27567 0.56 1.11965e+10
2 1.5 0.5 -0.616798 0.217534 0.558923 1.55045e+10
-2.25 -0.75 0.75 -0.634985 -0.522257 0.367819 5.99931e+09
-2.25 0.25 0.75 -0.639899 -0.546478 0.319929 8.42632e+09
-2.25 1.25 0.75 -0.637462 -0.540243 0.250162 1.07377e+10
-1.75 -1.25 0.75 -0.635881 -0.444272 0.421911 4.51551e+09
-1.25 -0.75 0.75 -0.623277 -0.38888 0.461822 4.9071e+09
-1.75 -0.25 0.75 -0.634017 -0.470063 0.404957 6.57389e+09
-1.25 0.25 0.75 -0.628127 -0.415887 0.432999 6.75114e+09
-1.75 0.75 0.75 -0.650221 -0.486386 0.346748 8.85845e+09
-1.25 1.25 0.75 -0.651257 -0.436071 0.368534 9.37722e+09
-0.75 -1.25 0.75 -0.616693 -0.309971 0.489312 3.52924e+09
-0.25 -0.75 0.75 -0.58613 -0.252157 0.525362 3.61066e+09
-0.75 -0.25 0.75 -0.602395 -0.334748 0.494485 4.99916e+09
-0.25 0.25 0.75 -0.575237 -0.290109 0.519129 4.90792e+09
-0.75 0.75 0.75 -0.618204 -0.371174 0.453705 6.83746e+09
-0.25 1.25 0.75 -0.610775 -0.338186 0.465506 6.95524e+09
0.25 -1.25 0.75 -0.579103 -0.17683 0.53057 2.54649e+09
0.75 -0.75 0.75 -0.532614 -0.123978 0.563911 2.5021e+09
0.25 -0.25 0.75 -0.546583 -0.20386 0.555353 3.52655e+09
0.75 0.25 0.75 -0.505102 -0.166865 0.576579 3.3297e+09
0.25 0.75 0.75 -0.550978 -0.257214 0.533981 4.74307e+09
0.75 1.25 0.75 -0.510747 -0.229468 0.547126 4.22514e+09
1.25 -1.25 0.75 -0.527609 -0.055764 0.552011 1.7438e+09
1.75 -0.75 0.75 -0.469881 -0.00968043 0.582907 1.65477e+09
1.25 -0.25 0.75 -0.480433 -0.0820506 0.591176 2.35947e+09
1.75 0.25 0.75 -0.417101 -0.0491533 0.61628 2.11324e+09
1.25 0.75 0.75 -0.450525 -0.137101 0.595568 2.95476e+09
1.75 1.25 0.75 -0.393764 -0.125178 0.608347 2.58099e+09
2.25 -1.25 0.75 -0.466982 0.0495362 0.559096 1.14321e+09
2.25 -0.25 0.75 -0.402426 0.0262226 0.61223 1.50021e+09
2.25 0.75 0.75 -0.348166 -0.0318574 0.63727 1.83921e+09
-2.5 -1.5 1 -0.823012 -0.268526 0.230969 1.22183e+10
-2.5 -0.5 1 -0.821378 -0.304153 0.233855 1.89861e+10
-2.5 0.5 1 -0.822704 -0.314022 0.232022 2.83383e+10
-2.5 1.5 1 -0.803645 -0.280269 0.253369 4.03002e+10
-1.5 -1.5 1 -0.83539 -0.142125 0.31015 1.20212e+10
-2 -1 1 -0.830977 -0.221602 0.279988 1.53986e+10
-1.5 -0.5 1 -0.830756 -0.167122 0.327069 1.8051e+10
-2 0 1 -0.830693 -0.244213 0.283046 2.28026e+10
-1.5 0.5 1 -0.827938 -0.174885 0.33032 2.51744e+10
-2 1 1 -0.825678 -0.234587 0.28723 3.21319e+10
-1.5 1.5 1 -0.80953 -0.15802 0.341488 3.49095e+10
-0.5 -1.5 1 -0.823613 -0.0186642 0.371547 1.04227e+10
-1 -1 1 -0.827578 -0.0902213 0.357306 1.39529e+10
-0.5 -0.5 1 -0.809747 -0.0342535 0.402082 1.49453e+10
-1 0 1 -0.820152 -0.106025 0.371516 1.94909e+10
-0.5 0.5 1 -0.800321 -0.0466289 0.412948 1.99428e+10
-1 1 1 -0.812723 -0.10744 0.376056 2.65392e+10
-0.5 1.5 1 -0.792487 -0.0516813 0.416758 2.77729e+10
0.5 -1.5 1 -0.793106 0.097135 0.416232 8.10297e+09
0 -1 1 -0.800414 0.0346083 0.416819 1.11779e+10
0.5 -0.5 1 -0.769253 0.0850085 0.458947 1.12234e+10
0 0 1 -0.783738 0.0193982 0.443191 1.50346e+10
0.5 0.5 1 -0.754938 0.0663206 0.478003 1.45748e+10
0 1 1 -0.777651 0.00373624 0.448687 2.00005e+10
0.5 1.5 1 -0.73877 0.0529324 0.482119 1.81768e+10
1.5 -1.5 1 -0.751394 0.199889 0.444897 5.7889e+09
1 -1 1 -0.758613 0.145924 0.458652 8.17365e+09
1.5 -0.5 1 -0.719456 0.189207 0.496586 7.7974e+09
1 0 1 -0.7343 0.129596 0.495344 1.07172e+10
1.5 0.5 1 -0.691644 0.171682 0.52792 9.57461e+09
1 1 1 -0.715504 0.112244 0.509631 1.30983e+10
1.5 1.5 1 -0.672248 0.149558 0.536708 1.13961e+10
2.5 -1.5 1 -0.704657 0.288567 0.459122 3.85707e+09
2 -1 1 -0.710037 0.242536 0.483327 5.54729e+09
2.5 -0.5 1 -0.663275 0.280165 0.518803 5.01504e+09
2 0 1 -0.674066 0.228504 0.530904 6.99256e+09
2.5 0.5 1 -0.624122 0.261263 0.561764 5.96045e+09
2 1 1 -0.644448 0.206889 0.556249 8.16511e+09
2.5 1.5 1 -0.591812 0.232122 0.583141 6.70419e+09
-2.25 -1.25 1.25 -0.618908 -0.52354 0.401935 2.98381e+09
-2.25 -0.25 1.25 -0.616914 -0.558433 0.359938 4.15032e+09
-2.25 0.75 1.25 -0.62009 -0.577977 0.288987 5.30829e+09
-1.25 -1.25 1.25 -0.621855 -0.378595 0.494459 2.47973e+09
-1.75 -0.75 1.25 -0.62038 -0.467749 0.442093 3.27001e+09
-1.25 -0.25 1.25 -0.618414 -0.407242 0.47557 3.37222e+09
-1.75 0.25 1.25 -0.629312 -0.497636 0.39368 4.34674e+09
-1.25 0.75 1.25 -0.632535 -0.442318 0.422028 4.49597e+09
-1.75 1.25 1.25 -0.634141 -0.516958 0.321379 5.73114e+09
-0.25 -1.25 1.25 -0.605154 -0.230112 0.555219 1.8811e+09
-0.75 -0.75 1.25 -0.608046 -0.315261 0.529238 2.55143e+09
-0.25 -0.25 1.25 -0.585732 -0.257089 0.559116 2.51448e+09
-0.75 0.25 1.25 -0.608851 -0.352214 0.503731 3.37612e+09
-0.25 0.75 1.25 -0.590774 -0.311659 0.525831 3.32894e+09
-0.75 1.25 1.25 -0.622893 -0.403141 0.443324 4.61082e+09
0.75 -1.25 1.25 -0.571295 -0.091481 0.5921 1.34514e+09
0.25 -0.75 1.25 -0.573681 -0.168293 0.587091 1.85754e+09
0.75 -0.25 1.25 -0.534355 -0.116919 0.614583 1.76744e+09
0.25 0.25 1.25 -0.556623 -0.21108 0.583595 2.41225e+09
0.75 0.75 1.25 -0.515668 -0.170575 0.603679 2.18105e+09
0.25 1.25 1.25 -0.559923 -0.273344 0.540182 3.03667e+09
1.75 -1.25 1.25 -0.524152 0.0302429 0.611667 9.18135e+08
1.25 -0.75 1.25 -0.525123 -0.0362715 0.622169 1.28627e+09
1.75 -0.25 1.25 -0.468601 0.00976896 0.650361 1.17641e+09
1.25 0.25 1.25 -0.483992 -0.0732915 0.639108 1.60036e+09
1.75 0.75 1.25 -0.424318 -0.0471675 0.660848 1.41343e+09
1.25 1.25 1.25 -0.466952 -0.153705 0.619401 1.95669e+09
2.25 -0.75 1.25 -0.464194 0.0781163 0.642221 8.49619e+08
2.25 0.25 1.25 -0.402838 0.0410396 0.676953 1.04254e+09
2.25 1.25 1.25 -0.351401 -0.0373453 0.683096 1.21373e+09
-2.5 -1 1.5 -0.796915 -0.377025 0.218984 8.72776e+09
-2.5 0 1.5 -0.800221 -0.397676 0.207671 1.27611e+10
-2.5 1 1.5 -0.803535 -0.369909 0.216617 1.78789e+10
-2 -1.5 1.5 -0.815717 -0.289159 0.270327 7.19215e+09
-1.5 -1 1.5 -0.82401 -0.234383 0.315636 8.55164e+09
-2 -0.5 1.5 -0.816121 -0.317652 0.266502 1.05785e+10
-1.5 0 1.5 -0.826392 -0.244693 0.313788 1.1892e+10
-2 0.5 1.5 -0.821368 -0.313996 0.263281 1.47097e+10
-1.5 1 1.5 -0.825841 -0.224693 0.318369 1.61503e+10
-2 1.5 1.5 -0.811645 -0.270891 0.282873 2.06142e+10
-1 -1.5 1.5 -0.827576 -0.153893 0.350344 6.70601e+09
-0.5 -1 1.5 -0.818837 -0.094067 0.393598 7.3445e+09
-1 -0.5 1.5 -0.823962 -0.169483 0.35941 9.43579e+09
-0.5 0 1.5 -0.81403 -0.100385 0.401383 9.80166e+09
-1 0.5 1.5 -0.824326 -0.166274 0.360411 1.2651e+10
-0.5 1 1.5 -0.809778 -0.0926448 0.405179 1.30088e+10
-1 1.5 1.5 -0.811051 -0.141958 0.372454 1.71501e+10
0 -1.5 1.5 -0.813719 -0.0227487 0.412665 5.55674e+09
0.5 -1 1.5 -0.789686 0.0353109 0.453723 5.69625e+09
0 -0.5 1.5 -0.801147 -0.0317389 0.434417 7.53662e+09
0.5 0 1.5 -0.776595 0.0274862 0.471242 7.37764e+09
0 0.5 1.5 -0.79556 -0.0350864 0.44025 9.79735e+09
0.5 1 1.5 -0.76493 0.0297132 0.475236 9.13083e+09
0 1.5 1.5 -0.778102 -0.0209954 0.445004 1.2358e+10
1 -1.5 1.5 -0.781099 0.0975955 0.458036 4.19298e+09
1.5 -1 1.5 -0.745997 0.14986 0.495847 4.0775e+09
1 -0.5 1.5 -0.759108 0.0902809 0.490888 5.5312e+09
1.5 0 1.5 -0.721335 0.142904 0.524145 5.06459e+09
1 0.5 1.5 -0.743171 0.0856396 0.504133 6.79227e+09
1.5 1 1.5 -0.702485 0.136633 0.533534 5.98501e+09
1 1.5 1.5 -0.725958 0.0822921 0.506305 8.20542e+09
2 -1.5 1.5 -0.737366 0.203902 0.487177 2.93407e+09
2.5 -1 1.5 -0.693604 0.250129 0.522307 2.71379e+09
2 -0.5 1.5 -0.704526 0.198588 0.53024 3.74463e+09
2.5 0 1.5 -0.657403 0.241874 0.561707 3.26779e+09
2 0.5 1.5 -0.677199 0.19001 0.554042 4.41413e+09
2.5 1 1.5 -0.625564 0.229449 0.58286 3.68306e+09
2 1.5 1.5 -0.649881 0.179525 0.562895 5.00562e+09
