449
-2.5 -1 -1.5 0.829788 0.163378 0.0643708 6.93907e+10
-2.5 0 -1.5 0.808195 0.110415 0.0322808 3.69563e+10
-2.5 1 -1.5 0.778551 0.0577199 -0.000461865 1.86679e+10
-2 -1.5 -1.5 0.810653 0.233336 0.0288775 7.75475e+10
-1.5 -1 -1.5 0.769546 0.248799 -0.0365602 4.76251e+10
-2 -0.5 -1.5 0.79514 0.179299 0.0016548 4.33378e+10
-1.5 0 -1.5 0.751566 0.190503 -0.058966 2.63746e+10
-2 0.5 -1.5 0.770075 0.122499 -0.0253103 2.2844e+10
-1.5 1 -1.5 0.726218 0.132585 -0.0817069 1.3948e+10
-2 1.5 -1.5 0.739117 0.0686675 -0.0537358 1.15557e+10
-1 -1.5 -1.5 0.728194 0.314405 -0.077672 4.88837e+10
-0.5 -1 -1.5 0.668753 0.321942 -0.141048 2.87839e+10
-1 -0.5 -1.5 0.718963 0.258643 -0.0992311 2.8521e+10
-0.5 0 -1.5 0.662716 0.265709 -0.159332 1.69501e+10
-1 0.5 -1.5 0.702227 0.199383 -0.117778 1.58873e+10
-0.5 1 -1.5 0.650541 0.20841 -0.175022 9.55908e+09
-1 1.5 -1.5 0.679586 0.142903 -0.137207 8.48422e+09
0 -1.5 -1.5 0.600585 0.374266 -0.176174 2.72265e+10
0.5 -1 -1.5 0.524804 0.373834 -0.233406 1.5729e+10
0 -0.5 -1.5 0.603839 0.326226 -0.200834 1.68753e+10
0.5 0 -1.5 0.538472 0.330898 -0.257305 9.95624e+09
0 0.5 -1.5 0.604863 0.272912 -0.217066 1.00951e+10
0.5 1 -1.5 0.548789 0.281779 -0.272482 6.04957e+09
0 1.5 -1.5 0.599438 0.219037 -0.230762 5.76891e+09
1 -1.5 -1.5 0.429786 0.40054 -0.245906 1.38377e+10
1.5 -1 -1.5 0.344643 0.394417 -0.292147 8.01514e+09
1 -0.5 -1.5 0.45024 0.374611 -0.286281 9.19388e+09
1.5 0 -1.5 0.381845 0.37854 -0.335113 5.45479e+09
1 0.5 -1.5 0.47668 0.337621 -0.310569 5.93319e+09
1.5 1 -1.5 0.420749 0.346279 -0.360664 3.57085e+09
1 1.5 -1.5 0.496592 0.292484 -0.325535 3.6499e+09
2 -1.5 -1.5 0.236226 0.3823 -0.264879 6.71184e+09
2.5 -1 -1.5 0.151815 0.375096 -0.296316 3.9594e+09
2 -0.5 -1.5 0.268817 0.394103 -0.333858 4.74027e+09
2.5 0 -1.5 0.205187 0.398154 -0.37149 2.85445e+09
2 0.5 -1.5 0.322115 0.385041 -0.38011 3.28087e+09
2.5 1 -1.5 0.2714 0.392753 -0.421502 1.99476e+09
2 1.5 -1.5 0.371351 0.356088 -0.407651 2.16657e+09
-2.25 -0.75 -1.25 0.637281 0.664818 0.0139912 1.20395e+10
-2.25 0.25 -1.25 0.649301 0.641729 0.0100808 6.96053e+09
-2.25 1.25 -1.25 0.646094 0.624001 -0.00436117 3.65861e+09
-1.75 -1.25 -1.25 0.576201 0.717245 -0.0590298 1.30781e+10
-1.25 -0.75 -1.25 0.548278 0.735957 -0.121357 9.04866e+09
-1.75 -0.25 -1.25 0.614562 0.686816 -0.0504805 8.31842e+09
-1.25 0.25 -1.25 0.591628 0.700975 -0.11403 5.57616e+09
-1.75 0.75 -1.25 0.63038 0.660052 -0.0535656 4.69058e+09
-1.25 1.25 -1.25 0.611471 0.671837 -0.115802 3.09911e+09
-0.75 -1.25 -1.25 0.440414 0.783011 -0.195418 8.86857e+09
-0.25 -0.75 -1.25 0.409268 0.791071 -0.250493 5.9724e+09
-0.75 -0.25 -1.25 0.521103 0.746302 -0.182136 6.06226e+09
-0.25 0.25 -1.25 0.495068 0.75049 -0.240238 3.97481e+09
-0.75 0.75 -1.25 0.569043 0.708831 -0.17551 3.66216e+09
-0.25 1.25 -1.25 0.546738 0.711902 -0.234426 2.37253e+09
0.25 -1.25 -1.25 0.249988 0.823047 -0.306351 5.34037e+09
0.75 -0.75 -1.25 0.220127 0.825065 -0.349088 3.54563e+09
0.25 -0.25 -1.25 0.380751 0.792754 -0.302225 3.93076e+09
0.75 0.25 -1.25 0.354136 0.790244 -0.350633 2.5485e+09
0.25 0.75 -1.25 0.469892 0.750272 -0.295308 2.56956e+09
0.75 1.25 -1.25 0.445031 0.746874 -0.347355 1.64567e+09
1.25 -1.25 -1.25 0.0146998 0.828914 -0.364173 2.94416e+09
1.75 -0.75 -1.25 -0.00857203 0.83068 -0.392333 1.94725e+09
1.25 -0.25 -1.25 0.194114 0.82262 -0.388174 2.31679e+09
1.75 0.25 -1.25 0.170234 0.817191 -0.424388 1.4979e+09
1.25 0.75 -1.25 0.328505 0.784833 -0.395966 1.63607e+09
1.75 1.25 -1.25 0.303172 0.777273 -0.438455 1.04321e+09
2.25 -1.25 -1.25 -0.235927 0.792331 -0.349578 1.5456e+09
2.25 -0.25 -1.25 -0.0277593 0.828802 -0.417913 1.27373e+09
2.25 0.75 -1.25 0.147323 0.809557 -0.45818 9.61314e+08
-2.5 -1.5 -1 0.796171 0.318619 0.060002 4.73453e+10
-2.5 -0.5 -1 0.79253 0.270478 0.0459878 2.72164e+10
-2.5 0.5 -1 0.780047 0.215917 0.0260868 1.46243e+10
-2.5 1.5 -1 0.76105 0.16306 0.00108467 7.46638e+09
-1.5 -1.5 -1 0.709835 0.411873 -0.0544713 3.18539e+10
-2 -1 -1 0.760011 0.344528 -0.000661296 3.0384e+10
-1.5 -0.5 -1 0.716148 0.363956 -0.0595009 1.88369e+10
-2 0 -1 0.755885 0.290008 -0.0114483 1.71402e+10
-1.5 0.5 -1 0.714131 0.30569 -0.0671764 1.05895e+10
-2 1 -1 0.743516 0.232407 -0.0278137 9.14888e+09
-1.5 1.5 -1 0.704132 0.247395 -0.0805316 5.66612e+09
-0.5 -1.5 -1 0.574867 0.482463 -0.16688 1.87168e+10
-1 -1 -1 0.656272 0.431211 -0.114188 1.93654e+10
-0.5 -0.5 -1 0.599001 0.445022 -0.170326 1.16355e+10
-1 0 -1 0.667702 0.378798 -0.116007 1.14875e+10
-0.5 0.5 -1 0.617988 0.391588 -0.170091 6.97375e+09
-1 1 -1 0.670127 0.319649 -0.121199 6.49165e+09
-0.5 1.5 -1 0.626358 0.333576 -0.173581 3.97366e+09
0.5 -1.5 -1 0.391059 0.515642 -0.25696 9.90416e+09
0 -1 -1 0.505455 0.494345 -0.221681 1.10353e+10
0.5 -0.5 -1 0.438826 0.504254 -0.271133 6.55662e+09
0 0 -1 0.542035 0.456547 -0.22292 6.99342e+09
0.5 0.5 -1 0.488541 0.467862 -0.27214 4.22818e+09
0 1 -1 0.569769 0.404168 -0.221799 4.24026e+09
0.5 1.5 -1 0.524782 0.417264 -0.271192 2.58796e+09
1.5 -1.5 -1 0.174746 0.496613 -0.299758 4.91412e+09
1 -1 -1 0.311285 0.521688 -0.301609 5.79766e+09
1.5 -0.5 -1 0.242573 0.530561 -0.339872 3.46498e+09
1 0 -1 0.378779 0.514563 -0.31584 3.94293e+09
1.5 0.5 -1 0.327037 0.525453 -0.356461 2.39897e+09
1 1 -1 0.440274 0.479525 -0.318222 2.57456e+09
1.5 1.5 -1 0.397643 0.491271 -0.361425 1.57746e+09
2.5 -1.5 -1 -0.0421898 0.422396 -0.277089 2.39189e+09
2 -1 -1 0.0939084 0.501642 -0.329817 2.91379e+09
2.5 -0.5 -1 0.0316618 0.512795 -0.354236 1.77257e+09
2 0 -1 0.186673 0.541498 -0.373091 2.10824e+09
2.5 0.5 -1 0.142659 0.552574 -0.402474 1.2999e+09
2 1 -1 0.283492 0.536137 -0.393634 1.47322e+09
2.5 1.5 -1 0.247019 0.545904 -0.427898 9.10652e+08
-2.25 -1.25 -0.75 0.556194 0.747734 0.00944239 8.92963e+09
-2.25 -0.25 -0.75 0.603226 0.710078 0.041836 5.84605e+09
-2.25 0.75 -0.75 0.626697 0.677025 0.0492815 3.34835e+09
-1.25 -1.25 -0.75 0.427646 0.817545 -0.147514 6.49053e+09
-1.75 -0.75 -0.75 0.537336 0.766726 -0.0461727 6.48436e+09
-1.25 -0.25 -0.75 0.519275 0.777662 -0.10249 4.50874e+09
-1.75 0.25 -0.75 0.588519 0.725968 -0.0192162 4.05927e+09
-1.25 0.75 -0.75 0.573799 0.735658 -0.0791741 2.73448e+09
-1.75 1.25 -0.75 0.615098 0.691479 -0.0122889 2.26722e+09
-0.25 -1.25 -0.75 0.241177 0.855065 -0.286473 4.13975e+09
-0.75 -0.75 -0.75 0.406909 0.82563 -0.195538 4.54066e+09
-0.25 -0.25 -0.75 0.388431 0.827462 -0.24179 3.07253e+09
-0.75 0.25 -0.75 0.501954 0.782694 -0.157526 3.03612e+09
-0.25 0.75 -0.75 0.48525 0.783422 -0.210313 1.99984e+09
-0.75 1.25 -0.75 0.559191 0.740456 -0.137023 1.80384e+09
0.75 -1.25 -0.75 0.00538475 0.85216 -0.376288 2.38751e+09
0.25 -0.75 -0.75 0.223485 0.857719 -0.32083 2.82794e+09
0.75 -0.25 -0.75 0.209085 0.855957 -0.35276 1.88575e+09
0.25 0.25 -0.75 0.371448 0.825324 -0.285861 2.03113e+09
0.75 0.75 -0.75 0.355095 0.82055 -0.327799 1.32197e+09
0.25 1.25 -0.75 0.468696 0.781079 -0.260606 1.29806e+09
1.75 -1.25 -0.75 -0.251561 0.803859 -0.391907 1.29e+09
1.25 -0.75 -0.75 -0.00379132 0.85696 -0.394513 1.61141e+09
1.75 -0.25 -0.75 -0.00978409 0.85777 -0.411571 1.06968e+09
1.25 0.25 -0.75 0.196104 0.851416 -0.383185 1.23689e+09
1.75 0.75 -0.75 0.1832 0.844921 -0.412605 8.02272e+08
1.25 1.25 -0.75 0.338568 0.813941 -0.367791 8.51554e+08
2.25 -0.75 -0.75 -0.249494 0.817351 -0.396594 8.68888e+08
2.25 0.25 -0.75 -0.0152104 0.85555 -0.42876 7.01705e+08
2.25 1.25 -0.75 0.169603 0.836927 -0.441196 5.163e+08
-2.5 -1 -0.5 0.749351 0.423261 0.035377 1.92739e+10
-2.5 0 -0.5 0.756401 0.36808 0.0370453 1.13188e+10
-2.5 1 -0.5 0.755565 0.309146 0.0269229 6.21166e+09
-2 -1.5 -0.5 0.691865 0.49573 -0.0314404 2.04572e+10
-1.5 -1 -0.5 0.641657 0.523885 -0.0870897 1.29798e+10
-2 -0.5 -0.5 0.710217 0.449513 -0.0191529 1.25193e+10
-1.5 0 -0.5 0.667895 0.469799 -0.0718898 7.93127e+09
-2 0.5 -0.5 0.720717 0.388773 -0.0159002 7.25101e+09
-1.5 1 -0.5 0.682931 0.406257 -0.0671452 4.57035e+09
-2 1.5 -0.5 0.722137 0.327692 -0.023795 3.94795e+09
-1 -1.5 -0.5 0.548332 0.579028 -0.157763 1.27322e+10
-0.5 -1 -0.5 0.48353 0.600292 -0.209727 7.7573e+09
-1 -0.5 -0.5 0.590374 0.544504 -0.139008 8.10037e+09
-0.5 0 -0.5 0.540649 0.560546 -0.187161 5.02094e+09
-1 0.5 -0.5 0.624841 0.486315 -0.122308 4.95997e+09
-0.5 1 -0.5 0.58323 0.50099 -0.170279 3.08609e+09
-1 1.5 -0.5 0.645153 0.422241 -0.116554 2.85816e+09
0 -1.5 -0.5 0.350267 0.621127 -0.269158 7.05308e+09
0.5 -1 -0.5 0.276175 0.636903 -0.311577 4.22966e+09
0 -0.5 -0.5 0.424335 0.616575 -0.254814 4.74684e+09
0.5 0 -0.5 0.372819 0.630534 -0.294199 2.92651e+09
0 0.5 -0.5 0.494664 0.574323 -0.231763 3.11078e+09
0.5 1 -0.5 0.453581 0.586942 -0.273208 1.93163e+09
0 1.5 -0.5 0.54447 0.514937 -0.215882 1.91816e+09
1 -1.5 -0.5 0.111918 0.60409 -0.337937 3.62108e+09
1.5 -1 -0.5 0.0375038 0.619162 -0.365282 2.18429e+09
1 -0.5 -0.5 0.21631 0.652181 -0.344753 2.58727e+09
1.5 0 -0.5 0.170351 0.666804 -0.371419 1.60758e+09
1 0.5 -0.5 0.329584 0.643056 -0.329137 1.81781e+09
1.5 1 -0.5 0.293882 0.654079 -0.360758 1.13576e+09
1 1.5 -0.5 0.417507 0.598677 -0.311936 1.20263e+09
2 -1.5 -0.5 -0.134892 0.518616 -0.339597 1.79474e+09
2.5 -1 -0.5 -0.198766 0.540551 -0.350214 1.10773e+09
2 -0.5 -0.5 -0.0144082 0.637869 -0.383434 1.35444e+09
2.5 0 -0.5 -0.0482797 0.656148 -0.396422 8.54962e+08
2 0.5 -0.5 0.135989 0.679644 -0.393964 1.00958e+09
2.5 1 -0.5 0.110259 0.689848 -0.414084 6.38095e+08
2 1.5 -0.5 0.264283 0.663372 -0.38993 7.12359e+08
-2.25 -0.75 -0.25 0.531337 0.775843 0.0322341 4.47359e+09
-2.25 0.25 -0.25 0.585533 0.728639 0.07645 2.89344e+09
-2.25 1.25 -0.25 0.617302 0.68869 0.0901588 1.65374e+09
-1.75 -1.25 -0.25 0.424877 0.834117 -0.092986 4.57114e+09
-1.25 -0.75 -0.25 0.410453 0.84336 -0.13601 3.34959e+09
-1.75 -0.25 -0.25 0.519675 0.788953 -0.0200354 3.26589e+09
-1.25 0.25 -0.25 0.508931 0.796089 -0.0725355 2.28675e+09
-1.75 0.75 -0.25 0.577154 0.741576 0.0178096 2.02375e+09
-1.25 1.25 -0.25 0.568589 0.749316 -0.0395514 1.3731e+09
-0.75 -1.25 -0.25 0.244436 0.87432 -0.2607 3.12148e+09
-0.25 -0.75 -0.25 0.234489 0.877694 -0.289003 2.21287e+09
-0.75 -0.25 -0.25 0.399121 0.846223 -0.177913 2.35836e+09
-0.25 0.25 -0.25 0.389006 0.845127 -0.218611 1.60693e+09
-0.75 0.75 -0.25 0.498549 0.798791 -0.123806 1.55102e+09
-0.25 1.25 -0.25 0.488171 0.798211 -0.173115 1.0286e+09
0.25 -1.25 -0.25 0.00854493 0.865639 -0.386186 1.90187e+09
0.75 -0.75 -0.25 0.00902259 0.872885 -0.395913 1.32099e+09
0.25 -0.25 -0.25 0.227993 0.876774 -0.314942 1.5208e+09
0.75 0.25 -0.25 0.22259 0.873167 -0.340085 1.02029e+09
0.25 0.75 -0.25 0.379276 0.841404 -0.257898 1.06933e+09
0.75 1.25 -0.25 0.369235 0.83589 -0.295783 7.00158e+08
1.25 -1.25 -0.25 -0.254583 0.805454 -0.436617 1.0723e+09
1.75 -0.75 -0.25 -0.241216 0.825548 -0.430547 7.36918e+08
1.25 -0.25 -0.25 0.0124948 0.876138 -0.404475 8.96819e+08
1.75 0.25 -0.25 0.0159524 0.876198 -0.414169 5.98406e+08
1.25 0.75 -0.25 0.21695 0.867727 -0.365085 6.72945e+08
1.75 1.25 -0.25 0.210236 0.860934 -0.390181 4.3863e+08
2.25 -1.25 -0.25 -0.507407 0.695912 -0.399646 5.77384e+08
2.25 -0.25 -0.25 -0.225811 0.839689 -0.425673 4.98558e+08
2.25 0.75 -0.25 0.0178888 0.873675 -0.425734 3.94284e+08
-2.5 -1.5 0 0.67815 0.559628 -0.0065072 1.31337e+10
-2.5 -0.5 0 0.702138 0.51102 0.0202738 8.33182e+09
-2.5 0.5 0 0.721858 0.446659 0.0339379 5.03635e+09
-2.5 1.5 0 0.732699 0.383228 0.0310983 2.82588e+09
-1.5 -1.5 0 0.52698 0.65553 -0.144514 8.64645e+09
-2 -1 0 0.627861 0.593296 -0.0589162 8.68986e+09
-1.5 -0.5 0 0.580417 0.617465 -0.106694 5.66993e+09
-2 0 0 0.664215 0.534292 -0.0284436 5.52876e+09
-1.5 0.5 0 0.62648 0.552426 -0.0752106 3.59332e+09
-2 1 0 0.689081 0.466061 -0.0147365 3.29144e+09
-1.5 1.5 0 0.65613 0.482756 -0.061665 2.11769e+09
-0.5 -1.5 0 0.316329 0.708444 -0.276181 5.0296e+09
-1 -1 0 0.464008 0.682069 -0.194508 5.46659e+09
-0.5 -0.5 0 0.411028 0.700952 -0.235364 3.4748e+09
-1 0 0 0.536573 0.635176 -0.150335 3.65706e+09
-0.5 0.5 0 0.49698 0.649076 -0.190391 2.34121e+09
-1 1 0 0.590248 0.567466 -0.119725 2.30536e+09
-0.5 1.5 0 0.556521 0.58078 -0.161968 1.46806e+09
0.5 -1.5 0 0.0589489 0.695664 -0.372488 2.68563e+09
0 -1 0 0.246975 0.728911 -0.317231 3.11261e+09
0.5 -0.5 0 0.196343 0.746125 -0.345301 1.96645e+09
0 0 0 0.367398 0.715313 -0.269357 2.21576e+09
0.5 0.5 0 0.332061 0.72673 -0.298607 1.41553e+09
0 1 0 0.462016 0.660709 -0.227432 1.49246e+09
0.5 1.5 0 0.431504 0.670771 -0.262012 9.49053e+08
1.5 -1.5 0 -0.213548 0.603257 -0.402955 1.36952e+09
1 -1 0 -0.00722603 0.715627 -0.397772 1.66375e+09
1.5 -0.5 0 -0.0463644 0.737 -0.40899 1.06096e+09
1 0 0 0.1608 0.760518 -0.365066 1.25788e+09
1.5 0.5 0 0.136256 0.771778 -0.380407 8.09719e+08
1 1 0 0.303555 0.735788 -0.324775 9.04956e+08
1.5 1.5 0 0.28023 0.742724 -0.349003 5.78389e+08
2.5 -1.5 0 -0.444911 0.443792 -0.352178 7.00841e+08
2 -1 0 -0.264758 0.632426 -0.409222 8.65462e+08
2.5 -0.5 0 -0.285636 0.664943 -0.405092 5.626e+08
2 0 0 -0.066852 0.75594 -0.413175 6.87202e+08
2.5 0.5 0 -0.0761082 0.770405 -0.415137 4.48099e+08
2 1 0 0.119031 0.779741 -0.393859 5.22418e+08
2.5 1.5 0 0.106307 0.784603 -0.406805 3.36991e+08
-2.25 -1.25 0.25 0.432872 0.833785 -0.0271752 3.11971e+09
-2.25 -0.25 0.25 0.519315 0.783241 0.0631539 2.27471e+09
-2.25 0.75 0.25 0.575578 0.73124 0.112358 1.45895e+09
-1.25 -1.25 0.25 0.261937 0.883623 -0.220008 2.28651e+09
-1.75 -0.75 0.25 0.418834 0.846113 -0.0697033 2.38033e+09
-1.25 -0.25 0.25 0.410935 0.851546 -0.109183 1.75211e+09
-1.75 0.25 0.25 0.512845 0.794217 0.013319 1.67023e+09
-1.25 0.75 0.25 0.507246 0.800199 -0.0363889 1.17828e+09
-1.75 1.25 0.25 0.571913 0.743283 0.0560969 1.02837e+09
-0.25 -1.25 0.25 0.030943 0.875211 -0.382523 1.48227e+09
-0.75 -0.75 0.25 0.253793 0.887598 -0.247786 1.67989e+09
-0.25 -0.25 0.25 0.251336 0.887731 -0.270591 1.19739e+09
-0.75 0.25 0.25 0.405299 0.852578 -0.147516 1.24161e+09
-0.25 0.75 0.25 0.400196 0.850652 -0.185035 8.52376e+08
-0.75 1.25 0.25 0.501687 0.802381 -0.0850125 8.05682e+08
0.75 -1.25 0.25 -0.23579 0.805491 -0.473613 8.78765e+08
0.25 -0.75 0.25 0.0345679 0.882522 -0.389213 1.06073e+09
0.75 -0.25 0.25 0.0427132 0.887118 -0.392106 7.40771e+08
0.25 0.25 0.25 0.250442 0.885223 -0.292193 8.28276e+08
0.75 0.75 0.25 0.249403 0.880839 -0.313957 5.59452e+08
0.25 1.25 0.25 0.394817 0.846658 -0.221657 5.71515e+08
1.75 -1.25 0.25 -0.500665 0.680608 -0.470224 4.90292e+08
1.25 -0.75 0.25 -0.21758 0.82867 -0.460786 6.18101e+08
1.75 -0.25 0.25 -0.196122 0.846964 -0.447143 4.27024e+08
1.25 0.25 0.25 0.0512044 0.888771 -0.395742 5.05818e+08
1.75 0.75 0.25 0.0582327 0.887831 -0.401761 3.39366e+08
1.25 1.25 0.25 0.247345 0.875087 -0.336298 3.71357e+08
2.25 -0.75 0.25 -0.468394 0.728837 -0.446351 3.42504e+08
2.25 0.25 0.25 -0.175778 0.859561 -0.436809 2.90271e+08
2.25 1.25 0.25 0.0629975 0.884741 -0.410498 2.24713e+08
-2.5 -1 0.5 0.617296 0.637338 -0.0297593 5.83114e+09
-2.5 0 0.5 0.65751 0.574263 0.0117762 3.84507e+09
-2.5 1 0.5 0.689241 0.503217 0.0337907 2.38045e+09
-2 -1.5 0.5 0.514645 0.707153 -0.124226 5.90767e+09
-1.5 -1 0.5 0.45044 0.735187 -0.173949 3.86988e+09
-2 -0.5 0.5 0.570729 0.66302 -0.0744754 3.96911e+09
-1.5 0 0.5 0.53078 0.680776 -0.11403 2.67064e+09
-2 0.5 0.5 0.623665 0.592834 -0.0311526 2.60993e+09
-1.5 1 0.5 0.591836 0.607342 -0.072256 1.73689e+09
-2 1.5 0.5 0.66031 0.51987 -0.0107071 1.58571e+09
-1 -1.5 0.5 0.296306 0.770439 -0.271642 3.6181e+09
-0.5 -1 0.5 0.229039 0.790619 -0.31313 2.31053e+09
-1 -0.5 0.5 0.400999 0.753927 -0.211899 2.55561e+09
-0.5 0 0.5 0.363612 0.766892 -0.241432 1.69147e+09
-1 0.5 0.5 0.496325 0.693654 -0.149847 1.77547e+09
-0.5 1 0.5 0.46646 0.703591 -0.182946 1.16791e+09
-1 1.5 0.5 0.5623 0.619395 -0.111489 1.13935e+09
0 -1.5 0.5 0.0262222 0.764301 -0.393256 2.01615e+09
0.5 -1 0.5 -0.0325725 0.782844 -0.418767 1.28498e+09
0 -0.5 0.5 0.185741 0.806314 -0.337895 1.5106e+09
0.5 0 0.5 0.159127 0.818424 -0.352261 9.98374e+08
0 0.5 0.5 0.334908 0.776174 -0.265847 1.11639e+09
0.5 1 0.5 0.312403 0.782731 -0.28746 7.33253e+08
0 1.5 0.5 0.440534 0.711555 -0.214011 7.61804e+08
1 -1.5 0.5 -0.263909 0.66973 -0.455023 1.06309e+09
1.5 -1 0.5 -0.30174 0.699045 -0.459344 6.89953e+08
1 -0.5 0.5 -0.0599846 0.80267 -0.425121 8.45236e+08
1.5 0 0.5 -0.0685751 0.81961 -0.422068 5.63529e+08
1 0.5 0.5 0.142908 0.826953 -0.361714 6.61103e+08
1.5 1 0.5 0.132712 0.832068 -0.369675 4.36655e+08
1 1.5 0.5 0.294223 0.787049 -0.307672 4.7908e+08
2 -1.5 0.5 -0.51413 0.496257 -0.431234 5.57902e+08
2.5 -1 0.5 -0.529094 0.548543 -0.419076 3.71245e+08
2 -0.5 0.5 -0.306374 0.732372 -0.447689 4.61375e+08
2.5 0 0.5 -0.294506 0.761008 -0.43101 3.11865e+08
2 0.5 0.5 -0.0676372 0.831746 -0.416519 3.767e+08
2.5 1 0.5 -0.0627642 0.838934 -0.412034 2.51131e+08
2 1.5 0.5 0.125712 0.834171 -0.377876 2.87158e+08
-2.25 -0.75 0.75 0.430021 0.834331 0.00314411 1.63135e+09
-2.25 0.25 0.75 0.511791 0.779064 0.0959638 1.17129e+09
-2.25 1.25 0.75 0.567674 0.725301 0.145821 7.4719e+08
-1.75 -1.25 0.75 0.290512 0.883118 -0.159837 1.62691e+09
-1.25 -0.75 0.75 0.279042 0.888587 -0.193459 1.23304e+09
-1.75 -0.25 0.75 0.421362 0.844557 -0.0368681 1.25128e+09
-1.25 0.25 0.75 0.417598 0.849279 -0.0740662 9.2534e+08
-1.75 0.75 0.75 0.509178 0.789898 0.0485624 8.64807e+08
-1.25 1.25 0.75 0.507386 0.796035 0.00125733 6.14689e+08
-0.75 -1.25 0.75 0.0714894 0.884481 -0.355123 1.12807e+09
-0.25 -0.75 0.75 0.0718688 0.889099 -0.366982 8.28239e+08
-0.75 -0.25 0.75 0.276472 0.890333 -0.217624 9.10967e+08
-0.25 0.25 0.75 0.277448 0.889382 -0.238182 6.52932e+08
-0.75 0.75 0.75 0.415573 0.850246 -0.110321 6.60038e+08
-0.25 1.25 0.75 0.413692 0.848541 -0.146133 4.56676e+08
0.25 -1.25 0.75 -0.192401 0.812809 -0.490281 7.07119e+08
0.75 -0.75 0.75 -0.176371 0.832638 -0.478555 5.07868e+08
0.25 -0.25 0.75 0.0799941 0.893401 -0.36953 5.95823e+08
0.75 0.25 0.75 0.0900014 0.895756 -0.370254 4.18389e+08
0.25 0.75 0.75 0.279028 0.88636 -0.258292 4.54704e+08
0.75 1.25 0.75 0.279941 0.881763 -0.27906 3.09335e+08
1.25 -1.25 0.75 -0.46553 0.675249 -0.529718 4.11741e+08
1.75 -0.75 0.75 -0.433943 0.724408 -0.501732 2.92305e+08
1.25 -0.25 0.75 -0.154437 0.851575 -0.460871 3.59136e+08
1.75 0.25 0.75 -0.132185 0.86611 -0.444447 2.49368e+08
1.25 0.75 0.75 0.0992761 0.895788 -0.372665 2.87382e+08
1.75 1.25 0.75 0.106719 0.893712 -0.37791 1.93934e+08
2.25 -1.25 0.75 -0.693132 0.50001 -0.46933 2.31564e+08
2.25 -0.25 0.75 -0.398297 0.766933 -0.471906 2.05043e+08
2.25 0.75 0.75 -0.112146 0.875723 -0.432325 1.70315e+08
-2.5 -1.5 1 0.511112 0.733597 -0.0966291 4.00035e+09
-2.5 -0.5 1 0.563046 0.685838 -0.0432718 2.76532e+09
-2.5 0.5 1 0.61776 0.614346 0.00809135 1.87427e+09
-2.5 1.5 1 0.659251 0.540875 0.0353451 1.17834e+09
-1.5 -1.5 1 0.291227 0.805942 -0.253949 2.60946e+09
-2 -1 1 0.444397 0.762215 -0.147835 2.74438e+09
-1.5 -0.5 1 0.395133 0.779692 -0.184972 1.8776e+09
-2 0 1 0.524297 0.703481 -0.0799304 1.93549e+09
-1.5 0.5 1 0.493246 0.715432 -0.112015 1.33676e+09
-2 1 1 0.589239 0.628341 -0.0294006 1.29764e+09
-1.5 1.5 1 0.563307 0.63927 -0.065558 8.80603e+08
-0.5 -1.5 1 0.0171632 0.807283 -0.394575 1.53022e+09
-1 -1 1 0.223779 0.822907 -0.297235 1.72608e+09
-0.5 -0.5 1 0.18403 0.835453 -0.321276 1.16396e+09
-1 0 1 0.361177 0.791045 -0.211704 1.28688e+09
-0.5 0.5 1 0.337377 0.798658 -0.232467 8.78163e+08
-1 1 1 0.467521 0.724006 -0.141467 9.09978e+08
-0.5 1.5 1 0.445531 0.730376 -0.169386 6.11035e+08
0.5 -1.5 1 -0.280274 0.71577 -0.484678 8.39373e+08
0 -1 1 -0.0370297 0.82009 -0.422136 1.00327e+09
0.5 -0.5 1 -0.0567379 0.836054 -0.427399 6.78564e+08
0 0 1 0.163368 0.845204 -0.332819 7.93546e+08
0.5 0.5 1 0.153246 0.851887 -0.338507 5.40902e+08
0 1 1 0.319692 0.803553 -0.250489 5.9398e+08
0.5 1.5 1 0.30571 0.806201 -0.267576 3.97773e+08
1.5 -1.5 1 -0.540721 0.537213 -0.4921 4.53518e+08
1 -1 1 -0.307492 0.739043 -0.490534 5.58231e+08
1.5 -0.5 1 -0.300718 0.769783 -0.475856 3.83037e+08
1 0 1 -0.0572026 0.850755 -0.420707 4.6511e+08
1.5 0.5 1 -0.0492654 0.861316 -0.410477 3.18785e+08
1 1 1 0.148311 0.855357 -0.342692 3.66321e+08
1.5 1.5 1 0.145612 0.855905 -0.347548 2.45999e+08
2.5 -1.5 1 -0.718335 0.309839 -0.415894 2.49166e+08
2 -1 1 -0.539967 0.586965 -0.478922 3.08841e+08
2.5 -0.5 1 -0.511824 0.641867 -0.452 2.15268e+08
2 0 1 -0.278864 0.797459 -0.453453 2.65368e+08
2.5 0.5 1 -0.252991 0.818049 -0.431454 1.83391e+08
2 1 1 -0.0388457 0.867169 -0.401344 2.17111e+08
2.5 1.5 1 -0.0287299 0.868843 -0.395177 1.4664e+08
-2.25 -1.25 1.25 0.323992 0.869069 -0.0849781 1.10388e+09
-2.25 -0.25 1.25 0.429194 0.825641 0.0367268 8.59103e+08
-2.25 0.75 1.25 0.504403 0.769387 0.127119 6.09256e+08
-1.25 -1.25 1.25 0.122299 0.891144 -0.302038 8.27408e+08
-1.75 -0.75 1.25 0.306381 0.880097 -0.125928 8.73015e+08
-1.25 -0.25 1.25 0.300244 0.885193 -0.155519 6.67519e+08
-1.75 0.25 1.25 0.424387 0.836178 -0.000749167 6.61936e+08
-1.25 0.75 1.25 0.423701 0.841502 -0.0360851 4.91894e+08
-1.75 1.25 1.25 0.504868 0.780847 0.0823988 4.52199e+08
-0.25 -1.25 1.25 -0.1299 0.830093 -0.477744 5.53763e+08
-0.75 -0.75 1.25 0.116115 0.893742 -0.324362 6.2631e+08
-0.25 -0.25 1.25 0.120422 0.896779 -0.332729 4.63566e+08
-0.75 0.25 1.25 0.300585 0.886782 -0.178043 4.95836e+08
-0.25 0.75 1.25 0.303323 0.885806 -0.198148 3.57466e+08
-0.75 1.25 1.25 0.424395 0.843147 -0.0709377 3.53214e+08
0.75 -1.25 1.25 -0.404358 0.68896 -0.566024 3.39396e+08
0.25 -0.75 1.25 -0.121024 0.841774 -0.474923 4.06445e+08
0.75 -0.25 1.25 -0.103112 0.857156 -0.460045 2.94063e+08
0.25 0.25 1.25 0.129272 0.899093 -0.334802 3.35355e+08
0.75 0.75 1.25 0.138808 0.899668 -0.336271 2.3686e+08
0.25 1.25 1.25 0.306209 0.882844 -0.218346 2.50676e+08
1.75 -1.25 1.25 -0.645956 0.498529 -0.544914 1.97959e+08
1.25 -0.75 1.25 -0.379 0.729028 -0.541468 2.44592e+08
1.75 -0.25 1.25 -0.34688 0.769652 -0.50948 1.74655e+08
1.25 0.25 1.25 -0.0826072 0.87107 -0.442058 2.09074e+08
1.75 0.75 1.25 -0.0628676 0.881274 -0.426362 1.45919e+08
1.25 1.25 1.25 0.147309 0.898295 -0.339785 1.63706e+08
2.25 -0.75 1.25 -0.612538 0.575306 -0.51117 1.41162e+08
2.25 0.25 1.25 -0.313641 0.803853 -0.478012 1.23056e+08
2.25 1.25 1.25 -0.0453958 0.887507 -0.415176 1.00154e+08
-2.5 -1 1.5 0.445967 0.768964 -0.117048 1.91634e+09
-2.5 0 1.5 0.518989 0.710734 -0.0484358 1.38155e+09
-2.5 1 1.5 0.5841 0.6375 0.00814217 9.49993e+08
-2 -1.5 1.5 0.299159 0.818573 -0.225332 1.84625e+09
-1.5 -1 1.5 0.22975 0.832963 -0.271323 1.28191e+09
-2 -0.5 1.5 0.39419 0.786335 -0.155497 1.36635e+09
-1.5 0 1.5 0.360234 0.796632 -0.181554 9.67242e+08
-2 0.5 1.5 0.488929 0.722517 -0.0779284 9.89024e+08
-1.5 1 1.5 0.46593 0.730448 -0.104124 6.96769e+08
-2 1.5 1.5 0.56093 0.647847 -0.0247117 6.68375e+08
-1 -1.5 1.5 0.0281272 0.827696 -0.378343 1.15393e+09
-0.5 -1 1.5 -0.0245637 0.833752 -0.408387 7.84389e+08
-1 -0.5 1.5 0.189493 0.842217 -0.296857 8.9221e+08
-0.5 0 1.5 0.170873 0.850042 -0.308172 6.25113e+08
-1 0.5 1.5 0.338899 0.8034 -0.200092 6.8086e+08
-0.5 1 1.5 0.324732 0.80773 -0.215347 4.74401e+08
-1 1.5 1.5 0.447225 0.73599 -0.128981 4.82709e+08
0 -1.5 1.5 -0.267141 0.743088 -0.490097 6.66214e+08
0.5 -1 1.5 -0.28827 0.757469 -0.498705 4.54772e+08
0 -0.5 1.5 -0.0417112 0.844952 -0.415506 5.43987e+08
0.5 0 1.5 -0.0384287 0.857898 -0.408989 3.81797e+08
0 0.5 1.5 0.164315 0.85612 -0.312255 4.37733e+08
0.5 1 1.5 0.163076 0.859566 -0.31424 3.04063e+08
0 1.5 1.5 0.314236 0.80991 -0.22985 3.26264e+08
1 -1.5 1.5 -0.529209 0.568121 -0.526766 3.73506e+08
1.5 -1 1.5 -0.518091 0.609556 -0.516101 2.5948e+08
1 -0.5 1.5 -0.276199 0.783584 -0.485799 3.18642e+08
1.5 0 1.5 -0.249855 0.810214 -0.462657 2.25423e+08
1 0.5 1.5 -0.0266689 0.868408 -0.397311 2.67856e+08
1.5 1 1.5 -0.0129305 0.874703 -0.385915 1.8637e+08
1 1.5 1.5 0.163642 0.860153 -0.316915 2.08812e+08
2 -1.5 1.5 -0.712362 0.337082 -0.479384 2.10305e+08
2.5 -1 1.5 -0.68296 0.417592 -0.458744 1.4914e+08
2 -0.5 1.5 -0.482783 0.661536 -0.488808 1.84307e+08
2.5 0 1.5 -0.440362 0.70872 -0.456329 1.31392e+08
2 0.5 1.5 -0.22035 0.831295 -0.438036 1.58936e+08
2.5 1 1.5 -0.192712 0.845423 -0.416614 1.10995e+08
2 1.5 1.5 -9.6317e-05 0.876785 -0.377339 1.28251e+08
