449
-2.5 -1 -1.5 0.116293 0.55524 0.253743 9.25072e+09
-2.5 0 -1.5 0.168774 0.626204 0.247572 1.37609e+10
-2.5 1 -1.5 0.221438 0.686578 0.229829 1.95205e+10
-2 -1.5 -1.5 0.0990245 0.52389 0.220877 5.85659e+09
-1.5 -1 -1.5 0.139162 0.558434 0.191994 5.46083e+09
-2 -0.5 -1.5 0.154561 0.589858 0.221488 8.65972e+09
-1.5 0 -1.5 0.19851 0.612388 0.189909 7.71096e+09
-2 0.5 -1.5 0.211236 0.647673 0.212003 1.22609e+10
-1.5 1 -1.5 0.256923 0.657916 0.176635 1.03787e+10
-2 1.5 -1.5 0.266432 0.694911 0.189946 1.64622e+10
-1 -1.5 -1.5 0.123294 0.531634 0.159635 3.44628e+09
-0.5 -1 -1.5 0.168747 0.554555 0.134952 3.05974e+09
-1 -0.5 -1.5 0.184146 0.581382 0.164038 4.85654e+09
-0.5 0 -1.5 0.23098 0.593848 0.136517 4.12477e+09
-1 0.5 -1.5 0.2449 0.623982 0.158655 6.54185e+09
-0.5 1 -1.5 0.290672 0.626667 0.127087 5.30892e+09
-1 1.5 -1.5 0.302453 0.658948 0.140968 8.38516e+09
0 -1.5 -1.5 0.152528 0.531509 0.103245 1.92533e+09
0.5 -1 -1.5 0.198969 0.544819 0.0822109 1.63354e+09
0 -0.5 -1.5 0.215625 0.567547 0.110821 2.59891e+09
0.5 0 -1.5 0.261372 0.572468 0.0864387 2.1175e+09
0 0.5 -1.5 0.276878 0.597796 0.108693 3.35679e+09
0.5 1 -1.5 0.319678 0.595575 0.0798039 2.62921e+09
0 1.5 -1.5 0.333428 0.622887 0.0944786 4.14306e+09
1 -1.5 -1.5 0.180795 0.525372 0.0513352 1.02205e+09
1.5 -1 -1.5 0.224969 0.531829 0.0332101 8.29492e+08
1 -0.5 -1.5 0.244173 0.550536 0.0610329 1.32998e+09
1.5 0 -1.5 0.286355 0.550751 0.038954 1.04163e+09
1 0.5 -1.5 0.304023 0.571544 0.0610321 1.66075e+09
1.5 1 -1.5 0.3424 0.566936 0.0340692 1.25796e+09
1 1.5 -1.5 0.358052 0.589463 0.0492867 1.99077e+09
2 -1.5 -1.5 0.203101 0.516333 0.00373594 5.11919e+08
2.5 -1 -1.5 0.24293 0.518884 -0.011674 3.95146e+08
2 -0.5 -1.5 0.266242 0.533148 0.0144147 6.46457e+08
2.5 0 -1.5 0.303735 0.531263 -0.0054239 4.83937e+08
2 0.5 -1.5 0.324473 0.547504 0.0155036 7.86306e+08
2.5 1 -1.5 0.35826 0.542515 -0.00937638 5.72369e+08
2 1.5 -1.5 0.376108 0.560432 0.00539241 9.22198e+08
-2.25 -0.75 -1.25 -0.43017 0.746749 0.172051 4.87953e+09
-2.25 0.25 -1.25 -0.38292 0.766566 0.177111 6.30204e+09
-2.25 1.25 -1.25 -0.329042 0.781722 0.171102 7.47492e+09
-1.75 -1.25 -1.25 -0.436266 0.748465 0.127685 3.17748e+09
-1.25 -0.75 -1.25 -0.400169 0.765713 0.0988233 2.71684e+09
-1.75 -0.25 -1.25 -0.392774 0.766114 0.138725 4.15762e+09
-1.25 0.25 -1.25 -0.355702 0.776378 0.107805 3.3379e+09
-1.75 0.75 -1.25 -0.344051 0.778546 0.140944 5.02859e+09
-1.25 1.25 -1.25 -0.306868 0.78049 0.105749 3.80073e+09
-0.75 -1.25 -1.25 -0.405578 0.765101 0.0579023 1.76265e+09
-0.25 -0.75 -1.25 -0.371666 0.773304 0.035571 1.43168e+09
-0.75 -0.25 -1.25 -0.364745 0.774728 0.0724901 2.19441e+09
-0.25 0.25 -1.25 -0.331419 0.775582 0.047196 1.6851e+09
-0.75 0.75 -1.25 -0.320566 0.777597 0.0778912 2.54353e+09
-0.25 1.25 -1.25 -0.287828 0.770668 0.0473149 1.85801e+09
0.25 -1.25 -1.25 -0.376745 0.771991 -0.00252929 9.27845e+08
0.75 -0.75 -1.25 -0.346422 0.773215 -0.0202597 7.21535e+08
0.25 -0.25 -1.25 -0.339937 0.774158 0.0143116 1.107e+09
0.75 0.25 -1.25 -0.310654 0.768427 -0.00758505 8.20991e+08
0.25 0.75 -1.25 -0.300545 0.769097 0.0212426 1.24103e+09
0.75 1.25 -1.25 -0.271663 0.756658 -0.00684316 8.84535e+08
1.25 -1.25 -1.25 -0.351002 0.772809 -0.0561076 4.66525e+08
1.75 -0.75 -1.25 -0.324092 0.769702 -0.0712536 3.48985e+08
1.25 -0.25 -1.25 -0.318469 0.768589 -0.0385822 5.38003e+08
1.75 0.25 -1.25 -0.292276 0.759335 -0.0589548 3.87095e+08
1.25 0.75 -1.25 -0.283288 0.757394 -0.031594 5.88553e+08
1.75 1.25 -1.25 -0.256881 0.742623 -0.0586653 4.10344e+08
2.25 -1.25 -1.25 -0.327386 0.772088 -0.10515 2.23731e+08
2.25 -0.25 -1.25 -0.298645 0.762722 -0.0883324 2.51299e+08
2.25 0.75 -1.25 -0.266733 0.746995 -0.0823236 2.70036e+08
-2.5 -1.5 -1 0.223807 0.470809 0.236303 1.46548e+10
-2.5 -0.5 -1 0.273362 0.548733 0.232113 2.22076e+10
-2.5 0.5 -1 0.322851 0.617242 0.216577 3.2214e+10
-2.5 1.5 -1 0.369633 0.673093 0.1871 4.41694e+10
-1.5 -1.5 -1 0.24156 0.464485 0.171232 8.65737e+09
-2 -1 -1 0.257989 0.503659 0.203476 1.38404e+10
-1.5 -0.5 -1 0.297714 0.525626 0.171632 1.24545e+10
-2 0 -1 0.311691 0.568968 0.196416 1.99857e+10
-1.5 0.5 -1 0.353392 0.579021 0.161183 1.71078e+10
-2 1 -1 0.363581 0.624666 0.176924 2.74628e+10
-1.5 1.5 -1 0.405 0.623734 0.137144 2.23025e+10
-0.5 -1.5 -1 0.265829 0.453987 0.11076 4.87019e+09
-1 -1 -1 0.282202 0.487431 0.142852 7.78419e+09
-0.5 -0.5 -1 0.325273 0.500753 0.115225 6.68799e+09
-1 0 -1 0.34028 0.537611 0.140397 1.06875e+10
-0.5 0.5 -1 0.382857 0.541425 0.109061 8.7739e+09
-1 1 -1 0.395401 0.580744 0.125824 1.3983e+10
-0.5 1.5 -1 0.435088 0.576492 0.0895918 1.09728e+10
0.5 -1.5 -1 0.29126 0.439427 0.0545869 2.61185e+09
0 -1 -1 0.308917 0.468183 0.086385 4.1845e+09
0.5 -0.5 -1 0.35167 0.474779 0.0620437 3.44717e+09
0 0 -1 0.368148 0.506161 0.0875469 5.50502e+09
0.5 0.5 -1 0.408589 0.505837 0.0589425 4.35778e+09
0 1 -1 0.423024 0.539365 0.0767995 6.92327e+09
0.5 1.5 -1 0.459103 0.533704 0.0429206 5.27723e+09
1.5 -1.5 -1 0.31266 0.422111 0.00212802 1.32878e+09
1 -1 -1 0.333358 0.446894 0.0333197 2.14869e+09
1.5 -0.5 -1 0.373089 0.44895 0.011319 1.69779e+09
1 0 -1 0.392015 0.475806 0.0368348 2.73055e+09
1.5 0.5 -1 0.428525 0.473287 0.0100593 2.08551e+09
1 1 -1 0.44505 0.501948 0.0287045 3.33075e+09
1.5 1.5 -1 0.476773 0.496243 -0.00354586 2.46551e+09
2.5 -1.5 -1 0.324645 0.403523 -0.0463786 6.29337e+08
2 -1 -1 0.351077 0.424928 -0.0167368 1.04299e+09
2.5 -0.5 -1 0.385921 0.424096 -0.0366421 7.83835e+08
2 0 -1 0.409135 0.447442 -0.0120692 1.29011e+09
2.5 0.5 -1 0.44088 0.443848 -0.0370905 9.42399e+08
2 1 -1 0.460508 0.468858 -0.0186221 1.53827e+09
2.5 1.5 -1 0.487953 0.463597 -0.0491344 1.09511e+09
-2.25 -1.25 -0.75 -0.324807 0.740586 0.106584 9.42284e+09
-2.25 -0.25 -0.75 -0.267041 0.765992 0.115647 1.26746e+10
-2.25 0.75 -0.75 -0.199862 0.785559 0.11502 1.57253e+10
-1.25 -1.25 -0.75 -0.298119 0.746292 0.0292143 5.29357e+09
-1.75 -0.75 -0.75 -0.284469 0.755798 0.0730091 8.21435e+09
-1.25 -0.25 -0.75 -0.242907 0.762322 0.042743 6.74349e+09
-1.75 0.25 -0.75 -0.223606 0.773274 0.0802157 1.03385e+10
-1.25 0.75 -0.75 -0.180625 0.771073 0.0467308 7.97001e+09
-1.75 1.25 -0.75 -0.154812 0.783618 0.0755522 1.20163e+10
-0.25 -1.25 -0.75 -0.270825 0.743165 -0.0372911 2.81844e+09
-0.75 -0.75 -0.75 -0.258443 0.75237 0.00339213 4.37144e+09
-0.25 -0.25 -0.75 -0.219679 0.750427 -0.0204832 3.42367e+09
-0.75 0.25 -0.75 -0.202041 0.760117 0.0144306 5.24199e+09
-0.25 0.75 -0.75 -0.162883 0.749929 -0.0136907 3.89207e+09
-0.75 1.25 -0.75 -0.139274 0.760219 0.0135025 5.86433e+09
0.75 -1.25 -0.75 -0.245956 0.733941 -0.0958458 1.43169e+09
0.25 -0.75 -0.75 -0.234138 0.741748 -0.0573888 2.22149e+09
0.75 -0.25 -0.75 -0.199346 0.733575 -0.0774234 1.67324e+09
0.25 0.25 -0.75 -0.18271 0.741128 -0.0442296 2.56224e+09
0.75 0.75 -0.75 -0.147652 0.725772 -0.0696213 1.84825e+09
0.25 1.25 -0.75 -0.12564 0.733219 -0.0433629 2.788e+09
1.75 -1.25 -0.75 -0.225212 0.721885 -0.149922 6.9394e+08
1.25 -0.75 -0.75 -0.213348 0.727151 -0.112772 1.08313e+09
1.75 -0.25 -0.75 -0.182765 0.71523 -0.131528 7.87049e+08
1.25 0.25 -0.75 -0.166502 0.7198 -0.0991942 1.21303e+09
1.75 0.75 -0.75 -0.135241 0.701882 -0.124105 8.5153e+08
1.25 1.25 -0.75 -0.114218 0.705977 -0.0980116 1.29474e+09
2.25 -0.75 -0.75 -0.19696 0.712162 -0.166221 5.0357e+08
2.25 0.25 -0.75 -0.153786 0.699502 -0.153556 5.51621e+08
2.25 1.25 -0.75 -0.104996 0.681314 -0.153021 5.80722e+08
-2.5 -1 -0.5 -0.174088 0.662984 0.210006 3.57461e+10
-2.5 0 -0.5 -0.107596 0.696077 0.207979 4.90305e+10
-2.5 1 -0.5 -0.0317267 0.722713 0.194339 6.24477e+10
-2 -1.5 -0.5 -0.195583 0.648416 0.169716 2.28385e+10
-1.5 -1 -0.5 -0.157082 0.662842 0.138608 2.0173e+10
-2 -0.5 -0.5 -0.134717 0.678184 0.174775 3.15085e+10
-1.5 0 -0.5 -0.0927079 0.683713 0.142036 2.61918e+10
-2 0.5 -0.5 -0.0646874 0.701755 0.17043 4.05473e+10
-1.5 1 -0.5 -0.021121 0.697586 0.134631 3.17055e+10
-2 1.5 -0.5 0.0125603 0.718019 0.153206 4.84271e+10
-1 -1.5 -0.5 -0.175493 0.649506 0.100265 1.28717e+10
-0.5 -1 -0.5 -0.136187 0.654759 0.0756319 1.07922e+10
-1 -0.5 -0.5 -0.116304 0.668204 0.110164 1.68471e+10
-0.5 0 -0.5 -0.0752714 0.664863 0.0835115 1.33577e+10
-1 0.5 -0.5 -0.050262 0.67996 0.111063 2.06327e+10
-0.5 1 -0.5 -0.00905412 0.668235 0.0807164 1.55222e+10
-1 1.5 -0.5 0.0212227 0.684958 0.0995621 2.36467e+10
0 -1.5 -0.5 -0.1531 0.642976 0.039094 6.8831e+09
0.5 -1 -0.5 -0.115561 0.640667 0.0197127 5.50835e+09
0 -0.5 -0.5 -0.0967948 0.651885 0.0528266 8.60291e+09
0.5 0 -0.5 -0.0586828 0.641974 0.0305575 6.55689e+09
0 0.5 -0.5 -0.0354877 0.654024 0.0574198 1.01229e+10
0.5 1 -0.5 0.00215324 0.637502 0.030597 7.38931e+09
0 1.5 -0.5 0.0298881 0.650534 0.0497318 1.12524e+10
1 -1.5 -0.5 -0.132331 0.630971 -0.0152442 3.50215e+09
1.5 -1 -0.5 -0.098398 0.623196 -0.0309414 2.68145e+09
1 -0.5 -0.5 -0.0793783 0.631766 0.000886601 4.21366e+09
1.5 0 -0.5 -0.0452752 0.6177 -0.0186719 3.09624e+09
1 0.5 -0.5 -0.0226426 0.626651 0.0075234 4.80898e+09
1.5 1 -0.5 0.0110299 0.607657 -0.017281 3.4123e+09
1 1.5 -0.5 0.037283 0.617246 0.00202178 5.2309e+09
2 -1.5 -0.5 -0.116664 0.616214 -0.0643411 1.68478e+09
2.5 -1 -0.5 -0.0879509 0.604956 -0.0775195 1.22635e+09
2 -0.5 -0.5 -0.0666735 0.610476 -0.047254 1.96643e+09
2.5 0 -0.5 -0.0374343 0.594052 -0.0650468 1.38299e+09
2 0.5 -0.5 -0.0135108 0.599978 -0.0399217 2.1934e+09
2.5 1 -0.5 0.0160399 0.579816 -0.0633086 1.49911e+09
2 1.5 -0.5 0.0424447 0.586466 -0.0443894 2.3493e+09
-2.25 -0.75 -0.25 -0.0744614 0.690119 0.10345 9.87824e+09
-2.25 0.25 -0.25 0.00730401 0.719706 0.110358 1.3021e+10
-2.25 1.25 -0.25 0.0983041 0.740987 0.104668 1.59284e+10
-1.75 -1.25 -0.25 -0.0976686 0.670444 0.0583361 6.33769e+09
-1.25 -0.75 -0.25 -0.0472449 0.678741 0.0313899 5.42322e+09
-1.75 -0.25 -0.25 -0.0222779 0.698186 0.0720524 8.41874e+09
-1.25 0.25 -0.25 0.0317909 0.696891 0.0431484 6.78228e+09
-1.75 0.75 -0.25 0.0629738 0.717794 0.0760784 1.04208e+10
-1.25 1.25 -0.25 0.118045 0.707392 0.0425405 7.93055e+09
-0.75 -1.25 -0.25 -0.068092 0.661088 -0.0108426 3.48146e+09
-0.25 -0.75 -0.25 -0.0182444 0.661397 -0.0312629 2.83623e+09
-0.75 -0.25 -0.25 0.00484106 0.67818 0.00708007 4.39527e+09
-0.25 0.25 -0.25 0.0565037 0.669887 -0.0163847 3.39527e+09
-0.75 0.75 -0.25 0.0853887 0.687476 0.0150446 5.20255e+09
-0.25 1.25 -0.25 0.136747 0.672012 -0.0140975 3.83627e+09
0.25 -1.25 -0.25 -0.0380553 0.646292 -0.0712801 1.82158e+09
0.75 -0.75 -0.25 0.00880912 0.640742 -0.0875889 1.42168e+09
0.25 -0.25 -0.25 0.0311517 0.654386 -0.0508173 2.20387e+09
0.75 0.25 -0.25 0.0787906 0.641757 -0.0714388 1.64512e+09
0.25 0.75 -0.25 0.10622 0.65575 -0.0409001 2.5209e+09
0.75 1.25 -0.25 0.152992 0.637977 -0.0680048 1.81391e+09
1.25 -1.25 -0.25 -0.0112005 0.628829 -0.126252 9.10185e+08
1.75 -0.75 -0.25 0.0311839 0.619903 -0.141092 6.82106e+08
1.25 -0.25 -0.25 0.0540011 0.629834 -0.104998 1.06479e+09
1.75 0.25 -0.25 0.0968887 0.615416 -0.125142 7.69509e+08
1.25 0.75 -0.25 0.123868 0.625536 -0.0947215 1.18796e+09
1.75 1.25 -0.25 0.165995 0.607639 -0.12168 8.34016e+08
2.25 -1.25 -0.25 0.00954452 0.612087 -0.179421 4.31157e+08
2.25 -0.25 -0.25 0.0713921 0.607626 -0.15875 4.91465e+08
2.25 0.75 -0.25 0.137247 0.599293 -0.1491 5.38439e+08
-2.5 -1.5 0 -0.40535 0.77208 0.173159 3.39669e+10
-2.5 -0.5 0 -0.353708 0.797838 0.176942 4.65447e+10
-2.5 0.5 0 -0.296896 0.819314 0.171639 5.83562e+10
-2.5 1.5 0 -0.237137 0.833918 0.154281 6.61189e+10
-1.5 -1.5 0 -0.391053 0.785059 0.0935165 1.95611e+10
-2 -1 0 -0.374801 0.791195 0.135964 3.02881e+10
-1.5 -0.5 0 -0.345656 0.802898 0.101951 2.5314e+10
-2 0 0 -0.324113 0.810622 0.138163 3.86407e+10
-1.5 0.5 0 -0.298604 0.814577 0.102047 3.00574e+10
-2 1 0 -0.271164 0.823633 0.130272 4.49195e+10
-1.5 1.5 0 -0.25148 0.818219 0.0910046 3.25616e+10
-0.5 -1.5 0 -0.375369 0.789164 0.0242952 1.06165e+10
-1 -1 0 -0.362484 0.795831 0.0637974 1.64483e+10
-0.5 -0.5 0 -0.337754 0.799277 0.0367862 1.30308e+10
-1 0 0 -0.32049 0.806544 0.0706227 1.98823e+10
-0.5 0.5 0 -0.300874 0.802083 0.0410296 1.47728e+10
-1 1 0 -0.278911 0.80964 0.0678284 2.20727e+10
-0.5 1.5 0 -0.265188 0.796435 0.034348 1.54678e+10
0.5 -1.5 0 -0.361258 0.78621 -0.0358296 5.46835e+09
0 -1 0 -0.35115 0.79255 0.00114478 8.47286e+09
0.5 -0.5 0 -0.331927 0.789234 -0.020485 6.41483e+09
0 0 0 -0.318295 0.795344 0.0113861 9.78194e+09
0.5 0.5 0 -0.304294 0.784518 -0.0137283 7.01409e+09
0 1 0 -0.28698 0.790071 0.0119237 1.04816e+10
0.5 1.5 0 -0.277786 0.771475 -0.0179225 7.17255e+09
1.5 -1.5 0 -0.350017 0.778491 -0.0890179 2.67868e+09
1 -1 0 -0.342351 0.783632 -0.0540886 4.16676e+09
1.5 -0.5 0 -0.328413 0.775329 -0.0723225 3.02921e+09
1 0 0 -0.317903 0.779633 -0.0419825 4.63806e+09
1.5 0.5 0 -0.308332 0.764478 -0.0646389 3.22409e+09
1 1 0 -0.294869 0.76765 -0.03982 4.84461e+09
1.5 1.5 0 -0.288512 0.745723 -0.0678549 3.24468e+09
2.5 -1.5 0 -0.342015 0.768513 -0.137539 1.23496e+09
2 -1 0 -0.33631 0.771599 -0.104308 1.95089e+09
2.5 -0.5 0 -0.326967 0.759986 -0.120929 1.35622e+09
2 0 0 -0.318842 0.761914 -0.0918373 2.11123e+09
2.5 0.5 0 -0.312549 0.74403 -0.113596 1.41415e+09
2 1 0 -0.301904 0.744588 -0.0894285 2.16514e+09
2.5 1.5 0 -0.297091 0.720662 -0.116902 1.40662e+09
-2.25 -1.25 0.25 0.0528655 0.584267 0.158146 3.47359e+09
-2.25 -0.25 0.25 0.140656 0.625143 0.169151 4.80064e+09
-2.25 0.75 0.25 0.236757 0.656329 0.169634 6.21068e+09
-1.25 -1.25 0.25 0.0802928 0.584117 0.0864862 1.99953e+09
-1.75 -0.75 0.25 0.108102 0.603452 0.128952 3.10287e+09
-1.25 -0.25 0.25 0.166422 0.612411 0.10254 2.6221e+09
-1.75 0.25 0.25 0.199554 0.633092 0.1382 4.04265e+09
-1.25 0.75 0.25 0.258229 0.631961 0.10827 3.22747e+09
-1.75 1.25 0.25 0.295136 0.653916 0.134177 4.92823e+09
-0.25 -1.25 0.25 0.112157 0.577743 0.0236059 1.09185e+09
-0.75 -0.75 0.25 0.137429 0.594051 0.0640228 1.69506e+09
-0.25 -0.25 0.25 0.194392 0.595521 0.0431283 1.36714e+09
-0.75 0.25 0.25 0.224572 0.612544 0.077455 2.10478e+09
-0.25 0.75 0.25 0.27979 0.606208 0.0520112 1.61593e+09
-0.75 1.25 0.25 0.313636 0.624258 0.0778171 2.46164e+09
0.75 -1.25 0.25 0.143046 0.567925 -0.0322976 5.68751e+08
0.25 -0.75 0.25 0.16741 0.580684 0.00630477 8.84101e+08
0.75 -0.25 0.25 0.220184 0.577617 -0.0110634 6.85474e+08
0.25 0.25 0.25 0.248692 0.590704 0.0220285 1.05545e+09
0.75 0.75 0.25 0.298633 0.582216 -0.000828181 7.85543e+08
0.25 1.25 0.25 0.330201 0.596165 0.0247346 1.19635e+09
1.75 -1.25 0.25 0.168687 0.558854 -0.0836862 2.82761e+08
1.25 -0.75 0.25 0.19376 0.566927 -0.0464863 4.42148e+08
1.75 -0.25 0.25 0.240722 0.562686 -0.0622112 3.30682e+08
1.25 0.25 0.25 0.268958 0.571014 -0.0300885 5.11997e+08
1.75 0.75 0.25 0.312924 0.56332 -0.0518236 3.70409e+08
1.25 1.25 0.25 0.343329 0.572518 -0.0264504 5.67355e+08
2.25 -0.75 0.25 0.213201 0.55768 -0.0965785 2.11129e+08
2.25 0.25 0.25 0.283201 0.557686 -0.0805281 2.38911e+08
2.25 1.25 0.25 0.351845 0.556656 -0.0766869 2.60478e+08
-2.5 -1 0.5 -0.319063 0.782022 0.213756 2.17186e+10
-2.5 0 0.5 -0.253301 0.808851 0.208596 2.8462e+10
-2.5 1 0.5 -0.182156 0.828461 0.192025 3.39004e+10
-2 -1.5 0.5 -0.34255 0.775493 0.172688 1.41323e+10
-1.5 -1 0.5 -0.307283 0.792922 0.137856 1.22757e+10
-2 -0.5 0.5 -0.283334 0.80053 0.174659 1.87884e+10
-1.5 0 0.5 -0.249747 0.810408 0.138026 1.52171e+10
-2 0.5 0.5 -0.219438 0.819057 0.167197 2.28747e+10
-1.5 1 0.5 -0.190151 0.819728 0.127911 1.72489e+10
-2 1.5 0.5 -0.152875 0.828575 0.147765 2.52756e+10
-1 -1.5 0.5 -0.326174 0.78581 0.0991117 7.9576e+09
-0.5 -1 0.5 -0.293649 0.79502 0.0710045 6.53396e+09
-1 -0.5 0.5 -0.274155 0.802441 0.105667 1.00143e+10
-0.5 0 0.5 -0.245328 0.803875 0.0755303 7.70622e+09
-1 0.5 0.5 -0.220619 0.811485 0.103473 1.1597e+10
-0.5 1 0.5 -0.197058 0.804258 0.0702049 8.38964e+09
-1 1.5 0.5 -0.166628 0.811397 0.0901167 1.23251e+10
0 -1.5 0.5 -0.309056 0.788019 0.0347098 4.23205e+09
0.5 -1 0.5 -0.281199 0.790301 0.0123575 3.30791e+09
0 -0.5 0.5 -0.265249 0.796837 0.0449347 5.07105e+09
0.5 0 0.5 -0.241951 0.79167 0.019846 3.74457e+09
0 0.5 0.5 -0.221841 0.797679 0.0465055 5.63686e+09
0.5 1 0.5 -0.203472 0.784809 0.0175088 3.95617e+09
0 1.5 0.5 -0.178766 0.789786 0.0372071 5.82384e+09
1 -1.5 0.5 -0.293844 0.784241 -0.021661 2.13938e+09
1.5 -1 0.5 -0.27132 0.781365 -0.0397717 1.59972e+09
1 -0.5 0.5 -0.258217 0.786221 -0.00910061 2.46103e+09
1.5 0 0.5 -0.240029 0.776551 -0.0308484 1.75398e+09
1 0.5 0.5 -0.223607 0.780379 -0.00540337 2.65174e+09
1.5 1 0.5 -0.209215 0.764052 -0.031794 1.81399e+09
1 1.5 0.5 -0.18908 0.766478 -0.0124191 2.68764e+09
2 -1.5 0.5 -0.281827 0.77722 -0.0716727 1.02703e+09
2.5 -1 0.5 -0.264549 0.771232 -0.0870115 7.33173e+08
2 -0.5 0.5 -0.253467 0.773433 -0.0582338 1.14362e+09
2.5 0 0.5 -0.2396 0.76133 -0.0780281 7.84294e+08
2 0.5 0.5 -0.225786 0.76227 -0.0538758 1.20411e+09
2.5 1 0.5 -0.214203 0.744365 -0.0788233 7.98588e+08
2 1.5 0.5 -0.197309 0.743808 -0.0599848 1.20457e+09
-2.25 -0.75 0.75 0.143514 0.587873 0.267966 2.61463e+09
-2.25 0.25 0.75 0.244159 0.624714 0.267258 3.51978e+09
-2.25 1.25 0.75 0.347341 0.650121 0.250731 4.42948e+09
-1.75 -1.25 0.75 0.109087 0.57368 0.228485 1.70051e+09
-1.25 -0.75 0.75 0.170282 0.59635 0.200183 1.49803e+09
-1.75 -0.25 0.75 0.204639 0.609701 0.235962 2.30148e+09
-1.25 0.25 0.75 0.265934 0.620918 0.204559 1.91847e+09
-1.75 0.75 0.75 0.304609 0.634688 0.231171 2.92424e+09
-1.25 1.25 0.75 0.361542 0.636226 0.194082 2.30619e+09
-0.75 -1.25 0.75 0.140595 0.584427 0.161521 9.71093e+08
-0.25 -0.75 0.75 0.201085 0.598018 0.13823 8.1425e+08
-0.75 -0.25 0.75 0.231534 0.608734 0.173054 1.25259e+09
-0.25 0.25 0.75 0.28953 0.612894 0.14576 9.98181e+08
-0.75 0.75 0.75 0.323848 0.62373 0.172607 1.52133e+09
-0.25 1.25 0.75 0.375874 0.621034 0.139065 1.1558e+09
0.25 -1.25 0.75 0.173973 0.588762 0.101207 5.26954e+08
0.75 -0.75 0.75 0.23 0.596273 0.081778 4.23133e+08
0.25 -0.25 0.75 0.258415 0.603712 0.1151 6.51627e+08
0.75 0.25 0.75 0.310394 0.604134 0.0907971 5.00463e+08
0.25 0.75 0.75 0.341925 0.611599 0.117081 7.62871e+08
0.75 1.25 0.75 0.387514 0.607644 0.0862304 5.63153e+08
1.25 -1.25 0.75 0.203583 0.590865 0.0466279 2.73111e+08
1.75 -0.75 0.75 0.252662 0.596249 0.0297337 2.10928e+08
1.25 -0.25 0.75 0.280859 0.598859 0.0613891 3.26151e+08
1.75 0.25 0.75 0.325401 0.59928 0.0390567 2.42593e+08
1.25 0.75 0.75 0.355849 0.602044 0.0644132 3.71167e+08
1.75 1.25 0.75 0.394429 0.599899 0.0355786 2.67314e+08
2.25 -1.25 0.75 0.224998 0.597176 -0.00353647 1.35165e+08
2.25 -0.25 0.75 0.29552 0.600115 0.0110666 1.57007e+08
2.25 0.75 0.75 0.363178 0.600176 0.0143335 1.7494e+08
-2.5 -1.5 1 -0.295586 0.768967 0.269077 1.04872e+10
-2.5 -0.5 1 -0.221355 0.801293 0.262537 1.42936e+10
-2.5 0.5 1 -0.13968 0.826035 0.244797 1.78262e+10
-2.5 1.5 1 -0.053286 0.839702 0.213514 2.00812e+10
-1.5 -1.5 1 -0.281188 0.788041 0.193487 6.19306e+09
-2 -1 1 -0.254474 0.794414 0.22965 9.45999e+09
-1.5 -0.5 1 -0.213604 0.811469 0.192117 7.99555e+09
-2 0 1 -0.180264 0.818586 0.220847 1.20259e+10
-1.5 0.5 1 -0.142292 0.826438 0.180812 9.47223e+09
-2 1 1 -0.101773 0.833208 0.200361 1.39288e+10
-1.5 1.5 1 -0.0691041 0.830715 0.157411 1.02352e+10
-0.5 -1.5 1 -0.262759 0.79824 0.125424 3.42754e+09
-1 -1 1 -0.240767 0.804701 0.159966 5.2577e+09
-0.5 -0.5 1 -0.203305 0.813231 0.128427 4.20369e+09
-1 0 1 -0.175786 0.819728 0.156421 6.34667e+09
-0.5 0.5 1 -0.142896 0.81954 0.122145 4.7622e+09
-1 1 1 -0.109419 0.82522 0.14224 7.03597e+09
-0.5 1.5 1 -0.0822249 0.815966 0.104573 4.98158e+09
0.5 -1.5 1 -0.244227 0.801112 0.065286 1.79485e+09
0 -1 1 -0.225834 0.807011 0.0977965 2.75816e+09
0.5 -0.5 1 -0.193445 0.808603 0.0715311 2.10537e+09
0 0 1 -0.170578 0.813947 0.0982685 3.1833e+09
0.5 0.5 1 -0.143205 0.807727 0.0686718 2.30192e+09
0 1 1 -0.115537 0.811859 0.0885875 3.4097e+09
0.5 1.5 1 -0.0931328 0.798008 0.0549866 2.35345e+09
1.5 -1.5 1 -0.227987 0.79921 0.0123212 8.94247e+08
1 -1 1 -0.212344 0.803635 0.0426763 1.37888e+09
1.5 -0.5 1 -0.185433 0.800369 0.0204461 1.0116e+09
1 0 1 -0.166216 0.803822 0.0457119 1.53509e+09
1.5 0.5 1 -0.143775 0.793801 0.0194539 1.07709e+09
1 1 1 -0.120712 0.795788 0.0388072 1.60364e+09
1.5 1.5 1 -0.101892 0.779474 0.00802044 1.0844e+09
2.5 -1.5 1 -0.215267 0.796026 -0.0345524 4.22287e+08
2 -1 1 -0.201584 0.797638 -0.00649395 6.5831e+08
2.5 -0.5 1 -0.179799 0.791935 -0.0259258 4.64228e+08
2 0 1 -0.163218 0.792379 -0.00233697 7.12882e+08
2.5 0.5 1 -0.144767 0.780869 -0.0264038 4.84697e+08
2 1 1 -0.125052 0.779792 -0.00793021 7.31678e+08
2.5 1.5 1 -0.108608 0.763033 -0.0368691 4.82925e+08
-2.25 -1.25 1.25 0.0916654 0.578778 0.370149 1.44495e+09
-2.25 -0.25 1.25 0.198788 0.617625 0.368426 2.00877e+09
-2.25 0.75 1.25 0.311006 0.643154 0.352366 2.62752e+09
-1.25 -1.25 1.25 0.121111 0.607648 0.30091 8.69282e+08
-1.75 -0.75 1.25 0.156766 0.612407 0.337016 1.32571e+09
-1.25 -0.25 1.25 0.222967 0.634302 0.304376 1.15391e+09
-1.75 0.25 1.25 0.26398 0.638458 0.331987 1.74814e+09
-1.25 0.75 1.25 0.326234 0.649289 0.294349 1.44177e+09
-1.75 1.25 1.25 0.371122 0.652809 0.310085 2.16104e+09
-0.25 -1.25 1.25 0.156391 0.62702 0.236208 4.93989e+08
-0.75 -0.75 1.25 0.187387 0.630485 0.271896 7.56984e+08
-0.25 -0.25 1.25 0.250716 0.643612 0.242911 6.2769e+08
-0.75 0.25 1.25 0.286226 0.646233 0.271217 9.54271e+08
-0.25 0.75 1.25 0.343517 0.650882 0.236612 7.53079e+08
-0.75 1.25 1.25 0.382388 0.652887 0.254854 1.13231e+09
0.75 -1.25 1.25 0.190348 0.640321 0.176749 2.67236e+08
0.25 -0.75 1.25 0.219027 0.641538 0.211041 4.1063e+08
0.75 -0.25 1.25 0.275944 0.649154 0.185106 3.26753e+08
0.25 0.25 1.25 0.308216 0.649563 0.212839 4.97545e+08
0.75 0.75 1.25 0.358179 0.651198 0.180939 3.79153e+08
0.25 1.25 1.25 0.393102 0.65116 0.200021 5.70743e+08
1.75 -1.25 1.25 0.217512 0.65305 0.121929 1.38387e+08
1.25 -0.75 1.25 0.245978 0.650081 0.154545 2.13315e+08
1.75 -0.25 1.25 0.294271 0.656157 0.130835 1.6388e+08
1.25 0.25 1.25 0.325457 0.652664 0.157508 2.50148e+08
1.75 0.75 1.25 0.366841 0.654779 0.127827 1.85272e+08
1.25 1.25 1.25 0.399971 0.651144 0.146953 2.79532e+08
2.25 -0.75 1.25 0.263855 0.662605 0.101645 1.06558e+08
2.25 0.25 1.25 0.334394 0.66137 0.105041 1.21774e+08
2.25 1.25 1.25 0.399993 0.657853 0.096042 1.33461e+08
-2.5 -1 1.5 -0.203848 0.793423 0.323219 7.41676e+09
-2.5 0 1.5 -0.112911 0.822697 0.303695 9.63593e+09
-2.5 1 1.5 -0.0157571 0.84014 0.270737 1.13762e+10
-2 -1.5 1.5 -0.240177 0.788469 0.292264 4.94796e+09
-1.5 -1 1.5 -0.19354 0.812478 0.25413 4.36774e+09
-2 -0.5 1.5 -0.156958 0.817526 0.281617 6.53916e+09
-1.5 0 1.5 -0.111787 0.832347 0.241033 5.39622e+09
-2 0.5 1.5 -0.0678449 0.836575 0.25942 7.91717e+09
-1.5 1 1.5 -0.0271854 0.840913 0.216007 6.09682e+09
-2 1.5 1.5 0.0243954 0.842514 0.223709 8.69482e+09
-1 -1.5 1.5 -0.223682 0.807574 0.222819 2.88249e+09
-0.5 -1 1.5 -0.179006 0.823135 0.189847 2.40012e+09
-1 -0.5 1.5 -0.1485 0.827797 0.21737 3.62067e+09
-0.5 0 1.5 -0.107488 0.834577 0.181831 2.82984e+09
-1 0.5 1.5 -0.0708304 0.83809 0.201522 4.18687e+09
-0.5 1 1.5 -0.0354734 0.835612 0.162859 3.08011e+09
-1 1.5 1.5 0.00770223 0.836619 0.17346 4.44188e+09
0 -1.5 1.5 -0.204284 0.818498 0.159554 1.57569e+09
0.5 -1 1.5 -0.16386 0.826842 0.131668 1.24756e+09
0 -0.5 1.5 -0.138176 0.83074 0.158208 1.88876e+09
0.5 0 1.5 -0.102552 0.831122 0.12733 1.41393e+09
0 0.5 1.5 -0.0718846 0.833615 0.147094 2.10092e+09
0.5 1 1.5 -0.0418853 0.826121 0.112622 1.49552e+09
0 1.5 1.5 -0.00581464 0.826214 0.124641 2.17131e+09
1 -1.5 1.5 -0.185385 0.823114 0.103013 8.16438e+08
1.5 -1 1.5 -0.150357 0.82614 0.0794076 6.19001e+08
1 -0.5 1.5 -0.128432 0.828514 0.104513 9.40606e+08
1.5 0 1.5 -0.0983236 0.824583 0.0773152 6.80035e+08
1 0.5 1.5 -0.0724011 0.825412 0.0965512 1.01515e+09
1.5 1 1.5 -0.0470857 0.814928 0.0652738 7.04639e+08
1 1.5 1.5 -0.0167326 0.813496 0.0779117 1.03023e+09
2 -1.5 1.5 -0.169014 0.824394 0.0526247 4.02925e+08
2.5 -1 1.5 -0.139529 0.824558 0.0320326 2.93341e+08
2 -0.5 1.5 -0.120481 0.824114 0.055629 4.49701e+08
2.5 0 1.5 -0.0953232 0.818281 0.030814 3.14745e+08
2 0.5 1.5 -0.0730083 0.816311 0.0493672 4.7464e+08
2.5 1 1.5 -0.051407 0.805012 0.0200545 3.21503e+08
2 1.5 1.5 -0.0253973 0.801017 0.0330305 4.75929e+08
