449
-2.5 -1 -1.5 -0.353955 0.373401 0.705364 1.39534e+09
-2.5 0 -1.5 -0.400066 0.389511 0.637597 1.69286e+09
-2.5 1 -1.5 -0.417576 0.420486 0.563212 2.13264e+09
-2 -1.5 -1.5 -0.312688 0.339103 0.772698 1.16746e+09
-1.5 -1 -1.5 -0.339103 0.312688 0.772698 1.16746e+09
-2 -0.5 -1.5 -0.373401 0.353955 0.705364 1.39534e+09
-1.5 0 -1.5 -0.391883 0.335594 0.69681 1.4227e+09
-2 0.5 -1.5 -0.409468 0.380001 0.629036 1.73275e+09
-1.5 1 -1.5 -0.415089 0.373115 0.612643 1.81381e+09
-2 1.5 -1.5 -0.410926 0.423177 0.546828 2.25327e+09
-1 -1.5 -1.5 -0.296728 0.265101 0.836843 9.96561e+08
-0.5 -1 -1.5 -0.327209 0.234138 0.827881 1.01039e+09
-1 -0.5 -1.5 -0.364494 0.287158 0.76401 1.18662e+09
-0.5 0 -1.5 -0.386673 0.263932 0.747216 1.22516e+09
-1 0.5 -1.5 -0.407003 0.31981 0.680354 1.47794e+09
-0.5 1 -1.5 -0.416306 0.307396 0.657127 1.56222e+09
-1 1.5 -1.5 -0.414198 0.369658 0.589676 1.93855e+09
0 -1.5 -1.5 -0.280398 0.175923 0.885264 8.82417e+08
0.5 -1 -1.5 -0.311476 0.142959 0.867104 9.03203e+08
0 -0.5 -1.5 -0.354523 0.20524 0.810473 1.03814e+09
0.5 0 -1.5 -0.376652 0.179285 0.785545 1.08003e+09
0 0.5 -1.5 -0.40343 0.243811 0.72334 1.2836e+09
0.5 1 -1.5 -0.412733 0.227061 0.693599 1.36333e+09
0 1.5 -1.5 -0.41751 0.298564 0.628424 1.67821e+09
1 -1.5 -1.5 -0.258842 0.0768794 0.913754 8.10201e+08
1.5 -1 -1.5 -0.288041 0.0442076 0.886379 8.34867e+08
1 -0.5 -1.5 -0.337602 0.112895 0.840931 9.34507e+08
1.5 0 -1.5 -0.357122 0.0862715 0.80781 9.76735e+08
1 0.5 -1.5 -0.391764 0.156664 0.754234 1.13683e+09
1.5 1 -1.5 -0.398319 0.137425 0.717702 1.21022e+09
1 1.5 -1.5 -0.412842 0.21356 0.659195 1.46725e+09
2 -1.5 -1.5 -0.229915 -0.0262058 0.918789 7.72773e+08
2.5 -1 -1.5 -0.255835 -0.0561345 0.882578 8.00677e+08
2 -0.5 -1.5 -0.311089 0.0152271 0.851526 8.68031e+08
2.5 0 -1.5 -0.326794 -0.00971261 0.810282 9.10368e+08
2 0.5 -1.5 -0.368676 0.0632729 0.768866 1.03092e+09
2.5 1 -1.5 -0.371287 0.0438044 0.725167 1.09909e+09
2 1.5 -1.5 -0.395195 0.121359 0.677009 1.30336e+09
-2.25 -0.75 -1.25 0.174461 -0.174461 0.834553 5.03874e+08
-2.25 0.25 -1.25 0.236107 -0.135294 0.794869 5.99821e+08
-2.25 1.25 -1.25 0.288945 -0.102831 0.748642 7.54554e+08
-1.75 -1.25 -1.25 0.159308 -0.159308 0.868884 4.36988e+08
-1.25 -0.75 -1.25 0.216761 -0.103015 0.862728 4.43155e+08
-1.75 -0.25 -1.25 0.229159 -0.121442 0.828808 5.11961e+08
-1.25 0.25 -1.25 0.285064 -0.0704647 0.812 5.36732e+08
-1.75 0.75 -1.25 0.289747 -0.0884708 0.779484 6.329e+08
-1.25 1.25 -1.25 0.344978 -0.0442843 0.755194 6.90813e+08
-0.75 -1.25 -1.25 0.198949 -0.0800458 0.894958 3.90529e+08
-0.25 -0.75 -1.25 0.258645 -0.0225759 0.875846 4.05212e+08
-0.75 -0.25 -1.25 0.27467 -0.0484966 0.844677 4.6199e+08
-0.25 0.25 -1.25 0.332156 0.00349425 0.815939 4.94523e+08
-0.75 0.75 -1.25 0.34148 -0.0220428 0.785326 5.79813e+08
-0.25 1.25 -1.25 0.397498 0.0227996 0.750596 6.4411e+08
0.25 -1.25 -1.25 0.23717 0.00691614 0.903723 3.63366e+08
0.75 -0.75 -1.25 0.296669 0.0641573 0.871783 3.83556e+08
0.25 -0.25 -1.25 0.317186 0.0323637 0.845346 4.30419e+08
0.75 0.25 -1.25 0.373577 0.0836325 0.805337 4.67248e+08
0.25 0.75 -1.25 0.388257 0.0518546 0.778376 5.42528e+08
0.75 1.25 -1.25 0.442274 0.0954554 0.7341 6.08694e+08
1.25 -1.25 -1.25 0.270933 0.0983211 0.893525 3.50885e+08
1.75 -0.75 -1.25 0.328084 0.15349 0.849949 3.75161e+08
1.25 -0.25 -1.25 0.353443 0.117685 0.829755 4.12797e+08
1.75 0.25 -1.25 0.406801 0.166464 0.779805 4.52023e+08
1.25 0.75 -1.25 0.427133 0.13014 0.75798 5.17284e+08
1.75 1.25 -1.25 0.477537 0.171165 0.70515 5.82699e+08
2.25 -1.25 -1.25 0.29793 0.190417 0.864454 3.5144e+08
2.25 -0.25 -1.25 0.381417 0.203958 0.797965 4.07417e+08
2.25 0.75 -1.25 0.456455 0.209824 0.723854 5.02447e+08
-2.5 -1.5 -1 -0.339116 0.388977 0.73584 3.732e+09
-2.5 -0.5 -1 -0.400999 0.400999 0.672377 4.42041e+09
-2.5 0.5 -1 -0.436835 0.425789 0.602824 5.40918e+09
-2.5 1.5 -1 -0.43778 0.469324 0.531542 6.88696e+09
-1.5 -1.5 -1 -0.319896 0.319896 0.805959 3.1461e+09
-2 -1 -1 -0.364029 0.364029 0.739816 3.6989e+09
-1.5 -0.5 -1 -0.388977 0.339116 0.73584 3.732e+09
-2 0 -1 -0.417344 0.384803 0.668684 4.46733e+09
-1.5 0.5 -1 -0.43217 0.37008 0.65791 4.60936e+09
-2 1 -1 -0.440589 0.421489 0.59286 5.61416e+09
-1.5 1.5 -1 -0.440739 0.419267 0.577175 5.96468e+09
-0.5 -1.5 -1 -0.304526 0.231618 0.863123 2.75098e+09
-1 -1 -1 -0.351376 0.288249 0.801681 3.16996e+09
-0.5 -0.5 -1 -0.381078 0.257772 0.789133 3.24189e+09
-1 0 -1 -0.412329 0.315546 0.724217 3.83193e+09
-0.5 0.5 -1 -0.432356 0.294153 0.705785 4.00067e+09
-1 1 -1 -0.443678 0.357651 0.6409 4.85044e+09
-0.5 1.5 -1 -0.450197 0.347794 0.618802 5.19766e+09
0.5 -1.5 -1 -0.28669 0.129959 0.902277 2.4913e+09
0 -1 -1 -0.338891 0.196064 0.849647 2.80429e+09
0.5 -0.5 -1 -0.369667 0.162597 0.828047 2.89376e+09
0 0 -1 -0.407307 0.229379 0.769128 3.3629e+09
0.5 0.5 -1 -0.428495 0.203519 0.742849 3.53502e+09
0 1 -1 -0.447453 0.275249 0.68173 4.24194e+09
0.5 1.5 -1 -0.456257 0.258813 0.653331 4.56297e+09
1.5 -1.5 -1 -0.262602 0.0208429 0.919104 2.33809e+09
1 -1 -1 -0.320862 0.0930693 0.87922 2.56018e+09
1.5 -0.5 -1 -0.349964 0.0591619 0.848533 2.65742e+09
1 0 -1 -0.395325 0.131832 0.799476 3.02048e+09
1.5 0.5 -1 -0.414594 0.104033 0.765286 3.18656e+09
1 1 -1 -0.443325 0.180299 0.711631 3.76218e+09
1.5 1.5 -1 -0.450793 0.159664 0.676786 4.05118e+09
2.5 -1.5 -1 -0.230904 -0.0889807 0.910958 2.28017e+09
2 -1 -1 -0.294432 -0.0147904 0.886697 2.41704e+09
2.5 -0.5 -1 -0.320249 -0.0464927 0.847425 2.51956e+09
2 0 -1 -0.372787 0.0286865 0.811551 2.78419e+09
2.5 0.5 -1 -0.388465 0.00180938 0.769668 2.9428e+09
2 1 -1 -0.426535 0.0792335 0.726852 3.39588e+09
2.5 1.5 -1 -0.430634 0.0573348 0.685414 3.65477e+09
-2.25 -1.25 -0.75 0.0975709 -0.148759 0.845717 1.59817e+09
-2.25 -0.25 -0.75 0.153939 -0.105213 0.808291 1.84734e+09
-2.25 0.75 -0.75 0.203229 -0.0647972 0.762343 2.24138e+09
-1.25 -1.25 -0.75 0.138869 -0.0853672 0.882213 1.40306e+09
-1.75 -0.75 -0.75 0.148759 -0.0975709 0.845717 1.59817e+09
-1.25 -0.25 -0.75 0.200919 -0.0478412 0.833857 1.64576e+09
-1.75 0.25 -0.75 0.204283 -0.0583926 0.797646 1.90973e+09
-1.25 0.75 -0.75 0.255749 -0.0137463 0.777233 2.03863e+09
-1.75 1.25 -0.75 0.253838 -0.0236507 0.744606 2.41314e+09
-0.25 -1.25 -0.75 0.179946 -0.0141412 0.902105 1.28411e+09
-0.75 -0.75 -0.75 0.192828 -0.0330001 0.8693 1.44005e+09
-0.25 -0.25 -0.75 0.246431 0.0175078 0.844429 1.51581e+09
-0.75 0.25 -0.75 0.25339 -9.18801e-05 0.811056 1.74363e+09
-0.25 0.75 -0.75 0.305269 0.0447841 0.77907 1.89729e+09
-0.75 1.25 -0.75 0.3075 0.0280313 0.748687 2.24279e+09
0.75 -1.25 -0.75 0.218222 0.0629085 0.90236 1.22013e+09
0.25 -0.75 -0.75 0.234696 0.0386981 0.87551 1.34433e+09
0.75 -0.25 -0.75 0.28759 0.0886765 0.837976 1.43741e+09
0.25 0.25 -0.75 0.298731 0.0651526 0.809431 1.6338e+09
0.75 0.75 -0.75 0.348878 0.10868 0.766745 1.79904e+09
0.25 1.25 -0.75 0.355641 0.085479 0.740241 2.11507e+09
1.75 -1.25 -0.75 0.251344 0.142477 0.882163 1.20129e+09
1.25 -0.75 -0.75 0.271757 0.114704 0.862811 1.29631e+09
1.75 -0.25 -0.75 0.322236 0.162533 0.814134 1.40089e+09
1.25 0.25 -0.75 0.33781 0.134611 0.79198 1.56635e+09
1.75 0.75 -0.75 0.384925 0.175589 0.740014 1.73489e+09
1.25 1.25 -0.75 0.396424 0.147146 0.718782 2.01831e+09
2.25 -0.75 -0.75 0.302051 0.191643 0.83154 1.29021e+09
2.25 0.25 -0.75 0.369234 0.205561 0.758835 1.53601e+09
2.25 1.25 -0.75 0.42882 0.211188 0.683946 1.94744e+09
-2.5 -1 -0.5 -0.234922 0.236545 0.744102 8.72596e+09
-2.5 0 -0.5 -0.258382 0.26244 0.685675 1.03441e+10
-2.5 1 -0.5 -0.261206 0.296224 0.623302 1.2736e+10
-2 -1.5 -0.5 -0.20478 0.210607 0.802555 7.45331e+09
-1.5 -1 -0.5 -0.210607 0.20478 0.802555 7.45331e+09
-2 -0.5 -0.5 -0.236545 0.234922 0.744102 8.72596e+09
-1.5 0 -0.5 -0.235664 0.232196 0.736034 8.92388e+09
-2 0.5 -0.5 -0.25144 0.264983 0.678511 1.06182e+10
-1.5 1 -0.5 -0.240149 0.267077 0.664757 1.11791e+10
-2 1.5 -0.5 -0.241536 0.303898 0.611398 1.35234e+10
-1 -1.5 -0.5 -0.180613 0.17186 0.858471 6.4773e+09
-0.5 -1 -0.5 -0.187351 0.162486 0.848681 6.58616e+09
-1 -0.5 -0.5 -0.214189 0.198108 0.7936 7.59845e+09
-0.5 0 -0.5 -0.214056 0.191695 0.776271 7.8933e+09
-1 0.5 -0.5 -0.230795 0.229441 0.720483 9.32723e+09
-0.5 1 -0.5 -0.220618 0.227199 0.698504 9.95182e+09
-1 1.5 -0.5 -0.223191 0.26921 0.645423 1.20538e+10
0 -1.5 -0.5 -0.155682 0.124968 0.89837 5.83716e+09
0.5 -1 -0.5 -0.161439 0.114679 0.877876 6.00744e+09
0 -0.5 -0.5 -0.190634 0.153635 0.829669 6.80671e+09
0.5 0 -0.5 -0.189187 0.146051 0.8025 7.14453e+09
0 0.5 -0.5 -0.208906 0.18618 0.751638 8.34724e+09
0.5 1 -0.5 -0.197757 0.181745 0.721072 8.97489e+09
0 1.5 -0.5 -0.204153 0.225505 0.671385 1.08231e+10
1 -1.5 -0.5 -0.127521 0.074439 0.917809 5.44799e+09
1.5 -1 -0.5 -0.131063 0.0654426 0.886569 5.65658e+09
1 -0.5 -0.5 -0.162787 0.106033 0.848458 6.26707e+09
1.5 0 -0.5 -0.158783 0.0995116 0.811531 6.62085e+09
1 0.5 -0.5 -0.182041 0.140069 0.768587 7.608e+09
1.5 1 -0.5 -0.168554 0.135783 0.729421 8.20916e+09
1 1.5 -0.5 -0.17992 0.178406 0.685961 9.79854e+09
2 -1.5 -0.5 -0.0953366 0.0243544 0.913927 5.27156e+09
2.5 -1 -0.5 -0.096154 0.0186492 0.872777 5.51153e+09
2 -0.5 -0.5 -0.129645 0.0590422 0.847178 5.93919e+09
2.5 0 -0.5 -0.122705 0.0555256 0.801197 6.29927e+09
2 0.5 -0.5 -0.14883 0.0953165 0.768642 7.07521e+09
2.5 1 -0.5 -0.132766 0.0934832 0.721177 7.63867e+09
2 1.5 -0.5 -0.148517 0.133218 0.686289 8.96426e+09
-2.25 -0.75 -0.25 0.0558658 -0.0558658 0.811439 2.91347e+09
-2.25 0.25 -0.25 0.0927936 -0.0116581 0.764322 3.4317e+09
-2.25 1.25 -0.25 0.129374 0.0317463 0.71266 4.25093e+09
-1.75 -1.25 -0.25 0.0567078 -0.0567078 0.853486 2.54552e+09
-1.25 -0.75 -0.25 0.0999649 -0.014636 0.847332 2.5798e+09
-1.75 -0.25 -0.25 0.0981228 -0.0152457 0.80594 2.95783e+09
-1.25 0.25 -0.25 0.1419 0.0236987 0.789877 3.09368e+09
-1.75 0.75 -0.25 0.136687 0.0257348 0.75043 3.61066e+09
-1.25 1.25 -0.25 0.182364 0.0609676 0.728543 3.92298e+09
-0.75 -1.25 -0.25 0.0980372 -0.00993391 0.886599 2.28606e+09
-0.25 -0.75 -0.25 0.142934 0.032511 0.86696 2.36835e+09
-0.75 -0.25 -0.25 0.144146 0.0260362 0.82934 2.68445e+09
-0.25 0.25 -0.25 0.188714 0.0648222 0.800922 2.86467e+09
-0.75 0.75 -0.25 0.186712 0.0606331 0.76455 3.3292e+09
-0.25 1.25 -0.25 0.231686 0.0945509 0.732033 3.67755e+09
0.25 -1.25 -0.25 0.138006 0.0425802 0.900667 2.13216e+09
0.75 -0.75 -0.25 0.183142 0.0849686 0.867392 2.24549e+09
0.25 -0.25 -0.25 0.18767 0.0731792 0.835876 2.50913e+09
0.75 0.25 -0.25 0.231529 0.111125 0.795653 2.71329e+09
0.25 0.75 -0.25 0.232895 0.10073 0.764302 3.12857e+09
0.75 1.25 -0.25 0.275977 0.13265 0.722035 3.48711e+09
1.25 -1.25 -0.25 0.174853 0.0992954 0.893414 2.05936e+09
1.75 -0.75 -0.25 0.218795 0.140615 0.847862 2.19476e+09
1.25 -0.25 -0.25 0.227003 0.124787 0.824156 2.40846e+09
1.75 0.25 -0.25 0.269046 0.161116 0.773658 2.6246e+09
1.25 0.75 -0.25 0.273903 0.145318 0.748954 2.98707e+09
1.75 1.25 -0.25 0.314385 0.175101 0.698112 3.33778e+09
2.25 -1.25 -0.25 0.206923 0.15771 0.864943 2.05878e+09
2.25 -0.25 -0.25 0.260609 0.178666 0.794391 2.37263e+09
2.25 0.75 -0.25 0.308916 0.193303 0.718314 2.89763e+09
-2.5 -1.5 0 -0.166915 0.152986 0.783882 1.33096e+10
-2.5 -0.5 0 -0.181983 0.181983 0.733476 1.53577e+10
-2.5 0.5 0 -0.18443 0.214193 0.676169 1.83477e+10
-2.5 1.5 0 -0.166454 0.251072 0.617589 2.28682e+10
-1.5 -1.5 0 -0.138041 0.138041 0.842529 1.14312e+10
-2 -1 0 -0.160976 0.160976 0.788505 1.31611e+10
-1.5 -0.5 0 -0.152986 0.166915 0.783882 1.33096e+10
-2 0 0 -0.170387 0.191053 0.729365 1.55585e+10
-1.5 0.5 0 -0.154968 0.198748 0.717339 1.61706e+10
-2 1 0 -0.163495 0.225393 0.665715 1.91863e+10
-1.5 1.5 0 -0.136992 0.235186 0.649243 2.06368e+10
-0.5 -1.5 0 -0.109333 0.115801 0.887363 1.01963e+10
-1 -1 0 -0.132532 0.141882 0.837426 1.15429e+10
-0.5 -0.5 0 -0.124103 0.145185 0.822436 1.18816e+10
-1 0 0 -0.141657 0.171945 0.77033 1.3761e+10
-0.5 0.5 0 -0.125832 0.176786 0.748769 1.45336e+10
-1 1 0 -0.134558 0.205751 0.698295 1.72234e+10
-0.5 1.5 0 -0.108436 0.2121 0.673525 1.87683e+10
0.5 -1.5 0 -0.0787714 0.0905047 0.913423 9.41983e+09
0 -1 0 -0.102907 0.118173 0.871096 1.04569e+10
0.5 -0.5 0 -0.09286 0.12116 0.845012 1.08984e+10
0 0 0 -0.111627 0.148715 0.798486 1.24583e+10
0.5 0.5 0 -0.0943072 0.152778 0.766998 1.32908e+10
0 1 0 -0.104733 0.181612 0.720572 1.56574e+10
0.5 1.5 0 -0.0778776 0.186294 0.687279 1.71758e+10
1.5 -1.5 0 -0.0455929 0.0653248 0.917261 9.00883e+09
1 -1 0 -0.0705268 0.0934444 0.885579 9.77009e+09
1.5 -0.5 0 -0.0582895 0.0978672 0.848638 1.02687e+10
1 0 0 -0.0783993 0.12519 0.810549 1.15311e+10
1.5 0.5 0 -0.0590398 0.130385 0.769424 1.23679e+10
1 1 0 -0.0716522 0.157362 0.729627 1.4403e+10
1.5 1.5 0 -0.0434302 0.162407 0.687897 1.58258e+10
2.5 -1.5 0 -0.0101253 0.0430641 0.89748 8.93529e+09
2 -1 0 -0.035184 0.0704347 0.878454 9.42205e+09
2.5 -0.5 0 -0.0207425 0.0777204 0.83174 9.95981e+09
2 0 0 -0.0415838 0.103994 0.804341 1.09224e+10
2.5 0.5 0 -0.0202464 0.111852 0.754394 1.17377e+10
2 1 0 -0.0345981 0.136733 0.723277 1.34239e+10
2.5 1.5 0 -0.0053219 0.144252 0.673297 1.47146e+10
-2.25 -1.25 0.25 -0.0193337 -0.01443 0.818774 3.8367e+09
-2.25 -0.25 0.25 0.00423358 0.029487 0.772699 4.40979e+09
-2.25 0.75 0.25 0.028607 0.0752304 0.718588 5.29331e+09
-1.25 -1.25 0.25 0.021827 0.0125321 0.863502 3.38128e+09
-1.75 -0.75 0.25 0.01443 0.0193337 0.818774 3.8367e+09
-1.25 -0.25 0.25 0.0496357 0.0518448 0.807325 3.94265e+09
-1.75 0.25 0.25 0.0398711 0.0616377 0.762623 4.54773e+09
-1.25 0.75 0.25 0.0775911 0.0924156 0.74325 4.83275e+09
-1.75 1.25 0.25 0.0683616 0.106051 0.70203 5.67046e+09
-0.25 -1.25 0.25 0.0622139 0.0434705 0.891035 3.09654e+09
-0.75 -0.75 0.25 0.0572262 0.0458951 0.850836 3.46392e+09
-0.25 -0.25 0.25 0.0935869 0.0781584 0.826479 3.63277e+09
-0.75 0.25 0.25 0.0863235 0.083127 0.785324 4.16034e+09
-0.25 0.75 0.25 0.124071 0.112601 0.754581 4.50022e+09
-0.75 1.25 0.25 0.116907 0.121269 0.716219 5.28171e+09
0.75 -1.25 0.25 0.101148 0.0787143 0.89765 2.93632e+09
0.25 -0.75 0.25 0.0987127 0.0769704 0.864666 3.2307e+09
0.75 -0.25 0.25 0.135354 0.10896 0.827597 3.43671e+09
0.25 0.25 0.25 0.13051 0.108751 0.79235 3.8941e+09
0.75 0.75 0.25 0.167444 0.136723 0.751001 4.25602e+09
0.25 1.25 0.25 0.162185 0.139203 0.717518 4.97631e+09
1.75 -1.25 0.25 0.137287 0.116996 0.882049 2.87846e+09
1.25 -0.75 0.25 0.137758 0.112051 0.858205 3.10428e+09
1.75 -0.25 0.25 0.173721 0.143304 0.809918 3.33237e+09
1.25 0.25 0.25 0.171669 0.138618 0.782442 3.7191e+09
1.75 0.75 0.25 0.207252 0.165173 0.731844 4.08296e+09
1.25 1.25 0.25 0.203872 0.161228 0.704976 4.72843e+09
2.25 -0.75 0.25 0.172921 0.149577 0.831456 3.07127e+09
2.25 0.25 0.25 0.208673 0.171781 0.755472 3.62285e+09
2.25 1.25 0.25 0.241636 0.188138 0.677866 4.53253e+09
-2.5 -1 0.5 -0.14853 0.134325 0.765632 1.90647e+10
-2.5 0 0.5 -0.150204 0.167551 0.712855 2.21645e+10
-2.5 1 0.5 -0.137644 0.203307 0.655629 2.67484e+10
-2 -1.5 0.5 -0.128562 0.116515 0.81878 1.65553e+10
-1.5 -1 0.5 -0.116515 0.128562 0.81878 1.65553e+10
-2 -0.5 0.5 -0.134325 0.14853 0.765632 1.90647e+10
-1.5 0 0.5 -0.117089 0.160866 0.756469 1.95434e+10
-2 0.5 0.5 -0.129175 0.182398 0.704782 2.28078e+10
-1.5 1 0.5 -0.103275 0.195627 0.689246 2.41311e+10
-2 1.5 0.5 -0.105837 0.218841 0.642276 2.85443e+10
-1 -1.5 0.5 -0.0970124 0.107723 0.869861 1.45863e+10
-0.5 -1 0.5 -0.0842453 0.117444 0.858716 1.48624e+10
-1 -0.5 0.5 -0.10196 0.139214 0.808577 1.69155e+10
-0.5 0 0.5 -0.083793 0.149317 0.788844 1.76498e+10
-1 0.5 0.5 -0.0956629 0.172194 0.738791 2.05237e+10
-0.5 1 0.5 -0.0692816 0.182736 0.713854 2.20499e+10
-1 1.5 0.5 -0.0717987 0.207345 0.667437 2.62075e+10
0 -1.5 0.5 -0.0644337 0.0952877 0.904133 1.3316e+10
0.5 -1 0.5 -0.0501789 0.104803 0.880936 1.3756e+10
0 -0.5 0.5 -0.0683773 0.127019 0.837108 1.54228e+10
0.5 0 0.5 -0.0486377 0.136868 0.806357 1.62827e+10
0 0.5 0.5 -0.0612343 0.159194 0.760881 1.87845e+10
0.5 1 0.5 -0.0339056 0.168755 0.726383 2.0357e+10
0 1.5 0.5 -0.0376669 0.192256 0.683236 2.41875e+10
1 -1.5 0.5 -0.0299561 0.0823101 0.917393 1.25735e+10
1.5 -1 0.5 -0.0138911 0.0931016 0.882393 1.3118e+10
1 -0.5 0.5 -0.0325197 0.115022 0.847803 1.44264e+10
1.5 0 0.5 -0.0110151 0.126111 0.806527 1.53378e+10
1 0.5 0.5 -0.0246041 0.147044 0.768225 1.74624e+10
1.5 1 0.5 0.00392589 0.157462 0.724549 1.89854e+10
1 1.5 0.5 -0.00158093 0.177831 0.687062 2.24135e+10
2 -1.5 0.5 0.00635377 0.0710611 0.907329 1.22846e+10
2.5 -1 0.5 0.0241069 0.0843041 0.861816 1.29109e+10
2 -0.5 0.5 0.00559807 0.105211 0.838623 1.38521e+10
2.5 0 0.5 0.0286994 0.118686 0.788027 1.47788e+10
2 0.5 0.5 0.0145301 0.138058 0.759018 1.65004e+10
2.5 1 0.5 0.0440348 0.150801 0.706882 1.79201e+10
2 1.5 0.5 0.0368806 0.168072 0.676811 2.08732e+10
-2.25 -0.75 0.75 -0.0622585 0.0622585 0.783901 5.03474e+09
-2.25 0.25 0.75 -0.0498295 0.107292 0.729706 5.882e+09
-2.25 1.25 0.75 -0.0303966 0.15722 0.670465 7.18287e+09
-1.75 -1.25 0.75 -0.0471459 0.0471459 0.832972 4.42002e+09
-1.25 -0.75 0.75 -0.0198407 0.0734069 0.826926 4.47477e+09
-1.75 -0.25 0.75 -0.0343175 0.0889056 0.778474 5.10532e+09
-1.25 0.25 0.75 -0.00459443 0.114688 0.762598 5.32123e+09
-1.75 0.75 0.75 -0.0180411 0.134218 0.715745 6.16445e+09
-1.25 1.25 0.75 0.0162795 0.160143 0.693656 6.65611e+09
-0.75 -1.25 0.75 -0.00690925 0.060795 0.872943 3.97816e+09
-0.25 -0.75 0.75 0.0214943 0.0866918 0.853662 4.10931e+09
-0.75 -0.25 0.75 0.008849 0.0989107 0.809253 4.64151e+09
-0.25 0.25 0.75 0.0390159 0.123533 0.781346 4.92699e+09
-0.75 0.75 0.75 0.0270942 0.13953 0.737539 5.6939e+09
-0.25 1.25 0.75 0.0602249 0.162557 0.705385 6.23891e+09
0.25 -1.25 0.75 0.0326463 0.0773901 0.893496 3.70718e+09
0.75 -0.75 0.75 0.0619146 0.10337 0.860802 3.88612e+09
0.25 -0.25 0.75 0.0509703 0.111815 0.823165 4.33223e+09
0.75 0.25 0.75 0.0812193 0.135553 0.783767 4.65184e+09
0.25 0.75 0.75 0.0702811 0.146527 0.745439 5.34024e+09
0.75 1.25 0.75 0.102159 0.167008 0.704048 5.89194e+09
1.25 -1.25 0.75 0.0710882 0.0971379 0.89189 3.5684e+09
1.75 -0.75 0.75 0.100518 0.123069 0.8471 3.77863e+09
1.25 -0.25 0.75 0.0916604 0.128198 0.818387 4.14042e+09
1.75 0.25 0.75 0.121573 0.151211 0.768949 4.47225e+09
1.25 0.75 0.75 0.111876 0.15713 0.738107 5.07357e+09
1.75 1.25 0.75 0.142528 0.175911 0.688514 5.60264e+09
2.25 -1.25 0.75 0.10724 0.11915 0.867774 3.54646e+09
2.25 -0.25 0.75 0.129856 0.147487 0.794636 4.0503e+09
2.25 0.75 0.75 0.151325 0.171811 0.714922 4.88289e+09
-2.5 -1.5 1 -0.134412 0.0996589 0.789325 2.09538e+10
-2.5 -0.5 1 -0.134906 0.134906 0.741659 2.37779e+10
-2.5 0.5 1 -0.125582 0.171254 0.686492 2.78662e+10
-2.5 1.5 1 -0.0987165 0.208765 0.629438 3.3956e+10
-1.5 -1.5 1 -0.100301 0.100301 0.846558 1.82276e+10
-2 -1 1 -0.118151 0.118151 0.79443 2.07102e+10
-1.5 -0.5 1 -0.0996589 0.134412 0.789325 2.09538e+10
-2 0 1 -0.113839 0.153132 0.737099 2.40997e+10
-1.5 0.5 1 -0.0887378 0.169527 0.723737 2.50827e+10
-2 1 1 -0.0960144 0.18966 0.674778 2.91754e+10
-1.5 1.5 1 -0.0605699 0.205881 0.656226 3.14522e+10
-0.5 -1.5 1 -0.0657401 0.0959572 0.889356 1.64373e+10
-1 -1 1 -0.0835016 0.115373 0.840946 1.84142e+10
-0.5 -0.5 1 -0.0639471 0.129621 0.824467 1.89803e+10
-1 0 1 -0.0778254 0.149393 0.774354 2.16953e+10
-0.5 0.5 1 -0.0517491 0.163567 0.750545 2.29658e+10
-1 1 1 -0.058651 0.184536 0.702538 2.67794e+10
-0.5 1.5 1 -0.023378 0.19781 0.675029 2.92692e+10
0.5 -1.5 1 -0.0297638 0.0901533 0.912727 1.53246e+10
0 -1 1 -0.0477235 0.109983 0.871558 1.68787e+10
0.5 -0.5 1 -0.0266501 0.124118 0.843098 1.76249e+10
0 0 1 -0.0407906 0.14355 0.798187 1.99436e+10
0.5 0.5 1 -0.0136027 0.157161 0.763785 2.13295e+10
0 1 1 -0.0210741 0.176774 0.719518 2.48117e+10
0.5 1.5 1 0.014266 0.188744 0.683055 2.72932e+10
1.5 -1.5 1 0.00780687 0.0851212 0.913408 1.47588e+10
1 -1 1 -0.0101902 0.104713 0.882497 1.59216e+10
1.5 -0.5 1 0.0124534 0.119965 0.842609 1.67654e+10
1 0 1 -0.00205803 0.138492 0.805685 1.86886e+10
1.5 0.5 1 0.0262342 0.153031 0.76132 2.0084e+10
1 1 1 0.0177576 0.170282 0.723181 2.31694e+10
1.5 1.5 1 0.0533233 0.182825 0.678082 2.5493e+10
2.5 -1.5 1 0.0464007 0.0826738 0.890292 1.47037e+10
2 -1 1 0.0289028 0.101277 0.87168 1.54604e+10
2.5 -0.5 1 0.052872 0.118555 0.821821 1.6362e+10
2 0 1 0.0383683 0.135914 0.79511 1.78602e+10
2.5 0.5 1 0.067554 0.152504 0.741933 1.92048e+10
2 1 1 0.0582337 0.167657 0.711848 2.1821e+10
2.5 1.5 1 0.0936787 0.182418 0.658503 2.38941e+10
-2.25 -1.25 1.25 -0.110321 0.0889058 0.796024 5.26177e+09
-2.25 -0.25 1.25 -0.108881 0.132157 0.743799 6.00415e+09
-2.25 0.75 1.25 -0.100825 0.18099 0.683204 7.1153e+09
-1.25 -1.25 1.25 -0.0696172 0.0902071 0.846905 4.66068e+09
-1.75 -0.75 1.25 -0.0889058 0.110321 0.796024 5.26177e+09
-1.25 -0.25 1.25 -0.0663 0.131128 0.784688 5.39427e+09
-1.75 0.25 1.25 -0.0841811 0.154754 0.733581 6.17605e+09
-1.25 0.75 1.25 -0.0574079 0.177012 0.713891 6.52939e+09
-1.75 1.25 1.25 -0.0701176 0.206189 0.66558 7.57908e+09
-0.25 -1.25 1.25 -0.0300813 0.0918403 0.880694 4.27346e+09
-0.75 -0.75 1.25 -0.0480271 0.110268 0.834511 4.76411e+09
-0.25 -0.25 1.25 -0.0250301 0.130013 0.810665 4.97403e+09
-0.75 0.25 1.25 -0.0419915 0.151586 0.762884 5.66481e+09
-0.25 0.75 1.25 -0.0158799 0.171314 0.732341 6.08239e+09
-0.75 1.25 1.25 -0.028422 0.198465 0.686289 7.08012e+09
0.75 -1.25 1.25 0.0092593 0.0955089 0.893418 4.04452e+09
0.25 -0.75 1.25 -0.00763963 0.111636 0.855019 4.43989e+09
0.75 -0.25 1.25 0.0160189 0.130986 0.818893 4.69243e+09
0.25 0.25 1.25 -0.000553999 0.149145 0.777207 5.29519e+09
0.75 0.75 1.25 0.0250464 0.166939 0.736588 5.73226e+09
0.25 1.25 1.25 0.0115018 0.18943 0.695378 6.65675e+09
1.75 -1.25 1.25 0.0480153 0.101448 0.883268 3.94578e+09
1.25 -0.75 1.25 0.0325233 0.115452 0.855066 4.24947e+09
1.75 -0.25 1.25 0.0565751 0.134656 0.808082 4.52305e+09
1.25 0.25 1.25 0.040633 0.149306 0.774838 5.03263e+09
1.75 0.75 1.25 0.0659326 0.16597 0.72539 5.46095e+09
1.25 1.25 1.25 0.0514469 0.182708 0.691213 6.28955e+09
2.25 -0.75 1.25 0.0715399 0.12156 0.834089 4.17541e+09
2.25 0.25 1.25 0.0811665 0.152573 0.755074 4.86354e+09
2.25 1.25 1.25 0.0915113 0.18048 0.672525 5.97504e+09
-2.5 -1 1.5 -0.129381 0.10791 0.765451 2.3385e+10
-2.5 0 1.5 -0.121754 0.145718 0.713468 2.67025e+10
-2.5 1 1.5 -0.100968 0.184289 0.656406 3.14992e+10
-2 -1.5 1.5 -0.112237 0.0924155 0.818103 2.06029e+10
-1.5 -1 1.5 -0.0924155 0.112237 0.818103 2.06029e+10
-2 -0.5 1.5 -0.10791 0.129381 0.765451 2.3385e+10
-1.5 0 1.5 -0.0832736 0.148757 0.755486 2.39719e+10
-2 0.5 1.5 -0.0938227 0.166891 0.704588 2.74711e+10
-1.5 1 1.5 -0.0607607 0.185972 0.687436 2.90542e+10
-2 1.5 1.5 -0.0623099 0.204816 0.641331 3.35792e+10
-1 -1.5 1.5 -0.0756335 0.0944757 0.869003 1.83608e+10
-0.5 -1 1.5 -0.0548168 0.112243 0.857038 1.87109e+10
-1 -0.5 1.5 -0.0700782 0.130518 0.807089 2.10531e+10
-0.5 0 1.5 -0.0442737 0.147915 0.785784 2.19692e+10
-1 0.5 1.5 -0.0544137 0.166715 0.736232 2.51731e+10
-0.5 1 1.5 -0.0207734 0.183238 0.70904 2.70396e+10
-1 1.5 1.5 -0.0220662 0.20282 0.663248 3.15394e+10
0 -1.5 1.5 -0.0379916 0.0937631 0.902526 1.69113e+10
0.5 -1 1.5 -0.0158212 0.111338 0.877764 1.74725e+10
0 -0.5 1.5 -0.0311606 0.129583 0.833857 1.94193e+10
0.5 0 1.5 -0.00410072 0.146678 0.800934 2.04995e+10
0 0.5 1.5 -0.0144308 0.164516 0.755616 2.33787e+10
0.5 1 1.5 0.0195277 0.179972 0.718506 2.53141e+10
0 1.5 1.5 0.0175302 0.197808 0.675712 2.96326e+10
1 -1.5 1.5 0.00105871 0.0928913 0.914462 1.60708e+10
1.5 -1 1.5 0.0246207 0.111398 0.87736 1.6763e+10
1 -0.5 1.5 0.00922741 0.129131 0.842491 1.83213e+10
1.5 0 1.5 0.0373848 0.147071 0.798733 1.94609e+10
1 0.5 1.5 0.0265423 0.16333 0.760259 2.19658e+10
1.5 1 1.5 0.0607567 0.179395 0.713826 2.38314e+10
1 1.5 1.5 0.0575545 0.194119 0.676291 2.78124e+10
2 -1.5 1.5 0.04124 0.0935617 0.902588 1.57597e+10
2.5 -1 1.5 0.0658947 0.113814 0.854705 1.65447e+10
2 -0.5 1.5 0.0508825 0.130503 0.831173 1.76834e+10
2.5 0 1.5 0.0798778 0.150115 0.77806 1.88243e+10
2 0.5 1.5 0.0686609 0.16505 0.748584 2.08914e+10
2.5 1 1.5 0.102899 0.183091 0.69371 2.25997e+10
2 1.5 1.5 0.0984 0.194953 0.66313 2.60939e+10
