449
-2.5 -1 -1.5 0.247134 -0.0607553 0.524399 5.25231e+10
-2.5 0 -1.5 0.275967 -0.0244584 0.522885 5.32775e+10
-2.5 1 -1.5 0.282669 0.00646911 0.529416 5.35651e+10
-2 -1.5 -1.5 0.217775 0.00500442 0.53984 5.59371e+10
-1.5 -1 -1.5 0.22585 0.115206 0.539796 6.46693e+10
-2 -0.5 -1.5 0.263091 0.034502 0.522646 5.98549e+10
-1.5 0 -1.5 0.257695 0.142148 0.521988 7.22019e+10
-2 0.5 -1.5 0.280905 0.0638841 0.518287 6.27666e+10
-1.5 1 -1.5 0.269812 0.155327 0.512392 7.7364e+10
-2 1.5 -1.5 0.281658 0.082638 0.519162 6.4278e+10
-1 -1.5 -1.5 0.145365 0.222016 0.576266 6.27171e+10
-0.5 -1 -1.5 0.104564 0.350083 0.580064 7.92946e+10
-1 -0.5 -1.5 0.204958 0.24276 0.542992 8.00756e+10
-0.5 0 -1.5 0.163941 0.362063 0.543343 1.0542e+11
-1 0.5 -1.5 0.231908 0.249062 0.520084 9.18722e+10
-0.5 1 -1.5 0.203782 0.355244 0.511359 1.19372e+11
-1 1.5 -1.5 0.251674 0.250355 0.502375 9.8525e+10
0 -1.5 -1.5 -0.0940031 0.484315 0.636988 5.29029e+10
0.5 -1 -1.5 -0.127718 0.550499 0.624204 6.75408e+10
0 -0.5 -1.5 0.0710856 0.474346 0.573399 1.0572e+11
0.5 0 -1.5 0.0986733 0.571055 0.546693 1.16159e+11
0 0.5 -1.5 0.140095 0.469613 0.53004 1.34315e+11
0.5 1 -1.5 0.0847716 0.562921 0.520844 1.84232e+11
0 1.5 -1.5 0.157775 0.456499 0.502619 1.62136e+11
1 -1.5 -1.5 -0.230452 0.523644 0.630501 4.76043e+10
1.5 -1 -1.5 -0.229542 0.573281 0.601957 5.78888e+10
1 -0.5 -1.5 -0.122863 0.599187 0.592268 7.84487e+10
1.5 0 -1.5 -0.148911 0.646607 0.570316 1.007e+11
1 0.5 -1.5 0.00980598 0.666481 0.545964 1.55863e+11
1.5 1 -1.5 -0.0714215 0.702261 0.533007 1.74949e+11
1 1.5 -1.5 0.0529256 0.663643 0.502112 2.46439e+11
2 -1.5 -1.5 -0.306551 0.560376 0.586713 4.3475e+10
2.5 -1 -1.5 -0.307577 0.610081 0.551534 5.46044e+10
2 -0.5 -1.5 -0.238041 0.623401 0.571668 7.45341e+10
2.5 0 -1.5 -0.23737 0.670942 0.535493 9.23094e+10
2 0.5 -1.5 -0.162339 0.690168 0.541037 1.26262e+11
2.5 1 -1.5 -0.152861 0.72827 0.502697 1.4097e+11
2 1.5 -1.5 -0.0743602 0.738296 0.494345 1.84887e+11
-2.25 -0.75 -1.25 0.290396 0.0144128 0.525301 1.40907e+10
-2.25 0.25 -1.25 0.301243 0.0646246 0.528606 1.47136e+10
-2.25 1.25 -1.25 0.30047 0.0983191 0.533613 1.51229e+10
-1.75 -1.25 -1.25 0.301136 0.0734413 0.524347 1.52493e+10
-1.25 -0.75 -1.25 0.326943 0.199877 0.513968 1.82576e+10
-1.75 -0.25 -1.25 0.325594 0.12162 0.515393 1.66688e+10
-1.25 0.25 -1.25 0.344935 0.225944 0.501112 2.07293e+10
-1.75 0.75 -1.25 0.327375 0.150395 0.514027 1.78586e+10
-1.25 1.25 -1.25 0.347002 0.233346 0.493218 2.23622e+10
-0.75 -1.25 -1.25 0.305118 0.275238 0.521807 1.81248e+10
-0.25 -0.75 -1.25 0.277747 0.417644 0.518279 2.31255e+10
-0.75 -0.25 -1.25 0.341354 0.311933 0.49724 2.31219e+10
-0.25 0.25 -1.25 0.323723 0.429666 0.481039 2.99295e+10
-0.75 0.75 -1.25 0.352483 0.325076 0.4805 2.6425e+10
-0.25 1.25 -1.25 0.357278 0.4201 0.452029 3.50638e+10
0.25 -1.25 -1.25 0.179738 0.512396 0.552456 1.22313e+10
0.75 -0.75 -1.25 0.201549 0.562099 0.526365 1.38643e+10
0.25 -0.25 -1.25 0.194455 0.523779 0.516173 2.94491e+10
0.75 0.25 -1.25 0.189957 0.628159 0.488034 3.84259e+10
0.25 0.75 -1.25 0.315727 0.53281 0.4543 4.03368e+10
0.75 1.25 -1.25 0.25702 0.613263 0.436294 5.09309e+10
1.25 -1.25 -1.25 0.168004 0.457911 0.545134 8.25655e+09
1.75 -0.75 -1.25 0.157542 0.481988 0.523431 9.61636e+09
1.25 -0.25 -1.25 0.184391 0.588657 0.503727 1.56903e+10
1.75 0.25 -1.25 0.199579 0.605272 0.486989 1.75715e+10
1.25 0.75 -1.25 0.213002 0.675186 0.455832 2.80851e+10
1.75 1.25 -1.25 0.256479 0.676195 0.423825 2.86699e+10
2.25 -1.25 -1.25 0.119464 0.383708 0.539032 6.25914e+09
2.25 -0.25 -1.25 0.177223 0.515609 0.509551 1.11387e+10
2.25 0.75 -1.25 0.22177 0.642555 0.462321 2.01763e+10
-2.5 -1.5 -1 0.186747 -0.0542244 0.532363 5.09772e+10
-2.5 -0.5 -1 0.239553 -0.0150076 0.524867 5.48383e+10
-2.5 0.5 -1 0.261438 0.022309 0.526607 5.73175e+10
-2.5 1.5 -1 0.264171 0.051513 0.533178 5.85542e+10
-1.5 -1.5 -1 0.173324 0.131934 0.547883 5.3315e+10
-2 -1 -1 0.216651 0.0465452 0.528991 5.68931e+10
-1.5 -0.5 -1 0.228079 0.161249 0.521962 6.64104e+10
-2 0 -1 0.253758 0.0826609 0.517974 6.336e+10
-1.5 0.5 -1 0.24529 0.184861 0.511137 7.66691e+10
-2 1 -1 0.263049 0.107822 0.516536 6.80075e+10
-1.5 1.5 -1 0.253442 0.193777 0.503274 8.32824e+10
-0.5 -1.5 -1 0.157293 0.354765 0.559722 4.04379e+10
-1 -1 -1 0.19315 0.257353 0.535896 6.09731e+10
-0.5 -0.5 -1 0.148134 0.386093 0.534483 7.43586e+10
-1 0 -1 0.205444 0.276756 0.517738 8.14672e+10
-0.5 0.5 -1 0.176842 0.377286 0.507137 1.01921e+11
-1 1 -1 0.225307 0.28158 0.500123 9.55166e+10
-0.5 1.5 -1 0.198772 0.385911 0.486368 1.2263e+11
0.5 -1.5 -1 -0.13569 0.506804 0.608452 2.74999e+10
0 -1 -1 0.0643159 0.503991 0.569227 4.81491e+10
0.5 -0.5 -1 -0.0400707 0.590147 0.567892 5.61053e+10
0 0 -1 0.11014 0.472812 0.524296 9.04899e+10
0.5 0.5 -1 0.0881702 0.593975 0.508502 1.13768e+11
0 1 -1 0.147986 0.49062 0.493391 1.30533e+11
0.5 1.5 -1 0.117723 0.577729 0.473081 1.62107e+11
1.5 -1.5 -1 -0.222736 0.548895 0.598825 2.43358e+10
1 -1 -1 -0.140645 0.58327 0.58695 3.57611e+10
1.5 -0.5 -1 -0.154361 0.621651 0.562568 4.3678e+10
1 0 -1 -0.0667699 0.646969 0.548331 6.68042e+10
1.5 0.5 -1 -0.0641288 0.687268 0.517493 7.38355e+10
1 1 -1 0.0796305 0.677108 0.491954 1.22906e+11
1.5 1.5 -1 0.00670928 0.721469 0.477793 1.23602e+11
2.5 -1.5 -1 -0.289899 0.576517 0.565327 2.17489e+10
2 -1 -1 -0.225848 0.594111 0.571743 3.00056e+10
2.5 -0.5 -1 -0.217512 0.642425 0.543324 3.70052e+10
2 0 -1 -0.146221 0.666349 0.536237 5.15382e+10
2.5 0.5 -1 -0.132907 0.714374 0.50477 6.17008e+10
2 1 -1 -0.0627973 0.737793 0.489515 8.85737e+10
2.5 1.5 -1 -0.0409698 0.765953 0.451249 8.96138e+10
-2.25 -1.25 -0.75 0.348446 -0.0620976 0.490776 1.32587e+10
-2.25 -0.25 -0.75 0.374371 0.000665771 0.49058 1.44978e+10
-2.25 0.75 -0.75 0.379599 0.0384384 0.493394 1.54276e+10
-1.25 -1.25 -0.75 0.367045 0.148682 0.490709 1.4532e+10
-1.75 -0.75 -0.75 0.39278 0.068884 0.48054 1.52453e+10
-1.25 -0.25 -0.75 0.419924 0.198558 0.461225 1.84937e+10
-1.75 0.25 -0.75 0.409693 0.10736 0.471932 1.7257e+10
-1.25 0.75 -0.75 0.431034 0.204567 0.446705 2.11586e+10
-1.75 1.25 -0.75 0.407074 0.11743 0.468636 1.8599e+10
-0.25 -1.25 -0.75 0.256001 0.41657 0.513111 1.38009e+10
-0.75 -0.75 -0.75 0.378834 0.298885 0.471303 1.74487e+10
-0.25 -0.25 -0.75 0.376615 0.408343 0.446668 2.09843e+10
-0.75 0.25 -0.75 0.428186 0.302149 0.436002 2.25975e+10
-0.25 0.75 -0.75 0.422114 0.400728 0.408242 2.82343e+10
-0.75 1.25 -0.75 0.441393 0.297673 0.416207 2.65803e+10
0.75 -1.25 -0.75 0.231068 0.415936 0.530013 5.58864e+09
0.25 -0.75 -0.75 0.267899 0.547838 0.491994 1.12368e+10
0.75 -0.25 -0.75 0.248281 0.604796 0.475251 1.26436e+10
0.25 0.25 -0.75 0.320983 0.51943 0.435935 2.63494e+10
0.75 0.75 -0.75 0.287157 0.624458 0.417927 3.11322e+10
0.25 1.25 -0.75 0.412387 0.49053 0.378815 3.49439e+10
1.75 -1.25 -0.75 0.186824 0.367359 0.562921 4.16657e+09
1.25 -0.75 -0.75 0.255525 0.480397 0.520929 6.86464e+09
1.75 -0.25 -0.75 0.241665 0.53463 0.504578 7.89757e+09
1.25 0.25 -0.75 0.270875 0.611017 0.450594 1.32483e+10
1.75 0.75 -0.75 0.28007 0.630244 0.440365 1.35066e+10
1.25 1.25 -0.75 0.31826 0.664378 0.3855 2.13735e+10
2.25 -0.75 -0.75 0.172827 0.417812 0.549369 4.91161e+09
2.25 0.25 -0.75 0.247857 0.547364 0.495664 8.50488e+09
2.25 1.25 -0.75 0.31572 0.657506 0.42316 1.49877e+10
-2.5 -1 -0.5 0.203348 -0.0181646 0.521996 4.71803e+10
-2.5 0 -0.5 0.241689 0.0242913 0.519906 5.24383e+10
-2.5 1 -0.5 0.255767 0.0611937 0.523814 5.5996e+10
-2 -1.5 -0.5 0.164799 0.0387196 0.530538 4.24668e+10
-1.5 -1 -0.5 0.193423 0.148253 0.519925 4.76409e+10
-2 -0.5 -0.5 0.226292 0.081149 0.513971 5.29485e+10
-1.5 0 -0.5 0.232789 0.198178 0.503076 6.22612e+10
-2 0.5 -0.5 0.251578 0.121828 0.508307 6.10079e+10
-1.5 1 -0.5 0.245902 0.216409 0.493309 7.30473e+10
-2 1.5 -0.5 0.257048 0.142819 0.507013 6.62856e+10
-1 -1.5 -0.5 0.135342 0.236863 0.541339 3.52975e+10
-0.5 -1 -0.5 0.151011 0.396903 0.527422 4.15767e+10
-1 -0.5 -0.5 0.200392 0.283513 0.507984 5.58789e+10
-0.5 0 -0.5 0.193411 0.392659 0.490042 6.40799e+10
-1 0.5 -0.5 0.222351 0.301762 0.487972 7.4265e+10
-0.5 1 -0.5 0.191161 0.398975 0.47396 9.08876e+10
-1 1.5 -0.5 0.225099 0.309406 0.477168 8.95113e+10
0 -1.5 -0.5 -0.112361 0.480039 0.5928 2.0188e+10
0.5 -1 -0.5 -0.0678937 0.544962 0.561689 2.17493e+10
0 -0.5 -0.5 0.191742 0.498274 0.503013 4.25658e+10
0.5 0 -0.5 0.0933341 0.614539 0.507272 5.15703e+10
0 0.5 -0.5 0.144141 0.49281 0.480334 7.77606e+10
0.5 1 -0.5 0.122587 0.581801 0.462726 8.82363e+10
0 1.5 -0.5 0.169614 0.494739 0.453368 1.09045e+11
1 -1.5 -0.5 -0.161929 0.531744 0.589793 1.43208e+10
1.5 -1 -0.5 -0.161448 0.596305 0.568424 1.82491e+10
1 -0.5 -0.5 -0.080501 0.613719 0.545107 2.67334e+10
1.5 0 -0.5 -0.0849188 0.673753 0.522248 3.31198e+10
1 0.5 -0.5 -0.0018598 0.662941 0.503561 5.30383e+10
1.5 1 -0.5 0.00745449 0.712947 0.470677 5.36631e+10
1 1.5 -0.5 0.142715 0.67146 0.44276 8.91464e+10
2 -1.5 -0.5 -0.227778 0.566624 0.584969 1.25918e+10
2.5 -1 -0.5 -0.217534 0.616798 0.558923 1.55045e+10
2 -0.5 -0.5 -0.155071 0.646535 0.543352 2.22722e+10
2.5 0 -0.5 -0.132135 0.689751 0.517387 2.58573e+10
2 0.5 -0.5 -0.0665131 0.713191 0.494235 3.68534e+10
2.5 1 -0.5 -0.0359331 0.75914 0.461851 4.19399e+10
2 1.5 -0.5 0.0214332 0.768719 0.438214 6.01824e+10
-2.25 -0.75 -0.25 0.419411 -0.0626582 0.460245 1.24144e+10
-2.25 0.25 -0.25 0.444323 -0.0123287 0.457529 1.38823e+10
-2.25 1.25 -0.25 0.444217 0.00525448 0.458326 1.4781e+10
-1.75 -1.25 -0.25 0.427603 0.00294334 0.458883 1.13811e+10
-1.25 -0.75 -0.25 0.453415 0.149809 0.442093 1.33079e+10
-1.75 -0.25 -0.25 0.467778 0.0603472 0.439667 1.4293e+10
-1.25 0.25 -0.25 0.490467 0.175847 0.412978 1.6915e+10
-1.75 0.75 -0.25 0.476219 0.0822464 0.430109 1.63313e+10
-1.25 1.25 -0.25 0.496389 0.170979 0.39587 1.97448e+10
-0.75 -1.25 -0.25 0.3963 0.252115 0.473344 1.04821e+10
-0.25 -0.75 -0.25 0.370146 0.413603 0.458033 1.23417e+10
-0.75 -0.25 -0.25 0.459285 0.271615 0.418974 1.53116e+10
-0.25 0.25 -0.25 0.463721 0.383143 0.386855 1.82793e+10
-0.75 0.75 -0.25 0.498769 0.27884 0.380252 2.05339e+10
-0.25 1.25 -0.25 0.488103 0.360649 0.349806 2.3808e+10
0.25 -1.25 -0.25 0.318392 0.440992 0.49503 4.66363e+09
0.75 -0.75 -0.25 0.296657 0.500211 0.482621 5.06497e+09
0.25 -0.25 -0.25 0.340693 0.551148 0.434033 1.47046e+10
0.75 0.25 -0.25 0.354379 0.607325 0.409989 1.02939e+10
0.25 0.75 -0.25 0.402591 0.487766 0.37447 2.06115e+10
0.75 1.25 -0.25 0.383821 0.589236 0.355034 2.30792e+10
1.25 -1.25 -0.25 0.228233 0.358745 0.56193 2.82051e+09
1.75 -0.75 -0.25 0.236485 0.411604 0.564763 3.28698e+09
1.25 -0.25 -0.25 0.290263 0.51888 0.482793 5.37855e+09
1.75 0.25 -0.25 0.305401 0.562905 0.476244 6.10706e+09
1.25 0.75 -0.25 0.356268 0.613781 0.399371 1.00365e+10
1.75 1.25 -0.25 0.357493 0.631076 0.396585 9.67422e+09
2.25 -1.25 -0.25 0.130385 0.327169 0.622812 2.19828e+09
2.25 -0.25 -0.25 0.224821 0.475293 0.554069 3.83115e+09
2.25 0.75 -0.25 0.309696 0.581437 0.474183 6.26076e+09
-2.5 -1.5 0 0.167879 -0.0362522 0.514494 3.35482e+10
-2.5 -0.5 0 0.221823 0.0154736 0.51086 4.10693e+10
-2.5 0.5 0 0.246246 0.0589073 0.512433 4.66085e+10
-2.5 1.5 0 0.256944 0.0958294 0.516303 5.0277e+10
-1.5 -1.5 0 0.148552 0.126822 0.523471 2.59959e+10
-2 -1 0 0.199598 0.0651861 0.508478 3.59502e+10
-1.5 -0.5 0 0.21362 0.179257 0.496636 4.06297e+10
-2 0 0 0.238302 0.115676 0.498849 4.62098e+10
-1.5 0.5 0 0.243559 0.220319 0.481133 5.34703e+10
-2 1 0 0.253386 0.149309 0.494594 5.38854e+10
-1.5 1.5 0 0.245998 0.239931 0.474541 6.38596e+10
-0.5 -1.5 0 -0.0431702 0.453796 0.570982 1.50242e+10
-1 -1 0 0.176523 0.257509 0.508749 2.97841e+10
-0.5 -0.5 0 0.174659 0.384307 0.491368 3.38314e+10
-1 0 0 0.219782 0.29194 0.477763 4.62692e+10
-0.5 0.5 0 0.208258 0.410935 0.45953 5.40669e+10
-1 1 0 0.231603 0.324187 0.462401 6.32776e+10
-0.5 1.5 0 0.204219 0.40652 0.442603 7.30789e+10
0.5 -1.5 0 -0.127028 0.523406 0.579074 9.83059e+09
0 -1 0 -0.0573971 0.522893 0.555248 1.71542e+10
0.5 -0.5 0 -0.0617349 0.589044 0.537084 1.95294e+10
0 0 0 0.155556 0.538651 0.476432 3.96819e+10
0.5 0.5 0 0.139377 0.614087 0.468728 3.99684e+10
0 1 0 0.177466 0.487428 0.441803 5.9931e+10
0.5 1.5 0 0.168089 0.568769 0.421912 6.3804e+10
1.5 -1.5 0 -0.195403 0.559705 0.584533 7.63658e+09
1 -1 0 -0.129098 0.578546 0.557913 1.15298e+10
1.5 -0.5 0 -0.109357 0.636445 0.537903 1.34168e+10
1 0 0 -0.0374317 0.634421 0.510186 2.05394e+10
1.5 0.5 0 -0.0296696 0.704895 0.485749 2.42802e+10
1 1 0 0.048309 0.669939 0.465051 3.84655e+10
1.5 1.5 0 0.0686532 0.725467 0.429627 3.67151e+10
2.5 -1.5 0 -0.232122 0.591812 0.583141 6.70419e+09
2 -1 0 -0.175032 0.618208 0.563429 9.40972e+09
2.5 -0.5 0 -0.149558 0.672248 0.536708 1.13961e+10
2 0 0 -0.0883019 0.697824 0.51061 1.62844e+10
2.5 0.5 0 -0.0529324 0.73877 0.482119 1.81768e+10
2 1 0 0.00299224 0.748552 0.454452 2.57261e+10
2.5 1.5 0 0.0516813 0.792487 0.416758 2.77729e+10
-2.25 -1.25 0.25 0.433171 -0.123699 0.443104 9.04512e+09
-2.25 -0.25 0.25 0.483637 -0.062615 0.431241 1.09923e+10
-2.25 0.75 0.25 0.500157 -0.0381612 0.425435 1.22747e+10
-1.25 -1.25 0.25 0.459785 0.0932055 0.447522 7.67989e+09
-1.75 -0.75 0.25 0.489419 -0.0080871 0.423673 9.96922e+09
-1.25 -0.25 0.25 0.518325 0.13136 0.400063 1.11647e+10
-1.75 0.25 0.25 0.522772 0.0430633 0.403634 1.24286e+10
-1.25 0.75 0.25 0.545492 0.144404 0.368419 1.45048e+10
-1.75 1.25 0.25 0.531938 0.0418145 0.388937 1.42517e+10
-0.25 -1.25 0.25 0.421221 0.393326 0.47023 3.60311e+09
-0.75 -0.75 0.25 0.444206 0.254164 0.433154 8.66782e+09
-0.25 -0.25 0.25 0.469214 0.391983 0.399263 1.01815e+10
-0.75 0.25 0.25 0.532416 0.249452 0.367848 1.30028e+10
-0.25 0.75 0.25 0.517537 0.340798 0.341134 1.43094e+10
-0.75 1.25 0.25 0.542983 0.233034 0.334698 1.66577e+10
0.75 -1.25 0.25 0.317878 0.362786 0.550771 2.06801e+09
0.25 -0.75 0.25 0.385986 0.490208 0.452068 4.05162e+09
0.75 -0.25 0.25 0.382135 0.508205 0.441637 4.20156e+09
0.25 0.25 0.25 0.427367 0.534347 0.380379 1.15824e+10
0.75 0.75 0.25 0.434137 0.583328 0.360247 7.58519e+09
0.25 1.25 0.25 0.472659 0.442868 0.324799 1.51517e+10
1.75 -1.25 0.25 0.158128 0.334425 0.638492 1.45137e+09
1.25 -0.75 0.25 0.284227 0.440985 0.542733 2.30265e+09
1.75 -0.25 0.25 0.26729 0.463158 0.552254 2.45299e+09
1.25 0.25 0.25 0.355704 0.548036 0.45096 4.15665e+09
1.75 0.75 0.25 0.361477 0.583972 0.451167 4.42088e+09
1.25 1.25 0.25 0.432876 0.591566 0.355555 7.02119e+09
2.25 -0.75 0.25 0.151329 0.396592 0.636357 1.68097e+09
2.25 0.25 0.25 0.265996 0.523825 0.546733 2.83521e+09
2.25 1.25 0.25 0.365536 0.599481 0.452674 4.32267e+09
-2.5 -1 0.5 0.206522 -0.0032738 0.500329 2.72149e+10
-2.5 0 0.5 0.235219 0.0445765 0.500647 3.37683e+10
-2.5 1 0.5 0.253701 0.089251 0.50293 3.85965e+10
-2 -1.5 0.5 0.199691 0.0388249 0.500991 1.9816e+10
-1.5 -1 0.5 0.210125 0.159533 0.493296 2.10641e+10
-2 -0.5 0.5 0.228965 0.0954939 0.48976 2.93547e+10
-1.5 0 0.5 0.233698 0.200155 0.474428 3.25575e+10
-2 0.5 0.5 0.247634 0.138254 0.483254 3.76422e+10
-1.5 1 0.5 0.248961 0.238605 0.461443 4.30623e+10
-2 1.5 0.5 0.25905 0.177068 0.479791 4.42123e+10
-1 -1.5 0.5 0.130975 0.291919 0.533208 1.14999e+10
-0.5 -1 0.5 0.0214459 0.459497 0.534433 1.239e+10
-1 -0.5 0.5 0.199374 0.276704 0.482373 2.36188e+10
-0.5 0 0.5 0.200933 0.406794 0.461148 2.7045e+10
-1 0.5 0.5 0.237856 0.317174 0.452378 3.70329e+10
-0.5 1 0.5 0.21979 0.411249 0.432598 4.13029e+10
-1 1.5 0.5 0.230176 0.322407 0.440025 4.90257e+10
0 -1.5 0.5 -0.0971224 0.477502 0.57527 6.64906e+09
0.5 -1 0.5 -0.0899148 0.554392 0.555426 7.71373e+09
0 -0.5 0.5 0.00277877 0.559393 0.519677 1.41004e+10
0.5 0 0.5 -0.0217655 0.605593 0.507664 1.53888e+10
0 0.5 0.5 0.173681 0.525429 0.445624 2.99535e+10
0.5 1 0.5 0.17958 0.602409 0.436786 2.88252e+10
0 1.5 0.5 0.205936 0.486624 0.41142 4.30752e+10
1 -1.5 0.5 -0.170327 0.549241 0.584998 4.91629e+09
1.5 -1 0.5 -0.154435 0.615186 0.560015 5.88583e+09
1 -0.5 0.5 -0.0858186 0.627604 0.532274 9.12194e+09
1.5 0 0.5 -0.0676254 0.67221 0.510466 9.88149e+09
1 0.5 0.5 0.00617575 0.651003 0.47996 1.5065e+10
1.5 1 0.5 0.0226481 0.728531 0.452357 1.68554e+10
1 1.5 0.5 0.0926661 0.674051 0.432608 2.64271e+10
2 -1.5 0.5 -0.211802 0.594993 0.586505 4.12379e+09
2.5 -1 0.5 -0.179525 0.649881 0.562895 5.00562e+09
2 -0.5 0.5 -0.125827 0.667979 0.5378 6.87083e+09
2.5 0 0.5 -0.0822921 0.725958 0.506305 8.20542e+09
2 0.5 0.5 -0.031043 0.737882 0.478634 1.15333e+10
2.5 1 0.5 0.0209954 0.778102 0.445004 1.2358e+10
2 1.5 0.5 0.067656 0.772305 0.417845 1.68848e+10
-2.25 -0.75 0.75 0.501203 -0.113788 0.419673 7.54071e+09
-2.25 0.25 0.75 0.537288 -0.0782658 0.403457 9.03295e+09
-2.25 1.25 0.75 0.538871 -0.064983 0.39703 1.01614e+10
-1.75 -1.25 0.75 0.480615 -0.0365511 0.434291 5.85675e+09
-1.25 -0.75 0.75 0.524429 0.0910843 0.408171 6.3073e+09
-1.75 -0.25 0.75 0.539658 -5.1824e-05 0.395033 8.18112e+09
-1.25 0.25 0.75 0.571153 0.103732 0.362931 9.03485e+09
-1.75 0.75 0.75 0.569437 0.00354035 0.368426 1.01025e+10
-1.25 1.25 0.75 0.587043 0.083635 0.330113 1.12411e+10
-0.75 -1.25 0.75 0.460143 0.307654 0.452305 2.72033e+09
-0.25 -0.75 0.75 0.464443 0.408331 0.431638 2.93807e+09
-0.75 -0.25 0.75 0.514854 0.234919 0.38931 7.01464e+09
-0.25 0.25 0.75 0.516874 0.367774 0.360013 7.51985e+09
-0.75 0.75 0.75 0.57584 0.216141 0.330695 9.97227e+09
-0.25 1.25 0.75 0.544873 0.304075 0.308872 1.05628e+10
0.25 -1.25 0.75 0.390289 0.348244 0.528144 1.50399e+09
0.75 -0.75 0.75 0.364646 0.403855 0.527056 1.60221e+09
0.25 -0.25 0.75 0.472342 0.491894 0.410361 3.30483e+09
0.75 0.25 0.75 0.450903 0.510473 0.408619 3.14525e+09
0.25 0.75 0.75 0.494595 0.501464 0.338902 8.39894e+09
0.75 1.25 0.75 0.501882 0.541389 0.321832 5.20959e+09
1.25 -1.25 0.75 0.218928 0.32942 0.646009 9.74523e+08
1.75 -0.75 0.75 0.186195 0.411437 0.637147 1.10967e+09
1.25 -0.25 0.75 0.339837 0.472873 0.526455 1.78439e+09
1.75 0.25 0.75 0.302326 0.508004 0.541092 1.77952e+09
1.25 0.75 0.75 0.416763 0.549066 0.424388 2.95606e+09
1.75 1.25 0.75 0.414268 0.585624 0.428128 2.97789e+09
2.25 -1.25 0.75 0.0456472 0.369766 0.705931 7.94005e+08
2.25 -0.25 0.75 0.166309 0.47001 0.632565 1.23152e+09
2.25 0.75 0.75 0.300404 0.565657 0.534569 1.99074e+09
-2.5 -1.5 1 0.165329 -0.0292149 0.500361 1.5449e+10
-2.5 -0.5 1 0.22577 0.0286764 0.491499 2.11413e+10
-2.5 0.5 1 0.248241 0.0720466 0.491015 2.61186e+10
-2.5 1.5 1 0.2587 0.115619 0.493243 3.00806e+10
-1.5 -1.5 1 0.166303 0.184145 0.512762 1.02535e+10
-2 -1 1 0.220797 0.0891388 0.489574 1.59276e+10
-1.5 -0.5 1 0.250283 0.192838 0.471123 1.66188e+10
-2 0 1 0.244357 0.116987 0.475182 2.26958e+10
-1.5 0.5 1 0.244572 0.216378 0.455617 2.47726e+10
-2 1 1 0.257344 0.161282 0.468844 2.88114e+10
-1.5 1.5 1 0.255555 0.251118 0.443372 3.20764e+10
-0.5 -1.5 1 -0.0619666 0.37938 0.564207 4.36158e+09
-1 -1 1 0.246072 0.289699 0.49151 9.80802e+09
-0.5 -0.5 1 0.163396 0.442967 0.492525 1.07644e+10
-1 0 1 0.22177 0.299673 0.458408 1.81132e+10
-0.5 0.5 1 0.21746 0.425969 0.437198 2.00509e+10
-1 1 1 0.23965 0.320943 0.432772 2.72073e+10
-0.5 1.5 1 0.21232 0.403214 0.416278 2.9058e+10
0.5 -1.5 1 -0.146334 0.50926 0.593579 3.09188e+09
0 -1 1 -0.056359 0.494363 0.550933 5.04946e+09
0.5 -0.5 1 -0.0550503 0.586154 0.531365 5.88487e+09
0 0 1 0.0499398 0.567075 0.488974 1.08734e+10
0.5 0.5 1 0.0059882 0.614877 0.483495 1.11836e+10
0 1 1 0.191063 0.536515 0.423056 2.16285e+10
0.5 1.5 1 0.210107 0.596837 0.413787 1.9549e+10
1.5 -1.5 1 -0.199827 0.588695 0.593343 2.57467e+09
1 -1 1 -0.13412 0.594323 0.56746 3.73288e+09
1.5 -0.5 1 -0.112625 0.662885 0.538639 4.39772e+09
1 0 1 -0.0508311 0.65617 0.509212 6.71113e+09
1.5 0.5 1 -0.0251877 0.704187 0.485247 6.94695e+09
1 1 1 0.0429749 0.663881 0.455889 1.03333e+10
1.5 1.5 1 0.0729603 0.748041 0.42383 1.10556e+10
2.5 -1.5 1 -0.216247 0.634112 0.586523 2.29012e+09
2 -1 1 -0.169251 0.652785 0.563717 3.1002e+09
2.5 -0.5 1 -0.125688 0.705708 0.535355 3.64689e+09
2 0 1 -0.0794372 0.713448 0.511657 4.92812e+09
2.5 0.5 1 -0.0175032 0.770109 0.473546 5.70042e+09
2 1 1 0.0277638 0.770599 0.44761 7.75602e+09
2.5 1.5 1 0.102222 0.806138 0.406626 7.89249e+09
-2.25 -1.25 1.25 0.492358 -0.169851 0.429843 4.46144e+09
-2.25 -0.25 1.25 0.554081 -0.127066 0.397256 5.89496e+09
-2.25 0.75 1.25 0.570535 -0.10207 0.380804 7.02701e+09
-1.25 -1.25 1.25 0.505401 0.123015 0.446651 3.20751e+09
-1.75 -0.75 1.25 0.543706 -0.0344318 0.410724 4.68628e+09
-1.25 -0.25 1.25 0.551377 0.097407 0.385479 5.01776e+09
-1.75 0.25 1.25 0.587177 -0.0197584 0.367472 6.26927e+09
-1.25 0.75 1.25 0.607539 0.0574584 0.332575 6.67743e+09
-1.75 1.25 1.25 0.594146 -0.0305751 0.342991 7.60084e+09
-0.25 -1.25 1.25 0.453513 0.281573 0.498849 1.06722e+09
-0.75 -0.75 1.25 0.515697 0.301558 0.416459 3.36579e+09
-0.25 -0.25 1.25 0.527058 0.402137 0.391601 2.24114e+09
-0.75 0.25 1.25 0.57282 0.218736 0.355266 5.17245e+09
-0.25 0.75 1.25 0.561652 0.358643 0.32875 5.44955e+09
-0.75 1.25 1.25 0.616107 0.139431 0.299009 6.92469e+09
0.75 -1.25 1.25 0.280222 0.292967 0.645342 6.39231e+08
0.25 -0.75 1.25 0.440158 0.360439 0.503166 1.14486e+09
0.75 -0.25 1.25 0.41761 0.421807 0.509256 1.20166e+09
0.25 0.25 1.25 0.537918 0.473184 0.376167 2.39475e+09
0.75 0.75 1.25 0.512874 0.490594 0.383844 2.17308e+09
0.25 1.25 1.25 0.556593 0.463618 0.30609 5.63878e+09
1.75 -1.25 1.25 0.0713029 0.372824 0.724463 5.15163e+08
1.25 -0.75 1.25 0.247798 0.387269 0.639531 7.27277e+08
1.75 -0.25 1.25 0.21101 0.471979 0.631159 8.16847e+08
1.25 0.25 1.25 0.377229 0.498816 0.514362 1.27983e+09
1.75 0.75 1.25 0.333494 0.540828 0.528643 1.22344e+09
1.25 1.25 1.25 0.469946 0.524565 0.40645 1.91223e+09
2.25 -0.75 1.25 0.0558592 0.459869 0.698555 5.92515e+08
2.25 0.25 1.25 0.18443 0.537187 0.619778 8.74033e+08
2.25 1.25 1.25 0.338627 0.597604 0.515802 1.31387e+09
-2.5 -1 1.5 0.196056 0.0157351 0.492459 1.15213e+10
-2.5 0 1.5 0.241879 0.0545677 0.483401 1.55861e+10
-2.5 1 1.5 0.254102 0.0951592 0.483508 1.92231e+10
-2 -1.5 1.5 0.134161 0.105243 0.511633 7.56411e+09
-1.5 -1 1.5 0.172464 0.216685 0.49852 7.76028e+09
-2 -0.5 1.5 0.226188 0.108636 0.47901 1.1803e+10
-1.5 0 1.5 0.227936 0.217877 0.464489 1.26567e+10
-2 0.5 1.5 0.248327 0.142885 0.465786 1.65805e+10
-1.5 1 1.5 0.255763 0.231262 0.439804 1.75826e+10
-2 1.5 1.5 0.259977 0.175678 0.457065 2.07316e+10
-1 -1.5 1.5 -0.102019 0.357902 0.567887 3.52483e+09
-0.5 -1 1.5 -0.0856025 0.437034 0.555501 3.75055e+09
-1 -0.5 1.5 0.185631 0.39171 0.481354 8.4873e+09
-0.5 0 1.5 0.181962 0.457071 0.474098 7.96247e+09
-1 0.5 1.5 0.234874 0.312885 0.440047 1.29464e+10
-0.5 1 1.5 0.213854 0.465095 0.421722 1.37717e+10
-1 1.5 1.5 0.252065 0.333809 0.415936 1.87554e+10
0 -1.5 1.5 -0.146449 0.453331 0.592825 2.05313e+09
0.5 -1 1.5 -0.121111 0.53601 0.578215 2.26931e+09
0 -0.5 1.5 -0.037604 0.500051 0.531737 3.71869e+09
0.5 0 1.5 -0.02902 0.611583 0.510293 4.24656e+09
0 0.5 1.5 0.0534066 0.574759 0.473502 7.59347e+09
0.5 1 1.5 0.0147051 0.629128 0.47123 7.57995e+09
0 1.5 1.5 0.15689 0.560271 0.425462 1.38028e+10
1 -1.5 1.5 -0.194071 0.553919 0.612261 1.55763e+09
1.5 -1 1.5 -0.163854 0.639135 0.576012 1.90538e+09
1 -0.5 1.5 -0.102333 0.63399 0.548407 2.73101e+09
1.5 0 1.5 -0.0729894 0.702731 0.517661 3.12646e+09
1 0.5 1.5 -0.0170334 0.684205 0.488779 4.67041e+09
1.5 1 1.5 0.0204031 0.735057 0.462117 4.61851e+09
1 1.5 1.5 0.0727649 0.686064 0.438546 6.71016e+09
2 -1.5 1.5 -0.213267 0.633344 0.594378 1.416e+09
2.5 -1 1.5 -0.166877 0.693471 0.559456 1.70385e+09
2 -0.5 1.5 -0.123488 0.704306 0.540369 2.2592e+09
2.5 0 1.5 -0.0685116 0.754937 0.50463 2.57749e+09
2 0.5 1.5 -0.0274434 0.754632 0.484693 3.37657e+09
2.5 1 1.5 0.0579093 0.80429 0.438946 3.73614e+09
2 1.5 1.5 0.102049 0.795107 0.417431 4.84957e+09
