449
-2.5 -1 -1.5 0.200979 0.727755 0.428156 9.21186e+10
-2.5 0 -1.5 0.255674 0.759743 0.362893 1.04568e+11
-2.5 1 -1.5 0.338541 0.76282 0.282256 1.02923e+11
-2 -1.5 -1.5 0.163929 0.700694 0.442499 7.79462e+10
-1.5 -1 -1.5 0.160166 0.734933 0.402897 8.50147e+10
-2 -0.5 -1.5 0.188882 0.759072 0.394772 1.06451e+11
-1.5 0 -1.5 0.197688 0.785561 0.350546 1.12838e+11
-2 0.5 -1.5 0.251056 0.787312 0.326526 1.20138e+11
-1.5 1 -1.5 0.264991 0.808418 0.280471 1.26332e+11
-2 1.5 -1.5 0.338084 0.787305 0.245348 1.17498e+11
-1 -1.5 -1.5 0.150998 0.692755 0.393271 5.7656e+10
-0.5 -1 -1.5 0.165939 0.726478 0.347844 5.79308e+10
-1 -0.5 -1.5 0.173846 0.763801 0.356078 8.63583e+10
-0.5 0 -1.5 0.20163 0.785139 0.305061 8.19969e+10
-1 0.5 -1.5 0.22223 0.805172 0.299247 1.10287e+11
-0.5 1 -1.5 0.259774 0.81514 0.242759 9.93149e+10
-1 1.5 -1.5 0.297127 0.818508 0.224328 1.19489e+11
0 -1.5 -1.5 0.158878 0.681435 0.331459 3.6938e+10
0.5 -1 -1.5 0.188995 0.710048 0.287508 3.48806e+10
0 -0.5 -1.5 0.194421 0.751274 0.299931 5.47292e+10
0.5 0 -1.5 0.233425 0.765414 0.250573 4.84738e+10
0 0.5 -1.5 0.240774 0.796641 0.251308 7.2609e+10
0.5 1 -1.5 0.286812 0.797442 0.196289 6.0168e+10
0 1.5 -1.5 0.305563 0.81398 0.183577 8.28575e+10
1 -1.5 -1.5 0.180628 0.666961 0.269747 2.1919e+10
1.5 -1 -1.5 0.221438 0.686578 0.229829 1.95205e+10
1 -0.5 -1.5 0.228494 0.727081 0.24293 3.09968e+10
1.5 0 -1.5 0.273199 0.733012 0.198143 2.59939e+10
1 0.5 -1.5 0.278558 0.768733 0.200621 4.03679e+10
1.5 1 -1.5 0.325298 0.762439 0.150397 3.18127e+10
1 1.5 -1.5 0.33494 0.788321 0.140848 4.69971e+10
2 -1.5 -1.5 0.211236 0.647673 0.212003 1.22609e+10
2.5 -1 -1.5 0.256923 0.657916 0.176635 1.03787e+10
2 -0.5 -1.5 0.266432 0.694911 0.189946 1.64622e+10
2.5 0 -1.5 0.311852 0.693846 0.14979 1.32159e+10
2 0.5 -1.5 0.318954 0.72945 0.153104 2.06918e+10
2.5 1 -1.5 0.362357 0.718715 0.107416 1.57575e+10
2 1.5 -1.5 0.369859 0.748668 0.0997229 2.39311e+10
-2.25 -0.75 -1.25 -0.362873 0.632549 0.499762 3.12329e+10
-2.25 0.25 -1.25 -0.298915 0.698133 0.449507 3.20149e+10
-2.25 1.25 -1.25 -0.234217 0.748542 0.386086 2.97743e+10
-1.75 -1.25 -1.25 -0.403062 0.636614 0.481462 3.0819e+10
-1.25 -0.75 -1.25 -0.37797 0.696293 0.420402 3.17497e+10
-1.75 -0.25 -1.25 -0.341145 0.698874 0.440076 3.49656e+10
-1.25 0.25 -1.25 -0.307412 0.751656 0.374888 3.49836e+10
-1.75 0.75 -1.25 -0.273187 0.753127 0.387042 3.55166e+10
-1.25 1.25 -1.25 -0.229158 0.794682 0.313459 3.38737e+10
-0.75 -1.25 -1.25 -0.407413 0.696669 0.38841 2.47696e+10
-0.25 -0.75 -1.25 -0.371604 0.741714 0.33056 2.28705e+10
-0.75 -0.25 -1.25 -0.342964 0.745631 0.357572 3.00184e+10
-0.25 0.25 -1.25 -0.300369 0.78157 0.293744 2.58809e+10
-0.75 0.75 -1.25 -0.264979 0.789357 0.305504 3.12275e+10
-0.25 1.25 -1.25 -0.217439 0.810317 0.234969 2.52407e+10
0.25 -1.25 -1.25 -0.393676 0.740907 0.296385 1.62704e+10
0.75 -0.75 -1.25 -0.352473 0.769913 0.24591 1.37846e+10
0.25 -0.25 -1.25 -0.329554 0.774474 0.273379 1.94569e+10
0.75 0.25 -1.25 -0.284848 0.793493 0.217361 1.5347e+10
0.25 0.75 -1.25 -0.253972 0.802232 0.230255 2.05156e+10
0.75 1.25 -1.25 -0.207018 0.807244 0.167325 1.51637e+10
1.25 -1.25 -1.25 -0.369846 0.767572 0.213231 9.42158e+09
1.75 -0.75 -1.25 -0.329042 0.781722 0.171102 7.47492e+09
1.25 -0.25 -1.25 -0.309667 0.786542 0.197109 1.0888e+10
1.75 0.25 -1.25 -0.267716 0.790681 0.14917 8.10136e+09
1.25 0.75 -1.25 -0.240362 0.798522 0.162094 1.13565e+10
1.75 1.25 -1.25 -0.197494 0.790846 0.106341 8.00853e+09
2.25 -1.25 -1.25 -0.344051 0.778546 0.140944 5.02859e+09
2.25 -0.25 -1.25 -0.289569 0.784699 0.129899 5.60375e+09
2.25 0.75 -1.25 -0.227666 0.783508 0.100669 5.75826e+09
-2.5 -1.5 -1 0.231759 0.745356 0.45786 2.21222e+11
-2.5 -0.5 -1 0.265882 0.783074 0.400605 2.88672e+11
-2.5 0.5 -1 0.341964 0.791035 0.321784 3.08452e+11
-2.5 1.5 -1 0.4358 0.772512 0.233216 2.94781e+11
-1.5 -1.5 -1 0.245934 0.724092 0.403873 1.60339e+11
-2 -1 -1 0.239124 0.768676 0.410958 2.40946e+11
-1.5 -0.5 -1 0.259767 0.786623 0.356996 2.42905e+11
-2 0 -1 0.281592 0.802559 0.347452 3.09114e+11
-1.5 0.5 -1 0.308926 0.814436 0.288332 3.02376e+11
-2 1 -1 0.353491 0.811112 0.266816 3.37262e+11
-1.5 1.5 -1 0.383986 0.815853 0.201844 3.20783e+11
-0.5 -1.5 -1 0.268671 0.69132 0.339784 9.99025e+10
-1 -1 -1 0.263474 0.746016 0.352664 1.6069e+11
-0.5 -0.5 -1 0.291412 0.760816 0.299097 1.51519e+11
-1 0 -1 0.290112 0.798092 0.299431 2.2905e+11
-0.5 0.5 -1 0.328935 0.801249 0.239523 2.01348e+11
-1 1 -1 0.346126 0.817178 0.224863 2.71078e+11
-0.5 1.5 -1 0.389746 0.809689 0.159328 2.24581e+11
0.5 -1.5 -1 0.294074 0.654976 0.276225 5.81911e+10
0 -1 -1 0.295356 0.710829 0.290738 9.46663e+10
0.5 -0.5 -1 0.330648 0.720673 0.241081 8.43059e+10
0 0 -1 0.328099 0.766833 0.244203 1.33823e+11
0.5 0.5 -1 0.370092 0.763793 0.188835 1.11024e+11
0 1 -1 0.372978 0.795274 0.17864 1.65574e+11
0.5 1.5 -1 0.41824 0.780771 0.117664 1.28263e+11
1.5 -1.5 -1 0.322851 0.617242 0.216577 3.2214e+10
1 -1 -1 0.329519 0.668963 0.231612 5.21448e+10
1.5 -0.5 -1 0.369633 0.673093 0.1871 4.41694e+10
1 0 -1 0.371093 0.721128 0.191283 7.07454e+10
1.5 0.5 -1 0.412865 0.713478 0.141404 5.62616e+10
1 1 -1 0.413424 0.752612 0.133406 8.70681e+10
1.5 1.5 -1 0.454539 0.735153 0.077831 6.51026e+10
2.5 -1.5 -1 0.353392 0.579021 0.161183 1.71078e+10
2 -1 -1 0.363581 0.624666 0.176924 2.74628e+10
2.5 -0.5 -1 0.405 0.623734 0.137144 2.23025e+10
2 0 -1 0.410822 0.668971 0.142477 3.55486e+10
2.5 0.5 -1 0.44996 0.65883 0.0972366 2.73778e+10
2 1 -1 0.452599 0.699768 0.0911185 4.27387e+10
2.5 1.5 -1 0.487881 0.68225 0.0400177 3.12862e+10
-2.25 -1.25 -0.75 -0.201183 0.720254 0.488606 9.61275e+10
-2.25 -0.25 -0.75 -0.123984 0.774933 0.437225 1.10553e+11
-2.25 0.75 -0.75 -0.049198 0.815349 0.376464 1.15535e+11
-1.25 -1.25 -0.75 -0.224546 0.75775 0.386014 7.70853e+10
-1.75 -0.75 -0.75 -0.176376 0.769313 0.417178 1.00403e+11
-1.25 -0.25 -0.75 -0.143646 0.808241 0.344715 9.65184e+10
-1.75 0.25 -0.75 -0.0934553 0.817311 0.360487 1.13318e+11
-1.25 0.75 -0.75 -0.0534941 0.844829 0.280122 1.02735e+11
-1.75 1.25 -0.75 -0.0069961 0.848653 0.287315 1.12507e+11
-0.25 -1.25 -0.75 -0.228843 0.781109 0.285521 5.06242e+10
-0.75 -0.75 -0.75 -0.189116 0.794629 0.319476 7.24111e+10
-0.25 -0.25 -0.75 -0.145664 0.819618 0.253824 6.25595e+10
-0.75 0.25 -0.75 -0.101726 0.834705 0.271513 8.44451e+10
-0.25 0.75 -0.75 -0.0537406 0.847314 0.19918 6.76875e+10
-0.75 1.25 -0.75 -0.00682119 0.857402 0.19954 8.39611e+10
0.75 -1.25 -0.75 -0.217825 0.789828 0.194224 2.93744e+10
0.25 -0.75 -0.75 -0.184679 0.804101 0.227437 4.3615e+10
0.75 -0.25 -0.75 -0.136789 0.815172 0.171626 3.49222e+10
0.25 0.25 -0.75 -0.0973918 0.831807 0.189876 4.99585e+10
0.75 0.75 -0.75 -0.0480209 0.830753 0.127775 3.72587e+10
0.25 1.25 -0.75 -0.00403274 0.845452 0.128656 5.03466e+10
1.75 -1.25 -0.75 -0.199862 0.785559 0.11502 1.57253e+10
1.25 -0.75 -0.75 -0.171037 0.799506 0.146017 2.3649e+10
1.75 -0.25 -0.75 -0.124096 0.798003 0.0997172 1.79098e+10
1.25 0.25 -0.75 -0.0883435 0.814084 0.117702 2.62227e+10
1.75 0.75 -0.75 -0.0413303 0.801836 0.0643776 1.87184e+10
1.25 1.25 -0.75 4.69892e-05 0.817479 0.0664795 2.6348e+10
2.25 -0.75 -0.75 -0.154812 0.783618 0.0755522 1.20163e+10
2.25 0.25 -0.75 -0.0786581 0.786279 0.0538609 1.29163e+10
2.25 1.25 -0.75 0.00313874 0.780602 0.0102555 1.29046e+10
-2.5 -1 -0.5 0.0414416 0.75522 0.465384 4.22337e+11
-2.5 0 -0.5 0.114351 0.78763 0.398732 4.92146e+11
-2.5 1 -0.5 0.207998 0.808507 0.317402 5.35825e+11
-2 -1.5 -0.5 -0.0217521 0.725162 0.462712 3.12137e+11
-1.5 -1 -0.5 -0.00773331 0.755523 0.406416 3.16144e+11
-2 -0.5 -0.5 0.0494633 0.781438 0.409767 4.32198e+11
-1.5 0 -0.5 0.0705515 0.802446 0.348747 4.12586e+11
-2 0.5 -0.5 0.129663 0.810169 0.338339 4.9611e+11
-1.5 1 -0.5 0.157041 0.823524 0.27132 4.49242e+11
-2 1.5 -0.5 0.227195 0.822225 0.249442 5.1103e+11
-1 -1.5 -0.5 -0.059881 0.726018 0.389668 2.15293e+11
-0.5 -1 -0.5 -0.0309724 0.751978 0.333831 2.02781e+11
-1 -0.5 -0.5 0.0177476 0.779551 0.347065 2.98945e+11
-0.5 0 -0.5 0.052442 0.79374 0.28645 2.60614e+11
-1 0.5 -0.5 0.102273 0.814713 0.284196 3.61114e+11
-0.5 1 -0.5 0.141667 0.815931 0.218471 2.90613e+11
-1 1.5 -0.5 0.194101 0.824186 0.20109 3.67529e+11
0 -1.5 -0.5 -0.0757294 0.724767 0.311385 1.33378e+11
0.5 -1 -0.5 -0.0369326 0.741175 0.261148 1.16769e+11
0 -0.5 -0.5 0.00604616 0.767641 0.278189 1.77064e+11
0.5 0 -0.5 0.0483298 0.772152 0.22362 1.43716e+11
0 0.5 -0.5 0.0934903 0.796813 0.226029 2.10162e+11
0.5 1 -0.5 0.137167 0.788296 0.166931 1.58143e+11
0 1.5 -0.5 0.184566 0.805042 0.15359 2.17044e+11
1 -1.5 -0.5 -0.0750573 0.717028 0.237203 7.59397e+10
1.5 -1 -0.5 -0.0317267 0.722713 0.194339 6.24477e+10
1 -0.5 -0.5 0.00619514 0.746538 0.212545 9.54278e+10
1.5 0 -0.5 0.0506995 0.741059 0.16563 7.33194e+10
1 0.5 -0.5 0.0925606 0.765445 0.170627 1.09288e+11
1.5 1 -0.5 0.135923 0.748859 0.118839 7.87869e+10
1 1.5 -0.5 0.180238 0.769387 0.109176 1.12478e+11
2 -1.5 -0.5 -0.0646874 0.701755 0.17043 4.05473e+10
2.5 -1 -0.5 -0.021121 0.697586 0.134631 3.17055e+10
2 -0.5 -0.5 0.0125603 0.718019 0.153206 4.84271e+10
2.5 0 -0.5 0.0556717 0.704383 0.112943 3.57609e+10
2 0.5 -0.5 0.0941396 0.726165 0.119749 5.35338e+10
2.5 1 -0.5 0.134816 0.704288 0.0738549 3.76197e+10
2 1.5 -0.5 0.176366 0.7249 0.067358 5.4613e+10
-2.25 -0.75 -0.25 0.0728239 0.785162 0.420033 1.20221e+11
-2.25 0.25 -0.25 0.153573 0.81559 0.353725 1.37781e+11
-2.25 1.25 -0.25 0.245386 0.826218 0.272043 1.40825e+11
-1.75 -1.25 -0.25 0.0255366 0.766521 0.402764 9.17182e+10
-1.25 -0.75 -0.25 0.062848 0.795584 0.337985 8.94852e+10
-1.75 -0.25 -0.25 0.107971 0.814035 0.351195 1.2017e+11
-1.25 0.25 -0.25 0.151569 0.830374 0.280993 1.09143e+11
-1.75 0.75 -0.25 0.198123 0.832494 0.277454 1.29824e+11
-1.25 1.25 -0.25 0.249604 0.837346 0.199466 1.11158e+11
-0.75 -1.25 -0.25 0.0186845 0.770292 0.311849 6.1364e+10
-0.25 -0.75 -0.25 0.0665713 0.788313 0.25373 5.51259e+10
-0.75 -0.25 -0.25 0.108982 0.812839 0.27345 8.04395e+10
-0.25 0.25 -0.25 0.162099 0.818948 0.209425 6.70025e+10
-0.75 0.75 -0.25 0.204053 0.835155 0.209867 9.12143e+10
-0.25 1.25 -0.25 0.25902 0.8281 0.139491 7.06518e+10
0.25 -1.25 -0.25 0.0252526 0.761608 0.224113 3.64529e+10
0.75 -0.75 -0.25 0.0799485 0.769102 0.174821 3.06267e+10
0.25 -0.25 -0.25 0.120713 0.795293 0.197111 4.60725e+10
0.75 0.25 -0.25 0.177249 0.7914 0.141973 3.60331e+10
0.25 0.75 -0.25 0.217782 0.813774 0.146515 5.2028e+10
0.75 1.25 -0.25 0.271932 0.79841 0.0843653 3.80855e+10
1.25 -1.25 -0.25 0.0416009 0.743449 0.14516 2.00457e+10
1.75 -0.75 -0.25 0.0983041 0.740987 0.104668 1.59284e+10
1.25 -0.25 -0.25 0.136939 0.766043 0.127306 2.4149e+10
1.75 0.25 -0.25 0.192883 0.753762 0.0804597 1.80447e+10
1.25 0.75 -0.25 0.232495 0.777863 0.0875341 2.66471e+10
1.75 1.25 -0.25 0.283552 0.757215 0.0325653 1.89034e+10
2.25 -1.25 -0.25 0.0629738 0.717794 0.0760784 1.04208e+10
2.25 -0.25 -0.25 0.154207 0.729676 0.0648641 1.20166e+10
2.25 0.75 -0.25 0.245168 0.734732 0.0328254 1.29458e+10
-2.5 -1.5 0 -0.196092 0.742893 0.508324 3.2891e+11
-2.5 -0.5 0 -0.11169 0.78964 0.456442 4.115e+11
-2.5 0.5 0 -0.0236715 0.82829 0.388719 4.54853e+11
-2.5 1.5 0 0.09427 0.848438 0.300865 4.6832e+11
-1.5 -1.5 0 -0.253297 0.771329 0.429118 2.59693e+11
-2 -1 0 -0.188956 0.781924 0.450239 3.43396e+11
-1.5 -0.5 0 -0.166935 0.820832 0.385609 3.36872e+11
-2 0 0 -0.0974794 0.829883 0.39256 4.1633e+11
-1.5 0.5 0 -0.0761183 0.858022 0.323794 3.77604e+11
-2 1 0 -0.00763953 0.861047 0.318736 4.34128e+11
-1.5 1.5 0 0.0166599 0.879289 0.243069 3.62491e+11
-0.5 -1.5 0 -0.280619 0.798145 0.338486 1.76461e+11
-1 -1 0 -0.228251 0.808972 0.366947 2.50456e+11
-0.5 -0.5 0 -0.199987 0.836384 0.304768 2.2127e+11
-1 0 0 -0.141307 0.848503 0.319375 2.99588e+11
-0.5 0.5 0 -0.114066 0.86523 0.252613 2.4208e+11
-1 1 0 -0.0508218 0.874814 0.252343 3.07447e+11
-0.5 1.5 0 -0.0269947 0.877923 0.181908 2.26682e+11
0.5 -1.5 0 -0.292774 0.814175 0.250931 1.06119e+11
0 -1 0 -0.250681 0.824566 0.281278 1.5571e+11
0.5 -0.5 0 -0.22124 0.840613 0.2258 1.26596e+11
0 0 0 -0.171424 0.853002 0.243455 1.79007e+11
0.5 0.5 0 -0.146216 0.857648 0.184397 1.33369e+11
0 1 0 -0.0895025 0.869251 0.187655 1.78901e+11
0.5 1.5 0 -0.0711364 0.859835 0.125664 1.22429e+11
1.5 -1.5 0 -0.296896 0.819314 0.171639 5.83562e+10
1 -1 0 -0.262928 0.82927 0.201312 8.68506e+10
1.5 -0.5 0 -0.237137 0.833918 0.154281 6.61189e+10
1 0 0 -0.195613 0.845424 0.172806 9.53094e+10
1.5 0.5 0 -0.176284 0.838703 0.122401 6.71349e+10
1 1 0 -0.127293 0.849831 0.128154 9.25568e+10
1.5 1.5 0 -0.114845 0.830445 0.0740404 6.09201e+10
2.5 -1.5 0 -0.298604 0.814577 0.102047 3.00574e+10
2 -1 0 -0.271164 0.823633 0.130272 4.49195e+10
2.5 -0.5 0 -0.25148 0.818219 0.0910046 3.25616e+10
2 0 0 -0.217564 0.827947 0.109586 4.72631e+10
2.5 0.5 0 -0.204335 0.812118 0.0662769 3.21638e+10
2 1 0 -0.163396 0.821276 0.0737532 4.49454e+10
2.5 1.5 0 -0.155441 0.794575 0.0258289 2.90761e+10
-2.25 -1.25 0.25 0.218154 0.716241 0.423134 4.30029e+10
-2.25 -0.25 0.25 0.283794 0.755578 0.351547 5.47254e+10
-2.25 0.75 0.25 0.365112 0.752861 0.266974 5.79267e+10
-1.25 -1.25 0.25 0.210858 0.705387 0.373841 3.0697e+10
-1.75 -0.75 0.25 0.250758 0.738849 0.373678 4.35548e+10
-1.25 -0.25 0.25 0.29735 0.752291 0.321349 4.135e+10
-1.75 0.25 0.25 0.335917 0.764801 0.300078 5.25652e+10
-1.25 0.75 0.25 0.389182 0.766278 0.242631 4.69664e+10
-1.75 1.25 0.25 0.434493 0.751264 0.205604 5.2739e+10
-0.25 -1.25 0.25 0.210977 0.692515 0.307285 1.94966e+10
-0.75 -0.75 0.25 0.255475 0.724832 0.322827 2.91498e+10
-0.25 -0.25 0.25 0.305903 0.734758 0.270301 2.57651e+10
-0.75 0.25 0.25 0.34715 0.757811 0.265412 3.64942e+10
-0.25 0.75 0.25 0.40017 0.754447 0.20665 2.99933e+10
-0.75 1.25 0.25 0.443154 0.758967 0.180559 3.87965e+10
0.75 -1.25 0.25 0.219543 0.676714 0.236766 1.13676e+10
0.25 -0.75 0.25 0.263075 0.705962 0.259476 1.73004e+10
0.75 -0.25 0.25 0.31888 0.709255 0.211573 1.43697e+10
0.25 0.25 0.25 0.359872 0.735194 0.216492 2.1267e+10
0.75 0.75 0.25 0.412941 0.72681 0.161866 1.64731e+10
0.25 1.25 0.25 0.451587 0.742537 0.146363 2.30519e+10
1.75 -1.25 0.25 0.236757 0.656329 0.169634 6.21068e+09
1.25 -0.75 0.25 0.277152 0.682043 0.194936 9.49367e+09
1.75 -0.25 0.25 0.33432 0.678171 0.153325 7.48121e+09
1.25 0.25 0.25 0.374085 0.703491 0.16341 1.12321e+10
1.75 0.75 0.25 0.424895 0.691211 0.114313 8.345e+09
1.25 1.25 0.25 0.461168 0.712012 0.106207 1.2103e+10
2.25 -0.75 0.25 0.295136 0.653916 0.134177 4.92823e+09
2.25 0.25 0.25 0.387459 0.667716 0.110887 5.61432e+09
2.25 1.25 0.25 0.468938 0.675322 0.0637066 5.9662e+09
-2.5 -1 0.5 -0.0661868 0.775311 0.451004 1.91961e+11
-2.5 0 0.5 0.0225512 0.812576 0.384453 2.42039e+11
-2.5 1 0.5 0.11135 0.824359 0.305831 2.53345e+11
-2 -1.5 0.5 -0.140739 0.763983 0.457408 1.507e+11
-1.5 -1 0.5 -0.11972 0.80052 0.403099 1.5262e+11
-2 -0.5 0.5 -0.0507655 0.811594 0.399177 1.96673e+11
-1.5 0 0.5 -0.0207092 0.839477 0.341368 1.84368e+11
-2 0.5 0.5 0.0488305 0.840516 0.326072 2.2306e+11
-1.5 1 0.5 0.0796664 0.858421 0.262554 1.91914e+11
-2 1.5 0.5 0.145246 0.848536 0.237143 2.17801e+11
-1 -1.5 0.5 -0.183922 0.787747 0.392292 1.1189e+11
-0.5 -1 0.5 -0.151033 0.81863 0.335667 1.04008e+11
-1 -0.5 0.5 -0.0881903 0.83029 0.345001 1.42579e+11
-0.5 0 0.5 -0.0550537 0.849581 0.284952 1.21597e+11
-1 0.5 0.5 0.0115856 0.857262 0.279425 1.57729e+11
-0.5 1 0.5 0.0441594 0.863603 0.21547 1.22845e+11
-1 1.5 0.5 0.11282 0.86307 0.195584 1.49638e+11
0 -1.5 0.5 -0.205982 0.807483 0.315348 7.28305e+10
0.5 -1 0.5 -0.170645 0.828266 0.262471 6.22859e+10
0 -0.5 0.5 -0.116677 0.839105 0.278722 8.87523e+10
0.5 0 0.5 -0.083466 0.848684 0.22247 6.97091e+10
0 0.5 0.5 -0.0223556 0.857815 0.224436 9.49477e+10
0.5 1 0.5 0.00596909 0.853796 0.165506 6.83598e+10
0 1.5 0.5 0.0723218 0.856887 0.152527 8.75894e+10
1 -1.5 0.5 -0.216066 0.81808 0.238416 4.25173e+10
1.5 -1 0.5 -0.182156 0.828461 0.192025 3.39004e+10
1 -0.5 0.5 -0.136963 0.838504 0.211038 4.92754e+10
1.5 0 0.5 -0.10787 0.837772 0.161697 3.63101e+10
1 0.5 0.5 -0.0547292 0.84664 0.168153 5.07632e+10
1.5 1 0.5 -0.0320417 0.833544 0.115901 3.47591e+10
1 1.5 0.5 0.0281727 0.838111 0.108644 4.61079e+10
2 -1.5 0.5 -0.219438 0.819057 0.167197 2.28747e+10
2.5 -1 0.5 -0.190151 0.819728 0.127911 1.72489e+10
2 -0.5 0.5 -0.152875 0.828575 0.147765 2.52756e+10
2.5 0 0.5 -0.129505 0.818981 0.10522 1.78194e+10
2 0.5 0.5 -0.0847777 0.826642 0.114282 2.52354e+10
2.5 1 0.5 -0.0671562 0.806512 0.0680634 1.6804e+10
2 1.5 0.5 -0.0148087 0.8109 0.065135 2.2783e+10
-2.25 -0.75 0.75 0.332397 0.699449 0.368504 2.82914e+10
-2.25 0.25 0.75 0.413459 0.721781 0.278241 3.48905e+10
-2.25 1.25 0.75 0.496142 0.688529 0.175789 3.45048e+10
-1.75 -1.25 0.75 0.298674 0.662538 0.414329 2.11307e+10
-1.25 -0.75 0.75 0.339023 0.68283 0.378274 2.10133e+10
-1.75 -0.25 0.75 0.382143 0.71089 0.33476 2.81931e+10
-1.25 0.25 0.75 0.436958 0.708979 0.296895 2.58008e+10
-1.75 0.75 0.75 0.476054 0.706869 0.235896 3.07828e+10
-1.25 1.25 0.75 0.540923 0.693625 0.189861 2.68093e+10
-0.75 -1.25 0.75 0.287371 0.648713 0.396015 1.45974e+10
-0.25 -0.75 0.75 0.335971 0.668805 0.35387 1.36299e+10
-0.75 -0.25 0.75 0.388345 0.693063 0.337545 1.94872e+10
-0.25 0.25 0.75 0.438859 0.698244 0.289757 1.69683e+10
-0.75 0.75 0.75 0.489927 0.705707 0.250424 2.24501e+10
-0.25 1.25 0.75 0.538974 0.697349 0.19643 1.8253e+10
0.25 -1.25 0.75 0.282169 0.644467 0.350215 9.18873e+09
0.75 -0.75 0.75 0.337449 0.660606 0.30643 8.06038e+09
0.25 -0.25 0.75 0.388132 0.68056 0.307205 1.1919e+10
0.75 0.25 0.75 0.440518 0.683577 0.256813 9.76653e+09
0.25 0.75 0.75 0.488612 0.696281 0.236404 1.38214e+10
0.75 1.25 0.75 0.533693 0.688074 0.178977 1.0578e+10
1.25 -1.25 0.75 0.288772 0.641671 0.291789 5.35149e+09
1.75 -0.75 0.75 0.347341 0.650121 0.250731 4.42948e+09
1.25 -0.25 0.75 0.393154 0.666907 0.260411 6.64168e+09
1.75 0.25 0.75 0.445136 0.665282 0.212205 5.16851e+09
1.25 0.75 0.75 0.488977 0.67931 0.203418 7.53797e+09
1.75 1.25 0.75 0.530718 0.670367 0.147633 5.53677e+09
2.25 -1.25 0.75 0.304609 0.634688 0.231171 2.92424e+09
2.25 -0.25 0.75 0.40228 0.650284 0.208132 3.47173e+09
2.25 0.75 0.75 0.490554 0.658588 0.161836 3.83472e+09
-2.5 -1.5 1 -0.0409698 0.765953 0.451249 8.96138e+10
-2.5 -0.5 1 0.04976 0.79884 0.385597 1.16729e+11
-2.5 0.5 1 0.147947 0.823181 0.308065 1.44813e+11
-2.5 1.5 1 0.240892 0.813049 0.21974 1.44684e+11
-1.5 -1.5 1 -0.0844055 0.780073 0.426104 6.79588e+10
-2 -1 1 -0.0155118 0.794616 0.409587 8.96488e+10
-1.5 -0.5 1 0.0207281 0.824742 0.360858 8.83124e+10
-2 0 1 0.0870433 0.831339 0.334777 1.13817e+11
-1.5 0.5 1 0.13054 0.843939 0.281135 9.86501e+10
-2 1 1 0.192238 0.835232 0.247085 1.2032e+11
-1.5 1.5 1 0.240772 0.835925 0.184051 9.49891e+10
-0.5 -1.5 1 -0.114373 0.800722 0.375837 4.88702e+10
-1 -1 1 -0.0486071 0.81274 0.376132 6.69431e+10
-0.5 -0.5 1 -0.00829418 0.835001 0.323552 6.03352e+10
-1 0 1 0.0617286 0.8422 0.308891 7.88824e+10
-0.5 0.5 1 0.102599 0.850732 0.252795 6.50389e+10
-1 1 1 0.174313 0.848118 0.223496 8.0377e+10
-0.5 1.5 1 0.213868 0.840583 0.164138 6.02429e+10
0.5 -1.5 1 -0.131652 0.817132 0.311903 3.10545e+10
0 -1 1 -0.0738275 0.826047 0.323819 4.40846e+10
0.5 -0.5 1 -0.0335687 0.841062 0.270927 3.66483e+10
0 0 1 0.0317359 0.847363 0.268516 4.99853e+10
0.5 0.5 1 0.0687524 0.848802 0.212935 3.81473e+10
0 1 1 0.140069 0.848233 0.195133 4.92536e+10
0.5 1.5 1 0.17107 0.834536 0.137784 3.4546e+10
1.5 -1.5 1 -0.13968 0.826035 0.244797 1.78262e+10
1 -1 1 -0.0909219 0.833664 0.262211 2.59074e+10
1.5 -0.5 1 -0.053286 0.839702 0.213514 2.00812e+10
1 0 1 0.00368129 0.845281 0.218403 2.81842e+10
1.5 0.5 1 0.035447 0.83886 0.167144 2.02431e+10
1 1 1 0.0999909 0.839285 0.158236 2.70789e+10
1.5 1.5 1 0.125344 0.820198 0.104726 1.81954e+10
2.5 -1.5 1 -0.142292 0.826438 0.180812 9.47223e+09
2 -1 1 -0.101773 0.833208 0.200361 1.39288e+10
2.5 -0.5 1 -0.0691041 0.830715 0.157411 1.02352e+10
2 0 1 -0.0210013 0.835539 0.166261 1.45908e+10
2.5 0.5 1 0.00546018 0.822381 0.120258 1.0074e+10
2 1 1 0.0613754 0.823092 0.11719 1.379e+10
2.5 1.5 1 0.0824327 0.799754 0.0682698 9.05639e+09
-2.25 -1.25 1.25 0.349365 0.657572 0.407249 1.44099e+10
-2.25 -0.25 1.25 0.440712 0.677785 0.311996 1.79102e+10
-2.25 0.75 1.25 0.54776 0.650788 0.202571 2.05135e+10
-1.25 -1.25 1.25 0.336239 0.618186 0.448321 1.01398e+10
-1.75 -0.75 1.25 0.394189 0.657268 0.387881 1.38954e+10
-1.25 -0.25 1.25 0.446085 0.664038 0.361965 1.35942e+10
-1.75 0.25 1.25 0.501288 0.675332 0.284703 1.73187e+10
-1.25 0.75 1.25 0.558111 0.660344 0.249476 1.52619e+10
-1.75 1.25 1.25 0.608037 0.63439 0.157428 1.75489e+10
-0.25 -1.25 1.25 0.31315 0.619213 0.443863 7.0675e+09
-0.75 -0.75 1.25 0.38199 0.640754 0.417333 1.00287e+10
-0.25 -0.25 1.25 0.43267 0.653807 0.37906 9.25583e+09
-0.75 0.25 1.25 0.497739 0.663544 0.327576 1.2371e+10
-0.25 0.75 1.25 0.547309 0.661365 0.283621 1.06963e+10
-0.75 1.25 1.25 0.611963 0.645685 0.208002 1.30812e+10
0.75 -1.25 1.25 0.304464 0.63147 0.405883 4.48597e+09
0.25 -0.75 1.25 0.366991 0.641611 0.403344 6.54632e+09
0.75 -0.25 1.25 0.422116 0.655215 0.357376 5.69464e+09
0.25 0.25 1.25 0.483611 0.66122 0.332774 8.03506e+09
0.75 0.75 1.25 0.531159 0.66239 0.280119 6.53883e+09
0.25 1.25 1.25 0.591137 0.655881 0.231399 8.67585e+09
1.75 -1.25 1.25 0.311006 0.643154 0.352366 2.62752e+09
1.25 -0.75 1.25 0.364029 0.648724 0.362249 3.90453e+09
1.75 -0.25 1.25 0.420756 0.656802 0.315475 3.20173e+09
1.25 0.25 1.25 0.474395 0.660738 0.306852 4.65325e+09
1.75 0.75 1.25 0.52055 0.660395 0.25267 3.59213e+09
1.25 1.25 1.25 0.572364 0.658946 0.222777 5.01507e+09
2.25 -0.75 1.25 0.371122 0.652809 0.310085 2.16104e+09
2.25 0.25 1.25 0.471312 0.658287 0.265792 2.48719e+09
2.25 1.25 1.25 0.558979 0.656468 0.196012 2.64436e+09
-2.5 -1 1.5 0.060433 0.79443 0.396475 5.7258e+10
-2.5 0 1.5 0.159781 0.810865 0.319601 7.01303e+10
-2.5 1 1.5 0.270575 0.806933 0.233047 7.90086e+10
-2 -1.5 1.5 -0.000257058 0.783832 0.426339 4.19422e+10
-1.5 -1 1.5 0.0428632 0.809437 0.385533 4.13695e+10
-2 -0.5 1.5 0.106423 0.818739 0.351555 5.44286e+10
-1.5 0 1.5 0.16548 0.83586 0.303141 5.07637e+10
-2 0.5 1.5 0.226778 0.831245 0.263077 6.45842e+10
-1.5 1 1.5 0.287459 0.826989 0.204842 5.25237e+10
-2 1.5 1.5 0.341018 0.804756 0.159999 6.36307e+10
-1 -1.5 1.5 -0.0257639 0.795641 0.410545 3.13495e+10
-0.5 -1 1.5 0.0221986 0.821825 0.363841 3.00315e+10
-1 -0.5 1.5 0.0949808 0.830521 0.339725 3.94136e+10
-0.5 0 1.5 0.14444 0.839487 0.29093 3.42462e+10
-1 0.5 1.5 0.219588 0.837319 0.252425 4.28293e+10
-0.5 1 1.5 0.269355 0.82971 0.199346 3.38779e+10
-1 1.5 1.5 0.34419 0.810234 0.146761 4.00195e+10
0 -1.5 1.5 -0.0463698 0.813162 0.37192 2.21364e+10
0.5 -1 1.5 0.000539142 0.832879 0.322886 1.94991e+10
0 -0.5 1.5 0.069672 0.837154 0.314571 2.63867e+10
0.5 0 1.5 0.114296 0.842784 0.263023 2.14192e+10
0 0.5 1.5 0.190427 0.839407 0.238926 2.75853e+10
0.5 1 1.5 0.229635 0.829688 0.185702 2.05744e+10
0 1.5 1.5 0.310203 0.812665 0.145532 2.48875e+10
1 -1.5 1.5 -0.0605367 0.827893 0.318304 1.39015e+10
1.5 -1 1.5 -0.0157571 0.84014 0.270737 1.13762e+10
1 -0.5 1.5 0.045029 0.842502 0.272785 1.58974e+10
1.5 0 1.5 0.0845699 0.842101 0.222724 1.20601e+10
1 0.5 1.5 0.153365 0.838478 0.210843 1.61243e+10
1.5 1 1.5 0.185927 0.825185 0.158881 1.13961e+10
1 1.5 1.5 0.261602 0.811365 0.132158 1.43846e+10
2 -1.5 1.5 -0.0678449 0.836575 0.25942 7.91717e+09
2.5 -1 1.5 -0.0271854 0.840913 0.216007 6.09682e+09
2 -0.5 1.5 0.0243954 0.842514 0.223709 8.69482e+09
2.5 0 1.5 0.0586113 0.83595 0.17749 6.27161e+09
2 0.5 1.5 0.117969 0.832622 0.173277 8.6114e+09
2.5 1 1.5 0.145653 0.815611 0.124625 5.87471e+09
2 1.5 1.5 0.21276 0.804488 0.107592 7.68841e+09
