449
-2.5 -1 -1.5 -0.536688 0.543653 0.0421674 5.32932e+08
-2.5 0 -1.5 -0.662653 0.297932 0.14663 4.04662e+08
-2.5 1 -1.5 -0.721776 0.0354828 0.203989 3.08876e+08
-2 -1.5 -1.5 -0.477269 0.464119 0.198926 5.75708e+08
-1.5 -1 -1.5 -0.257842 0.200389 0.530282 5.84412e+08
-2 -0.5 -1.5 -0.536962 0.167741 0.354093 4.58882e+08
-1.5 0 -1.5 -0.168583 -0.132125 0.621681 4.88141e+08
-2 0.5 -1.5 -0.527239 -0.144868 0.432308 3.71309e+08
-1.5 1 -1.5 -0.0796972 -0.416639 0.595966 4.12288e+08
-2 1.5 -1.5 -0.472677 -0.395132 0.411712 3.04568e+08
-1 -1.5 -1.5 -0.0184216 0.399145 0.578579 8.73935e+08
-0.5 -1 -1.5 0.271505 0.417154 0.607993 1.19223e+09
-1 -0.5 -1.5 0.151995 0.114898 0.669839 7.336e+08
-0.5 0 -1.5 0.468608 0.161596 0.615306 9.82485e+08
-1 0.5 -1.5 0.290311 -0.187465 0.662216 6.14659e+08
-0.5 1 -1.5 0.593983 -0.118688 0.558953 7.84809e+08
-1 1.5 -1.5 0.354482 -0.444198 0.570666 5.069e+08
0 -1.5 -1.5 0.238807 0.631316 0.5302 1.89294e+09
0.5 -1 -1.5 0.371201 0.657007 0.463528 2.31769e+09
0 -0.5 -1.5 0.463648 0.461694 0.531621 1.56451e+09
0.5 0 -1.5 0.581566 0.489359 0.429234 1.82437e+09
0 0.5 -1.5 0.648505 0.223124 0.495446 1.22464e+09
0.5 1 -1.5 0.74731 0.254421 0.375623 1.33481e+09
0 1.5 -1.5 0.75354 -0.0522531 0.427853 9.07294e+08
1 -1.5 -1.5 0.261151 0.765723 0.421459 3.06233e+09
1.5 -1 -1.5 0.350288 0.768049 0.355124 3.03125e+09
1 -0.5 -1.5 0.467263 0.664566 0.382169 2.48821e+09
1.5 0 -1.5 0.541491 0.6542 0.300937 2.34326e+09
1 0.5 -1.5 0.65929 0.491677 0.330143 1.84805e+09
1.5 1 -1.5 0.714987 0.473919 0.240536 1.64974e+09
1 1.5 -1.5 0.805998 0.254938 0.27137 1.26662e+09
2 -1.5 -1.5 0.249829 0.823691 0.34131 3.26448e+09
2.5 -1 -1.5 0.325579 0.815479 0.281578 2.74098e+09
2 -0.5 -1.5 0.425413 0.756249 0.286582 2.67758e+09
2.5 0 -1.5 0.488925 0.733752 0.218853 2.16094e+09
2 0.5 -1.5 0.600945 0.630318 0.223728 1.97944e+09
2.5 1 -1.5 0.648715 0.59769 0.15085 1.54109e+09
2 1.5 -1.5 0.756464 0.443562 0.159627 1.33578e+09
-2.25 -0.75 -1.25 -0.750242 0.510303 0.191919 3.28547e+08
-2.25 0.25 -1.25 -0.800268 0.267615 0.23244 2.51567e+08
-2.25 1.25 -1.25 -0.780197 -0.006459 0.231359 1.86273e+08
-1.75 -1.25 -1.25 -0.676958 0.38886 0.468657 3.32649e+08
-1.25 -0.75 -1.25 -0.355102 0.142387 0.764122 3.38176e+08
-1.75 -0.25 -1.25 -0.646604 0.119609 0.539291 2.79788e+08
-1.25 0.25 -1.25 -0.221531 -0.13866 0.753502 2.89454e+08
-1.75 0.75 -1.25 -0.558321 -0.171278 0.532223 2.25338e+08
-1.25 1.25 -1.25 -0.10236 -0.392188 0.648458 2.36368e+08
-0.75 -1.25 -1.25 -0.113294 0.309329 0.818651 4.47822e+08
-0.25 -0.75 -1.25 0.18393 0.313205 0.788123 5.41933e+08
-0.75 -0.25 -1.25 0.0600709 0.0619696 0.828174 3.91515e+08
-0.25 0.25 -1.25 0.354201 0.0720602 0.745641 4.44392e+08
-0.75 0.75 -1.25 0.192898 -0.19953 0.746738 3.23717e+08
-0.25 1.25 -1.25 0.454282 -0.186354 0.641608 3.4052e+08
0.25 -1.25 -1.25 0.162532 0.52031 0.705027 7.45515e+08
0.75 -0.75 -1.25 0.294422 0.537653 0.619563 7.80201e+08
0.25 -0.25 -1.25 0.37415 0.334458 0.689329 5.99e+08
0.75 0.25 -1.25 0.491858 0.340325 0.58014 5.80265e+08
0.25 0.75 -1.25 0.526555 0.0894562 0.625722 4.52015e+08
0.75 1.25 -1.25 0.627492 0.0879897 0.509778 4.05685e+08
1.25 -1.25 -1.25 0.169754 0.668746 0.560185 9.64553e+08
1.75 -0.75 -1.25 0.253983 0.668136 0.485842 8.31385e+08
1.25 -0.25 -1.25 0.387268 0.535951 0.528807 7.13792e+08
1.75 0.25 -1.25 0.456326 0.51821 0.439535 5.86631e+08
1.25 0.75 -1.25 0.569169 0.327006 0.476469 4.98444e+08
1.75 1.25 -1.25 0.623268 0.301353 0.379193 3.9221e+08
2.25 -1.25 -1.25 0.124041 0.745175 0.455333 9.02382e+08
2.25 -0.25 -1.25 0.322082 0.653528 0.409249 6.54936e+08
2.25 0.75 -1.25 0.509468 0.490482 0.352429 4.475e+08
-2.5 -1.5 -1 -0.0944398 0.598619 0.00869194 1.4635e+09
-2.5 -0.5 -1 -0.211818 0.393556 0.0859201 1.05246e+09
-2.5 0.5 -1 -0.316662 0.13019 0.172492 7.54052e+08
-2.5 1.5 -1 -0.388552 -0.127505 0.226305 5.56166e+08
-1.5 -1.5 -1 0.0895141 0.434699 0.311541 1.78689e+09
-2 -1 -1 -0.0836405 0.355375 0.202829 1.285e+09
-1.5 -0.5 -1 0.158763 0.154116 0.402035 1.36413e+09
-2 0 -1 -0.114018 0.0532817 0.30444 9.53888e+08
-1.5 0.5 -1 0.225586 -0.162094 0.445619 1.05787e+09
-2 1 -1 -0.122571 -0.249615 0.359573 7.28861e+08
-1.5 1.5 -1 0.248207 -0.433653 0.421191 8.32942e+08
-0.5 -1.5 -1 0.311642 0.600617 0.405718 3.6277e+09
-1 -1 -1 0.315207 0.388285 0.423602 2.20241e+09
-0.5 -0.5 -1 0.502244 0.409845 0.405271 2.84004e+09
-1 0 -1 0.458883 0.113887 0.448226 1.70523e+09
-0.5 0.5 -1 0.656429 0.150246 0.37835 2.13095e+09
-1 1 -1 0.544861 -0.180649 0.424168 1.3095e+09
-0.5 1.5 -1 0.728238 -0.138802 0.328741 1.53404e+09
0.5 -1.5 -1 0.324456 0.74575 0.342525 6.23043e+09
0 -1 -1 0.43002 0.62174 0.364962 4.46256e+09
0.5 -0.5 -1 0.518461 0.626077 0.293956 4.84045e+09
0 0 -1 0.620797 0.432398 0.327489 3.35706e+09
0.5 0.5 -1 0.696226 0.430362 0.238729 3.43372e+09
0 1 -1 0.762875 0.175004 0.278941 2.36038e+09
0.5 1.5 -1 0.821369 0.169991 0.185467 2.25275e+09
1.5 -1.5 -1 0.303619 0.808037 0.276166 6.88547e+09
1 -1 -1 0.404395 0.743476 0.279089 6.17968e+09
1.5 -0.5 -1 0.473384 0.725432 0.210984 5.42279e+09
1 0 -1 0.587046 0.610258 0.216863 4.5624e+09
1.5 0.5 -1 0.641439 0.579536 0.141733 3.82392e+09
1 1 -1 0.747898 0.406403 0.154832 3.06009e+09
1.5 1.5 -1 0.784557 0.369464 0.0779901 2.45656e+09
2.5 -1.5 -1 0.294014 0.829634 0.222002 5.36423e+09
2 -1 -1 0.373638 0.793342 0.214777 5.71628e+09
2.5 -0.5 -1 0.434793 0.768755 0.152554 4.39601e+09
2 0 -1 0.531855 0.695998 0.142926 4.32437e+09
2.5 0.5 -1 0.580053 0.659455 0.0763476 3.21838e+09
2 1 -1 0.684171 0.540016 0.0702139 2.94185e+09
2.5 1.5 -1 0.716748 0.496213 0.00260793 2.13169e+09
-2.25 -1.25 -0.75 -0.574338 0.682953 0.149833 8.91828e+08
-2.25 -0.25 -0.75 -0.630127 0.544582 0.14939 6.66948e+08
-2.25 0.75 -0.75 -0.655011 0.337298 0.144663 4.64436e+08
-1.25 -1.25 -0.75 -0.400891 0.356259 0.570631 8.51891e+08
-1.75 -0.75 -0.75 -0.584666 0.392464 0.38019 7.18678e+08
-1.25 -0.25 -0.75 -0.293753 0.136547 0.583499 6.83224e+08
-1.75 0.25 -0.75 -0.542393 0.160422 0.387001 5.42518e+08
-1.25 0.75 -0.75 -0.172667 -0.115686 0.530202 5.23711e+08
-1.75 1.25 -0.75 -0.458656 -0.0916214 0.344342 3.97644e+08
-0.25 -1.25 -0.75 0.00177123 0.467634 0.621078 1.32535e+09
-0.75 -0.75 -0.75 -0.074898 0.276607 0.652544 9.33695e+08
-0.25 -0.25 -0.75 0.193133 0.27344 0.601092 1.01667e+09
-0.75 0.25 -0.75 0.0782289 0.0396522 0.611936 7.24478e+08
-0.25 0.75 -0.75 0.335697 0.0226192 0.530903 7.34139e+08
-0.75 1.25 -0.75 0.181401 -0.209454 0.509834 5.32536e+08
0.75 -1.25 -0.75 0.0904928 0.635999 0.492853 1.80453e+09
0.25 -0.75 -0.75 0.177496 0.486792 0.547938 1.39296e+09
0.75 -0.25 -0.75 0.298504 0.482591 0.457365 1.27509e+09
0.25 0.25 -0.75 0.363564 0.272497 0.502986 9.88988e+08
0.75 0.75 -0.75 0.470814 0.251535 0.400109 8.48311e+08
0.25 1.25 -0.75 0.486221 0.00683221 0.425684 6.60696e+08
1.75 -1.25 -0.75 0.0730755 0.720808 0.386276 1.72945e+09
1.25 -0.75 -0.75 0.188725 0.631115 0.41558 1.54618e+09
1.75 -0.25 -0.75 0.266372 0.608522 0.335236 1.20506e+09
1.25 0.25 -0.75 0.384798 0.457618 0.365197 1.04111e+09
1.75 0.75 -0.75 0.448885 0.421476 0.274401 7.8743e+08
1.25 1.25 -0.75 0.542536 0.217734 0.300919 6.63988e+08
2.25 -0.75 -0.75 0.146317 0.70547 0.315927 1.29628e+09
2.25 0.25 -0.75 0.328544 0.575784 0.253884 8.83159e+08
2.25 1.25 -0.75 0.49745 0.38079 0.18652 5.66673e+08
-2.5 -1 -0.5 0.212699 0.448026 0.0598132 3.3881e+09
-2.5 0 -0.5 0.154173 0.220066 0.111793 2.33966e+09
-2.5 1 -0.5 0.0710596 -0.0411631 0.181868 1.62884e+09
-2 -1.5 -0.5 0.278373 0.491453 0.117524 4.537e+09
-1.5 -1 -0.5 0.397917 0.40395 0.206758 4.8733e+09
-2 -0.5 -0.5 0.289428 0.265194 0.158135 3.21786e+09
-1.5 0 -0.5 0.478539 0.1443 0.233279 3.50734e+09
-2 0.5 -0.5 0.288196 -0.0201307 0.215818 2.27754e+09
-1.5 1 -0.5 0.516393 -0.14774 0.251795 2.52951e+09
-2 1.5 -0.5 0.248704 -0.297563 0.25942 1.65128e+09
-1 -1.5 -0.5 0.402968 0.576735 0.244326 7.81468e+09
-0.5 -1 -0.5 0.494769 0.585907 0.232982 9.25992e+09
-1 -0.5 -0.5 0.543752 0.381581 0.233691 5.76189e+09
-0.5 0 -0.5 0.6531 0.384264 0.193341 6.62677e+09
-1 0.5 -0.5 0.655471 0.118684 0.22198 4.10704e+09
-0.5 1 -0.5 0.762655 0.115904 0.15837 4.46404e+09
-1 1.5 -0.5 0.691086 -0.171721 0.207594 2.84562e+09
0 -1.5 -0.5 0.398491 0.719221 0.239542 1.34346e+10
0.5 -1 -0.5 0.464636 0.712115 0.182754 1.31891e+10
0 -0.5 -0.5 0.570333 0.584062 0.180268 9.93147e+09
0.5 0 -0.5 0.630805 0.561062 0.112669 9.24978e+09
0 0.5 -0.5 0.724105 0.371088 0.124912 6.7052e+09
0.5 1 -0.5 0.770966 0.337177 0.0529993 5.88972e+09
0 1.5 -0.5 0.820049 0.0952687 0.0854677 4.20441e+09
1 -1.5 -0.5 0.366849 0.785388 0.194293 1.51709e+10
1.5 -1 -0.5 0.428451 0.763883 0.132209 1.23712e+10
1 -0.5 -0.5 0.52471 0.687363 0.117574 1.13966e+10
1.5 0 -0.5 0.576155 0.65052 0.050936 8.92288e+09
1 0.5 -0.5 0.678581 0.522237 0.0431564 7.62413e+09
1.5 1 -0.5 0.715069 0.475081 -0.024437 5.76218e+09
1 1.5 -0.5 0.802277 0.291572 -0.015514 4.64895e+09
2 -1.5 -0.5 0.350755 0.805647 0.149863 1.1856e+10
2.5 -1 -0.5 0.406434 0.780059 0.0902642 8.75241e+09
2 -0.5 -0.5 0.482809 0.732318 0.0688863 9.33787e+09
2.5 0 -0.5 0.528287 0.694656 0.0057764 6.67299e+09
2 0.5 -0.5 0.617941 0.606945 -0.0148128 6.52149e+09
2.5 1 -0.5 0.650201 0.560436 -0.0785798 4.54668e+09
2 1.5 -0.5 0.741488 0.424858 -0.0888362 4.10712e+09
-2.25 -0.75 -0.25 -0.421035 0.722267 0.143796 1.96854e+09
-2.25 0.25 -0.25 -0.437133 0.608481 0.108713 1.3327e+09
-2.25 1.25 -0.25 -0.429871 0.444794 0.0774173 8.65805e+08
-1.75 -1.25 -0.25 -0.446509 0.602959 0.285825 2.13752e+09
-1.25 -0.75 -0.25 -0.295774 0.432306 0.394093 1.93501e+09
-1.75 -0.25 -0.25 -0.421044 0.477279 0.26234 1.55208e+09
-1.25 0.25 -0.25 -0.193005 0.248251 0.356688 1.38243e+09
-1.75 0.75 -0.25 -0.364036 0.287367 0.230687 1.05979e+09
-1.25 1.25 -0.25 -0.0980817 0.0343024 0.287806 9.45851e+08
-0.75 -1.25 -0.25 -0.175155 0.501838 0.447417 2.62312e+09
-0.25 -0.75 -0.25 0.0233841 0.492451 0.407346 2.64562e+09
-0.75 -0.25 -0.25 -0.0363372 0.341368 0.412165 1.90317e+09
-0.25 0.25 -0.25 0.17497 0.292698 0.352361 1.78085e+09
-0.75 0.75 -0.25 0.0828784 0.123063 0.346027 1.29743e+09
-0.25 1.25 -0.25 0.275183 0.044352 0.277437 1.12794e+09
0.25 -1.25 -0.25 -0.00412052 0.625766 0.379642 3.52822e+09
0.75 -0.75 -0.25 0.105348 0.610279 0.303934 2.96429e+09
0.25 -0.25 -0.25 0.170939 0.46957 0.330448 2.36635e+09
0.75 0.25 -0.25 0.275973 0.42665 0.243514 1.8922e+09
0.25 0.75 -0.25 0.314816 0.239697 0.266827 1.49001e+09
0.75 1.25 -0.25 0.40885 0.182025 0.176289 1.14506e+09
1.25 -1.25 -0.25 0.0184127 0.701372 0.285634 3.40341e+09
1.75 -0.75 -0.25 0.094124 0.674813 0.21176 2.50382e+09
1.25 -0.25 -0.25 0.191494 0.574761 0.222715 2.26527e+09
1.75 0.25 -0.25 0.260098 0.529455 0.139646 1.63357e+09
1.25 0.75 -0.25 0.35322 0.37471 0.154556 1.40753e+09
1.75 1.25 -0.25 0.411262 0.321484 0.06754 1.00059e+09
2.25 -1.25 -0.25 0.00309854 0.734786 0.209616 2.53383e+09
2.25 -0.25 -0.25 0.15769 0.638292 0.135578 1.76032e+09
2.25 0.75 -0.25 0.314821 0.480595 0.0575563 1.13556e+09
-2.5 -1.5 0 0.46051 0.476167 0.0818754 1.16841e+10
-2.5 -0.5 0 0.465005 0.289448 0.080406 8.20786e+09
-2.5 0.5 0 0.433788 0.0519128 0.115019 5.61222e+09
-2.5 1.5 0 0.350204 -0.199529 0.177357 3.84522e+09
-1.5 -1.5 0 0.505587 0.553556 0.123446 1.87527e+10
-2 -1 0 0.512442 0.410305 0.0901798 1.21747e+10
-1.5 -0.5 0 0.602381 0.36631 0.0962538 1.32285e+10
-2 0 0 0.551843 0.179545 0.0985321 8.36283e+09
-1.5 0.5 0 0.671532 0.113336 0.0930675 8.98712e+09
-2 1 0 0.545254 -0.0911909 0.133118 5.70146e+09
-1.5 1.5 0 0.671763 -0.167547 0.111968 5.96997e+09
-0.5 -1.5 0 0.480703 0.688548 0.136961 3.10102e+10
-1 -1 0 0.566886 0.551027 0.110892 2.10102e+10
-0.5 -0.5 0 0.625174 0.541149 0.0674306 2.18598e+10
-1 0 0 0.688052 0.345912 0.0694027 1.43677e+10
-0.5 0.5 0 0.74875 0.317186 0.0156061 1.40731e+10
-1 1 0 0.76141 0.0773446 0.0513547 9.2883e+09
-0.5 1.5 0 0.811122 0.0349898 -0.0032203 8.44986e+09
0.5 -1.5 0 0.43809 0.758121 0.10711 3.52263e+10
0 -1 0 0.530724 0.676388 0.0829793 2.98183e+10
0.5 -0.5 0 0.579949 0.644405 0.0192289 2.51449e+10
0 0 0 0.674841 0.509368 0.00687788 1.98416e+10
0.5 0.5 0 0.714211 0.461261 -0.0573564 1.59226e+10
0 1 0 0.788104 0.270178 -0.04508 1.19999e+10
0.5 1.5 0 0.812608 0.214115 -0.104438 9.22216e+09
1.5 -1.5 0 0.415787 0.777434 0.0708746 2.74833e+10
1 -1 0 0.48974 0.729498 0.0431714 2.80419e+10
1.5 -0.5 0 0.535852 0.690838 -0.0217656 2.06863e+10
1 0 0 0.622768 0.599767 -0.0463977 1.92027e+10
1.5 0.5 0 0.656798 0.549083 -0.111118 1.37265e+10
1 1 0 0.743156 0.4059 -0.120462 1.17471e+10
1.5 1.5 0 0.762496 0.349264 -0.180657 8.20664e+09
2.5 -1.5 0 0.40937 0.772903 0.0371689 1.71697e+10
2 -1 0 0.463804 0.745271 0.00813241 1.98773e+10
2.5 -0.5 0 0.504006 0.708007 -0.0544145 1.37787e+10
2 0 0 0.573774 0.64677 -0.0861369 1.4486e+10
2.5 0.5 0 0.602957 0.600525 -0.149013 9.78927e+09
2 1 0 0.681729 0.496693 -0.17363 9.39189e+09
2.5 1.5 0 0.69844 0.445065 -0.233047 6.24154e+09
-2.25 -1.25 0.25 -0.230942 0.803142 0.19583 5.97139e+09
-2.25 -0.25 0.25 -0.215139 0.752734 0.1288 4.07681e+09
-2.25 0.75 0.25 -0.18982 0.656386 0.074565 2.59982e+09
-1.25 -1.25 0.25 -0.216628 0.644659 0.27826 6.05828e+09
-1.75 -0.75 0.25 -0.24921 0.678186 0.210581 4.86444e+09
-1.25 -0.25 0.25 -0.128451 0.546158 0.217838 4.16761e+09
-1.75 0.25 0.25 -0.192125 0.567909 0.156911 3.20069e+09
-1.25 0.75 0.25 -0.0397958 0.390825 0.155942 2.67161e+09
-1.75 1.25 0.25 -0.125691 0.416092 0.106781 2.01616e+09
-0.25 -1.25 0.25 -0.0612324 0.66976 0.247134 7.43511e+09
-0.75 -0.75 0.25 -0.0702899 0.593688 0.245074 5.61274e+09
-0.25 -0.25 0.25 0.0660306 0.536699 0.176666 4.74211e+09
-0.75 0.25 0.25 0.0387057 0.441652 0.17733 3.58666e+09
-0.25 0.75 0.25 0.170543 0.338676 0.108062 2.82296e+09
-0.75 1.25 0.25 0.11401 0.240634 0.113616 2.14137e+09
0.75 -1.25 0.25 -0.0131781 0.70791 0.16581 6.98411e+09
0.25 -0.75 0.25 0.0414505 0.635058 0.169191 6.00248e+09
0.75 -0.25 0.25 0.125296 0.579894 0.085706 4.43335e+09
0.25 0.25 0.25 0.170582 0.463243 0.0949032 3.6259e+09
0.75 0.75 0.25 0.251337 0.384979 0.0097443 2.61337e+09
0.25 1.25 0.25 0.267708 0.239297 0.0297806 2.0795e+09
1.75 -1.25 0.25 -0.0128023 0.721996 0.0954038 5.14917e+09
1.25 -0.75 0.25 0.0579914 0.666416 0.0862575 5.00209e+09
1.75 -0.25 0.25 0.118989 0.615562 0.00580339 3.44502e+09
1.25 0.25 0.25 0.194066 0.516508 0.00108584 3.11801e+09
1.75 0.75 0.25 0.249959 0.452161 -0.081383 2.12916e+09
1.25 1.25 0.25 0.31436 0.310657 -0.0735042 1.81922e+09
2.25 -0.75 0.25 0.042733 0.682024 0.0203138 3.49345e+09
2.25 0.25 0.25 0.17039 0.560972 -0.0732813 2.31591e+09
2.25 1.25 0.25 0.294744 0.390665 -0.159067 1.42582e+09
-2.5 -1 0.5 0.620527 0.342867 0.0873 2.88385e+10
-2.5 0 0.5 0.633021 0.131276 0.078724 2.0158e+10
-2.5 1 0.5 0.59452 -0.111543 0.108349 1.36897e+10
-2 -1.5 0.5 0.607598 0.500214 0.0870058 4.53597e+10
-1.5 -1 0.5 0.64772 0.50309 0.0456139 5.05391e+10
-2 -0.5 0.5 0.675559 0.316866 0.0481124 3.17265e+10
-1.5 0 0.5 0.736252 0.293771 0.00334291 3.35497e+10
-2 0.5 0.5 0.707971 0.0751922 0.0433995 2.12177e+10
-1.5 1 0.5 0.774166 0.030217 -0.0025394 2.113e+10
-2 1.5 0.5 0.677322 -0.188076 0.0782273 1.38308e+10
-1 -1.5 0.5 0.568624 0.650555 0.0675782 7.55071e+10
-0.5 -1 0.5 0.60382 0.635781 0.00666223 7.15064e+10
-1 -0.5 0.5 0.688521 0.491088 -0.00767112 5.14302e+10
-0.5 0 0.5 0.725763 0.452347 -0.0710595 4.53698e+10
-1 0.5 0.5 0.781523 0.25733 -0.0532358 3.18401e+10
-0.5 1 0.5 0.809906 0.19982 -0.110461 2.61985e+10
-1 1.5 0.5 0.809503 -0.025679 -0.0508233 1.84851e+10
0 -1.5 0.5 0.515691 0.728085 0.0347989 8.64441e+10
0.5 -1 0.5 0.558089 0.692641 -0.0340216 6.70825e+10
0 -0.5 0.5 0.642187 0.597204 -0.0610192 5.87141e+10
0.5 0 0.5 0.676015 0.545228 -0.128321 4.36139e+10
0 0.5 0.5 0.755381 0.395686 -0.134632 3.52703e+10
0.5 1 0.5 0.775831 0.33282 -0.195143 2.53195e+10
0 1.5 0.5 0.825516 0.134566 -0.163766 1.95027e+10
1 -1.5 0.5 0.487702 0.748837 5.13283e-05 6.73559e+10
1.5 -1 0.5 0.528407 0.71063 -0.0668689 4.77234e+10
1 -0.5 0.5 0.596052 0.647347 -0.102205 4.83143e+10
1.5 0 0.5 0.626271 0.597528 -0.168544 3.31437e+10
1 0.5 0.5 0.701867 0.488059 -0.19313 3.04455e+10
1.5 1 0.5 0.719156 0.430624 -0.25458 2.0435e+10
1 1.5 0.5 0.787552 0.270721 -0.251608 1.73122e+10
2 -1.5 0.5 0.477635 0.743927 -0.0302425 4.21958e+10
2.5 -1 0.5 0.512206 0.70808 -0.0938585 2.87529e+10
2 -0.5 0.5 0.561505 0.668203 -0.132603 3.24909e+10
2.5 0 0.5 0.586439 0.624183 -0.196624 2.15211e+10
2 0.5 0.5 0.648057 0.546653 -0.232344 2.20169e+10
2.5 1 0.5 0.662134 0.496652 -0.293003 1.43176e+10
2 1.5 0.5 0.728821 0.37542 -0.312039 1.33763e+10
-2.25 -0.75 0.75 -0.0172579 0.819111 0.161263 1.24529e+10
-2.25 0.25 0.75 0.0338611 0.76444 0.0815932 7.96426e+09
-2.25 1.25 0.75 0.0850063 0.648797 0.0291393 4.55329e+09
-1.75 -1.25 0.75 -0.07394 0.788224 0.198704 1.51074e+10
-1.25 -0.75 0.75 -0.0135389 0.738469 0.131361 1.29613e+10
-1.75 -0.25 0.75 -0.00807663 0.73322 0.114302 9.84721e+09
-1.25 0.25 0.75 0.0712608 0.639532 0.0512678 7.9602e+09
-1.75 0.75 0.75 0.0683465 0.641146 0.044363 6.10055e+09
-1.25 1.25 0.75 0.135842 0.488764 -0.00261984 4.47791e+09
-0.75 -1.25 0.75 -0.0199718 0.762141 0.139223 1.67691e+10
-0.25 -0.75 0.75 0.0559888 0.712793 0.0443319 1.28504e+10
-0.75 -0.25 0.75 0.0725424 0.666408 0.0471834 1.02352e+10
-0.25 0.25 0.75 0.149512 0.570469 -0.042655 7.37607e+09
-0.75 0.75 0.75 0.150141 0.515727 -0.0229983 5.7952e+09
-0.25 1.25 0.75 0.218622 0.382353 -0.0977213 4.02477e+09
0.25 -1.25 0.75 0.0207578 0.754397 0.0482211 1.49616e+10
0.75 -0.75 0.75 0.0805805 0.69957 -0.0433335 1.03954e+10
0.25 -0.25 0.75 0.124199 0.640176 -0.0503488 9.09311e+09
0.75 0.25 0.75 0.184038 0.55823 -0.14099 6.20237e+09
0.25 0.75 0.75 0.216152 0.466115 -0.12995 5.09741e+09
0.75 1.25 0.75 0.272879 0.366315 -0.210948 3.45168e+09
1.25 -1.25 0.75 0.0283497 0.741896 -0.0244862 1.08628e+10
1.75 -0.75 0.75 0.0770641 0.690001 -0.108151 7.24052e+09
1.25 -0.25 0.75 0.133917 0.63474 -0.131616 6.99925e+09
1.75 0.25 0.75 0.179856 0.566413 -0.214898 4.62802e+09
1.25 0.75 0.75 0.234835 0.475835 -0.225227 4.14657e+09
1.75 1.25 0.75 0.276568 0.398322 -0.301415 2.73651e+09
2.25 -1.25 0.75 0.0210351 0.72415 -0.0786049 6.84064e+09
2.25 -0.25 0.75 0.119783 0.633011 -0.188487 4.75044e+09
2.25 0.75 0.75 0.218336 0.499265 -0.291791 3.02476e+09
-2.5 -1.5 1 0.696788 0.380503 0.109452 9.49089e+10
-2.5 -0.5 1 0.731183 0.196014 0.0706106 6.85485e+10
-2.5 0.5 1 0.73229 -0.0286247 0.0618737 4.81788e+10
-2.5 1.5 1 0.658537 -0.277455 0.10241 3.1743e+10
-1.5 -1.5 1 0.660533 0.591077 0.0433045 1.80068e+11
-2 -1 1 0.729204 0.411345 0.0401673 1.14245e+11
-1.5 -0.5 1 0.760434 0.414648 -0.0308318 1.20881e+11
-2 0 1 0.785872 0.191775 0.00103344 7.62377e+10
-1.5 0.5 1 0.822459 0.168728 -0.0687201 7.32434e+10
-2 1 1 0.79347 -0.0560725 8.33509e-06 4.90945e+10
-1.5 1.5 1 0.815739 -0.11262 -0.0496762 4.20189e+10
-0.5 -1.5 1 0.597608 0.69156 -0.00714873 2.15535e+11
-1 -1 1 0.683718 0.582451 -0.029869 1.73677e+11
-0.5 -0.5 1 0.713287 0.539678 -0.104839 1.40255e+11
-1 0 1 0.786474 0.375942 -0.103502 1.05512e+11
-0.5 0.5 1 0.80713 0.314177 -0.169431 8.01057e+10
-1 1 1 0.840672 0.10886 -0.127772 5.89768e+10
-0.5 1.5 1 0.847401 0.0386058 -0.177253 4.28144e+10
0.5 -1.5 1 0.563594 0.72032 -0.0466402 1.70247e+11
0 -1 1 0.633215 0.65088 -0.0821035 1.64392e+11
0.5 -0.5 1 0.664827 0.600307 -0.154073 1.16277e+11
0 0 1 0.739626 0.48188 -0.175339 1.0188e+11
0.5 0.5 1 0.758423 0.419667 -0.240754 6.97706e+10
0 1 1 0.819673 0.246343 -0.228609 5.62987e+10
0.5 1.5 1 0.82438 0.181152 -0.281713 3.78735e+10
1.5 -1.5 1 0.549146 0.720482 -0.0765728 1.08284e+11
1 -1 1 0.598938 0.677363 -0.117785 1.1877e+11
1.5 -0.5 1 0.626426 0.631078 -0.186496 7.97369e+10
1 0 1 0.688694 0.5461 -0.222421 7.85129e+10
1.5 0.5 1 0.704206 0.491973 -0.286838 5.14694e+10
1 1 1 0.769016 0.358724 -0.301084 4.61257e+10
1.5 1.5 1 0.772576 0.30156 -0.356228 2.98476e+10
2.5 -1.5 1 0.547162 0.70409 -0.101746 6.04157e+10
2 -1 1 0.578807 0.681345 -0.143785 7.28846e+10
2.5 -0.5 1 0.600517 0.6411 -0.209188 4.79213e+10
2 0 1 0.645646 0.5841 -0.252396 5.21773e+10
2.5 0.5 1 0.657414 0.537859 -0.31509 3.35704e+10
2 1 1 0.712307 0.439781 -0.347013 3.31155e+10
2.5 1.5 1 0.714376 0.390157 -0.402727 2.10561e+10
-2.25 -1.25 1.25 0.181635 0.787947 0.193747 4.75487e+10
-2.25 -0.25 1.25 0.253916 0.713649 0.102769 3.06305e+10
-2.25 0.75 1.25 0.323447 0.590941 0.0297544 1.82428e+10
-1.25 -1.25 1.25 0.226489 0.783445 0.0921801 5.51303e+10
-1.75 -0.75 1.25 0.239852 0.737551 0.0995736 4.04117e+10
-1.25 -0.25 1.25 0.320408 0.676004 -0.0064664 3.29252e+10
-1.75 0.25 1.25 0.323093 0.637875 0.0158388 2.53463e+10
-1.25 0.75 1.25 0.391216 0.518277 -0.0691697 1.81852e+10
-1.75 1.25 1.25 0.392664 0.459051 -0.032904 1.37805e+10
-0.25 -1.25 1.25 0.247846 0.778702 -0.0159088 4.95034e+10
-0.75 -0.75 1.25 0.291994 0.732185 -0.0177547 4.20676e+10
-0.25 -0.25 1.25 0.347577 0.655701 -0.118535 2.91988e+10
-0.75 0.25 1.25 0.381197 0.579688 -0.102756 2.32973e+10
-0.25 0.75 1.25 0.427191 0.471689 -0.188849 1.56927e+10
-0.75 1.25 1.25 0.435899 0.382016 -0.140748 1.22487e+10
0.75 -1.25 1.25 0.243157 0.766253 -0.0916498 3.58044e+10
0.25 -0.75 1.25 0.298059 0.719639 -0.113052 3.38483e+10
0.75 -0.25 1.25 0.339802 0.650525 -0.20341 2.24141e+10
0.25 0.25 1.25 0.391822 0.569283 -0.209956 1.94956e+10
0.75 0.75 1.25 0.426031 0.481279 -0.291849 1.27838e+10
0.25 1.25 1.25 0.462624 0.365587 -0.264742 1.03867e+10
1.75 -1.25 1.25 0.22854 0.747552 -0.143751 2.25122e+10
1.25 -0.75 1.25 0.283477 0.710117 -0.178109 2.35673e+10
1.75 -0.25 1.25 0.316258 0.648858 -0.259373 1.52745e+10
1.25 0.25 1.25 0.372886 0.577437 -0.286346 1.45928e+10
1.75 0.75 1.25 0.398268 0.505252 -0.361267 9.40883e+09
1.25 1.25 1.25 0.451841 0.39758 -0.363846 8.30004e+09
2.25 -0.75 1.25 0.262063 0.695641 -0.221887 1.45833e+10
2.25 0.25 1.25 0.342082 0.586523 -0.33467 9.81102e+09
2.25 1.25 1.25 0.416901 0.43686 -0.428157 6.02684e+09
-2.5 -1 1.5 0.491612 0.515382 0.119381 1.70358e+11
-2.5 0 1.5 0.543227 0.377093 0.0580967 1.17048e+11
-2.5 1 1.5 0.564913 0.191913 0.0287629 7.33093e+10
-2 -1.5 1.5 0.477781 0.627379 0.109218 2.58677e+11
-1.5 -1 1.5 0.517419 0.635851 0.0218051 2.54132e+11
-2 -0.5 1.5 0.551686 0.502203 0.0316252 1.73477e+11
-1.5 0 1.5 0.583319 0.472488 -0.0524597 1.43452e+11
-2 0.5 1.5 0.616739 0.345975 -0.0297066 1.08461e+11
-1.5 1 1.5 0.631545 0.268256 -0.0891175 7.83334e+10
-2 1.5 1.5 0.598692 0.125168 -0.0272118 5.74979e+10
-1 -1.5 1.5 0.439999 0.723523 0.0386411 3.098e+11
-0.5 -1 1.5 0.472084 0.68172 -0.0407808 2.21845e+11
-1 -0.5 1.5 0.541274 0.593547 -0.0591032 1.90145e+11
-0.5 0 1.5 0.567595 0.524536 -0.131513 1.27293e+11
-1 0.5 1.5 0.608055 0.398852 -0.1211 1.00183e+11
-0.5 1 1.5 0.623181 0.307844 -0.178078 6.51493e+10
-1 1.5 1.5 0.633342 0.166255 -0.13151 5.12739e+10
0 -1.5 1.5 0.401901 0.739876 -0.00909881 2.34392e+11
0.5 -1 1.5 0.437573 0.690074 -0.0827844 1.5462e+11
0 -0.5 1.5 0.504296 0.622145 -0.115245 1.46888e+11
0.5 0 1.5 0.530284 0.554648 -0.184589 9.35041e+10
0 0.5 1.5 0.588091 0.444796 -0.196505 8.12721e+10
0.5 1 1.5 0.60114 0.365226 -0.255495 5.08195e+10
0 1.5 1.5 0.630078 0.21787 -0.227504 4.11887e+10
1 -1.5 1.5 0.3743 0.731619 -0.0434699 1.47813e+11
1.5 -1 1.5 0.405953 0.683738 -0.112277 9.47382e+10
1 -0.5 1.5 0.466924 0.633437 -0.153009 9.85588e+10
1.5 0 1.5 0.489033 0.574774 -0.219805 6.17095e+10
1 0.5 1.5 0.548706 0.486068 -0.249212 5.83867e+10
1.5 1 1.5 0.560691 0.420869 -0.309293 3.61716e+10
1 1.5 1.5 0.608406 0.291895 -0.309169 3.15407e+10
2 -1.5 1.5 0.350616 0.7095 -0.0707783 8.30927e+10
2.5 -1 1.5 0.377767 0.66586 -0.135278 5.29032e+10
2 -0.5 1.5 0.430864 0.633312 -0.178792 5.96967e+10
2.5 0 1.5 0.449666 0.583147 -0.242907 3.72882e+10
2 0.5 1.5 0.504734 0.517532 -0.283119 3.83182e+10
2.5 1 1.5 0.515207 0.463572 -0.342797 2.37149e+10
2 1.5 1.5 0.567663 0.361171 -0.364837 2.23567e+10
