449
-2.5 -1 -1.5 0.147899 -0.6103 -0.239976 8.10089e+09
-2.5 0 -1.5 0.239264 -0.54917 -0.0890426 1.01262e+10
-2.5 1 -1.5 0.278101 -0.463039 0.04593 1.26087e+10
-2 -1.5 -1.5 -0.01332 -0.629507 -0.343989 1.00648e+10
-1.5 -1 -1.5 -0.0694378 -0.631747 -0.309919 1.61016e+10
-2 -0.5 -1.5 0.0926447 -0.614859 -0.218496 1.28641e+10
-1.5 0 -1.5 0.0218802 -0.62061 -0.193698 2.04654e+10
-2 0.5 -1.5 0.16906 -0.560255 -0.0803942 1.59513e+10
-1.5 1 -1.5 0.0799436 -0.576915 -0.0695855 2.50731e+10
-2 1.5 -1.5 0.190693 -0.497175 0.0348952 1.9753e+10
-1 -1.5 -1.5 -0.22722 -0.61155 -0.35778 1.95484e+10
-0.5 -1 -1.5 -0.291895 -0.608406 -0.309169 3.15407e+10
-1 -0.5 -1.5 -0.13747 -0.63219 -0.271227 2.578e+10
-0.5 0 -1.5 -0.21787 -0.630078 -0.227504 4.11887e+10
-1 0.5 -1.5 -0.065491 -0.627628 -0.165089 3.25362e+10
-0.5 1 -1.5 -0.166255 -0.633342 -0.13151 5.12739e+10
-1 1.5 -1.5 -0.0239456 -0.594849 -0.0545801 3.89033e+10
0 -1.5 -1.5 -0.420869 -0.560691 -0.309293 3.61716e+10
0.5 -1 -1.5 -0.486068 -0.548706 -0.249212 5.83867e+10
0 -0.5 -1.5 -0.365226 -0.60114 -0.255495 5.08195e+10
0.5 0 -1.5 -0.444796 -0.588091 -0.196505 8.12721e+10
0 0.5 -1.5 -0.307844 -0.623181 -0.178078 6.51493e+10
0.5 1 -1.5 -0.398852 -0.608055 -0.1211 1.00183e+11
0 1.5 -1.5 -0.268256 -0.631545 -0.0891175 7.83334e+10
1 -1.5 -1.5 -0.574774 -0.489033 -0.219805 6.17095e+10
1.5 -1 -1.5 -0.633437 -0.466924 -0.153009 9.85588e+10
1 -0.5 -1.5 -0.554648 -0.530284 -0.184589 9.35041e+10
1.5 0 -1.5 -0.622145 -0.504296 -0.115245 1.46888e+11
1 0.5 -1.5 -0.524536 -0.567595 -0.131513 1.27293e+11
1.5 1 -1.5 -0.593547 -0.541274 -0.0591032 1.90145e+11
1 1.5 -1.5 -0.472488 -0.583319 -0.0524597 1.43452e+11
2 -1.5 -1.5 -0.683738 -0.405953 -0.112277 9.47382e+10
2.5 -1 -1.5 -0.731619 -0.3743 -0.0434699 1.47813e+11
2 -0.5 -1.5 -0.690074 -0.437573 -0.0827844 1.5462e+11
2.5 0 -1.5 -0.739876 -0.401901 -0.00909881 2.34392e+11
2 0.5 -1.5 -0.68172 -0.472084 -0.0407808 2.21845e+11
2.5 1 -1.5 -0.723523 -0.439999 0.0386411 3.098e+11
2 1.5 -1.5 -0.635851 -0.517419 0.0218051 2.54132e+11
-2.25 -0.75 -1.25 0.194028 -0.690542 -0.264605 2.96567e+09
-2.25 0.25 -1.25 0.28842 -0.605367 -0.0969015 3.45227e+09
-2.25 1.25 -1.25 0.299323 -0.480977 0.0453087 3.9832e+09
-1.75 -1.25 -1.25 0.0169063 -0.71091 -0.382245 3.76593e+09
-1.25 -0.75 -1.25 -0.0419391 -0.707889 -0.345142 5.77309e+09
-1.75 -0.25 -1.25 0.133946 -0.685329 -0.240766 4.49878e+09
-1.25 0.25 -1.25 0.0559309 -0.676616 -0.210832 6.78209e+09
-1.75 0.75 -1.25 0.203406 -0.595893 -0.0846977 5.13781e+09
-1.25 1.25 -1.25 0.0875569 -0.585037 -0.0675787 7.60758e+09
-0.75 -1.25 -1.25 -0.217739 -0.688223 -0.403782 7.20864e+09
-0.25 -0.75 -1.25 -0.283352 -0.681312 -0.349467 1.11145e+10
-0.75 -0.25 -1.25 -0.112573 -0.699532 -0.300348 8.77995e+09
-0.25 0.25 -1.25 -0.196801 -0.683669 -0.246206 1.32178e+10
-0.75 0.75 -1.25 -0.0436918 -0.663137 -0.173084 1.0158e+10
-0.25 1.25 -1.25 -0.16652 -0.640145 -0.125638 1.50602e+10
0.25 -1.25 -1.25 -0.428008 -0.636041 -0.355754 1.31173e+10
0.75 -0.75 -1.25 -0.491743 -0.621304 -0.287268 2.02004e+10
0.25 -0.25 -1.25 -0.356797 -0.667159 -0.286536 1.69763e+10
0.75 0.25 -1.25 -0.436939 -0.64246 -0.214097 2.55539e+10
0.25 0.75 -1.25 -0.294855 -0.65557 -0.181082 1.95992e+10
0.75 1.25 -1.25 -0.405875 -0.606156 -0.102806 2.83262e+10
1.25 -1.25 -1.25 -0.59305 -0.567047 -0.261039 2.19804e+10
1.75 -0.75 -1.25 -0.648338 -0.541941 -0.184268 3.35392e+10
1.25 -0.25 -1.25 -0.557965 -0.596946 -0.211085 3.06532e+10
1.75 0.25 -1.25 -0.623511 -0.560005 -0.127227 4.53497e+10
1.25 0.75 -1.25 -0.520856 -0.602185 -0.131344 3.74354e+10
1.75 1.25 -1.25 -0.603279 -0.542102 -0.0362752 5.22654e+10
2.25 -1.25 -1.25 -0.708301 -0.488151 -0.145296 3.31365e+10
2.25 -0.25 -1.25 -0.701043 -0.506245 -0.102266 5.00184e+10
2.25 0.75 -1.25 -0.684327 -0.508187 -0.0351427 6.4292e+10
-2.5 -1.5 -1 -0.132144 -0.239008 -0.291518 3.26315e+09
-2.5 -0.5 -1 -0.132564 -0.216002 -0.163873 4.40315e+09
-2.5 0.5 -1 -0.175915 -0.21454 -0.0458047 6.04751e+09
-2.5 1.5 -1 -0.235641 -0.265399 0.0312715 8.60379e+09
-1.5 -1.5 -1 -0.288542 -0.255259 -0.327363 6.51632e+09
-2 -1 -1 -0.202611 -0.248304 -0.263982 5.39515e+09
-1.5 -0.5 -1 -0.287976 -0.266466 -0.233916 9.09367e+09
-2 0 -1 -0.219846 -0.24768 -0.15076 7.40575e+09
-1.5 0.5 -1 -0.317647 -0.296336 -0.137291 1.27851e+10
-2 1 -1 -0.269503 -0.285445 -0.0563083 1.04495e+10
-1.5 1.5 -1 -0.357786 -0.373384 -0.0663392 1.85656e+10
-0.5 -1.5 -1 -0.453353 -0.238928 -0.302016 1.28709e+10
-1 -1 -1 -0.369349 -0.263991 -0.284813 1.09971e+10
-0.5 -0.5 -1 -0.459513 -0.28087 -0.238636 1.8923e+10
-1 0 -1 -0.384572 -0.296601 -0.201389 1.56851e+10
-0.5 0.5 -1 -0.483843 -0.337215 -0.165809 2.7667e+10
-1 1 -1 -0.415307 -0.359167 -0.121971 2.26439e+10
-0.5 1.5 -1 -0.498733 -0.4202 -0.099846 4.05613e+10
0.5 -1.5 -1 -0.601596 -0.197054 -0.232003 2.43492e+10
0 -1 -1 -0.535928 -0.247105 -0.247346 2.20823e+10
0.5 -0.5 -1 -0.61964 -0.260227 -0.188912 3.84451e+10
0 0 -1 -0.551956 -0.305069 -0.188683 3.3173e+10
0.5 0.5 -1 -0.636692 -0.330017 -0.13383 5.8661e+10
0 1 -1 -0.573867 -0.377875 -0.124685 4.928e+10
0.5 1.5 -1 -0.643317 -0.40442 -0.0728421 8.58305e+10
1.5 -1.5 -1 -0.717406 -0.139741 -0.138763 4.28921e+10
1 -1 -1 -0.675951 -0.202768 -0.169426 4.19688e+10
1.5 -0.5 -1 -0.743821 -0.208448 -0.103327 7.25147e+10
1 0 -1 -0.696631 -0.273665 -0.126202 6.73386e+10
1.5 0.5 -1 -0.759125 -0.280992 -0.0579287 1.16205e+11
1 1 -1 -0.703355 -0.346839 -0.0715348 1.02109e+11
1.5 1.5 -1 -0.737572 -0.356562 0.00131617 1.68652e+11
2.5 -1.5 -1 -0.79624 -0.0731613 -0.0406404 6.8609e+10
2 -1 -1 -0.776802 -0.141025 -0.0726109 7.31105e+10
2.5 -0.5 -1 -0.82505 -0.138355 -0.00327991 1.22718e+11
2 0 -1 -0.799282 -0.209176 -0.0329667 1.234e+11
2.5 0.5 -1 -0.837908 -0.202707 0.0422983 2.00919e+11
2 1 -1 -0.800434 -0.28109 0.0170653 1.91099e+11
2.5 1.5 -1 -0.807571 -0.287266 0.0979895 2.8347e+11
-2.25 -1.25 -0.75 0.252215 -0.769224 -0.32841 1.23271e+09
-2.25 -0.25 -0.75 0.414518 -0.681682 -0.184467 1.45438e+09
-2.25 0.75 -0.75 0.511319 -0.524159 -0.0365234 1.66556e+09
-1.25 -1.25 -0.75 0.0159721 -0.795398 -0.387061 2.37312e+09
-1.75 -0.75 -0.75 0.222896 -0.767464 -0.308128 1.87584e+09
-1.25 -0.25 -0.75 0.184005 -0.762366 -0.283883 2.82932e+09
-1.75 0.25 -0.75 0.37375 -0.669375 -0.172403 2.16671e+09
-1.25 0.75 -0.75 0.311583 -0.653769 -0.154693 3.19837e+09
-1.75 1.25 -0.75 0.433448 -0.510483 -0.0349394 2.43916e+09
-0.25 -1.25 -0.75 -0.217179 -0.783205 -0.373248 4.44671e+09
-0.75 -0.75 -0.75 -0.0230526 -0.795458 -0.351927 3.62697e+09
-0.25 -0.25 -0.75 -0.0703207 -0.790645 -0.311057 5.47985e+09
-0.75 0.25 -0.75 0.130902 -0.752784 -0.253697 4.21996e+09
-0.25 0.75 -0.75 0.0568739 -0.735693 -0.214246 6.20126e+09
-0.75 1.25 -0.75 0.216831 -0.632308 -0.126583 4.6858e+09
0.75 -1.25 -0.75 -0.41503 -0.743465 -0.299175 7.78631e+09
0.25 -0.75 -0.75 -0.262103 -0.780821 -0.323638 6.81086e+09
0.75 -0.25 -0.75 -0.31321 -0.771377 -0.267919 1.02658e+10
0.25 0.25 -0.75 -0.128761 -0.777909 -0.262499 8.14279e+09
0.75 0.75 -0.75 -0.201452 -0.750509 -0.203301 1.18238e+10
0.25 1.25 -0.75 -0.0447116 -0.702776 -0.160645 8.94105e+09
1.75 -1.25 -0.75 -0.564792 -0.685892 -0.188755 1.24031e+10
1.25 -0.75 -0.75 -0.459254 -0.733894 -0.237728 1.18305e+10
1.75 -0.25 -0.75 -0.506095 -0.714738 -0.17141 1.75386e+10
1.25 0.25 -0.75 -0.371091 -0.750426 -0.205082 1.50842e+10
1.75 0.75 -0.75 -0.433466 -0.711155 -0.1341 2.12991e+10
1.25 1.25 -0.75 -0.29228 -0.69361 -0.129292 1.65519e+10
2.25 -0.75 -0.75 -0.604204 -0.665407 -0.120542 1.85217e+10
2.25 0.25 -0.75 -0.553722 -0.682129 -0.100607 2.50404e+10
2.25 1.25 -0.75 -0.505936 -0.63404 -0.0490591 2.87301e+10
-2.5 -1 -0.5 0.0239985 -0.315172 -0.235241 1.96087e+09
-2.5 0 -0.5 0.0187875 -0.2423 -0.112205 2.65347e+09
-2.5 1 -0.5 -0.0486072 -0.213408 -0.00927285 3.74316e+09
-2 -1.5 -0.5 -0.0834228 -0.375697 -0.324207 2.38915e+09
-1.5 -1 -0.5 -0.151815 -0.375096 -0.296316 3.9594e+09
-2 -0.5 -0.5 -0.0499205 -0.32118 -0.219853 3.24327e+09
-1.5 0 -0.5 -0.142137 -0.340664 -0.202607 5.51174e+09
-2 0.5 -0.5 -0.078703 -0.280455 -0.113188 4.52378e+09
-1.5 1 -0.5 -0.185731 -0.342736 -0.113347 8.01013e+09
-2 1.5 -0.5 -0.144992 -0.301722 -0.0313581 6.67467e+09
-1 -1.5 -0.5 -0.268817 -0.394103 -0.333858 4.74027e+09
-0.5 -1 -0.5 -0.344643 -0.394417 -0.292147 8.01514e+09
-1 -0.5 -0.5 -0.236226 -0.3823 -0.264879 6.71184e+09
-0.5 0 -0.5 -0.333033 -0.39979 -0.229108 1.16876e+10
-1 0.5 -0.5 -0.247177 -0.37706 -0.182309 9.6767e+09
-0.5 1 -0.5 -0.353971 -0.424484 -0.15624 1.75116e+10
-1 1.5 -0.5 -0.289363 -0.419511 -0.108212 1.46981e+10
0 -1.5 -0.5 -0.45024 -0.374611 -0.286281 9.19388e+09
0.5 -1 -0.5 -0.524804 -0.373834 -0.233406 1.5729e+10
0 -0.5 -0.5 -0.429786 -0.40054 -0.245906 1.38377e+10
0.5 0 -0.5 -0.517877 -0.410218 -0.194433 2.43372e+10
0 0.5 -0.5 -0.433944 -0.424138 -0.18752 2.0864e+10
0.5 1 -0.5 -0.528207 -0.444498 -0.13724 3.76377e+10
0 1.5 -0.5 -0.448721 -0.464163 -0.118653 3.20747e+10
1 -1.5 -0.5 -0.603839 -0.326226 -0.200834 1.68753e+10
1.5 -1 -0.5 -0.668753 -0.321942 -0.141048 2.87839e+10
1 -0.5 -0.5 -0.600585 -0.374266 -0.176174 2.72265e+10
1.5 0 -0.5 -0.671116 -0.37094 -0.113956 4.71257e+10
1 0.5 -0.5 -0.600345 -0.416529 -0.136366 4.30713e+10
1.5 1 -0.5 -0.667012 -0.41245 -0.0693179 7.48568e+10
1 1.5 -0.5 -0.602654 -0.449736 -0.0733533 6.67017e+10
2 -1.5 -0.5 -0.718963 -0.258643 -0.0992311 2.8521e+10
2.5 -1 -0.5 -0.769546 -0.248799 -0.0365602 4.76251e+10
2 -0.5 -0.5 -0.728194 -0.314405 -0.077672 4.88837e+10
2.5 0 -0.5 -0.777255 -0.30002 -0.0104023 8.10235e+10
2 0.5 -0.5 -0.729676 -0.35898 -0.0457914 7.97173e+10
2.5 1 -0.5 -0.768567 -0.337877 0.0292325 1.2739e+11
2 1.5 -0.5 -0.703479 -0.399235 0.00957136 1.24782e+11
-2.25 -0.75 -0.25 0.464113 -0.709696 -0.262644 8.03044e+08
-2.25 0.25 -0.25 0.618219 -0.52842 -0.130409 9.1859e+08
-2.25 1.25 -0.25 0.64449 -0.286014 0.00588127 1.03537e+09
-1.75 -1.25 -0.25 0.24947 -0.798916 -0.364498 1.02586e+09
-1.25 -0.75 -0.25 0.235927 -0.792331 -0.349578 1.5456e+09
-1.75 -0.25 -0.25 0.453088 -0.690064 -0.25735 1.19295e+09
-1.25 0.25 -0.25 0.428288 -0.665015 -0.248598 1.75424e+09
-1.75 0.75 -0.25 0.579027 -0.494476 -0.1308 1.3391e+09
-1.25 1.25 -0.25 0.498962 -0.464336 -0.120755 1.94829e+09
-0.75 -1.25 -0.25 0.00857203 -0.83068 -0.392333 1.94725e+09
-0.25 -0.75 -0.25 -0.0146998 -0.828914 -0.364173 2.94416e+09
-0.75 -0.25 -0.25 0.214643 -0.781079 -0.331989 2.30207e+09
-0.25 0.25 -0.25 0.178347 -0.763824 -0.308111 3.37917e+09
-0.75 0.75 -0.25 0.376907 -0.634759 -0.230352 2.55508e+09
-0.25 1.25 -0.25 0.274104 -0.598657 -0.192665 3.70949e+09
0.25 -1.25 -0.25 -0.220127 -0.825065 -0.349088 3.54563e+09
0.75 -0.75 -0.25 -0.249988 -0.823047 -0.306351 5.34037e+09
0.25 -0.25 -0.25 -0.0456195 -0.821805 -0.331609 4.38285e+09
0.75 0.25 -0.25 -0.089637 -0.80524 -0.291175 6.38942e+09
0.25 0.75 -0.25 0.114493 -0.736694 -0.271084 4.88231e+09
0.75 1.25 -0.25 -0.00373576 -0.689323 -0.209647 6.99835e+09
1.25 -1.25 -0.25 -0.409268 -0.791071 -0.250493 5.9724e+09
1.75 -0.75 -0.25 -0.440414 -0.783011 -0.195418 8.86857e+09
1.25 -0.25 -0.25 -0.285669 -0.813516 -0.258833 7.85257e+09
1.75 0.25 -0.25 -0.329263 -0.790075 -0.205003 1.11638e+10
1.25 0.75 -0.25 -0.157062 -0.769179 -0.236776 9.09478e+09
1.75 1.25 -0.25 -0.265911 -0.707001 -0.159528 1.30826e+10
2.25 -1.25 -0.25 -0.548278 -0.735957 -0.121357 9.04866e+09
2.25 -0.25 -0.25 -0.474337 -0.76495 -0.137575 1.2732e+10
2.25 0.75 -0.25 -0.387303 -0.738756 -0.140271 1.52756e+10
-2.5 -1.5 0 0.163873 -0.446841 -0.302958 9.04501e+08
-2.5 -0.5 0 0.221122 -0.306347 -0.188745 1.18776e+09
-2.5 0.5 0 0.175969 -0.177477 -0.0713251 1.62355e+09
-2.5 1.5 0 0.0484442 -0.153296 0.0149035 2.4184e+09
-1.5 -1.5 0 -0.0316618 -0.512795 -0.354236 1.77257e+09
-2 -1 0 0.114021 -0.431411 -0.291502 1.45368e+09
-1.5 -0.5 0 0.0421898 -0.422396 -0.277089 2.39189e+09
-2 0 0 0.136195 -0.306747 -0.186247 1.96178e+09
-1.5 0.5 0 0.0264612 -0.332497 -0.180911 3.37905e+09
-2 1 0 0.0604284 -0.230884 -0.0822987 2.82814e+09
-1.5 1.5 0 -0.0589394 -0.321439 -0.0895414 5.22792e+09
-0.5 -1.5 0 -0.242573 -0.530561 -0.339872 3.46498e+09
-1 -1 0 -0.0939084 -0.501642 -0.329817 2.91379e+09
-0.5 -0.5 0 -0.174746 -0.496613 -0.299758 4.91412e+09
-1 0 0 -0.053185 -0.427205 -0.257558 4.06984e+09
-0.5 0.5 0 -0.167241 -0.449942 -0.230192 7.21671e+09
-1 1 0 -0.0988508 -0.388036 -0.169684 6.12766e+09
-0.5 1.5 0 -0.226188 -0.459627 -0.148455 1.16843e+10
0.5 -1.5 0 -0.438826 -0.504254 -0.271133 6.55662e+09
0 -1 0 -0.311285 -0.521688 -0.301609 5.79766e+09
0.5 -0.5 0 -0.391059 -0.515642 -0.25696 9.90416e+09
0 0 0 -0.271739 -0.50017 -0.261924 8.55188e+09
0.5 0.5 0 -0.377676 -0.508753 -0.214142 1.53449e+10
0 1 0 -0.289246 -0.483561 -0.191915 1.33266e+10
0.5 1.5 0 -0.408061 -0.507755 -0.138988 2.52981e+10
1.5 -1.5 0 -0.599001 -0.445022 -0.170326 1.16355e+10
1 -1 0 -0.505455 -0.494345 -0.221681 1.10353e+10
1.5 -0.5 0 -0.574867 -0.482463 -0.16688 1.87168e+10
1 0 0 -0.476989 -0.509694 -0.204595 1.72293e+10
1.5 0.5 0 -0.562152 -0.496969 -0.142941 3.01836e+10
1 1 0 -0.482747 -0.511388 -0.15397 2.80863e+10
1.5 1.5 0 -0.575759 -0.497766 -0.0795702 5.18638e+10
2.5 -1.5 0 -0.716148 -0.363956 -0.0595009 1.88369e+10
2 -1 0 -0.656272 -0.431211 -0.114188 1.93654e+10
2.5 -0.5 0 -0.709835 -0.411873 -0.0544713 3.18539e+10
2 0 0 -0.641894 -0.464206 -0.106136 3.16134e+10
2.5 0.5 0 -0.701065 -0.436167 -0.0387774 5.22965e+10
2 1 0 -0.638766 -0.471366 -0.0703786 5.24083e+10
2.5 1.5 0 -0.701653 -0.431539 0.0143025 8.84181e+10
-2.25 -1.25 0.25 0.479079 -0.735101 -0.325552 4.58835e+08
-2.25 -0.25 0.25 0.68574 -0.532352 -0.217568 5.2518e+08
-2.25 0.75 0.25 0.772779 -0.236823 -0.0883266 5.86789e+08
-1.25 -1.25 0.25 0.249494 -0.817351 -0.396594 8.68888e+08
-1.75 -0.75 0.25 0.491207 -0.708903 -0.328954 6.78735e+08
-1.25 -0.25 0.25 0.497519 -0.674415 -0.332237 9.92297e+08
-1.75 0.25 0.25 0.681868 -0.477985 -0.225214 7.60127e+08
-1.25 0.75 0.25 0.64798 -0.422614 -0.223836 1.09451e+09
-1.75 1.25 0.25 0.69941 -0.176821 -0.0813873 8.47677e+08
-0.25 -1.25 0.25 0.00379132 -0.85696 -0.394513 1.61141e+09
-0.75 -0.75 0.25 0.251561 -0.803859 -0.391907 1.29e+09
-0.25 -0.25 0.25 0.24586 -0.784606 -0.385077 1.88642e+09
-0.75 0.25 0.25 0.487811 -0.632333 -0.32985 1.43287e+09
-0.25 0.75 0.25 0.44092 -0.587772 -0.31096 2.05259e+09
-0.75 1.25 0.25 0.554807 -0.388632 -0.203413 1.59029e+09
0.75 -1.25 0.25 -0.223485 -0.857719 -0.32083 2.82794e+09
0.25 -0.75 0.25 -0.00538475 -0.85216 -0.376288 2.38751e+09
0.75 -0.25 0.25 -0.0224109 -0.841435 -0.353825 3.45877e+09
0.25 0.25 0.25 0.221496 -0.759301 -0.369513 2.71274e+09
0.75 0.75 0.25 0.156009 -0.729451 -0.332504 3.88267e+09
0.25 1.25 0.25 0.320634 -0.560855 -0.260967 3.02374e+09
1.75 -1.25 0.25 -0.406909 -0.82563 -0.195538 4.54066e+09
1.25 -0.75 0.25 -0.241177 -0.855065 -0.286473 4.13975e+09
1.75 -0.25 0.25 -0.265062 -0.84448 -0.248052 5.86888e+09
1.25 0.25 0.25 -0.0569627 -0.820563 -0.320605 4.88976e+09
1.75 0.75 0.25 -0.129928 -0.784982 -0.264331 6.91119e+09
1.25 1.25 0.25 0.0261291 -0.704192 -0.263207 5.79339e+09
2.25 -0.75 0.25 -0.427646 -0.817545 -0.147514 6.49053e+09
2.25 0.25 0.25 -0.302765 -0.818823 -0.201257 8.06898e+09
2.25 1.25 0.25 -0.237914 -0.733923 -0.177857 1.01523e+10
-2.5 -1 0.5 0.392064 -0.412534 -0.266853 5.71168e+08
-2.5 0 0.5 0.413462 -0.185757 -0.151079 7.4111e+08
-2.5 1 0.5 0.280793 -0.0406492 -0.0380718 1.04983e+09
-2 -1.5 0.5 0.236353 -0.567174 -0.354954 7.01987e+08
-1.5 -1 0.5 0.198766 -0.540551 -0.350214 1.10773e+09
-2 -0.5 0.5 0.341704 -0.379941 -0.268452 9.01309e+08
-1.5 0 0.5 0.257079 -0.363462 -0.26485 1.47533e+09
-2 0.5 0.5 0.306549 -0.188078 -0.155341 1.22915e+09
-1.5 1 0.5 0.169457 -0.242065 -0.153895 2.18106e+09
-2 1.5 0.5 0.143681 -0.142663 -0.0539414 1.91662e+09
-1 -1.5 0.5 0.0144082 -0.637869 -0.383434 1.35444e+09
-0.5 -1 0.5 -0.0375038 -0.619162 -0.365282 2.18429e+09
-1 -0.5 0.5 0.134892 -0.518616 -0.339597 1.79474e+09
-0.5 0 0.5 0.0392434 -0.510898 -0.318008 3.02934e+09
-1 0.5 0.5 0.135445 -0.379509 -0.251411 2.55304e+09
-0.5 1 0.5 -0.0140576 -0.434626 -0.22515 4.74282e+09
-1 1.5 0.5 0.0197228 -0.347399 -0.1451 4.19852e+09
0 -1.5 0.5 -0.21631 -0.652181 -0.344753 2.58727e+09
0.5 -1 0.5 -0.276175 -0.636903 -0.311577 4.22966e+09
0 -0.5 0.5 -0.111918 -0.60409 -0.337937 3.62108e+09
0.5 0 0.5 -0.209442 -0.595602 -0.297176 6.2304e+09
0 0.5 0.5 -0.0860788 -0.523674 -0.281044 5.39912e+09
0.5 1 0.5 -0.230925 -0.550061 -0.228012 1.02063e+10
0 1.5 0.5 -0.177198 -0.509915 -0.1871 9.46517e+09
1 -1.5 0.5 -0.424335 -0.616575 -0.254814 4.74684e+09
1.5 -1 0.5 -0.48353 -0.600292 -0.209727 7.7573e+09
1 -0.5 0.5 -0.350267 -0.621127 -0.269158 7.05308e+09
1.5 0 0.5 -0.436289 -0.602102 -0.215103 1.20106e+10
1 0.5 0.5 -0.325214 -0.590837 -0.240585 1.11812e+10
1.5 1 0.5 -0.448941 -0.578002 -0.168828 2.07958e+10
1 1.5 0.5 -0.378491 -0.562802 -0.160137 1.99592e+10
2 -1.5 0.5 -0.590374 -0.544504 -0.139008 8.10037e+09
2.5 -1 0.5 -0.641657 -0.523885 -0.0870897 1.29798e+10
2 -0.5 0.5 -0.548332 -0.579028 -0.157763 1.27322e+10
2.5 0 0.5 -0.615703 -0.548919 -0.0979462 2.08735e+10
2 0.5 0.5 -0.529368 -0.574243 -0.148275 2.08285e+10
2.5 1 0.5 -0.619474 -0.534553 -0.0703181 3.6194e+10
2 1.5 0.5 -0.560348 -0.543294 -0.0824164 3.85737e+10
-2.25 -0.75 0.75 0.703499 -0.553846 -0.293902 3.09622e+08
-2.25 0.25 0.75 0.848481 -0.219823 -0.180897 3.45339e+08
-2.25 1.25 0.75 0.788202 0.116078 -0.0421596 3.91722e+08
-1.75 -1.25 0.75 0.481868 -0.734878 -0.385356 3.9662e+08
-1.25 -0.75 0.75 0.507407 -0.695912 -0.399646 5.77384e+08
-1.75 -0.25 0.75 0.725694 -0.485429 -0.310555 4.45578e+08
-1.25 0.25 0.75 0.729885 -0.409139 -0.32124 6.36719e+08
-1.75 0.75 0.75 0.818101 -0.126148 -0.180822 4.94005e+08
-1.25 1.25 0.75 0.735409 -0.0714839 -0.161399 7.22181e+08
-0.75 -1.25 0.75 0.241216 -0.825548 -0.430547 7.36918e+08
-0.25 -0.75 0.75 0.254583 -0.805454 -0.436617 1.0723e+09
-0.75 -0.25 0.75 0.525976 -0.647285 -0.412554 8.29619e+08
-0.25 0.25 0.75 0.523224 -0.595126 -0.41471 1.18066e+09
-0.75 0.75 0.75 0.695187 -0.345793 -0.315585 9.13433e+08
-0.25 1.25 0.75 0.598922 -0.342039 -0.285461 1.36619e+09
0.25 -1.25 0.75 -0.00902259 -0.872885 -0.395913 1.32099e+09
0.75 -0.75 0.75 -0.00854493 -0.865639 -0.386186 1.90187e+09
0.25 -0.25 0.75 0.258539 -0.78028 -0.438468 1.53356e+09
0.75 0.25 0.75 0.237465 -0.755252 -0.424456 2.17449e+09
0.25 0.75 0.75 0.473317 -0.560026 -0.390712 1.70174e+09
0.75 1.25 0.75 0.351544 -0.558927 -0.330354 2.5493e+09
1.25 -1.25 0.75 -0.234489 -0.877694 -0.289003 2.21287e+09
1.75 -0.75 0.75 -0.244436 -0.87432 -0.2607 3.12148e+09
1.25 -0.25 0.75 -0.0177225 -0.853483 -0.369632 2.67166e+09
1.75 0.25 0.75 -0.0511567 -0.836344 -0.334826 3.71802e+09
1.25 0.75 0.75 0.166808 -0.742239 -0.379155 3.15302e+09
1.75 1.25 0.75 0.0420736 -0.72956 -0.29669 4.62777e+09
2.25 -1.25 0.75 -0.410453 -0.84336 -0.13601 3.34959e+09
2.25 -0.25 0.75 -0.263814 -0.863571 -0.225832 4.27371e+09
2.25 0.75 0.75 -0.120284 -0.812511 -0.270498 5.26184e+09
-2.5 -1.5 1 0.484641 -0.537791 -0.333227 3.01413e+08
-2.5 -0.5 1 0.601626 -0.253475 -0.238451 3.69776e+08
-2.5 0.5 1 0.532168 0.0250289 -0.115367 4.8484e+08
-2.5 1.5 1 0.299063 0.105225 -0.00342572 7.33268e+08
-1.5 -1.5 1 0.285636 -0.664943 -0.405092 5.626e+08
-2 -1 1 0.478795 -0.490256 -0.344932 4.54573e+08
-1.5 -0.5 1 0.444911 -0.443792 -0.352178 7.00841e+08
-2 0 1 0.540511 -0.203236 -0.244788 5.74898e+08
-1.5 0.5 1 0.429163 -0.197174 -0.240418 9.4857e+08
-2 1 1 0.392767 -0.0150405 -0.11742 8.24665e+08
-1.5 1.5 1 0.230599 -0.148292 -0.118027 1.55229e+09
-0.5 -1.5 1 0.0463644 -0.737 -0.40899 1.06096e+09
-1 -1 1 0.264758 -0.632426 -0.409222 8.65462e+08
-0.5 -0.5 1 0.213548 -0.603257 -0.402955 1.36952e+09
-1 0 1 0.366934 -0.416517 -0.346946 1.12913e+09
-0.5 0.5 1 0.235279 -0.431586 -0.321683 1.95421e+09
-1 1 1 0.270741 -0.263669 -0.222926 1.7098e+09
-0.5 1.5 1 0.0891757 -0.393408 -0.198239 3.39913e+09
0.5 -1.5 1 -0.196343 -0.746125 -0.345301 1.96645e+09
0 -1 1 0.00722603 -0.715627 -0.397772 1.66375e+09
0.5 -0.5 1 -0.0589489 -0.695664 -0.372488 2.68563e+09
0 0 1 0.12002 -0.589462 -0.377175 2.27717e+09
0.5 0.5 1 -0.0180929 -0.599638 -0.327147 4.06193e+09
0 1 1 0.0595814 -0.495325 -0.277345 3.7041e+09
0.5 1.5 1 -0.136726 -0.565448 -0.220261 7.49217e+09
1.5 -1.5 1 -0.411028 -0.700952 -0.235364 3.4748e+09
1 -1 1 -0.246975 -0.728911 -0.317231 3.11261e+09
1.5 -0.5 1 -0.316329 -0.708444 -0.276181 5.0296e+09
1 0 1 -0.157859 -0.680572 -0.326534 4.53468e+09
1.5 0.5 1 -0.286485 -0.666457 -0.258992 8.06841e+09
1 1 1 -0.185798 -0.619894 -0.257949 7.73156e+09
1.5 1.5 1 -0.35685 -0.615802 -0.172493 1.49637e+10
2.5 -1.5 1 -0.580417 -0.617465 -0.106694 5.66993e+09
2 -1 1 -0.464008 -0.682069 -0.194508 5.46659e+09
2.5 -0.5 1 -0.52698 -0.65553 -0.144514 8.64645e+09
2 0 1 -0.405719 -0.681904 -0.218722 8.36327e+09
2.5 0.5 1 -0.508472 -0.644563 -0.145575 1.42299e+10
2 1 1 -0.426956 -0.638441 -0.174141 1.47193e+10
2.5 1.5 1 -0.551764 -0.583298 -0.0745095 2.60126e+10
-2.25 -1.25 1.25 0.67528 -0.594795 -0.357353 1.86927e+08
-2.25 -0.25 1.25 0.869741 -0.247544 -0.266501 2.09319e+08
-2.25 0.75 1.25 0.87046 0.152466 -0.132385 2.37113e+08
-1.25 -1.25 1.25 0.468394 -0.728837 -0.446351 3.42504e+08
-1.75 -0.75 1.25 0.711958 -0.522863 -0.382457 2.68023e+08
-1.25 -0.25 1.25 0.739362 -0.438616 -0.405072 3.81249e+08
-1.75 0.25 1.25 0.870453 -0.133127 -0.276684 2.9754e+08
-1.25 0.75 1.25 0.837514 -0.039615 -0.270085 4.28605e+08
-1.75 1.25 1.25 0.798117 0.216828 -0.116801 3.48512e+08
-0.25 -1.25 1.25 0.21758 -0.82867 -0.460786 6.18101e+08
-0.75 -0.75 1.25 0.500665 -0.680608 -0.470224 4.90292e+08
-0.25 -0.25 1.25 0.522669 -0.626837 -0.488552 6.94506e+08
-0.75 0.25 1.25 0.744097 -0.357552 -0.416043 5.42459e+08
-0.25 0.75 1.25 0.708915 -0.315309 -0.405528 7.88174e+08
-0.75 1.25 1.25 0.762706 -0.0130706 -0.24548 6.40247e+08
0.75 -1.25 1.25 -0.0345679 -0.882522 -0.389213 1.06073e+09
0.25 -0.75 1.25 0.23579 -0.805491 -0.473613 8.78765e+08
0.75 -0.25 1.25 0.241251 -0.782279 -0.476183 1.23344e+09
0.25 0.25 1.25 0.518234 -0.583806 -0.488236 9.86884e+08
0.75 0.75 1.25 0.466688 -0.572962 -0.456766 1.425e+09
0.25 1.25 1.25 0.615655 -0.337311 -0.369839 1.1612e+09
1.75 -1.25 1.25 -0.253793 -0.887598 -0.247786 1.67989e+09
1.25 -0.75 1.25 -0.030943 -0.875211 -0.382523 1.48227e+09
1.75 -0.25 1.25 -0.0412066 -0.866886 -0.362463 2.03841e+09
1.25 0.25 1.25 0.217025 -0.76969 -0.453966 1.73643e+09
1.75 0.75 1.25 0.150849 -0.768438 -0.396973 2.44284e+09
1.25 1.25 1.25 0.349949 -0.585151 -0.385149 2.0434e+09
2.25 -0.75 1.25 -0.261937 -0.883623 -0.220008 2.28651e+09
2.25 0.25 1.25 -0.0764254 -0.858303 -0.317938 2.79419e+09
2.25 1.25 1.25 0.0440122 -0.750849 -0.300645 3.31076e+09
-2.5 -1 1.5 0.684445 -0.362691 -0.315268 2.04412e+08
-2.5 0 1.5 0.725355 0.00468165 -0.207124 2.4832e+08
-2.5 1 1.5 0.537994 0.248493 -0.0716684 3.37827e+08
-2 -1.5 1.5 0.515308 -0.602362 -0.398088 2.52687e+08
-1.5 -1 1.5 0.529094 -0.548543 -0.419076 3.71245e+08
-2 -0.5 1.5 0.68231 -0.283316 -0.332122 3.00074e+08
-1.5 0 1.5 0.637709 -0.222077 -0.337296 4.5687e+08
-2 0.5 1.5 0.636353 0.0468372 -0.204988 3.86914e+08
-1.5 1 1.5 0.492181 -0.00902735 -0.192119 6.59095e+08
-2 1.5 1.5 0.3829 0.127537 -0.0694905 5.9822e+08
-1 -1.5 1.5 0.306374 -0.732372 -0.447689 4.61375e+08
-0.5 -1 1.5 0.30174 -0.699045 -0.459344 6.89953e+08
-1 -0.5 1.5 0.51413 -0.496257 -0.431234 5.57902e+08
-0.5 0 1.5 0.447065 -0.468649 -0.4219 8.82141e+08
-1 0.5 1.5 0.530141 -0.22003 -0.322001 7.46759e+08
-0.5 1 1.5 0.359677 -0.306405 -0.287761 1.35063e+09
-1 1.5 1.5 0.312805 -0.175081 -0.178309 1.25478e+09
0 -1.5 1.5 0.0599846 -0.80267 -0.425121 8.45236e+08
0.5 -1 1.5 0.0325725 -0.782844 -0.418767 1.28498e+09
0 -0.5 1.5 0.263909 -0.66973 -0.455023 1.06309e+09
0.5 0 1.5 0.174502 -0.658398 -0.42269 1.7339e+09
0 0.5 1.5 0.31175 -0.492196 -0.38288 1.51645e+09
0.5 1 1.5 0.118091 -0.559171 -0.320704 2.84482e+09
0 1.5 1.5 0.149096 -0.444539 -0.245158 2.67321e+09
1 -1.5 1.5 -0.185741 -0.806314 -0.337895 1.5106e+09
1.5 -1 1.5 -0.229039 -0.790619 -0.31313 2.31053e+09
1 -0.5 1.5 -0.0262222 -0.764301 -0.393256 2.01615e+09
1.5 0 1.5 -0.126454 -0.749523 -0.341274 3.32316e+09
1 0.5 1.5 0.0284027 -0.669269 -0.360018 3.03785e+09
1.5 1 1.5 -0.157037 -0.680009 -0.274114 5.58063e+09
1 1.5 1.5 -0.10657 -0.6196 -0.242075 5.62467e+09
2 -1.5 1.5 -0.400999 -0.753927 -0.211899 2.55561e+09
2.5 -1 1.5 -0.45044 -0.735187 -0.173949 3.86988e+09
2 -0.5 1.5 -0.296306 -0.770439 -0.271642 3.6181e+09
2.5 0 1.5 -0.389598 -0.742029 -0.21006 5.82564e+09
2 0.5 1.5 -0.263229 -0.730679 -0.263806 5.71087e+09
2.5 1 1.5 -0.413727 -0.691832 -0.166558 9.8425e+09
2 1.5 1.5 -0.348098 -0.66009 -0.169672 1.02869e+10
