449
-2.5 -1 -1.5 0.298564 -0.41751 0.628424 1.67821e+09
-2.5 0 -1.5 0.21356 -0.412842 0.659195 1.46725e+09
-2.5 1 -1.5 0.121359 -0.395195 0.677009 1.30336e+09
-2 -1.5 -1.5 0.369805 -0.404217 0.561527 2.11226e+09
-1.5 -1 -1.5 0.373127 -0.382907 0.529513 2.3442e+09
-2 -0.5 -1.5 0.29307 -0.408623 0.595489 1.83103e+09
-1.5 0 -1.5 0.290188 -0.388237 0.559401 2.02928e+09
-2 0.5 -1.5 0.202852 -0.402498 0.62119 1.60048e+09
-1.5 1 -1.5 0.194622 -0.380967 0.580246 1.77223e+09
-2 1.5 -1.5 0.108245 -0.381733 0.632946 1.42183e+09
-1 -1.5 -1.5 0.44812 -0.334528 0.465539 3.06718e+09
-0.5 -1 -1.5 0.459759 -0.282743 0.432475 3.55001e+09
-1 -0.5 -1.5 0.378431 -0.348818 0.494811 2.64921e+09
-0.5 0 -1.5 0.385142 -0.300947 0.457773 3.05667e+09
-1 0.5 -1.5 0.28954 -0.355475 0.52065 2.28905e+09
-0.5 1 -1.5 0.291128 -0.310297 0.479325 2.63787e+09
-1 1.5 -1.5 0.188825 -0.348164 0.536748 1.99821e+09
0 -1.5 -1.5 0.524932 -0.191885 0.378943 4.86164e+09
0.5 -1 -1.5 0.537683 -0.101653 0.347233 5.9823e+09
0 -0.5 -1.5 0.471908 -0.215118 0.397381 4.21481e+09
0.5 0 -1.5 0.485237 -0.132132 0.359397 5.16126e+09
0 0.5 -1.5 0.393304 -0.239579 0.418197 3.61684e+09
0.5 1 -1.5 0.402631 -0.167834 0.375994 4.40489e+09
0 1.5 -1.5 0.294646 -0.254572 0.435619 3.1176e+09
1 -1.5 -1.5 0.574306 0.0360177 0.314922 8.69719e+09
1.5 -1 -1.5 0.575451 0.15892 0.286643 1.15568e+10
1 -0.5 -1.5 0.549672 0.00402863 0.312464 7.62956e+09
1.5 0 -1.5 0.556571 0.114117 0.27505 1.00189e+10
1 0.5 -1.5 0.498359 -0.0390953 0.318141 6.52808e+09
1.5 1 -1.5 0.508344 0.0529904 0.273992 8.47181e+09
1 1.5 -1.5 0.412361 -0.0931642 0.331047 5.51483e+09
2 -1.5 -1.5 0.561778 0.326498 0.286949 1.79733e+10
2.5 -1 -1.5 0.542286 0.442311 0.262036 2.5481e+10
2 -0.5 -1.5 0.569068 0.275056 0.256117 1.5721e+10
2.5 0 -1.5 0.563964 0.379481 0.220289 2.19227e+10
2 0.5 -1.5 0.558556 0.214846 0.235383 1.34299e+10
2.5 1 -1.5 0.569114 0.295516 0.187873 1.83915e+10
2 1.5 -1.5 0.521413 0.129292 0.224664 1.12513e+10
-2.25 -0.75 -1.25 0.0629393 0.452426 0.70981 7.34261e+08
-2.25 0.25 -1.25 0.133521 0.493802 0.684905 6.96835e+08
-2.25 1.25 -1.25 0.206355 0.524669 0.647963 6.66245e+08
-1.75 -1.25 -1.25 0.0324487 0.456817 0.686974 9.02756e+08
-1.25 -0.75 -1.25 0.0631363 0.512001 0.646365 1.07618e+09
-1.75 -0.25 -1.25 0.097561 0.505759 0.664611 8.57141e+08
-1.25 0.25 -1.25 0.125925 0.55674 0.615972 1.02143e+09
-1.75 0.75 -1.25 0.165539 0.542437 0.631854 8.11699e+08
-1.25 1.25 -1.25 0.191919 0.58804 0.57464 9.60134e+08
-0.75 -1.25 -1.25 0.0298492 0.512624 0.631623 1.37491e+09
-0.25 -0.75 -1.25 0.0495481 0.567746 0.594011 1.72108e+09
-0.75 -0.25 -1.25 0.0873497 0.56504 0.602921 1.31292e+09
-0.25 0.25 -1.25 0.105976 0.615573 0.555613 1.63538e+09
-0.75 0.75 -1.25 0.148599 0.605188 0.563201 1.24029e+09
-0.25 1.25 -1.25 0.167432 0.650941 0.504371 1.53558e+09
0.25 -1.25 -1.25 0.0122842 0.565141 0.590154 2.29522e+09
0.75 -0.75 -1.25 0.0248399 0.622932 0.553097 3.0516e+09
0.25 -0.25 -1.25 0.0647 0.621217 0.552246 2.20915e+09
0.75 0.25 -1.25 0.0790463 0.674885 0.501674 2.91999e+09
0.25 0.75 -1.25 0.122076 0.663734 0.501666 2.08128e+09
0.75 1.25 -1.25 0.136842 0.708457 0.439199 2.70486e+09
1.25 -1.25 -1.25 -0.0180556 0.623999 0.557667 4.33897e+09
1.75 -0.75 -1.25 -0.0151908 0.686392 0.514289 6.16996e+09
1.25 -0.25 -1.25 0.0360841 0.683302 0.505047 4.2006e+09
1.75 0.25 -1.25 0.041815 0.7387 0.447657 5.87035e+09
1.25 0.75 -1.25 0.0918211 0.727357 0.440065 3.96976e+09
1.75 1.25 -1.25 0.0951497 0.771218 0.371812 5.42013e+09
2.25 -1.25 -1.25 -0.066019 0.687115 0.527434 9.27707e+09
2.25 -0.25 -1.25 -0.0115779 0.741416 0.461873 8.69916e+09
2.25 0.75 -1.25 0.0442934 0.782261 0.384169 8.05409e+09
-2.5 -1.5 -1 0.347794 -0.450197 0.618802 5.19766e+09
-2.5 -0.5 -1 0.258813 -0.456257 0.653331 4.56297e+09
-2.5 0.5 -1 0.159664 -0.450793 0.676786 4.05118e+09
-2.5 1.5 -1 0.0573348 -0.430634 0.685414 3.65477e+09
-1.5 -1.5 -1 0.421793 -0.423378 0.532859 7.16913e+09
-2 -1 -1 0.340493 -0.450267 0.592768 5.66456e+09
-1.5 -0.5 -1 0.335614 -0.442659 0.563809 6.27276e+09
-2 0 -1 0.244676 -0.457685 0.621785 4.97576e+09
-1.5 0.5 -1 0.232601 -0.451145 0.588051 5.49784e+09
-2 1 -1 0.14153 -0.450344 0.639429 4.41251e+09
-1.5 1.5 -1 0.126104 -0.441752 0.600257 4.86279e+09
-0.5 -1.5 -1 0.509151 -0.337324 0.452695 1.06249e+10
-1 -1 -1 0.42634 -0.402868 0.506008 8.08849e+09
-0.5 -0.5 -1 0.432505 -0.373333 0.476842 9.2863e+09
-1 0 -1 0.332926 -0.426706 0.532659 7.05277e+09
-0.5 0.5 -1 0.333104 -0.401832 0.499242 8.05722e+09
-1 1 -1 0.222871 -0.436317 0.552523 6.158e+09
-0.5 1.5 -1 0.21619 -0.412944 0.515299 7.00222e+09
0.5 -1.5 -1 0.587584 -0.178771 0.385447 1.71555e+10
0 -1 -1 0.521207 -0.289746 0.42574 1.25083e+10
0.5 -0.5 -1 0.534755 -0.230271 0.395318 1.50699e+10
0 0 -1 0.440923 -0.333873 0.444867 1.08614e+10
0.5 0.5 -1 0.45308 -0.283432 0.409185 1.29766e+10
0 1 -1 0.337376 -0.367338 0.463113 9.37032e+09
0.5 1.5 -1 0.346487 -0.323832 0.424012 1.11148e+10
1.5 -1.5 -1 0.62706 0.0667552 0.338753 3.12274e+10
1 -1 -1 0.599448 -0.0964737 0.357813 2.14488e+10
1.5 -0.5 -1 0.615293 0.00145276 0.323375 2.77512e+10
1 0 -1 0.553043 -0.156654 0.359538 1.86685e+10
1.5 0.5 -1 0.57641 -0.0701573 0.317419 2.38055e+10
1 1 -1 0.470082 -0.222709 0.369198 1.58741e+10
1.5 1.5 -1 0.49284 -0.157183 0.323901 1.98341e+10
2.5 -1.5 -1 0.592299 0.378521 0.319627 6.62453e+10
2 -1 -1 0.629039 0.183138 0.309019 4.21522e+10
2.5 -0.5 -1 0.625511 0.297251 0.2743 5.81432e+10
2 0 -1 0.630399 0.108552 0.282812 3.68447e+10
2.5 0.5 -1 0.642472 0.211995 0.237048 4.9692e+10
2 1 -1 0.601461 0.0205954 0.268962 3.09459e+10
2.5 1.5 -1 0.631002 0.102687 0.21217 4.10824e+10
-2.25 -1.25 -0.75 0.0656247 0.358542 0.714181 2.53603e+09
-2.25 -0.25 -0.75 0.121049 0.404027 0.696828 2.40896e+09
-2.25 0.75 -0.75 0.180172 0.441219 0.66727 2.30022e+09
-1.25 -1.25 -0.75 0.0778365 0.409189 0.657108 3.64556e+09
-1.75 -0.75 -0.75 0.0981863 0.408392 0.675729 2.93947e+09
-1.25 -0.25 -0.75 0.125516 0.456718 0.634567 3.48257e+09
-1.75 0.25 -0.75 0.151165 0.450174 0.65036 2.79478e+09
-1.25 0.75 -0.75 0.175804 0.493685 0.601269 3.28967e+09
-1.75 1.25 -0.75 0.207826 0.483196 0.612805 2.65443e+09
-0.25 -1.25 -0.75 0.080408 0.460893 0.612518 5.68895e+09
-0.75 -0.75 -0.75 0.102156 0.459812 0.621615 4.41543e+09
-0.25 -0.25 -0.75 0.121111 0.507911 0.583843 5.44819e+09
-0.75 0.25 -0.75 0.147494 0.502737 0.590903 4.19744e+09
-0.25 0.75 -0.75 0.166347 0.546931 0.542694 5.13638e+09
-0.75 1.25 -0.75 0.196515 0.53465 0.548213 3.91979e+09
0.75 -1.25 -0.75 0.0714837 0.513956 0.582106 9.68314e+09
0.25 -0.75 -0.75 0.0962917 0.511309 0.580807 7.20378e+09
0.75 -0.25 -0.75 0.111842 0.560892 0.543248 9.29072e+09
0.25 0.25 -0.75 0.137631 0.554063 0.541233 6.82792e+09
0.75 0.75 -0.75 0.156811 0.599005 0.490149 8.70408e+09
0.25 1.25 -0.75 0.185047 0.589422 0.487366 6.38915e+09
1.75 -1.25 -0.75 0.0536732 0.586106 0.55492 1.86086e+10
1.25 -0.75 -0.75 0.0864714 0.569264 0.547994 1.29297e+10
1.75 -0.25 -0.75 0.107643 0.632977 0.498442 1.78274e+10
1.25 0.25 -0.75 0.133705 0.613965 0.49366 1.23005e+10
1.75 0.75 -0.75 0.157594 0.668465 0.430867 1.66865e+10
1.25 1.25 -0.75 0.178534 0.640549 0.429325 1.12527e+10
2.25 -0.75 -0.75 0.0660455 0.651612 0.508239 2.63608e+10
2.25 0.25 -0.75 0.125267 0.689805 0.438854 2.47018e+10
2.25 1.25 -0.75 0.172766 0.710048 0.360842 2.23382e+10
-2.5 -1 -0.5 0.225505 -0.204153 0.671385 1.08231e+10
-2.5 0 -0.5 0.178406 -0.17992 0.685961 9.79854e+09
-2.5 1 -0.5 0.133218 -0.148517 0.686289 8.96426e+09
-2 -1.5 -0.5 0.271321 -0.19962 0.621658 1.32868e+10
-1.5 -1 -0.5 0.273389 -0.168568 0.594456 1.49514e+10
-2 -0.5 -0.5 0.224306 -0.180633 0.64035 1.19817e+10
-1.5 0 -0.5 0.223651 -0.149654 0.606301 1.34839e+10
-2 0.5 -0.5 0.176224 -0.155117 0.647419 1.08489e+10
-1.5 1 -0.5 0.175452 -0.123757 0.605971 1.21641e+10
-2 1.5 -0.5 0.132465 -0.122271 0.639969 9.89435e+09
-1 -1.5 -0.5 0.321184 -0.142336 0.550915 1.89552e+10
-0.5 -1 -0.5 0.324878 -0.0930576 0.524823 2.22291e+10
-1 -0.5 -0.5 0.275564 -0.129475 0.564438 1.7151e+10
-0.5 0 -0.5 0.278247 -0.0830617 0.531493 2.00078e+10
-1 0.5 -0.5 0.223782 -0.1117 0.569481 1.53979e+10
-0.5 1 -0.5 0.226093 -0.0667766 0.52902 1.78325e+10
-1 1.5 -0.5 0.177069 -0.0861152 0.561245 1.38026e+10
0 -1.5 -0.5 0.365526 -0.0391832 0.490865 2.92466e+10
0.5 -1 -0.5 0.365864 0.0295096 0.46582 3.59212e+10
0 -0.5 -0.5 0.32781 -0.0363303 0.49571 2.65632e+10
0.5 0 -0.5 0.332588 0.0289532 0.461499 3.23467e+10
0 0.5 -0.5 0.283764 -0.0289705 0.494056 2.37295e+10
0.5 1 -0.5 0.294692 0.0340726 0.450327 2.86562e+10
0 1.5 -0.5 0.232192 -0.0145287 0.483821 2.09632e+10
1 -1.5 -0.5 0.382621 0.114488 0.446619 4.93064e+10
1.5 -1 -0.5 0.37596 0.206872 0.419463 6.44839e+10
1 -0.5 -0.5 0.367445 0.108143 0.434824 4.51724e+10
1.5 0 -0.5 0.376914 0.200076 0.393839 5.84907e+10
1 0.5 -0.5 0.342244 0.105192 0.419863 4.0257e+10
1.5 1 -0.5 0.357066 0.188571 0.369688 5.11787e+10
1 1.5 -0.5 0.311198 0.103238 0.399339 3.52168e+10
2 -1.5 -0.5 0.357219 0.329791 0.417865 9.43357e+10
2.5 -1 -0.5 0.352828 0.440942 0.380248 1.31775e+11
2 -0.5 -0.5 0.380972 0.310637 0.379403 8.71171e+10
2.5 0 -0.5 0.390295 0.415931 0.32947 1.19069e+11
2 0.5 -0.5 0.394624 0.298352 0.341747 7.76097e+10
2.5 1 -0.5 0.418282 0.390152 0.278652 1.0263e+11
2 1.5 -0.5 0.377872 0.267158 0.309562 6.55338e+10
-2.25 -0.75 -0.25 0.124296 0.275956 0.694688 4.15741e+09
-2.25 0.25 -0.25 0.160006 0.317514 0.676272 3.95456e+09
-2.25 1.25 -0.25 0.200271 0.352599 0.644556 3.77267e+09
-1.75 -1.25 -0.25 0.120965 0.275058 0.668383 5.04338e+09
-1.25 -0.75 -0.25 0.144474 0.320649 0.633656 5.93e+09
-1.75 -0.25 -0.25 0.149444 0.319049 0.65439 4.79473e+09
-1.25 0.25 -0.25 0.170113 0.360435 0.611999 5.6198e+09
-1.75 0.75 -0.25 0.182773 0.357083 0.628184 4.54683e+09
-1.25 1.25 -0.25 0.201619 0.394232 0.577494 5.28118e+09
-0.75 -1.25 -0.25 0.142993 0.322811 0.615448 7.43785e+09
-0.25 -0.75 -0.25 0.161184 0.370627 0.583945 9.12499e+09
-0.75 -0.25 -0.25 0.164005 0.365045 0.596769 7.10811e+09
-0.25 0.25 -0.25 0.180763 0.406898 0.556582 8.63508e+09
-0.75 0.75 -0.25 0.187098 0.399196 0.566899 6.66241e+09
-0.25 1.25 -0.25 0.203325 0.435335 0.516805 7.97559e+09
0.25 -1.25 -0.25 0.160692 0.380606 0.574049 1.18969e+10
0.75 -0.75 -0.25 0.176276 0.428544 0.54278 1.51929e+10
0.25 -0.25 -0.25 0.177021 0.415277 0.548556 1.1348e+10
0.75 0.25 -0.25 0.195767 0.457933 0.505398 1.42657e+10
0.25 0.75 -0.25 0.199104 0.447433 0.509696 1.06237e+10
0.75 1.25 -0.25 0.221591 0.486209 0.454109 1.32472e+10
1.25 -1.25 -0.25 0.174208 0.448935 0.539424 2.06457e+10
1.75 -0.75 -0.25 0.198636 0.504231 0.498216 2.74977e+10
1.25 -0.25 -0.25 0.199325 0.475477 0.50157 1.96008e+10
1.75 0.25 -0.25 0.23681 0.529817 0.444417 2.59093e+10
1.25 0.75 -0.25 0.223009 0.498619 0.451579 1.81354e+10
1.75 1.25 -0.25 0.255764 0.532305 0.386601 2.30363e+10
2.25 -1.25 -0.25 0.182853 0.558709 0.495474 3.9927e+10
2.25 -0.25 -0.25 0.234184 0.578698 0.437149 3.79646e+10
2.25 0.75 -0.25 0.276551 0.588909 0.371697 3.47414e+10
-2.5 -1.5 0 0.2121 -0.108436 0.673525 1.87683e+10
-2.5 -0.5 0 0.186294 -0.0778776 0.687279 1.71758e+10
-2.5 0.5 0 0.162407 -0.0434302 0.687897 1.58258e+10
-2.5 1.5 0 0.144252 -0.0053219 0.673297 1.47146e+10
-1.5 -1.5 0 0.250032 -0.0651344 0.602859 2.57686e+10
-2 -1 0 0.217563 -0.0761475 0.644388 2.08818e+10
-1.5 -0.5 0 0.222163 -0.0372587 0.611979 2.36768e+10
-2 0 0 0.1908 -0.0449608 0.650227 1.9149e+10
-1.5 0.5 0 0.195366 -0.00620421 0.610159 2.16493e+10
-2 1 0 0.167992 -0.0098726 0.642816 1.75947e+10
-1.5 1.5 0 0.174684 0.0284286 0.594469 1.97526e+10
-0.5 -1.5 0 0.28388 0.0117962 0.54147 3.79609e+10
-1 -1 0 0.255004 -0.01883 0.57485 2.979e+10
-0.5 -0.5 0 0.258986 0.0344545 0.543965 3.51135e+10
-1 0 0 0.226257 0.00806909 0.576737 2.72932e+10
-0.5 0.5 0 0.230993 0.0590799 0.537906 3.18856e+10
-1 1 0 0.200945 0.0377202 0.566749 2.47611e+10
-0.5 1.5 0 0.209684 0.0871041 0.518572 2.86235e+10
0.5 -1.5 0 0.300289 0.129856 0.492648 6.06945e+10
0 -1 0 0.285483 0.074502 0.514967 4.58882e+10
0.5 -0.5 0 0.286681 0.142989 0.483876 5.63929e+10
0 0 0 0.263567 0.0935655 0.508919 4.20221e+10
0.5 0.5 0 0.273345 0.160265 0.466646 5.10555e+10
0 1 0 0.239367 0.116818 0.493367 3.77325e+10
0.5 1.5 0 0.253087 0.181719 0.441689 4.52426e+10
1.5 -1.5 0 0.280662 0.29217 0.458428 1.05747e+11
1 -1 0 0.294987 0.208074 0.465744 7.67684e+10
1.5 -0.5 0 0.294327 0.295457 0.429474 9.88862e+10
1 0 0 0.292625 0.220388 0.444582 7.04243e+10
1.5 0.5 0 0.305673 0.310086 0.395159 8.96712e+10
1 1 0 0.290778 0.236104 0.415215 6.30321e+10
1.5 1.5 0 0.314099 0.313326 0.35376 7.84594e+10
2.5 -1.5 0 0.227026 0.502478 0.430676 2.04828e+11
2 -1 0 0.270126 0.389352 0.425338 1.41162e+11
2.5 -0.5 0 0.281472 0.498185 0.374788 1.94189e+11
2 0 0 0.306427 0.396837 0.37987 1.30957e+11
2.5 0.5 0 0.329146 0.493064 0.316713 1.74428e+11
2 1 0 0.323881 0.401158 0.334836 1.15207e+11
2.5 1.5 0 0.351062 0.482208 0.260936 1.4528e+11
-2.25 -1.25 0.25 0.147041 0.156896 0.683744 5.91784e+09
-2.25 -0.25 0.25 0.162116 0.200008 0.676482 5.60707e+09
-2.25 0.75 0.25 0.181845 0.239213 0.656183 5.32131e+09
-1.25 -1.25 0.25 0.182147 0.196367 0.620207 8.30916e+09
-1.75 -0.75 0.25 0.169044 0.196741 0.647863 6.7735e+09
-1.25 -0.25 0.25 0.187364 0.235839 0.60984 7.88941e+09
-1.75 0.25 0.25 0.181136 0.236923 0.633101 6.41412e+09
-1.25 0.75 0.25 0.196836 0.272014 0.587692 7.41726e+09
-1.75 1.25 0.25 0.198735 0.272603 0.605371 6.04171e+09
-0.25 -1.25 0.25 0.217308 0.248226 0.566046 1.25254e+10
-0.75 -0.75 0.25 0.200788 0.239216 0.587062 9.88215e+09
-0.25 -0.25 0.25 0.217782 0.280674 0.550829 1.19284e+10
-0.75 0.25 0.25 0.202922 0.273128 0.569504 9.30411e+09
-0.25 0.75 0.25 0.217904 0.307154 0.525055 1.10524e+10
-0.75 1.25 0.25 0.210986 0.304556 0.538953 8.63976e+09
0.75 -1.25 0.25 0.253878 0.321213 0.51641 2.03667e+10
0.25 -0.75 0.25 0.23553 0.294818 0.533077 1.54778e+10
0.75 -0.25 0.25 0.256639 0.3378 0.49263 1.92529e+10
0.25 0.25 0.25 0.236566 0.318794 0.508805 1.45173e+10
0.75 0.75 0.25 0.263264 0.357281 0.456529 1.78429e+10
0.25 1.25 0.25 0.236635 0.338296 0.47363 1.32078e+10
1.75 -1.25 0.25 0.29356 0.417343 0.460287 3.5249e+10
1.25 -0.75 0.25 0.276891 0.368684 0.47631 2.59595e+10
1.75 -0.25 0.25 0.316519 0.415373 0.421157 3.30782e+10
1.25 0.25 0.25 0.286498 0.380462 0.440306 2.40755e+10
1.75 0.75 0.25 0.326476 0.418423 0.376518 2.99739e+10
1.25 1.25 0.25 0.295841 0.392971 0.394281 2.20363e+10
2.25 -0.75 0.25 0.336053 0.47461 0.401343 4.59624e+10
2.25 0.25 0.25 0.371296 0.47099 0.350021 4.27852e+10
2.25 1.25 0.25 0.374776 0.443811 0.298242 3.61372e+10
-2.5 -1 0.5 0.192256 -0.0376669 0.683236 2.41875e+10
-2.5 0 0.5 0.177831 -0.00158093 0.687062 2.24135e+10
-2.5 1 0.5 0.168072 0.0368806 0.676811 2.08732e+10
-2 -1.5 0.5 0.217145 -0.0346633 0.640765 2.91495e+10
-1.5 -1 0.5 0.224879 0.00841737 0.61048 3.31147e+10
-2 -0.5 0.5 0.200571 -0.00057027 0.648452 2.70234e+10
-1.5 0 0.5 0.207815 0.0420744 0.610537 3.06669e+10
-2 0.5 0.5 0.186394 0.0357265 0.644218 2.5006e+10
-1.5 1 0.5 0.1949 0.077544 0.598242 2.81832e+10
-2 1.5 0.5 0.179148 0.0737806 0.625692 2.31416e+10
-1 -1.5 0.5 0.248524 0.0267176 0.5749 4.10523e+10
-0.5 -1 0.5 0.252839 0.0837934 0.546152 4.85597e+10
-1 -0.5 0.5 0.230856 0.0576562 0.577323 3.83177e+10
-0.5 0 0.5 0.236263 0.112503 0.540824 4.49842e+10
-1 0.5 0.5 0.214828 0.0897336 0.569474 3.52294e+10
-0.5 1 0.5 0.223915 0.141995 0.523741 4.08439e+10
-1 1.5 0.5 0.204893 0.123452 0.548242 3.20091e+10
0 -1.5 0.5 0.267476 0.122498 0.519717 6.20767e+10
0.5 -1 0.5 0.266223 0.195061 0.491176 7.67221e+10
0 -0.5 0.5 0.256362 0.146952 0.513609 5.84145e+10
0.5 0 0.5 0.262494 0.215086 0.474478 7.10116e+10
0 0.5 0.5 0.243838 0.172548 0.498876 5.33489e+10
0.5 1 0.5 0.258165 0.240454 0.448397 6.39244e+10
0 1.5 0.5 0.23846 0.200119 0.471021 4.77417e+10
1 -1.5 0.5 0.261645 0.260109 0.475843 1.01461e+11
1.5 -1 0.5 0.255132 0.344374 0.443004 1.29433e+11
1 -0.5 0.5 0.267538 0.271523 0.455051 9.56737e+10
1.5 0 0.5 0.279655 0.358316 0.406919 1.20406e+11
1 0.5 0.5 0.278306 0.2921 0.424617 8.7349e+10
1.5 1 0.5 0.302506 0.376313 0.364039 1.08126e+11
1 1.5 0.5 0.278945 0.31415 0.388795 7.70935e+10
2 -1.5 0.5 0.222347 0.43711 0.440389 1.74722e+11
2.5 -1 0.5 0.221725 0.534484 0.39609 2.25778e+11
2 -0.5 0.5 0.259576 0.437674 0.397404 1.65797e+11
2.5 0 0.5 0.275988 0.543221 0.340269 2.16136e+11
2 0.5 0.5 0.298489 0.455505 0.348725 1.52716e+11
2.5 1 0.5 0.325136 0.542677 0.277377 1.88396e+11
2 1.5 0.5 0.333034 0.45387 0.291091 1.31588e+11
-2.25 -0.75 0.75 0.182845 0.0941213 0.668434 6.97573e+09
-2.25 0.25 0.75 0.184334 0.134072 0.659332 6.59395e+09
-2.25 1.25 0.75 0.191629 0.172382 0.636494 6.24037e+09
-1.75 -1.25 0.75 0.205054 0.0892042 0.63271 8.37702e+09
-1.25 -0.75 0.75 0.223059 0.126018 0.597311 9.68346e+09
-1.75 -0.25 0.75 0.199965 0.128047 0.628557 7.92834e+09
-1.25 0.25 0.75 0.214286 0.160925 0.586559 9.11751e+09
-1.75 0.75 0.75 0.198415 0.165019 0.612536 7.4536e+09
-1.25 1.25 0.75 0.210076 0.193503 0.563613 8.46973e+09
-0.75 -1.25 0.75 0.252831 0.131741 0.566273 1.19831e+10
-0.25 -0.75 0.75 0.271545 0.173084 0.531093 1.43464e+10
-0.75 -0.25 0.75 0.238988 0.161761 0.559355 1.13436e+10
-0.25 0.25 0.75 0.254976 0.194709 0.517505 1.33796e+10
-0.75 0.75 0.75 0.227437 0.191222 0.541736 1.05539e+10
-0.25 1.25 0.75 0.242682 0.218899 0.491734 1.22552e+10
0.25 -1.25 0.75 0.304931 0.196045 0.503297 1.82935e+10
0.75 -0.75 0.75 0.329113 0.241639 0.462314 2.25321e+10
0.25 -0.25 0.75 0.291983 0.211845 0.490403 1.73073e+10
0.75 0.25 0.75 0.320284 0.246869 0.439953 2.08959e+10
0.25 0.75 0.75 0.274727 0.223779 0.46885 1.58044e+10
0.75 1.25 0.75 0.302115 0.250004 0.410942 1.86271e+10
1.25 -1.25 0.75 0.3614 0.294061 0.434161 2.95303e+10
1.75 -0.75 0.75 0.39369 0.341645 0.378729 3.68001e+10
1.25 -0.25 0.75 0.362108 0.285165 0.409101 2.76813e+10
1.75 0.25 0.75 0.403179 0.333967 0.342126 3.39083e+10
1.25 0.75 0.75 0.360088 0.287785 0.375912 2.53172e+10
1.75 1.25 0.75 0.400374 0.320281 0.302408 3.0012e+10
2.25 -1.25 0.75 0.418371 0.425592 0.349862 4.81447e+10
2.25 -0.25 0.75 0.443127 0.392294 0.307946 4.51153e+10
2.25 0.75 0.75 0.449615 0.364352 0.265939 3.9427e+10
-2.5 -1.5 1 0.19781 -0.023378 0.675029 2.92692e+10
-2.5 -0.5 1 0.188744 0.014266 0.683055 2.72932e+10
-2.5 0.5 1 0.182825 0.0533233 0.678082 2.5493e+10
-2.5 1.5 1 0.182418 0.0936787 0.658503 2.38941e+10
-1.5 -1.5 1 0.229544 0.0273112 0.604145 3.94897e+10
-2 -1 1 0.209016 0.0169903 0.642784 3.26606e+10
-1.5 -0.5 1 0.218184 0.0626627 0.607065 3.70841e+10
-2 0 1 0.199402 0.0543777 0.642671 3.04757e+10
-1.5 0.5 1 0.209072 0.0990465 0.599107 3.44127e+10
-2 1 1 0.19494 0.0928292 0.629512 2.83145e+10
-1.5 1.5 1 0.207502 0.135713 0.577365 3.16274e+10
-0.5 -1.5 1 0.252161 0.107291 0.541785 5.6682e+10
-1 -1 1 0.236812 0.079799 0.572899 4.56836e+10
-0.5 -0.5 1 0.242237 0.138007 0.538425 5.36835e+10
-1 0 1 0.226029 0.11346 0.568215 4.26695e+10
-0.5 0.5 1 0.234479 0.168658 0.525137 4.9508e+10
-1 1 1 0.219034 0.147735 0.551826 3.91326e+10
-0.5 1.5 1 0.232269 0.200537 0.498788 4.46991e+10
0.5 -1.5 1 0.255864 0.224254 0.489175 8.66656e+10
0 -1 1 0.254367 0.173837 0.511149 6.81674e+10
0.5 -0.5 1 0.25745 0.244942 0.474802 8.27234e+10
0 0 1 0.248305 0.200972 0.499085 6.36713e+10
0.5 0.5 1 0.260023 0.269199 0.45132 7.58217e+10
0 1 1 0.247794 0.228507 0.474928 5.77396e+10
0.5 1.5 1 0.269392 0.294618 0.41525 6.74907e+10
1.5 -1.5 1 0.234504 0.381058 0.443475 1.38683e+11
1 -1 1 0.252717 0.303674 0.456005 1.07569e+11
1.5 -0.5 1 0.258836 0.383417 0.41114 1.32476e+11
1 0 1 0.267553 0.320041 0.428408 1.0048e+11
1.5 0.5 1 0.292259 0.405074 0.368699 1.22613e+11
1 1 1 0.281637 0.346395 0.392531 9.06233e+10
1.5 1.5 1 0.308929 0.422623 0.323784 1.06653e+11
2.5 -1.5 1 0.20107 0.549514 0.397433 2.02268e+11
2 -1 1 0.236533 0.463453 0.400267 1.69845e+11
2.5 -0.5 1 0.255296 0.559716 0.345037 2.04971e+11
2 0 1 0.282482 0.475739 0.352417 1.62663e+11
2.5 0.5 1 0.30647 0.562677 0.287996 1.9032e+11
2 1 1 0.323368 0.486645 0.298902 1.45275e+11
2.5 1.5 1 0.362702 0.550275 0.216965 1.59792e+11
-2.25 -1.25 1.25 0.21811 0.00193679 0.652876 7.84606e+09
-2.25 -0.25 1.25 0.20524 0.0397367 0.654189 7.39839e+09
-2.25 0.75 1.25 0.195969 0.0780803 0.642873 6.9683e+09
-1.25 -1.25 1.25 0.272274 0.0335166 0.576402 1.06977e+10
-1.75 -0.75 1.25 0.235371 0.03314 0.615534 8.84869e+09
-1.25 -0.25 1.25 0.250327 0.0640239 0.575371 1.01051e+10
-1.75 0.25 1.25 0.218359 0.0679536 0.610302 8.31398e+09
-1.25 0.75 1.25 0.229285 0.0945018 0.564163 9.39616e+09
-1.75 1.25 1.25 0.206833 0.103659 0.592397 7.7602e+09
-0.25 -1.25 1.25 0.335809 0.0861906 0.501439 1.54344e+10
-0.75 -0.75 1.25 0.290168 0.0683185 0.538946 1.24282e+10
-0.25 -0.25 1.25 0.30838 0.101019 0.497193 1.45362e+10
-0.75 0.25 1.25 0.264248 0.0928647 0.532191 1.1616e+10
-0.25 0.75 1.25 0.279998 0.117778 0.484343 1.3354e+10
-0.75 1.25 1.25 0.239717 0.117403 0.514978 1.06181e+10
0.75 -1.25 1.25 0.40373 0.170962 0.421494 2.33423e+10
0.25 -0.75 1.25 0.358612 0.127071 0.459267 1.84285e+10
0.75 -0.25 1.25 0.385324 0.162863 0.409055 2.19144e+10
0.25 0.25 1.25 0.329745 0.129755 0.449011 1.69723e+10
0.75 0.75 1.25 0.357678 0.156292 0.391221 1.96629e+10
0.25 1.25 1.25 0.301588 0.141811 0.428702 1.52933e+10
1.75 -1.25 1.25 0.465793 0.29793 0.332094 3.53495e+10
1.25 -0.75 1.25 0.433655 0.212811 0.368644 2.80485e+10
1.75 -0.25 1.25 0.474408 0.261755 0.301681 3.321e+10
1.25 0.25 1.25 0.424754 0.197181 0.345676 2.57861e+10
1.75 0.75 1.25 0.467837 0.242324 0.270745 2.95955e+10
1.25 1.25 1.25 0.390871 0.176804 0.324224 2.21918e+10
2.25 -0.75 1.25 0.494361 0.349529 0.267898 4.13955e+10
2.25 0.25 1.25 0.502003 0.313892 0.229896 3.75257e+10
2.25 1.25 1.25 0.497155 0.269477 0.192229 3.15278e+10
-2.5 -1 1.5 0.197808 0.0175302 0.675712 2.96326e+10
-2.5 0 1.5 0.194119 0.0575545 0.676291 2.78124e+10
-2.5 1 1.5 0.194953 0.0984 0.66313 2.60939e+10
-2 -1.5 1.5 0.216711 0.0217744 0.633667 3.50315e+10
-1.5 -1 1.5 0.227584 0.0705559 0.600057 3.96765e+10
-2 -0.5 1.5 0.210274 0.0603935 0.637878 3.30301e+10
-1.5 0 1.5 0.221001 0.1078 0.596519 3.7284e+10
-2 0.5 1.5 0.207156 0.0995442 0.630236 3.08905e+10
-1.5 1 1.5 0.219768 0.145087 0.580627 3.45195e+10
-2 1.5 1.5 0.210395 0.139077 0.608771 2.87156e+10
-1 -1.5 1.5 0.243177 0.0897344 0.564501 4.79002e+10
-0.5 -1 1.5 0.248379 0.151022 0.53155 5.60948e+10
-1 -0.5 1.5 0.236063 0.124331 0.563066 4.55898e+10
-0.5 0 1.5 0.24389 0.182682 0.522086 5.2807e+10
-1 0.5 1.5 0.231042 0.159367 0.551532 4.23871e+10
-0.5 1 1.5 0.242855 0.214582 0.501317 4.82669e+10
-1 1.5 1.5 0.233761 0.193673 0.526407 3.86282e+10
0 -1.5 1.5 0.254395 0.189474 0.503448 6.89745e+10
0.5 -1 1.5 0.254765 0.263229 0.468956 8.30574e+10
0 -0.5 1.5 0.252846 0.217117 0.494146 6.6269e+10
0.5 0 1.5 0.260483 0.285916 0.449681 7.81666e+10
0 0.5 1.5 0.254314 0.244542 0.474916 6.12295e+10
0.5 1 1.5 0.273519 0.31113 0.417728 7.08538e+10
0 1.5 1.5 0.260703 0.274145 0.442984 5.48998e+10
1 -1.5 1.5 0.244859 0.325578 0.449201 1.02349e+11
1.5 -1 1.5 0.241676 0.402629 0.410314 1.22241e+11
1 -0.5 1.5 0.25872 0.337234 0.426761 9.90979e+10
1.5 0 1.5 0.275995 0.415003 0.371857 1.16486e+11
1 0.5 1.5 0.278908 0.360319 0.393818 9.15792e+10
1.5 1 1.5 0.30704 0.439241 0.327299 1.05132e+11
1 1.5 1.5 0.301939 0.38079 0.349987 8.06887e+10
2 -1.5 1.5 0.217022 0.477337 0.39918 1.42278e+11
2.5 -1 1.5 0.242597 0.547506 0.345844 1.54027e+11
2 -0.5 1.5 0.259268 0.478662 0.356441 1.41419e+11
2.5 0 1.5 0.297369 0.559835 0.291309 1.55414e+11
2 0.5 1.5 0.309005 0.494868 0.304988 1.33354e+11
2.5 1 1.5 0.349639 0.550968 0.230025 1.35741e+11
2 1.5 1.5 0.340418 0.503207 0.252234 1.12786e+11
