449
-2.5 -1 -1.5 -0.568499 -0.22244 0.333752 1.38883e+10
-2.5 0 -1.5 -0.56098 -0.264586 0.36696 1.45048e+10
-2.5 1 -1.5 -0.564886 -0.286819 0.404432 1.48739e+10
-2 -1.5 -1.5 -0.583742 -0.061747 0.323933 9.58527e+09
-1.5 -1 -1.5 -0.585631 0.0526921 0.339844 7.4674e+09
-2 -0.5 -1.5 -0.587435 -0.0902326 0.338766 1.02701e+10
-1.5 0 -1.5 -0.596368 0.0350222 0.344859 7.9942e+09
-2 0.5 -1.5 -0.593989 -0.118415 0.360125 1.07515e+10
-1.5 1 -1.5 -0.607229 0.029082 0.356154 8.30487e+09
-2 1.5 -1.5 -0.603987 -0.113496 0.387761 1.08322e+10
-1 -1.5 -1.5 -0.558922 0.170164 0.365153 5.49505e+09
-0.5 -1 -1.5 -0.545066 0.248963 0.389516 4.59523e+09
-1 -0.5 -1.5 -0.579438 0.154739 0.356737 6.04219e+09
-0.5 0 -1.5 -0.565802 0.243679 0.374004 5.05844e+09
-1 0.5 -1.5 -0.592261 0.151484 0.353197 6.46285e+09
-0.5 1 -1.5 -0.57525 0.256689 0.362172 5.49199e+09
-1 1.5 -1.5 -0.599746 0.170229 0.354701 6.82117e+09
0 -1.5 -1.5 -0.49649 0.320914 0.437703 3.51286e+09
0.5 -1 -1.5 -0.482081 0.363581 0.463836 3.10254e+09
0 -0.5 -1.5 -0.528441 0.313198 0.412496 3.95986e+09
0.5 0 -1.5 -0.51001 0.364442 0.432352 3.52996e+09
0 0.5 -1.5 -0.545614 0.319478 0.389811 4.41186e+09
0.5 1 -1.5 -0.517903 0.383787 0.402085 4.01425e+09
0 1.5 -1.5 -0.542525 0.350279 0.369842 4.90406e+09
1 -1.5 -1.5 -0.4287 0.396701 0.524088 2.44102e+09
1.5 -1 -1.5 -0.423177 0.410926 0.546828 2.25327e+09
1 -0.5 -1.5 -0.468957 0.394412 0.485762 2.81813e+09
1.5 0 -1.5 -0.456916 0.416359 0.501782 2.63787e+09
1 0.5 -1.5 -0.489395 0.405349 0.447184 3.26155e+09
1.5 1 -1.5 -0.465982 0.438473 0.455106 3.13353e+09
1 1.5 -1.5 -0.482266 0.437769 0.408716 3.8267e+09
2 -1.5 -1.5 -0.373115 0.415089 0.612643 1.81381e+09
2.5 -1 -1.5 -0.380001 0.409468 0.629036 1.73275e+09
2 -0.5 -1.5 -0.420486 0.417576 0.563212 2.13264e+09
2.5 0 -1.5 -0.419839 0.419618 0.571815 2.07378e+09
2 0.5 -1.5 -0.445237 0.432402 0.510256 2.55084e+09
2.5 1 -1.5 -0.432402 0.445237 0.510256 2.55084e+09
2 1.5 -1.5 -0.438473 0.465982 0.455106 3.13353e+09
-2.25 -0.75 -1.25 0.105148 -0.488067 0.62711 4.35453e+09
-2.25 0.25 -1.25 0.136762 -0.432044 0.649903 4.39735e+09
-2.25 1.25 -1.25 0.150073 -0.376011 0.675879 4.32352e+09
-1.75 -1.25 -1.25 0.0707678 -0.493462 0.618838 3.16569e+09
-1.25 -0.75 -1.25 0.0787522 -0.431711 0.636998 2.38496e+09
-1.75 -0.25 -1.25 0.105587 -0.426073 0.639851 3.16933e+09
-1.25 0.25 -1.25 0.112356 -0.361371 0.653177 2.39716e+09
-1.75 0.75 -1.25 0.133664 -0.361753 0.660668 3.16592e+09
-1.25 1.25 -1.25 0.133158 -0.300581 0.668138 2.43842e+09
-0.75 -1.25 -1.25 0.0522253 -0.440663 0.641093 1.83149e+09
-0.25 -0.75 -1.25 0.0723936 -0.381063 0.66339 1.47792e+09
-0.75 -0.25 -1.25 0.092552 -0.370058 0.654456 1.86905e+09
-0.25 0.25 -1.25 0.108852 -0.314078 0.669219 1.53715e+09
-0.75 0.75 -1.25 0.120934 -0.303738 0.663834 1.91611e+09
-0.25 1.25 -1.25 0.135351 -0.251787 0.673366 1.62148e+09
0.25 -1.25 -1.25 0.0506276 -0.391118 0.678794 1.18015e+09
0.75 -0.75 -1.25 0.0806547 -0.335737 0.702356 1.01419e+09
0.25 -0.25 -1.25 0.0957958 -0.325621 0.682575 1.24453e+09
0.75 0.25 -1.25 0.123094 -0.274452 0.698034 1.09595e+09
0.25 0.75 -1.25 0.129716 -0.263311 0.681561 1.32957e+09
0.75 1.25 -1.25 0.154525 -0.220401 0.689837 1.21742e+09
1.25 -1.25 -1.25 0.0635906 -0.342801 0.727057 8.33124e+08
1.75 -0.75 -1.25 0.102831 -0.288945 0.748642 7.54554e+08
1.25 -0.25 -1.25 0.114235 -0.283409 0.720955 9.06812e+08
1.75 0.25 -1.25 0.150812 -0.23518 0.732996 8.46472e+08
1.25 0.75 -1.25 0.153766 -0.229023 0.708219 1.01372e+09
1.75 1.25 -1.25 0.1889 -0.1889 0.711846 9.87349e+08
2.25 -1.25 -1.25 0.0884708 -0.289747 0.779484 6.329e+08
2.25 -0.25 -1.25 0.144857 -0.237871 0.762431 7.09999e+08
2.25 0.75 -1.25 0.191015 -0.191015 0.73721 8.26954e+08
-2.5 -1.5 -1 -0.625325 -0.126969 0.35918 3.38264e+10
-2.5 -0.5 -1 -0.615028 -0.184797 0.38363 3.54825e+10
-2.5 0.5 -1 -0.603161 -0.237457 0.414536 3.65735e+10
-2.5 1.5 -1 -0.596201 -0.241033 0.44947 3.55884e+10
-1.5 -1.5 -1 -0.6218 0.12819 0.379429 1.90146e+10
-2 -1 -1 -0.637887 -0.0164733 0.369245 2.57966e+10
-1.5 -0.5 -1 -0.640287 0.0882002 0.37762 2.03993e+10
-2 0 -1 -0.639304 -0.059021 0.382283 2.6949e+10
-1.5 0.5 -1 -0.649048 0.0648006 0.380151 2.11697e+10
-2 1 -1 -0.639311 -0.0870194 0.40162 2.71923e+10
-1.5 1.5 -1 -0.652835 0.0666274 0.388555 2.15634e+10
-0.5 -1.5 -1 -0.561786 0.304584 0.430059 1.19401e+10
-1 -1 -1 -0.611812 0.209018 0.395367 1.55694e+10
-0.5 -0.5 -1 -0.596996 0.280045 0.40922 1.31319e+10
-1 0 -1 -0.633077 0.185298 0.384658 1.66661e+10
-0.5 0.5 -1 -0.615781 0.274227 0.390458 1.41821e+10
-1 1 -1 -0.642037 0.184231 0.377766 1.74795e+10
-0.5 1.5 -1 -0.614313 0.298002 0.375824 1.51479e+10
0.5 -1.5 -1 -0.486767 0.403034 0.498992 8.15836e+09
0 -1 -1 -0.54662 0.352171 0.448634 1.03427e+10
0.5 -0.5 -1 -0.530434 0.391245 0.464269 9.21496e+09
0 0 -1 -0.577441 0.342092 0.420843 1.1456e+10
0.5 0.5 -1 -0.552739 0.396493 0.429921 1.03532e+10
0 1 -1 -0.587092 0.355407 0.395048 1.25785e+10
0.5 1.5 -1 -0.546457 0.428686 0.397895 1.16978e+10
1.5 -1.5 -1 -0.419267 0.440739 0.577175 5.96468e+09
1 -1 -1 -0.477411 0.423429 0.517351 7.40122e+09
1.5 -0.5 -1 -0.469324 0.43778 0.531542 6.88696e+09
1 0 -1 -0.513113 0.4235 0.476396 8.46016e+09
1.5 0.5 -1 -0.494471 0.450529 0.484141 8.02894e+09
1 1 -1 -0.522601 0.444346 0.435721 9.7342e+09
1.5 1.5 -1 -0.486442 0.486442 0.437711 9.53572e+09
2.5 -1.5 -1 -0.37008 0.43217 0.65791 4.60936e+09
2 -1 -1 -0.421489 0.440589 0.59286 5.61416e+09
2.5 -0.5 -1 -0.425789 0.436835 0.602824 5.40918e+09
2 0 -1 -0.462291 0.447868 0.54058 6.58923e+09
2.5 0.5 -1 -0.45553 0.45553 0.543688 6.49186e+09
2 1 -1 -0.473857 0.473857 0.486806 7.88906e+09
2.5 1.5 -1 -0.450529 0.494471 0.484141 8.02894e+09
-2.25 -1.25 -0.75 -0.00738918 -0.474532 0.614713 1.34035e+10
-2.25 -0.25 -0.75 0.0226707 -0.427011 0.636406 1.32196e+10
-2.25 0.75 -0.75 0.0480937 -0.378657 0.658314 1.29419e+10
-1.25 -1.25 -0.75 -0.0218113 -0.405882 0.627516 7.54154e+09
-1.75 -0.75 -0.75 -0.00206203 -0.41183 0.628863 9.87412e+09
-1.25 -0.25 -0.75 0.00760127 -0.346482 0.640857 7.53303e+09
-1.75 0.25 -0.75 0.0247018 -0.355471 0.645488 9.70438e+09
-1.25 0.75 -0.75 0.0284462 -0.29027 0.650472 7.51271e+09
-1.75 1.25 -0.75 0.041828 -0.30787 0.661047 9.60842e+09
-0.25 -1.25 -0.75 -0.0198956 -0.34851 0.653775 4.72616e+09
-0.75 -0.75 -0.75 -0.00608766 -0.345548 0.643924 5.94017e+09
-0.25 -0.25 -0.75 0.0129993 -0.288396 0.657802 4.87466e+09
-0.75 0.25 -0.75 0.0199009 -0.285958 0.64984 6.02067e+09
-0.25 0.75 -0.75 0.0379835 -0.226976 0.657199 5.04246e+09
-0.75 1.25 -0.75 0.0392686 -0.224755 0.654153 6.11948e+09
0.75 -1.25 -0.75 -0.00387865 -0.30066 0.694176 3.25315e+09
0.25 -0.75 -0.75 0.00518297 -0.293945 0.672983 3.96872e+09
0.75 -0.25 -0.75 0.0346965 -0.240834 0.689083 3.4618e+09
0.25 0.25 -0.75 0.0371131 -0.233153 0.66941 4.17394e+09
0.75 0.75 -0.75 0.0648641 -0.18281 0.677905 3.7505e+09
0.25 1.25 -0.75 0.0606758 -0.174711 0.662574 4.46545e+09
1.75 -1.25 -0.75 0.0236507 -0.253838 0.744606 2.41314e+09
1.25 -0.75 -0.75 0.0303173 -0.248399 0.7147 2.88162e+09
1.75 -0.25 -0.75 0.067511 -0.198435 0.729513 2.65102e+09
1.25 0.25 -0.75 0.0673879 -0.191142 0.700785 3.15039e+09
1.75 0.75 -0.75 0.10405 -0.145431 0.707068 3.00114e+09
1.25 1.25 -0.75 0.097941 -0.137576 0.682623 3.549e+09
2.25 -0.75 -0.75 0.0647972 -0.203229 0.762343 2.24138e+09
2.25 0.25 -0.75 0.107775 -0.151464 0.737336 2.54012e+09
2.25 1.25 -0.75 0.145431 -0.10405 0.707068 3.00114e+09
-2.5 -1 -0.5 -0.370231 -0.247446 0.460655 7.09806e+10
-2.5 0 -0.5 -0.351279 -0.26792 0.484875 7.09721e+10
-2.5 1 -0.5 -0.332748 -0.284441 0.515491 6.82463e+10
-2 -1.5 -0.5 -0.395655 -0.131178 0.455411 5.22946e+10
-1.5 -1 -0.5 -0.407528 -0.041156 0.466935 4.08415e+10
-2 -0.5 -0.5 -0.396819 -0.143788 0.465973 5.34707e+10
-1.5 0 -0.5 -0.415072 -0.0438789 0.468962 4.16257e+10
-2 0.5 -0.5 -0.389812 -0.153238 0.481429 5.29058e+10
-1.5 1 -0.5 -0.413601 -0.038897 0.475886 4.15967e+10
-2 1.5 -0.5 -0.379897 -0.151466 0.503544 5.13095e+10
-1 -1.5 -0.5 -0.392586 0.0412487 0.48378 3.14137e+10
-0.5 -1 -0.5 -0.390436 0.107493 0.498488 2.6125e+10
-1 -0.5 -0.5 -0.412454 0.0418737 0.47617 3.29544e+10
-0.5 0 -0.5 -0.408979 0.117047 0.483637 2.76254e+10
-1 0.5 -0.5 -0.421516 0.0503315 0.47037 3.39018e+10
-0.5 1 -0.5 -0.413182 0.139028 0.471282 2.88243e+10
-1 1.5 -0.5 -0.415409 0.0735411 0.470838 3.431e+10
0 -1.5 -0.5 -0.35749 0.153077 0.532239 2.07388e+10
0.5 -1 -0.5 -0.349446 0.197218 0.549029 1.81901e+10
0 -0.5 -0.5 -0.382954 0.165467 0.511027 2.2442e+10
0.5 0 -0.5 -0.369824 0.216255 0.521264 1.99343e+10
0 0.5 -0.5 -0.396023 0.185261 0.489664 2.40591e+10
0.5 1 -0.5 -0.373492 0.245357 0.494152 2.18973e+10
0 1.5 -0.5 -0.389138 0.219144 0.472027 2.5842e+10
1 -1.5 -0.5 -0.31072 0.215739 0.594755 1.47619e+10
1.5 -1 -0.5 -0.303898 0.241536 0.611398 1.35234e+10
1 -0.5 -0.5 -0.338601 0.234154 0.562736 1.64278e+10
1.5 0 -0.5 -0.32526 0.264398 0.572609 1.53196e+10
1 0.5 -0.5 -0.351348 0.259741 0.528724 1.83806e+10
1.5 1 -0.5 -0.327152 0.296637 0.532677 1.76372e+10
1 1.5 -0.5 -0.340697 0.297515 0.496572 2.08794e+10
2 -1.5 -0.5 -0.267077 0.240149 0.664757 1.11791e+10
2.5 -1 -0.5 -0.264983 0.25144 0.678511 1.06182e+10
2 -0.5 -0.5 -0.296224 0.261206 0.623302 1.2736e+10
2.5 0 -0.5 -0.287268 0.276007 0.62953 1.2353e+10
2 0.5 -0.5 -0.309039 0.289037 0.577799 1.47843e+10
2.5 1 -0.5 -0.289037 0.309039 0.577799 1.47843e+10
2 1.5 -0.5 -0.296637 0.327152 0.532677 1.76372e+10
-2.25 -0.75 -0.25 -0.134559 -0.401801 0.584262 2.06963e+10
-2.25 0.25 -0.25 -0.118504 -0.372091 0.600887 1.98461e+10
-2.25 1.25 -0.25 -0.100228 -0.353117 0.619543 1.907e+10
-1.75 -1.25 -0.25 -0.141387 -0.364628 0.585166 1.57794e+10
-1.25 -0.75 -0.25 -0.129389 -0.298403 0.600187 1.21459e+10
-1.75 -0.25 -0.25 -0.128784 -0.326406 0.597111 1.54144e+10
-1.25 0.25 -0.25 -0.119001 -0.256107 0.605018 1.19687e+10
-1.75 0.75 -0.25 -0.117496 -0.292727 0.607118 1.48813e+10
-1.25 1.25 -0.25 -0.109128 -0.20484 0.608592 1.16766e+10
-0.75 -1.25 -0.25 -0.127277 -0.28141 0.609267 9.62038e+09
-0.25 -0.75 -0.25 -0.107048 -0.224988 0.625274 7.89643e+09
-0.75 -0.25 -0.25 -0.1138 -0.235363 0.611509 9.70921e+09
-0.25 0.25 -0.25 -0.0921688 -0.171636 0.620121 8.08335e+09
-0.75 0.75 -0.25 -0.10254 -0.182517 0.609558 9.70829e+09
-0.25 1.25 -0.25 -0.0797661 -0.114131 0.611859 8.31205e+09
0.25 -1.25 -0.25 -0.100728 -0.223148 0.645643 6.45122e+09
0.75 -0.75 -0.25 -0.0726918 -0.171232 0.663965 5.59194e+09
0.25 -0.25 -0.25 -0.0817606 -0.168543 0.638642 6.72112e+09
0.75 0.25 -0.25 -0.0524456 -0.114637 0.648801 5.96133e+09
0.25 0.75 -0.25 -0.0657011 -0.111603 0.626198 7.05255e+09
0.75 1.25 -0.25 -0.0337121 -0.0563377 0.629911 6.47411e+09
1.25 -1.25 -0.25 -0.0652631 -0.176687 0.694499 4.66884e+09
1.75 -0.75 -0.25 -0.0317463 -0.129374 0.71266 4.25093e+09
1.25 -0.25 -0.25 -0.0410464 -0.121295 0.678193 5.02961e+09
1.75 0.25 -0.25 -0.00638834 -0.074739 0.687194 4.71104e+09
1.25 0.75 -0.25 -0.0191232 -0.0648089 0.655173 5.53283e+09
1.75 1.25 -0.25 0.0199118 -0.0199118 0.657356 5.39379e+09
2.25 -1.25 -0.25 -0.0257348 -0.136687 0.75043 3.61066e+09
2.25 -0.25 -0.25 0.00422855 -0.0846415 0.724183 4.0129e+09
2.25 0.75 -0.25 0.0321017 -0.0321017 0.690275 4.60762e+09
-2.5 -1.5 0 -0.274946 -0.303109 0.47933 1.09086e+11
-2.5 -0.5 0 -0.254859 -0.309204 0.501307 1.06903e+11
-2.5 0.5 0 -0.228362 -0.319614 0.528235 1.00528e+11
-2.5 1.5 0 -0.198806 -0.324169 0.561799 9.1297e+10
-1.5 -1.5 0 -0.309311 -0.119551 0.497558 6.30378e+10
-2 -1 0 -0.297816 -0.205858 0.492022 8.18898e+10
-1.5 -0.5 0 -0.315675 -0.113918 0.501061 6.35212e+10
-2 0 0 -0.288257 -0.205381 0.505681 7.97945e+10
-1.5 0.5 0 -0.31211 -0.105947 0.507568 6.2438e+10
-2 1 0 -0.271081 -0.207526 0.525929 7.60134e+10
-1.5 1.5 0 -0.29484 -0.0882778 0.521001 5.95014e+10
-0.5 -1.5 0 -0.303819 0.00909186 0.533632 4.02752e+10
-1 -1 0 -0.316925 -0.0418612 0.51149 5.05776e+10
-0.5 -0.5 0 -0.317685 0.0283027 0.523324 4.19781e+10
-1 0 0 -0.325065 -0.0289071 0.507946 5.12812e+10
-0.5 0.5 0 -0.323163 0.0515501 0.512893 4.30232e+10
-1 1 0 -0.320979 -0.00711999 0.507373 5.08324e+10
-0.5 1.5 0 -0.311832 0.0837824 0.507422 4.37757e+10
0.5 -1.5 0 -0.273492 0.0911361 0.586011 2.78847e+10
0 -1 0 -0.299229 0.067004 0.550239 3.42349e+10
0.5 -0.5 0 -0.289372 0.11829 0.564204 3.00192e+10
0 0 0 -0.310254 0.0925162 0.533008 3.6079e+10
0.5 0.5 0 -0.294554 0.149387 0.540729 3.22572e+10
0 1 0 -0.308686 0.124202 0.517006 3.78071e+10
0.5 1.5 0 -0.281611 0.187718 0.519893 3.49028e+10
1.5 -1.5 0 -0.235186 0.136992 0.649243 2.06368e+10
1 -1 0 -0.263697 0.132101 0.603784 2.48762e+10
1.5 -0.5 0 -0.251072 0.166454 0.617589 2.28682e+10
1 0 0 -0.274556 0.162549 0.575139 2.72412e+10
1.5 0.5 0 -0.255138 0.199746 0.582191 2.56574e+10
1 1 0 -0.271029 0.198256 0.545815 3.00987e+10
1.5 1.5 0 -0.239001 0.239001 0.547565 2.9398e+10
2.5 -1.5 0 -0.198748 0.154968 0.717339 1.61706e+10
2 -1 0 -0.225393 0.163495 0.665715 1.91863e+10
2.5 -0.5 0 -0.214193 0.18443 0.676169 1.83477e+10
2 0 0 -0.235839 0.19455 0.626406 2.17148e+10
2.5 0.5 0 -0.217344 0.217344 0.629432 2.13383e+10
2 1 0 -0.230456 0.230456 0.584615 2.51421e+10
2.5 1.5 0 -0.199746 0.255138 0.582191 2.56574e+10
-2.25 -1.25 0.25 -0.259042 -0.358955 0.520327 2.69715e+10
-2.25 -0.25 0.25 -0.25442 -0.347673 0.532812 2.56125e+10
-2.25 0.75 0.25 -0.239596 -0.344934 0.549361 2.38783e+10
-1.25 -1.25 0.25 -0.234006 -0.238106 0.554888 1.61523e+10
-1.75 -0.75 0.25 -0.247982 -0.284142 0.542002 2.03906e+10
-1.25 -0.25 0.25 -0.231895 -0.212638 0.558992 1.59487e+10
-1.75 0.25 0.25 -0.242406 -0.265653 0.550442 1.94997e+10
-1.25 0.75 0.25 -0.229161 -0.177776 0.560039 1.53786e+10
-1.75 1.25 0.25 -0.236306 -0.234627 0.558449 1.81433e+10
-0.25 -1.25 0.25 -0.196186 -0.159959 0.594663 1.06038e+10
-0.75 -0.75 0.25 -0.214795 -0.177772 0.573724 1.29992e+10
-0.25 -0.25 0.25 -0.191832 -0.116981 0.588583 1.08138e+10
-0.75 0.25 0.25 -0.212004 -0.139728 0.570611 1.29403e+10
-0.25 0.75 0.25 -0.1851 -0.0679972 0.578791 1.09609e+10
-0.75 1.25 0.25 -0.205441 -0.0915074 0.565784 1.27393e+10
0.75 -1.25 0.25 -0.152018 -0.106203 0.644136 7.50028e+09
0.25 -0.75 0.25 -0.171749 -0.107057 0.613457 9.00398e+09
0.75 -0.25 0.25 -0.142905 -0.055238 0.62872 7.91613e+09
0.25 0.25 0.25 -0.163599 -0.0569138 0.600099 9.34527e+09
0.75 0.75 0.25 -0.1313 -0.000817642 0.607813 8.44668e+09
0.25 1.25 0.25 -0.152787 -0.000718762 0.58373 9.75993e+09
1.75 -1.25 0.25 -0.106051 -0.0683616 0.70203 5.67046e+09
1.25 -0.75 0.25 -0.123178 -0.0602088 0.663306 6.69368e+09
1.75 -0.25 0.25 -0.0919736 -0.0170664 0.676935 6.19115e+09
1.25 0.25 0.25 -0.111088 -0.00692295 0.639382 7.24472e+09
1.75 0.75 0.25 -0.0760911 0.0368574 0.644774 6.92469e+09
1.25 1.25 0.25 -0.0938114 0.0497262 0.611555 8.01953e+09
2.25 -0.75 0.25 -0.0752304 -0.028607 0.718588 5.29331e+09
2.25 0.25 0.25 -0.0586346 0.0224592 0.68395 5.95062e+09
2.25 1.25 0.25 -0.0368574 0.0760911 0.644774 6.92469e+09
-2.5 -1 0.5 -0.22236 -0.348635 0.490741 1.30405e+11
-2.5 0 0.5 -0.203782 -0.355244 0.511359 1.19372e+11
-2.5 1 0.5 -0.163941 -0.362063 0.543343 1.0542e+11
-2 -1.5 0.5 -0.255385 -0.251978 0.490824 1.02233e+11
-1.5 -1 0.5 -0.272817 -0.164125 0.50596 7.97466e+10
-2 -0.5 0.5 -0.251674 -0.250355 0.502375 9.8525e+10
-1.5 0 0.5 -0.269812 -0.155327 0.512392 7.7364e+10
-2 0.5 0.5 -0.231908 -0.249062 0.520084 9.18722e+10
-1.5 1 0.5 -0.257695 -0.142148 0.521988 7.22019e+10
-2 1.5 0.5 -0.204958 -0.24276 0.542992 8.00756e+10
-1 -1.5 0.5 -0.27673 -0.100445 0.520257 6.40201e+10
-0.5 -1 0.5 -0.277512 -0.031057 0.537672 5.29189e+10
-1 -0.5 0.5 -0.281658 -0.082638 0.519162 6.4278e+10
-0.5 0 0.5 -0.282669 -0.00646911 0.529416 5.35651e+10
-1 0.5 0.5 -0.280905 -0.0638841 0.518287 6.27666e+10
-0.5 1 0.5 -0.275967 0.0244584 0.522885 5.32775e+10
-1 1.5 0.5 -0.263091 -0.034502 0.522646 5.98549e+10
0 -1.5 0.5 -0.262965 0.00271952 0.565735 4.33286e+10
0.5 -1 0.5 -0.254212 0.0553964 0.584521 3.76769e+10
0 -0.5 0.5 -0.272012 0.0321713 0.552323 4.51125e+10
0.5 0 0.5 -0.258924 0.0894556 0.564327 3.98164e+10
0 0.5 0.5 -0.272163 0.0647059 0.537799 4.64244e+10
0.5 1 0.5 -0.251408 0.126878 0.544189 4.20401e+10
0 1.5 0.5 -0.255872 0.102503 0.526885 4.75227e+10
1 -1.5 0.5 -0.231832 0.0677507 0.623628 3.13856e+10
1.5 -1 0.5 -0.218841 0.105837 0.642276 2.85443e+10
1 -0.5 0.5 -0.240527 0.10194 0.599924 3.37893e+10
1.5 0 0.5 -0.222686 0.141409 0.611041 3.13539e+10
1 0.5 0.5 -0.239235 0.13877 0.573121 3.65311e+10
1.5 1 0.5 -0.213204 0.179895 0.577703 3.4951e+10
1 1.5 0.5 -0.220746 0.179117 0.547495 3.99293e+10
2 -1.5 0.5 -0.195627 0.103275 0.689246 2.41311e+10
2.5 -1 0.5 -0.182398 0.129175 0.704782 2.28078e+10
2 -0.5 0.5 -0.203307 0.137644 0.655629 2.67484e+10
2.5 0 0.5 -0.18524 0.163732 0.662582 2.58791e+10
2 0.5 0.5 -0.200839 0.174069 0.616836 3.01794e+10
2.5 1 0.5 -0.174069 0.200839 0.616836 3.01794e+10
2 1.5 0.5 -0.179895 0.213204 0.577703 3.4951e+10
-2.25 -0.75 0.75 -0.361872 -0.316498 0.466036 2.90885e+10
-2.25 0.25 0.75 -0.352483 -0.325076 0.4805 2.6425e+10
-2.25 1.25 0.75 -0.341354 -0.311933 0.49724 2.31219e+10
-1.75 -1.25 0.75 -0.344347 -0.233395 0.48558 2.33525e+10
-1.25 -0.75 0.75 -0.324033 -0.165341 0.512322 1.84996e+10
-1.75 -0.25 0.75 -0.347002 -0.233346 0.493218 2.23622e+10
-1.25 0.25 0.75 -0.327375 -0.150395 0.514027 1.78586e+10
-1.75 0.75 0.75 -0.344935 -0.225944 0.501112 2.07293e+10
-1.25 1.25 0.75 -0.325594 -0.12162 0.515393 1.66688e+10
-0.75 -1.25 0.75 -0.295104 -0.122743 0.536594 1.51796e+10
-0.25 -0.75 0.75 -0.271098 -0.0667736 0.55932 1.26669e+10
-0.75 -0.25 0.75 -0.30047 -0.0983191 0.533613 1.51229e+10
-0.25 0.25 0.75 -0.272256 -0.0291572 0.549609 1.27493e+10
-0.75 0.75 0.75 -0.301243 -0.0646246 0.528606 1.47136e+10
-0.25 1.25 0.75 -0.265005 0.020484 0.538697 1.27029e+10
0.25 -1.25 0.75 -0.239915 -0.0522748 0.590883 1.05672e+10
0.75 -0.75 0.75 -0.212817 -0.0051002 0.612165 9.2509e+09
0.25 -0.25 0.75 -0.242691 -0.0103173 0.577676 1.08961e+10
0.75 0.25 0.75 -0.209985 0.0435188 0.591408 9.73857e+09
0.25 0.75 0.75 -0.237334 0.0379267 0.561151 1.1215e+10
0.75 1.25 0.75 -0.197471 0.0984448 0.567586 1.03688e+10
1.25 -1.25 0.75 -0.185046 -0.00808959 0.651329 7.8359e+09
1.75 -0.75 0.75 -0.15722 0.0303966 0.670465 7.18287e+09
1.25 -0.25 0.75 -0.182711 0.0396805 0.628464 8.38035e+09
1.75 0.25 0.75 -0.150901 0.0802866 0.638523 7.8899e+09
1.25 0.75 0.75 -0.174512 0.092114 0.599597 9.09295e+09
1.75 1.25 0.75 -0.135614 0.135614 0.602265 8.88599e+09
2.25 -1.25 0.75 -0.134218 0.0180411 0.715745 6.16445e+09
2.25 -0.25 0.75 -0.12824 0.0656237 0.682471 6.81127e+09
2.25 0.75 0.75 -0.117085 0.117085 0.641893 7.73197e+09
-2.5 -1.5 1 -0.212329 -0.380113 0.467899 1.35251e+11
-2.5 -0.5 1 -0.198772 -0.385911 0.486368 1.2263e+11
-2.5 0.5 1 -0.176842 -0.377286 0.507137 1.01921e+11
-2.5 1.5 1 -0.148134 -0.386093 0.534483 7.43586e+10
-1.5 -1.5 1 -0.255731 -0.206713 0.49722 8.68738e+10
-2 -1 1 -0.235701 -0.286205 0.487452 1.05249e+11
-1.5 -0.5 1 -0.253442 -0.193777 0.503274 8.32824e+10
-2 0 1 -0.225307 -0.28158 0.500123 9.55166e+10
-1.5 0.5 1 -0.24529 -0.184861 0.511137 7.66691e+10
-2 1 1 -0.205444 -0.276756 0.517738 8.14672e+10
-1.5 1.5 1 -0.228079 -0.161249 0.521962 6.64104e+10
-0.5 -1.5 1 -0.260261 -0.0784807 0.539052 5.82783e+10
-1 -1 1 -0.263519 -0.125824 0.516536 7.02776e+10
-0.5 -0.5 1 -0.264171 -0.051513 0.533178 5.85542e+10
-1 0 1 -0.263049 -0.107822 0.516536 6.80075e+10
-0.5 0.5 1 -0.261438 -0.022309 0.526607 5.73175e+10
-1 1 1 -0.253758 -0.0826609 0.517974 6.336e+10
-0.5 1.5 1 -0.239553 0.0150076 0.524867 5.48383e+10
0.5 -1.5 1 -0.239209 0.00750478 0.59303 4.15876e+10
0 -1 1 -0.255204 -0.0149924 0.559349 4.95454e+10
0.5 -0.5 1 -0.243728 0.0434331 0.576352 4.33782e+10
0 0 1 -0.256232 0.0189433 0.546703 5.03331e+10
0.5 0.5 1 -0.23825 0.0823702 0.557481 4.49749e+10
0 1 1 -0.244633 0.0567456 0.535104 5.04202e+10
0.5 1.5 1 -0.217068 0.123297 0.540252 4.65209e+10
1.5 -1.5 1 -0.205881 0.0605699 0.656226 3.14522e+10
1 -1 1 -0.226156 0.0563 0.61352 3.70103e+10
1.5 -0.5 1 -0.208765 0.0987165 0.629438 3.3956e+10
1 0 1 -0.225585 0.094994 0.589663 3.93088e+10
1.5 0.5 1 -0.20233 0.138119 0.598064 3.70027e+10
1 1 1 -0.212663 0.135552 0.564235 4.19538e+10
1.5 1.5 1 -0.17875 0.17875 0.56652 4.09668e+10
2.5 -1.5 1 -0.169527 0.0887378 0.723737 2.50827e+10
2 -1 1 -0.18966 0.0960144 0.674778 2.91754e+10
2.5 -0.5 1 -0.171254 0.125582 0.686492 2.78662e+10
2 0 1 -0.188013 0.134143 0.639496 3.22132e+10
2.5 0.5 1 -0.163497 0.163497 0.642927 3.16459e+10
2 1 1 -0.173531 0.173531 0.600921 3.6252e+10
2.5 1.5 1 -0.138119 0.20233 0.598064 3.70027e+10
-2.25 -1.25 1.25 -0.447585 -0.266988 0.399691 2.88255e+10
-2.25 -0.25 1.25 -0.441393 -0.297673 0.416207 2.65803e+10
-2.25 0.75 1.25 -0.428186 -0.302149 0.436002 2.25975e+10
-1.25 -1.25 1.25 -0.398381 -0.118468 0.466527 1.92508e+10
-1.75 -0.75 1.25 -0.429622 -0.193234 0.437389 2.29944e+10
-1.25 -0.25 1.25 -0.407074 -0.11743 0.468636 1.8599e+10
-1.75 0.25 1.25 -0.431034 -0.204567 0.446705 2.11586e+10
-1.25 0.75 1.25 -0.409693 -0.10736 0.471932 1.7257e+10
-1.75 1.25 1.25 -0.419924 -0.198558 0.461225 1.84937e+10
-0.25 -1.25 1.25 -0.33215 -0.0205816 0.531395 1.33545e+10
-0.75 -0.75 1.25 -0.37348 -0.0561793 0.497004 1.58608e+10
-0.25 -0.25 1.25 -0.343825 0.00698902 0.52194 1.34167e+10
-0.75 0.25 1.25 -0.379599 -0.0384384 0.493394 1.54276e+10
-0.25 0.75 1.25 -0.342841 0.0439892 0.511786 1.32311e+10
-0.75 1.25 1.25 -0.374371 -0.000665771 0.49058 1.44978e+10
0.75 -1.25 1.25 -0.266423 0.03856 0.597194 9.78452e+09
0.25 -0.75 1.25 -0.304348 0.0298931 0.5572 1.15054e+10
0.75 -0.25 1.25 -0.272903 0.07959 0.577584 1.02174e+10
0.25 0.25 1.25 -0.308705 0.0700958 0.541012 1.17256e+10
0.75 0.75 1.25 -0.269103 0.127669 0.55381 1.06926e+10
0.25 1.25 1.25 -0.29738 0.119437 0.523745 1.19157e+10
1.75 -1.25 1.25 -0.206189 0.0701176 0.66558 7.57908e+09
1.25 -0.75 1.25 -0.238583 0.0785645 0.619587 8.81412e+09
1.75 -0.25 1.25 -0.20936 0.115117 0.635315 8.20522e+09
1.25 0.25 1.25 -0.238898 0.124859 0.591649 9.41976e+09
1.75 0.75 1.25 -0.20335 0.165845 0.598687 9.04219e+09
1.25 1.25 1.25 -0.226267 0.17978 0.559973 1.02086e+10
2.25 -0.75 1.25 -0.18099 0.100825 0.683204 7.1153e+09
2.25 0.25 1.25 -0.179483 0.148457 0.643345 7.9138e+09
2.25 1.25 1.25 -0.165845 0.20335 0.598687 9.04219e+09
-2.5 -1 1.5 -0.202247 -0.401351 0.456389 1.10242e+11
-2.5 0 1.5 -0.191161 -0.398975 0.47396 9.08876e+10
-2.5 1 1.5 -0.193411 -0.392659 0.490042 6.40799e+10
-2 -1.5 1.5 -0.234561 -0.313838 0.464325 9.92963e+10
-1.5 -1 1.5 -0.248242 -0.227295 0.487649 8.04832e+10
-2 -0.5 1.5 -0.225099 -0.309406 0.477168 8.95113e+10
-1.5 0 1.5 -0.245902 -0.216409 0.493309 7.30473e+10
-2 0.5 1.5 -0.222351 -0.301762 0.487972 7.4265e+10
-1.5 1 1.5 -0.232789 -0.198178 0.503076 6.22612e+10
-2 1.5 1.5 -0.200392 -0.283513 0.507984 5.58789e+10
-1 -1.5 1.5 -0.256918 -0.165457 0.506717 6.89299e+10
-0.5 -1 1.5 -0.257782 -0.0911357 0.529212 5.7683e+10
-1 -0.5 1.5 -0.257048 -0.142819 0.507013 6.62856e+10
-0.5 0 1.5 -0.255767 -0.0611937 0.523814 5.5996e+10
-1 0.5 1.5 -0.251578 -0.121828 0.508307 6.10079e+10
-0.5 1 1.5 -0.241689 -0.0242913 0.519906 5.24383e+10
-1 1.5 1.5 -0.226292 -0.081149 0.513971 5.29485e+10
0 -1.5 1.5 -0.249063 -0.0555249 0.558748 4.9214e+10
0.5 -1 1.5 -0.238506 0.00381134 0.581315 4.29785e+10
0 -0.5 1.5 -0.250899 -0.0212432 0.54865 4.95459e+10
0.5 0 1.5 -0.235083 0.0437847 0.564416 4.38989e+10
0 0.5 1.5 -0.242471 0.0180393 0.537203 4.88586e+10
0.5 1 1.5 -0.218634 0.0859997 0.546737 4.45109e+10
0 1.5 1.5 -0.218066 0.059256 0.528177 4.72315e+10
1 -1.5 1.5 -0.221952 0.0170148 0.620085 3.68807e+10
1.5 -1 1.5 -0.204816 0.0623099 0.641331 3.35792e+10
1 -0.5 1.5 -0.221648 0.057603 0.599732 3.86254e+10
1.5 0 1.5 -0.199715 0.103542 0.612794 3.5915e+10
1 0.5 1.5 -0.211855 0.0993829 0.575603 4.04224e+10
1.5 1 1.5 -0.182146 0.145154 0.581304 3.87587e+10
1 1.5 1.5 -0.185335 0.141669 0.551473 4.2418e+10
2 -1.5 1.5 -0.185972 0.0607607 0.687436 2.90542e+10
2.5 -1 1.5 -0.166891 0.0938227 0.704588 2.74711e+10
2 -0.5 1.5 -0.184289 0.100968 0.656406 3.14992e+10
2.5 0 1.5 -0.160701 0.133351 0.664203 3.0496e+10
2 0.5 1.5 -0.173296 0.141698 0.619525 3.46154e+10
2.5 1 1.5 -0.141698 0.173296 0.619525 3.46154e+10
2 1.5 1.5 -0.145154 0.182146 0.581304 3.87587e+10
