450
-2.5 -1.5 -1.5 -0.523314 0.280424 -0.804677 1.0883 0 1.0883
-1.5 -1.5 -1.5 -0.475314 0.263812 -0.839333 2.04487 0 2.04487
-0.5 -1.5 -1.5 -0.425404 0.252638 -0.869025 3.64235 0 3.64235
0.5 -1.5 -1.5 -0.381135 0.253564 -0.889068 6.46359 0 6.46359
1.5 -1.5 -1.5 -0.312734 0.249964 -0.91636 1.10512 0 1.10512
2.5 -1.5 -1.5 -0.167683 0.161091 -0.97259 2.04713 0 2.04713
-2 -1 -1.5 -0.516101 0.286174 -0.807307 1.22493 0 1.22493
-1 -1 -1.5 -0.467372 0.271743 -0.84126 2.25003 0 2.25003
0 -1 -1.5 -0.419856 0.264218 -0.86828 3.9864 0 3.9864
1 -1 -1.5 -0.370265 0.265984 -0.890032 6.62784 0 6.62784
2 -1 -1.5 -0.302793 0.244385 -0.921191 1.12298 0 1.12298
-2.5 -0.5 -1.5 -0.553837 0.310694 -0.772485 7.23 0 7.23
-1.5 -0.5 -1.5 -0.507908 0.29594 -0.80898 1.35098 0 1.35098
-0.5 -0.5 -1.5 -0.459652 0.284668 -0.84124 2.44273 0 2.44273
0.5 -0.5 -1.5 -0.409505 0.277517 -0.869074 4.13849 0 4.13849
1.5 -0.5 -1.5 -0.361722 0.271062 -0.89201 6.75132 0 6.75132
2.5 -0.5 -1.5 -0.296697 0.238127 -0.924806 1.13062 0 1.13062
-2 0 -1.5 -0.545581 0.321933 -0.773757 7.97475 0 7.97475
-1 0 -1.5 -0.499016 0.309938 -0.809272 1.46166 0 1.46166
0 0 -1.5 -0.44895 0.298722 -0.842146 2.55356 0 2.55356
1 0 -1.5 -0.399581 0.287222 -0.870539 4.23361 0 4.23361
2 0 -1.5 -0.354953 0.273539 -0.893971 6.81641 0 6.81641
-2.5 0.5 -1.5 -0.579863 0.347793 -0.736749 4.66066 0 4.66066
-1.5 0.5 -1.5 -0.536114 0.336821 -0.774037 8.61205 0 8.61205
-0.5 0.5 -1.5 -0.48781 0.325014 -0.81019 1.53352 0 1.53352
0.5 0.5 -1.5 -0.437704 0.310899 -0.843657 2.62211 0 2.62211
1.5 0.5 -1.5 -0.390677 0.29462 -0.872107 4.27828 0 4.27828
2.5 0.5 -1.5 -0.349549 0.276523 -0.895182 6.77759 0 6.77759
-2 1 -1.5 -0.570148 0.363382 -0.736807 5.02585 0 5.02585
-1 1 -1.5 -0.524616 0.352776 -0.774808 90.5208 1 9.05208
0 1 -1.5 -0.475745 0.33883 -0.811703 1.57799 0 1.57799
1 1 -1.5 -0.427182 0.321279 -0.84516 2.65211 0 2.65211
2 1 -1.5 -0.382649 0.302051 -0.873123 4.25544 0 4.25544
-2.5 1.5 -1.5 -0.600985 0.388621 -0.69842 29.1638 1 2.91638
-1.5 1.5 -1.5 -0.55854 0.380003 -0.737313 52.8668 1 5.28668
-0.5 1.5 -1.5 -0.512122 0.36779 -0.776184 93.2571 1 9.32571
0.5 1.5 -1.5 -0.464096 0.351226 -0.813176 1.59744 0 1.59744
1.5 1.5 -1.5 -0.417304 0.331572 -0.846119 2.63823 0 2.63823
2.5 1.5 -1.5 -0.375533 0.310368 -0.873296 4.15754 0 4.15754
-2.25 -1.25 -1.25 -0.441344 0.364866 -0.81981 15.3085 1 1.53085
-1.25 -1.25 -1.25 -0.42144 0.350902 -0.836215 28.8164 1 2.88164
-0.25 -1.25 -1.25 -0.408103 0.356518 -0.840445 54.4345 1 5.44345
0.75 -1.25 -1.25 -0.379343 0.353088 -0.855236 1.04212 0 1.04212
1.75 -1.25 -1.25 -0.3504 0.341372 -0.872172 2.36431 0 2.36431
-1.75 -0.75 -1.25 -0.442925 0.362629 -0.81995 16.8548 1 1.68548
-0.75 -0.75 -1.25 -0.424012 0.356843 -0.832392 31.3476 1 3.13476
0.25 -0.75 -1.25 -0.408157 0.35696 -0.840231 56.9548 1 5.69548
1.25 -0.75 -1.25 -0.378327 0.357942 -0.853666 1.09335 0 1.09335
2.25 -0.75 -1.25 -0.345982 0.320757 -0.881709 2.3996 0 2.3996
-2.25 -0.25 -1.25 -0.465881 0.378495 -0.79981 982.892 2 9.82892
-1.25 -0.25 -1.25 -0.443727 0.365988 -0.818021 18.2687 1 1.82687
-0.25 -0.25 -1.25 -0.424079 0.359374 -0.831268 33.0402 1 3.30402
0.75 -0.25 -1.25 -0.407088 0.361735 -0.838706 58.9963 1 5.89963
1.75 -0.25 -1.25 -0.379395 0.349342 -0.85675 1.11748 0 1.11748
-1.75 0.25 -1.25 -0.465607 0.380319 -0.799104 10.6306 1 1.06306
-0.75 0.25 -1.25 -0.442687 0.368409 -0.817498 19.2768 1 1.92768
0.25 0.25 -1.25 -0.421281 0.362326 -0.83141 34.0387 1 3.40387
1.25 0.25 -1.25 -0.408157 0.360066 -0.838904 60.1903 1 6.01903
2.25 0.25 -1.25 -0.381714 0.338893 -0.85991 1.1207 0 1.1207
-2.25 0.75 -1.25 -0.488405 0.39742 -0.776864 615.85 2 6.1585
-1.25 0.75 -1.25 -0.463876 0.382377 -0.799129 11.2229 1 1.12229
-0.25 0.75 -1.25 -0.439395 0.370597 -0.818284 19.8769 1 1.98769
0.75 0.75 -1.25 -0.42131 0.362285 -0.831413 34.6658 1 3.46658
1.75 0.75 -1.25 -0.409466 0.356097 -0.83996 60.2806 1 6.02806
-1.75 1.25 -1.25 -0.486426 0.399087 -0.777251 650.228 2 6.50228
-0.75 1.25 -1.25 -0.460603 0.38415 -0.800171 11.5893 1 1.15893
0.25 1.25 -1.25 -0.438236 0.371126 -0.818666 20.2261 1 2.02261
1.25 1.25 -1.25 -0.421661 0.360736 -0.831908 34.7317 1 3.47317
2.25 1.25 -1.25 -0.411016 0.351625 -0.841086 59.3496 1 5.93496
-2 -1.5 -1 -0.470953 0.274708 -0.838295 9.37341 0 9.37341
-1 -1.5 -1 -0.436032 0.268527 -0.858935 1.72038 0 1.72038
0 -1.5 -1 -0.407448 0.276706 -0.870299 3.17503 0 3.17503
1 -1.5 -1 -0.367344 0.28143 -0.886485 5.76425 0 5.76425
2 -1.5 -1 -0.221076 0.234224 -0.946713 1.21463 0 1.21463
-2.5 -1 -1 -0.505001 0.291598 -0.81237 56.0615 1 5.60615
-1.5 -1 -1 -0.466452 0.280229 -0.838984 1.04287 0 1.04287
-0.5 -1 -1 -0.431994 0.279547 -0.857458 1.89686 0 1.89686
0.5 -1 -1 -0.401948 0.285206 -0.870112 3.41592 0 3.41592
1.5 -1 -1 -0.359114 0.287611 -0.887872 5.98978 0 5.98978
2.5 -1 -1 -0.210041 0.214704 -0.953827 1.25203 0 1.25203
-2 -0.5 -1 -0.499474 0.298104 -0.813424 62.3708 1 6.23708
-1 -0.5 -1 -0.461158 0.291003 -0.838242 1.14269 0 1.14269
0 -0.5 -1 -0.426619 0.29061 -0.856471 2.02474 0 2.02474
1 -0.5 -1 -0.394118 0.295918 -0.870117 3.53414 0 3.53414
2 -0.5 -1 -0.353922 0.287507 -0.889988 6.14465 0 6.14465
-2.5 0 -1 -0.532353 0.319464 -0.783927 36.8637 1 3.68637
-1.5 0 -1 -0.493075 0.309084 -0.813231 68.1402 1 6.81402
-0.5 0 -1 -0.454329 0.303197 -0.83765 1.21749 0 1.21749
0.5 0 -1 -0.418206 0.302145 -0.856628 2.09412 0 2.09412
1.5 0 -1 -0.387815 0.30127 -0.871112 3.61721 0 3.61721
2.5 0 -1 -0.350787 0.286234 -0.891638 6.18336 0 6.18336
-2 0.5 -1 -0.525265 0.330872 -0.783977 40.1956 1 4.01956
-1 0.5 -1 -0.485072 0.321922 -0.813063 72.5535 1 7.25535
0 0.5 -1 -0.445108 0.315176 -0.838178 1.26177 0 1.26177
1 0.5 -1 -0.410637 0.310142 -0.857432 2.13691 0 2.13691
2 0.5 -1 -0.382788 0.304875 -0.872081 3.64168 0 3.64168
-2.5 1 -1 -0.556205 0.354085 -0.751838 23.5193 1 2.35193
-1.5 1 -1 -0.51654 0.34422 -0.784027 42.7799 1 4.27799
-0.5 1 -1 -0.475129 0.33457 -0.813828 75.3249 1 7.53249
0.5 1 -1 -0.436139 0.324998 -0.839142 1.28742 0 1.28742
1.5 1 -1 -0.40387 0.316723 -0.85824 2.14684 0 2.14684
2.5 1 -1 -0.378776 0.308606 -0.87252 3.59462 0 3.59462
-2 1.5 -1 -0.547111 0.367849 -0.751902 25.0191 1 2.50191
-1 1.5 -1 -0.506146 0.357529 -0.78485 44.4696 1 4.44696
0 1.5 -1 -0.465101 0.345773 -0.814937 76.8915 1 7.68915
1 1.5 -1 -0.427804 0.333754 -0.839995 1.29237 0 1.29237
2 1.5 -1 -0.397756 0.323378 -0.858614 2.11789 0 2.11789
-1.75 -1.25 -0.75 -0.435271 0.343452 -0.832214 15.6772 1 1.56772
-0.75 -1.25 -0.75 -0.433334 0.351015 -0.830066 28.7955 1 2.87955
0.25 -1.25 -0.75 -0.445298 0.383454 -0.809118 55.4134 1 5.54134
1.25 -1.25 -0.75 -0.416812 0.417278 -0.807556 1.096 0 1.096
2.25 -1.25 -0.75 -0.30201 0.319748 -0.898082 3.59768 0 3.59768
-2.25 -0.75 -0.75 -0.44862 0.351287 -0.821789 930.638 2 9.30638
-1.25 -0.75 -0.75 -0.438289 0.34752 -0.828935 17.0882 1 1.70882
-0.25 -0.75 -0.75 -0.442966 0.364553 -0.819074 31.1931 1 3.11931
0.75 -0.75 -0.75 -0.437534 0.390928 -0.809777 57.9203 1 5.79203
1.75 -0.75 -0.75 -0.418805 0.40365 -0.81343 1.14787 0 1.14787
-1.75 -0.25 -0.75 -0.449478 0.353645 -0.820308 10.1324 1 1.01324
-0.75 -0.25 -0.75 -0.442121 0.356441 -0.823091 18.309 1 1.8309
0.25 -0.25 -0.75 -0.43886 0.371078 -0.818354 32.3393 1 3.23393
1.25 -0.25 -0.75 -0.438752 0.393453 -0.807893 59.9708 1 5.99708
2.25 -0.25 -0.75 -0.41975 0.389821 -0.819664 1.16944 0 1.16944
-2.25 0.25 -0.75 -0.465525 0.365992 -0.805814 597.456 2 5.97456
-1.25 0.25 -0.75 -0.450088 0.359096 -0.817601 10.8211 1 1.08211
-0.25 0.25 -0.75 -0.439021 0.361395 -0.82259 19.0266 1 1.90266
0.75 0.25 -0.75 -0.439283 0.37671 -0.815549 33.2371 1 3.32371
1.75 0.25 -0.75 -0.439842 0.391039 -0.808472 60.6143 1 6.06143
-1.75 0.75 -0.75 -0.464452 0.369206 -0.804967 637.168 2 6.37168
-0.75 0.75 -0.75 -0.446898 0.362496 -0.81785 11.2646 1 1.12646
0.25 0.75 -0.75 -0.437549 0.365444 -0.821585 19.4849 1 1.94849
1.25 0.75 -0.75 -0.440103 0.378063 -0.81448 33.5872 1 3.35872
2.25 0.75 -0.75 -0.4413 0.386397 -0.809909 60.1726 1 6.01726
-2.25 1.25 -0.75 -0.482496 0.383716 -0.787375 372.944 2 3.72944
-1.25 1.25 -0.75 -0.461185 0.371557 -0.805763 664.136 2 6.64136
-0.25 1.25 -0.75 -0.444291 0.365272 -0.818035 11.5308 1 1.15308
0.75 1.25 -0.75 -0.437237 0.36704 -0.821039 19.6684 1 1.96684
1.75 1.25 -0.75 -0.440394 0.376954 -0.814836 33.3559 1 3.33559
-2.5 -1.5 -0.5 -0.468427 0.282318 -0.837181 46.367 1 4.6367
-1.5 -1.5 -0.5 -0.445916 0.28098 -0.849829 86.8561 1 8.68561
-0.5 -1.5 -0.5 -0.434803 0.289164 -0.852837 1.64585 0 1.64585
0.5 -1.5 -0.5 -0.428511 0.299669 -0.852395 3.49036 0 3.49036
1.5 -1.5 -0.5 -0.3832 0.295279 -0.875196 7.84969 0 7.84969
2.5 -1.5 -0.5 -0.268711 0.234802 -0.934164 1.69041 0 1.69041
-2 -1 -0.5 -0.466612 0.286705 -0.836704 52.1814 1 5.21814
-1 -1 -0.5 -0.445268 0.289184 -0.847413 96.4507 1 9.64507
0 -1 -0.5 -0.434609 0.303247 -0.848031 1.84141 0 1.84141
1 -1 -0.5 -0.416025 0.313769 -0.853506 3.66947 0 3.66947
2 -1 -0.5 -0.373665 0.300582 -0.877511 8.23766 0 8.23766
-2.5 -0.5 -0.5 -0.492809 0.299456 -0.816985 31.1787 1 3.11787
-1.5 -0.5 -0.5 -0.464086 0.294999 -0.835224 57.6268 1 5.76268
-0.5 -0.5 -0.5 -0.443714 0.302194 -0.843681 1.05586 0 1.05586
0.5 -0.5 -0.5 -0.427564 0.315235 -0.84724 1.94745 0 1.94745
1.5 -0.5 -0.5 -0.408896 0.322776 -0.853592 3.84002 0 3.84002
2.5 -0.5 -0.5 -0.36767 0.30209 -0.879523 8.40629 0 8.40629
-2 0 -0.5 -0.488761 0.307743 -0.816337 34.3407 1 3.43407
-1 0 -0.5 -0.460472 0.307012 -0.832892 62.4479 1 6.24479
0 0 -0.5 -0.437725 0.313817 -0.842565 1.1107 0 1.1107
1 0 -0.5 -0.421394 0.324808 -0.846715 2.01743 0 2.01743
2 0 -0.5 -0.404161 0.327355 -0.854104 3.92843 0 3.92843
-2.5 0.5 -0.5 -0.516091 0.325404 -0.792314 20.3131 1 2.03131
-1.5 0.5 -0.5 -0.483479 0.319193 -0.815085 37.0483 1 3.70483
-0.5 0.5 -0.5 -0.453777 0.318528 -0.832242 65.5993 1 6.55993
0.5 0.5 -0.5 -0.431008 0.323728 -0.842278 1.14466 0 1.14466
1.5 0.5 -0.5 -0.416425 0.330753 -0.846872 2.05382 0 2.05382
2.5 0.5 -0.5 -0.400853 0.330253 -0.854547 3.92521 0 3.92521
-2 1 -0.5 -0.509736 0.336665 -0.791723 21.8652 1 2.18652
-1 1 -0.5 -0.475883 0.330797 -0.814929 38.9189 1 3.89189
0 1 -0.5 -0.446056 0.328756 -0.832439 67.5229 1 6.75229
1 1 -0.5 -0.425029 0.330964 -0.842504 1.16073 0 1.16073
2 1 -0.5 -0.412285 0.335246 -0.847131 2.04963 0 2.04963
-2.5 1.5 -0.5 -0.536916 0.357031 -0.764362 12.825 1 1.2825
-1.5 1.5 -0.5 -0.501489 0.348469 -0.791883 22.9739 1 2.29739
-0.5 1.5 -0.5 -0.467264 0.341505 -0.815499 40.0634 1 4.00634
0.5 1.5 -0.5 -0.43877 0.337194 -0.832935 68.3808 1 6.83808
1.5 1.5 -0.5 -0.419616 0.337142 -0.842768 1.15621 0 1.15621
2.5 1.5 -0.5 -0.408671 0.339722 -0.847099 2.00247 0 2.00247
-2.25 -1.25 -0.25 -0.450192 0.334025 -0.828103 876.459 2 8.76459
-1.25 -1.25 -0.25 -0.455728 0.344138 -0.820903 16.0807 1 1.60807
-0.25 -1.25 -0.25 -0.464847 0.375666 -0.801743 29.7822 1 2.97822
0.75 -1.25 -0.25 -0.441912 0.392701 -0.806536 56.3505 1 5.63505
1.75 -1.25 -0.25 -0.404254 0.407319 -0.818944 1.28099 0 1.28099
-1.75 -0.75 -0.25 -0.45458 0.339261 -0.823565 963.759 2 9.63759
-0.75 -0.75 -0.25 -0.460735 0.357109 -0.812525 17.4493 1 1.74493
0.25 -0.75 -0.25 -0.464624 0.385626 -0.797131 31.3561 1 3.13561
1.25 -0.75 -0.25 -0.436902 0.406809 -0.802261 58.6558 1 5.86558
2.25 -0.75 -0.25 -0.400178 0.388624 -0.829957 1.33263 0 1.33263
-2.25 -0.25 -0.25 -0.461938 0.344533 -0.817257 577.172 2 5.77172
-1.25 -0.25 -0.25 -0.45706 0.348408 -0.818357 10.4033 1 1.04033
-0.25 -0.25 -0.25 -0.461837 0.368071 -0.806988 18.4276 1 1.84276
0.75 -0.25 -0.25 -0.460428 0.396068 -0.794441 32.5487 1 3.25487
1.75 -0.25 -0.25 -0.437059 0.404772 -0.803206 59.6941 1 5.96941
-1.75 0.25 -0.25 -0.462006 0.350439 -0.814704 621.384 2 6.21384
-0.75 0.25 -0.25 -0.45651 0.356728 -0.815073 10.9638 1 1.09638
0.25 0.25 -0.25 -0.458143 0.376426 -0.805238 19.0223 1 1.90223
1.25 0.25 -0.25 -0.461072 0.400246 -0.79197 33.2437 1 3.32437
2.25 0.25 -0.25 -0.439296 0.398125 -0.805305 59.7547 1 5.97547
-2.25 0.75 -0.25 -0.473759 0.360084 -0.803674 369.272 2 3.69272
-1.25 0.75 -0.25 -0.45993 0.35624 -0.813362 654.405 2 6.54405
-0.25 0.75 -0.25 -0.452653 0.362843 -0.814525 11.3058 1 1.13058
0.75 0.75 -0.25 -0.457549 0.381791 -0.803047 19.3617 1 1.93617
1.75 0.75 -0.25 -0.461514 0.400141 -0.791765 33.2972 1 3.32972
-1.75 1.25 -0.25 -0.470814 0.364021 -0.803631 388.869 2 3.88869
-0.75 1.25 -0.25 -0.455797 0.36056 -0.813785 675.175 2 6.75175
0.25 1.25 -0.25 -0.450613 0.367186 -0.813709 11.4861 1 1.14861
1.25 1.25 -0.25 -0.456783 0.38406 -0.802401 19.3844 1 1.93844
2.25 1.25 -0.25 -0.461508 0.398065 -0.792814 32.7789 1 3.27789
-2 -1.5 0 -0.45656 0.290505 -0.840928 45.959 1 4.5959
-1 -1.5 0 -0.458421 0.302078 -0.835822 89.3695 1 8.93695
0 -1.5 0 -0.461428 0.314415 -0.829595 1.87889 0 1.87889
1 -1.5 0 -0.433834 0.305078 -0.847771 4.15583 0 4.15583
2 -1.5 0 -0.340702 0.288187 -0.894914 1.03068 0 1.03068
-2.5 -1 0 -0.470016 0.292678 -0.832721 27.4939 1 2.74939
-1.5 -1 0 -0.458926 0.298137 -0.83696 51.7648 1 5.17648
-0.5 -1 0 -0.458815 0.314565 -0.830986 1.00525 0 1.00525
0.5 -1 0 -0.454189 0.327325 -0.828595 2.07814 0 2.07814
1.5 -1 0 -0.42238 0.323148 -0.846859 4.46526 0 4.46526
2.5 -1 0 -0.329854 0.28784 -0.89908 1.07106 0 1.07106
-2 -0.5 0 -0.469842 0.299763 -0.830295 30.7 1 3.07
-1 -0.5 0 -0.45915 0.309983 -0.832521 57.2213 1 5.72213
0 -0.5 0 -0.455466 0.327963 -0.827641 1.09219 0 1.09219
1 -0.5 0 -0.444896 0.341323 -0.827989 2.18675 0 2.18675
2 -0.5 0 -0.415693 0.332364 -0.846601 4.64723 0 4.64723
-2.5 0 0 -0.488557 0.308487 -0.816179 18.2681 1 1.82681
-1.5 0 0 -0.468319 0.310511 -0.8272 33.6234 1 3.36234
-0.5 0 0 -0.456187 0.322783 -0.82928 61.4689 1 6.14689
0.5 0 0 -0.448821 0.340102 -0.826372 1.14477 0 1.14477
1.5 0 0 -0.439058 0.350364 -0.827329 2.26212 0 2.26212
2.5 0 0 -0.411116 0.337461 -0.84682 4.70016 0 4.70016
-2 0.5 0 -0.485307 0.318372 -0.81432 19.9104 1 1.99104
-1 0.5 0 -0.464281 0.322369 -0.824937 35.8973 1 3.58973
0 0.5 0 -0.450247 0.333901 -0.828123 64.1035 1 6.41035
1 0.5 0 -0.443589 0.348834 -0.825557 1.177 0 1.177
2 0.5 0 -0.43492 0.355848 -0.827174 2.28687 0 2.28687
-2.5 1 0 -0.507105 0.332205 -0.795289 11.7673 1 1.17673
-1.5 1 0 -0.480017 0.329527 -0.813017 21.1922 1 2.11922
-0.5 1 0 -0.457847 0.332981 -0.824318 37.3473 1 3.73473
0.5 1 0 -0.444571 0.342625 -0.827626 65.6207 1 6.56207
1.5 1 0 -0.439314 0.354759 -0.825318 1.18637 0 1.18637
2.5 1 0 -0.431612 0.360013 -0.827104 2.25896 0 2.25896
-2 1.5 0 -0.500876 0.342972 -0.794666 12.5054 1 1.25054
-1 1.5 0 -0.472835 0.339996 -0.812914 22.0341 1 2.20341
0 1.5 0 -0.451246 0.341935 -0.824292 38.1559 1 3.81559
1 1.5 0 -0.43949 0.34929 -0.827554 65.9748 1 6.59748
2 1.5 0 -0.435541 0.359606 -0.82522 1.17126 0 1.17126
-1.75 -1.25 0.25 -0.467582 0.335695 -0.817726 916.064 2 9.16064
-0.75 -1.25 0.25 -0.476555 0.358091 -0.802911 16.9349 1 1.69349
0.25 -1.25 0.25 -0.481933 0.389765 -0.784744 31.8769 1 3.18769
1.25 -1.25 0.25 -0.431199 0.420731 -0.798156 52.1285 1 5.21285
2.25 -1.25 0.25 -0.321705 0.354801 -0.877851 1.99819 0 1.99819
-2.25 -0.75 0.25 -0.467678 0.332382 -0.819023 552.593 2 5.52593
-1.25 -0.75 0.25 -0.471584 0.34553 -0.811306 10.0206 1 1.00206
-0.25 -0.75 0.25 -0.481994 0.374514 -0.792099 18.3363 1 1.83363
0.75 -0.75 0.25 -0.472185 0.402913 -0.78403 33.4812 1 3.34812
1.75 -0.75 0.25 -0.42904 0.420816 -0.799274 53.2984 1 5.32984
-1.75 -0.25 0.25 -0.469487 0.340375 -0.814694 601.542 2 6.01542
-0.75 -0.25 0.25 -0.474331 0.35903 -0.803808 10.7368 1 1.07368
0.25 -0.25 0.25 -0.475962 0.385634 -0.790409 19.1629 1 1.91629
1.25 -0.25 0.25 -0.470052 0.411247 -0.780979 34.5393 1 3.45393
2.25 -0.25 0.25 -0.430037 0.412357 -0.803137 53.9023 1 5.39023
-2.25 0.25 0.25 -0.474713 0.34392 -0.810164 361.343 2 3.61343
-1.25 0.25 0.25 -0.469701 0.350378 -0.810319 641.602 2 6.41602
-0.25 0.25 0.25 -0.470275 0.368849 -0.801743 112.019 2 1.12019
0.75 0.25 0.25 -0.472549 0.393517 -0.788569 196.868 2 1.96868
1.75 0.25 0.25 -0.46943 0.411946 -0.780984 349.055 2 3.49055
-1.75 0.75 0.25 -0.472979 0.350998 -0.808141 384.559 2 3.84559
-0.75 0.75 0.25 -0.465792 0.358088 -0.809204 668.748 2 6.68748
0.25 0.75 0.25 -0.466541 0.375958 -0.800622 114.752 2 1.14752
1.25 0.75 0.25 -0.471274 0.397192 -0.787489 198.876 2 1.98876
2.25 0.75 0.25 -0.469237 0.409966 -0.782141 346.536 2 3.46536
-2.25 1.25 0.25 -0.482938 0.359064 -0.798651 229.603 2 2.29603
-1.25 1.25 0.25 -0.468737 0.356856 -0.808047 400.752 2 4.00752
-0.25 1.25 0.25 -0.461581 0.363954 -0.809 684.467 2 6.84467
0.75 1.25 0.25 -0.464368 0.380416 -0.799779 115.749 2 1.15749
1.75 1.25 0.25 -0.469735 0.398376 -0.78781 197.454 2 1.97454
-2.5 -1.5 0.5 -0.467359 0.297953 -0.832346 25.0347 1 2.50347
-1.5 -1.5 0.5 -0.475102 0.310905 -0.823175 49.3237 1 4.93237
-0.5 -1.5 0.5 -0.486819 0.321848 -0.812048 1.02956 0 1.02956
0.5 -1.5 0.5 -0.487174 0.327065 -0.809747 2.36078 0 2.36078
1.5 -1.5 0.5 -0.461063 0.327982 -0.82453 6.23346 0 6.23346
2.5 -1.5 0.5 -0.40128 0.314139 -0.860402 1.29681 0 1.29681
-2 -1 0.5 -0.470977 0.305277 -0.827639 28.5348 1 2.85348
-1 -1 0.5 -0.477396 0.320669 -0.818086 55.9853 1 5.59853
0 -1 0.5 -0.485077 0.338106 -0.806464 1.16989 0 1.16989
1 -1 0.5 -0.472141 0.347051 -0.810333 2.55691 0 2.55691
2 -1 0.5 -0.449539 0.344372 -0.824211 6.56863 0 6.56863
-2.5 -0.5 0.5 -0.477164 0.304629 -0.824328 16.8743 1 1.68743
-1.5 -0.5 0.5 -0.472756 0.315371 -0.822826 31.8857 1 3.18857
-0.5 -0.5 0.5 -0.477198 0.335472 -0.812244 62.1438 1 6.21438
0.5 -0.5 0.5 -0.47581 0.353785 -0.805258 1.26056 0 1.26056
1.5 -0.5 0.5 -0.462567 0.362009 -0.809309 2.68622 0 2.68622
2.5 -0.5 0.5 -0.441128 0.354052 -0.824653 6.70802 0 6.70802
-2 0 0.5 -0.477191 0.313981 -0.820795 18.6763 1 1.86763
-1 0 0.5 -0.472188 0.328604 -0.81796 34.8333 1 3.48333
0 0 0.5 -0.471457 0.349071 -0.809863 66.3099 1 6.63099
1 0 0.5 -0.468124 0.366199 -0.804212 1.31403 0 1.31403
2 0 0.5 -0.4564 0.370752 -0.808852 2.74858 0 2.74858
-2.5 0.5 0.5 -0.489862 0.319195 -0.811264 11.0464 1 1.10464
-1.5 0.5 0.5 -0.475244 0.325712 -0.817346 20.2175 1 2.02175
-0.5 0.5 0.5 -0.467579 0.340826 -0.815603 36.8893 1 3.68893
0.5 0.5 0.5 -0.465383 0.359939 -0.808618 688.475 2 6.88475
1.5 0.5 0.5 -0.462907 0.374263 -0.80352 1.34114 0 1.34114
2.5 0.5 0.5 -0.451753 0.37676 -0.808685 2.74418 0 2.74418
-2 1 0.5 -0.486457 0.329776 -0.809078 11.8986 1 1.18986
-1 1 0.5 -0.470353 0.336914 -0.815633 21.316 1 2.1316
0 1 0.5 -0.461946 0.350847 -0.814563 381.423 2 3.81423
1 1 0.5 -0.460595 0.367641 -0.807894 700.541 2 7.00541
2 1 0.5 -0.458873 0.379895 -0.803191 1.33869 0 1.33869
-2.5 1.5 0.5 -0.50354 0.340195 -0.794176 702.031 2 7.02031
-1.5 1.5 0.5 -0.480834 0.340308 -0.808077 125.162 2 1.25162
-0.5 1.5 0.5 -0.464318 0.346536 -0.815059 219.864 2 2.19864
0.5 1.5 0.5 -0.456839 0.35858 -0.814075 387.042 2 3.87042
1.5 1.5 0.5 -0.456543 0.373377 -0.807563 698.453 2 6.98453
2.5 1.5 0.5 -0.455162 0.384782 -0.802976 1.30712 0 1.30712
-2.25 -1.25 0.75 -0.475349 0.327007 -0.816768 527.179 2 5.27179
-1.25 -1.25 0.75 -0.48148 0.345216 -0.805607 980.165 2 9.80165
-0.25 -1.25 0.75 -0.477817 0.367487 -0.7979 185.05 2 1.8505
0.75 -1.25 0.75 -0.450534 0.372889 -0.811155 350.098 2 3.50098
1.75 -1.25 0.75 -0.362137 0.373764 -0.853907 527.547 2 5.27547
-1.75 -0.75 0.75 -0.479046 0.336768 -0.810618 582.443 2 5.82443
-0.75 -0.75 0.75 -0.481537 0.358155 -0.799904 106.951 2 1.06951
0.25 -0.75 0.75 -0.471815 0.375485 -0.797747 196.654 2 1.96654
1.25 -0.75 0.75 -0.441544 0.383625 -0.811092 364.954 2 3.64954
2.25 -0.75 0.75 -0.358077 0.364891 -0.859439 541.926 2 5.41926
-2.25 -0.25 0.75 -0.479978 0.334357 -0.811065 350.275 2 3.50275
-1.25 -0.25 0.75 -0.479485 0.348354 -0.805446 630.923 2 6.30923
-0.25 -0.25 0.75 -0.478347 0.368624 -0.797057 113.579 2 1.13579
0.75 -0.25 0.75 -0.463843 0.383962 -0.798388 204.013 2 2.04013
1.75 -0.25 0.75 -0.437882 0.385194 -0.812333 371.982 2 3.71982
-1.75 0.25 0.75 -0.479251 0.343714 -0.807576 377.47 2 3.7747
-0.75 0.25 0.75 -0.476836 0.35846 -0.802579 667.38 2 6.6738
0.25 0.25 0.75 -0.472024 0.377029 -0.796896 117.661 2 1.17661
1.25 0.25 0.75 -0.460673 0.388684 -0.797938 207.749 2 2.07749
2.25 0.25 0.75 -0.436331 0.383481 -0.813976 372.725 2 3.72725
-2.25 0.75 0.75 -0.48444 0.346324 -0.803354 226.585 2 2.26585
-1.25 0.75 0.75 -0.476089 0.352302 -0.805744 398.111 2 3.98111
-0.25 0.75 0.75 -0.471502 0.366435 -0.80213 690.274 2 6.90274
0.75 0.75 0.75 -0.46824 0.382389 -0.796573 119.748 2 1.19748
1.75 0.75 0.75 -0.458811 0.389861 -0.798436 207.965 2 2.07965
-1.75 1.25 0.75 -0.480589 0.35321 -0.802669 238.605 2 2.38605
-0.75 1.25 0.75 -0.470954 0.359241 -0.805697 411.377 2 4.11377
0.25 1.25 0.75 -0.467285 0.372046 -0.802014 701.617 2 7.01617
1.25 1.25 0.75 -0.465569 0.385349 -0.796713 119.873 2 1.19873
2.25 1.25 0.75 -0.457066 0.389529 -0.799598 204.766 2 2.04766
-2 -1.5 1 -0.486983 0.315242 -0.814537 27.4568 1 2.74568
-1 -1.5 1 -0.501703 0.326993 -0.800855 57.2273 1 5.72273
0 -1.5 1 -0.503744 0.332951 -0.797111 1.26442 0 1.26442
1 -1.5 1 -0.484987 0.333053 -0.808619 2.92968 0 2.92968
2 -1.5 1 -0.46854 0.341044 -0.814959 7.03064 0 7.03064
-2.5 -1 1 -0.481487 0.30994 -0.819821 15.946 1 1.5946
-1.5 -1 1 -0.49045 0.324465 -0.808815 315.379 2 3.15379
-0.5 -1 1 -0.499053 0.339569 -0.79727 654.842 2 6.54842
0.5 -1 1 -0.493508 0.348945 -0.796673 1.41993 0 1.41993
1.5 -1 1 -0.471396 0.352601 -0.808367 3.12917 0 3.12917
2.5 -1 1 -0.455931 0.353359 -0.816862 7.26199 0 7.26199
-2 -0.5 1 -0.484221 0.319167 -0.814655 180.236 2 1.80236
-1 -0.5 1 -0.49037 0.336973 -0.803733 353.867 2 3.53867
0 -0.5 1 -0.492659 0.354402 -0.794787 721.451 2 7.21451
1 -0.5 1 -0.481378 0.36481 -0.796987 1.50656 0 1.50656
2 -0.5 1 -0.461953 0.364421 -0.808577 3.23438 0 3.23438
-2.5 0 1 -0.486259 0.317091 -0.814251 10.5509 1 1.05509
-1.5 0 1 -0.484398 0.330985 -0.80982 199.296 2 1.99296
-0.5 0 1 -0.486569 0.350774 -0.80013 384.66 2 3.8466
0.5 0 1 -0.48377 0.368037 -0.79405 762.847 2 7.62847
1.5 0 1 -0.47326 0.376009 -0.796644 1.55507 0 1.55507
2.5 0 1 -0.454951 0.372552 -0.808841 3.25919 0 3.25919
-2 0.5 1 -0.48543 0.327837 -0.810482 115.552 2 1.15552
-1 0.5 1 -0.48142 0.343589 -0.806338 214.427 2 2.14427
0 0.5 1 -0.480163 0.362899 -0.798591 404.586 2 4.04586
1 0.5 1 -0.477057 0.378062 -0.793402 785.309 2 7.85309
2 0.5 1 -0.467642 0.383511 -0.796386 1.56811 0 1.56811
-2.5 1 1 -0.493933 0.330469 -0.804251 679.297 2 6.79297
-1.5 1 1 -0.482085 0.339272 -0.807768 123.491 2 1.23491
-0.5 1 1 -0.476076 0.354661 -0.804716 224.418 2 2.24418
0.5 1 1 -0.474511 0.372136 -0.797718 415.522 2 4.15522
1.5 1 1 -0.472211 0.385064 -0.792933 791.314 2 7.91314
2.5 1 1 -0.46304 0.389526 -0.796155 1.54683 0 1.54683
-2 1.5 1 -0.48979 0.34095 -0.802408 723.057 2 7.23057
-1 1.5 1 -0.476754 0.349605 -0.806525 128.814 2 1.28814
0 1.5 1 -0.470706 0.363509 -0.803926 229.869 2 2.29869
1 1.5 1 -0.469959 0.378981 -0.79719 418.193 2 4.18193
2 1.5 1 -0.468134 0.390642 -0.792622 780.726 2 7.80726
-1.75 -1.25 1.25 -0.481695 0.33297 -0.810618 569.236 2 5.69236
-0.75 -1.25 1.25 -0.474043 0.345441 -0.809909 107.829 2 1.07829
0.25 -1.25 1.25 -0.443928 0.347628 -0.825883 201.185 2 2.01185
1.25 -1.25 1.25 -0.387468 0.32744 -0.861772 376.161 2 3.76161
2.25 -1.25 1.25 -0.298237 0.285483 -0.910799 626.546 2 6.26546
-2.25 -0.75 1.25 -0.483977 0.328522 -0.811073 339.177 2 3.39177
-1.25 -0.75 1.25 -0.480803 0.342596 -0.807129 627.524 2 6.27524
-0.25 -0.75 1.25 -0.466133 0.353633 -0.810965 116.631 2 1.16631
0.75 -0.75 1.25 -0.431011 0.349577 -0.831881 212.106 2 2.12106
1.75 -0.75 1.25 -0.380913 0.328836 -0.86416 387.428 2 3.87428
-1.75 -0.25 1.25 -0.483524 0.33827 -0.807327 371.055 2 3.71055
-0.75 -0.25 1.25 -0.47616 0.352224 -0.805736 675.167 2 6.75167
0.25 -0.25 1.25 -0.457469 0.359431 -0.813346 122.652 2 1.22652
1.25 -0.25 1.25 -0.424504 0.353995 -0.833357 218.179 2 2.18179
2.25 -0.25 1.25 -0.376841 0.32849 -0.866074 391.994 2 3.91994
-2.25 0.25 1.25 -0.487063 0.337227 -0.805635 222.033 2 2.22033
-1.25 0.25 1.25 -0.480166 0.347897 -0.805238 397.168 2 3.97168
-0.25 0.25 1.25 -0.469858 0.359828 -0.806075 708.578 2 7.08578
0.75 0.25 1.25 -0.450986 0.364594 -0.814667 126.109 2 1.26109
1.75 0.25 1.25 -0.421007 0.355338 -0.834559 220.238 2 2.20238
-1.75 0.75 1.25 -0.48369 0.345821 -0.804023 236.727 2 2.36727
-0.75 0.75 1.25 -0.474916 0.355903 -0.804853 415.688 2 4.15688
0.25 0.75 1.25 -0.463885 0.365855 -0.806821 727.759 2 7.27759
1.25 0.75 1.25 -0.447164 0.367696 -0.81538 127.283 2 1.27283
2.25 0.75 1.25 -0.418725 0.355139 -0.83579 218.693 2 2.18693
-2.25 1.25 1.25 -0.49022 0.348772 -0.798775 141.791 2 1.41791
-1.25 1.25 1.25 -0.478656 0.353301 -0.803783 247.25 2 2.4725
-0.25 1.25 1.25 -0.469297 0.362308 -0.805291 426.432 2 4.26432
0.75 1.25 1.25 -0.459589 0.36995 -0.807412 734.429 2 7.34429
1.75 1.25 1.25 -0.444221 0.369244 -0.816288 126.379 2 1.26379
-2.5 -1.5 1.5 -0.495718 0.316681 -0.808688 15.3439 1 1.53439
-1.5 -1.5 1.5 -0.507679 0.326237 -0.79739 31.6712 1 3.16712
-0.5 -1.5 1.5 -0.508252 0.328747 -0.795993 68.0003 1 6.80003
0.5 -1.5 1.5 -0.48569 0.323856 -0.811925 1.48073 0 1.48073
1.5 -1.5 1.5 -0.454601 0.318103 -0.831954 3.05918 0 3.05918
2.5 -1.5 1.5 -0.43049 0.313031 -0.846575 5.56247 0 5.56247
-2 -1 1.5 -0.498761 0.324667 -0.803634 177.669 2 1.77669
-1 -1 1.5 -0.505579 0.336063 -0.79464 365.038 2 3.65038
0 -1 1.5 -0.497378 0.341293 -0.79758 769.008 2 7.69008
1 -1 1.5 -0.470689 0.337538 -0.815181 1.60491 0 1.60491
2 -1 1.5 -0.441346 0.330087 -0.83442 3.2055 0 3.2055
-2.5 -0.5 1.5 -0.493441 0.320623 -0.808527 10.2309 1 1.02309
-1.5 -0.5 1.5 -0.498958 0.335233 -0.799162 201.323 2 2.01323
-0.5 -0.5 1.5 -0.499328 0.348646 -0.793169 407.34 2 4.0734
0.5 -0.5 1.5 -0.48604 0.354817 -0.798668 832.839 2 8.32839
1.5 -0.5 1.5 -0.459211 0.350282 -0.816351 1.67791 0 1.67791
2.5 -0.5 1.5 -0.431317 0.339033 -0.836076 3.26428 0 3.26428
-2 0 1.5 -0.494057 0.331077 -0.803925 114.351 2 1.14351
-1 0 1.5 -0.495587 0.347639 -0.795953 221.797 2 2.21797
0 0 1.5 -0.491183 0.361588 -0.792461 437.915 2 4.37915
1 0 1.5 -0.475982 0.366669 -0.799372 868.857 2 8.68857
2 0 1.5 -0.451151 0.359112 -0.817008 1.70828 0 1.70828
-2.5 0.5 1.5 -0.494654 0.328666 -0.804547 664.459 2 6.64459
-1.5 0.5 1.5 -0.491786 0.342893 -0.800357 124.646 2 1.24646
-0.5 0.5 1.5 -0.489824 0.359907 -0.794065 236.758 2 2.36758
0.5 0.5 1.5 -0.483162 0.372604 -0.792288 456.022 2 4.56022
1.5 0.5 1.5 -0.468971 0.3753 -0.79951 884.27 2 8.8427
2.5 0.5 1.5 -0.445036 0.366113 -0.817254 1.70108 0 1.70108
-2 1 1.5 -0.492256 0.339618 -0.801463 718.758 2 7.18758
-1 1 1.5 -0.487179 0.354392 -0.798163 132.218 2 1.32218
0 1 1.5 -0.483455 0.370248 -0.793213 245.839 2 2.45839
1 1 1.5 -0.477137 0.380837 -0.792025 463.721 2 4.63721
2 1 1.5 -0.463752 0.381915 -0.799422 880.881 2 8.80881
-2.5 1.5 1.5 -0.498549 0.340888 -0.797022 420.646 2 4.20646
-1.5 1.5 1.5 -0.487813 0.35035 -0.799558 758.873 2 7.58873
-0.5 1.5 1.5 -0.481621 0.364227 -0.797108 136.866 2 1.36866
0.5 1.5 1.5 -0.478117 0.378244 -0.792676 249.716 2 2.49716
1.5 1.5 1.5 -0.472461 0.387212 -0.791737 461.937 2 4.61937
2.5 1.5 1.5 -0.45913 0.388002 -0.799158 859.819 2 8.59819
