450
-2.5 -1.5 -1.5 0.10394 0.126251 -0.986538 1.1042 0 1.1042
-1.5 -1.5 -1.5 0.0959513 0.108031 -0.989506 1.40573 0 1.40573
-0.5 -1.5 -1.5 0.0883001 0.0949921 -0.991554 1.71031 0 1.71031
0.5 -1.5 -1.5 0.0804984 0.0859419 -0.993043 1.99552 0 1.99552
1.5 -1.5 -1.5 0.0723183 0.0798093 -0.994183 2.2396 0 2.2396
2.5 -1.5 -1.5 0.0637797 0.0756661 -0.995091 2.42402 0 2.42402
-2 -1 -1.5 0.0941459 0.11036 -0.989423 1.40093 0 1.40093
-1 -1 -1.5 0.0869211 0.0959186 -0.991587 1.73525 0 1.73525
0 -1 -1.5 0.0796173 0.0856431 -0.99314 2.05895 0 2.05895
1 -1 -1.5 0.0719137 0.0785239 -0.994315 2.34823 0 2.34823
2 -1 -1.5 0.0637264 0.0736756 -0.995244 2.58158 0 2.58158
-2.5 -0.5 -1.5 0.0930124 0.113069 -0.989224 1.37093 0 1.37093
-1.5 -0.5 -1.5 0.0860959 0.0972445 -0.99153 1.7304 0 1.7304
-0.5 -0.5 -1.5 0.0791841 0.0857207 -0.993168 2.08917 0 2.08917
0.5 -0.5 -1.5 0.0719015 0.0775402 -0.994393 2.42197 0 2.42197
1.5 -0.5 -1.5 0.0640902 0.0718609 -0.995353 2.70474 0 2.70474
2.5 -0.5 -1.5 0.0557844 0.0679554 -0.996128 2.91716 0 2.91716
-2 0 -1.5 0.0858156 0.0989713 -0.991383 1.69541 0 1.69541
-1 0 -1.5 0.0792262 0.0861744 -0.993125 2.08454 0 2.08454
0 0 -1.5 0.0722946 0.0768876 -0.994415 2.45765 0 2.45765
1 0 -1.5 0.064829 0.0702966 -0.995417 2.78862 0 2.78862
2 0 -1.5 0.0568078 0.0656998 -0.996221 3.05415 0 3.05415
-2.5 0.5 -1.5 0.0859261 0.101235 -0.991145 1.63108 0 1.63108
-1.5 0.5 -1.5 0.0797161 0.0870366 -0.993011 2.04469 0 2.04469
-0.5 0.5 -1.5 0.0730999 0.0765853 -0.99438 2.45343 0 2.45343
0.5 0.5 -1.5 0.0659376 0.0690215 -0.995434 2.82973 0 2.82973
1.5 0.5 -1.5 0.0581888 0.0636494 -0.996274 3.14769 0 3.14769
2.5 0.5 -1.5 0.0499293 0.0598797 -0.996956 3.38559 0 3.38559
-2 1 -1.5 0.0805106 0.0884492 -0.992822 1.97061 0 1.97061
-1 1 -1.5 0.0742784 0.0766853 -0.994285 2.40894 0 2.40894
0 1 -1.5 0.0674077 0.0680683 -0.995401 2.82604 0 2.82604
1 1 -1.5 0.0599096 0.0618488 -0.996286 3.19396 0 3.19396
2 1 -1.5 0.0518528 0.0574271 -0.997002 3.48799 0 3.48799
-2.5 1.5 -1.5 0.0813123 0.0907 -0.992553 1.86484 0 1.86484
-1.5 1.5 -1.5 0.0756997 0.0773275 -0.994128 2.32534 0 2.32534
-0.5 1.5 -1.5 0.0691934 0.0675003 -0.995317 2.77717 0 2.77717
0.5 1.5 -1.5 0.061951 0.0603398 -0.996254 3.19081 0 3.19081
1.5 1.5 -1.5 0.0540899 0.0551871 -0.99701 3.53898 0 3.53898
2.5 1.5 -1.5 0.0457472 0.05152 -0.997624 3.79883 0 3.79883
-1.75 -1.25 -1.25 -0.0919858 -0.105016 -0.990207 3.72082 0 3.72082
-0.75 -1.25 -1.25 -0.0771854 -0.108188 -0.99113 4.68985 0 4.68985
0.25 -1.25 -1.25 -0.0621309 -0.11012 -0.991974 5.62798 0 5.62798
1.25 -1.25 -1.25 -0.0470927 -0.111484 -0.99265 6.46376 0 6.46376
2.25 -1.25 -1.25 -0.0320824 -0.112776 -0.993102 7.135 0 7.135
-2.25 -0.75 -1.25 -0.100829 -0.095643 -0.990296 3.66397 0 3.66397
-1.25 -0.75 -1.25 -0.0858797 -0.0990038 -0.991374 4.70817 0 4.70817
-0.25 -0.75 -1.25 -0.0706154 -0.101034 -0.992374 5.75056 0 5.75056
0.75 -0.75 -1.25 -0.0553789 -0.102351 -0.993206 6.71392 0 6.71392
1.75 -0.75 -1.25 -0.0402468 -0.103425 -0.993823 7.52753 0 7.52753
-1.75 -0.25 -1.25 -0.0946447 -0.0899309 -0.991441 4.6431 0 4.6431
-0.75 -0.25 -1.25 -0.0791708 -0.0920765 -0.9926 5.7766 0 5.7766
0.25 -0.25 -1.25 -0.0637314 -0.0934162 -0.993585 6.85966 0 6.85966
1.25 -0.25 -1.25 -0.0484467 -0.0943789 -0.994357 7.81418 0 7.81418
2.25 -0.25 -1.25 -0.0332584 -0.0953081 -0.994892 8.57297 0 8.57297
-2.25 0.25 -1.25 -0.103605 -0.0809664 -0.991318 4.49667 0 4.49667
-1.25 0.25 -1.25 -0.0878469 -0.0832273 -0.992651 5.70409 0 5.70409
-0.25 0.25 -1.25 -0.0721733 -0.0846269 -0.993795 6.89411 0 6.89411
0.75 0.25 -1.25 -0.056708 -0.0855497 -0.994719 7.98282 0 7.98282
1.75 0.25 -1.25 -0.0414164 -0.0863156 -0.995407 8.89434 0 8.89434
-1.75 0.75 -1.25 -0.0967618 -0.0744536 -0.992519 5.5352 0 5.5352
-0.75 0.75 -1.25 -0.0807625 -0.0759457 -0.993836 6.81491 0 6.81491
0.25 0.75 -1.25 -0.0650654 -0.0768776 -0.994915 8.02582 0 8.02582
1.25 0.75 -1.25 -0.0496263 -0.0775501 -0.995753 9.08475 0 9.08475
2.25 0.75 -1.25 -0.0343164 -0.0782138 -0.996346 9.92034 0 9.92034
-2.25 1.25 -1.25 -0.106108 -0.0656573 -0.992185 5.27626 0 5.27626
-1.25 1.25 -1.25 -0.0896089 -0.0673216 -0.993699 6.62433 0 6.62433
-0.25 1.25 -1.25 -0.0735806 -0.0683142 -0.994947 7.94051 0 7.94051
0.75 1.25 -1.25 -0.0579301 -0.0689486 -0.995937 9.13589 0 9.13589
1.75 1.25 -1.25 -0.0425114 -0.0694766 -0.996677 1.01306 0 1.01306
-2 -1.5 -1 0.105134 0.127528 -0.986247 7.46127 0 7.46127
-1 -1.5 -1 0.0992859 0.114062 -0.9885 9.22324 0 9.22324
0 -1.5 -1 0.0923155 0.10525 -0.990152 1.0942 0 1.0942
1 -1.5 -1 0.0840629 0.0998973 -0.99144 1.24885 0 1.24885
2 -1.5 -1 0.0746133 0.0969747 -0.992486 1.3744 0 1.3744
-2.5 -1 -1 0.102911 0.130231 -0.986128 7.37031 0 7.37031
-1.5 -1 -1 0.0979086 0.115033 -0.988525 9.27568 0 9.27568
-0.5 -1 -1 0.0917813 0.104667 -0.990263 1.11915 0 1.11915
0.5 -1 -1 0.0843056 0.0979943 -0.99161 1.29811 0 1.29811
1.5 -1 -1 0.0754842 0.0940294 -0.992704 1.4511 0 1.4511
2.5 -1 -1 0.0655194 0.091938 -0.993607 1.56674 0 1.56674
-2 -0.5 -1 0.0970659 0.1164 -0.988448 9.16869 0 9.16869
-1 -0.5 -1 0.0917145 0.104462 -0.990291 1.12579 0 1.12579
0 -0.5 -1 0.0849702 0.0964135 -0.991708 1.32749 0 1.32749
1 -0.5 -1 0.076791 0.0913043 -0.992858 1.50751 0 1.50751
2 -0.5 -1 0.0673174 0.0883311 -0.993814 1.65273 0 1.65273
-2.5 0 -1 0.0966666 0.118249 -0.988267 8.90329 0 8.90329
-1.5 0 -1 0.0921061 0.104659 -0.990234 1.11357 0 1.11357
-0.5 0 -1 0.0860596 0.0951882 -0.991732 1.33566 0 1.33566
0.5 0 -1 0.0785021 0.0888667 -0.992945 1.54135 0 1.54135
1.5 0 -1 0.0695462 0.084909 -0.993959 1.71605 0 1.71605
2.5 0 -1 0.0594295 0.0826611 -0.994804 1.84743 0 1.84743
-2 0.5 -1 0.0928558 0.105366 -0.990089 1.08266 0 1.08266
-1 0.5 -1 0.0875481 0.0943632 -0.991681 1.32203 0 1.32203
0 0.5 -1 0.0806033 0.0867607 -0.992963 1.55112 0 1.55112
1 0.5 -1 0.0721626 0.0817414 -0.994038 1.75421 0 1.75421
2 0.5 -1 0.0624497 0.0786536 -0.994944 1.91724 0 1.91724
-2.5 1 -1 0.0936974 0.106853 -0.98985 1.03401 0 1.03401
-1.5 1 -1 0.0893329 0.0940547 -0.991551 1.28682 0 1.28682
-0.5 1 -1 0.0830567 0.085044 -0.992909 1.5362 0 1.5362
0.5 1 -1 0.0751399 0.0788798 -0.994048 1.76558 0 1.76558
1.5 1 -1 0.0658409 0.0748688 -0.995017 1.95945 0 1.95945
2.5 1 -1 0.0554486 0.0724613 -0.995829 2.10474 0 2.10474
-2 1.5 -1 0.0911834 0.0945032 -0.99134 1.23113 0 1.23113
-1 1.5 -1 0.0857612 0.0838349 -0.992782 1.49684 0 1.49684
0 1.5 -1 0.0784324 0.0763893 -0.993988 1.74947 0 1.74947
1 1.5 -1 0.0695678 0.0713625 -0.995021 1.97232 0 1.97232
2 1.5 -1 0.0594948 0.0681583 -0.995899 2.15059 0 2.15059
-2.25 -1.25 -0.75 -0.229135 -0.240099 -0.943318 1.42687 0 1.42687
-1.25 -1.25 -0.75 -0.198278 -0.237181 -0.951016 1.85481 0 1.85481
-0.25 -1.25 -0.75 -0.167261 -0.233707 -0.957812 2.28817 0 2.28817
0.75 -1.25 -0.75 -0.136441 -0.230595 -0.963436 2.69417 0 2.69417
1.75 -1.25 -0.75 -0.105862 -0.228326 -0.967812 3.04244 0 3.04244
-1.75 -0.75 -0.75 -0.213213 -0.222597 -0.95131 1.84212 0 1.84212
-0.75 -0.75 -0.75 -0.181897 -0.218934 -0.958635 2.31357 0 2.31357
0.25 -0.75 -0.75 -0.150822 -0.21544 -0.9648 2.76963 0 2.76963
1.25 -0.75 -0.75 -0.120075 -0.212635 -0.969726 3.17668 0 3.17668
2.25 -0.75 -0.75 -0.0895286 -0.21078 -0.973425 3.50561 0 3.50561
-2.25 -0.25 -0.75 -0.228566 -0.208169 -0.951012 1.79762 0 1.79762
-1.25 -0.25 -0.75 -0.196877 -0.204393 -0.958886 2.30015 0 2.30015
-0.25 -0.25 -0.75 -0.165489 -0.200611 -0.965592 2.80126 0 2.80126
0.75 -0.25 -0.75 -0.134517 -0.197371 -0.971056 3.26476 0 3.26476
1.75 -0.25 -0.75 -0.103858 -0.194959 -0.975297 3.65768 0 3.65768
-1.75 0.25 -0.75 -0.212316 -0.190036 -0.958545 2.24838 0 2.24838
-0.75 0.25 -0.75 -0.180518 -0.186038 -0.965817 2.78749 0 2.78749
0.25 0.25 -0.75 -0.149241 -0.182445 -0.971824 3.30276 0 3.30276
1.25 0.25 -0.75 -0.118398 -0.179562 -0.976596 3.75796 0 3.75796
2.25 0.25 -0.75 -0.0877689 -0.177549 -0.98019 4.12197 0 4.12197
-2.25 0.75 -0.75 -0.228364 -0.175798 -0.957573 2.16048 0 2.16048
-1.25 0.75 -0.75 -0.196016 -0.171665 -0.965458 2.72873 0 2.72873
-0.25 0.75 -0.75 -0.164326 -0.167788 -0.972031 3.28889 0 3.28889
0.75 0.75 -0.75 -0.133207 -0.164507 -0.97734 3.80218 0 3.80218
1.75 0.75 -0.75 -0.102442 -0.162003 -0.981458 4.23364 0 4.23364
-1.75 1.25 -0.75 -0.21212 -0.157423 -0.964481 2.62737 0 2.62737
-0.75 1.25 -0.75 -0.179873 -0.153339 -0.971665 3.22351 0 3.22351
0.25 1.25 -0.75 -0.148361 -0.149724 -0.977534 3.78832 0 3.78832
1.25 1.25 -0.75 -0.117361 -0.146792 -0.98218 4.28363 0 4.28363
2.25 1.25 -0.75 -0.0865898 -0.14465 -0.985687 4.6767 0 4.6767
-2.5 -1.5 -0.5 0.0805531 0.112688 -0.99036 1.91776 0 1.91776
-1.5 -1.5 -0.5 0.0789658 0.0997066 -0.991879 23.9051 1 2.39051
-0.5 -1.5 -0.5 0.0754691 0.0926467 -0.992835 28.6972 1 2.86972
0.5 -1.5 -0.5 0.0699475 0.0898656 -0.993495 33.2151 1 3.32151
1.5 -1.5 -0.5 0.0624931 0.0900148 -0.993978 37.1172 1 3.71172
2.5 -1.5 -0.5 0.0534197 0.0920232 -0.994323 40.1053 1 4.01053
-2 -1 -0.5 0.0769895 0.101192 -0.991883 23.8343 1 2.38343
-1 -1 -0.5 0.0748795 0.0923024 -0.992912 29.0815 1 2.90815
0 -1 -0.5 0.0705452 0.0879984 -0.993619 34.1927 1 3.41927
1 -1 -0.5 0.0640502 0.0869306 -0.994153 38.797 1 3.8797
2 -1 -0.5 0.0556508 0.0880468 -0.994561 42.5499 1 4.25499
-2.5 -0.5 -0.5 0.0753139 0.103045 -0.991821 23.3708 1 2.33708
-1.5 -0.5 -0.5 0.0746539 0.0922265 -0.992936 29.0007 1 2.90007
-0.5 -0.5 -0.5 0.0715353 0.086313 -0.993697 34.6489 1 3.46489
0.5 -0.5 -0.5 0.066045 0.0839197 -0.994281 39.9255 1 3.99255
1.5 -0.5 -0.5 0.0584224 0.0839924 -0.994752 44.4472 1 4.44472
2.5 -0.5 -0.5 0.0490499 0.0857278 -0.99511 47.8851 1 4.78851
-2 0 -0.5 0.0746794 0.0925294 -0.992905 28.4515 1 2.84515
-1 0 -0.5 0.0728604 0.0848918 -0.993723 34.5615 1 3.45615
0 0 -0.5 0.0684203 0.0810817 -0.994356 40.4569 1 4.04569
1 0 -0.5 0.0616323 0.0800023 -0.994887 45.7249 1 4.57249
2 0 -0.5 0.0528726 0.0808477 -0.995323 49.99 1 4.999
-2.5 0.5 -0.5 0.0747028 0.0934526 -0.992817 27.4493 1 2.74493
-1.5 0.5 -0.5 0.0744036 0.0838543 -0.993696 33.9276 1 3.39276
-0.5 0.5 -0.5 0.0711095 0.0785046 -0.994374 40.3663 1 4.03663
0.5 0.5 -0.5 0.0652135 0.076177 -0.994959 46.3321 1 4.63321
1.5 0.5 -0.5 0.0571316 0.0760228 -0.995468 51.4105 1 5.14105
2.5 0.5 -0.5 0.0473235 0.0774218 -0.995875 55.2496 1 5.52496
-2 1 -0.5 0.0759306 0.0834263 -0.993617 32.766 1 3.2766
-1 1 -0.5 0.0739943 0.0763106 -0.994335 39.6512 1 3.96512
0 1 -0.5 0.0690923 0.0726078 -0.994965 46.2414 1 4.62414
1 1 -0.5 0.0617534 0.0713535 -0.995538 52.0912 1 5.20912
2 1 -0.5 0.0524804 0.0718881 -0.996031 56.802 1 5.6802
-2.5 1.5 -0.5 0.0770566 0.0839526 -0.993486 31.118 1 3.1118
-1.5 1.5 -0.5 0.076859 0.0747071 -0.994239 38.3329 1 3.83329
-0.5 1.5 -0.5 0.0731505 0.0694158 -0.994902 45.4501 1 4.54501
0.5 1.5 -0.5 0.066659 0.0669327 -0.995528 52.0022 1 5.20022
1.5 1.5 -0.5 0.0579905 0.0664983 -0.9961 57.5508 1 5.75508
2.5 1.5 -0.5 0.0476841 0.0675845 -0.996573 61.7281 1 6.17281
-1.75 -1.25 -0.25 -0.242845 -0.263862 -0.93349 54.3306 1 5.43306
-0.75 -1.25 -0.25 -0.213749 -0.261646 -0.941197 67.8642 1 6.78642
0.25 -1.25 -0.25 -0.183367 -0.256284 -0.949049 81.0874 1 8.10874
1.25 -1.25 -0.25 -0.152408 -0.24986 -0.956212 93.032 1 9.3032
2.25 -1.25 -0.25 -0.121167 -0.243514 -0.962299 1.02843 0 1.02843
-2.25 -0.75 -0.25 -0.257242 -0.249463 -0.933592 53.5291 1 5.35291
-1.25 -0.75 -0.25 -0.22782 -0.248265 -0.941521 67.9686 1 6.79686
-0.25 -0.75 -0.25 -0.197128 -0.24319 -0.949736 82.493 1 8.2493
0.75 -0.75 -0.25 -0.165902 -0.236587 -0.957342 96.0644 1 9.60644
1.75 -0.75 -0.25 -0.134478 -0.229776 -0.963908 1.07716 0 1.07716
-1.75 -0.25 -0.25 -0.241962 -0.23462 -0.941492 67.0228 1 6.70228
-0.75 -0.25 -0.25 -0.210926 -0.230088 -0.950037 82.6576 1 8.26576
0.25 -0.25 -0.25 -0.179408 -0.223507 -0.958049 97.7344 1 9.77344
1.25 -0.25 -0.25 -0.147769 -0.216387 -0.96506 1.11192 0 1.11192
2.25 -0.25 -0.25 -0.116077 -0.209542 -0.970885 1.22106 0 1.22106
-2.25 0.25 -0.25 -0.256348 -0.220596 -0.941075 65.0715 1 6.50715
-1.25 0.25 -0.25 -0.22489 -0.216877 -0.949941 81.574 1 8.1574
-0.25 0.25 -0.25 -0.19302 -0.210516 -0.958346 97.9687 1 9.79687
0.75 0.25 -0.25 -0.161115 -0.20324 -0.965782 1.13126 0 1.13126
1.75 0.25 -0.25 -0.129264 -0.196004 -0.972046 1.26005 0 1.26005
-1.75 0.75 -0.25 -0.239169 -0.20345 -0.949424 79.2909 1 7.92909
-0.75 0.75 -0.25 -0.206853 -0.197523 -0.958226 96.7564 1 9.67564
0.25 0.75 -0.25 -0.174606 -0.190243 -0.966085 1.13434 0 1.13434
1.25 0.75 -0.25 -0.142527 -0.182734 -0.972777 1.28191 0 1.28191
2.25 0.75 -0.25 -0.110524 -0.175585 -0.97824 1.40041 0 1.40041
-2.25 1.25 -0.25 -0.253907 -0.189658 -0.948452 75.9079 1 7.59079
-1.25 1.25 -0.25 -0.221043 -0.184432 -0.957666 94.1493 1 9.41493
-0.25 1.25 -0.25 -0.188349 -0.177316 -0.965963 1.12103 0 1.12103
0.75 1.25 -0.25 -0.155952 -0.16965 -0.973087 1.28573 0 1.28573
1.75 1.25 -0.25 -0.123766 -0.162156 -0.978973 1.4246 0 1.4246
-2 -1.5 0 -0.0156548 0.0107899 -0.999819 85.7953 1 8.57953
-1 -1.5 0 -0.0170004 0.00176078 -0.999854 10.1452 1 1.01452
0 -1.5 0 -0.0186484 0.0022687 -0.999824 11.6729 1 1.16729
1 -1.5 0 -0.0210644 0.00923803 -0.999735 13.0613 1 1.30613
2 -1.5 0 -0.0244962 0.0201943 -0.999496 14.2122 1 1.42122
-2.5 -1 0 -0.0193577 0.0144302 -0.999708 850.709 2 8.50709
-1.5 -1 0 -0.0185122 0.00228393 -0.999826 10.1898 1 1.01898
-0.5 -1 0 -0.0183869 0.000516238 -0.999831 11.8776 1 1.18776
0.5 -1 0 -0.0193827 0.00593607 -0.999795 13.465 1 1.3465
1.5 -1 0 -0.0217686 0.0159415 -0.999636 14.8433 1 1.48433
2.5 -1 0 -0.0255088 0.0286094 -0.999265 15.9148 1 1.59148
-2 -0.5 0 -0.0196971 0.00332967 -0.9998 10.0989 1 1.00989
-1 -0.5 0 -0.0175913 -0.001094 -0.999845 11.9259 1 1.19259
0 -0.5 0 -0.0170133 0.00244767 -0.999852 13.6975 1 1.36975
1 -0.5 0 -0.018189 0.0111972 -0.999772 15.297 1 1.5297
2 -0.5 0 -0.0211012 0.0231256 -0.99951 16.6134 1 1.66134
-2.5 0 0 -0.020922 0.00522622 -0.999767 987.484 2 9.87484
-1.5 0 0 -0.0165187 -0.00229361 -0.999861 11.8161 1 1.18161
-0.5 0 0 -0.0141576 -0.000973464 -0.999899 13.7506 1 1.37506
0.5 0 0 -0.0139573 0.00623322 -0.999883 15.5578 1 1.55578
1.5 0 0 -0.0158652 0.0171463 -0.999727 17.1158 1 1.71158
2.5 0 0 -0.0195914 0.0302658 -0.99935 18.3181 1 1.83181
-2 0.5 0 -0.0155173 -0.00275734 -0.999876 11.5515 1 1.15515
-1 0.5 0 -0.0110626 -0.00407201 -0.999931 13.6225 1 1.36225
0 0.5 0 -0.00927303 0.00128834 -0.999956 15.6168 1 1.56168
1 0.5 0 -0.0100008 0.010931 -0.99989 17.4048 1 1.74048
2 0.5 0 -0.0129208 0.0232315 -0.999647 18.8664 1 1.88664
-2.5 1 0 -0.0150662 -0.00205584 -0.999884 11.1416 1 1.11416
-1.5 1 0 -0.00806032 -0.00653897 -0.999946 13.3174 1 1.33174
-0.5 1 0 -0.00437703 -0.00339686 -0.999985 15.4717 1 1.54717
0.5 1 0 -0.00370787 0.00470695 -0.999982 17.4706 1 1.74706
1.5 1 0 -0.00563916 0.0159546 -0.999857 19.1825 1 1.91825
2.5 1 0 -0.00963966 0.0291696 -0.999528 20.4945 1 2.04945
-2 1.5 0 -0.00559915 -0.0079757 -0.999953 12.8463 1 1.28463
-1 1.5 0 0.000412949 -0.00753553 -0.999972 15.1277 1 1.51277
0 1.5 0 0.00277719 -0.00129873 -0.999995 17.3107 1 1.73107
1 1.5 0 0.00205276 0.00865419 -0.99996 19.2558 1 1.92558
2 1.5 0 -0.0011427 0.0209914 -0.999779 20.8358 1 2.08358
-2.25 -1.25 0.25 -0.304169 -0.302268 -0.903391 17.4583 1 1.74583
-1.25 -1.25 0.25 -0.291688 -0.315458 -0.902997 21.4696 1 2.14696
-0.25 -1.25 0.25 -0.272595 -0.314343 -0.90933 25.4624 1 2.54624
0.75 -1.25 0.25 -0.248542 -0.304702 -0.919447 29.171 1 2.9171
1.75 -1.25 0.25 -0.220865 -0.290339 -0.931086 32.358 1 3.2358
-1.75 -0.75 0.25 -0.302049 -0.305179 -0.903124 21.3489 1 2.13489
-0.75 -0.75 0.25 -0.283126 -0.306775 -0.908696 25.6314 1 2.56314
0.25 -0.75 0.25 -0.259252 -0.298396 -0.918558 29.725 1 2.9725
1.25 -0.75 0.25 -0.231708 -0.284337 -0.930303 33.3677 1 3.33677
2.25 -0.75 0.25 -0.201458 -0.267326 -0.942312 36.3365 1 3.63365
-2.25 -0.25 0.25 -0.311412 -0.292921 -0.904002 20.9741 1 2.09741
-1.25 -0.25 0.25 -0.292612 -0.297974 -0.90862 25.4881 1 2.54881
-0.25 -0.25 0.25 -0.26894 -0.291441 -0.918005 29.9228 1 2.99228
0.75 -0.25 0.25 -0.241576 -0.278104 -0.929677 33.9979 1 3.39979
1.75 -0.25 0.25 -0.211474 -0.261093 -0.941865 37.4611 1 3.74611
-1.75 0.25 0.25 -0.301307 -0.287652 -0.909104 25.0422 1 2.50422
-0.75 0.25 0.25 -0.277803 -0.283596 -0.917823 29.7589 1 2.97589
0.25 0.25 0.25 -0.250629 -0.271443 -0.929249 34.2251 1 3.42251
1.25 0.25 0.25 -0.220694 -0.254759 -0.941484 38.1646 1 3.81646
2.25 0.25 0.25 -0.188671 -0.235785 -0.953315 41.3401 1 4.13401
-2.25 0.75 0.25 -0.309453 -0.275496 -0.910132 24.3159 1 2.43159
-1.25 0.75 0.25 -0.286053 -0.274611 -0.918021 29.2436 1 2.92436
-0.25 0.75 0.25 -0.25904 -0.264158 -0.929042 34.0426 1 3.40426
0.75 0.75 0.25 -0.229265 -0.248162 -0.941198 38.4209 1 3.84209
1.75 0.75 0.25 -0.197391 -0.229235 -0.953146 42.1121 1 4.21121
-1.75 1.25 0.25 -0.293888 -0.264199 -0.918601 28.4021 1 2.84021
-0.75 1.25 0.25 -0.266987 -0.256038 -0.929065 33.4613 1 3.34613
0.25 1.25 0.25 -0.237338 -0.241139 -0.941022 38.222 1 3.8222
1.25 1.25 0.25 -0.20559 -0.22254 -0.953 42.3962 1 4.23962
2.25 1.25 0.25 -0.172203 -0.20211 -0.964105 45.7331 1 4.57331
-2.5 -1.5 0.5 -0.141293 -0.102795 -0.984616 34.789 1 3.4789
-1.5 -1.5 0.5 -0.15679 -0.132644 -0.978684 395.36 2 3.9536
-0.5 -1.5 0.5 -0.168604 -0.142327 -0.975354 440.956 2 4.40956
0.5 -1.5 0.5 -0.176408 -0.135431 -0.974956 482.517 2 4.82517
1.5 -1.5 0.5 -0.180642 -0.116186 -0.976662 518.036 2 5.18036
2.5 -1.5 0.5 -0.181857 -0.0886414 -0.979322 545.855 2 5.45855
-2 -1 0.5 -0.158245 -0.130852 -0.978691 395.044 2 3.95044
-1 -1 0.5 -0.168339 -0.14575 -0.974894 444.068 2 4.44068
0 -1 0.5 -0.175042 -0.14257 -0.974184 489.878 2 4.89878
1 -1 0.5 -0.178634 -0.125529 -0.975875 530.314 2 5.30314
2 -1 0.5 -0.179679 -0.0987945 -0.978752 563.473 2 5.63473
-2.5 -0.5 0.5 -0.158626 -0.126815 -0.979161 391.319 2 3.91319
-1.5 -0.5 0.5 -0.166402 -0.147728 -0.974929 443.3 2 4.433
-0.5 -0.5 0.5 -0.171564 -0.14918 -0.973813 492.926 2 4.92926
0.5 -0.5 0.5 -0.174163 -0.135232 -0.975387 537.967 2 5.37967
1.5 -0.5 0.5 -0.174689 -0.110148 -0.978443 576.325 2 5.76325
2.5 -0.5 0.5 -0.173552 -0.077726 -0.981753 606.242 2 6.06242
-2 0 0.5 -0.163401 -0.147623 -0.975453 438.74 2 4.3874
-1 0 0.5 -0.166476 -0.154597 -0.973851 491.688 2 4.91688
0 0 0.5 -0.167651 -0.144644 -0.975178 540.923 2 5.40923
1 0 0.5 -0.167284 -0.122059 -0.978324 584.211 2 5.84211
2 0 0.5 -0.165768 -0.0907813 -0.981977 619.562 2 6.19562
-2.5 0.5 0.5 -0.160045 -0.144803 -0.976431 430.555 2 4.30555
-1.5 0.5 0.5 -0.160378 -0.158152 -0.974303 486.292 2 4.86292
-0.5 0.5 0.5 -0.159607 -0.153107 -0.975235 539.226 2 5.39226
0.5 0.5 0.5 -0.157907 -0.133889 -0.978335 587.067 2 5.87067
1.5 0.5 0.5 -0.15561 -0.104571 -0.982268 627.635 2 6.27635
2.5 0.5 0.5 -0.152845 -0.0685962 -0.985867 659.11 2 6.5911
-2 1 0.5 -0.153985 -0.159156 -0.975171 476.958 2 4.76958
-1 1 0.5 -0.150639 -0.159946 -0.975564 533.036 2 5.33036
0 1 0.5 -0.147084 -0.144992 -0.978439 584.956 2 5.84956
1 1 0.5 -0.143546 -0.118461 -0.982528 630.409 2 6.30409
2 1 0.5 -0.140132 -0.0839628 -0.986566 667.34 2 6.6734
-2.5 1.5 0.5 -0.148105 -0.156923 -0.976443 463.998 2 4.63998
-1.5 1.5 0.5 -0.141472 -0.164449 -0.976188 522.613 2 5.22613
-0.5 1.5 0.5 -0.135443 -0.154697 -0.978634 578.057 2 5.78057
0.5 1.5 0.5 -0.130129 -0.131815 -0.982696 627.961 2 6.27961
1.5 1.5 0.5 -0.125583 -0.0995903 -0.987072 670.074 2 6.70074
2.5 1.5 0.5 -0.121616 -0.0611133 -0.990694 702.548 2 7.02548
-1.75 -1.25 0.75 -0.361078 -0.356108 -0.861864 83.7194 1 8.37194
-0.75 -1.25 0.75 -0.380609 -0.381376 -0.842431 957.031 2 9.57031
0.25 -1.25 0.75 -0.38937 -0.382531 -0.837891 10.6481 1 1.06481
1.25 -1.25 0.75 -0.387853 -0.366156 -0.845872 11.5447 1 1.15447
2.25 -1.25 0.75 -0.376655 -0.337223 -0.862793 12.2319 1 1.22319
-2.25 -0.75 0.75 -0.361874 -0.349042 -0.864417 831.219 2 8.31219
-1.25 -0.75 0.75 -0.381973 -0.383056 -0.84105 956.458 2 9.56458
-0.25 -0.75 0.75 -0.392303 -0.390452 -0.832854 10.7155 1 1.07155
0.75 -0.75 0.75 -0.392895 -0.378052 -0.838278 11.6946 1 1.16946
1.75 -0.75 0.75 -0.384061 -0.351214 -0.8539 12.4639 1 1.24639
-1.75 -0.25 0.75 -0.379787 -0.38035 -0.843265 949.017 2 9.49017
-0.75 -0.25 0.75 -0.391178 -0.395317 -0.831086 10.7041 1 1.07041
0.25 -0.25 0.75 -0.393591 -0.38812 -0.833336 11.7605 1 1.17605
1.25 -0.25 0.75 -0.386974 -0.36445 -0.847011 12.6119 1 1.26119
2.25 -0.25 0.75 -0.371499 -0.328643 -0.868321 13.2405 1 1.32405
-2.25 0.25 0.75 -0.374818 -0.372476 -0.848983 935.244 2 9.35244
-1.25 0.25 0.75 -0.386607 -0.396269 -0.83277 10.6167 1 1.06167
-0.25 0.25 0.75 -0.390401 -0.395546 -0.831343 11.7424 1 1.17424
0.75 0.25 0.75 -0.385735 -0.376181 -0.842435 12.6727 1 1.26727
1.75 0.25 0.75 -0.372486 -0.342827 -0.862394 13.3813 1 1.33813
-1.75 0.75 0.75 -0.379277 -0.392481 -0.837919 10.4596 1 1.04596
-0.75 0.75 0.75 -0.383877 -0.399501 -0.832489 11.6436 1 1.16436
0.25 0.75 0.75 -0.380773 -0.385631 -0.840417 12.6467 1 1.26467
1.25 0.75 0.75 -0.369501 -0.355796 -0.858416 13.4337 1 1.34337
2.25 0.75 0.75 -0.349939 -0.313835 -0.882638 13.9954 1 1.39954
-2.25 1.25 0.75 -0.369927 -0.383166 -0.846367 10.2414 1 1.02414
-1.25 1.25 0.75 -0.374648 -0.399149 -0.836851 11.4711 1 1.14711
-0.25 1.25 0.75 -0.372602 -0.392005 -0.84113 12.5378 1 1.25378
0.75 1.25 0.75 -0.362955 -0.366804 -0.856573 13.3988 1 1.33988
1.75 1.25 0.75 -0.345301 -0.32766 -0.879435 14.0373 1 1.40373
-2 -1.5 1 -0.27395 -0.237896 -0.931857 18.9895 1 1.89895
-1 -1.5 1 -0.319803 -0.280842 -0.904905 203.873 2 2.03873
0 -1.5 1 -0.360243 -0.296336 -0.884539 215.357 2 2.15357
1 -1.5 1 -0.392635 -0.286389 -0.873967 223.936 2 2.23936
2 -1.5 1 -0.415218 -0.254527 -0.87339 229.702 2 2.29702
-2.5 -1 1 -0.271769 -0.233806 -0.933529 189.613 2 1.89613
-1.5 -1 1 -0.316004 -0.286976 -0.904315 204.155 2 2.04155
-0.5 -1 1 -0.356978 -0.311829 -0.880528 216.185 2 2.16185
0.5 -1 1 -0.391649 -0.30933 -0.86656 225.193 2 2.25193
1.5 -1 1 -0.417997 -0.282346 -0.863458 231.16 2 2.3116
2.5 -1 1 -0.434203 -0.234764 -0.869686 234.604 2 2.34604
-2 -0.5 1 -0.308277 -0.288396 -0.906528 203.655 2 2.03655
-1 -0.5 1 -0.348281 -0.323882 -0.879659 216.202 2 2.16202
0 -0.5 1 -0.383981 -0.330649 -0.862108 225.618 2 2.25618
1 -0.5 1 -0.413117 -0.310717 -0.856031 231.758 2 2.31758
2 -0.5 1 -0.433695 -0.267226 -0.860522 235.073 2 2.35073
-2.5 0 1 -0.297851 -0.284141 -0.911344 202.426 2 2.02426
-1.5 0 1 -0.335202 -0.331074 -0.88206 215.493 2 2.15493
-0.5 0 1 -0.370388 -0.348666 -0.860956 225.33 2 2.2533
0.5 0 1 -0.400966 -0.337857 -0.851516 231.66 2 2.3166
1.5 0 1 -0.424857 -0.300947 -0.853773 234.817 2 2.34817
2.5 0 1 -0.439634 -0.241134 -0.865203 235.727 2 2.35727
-2 0.5 1 -0.319056 -0.332185 -0.887613 214.138 2 2.14138
-1 0.5 1 -0.351993 -0.36175 -0.863272 224.441 2 2.24441
0 0.5 1 -0.382346 -0.361875 -0.850211 231.027 2 2.31027
1 0.5 1 -0.408046 -0.333929 -0.8497 234.074 2 2.34074
2 0.5 1 -0.426685 -0.280062 -0.859945 234.438 2 2.34438
-2.5 1 1 -0.30135 -0.326303 -0.895943 212.194 2 2.12194
-1.5 1 1 -0.330237 -0.36844 -0.86902 223.045 2 2.23045
-0.5 1 1 -0.358495 -0.380902 -0.852288 229.997 2 2.29997
0.5 1 1 -0.38413 -0.364008 -0.848494 233.059 2 2.33059
1.5 1 1 -0.404925 -0.318895 -0.856937 232.941 2 2.32941
2.5 1 1 -0.417795 -0.247558 -0.874164 231.003 2 2.31003
-2 1.5 1 -0.3068 -0.367565 -0.877935 221.209 2 2.21209
-1 1.5 1 -0.331046 -0.393229 -0.857776 228.674 2 2.28674
0 1.5 1 -0.354523 -0.389011 -0.850285 231.941 2 2.31941
1 1.5 1 -0.375313 -0.355107 -0.856177 231.522 2 2.31522
2 1.5 1 -0.390663 -0.292144 -0.872946 228.674 2 2.28674
-2.25 -1.25 1.25 -0.353935 -0.322849 -0.877781 43.9047 1 4.39047
-1.25 -1.25 1.25 -0.425226 -0.392755 -0.81543 479.576 2 4.79576
-0.25 -1.25 1.25 -0.488076 -0.424135 -0.762818 514.526 2 5.14526
0.75 -1.25 1.25 -0.53964 -0.421624 -0.728712 540.758 2 5.40758
1.75 -1.25 1.25 -0.578189 -0.390901 -0.716166 557.201 2 5.57201
-1.75 -0.75 1.25 -0.413331 -0.401036 -0.817513 478.347 2 4.78347
-0.75 -0.75 1.25 -0.477569 -0.446514 -0.756673 514.232 2 5.14232
0.25 -0.75 1.25 -0.533215 -0.455512 -0.712875 541.28 2 5.4128
1.25 -0.75 1.25 -0.578344 -0.433333 -0.691188 557.675 2 5.57675
2.25 -0.75 1.25 -0.61075 -0.384632 -0.692129 564.139 2 5.64139
-2.25 -0.25 1.25 -0.395948 -0.400912 -0.826132 475.992 2 4.75992
-1.25 -0.25 1.25 -0.459413 -0.46205 -0.758584 512.61 2 5.1261
-0.25 -0.25 1.25 -0.51728 -0.484848 -0.705226 540.483 2 5.40483
0.75 -0.25 1.25 -0.56735 -0.473851 -0.673483 557.094 2 5.57094
1.75 -0.25 1.25 -0.607567 -0.433427 -0.665586 562.407 2 5.62407
-1.75 0.25 1.25 -0.435256 -0.468931 -0.768541 509.884 2 5.09884
-0.75 0.25 1.25 -0.493175 -0.507472 -0.706577 538.518 2 5.38518
0.25 0.25 1.25 -0.546141 -0.510112 -0.664467 555.565 2 5.55565
1.25 0.25 1.25 -0.592256 -0.480897 -0.646507 560.151 2 5.60151
2.25 0.25 1.25 -0.628549 -0.422371 -0.653092 554.191 2 5.54191
-2.25 0.75 1.25 -0.407013 -0.465673 -0.785805 506.343 2 5.06343
-1.25 0.75 1.25 -0.462602 -0.521316 -0.717097 535.648 2 5.35648
-0.25 0.75 1.25 -0.516118 -0.539728 -0.665068 553.287 2 5.53287
0.75 0.75 1.25 -0.565731 -0.524374 -0.636381 557.594 2 5.57594
1.75 0.75 1.25 -0.60909 -0.477492 -0.633254 549.617 2 5.49617
-1.75 1.25 1.25 -0.427566 -0.524548 -0.736231 532.219 2 5.32219
-0.75 1.25 1.25 -0.479104 -0.560366 -0.67561 550.553 2 5.50553
0.25 1.25 1.25 -0.529497 -0.561108 -0.636231 555.011 2 5.55011
1.25 1.25 1.25 -0.576968 -0.528876 -0.622413 545.694 2 5.45694
2.25 1.25 1.25 -0.618047 -0.463178 -0.635204 525.694 2 5.25694
-2.5 -1.5 1.5 -0.302624 -0.250764 -0.91953 110.347 2 1.10347
-1.5 -1.5 1.5 -0.379977 -0.327292 -0.865158 115.921 2 1.15921
-0.5 -1.5 1.5 -0.458436 -0.372971 -0.806678 120.236 2 1.20236
0.5 -1.5 1.5 -0.531065 -0.384636 -0.755 123.091 2 1.23091
1.5 -1.5 1.5 -0.593113 -0.363357 -0.718462 124.391 2 1.24391
2.5 -1.5 1.5 -0.640463 -0.312512 -0.70153 124.371 2 1.24371
-2 -1 1.5 -0.36944 -0.334276 -0.867049 115.894 2 1.15894
-1 -1 1.5 -0.448024 -0.394626 -0.802213 120.119 2 1.20119
0 -1 1.5 -0.524556 -0.419911 -0.740618 122.807 2 1.22807
1 -1 1.5 -0.594009 -0.409515 -0.692424 123.785 2 1.23785
2 -1 1.5 -0.652324 -0.365529 -0.663975 123.185 2 1.23185
-2.5 -0.5 1.5 -0.354111 -0.333781 -0.87361 115.807 2 1.15807
-1.5 -0.5 1.5 -0.42982 -0.409594 -0.804666 119.96 2 1.1996
-0.5 -0.5 1.5 -0.507532 -0.450768 -0.734315 122.482 2 1.22482
0.5 -0.5 1.5 -0.582008 -0.454532 -0.67429 123.159 2 1.23159
1.5 -0.5 1.5 -0.64944 -0.421516 -0.632892 122.002 2 1.22002
2.5 -0.5 1.5 -0.705135 -0.353568 -0.614633 119.481 2 1.19481
-2 0 1.5 -0.405733 -0.415939 -0.813864 119.815 2 1.19815
-1 0 1.5 -0.481505 -0.474499 -0.736888 122.186 2 1.22186
0 0 1.5 -0.558002 -0.495283 -0.665829 122.592 2 1.22592
1 0 1.5 -0.631745 -0.477218 -0.61087 120.93 2 1.2093
2 0 1.5 -0.698957 -0.420512 -0.578471 117.533 2 1.17533
-2.5 0.5 1.5 -0.37806 -0.412312 -0.828896 119.726 2 1.19726
-1.5 0.5 1.5 -0.448592 -0.488655 -0.748319 121.993 2 1.21993
-0.5 0.5 1.5 -0.523688 -0.528558 -0.668115 122.165 2 1.22165
0.5 0.5 1.5 -0.600165 -0.528923 -0.600036 120.072 2 1.20072
1.5 0.5 1.5 -0.675431 -0.488493 -0.552419 115.88 2 1.1588
2.5 0.5 1.5 -0.744351 -0.405434 -0.530626 110.34 2 1.1034
-2 1 1.5 -0.411385 -0.491325 -0.767699 121.965 2 1.21965
-1 1 1.5 -0.481482 -0.551342 -0.68132 121.96 2 1.2196
0 1 1.5 -0.556643 -0.572733 -0.601769 119.522 2 1.19522
1 1 1.5 -0.63539 -0.55289 -0.539066 114.662 2 1.14662
2 1 1.5 -0.715032 -0.488231 -0.50036 107.93 2 1.0793
-2.5 1.5 1.5 -0.372771 -0.481419 -0.79327 122.143 2 1.22143
-1.5 1.5 1.5 -0.434385 -0.561131 -0.704586 122.055 2 1.22055
-0.5 1.5 1.5 -0.504066 -0.604917 -0.616435 119.371 2 1.19371
0.5 1.5 1.5 -0.581103 -0.608731 -0.540154 114.001 2 1.14001
1.5 1.5 1.5 -0.665246 -0.568186 -0.484368 106.262 2 1.06262
2.5 1.5 1.5 -0.752648 -0.474774 -0.456191 971.822 2 9.71822
