448
-2.5 -1.5 -1.5 0.100132 0.241255 0.965282 2.0579 0 2.0579
-1.5 -1.5 -1.5 0.0838835 0.243811 0.966188 2.24212 0 2.24212
-0.5 -1.5 -1.5 0.0656549 0.246815 0.966836 2.3386 0 2.3386
0.5 -1.5 -1.5 0.0458457 0.250686 0.966982 2.34106 0 2.34106
1.5 -1.5 -1.5 0.0244853 0.255729 0.966438 2.253 0 2.253
2.5 -1.5 -1.5 0.00146833 0.262179 0.965018 2.08608 0 2.08608
-2 -1 -1.5 0.0924806 0.228028 0.969253 2.5984 0 2.5984
-1 -1 -1.5 0.0746789 0.230038 0.970312 2.75476 0 2.75476
0 -1 -1.5 0.0553393 0.232825 0.970943 2.80406 0 2.80406
1 -1 -1.5 0.0345264 0.236671 0.970976 2.74573 0 2.74573
2 -1 -1.5 0.0121587 0.24177 0.970258 2.58904 0 2.58904
-2.5 -0.5 -1.5 0.100953 0.213591 0.971693 2.9514 0 2.9514
-1.5 -0.5 -1.5 0.0835106 0.214691 0.973105 3.17959 0 3.17959
-0.5 -0.5 -1.5 0.0645951 0.216507 0.974142 3.28947 0 3.28947
0.5 -0.5 -1.5 0.0443077 0.219279 0.974656 3.27526 0 3.27526
1.5 -0.5 -1.5 0.0225861 0.22318 0.974516 3.14264 0 3.14264
2.5 -0.5 -1.5 -0.000675223 0.228329 0.973584 2.90711 0 2.90711
-2 0 -1.5 0.092213 0.200637 0.975316 3.5991 0 3.5991
-1 0 -1.5 0.0736533 0.20157 0.976701 3.7832 0 3.7832
0 0 -1.5 0.0538307 0.203379 0.977619 3.82838 0 3.82838
1 0 -1.5 0.0327058 0.206213 0.97796 3.73544 0 3.73544
2 0 -1.5 0.0101735 0.210172 0.977612 3.51678 0 3.51678
-2.5 0.5 -1.5 0.100889 0.187722 0.977027 3.99827 0 3.99827
-1.5 0.5 -1.5 0.0825763 0.187859 0.978719 4.26934 0 4.26934
-0.5 0.5 -1.5 0.063139 0.188798 0.979984 4.38926 0 4.38926
0.5 0.5 -1.5 0.0425341 0.190678 0.980731 4.35273 0 4.35273
1.5 0.5 -1.5 0.0206638 0.193581 0.980867 4.16766 0 4.16766
2.5 0.5 -1.5 -0.00261755 0.197552 0.980289 3.85362 0 3.85362
-2 1 -1.5 0.0914555 0.175215 0.980273 4.73096 0 4.73096
-1 1 -1.5 0.0722968 0.175375 0.981844 4.94017 0 4.94017
0 1 -1.5 0.0521214 0.176396 0.982938 4.97705 0 4.97705
1 1 -1.5 0.0308254 0.178358 0.983483 4.8437 0 4.8437
2 1 -1.5 0.00827499 0.181296 0.983394 4.55566 0 4.55566
-2.5 1.5 -1.5 0.100404 0.163448 0.981429 5.15096 0 5.15096
-1.5 1.5 -1.5 0.0813894 0.162951 0.983272 5.46235 0 5.46235
-0.5 1.5 -1.5 0.0615356 0.163204 0.984671 5.58901 0 5.58901
0.5 1.5 -1.5 0.0407154 0.164321 0.985566 5.52598 0 5.52598
1.5 1.5 -1.5 0.0187949 0.16634 0.985889 5.28332 0 5.28332
2.5 1.5 -1.5 -0.00436959 0.169265 0.985561 4.8845 0 4.8845
-2.25 -1.25 -1.25 -0.195636 -0.0530278 0.979242 5.27502 0 5.27502
-1.25 -1.25 -1.25 -0.18231 -0.0493672 0.982001 5.43308 0 5.43308
-0.25 -1.25 -1.25 -0.17008 -0.0477918 0.984271 5.39844 0 5.39844
0.75 -1.25 -1.25 -0.158604 -0.0473676 0.986205 5.17625 0 5.17625
1.75 -1.25 -1.25 -0.147641 -0.047352 0.987907 4.78899 0 4.78899
-1.75 -0.75 -1.25 -0.180127 -0.0552909 0.982088 63.04 1 6.304
-0.75 -0.75 -1.25 -0.16775 -0.0534371 0.98438 63.7567 1 6.37567
0.25 -0.75 -1.25 -0.156091 -0.0530567 0.986317 62.2663 1 6.22663
1.25 -0.75 -1.25 -0.144976 -0.0534196 0.987992 58.7321 1 5.87321
2.25 -0.75 -1.25 -0.134287 -0.0539101 0.989475 53.4868 1 5.34868
-2.25 -0.25 -1.25 -0.178839 -0.06016 0.982037 7.16953 0 7.16953
-1.25 -0.25 -1.25 -0.166346 -0.0578243 0.984371 73.7662 1 7.37662
-0.25 -0.25 -1.25 -0.154539 -0.0572112 0.986329 73.3218 1 7.33218
0.75 -0.25 -1.25 -0.143241 -0.0576387 0.988008 70.4403 1 7.04403
1.75 -0.25 -1.25 -0.132376 -0.0585124 0.989471 65.4034 1 6.54034
-1.75 0.25 -1.25 -0.165821 -0.0612739 0.98425 83.6853 1 8.36853
-0.75 0.25 -1.25 -0.153901 -0.0602248 0.986249 84.6107 1 8.46107
0.25 0.25 -1.25 -0.142449 -0.0604662 0.987954 82.7248 1 8.27248
1.25 0.25 -1.25 -0.131393 -0.0614349 0.989425 78.2322 1 7.82322
2.25 0.25 -1.25 -0.120723 -0.0626138 0.99071 71.538 1 7.1538
-2.25 0.75 -1.25 -0.166091 -0.0641093 0.984024 9.3158 0 9.3158
-1.25 0.75 -1.25 -0.154112 -0.0624095 0.98608 95.7694 1 9.57694
-0.25 0.75 -1.25 -0.142543 -0.062269 0.987828 95.235 1 9.5235
0.75 0.75 -1.25 -0.131326 -0.0631026 0.989329 91.6564 1 9.16564
1.75 0.75 -1.25 -0.120456 -0.0644221 0.990626 85.3716 1 8.53716
-1.75 1.25 -1.25 -0.155077 -0.064064 0.985823 1.06407 0 1.06407
-0.75 1.25 -1.25 -0.143449 -0.0633408 0.987629 1.07574 0 1.07574
0.25 1.25 -1.25 -0.132111 -0.0638529 0.989176 1.05296 0 1.05296
1.25 1.25 -1.25 -0.121072 -0.0650968 0.990507 99.8145 1 9.98145
2.25 1.25 -1.25 -0.110362 -0.0666347 0.991655 91.607 1 9.1607
-2 -1.5 -1 0.22566 0.413707 0.882 1.03665 0 1.03665
-1 -1.5 -1 0.18882 0.410233 0.892219 1.11398 0 1.11398
0 -1.5 -1 0.150686 0.408346 0.900304 1.14841 0 1.14841
1 -1.5 -1 0.11133 0.408013 0.906163 1.1388 0 1.1388
2 -1.5 -1 0.0706269 0.409165 0.909723 1.08812 0 1.08812
-2.5 -1 -1 0.241054 0.396105 0.885999 1.17837 0 1.17837
-1.5 -1 -1 0.204511 0.391645 0.897101 1.28532 0 1.28532
-0.5 -1 -1 0.166676 0.388826 0.906109 1.34505 0 1.34505
0.5 -1 -1 0.127643 0.387608 0.912944 1.3543 0 1.3543
1.5 -1 -1 0.0873147 0.3879 0.917556 1.31454 0 1.31454
2.5 -1 -1 0.0456236 0.389574 0.919865 1.23128 0 1.23128
-2 -0.5 -1 0.220019 0.373728 0.901065 1.45642 0 1.45642
-1 -0.5 -1 0.182489 0.369968 0.910945 1.54681 0 1.54681
0 -0.5 -1 0.143812 0.367845 0.918699 1.58087 0 1.58087
1 -0.5 -1 0.103908 0.36726 0.924296 1.55809 0 1.55809
2 -0.5 -1 0.0626832 0.368076 0.92768 1.48273 0 1.48273
-2.5 0 -1 0.235464 0.35652 0.904129 1.62162 0 1.62162
-1.5 0 -1 0.198196 0.351813 0.914847 1.74769 0 1.74769
-0.5 0 -1 0.159869 0.348774 0.923471 1.81259 0 1.81259
0.5 0 -1 0.120398 0.347298 0.929994 1.81332 0 1.81332
1.5 0 -1 0.0796738 0.347246 0.934383 1.75236 0 1.75236
2.5 0 -1 0.0376146 0.348444 0.936575 1.63693 0 1.63693
-2 0.5 -1 0.213887 0.334374 0.917849 1.9412 0 1.9412
-1 0.5 -1 0.175866 0.330413 0.927307 2.04269 0 2.04269
0 0.5 -1 0.136805 0.328038 0.934706 2.07363 0 2.07363
1 0.5 -1 0.0965778 0.327109 0.940038 2.03414 0 2.03414
2 0.5 -1 0.0550802 0.327458 0.943259 1.92987 0 1.92987
-2.5 1 -1 0.229659 0.317634 0.919981 2.12065 0 2.12065
-1.5 1 -1 0.191871 0.312759 0.930251 2.2639 0 2.2639
-0.5 1 -1 0.15317 0.30948 0.938489 2.33153 0 2.33153
0.5 1 -1 0.113408 0.30767 0.94471 2.32083 0 2.32083
1.5 1 -1 0.0724594 0.307164 0.948894 2.2353 0 2.2353
2.5 1 -1 0.0302294 0.307776 0.950978 2.08385 0 2.08385
-2 1.5 -1 0.207958 0.295783 0.932344 2.46873 0 2.46873
-1 1.5 -1 0.169547 0.291609 0.941392 2.57899 0 2.57899
0 1.5 -1 0.130196 0.288914 0.948461 2.6043 0 2.6043
1 1.5 -1 0.0897581 0.287551 0.95355 2.54544 0 2.54544
2 1.5 -1 0.0481262 0.287343 0.956618 2.40936 0 2.40936
-1.75 -1.25 -0.75 -0.168335 -0.0168802 0.985585 15.9061 1 1.59061
-0.75 -1.25 -0.75 -0.155862 -0.019034 0.987595 16.051 1 1.6051
0.25 -1.25 -0.75 -0.143972 -0.0228728 0.989317 15.6706 1 1.56706
1.25 -1.25 -0.75 -0.132395 -0.0273922 0.990818 14.8035 1 1.48035
2.25 -1.25 -0.75 -0.120986 -0.0317831 0.992145 13.5294 1 1.35294
-2.25 -0.75 -0.75 -0.168044 -0.0251811 0.985458 1.81504 0 1.81504
-1.25 -0.75 -0.75 -0.155749 -0.0268968 0.98743 18.62 1 1.862
-0.25 -0.75 -0.75 -0.143947 -0.0306713 0.98911 18.487 1 1.8487
0.75 -0.75 -0.75 -0.132413 -0.0355466 0.990557 17.7707 1 1.77707
1.75 -0.75 -0.75 -0.121053 -0.0407194 0.991811 16.539 1 1.6539
-1.75 -0.25 -0.75 -0.156409 -0.0331938 0.987134 21.2028 1 2.12028
-0.75 -0.25 -0.75 -0.144743 -0.0365878 0.988793 21.3983 1 2.13983
0.25 -0.25 -0.75 -0.13326 -0.0414422 0.990214 20.9163 1 2.09163
1.25 -0.25 -0.75 -0.121897 -0.0469882 0.99143 19.8073 1 1.98073
2.25 -0.25 -0.75 -0.110669 -0.0525216 0.992469 18.1692 1 1.81692
-2.25 0.25 -0.75 -0.157791 -0.0383181 0.986729 2.37123 0 2.37123
-1.25 0.25 -0.75 -0.146307 -0.0410627 0.988387 24.3172 1 2.43172
-0.25 0.25 -0.75 -0.13492 -0.0455969 0.989807 24.1584 1 2.41584
0.75 0.25 -0.75 -0.12357 -0.0511692 0.991016 23.2623 1 2.32623
1.75 0.25 -0.75 -0.112292 -0.0571184 0.992032 21.7123 1 2.17123
-1.75 0.75 -0.75 -0.148571 -0.0444822 0.987901 27.1473 1 2.71473
-0.75 0.75 -0.75 -0.137333 -0.0484362 0.98934 27.4011 1 2.74011
0.25 0.75 -0.75 -0.126041 -0.053753 0.990568 26.8142 1 2.68142
1.25 0.75 -0.75 -0.11474 -0.0597912 0.991595 25.4483 1 2.54483
2.25 0.75 -0.75 -0.10353 -0.065944 0.992438 23.4202 1 2.34202
-2.25 1.25 -0.75 -0.151416 -0.0472355 0.987341 29.7878 1 2.97878
-1.25 1.25 -0.75 -0.140422 -0.0503278 0.988812 30.5391 1 3.05391
-0.25 1.25 -0.75 -0.129245 -0.0551413 0.990078 30.3591 1 3.03591
0.75 1.25 -0.75 -0.117968 -0.0609999 0.991142 29.2804 1 2.92804
1.75 1.25 -0.75 -0.106698 -0.0673228 0.99201 27.4011 1 2.74011
-2.5 -1.5 -0.5 0.257966 0.417713 0.871189 3.61814 0 3.61814
-1.5 -1.5 -0.5 0.230895 0.408721 0.882969 3.95695 0 3.95695
-0.5 -1.5 -0.5 0.199583 0.39914 0.894904 4.16259 0 4.16259
0.5 -1.5 -0.5 0.165139 0.389584 0.906065 4.22511 0 4.22511
1.5 -1.5 -0.5 0.128208 0.380422 0.915883 4.14732 0 4.14732
2.5 -1.5 -0.5 0.0892928 0.371847 0.923989 3.94282 0 3.94282
-2 -1 -0.5 0.248234 0.398791 0.882806 4.44659 0 4.44659
-1 -1 -0.5 0.216879 0.388947 0.895368 47.3931 1 4.73931
0 -1 -0.5 0.182377 0.379079 0.907214 48.7305 1 4.87305
1 -1 -0.5 0.145365 0.369554 0.917768 48.4565 1 4.84565
2 -1 -0.5 0.10631 0.360553 0.92666 46.6757 1 4.66757
-2.5 -0.5 -0.5 0.264806 0.388469 0.882593 4.92215 0 4.92215
-1.5 -0.5 -0.5 0.23345 0.378363 0.895736 53.1559 1 5.31559
-0.5 -0.5 -0.5 0.198975 0.368181 0.908213 55.3653 1 5.53653
0.5 -0.5 -0.5 0.16199 0.3583 0.919446 55.7653 1 5.57653
1.5 -0.5 -0.5 0.122933 0.348906 0.92906 54.4162 1 5.44162
2.5 -0.5 -0.5 0.0822143 0.340071 0.936799 51.5029 1 5.15029
-2 0 -0.5 0.249442 0.367468 0.895961 5.87442 0 5.87442
-1 0 -0.5 0.215037 0.35696 0.909032 61.9813 1 6.19813
0 0 -0.5 0.178148 0.346714 0.920898 63.2322 1 6.32322
1 0 -0.5 0.139179 0.336927 0.931187 62.4988 1 6.24988
2 0 -0.5 0.0984925 0.327674 0.939643 59.9276 1 5.99276
-2.5 0.5 -0.5 0.265007 0.35634 0.895987 6.39795 0 6.39795
-1.5 0.5 -0.5 0.230682 0.345496 0.909625 68.3863 1 6.83863
-0.5 0.5 -0.5 0.193924 0.334867 0.922094 70.6628 1 7.06628
0.5 0.5 -0.5 0.155098 0.324672 0.933023 70.7387 1 7.07387
1.5 0.5 -0.5 0.114527 0.314995 0.942158 68.7067 1 6.87067
2.5 0.5 -0.5 0.0725352 0.30585 0.949312 64.8007 1 6.48007
-2 1 -0.5 0.246028 0.333859 0.90995 74.3803 1 7.43803
-1 1 -0.5 0.209408 0.322832 0.922999 77.8449 1 7.78449
0 1 -0.5 0.170755 0.312209 0.934542 78.9232 1 7.89232
1 1 -0.5 0.130348 0.302091 0.944325 77.6395 1 7.76395
2 1 -0.5 0.0884767 0.2925 0.952164 74.1799 1 7.41799
-2.5 1.5 -0.5 0.261171 0.322093 0.90997 7.97642 0 7.97642
-1.5 1.5 -0.5 0.224692 0.310675 0.923577 84.5584 1 8.45584
-0.5 1.5 -0.5 0.186217 0.299605 0.935714 86.8219 1 8.68219
0.5 1.5 -0.5 0.146 0.289025 0.946123 86.4976 1 8.64976
1.5 1.5 -0.5 0.104293 0.27897 0.95462 83.7079 1 8.37079
2.5 1.5 -0.5 0.0614043 0.26944 0.961058 78.7324 1 7.87324
-2.25 -1.25 -0.25 -0.0333124 0.0995352 0.994476 696.025 2 6.96025
-1.25 -1.25 -0.25 -0.0179941 0.0912116 0.995669 708.291 2 7.08291
-0.25 -1.25 -0.25 -0.00588469 0.0782812 0.996914 702.76 2 7.0276
0.75 -1.25 -0.25 0.00365589 0.0627643 0.998022 680.293 2 6.80293
1.75 -1.25 -0.25 0.0109984 0.0464207 0.998861 642.814 2 6.42814
-1.75 -0.75 -0.25 -0.0206476 0.0848567 0.996179 790.264 2 7.90264
-0.75 -0.75 -0.25 -0.0088169 0.0720305 0.997363 793.792 2 7.93792
0.25 -0.75 -0.25 0.000681639 0.0559095 0.998436 777.972 2 7.77972
1.25 -0.75 -0.25 0.00820765 0.0382564 0.999234 744.402 2 7.44402
2.25 -0.75 -0.25 0.0138968 0.020675 0.99969 695.644 2 6.95644
-2.25 -0.25 -0.25 -0.0243445 0.07968 0.996523 869.754 2 8.69754
-1.25 -0.25 -0.25 -0.0129536 0.0673698 0.997644 884.454 2 8.84454
-0.25 -0.25 -0.25 -0.00364571 0.051122 0.998686 877.494 2 8.77494
0.75 -0.25 -0.25 0.00395306 0.0326638 0.999459 850.031 2 8.50031
1.75 -0.25 -0.25 0.00997609 0.0135828 0.999858 804.37 2 8.0437
-1.75 0.25 -0.25 -0.0181184 0.0639439 0.997789 972.284 2 9.72284
-0.75 0.25 -0.25 -0.00916322 0.0479949 0.998806 976.473 2 9.76473
0.25 0.25 -0.25 -0.00164943 0.0292045 0.999572 957.487 2 9.57487
1.25 0.25 -0.25 0.00456847 0.00912011 0.999948 917.247 2 9.17247
2.25 0.25 -0.25 0.00946169 -0.0107593 0.999897 858.728 2 8.58728
-2.25 0.75 -0.25 -0.0241141 0.0613957 0.997822 10.5465 1 1.05465
-1.25 0.75 -0.25 -0.0156857 0.046159 0.998811 10.7225 1 1.07225
-0.25 0.75 -0.25 -0.00842809 0.0274671 0.999587 10.642 1 1.0642
0.75 0.75 -0.25 -0.00218684 0.00684753 0.999974 10.3189 1 1.03189
1.75 0.75 -0.25 0.00301833 -0.0142533 0.999894 977.995 2 9.77995
-1.75 1.25 -0.25 -0.0230108 0.0452526 0.998711 11.6199 1 1.16199
-0.75 1.25 -0.25 -0.0161924 0.0270742 0.999502 11.6731 1 1.16731
0.25 1.25 -0.25 -0.0101101 0.00635236 0.999929 11.4556 1 1.14556
1.25 1.25 -0.25 -0.00477937 -0.0155028 0.999868 10.9892 1 1.09892
2.25 1.25 -0.25 -0.00032336 -0.0370838 0.999312 103.081 2 1.03081
-2 -1.5 0 0.302168 0.376511 0.875748 1.64539 0 1.64539
-1 -1.5 0 0.288528 0.357839 0.88809 1.74729 0 1.74729
0 -1.5 0 0.265992 0.335373 0.903755 1.80187 0 1.80187
1 -1.5 0 0.236303 0.310907 0.920597 1.80972 0 1.80972
2 -1.5 0 0.200955 0.285929 0.936943 1.77397 0 1.77397
-2.5 -1 0 0.322771 0.383013 0.865517 1.78497 0 1.78497
-1.5 -1 0 0.310011 0.36519 0.877798 19.1388 1 1.91388
-0.5 -1 0 0.288287 0.342948 0.894023 19.9136 1 1.99136
0.5 -1 0 0.259219 0.318033 0.911954 20.1724 1 2.01724
1.5 -1 0 0.224213 0.291898 0.929798 19.9437 1 1.99437
2.5 -1 0 0.18464 0.265841 0.946169 19.2763 1 1.92763
-2 -0.5 0 0.32922 0.371638 0.868043 2.07348 0 2.07348
-1 -0.5 0 0.3084 0.349941 0.884551 21.7708 1 2.17708
0 -0.5 0 0.280118 0.324971 0.903287 22.2428 1 2.22428
1 -0.5 0 0.245673 0.298135 0.922367 22.1744 1 2.21744
2 -0.5 0 0.206348 0.270694 0.94029 21.6135 1 2.16135
-2.5 0 0 0.346271 0.376911 0.859089 2.22206 0 2.22206
-1.5 0 0 0.326406 0.356002 0.875626 23.5489 1 2.35489
-0.5 0 0 0.299013 0.331285 0.894898 24.2687 1 2.42687
0.5 0 0 0.265283 0.304121 0.914951 24.3954 1 2.43954
1.5 0 0 0.2264 0.275728 0.934193 23.9739 1 2.39739
2.5 0 0 0.183625 0.247308 0.951378 23.0678 1 2.30678
-2 0.5 0 0.342441 0.36091 0.867455 25.2037 1 2.52037
-1 0.5 0 0.316002 0.33668 0.887012 26.2057 1 2.62057
0 0.5 0 0.283093 0.309486 0.907787 26.5642 1 2.65642
1 0.5 0 0.244796 0.280497 0.928115 26.3185 1 2.63185
2 0.5 0 0.20229 0.250862 0.946651 25.5309 1 2.55309
-2.5 1 0 0.356652 0.364529 0.860185 2.66903 0 2.66903
-1.5 1 0 0.33122 0.340978 0.879788 28.0065 1 2.80065
-0.5 1 0 0.299206 0.313984 0.901049 28.6339 1 2.86339
0.5 1 0 0.261601 0.284685 0.922236 28.6027 1 2.86027
1.5 1 0 0.219494 0.254176 0.941922 27.9715 1 2.79715
2.5 1 0 0.174146 0.223637 0.958989 26.8155 1 2.68155
-2 1.5 0 0.344805 0.344071 0.873341 29.6236 1 2.96236
-1 1.5 0 0.31375 0.317468 0.89486 30.555 1 3.0555
0 1.5 0 0.276918 0.288089 0.91669 307.774 2 3.07774
1 1.5 0 0.235316 0.256986 0.937328 303.43 2 3.0343
2 1.5 0 0.190132 0.225285 0.955561 293.247 2 2.93247
-1.75 -1.25 0.25 0.163973 0.201954 0.965571 360.324 2 3.60324
-0.75 -1.25 0.25 0.181968 0.180447 0.966606 360.78 2 3.6078
0.25 -1.25 0.25 0.191207 0.151902 0.969724 355.207 2 3.55207
1.25 -1.25 0.25 0.192232 0.119653 0.974028 344.407 2 3.44407
2.25 -1.25 0.25 0.185666 0.0870349 0.978751 329.12 2 3.2912
-2.25 -0.75 0.25 0.167188 0.206802 0.963992 386.199 2 3.86199
-1.25 -0.75 0.25 0.186828 0.186352 0.964556 389.202 2 3.89202
-0.25 -0.75 0.25 0.197992 0.157257 0.967507 385.654 2 3.85654
0.75 -0.75 0.25 0.201054 0.122814 0.971851 376.48 2 3.7648
1.75 -0.75 0.25 0.196484 0.0865187 0.976682 362.533 2 3.62533
-1.75 -0.25 0.25 0.188744 0.193531 0.962768 415.592 2 4.15592
-0.75 -0.25 0.25 0.201622 0.164689 0.965519 414.315 2 4.14315
0.25 -0.25 0.25 0.206655 0.128815 0.969897 4069.64 3 4.06964
1.25 -0.25 0.25 0.20415 0.0894365 0.974846 3945.45 3 3.94545
2.25 -0.25 0.25 0.19459 0.0502626 0.979596 3778.37 3 3.77837
-2.25 0.25 0.25 0.187778 0.201428 0.961336 439.522 2 4.39522
-1.25 0.25 0.25 0.202057 0.173651 0.963856 440.787 2 4.40787
-0.25 0.25 0.25 0.208861 0.137173 0.968277 4354.62 3 4.35462
0.75 0.25 0.25 0.208352 0.095436 0.973387 4247.35 3 4.24735
1.75 0.25 0.25 0.200848 0.052271 0.978227 4095.56 3 4.09556
-1.75 0.75 0.25 0.199378 0.183601 0.962569 4646.79 3 4.64679
-0.75 0.75 0.25 0.207641 0.147388 0.967038 4616.07 3 4.61607
0.25 0.75 0.25 0.208935 0.104118 0.972371 4527.28 3 4.52728
1.25 0.75 0.25 0.203413 0.0576211 0.977396 4392.09 3 4.39209
2.25 0.75 0.25 0.191511 0.0120682 0.981416 4218.08 3 4.21808
-2.25 1.25 0.25 0.193768 0.193975 0.96168 485.631 2 4.85631
-1.25 1.25 0.25 0.203086 0.158939 0.966175 4850.57 3 4.85057
-0.25 1.25 0.25 0.205873 0.115043 0.971793 4781.93 3 4.78193
0.75 1.25 0.25 0.202145 0.0660058 0.977129 4664.4 3 4.6644
1.75 1.25 0.25 0.19217 0.016121 0.981229 4507.87 3 4.50787
-2.5 -1.5 0.5 0.369079 0.294524 0.881497 882.828 2 8.82828
-1.5 -1.5 0.5 0.384154 0.268404 0.883394 937.225 2 9.37225
-0.5 -1.5 0.5 0.382151 0.233321 0.89416 973.418 2 9.73418
0.5 -1.5 0.5 0.364888 0.19346 0.91073 992.536 2 9.92536
1.5 -1.5 0.5 0.334481 0.152794 0.929934 996.063 2 9.96063
2.5 -1.5 0.5 0.293473 0.114938 0.949033 985.088 2 9.85088
-2 -1 0.5 0.412337 0.294146 0.862239 988.363 2 9.88363
-1 -1 0.5 0.414786 0.259298 0.872191 103.082 2 1.03082
0 -1 0.5 0.401496 0.21752 0.889655 105.492 2 1.05492
1 -1 0.5 0.37408 0.172825 0.911151 106.293 2 1.06293
2 -1 0.5 0.334735 0.129142 0.933421 105.68 2 1.0568
-2.5 -0.5 0.5 0.43594 0.320718 0.84089 1.03396 0 1.03396
-1.5 -0.5 0.5 0.443116 0.28725 0.849197 108.276 2 1.08276
-0.5 -0.5 0.5 0.43441 0.244751 0.866825 111.146 2 1.11146
0.5 -0.5 0.5 0.410871 0.197081 0.890137 112.312 2 1.12312
1.5 -0.5 0.5 0.374167 0.148294 0.915428 112.069 2 1.12069
2.5 -0.5 0.5 0.326806 0.102474 0.93952 110.605 2 1.10605
-2 0 0.5 0.466551 0.31608 0.826089 11.2908 1 1.12908
-1 0 0.5 0.462837 0.274089 0.843005 116.23 2 1.1623
0 0 0.5 0.443926 0.224662 0.867442 117.696 2 1.17696
1 0 0.5 0.410835 0.171746 0.895387 117.711 2 1.17711
2 0 0.5 0.365574 0.119684 0.923055 116.58 2 1.1658
-2.5 0.5 0.5 0.484715 0.34477 0.803856 1.16945 0 1.16945
-1.5 0.5 0.5 0.486194 0.304486 0.819087 120.742 2 1.20742
-0.5 0.5 0.5 0.472468 0.254606 0.843771 122.473 2 1.22473
0.5 0.5 0.5 0.44387 0.198755 0.873771 122.649 2 1.22649
1.5 0.5 0.5 0.401719 0.141282 0.904799 121.711 2 1.21711
2.5 0.5 0.5 0.348675 0.0870042 0.933197 119.908 2 1.19908
-2 1 0.5 0.504099 0.334952 0.796047 12.466 1 1.2466
-1 1 0.5 0.495891 0.285941 0.819957 126.659 2 1.26659
0 1 0.5 0.472503 0.228502 0.851192 126.929 2 1.26929
1 1 0.5 0.434447 0.166719 0.885133 126.054 2 1.26054
2 1 0.5 0.383734 0.105631 0.917383 124.437 2 1.24437
-2.5 1.5 0.5 0.516362 0.364564 0.774896 1.27945 0 1.27945
-1.5 1.5 0.5 0.513774 0.317707 0.796931 130.251 2 1.30251
-0.5 1.5 0.5 0.496093 0.260115 0.828391 130.587 2 1.30587
0.5 1.5 0.5 0.463005 0.195352 0.86456 129.669 2 1.29669
1.5 1.5 0.5 0.41565 0.128364 0.900421 128.076 2 1.28076
2.5 1.5 0.5 0.357149 0.0650574 0.931779 126.086 2 1.26086
-2.25 -1.25 0.75 0.322794 0.241275 0.9152 221.909 2 2.21909
-1.25 -1.25 0.75 0.354741 0.21308 0.91036 224.134 2 2.24134
-0.25 -1.25 0.75 0.370833 0.173619 0.912326 223.419 2 2.23419
0.75 -1.25 0.75 0.370909 0.127483 0.919878 220.416 2 2.20416
1.75 -1.25 0.75 0.355731 0.0798272 0.931173 215.599 2 2.15599
-1.75 -0.75 0.75 0.372005 0.23513 0.897957 2341.53 3 2.34153
-0.75 -0.75 0.75 0.3942 0.195602 0.897968 2337.94 3 2.33794
0.25 -0.75 0.75 0.400054 0.146367 0.904728 2311.3 3 2.3113
1.25 -0.75 0.75 0.389584 0.0928109 0.916303 2268.59 3 2.26859
2.25 -0.75 0.75 0.36405 0.0407762 0.930486 2213.41 3 2.21341
-2.25 -0.25 0.75 0.384821 0.259533 0.885751 242.515 2 2.42515
-1.25 -0.25 0.75 0.4134 0.221443 0.883212 2423.51 3 2.42351
-0.25 -0.25 0.75 0.425776 0.170421 0.888635 2397.54 3 2.39754
0.75 -0.25 0.75 0.421093 0.111753 0.900107 2356.92 3 2.35692
1.75 -0.25 0.75 0.3998 0.0518332 0.915136 2307.81 3 2.30781
-1.75 0.25 0.75 0.427593 0.250281 0.868633 2492.26 3 2.49226
-0.75 0.25 0.75 0.447007 0.199098 0.872092 2464.5 3 2.4645
0.25 0.25 0.75 0.449113 0.136533 0.882981 2422.31 3 2.42231
1.25 0.25 0.75 0.433294 0.0691767 0.898594 2375.15 3 2.37515
2.25 0.25 0.75 0.40089 0.00460256 0.916115 2326.85 3 2.32685
-2.25 0.75 0.75 0.436079 0.281116 0.854874 254.58 2 2.5458
-1.25 0.75 0.75 0.46275 0.231677 0.85568 2514.32 3 2.51432
-0.25 0.75 0.75 0.472473 0.166884 0.865401 2467.01 3 2.46701
0.75 0.75 0.75 0.463398 0.0930343 0.881253 2417.1 3 2.4171
1.75 0.75 0.75 0.435679 0.0184464 0.899913 2372.14 3 2.37214
-1.75 1.25 0.75 0.472118 0.267213 0.840061 2549.43 3 2.54943
-0.75 1.25 0.75 0.489997 0.20232 0.847921 2493.92 3 2.49392
0.25 1.25 0.75 0.488874 0.123516 0.863566 2436.44 3 2.43644
1.25 1.25 0.75 0.467318 0.0393288 0.883214 2389.16 3 2.38916
2.25 1.25 0.75 0.427112 -0.0399315 0.903317 2355.58 3 2.35558
-2 -1.5 1 0.445404 0.162832 0.880398 630.234 2 6.30234
-1 -1.5 1 0.464883 0.119358 0.87729 656.217 2 6.56217
0 -1.5 1 0.46221 0.0688552 0.884093 674.11 2 6.7411
1 -1.5 1 0.439137 0.0175612 0.898248 684.968 2 6.84968
2 -1.5 1 0.398629 -0.0287983 0.91666 689.233 2 6.89233
-2.5 -1 1 0.475966 0.199244 0.856597 649.242 2 6.49242
-1.5 -1 1 0.504303 0.155899 0.849337 676.746 2 6.76746
-0.5 -1 1 0.509864 0.101876 0.854201 695.736 2 6.95736
0.5 -1 1 0.493419 0.0436993 0.868694 708.008 2 7.08008
1.5 -1 1 0.45713 -0.0120587 0.889318 714.857 2 7.14857
2.5 -1 1 0.404652 -0.05957 0.912528 716.493 2 7.16493
-2 -0.5 1 0.537943 0.197612 0.819492 692.524 2 6.92524
-1 -0.5 1 0.552969 0.141797 0.821047 7117.36 3 7.11736
0 -0.5 1 0.544957 0.0779072 0.834837 7240.38 3 7.24038
1 -0.5 1 0.514881 0.0130518 0.857162 7317.25 3 7.31725
2 -0.5 1 0.465638 -0.0457335 0.883793 7359.72 3 7.35972
-2.5 0 1 0.564313 0.243153 0.788941 704.403 2 7.04403
-1.5 0 1 0.589678 0.187644 0.785537 7232.81 3 7.23281
-0.5 0 1 0.591778 0.119793 0.79715 7344.6 3 7.3446
0.5 0 1 0.570132 0.0467588 0.820221 7412.6 3 7.4126
1.5 0 1 0.526295 -0.0234791 0.849978 7460.79 3 7.46079
2.5 0 1 0.464386 -0.083372 0.8817 7495.08 3 7.49508
-2 0.5 1 0.618273 0.23811 0.749028 731.42 2 7.3142
-1 0.5 1 0.631806 0.168594 0.75657 7406.83 3 7.40683
0 0.5 1 0.620822 0.0890391 0.778879 7450.77 3 7.45077
1 0.5 1 0.585 0.00781828 0.810996 7483.7 3 7.4837
2 0.5 1 0.527131 -0.0659432 0.847221 7525.4 3 7.5254
-2.5 1 1 0.637333 0.291574 0.713296 736.962 2 7.36962
-1.5 1 1 0.663039 0.223122 0.71456 7439.59 3 7.43959
-0.5 1 1 0.664659 0.139478 0.734012 7448.04 3 7.44804
0.5 1 1 0.639714 0.0486175 0.767074 7446.13 3 7.44613
1.5 1 1 0.588759 -0.0392604 0.807354 7470.63 3 7.47063
2.5 1 1 0.516776 -0.113845 0.848517 7530.5 3 7.5305
-2 1.5 1 0.683769 0.281767 0.673102 745.265 2 7.45265
-1 1.5 1 0.699296 0.197149 0.687108 7419.25 3 7.41925
0 1.5 1 0.68799 0.0990261 0.718932 7366.42 3 7.36642
1 1.5 1 0.647419 -0.00230081 0.762131 7349.35 3 7.34935
2 1.5 1 0.580275 -0.0942781 0.808945 7396.44 3 7.39644
-1.75 -1.25 1.25 0.46514 0.179361 0.866876 1582.74 3 1.58274
-0.75 -1.25 1.25 0.490758 0.13208 0.861227 1598.68 3 1.59868
0.25 -1.25 1.25 0.49505 0.0768172 0.865462 1599.59 3 1.59959
1.25 -1.25 1.25 0.478372 0.0197638 0.877935 1589.19 3 1.58919
2.25 -1.25 1.25 0.442716 -0.0328144 0.896061 1569.08 3 1.56908
-2.25 -0.75 1.25 0.487354 0.211817 0.847124 162.618 2 1.62618
-1.25 -0.75 1.25 0.52261 0.164755 0.836501 1642.25 3 1.64225
-0.25 -0.75 1.25 0.536163 0.1058 0.837458 1643.34 3 1.64334
0.75 -0.75 1.25 0.527204 0.0414102 0.848729 1634.91 3 1.63491
1.75 -0.75 1.25 0.496737 -0.0211681 0.867643 1620.32 3 1.62032
-1.75 -0.25 1.25 0.549336 0.203071 0.810551 1672.42 3 1.67242
-0.75 -0.25 1.25 0.573497 0.142107 0.806788 1671.16 3 1.67116
0.25 -0.25 1.25 0.574193 0.0713196 0.815607 1661.28 3 1.66128
1.25 -0.25 1.25 0.55101 -0.00137738 0.834497 1648.32 3 1.64832
2.25 -0.25 1.25 0.506108 -0.0676299 0.859815 1634.4 3 1.6344
-2.25 0.25 1.25 0.569401 0.246001 0.784389 169.163 2 1.69163
-1.25 0.25 1.25 0.605183 0.185228 0.774238 1685.99 3 1.68599
-0.25 0.25 1.25 0.617417 0.109655 0.778955 1671.41 3 1.67141
0.75 0.25 1.25 0.603919 0.0273274 0.796577 1655.87 3 1.65587
1.75 0.25 1.25 0.565242 -0.0520598 0.823281 1644.1 3 1.6441
-1.75 0.75 1.25 0.629329 0.234298 0.740978 1690.87 3 1.69087
-0.75 0.75 1.25 0.654703 0.156302 0.73955 1668.87 3 1.66887
0.25 0.75 1.25 0.653458 0.0656577 0.75411 1646.61 3 1.64661
1.25 0.75 1.25 0.623828 -0.0271439 0.78109 1631.95 3 1.63195
2.25 0.75 1.25 0.568338 -0.110453 0.815347 1627.55 3 1.62755
-2.25 1.25 1.25 0.644174 0.288015 0.708581 168.866 2 1.68866
-1.25 1.25 1.25 0.683725 0.2107 0.69866 1657.35 3 1.65735
-0.25 1.25 1.25 0.697184 0.114084 0.707756 1624.72 3 1.62472
0.75 1.25 1.25 0.679944 0.00848312 0.733215 1601.99 3 1.60199
1.75 1.25 1.25 0.631793 -0.0924137 0.769608 1595.57 3 1.59557
-2.5 -1.5 1.5 0.476764 0.0765287 0.875693 487.943 2 4.87943
-1.5 -1.5 1.5 0.512155 0.0285848 0.858417 509.018 2 5.09018
-0.5 -1.5 1.5 0.522068 -0.0284772 0.852428 524.648 2 5.24648
0.5 -1.5 1.5 0.507281 -0.0873688 0.857341 535.714 2 5.35714
1.5 -1.5 1.5 0.470253 -0.141071 0.871184 542.634 2 5.42634
2.5 -1.5 1.5 0.414889 -0.183778 0.891119 545.128 2 5.45128
-2 -1 1.5 0.550372 0.0710758 0.831889 519.395 2 5.19395
-1 -1 1.5 0.571536 0.0103903 0.820511 5351.12 3 5.35112
0 -1 1.5 0.566364 -0.0562564 0.822233 5466.55 3 5.46655
1 -1 1.5 0.536302 -0.120808 0.835336 5550.38 3 5.55038
2 -1 1.5 0.484751 -0.175942 0.856773 5605.04 3 5.60504
-2.5 -0.5 1.5 0.581813 0.120128 0.804402 525.586 2 5.25586
-1.5 -0.5 1.5 0.615606 0.0578302 0.78593 5406.62 3 5.40662
-0.5 -0.5 1.5 0.622105 -0.0153292 0.782783 5516 3 5.516
0.5 -0.5 1.5 0.601367 -0.0905813 0.793821 5600.58 3 5.60058
1.5 -0.5 1.5 0.555758 -0.159091 0.81598 5669.63 3 5.66963
2.5 -0.5 1.5 0.489927 -0.213415 0.845237 5721.65 3 5.72165
-2 0 1.5 0.652018 0.113134 0.749715 542.501 2 5.42501
-1 0 1.5 0.672083 0.0354666 0.739626 5519.66 3 5.51966
0 0 1.5 0.663262 -0.0495865 0.746743 5592.07 3 5.59207
1 0 1.5 0.626286 -0.131952 0.768346 5659.46 3 5.65946
2 0 1.5 0.564893 -0.202071 0.800039 5727.87 3 5.72787
-2.5 0.5 1.5 0.678547 0.175072 0.713389 541.741 2 5.41741
-1.5 0.5 1.5 0.71363 0.0957009 0.693955 5491.45 3 5.49145
-0.5 0.5 1.5 0.719294 0.00271182 0.694701 5540.88 3 5.54088
0.5 0.5 1.5 0.694135 -0.09319 0.713787 5591.14 3 5.59114
1.5 0.5 1.5 0.640095 -0.180426 0.746809 5657.68 3 5.65768
2.5 0.5 1.5 0.562948 -0.249 0.788091 5740.26 3 5.74026
-2 1 1.5 0.744048 0.16429 0.647611 544.383 2 5.44383
-1 1 1.5 0.766354 0.0663205 0.638986 5462.6 3 5.4626
0 1 1.5 0.756424 -0.0416452 0.652755 5482.14 3 5.48214
1 1 1.5 0.713479 -0.146591 0.68517 5528.51 3 5.52851
2 1 1.5 0.641612 -0.23541 0.730011 5612.04 3 5.61204
-2.5 1.5 1.5 0.760921 0.239402 0.603063 538.697 2 5.38697
-1.5 1.5 1.5 0.801167 0.140461 0.581723 5371.11 3 5.37111
-0.5 1.5 1.5 0.809607 0.0233452 0.586508 5349.61 3 5.34961
0.5 1.5 1.5 0.782126 -0.0986514 0.615262 5358.92 3 5.35892
