448
-2.5 -1.5 -1.5 -0.202333 -0.140663 0.969162 85.7866 1 8.57866
-1.5 -1.5 -1.5 -0.185386 -0.110544 0.976428 1.09425 0 1.09425
-0.5 -1.5 -1.5 -0.170543 -0.0881066 0.981403 1.33542 0 1.33542
0.5 -1.5 -1.5 -0.157227 -0.0720347 0.984932 1.56335 0 1.56335
1.5 -1.5 -1.5 -0.144987 -0.0609517 0.987554 1.76009 0 1.76009
2.5 -1.5 -1.5 -0.133569 -0.0535659 0.989591 1.9101 0 1.9101
-2 -1 -1.5 -0.184151 -0.120626 0.975468 1.08782 0 1.08782
-1 -1 -1.5 -0.169847 -0.0959751 0.980786 1.35189 0 1.35189
0 -1 -1.5 -0.157081 -0.0778422 0.984513 1.61016 0 1.61016
1 -1 -1.5 -0.145333 -0.0649893 0.987246 1.84323 0 1.84323
2 -1 -1.5 -0.13427 -0.0562141 0.989349 2.03317 0 2.03317
-2.5 -0.5 -1.5 -0.183272 -0.131039 0.97429 1.06149 0 1.06149
-1.5 -0.5 -1.5 -0.169426 -0.104299 0.980008 1.3446 0 1.3446
-0.5 -0.5 -1.5 -0.157136 -0.0841468 0.983986 1.63016 0 1.63016
0.5 -0.5 -1.5 -0.145851 -0.0694733 0.986864 1.89783 0 1.89783
1.5 -0.5 -1.5 -0.135184 -0.0591698 0.989052 2.12776 0 2.12776
2.5 -0.5 -1.5 -0.12494 -0.0522081 0.99079 2.30282 0 2.30282
-2 0 -1.5 -0.169286 -0.113032 0.979064 1.31336 0 1.31336
-1 0 -1.5 -0.157438 -0.0908968 0.983337 1.62219 0 1.62219
0 0 -1.5 -0.146572 -0.0743955 0.986398 1.92153 0 1.92153
1 0 -1.5 -0.13629 -0.062494 0.988696 2.1901 0 2.1901
2 0 -1.5 -0.126357 -0.0542203 0.990502 2.40842 0 2.40842
-2.5 0.5 -1.5 -0.169265 -0.122322 0.97795 1.25893 0 1.25893
-1.5 0.5 -1.5 -0.15797 -0.0980984 0.982559 1.58608 0 1.58608
-0.5 0.5 -1.5 -0.147519 -0.0797426 0.985839 1.91304 0 1.91304
0.5 0.5 -1.5 -0.1376 -0.0662009 0.988273 2.21754 0 2.21754
1.5 0.5 -1.5 -0.127978 -0.0565339 0.990164 2.4782 0 2.4782
2.5 0.5 -1.5 -0.11855 -0.0498956 0.991694 2.67662 0 2.67662
-2 1 -1.5 -0.158579 -0.105914 0.981649 1.5228 0 1.5228
-1 1 -1.5 -0.148662 -0.0855548 0.98518 1.87221 0 1.87221
0 1 -1.5 -0.139118 -0.0703035 0.987777 2.20865 0 2.20865
1 1 -1.5 -0.129801 -0.0591775 0.989773 2.50926 0 2.50926
2 1 -1.5 -0.120615 -0.0513316 0.991371 2.75331 0 2.75331
-2.5 1.5 -1.5 -0.158914 -0.114695 0.980608 1.43462 0 1.43462
-1.5 1.5 -1.5 -0.14986 -0.091995 0.984418 1.80017 0 1.80017
-0.5 1.5 -1.5 -0.140809 -0.0748623 0.987202 2.16331 0 2.16331
0.5 1.5 -1.5 -0.131821 -0.0621813 0.989321 2.50004 0 2.50004
1.5 1.5 -1.5 -0.122881 -0.0530477 0.991003 2.78771 0 2.78771
2.5 1.5 -1.5 -0.114002 -0.046705 0.992382 3.0069 0 3.0069
-1.75 -1.25 -1.25 0.178238 0.151991 0.972178 2.67172 0 2.67172
-0.75 -1.25 -1.25 0.162834 0.154381 0.974501 3.44696 0 3.44696
0.25 -1.25 -1.25 0.145843 0.15454 0.977163 4.21861 0 4.21861
1.25 -1.25 -1.25 0.127974 0.153594 0.979812 4.9257 0 4.9257
2.25 -1.25 -1.25 0.109519 0.152346 0.98224 5.51307 0 5.51307
-2.25 -0.75 -1.25 0.188709 0.140293 0.97196 2.62027 0 2.62027
-1.25 -0.75 -1.25 0.173046 0.143261 0.974439 3.44807 0 3.44807
-0.25 -0.75 -1.25 0.155725 0.143833 0.977273 4.29703 0 4.29703
0.75 -0.75 -1.25 0.137543 0.143059 0.98011 5.10247 0 5.10247
1.75 -0.75 -1.25 0.118858 0.14172 0.982745 5.80282 0 5.80282
-1.75 -0.25 -1.25 0.183554 0.132323 0.974063 3.38741 0 3.38741
-0.75 -0.25 -1.25 0.165888 0.133286 0.977096 4.30196 0 4.30196
0.25 -0.25 -1.25 0.147384 0.132746 0.980131 5.19787 0 5.19787
1.25 -0.25 -1.25 0.128438 0.13143 0.98297 6.00832 0 6.00832
2.25 -0.25 -1.25 0.10918 0.129902 0.985497 6.67375 0 6.67375
-2.25 0.25 -1.25 0.194535 0.121588 0.973331 3.26705 0 3.26705
-1.25 0.25 -1.25 0.176399 0.122903 0.976616 4.23256 0 4.23256
-0.25 0.25 -1.25 0.157518 0.122613 0.979875 5.20734 0 5.20734
0.75 0.25 -1.25 0.138274 0.121388 0.982927 6.12082 0 6.12082
1.75 0.25 -1.25 0.118808 0.119766 0.985668 6.90695 0 6.90695
-1.75 0.75 -1.25 0.18742 0.112656 0.975798 4.09115 0 4.09115
-0.75 0.75 -1.25 0.168018 0.112633 0.979328 5.1298 0 5.1298
0.25 0.75 -1.25 0.1484 0.11154 0.982617 6.13518 0 6.13518
1.25 0.75 -1.25 0.128671 0.109893 0.98558 7.03599 0 7.03599
2.25 0.75 -1.25 0.108813 0.108115 0.988165 7.76914 0 7.76914
-2.25 1.25 -1.25 0.19921 0.102415 0.97459 3.88331 0 3.88331
-1.25 1.25 -1.25 0.179033 0.102752 0.978463 4.96777 0 4.96777
-0.25 1.25 -1.25 0.158893 0.101839 0.98203 6.0501 0 6.0501
0.75 1.25 -1.25 0.138811 0.10022 0.985235 7.0552 0 7.0552
1.75 1.25 -1.25 0.118729 0.0983253 0.988046 7.91353 0 7.91353
-2 -1.5 -1 -0.215318 -0.131346 0.967671 59.7115 1 5.97115
-1 -1.5 -1 -0.203207 -0.106299 0.973349 73.6293 1 7.36293
0 -1.5 -1 -0.1915 -0.0885176 0.977493 87.2223 1 8.72223
1 -1.5 -1 -0.179915 -0.0766623 0.98069 99.448 1 9.9448
2 -1.5 -1 -0.168294 -0.0693983 0.983291 1.0934 0 1.0934
-2.5 -1 -1 -0.213425 -0.143651 0.966341 58.8806 1 5.88806
-1.5 -1 -1 -0.202359 -0.116042 0.972412 73.9249 1 7.39249
-0.5 -1 -1 -0.191594 -0.0957587 0.976792 89.0906 1 8.90906
0.5 -1 -1 -0.180826 -0.0816306 0.980122 1.03281 0 1.03281
1.5 -1 -1 -0.169856 -0.0724338 0.982803 1.15414 0 1.15414
2.5 -1 -1 -0.158637 -0.0670195 0.98506 1.2456 0 1.2456
-2 -0.5 -1 -0.201688 -0.126259 0.971278 72.9276 1 7.29276
-1 -0.5 -1 -0.191845 -0.103544 0.975948 89.4634 1 8.94634
0 -0.5 -1 -0.181887 -0.0871347 0.979451 1.05479 0 1.05479
1 -0.5 -1 -0.171604 -0.075915 0.982237 1.19808 0 1.19808
2 -0.5 -1 -0.160915 -0.068809 0.984567 1.31379 0 1.31379
-2.5 0 -1 -0.201127 -0.136996 0.969938 70.6484 1 7.06484
-1.5 0 -1 -0.192271 -0.111839 0.974948 88.303 1 8.8303
-0.5 0 -1 -0.183125 -0.0931543 0.978666 1.05941 0 1.05941
0.5 0 -1 -0.173532 -0.0798714 0.981584 1.2234 0 1.2234
1.5 0 -1 -0.163412 -0.070976 0.984001 1.36318 0 1.36318
2.5 0 -1 -0.152803 -0.0655387 0.986081 1.4686 0 1.4686
-2 0.5 -1 -0.19279 -0.120732 0.973784 85.6273 1 8.56273
-1 0.5 -1 -0.184538 -0.099696 0.977756 1.04625 0 1.04625
0 0.5 -1 -0.17565 -0.0843087 0.980836 1.22898 0 1.22898
1 0.5 -1 -0.166111 -0.0735612 0.983359 1.39178 0 1.39178
2 0.5 -1 -0.155965 -0.0665492 0.985518 1.52314 0 1.52314
-2.5 1 -1 -0.193123 -0.13053 0.972453 81.5225 1 8.15225
-1.5 1 -1 -0.186041 -0.106871 0.976713 1.01555 0 1.01555
-0.5 1 -1 -0.177946 -0.0892601 0.979984 12.1435 1 1.21435
0.5 1 -1 -0.16901 -0.0765876 0.982634 13.9833 1 1.39833
1.5 1 -1 -0.159342 -0.0679239 0.984884 15.5484 1 1.55484
2.5 1 -1 -0.149079 -0.0624684 0.98685 16.7308 1 1.67308
-2 1.5 -1 -0.187394 -0.114953 0.975535 96.8331 1 9.68331
-1 1.5 -1 -0.180335 -0.0948459 0.979022 1.17984 0 1.17984
0 1.5 -1 -0.172087 -0.0801045 0.981819 13.8236 1 1.38236
1 1.5 -1 -0.162924 -0.0696966 0.984174 15.6233 1 1.56233
2 1.5 -1 -0.153046 -0.0627763 0.986223 17.0758 1 1.70758
-2.25 -1.25 -0.75 0.404268 0.32019 0.856765 1.05492 0 1.05492
-1.25 -1.25 -0.75 0.370548 0.312009 0.87484 1.40346 0 1.40346
-0.25 -1.25 -0.75 0.335099 0.30278 0.892207 1.76399 0 1.76399
0.75 -1.25 -0.75 0.298718 0.293856 0.907974 2.10879 0 2.10879
1.75 -1.25 -0.75 0.261731 0.285954 0.921807 2.41146 0 2.41146
-1.75 -0.75 -0.75 0.387044 0.297462 0.872762 1.39009 0 1.39009
-0.75 -0.75 -0.75 0.351541 0.28835 0.890659 1.77896 0 1.77896
0.25 -0.75 -0.75 0.315097 0.279199 0.907062 2.16231 0 2.16231
1.25 -0.75 -0.75 0.278091 0.270805 0.921591 2.51131 0 2.51131
2.25 -0.75 -0.75 0.240607 0.263591 0.934146 2.80051 0 2.80051
-2.25 -0.25 -0.75 0.403835 0.282915 0.869986 1.35317 0 1.35317
-1.25 -0.25 -0.75 0.368255 0.274024 0.888425 1.76446 0 1.76446
-0.25 -0.25 -0.75 0.331732 0.264758 0.90546 2.1819 0 2.1819
0.75 -0.25 -0.75 0.294686 0.255987 0.920669 2.57481 0 2.57481
1.75 -0.25 -0.75 0.25723 0.248193 0.933934 2.91476 0 2.91476
-1.75 0.25 -0.75 0.385336 0.259756 0.885462 1.72107 0 1.72107
-0.75 0.25 -0.75 0.348676 0.250476 0.903154 2.16659 0 2.16659
0.25 0.25 -0.75 0.311547 0.241425 0.91905 2.59921 0 2.59921
1.25 0.25 -0.75 0.274078 0.233143 0.93302 2.988 0 2.988
2.25 0.25 -0.75 0.236221 0.225939 0.945067 3.30598 0 3.30598
-2.25 0.75 -0.75 0.402916 0.24546 0.881708 1.6507 0 1.6507
-1.25 0.75 -0.75 0.36602 0.236296 0.900107 2.11695 0 2.11695
-0.25 0.75 -0.75 0.32873 0.227059 0.916723 2.58336 0 2.58336
0.75 0.75 -0.75 0.291189 0.218371 0.931409 3.01716 0 3.01716
1.75 0.75 -0.75 0.25335 0.210599 0.944173 3.38834 0 3.38834
-1.75 1.25 -0.75 0.38388 0.222131 0.896267 2.03502 0 2.03502
-0.75 1.25 -0.75 0.346321 0.21283 0.913655 2.52779 0 2.52779
0.25 1.25 -0.75 0.308619 0.203819 0.929092 30.0092 1 3.00092
1.25 1.25 -0.75 0.270729 0.195545 0.942586 34.2195 1 3.42195
2.25 1.25 -0.75 0.232512 0.188269 0.954198 37.6275 1 3.76275
-2.5 -1.5 -0.5 -0.199249 -0.114139 0.973279 15.8816 1 1.58816
-1.5 -1.5 -0.5 -0.191265 -0.0864484 0.977724 19.6306 1 1.96306
-0.5 -1.5 -0.5 -0.182926 -0.0677441 0.98079 23.3964 1 2.33964
0.5 -1.5 -0.5 -0.174125 -0.0564281 0.983105 26.9093 1 2.69093
1.5 -1.5 -0.5 -0.164717 -0.0508967 0.985027 29.9007 1 2.99007
2.5 -1.5 -0.5 -0.154665 -0.0497045 0.986716 32.1403 1 3.21403
-2 -1 -0.5 -0.189733 -0.0987068 0.976862 19.5545 1 1.95545
-1 -1 -0.5 -0.18306 -0.077101 0.980074 23.6907 1 2.36907
0 -1 -0.5 -0.175631 -0.0631356 0.982429 27.6873 1 2.76873
1 -1 -0.5 -0.16734 -0.0552954 0.984347 31.2519 1 3.12519
2 -1 -0.5 -0.158141 -0.0521983 0.986036 34.1157 1 3.41157
-2.5 -0.5 -0.5 -0.187905 -0.111445 0.975844 19.1535 1 1.91535
-1.5 -0.5 -0.5 -0.183043 -0.086942 0.979253 23.6008 1 2.36008
-0.5 -0.5 -0.5 -0.177069 -0.0703003 0.981685 28.0345 1 2.80345
0.5 -0.5 -0.5 -0.169966 -0.0600683 0.983618 32.1473 1 3.21473
1.5 -0.5 -0.5 -0.161725 -0.0549144 0.985307 35.6388 1 3.56388
2.5 -0.5 -0.5 -0.152431 -0.0536902 0.986855 38.2536 1 3.82536
-2 0 -0.5 -0.182782 -0.0973132 0.978326 23.1243 1 2.31243
-1 0 -0.5 -0.178407 -0.0779402 0.980865 27.9334 1 2.79334
0 0 -0.5 -0.172573 -0.0652601 0.982833 32.5501 1 3.25501
1 0 -0.5 -0.165359 -0.0579566 0.984529 36.6506 1 3.66506
2 0 -0.5 -0.156883 -0.0549057 0.98609 39.9411 1 3.99411
-2.5 0.5 -0.5 -0.182028 -0.108436 0.977296 22.2742 1 2.22742
-1.5 0.5 -0.5 -0.179552 -0.0861319 0.979971 27.3821 1 2.73821
-0.5 0.5 -0.5 -0.175125 -0.0709101 0.981989 32.4407 1 3.24407
0.5 0.5 -0.5 -0.169014 -0.0613803 0.9837 37.11 1 3.711
1.5 0.5 -0.5 -0.16142 -0.0564038 0.985273 41.0647 1 4.10647
2.5 0.5 -0.5 -0.152569 -0.0550453 0.986759 44.03 1 4.403
-2 1 -0.5 -0.180275 -0.0950929 0.979009 26.3967 1 2.63967
-1 1 -0.5 -0.177529 -0.0771113 0.98109 31.8175 1 3.18175
0 1 -0.5 -0.172649 -0.0652383 0.982821 36.9951 1 3.69951
1 1 -0.5 -0.166007 -0.0582462 0.984403 41.5794 1 4.15794
2 1 -0.5 -0.157907 -0.0551671 0.985912 45.2574 1 4.52574
-2.5 1.5 -0.5 -0.18016 -0.105185 0.977997 25.0135 1 2.50135
-1.5 1.5 -0.5 -0.179577 -0.0840697 0.980145 30.6992 1 3.06992
-0.5 1.5 -0.5 -0.176172 -0.0696306 0.981894 36.3046 1 3.63046
0.5 1.5 -0.5 -0.1706 -0.0604935 0.983482 41.4613 1 4.14613
1.5 1.5 -0.5 -0.163315 -0.0555953 0.985006 45.8239 1 4.58239
2.5 1.5 -0.5 -0.154687 -0.0541119 0.98648 49.1027 1 4.91027
-1.75 -1.25 -0.25 0.390244 0.341011 0.855231 42.8441 1 4.28441
-0.75 -1.25 -0.25 0.368451 0.339516 0.865432 54.3129 1 5.43129
0.25 -1.25 -0.25 0.341253 0.332071 0.879361 65.5864 1 6.55864
1.25 -1.25 -0.25 0.310171 0.321723 0.894588 75.8358 1 7.58358
2.25 -1.25 -0.25 0.276173 0.310195 0.909674 84.3489 1 8.43489
-2.25 -0.75 -0.25 0.403809 0.324441 0.855381 42.0651 1 4.20651
-1.25 -0.75 -0.25 0.382471 0.325512 0.86473 54.2091 1 5.42091
-0.25 -0.75 -0.25 0.355637 0.319408 0.878351 66.4857 1 6.64857
0.75 -0.75 -0.25 0.324835 0.309608 0.893658 78.0055 1 7.80055
1.75 -0.75 -0.25 0.291055 0.298128 0.909069 87.9652 1 8.79652
-1.75 -0.25 -0.25 0.396173 0.310463 0.864095 53.3051 1 5.33051
-0.75 -0.25 -0.25 0.369764 0.306069 0.877267 66.4241 1 6.64241
0.25 -0.25 -0.25 0.339315 0.297084 0.892528 79.108 1 7.9108
1.25 -0.25 -0.25 0.305822 0.285838 0.908168 90.4744 1 9.04744
2.25 -0.25 -0.25 0.269924 0.27369 0.923166 99.7753 1 9.97753
-2.25 0.25 -0.25 0.409674 0.294244 0.863474 51.6439 1 5.16439
-1.25 0.25 -0.25 0.383698 0.291966 0.876089 65.4059 1 6.54059
-0.25 0.25 -0.25 0.353639 0.284083 0.891199 79.0982 1 7.90982
0.75 0.25 -0.25 0.320482 0.27327 0.906981 91.778 1 9.1778
1.75 0.25 -0.25 0.284868 0.261125 0.922315 10.2604 1 1.02604
-1.75 0.75 -0.25 0.397527 0.276986 0.874786 63.4765 1 6.34765
-0.75 0.75 -0.25 0.367859 0.270532 0.889659 77.9772 1 7.79772
0.25 0.75 -0.25 0.335057 0.260372 0.905507 91.8241 1 9.18241
1.25 0.75 -0.25 0.299759 0.248378 0.921115 10.4098 1 1.04098
2.25 0.75 -0.25 0.262384 0.235667 0.935743 11.4024 1 1.14024
-2.25 1.25 -0.25 0.411328 0.260953 0.873334 60.7187 1 6.07187
-1.25 1.25 -0.25 0.382042 0.256336 0.887883 75.7921 1 7.57921
-0.25 1.25 -0.25 0.349592 0.247088 0.903733 90.6111 1 9.06111
0.75 1.25 -0.25 0.314618 0.23541 0.919564 10.4199 1 1.04199
1.75 1.25 -0.25 0.277536 0.222643 0.934561 11.569 1 1.1569
-2 -1.5 0 -0.0792068 0.0187345 0.996682 774.902 2 7.74902
-1 -1.5 0 -0.0655119 0.0465151 0.996767 899.74 2 8.9974
0 -1.5 0 -0.0543037 0.0605437 0.996687 10.1574 1 1.01574
1 -1.5 0 -0.0452343 0.0633566 0.996965 11.1548 1 1.11548
2 -1.5 0 -0.0376293 0.0574209 0.997641 11.9268 1 1.19268
-2.5 -1 0 -0.0783126 0.00240086 0.996926 768.01 2 7.6801
-1.5 -1 0 -0.0672985 0.0346598 0.997131 903.17 2 9.0317
-0.5 -1 0 -0.0581648 0.0526027 0.99692 103.271 2 1.03271
0.5 -1 0 -0.0508148 0.0586624 0.996984 114.868 2 1.14868
1.5 -1 0 -0.0446708 0.0553235 0.997469 124.38 2 1.2438
2.5 -1 0 -0.0391359 0.0447788 0.99823 131.241 2 1.31241
-2 -0.5 0 -0.0684039 0.0216196 0.997423 894.943 2 8.94943
-1 -0.5 0 -0.0616475 0.043712 0.99714 10.3655 1 1.03655
0 -0.5 0 -0.0561984 0.0532876 0.996997 116.779 2 1.16779
1 -0.5 0 -0.0516593 0.0528329 0.997266 128.062 2 1.28062
2 -0.5 0 -0.0474822 0.0445794 0.997877 136.821 2 1.36821
-2.5 0 0 -0.0684594 0.00726408 0.997627 875.214 2 8.75214
-1.5 0 0 -0.0645081 0.0337598 0.997346 102.707 2 1.02707
-0.5 0 0 -0.0612203 0.0471085 0.997012 117.216 2 1.17216
0.5 0 0 -0.058452 0.0497932 0.997048 130.191 2 1.30191
1.5 0 0 -0.0557779 0.0440986 0.997469 140.849 2 1.40849
2.5 0 0 -0.0528225 0.0319239 0.998094 148.578 2 1.48578
-2 0.5 0 -0.0664054 0.0225776 0.997537 100.451 2 1.00451
-1 0.5 0 -0.0656568 0.0399987 0.99704 116.158 2 1.16158
0 0.5 0 -0.06489 0.0460798 0.996828 130.691 2 1.30691
1 0.5 0 -0.0638773 0.0431831 0.997023 143.191 2 1.43191
2 0.5 0 -0.0623252 0.0332774 0.997501 152.929 2 1.52929
-2.5 1 0 -0.0668594 0.00989114 0.997713 969.57 2 9.6957
-1.5 1 0 -0.0691915 0.0317735 0.997097 113.633 2 1.13633
-0.5 1 0 -0.0707623 0.0415608 0.996627 129.541 2 1.29541
0.5 1 0 -0.0716224 0.0417076 0.996559 143.764 2 1.43764
1.5 1 0 -0.0716283 0.0342962 0.996842 155.475 2 1.55475
2.5 1 0 -0.0706727 0.0209695 0.997279 164.022 2 1.64022
-2 1.5 0 -0.0713806 0.0221549 0.997203 109.723 2 1.09723
-1 1.5 0 -0.0757725 0.0360497 0.996473 126.771 2 1.26771
0 1.5 0 -0.0788093 0.0395392 0.996105 142.541 2 1.42541
1 1.5 0 -0.0805715 0.0348536 0.996139 156.125 2 1.56125
2 1.5 0 -0.0810691 0.0237525 0.996425 166.757 2 1.66757
-2.25 -1.25 0.25 0.378762 0.355607 0.854449 15.5357 1 1.55357
-1.25 -1.25 0.25 0.396904 0.382831 0.834211 19.2914 1 1.92914
-0.25 -1.25 0.25 0.401613 0.389504 0.828851 22.962 1 2.2962
0.75 -1.25 0.25 0.395396 0.382898 0.834896 26.2638 1 2.62638
1.75 -1.25 0.25 0.380049 0.367462 0.848843 28.9886 1 2.89886
-1.75 -0.75 0.25 0.401807 0.370719 0.837328 19.0896 1 1.90896
-0.75 -0.75 0.25 0.407973 0.382838 0.828851 23.0072 1 2.30072
0.25 -0.75 0.25 0.403271 0.379744 0.832567 266.335 2 2.66335
1.25 -0.75 0.25 0.38936 0.366531 0.845017 297.263 2 2.97263
2.25 -0.75 0.25 0.367473 0.346322 0.863148 321.272 2 3.21272
-2.25 -0.25 0.25 0.405139 0.354755 0.842621 18.6791 1 1.86791
-1.25 -0.25 0.25 0.412659 0.37321 0.830919 22.792 1 2.2792
-0.25 -0.25 0.25 0.409506 0.374317 0.83198 267.076 2 2.67076
0.75 -0.25 0.25 0.397135 0.36381 0.842571 301.533 2 3.01533
1.75 -0.25 0.25 0.376668 0.345303 0.859585 329.363 2 3.29363
-1.75 0.25 0.25 0.415859 0.360336 0.834996 223.287 2 2.23287
-0.75 0.25 0.25 0.414205 0.366394 0.83318 264.86 2 2.6486
0.25 0.25 0.25 0.403424 0.359143 0.841585 302.557 2 3.02557
1.25 0.25 0.25 0.384478 0.342719 0.857158 334.121 2 3.34121
2.25 0.25 0.25 0.358183 0.319757 0.877189 358.114 2 3.58114
-2.25 0.75 0.25 0.417771 0.343919 0.840944 216.397 2 2.16397
-1.25 0.75 0.25 0.417496 0.355736 0.836151 259.808 2 2.59808
-0.25 0.75 0.25 0.408297 0.352359 0.842102 300.325 2 3.00325
0.75 0.75 0.25 0.390938 0.338455 0.85593 335.398 2 3.35398
1.75 0.75 0.25 0.366105 0.31708 0.874887 363.259 2 3.63259
-1.75 1.25 0.25 0.419514 0.342067 0.840832 252.15 2 2.5215
-0.75 1.25 0.25 0.411839 0.343265 0.844131 294.952 2 2.94952
0.25 1.25 0.25 0.396094 0.332387 0.855937 333.174 2 3.33174
1.25 1.25 0.25 0.372802 0.31295 0.873545 364.739 2 3.64739
2.25 1.25 0.25 0.342534 0.287274 0.894508 388.345 2 3.88345
-2.5 -1.5 0.5 0.0463851 0.125865 0.990962 361.225 2 3.61225
-1.5 -1.5 0.5 0.0848135 0.180231 0.979961 405.321 2 4.05321
-0.5 -1.5 0.5 0.119137 0.21375 0.969596 443.209 2 4.43209
0.5 -1.5 0.5 0.147541 0.227613 0.962509 472.724 2 4.72724
1.5 -1.5 0.5 0.169608 0.22373 0.95978 492.746 2 4.92746
2.5 -1.5 0.5 0.185503 0.204186 0.961195 503.337 2 5.03337
-2 -1 0.5 0.0792159 0.166227 0.982901 404.427 2 4.04427
-1 -1 0.5 0.111214 0.206924 0.972015 445.904 2 4.45904
0 -1 0.5 0.138227 0.227231 0.963981 479.382 2 4.79382
1 -1 0.5 0.159446 0.228823 0.960321 503.368 2 5.03368
2 -1 0.5 0.17492 0.213648 0.961123 517.561 2 5.17561
-2.5 -0.5 0.5 0.0741799 0.148926 0.986062 400.062 2 4.00062
-1.5 -0.5 0.5 0.102978 0.196995 0.974981 444.872 2 4.44872
-0.5 -0.5 0.5 0.127956 0.224217 0.966103 482.179 2 4.82179
0.5 -0.5 0.5 0.147826 0.23189 0.961444 510.161 2 5.10161
1.5 -0.5 0.5 0.162395 0.221803 0.961474 528.136 2 5.28136
2.5 -0.5 0.5 0.171854 0.195823 0.965463 536.6 2 5.366
-2 0 0.5 0.0950783 0.183736 0.978367 440.175 2 4.40175
-1 0 0.5 0.117261 0.218214 0.968831 481.124 2 4.81124
0 0 0.5 0.135197 0.232494 0.963155 513.073 2 5.13073
1 0 0.5 0.148353 0.228139 0.96226 534.962 2 5.34962
2 0 0.5 0.156805 0.206855 0.965724 546.935 2 5.46935
-2.5 0.5 0.5 0.0882397 0.166992 0.982002 4319.3 3 4.3193
-1.5 0.5 0.5 0.106773 0.208934 0.972083 4762.86 3 4.76286
-0.5 0.5 0.5 0.122103 0.230253 0.96544 5121.11 3 5.12111
0.5 0.5 0.5 0.133289 0.232197 0.963493 5379.94 3 5.37994
1.5 0.5 0.5 0.140199 0.216308 0.966207 5536.98 3 5.53698
2.5 0.5 0.5 0.142967 0.184178 0.97244 5601.36 3 5.60136
-2 1 0.5 0.0972088 0.196133 0.975747 4677.99 3 4.67799
-1 1 0.5 0.109181 0.224835 0.968261 5073.42 3 5.07342
0 1 0.5 0.117781 0.233568 0.965181 5372.37 3 5.37237
1 1 0.5 0.122594 0.223685 0.966921 5568.56 3 5.56856
2 1 0.5 0.123659 0.196601 0.972654 5667.6 3 5.6676
-2.5 1.5 0.5 0.0893622 0.179624 0.979668 4558.7 3 4.5587
-1.5 1.5 0.5 0.0971563 0.215936 0.971562 4988.96 3 4.98896
-0.5 1.5 0.5 0.1025 0.231884 0.967328 5327.45 3 5.32745
0.5 1.5 0.5 0.104633 0.228542 0.967895 5564.11 3 5.56411
1.5 1.5 0.5 0.103426 0.207182 0.97282 5700.62 3 5.70062
2.5 1.5 0.5 0.0989797 0.169162 0.980606 5749.83 3 5.74983
-1.75 -1.25 0.75 0.374494 0.381494 0.845113 909.963 2 9.09963
-0.75 -1.25 0.75 0.433078 0.420981 0.797006 10.4541 1 1.04541
0.25 -1.25 0.75 0.47669 0.43192 0.765644 11.617 1 1.1617
1.25 -1.25 0.75 0.506441 0.420982 0.752523 12.4943 1 1.24943
2.25 -1.25 0.75 0.522947 0.392459 0.756639 13.0546 1 1.30546
-2.25 -0.75 0.75 0.363419 0.371116 0.854517 897.462 2 8.97462
-1.25 -0.75 0.75 0.423373 0.42295 0.801167 10.3881 1 1.03881
-0.25 -0.75 0.75 0.469722 0.443674 0.763227 116.357 2 1.16357
0.75 -0.75 0.75 0.503069 0.440356 0.743645 126.038 2 1.26038
1.75 -0.75 0.75 0.523958 0.417821 0.742222 132.405 2 1.32405
-1.75 -0.25 0.75 0.410145 0.41824 0.810467 102.503 2 1.02503
-0.75 -0.25 0.75 0.458453 0.449974 0.766383 115.712 2 1.15712
0.25 -0.25 0.75 0.494838 0.455402 0.740098 126.279 2 1.26279
1.25 -0.25 0.75 0.519614 0.439866 0.732474 133.473 2 1.33473
2.25 -0.25 0.75 0.53253 0.406497 0.74241 137.217 2 1.37217
-2.25 0.25 0.75 0.394175 0.4062 0.824395 100.49 2 1.0049
-1.25 0.25 0.75 0.443453 0.450029 0.775128 114.285 2 1.14285
-0.25 0.25 0.75 0.482171 0.465343 0.742271 125.673 2 1.25673
0.75 0.25 0.75 0.510241 0.457826 0.728045 133.722 2 1.33722
1.75 0.25 0.75 0.527361 0.431053 0.732178 138.146 2 1.38146
-1.75 0.75 0.75 0.425397 0.443104 0.789111 112.161 2 1.12161
-0.75 0.75 0.75 0.465586 0.469401 0.750261 124.267 2 1.24267
0.25 0.75 0.75 0.49625 0.470937 0.729352 133.159 2 1.33159
1.25 0.75 0.75 0.516909 0.451724 0.727152 138.337 2 1.38337
2.25 0.75 0.75 0.5265 0.413724 0.742718 139.96 2 1.3996
-2.25 1.25 0.75 0.405078 0.428579 0.807609 109.449 2 1.09449
-1.25 1.25 0.75 0.445692 0.466811 0.763837 122.144 2 1.22144
-0.25 1.25 0.75 0.478136 0.478425 0.736543 131.827 2 1.31827
0.75 1.25 0.75 0.501588 0.467716 0.727771 137.801 2 1.37801
1.75 1.25 0.75 0.514969 0.437024 0.737439 140.018 2 1.40018
-2 -1.5 1 0.185701 0.254693 0.949024 227.437 2 2.27437
-1 -1.5 1 0.256115 0.314433 0.914077 244.301 2 2.44301
0 -1.5 1 0.322825 0.349294 0.879646 255.746 2 2.55746
1 -1.5 1 0.382786 0.359052 0.851209 261.319 2 2.61319
2 -1.5 1 0.434041 0.34397 0.832642 261.412 2 2.61412
-2.5 -1 1 0.173474 0.240221 0.955092 2260.92 3 2.26092
-1.5 -1 1 0.240776 0.311167 0.919349 2440.93 3 2.44093
-0.5 -1 1 0.306968 0.35752 0.882015 2565.84 3 2.56584
0.5 -1 1 0.368465 0.378284 0.849196 2629.12 3 2.62912
1.5 -1 1 0.423165 0.373229 0.82561 2632.31 3 2.63231
2.5 -1 1 0.469087 0.342091 0.814206 2585.91 3 2.58591
-2 -0.5 1 0.223942 0.301869 0.926674 2426.94 3 2.42694
-1 -0.5 1 0.28785 0.360031 0.887423 2562.92 3 2.56292
0 -0.5 1 0.349316 0.392689 0.850749 2634.9 3 2.6349
1 -0.5 1 0.405974 0.399051 0.822158 2641.99 3 2.64199
2 -0.5 1 0.456052 0.378289 0.805552 2592.34 3 2.59234
-2.5 0 1 0.206844 0.286274 0.935555 2401.6 3 2.4016
-1.5 0 1 0.266562 0.356054 0.89564 2549.58 3 2.54958
-0.5 0 1 0.326216 0.401101 0.85598 2631.6 3 2.6316
0.5 0 1 0.383095 0.419936 0.822735 2644.55 3 2.64455
1.5 0 1 0.435536 0.411275 0.800726 2593.93 3 2.59393
2.5 0 1 0.48142 0.373069 0.79313 2494.92 3 2.49492
-2 0.5 1 0.244383 0.345125 0.906182 2526.54 3 2.52654
-1 0.5 1 0.300332 0.402568 0.864719 2620.19 3 2.62019
0 0.5 1 0.355519 0.434496 0.827538 2641.25 3 2.64125
1 0.5 1 0.408251 0.439205 0.800269 2592.5 3 2.5925
2 0.5 1 0.456977 0.414132 0.787189 2486.31 3 2.48631
-2.5 1 1 0.222716 0.327129 0.918359 2494.21 3 2.49421
-1.5 1 1 0.27305 0.396436 0.876517 2601.43 3 2.60143
-0.5 1 1 0.324571 0.441566 0.836464 2633.08 3 2.63308
0.5 1 1 0.375384 0.460358 0.804461 2589.53 3 2.58953
1.5 1 1 0.424327 0.450025 0.785763 2479.98 3 2.47998
2.5 1 1 0.469293 0.405783 0.784286 2324.29 3 2.32429
-2 1.5 1 0.245913 0.382411 0.890667 2575.71 3 2.57571
-1 1.5 1 0.291842 0.440301 0.849096 2620.74 3 2.62074
0 1.5 1 0.338549 0.473281 0.813259 2586 3 2.586
1 1.5 1 0.384974 0.478495 0.789201 2477.71 3 2.47771
2 1.5 1 0.429947 0.451012 0.782134 2312.05 3 2.31205
-2.25 -1.25 1.25 0.305422 0.320106 0.8968 574.622 2 5.74622
-1.25 -1.25 1.25 0.407082 0.393304 0.824376 636.594 2 6.36594
-0.25 -1.25 1.25 0.499187 0.42884 0.752933 687.666 2 6.87666
0.75 -1.25 1.25 0.578417 0.429739 0.693367 723.421 2 7.23421
1.75 -1.25 1.25 0.643504 0.399924 0.652659 742.087 2 7.42087
-1.75 -0.75 1.25 0.380508 0.40038 0.833613 6309.02 3 6.30902
-0.75 -0.75 1.25 0.474379 0.452515 0.755112 6841.74 3 6.84174
0.25 -0.75 1.25 0.558179 0.468121 0.685054 7221.32 3 7.22132
1.25 -0.75 1.25 0.630289 0.450744 0.632112 7419.99 3 7.41999
2.25 -0.75 1.25 0.689532 0.403312 0.601569 7442.39 3 7.44239
-2.25 -0.25 1.25 0.350068 0.397697 0.84811 6231.55 3 6.23155
-1.25 -0.25 1.25 0.443224 0.467348 0.764943 6784.46 3 6.78446
-0.25 -0.25 1.25 0.529592 0.499394 0.685666 7186.38 3 7.18638
0.75 -0.25 1.25 0.606847 0.49658 0.6206 7401.69 3 7.40169
1.75 -0.25 1.25 0.674092 0.461704 0.576567 7423.28 3 7.42328
-1.75 0.25 1.25 0.407274 0.471961 0.781909 6708.25 3 6.70825
-0.75 0.25 1.25 0.493888 0.52176 0.695587 7131.8 3 7.1318
0.25 0.25 1.25 0.574181 0.535402 0.619404 7366.6 3 7.3666
1.25 0.25 1.25 0.647158 0.515419 0.56172 7395.1 3 7.3951
2.25 0.25 1.25 0.711839 0.462853 0.528253 7233.19 3 7.23319
-2.25 0.75 1.25 0.368399 0.465387 0.804797 6616.78 3 6.61678
-1.25 0.75 1.25 0.45262 0.533584 0.714439 7061.45 3 7.06145
-0.25 0.75 1.25 0.533621 0.565223 0.629104 7316.96 3 7.31696
0.75 0.75 1.25 0.609886 0.562157 0.558586 7358.27 3 7.35827
1.75 0.75 1.25 0.681075 0.525484 0.509906 7188.7 3 7.1887
-1.75 1.25 1.25 0.407674 0.533532 0.741043 6979.9 3 6.9799
-0.75 1.25 1.25 0.486805 0.584149 0.649455 7256.86 3 7.25686
0.25 1.25 1.25 0.563792 0.599647 0.567946 7314.92 3 7.31492
1.25 1.25 1.25 0.638397 0.581084 0.504767 7147.18 3 7.14718
2.25 1.25 1.25 0.710433 0.526918 0.466521 6779.95 3 6.77995
-2.5 -1.5 1.5 0.212409 0.256716 0.942857 1474.23 3 1.47423
-1.5 -1.5 1.5 0.306502 0.331796 0.89217 1586.15 3 1.58615
-0.5 -1.5 1.5 0.402419 0.380339 0.832707 1662.22 3 1.66222
0.5 -1.5 1.5 0.494098 0.39936 0.772255 1701.2 3 1.7012
1.5 -1.5 1.5 0.577291 0.387517 0.718726 1705.62 3 1.70562
2.5 -1.5 1.5 0.648265 0.344601 0.678972 1681.86 3 1.68186
-2 -1 1.5 0.282559 0.331749 0.900057 1578.32 3 1.57832
-1 -1 1.5 0.377136 0.395405 0.83751 1658.22 3 1.65822
0 -1 1.5 0.471244 0.429824 0.770182 1698.72 3 1.69872
1 -1 1.5 0.560266 0.432424 0.706479 1701.7 3 1.7017
2 -1 1.5 0.640654 0.401827 0.654291 1672.55 3 1.67255
-2.5 -0.5 1.5 0.257201 0.323956 0.91044 1565.46 3 1.56546
-1.5 -0.5 1.5 0.347487 0.402553 0.846879 1650.35 3 1.65035
-0.5 -0.5 1.5 0.441296 0.45336 0.774418 1693.27 3 1.69327
0.5 -0.5 1.5 0.533632 0.472396 0.701484 1695.76 3 1.69576
1.5 -0.5 1.5 0.621054 0.457096 0.636675 1662.33 3 1.66233
2.5 -0.5 1.5 0.700044 0.405393 0.587873 1601.3 3 1.6013
-2 0 1.5 0.315237 0.400809 0.86022 1639.15 3 1.63915
-1 0 1.5 0.405719 0.4682 0.784972 1685.77 3 1.68577
0 0 1.5 0.498435 0.505067 0.704607 1688.89 3 1.68889
1 0 1.5 0.589928 0.507581 0.62797 1652.5 3 1.6525
2 0 1.5 0.67749 0.472435 0.563748 1583.68 3 1.58368
-2.5 0.5 1.5 0.282405 0.38977 0.876543 1624.77 3 1.62477
-1.5 0.5 1.5 0.366423 0.472999 0.801253 1676.92 3 1.67692
-0.5 0.5 1.5 0.456309 0.528252 0.716053 1682.07 3 1.68207
0.5 0.5 1.5 0.5485 0.550397 0.629453 1644.17 3 1.64417
1.5 0.5 1.5 0.640899 0.535049 0.550429 1569.35 3 1.56935
2.5 0.5 1.5 0.730965 0.47696 0.488057 1467.65 3 1.46765
-2 1 1.5 0.325648 0.466998 0.822111 1667.09 3 1.66709
-1 1 1.5 0.409404 0.540161 0.735265 1676.16 3 1.67616
0 1 1.5 0.498703 0.582814 0.641579 1638.36 3 1.63836
1 1 1.5 0.591757 0.589578 0.549746 1559.46 3 1.55946
2 1 1.5 0.687644 0.554286 0.468947 1447.95 3 1.44795
-2.5 1.5 1.5 0.285826 0.450163 0.845965 1656.05 3 1.65605
-1.5 1.5 1.5 0.360275 0.539629 0.760922 1671.72 3 1.67172
-0.5 1.5 1.5 0.44309 0.6025 0.663827 1636.02 3 1.63602
0.5 1.5 1.5 0.532499 0.632504 0.56248 1555.06 3 1.55506
