450
-2.5 -1.5 -1.5 -0.40709 0.16288 0.898748 1.63084 0 1.63084
-1.5 -1.5 -1.5 -0.449673 0.0838616 0.889247 1.44411 0 1.44411
-0.5 -1.5 -1.5 -0.489631 -0.00449455 0.871918 1.19945 0 1.19945
0.5 -1.5 -1.5 -0.512859 -0.0934484 0.853371 9.33979 0 9.33979
1.5 -1.5 -1.5 -0.485338 -0.164567 0.858699 6.82834 0 6.82834
2.5 -1.5 -1.5 -0.318603 -0.177774 0.931069 4.88982 0 4.88982
-2 -1 -1.5 -0.416549 0.125881 0.900356 1.59348 0 1.59348
-1 -1 -1.5 -0.455455 0.0609592 0.888169 1.36056 0 1.36056
0 -1 -1.5 -0.485853 -0.000668038 0.87404 1.08365 0 1.08365
1 -1 -1.5 -0.485523 -0.0420372 0.873212 8.03013 0 8.03013
2 -1 -1.5 -0.392282 -0.0292409 0.91938 5.62784 0 5.62784
-2.5 -0.5 -1.5 -0.378786 0.150468 0.91317 1.73212 0 1.73212
-1.5 -0.5 -1.5 -0.412866 0.103139 0.904933 1.53105 0 1.53105
-0.5 -0.5 -1.5 -0.441999 0.062239 0.894854 1.26225 0 1.26225
0.5 -0.5 -1.5 -0.451265 0.0433158 0.891338 9.68662 0 9.68662
1.5 -0.5 -1.5 -0.400512 0.0759224 0.913141 6.98177 0 6.98177
2.5 -0.5 -1.5 -0.194123 0.194123 0.961578 5.13018 0 5.13018
-2 0 -1.5 -0.36809 0.127017 0.921073 1.69513 0 1.69513
-1 0 -1.5 -0.39287 0.100257 0.914113 1.45453 0 1.45453
0 0 -1.5 -0.403719 0.0948195 0.909956 1.16606 0 1.16606
1 0 -1.5 -0.374845 0.13442 0.917291 8.80163 0 8.80163
2 0 -1.5 -0.247053 0.247053 0.936979 6.5661 0 6.5661
-2.5 0.5 -1.5 -0.324341 0.137456 0.9359 1.83702 0 1.83702
-1.5 0.5 -1.5 -0.344369 0.119888 0.931148 1.6436 0 1.6436
-0.5 0.5 -1.5 -0.354253 0.121658 0.927202 1.3793 0 1.3793
0.5 0.5 -1.5 -0.337321 0.160745 0.927564 1.09391 0 1.09391
1.5 0.5 -1.5 -0.258477 0.258477 0.930795 8.46232 0 8.46232
2.5 0.5 -1.5 -0.0759224 0.400512 0.913141 6.98177 0 6.98177
-2 1 -1.5 -0.298938 0.126707 0.945823 1.81223 0 1.81223
-1 1 -1.5 -0.307488 0.132004 0.942351 1.59078 0 1.59078
0 1 -1.5 -0.297881 0.167656 0.939765 1.32344 0 1.32344
1 1 -1.5 -0.24938 0.24938 0.935745 1.06683 0 1.06683
2 1 -1.5 -0.13442 0.374845 0.917291 8.80163 0 8.80163
-2.5 1.5 -1.5 -0.257351 0.124936 0.958207 1.94437 0 1.94437
-1.5 1.5 -1.5 -0.264767 0.131696 0.955277 1.78238 0 1.78238
-0.5 1.5 -1.5 -0.260132 0.16325 0.951673 1.55113 0 1.55113
0.5 1.5 -1.5 -0.231066 0.231066 0.945101 1.30268 0 1.30268
1.5 1.5 -1.5 -0.160745 0.337321 0.927564 1.09391 0 1.09391
2.5 1.5 -1.5 -0.0433158 0.451265 0.891338 9.68662 0 9.68662
-1.75 -1.25 -1.25 -0.282467 0.0233842 0.958992 5.03363 0 5.03363
-0.75 -1.25 -1.25 -0.32655 0.00841737 0.945142 4.14884 0 4.14884
0.25 -1.25 -1.25 -0.372749 -0.00687301 0.927907 3.12619 0 3.12619
1.25 -1.25 -1.25 -0.398803 -0.0198737 0.916821 2.14881 0 2.14881
2.25 -1.25 -1.25 -0.325397 -0.0223139 0.945314 1.39672 0 1.39672
-2.25 -0.75 -1.25 -0.257211 0.0194258 0.96616 5.35525 0 5.35525
-1.25 -0.75 -1.25 -0.295744 0.0163223 0.955128 4.61272 0 4.61272
-0.25 -0.75 -1.25 -0.339137 0.0205518 0.940513 3.64875 0 3.64875
0.75 -0.75 -1.25 -0.375228 0.0397251 0.926081 2.63951 0 2.63951
1.75 -0.75 -1.25 -0.359532 0.0880157 0.928973 1.77129 0 1.77129
-1.75 -0.25 -1.25 -0.258183 0.0109873 0.966034 5.03848 0 5.03848
-0.75 -0.25 -1.25 -0.294165 0.0252006 0.955422 4.19526 0 4.19526
0.25 -0.25 -1.25 -0.327788 0.0592439 0.942892 3.22006 0 3.22006
1.25 -0.25 -1.25 -0.333583 0.128129 0.933973 2.30122 0 2.30122
2.25 -0.25 -1.25 -0.240722 0.240722 0.940269 1.63078 0 1.63078
-2.25 0.25 -1.25 -0.218513 -0.00220795 0.975831 5.38365 0 5.38365
-1.25 0.25 -1.25 -0.245796 0.0159687 0.96919 4.71409 0 4.71409
-0.25 0.25 -1.25 -0.272752 0.0546537 0.960531 3.83493 0 3.83493
0.75 0.25 -1.25 -0.284271 0.126675 0.950339 2.92462 0 2.92462
1.75 0.25 -1.25 -0.24127 0.24127 0.939988 2.17793 0 2.17793
-1.75 0.75 -1.25 -0.198511 -0.000607272 0.980098 5.15764 0 5.15764
-0.75 0.75 -1.25 -0.218026 0.0374525 0.975224 4.43024 0 4.43024
0.25 0.75 -1.25 -0.229185 0.105152 0.967687 3.58735 0 3.58735
1.25 0.75 -1.25 -0.210464 0.210464 0.954678 2.81814 0 2.81814
2.25 0.75 -1.25 -0.128129 0.333583 0.933973 2.30122 0 2.30122
-2.25 1.25 -1.25 -0.154791 -0.0200917 0.987743 5.48491 0 5.48491
-1.25 1.25 -1.25 -0.167239 0.0147812 0.985806 4.95419 0 4.95419
-0.25 1.25 -1.25 -0.175786 0.0754962 0.981529 4.2347 0 4.2347
0.75 1.25 -1.25 -0.16859 0.16859 0.971162 3.49862 0 3.49862
1.75 1.25 -1.25 -0.126675 0.284271 0.950339 2.92462 0 2.92462
-2 -1.5 -1 -0.5576 0.122024 0.821092 5.29631 0 5.29631
-1 -1.5 -1 -0.572707 0.0469251 0.818416 5.0246 0 5.0246
0 -1.5 -1 -0.556417 -0.0219995 0.830612 4.56982 0 4.56982
1 -1.5 -1 -0.488881 -0.0742917 0.869181 4.00764 0 4.00764
2 -1.5 -1 -0.338075 -0.0978574 0.936018 3.47346 0 3.47346
-2.5 -1 -1 -0.521164 0.169674 0.83642 5.55186 0 5.55186
-1.5 -1 -1 -0.546307 0.11385 0.829811 5.36766 0 5.36766
-0.5 -1 -1 -0.548356 0.0641157 0.833783 4.95558 0 4.95558
0.5 -1 -1 -0.511559 0.0300925 0.858721 4.38313 0 4.38313
1.5 -1 -1 -0.408572 0.0221339 0.912458 3.7661 0 3.7661
2.5 -1 -1 -0.204404 0.0455674 0.977826 3.29228 0 3.29228
-2 -0.5 -1 -0.507761 0.158459 0.846799 5.6697 0 5.6697
-1 -0.5 -1 -0.521199 0.125025 0.844228 5.34779 0 5.34779
0 -0.5 -1 -0.505413 0.106945 0.856225 4.82023 0 4.82023
1 -0.5 -1 -0.439477 0.114154 0.890971 4.1876 0 4.1876
2 -0.5 -1 -0.291307 0.152007 0.944476 3.60931 0 3.60931
-2.5 0 -1 -0.462233 0.184162 0.867424 5.8959 0 5.8959
-1.5 0 -1 -0.482396 0.163554 0.860549 5.70338 0 5.70338
-0.5 0 -1 -0.480648 0.157614 0.862633 5.26684 0 5.26684
0.5 0 -1 -0.441251 0.175563 0.880043 4.67421 0 4.67421
1.5 0 -1 -0.339533 0.223597 0.913631 4.06161 0 4.06161
2.5 0 -1 -0.152007 0.291307 0.944476 36.0931 1 3.60931
-2 0.5 -1 -0.437019 0.18365 0.880504 59.8549 1 5.98549
-1 0.5 -1 -0.444659 0.186405 0.876089 56.7797 1 5.67797
0 0.5 -1 -0.424187 0.210973 0.880657 51.7017 1 5.17017
1 0.5 -1 -0.35747 0.263669 0.895932 45.7981 1 4.57981
2 0.5 -1 -0.223597 0.339533 0.913631 40.6161 1 4.06161
-2.5 1 -1 -0.38845 0.189252 0.901826 61.636 1 6.1636
-1.5 1 -1 -0.402277 0.197955 0.89386 60.1527 1 6.01527
-0.5 1 -1 -0.395463 0.226243 0.890181 56.2913 1 5.62913
0.5 1 -1 -0.354683 0.279925 0.8921 51.0593 1 5.10593
1.5 1 -1 -0.263669 0.35747 0.895932 45.7981 1 4.57981
2.5 1 -1 -0.114154 0.439477 0.890971 41.876 1 4.1876
-2 1.5 -1 -0.356672 0.196416 0.913349 62.4644 1 6.24644
-1 1.5 -1 -0.359693 0.226473 0.905169 60.1203 1 6.01203
0 1.5 -1 -0.338187 0.27914 0.898727 55.931 1 5.5931
1 1.5 -1 -0.279925 0.354683 0.8921 51.0593 1 5.10593
2 1.5 -1 -0.175563 0.441251 0.880043 46.7421 1 4.67421
-2.25 -1.25 -0.75 -0.382561 0.0319199 0.923379 16.5281 1 1.65281
-1.25 -1.25 -0.75 -0.41373 0.0206067 0.910166 15.6805 1 1.56805
-0.25 -1.25 -0.75 -0.427809 0.0101351 0.903812 14.1139 1 1.41139
0.75 -1.25 -0.75 -0.405975 0.00184933 0.913882 12.142 1 1.2142
1.75 -1.25 -0.75 -0.316095 -0.00252812 0.948724 10.2229 1 1.02229
-1.75 -0.75 -0.75 -0.396441 0.0390755 0.917228 16.0717 1 1.60717
-0.75 -0.75 -0.75 -0.419938 0.0454633 0.906413 14.8659 1 1.48659
0.25 -0.75 -0.75 -0.417898 0.0591759 0.906565 13.0997 1 1.30997
1.25 -0.75 -0.75 -0.365282 0.0816692 0.927308 11.1571 1 1.11571
2.25 -0.75 -0.75 -0.226764 0.109225 0.967806 95.7364 1 9.57364
-2.25 -0.25 -0.75 -0.368135 0.043466 0.928756 16.224 1 1.6224
-1.25 -0.25 -0.75 -0.396392 0.0615052 0.916019 15.4591 1 1.54591
-0.25 -0.25 -0.75 -0.406628 0.0906481 0.909085 14.0298 1 1.40298
0.75 -0.25 -0.75 -0.380003 0.132858 0.915394 12.2555 1 1.22555
1.75 -0.25 -0.75 -0.287888 0.184633 0.939697 10.5854 1 1.05854
-1.75 0.25 -0.75 -0.361882 0.0623167 0.930139 15.8168 1 1.58168
-0.75 0.25 -0.75 -0.379171 0.101056 0.919792 14.8066 1 1.48066
0.25 0.25 -0.75 -0.369775 0.155552 0.916008 13.331 1 1.3331
1.25 0.25 -0.75 -0.312099 0.223221 0.923454 11.769 1 1.1769
2.25 0.25 -0.75 -0.184633 0.287888 0.939697 10.5854 1 1.05854
-2.25 0.75 -0.75 -0.320288 0.0520213 0.945891 15.896 1 1.5896
-1.25 0.75 -0.75 -0.3409 0.0956786 0.935218 15.3497 1 1.53497
-0.25 0.75 -0.75 -0.342652 0.156664 0.926308 14.2535 1 1.42535
0.75 0.75 -0.75 -0.309317 0.233057 0.921959 12.929 1 1.2929
1.75 0.75 -0.75 -0.223221 0.312099 0.923454 11.769 1 1.1769
-1.75 1.25 -0.75 -0.296051 0.0793404 0.951871 15.6116 1 1.56116
-0.75 1.25 -0.75 -0.304533 0.142472 0.941786 14.9414 1 1.49414
0.25 1.25 -0.75 -0.288156 0.222492 0.931377 13.9342 1 1.39342
1.25 1.25 -0.75 -0.233057 0.309317 0.921959 12.929 1 1.2929
2.25 1.25 -0.75 -0.132858 0.380003 0.915394 12.2555 1 1.22555
-2.5 -1.5 -0.5 -0.628323 0.134898 0.766167 19.5584 1 1.95584
-1.5 -1.5 -0.5 -0.622246 0.0659613 0.780038 20.4828 1 2.04828
-0.5 -1.5 -0.5 -0.583365 0.00533309 0.812193 20.6433 1 2.06433
0.5 -1.5 -0.5 -0.50219 -0.0402357 0.863821 20.1371 1 2.01371
1.5 -1.5 -0.5 -0.36722 -0.0653019 0.927839 19.2694 1 1.92694
2.5 -1.5 -0.5 -0.174335 -0.0677652 0.982352 18.5385 1 1.85385
-2 -1 -0.5 -0.601042 0.133737 0.787948 20.8807 1 2.08807
-1 -1 -0.5 -0.582444 0.0864263 0.808263 21.3503 1 2.13503
0 -1 -0.5 -0.528153 0.0519201 0.847561 21.0235 1 2.10235
1 -1 -0.5 -0.426521 0.0351968 0.903793 20.1185 1 2.01185
2 -1 -0.5 -0.266519 0.0377336 0.963091 19.0723 1 1.90723
-2.5 -0.5 -0.5 -0.567232 0.181788 0.803244 20.9802 1 2.09802
-1.5 -0.5 -0.5 -0.564235 0.147261 0.812375 21.8584 1 2.18584
-0.5 -0.5 -0.5 -0.53157 0.124058 0.83788 21.8663 1 2.18663
0.5 -0.5 -0.5 -0.459141 0.117204 0.880598 21.1342 1 2.11342
1.5 -0.5 -0.5 -0.334708 0.128535 0.933515 20.0029 1 2.00029
2.5 -0.5 -0.5 -0.152674 0.152674 0.976413 18.9823 1 1.89823
-2 0 -0.5 -0.533492 0.188912 0.824439 22.0591 1 2.20591
-1 0 -0.5 -0.517964 0.175965 0.837108 22.5061 1 2.25061
0 0 -0.5 -0.469573 0.178146 0.864734 22.1122 1 2.21122
1 0 -0.5 -0.377443 0.198031 0.904611 21.117 1 2.1117
2 0 -0.5 -0.232052 0.232052 0.944618 19.9437 1 1.99437
-2.5 0.5 -0.5 -0.493733 0.213376 0.843029 21.8854 1 2.18854
-1.5 0.5 -0.5 -0.491819 0.20932 0.845162 22.8259 1 2.28259
-0.5 0.5 -0.5 -0.462951 0.21907 0.858886 22.8807 1 2.28807
0.5 0.5 -0.5 -0.398113 0.245735 0.88381 22.1963 1 2.21963
1.5 0.5 -0.5 -0.287733 0.287733 0.913466 21.0949 1 2.10949
2.5 0.5 -0.5 -0.128535 0.334708 0.933515 20.0029 1 2.00029
-2 1 -0.5 -0.456441 0.226405 0.860466 22.7537 1 2.27537
-1 1 -0.5 -0.443476 0.242353 0.862899 23.3157 1 2.33157
0 1 -0.5 -0.401233 0.274042 0.874021 23.0602 1 2.30602
1 1 -0.5 -0.321368 0.321368 0.890755 22.2121 1 2.22121
2 1 -0.5 -0.198031 0.377443 0.904611 21.117 1 2.1117
-2.5 1.5 -0.5 -0.414308 0.22961 0.880698 22.2568 1 2.22568
-1.5 1.5 -0.5 -0.414262 0.250573 0.874986 23.3413 1 2.33413
-0.5 1.5 -0.5 -0.390693 0.285974 0.874973 23.5797 1 2.35797
0.5 1.5 -0.5 -0.336556 0.336556 0.879466 23.1112 1 2.31112
1.5 1.5 -0.5 -0.245735 0.398113 0.88381 22.1963 1 2.21963
2.5 1.5 -0.5 -0.117204 0.459141 0.880598 21.1342 1 2.11342
-1.75 -1.25 -0.25 -0.453922 0.0208191 0.890798 60.4727 1 6.04727
-0.75 -1.25 -0.25 -0.442636 0.0115261 0.896627 61.4705 1 6.14705
0.25 -1.25 -0.25 -0.399432 0.00437058 0.916752 60.2079 1 6.02079
1.25 -1.25 -0.25 -0.312834 9.75964e-05 0.949808 57.5539 1 5.75539
2.25 -1.25 -0.25 -0.175613 -0.0010553 0.984459 549.3 2 5.493
-2.25 -0.75 -0.25 -0.449972 0.045681 0.891874 583.668 2 5.83668
-1.25 -0.75 -0.25 -0.450509 0.0490645 0.891422 606.574 2 6.06574
-0.25 -0.75 -0.25 -0.424019 0.0561195 0.903913 605.617 2 6.05617
0.75 -0.75 -0.25 -0.359802 0.0667777 0.930636 586.367 2 5.86367
1.75 -0.75 -0.25 -0.247615 0.0792004 0.965616 560.428 2 5.60428
-1.75 -0.25 -0.25 -0.444754 0.0725602 0.892709 589.523 2 5.89523
-0.75 -0.25 -0.25 -0.432029 0.0918844 0.897167 601.954 2 6.01954
0.25 -0.25 -0.25 -0.387235 0.11624 0.914624 593.948 2 5.93948
1.25 -0.25 -0.25 -0.300098 0.143088 0.943116 573.862 2 5.73862
2.25 -0.25 -0.25 -0.166012 0.166012 0.972049 554.698 2 5.54698
-2.25 0.25 -0.25 -0.427234 0.0832071 0.900304 563.28 2 5.6328
-1.25 0.25 -0.25 -0.425715 0.112457 0.897842 589.058 2 5.89058
-0.25 0.25 -0.25 -0.39714 0.14823 0.905708 594.313 2 5.94313
0.75 0.25 -0.25 -0.332325 0.187871 0.924264 584.339 2 5.84339
1.75 0.25 -0.25 -0.224676 0.224676 0.948178 569.093 2 5.69093
-1.75 0.75 -0.25 -0.407202 0.11945 0.905493 566.498 2 5.66498
-0.75 0.75 -0.25 -0.392064 0.164193 0.905167 585.16 2 5.8516
0.25 0.75 -0.25 -0.346272 0.214229 0.913346 587.568 2 5.87568
1.25 0.75 -0.25 -0.26317 0.26317 0.928161 580.633 2 5.80633
2.25 0.75 -0.25 -0.143088 0.300098 0.943116 573.862 2 5.73862
-2.25 1.25 -0.25 -0.378439 0.11483 0.918476 535.129 2 5.35129
-1.25 1.25 -0.25 -0.37435 0.166163 0.912278 565.937 2 5.65937
-0.25 1.25 -0.25 -0.344603 0.224235 0.911574 581.065 2 5.81065
0.75 1.25 -0.25 -0.283005 0.283005 0.916415 584.906 2 5.84906
1.75 1.25 -0.25 -0.187871 0.332325 0.924264 584.339 2 5.84339
-2 -1.5 0 -0.568861 0.0643128 0.819915 414.399 2 4.14399
-1 -1.5 0 -0.541315 0.0112121 0.840745 440.148 2 4.40148
0 -1.5 0 -0.480068 -0.0296526 0.87673 450.789 2 4.50789
1 -1.5 0 -0.378318 -0.054271 0.924083 449.105 2 4.49105
2 -1.5 0 -0.23246 -0.0607623 0.970706 441.866 2 4.41866
-2.5 -1 0 -0.546504 0.117244 0.829209 409.727 2 4.09727
-1.5 -1 0 -0.535777 0.0752009 0.841004 442.406 2 4.42406
-0.5 -1 0 -0.495701 0.0435577 0.8674 458.867 2 4.58867
0.5 -1 0 -0.419184 0.026055 0.907527 460.16 2 4.6016
1.5 -1 0 -0.299345 0.0242543 0.953836 451.53 2 4.5153
2.5 -1 0 -0.136533 0.0355751 0.989997 441.418 2 4.41418
-2 -0.5 0 -0.515643 0.122637 0.847981 438.774 2 4.38774
-1 -0.5 0 -0.4933 0.100553 0.864028 462.961 2 4.62961
0 -0.5 0 -0.439324 0.0913884 0.893668 470.359 2 4.70359
1 -0.5 0 -0.346183 0.0968374 0.933156 464.257 2 4.64257
2 -0.5 0 -0.209219 0.114629 0.971127 451.786 2 4.51786
-2.5 0 0 -0.484199 0.154252 0.861254 428.166 2 4.28166
-1.5 0 0 -0.476466 0.141131 0.867791 460.924 2 4.60924
-0.5 0 0 -0.441742 0.140013 0.886149 476.532 2 4.76532
0.5 0 0 -0.373047 0.152921 0.915124 476.329 2 4.76329
1.5 0 0 -0.263988 0.178396 0.947885 465.506 2 4.65506
2.5 0 0 -0.114629 0.209219 0.971127 451.786 2 4.51786
-2 0.5 0 -0.448291 0.166319 0.878279 451.551 2 4.51551
-1 0.5 0 -0.429772 0.172367 0.886333 476.341 2 4.76341
0 0.5 0 -0.382374 0.191866 0.903868 484.339 2 4.84339
1 0.5 0 -0.2997 0.224262 0.927301 478.686 2 4.78686
2 0.5 0 -0.178396 0.263988 0.947885 465.506 2 4.65506
-2.5 1 0 -0.4113 0.177686 0.894013 434.51 2 4.3451
-1.5 1 0 -0.406311 0.189863 0.893791 468.462 2 4.68462
-0.5 1 0 -0.377142 0.214837 0.900893 485.788 2 4.85788
0.5 1 0 -0.31795 0.25275 0.913797 487.779 2 4.87779
1.5 1 0 -0.224262 0.2997 0.927301 478.686 2 4.78686
2.5 1 0 -0.0968374 0.346183 0.933156 464.257 2 4.64257
-2 1.5 0 -0.373758 0.194269 0.906953 452.502 2 4.52502
-1 1.5 0 -0.360043 0.22365 0.905732 479.263 2 4.79263
0 1.5 0 -0.321235 0.26574 0.90895 490.199 2 4.90199
1 1.5 0 -0.25275 0.31795 0.913797 487.779 2 4.87779
2 1.5 0 -0.152921 0.373047 0.915124 476.329 2 4.76329
-2.25 -1.25 0.25 -0.471085 0.0084908 0.882047 145.528 2 1.45528
-1.25 -1.25 0.25 -0.445894 0.000965616 0.895085 161.38 2 1.6138
-0.25 -1.25 0.25 -0.395402 -0.00406576 0.918499 172.047 2 1.72047
0.75 -1.25 0.25 -0.315813 -0.00615843 0.948801 177.711 2 1.77711
1.75 -1.25 0.25 -0.20605 -0.00527339 0.978527 179.721 2 1.79721
-1.75 -0.75 0.25 -0.461312 0.0373043 0.886454 152.058 2 1.52058
-0.75 -0.75 0.25 -0.423311 0.0415664 0.905031 165.392 2 1.65392
0.25 -0.75 0.25 -0.357794 0.0484546 0.932543 173.688 2 1.73688
1.25 -0.75 0.25 -0.262096 0.0571443 0.963348 177.751 2 1.77751
2.25 -0.75 0.25 -0.138531 0.0658107 0.988169 179.289 2 1.79289
-2.25 -0.25 0.25 -0.46599 0.0637917 0.882487 140.709 2 1.40709
-1.25 -0.25 0.25 -0.4397 0.0770448 0.894834 156.47 2 1.5647
-0.25 -0.25 0.25 -0.387857 0.0931181 0.917004 167.551 2 1.67551
0.75 -0.25 0.25 -0.307151 0.110674 0.945203 174.154 2 1.74154
1.75 -0.25 0.25 -0.197513 0.127055 0.972032 177.515 2 1.77515
-1.75 0.25 0.25 -0.444936 0.101958 0.88974 145.392 2 1.45392
-0.75 0.25 0.25 -0.405972 0.126797 0.905047 159.088 2 1.59088
0.25 0.25 0.25 -0.340061 0.153305 0.927823 168.461 2 1.68461
1.25 0.25 0.25 -0.245842 0.178382 0.952755 174.163 2 1.74163
2.25 0.25 0.25 -0.127055 0.197513 0.972032 177.515 2 1.77515
-2.25 0.75 0.25 -0.439518 0.116425 0.890656 132.524 2 1.32524
-1.25 0.75 0.25 -0.412574 0.149281 0.898609 148.364 2 1.48364
-0.25 0.75 0.25 -0.360736 0.184259 0.914286 160.403 2 1.60403
0.75 0.75 0.25 -0.282105 0.21807 0.934271 168.727 2 1.68727
1.75 0.75 0.25 -0.178382 0.245842 0.952755 174.163 2 1.74163
-1.75 1.25 0.25 -0.408243 0.160846 0.898591 135.722 2 1.35722
-0.75 1.25 0.25 -0.369622 0.203551 0.906613 1500.07 3 1.50007
0.25 1.25 0.25 -0.306052 0.245622 0.919784 1609.07 3 1.60907
1.25 1.25 0.25 -0.21807 0.282105 0.934271 1687.27 3 1.68727
2.25 1.25 0.25 -0.110674 0.307151 0.945203 1741.54 3 1.74154
-2.5 -1.5 0.5 -0.542282 0.0471176 0.838875 7012.79 3 7.01279
-1.5 -1.5 0.5 -0.514506 0.00406337 0.857477 7960.75 3 7.96075
-0.5 -1.5 0.5 -0.459697 -0.028575 0.887616 8675.23 3 8.67523
0.5 -1.5 0.5 -0.375157 -0.0484206 0.925696 9133.65 3 9.13365
1.5 -1.5 0.5 -0.260036 -0.0546068 0.964053 9372.86 3 9.37286
2.5 -1.5 0.5 -0.118964 -0.0486431 0.991706 9472.39 3 9.47239
-2 -1 0.5 -0.51188 0.0571493 0.857154 7693.57 3 7.69357
-1 -1 0.5 -0.473784 0.0310364 0.880094 8519.13 3 8.51913
0 -1 0.5 -0.407575 0.016137 0.913029 9077.81 3 9.07781
1 -1 0.5 -0.310617 0.0132902 0.950442 9380.43 3 9.38043
2 -1 0.5 -0.18375 0.0210841 0.982747 9494.09 3 9.49409
-2.5 -0.5 0.5 -0.496624 0.0976237 0.862458 7314.54 3 7.31454
-1.5 -0.5 0.5 -0.473598 0.0787194 0.877216 8255.02 3 8.25502
-0.5 -0.5 0.5 -0.424771 0.069964 0.902593 8937.32 3 8.93732
0.5 -0.5 0.5 -0.346789 0.0722936 0.935153 9342.66 3 9.34266
1.5 -0.5 0.5 -0.238079 0.0844802 0.967565 9512.98 3 9.51298
2.5 -0.5 0.5 -0.102344 0.102344 0.98947 9530.98 3 9.53098
-2 0 0.5 -0.460921 0.113828 0.880111 7871.54 3 7.87154
-1 0 0.5 -0.427984 0.111534 0.896878 8684.32 3 8.68432
0 0 0.5 -0.368308 0.119714 0.921964 9219.87 3 9.21987
1 0 0.5 -0.279163 0.137482 0.950351 9489.08 3 9.48908
2 0 0.5 -0.161089 0.161089 0.973705 9554.09 3 9.55409
-2.5 0.5 0.5 -0.437461 0.136518 0.888814 7371.91 3 7.37191
-1.5 0.5 0.5 -0.418809 0.140513 0.897137 8305.34 3 8.30534
-0.5 0.5 0.5 -0.376103 0.15451 0.913604 8981.26 3 8.98126
0.5 0.5 0.5 -0.306233 0.178023 0.935163 9380.19 3 9.38019
1.5 0.5 0.5 -0.207949 0.207949 0.955779 9535.4 3 9.5354
2.5 0.5 0.5 -0.0844802 0.238079 0.967565 9512.98 3 9.51298
-2 1 0.5 -0.398818 0.15727 0.903444 7802.56 3 7.80256
-1 1 0.5 -0.371551 0.17671 0.91144 8611.44 3 8.61144
0 1 0.5 -0.319815 0.2056 0.924904 9153.48 3 9.15348
1 1 0.5 -0.241526 0.241526 0.939857 9431.78 3 9.43178
2 1 0.5 -0.137482 0.279163 0.950351 9489.08 3 9.48908
-2.5 1.5 0.5 -0.369487 0.162589 0.914901 7191.29 3 7.19129
-1.5 1.5 0.5 -0.356083 0.186927 0.915567 8111.59 3 8.11159
-0.5 1.5 0.5 -0.32102 0.220628 0.921015 8792.14 3 8.79214
0.5 1.5 0.5 -0.261856 0.261856 0.928904 9209.64 3 9.20964
1.5 1.5 0.5 -0.178023 0.306233 0.935163 9380.19 3 9.38019
2.5 1.5 0.5 -0.0722936 0.346789 0.935153 9342.66 3 9.34266
-1.75 -1.25 0.75 -0.425174 -0.0064781 0.905089 2990.92 3 2.99092
-0.75 -1.25 0.75 -0.380339 -0.010115 0.924792 3378.09 3 3.37809
0.25 -1.25 0.75 -0.313585 -0.0110185 0.949496 3671.57 3 3.67157
1.25 -1.25 0.75 -0.225015 -0.0092461 0.974311 3866.72 3 3.86672
2.25 -1.25 0.75 -0.117946 -0.00526102 0.993006 3973.74 3 3.97374
-2.25 -0.75 0.75 -0.440144 0.0237505 0.897613 2728.73 3 2.72873
-1.25 -0.75 0.75 -0.405055 0.0272036 0.913888 3152 3 3.152
-0.25 -0.75 0.75 -0.348456 0.0330228 0.936743 3494.68 3 3.49468
0.75 -0.75 0.75 -0.269657 0.0406616 0.962098 3743.73 3 3.74373
1.75 -0.75 0.75 -0.170465 0.0490595 0.984142 3902.66 3 3.90266
-1.75 -0.25 0.75 -0.42083 0.0569208 0.905352 2885.01 3 2.88501
-0.75 -0.25 0.75 -0.374621 0.0698527 0.924543 3269.04 3 3.26904
0.25 -0.25 0.75 -0.306455 0.0842075 0.948153 3569.6 3 3.5696
1.25 -0.25 0.75 -0.21703 0.0984365 0.971189 3781.97 3 3.78197
2.25 -0.25 0.75 -0.110424 0.110424 0.987731 3913.56 3 3.91356
-2.25 0.25 0.75 -0.427417 0.0784806 0.900642 2586.95 3 2.58695
-1.25 0.25 0.75 -0.391602 0.0985423 0.914843 3000.49 3 3.00049
-0.25 0.25 0.75 -0.334416 0.119975 0.934758 3345.89 3 3.34589
0.75 0.25 0.75 -0.25587 0.14087 0.956392 3610.24 3 3.61024
1.75 0.25 0.75 -0.158639 0.158639 0.974509 3793.74 3 3.79374
-1.75 0.75 0.75 -0.399184 0.118596 0.909169 2698.57 3 2.69857
-0.75 0.75 0.75 -0.353039 0.147116 0.92397 3077.81 3 3.07781
0.25 0.75 0.75 -0.285896 0.175038 0.942139 3388.46 3 3.38846
1.25 0.75 0.75 -0.199438 0.199438 0.9594 3622.95 3 3.62295
2.25 0.75 0.75 -0.0984365 0.21703 0.971189 3781.97 3 3.78197
-2.25 1.25 0.75 -0.397279 0.129832 0.908467 2375.74 3 2.37574
-1.25 1.25 0.75 -0.362117 0.165209 0.917375 2774.61 3 2.77461
-0.25 1.25 0.75 -0.306546 0.20019 0.930566 3121.46 3 3.12146
0.75 1.25 0.75 -0.231614 0.231614 0.944833 3401.97 3 3.40197
1.75 1.25 0.75 -0.14087 0.25587 0.956392 3610.24 3 3.61024
-2 -1.5 1 -0.479682 -0.000789472 0.877442 1215.26 3 1.21526
-1 -1.5 1 -0.433442 -0.0278513 0.900751 1400.11 3 1.40011
0 -1.5 1 -0.364143 -0.0445049 0.930279 1548.55 3 1.54855
1 -1.5 1 -0.272102 -0.0503583 0.96095 1654.49 3 1.65449
2 -1.5 1 -0.160241 -0.04643 0.985985 1719.01 3 1.71901
-2.5 -1 1 -0.47777 0.0422861 0.877466 1134.49 3 1.13449
-1.5 -1 1 -0.445007 0.0202475 0.895298 1332.7 3 1.3327
-0.5 -1 1 -0.38965 0.00744751 0.920933 1498.33 3 1.49833
0.5 -1 1 -0.311016 0.00430994 0.950395 1621.89 3 1.62189
1.5 -1 1 -0.210209 0.00990909 0.977606 1701.62 3 1.70162
2.5 -1 1 -0.0918057 0.0216638 0.995541 1741.59 3 1.74159
-2 -0.5 1 -0.444895 0.0590751 0.893632 1247.15 3 1.24715
-1 -0.5 1 -0.403347 0.0511566 0.913616 1429.02 3 1.42902
0 -0.5 1 -0.33896 0.0521089 0.939356 1571.68 3 1.57168
1 -0.5 1 -0.25158 0.0611105 0.965905 1669.63 3 1.66963
2 -0.5 1 -0.143675 0.0757034 0.986725 1724.54 3 1.72454
-2.5 0 1 -0.433883 0.0878973 0.896671 1145.26 3 1.14526
-1.5 0 1 -0.40561 0.0853536 0.910052 13404 4 1.3404
-0.5 0 1 -0.355508 0.0911402 0.930219 15016.9 4 1.50169
0.5 0 1 -0.282685 0.104583 0.953494 16198.5 4 1.61985
1.5 0 1 -0.18804 0.123417 0.974376 16929.8 4 1.69298
2.5 0 1 -0.0757034 0.143675 0.986725 17245.4 4 1.72454
-2 0.5 1 -0.39709 0.109458 0.911229 12341.9 4 1.23419
-1 0.5 1 -0.360863 0.120365 0.924819 14114.5 4 1.41145
0 0.5 1 -0.302844 0.138719 0.942891 15498.6 4 1.54986
1 0.5 1 -0.222932 0.162514 0.961192 16435.8 4 1.64358
2 0.5 1 -0.123417 0.18804 0.974376 16929.8 4 1.69298
-2.5 1 1 -0.378539 0.123374 0.917326 11139.1 4 1.11391
-1.5 1 1 -0.355542 0.139386 0.924209 13026 4 1.3026
-0.5 1 1 -0.312055 0.162738 0.936022 14589.9 4 1.45899
0.5 1 1 -0.247374 0.191704 0.949766 15737.5 4 1.57375
1.5 1 1 -0.162514 0.222932 0.961192 16435.8 4 1.64358
2.5 1 1 -0.0611105 0.25158 0.965905 16696.3 4 1.66963
-2 1.5 1 -0.340204 0.148242 0.928593 11786.9 4 1.17869
-1 1.5 1 -0.310687 0.176446 0.933992 13487.8 4 1.34878
0 1.5 1 -0.261124 0.21048 0.942079 14827.3 4 1.48273
1 1.5 1 -0.191704 0.247374 0.949766 15737.5 4 1.57375
2 1.5 1 -0.104583 0.282685 0.953494 16198.5 4 1.61985
-2.25 -1.25 1.25 -0.401258 -0.0138058 0.915861 44564.8 4 4.45648
-1.25 -1.25 1.25 -0.363442 -0.0162696 0.931475 53098.2 4 5.30982
-0.25 -1.25 1.25 -0.308008 -0.0161697 0.951246 60478.3 4 6.04783
0.75 -1.25 1.25 -0.235524 -0.0136602 0.971773 66229.2 4 6.62292
1.75 -1.25 1.25 -0.148233 -0.00912108 0.98891 70103.5 4 7.01035
-1.75 -0.75 1.25 -0.3844 0.0136955 0.923065 48223.5 4 4.82235
-0.75 -0.75 1.25 -0.336824 0.0192747 0.94137 56206.8 4 5.62068
0.25 -0.75 1.25 -0.271692 0.0266365 0.962016 62843.7 4 6.28437
1.25 -0.75 1.25 -0.190523 0.0350246 0.981058 67780 4 6.778
2.25 -0.75 1.25 -0.096938 0.0434163 0.994343 70859 4 7.0859
-2.25 -0.25 1.25 -0.397976 0.0375363 0.916628 42833.2 4 4.28332
-1.25 -0.25 1.25 -0.358751 0.0489827 0.932147 51166.6 4 5.11666
-0.25 -0.25 1.25 -0.301755 0.0618774 0.951375 58496.1 4 5.84961
0.75 -0.25 1.25 -0.227973 0.0751206 0.970765 64371.1 4 6.43711
1.75 -0.25 1.25 -0.140196 0.0873145 0.986266 68532 4 6.8532
-1.75 0.25 1.25 -0.373143 0.0721781 0.924962 45570.7 4 4.55707
-0.75 0.25 1.25 -0.324836 0.0910091 0.941381 53349.3 4 5.33493
0.25 0.25 1.25 -0.259348 0.109806 0.959521 59983.6 4 5.99836
1.25 0.25 1.25 -0.178799 0.12683 0.975677 65114.7 4 6.51147
2.25 0.25 1.25 -0.0873145 0.140196 0.986266 68532 4 6.8532
-2.25 0.75 1.25 -0.379483 0.0883294 0.920973 39664.7 4 3.96647
-1.25 0.75 1.25 -0.340288 0.113267 0.933475 47615.7 4 4.76157
-0.25 0.75 1.25 -0.283735 0.138047 0.948914 54777 4 5.4777
0.75 0.75 1.25 -0.211459 0.160631 0.964097 60711.2 4 6.07112
1.75 0.75 1.25 -0.12683 0.178799 0.975677 65114.7 4 6.51147
-1.75 1.25 1.25 -0.34761 0.128126 0.928844 41544.2 4 4.15442
-0.75 1.25 1.25 -0.300472 0.159102 0.940427 48962.7 4 4.89627
0.25 1.25 1.25 -0.23722 0.187717 0.953147 55478.8 4 5.54788
1.25 1.25 1.25 -0.160631 0.211459 0.964097 60711.2 4 6.07112
2.25 1.25 1.25 -0.0751206 0.227973 0.970765 64371.1 4 6.43711
-2.5 -1.5 1.5 -0.44416 -0.0032914 0.895942 16027.3 4 1.60273
-1.5 -1.5 1.5 -0.406323 -0.0268306 0.913335 19507.2 4 1.95072
-0.5 -1.5 1.5 -0.349683 -0.0414931 0.935949 22642.8 4 2.26428
0.5 -1.5 1.5 -0.275161 -0.0472038 0.960239 25203.1 4 2.52031
1.5 -1.5 1.5 -0.184968 -0.0447706 0.981724 27039.3 4 2.70393
2.5 -1.5 1.5 -0.0832995 -0.0359926 0.995874 28084 4 2.8084
-2 -1 1.5 -0.414998 0.012041 0.909743 18030.9 4 1.80309
-1 -1 1.5 -0.369526 0.0005699 0.92922 21358.3 4 2.13583
0 -1 1.5 -0.305452 -0.00277934 0.952203 24196.5 4 2.41965
1 -1 1.5 -0.224061 0.00124684 0.974574 26357.7 4 2.63577
2 -1 1.5 -0.128378 0.0109292 0.991665 27742.8 4 2.77428
-2.5 -0.5 1.5 -0.413697 0.0433236 0.909383 16330.4 4 1.63304
-1.5 -0.5 1.5 -0.379695 0.0359065 0.924415 19781.7 4 1.97817
-0.5 -0.5 1.5 -0.32692 0.0359953 0.944366 22855.5 4 2.28555
0.5 -0.5 1.5 -0.255982 0.0428897 0.96573 25326.2 4 2.53262
1.5 -0.5 1.5 -0.168847 0.054935 0.98411 27053.5 4 2.70535
2.5 -0.5 1.5 -0.069509 0.069509 0.995157 27977.1 4 2.79771
-2 0 1.5 -0.380099 0.0634545 0.922767 17960.4 4 1.79604
-1 0 1.5 -0.339028 0.0676899 0.938338 21204.9 4 2.12049
0 0 1.5 -0.279547 0.0783485 0.95693 23948.8 4 2.39488
1 0 1.5 -0.202805 0.0938539 0.974711 26008.8 4 2.60088
2 0 1.5 -0.111643 0.111643 0.987457 27285.5 4 2.72855
-2.5 0.5 1.5 -0.370835 0.0825703 0.925021 15961.9 4 1.59619
-1.5 0.5 1.5 -0.341584 0.091353 0.935401 19292.5 4 1.92925
-0.5 0.5 1.5 -0.294085 0.106335 0.949846 22248.9 4 2.22489
0.5 0.5 1.5 -0.228912 0.126027 0.965255 24611.5 4 2.46115
1.5 0.5 1.5 -0.147967 0.147967 0.977861 26236.8 4 2.62368
2.5 0.5 1.5 -0.054935 0.168847 0.98411 27053.5 4 2.70535
-2 1 1.5 -0.334604 0.106428 0.93633 17188.3 4 1.71883
-1 1 1.5 -0.299295 0.126022 0.945802 20274.6 4 2.02746
0 1 1.5 -0.246351 0.150319 0.957453 22884.1 4 2.28841
1 1 1.5 -0.176982 0.176982 0.968171 24833.3 4 2.48333
2 1 1.5 -0.0938539 0.202805 0.974711 26008.8 4 2.60088
-2.5 1.5 1.5 -0.318247 0.112682 0.941287 14977 4 1.4977
-1.5 1.5 1.5 -0.295111 0.136955 0.945596 18097.3 4 1.80973
-0.5 1.5 1.5 -0.254701 0.166041 0.952658 20874.4 4 2.08744
0.5 1.5 1.5 -0.197713 0.197713 0.960114 23097 4 2.3097
1.5 1.5 1.5 -0.126027 0.228912 0.965255 24611.5 4 2.46115
2.5 1.5 1.5 -0.0428897 0.255982 0.96573 25326.2 4 2.53262
