450
-2.5 -1.5 -1.5 -0.0743848 0.135559 0.987973 2.03397 0 2.03397
-1.5 -1.5 -1.5 -0.0964169 0.14394 0.984878 4.83446 0 4.83446
-0.5 -1.5 -1.5 -0.110198 0.143789 0.983454 9.75654 0 9.75654
0.5 -1.5 -1.5 -0.114328 0.135533 0.984154 1.68146 0 1.68146
1.5 -1.5 -1.5 -0.110893 0.122066 0.986308 2.55484 0 2.55484
2.5 -1.5 -1.5 -0.102531 0.106459 0.989017 3.53241 0 3.53241
-2 -1 -1.5 -0.0685736 0.120764 0.99031 2.50709 0 2.50709
-1 -1 -1.5 -0.0910064 0.129199 0.987434 5.63218 0 5.63218
0 -1 -1.5 -0.105083 0.129958 0.985935 1.08153 0 1.08153
1 -1 -1.5 -0.11 0.12379 0.986193 1.79185 0 1.79185
2 -1 -1.5 -0.1082 0.113628 0.987614 2.64197 0 2.64197
-2.5 -0.5 -1.5 -0.0358975 0.0917714 0.995133 1.20838 0 1.20838
-1.5 -0.5 -1.5 -0.064408 0.10679 0.992193 2.96381 0 2.96381
-0.5 -0.5 -1.5 -0.0874537 0.116098 0.98938 6.32509 0 6.32509
0.5 -0.5 -1.5 -0.102246 0.118648 0.987658 1.16252 0 1.16252
1.5 -0.5 -1.5 -0.108532 0.115339 0.987379 1.86091 0 1.86091
2.5 -0.5 -1.5 -0.10903 0.10903 0.988041 2.67156 0 2.67156
-2 0 -1.5 -0.0325343 0.0782293 0.996404 1.44482 0 1.44482
-1 0 -1.5 -0.0620935 0.0941636 0.993618 3.36754 0 3.36754
0 0 -1.5 -0.0860292 0.105084 0.990735 6.86184 0 6.86184
1 0 -1.5 -0.102002 0.11015 0.988667 1.2135 0 1.2135
2 0 -1.5 -0.110258 0.110258 0.987768 1.88447 0 1.88447
-2.5 0.5 -1.5 0.00235814 0.0456882 0.998953 6.65068 0 6.65068
-1.5 0.5 -1.5 -0.0310643 0.0658542 0.997346 1.65689 0 1.65689
-0.5 0.5 -1.5 -0.0618239 0.0832961 0.994605 3.68419 0 3.68419
0.5 0.5 -1.5 -0.086958 0.0964628 0.991531 7.20188 0 7.20188
1.5 0.5 -1.5 -0.104597 0.104597 0.988999 1.23093 0 1.23093
2.5 0.5 -1.5 -0.115339 0.108532 0.987379 1.86091 0 1.86091
-2 1 -1.5 0.00334134 0.0333869 0.999437 7.67841 0 7.67841
-1 1 -1.5 -0.0316179 0.0550215 0.997984 1.82513 0 1.82513
0 1 -1.5 -0.0637448 0.0744941 0.995182 3.88632 0 3.88632
1 1 -1.5 -0.0904077 0.0904077 0.991793 7.31848 0 7.31848
2 1 -1.5 -0.11015 0.102002 0.988667 1.2135 0 1.2135
-2.5 1.5 -1.5 0.0391864 -0.00116253 0.999231 3.40961 0 3.40961
-1.5 1.5 -1.5 0.00227707 0.0225122 0.999744 8.50142 0 8.50142
-0.5 1.5 -1.5 -0.0342774 0.0460287 0.998352 1.9333 0 1.9333
0.5 1.5 -1.5 -0.0679547 0.0679547 0.995371 3.95584 0 3.95584
1.5 1.5 -1.5 -0.0964628 0.086958 0.991531 7.20188 0 7.20188
2.5 1.5 -1.5 -0.118648 0.102246 0.987658 1.16252 0 1.16252
-1.75 -1.25 -1.25 -0.0292806 0.00864662 0.999534 5.6749 0 5.6749
-0.75 -1.25 -1.25 -0.0333853 0.01157 0.999376 1.32063 0 1.32063
0.25 -1.25 -1.25 -0.0292062 0.00747558 0.999545 2.67121 0 2.67121
1.25 -1.25 -1.25 -0.0152911 -0.00286646 0.999879 4.71159 0 4.71159
2.25 -1.25 -1.25 0.00569502 -0.0163463 0.99985 7.42605 0 7.42605
-2.25 -0.75 -1.25 -0.0105276 -0.00698334 0.99992 2.64078 0 2.64078
-1.25 -0.75 -1.25 -0.0196807 0.00243738 0.999803 6.61832 0 6.61832
-0.25 -0.75 -1.25 -0.0237562 0.00658305 0.999696 1.47043 0 1.47043
0.75 -0.75 -1.25 -0.0195566 0.00454952 0.999798 2.85814 0 2.85814
1.75 -0.75 -1.25 -0.00637862 -0.00286819 0.999976 4.88412 0 4.88412
-1.75 -0.25 -1.25 -0.00167841 -0.0125702 0.99992 3.10985 0 3.10985
-0.75 -0.25 -1.25 -0.0113542 -0.00208412 0.999933 7.44311 0 7.44311
0.25 -0.25 -1.25 -0.0156924 0.00383233 0.99987 1.58582 0 1.58582
1.25 -0.25 -1.25 -0.0120172 0.00436205 0.999918 2.9756 0 2.9756
2.25 -0.25 -1.25 -0.000255393 0.000255393 1 4.94297 0 4.94297
-2.25 0.25 -1.25 0.0188127 -0.0314705 0.999328 1.39589 0 1.39589
-1.25 0.25 -1.25 0.00584109 -0.0167332 0.999843 3.52511 0 3.52511
-0.25 0.25 -1.25 -0.00450614 -0.004724 0.999979 8.08511 0 8.08511
0.75 0.25 -1.25 -0.00946163 0.00340625 0.999949 1.65868 0 1.65868
1.75 0.25 -1.25 -0.00688532 0.00688532 0.999953 3.01573 0 3.01573
-1.75 0.75 -1.25 0.0259076 -0.0353546 0.999039 1.59141 0 1.59141
-0.75 0.75 -1.25 0.0118928 -0.019281 0.999743 3.85143 0 3.85143
0.25 0.75 -1.25 0.000675335 -0.00537777 0.999985 8.49297 0 8.49297
1.25 0.75 -1.25 -0.00530812 0.00530812 0.999972 1.68361 0 1.68361
2.25 0.75 -1.25 -0.00436205 0.0120172 0.999918 2.9756 0 2.9756
-2.25 1.25 -1.25 0.0475738 -0.0563442 0.997277 6.95239 0 6.95239
-1.25 1.25 -1.25 0.0315084 -0.037807 0.998788 1.74624 0 1.74624
-0.25 1.25 -1.25 0.0163551 -0.0200944 0.999664 4.05988 0 4.05988
0.75 1.25 -1.25 0.00401321 -0.00401321 0.999984 8.63289 0 8.63289
1.75 1.25 -1.25 -0.00340625 0.00946163 0.999949 1.65868 0 1.65868
-2 -1.5 -1 -0.0623708 0.111577 0.991797 5.82671 0 5.82671
-1 -1.5 -1 -0.0848749 0.121355 0.988974 1.38822 0 1.38822
0 -1.5 -1 -0.0987675 0.122519 0.987539 2.7782 0 2.7782
1 -1.5 -1 -0.102499 0.115679 0.987984 4.69844 0 4.69844
2 -1.5 -1 -0.0987889 0.104286 0.989629 6.97931 0 6.97931
-2.5 -1 -1 -0.0283203 0.0808949 0.99632 2.72338 0 2.72338
-1.5 -1 -1 -0.0563544 0.0973417 0.993654 7.10599 0 7.10599
-0.5 -1 -1 -0.0793114 0.107589 0.991027 1.59792 0 1.59792
0.5 -1 -1 -0.0935842 0.110167 0.989498 3.04116 0 3.04116
1.5 -1 -1 -0.0983311 0.105971 0.989495 4.94741 0 4.94741
2.5 -1 -1 -0.0966462 0.0984196 0.990441 7.1393 0 7.1393
-2 -0.5 -1 -0.0230007 0.0672306 0.997472 3.36414 0 3.36414
-1 -0.5 -1 -0.0520802 0.0842926 0.995079 8.29957 0 8.29957
0 -0.5 -1 -0.0757598 0.095826 0.992511 1.77149 0 1.77149
1 -0.5 -1 -0.0909187 0.100677 0.990756 3.2271 0 3.2271
2 -0.5 -1 -0.0973483 0.0998518 0.990229 5.07662 0 5.07662
-2.5 0 -1 0.0127867 0.0334337 0.999359 1.50691 0 1.50691
-1.5 0 -1 -0.0195217 0.0545987 0.998318 3.97268 0 3.97268
-0.5 0 -1 -0.0497905 0.0729048 0.996095 9.30466 0 9.30466
0.5 0 -1 -0.0745145 0.086448 0.993466 1.8955 0 1.8955
1.5 0 -1 -0.091076 0.094289 0.99137 3.32372 0 3.32372
2.5 0 -1 -0.0998518 0.0973483 0.990229 50.7662 1 5.07662
-2 0.5 -1 0.0158882 0.0209753 0.999654 17.9293 1 1.79293
-1 0.5 -1 -0.0180564 0.0434184 0.998894 44.9248 1 4.49248
0 0.5 -1 -0.0496839 0.063545 0.996741 10.0311 1 1.00311
1 0.5 -1 -0.0757822 0.0797313 0.993932 19.6016 1 1.96016
2 0.5 -1 -0.094289 0.091076 0.99137 33.2372 1 3.32372
-2.5 1 -1 0.0521942 -0.014344 0.998534 77.7594 1 7.77594
-1.5 1 -1 0.0169134 0.00987422 0.999808 20.3985 1 2.03985
-0.5 1 -1 -0.0187296 0.0340316 0.999245 48.7183 1 4.87183
0.5 1 -1 -0.051886 0.0564949 0.997054 10.4118 1 1.04118
1.5 1 -1 -0.0797313 0.0757822 0.993932 19.6016 1 1.96016
2.5 1 -1 -0.100677 0.0909187 0.990756 32.271 1 3.2271
-2 1.5 -1 0.0530612 -0.0254749 0.998266 88.8075 1 8.88075
-1 1.5 -1 0.0157896 0.000440452 0.999875 22.2147 1 2.22147
0 1.5 -1 -0.0216029 0.02671 0.99941 50.7197 1 5.07197
1 1.5 -1 -0.0564949 0.051886 0.997054 10.4118 1 1.04118
2 1.5 -1 -0.086448 0.0745145 0.993466 18.955 1 1.8955
-2.25 -1.25 -0.75 -0.0107798 -0.0167318 0.999802 59.5297 1 5.95297
-1.25 -1.25 -0.75 -0.0183519 -0.00723058 0.999805 15.7944 1 1.57944
-0.25 -1.25 -0.75 -0.0214738 -0.00351395 0.999763 36.8909 1 3.68909
0.75 -1.25 -0.75 -0.0161517 -0.00666027 0.999847 74.2873 1 7.42873
1.75 -1.25 -0.75 -0.000887775 -0.0158025 0.999875 12.9287 1 1.29287
-1.75 -0.75 -0.75 -3.12999e-05 -0.0227659 0.999741 72.2054 1 7.22054
-0.75 -0.75 -0.75 -0.00820287 -0.0124248 0.999889 18.2153 1 1.82153
0.25 -0.75 -0.75 -0.0114646 -0.00708844 0.999909 40.5894 1 4.05894
1.25 -0.75 -0.75 -0.00633621 -0.00771967 0.99995 78.5416 1 7.85416
2.25 -0.75 -0.75 0.00784496 -0.0134703 0.999878 13.2507 1 1.32507
-2.25 -0.25 -0.75 0.0203053 -0.0421132 0.998906 31.6264 1 3.16264
-1.25 -0.25 -0.75 0.009384 -0.0273949 0.999581 84.0542 1 8.40542
-0.25 -0.25 -0.75 0.00049884 -0.0156828 0.999877 20.2339 1 2.02339
0.75 -0.25 -0.75 -0.00322859 -0.00820364 0.999961 43.2202 1 4.32202
1.75 -0.25 -0.75 0.00110107 -0.00584602 0.999982 80.7514 1 8.07514
-1.75 0.25 -0.75 0.0294002 -0.0462864 0.998495 37.0516 1 3.70516
-0.75 0.25 -0.75 0.0173089 -0.0303738 0.999389 94.055 1 9.4055
0.25 0.25 -0.75 0.00754145 -0.0168555 0.999829 21.6831 1 2.16831
1.25 0.25 -0.75 0.00295119 -0.00681392 0.999972 44.589 1 4.4589
2.25 0.25 -0.75 0.00584602 -0.00110107 0.999982 80.7514 1 8.07514
-2.25 0.75 -0.75 0.0507575 -0.0674601 0.99643 15.8573 1 1.58573
-1.25 0.75 -0.75 0.0369463 -0.0490021 0.998115 41.6725 1 4.16725
-0.25 0.75 -0.75 0.0236028 -0.0315437 0.999224 10.1295 1 1.01295
0.75 0.75 -0.75 0.0127269 -0.0158691 0.999793 22.4404 1 2.24404
1.75 0.75 -0.75 0.00681392 -0.00295119 0.999972 44.589 1 4.4589
-1.75 1.25 -0.75 0.0581685 -0.0699465 0.995853 17.895 1 1.7895
-0.75 1.25 -0.75 0.0428497 -0.0500974 0.997825 45.0416 1 4.50416
0.25 1.25 -0.75 0.0281403 -0.0308078 0.999129 10.5095 1 1.05095
1.25 1.25 -0.75 0.0158691 -0.0127269 0.999793 22.4404 1 2.24404
2.25 1.25 -0.75 0.00820364 0.00322859 0.999961 43.2202 1 4.32202
-2.5 -1.5 -0.5 -0.022607 0.0690482 0.997357 59.6685 1 5.96685
-1.5 -1.5 -0.5 -0.0498863 0.0871841 0.994942 16.7011 1 1.67011
-0.5 -1.5 -0.5 -0.0727723 0.0986973 0.992453 39.9629 1 3.99629
0.5 -1.5 -0.5 -0.0867404 0.101581 0.991039 79.3617 1 7.93617
1.5 -1.5 -0.5 -0.0901156 0.096648 0.991231 13.1565 1 1.31565
2.5 -1.5 -0.5 -0.0864615 0.0880065 0.99236 19.0902 1 1.90902
-2 -1 -0.5 -0.0152201 0.055385 0.998349 76.4689 1 7.64689
-1 -1 -0.5 -0.0435866 0.0738182 0.996319 20.1338 1 2.01338
0 -1 -0.5 -0.0670355 0.0862292 0.994017 45.4154 1 4.54154
1 -1 -0.5 -0.0815462 0.091032 0.992504 85.7434 1 8.57434
2 -1 -0.5 -0.0862589 0.0893121 0.992261 13.6864 1 1.36864
-2.5 -0.5 -0.5 0.0211916 0.0203041 0.999569 33.2593 1 3.32593
-1.5 -0.5 -0.5 -0.00960135 0.0425998 0.999046 93.3423 1 9.33423
-0.5 -0.5 -0.5 -0.039178 0.0619809 0.997308 23.2112 1 2.32112
0.5 -0.5 -0.5 -0.0635141 0.0760858 0.995076 49.6614 1 4.96614
1.5 -0.5 -0.5 -0.0791264 0.0836788 0.993346 89.7606 1 8.97606
2.5 -0.5 -0.5 -0.0858874 0.0858874 0.992596 13.8683 1 1.38683
-2 0 -0.5 0.0265904 0.00777099 0.999616 40.9167 1 4.09167
-1 0 -0.5 -0.00596743 0.0311531 0.999497 10.8737 1 1.08737
0 0 -0.5 -0.0369166 0.052095 0.99796 25.6478 1 2.56478
1 0 -0.5 -0.062477 0.0686338 0.995684 52.3525 1 5.23525
2 0 -0.5 -0.0797427 0.0797427 0.993621 91.1334 1 9.11334
-2.5 0.5 -0.5 0.0630861 -0.0282793 0.997607 17.313 1 1.7313
-1.5 0.5 -0.5 0.0298999 -0.0034799 0.999547 47.9884 1 4.79884
-0.5 0.5 -0.5 -0.00448739 0.0214285 0.99976 12.1091 1 1.21091
0.5 0.5 -0.5 -0.0369753 0.0445134 0.998324 27.2077 1 2.72077
1.5 0.5 -0.5 -0.0641135 0.0641135 0.995881 53.2728 1 5.32728
2.5 0.5 -0.5 -0.0836788 0.0791264 0.993346 89.7606 1 8.97606
-2 1 -0.5 0.0663755 -0.0395049 0.997012 20.3849 1 2.03849
-1 1 -0.5 0.0310052 -0.0131137 0.999433 53.72 1 5.372
0 1 -0.5 -0.00526175 0.0137506 0.999892 12.9078 1 1.29078
1 1 -0.5 -0.0394695 0.0394695 0.998441 27.7437 1 2.77437
2 1 -0.5 -0.0686338 0.062477 0.995684 52.3525 1 5.23525
-2.5 1.5 -0.5 0.102118 -0.0751691 0.991928 84.5884 1 8.45884
-1.5 1.5 -0.5 0.067391 -0.049121 0.996517 22.8908 1 2.28908
-0.5 1.5 -0.5 0.0298569 -0.0208416 0.999337 57.4522 1 5.74522
0.5 1.5 -0.5 -0.00834018 0.00834018 0.99993 13.1835 1 1.31835
1.5 1.5 -0.5 -0.0445134 0.0369753 0.998324 27.2077 1 2.72077
2.5 1.5 -0.5 -0.0760858 0.0635141 0.995076 49.6614 1 4.96614
-1.75 -1.25 -0.25 -0.00132684 -0.0314636 0.999504 16.3754 1 1.63754
-0.75 -1.25 -0.25 -0.0075954 -0.0214132 0.999742 43.8383 1 4.38383
0.25 -1.25 -0.25 -0.00970811 -0.0168481 0.999811 10.2948 1 1.02948
1.25 -1.25 -0.25 -0.00333873 -0.0188243 0.999817 20.6528 1 2.06528
2.25 -1.25 -0.25 0.0130576 -0.0263646 0.999567 354.248 2 3.54248
-2.25 -0.75 -0.25 0.018528 -0.0512974 0.998512 699.039 2 6.99039
-1.25 -0.75 -0.25 0.0101268 -0.0366996 0.999275 196.454 2 1.96454
-0.25 -0.75 -0.25 0.00304272 -0.0254704 0.999671 499.564 2 4.99564
0.75 -0.75 -0.25 0.000585454 -0.0188531 0.999822 111.843 2 1.11843
1.75 -0.75 -0.25 0.00651034 -0.0178141 0.99982 215.615 2 2.15615
-1.75 -0.25 -0.25 0.0297912 -0.05588 0.997993 844.181 2 8.44181
-0.75 -0.25 -0.25 0.0200628 -0.0402671 0.998988 225.849 2 2.25849
0.25 -0.25 -0.25 0.0120339 -0.027349 0.999554 547.579 2 5.47579
1.25 -0.25 -0.25 0.00886257 -0.0181831 0.999795 117.465 2 1.17465
2.25 -0.25 -0.25 0.0136674 -0.0136674 0.999813 218.725 2 2.18725
-2.25 0.25 -0.25 0.0506035 -0.0772897 0.995724 353.813 2 3.53813
-1.25 0.25 -0.25 0.0394536 -0.0589908 0.997479 976.052 2 9.76052
-0.25 0.25 -0.25 0.028321 -0.0419577 0.998718 249.186 2 2.49186
0.75 0.25 -0.25 0.0191475 -0.0269327 0.999454 578.172 2 5.78172
1.75 0.25 -0.25 0.0148161 -0.0148161 0.99978 119.387 2 1.19387
-1.75 0.75 -0.25 0.0602234 -0.0800125 0.994973 410.466 2 4.10466
-0.75 0.75 -0.25 0.0473931 -0.0604273 0.997047 108.165 2 1.08165
0.25 0.75 -0.25 0.0347489 -0.0416323 0.998529 264.173 2 2.64173
1.25 0.75 -0.25 0.0241739 -0.0241739 0.999415 588.664 2 5.88664
2.25 0.75 -0.25 0.0181831 -0.00886257 0.999795 117.465 2 1.17465
-2.25 1.25 -0.25 0.0818872 -0.102258 0.991382 169.843 2 1.69843
-1.25 1.25 -0.25 0.0680856 -0.0811801 0.994371 456.098 2 4.56098
-0.25 1.25 -0.25 0.0535099 -0.0600396 0.996761 114.988 2 1.14988
0.75 1.25 -0.25 0.0392196 -0.0392196 0.998461 269.334 2 2.69334
1.75 1.25 -0.25 0.0269327 -0.0191475 0.999454 578.172 2 5.78172
-2 -1.5 0 -0.00969152 0.0426251 0.999044 169.007 2 1.69007
-1 -1.5 0 -0.0369648 0.062705 0.997347 479.171 2 4.79171
0 -1.5 0 -0.0601634 0.0763225 0.995266 115.479 2 1.15479
1 -1.5 0 -0.0742496 0.0813734 0.993914 227.87 2 2.2787
2 -1.5 0 -0.0774512 0.0789439 0.993866 369.928 2 3.69928
-2.5 -1 0 0.0269879 0.00629409 0.999616 712.708 2 7.12708
-1.5 -1 0 -0.00176941 0.0298334 0.999553 214.187 2 2.14187
-0.5 -1 0 -0.0303438 0.0505322 0.998261 570.519 2 5.70519
0.5 -1 0 -0.0542834 0.0654607 0.996378 129.472 2 1.29472
1.5 -1 0 -0.0691292 0.0729669 0.994936 242.829 2 2.42829
2.5 -1 0 -0.0740394 0.074401 0.994476 379.965 2 3.79965
-2 -0.5 0 0.0348864 -0.0062128 0.999372 909.876 2 9.09876
-1 -0.5 0 0.00420126 0.0182379 0.999825 258.068 2 2.58068
0 -0.5 0 -0.0258026 0.0401949 0.998859 648.525 2 6.48525
1 -0.5 0 -0.0508174 0.057257 0.997065 139.484 2 1.39484
2 -0.5 0 -0.0669925 0.0681526 0.995423 250.518 2 2.50518
-2.5 0 0 0.0712413 -0.0428988 0.996536 375.444 2 3.75444
-1.5 0 0 0.0407018 -0.0175136 0.999018 110.394 2 1.10394
-0.5 0 0 0.00801452 0.00826479 0.999934 296.178 2 2.96178
0.5 0 0 -0.0235622 0.0321171 0.999206 705.252 2 7.05252
1.5 0 0 -0.0500017 0.0520755 0.997391 144.663 2 1.44663
2.5 0 0 -0.0681526 0.0669925 0.995423 250.518 2 2.50518
-2 0.5 0 0.0772033 -0.0541542 0.995544 457.057 2 4.57057
-1 0.5 0 0.0442649 -0.0272593 0.998648 127.442 2 1.27442
0 0.5 0 0.00953927 0.000297704 0.999954 324.265 2 3.24265
1 0.5 0 -0.0237875 0.0266128 0.999363 734.943 2 7.34943
2 0.5 0 -0.0520755 0.0500017 0.997391 144.663 2 1.44663
-2.5 1 0 0.112526 -0.0899073 0.989573 185.877 2 1.85877
-1.5 1 0 0.0808218 -0.0638127 0.994684 529.247 2 5.29247
-0.5 1 0 0.0454968 -0.0351222 0.998347 140.125 2 1.40125
0.5 1 0 0.00867939 -0.00539242 0.999948 339.119 2 3.39119
1.5 1 0 -0.0266128 0.0237875 0.999363 734.943 2 7.34943
2.5 1 0 -0.057257 0.0508174 0.997065 139.484 2 1.39484
-2 1.5 0 0.116344 -0.0996126 0.988201 215.479 2 2.15479
-1 1.5 0 0.0820418 -0.0716075 0.994053 583.287 2 5.83287
0 1.5 0 0.0443565 -0.0408684 0.998179 146.882 2 1.46882
1 1.5 0 0.00539242 -0.00867939 0.999948 339.119 2 3.39119
2 1.5 0 -0.0321171 0.0235622 0.999206 705.252 2 7.05252
-2.25 -1.25 0.25 0.0125343 -0.0579093 0.998243 150.235 2 1.50235
-1.25 -1.25 0.25 0.0072037 -0.0435964 0.999023 448.419 2 4.48419
-0.25 -1.25 0.25 0.0024154 -0.033172 0.999447 121.295 2 1.21295
0.75 -1.25 0.25 0.00136385 -0.0277946 0.999613 286.955 2 2.86955
1.75 -1.25 0.25 0.00865364 -0.0283608 0.99956 573.953 2 5.73953
-1.75 -0.75 0.25 0.0261381 -0.0630571 0.997668 187.666 2 1.87666
-0.75 -0.75 0.25 0.0193105 -0.0479562 0.998663 531.608 2 5.31608
0.25 -0.75 0.25 0.0134581 -0.0359941 0.999261 136.448 2 1.36448
1.25 -0.75 0.25 0.0118117 -0.0280779 0.999536 307.499 2 3.07499
2.25 -0.75 0.25 0.0183658 -0.0250304 0.999518 591.073 2 5.91073
-2.25 -0.25 0.25 0.0461689 -0.0847626 0.995331 770.535 2 7.70535
-1.25 -0.25 0.25 0.0381009 -0.0667379 0.997043 223.793 2 2.23793
-0.25 -0.25 0.25 0.0296895 -0.0503838 0.998289 602.87 2 6.0287
0.75 -0.25 0.25 0.0226046 -0.0363852 0.999082 147.392 2 1.47392
1.75 -0.25 0.25 0.0199398 -0.0254414 0.999477 318.117 2 3.18117
-1.75 0.25 0.25 0.0581723 -0.0878806 0.994431 921.609 2 9.21609
-0.75 0.25 0.25 0.0482618 -0.0687014 0.996469 255.053 2 2.55053
0.25 0.25 0.25 0.0381563 -0.050688 0.997985 654.92 2 6.5492
1.25 0.25 0.25 0.029598 -0.0342432 0.998975 153.101 2 1.53101
2.25 0.25 0.25 0.0254414 -0.0199398 0.999477 318.117 2 3.18117
-2.25 0.75 0.25 0.079255 -0.110277 0.990736 375.139 2 3.75139
-1.25 0.75 0.25 0.0683416 -0.0893953 0.993649 105.318 2 1.05318
-0.25 0.75 0.25 0.0564845 -0.0687525 0.996033 278.072 2 2.78072
0.75 0.75 0.25 0.0445431 -0.0487444 0.997818 682.31 2 6.8231
1.75 0.75 0.25 0.0342432 -0.029598 0.998975 153.101 2 1.53101
-1.75 1.25 0.25 0.0895152 -0.111438 0.989732 429.19 2 4.2919
-0.75 1.25 0.25 0.0765601 -0.0891257 0.993074 1150.59 3 1.15059
0.25 1.25 0.25 0.0626629 -0.0667551 0.9958 2902.6 3 2.9026
1.25 1.25 0.25 0.0487444 -0.0445431 0.997818 6823.1 3 6.8231
2.25 1.25 0.25 0.0363852 -0.0226046 0.999082 1473.92 3 1.47392
-2.5 -1.5 0.5 0.0292926 -0.00846327 0.999535 1479.81 3 1.47981
-1.5 -1.5 0.5 0.00318284 0.0163692 0.999861 4784.66 3 4.78466
-0.5 -1.5 0.5 -0.0238618 0.0386815 0.998967 1378.26 3 1.37826
0.5 -1.5 0.5 -0.0473365 0.0547539 0.997377 3358.29 3 3.35829
1.5 -1.5 0.5 -0.0616525 0.062495 0.996139 6597.89 3 6.59789
2.5 -1.5 0.5 -0.0649937 0.0634227 0.995868 1047.43 3 1.04743
-2 -1 0.5 0.0398778 -0.0208299 0.998987 1967.31 3 1.96731
-1 -1 0.5 0.0117222 0.00481582 0.99992 5990.1 3 5.9901
0 -1 0.5 -0.0169282 0.0280138 0.999464 1619.15 3 1.61915
1 -1 0.5 -0.0413335 0.0458501 0.998093 3710.29 3 3.71029
2 -1 0.5 -0.0566182 0.056699 0.996785 6925.64 3 6.92564
-2.5 -0.5 0.5 0.0757143 -0.0579582 0.995444 7921.14 3 7.92114
-1.5 -0.5 0.5 0.0484692 -0.0320357 0.998311 2478.35 3 2.47835
-0.5 -0.5 0.5 0.0180709 -0.00527023 0.999823 7114.73 3 7.11473
0.5 -0.5 0.5 -0.0122333 0.0195252 0.999735 1812 3 1.812
1.5 -0.5 0.5 -0.0379066 0.0400002 0.99848 3931.67 3 3.93167
2.5 -0.5 0.5 -0.0548255 0.0548255 0.99699 7034.41 3 7.03441
-2 0 0.5 0.0846232 -0.0691626 0.99401 9998.92 3 9.99892
-1 0 0.5 0.0547548 -0.0417679 0.997626 2961.04 3 2.96104
0 0 0.5 0.0221105 -0.0134195 0.999665 8030.25 3 8.03025
1 0 0.5 -0.00999201 0.0136196 0.999857 1935.78 3 1.93578
2 0 0.5 -0.0373834 0.0373834 0.998602 4006.3 3 4.0063
-2.5 0.5 0.5 0.119227 -0.104803 0.98732 3989.14 3 3.98914
-1.5 0.5 0.5 0.0911409 -0.0787711 0.992718 1197.46 3 1.19746
-0.5 0.5 0.5 0.0586347 -0.0496543 0.997044 3358.31 3 3.35831
0.5 0.5 0.5 0.0237145 -0.0192923 0.999533 8626.76 3 8.62676
1.5 0.5 0.5 -0.0104329 0.0104329 0.999891 1978.2 3 1.9782
2.5 0.5 0.5 -0.0400002 0.0379066 0.99848 3931.67 3 3.93167
-2 1 0.5 0.126077 -0.114489 0.985392 4777.94 3 4.77794
-1 1 0.5 0.0951592 -0.0865073 0.991696 1361.14 3 1.36114
0 1 0.5 0.0600408 -0.0554199 0.996656 3619.66 3 3.61966
1 1 0.5 0.022759 -0.022759 0.999482 8833.46 3 8.83346
2 1 0.5 -0.0136196 0.00999201 0.999857 1935.78 3 1.93578
-2.5 1.5 0.5 0.159073 -0.148013 0.976109 1896.7 3 1.8967
-1.5 1.5 0.5 0.130353 -0.122203 0.983908 5433.68 3 5.43368
-0.5 1.5 0.5 0.0966385 -0.0921577 0.991044 1469.42 3 1.46942
0.5 1.5 0.5 0.0589318 -0.0589318 0.996521 3710.81 3 3.71081
1.5 1.5 0.5 0.0192923 -0.0237145 0.999533 8626.76 3 8.62676
2.5 1.5 0.5 -0.0195252 0.0122333 0.999735 1812 3 1.812
-1.75 -1.25 0.75 0.0168934 -0.066105 0.99767 4061.91 3 4.06191
-0.75 -1.25 0.75 0.0136364 -0.0518354 0.998563 1222.96 3 1.22296
0.25 -1.25 0.75 0.0106345 -0.0414281 0.999085 3345.44 3 3.34544
1.25 -1.25 0.75 0.0108196 -0.0354514 0.999313 7988.07 3 7.98807
2.25 -1.25 0.75 0.0189318 -0.0343129 0.999232 1593.82 3 1.59382
-2.25 -0.75 0.75 0.0359541 -0.0881428 0.995459 1636.51 3 1.63651
-1.25 -0.75 0.75 0.0313647 -0.0705626 0.997014 5014.01 3 5.01401
-0.25 -0.75 0.75 0.0263264 -0.0552676 0.998124 1431.06 3 1.43106
0.75 -0.75 0.75 0.0219607 -0.0429259 0.998837 3710.02 3 3.71002
1.75 -0.75 0.75 0.0212312 -0.0337964 0.999203 8430.23 3 8.43023
-1.75 -0.25 0.75 0.0504882 -0.0918531 0.994492 2024.09 3 2.02409
-0.75 -0.25 0.75 0.0439549 -0.0732818 0.996342 5896.93 3 5.89693
0.25 -0.25 0.75 0.0370228 -0.0564826 0.997717 1598.46 3 1.59846
1.25 -0.25 0.75 0.0310558 -0.0416816 0.998648 3942.81 3 3.94281
2.25 -0.25 0.75 0.0289777 -0.0289777 0.99916 8579.16 3 8.57916
-2.25 0.25 0.75 0.0709243 -0.114493 0.990889 8117.53 3 8.11753
-1.25 0.25 0.75 0.0631533 -0.0939211 0.993575 2385.86 3 2.38586
-0.25 0.25 0.75 0.0544915 -0.0740155 0.995767 6614 3 6.614
0.75 0.25 0.75 0.0454992 -0.0552793 0.997434 1706.73 3 1.70673
1.75 0.25 0.75 0.037678 -0.037678 0.998579 4022.38 3 4.02238
-1.75 0.75 0.75 0.083705 -0.116075 0.989707 9572.8 3 9.5728
-0.75 0.75 0.75 0.0737554 -0.0941314 0.992824 2681.43 3 2.68143
0.25 0.75 0.75 0.0628153 -0.0725626 0.995384 7081.63 3 7.08163
1.25 0.75 0.75 0.051603 -0.051603 0.997334 1744.1 3 1.7441
2.25 0.75 0.75 0.0416816 -0.0310558 0.998648 3942.81 3 3.94281
-2.25 1.25 0.75 0.105318 -0.138936 0.984685 3827.99 3 3.82799
-1.25 1.25 0.75 0.0944437 -0.115847 0.988767 1076.6 3 1.0766
-0.25 1.25 0.75 0.0821659 -0.0923025 0.992335 2875.17 3 2.87517
0.75 1.25 0.75 0.0688369 -0.0688369 0.99525 7243.96 3 7.24396
1.75 1.25 0.75 0.0552793 -0.0454992 0.997434 1706.73 3 1.70673
-2 -1.5 1 0.0400407 -0.0355643 0.998565 4139.09 3 4.13909
-1 -1.5 1 0.0152358 -0.00866551 0.999846 1358.33 3 1.35833
0 -1.5 1 -0.0113055 0.0160553 0.999807 3989.27 3 3.98927
1 -1.5 1 -0.0349369 0.0349183 0.998779 9872.48 3 9.87248
2 -1.5 1 -0.0495382 0.0460707 0.997709 1935.6 3 1.9356
-2.5 -1 1 0.074945 -0.0727838 0.994528 1630 3 1.63
-1.5 -1 1 0.05168 -0.0464867 0.997581 5431.88 3 5.43188
-0.5 -1 1 0.0244309 -0.0186182 0.999528 1677.88 3 1.67788
0.5 -1 1 -0.00403165 0.00727425 0.999965 4616.3 3 4.6163
1.5 -1 1 -0.0287359 0.0284804 0.999181 1072.73 3 1.07273
2.5 -1 1 -0.0446155 0.0433843 0.998062 1998.63 3 1.99863
-2 -0.5 1 0.0870426 -0.0838365 0.992671 2138.44 3 2.13844
-1 -0.5 1 0.0610395 -0.0559991 0.996563 6741.98 3 6.74198
0 -0.5 1 0.0312228 -0.0267923 0.999153 1960.73 3 1.96073
1 -0.5 1 0.000885967 0.00108784 0.999999 5075.86 3 5.07586
2 -0.5 1 -0.0254172 0.0253436 0.999356 1116.6 3 1.1166
-2.5 0 1 0.120636 -0.119038 0.985534 8388.61 3 8.38861
-1.5 0 1 0.0968065 -0.0932552 0.990925 26561.2 4 2.65612
-0.5 0 1 0.0678808 -0.0637446 0.995655 79156.7 4 7.91567
0.5 0 1 0.0355602 -0.0327008 0.998832 21718.8 4 2.17188
1.5 0 1 0.00307355 -0.00235969 0.999992 53183.4 4 5.31834
2.5 0 1 -0.0253436 0.0254172 0.999356 11166 4 1.1166
-2 0.5 1 0.130831 -0.128634 0.983024 10402.9 4 1.04029
-1 0.5 1 0.103972 -0.100795 0.98946 31228.1 4 3.12281
0 0.5 1 0.0721532 -0.0693742 0.994978 88015.4 4 8.80154
1 0.5 1 0.0372329 -0.036206 0.998651 22850 4 2.285
2 0.5 1 0.00235969 -0.00307355 0.999992 53183.4 4 5.31834
-2.5 1 1 0.16283 -0.161381 0.973367 40767 4 4.0767
-1.5 1 1 0.138382 -0.136178 0.980972 12223.3 4 1.22233
-0.5 1 1 0.108464 -0.106224 0.988409 34771.7 4 3.47717
0.5 1 1 0.0737609 -0.0727558 0.994618 92798 4 9.2798
1.5 1 1 0.036206 -0.0372329 0.998651 22850 4 2.285
2.5 1 1 -0.00108784 -0.000885966 0.999999 50758.6 4 5.07586
-2 1.5 1 0.170687 -0.169091 0.970708 47820 4 4.782
-1 1.5 1 0.14318 -0.14153 0.979525 13609.4 4 1.36094
0 1.5 1 0.11025 -0.109426 0.987862 36691.8 4 3.66918
1 1.5 1 0.0727558 -0.0737609 0.994618 92798 4 9.2798
2 1.5 1 0.0327008 -0.0355602 0.998832 21718.8 4 2.17188
-2.25 -1.25 1.25 0.0175849 -0.0848475 0.996239 34014.4 4 3.40144
-1.25 -1.25 1.25 0.0166884 -0.0679339 0.99755 10993.1 4 1.09931
-0.25 -1.25 1.25 0.0159015 -0.0542165 0.998403 33326.5 4 3.33265
0.75 -1.25 1.25 0.0152766 -0.0445578 0.99889 92126.6 4 9.21266
1.75 -1.25 1.25 0.0171787 -0.0384466 0.999113 22224.3 4 2.22243
-1.75 -0.75 1.25 0.034681 -0.0893429 0.995397 43625.7 4 4.36257
-0.75 -0.75 1.25 0.0319886 -0.071636 0.996918 13392.2 4 1.33922
0.25 -0.75 1.25 0.0290855 -0.0566682 0.997969 38425.2 4 3.84252
1.25 -0.75 1.25 0.026708 -0.0445624 0.99865 10053 4 1.0053
2.25 -0.75 1.25 0.0273395 -0.0345264 0.99903 23066 4 2.3066
-2.25 -0.25 1.25 0.0545201 -0.112269 0.992181 17287.3 4 1.72873
-1.25 -0.25 1.25 0.0500315 -0.0921726 0.994485 53206.6 4 5.32066
-0.25 -0.25 1.25 0.0450984 -0.0733199 0.996288 15506.1 4 1.55061
0.75 -0.25 1.25 0.0399108 -0.0565359 0.997603 42193.1 4 4.21931
1.75 -0.25 1.25 0.0355009 -0.0414927 0.998508 10493.8 4 1.04938
-1.75 0.25 1.25 0.0699238 -0.114497 0.99096 21068.3 4 2.10683
-0.75 0.25 1.25 0.063238 -0.0930972 0.993647 61701.9 4 6.17019
0.25 0.25 1.25 0.0558215 -0.0726933 0.995791 17083.3 4 1.70833
1.25 0.25 1.25 0.0481423 -0.0536846 0.997397 44197.2 4 4.41972
2.25 0.25 1.25 0.0414927 -0.0355009 0.998508 10493.8 4 1.04938
-2.25 0.75 1.25 0.09127 -0.137605 0.986273 83438.1 4 8.34381
-1.25 0.75 1.25 0.0832607 -0.114833 0.989889 24431.6 4 2.44316
-0.25 0.75 1.25 0.0740865 -0.0918739 0.993011 68076.1 4 6.80761
0.75 0.75 1.25 0.0640039 -0.0696059 0.995519 17928.1 4 1.79281
1.75 0.75 1.25 0.0536846 -0.0481423 0.997397 44197.2 4 4.41972
-1.75 1.25 1.25 0.104705 -0.137582 0.984941 96664.1 4 9.66641
-0.75 1.25 1.25 0.0942949 -0.113094 0.9891 26962.9 4 2.69629
0.25 1.25 1.25 0.0824623 -0.0883599 0.992669 71503 4 7.1503
1.25 1.25 1.25 0.0696059 -0.0640039 0.995519 17928.1 4 1.79281
2.25 1.25 1.25 0.0565359 -0.0399108 0.997603 42193.1 4 4.21931
-2.5 -1.5 1.5 0.0660601 -0.0856878 0.99413 32994.8 4 3.29948
-1.5 -1.5 1.5 0.047481 -0.0593255 0.997109 11680.4 4 1.16804
-0.5 -1.5 1.5 0.0245796 -0.0303726 0.999236 38920.7 4 3.89207
0.5 -1.5 1.5 -0.000869094 -0.00324868 0.999994 11680.7 4 1.16807
1.5 -1.5 1.5 -0.0241717 0.0187256 0.999532 29483.1 4 2.94831
2.5 -1.5 1.5 -0.039045 0.0340412 0.998657 57855.2 4 5.78552
-2 -1 1.5 0.0815187 -0.0964011 0.991999 45042.5 4 4.50425
-1 -1 1.5 0.0603052 -0.0683443 0.995838 15108.3 4 1.51083
0 -1 1.5 0.0345398 -0.0382709 0.99867 47326.7 4 4.73267
1 -1 1.5 0.00687867 -0.00960744 0.99993 13280.1 4 1.32801
2 -1 1.5 -0.0178099 0.0152108 0.999726 31467.8 4 3.14678
-2.5 -0.5 1.5 0.113829 -0.130653 0.984872 17444.7 4 1.74447
-1.5 -0.5 1.5 0.0948568 -0.105443 0.989891 58140.7 4 5.81407
-0.5 -0.5 1.5 0.07057 -0.0756653 0.994633 18430.7 4 1.84307
0.5 -0.5 1.5 0.0419027 -0.0440296 0.998151 54275.4 4 5.42754
1.5 -0.5 1.5 0.0119747 -0.0131486 0.999842 14326.9 4 1.43269
2.5 -0.5 1.5 -0.0148555 0.0148555 0.999779 32156.6 4 3.21566
-2 0 1.5 0.12762 -0.140043 0.981886 22428.1 4 2.24281
-1 0 1.5 0.105615 -0.112561 0.988016 70887.5 4 7.08875
0 0 1.5 0.07809 -0.0809391 0.993655 21212.9 4 2.12129
1 0 1.5 0.0465369 -0.0473834 0.997792 58898 4 5.8898
2 0 1.5 0.0140077 -0.0140077 0.999804 14696.5 4 1.46965
-2.5 0.5 1.5 0.158498 -0.171626 0.972329 87061.3 4 8.70613
-1.5 0.5 1.5 0.138837 -0.147264 0.979305 27278 4 2.7278
-0.5 0.5 1.5 0.113539 -0.117563 0.986554 81629.3 4 8.16293
0.5 0.5 1.5 0.0827922 -0.0839887 0.993021 23077.8 4 2.30778
1.5 0.5 1.5 0.0482994 -0.0482994 0.997664 60537.9 4 6.05379
2.5 0.5 1.5 0.0131486 -0.0119747 0.999842 14326.9 4 1.43269
-2 1 1.5 0.170011 -0.179145 0.969022 10554 4 1.0554
-1 1 1.5 0.147178 -0.15222 0.977327 31374.1 4 3.13741
0 1 1.5 0.118559 -0.120347 0.985627 88851.5 4 8.88515
1 1 1.5 0.0846901 -0.0846901 0.992802 23739.6 4 2.37396
2 1 1.5 0.0473834 -0.0465369 0.997792 58898 4 5.8898
-2.5 1.5 1.5 0.199286 -0.208281 0.957551 41093.7 4 4.10937
-1.5 1.5 1.5 0.178642 -0.184235 0.966511 12114.5 4 1.21145
-0.5 1.5 1.5 0.152549 -0.154864 0.976087 34130 4 3.413
0.5 1.5 1.5 0.12076 -0.12076 0.985309 91411.8 4 9.14118
1.5 1.5 1.5 0.0839887 -0.0827922 0.993021 23077.8 4 2.30778
2.5 1.5 1.5 0.0440296 -0.0419027 0.998151 54275.4 4 5.42754
