450
-2.5 -1.5 -1.5 -0.677249 -0.134565 0.723343 5.83124 0 5.83124
-1.5 -1.5 -1.5 -0.65435 -0.186753 0.732768 2.67821 0 2.67821
-0.5 -1.5 -1.5 -0.617812 -0.226832 0.752899 1.1815 0 1.1815
0.5 -1.5 -1.5 -0.552905 -0.237206 0.798768 45.2858 1 4.52858
1.5 -1.5 -1.5 -0.417587 -0.208523 0.884386 152.803 2 1.52803
2.5 -1.5 -1.5 -0.164278 -0.101374 0.981191 63211.4 4 6.32114
-2 -1 -1.5 -0.67937 -0.131848 0.721853 1.56944 0 1.56944
-1 -1 -1.5 -0.652745 -0.184761 0.734702 7.17229 0 7.17229
0 -1 -1.5 -0.5966 -0.211071 0.774285 3.16316 0 3.16316
1 -1 -1.5 -0.474865 -0.18709 0.859942 122.491 2 1.22491
2 -1 -1.5 -0.194742 -0.10263 0.97547 4821.84 3 4.82184
-2.5 -0.5 -1.5 -0.70466 -0.0785188 0.705187 8.81134 0 8.81134
-1.5 -0.5 -1.5 -0.680104 -0.127485 0.721946 4.17847 0 4.17847
-0.5 -0.5 -1.5 -0.642886 -0.177292 0.745161 1.87371 0 1.87371
0.5 -0.5 -1.5 -0.534531 -0.177024 0.826401 83.2211 1 8.32211
1.5 -0.5 -1.5 -0.252776 -0.103134 0.962012 3690 3 3.69
2.5 -0.5 -1.5 -0.0899567 -0.0556837 0.994388 11893.8 4 1.18938
-2 0 -1.5 -0.709596 -0.0743211 0.700678 2.31875 0 2.31875
-1 0 -1.5 -0.674598 -0.118128 0.728672 1.09497 0 1.09497
0 0 -1.5 -0.601398 -0.155816 0.783608 46.9409 1 4.69409
1 0 -1.5 -0.331567 -0.111419 0.936829 238.749 2 2.38749
2 0 -1.5 -0.11447 -0.0598512 0.991622 9130.2 3 9.1302
-2.5 0.5 -1.5 -0.733569 -0.0232293 0.679218 1.21755 0 1.21755
-1.5 0.5 -1.5 -0.712097 -0.068493 0.698732 6.00417 0 6.00417
-0.5 0.5 -1.5 -0.649764 -0.101094 0.753383 28.1212 1 2.81212
0.5 0.5 -1.5 -0.457014 -0.0966848 0.884189 115.031 2 1.15031
1.5 0.5 -1.5 -0.151893 -0.0663614 0.986167 6072.66 3 6.07266
2.5 0.5 -1.5 -0.0789398 -0.0528082 0.99548 18121.7 4 1.81217
-2 1 -1.5 -0.740334 -0.0183355 0.671989 3.11068 0 3.11068
-1 1 -1.5 -0.706066 -0.0612778 0.70549 15.1349 1 1.51349
0 1 -1.5 -0.573052 -0.0759262 0.815994 709.872 2 7.09872
1 1 -1.5 -0.256425 -0.0753585 0.963622 3682.13 3 3.68213
2 1 -1.5 -0.0922342 -0.0532928 0.99431 13162.6 4 1.31626
-2.5 1.5 -1.5 -0.765919 0.0257498 0.642421 15.6019 1 1.56019
-1.5 1.5 -1.5 -0.742262 -0.0141505 0.66996 77.7356 1 7.77356
-0.5 1.5 -1.5 -0.66764 -0.056114 0.742367 365.904 2 3.65904
0.5 1.5 -1.5 -0.367848 -0.0713025 0.927148 2056.99 3 2.05699
1.5 1.5 -1.5 -0.131464 -0.0598619 0.989512 87308.8 4 8.73088
2.5 1.5 -1.5 -0.0883071 -0.0641467 0.994026 23700.4 4 2.37004
-2.25 -1.25 -1.25 -0.765242 -0.0487783 0.641893 6.32858 0 6.32858
-1.25 -1.25 -1.25 -0.74312 -0.112897 0.659566 3.02112 0 3.02112
-0.25 -1.25 -1.25 -0.706782 -0.176826 0.684975 1.40121 0 1.40121
0.75 -1.25 -1.25 -0.655467 -0.2306 0.719157 55.0504 1 5.50504
1.75 -1.25 -1.25 -0.612417 -0.266109 0.7444 1780.57 3 1.78057
-1.75 -0.75 -1.25 -0.762107 -0.0325496 0.646632 1.69902 0 1.69902
-0.75 -0.75 -1.25 -0.736145 -0.0991533 0.669522 7.99189 0 7.99189
0.25 -0.75 -1.25 -0.690414 -0.160409 0.705406 37.0812 1 3.70812
1.25 -0.75 -1.25 -0.640376 -0.204217 0.740415 147.72 2 1.4772
2.25 -0.75 -1.25 -0.516846 -0.192653 0.834119 2722.57 3 2.72257
-2.25 -0.25 -1.25 -0.777253 0.050038 0.627195 9.0443 0 9.0443
-1.25 -0.25 -1.25 -0.755664 -0.0153698 0.65478 4.5049 0 4.5049
-0.25 -0.25 -1.25 -0.721939 -0.0822024 0.687057 20.3372 1 2.03372
0.75 -0.25 -1.25 -0.678862 -0.127469 0.723117 964.665 2 9.64665
1.75 -0.25 -1.25 -0.55288 -0.130309 0.823009 2218.68 3 2.21868
-1.75 0.25 -1.25 -0.773213 0.0705404 0.63021 2.35098 0 2.35098
-0.75 0.25 -1.25 -0.742417 0.00557635 0.669915 1.17763 0 1.17763
0.25 0.25 -1.25 -0.695862 -0.0528455 0.716229 48.8369 1 4.88369
1.25 0.25 -1.25 -0.606375 -0.0574005 0.793104 1704.57 3 1.70457
2.25 0.25 -1.25 -0.374423 -0.0495952 0.925931 38100.9 4 3.81009
-2.25 0.75 -1.25 -0.78171 0.153413 0.604479 1.14723 0 1.14723
-1.25 0.75 -1.25 -0.764235 0.0930621 0.638188 59.8554 1 5.98554
-0.25 0.75 -1.25 -0.720814 0.035017 0.692243 30.0853 1 3.00853
0.75 0.75 -1.25 -0.659503 0.00702023 0.751669 128.257 2 1.28257
1.75 0.75 -1.25 -0.431101 0.00350319 0.902297 28385.1 4 2.83851
-1.75 1.25 -1.25 -0.774331 0.177624 0.607339 28.5602 1 2.85602
-0.75 1.25 -1.25 -0.746328 0.120108 0.654651 14.639 1 1.4639
0.25 1.25 -1.25 -0.694059 0.0872095 0.714617 766.177 2 7.66177
1.25 1.25 -1.25 -0.516624 0.0604736 0.854074 1967.88 3 1.96788
2.25 1.25 -1.25 -0.278659 0.0236636 0.960098 49888.4 4 4.98884
-2 -1.5 -1 -0.674119 -0.167118 0.719469 9.89165 0 9.89165
-1 -1.5 -1 -0.645047 -0.217642 0.732493 4.26111 0 4.26111
0 -1.5 -1 -0.59792 -0.24733 0.762443 1.67801 0 1.67801
1 -1.5 -1 -0.526181 -0.258991 0.809973 578.905 2 5.78905
2 -1.5 -1 -0.370488 -0.216086 0.903352 1846.09 3 1.84609
-2.5 -1 -1 -0.69724 -0.112556 0.707946 5.77639 0 5.77639
-1.5 -1 -1 -0.674534 -0.16841 0.718778 2.60889 0 2.60889
-0.5 -1 -1 -0.637605 -0.214823 0.739805 1.10699 0 1.10699
0.5 -1 -1 -0.567298 -0.225525 0.79203 43.7154 1 4.37154
1.5 -1 -1 -0.436188 -0.199464 0.87747 1513.13 3 1.51313
2.5 -1 -1 -0.168619 -0.11353 0.979121 57786.1 4 5.77861
-2 -0.5 -1 -0.699855 -0.112705 0.705337 1.5124 0 1.5124
-1 -0.5 -1 -0.671733 -0.167406 0.72163 6.73703 0 6.73703
0 -0.5 -1 -0.618205 -0.204912 0.758837 27.9179 1 2.79179
1 -0.5 -1 -0.492988 -0.182192 0.850746 113.534 2 1.13534
2 -0.5 -1 -0.213749 -0.111911 0.970457 4493.21 3 4.49321
-2.5 0 -1 -0.724205 -0.0592562 0.687034 8.32401 0 8.32401
-1.5 0 -1 -0.700593 -0.111534 0.70479 3.8928 0 3.8928
-0.5 0 -1 -0.658157 -0.158417 0.736025 16.7922 1 1.67922
0.5 0 -1 -0.565728 -0.177836 0.805187 672.477 2 6.72477
1.5 0 -1 -0.297846 -0.113495 0.947843 3273.21 3 3.27321
2.5 0 -1 -0.081926 -0.0617931 0.994721 10783.9 4 1.07839
-2 0.5 -1 -0.729284 -0.0592964 0.681637 2.12139 0 2.12139
-1 0.5 -1 -0.695231 -0.106246 0.710891 9.73821 0 9.73821
0 0.5 -1 -0.61372 -0.129543 0.778824 39.7941 1 3.97941
1 0.5 -1 -0.405846 -0.148444 0.901806 1707.64 3 1.70764
2 0.5 -1 -0.110626 -0.0661776 0.991656 76315.2 4 7.63152
-2.5 1 -1 -0.75136 -0.00761578 0.659848 11.0129 1 1.10129
-1.5 1 -1 -0.731647 -0.0584155 0.679176 52.664 1 5.2664
-0.5 1 -1 -0.674877 -0.0941641 0.731898 23.2679 1 2.32679
0.5 1 -1 -0.503532 -0.0939318 0.858855 998.36 2 9.9836
1.5 1 -1 -0.19308 -0.0884545 0.977188 4782.88 3 4.78288
2.5 1 -1 -0.0555352 -0.0554438 0.996916 15835.4 4 1.58354
-2 1.5 -1 -0.757837 -0.00804398 0.652395 27.1575 1 2.71575
-1 1.5 -1 -0.724754 -0.055386 0.686778 124.553 2 1.24553
0 1.5 -1 -0.616644 -0.0822897 0.78293 541.188 2 5.41188
1 1.5 -1 -0.302322 -0.0772887 0.950067 2897.4 3 2.8974
2 1.5 -1 -0.0823326 -0.0666787 0.994372 10840.5 4 1.08405
-1.75 -1.25 -0.75 -0.749924 -0.0672499 0.658097 1.09742 0 1.09742
-0.75 -1.25 -0.75 -0.717974 -0.13322 0.683203 4.90422 0 4.90422
0.25 -1.25 -0.75 -0.669297 -0.194536 0.717075 20.3964 1 2.03964
1.25 -1.25 -0.75 -0.616075 -0.243916 0.74897 691.414 2 6.91414
2.25 -1.25 -0.75 -0.565364 -0.268652 0.779865 2168.83 3 2.16883
-2.25 -0.75 -0.75 -0.765826 0.0144944 0.642884 6.09869 0 6.09869
-1.25 -0.75 -0.75 -0.742417 -0.0535555 0.667794 2.85328 0 2.85328
-0.25 -0.75 -0.75 -0.704167 -0.118937 0.700002 1.24975 0 1.24975
0.75 -0.75 -0.75 -0.650025 -0.176057 0.739237 527.268 2 5.27268
1.75 -0.75 -0.75 -0.592781 -0.2132 0.776631 1845.15 3 1.84515
-1.75 -0.25 -0.75 -0.759825 0.0316514 0.649356 1.57225 0 1.57225
-0.75 -0.25 -0.75 -0.729656 -0.0384436 0.682732 7.201 0 7.201
0.25 -0.25 -0.75 -0.685487 -0.10158 0.720963 30.6441 1 3.06441
1.25 -0.25 -0.75 -0.622839 -0.14703 0.76841 1466.12 3 1.46612
2.25 -0.25 -0.75 -0.497195 -0.141276 0.856059 27446.5 4 2.74465
-2.25 0.25 -0.75 -0.772014 0.116203 0.624893 8.07238 0 8.07238
-1.25 0.25 -0.75 -0.749264 0.0503051 0.660358 3.95778 0 3.95778
-0.25 0.25 -0.75 -0.708076 -0.0183462 0.705897 17.489 1 1.7489
0.75 0.25 -0.75 -0.657375 -0.0635264 0.750882 766.9 2 7.669
1.75 0.25 -0.75 -0.535145 -0.0632433 0.842389 2181.81 3 2.18181
-1.75 0.75 -0.75 -0.764496 0.136506 0.63001 1.98976 0 1.98976
-0.75 0.75 -0.75 -0.731888 0.0734427 0.677456 96.2944 1 9.62944
0.25 0.75 -0.75 -0.677097 0.0132543 0.735774 438.651 2 4.38651
1.25 0.75 -0.75 -0.588031 -0.00351986 0.808831 1669.8 3 1.6698
2.25 0.75 -0.75 -0.365161 -0.00740362 0.930915 35737.2 4 3.57372
-2.25 1.25 -0.75 -0.770579 0.217248 0.599176 94.8242 1 9.48242
-1.25 1.25 -0.75 -0.750515 0.159104 0.641415 47.1665 1 4.71665
-0.25 1.25 -0.75 -0.705017 0.102906 0.701684 229.894 2 2.29894
0.75 1.25 -0.75 -0.631823 0.0596558 0.772813 1202.43 3 1.20243
1.75 1.25 -0.75 -0.443023 0.0459486 0.895332 25348.4 4 2.53484
-2.5 -1.5 -0.5 -0.688372 -0.143298 0.711062 3.64269 0 3.64269
-1.5 -1.5 -0.5 -0.661983 -0.197908 0.722918 1.55193 0 1.55193
-0.5 -1.5 -0.5 -0.623292 -0.242008 0.743599 6.10346 0 6.10346
0.5 -1.5 -0.5 -0.569458 -0.270267 0.776321 22.0058 1 2.20058
1.5 -1.5 -0.5 -0.491519 -0.284852 0.822963 7047.21 3 7.04721
2.5 -1.5 -0.5 -0.330904 -0.254351 0.90874 24420.9 4 2.44209
-2 -1 -0.5 -0.688446 -0.146206 0.710398 9.46406 0 9.46406
-1 -1 -0.5 -0.657422 -0.199948 0.726511 3.97589 0 3.97589
0 -1 -0.5 -0.608885 -0.236954 0.757042 15.4007 1 1.54007
1 -1 -0.5 -0.532809 -0.24187 0.810933 553.371 2 5.53371
2 -1 -0.5 -0.390588 -0.212999 0.895585 1800.53 3 1.80053
-2.5 -0.5 -0.5 -0.711594 -0.0916966 0.696582 5.44957 0 5.44957
-1.5 -0.5 -0.5 -0.68689 -0.14913 0.711296 2.41276 0 2.41276
-0.5 -0.5 -0.5 -0.647704 -0.199009 0.735442 9.91 0 9.91
0.5 -0.5 -0.5 -0.582801 -0.223367 0.781313 378.002 2 3.78002
1.5 -0.5 -0.5 -0.455112 -0.19186 0.869519 1413.72 3 1.41372
2.5 -0.5 -0.5 -0.17805 -0.118698 0.976836 51447.7 4 5.14477
-2 0 -0.5 -0.713015 -0.0947868 0.694712 1.38192 0 1.38192
-1 0 -0.5 -0.68084 -0.148957 0.717125 5.96752 0 5.96752
0 0 -0.5 -0.628066 -0.189333 0.754775 23.7633 1 2.37633
1 0 -0.5 -0.523317 -0.199218 0.828524 904.379 2 9.04379
2 0 -0.5 -0.250819 -0.119428 0.960639 39034.9 4 3.90349
-2.5 0.5 -0.5 -0.736248 -0.0411626 0.675459 7.50172 0 7.50172
-1.5 0.5 -0.5 -0.711827 -0.0966202 0.695677 3.41316 0 3.41316
-0.5 0.5 -0.5 -0.665362 -0.140348 0.73321 14.0962 1 1.40962
0.5 0.5 -0.5 -0.577813 -0.168832 0.798516 556.766 2 5.56766
1.5 0.5 -0.5 -0.329996 -0.154975 0.931174 2113.08 3 2.11308
2.5 0.5 -0.5 -0.0730996 -0.0672376 0.995056 88396.2 4 8.83962
-2 1 -0.5 -0.739305 -0.0443394 0.67191 18.4136 1 1.84136
-1 1 -0.5 -0.70541 -0.094655 0.702451 80.8266 1 8.08266
0 1 -0.5 -0.631177 -0.125577 0.765406 327.12 2 3.2712
1 1 -0.5 -0.43989 -0.108934 0.89142 1269.23 3 1.26923
2 1 -0.5 -0.139687 -0.0923341 0.985881 57700.4 4 5.77004
-2.5 1.5 -0.5 -0.759859 0.00794047 0.65004 94.8487 1 9.48487
-1.5 1.5 -0.5 -0.738875 -0.0459558 0.672273 43.4257 1 4.34257
-0.5 1.5 -0.5 -0.68896 -0.090526 0.719124 183.993 2 1.83993
0.5 1.5 -0.5 -0.558149 -0.107836 0.822704 7486.65 3 7.48665
1.5 1.5 -0.5 -0.230038 -0.0884893 0.96915 35938.7 4 3.59387
2.5 1.5 -0.5 -0.0402418 -0.0696719 0.996758 12707.8 4 1.27078
-2.25 -1.25 -0.25 -0.752335 -0.0201875 0.658471 3.93759 0 3.93759
-1.25 -1.25 -0.25 -0.723587 -0.087437 0.684672 1.7345 0 1.7345
-0.25 -1.25 -0.25 -0.680195 -0.151986 0.717102 70.998 1 7.0998
0.75 -1.25 -0.25 -0.62589 -0.210073 0.751087 267.375 2 2.67375
1.75 -1.25 -0.25 -0.568155 -0.25731 0.78166 8384.85 3 8.38485
-1.75 -0.75 -0.25 -0.744099 -0.00572544 0.668044 1.00184 0 1.00184
-0.75 -0.75 -0.25 -0.709934 -0.0745402 0.700312 4.33698 0 4.33698
0.25 -0.75 -0.25 -0.661177 -0.13598 0.737804 17.6091 1 1.76091
1.25 -0.75 -0.25 -0.599942 -0.188601 0.777495 685.341 2 6.85341
2.25 -0.75 -0.25 -0.53771 -0.222498 0.813242 22005.6 4 2.20056
-2.25 -0.25 -0.25 -0.758036 0.0786899 0.647448 5.42858 0 5.42858
-1.25 -0.25 -0.25 -0.732023 0.00906567 0.681219 2.47702 0 2.47702
-0.25 -0.25 -0.25 -0.692048 -0.05981 0.719369 10.522 1 1.0522
0.75 -0.25 -0.25 -0.635566 -0.115405 0.763372 428.867 2 4.28867
1.75 -0.25 -0.25 -0.56933 -0.157651 0.806852 1792.58 3 1.79258
-1.75 0.25 -0.25 -0.748369 0.0960622 0.656289 1.32743 0 1.32743
-0.75 0.25 -0.25 -0.714122 0.0263067 0.699527 59.1719 1 5.91719
0.25 0.25 -0.25 -0.665496 -0.0403915 0.745308 252.867 2 2.52867
1.25 0.25 -0.25 -0.598297 -0.0779721 0.797471 9675.09 3 9.67509
2.25 0.25 -0.25 -0.473693 -0.0738846 0.877585 26427.9 4 2.64279
-2.25 0.75 -0.25 -0.758297 0.179283 0.626771 66.5291 1 6.65291
-1.25 0.75 -0.25 -0.733826 0.115132 0.669511 31.3224 1 3.13224
-0.25 0.75 -0.25 -0.686971 0.0504673 0.724931 140.776 2 1.40776
0.75 0.75 -0.25 -0.622441 -0.00883829 0.782617 5869.51 3 5.86951
1.75 0.75 -0.25 -0.519954 -0.0172432 0.85402 20798.6 4 2.07986
-1.75 1.25 -0.25 -0.746858 0.198727 0.634596 15.4143 1 1.54143
-0.75 1.25 -0.25 -0.711569 0.138173 0.688896 719.622 2 7.19622
0.25 1.25 -0.25 -0.649569 0.0852502 0.755508 3341.14 3 3.34114
1.25 1.25 -0.25 -0.567797 0.0425375 0.822069 1512.73 3 1.51273
2.25 1.25 -0.25 -0.376258 0.0313646 0.925984 31078.8 4 3.10788
-2 -1.5 0 -0.673702 -0.173113 0.718441 5.6469 0 5.6469
-1 -1.5 0 -0.638612 -0.224411 0.73608 2.222 0 2.222
0 -1.5 0 -0.592844 -0.26647 0.759954 81.1037 1 8.11037
1 -1.5 0 -0.536803 -0.297224 0.78962 273.139 2 2.73139
2 -1.5 0 -0.457628 -0.321699 0.828907 8688.37 3 8.68837
-2.5 -1 0 -0.697799 -0.120677 0.706055 3.41614 0 3.41614
-1.5 -1 0 -0.669019 -0.17727 0.721796 1.42782 0 1.42782
-0.5 -1 0 -0.628006 -0.225942 0.744687 55.34 1 5.534
0.5 -1 0 -0.573274 -0.258389 0.777555 198.129 2 1.98129
1.5 -1 0 -0.494956 -0.26342 0.828027 6664.52 3 6.66452
2.5 -1 0 -0.349378 -0.225388 0.90947 20305.4 4 2.03054
-2 -0.5 0 -0.695632 -0.125491 0.707353 8.59394 0 8.59394
-1 -0.5 0 -0.661269 -0.18073 0.728052 3.52532 0 3.52532
0 -0.5 0 -0.612526 -0.22354 0.758183 13.3881 1 1.33881
1 -0.5 0 -0.540731 -0.241635 0.805743 473.657 2 4.73657
2 -0.5 0 -0.410982 -0.20537 0.88821 16406.3 4 1.64063
-2.5 0 0 -0.718756 -0.0713791 0.691588 4.88916 0 4.88916
-1.5 0 0 -0.690795 -0.129927 0.711281 2.10761 0 2.10761
-0.5 0 0 -0.649058 -0.18044 0.73903 84.2295 1 8.42295
0.5 0 0 -0.586026 -0.21549 0.781113 314.53 2 3.1453
1.5 0 0 -0.46968 -0.213102 0.856731 1088.06 3 1.08806
2.5 0 0 -0.211296 -0.125444 0.969339 43879.8 4 4.38798
-2 0.5 0 -0.717378 -0.0764796 0.692474 1.19402 0 1.19402
-1 0.5 0 -0.681744 -0.131021 0.719763 49.8799 1 4.98799
0 0.5 0 -0.627216 -0.17431 0.759089 194.88 2 1.9488
1 0.5 0 -0.523707 -0.187855 0.830928 6885.5 3 6.8855
2 0.5 0 -0.272012 -0.16124 0.948689 24791.6 4 2.47916
-2.5 1 0 -0.739661 -0.0226547 0.672598 64.1871 1 6.41871
-1.5 1 0 -0.71318 -0.07992 0.696411 28.1755 1 2.81755
-0.5 1 0 -0.666012 -0.128071 0.734865 114.655 2 1.14655
0.5 1 0 -0.580712 -0.153434 0.799519 4215.88 3 4.21588
1.5 1 0 -0.372295 -0.119699 0.920363 15199.8 4 1.51998
2.5 1 0 -0.0954442 -0.094915 0.990899 65572 4 6.5572
-2 1.5 0 -0.739398 -0.0274069 0.672711 150.714 2 1.50714
-1 1.5 0 -0.70463 -0.0812324 0.70491 641.576 2 6.41576
0 1.5 0 -0.637942 -0.120933 0.76053 2531.26 3 2.53126
1 1.5 0 -0.485212 -0.127911 0.86499 91645.2 4 9.16452
2 1.5 0 -0.1713 -0.095533 0.980576 42203.3 4 4.22033
-1.75 -1.25 0.25 -0.725044 -0.0399976 0.68754 6.10806 0 6.10806
-0.75 -1.25 0.25 -0.685631 -0.106757 0.720079 2.48275 0 2.48275
0.25 -1.25 0.25 -0.63439 -0.168522 0.75442 93.818 1 9.3818
1.25 -1.25 0.25 -0.575781 -0.224199 0.786264 3297.35 3 3.29735
2.25 -1.25 0.25 -0.516247 -0.268629 0.81322 97363.1 4 9.73631
-2.25 -0.75 0.25 -0.741816 0.0421169 0.669279 3.48369 0 3.48369
-1.25 -0.75 0.25 -0.710976 -0.0268146 0.702705 1.49796 0 1.49796
-0.25 -0.75 0.25 -0.666364 -0.0930142 0.739802 60.1511 1 6.01511
0.75 -0.75 0.25 -0.608974 -0.149662 0.778943 227.179 2 2.27179
1.75 -0.75 0.25 -0.547738 -0.19987 0.812425 8086.7 3 8.0867
-1.75 -0.25 0.25 -0.729663 0.0569966 0.681428 8.43574 0 8.43574
-0.75 -0.25 0.25 -0.692983 -0.0127306 0.720842 35.6903 1 3.56903
0.25 -0.25 0.25 -0.641496 -0.0766925 0.763283 142.576 2 1.42576
1.25 -0.25 0.25 -0.57906 -0.127906 0.805189 5226.01 3 5.22601
2.25 -0.25 0.25 -0.510934 -0.166734 0.843295 20865.6 4 2.08656
-2.25 0.25 0.25 -0.741993 0.141179 0.655374 4.46773 0 4.46773
-1.25 0.25 0.25 -0.71321 0.0727856 0.697162 19.775 1 1.9775
-0.25 0.25 0.25 -0.668269 0.00463908 0.743905 833.266 2 8.33266
0.75 0.25 0.25 -0.608198 -0.0585591 0.791623 3201.16 3 3.20116
1.75 0.25 0.25 -0.535141 -0.0905875 0.839891 11592.4 4 1.15924
-1.75 0.75 0.25 -0.728523 0.158216 0.6665 10.323 1 1.0323
-0.75 0.75 0.25 -0.690084 0.0920522 0.717851 454.313 2 4.54313
0.25 0.75 0.25 -0.632821 0.0291756 0.773748 187.152 2 1.87152
1.25 0.75 0.25 -0.560528 -0.0267261 0.827704 7145.55 3 7.14555
2.25 0.75 0.25 -0.453083 -0.0303022 0.890953 24599.8 4 2.45998
-2.25 1.25 0.25 -0.736997 0.237946 0.632628 50.8889 1 5.08889
-1.25 1.25 0.25 -0.709215 0.177266 0.682343 231.557 2 2.31557
-0.25 1.25 0.25 -0.658179 0.117396 0.743652 101.962 2 1.01962
0.75 1.25 0.25 -0.587126 0.0647477 0.806902 4157.93 3 4.15793
1.75 1.25 0.25 -0.499411 0.0246336 0.866015 18215.6 4 1.82156
-2.5 -1.5 0.5 -0.681998 -0.14581 0.716672 2.04624 0 2.04624
-1.5 -1.5 0.5 -0.64883 -0.200283 0.734102 8.05698 0 8.05698
-0.5 -1.5 0.5 -0.606624 -0.249829 0.754714 29.6284 1 2.96284
0.5 -1.5 0.5 -0.557934 -0.292257 0.776721 101.898 2 1.01898
1.5 -1.5 0.5 -0.501926 -0.326032 0.801108 3308.39 3 3.30839
2.5 -1.5 0.5 -0.420695 -0.329778 0.84514 95887.2 4 9.58872
-2 -1 0.5 -0.676437 -0.15074 0.720909 5.10599 0 5.10599
-1 -1 0.5 -0.638575 -0.204588 0.741867 1.9823 0 1.9823
0 -1 0.5 -0.59095 -0.250108 0.766958 71.6462 1 7.16462
1 -1 0.5 -0.533148 -0.281778 0.797719 2414.81 3 2.41481
2 -1 0.5 -0.456427 -0.282506 0.84372 75654.2 4 7.56542
-2.5 -0.5 0.5 -0.700395 -0.0982915 0.706955 3.04711 0 3.04711
-1.5 -0.5 0.5 -0.668405 -0.156317 0.727186 1.24721 0 1.24721
-0.5 -0.5 0.5 -0.625081 -0.207377 0.752508 47.5482 1 4.75482
0.5 -0.5 0.5 -0.56935 -0.245985 0.784431 168.338 2 1.68338
1.5 -0.5 0.5 -0.493942 -0.259172 0.82997 5541.29 3 5.54129
2.5 -0.5 0.5 -0.372412 -0.215711 0.90265 17916.2 4 1.79162
-2 0 0.5 -0.694907 -0.10447 0.71147 7.39584 0 7.39584
-1 0 0.5 -0.657277 -0.160708 0.736315 29.6436 1 2.96436
0 0 0.5 -0.606353 -0.206995 0.767782 110.624 2 1.10624
1 0 0.5 -0.535381 -0.233933 0.811568 3787.97 3 3.78797
2 0 0.5 -0.41711 -0.224811 0.880613 12428.6 4 1.24286
-2.5 0.5 0.5 -0.71788 -0.0505954 0.694326 41.605 1 4.1605
-1.5 0.5 0.5 -0.686481 -0.10974 0.718819 17.4388 1 1.74388
-0.5 0.5 0.5 -0.641396 -0.162069 0.749896 683.775 2 6.83775
0.5 0.5 0.5 -0.576301 -0.198073 0.792871 2426.73 3 2.42673
1.5 0.5 0.5 -0.464894 -0.202457 0.861907 80798.2 4 8.07982
2.5 0.5 0.5 -0.223072 -0.165871 0.960586 27622.8 4 2.76228
-2 1 0.5 -0.712974 -0.0566672 0.698897 97.5495 1 9.75495
-1 1 0.5 -0.674178 -0.112528 0.729946 399.662 2 3.99662
0 1 0.5 -0.616813 -0.156914 0.77131 1495.08 3 1.49508
1 1 0.5 -0.51854 -0.173771 0.837209 5042.63 3 5.04263
2 1 0.5 -0.311762 -0.129277 0.941325 17457.2 4 1.74572
-2.5 1.5 0.5 -0.734352 -0.00258896 0.678764 520.049 2 5.20049
-1.5 1.5 0.5 -0.705137 -0.0614184 0.706406 221.709 2 2.21709
-0.5 1.5 0.5 -0.656295 -0.111603 0.746205 8791.99 3 8.79199
0.5 1.5 0.5 -0.574831 -0.144447 0.805422 3129.69 3 3.12969
1.5 1.5 0.5 -0.413946 -0.143753 0.898879 10788.9 4 1.07889
2.5 1.5 0.5 -0.121466 -0.0991797 0.987628 46980.1 4 4.69801
-2.25 -1.25 0.75 -0.723171 0.00762306 0.690627 2.1376 0 2.1376
-1.25 -1.25 0.75 -0.686955 -0.0594792 0.724262 86.5696 1 8.65696
-0.25 -1.25 0.75 -0.639017 -0.124006 0.759131 32.7105 1 3.27105
0.75 -1.25 0.75 -0.58263 -0.18265 0.791948 115.872 2 1.15872
1.75 -1.25 0.75 -0.524923 -0.234768 0.818132 37932 4 3.7932
-1.75 -0.75 0.75 -0.708448 0.0214117 0.705438 5.14487 0 5.14487
-0.75 -0.75 0.75 -0.667114 -0.0460743 0.74353 20.5506 1 2.05506
0.25 -0.75 0.75 -0.613651 -0.108686 0.782061 768.966 2 7.68966
1.25 -0.75 0.75 -0.553716 -0.161885 0.816818 2688.2 3 2.6882
2.25 -0.75 0.75 -0.493585 -0.207257 0.844641 90578 4 9.0578
-2.25 -0.25 0.75 -0.723394 0.103852 0.68258 28.6683 1 2.86683
-1.25 -0.25 0.75 -0.690221 0.0354215 0.722731 12.0333 1 1.20333
-0.25 -0.25 0.75 -0.642289 -0.031205 0.765827 475.361 2 4.75361
0.75 -0.25 0.75 -0.58341 -0.0914696 0.80701 1741.61 3 1.74161
1.75 -0.25 0.75 -0.518984 -0.138508 0.843488 60533.9 4 6.05339
-1.75 0.25 0.75 -0.707213 0.118998 0.696914 66.0661 1 6.60661
-0.75 0.25 0.75 -0.666696 0.0511604 0.743572 274.286 2 2.74286
0.25 0.25 0.75 -0.610809 -0.0141243 0.791652 105.361 2 1.05361
1.25 0.25 0.75 -0.545279 -0.0726887 0.835097 3802.31 3 3.80231
2.25 0.25 0.75 -0.468875 -0.100408 0.877539 13250 4 1.325
-2.25 0.75 0.75 -0.718373 0.200564 0.666119 34.2742 1 3.42742
-1.25 0.75 0.75 -0.685939 0.135785 0.714878 148.281 2 1.48281
-0.25 0.75 0.75 -0.635864 0.0702804 0.768595 602.522 2 6.02522
0.75 0.75 0.75 -0.56979 0.0103971 0.821725 2265.8 3 2.2658
1.75 0.75 0.75 -0.493321 -0.0407082 0.868894 83321.5 4 8.33215
-1.75 1.25 0.75 -0.700599 0.217402 0.679631 754.862 2 7.54862
-0.75 1.25 0.75 -0.657934 0.155736 0.736797 322.787 2 3.22787
0.25 1.25 0.75 -0.595938 0.0955823 0.797322 1286.37 3 1.28637
1.25 1.25 0.75 -0.518192 0.0458599 0.854034 49468.7 4 4.94687
2.25 1.25 0.75 -0.428797 0.0100405 0.903345 20936.2 4 2.09362
-2 -1.5 1 -0.655842 -0.172853 0.734842 29.0514 1 2.90514
-1 -1.5 1 -0.615639 -0.225917 0.754951 10.7327 1 1.07327
0 -1.5 1 -0.569661 -0.274493 0.774687 373.136 2 3.73136
1 -1.5 1 -0.519953 -0.315192 0.793916 1223.37 3 1.22337
2 -1.5 1 -0.46416 -0.335279 0.819843 36253.8 4 3.62538
-2.5 -1 1 -0.680898 -0.121909 0.722161 1.8184 0 1.8184
-1.5 -1 1 -0.644991 -0.17821 0.743121 70.597 1 7.0597
-0.5 -1 1 -0.600354 -0.229685 0.766041 25.681 1 2.5681
0.5 -1 1 -0.548993 -0.273176 0.789925 875.853 2 8.75853
1.5 -1 1 -0.49135 -0.299217 0.817951 2762.63 3 2.76263
2.5 -1 1 -0.422845 -0.286248 0.859805 78929.1 4 7.89291
-2 -0.5 1 -0.671994 -0.128088 0.729395 43.9019 1 4.39019
-1 -0.5 1 -0.63128 -0.183499 0.753534 16.766 1 1.6766
0 -0.5 1 -0.581102 -0.231154 0.780313 598.143 2 5.98143
1 -0.5 1 -0.522151 -0.264804 0.810701 1978.87 3 1.97887
2 -0.5 1 -0.449237 -0.269978 0.851644 61179.3 4 6.11793
-2.5 0 1 -0.695624 -0.0755912 0.714418 25.8316 1 2.58316
-1.5 0 1 -0.660301 -0.134362 0.738884 10.3481 1 1.03481
-0.5 0 1 -0.613854 -0.187253 0.76689 387.319 2 3.87319
0.5 0 1 -0.556051 -0.227752 0.799335 1337.09 3 1.33709
1.5 0 1 -0.482618 -0.248159 0.839938 43275.8 4 4.32758
2.5 0 1 -0.368171 -0.233246 0.900026 13425.8 4 1.34258
-2 0.5 1 -0.686419 -0.0823868 0.722524 60.4348 1 6.04348
-1 0.5 1 -0.645063 -0.139207 0.751342 237.397 2 2.37397
0 0.5 1 -0.590895 -0.186822 0.784818 8553.63 3 8.55363
1 0.5 1 -0.518675 -0.21569 0.827317 2847.16 3 2.84716
2 0.5 1 -0.407164 -0.214355 0.887845 90352.3 4 9.03523
-2.5 1 1 -0.709009 -0.0286408 0.704618 336.082 2 3.36082
-1.5 1 1 -0.674062 -0.0880767 0.733405 137.665 2 1.37665
-0.5 1 1 -0.625005 -0.140293 0.76791 5226.57 3 5.22657
0.5 1 1 -0.558006 -0.1791 0.810279 1798.5 3 1.7985
1.5 1 1 -0.453708 -0.188688 0.870945 58053.1 4 5.80531
2.5 1 1 -0.26307 -0.13862 0.954766 18956.9 4 1.89569
-2 1.5 1 -0.700071 -0.035088 0.713211 759.481 2 7.59481
-1 1.5 1 -0.657981 -0.0911858 0.747494 3025.3 3 3.0253
0 1.5 1 -0.5973 -0.135709 0.790453 1099.15 3 1.09915
1 1.5 1 -0.50824 -0.163066 0.845637 36862.2 4 3.68622
2 1.5 1 -0.347244 -0.153478 0.92513 12200.1 4 1.22001
-1.75 -1.25 1.25 -0.685149 -0.011707 0.728309 30.0332 1 3.00332
-0.75 -1.25 1.25 -0.640116 -0.0771134 0.764399 11.3484 1 1.13484
0.25 -1.25 1.25 -0.586281 -0.138431 0.798193 402.506 2 4.02506
1.25 -1.25 1.25 -0.528732 -0.192553 0.826659 1331.79 3 1.33179
2.25 -1.25 1.25 -0.469913 -0.235206 0.850799 40130.5 4 4.01305
-2.25 -0.75 1.25 -0.702848 0.0686871 0.708017 17.6245 1 1.76245
-1.25 -0.75 1.25 -0.664687 0.00189828 0.74712 69.9958 1 6.99958
-0.25 -0.75 1.25 -0.614339 -0.0628627 0.786534 260.906 2 2.60906
0.75 -0.75 1.25 -0.556622 -0.12182 0.821786 9097.59 3 9.09759
1.75 -0.75 1.25 -0.496486 -0.169855 0.851264 29989.4 4 2.99894
-1.75 -0.25 1.25 -0.684146 0.0828286 0.724627 40.5415 1 4.05415
-0.75 -0.25 1.25 -0.639884 0.0162257 0.7683 158.601 2 1.58601
0.25 -0.25 1.25 -0.583916 -0.0473405 0.810433 5793.35 3 5.79335
1.25 -0.25 1.25 -0.52173 -0.102886 0.846884 20057.8 4 2.00578
2.25 -0.25 1.25 -0.456223 -0.145559 0.87788 66386.1 4 6.63861
-2.25 0.25 1.25 -0.697535 0.163703 0.6976 22.1085 1 2.21085
-1.25 0.25 1.25 -0.661089 0.0977205 0.743917 906.899 2 9.06899
-0.25 0.25 1.25 -0.609692 0.0318225 0.792 346.08 2 3.4608
0.75 0.25 1.25 -0.547037 -0.0293776 0.836593 1245.06 3 1.24506
1.75 0.25 1.25 -0.478643 -0.0830804 0.87407 42905.5 4 4.29055
-1.75 0.75 1.25 -0.677 0.179216 0.713829 487.389 2 4.87389
-0.75 0.75 1.25 -0.632416 0.114325 0.766146 195.973 2 1.95973
0.25 0.75 1.25 -0.572463 0.0510878 0.818338 7310.66 3 7.31066
1.25 0.75 1.25 -0.500906 -0.00450305 0.86549 26259 4 2.6259
2.25 0.75 1.25 -0.424793 -0.0505768 0.903876 92212.4 4 9.22124
-2.25 1.25 1.25 -0.687581 0.256278 0.679377 248.528 2 2.48528
-1.25 1.25 1.25 -0.651292 0.196349 0.732984 1039.91 3 1.03991
-0.25 1.25 1.25 -0.596623 0.134491 0.791172 4100.63 3 4.10063
0.75 1.25 1.25 -0.526151 0.0773189 0.846869 15325.4 4 1.53254
1.75 1.25 1.25 -0.44602 0.0309053 0.894489 56404.4 4 5.64044
-2.5 -1.5 1.5 -0.660364 -0.143486 0.73711 10.4225 1 1.04225
-1.5 -1.5 1.5 -0.621695 -0.198223 0.757762 38.5775 1 3.85775
-0.5 -1.5 1.5 -0.577156 -0.249535 0.777575 134.869 2 1.34869
0.5 -1.5 1.5 -0.529404 -0.294322 0.79568 4444.28 3 4.44428
1.5 -1.5 1.5 -0.479477 -0.323361 0.815806 13379.7 4 1.33797
2.5 -1.5 1.5 -0.427556 -0.321177 0.845009 35618 4 3.5618
-2 -1 1.5 -0.648652 -0.148948 0.746368 25.0163 1 2.50163
-1 -1 1.5 -0.605882 -0.203314 0.769136 912.524 2 9.12524
0 -1 1.5 -0.557116 -0.251925 0.7913 313.392 2 3.13392
1 -1 1.5 -0.505025 -0.288816 0.813348 1001.51 3 1.00151
2 -1 1.5 -0.450415 -0.30132 0.840436 28942.2 4 2.89422
-2.5 -0.5 1.5 -0.673023 -0.0977569 0.733133 15.3952 1 1.53952
-1.5 -0.5 1.5 -0.634189 -0.155037 0.757474 587.651 2 5.87651
-0.5 -0.5 1.5 -0.586698 -0.207548 0.782758 210.469 2 2.10469
0.5 -0.5 1.5 -0.533034 -0.250118 0.80828 7041.9 3 7.0419
1.5 -0.5 1.5 -0.474824 -0.275342 0.8359 21857.6 4 2.18576
2.5 -0.5 1.5 -0.405394 -0.273996 0.872114 62223.5 4 6.22235
-2 0 1.5 -0.660421 -0.104492 0.74359 359.183 2 3.59183
-1 0 1.5 -0.616418 -0.1606 0.770868 134.59 2 1.3459
0 0 1.5 -0.563499 -0.209003 0.799241 4688.83 3 4.68883
1 0 1.5 -0.502809 -0.242631 0.829646 15280.1 4 1.52801
2 0 1.5 -0.430553 -0.257316 0.865109 46696.6 4 4.66966
-2.5 0.5 1.5 -0.683562 -0.05201 0.728037 208.468 2 2.08468
-1.5 0.5 1.5 -0.644602 -0.1108 0.756446 817.263 2 8.17263
-0.5 0.5 1.5 -0.594662 -0.163857 0.787101 2974.24 3 2.97424
0.5 0.5 1.5 -0.534322 -0.20556 0.819905 1003.88 3 1.00388
1.5 0.5 1.5 -0.459578 -0.228022 0.858367 31885.2 4 3.18852
2.5 0.5 1.5 -0.356978 -0.222601 0.907202 94385.9 4 9.43859
-2 1 1.5 -0.670293 -0.0588185 0.739762 470.902 2 4.70902
-1 1 1.5 -0.625042 -0.115055 0.772065 1797.72 3 1.79772
0 1 1.5 -0.567548 -0.162363 0.807172 6318.35 3 6.31835
1 1 1.5 -0.49529 -0.195219 0.846509 20672.5 4 2.06725
2 1 1.5 -0.39292 -0.197717 0.898065 63757 4 6.3757
-2.5 1.5 1.5 -0.692337 -0.00517954 0.721555 2590.02 3 2.59002
-1.5 1.5 1.5 -0.653741 -0.0641693 0.753992 1030.53 3 1.03053
-0.5 1.5 1.5 -0.600771 -0.115331 0.791058 3804.19 3 3.80419
0.5 1.5 1.5 -0.533181 -0.154303 0.83181 12996.4 4 1.29964
1.5 1.5 1.5 -0.442145 -0.176198 0.879467 41532.6 4 4.15326
2.5 1.5 1.5 -0.291612 -0.158253 0.943355 12983.3 4 1.29833
