448
-2.5 -1.5 -1.5 -0.125636 -0.0466166 0.990981 1.69615e+06 6 1.69615
-1.5 -1.5 -1.5 -0.0776034 -0.000407858 0.996984 2.38458e+06 6 2.38458
-0.5 -1.5 -1.5 -0.0424922 0.0293695 0.998665 3.16574e+06 6 3.16574
0.5 -1.5 -1.5 -0.017124 0.0470604 0.998745 398173 5 3.98173
1.5 -1.5 -1.5 0.00107234 0.056586 0.998397 47651.7 4 4.76517
2.5 -1.5 -1.5 0.0139698 0.0610785 0.998035 54496.9 4 5.44969
-2 -1 -1.5 -0.0754772 -0.0222084 0.9969 2.35837e+06 6 2.35837
-1 -1 -1.5 -0.0405444 0.012499 0.9991 3.19446e+06 6 3.19446
0 -1 -1.5 -0.0156506 0.034319 0.999288 409449 5 4.09449
1 -1 -1.5 0.00195015 0.0469157 0.998897 49885.6 4 4.98856
2 -1 -1.5 0.0142901 0.0533822 0.998472 58036.6 4 5.80366
-2.5 -0.5 -1.5 -0.0732991 -0.04401 0.996338 2.28644e+06 6 2.28644
-1.5 -0.5 -1.5 -0.0383051 -0.00505822 0.999253 3.16321e+06 6 3.16321
-0.5 -0.5 -1.5 -0.0136966 0.0207202 0.999691 413429 5 4.13429
0.5 -0.5 -1.5 0.00344087 0.036547 0.999326 51296.6 4 5.12966
1.5 -0.5 -1.5 0.0152568 0.0453649 0.998854 6071.75 3 6.07175
2.5 -0.5 -1.5 0.0232635 0.0495999 0.998498 6885.86 3 6.88586
-2 0 -1.5 -0.0357987 -0.0227574 0.9991 3.07254e+06 6 3.07254
-1 0 -1.5 -0.0113845 0.00656487 0.999914 409904 5 4.09904
0 0 -1.5 0.0053941 0.025555 0.999659 51825.2 4 5.18252
1 0 -1.5 0.0167638 0.0368875 0.999179 6243.1 3 6.2431
2 0 -1.5 0.0243047 0.0429049 0.998783 719.962 2 7.19962
-2.5 0.5 -1.5 -0.0327252 -0.040205 0.998655 2.9251e+06 6 2.9251
-1.5 0.5 -1.5 -0.00867683 -0.00781643 0.999932 398933 5 3.98933
-0.5 0.5 -1.5 0.00774063 0.0141148 0.99987 51444.1 4 5.14441
0.5 0.5 -1.5 0.0187125 0.0279649 0.999434 6310.52 3 6.31052
1.5 0.5 -1.5 0.025829 0.0359221 0.999021 740.212 2 7.40212
2.5 0.5 -1.5 0.0302028 0.0398653 0.998748 833.789 2 8.33789
-2 1 -1.5 -0.00527183 -0.0222365 0.999739 3.80859e+06 6 3.80859
-1 1 -1.5 0.0105479 0.00241106 0.999941 501594 5 5.01594
0 1 -1.5 0.0210693 0.0186872 0.999603 6270.65 3 6.27065
1 1 -1.5 0.0277744 0.0286302 0.999204 748.5 2 7.485
2 1 -1.5 0.0317486 0.0340487 0.998916 857.142 2 8.57142
-2.5 1.5 -1.5 -0.000507685 -0.0369241 0.999318 3.56368e+06 6 3.56368
-1.5 1.5 -1.5 0.014091 -0.00949613 0.999856 480124 5 4.80124
-0.5 1.5 -1.5 0.0239129 0.0091434 0.999672 61241 4 6.1241
0.5 1.5 -1.5 0.0301308 0.021064 0.999324 7444.32 3 7.44432
1.5 1.5 -1.5 0.0336959 0.0280276 0.999039 867.003 2 8.67003
2.5 1.5 -1.5 0.0353258 0.03154 0.998878 971.462 2 9.71462
-2.25 -1.25 -1.25 -0.443885 -0.185071 0.876764 5.46977e+06 6 5.46977
-1.25 -1.25 -1.25 -0.394978 -0.124006 0.910283 7.1045e+06 6 7.1045
-0.25 -1.25 -1.25 -0.350374 -0.0785054 0.933314 886058 5 8.86058
0.75 -1.25 -1.25 -0.311131 -0.0464632 0.949231 10612.9 4 1.06129
1.75 -1.25 -1.25 -0.277137 -0.0249622 0.960506 12221.6 4 1.22216
-1.75 -0.75 -1.25 -0.396281 -0.15439 0.905056 7.06604e+06 6 7.06604
-0.75 -0.75 -1.25 -0.35326 -0.103224 0.929813 896854 5 8.96854
0.25 -0.75 -1.25 -0.315088 -0.0659649 0.946767 10928.2 4 1.09282
1.25 -0.75 -1.25 -0.281816 -0.040134 0.958629 1279.87 3 1.27987
2.25 -0.75 -1.25 -0.252938 -0.0230114 0.967209 1443.1 3 1.4431
-2.25 -0.25 -1.25 -0.39673 -0.185223 0.899054 6.90031e+06 6 6.90031
-1.25 -0.25 -1.25 -0.355423 -0.128933 0.92577 891953 5 8.91953
-0.25 -0.25 -1.25 -0.318424 -0.0866026 0.943984 11059.9 4 1.10599
0.75 -0.25 -1.25 -0.285959 -0.0562863 0.956587 1317.39 3 1.31739
1.75 -0.25 -1.25 -0.257626 -0.0355232 0.965592 151.016 2 1.51016
-1.75 0.25 -1.25 -0.35688 -0.155272 0.921155 8.71288e+06 6 8.71288
-0.75 0.25 -1.25 -0.321196 -0.108157 0.940816 11001.6 4 1.10016
0.25 0.25 -1.25 -0.289628 -0.0733808 0.954322 1333.23 3 1.33323
1.25 0.25 -1.25 -0.261913 -0.0487943 0.963857 155.394 2 1.55394
2.25 0.25 -1.25 -0.237547 -0.0321372 0.970844 174.571 2 1.74571
-2.25 0.75 -1.25 -0.357467 -0.182103 0.916 8.35271e+06 6 8.35271
-1.25 0.75 -1.25 -0.323383 -0.130428 0.937236 107530 5 1.0753
-0.25 0.75 -1.25 -0.292855 -0.0913022 0.951788 13266.5 4 1.32665
0.75 0.75 -1.25 -0.26584 -0.0628398 0.961967 157.268 2 1.57268
1.75 0.75 -1.25 -0.24195 -0.0429445 0.969338 179.582 2 1.79582
-1.75 1.25 -1.25 -0.324793 -0.153406 0.933261 103201 5 1.03201
-0.75 1.25 -1.25 -0.2956 -0.10996 0.948962 12976.2 4 1.29762
0.25 1.25 -1.25 -0.269423 -0.0776153 0.959889 1565.52 3 1.56552
1.25 1.25 -1.25 -0.246084 -0.054382 0.967722 181.759 2 1.81759
2.25 1.25 -1.25 -0.22525 -0.038326 0.973547 20.359 1 2.0359
-2 -1.5 -1 0.0573765 0.0700495 0.995892 1.44462e+06 6 1.44462
-1 -1.5 -1 0.0841934 0.0975558 0.991662 2.01182e+06 6 2.01182
0 -1.5 -1 0.0995264 0.111912 0.988722 263483 5 2.63483
1 -1.5 -1 0.107222 0.117959 0.987213 32638.9 4 3.26389
2 -1.5 -1 0.109736 0.119193 0.986788 3845.93 3 3.84593
-2.5 -1 -1 0.0638891 0.0464852 0.996874 1.40981e+06 6 1.40981
-1.5 -1 -1 0.0906156 0.079052 0.992743 2.00596e+06 6 2.00596
-0.5 -1 -1 0.105388 0.0975295 0.989637 268012 5 2.68012
0.5 -1 -1 0.112343 0.106593 0.987936 33823.5 4 3.38235
1.5 -1 -1 0.114125 0.109751 0.987386 4056.07 3 4.05607
2.5 -1 -1 0.112392 0.109575 0.987604 4646.1 3 4.6461
-2 -0.5 -1 0.097439 0.0602037 0.993419 1.96194e+06 6 1.96194
-1 -0.5 -1 0.111809 0.082532 0.990297 267628 5 2.67628
0 -0.5 -1 0.118147 0.0946893 0.988471 34426.8 4 3.44268
1 -0.5 -1 0.119252 0.100071 0.987808 4202.69 3 4.20269
2 -0.5 -1 0.116891 0.10126 0.987969 489.621 2 4.89621
-2.5 0 -1 0.104838 0.0415862 0.993619 1.88119e+06 6 1.88119
-1.5 0 -1 0.118761 0.0672557 0.990642 262318 5 2.62318
-0.5 0 -1 0.124523 0.0823661 0.988792 34421.3 4 3.44213
0.5 0 -1 0.125004 0.0900723 0.988059 4279.65 3 4.27965
1.5 0 -1 0.122031 0.0928776 0.988171 507.219 2 5.07219
2.5 0 -1 0.116745 0.0927324 0.988823 57.5892 1 5.75892
-2 0.5 -1 0.126459 0.0520225 0.990607 2.52259e+06 6 2.52259
-1 0.5 -1 0.131494 0.0698118 0.988856 33803.6 4 3.38036
0 0.5 -1 0.131322 0.079796 0.988123 4283.5 3 4.2835
1 0.5 -1 0.127744 0.0843309 0.988215 516.678 2 5.16678
2 0.5 -1 0.121907 0.0853288 0.988867 59.645 1 5.9645
-2.5 1 -1 0.135479 0.0368807 0.990094 2.3784e+06 6 2.3784
-1.5 1 -1 0.139273 0.0571817 0.988602 325943 5 3.25943
-0.5 1 -1 0.138253 0.0693327 0.987967 42136.5 4 4.21365
0.5 1 -1 0.134006 0.0756138 0.988092 517.585 2 5.17585
1.5 1 -1 0.127598 0.0778697 0.988764 60.7707 1 6.07707
2.5 1 -1 0.119723 0.0776087 0.989769 68.5185 1 6.85185
-2 1.5 -1 0.14834 0.0444214 0.987938 3.08401e+06 6 3.08401
-1 1.5 -1 0.145997 0.0587341 0.98754 40724 4 4.0724
0 1.5 -1 0.140876 0.0667534 0.987774 5098.56 3 5.09856
1 1.5 -1 0.133816 0.0703211 0.988508 60.9185 1 6.09185
2 1.5 -1 0.125409 0.0709419 0.989565 69.8209 1 6.98209
-1.75 -1.25 -0.75 -0.495777 -0.171348 0.851378 4.98147e+06 6 4.98147
-0.75 -1.25 -0.75 -0.458993 -0.117855 0.880588 625092 5 6.25092
0.25 -1.25 -0.75 -0.423752 -0.0781204 0.902403 75460.9 4 7.54609
1.25 -1.25 -0.75 -0.391131 -0.0501226 0.918969 8769.03 3 8.76903
2.25 -1.25 -0.75 -0.361438 -0.0313042 0.93187 9820.27 3 9.82027
-2.25 -0.75 -0.75 -0.494407 -0.20727 0.844157 4.92581e+06 6 4.92581
-1.25 -0.75 -0.75 -0.460338 -0.148365 0.875258 628890 5 6.2889
-0.25 -0.75 -0.75 -0.426972 -0.103088 0.898369 77218.4 4 7.72184
0.75 -0.75 -0.75 -0.395594 -0.0700761 0.915748 9125.03 3 9.12503
1.75 -0.75 -0.75 -0.36666 -0.0471349 0.92916 103.901 2 1.03901
-1.75 -0.25 -0.75 -0.460662 -0.179597 0.869215 6.21673e+06 6 6.21673
-0.75 -0.25 -0.75 -0.429396 -0.129126 0.893837 77667.2 4 7.76672
0.25 -0.25 -0.75 -0.399452 -0.0911111 0.912216 9333.9 3 9.3339
1.25 -0.25 -0.75 -0.371458 -0.0637892 0.926256 108.05 2 1.0805
2.25 -0.25 -0.75 -0.345569 -0.0450234 0.937313 12.0667 1 1.20667
-2.25 0.25 -0.75 -0.45996 -0.211223 0.862451 6.03442e+06 6 6.03442
-1.25 0.25 -0.75 -0.431048 -0.155971 0.888747 767756 5 7.67756
-0.25 0.25 -0.75 -0.402736 -0.113116 0.9083 9387.15 3 9.38715
0.75 0.25 -0.75 -0.37584 -0.0813421 0.923108 110.489 2 1.10489
1.75 0.25 -0.75 -0.350658 -0.0587785 0.934657 12.5413 1 1.25413
-1.75 0.75 -0.75 -0.43187 -0.183471 0.883078 745512 5 7.45512
-0.75 0.75 -0.75 -0.405449 -0.135952 0.903951 92811.8 4 9.28118
0.25 0.75 -0.75 -0.379823 -0.0997577 0.919664 111.118 2 1.11118
1.25 0.75 -0.75 -0.355477 -0.073275 0.931808 12.8211 1 1.28211
2.25 0.75 -0.75 -0.332582 -0.0546804 0.941488 14.2846 1 1.42846
-2.25 1.25 -0.75 -0.431575 -0.21183 0.876853 7.10508e+06 6 7.10508
-1.25 1.25 -0.75 -0.407509 -0.159587 0.899149 90175 4 9.0175
-0.25 1.25 -0.75 -0.383398 -0.118986 0.915887 1098.97 3 1.09897
0.75 1.25 -0.75 -0.360035 -0.088527 0.928729 12.8946 1 1.28946
1.75 1.25 -0.75 -0.337767 -0.0665091 0.938877 14.6 1 1.46
-2.5 -1.5 -0.5 0.316229 0.204936 0.926283 7.02125e+06 6 7.02125
-1.5 -1.5 -0.5 0.320041 0.218868 0.921776 1.03307e+06 6 1.03307
-0.5 -1.5 -0.5 0.313688 0.221252 0.923389 141304 5 1.41304
0.5 -1.5 -0.5 0.301513 0.217452 0.928334 18133.9 4 1.81339
1.5 -1.5 -0.5 0.285833 0.210759 0.934816 2201.13 3 2.20113
2.5 -1.5 -0.5 0.26791 0.20327 0.941757 2543.89 3 2.54389
-2 -1 -0.5 0.333199 0.201479 0.921078 1.01813e+06 6 1.01813
-1 -1 -0.5 0.325891 0.207344 0.92239 142236 5 1.42236
0 -1 -0.5 0.312685 0.205905 0.927271 18609.1 4 1.86091
1 -1 -0.5 0.296055 0.200582 0.933873 2299.46 3 2.29946
2 -1 -0.5 0.277355 0.193607 0.941058 270.253 2 2.70253
-2.5 -0.5 -0.5 0.346901 0.18411 0.919654 9.84152e+06 6 9.84152
-1.5 -0.5 -0.5 0.33872 0.193174 0.920843 140551 5 1.40551
-0.5 -0.5 -0.5 0.324569 0.194118 0.925729 18759.2 4 1.87592
0.5 -0.5 -0.5 0.307042 0.190382 0.932459 2360.8 3 2.3608
1.5 -0.5 -0.5 0.287555 0.184245 0.939875 282.237 2 2.82237
2.5 -0.5 -0.5 0.266873 0.177296 0.947283 32.2454 1 3.22454
-2 0 -0.5 0.352275 0.17905 0.91861 1.36319e+06 6 1.36319
-1 0 -0.5 0.337131 0.182214 0.923656 18576.8 4 1.85768
0 0 -0.5 0.318712 0.180116 0.930581 2382.44 3 2.38244
1 0 -0.5 0.298443 0.175005 0.938246 28.9837 1 2.89837
2 0 -0.5 0.2771 0.168493 0.945952 33.6623 1 3.36623
-2.5 0.5 -0.5 0.366946 0.16518 0.91546 1.29725e+06 6 1.29725
-1.5 0.5 -0.5 0.350496 0.170348 0.920942 180688 5 1.80688
-0.5 0.5 -0.5 0.33107 0.169827 0.928198 2363.32 3 2.36332
0.5 0.5 -0.5 0.309978 0.165816 0.936172 292.728 2 2.92728
1.5 0.5 -0.5 0.287951 0.159903 0.944201 34.5722 1 3.45722
2.5 0.5 -0.5 0.265373 0.153298 0.951881 3.91405 0 3.91405
-2 1 -0.5 0.36501 0.158583 0.917398 172570 5 1.7257
-1 1 -0.5 0.34425 0.159571 0.925218 23041.4 4 2.30414
0 1 -0.5 0.322189 0.15667 0.933621 290.775 2 2.90775
1 1 -0.5 0.299413 0.151443 0.942028 34.9373 1 3.49373
2 1 -0.5 0.276235 0.145104 0.950073 4.01984 0 4.01984
-2.5 1.5 -0.5 0.381224 0.146691 0.912771 1.61779e+06 6 1.61779
-1.5 1.5 -0.5 0.358551 0.149326 0.92149 220732 5 2.20732
-0.5 1.5 -0.5 0.335211 0.147564 0.930515 2840.42 3 2.84042
0.5 1.5 -0.5 0.31153 0.143074 0.939404 34.7412 1 3.47412
1.5 1.5 -0.5 0.287673 0.137091 0.947866 4.06394 0 4.06394
2.5 1.5 -0.5 0.263713 0.13059 0.95572 4.56831 0 4.56831
-2.25 -1.25 -0.25 -0.558264 -0.207687 0.803248 2.89285e+06 6 2.89285
-1.25 -1.25 -0.25 -0.534421 -0.147933 0.832172 363669 5 3.63669
-0.25 -1.25 -0.25 -0.508264 -0.101935 0.855148 44073.2 4 4.40732
0.75 -1.25 -0.25 -0.48158 -0.0685745 0.873715 5150.05 3 5.15005
1.75 -1.25 -0.25 -0.455372 -0.0457781 0.889124 580.637 2 5.80637
-1.75 -0.75 -0.25 -0.533122 -0.183689 0.825857 3.63921e+06 6 3.63921
-0.75 -0.75 -0.25 -0.510061 -0.132106 0.849933 44844.2 4 4.48442
0.25 -0.75 -0.25 -0.485554 -0.093287 0.869215 5327.46 3 5.32746
1.25 -0.75 -0.25 -0.46081 -0.0656476 0.885068 610.594 2 6.10594
2.25 -0.75 -0.25 -0.436481 -0.0471081 0.898479 67.5848 1 6.75848
-2.25 -0.25 -0.25 -0.530177 -0.21977 0.81891 3.57871e+06 6 3.57871
-1.25 -0.25 -0.25 -0.510561 -0.163106 0.84423 448611 5 4.48611
-0.25 -0.25 -0.25 -0.488547 -0.119005 0.864384 5418.86 3 5.41886
0.75 -0.25 -0.25 -0.465537 -0.0864217 0.880799 631.312 2 6.31312
1.75 -0.25 -0.25 -0.442366 -0.0635958 0.894577 71.0174 1 7.10174
-1.75 0.25 -0.25 -0.509751 -0.194678 0.838006 441099 5 4.41099
-0.75 0.25 -0.25 -0.490559 -0.145569 0.859163 5420.17 3 5.42017
0.25 0.25 -0.25 -0.469549 -0.108093 0.876264 641.981 2 6.41981
1.25 0.25 -0.25 -0.447757 -0.0808379 0.890494 73.3932 1 7.33932
2.25 0.25 -0.25 -0.425813 -0.0620501 0.902681 8.10998 0 8.10998
-2.25 0.75 -0.25 -0.507494 -0.226811 0.831268 4.26007e+06 6 4.26007
-1.25 0.75 -0.25 -0.491552 -0.172855 0.853521 53300.1 4 5.33001
-0.25 0.75 -0.25 -0.472839 -0.13059 0.871418 642.128 2 6.42128
0.75 0.75 -0.25 -0.452644 -0.0988718 0.886193 74.6187 1 7.46187
1.75 0.75 -0.25 -0.43179 -0.0761467 0.898754 8.37771 0 8.37771
-1.75 1.25 -0.25 -0.491365 -0.200948 0.847455 515012 5 5.15012
-0.75 1.25 -0.25 -0.475356 -0.153883 0.866231 6316.15 3 6.31615
0.25 1.25 -0.25 -0.457016 -0.117686 0.881638 74.6399 1 7.46399
1.25 1.25 -0.25 -0.437429 -0.0909345 0.894643 8.51617 0 8.51617
2.25 1.25 -0.25 -0.417299 -0.0720727 0.905907 9.3982 0 9.3982
-2 -1.5 0 0.666972 0.388351 0.635871 4.72516e+06 6 4.72516
-1 -1.5 0 0.639048 0.374538 0.671818 660835 5 6.60835
0 -1.5 0 0.608325 0.358422 0.708149 86208.8 4 8.62088
1 -1.5 0 0.575357 0.342264 0.742845 1060.17 3 1.06017
2 -1.5 0 0.540529 0.327355 0.775027 1239.05 3 1.23905
-2.5 -1 0 0.682801 0.37582 0.626531 4.63252e+06 6 4.63252
-1.5 -1 0 0.654459 0.364261 0.662569 661775 5 6.61775
-0.5 -1 0 0.623534 0.349227 0.699461 87989 4 8.7989
0.5 -1 0 0.590517 0.333327 0.734971 1100.87 3 1.10087
1.5 -1 0 0.555755 0.318047 0.768103 130.725 2 1.30725
2.5 -1 0 0.519462 0.304283 0.79848 14.8314 1 1.48314
-2 -0.5 0 0.669826 0.353823 0.652796 6.50999e+06 6 6.50999
-1 -0.5 0 0.638781 0.340033 0.690171 88283.4 4 8.82834
0 -0.5 0 0.605782 0.32459 0.726408 1124.47 3 1.12447
1 -0.5 0 0.571136 0.309164 0.760408 13.5733 1 1.35733
2 -0.5 0 0.535032 0.294776 0.791737 15.6371 1 1.56371
-2.5 0 0 0.685244 0.34323 0.642366 6.29081e+06 6 6.29081
-1.5 0 0 0.654085 0.330827 0.68024 870768 5 8.70768
-0.5 0 0 0.621135 0.315986 0.717177 1129.84 3 1.12984
0.5 0 0 0.586638 0.300585 0.752001 13.8708 1 1.38708
1.5 0 0 0.550751 0.285752 0.784231 16.2324 1 1.62324
2.5 0 0 0.513547 0.27224 0.813729 1.82125 0 1.82125
-2 0.5 0 0.669543 0.321559 0.669561 844290 5 8.4429
-1 0.5 0 0.636609 0.307465 0.707244 11167.3 4 1.11673
0 0.5 0 0.602257 0.292228 0.742892 139.519 2 1.39519
1 0.5 0 0.5666 0.277097 0.776004 16.5927 1 1.65927
2 0.5 0 0.529682 0.262907 0.806422 1.89001 0 1.89001
-2.5 1 0 0.685326 0.312055 0.65799 8.04704e+06 6 8.04704
-1.5 1 0 0.652298 0.298947 0.696519 10857.4 4 1.08574
-0.5 1 0 0.618036 0.284026 0.733049 138.126 2 1.38126
0.5 1 0 0.582585 0.268727 0.76706 16.7024 1 1.67024
1.5 1 0 0.54595 0.25398 0.798394 1.93217 0 1.93217
2.5 1 0 0.508101 0.240453 0.827052 2.14903 0 2.14903
-2 1.5 0 0.668343 0.290258 0.684886 103828 5 1.03828
-1 1.5 0 0.634061 0.275886 0.722395 1345.88 3 1.34588
0 1.5 0 0.59875 0.260566 0.757367 16.5567 1 1.65567
1 1.5 0 0.562364 0.245379 0.789643 1.94599 0 1.94599
2 1.5 0 0.524833 0.231089 0.819236 2.19694 0 2.19694
-1.75 -1.25 0.25 -0.544673 -0.14298 0.82637 1.01379e+06 6 1.01379
-0.75 -1.25 0.25 -0.527091 -0.088755 0.845161 12278.3 4 1.22783
0.25 -1.25 0.25 -0.506863 -0.0491093 0.860627 1438.12 3 1.43812
1.25 -1.25 0.25 -0.485436 -0.022162 0.873991 162.888 2 1.62888
2.25 -1.25 0.25 -0.463574 -0.00552276 0.886041 178.49 2 1.7849
-2.25 -0.75 0.25 -0.539433 -0.185474 0.821347 1.00879e+06 6 1.00879
-1.25 -0.75 0.25 -0.526688 -0.125525 0.84074 124142 5 1.24142
-0.25 -0.75 0.25 -0.510029 -0.0800338 0.856426 1477.44 3 1.47744
0.75 -0.75 0.25 -0.491183 -0.0476773 0.869751 170.043 2 1.70043
1.75 -0.75 0.25 -0.471168 -0.0263732 0.881649 18.9329 1 1.89329
-1.75 -0.25 0.25 -0.523976 -0.162814 0.836027 123477 5 1.23477
-0.75 -0.25 0.25 -0.511372 -0.111704 0.852069 1493.4 3 1.4934
0.25 -0.25 0.25 -0.495492 -0.0739162 0.865462 174.644 2 1.74644
1.25 -0.25 0.25 -0.477632 -0.0477178 0.877263 19.7556 1 1.97556
2.25 -0.25 0.25 -0.458567 -0.0310744 0.888116 2.16324 0 2.16324
-2.25 0.25 0.25 -0.518822 -0.20048 0.831042 120770 5 1.2077
-1.25 0.25 0.25 -0.510824 -0.143993 0.84754 14851.4 4 1.48514
-0.25 0.25 0.25 -0.498333 -0.100857 0.8611 176.507 2 1.76507
0.75 0.25 0.25 -0.482944 -0.0696847 0.872874 20.2853 1 2.02853
1.75 0.25 0.25 -0.46569 -0.0486428 0.88361 2.25623 0 2.25623
-1.75 0.75 0.25 -0.508232 -0.17688 0.842861 145253 5 1.45253
-0.75 0.75 0.25 -0.499638 -0.128458 0.856656 1755.31 3 1.75531
0.25 0.75 0.25 -0.487078 -0.0922991 0.868468 20.5005 1 2.05005
1.25 0.75 0.25 -0.47189 -0.0667464 0.879127 2.31622 0 2.31622
2.25 0.75 0.25 -0.454957 -0.0500416 0.889106 2.53451 0 2.53451
-2.25 1.25 0.25 -0.503239 -0.210633 0.838084 139640 5 1.3964
-1.25 1.25 0.25 -0.499254 -0.156779 0.852154 17171.2 4 1.71712
-0.25 1.25 0.25 -0.489971 -0.115576 0.864043 203.898 2 2.03898
0.75 1.25 0.25 -0.477146 -0.0854387 0.874661 2.34074 0 2.34074
1.75 1.25 0.25 -0.461948 -0.0646652 0.884547 2.60133 0 2.60133
-2.5 -1.5 0.5 0.563067 0.387721 0.729813 1.34326e+06 6 1.34326
-1.5 -1.5 0.5 0.573378 0.407217 0.710924 1.95282e+06 6 1.95282
-0.5 -1.5 0.5 0.570276 0.406024 0.714094 26276.9 4 2.62769
0.5 -1.5 0.5 0.558482 0.39513 0.729363 3311.78 3 3.31178
1.5 -1.5 0.5 0.540291 0.379792 0.750895 394.934 2 3.94934
2.5 -1.5 0.5 0.517014 0.362702 0.775335 449.215 2 4.49215
-2 -1 0.5 0.589741 0.384872 0.709985 1.92221e+06 6 1.92221
-1 -1 0.5 0.585269 0.390526 0.710598 26368.4 4 2.63684
0 -1 0.5 0.57269 0.383438 0.72457 3382.3 3 3.3823
1 -1 0.5 0.554098 0.370138 0.745636 409.848 2 4.09848
2 -1 0.5 0.530669 0.354001 0.770113 47.3092 1 4.73092
-2.5 -0.5 0.5 0.606003 0.359475 0.709605 1.86382e+06 6 1.86382
-1.5 -0.5 0.5 0.600138 0.373136 0.707534 260631 5 2.60631
-0.5 -0.5 0.5 0.586811 0.370595 0.719938 3403.52 3 3.40352
0.5 -0.5 0.5 0.567885 0.359829 0.74029 419.238 2 4.19238
1.5 -0.5 0.5 0.54437 0.344984 0.764622 49.1279 1 4.91279
2.5 -0.5 0.5 0.516905 0.328357 0.790564 5.5143 0 5.5143
-2 0 0.5 0.614991 0.353637 0.704789 253796 5 2.53796
-1 0 0.5 0.600867 0.356438 0.715479 33747.3 4 3.37473
0 0 0.5 0.581624 0.34873 0.734916 422.713 2 4.22713
1 0 0.5 0.558076 0.335536 0.758925 50.3057 1 5.03057
2 0 0.5 0.530735 0.319652 0.784948 5.72806 0 5.72806
-2.5 0.5 0.5 0.630022 0.331747 0.702151 2.43546e+06 6 2.43546
-1.5 0.5 0.5 0.614951 0.34078 0.711129 32975.5 4 3.29755
-0.5 0.5 0.5 0.595335 0.33671 0.729522 420.141 2 4.20141
0.5 0.5 0.5 0.571762 0.325553 0.753063 50.7953 1 5.07953
1.5 0.5 0.5 0.54459 0.310674 0.77904 5.86921 0 5.86921
2.5 0.5 0.5 0.514083 0.294068 0.805756 6.51853 0 6.51853
-2 1 0.5 0.629216 0.323371 0.706766 317586 5 3.17586
-1 1 0.5 0.609092 0.323616 0.724071 4116.59 3 4.11659
0 1 0.5 0.585444 0.314933 0.747043 50.5778 1 5.05778
1 1 0.5 0.558447 0.301348 0.772869 5.9323 0 5.9323
2 1 0.5 0.528241 0.285256 0.799744 6.68163 0 6.68163
-2.5 1.5 0.5 0.643824 0.30383 0.702267 301543 5 3.01543
-1.5 1.5 0.5 0.623016 0.30923 0.71849 39766.5 4 3.97665
-0.5 1.5 0.5 0.599179 0.303552 0.740838 496.643 2 4.96643
0.5 1.5 0.5 0.572315 0.291594 0.766439 5.91492 0 5.91492
1.5 1.5 0.5 0.542418 0.276232 0.793397 6.75804 0 6.75804
2.5 1.5 0.5 0.509536 0.259253 0.820464 7.44281 0 7.44281
-2.25 -1.25 0.75 -0.434497 -0.0674412 0.898145 4.19527e+06 6 4.19527
-1.25 -1.25 0.75 -0.411185 0.0131897 0.911457 490864 5 4.90864
-0.25 -1.25 0.75 -0.385872 0.0726296 0.919689 55942.2 4 5.59422
0.75 -1.25 0.75 -0.361012 0.111966 0.925815 620.462 2 6.20462
1.75 -1.25 0.75 -0.337388 0.133787 0.93181 669.55 2 6.6955
-1.75 -0.75 0.75 -0.410751 -0.0353796 0.911061 492829 5 4.92829
-0.75 -0.75 0.75 -0.391984 0.0314923 0.919433 56895.6 4 5.68956
0.25 -0.75 0.75 -0.372236 0.0778939 0.924864 639.605 2 6.39605
1.25 -0.75 0.75 -0.352773 0.10599 0.929687 69.9802 1 6.99802
2.25 -0.75 0.75 -0.333701 0.118605 0.935188 74.5333 1 7.45333
-2.25 -0.25 0.75 -0.405304 -0.0850098 0.910221 4.88389e+06 6 4.88389
-1.25 -0.25 0.75 -0.393929 -0.011003 0.919075 57113.9 4 5.71139
-0.25 -0.25 0.75 -0.379909 0.0425226 0.924046 650.679 2 6.50679
0.75 -0.25 0.75 -0.365001 0.0771424 0.927806 72.1728 1 7.21728
1.75 -0.25 0.75 -0.349718 0.0954925 0.931976 7.79348 0 7.79348
-1.75 0.25 0.75 -0.39135 -0.0546431 0.918618 565802 5 5.65802
-0.75 0.25 0.75 -0.383817 0.00594977 0.92339 6532.54 3 6.53254
0.25 0.25 0.75 -0.373975 0.0472347 0.926235 73.4528 1 7.34528
1.25 0.25 0.75 -0.362803 0.0715617 0.929114 8.04155 0 8.04155
2.25 0.25 0.75 -0.350485 0.0816 0.933007 8.57464 0 8.57464
-2.25 0.75 0.75 -0.383769 -0.0993217 0.918072 552994 5 5.52994
-1.25 0.75 0.75 -0.383648 -0.0317319 0.922934 6471.41 3 6.47141
-0.25 0.75 0.75 -0.379534 0.0163056 0.925034 73.7682 1 7.37682
0.75 0.75 0.75 -0.372895 0.0467804 0.926693 8.18817 0 8.18817
1.75 0.75 0.75 -0.364325 0.0622799 0.929187 8.85156 0 8.85156
-1.75 1.25 0.75 -0.378946 -0.0705404 0.922726 63243 4 6.3243
-0.75 1.25 0.75 -0.381409 -0.0156275 0.924274 730.966 2 7.30966
0.25 1.25 0.75 -0.37987 0.0211532 0.924798 82.272 1 8.2272
1.25 1.25 0.75 -0.375398 0.0422836 0.925899 9.01749 0 9.01749
2.25 1.25 0.75 -0.368476 0.0502497 0.928278 9.6298 0 9.6298
-2 -1.5 1 0.383975 0.382719 0.840291 7.14616e+06 6 7.14616
-1 -1.5 1 0.457302 0.43729 0.774372 956376 5 9.56376
0 -1.5 1 0.501695 0.453082 0.736898 1209.93 3 1.20993
1 -1.5 1 0.527319 0.447943 0.721998 144.897 2 1.44897
2 -1.5 1 0.539608 0.430702 0.723409 165.301 2 1.65301
-2.5 -1 1 0.392375 0.33625 0.856141 6.93974e+06 6 6.93974
-1.5 -1 1 0.46479 0.410901 0.784303 941706 5 9.41706
-0.5 -1 1 0.508658 0.438878 0.740711 12105.3 4 1.21053
0.5 -1 1 0.534107 0.441221 0.721147 147.2 2 1.472
1.5 -1 1 0.546589 0.428836 0.719264 17.0259 1 1.70259
2.5 -1 1 0.548883 0.407193 0.730015 18.8616 1 1.88616
-2 -0.5 1 0.472219 0.377766 0.796431 917560 5 9.1756
-1 -0.5 1 0.515233 0.420063 0.747048 11971.9 4 1.19719
0 -0.5 1 0.540363 0.43126 0.722511 147.804 2 1.47804
1 -0.5 1 0.552966 0.424542 0.716933 17.338 1 1.7338
2 -0.5 1 0.555749 0.406724 0.725065 1.94522 0 1.94522
-2.5 0 1 0.47993 0.337371 0.809844 8.85669e+06 6 8.85669
-1.5 0 1 0.521602 0.39608 0.75568 11710 4 1.171
-0.5 0 1 0.546163 0.417665 0.726128 146.716 2 1.46716
0.5 0 1 0.558767 0.417576 0.716526 17.4566 1 1.74566
1.5 0 1 0.561974 0.40416 0.721693 1.98415 0 1.98415
2.5 0 1 0.556997 0.381856 0.737523 2.16815 0 2.16815
-2 0.5 1 0.528023 0.366423 0.766111 113365 5 1.13365
-1 0.5 1 0.551648 0.40002 0.731893 1440.24 3 1.44024
0 0.5 1 0.564051 0.40767 0.718089 17.3797 1 1.73797
1 0.5 1 0.567582 0.399344 0.719982 2.00173 0 2.00173
2 0.5 1 0.563296 0.380516 0.73342 2.2139 0 2.2139
-2.5 1 1 0.534775 0.330678 0.777604 108729 5 1.08729
-1.5 1 1 0.557017 0.377901 0.739542 13988.8 4 1.39888
-0.5 1 1 0.568924 0.394522 0.72158 171.14 2 1.7114
0.5 1 1 0.572617 0.392099 0.719977 1.99754 0 1.99754
1.5 1 1 0.568941 0.377251 0.730745 2.23668 0 2.23668
2.5 1 1 0.558163 0.353714 0.75056 2.416 0 2.416
-2 1.5 1 0.562487 0.350874 0.748662 134525 5 1.34525
-1 1.5 1 0.573533 0.377798 0.726862 1667.39 3 1.66739
0 1.5 1 0.577155 0.382215 0.721667 19.7204 1 1.97204
1 1.5 1 0.573963 0.371947 0.729535 2.2359 0 2.2359
2 1.5 1 0.564029 0.351553 0.747183 2.44314 0 2.44314
-1.75 -1.25 1.25 -0.248061 0.116506 0.961713 231987 5 2.31987
-0.75 -1.25 1.25 -0.192951 0.213169 0.957773 25631.5 4 2.56315
0.25 -1.25 1.25 -0.139105 0.283059 0.948961 2761.11 3 2.76111
1.25 -1.25 1.25 -0.0894994 0.326801 0.940846 289.742 2 2.89742
2.25 -1.25 1.25 -0.0446807 0.346121 0.937125 29.6394 1 2.96394
-2.25 -0.75 1.25 -0.248189 0.0567531 0.967048 2.31648e+06 6 2.31648
-1.25 -0.75 1.25 -0.202946 0.163443 0.965453 25802.4 4 2.58024
-0.25 -0.75 1.25 -0.156869 0.243988 0.957007 2803.57 3 2.80357
0.75 -0.75 1.25 -0.113757 0.297927 0.947786 29.6822 1 2.96822
1.75 -0.75 1.25 -0.0747256 0.32667 0.94218 30.6252 1 3.06252
-1.75 -0.25 1.25 -0.206824 0.110072 0.972166 257561 5 2.57561
-0.75 -0.25 1.25 -0.169652 0.200844 0.964821 2822.76 3 2.82276
0.25 -0.25 1.25 -0.133888 0.264982 0.954913 30.1555 1 3.01555
1.25 -0.25 1.25 -0.101359 0.303308 0.947487 3.13938 0 3.13938
2.25 -0.25 1.25 -0.0720306 0.31732 0.945579 3.18863 0 3.18863
-2.25 0.25 1.25 -0.203763 0.0537846 0.977542 254932 5 2.54932
-1.25 0.25 1.25 -0.17666 0.154038 0.972144 28184.8 4 2.81848
-0.25 0.25 1.25 -0.149176 0.22819 0.96212 303.853 2 3.03853
0.75 0.25 1.25 -0.123857 0.276158 0.953098 3.19272 0 3.19272
1.75 0.25 1.25 -0.101198 0.299218 0.948803 3.27187 0 3.27187
-1.75 0.75 1.25 -0.1771 0.104104 0.978672 27908.1 4 2.79081
-0.75 0.75 1.25 -0.158885 0.187889 0.969254 303.664 2 3.03664
0.25 0.75 1.25 -0.141527 0.245452 0.959022 32.212 1 3.2212
1.25 0.75 1.25 -0.126129 0.277627 0.952373 3.33224 0 3.33224
2.25 0.75 1.25 -0.112464 0.285568 0.951737 3.36674 0 3.36674
-2.25 1.25 1.25 -0.170212 0.0516224 0.984054 274030 5 2.7403
-1.25 1.25 1.25 -0.162269 0.144477 0.976112 3009.81 3 3.00981
-0.25 1.25 1.25 -0.153676 0.211488 0.965224 32.2387 1 3.22387
0.75 1.25 1.25 -0.146134 0.25279 0.956422 3.36782 0 3.36782
1.75 1.25 1.25 -0.13988 0.269429 0.952807 3.43496 0 3.43496
-2.5 -1.5 1.5 0.13137 0.242331 0.961258 3.97559e+06 6 3.97559
-1.5 -1.5 1.5 0.280658 0.380853 0.881012 490307 5 4.90307
-0.5 -1.5 1.5 0.399362 0.453876 0.79656 59479.8 4 5.94798
0.5 -1.5 1.5 0.488784 0.479508 0.728808 6968.68 3 6.96868
1.5 -1.5 1.5 0.555416 0.473613 0.683523 784.113 2 7.84113
2.5 -1.5 1.5 0.604401 0.445735 0.660317 848.922 2 8.48922
-2 -1 1.5 0.270224 0.340363 0.900629 4.80498e+06 6 4.80498
-1 -1 1.5 0.388788 0.436454 0.811389 58722.2 4 5.87222
0 -1 1.5 0.479632 0.478808 0.73532 6953.24 3 6.95324
1 -1 1.5 0.548248 0.484797 0.681466 79.0856 1 7.90856
2 -1 1.5 0.599905 0.465813 0.650487 86.4297 1 8.64297
-2.5 -0.5 1.5 0.261493 0.288967 0.920934 4.68857e+06 6 4.68857
-1.5 -0.5 1.5 0.377685 0.409688 0.830367 575750 5 5.7575
-0.5 -0.5 1.5 0.468871 0.471038 0.747183 6881.46 3 6.88146
0.5 -0.5 1.5 0.538807 0.490649 0.684799 79.1034 1 7.91034
1.5 -0.5 1.5 0.592499 0.481746 0.645651 8.73 0 8.73
2.5 -0.5 1.5 0.633142 0.451838 0.628469 9.28168 0 9.28168
-2 0 1.5 0.366979 0.372806 0.852257 561363 5 5.61363
-1 0 1.5 0.457043 0.455184 0.764146 6760.36 3 6.76036
0 0 1.5 0.527467 0.490337 0.693792 78.4914 1 7.84914
1 0 1.5 0.582534 0.492884 0.646312 8.74906 0 8.74906
2 0 1.5 0.625486 0.471881 0.621366 9.3818 0 9.3818
-2.5 0.5 1.5 0.357762 0.32563 0.875198 5.45096e+06 6 5.45096
-1.5 0.5 1.5 0.444848 0.430361 0.785429 65993.9 4 6.59939
-0.5 0.5 1.5 0.514691 0.48299 0.708389 773.07 2 7.7307
0.5 0.5 1.5 0.570384 0.498532 0.652785 8.70162 0 8.70162
1.5 0.5 1.5 0.614927 0.487539 0.619816 9.41461 0 9.41461
2.5 0.5 1.5 0.649817 0.455754 0.608299 9.82947 0 9.82947
-2 1 1.5 0.433122 0.39598 0.809695 640956 5 6.40956
-1 1 1.5 0.501043 0.467754 0.728122 7563.69 3 7.56369
0 1 1.5 0.556472 0.497942 0.665126 85.9232 1 8.59232
1 1 1.5 0.601852 0.498198 0.624158 9.38083 0 9.38083
2 1 1.5 0.638692 0.475528 0.604934 9.8696 0 9.8696
-2.5 1.5 1.5 0.422789 0.351939 0.835098 620208 5 6.20208
-1.5 1.5 1.5 0.487191 0.443894 0.752066 73589.7 4 7.35897
-0.5 1.5 1.5 0.541286 0.490338 0.683065 842.892 2 8.42892
0.5 1.5 1.5 0.586673 0.503198 0.634513 9.28425 0 9.28425
