448
-2.5 -1.5 -1.5 -0.0830224 0.0167457 0.996407 5.00817 0 5.00817
-1.5 -1.5 -1.5 -0.0747603 0.01704 0.997056 3.40166 0 3.40166
-0.5 -1.5 -1.5 -0.0609636 0.0197401 0.997945 2.17201 0 2.17201
0.5 -1.5 -1.5 -0.0396529 0.0268544 0.998853 1.2927 0 1.2927
1.5 -1.5 -1.5 -0.00835328 0.0418289 0.99909 7.10053 0 7.10053
2.5 -1.5 -1.5 0.0351882 0.0699981 0.996926 3.52336 0 3.52336
-2 -1 -1.5 -0.0841195 0.0293223 0.996024 3.7104 0 3.7104
-1 -1 -1.5 -0.0730938 0.0322424 0.996804 2.43502 0 2.43502
0 -1 -1.5 -0.0546884 0.0391675 0.997735 1.49613 0 1.49613
1 -1 -1.5 -0.0267808 0.0530729 0.998231 8.52233 0 8.52233
2 -1 -1.5 0.0125482 0.0783405 0.996848 4.43183 0 4.43183
-2.5 -0.5 -1.5 -0.0920811 0.0428094 0.994831 3.96015 0 3.96015
-1.5 -0.5 -1.5 -0.0836893 0.0460214 0.995429 2.66421 0 2.66421
-0.5 -0.5 -1.5 -0.0687695 0.0528454 0.996232 1.6858 0 1.6858
0.5 -0.5 -1.5 -0.0441432 0.06602 0.996841 9.9437 0 9.9437
1.5 -0.5 -1.5 -0.00844729 0.0895553 0.995946 5.39473 0 5.39473
2.5 -0.5 -1.5 0.0376476 0.125953 0.991322 2.5795 0 2.5795
-2 0 -1.5 -0.0924982 0.061289 0.993825 2.84932 0 2.84932
-1 0 -1.5 -0.0808434 0.0680969 0.994398 1.85048 0 1.85048
0 0 -1.5 -0.0605972 0.0805759 0.994905 1.12706 0 1.12706
1 0 -1.5 -0.0280404 0.102574 0.99433 6.36131 0 6.36131
2 0 -1.5 0.0152199 0.137976 0.990319 3.24322 0 3.24322
-2.5 0.5 -1.5 -0.0996536 0.0781374 0.991949 2.98302 0 2.98302
-1.5 0.5 -1.5 -0.0906242 0.0852213 0.992232 1.98326 0 1.98326
-0.5 0.5 -1.5 -0.0743738 0.0971208 0.99249 1.24138 0 1.24138
0.5 0.5 -1.5 -0.0472501 0.117375 0.991963 7.2652 0 7.2652
1.5 0.5 -1.5 -0.00586512 0.150683 0.988565 3.88675 0 3.88675
2.5 0.5 -1.5 0.0409863 0.191204 0.980694 1.74971 0 1.74971
-2 1 -1.5 -0.0983248 0.104271 0.989677 2.07931 0 2.07931
-1 1 -1.5 -0.0852212 0.116057 0.98958 1.3334 0 1.3334
0 1 -1.5 -0.0628311 0.134774 0.988882 8.03083 0 8.03083
1 1 -1.5 -0.0279177 0.164452 0.98599 4.48962 0 4.48962
2 1 -1.5 0.0217031 0.208429 0.977797 2.19538 0 2.19538
-2.5 1.5 -1.5 -0.104157 0.12519 0.98665 2.13515 0 2.13515
-1.5 1.5 -1.5 -0.0934611 0.137325 0.986107 1.4002 0 1.4002
-0.5 1.5 -1.5 -0.0747249 0.155263 0.985043 8.64636 0 8.64636
0.5 1.5 -1.5 -0.0450999 0.18204 0.982256 4.98493 0 4.98493
1.5 1.5 -1.5 -0.00463331 0.219481 0.975606 2.58655 0 2.58655
2.5 1.5 -1.5 0.0475843 0.254975 0.965776 1.08431 0 1.08431
-1.75 -1.25 -1.25 -0.0718936 -0.0178886 0.997252 1.1968 0 1.1968
-0.75 -1.25 -1.25 -0.0758152 -0.0178167 0.996963 7.44366 0 7.44366
0.25 -1.25 -1.25 -0.0738308 -0.0157223 0.997147 4.27821 0 4.27821
1.25 -1.25 -1.25 -0.0622612 -0.00906174 0.998019 2.24045 0 2.24045
2.25 -1.25 -1.25 -0.038076 0.00619022 0.999256 1.04128 0 1.04128
-2.25 -0.75 -1.25 -0.0745928 -0.012451 0.997136 1.29498 0 1.29498
-1.25 -0.75 -1.25 -0.0808403 -0.0117039 0.996658 8.2827 0 8.2827
-0.25 -0.75 -1.25 -0.081824 -0.00889612 0.996607 4.92173 0 4.92173
0.75 -0.75 -1.25 -0.0735667 -0.00204789 0.997288 2.68027 0 2.68027
1.75 -0.75 -1.25 -0.0524745 0.0123477 0.998546 1.3091 0 1.3091
-1.75 -0.25 -1.25 -0.0845262 -0.00485218 0.996409 8.98847 0 8.98847
-0.75 -0.25 -1.25 -0.0888332 -0.00146481 0.996045 5.50375 0 5.50375
0.25 -0.25 -1.25 -0.0845764 0.00593296 0.996399 3.1114 0 3.1114
1.25 -0.25 -1.25 -0.0672411 0.0199033 0.997538 1.59093 0 1.59093
2.25 -0.25 -1.25 -0.0381429 0.0432227 0.998337 7.0583 0 7.0583
-2.25 0.25 -1.25 -0.0869495 0.00297782 0.996208 9.5289 0 9.5289
-1.25 0.25 -1.25 -0.09383 0.0069266 0.995564 5.99112 0 5.99112
-0.25 0.25 -1.25 -0.0943199 0.0145928 0.995435 3.49918 0 3.49918
0.75 0.25 -1.25 -0.0818592 0.0288882 0.996225 1.871 0 1.871
1.75 0.25 -1.25 -0.0547638 0.050987 0.997197 8.79338 0 8.79338
-1.75 0.75 -1.25 -0.0970532 0.0165867 0.995141 6.36334 0 6.36334
-0.75 0.75 -1.25 -0.101002 0.0245502 0.994583 3.82135 0 3.82135
0.25 0.75 -1.25 -0.0951212 0.0384015 0.994725 2.11857 0 2.11857
1.25 0.75 -1.25 -0.0723929 0.0611918 0.995497 1.05816 0 1.05816
2.25 0.75 -1.25 -0.0448035 0.0888956 0.995033 4.36688 0 4.36688
-2.25 1.25 -1.25 -0.0989939 0.0276202 0.994705 66.0546 1 6.60546
-1.25 1.25 -1.25 -0.105205 0.0361726 0.993792 40.6676 1 4.06676
-0.25 1.25 -1.25 -0.103756 0.04974 0.993358 23.2148 1 2.32148
0.75 1.25 -1.25 -0.0894166 0.0707662 0.993477 12.0865 1 1.20865
1.75 1.25 -1.25 -0.0609332 0.101357 0.992982 54.8624 1 5.48624
-2 -1.5 -1 -0.142058 0.00689312 0.989834 36.6303 1 3.66303
-1 -1.5 -1 -0.130483 0.00528406 0.991437 24.2517 1 2.42517
0 -1.5 -1 -0.112828 0.00655577 0.993593 15.0539 1 1.50539
1 -1.5 -1 -0.0869749 0.0134356 0.99612 86.7813 1 8.67813
2 -1.5 -1 -0.0507732 0.0301796 0.998254 45.6199 1 4.56199
-2.5 -1 -1 -0.150514 0.0205054 0.988395 39.4992 1 3.94992
-1.5 -1 -1 -0.141255 0.0191985 0.989787 26.8208 1 2.68208
-0.5 -1 -1 -0.126317 0.020449 0.991779 17.1447 1 1.71447
0.5 -1 -1 -0.10342 0.0265982 0.994282 10.222 1 1.0222
1.5 -1 -1 -0.0704743 0.0415055 0.99665 56.0291 1 5.60291
2.5 -1 -1 -0.0269609 0.0699255 0.997188 27.222 1 2.7222
-2 -0.5 -1 -0.150469 0.0344083 0.988016 28.9866 1 2.89866
-1 -0.5 -1 -0.138452 0.0357206 0.989725 19.031 1 1.9031
0 -0.5 -1 -0.118827 0.0414265 0.99205 11.7168 1 1.17168
1 -0.5 -1 -0.0891444 0.0548218 0.994509 66.7509 1 6.67509
2 -0.5 -1 -0.0482813 0.0808811 0.995554 34.2261 1 3.42261
-2.5 0 -1 -0.158094 0.0510467 0.986104 30.6591 1 3.06591
-1.5 0 -1 -0.14856 0.0525893 0.987504 20.6158 1 2.06158
-0.5 0 -1 -0.132596 0.0579082 0.989477 13.0604 1 1.30604
0.5 0 -1 -0.106702 0.0702101 0.991809 77.1835 1 7.71835
1.5 0 -1 -0.0688961 0.0933539 0.993246 41.5173 1 4.15173
2.5 0 -1 -0.0208116 0.132152 0.991011 19.2515 1 1.92515
-2 0.5 -1 -0.156652 0.0711945 0.985084 21.8387 1 2.18387
-1 0.5 -1 -0.143719 0.0763999 0.986665 14.1827 1 1.41827
0 0.5 -1 -0.12234 0.0875244 0.988622 86.4727 1 8.64727
1 0.5 -1 -0.0886915 0.108726 0.990107 48.6856 1 4.86856
2 0.5 -1 -0.043259 0.142193 0.988893 23.8787 1 2.38787
-2.5 1 -1 -0.162903 0.0915725 0.982383 22.6557 1 2.26557
-1.5 1 -1 -0.152298 0.0970109 0.983562 15.0483 1 1.50483
-0.5 1 -1 -0.134541 0.107424 0.985068 94.154 1 9.4154
0.5 1 -1 -0.106295 0.126097 0.986307 54.9134 1 5.49134
1.5 1 -1 -0.0642385 0.157263 0.985465 28.8104 1 2.88104
2.5 1 -1 -0.0134386 0.198432 0.980023 12.5487 1 1.25487
-2 1.5 -1 -0.15858 0.119709 0.980062 15.6294 1 1.56294
-1 1.5 -1 -0.143562 0.129908 0.981078 10.0075 1 1.00075
0 1.5 -1 -0.119504 0.146927 0.981902 59.9911 1 5.99911
1 1.5 -1 -0.0837729 0.173788 0.981213 32.8549 1 3.28549
2 1.5 -1 -0.0359143 0.212798 0.976436 15.4778 1 1.54778
-2.25 -1.25 -0.75 -0.0968914 -0.060302 0.993467 10.7518 1 1.07518
-1.25 -1.25 -0.75 -0.113256 -0.0626591 0.991588 68.8459 1 6.88459
-0.25 -1.25 -0.75 -0.12593 -0.0645604 0.989936 40.9945 1 4.09945
0.75 -1.25 -0.75 -0.131559 -0.0641631 0.98923 22.429 1 2.2429
1.75 -1.25 -0.75 -0.124799 -0.0573837 0.990521 11.0417 1 1.10417
-1.75 -0.75 -0.75 -0.11271 -0.0607539 0.991769 75.4064 1 7.54064
-0.75 -0.75 -0.75 -0.12785 -0.0614146 0.98989 46.2584 1 4.62584
0.25 -0.75 -0.75 -0.136248 -0.0599138 0.988861 26.2163 1 2.62163
1.25 -0.75 -0.75 -0.133617 -0.0529224 0.989619 13.4901 1 1.34901
2.25 -0.75 -0.75 -0.113511 -0.0336132 0.992968 60.8203 1 6.08203
-2.25 -0.25 -0.75 -0.111381 -0.058354 0.992063 80.6823 1 8.06823
-1.25 -0.25 -0.75 -0.128818 -0.0579095 0.989976 50.8484 1 5.08484
-0.25 -0.25 -0.75 -0.140897 -0.0551405 0.988488 29.774 1 2.9774
0.75 -0.25 -0.75 -0.141624 -0.047443 0.988783 15.952 1 1.5952
1.75 -0.25 -0.75 -0.127281 -0.0292723 0.991435 76.0955 1 7.60955
-1.75 0.25 -0.75 -0.128543 -0.0537267 0.990248 54.5257 1 5.45257
-0.75 0.25 -0.75 -0.143947 -0.0498802 0.988327 32.8586 1 3.28586
0.25 0.25 -0.75 -0.150074 -0.041079 0.987821 18.2744 1 1.82744
1.25 0.25 -0.75 -0.138638 -0.0234618 0.990065 91.4677 1 9.14677
2.25 0.25 -0.75 -0.112406 0.0121304 0.993588 39.496 1 3.9496
-2.25 0.75 -0.75 -0.12728 -0.0486077 0.990675 57.1239 1 5.71239
-1.25 0.75 -0.75 -0.145054 -0.0436619 0.98846 353.161 2 3.53161
-0.25 0.75 -0.75 -0.155842 -0.03407 0.987194 202.613 2 2.02613
0.75 0.75 -0.75 -0.152237 -0.0159885 0.988215 106.143 2 1.06143
1.75 0.75 -0.75 -0.123358 0.0165725 0.992224 485.967 2 4.85967
-1.75 1.25 -0.75 -0.144701 -0.0361706 0.988814 370.467 2 3.70467
-0.75 1.25 -0.75 -0.158639 -0.0256732 0.987003 218.315 2 2.18315
0.25 1.25 -0.75 -0.161232 -0.00767408 0.986887 118.334 2 1.18334
1.25 1.25 -0.75 -0.143456 0.0237344 0.989372 575.114 2 5.75114
2.25 1.25 -0.75 -0.112638 0.0695493 0.991199 232.403 2 2.32403
-2.5 -1.5 -0.5 -0.208205 -0.00544614 0.97807 332.339 2 3.32339
-1.5 -1.5 -0.5 -0.197473 -0.0113534 0.980243 227.966 2 2.27966
-0.5 -1.5 -0.5 -0.181883 -0.0156598 0.983196 147.618 2 1.47618
0.5 -1.5 -0.5 -0.159601 -0.0163203 0.987047 895.749 2 8.95749
1.5 -1.5 -0.5 -0.12873 -0.0102464 0.991627 503.175 2 5.03175
2.5 -1.5 -0.5 -0.0878178 0.00685782 0.996113 254.038 2 2.54038
-2 -1 -0.5 -0.207453 0.00449665 0.978235 248.868 2 2.48868
-1 -1 -0.5 -0.194389 0.000339763 0.980924 165.464 2 1.65464
0 -1 -0.5 -0.174818 -0.000689262 0.984601 103.472 2 1.03472
1 -1 -0.5 -0.146989 0.00424319 0.989129 602.085 2 6.02085
2 -1 -0.5 -0.109622 0.0187798 0.993796 318.984 2 3.18984
-2.5 -0.5 -0.5 -0.215919 0.0215944 0.976172 265.881 2 2.65881
-1.5 -0.5 -0.5 -0.20522 0.0177217 0.978555 181.085 2 1.81085
-0.5 -0.5 -0.5 -0.188793 0.0165113 0.981878 116.484 2 1.16484
0.5 -0.5 -0.5 -0.163918 0.0205626 0.98626 700.997 2 7.00997
1.5 -0.5 -0.5 -0.1295 0.0333785 0.991017 387.574 2 3.87574
2.5 -0.5 -0.5 -0.0853354 0.0589941 0.994604 189.645 2 1.89645
-2 0 -0.5 -0.214119 0.0366009 0.976122 193.774 2 1.93774
-1 0 -0.5 -0.200619 0.0354087 0.979029 127.824 2 1.27824
0 0 -0.5 -0.179596 0.0387382 0.982977 793.601 2 7.93601
1 0 -0.5 -0.148028 0.0499416 0.987721 456.522 2 4.56522
2 0 -0.5 -0.10635 0.0725136 0.991681 235.805 2 2.35805
-2.5 0.5 -0.5 -0.221179 0.0570807 0.973561 203.054 2 2.03054
-1.5 0.5 -0.5 -0.209989 0.0561161 0.976092 137.005 2 1.37005
-0.5 0.5 -0.5 -0.192512 0.0590042 0.979519 873.575 2 8.73575
0.5 0.5 -0.5 -0.165616 0.0686135 0.983801 521.05 2 5.2105
1.5 0.5 -0.5 -0.126489 0.0885959 0.988004 282.18 2 2.8218
2.5 0.5 -0.5 -0.0793043 0.123947 0.989115 134.193 2 1.34193
-2 1 -0.5 -0.217071 0.0787138 0.972977 143.728 2 1.43728
-1 1 -0.5 -0.202329 0.0814577 0.975924 937.991 2 9.37991
0 1 -0.5 -0.179621 0.0898818 0.979621 575.788 2 5.75788
1 1 -0.5 -0.146007 0.106794 0.983502 325.923 2 3.25923
2 1 -0.5 -0.0975101 0.137554 0.985683 163.552 2 1.63552
-2.5 1.5 -0.5 -0.221995 0.103183 0.969573 147.76 2 1.4776
-1.5 1.5 -0.5 -0.20934 0.106125 0.972067 985.237 2 9.85237
-0.5 1.5 -0.5 -0.189758 0.11379 0.975215 619.557 2 6.19557
0.5 1.5 -0.5 -0.160987 0.128504 0.978555 362.233 2 3.62233
1.5 1.5 -0.5 -0.120472 0.153263 0.980814 190.644 2 1.90644
2.5 1.5 -0.5 -0.0685747 0.187627 0.979844 875.19 2 8.7519
-1.75 -1.25 -0.25 -0.141745 -0.128562 0.981519 503.273 2 5.03273
-0.75 -1.25 -0.25 -0.170516 -0.132911 0.97635 310.431 2 3.10431
0.25 -1.25 -0.25 -0.193425 -0.136246 0.971609 177.733 2 1.77733
1.25 -1.25 -0.25 -0.204529 -0.135073 0.969496 932.597 2 9.32597
2.25 -1.25 -0.25 -0.192544 -0.119726 0.973957 441.904 2 4.41904
-2.25 -0.75 -0.25 -0.134732 -0.133654 0.981827 542.81 2 5.4281
-1.25 -0.75 -0.25 -0.165478 -0.136483 0.976724 343.724 2 3.43724
-0.25 -0.75 -0.25 -0.19128 -0.138071 0.971776 202.847 2 2.02847
0.75 -0.75 -0.25 -0.206525 -0.135588 0.969001 110.334 2 1.10334
1.75 -0.75 -0.25 -0.201972 -0.121914 0.971774 544.838 2 5.44838
-1.75 -0.25 -0.25 -0.159891 -0.139947 0.977164 371.608 2 3.71608
-0.75 -0.25 -0.25 -0.188714 -0.139834 0.972025 225.514 2 2.25514
0.25 -0.25 -0.25 -0.208211 -0.135568 0.968643 126.858 2 1.26858
1.25 -0.25 -0.25 -0.209847 -0.121747 0.970125 651.707 2 6.51707
2.25 -0.25 -0.25 -0.183697 -0.0835183 0.979428 302.989 2 3.02989
-2.25 0.25 -0.25 -0.153704 -0.143007 0.977714 392.621 2 3.92621
-1.25 0.25 -0.25 -0.185105 -0.141347 0.972501 2444.08 3 2.44408
-0.25 0.25 -0.25 -0.209092 -0.13531 0.968489 1417.19 3 1.41719
0.75 0.25 -0.25 -0.216977 -0.120201 0.968748 7568.54 3 7.56854
1.75 0.25 -0.25 -0.197292 -0.0853698 0.976621 3660.47 3 3.66047
-1.75 0.75 -0.25 -0.180438 -0.142187 0.973255 2585.53 3 2.58553
-0.75 0.75 -0.25 -0.208133 -0.134553 0.968801 1540.06 3 1.54006
0.25 0.75 -0.25 -0.222585 -0.118096 0.967734 8503.65 3 8.50365
1.25 0.75 -0.25 -0.211148 -0.0836311 0.97387 4316.36 3 4.31636
2.25 0.75 -0.25 -0.173636 -0.0196232 0.984614 1927.66 3 1.92766
-2.25 1.25 -0.25 -0.174955 -0.142056 0.974275 2672.82 3 2.67282
-1.25 1.25 -0.25 -0.205427 -0.13272 0.969632 1631.33 3 1.63133
-0.25 1.25 -0.25 -0.225024 -0.11495 0.967549 9268.46 3 9.26846
0.75 1.25 -0.25 -0.222697 -0.0811294 0.971506 4871.19 3 4.87119
1.75 1.25 -0.25 -0.18891 -0.0162422 0.98186 2391.7 3 2.3917
-2 -1.5 0 -0.26059 -0.0379845 0.964702 1740.46 3 1.74046
-1 -1.5 0 -0.242561 -0.0468261 0.969005 1180.28 3 1.18028
0 -1.5 0 -0.218248 -0.05238 0.974487 7578.99 3 7.57899
1 -1.5 0 -0.186189 -0.0520441 0.981135 4575.94 3 4.57594
2 -1.5 0 -0.145418 -0.0426328 0.988451 2563.87 3 2.56387
-2.5 -1 0 -0.271465 -0.0195458 0.96225 1875.55 3 1.87555
-1.5 -1 0 -0.255909 -0.0284621 0.966282 1301.58 3 1.30158
-0.5 -1 0 -0.234546 -0.0346795 0.971486 8575.67 3 8.57567
0.5 -1 0 -0.205519 -0.0357312 0.978001 5329.68 3 5.32968
1.5 -1 0 -0.167834 -0.0286817 0.985398 3090.46 3 3.09046
2.5 -1 0 -0.121428 -0.00967574 0.992553 1650.82 3 1.65082
-2 -0.5 0 -0.267248 -0.00857985 0.96359 1404.68 3 1.40468
-1 -0.5 0 -0.248879 -0.0151491 0.968416 9480.27 3 9.48027
0 -0.5 0 -0.223193 -0.0173365 0.97462 6058.2 3 6.0582
1 -0.5 0 -0.188548 -0.0121856 0.981988 3628.63 3 3.62863
2 -0.5 0 -0.144633 0.00347618 0.989479 2009.69 3 2.00969
-2.5 0 0 -0.276532 0.0128774 0.960918 1485.27 3 1.48527
-1.5 0 0 -0.260735 0.00619185 0.965391 1024.67 3 1.02467
-0.5 0 0 -0.238597 0.00325174 0.971113 6717.38 3 6.71738
0.5 0 0 -0.207586 0.00662941 0.978194 4151.33 3 4.15133
1.5 0 0 -0.166524 0.0194276 0.985846 2380.85 3 2.38085
2.5 0 0 -0.117164 0.0447433 0.992104 1252.97 3 1.25297
-2 0.5 0 -0.270096 0.0293846 0.962385 1084.48 3 1.08448
-1 0.5 0 -0.250951 0.0259768 0.967651 7272.68 3 7.27268
0 0.5 0 -0.224077 0.0280359 0.974168 4621.19 3 4.62119
1 0.5 0 -0.18687 0.0381569 0.981643 2747.38 3 2.74738
2 0.5 0 -0.139572 0.0595479 0.98842 1495.4 3 1.4954
-2.5 1 0 -0.277053 0.0544613 0.95931 1125.39 3 1.12539
-1.5 1 0 -0.260307 0.0508548 0.964186 7705.01 3 7.70501
-0.5 1 0 -0.236816 0.0519235 0.970166 5013.44 3 5.01344
0.5 1 0 -0.204412 0.0599444 0.977048 3072.93 3 3.07293
1.5 1 0 -0.1604 0.0773879 0.984014 1748.55 3 1.74855
2.5 1 0 -0.112332 0.10795 0.98779 8958.86 3 8.95886
-2 1.5 0 -0.266803 0.0778784 0.960599 8001.76 3 8.00176
-1 1.5 0 -0.245999 0.0782698 0.966105 5317.91 3 5.31791
0 1.5 0 -0.217347 0.0846022 0.972421 3342.25 3 3.34225
1 1.5 0 -0.179007 0.0989755 0.978857 1963.78 3 1.96378
2 1.5 0 -0.131146 0.123591 0.983629 1069.49 3 1.06949
-2.25 -1.25 0.25 -0.147548 -0.247979 0.957463 2748.47 3 2.74847
-1.25 -1.25 0.25 -0.192389 -0.249675 0.949025 1769.06 3 1.76906
-0.25 -1.25 0.25 -0.226814 -0.247026 0.94209 1070.46 3 1.07046
0.75 -1.25 0.25 -0.242072 -0.234909 0.941392 6058.07 3 6.05807
1.75 -1.25 0.25 -0.223878 -0.202888 0.953265 3198.43 3 3.19843
-1.75 -0.75 0.25 -0.179486 -0.26657 0.946956 1920.51 3 1.92051
-0.75 -0.75 0.25 -0.218204 -0.262902 0.939824 1190.6 3 1.1906
0.25 -0.75 0.25 -0.240116 -0.250104 0.937972 6923.77 3 6.92377
1.25 -0.75 0.25 -0.232217 -0.219343 0.94761 3766.95 3 3.76695
2.25 -0.75 0.25 -0.184401 -0.154852 0.970576 1922.2 3 1.9222
-2.25 -0.25 0.25 -0.166021 -0.283127 0.944604 2041.81 3 2.04181
-1.25 -0.25 0.25 -0.208682 -0.278499 0.937491 1295.03 3 1.29503
-0.25 -0.25 0.25 -0.236568 -0.26472 0.934858 77254 4 7.7254
0.75 -0.25 0.25 -0.237791 -0.233832 0.94275 43242.3 4 4.32423
1.75 -0.25 0.25 -0.198981 -0.171854 0.964818 22825.6 4 2.28256
-1.75 0.25 0.25 -0.1982 -0.293462 0.935199 13780.1 4 1.37801
-0.75 0.25 0.25 -0.23162 -0.278768 0.932009 84180.2 4 8.41802
0.25 0.25 0.25 -0.241145 -0.247219 0.938473 48396.7 4 4.83967
1.25 0.25 0.25 -0.211909 -0.186161 0.959395 26328.6 4 2.63286
2.25 0.25 0.25 -0.15462 -0.0885382 0.983999 13486.8 4 1.34868
-2.25 0.75 0.25 -0.1867 -0.307457 0.933066 14349.4 4 1.43494
-1.25 0.75 0.25 -0.22513 -0.291695 0.92964 89624.8 4 8.96248
-0.25 0.75 0.25 -0.242355 -0.259578 0.934817 52802.9 4 5.28029
0.75 0.75 0.25 -0.22332 -0.198719 0.954274 29540.2 4 2.95402
1.75 0.75 0.25 -0.167315 -0.100457 0.980772 15823.2 4 1.58232
-1.75 1.25 0.25 -0.21698 -0.303022 0.927953 93292 4 9.3292
-0.75 1.25 0.25 -0.241117 -0.270016 0.932177 56218.9 4 5.62189
0.25 1.25 0.25 -0.232023 -0.2096 0.94986 32214.8 4 3.22148
1.25 1.25 0.25 -0.18165 -0.110942 0.977085 17883.7 4 1.78837
2.25 1.25 0.25 -0.140703 0.0052261 0.990038 90454 4 9.0454
-2.5 -1.5 0.5 -0.336396 -0.0931613 0.937101 64104.2 4 6.41042
-1.5 -1.5 0.5 -0.317428 -0.106405 0.942294 45516.7 4 4.55167
-0.5 -1.5 0.5 -0.293203 -0.115815 0.949009 30814.6 4 3.08146
0.5 -1.5 0.5 -0.263195 -0.119244 0.957345 19787.1 4 1.97871
1.5 -1.5 0.5 -0.228381 -0.114488 0.966817 11959.3 4 1.19593
2.5 -1.5 0.5 -0.191855 -0.0994104 0.976376 67535.5 4 6.75355
-2 -1 0.5 -0.331787 -0.0851879 0.9395 49412.7 4 4.94127
-1 -1 0.5 -0.310322 -0.0956512 0.945807 34206.6 4 3.42066
0 -1 0.5 -0.282966 -0.1008 0.953819 22518.7 4 2.25187
1 -1 0.5 -0.250108 -0.0984078 0.963204 13995.1 4 1.39951
2 -1 0.5 -0.214474 -0.0862498 0.972914 81614.2 4 8.16142
-2.5 -0.5 0.5 -0.343871 -0.062173 0.936956 52617.7 4 5.26177
-1.5 -0.5 0.5 -0.325061 -0.0733547 0.942844 37194.7 4 3.71947
-0.5 -0.5 0.5 -0.300672 -0.0798821 0.950376 25072.9 4 2.50729
0.5 -0.5 0.5 -0.2702 -0.0795412 0.959513 16012.3 4 1.60123
1.5 -0.5 0.5 -0.235399 -0.070188 0.969361 96122.3 4 9.61223
2.5 -0.5 0.5 -0.202659 -0.0506282 0.97794 54004.8 4 5.40048
-2 0 0.5 -0.33718 -0.0489735 0.940165 39648 4 3.9648
-1 0 0.5 -0.315694 -0.0565361 0.947175 27316.4 4 2.73164
0 0 0.5 -0.288263 -0.0579468 0.955796 17900.7 4 1.79007
1 0 0.5 -0.255168 -0.0511509 0.965543 11063.4 4 1.10634
2 0 0.5 -0.220695 -0.0345444 0.974731 64180.1 4 6.41801
-2.5 0.5 0.5 -0.346606 -0.0225299 0.93774 41474.6 4 4.14746
-1.5 0.5 0.5 -0.327715 -0.0308097 0.944274 29152.9 4 2.91529
-0.5 0.5 0.5 -0.303329 -0.0336577 0.952291 19550.7 4 1.95507
0.5 0.5 0.5 -0.273257 -0.0290949 0.961501 12426.8 4 1.24268
1.5 0.5 0.5 -0.23896 -0.0155972 0.970904 74294.4 4 7.42944
2.5 0.5 0.5 -0.210952 0.00727528 0.977469 41281.3 4 4.12813
-2 1 0.5 -0.33666 -0.00273827 0.941622 30521.2 4 3.05212
-1 1 0.5 -0.314988 -0.00670971 0.949072 20896.2 4 2.08962
0 1 0.5 -0.288006 -0.00409916 0.95762 13609.6 4 1.36096
1 1 0.5 -0.256588 0.00662775 0.966498 83844.3 4 8.38443
2 1 0.5 -0.224522 0.0249427 0.97415 48448.8 4 4.84488
-2.5 1.5 0.5 -0.342412 0.0275326 0.939147 31378 4 3.1378
-1.5 1.5 0.5 -0.323183 0.0228396 0.946061 21900.2 4 2.19002
-0.5 1.5 0.5 -0.298921 0.0238143 0.953981 14571.2 4 1.45712
0.5 1.5 0.5 -0.270583 0.0319543 0.962166 91986.9 4 9.19869
1.5 1.5 0.5 -0.241735 0.0472147 0.969193 55033.3 4 5.50333
2.5 1.5 0.5 -0.218998 0.066 0.973491 29967.4 4 2.99674
-1.75 -1.25 0.75 -0.213481 -0.293183 0.931917 95870.5 4 9.58705
-0.75 -1.25 0.75 -0.2101 -0.268463 0.940099 65144.6 4 6.51446
0.25 -1.25 0.75 -0.184681 -0.225845 0.956497 42379 4 4.2379
1.25 -1.25 0.75 -0.135287 -0.160535 0.977715 26460.5 4 2.64605
2.25 -1.25 0.75 -0.0728304 -0.0754052 0.99449 15643.8 4 1.56438
-2.25 -0.75 0.75 -0.215327 -0.306178 0.927302 10153.1 4 1.01531
-1.25 -0.75 0.75 -0.217823 -0.283575 0.933883 70283.4 4 7.02834
-0.25 -0.75 0.75 -0.198629 -0.243972 0.949223 466360 5 4.6636
0.75 -0.75 0.75 -0.154459 -0.182124 0.971068 297530 5 2.9753
1.75 -0.75 0.75 -0.0912828 -0.0979051 0.991001 181924 5 1.81924
-1.75 -0.25 0.75 -0.22328 -0.295535 0.928873 744643 5 7.44643
-0.75 -0.25 0.75 -0.210366 -0.258457 0.94284 503511 5 5.03511
0.25 -0.25 0.75 -0.172096 -0.199715 0.964623 327880 5 3.2788
1.25 -0.25 0.75 -0.110524 -0.117245 0.986934 206124 5 2.06124
2.25 -0.25 0.75 -0.0499368 -0.0243375 0.998456 119923 5 1.19923
-2.25 0.25 0.75 -0.226248 -0.304196 0.925352 774889 5 7.74889
-1.25 0.25 0.75 -0.219625 -0.269149 0.937723 533442 5 5.33442
-0.25 0.25 0.75 -0.18771 -0.213273 0.958791 354023 5 3.54023
0.75 0.25 0.75 -0.129756 -0.133049 0.982579 228010 5 2.2801
1.75 0.25 0.75 -0.063808 -0.0385154 0.997219 139226 5 1.39226
-1.75 0.75 0.75 -0.225999 -0.275753 0.934283 554816 5 5.54816
-0.75 0.75 0.75 -0.200725 -0.222374 0.954075 374769 5 3.74769
0.25 0.75 0.75 -0.147948 -0.144881 0.978325 246226 5 2.46226
1.25 0.75 0.75 -0.0800821 -0.050074 0.99553 156344 5 1.56344
2.25 0.75 0.75 -0.034073 0.0377443 0.998706 867648 5 8.67648
-2.25 1.25 0.75 -0.229018 -0.278073 0.932859 566741 5 5.66741
-1.25 1.25 0.75 -0.210451 -0.22649 0.951006 389375 5 3.89375
-0.25 1.25 0.75 -0.163884 -0.151804 0.97473 260245 5 2.60245
0.75 1.25 0.75 -0.0971028 -0.058207 0.993571 169744 5 1.69744
1.75 1.25 0.75 -0.0420016 0.0309967 0.998637 100994 5 1.00994
-2 -1.5 1 -0.343104 -0.220543 0.913039 279324 5 2.79324
-1 -1.5 1 -0.293785 -0.215816 0.931189 206552 5 2.06552
0 -1.5 1 -0.239252 -0.200045 0.950127 146440 5 1.4644
1 -1.5 1 -0.184384 -0.173373 0.967442 989255 5 9.89255
2 -1.5 1 -0.138681 -0.139904 0.980405 628207 5 6.28207
-2.5 -1 1 -0.366338 -0.199925 0.90875 296651 5 2.96651
-1.5 -1 1 -0.320316 -0.199304 0.926108 223205 5 2.23205
-0.5 -1 1 -0.268048 -0.188134 0.944858 161345 5 1.61345
0.5 -1 1 -0.213323 -0.165898 0.962793 111451 5 1.11451
1.5 -1 1 -0.163915 -0.134833 0.977217 728608 5 7.28608
2.5 -1 1 -0.134344 -0.104196 0.985441 438107 5 4.38107
-2 -0.5 1 -0.343559 -0.178604 0.921991 237281 5 2.37281
-1 -0.5 1 -0.294231 -0.171703 0.940184 174686 5 1.74686
0 -0.5 1 -0.240855 -0.153894 0.958283 123249 5 1.23249
1 -0.5 1 -0.189481 -0.126191 0.973742 826869 5 8.26869
2 -0.5 1 -0.152726 -0.0955244 0.983641 516990 5 5.1699
-2.5 0 1 -0.363098 -0.153913 0.918951 248287 5 2.48287
-1.5 0 1 -0.317162 -0.15087 0.936294 185922 5 1.85922
-0.5 0 1 -0.266101 -0.137385 0.954105 133774 5 1.33774
0.5 0 1 -0.214562 -0.113535 0.970089 919177 5 9.19177
1.5 0 1 -0.172683 -0.0841321 0.981378 594225 5 5.94225
2.5 0 1 -0.158354 -0.0597254 0.985574 346547 5 3.46547
-2 0.5 1 -0.336315 -0.125753 0.933316 194693 5 1.94693
-1 0.5 1 -0.288236 -0.11638 0.950461 142592 5 1.42592
0 0.5 1 -0.238026 -0.0966696 0.966436 100095 5 1.00095
1 0.5 1 -0.193475 -0.0696578 0.978629 666312 5 6.66312
2 0.5 1 -0.169832 -0.0453505 0.984429 406430 5 4.0643
-2.5 1 1 -0.351178 -0.0966194 0.93131 200756 5 2.00756
-1.5 1 1 -0.306598 -0.0908808 0.947491 149461 5 1.49461
-0.5 1 1 -0.258721 -0.075439 0.963002 106880 5 1.0688
0.5 1 1 -0.213935 -0.0516555 0.975481 729080 5 7.2908
1.5 1 1 -0.184939 -0.028085 0.982349 463076 5 4.63076
2.5 1 1 -0.190047 -0.0148677 0.981663 260452 5 2.60452
-2 1.5 1 -0.32055 -0.0611443 0.945256 154232 5 1.54232
-1 1.5 1 -0.275766 -0.0496493 0.959942 112151 5 1.12151
0 1.5 1 -0.232306 -0.0298826 0.972184 780120 5 7.8012
1 1.5 1 -0.201053 -0.00785499 0.979549 511093 5 5.11093
2 1.5 1 -0.196162 0.00568858 0.980555 302182 5 3.02182
-2.25 -1.25 1.25 -0.192258 -0.347015 0.917942 615884 5 6.15884
-1.25 -1.25 1.25 -0.136761 -0.293917 0.945997 469985 5 4.69985
-0.25 -1.25 1.25 -0.0673568 -0.221094 0.972924 347410 5 3.4741
0.75 -1.25 1.25 0.00657816 -0.132423 0.991171 2.47857e+06 6 2.47857
1.75 -1.25 1.25 0.0702657 -0.0391783 0.996759 1.6632e+06 6 1.6632
-1.75 -0.75 1.25 -0.162807 -0.309865 0.936738 4.93714e+06 6 4.93714
-0.75 -0.75 1.25 -0.0956397 -0.243608 0.965147 3.70417e+06 6 3.70417
0.25 -0.75 1.25 -0.0199374 -0.159569 0.986985 2.69318e+06 6 2.69318
1.25 -0.75 1.25 0.0507487 -0.0665747 0.99649 1.86814e+06 6 1.86814
2.25 -0.75 1.25 0.100267 0.0192568 0.994774 1.15616e+06 6 1.15616
-2.25 -0.25 1.25 -0.186044 -0.319133 0.929269 5.11698e+06 6 5.11698
-1.25 -0.25 1.25 -0.12248 -0.259456 0.957957 3.89276e+06 6 3.89276
-0.25 -0.25 1.25 -0.046999 -0.180975 0.982364 2.87742e+06 6 2.87742
0.75 -0.25 1.25 0.0283541 -0.0901683 0.995523 2.04987e+06 6 2.04987
1.75 -0.25 1.25 0.0869342 -0.00195842 0.996212 1.33992e+06 6 1.33992
-1.75 0.25 1.25 -0.146799 -0.268344 0.952072 4.03384e+06 6 4.03384
-0.75 0.25 1.25 -0.0733351 -0.195942 0.97787 3.02535e+06 6 3.02535
0.25 0.25 1.25 0.00443453 -0.108942 0.994038 2.20136e+06 6 2.20136
1.25 0.25 1.25 0.0700063 -0.0203393 0.997339 1.50365e+06 6 1.50365
2.25 0.25 1.25 0.110147 0.054298 0.992431 8.65178e+06 6 8.65178
-2.25 0.75 1.25 -0.167497 -0.270127 0.948144 4.12362e+06 6 4.12362
-1.25 0.75 1.25 -0.0976634 -0.203899 0.974108 3.13378e+06 6 3.13378
-0.25 0.75 1.25 -0.0197264 -0.121867 0.99235 2.31856e+06 6 2.31856
0.75 0.75 1.25 0.0509255 -0.034816 0.998095 1.63667e+06 6 1.63667
1.75 0.75 1.25 0.0982985 0.0403257 0.99434 1.0115e+06 6 1.0115
-1.75 1.25 1.25 -0.118637 -0.2045 0.971651 3.20154e+06 6 3.20154
-0.75 1.25 1.25 -0.0426794 -0.128087 0.990844 2.40155e+06 6 2.40155
0.25 1.25 1.25 0.0307045 -0.0442221 0.99855 1.73476e+06 6 1.73476
1.25 1.25 1.25 0.0847271 0.030517 0.995937 1.13215e+06 6 1.13215
2.25 1.25 1.25 0.108512 0.0887883 0.990122 5.70169e+06 6 5.70169
-2.5 -1.5 1.5 -0.338807 -0.337098 0.878394 1.79834e+06 6 1.79834
-1.5 -1.5 1.5 -0.261617 -0.312726 0.913104 1.43091e+06 6 1.43091
-0.5 -1.5 1.5 -0.182032 -0.274589 0.944174 1.09764e+06 6 1.09764
0.5 -1.5 1.5 -0.109315 -0.226496 0.967858 8.06404e+06 6 8.06404
1.5 -1.5 1.5 -0.0569034 -0.177727 0.982433 5.58e+06 6 5.58
2.5 -1.5 1.5 -0.0400081 -0.14421 0.988738 3.48641e+06 6 3.48641
-2 -1 1.5 -0.298573 -0.30221 0.905275 1.5133e+06 6 1.5133
-1 -1 1.5 -0.219995 -0.271416 0.936982 1.17906e+06 6 1.17906
0 -1 1.5 -0.144672 -0.228984 0.962619 8.82758e+06 6 8.82758
1 -1 1.5 -0.0847297 -0.181724 0.979692 6.27353e+06 6 6.27353
2 -1 1.5 -0.0556912 -0.143673 0.988057 4.10198e+06 6 4.10198
-2.5 -0.5 1.5 -0.331613 -0.285026 0.899329 1.58006e+06 6 1.58006
-1.5 -0.5 1.5 -0.255532 -0.261499 0.930764 1.24906e+06 6 1.24906
-0.5 -0.5 1.5 -0.179706 -0.225419 0.957545 9.51412e+06 6 9.51412
0.5 -0.5 1.5 -0.114774 -0.181579 0.976656 6.91983e+06 6 6.91983
1.5 -0.5 1.5 -0.0755397 -0.141555 0.987044 4.69148e+06 6 4.69148
2.5 -0.5 1.5 -0.0775192 -0.120845 0.98964 2.82829e+06 6 2.82829
-2 0 1.5 -0.287528 -0.244937 0.925923 1.30557e+06 6 1.30557
-1 0 1.5 -0.213045 -0.215554 0.952968 1.01004e+06 6 1.01004
0 0 1.5 -0.145622 -0.17645 0.973478 7.49552e+06 6 7.49552
1 0 1.5 -0.0986791 -0.136748 0.985679 5.24144e+06 6 5.24144
2 0 1.5 -0.088008 -0.111339 0.989878 3.31315e+06 6 3.31315
-2.5 0.5 1.5 -0.314941 -0.221998 0.922783 1.34729e+06 6 1.34729
-1.5 0.5 1.5 -0.243413 -0.199263 0.949234 1.0571e+06 6 1.0571
-0.5 0.5 1.5 -0.17577 -0.165844 0.970361 7.98095e+06 6 7.98095
0.5 0.5 1.5 -0.123933 -0.128323 0.983958 5.7251e+06 6 5.7251
1.5 0.5 1.5 -0.103278 -0.100929 0.989519 3.77318e+06 6 3.77318
2.5 0.5 1.5 -0.125174 -0.0926328 0.987801 2.17633e+06 6 2.17633
-2 1 1.5 -0.269588 -0.176625 0.946639 1.09179e+06 6 1.09179
-1 1 1.5 -0.203742 -0.149334 0.967568 8.36606e+06 6 8.36606
0 1 1.5 -0.149743 -0.115692 0.981933 6.12385e+06 6 6.12385
1 1 1.5 -0.122064 -0.0875982 0.988649 4.17687e+06 6 4.17687
2 1 1.5 -0.134449 -0.0789749 0.987768 2.53393e+06 6 2.53393
-2.5 1.5 1.5 -0.290434 -0.148139 0.945358 1.11358e+06 6 1.11358
-1.5 1.5 1.5 -0.22807 -0.126734 0.965361 8.64877e+06 6 8.64877
-0.5 1.5 1.5 -0.174397 -0.0981613 0.97977 6.43343e+06 6 6.43343
0.5 1.5 1.5 -0.142618 -0.0713925 0.9872 4.50119e+06 6 4.50119
