450
-2.5 -1.5 -1.5 -0.191928 0.442124 -0.876179 357.509 2 3.57509
-1.5 -1.5 -1.5 0.0659925 0.478061 -0.875844 249.806 2 2.49806
-0.5 -1.5 -1.5 0.0825311 0.11129 -0.990355 8.7286 0 8.7286
0.5 -1.5 -1.5 0.0565033 0.116415 -0.991592 1.18636 0 1.18636
1.5 -1.5 -1.5 0.0602519 0.346044 -0.936282 866.668 2 8.66668
2.5 -1.5 -1.5 -0.3488 -0.0663152 -0.934848 11.1609 1 1.11609
-2 -1 -1.5 0.00144631 0.0615801 -0.998101 3.10678 0 3.10678
-1 -1 -1.5 -0.0375423 0.18135 -0.982702 1.20313 0 1.20313
0 -1 -1.5 -0.262056 0.352871 -0.898225 31.838 1 3.1838
1 -1 -1.5 -0.216449 0.0247068 -0.975981 39.0916 1 3.90916
2 -1 -1.5 0.129405 0.524119 -0.841756 26.5915 1 2.65915
-2.5 -0.5 -1.5 -0.0636996 0.127908 -0.989738 448.762 2 4.48762
-1.5 -0.5 -1.5 0.178912 0.338605 -0.923762 1.63305 0 1.63305
-0.5 -0.5 -1.5 -0.300416 0.193679 -0.933937 405.936 2 4.05936
0.5 -0.5 -1.5 0.11852 0.204334 -0.9717 2.17855 0 2.17855
1.5 -0.5 -1.5 0.240168 0.376512 -0.894739 94.6059 1 9.46059
2.5 -0.5 -1.5 0.0577065 0.379566 -0.923363 701.437 2 7.01437
-2 0 -1.5 0.016769 0.0691283 -0.997467 2.66669 0 2.66669
-1 0 -1.5 -0.36255 -0.156718 -0.918693 30.9604 1 3.09604
0 0 -1.5 0.134603 0.350625 -0.926792 1.16681 0 1.16681
1 0 -1.5 -0.00172375 0.24572 -0.969339 559.157 2 5.59157
2 0 -1.5 -0.199904 0.00579094 -0.979798 50.959 1 5.0959
-2.5 0.5 -1.5 -0.160893 0.352568 -0.921851 110.872 2 1.10872
-1.5 0.5 -1.5 -0.374756 -0.142348 -0.91613 39.6814 1 3.96814
-0.5 0.5 -1.5 0.16362 0.536339 -0.827991 13.1146 1 1.31146
0.5 0.5 -1.5 0.0923048 0.121732 -0.988262 1.85012 0 1.85012
1.5 0.5 -1.5 -0.0259401 0.264741 -0.963971 459.563 2 4.59563
2.5 0.5 -1.5 0.0798028 0.562774 -0.82275 102.291 2 1.02291
-2 1 -1.5 0.0764976 0.351614 -0.933014 10.0635 1 1.00635
-1 1 -1.5 -0.454017 0.128456 -0.881685 447.899 2 4.47899
0 1 -1.5 -0.16275 -0.00826799 -0.986633 50.1264 1 5.01264
1 1 -1.5 0.183104 0.281613 -0.941895 2.56949 0 2.56949
2 1 -1.5 -0.421877 0.0290021 -0.906189 893.862 2 8.93862
-2.5 1.5 -1.5 -0.103881 0.317828 -0.942441 164.839 2 1.64839
-1.5 1.5 -1.5 -0.127777 0.454793 -0.881383 421.045 2 4.21045
-0.5 1.5 -1.5 -0.0449778 0.528583 -0.847689 474.34 2 4.7434
0.5 1.5 -1.5 0.0752532 0.141464 -0.987079 7.68551 0 7.68551
1.5 1.5 -1.5 0.0698665 0.618201 -0.782909 563.554 2 5.63554
2.5 1.5 -1.5 0.129077 0.20813 -0.969547 5.22915 0 5.22915
-1.75 -1.25 -1.25 -0.146504 0.398369 -0.905449 724.182 2 7.24182
-0.75 -1.25 -1.25 0.118079 0.40467 -0.906808 50.9443 1 5.09443
0.25 -1.25 -1.25 0.0830779 0.172116 -0.981567 4.18072 0 4.18072
1.25 -1.25 -1.25 0.097863 0.246584 -0.964168 22.0614 1 2.20614
2.25 -1.25 -1.25 -0.364206 -0.141281 -0.92054 57.3454 1 5.73454
-2.25 -0.75 -1.25 -0.150285 -0.0248066 -0.988331 5.99978 0 5.99978
-1.25 -0.75 -1.25 0.130935 0.603164 -0.786797 846.873 2 8.46873
-0.25 -0.75 -1.25 0.126822 0.237486 -0.963077 2.7699 0 2.7699
0.75 -0.75 -1.25 0.057835 0.126042 -0.990338 9.46352 0 9.46352
1.75 -0.75 -1.25 -0.171845 -0.03616 -0.98446 1.15117 0 1.15117
-1.75 -0.25 -1.25 0.100298 0.242184 -0.965032 32.1009 1 3.21009
-0.75 -0.25 -1.25 0.150284 0.486311 -0.860765 28.1865 1 2.81865
0.25 -0.25 -1.25 0.0809915 0.609412 -0.788706 762.339 2 7.62339
1.25 -0.25 -1.25 -0.385547 0.0037148 -0.922681 773.788 2 7.73788
2.25 -0.25 -1.25 0.0310758 0.292662 -0.955711 407.296 2 4.07296
-2.25 0.25 -1.25 0.107751 0.166959 -0.980058 4.1506 0 4.1506
-1.25 0.25 -1.25 0.0891635 0.187874 -0.978138 4.39533 0 4.39533
-0.25 0.25 -1.25 0.104615 0.304287 -0.946818 17.7603 1 1.77603
0.75 0.25 -1.25 0.0404141 0.182659 -0.982345 1.2741 0 1.2741
1.75 0.25 -1.25 0.0804272 0.280331 -0.956528 20.5931 1 2.05931
-1.75 0.75 -1.25 0.0589612 0.259386 -0.963972 17.9973 1 1.79973
-0.75 0.75 -1.25 -0.0823569 0.250341 -0.964648 79.1245 1 7.91245
0.25 0.75 -1.25 0.0535065 0.152739 -0.986817 5.29363 0 5.29363
1.25 0.75 -1.25 0.223988 0.339848 -0.913418 1.13215 0 1.13215
2.25 0.75 -1.25 -0.438045 0.14183 -0.887694 490.844 2 4.90844
-2.25 1.25 -1.25 -0.416689 0.0564141 -0.907297 601.108 2 6.01108
-1.25 1.25 -1.25 0.169366 0.306447 -0.936699 1.78437 0 1.78437
-0.25 1.25 -1.25 -0.0820623 0.146328 -0.985827 407.056 2 4.07056
0.75 1.25 -1.25 0.09007 0.163931 -0.982351 7.56357 0 7.56357
1.75 1.25 -1.25 -0.184623 0.370922 -0.910127 861.684 2 8.61684
-2 -1.5 -1 0.18406 0.250756 -0.950391 2.35061 0 2.35061
-1 -1.5 -1 -0.38887 0.143018 -0.910124 483.893 2 4.83893
0 -1.5 -1 0.167308 0.237943 -0.956761 3.33054 0 3.33054
1 -1.5 -1 -0.0110806 0.16419 -0.986366 1.84267 0 1.84267
2 -1.5 -1 -0.170056 -0.0265656 -0.985076 77.9936 1 7.79936
-2.5 -1 -1 0.0993427 0.429732 -0.897475 454.612 2 4.54612
-1.5 -1 -1 0.105707 0.286363 -0.952272 15.5933 1 1.55933
-0.5 -1 -1 -0.466209 0.3254 -0.822657 24.5654 1 2.45654
0.5 -1 -1 0.118202 0.184873 -0.975628 5.72188 0 5.72188
1.5 -1 -1 0.0162005 0.396066 -0.918079 488.273 2 4.88273
2.5 -1 -1 0.078437 0.130642 -0.988322 9.29019 0 9.29019
-2 -0.5 -1 -0.406368 -0.0112556 -0.91364 10.647 1 1.0647
-1 -0.5 -1 -0.066129 0.0527919 -0.996414 1.19223 0 1.19223
0 -0.5 -1 0.0520903 0.250683 -0.966667 1.22027 0 1.22027
1 -0.5 -1 0.143183 0.207131 -0.967779 4.07714 0 4.07714
2 -0.5 -1 0.107983 0.153688 -0.982201 5.18444 0 5.18444
-2.5 0 -1 0.22115 0.366644 -0.903695 82.0197 1 8.20197
-1.5 0 -1 0.0870438 0.262448 -0.961012 18.9428 1 1.89428
-0.5 0 -1 -0.18384 -0.0114075 -0.98289 64.0825 1 6.40825
0.5 0 -1 -0.110787 0.42062 -0.900447 935.623 2 9.35623
1.5 0 -1 0.108453 0.181605 -0.977373 3.21112 0 3.21112
2.5 0 -1 -0.222054 0.405579 -0.886678 390.575 2 3.90575
-2 0.5 -1 -0.366138 -0.0274562 -0.930156 989.335 2 9.89335
-1 0.5 -1 -0.120781 0.469369 -0.874702 481.699 2 4.81699
0 0.5 -1 0.147911 0.412026 -0.899087 36.2422 1 3.62422
1 0.5 -1 0.184457 0.483349 -0.855774 18.3419 1 1.83419
2 0.5 -1 -0.14466 0.310816 -0.939397 46.6363 1 4.66363
-2.5 1 -1 0.048762 0.2332 -0.971206 643.795 2 6.43795
-1.5 1 -1 0.278189 0.387071 -0.879083 88.5256 1 8.85256
-0.5 1 -1 -0.384506 -0.120617 -0.915209 48.1386 1 4.81386
0.5 1 -1 0.115352 0.141433 -0.983204 1.54496 0 1.54496
1.5 1 -1 0.148338 0.196719 -0.969174 5.73798 0 5.73798
2.5 1 -1 0.145474 0.302689 -0.941922 2.07007 0 2.07007
-2 1.5 -1 0.0209563 0.17864 -0.983691 964.092 2 9.64092
-1 1.5 -1 -0.385227 0.418355 -0.822544 141.427 2 1.41427
0 1.5 -1 0.137647 0.184202 -0.973202 4.34428 0 4.34428
1 1.5 -1 0.0528562 0.477008 -0.877308 253.346 2 2.53346
2 1.5 -1 -0.212568 0.506497 -0.835629 14.8508 1 1.48508
-2.25 -1.25 -0.75 0.202876 0.25822 -0.944544 2.51439 0 2.51439
-1.25 -1.25 -0.75 0.216712 0.41151 -0.885266 66.0871 1 6.60871
-0.25 -1.25 -0.75 0.0943735 0.130588 -0.986935 1.43345 0 1.43345
0.75 -1.25 -0.75 -0.154489 0.2059 -0.966301 271.516 2 2.71516
1.75 -1.25 -0.75 -0.093996 0.40078 -0.91134 133.266 2 1.33266
-1.75 -0.75 -0.75 -0.293444 0.53275 -0.793768 818.245 2 8.18245
-0.75 -0.75 -0.75 -0.109472 0.266194 -0.957683 221.731 2 2.21731
0.25 -0.75 -0.75 0.177336 0.235132 -0.955649 2.90345 0 2.90345
1.25 -0.75 -0.75 0.224735 0.296686 -0.928155 1.87009 0 1.87009
2.25 -0.75 -0.75 -0.0747746 0.287565 -0.954838 54.1174 1 5.41174
-2.25 -0.25 -0.75 -0.0910098 0.451477 -0.887629 823.926 2 8.23926
-1.25 -0.25 -0.75 -0.177942 0.0693315 -0.981595 18.2367 1 1.82367
-0.25 -0.25 -0.75 0.14727 0.244588 -0.958378 3.23112 0 3.23112
0.75 -0.25 -0.75 0.10656 0.143273 -0.98393 6.27042 0 6.27042
1.75 -0.25 -0.75 0.000413574 0.238607 -0.971116 88.9729 1 8.89729
-1.75 0.25 -0.75 -0.0181603 0.0754453 -0.996985 7.47709 0 7.47709
-0.75 0.25 -0.75 -0.231453 0.0869107 -0.968956 16.9706 1 1.69706
0.25 0.25 -0.75 0.0350351 0.212215 -0.976595 765.591 2 7.65591
1.25 0.25 -0.75 -0.39036 -0.0499042 -0.919309 12.4291 1 1.24291
2.25 0.25 -0.75 0.109208 0.508633 -0.854029 10.0307 1 1.00307
-2.25 0.75 -0.75 0.0868668 0.24641 -0.965265 2.8208 0 2.8208
-1.25 0.75 -0.75 0.0713706 0.0994553 -0.992479 2.67861 0 2.67861
-0.25 0.75 -0.75 0.180512 0.356355 -0.916748 1.27729 0 1.27729
0.75 0.75 -0.75 0.1468 0.284101 -0.94749 2.57504 0 2.57504
1.75 0.75 -0.75 0.15077 0.180595 -0.971933 7.65939 0 7.65939
-1.75 1.25 -0.75 0.0334605 0.08972 -0.995405 1.82358 0 1.82358
-0.75 1.25 -0.75 0.158426 0.415001 -0.895922 65.1821 1 6.51821
0.25 1.25 -0.75 0.171724 0.328126 -0.928894 97.8677 1 9.78677
1.25 1.25 -0.75 0.147253 0.262074 -0.953747 2.56675 0 2.56675
2.25 1.25 -0.75 -0.38341 0.132635 -0.914005 421.109 2 4.21109
-2.5 -1.5 -0.5 -0.169686 0.420924 -0.891084 520.413 2 5.20413
-1.5 -1.5 -0.5 -0.371598 -0.121393 -0.920423 19.8699 1 1.98699
-0.5 -1.5 -0.5 0.0280041 0.121134 -0.992241 8.70005 0 8.70005
0.5 -1.5 -0.5 0.0405465 0.179777 -0.982871 10.0615 1 1.00615
1.5 -1.5 -0.5 0.186386 0.297626 -0.936311 1.37574 0 1.37574
2.5 -1.5 -0.5 0.131323 0.332314 -0.933982 14.5519 1 1.45519
-2 -1 -0.5 -0.103213 0.165789 -0.980745 362.779 2 3.62779
-1 -1 -0.5 -0.162936 0.253634 -0.953479 211.294 2 2.11294
0 -1 -0.5 -0.0927549 0.349438 -0.932357 198.936 2 1.98936
1 -1 -0.5 -0.235816 0.15069 -0.960043 911.784 2 9.11784
2 -1 -0.5 -0.36045 0.373085 -0.854917 177.115 2 1.77115
-2.5 -0.5 -0.5 0.0651107 0.397341 -0.915358 558.545 2 5.58545
-1.5 -0.5 -0.5 0.0886472 0.526221 -0.845715 123.978 2 1.23978
-0.5 -0.5 -0.5 0.0795465 0.190606 -0.978438 5.14188 0 5.14188
0.5 -0.5 -0.5 -0.0640711 0.174751 -0.982526 359.404 2 3.59404
1.5 -0.5 -0.5 0.234818 0.314309 -0.919821 1.49753 0 1.49753
2.5 -0.5 -0.5 0.0840326 0.225995 -0.970497 26.1098 1 2.61098
-2 0 -0.5 0.0810746 0.130857 -0.988081 5.90798 0 5.90798
-1 0 -0.5 -0.164203 0.30236 -0.938944 157.819 2 1.57819
0 0 -0.5 0.107573 0.126589 -0.986105 2.22642 0 2.22642
1 0 -0.5 0.0553141 0.212831 -0.975522 1.92173 0 1.92173
2 0 -0.5 0.145549 0.286824 -0.946862 1.96274 0 1.96274
-2.5 0.5 -0.5 -0.0890473 0.506399 -0.857689 243.785 2 2.43785
-1.5 0.5 -0.5 0.146324 0.228736 -0.962429 3.91574 0 3.91574
-0.5 0.5 -0.5 0.107253 0.232096 -0.966762 25.0329 1 2.50329
0.5 0.5 -0.5 -0.381322 -0.130596 -0.915171 26.1447 1 2.61447
1.5 0.5 -0.5 0.112734 0.541653 -0.833009 13.643 1 1.3643
2.5 0.5 -0.5 -0.358752 0.421619 -0.832787 16.3499 1 1.63499
-2 1 -0.5 -0.094575 0.368759 -0.924701 116.49 2 1.1649
-1 1 -0.5 0.0630989 0.0946116 -0.993513 9.88931 0 9.88931
0 1 -0.5 -0.0139854 0.332533 -0.942988 286.932 2 2.86932
1 1 -0.5 -0.439374 -0.0304328 -0.897788 13.3503 1 1.33503
2 1 -0.5 0.0394374 0.320606 -0.946391 998.094 2 9.98094
-2.5 1.5 -0.5 -0.121274 0.384853 -0.914976 946.484 2 9.46484
-1.5 1.5 -0.5 0.0657484 0.518342 -0.852642 218.086 2 2.18086
-0.5 1.5 -0.5 0.0788305 0.322615 -0.943242 10.9075 1 1.09075
0.5 1.5 -0.5 0.163419 0.598887 -0.783983 10.9141 1 1.09141
1.5 1.5 -0.5 -0.0422481 0.427492 -0.903031 42.1308 1 4.21308
2.5 1.5 -0.5 -0.344413 -0.180278 -0.921347 35.753 1 3.5753
-1.75 -1.25 -0.25 -0.431968 0.329951 -0.839366 182.201 2 1.82201
-0.75 -1.25 -0.25 -0.0839336 0.246928 -0.965392 252.732 2 2.52732
0.25 -1.25 -0.25 -0.191268 0.319274 -0.92816 126.188 2 1.26188
1.25 -1.25 -0.25 0.179995 0.483306 -0.856748 34.336 1 3.4336
2.25 -1.25 -0.25 0.0977414 0.320269 -0.942271 1.34583 0 1.34583
-2.25 -0.75 -0.25 -0.292938 0.418525 -0.859665 19.9288 1 1.99288
-1.25 -0.75 -0.25 0.120784 0.35371 -0.927524 11.3584 1 1.13584
-0.25 -0.75 -0.25 0.141167 0.164886 -0.976158 1.21967 0 1.21967
0.75 -0.75 -0.25 0.158695 0.411616 -0.897434 54.4278 1 5.44278
1.75 -0.75 -0.25 0.1188 0.149311 -0.981628 1.22069 0 1.22069
-1.75 -0.25 -0.25 -0.388008 -0.0899621 -0.917255 17.3906 1 1.73906
-0.75 -0.25 -0.25 0.173561 0.220614 -0.959795 3.47338 0 3.47338
0.25 -0.25 -0.25 -0.401257 0.056345 -0.914231 732.431 2 7.32431
1.25 -0.25 -0.25 0.0617155 0.224264 -0.972572 24.4567 1 2.44567
2.25 -0.25 -0.25 -0.148678 0.474762 -0.867465 303.273 2 3.03273
-2.25 0.25 -0.25 0.136871 0.48939 -0.861257 12.9008 1 1.29008
-1.25 0.25 -0.25 0.135132 0.172426 -0.975709 5.14913 0 5.14913
-0.25 0.25 -0.25 -0.420898 -0.0198693 -0.90689 10.4674 1 1.04674
0.75 0.25 -0.25 0.0110035 0.124598 -0.992146 3.47668 0 3.47668
1.75 0.25 -0.25 0.133402 0.162149 -0.977707 5.93485 0 5.93485
-1.75 0.75 -0.25 -0.383512 0.0136817 -0.923435 860.499 2 8.60499
-0.75 0.75 -0.25 -0.0855056 0.19429 -0.97721 324.577 2 3.24577
0.25 0.75 -0.25 -0.00720845 0.594942 -0.803737 634.54 2 6.3454
1.25 0.75 -0.25 0.120995 0.267168 -0.956024 26.6716 1 2.66716
2.25 0.75 -0.25 0.103795 0.196458 -0.975003 5.49229 0 5.49229
-2.25 1.25 -0.25 -0.36029 -0.133237 -0.923276 19.542 1 1.9542
-1.25 1.25 -0.25 -0.00027712 0.41689 -0.908957 339.445 2 3.39445
-0.25 1.25 -0.25 0.00878788 0.209721 -0.977722 744.099 2 7.44099
0.75 1.25 -0.25 0.183602 0.351303 -0.918083 1.20032 0 1.20032
1.75 1.25 -0.25 0.0768197 0.180501 -0.98057 38.7323 1 3.87323
-2 -1.5 0 0.175533 0.600347 -0.780238 10.3668 1 1.03668
-1 -1.5 0 -0.394505 -0.118546 -0.911215 32.9978 1 3.29978
0 -1.5 0 0.122234 0.236434 -0.963928 3.8424 0 3.8424
1 -1.5 0 0.0928134 0.172773 -0.980579 5.55207 0 5.55207
2 -1.5 0 0.121957 0.443838 -0.88777 491.54 2 4.9154
-2.5 -1 0 0.23243 0.365387 -0.901371 1.26935 0 1.26935
-1.5 -1 0 0.083881 0.187548 -0.978667 2.96045 0 2.96045
-0.5 -1 0 -0.109115 0.214285 -0.970657 287.563 2 2.87563
0.5 -1 0 0.0587793 0.544744 -0.83654 797.096 2 7.97096
1.5 -1 0 0.0440736 0.169982 -0.984461 3.63967 0 3.63967
2.5 -1 0 -0.00580459 0.437576 -0.899163 125.968 2 1.25968
-2 -0.5 0 0.128184 0.450274 -0.883642 42.9298 1 4.29298
-1 -0.5 0 0.0183196 0.228125 -0.97346 662.51 2 6.6251
0 -0.5 0 -0.0259931 0.457384 -0.888889 967.336 2 9.67336
1 -0.5 0 0.0793027 0.458096 -0.885358 343.223 2 3.43223
2 -0.5 0 0.0584042 0.299885 -0.952186 12.7712 1 1.27712
-2.5 0 0 0.0165683 0.34331 -0.939076 748.634 2 7.48634
-1.5 0 0 0.0998033 0.21053 -0.972479 4.55019 0 4.55019
-0.5 0 0 -0.0448501 0.155947 -0.986747 391.064 2 3.91064
0.5 0 0 0.119048 0.252802 -0.960166 3.14274 0 3.14274
1.5 0 0 -0.0579841 0.0415038 -0.997454 1.4772 0 1.4772
2.5 0 0 0.205751 0.517427 -0.830624 15.0165 1 1.50165
-2 0.5 0 0.0908937 0.406406 -0.90916 604.848 2 6.04848
-1 0.5 0 -0.331747 0.483053 -0.810311 12.3994 1 1.23994
0 0.5 0 -0.00984358 0.286723 -0.957963 407.307 2 4.07307
1 0.5 0 0.054154 0.60207 -0.796605 716.261 2 7.16261
2 0.5 0 0.186605 0.43493 -0.880917 43.1999 1 4.31999
-2.5 1 0 -0.197256 0.109572 -0.974209 13.3444 1 1.33444
-1.5 1 0 0.137677 0.326926 -0.934968 1.5879 0 1.5879
-0.5 1 0 -0.0640133 0.328865 -0.942205 261.785 2 2.61785
0.5 1 0 -0.0753901 0.0382458 -0.99642 1.74719 0 1.74719
1.5 1 0 -0.25537 0.221599 -0.941106 624.249 2 6.24249
2.5 1 0 0.133167 0.346699 -0.928475 1.14803 0 1.14803
-2 1.5 0 0.120812 0.160824 -0.979561 9.30473 0 9.30473
-1 1.5 0 0.093153 0.212093 -0.9728 30.1816 1 3.01816
0 1.5 0 0.0971404 0.192909 -0.976396 52.6188 1 5.26188
1 1.5 0 -0.0090885 0.380824 -0.924603 195.407 2 1.95407
2 1.5 0 0.0899646 0.114507 -0.98934 2.30578 0 2.30578
-2.25 -1.25 0.25 0.0536239 0.13972 -0.988738 7.23097 0 7.23097
-1.25 -1.25 0.25 -0.00975479 0.534654 -0.845015 634.291 2 6.34291
-0.25 -1.25 0.25 -0.400754 -0.101531 -0.910543 21.5062 1 2.15062
0.75 -1.25 0.25 0.0758272 0.148494 -0.986002 8.50329 0 8.50329
1.75 -1.25 0.25 0.010779 0.0866354 -0.996182 1.74631 0 1.74631
-1.75 -0.75 0.25 -0.201952 -0.0083351 -0.97936 77.3908 1 7.73908
-0.75 -0.75 0.25 0.185345 0.369479 -0.910567 83.7564 1 8.37564
0.25 -0.75 0.25 -0.12934 0.519498 -0.844626 409.658 2 4.09658
1.25 -0.75 0.25 0.0263137 0.193887 -0.980671 875.524 2 8.75524
2.25 -0.75 0.25 0.0870032 0.370365 -0.924803 720.33 2 7.2033
-2.25 -0.25 0.25 0.146248 0.251336 -0.956787 2.29546 0 2.29546
-1.25 -0.25 0.25 -0.0518379 0.0747684 -0.995853 7.70795 0 7.70795
-0.25 -0.25 0.25 0.166585 0.383892 -0.908227 93.3797 1 9.33797
0.75 -0.25 0.25 0.0446414 0.424459 -0.904346 419.521 2 4.19521
1.75 -0.25 0.25 0.176455 0.34862 -0.920504 65.6779 1 6.56779
-1.75 0.25 0.25 -0.04086 0.125318 -0.991275 3.44675 0 3.44675
-0.75 0.25 0.25 -0.0383365 0.405465 -0.913306 152.723 2 1.52723
0.25 0.25 0.25 0.107056 0.226896 -0.968017 38.1547 1 3.81547
1.25 0.25 0.25 0.0780863 0.552015 -0.83017 842.908 2 8.42908
2.25 0.25 0.25 0.116241 0.212703 -0.970178 3.85781 0 3.85781
-2.25 0.75 0.25 -0.199577 0.384459 -0.90131 617.052 2 6.17052
-1.25 0.75 0.25 -0.0611764 0.0912582 -0.993946 5.87506 0 5.87506
-0.25 0.75 0.25 -0.157467 -0.0406971 -0.986685 92.1435 1 9.21435
0.75 0.75 0.25 0.145712 0.310021 -0.939497 1.42984 0 1.42984
1.75 0.75 0.25 -0.357444 -0.119961 -0.926198 16.0332 1 1.60332
-1.75 1.25 0.25 -0.0755738 0.0658912 -0.994961 9.28961 0 9.28961
-0.75 1.25 0.25 -0.122584 0.101458 -0.987259 1.33005 0 1.33005
0.25 1.25 0.25 0.177379 0.558955 -0.810003 15.9401 1 1.59401
1.25 1.25 0.25 -0.0507639 0.141859 -0.988584 2.39744 0 2.39744
2.25 1.25 0.25 -0.0511924 0.031104 -0.998204 1.77223 0 1.77223
-2.5 -1.5 0.5 0.0928063 0.303963 -0.948153 13.2463 1 1.32463
-1.5 -1.5 0.5 0.144218 0.407263 -0.901853 678.557 2 6.78557
-0.5 -1.5 0.5 0.147362 0.173241 -0.973793 9.87349 0 9.87349
0.5 -1.5 0.5 -0.0704545 0.106152 -0.991851 4.2653 0 4.2653
1.5 -1.5 0.5 0.141584 0.213961 -0.966527 2.80839 0 2.80839
2.5 -1.5 0.5 0.012411 0.267309 -0.963531 486.842 2 4.86842
-2 -1 0.5 -0.135219 0.234411 -0.962688 249.515 2 2.49515
-1 -1 0.5 0.127895 0.251231 -0.95944 31.1046 1 3.11046
0 -1 0.5 -0.0696397 0.430935 -0.899692 113.924 2 1.13924
1 -1 0.5 -0.0210787 0.367619 -0.929738 62.4014 1 6.24014
2 -1 0.5 0.0351805 0.460835 -0.886788 53.9885 1 5.39885
-2.5 -0.5 0.5 0.0211144 0.455674 -0.889896 298.459 2 2.98459
-1.5 -0.5 0.5 0.117759 0.197822 -0.973139 4.77694 0 4.77694
-0.5 -0.5 0.5 -0.0665161 0.0280834 -0.99739 2.13438 0 2.13438
0.5 -0.5 0.5 -0.443795 0.386556 -0.808468 14.0842 1 1.40842
1.5 -0.5 0.5 -0.038405 0.049796 -0.998021 1.18328 0 1.18328
2.5 -0.5 0.5 0.110579 0.486257 -0.866791 27.2491 1 2.72491
-2 0 0.5 -0.0628299 0.482167 -0.873823 623.045 2 6.23045
-1 0 0.5 -0.315589 0.344263 -0.884243 30.1731 1 3.01731
0 0 0.5 -0.420278 -0.0681823 -0.90483 17.2003 1 1.72003
1 0 0.5 -0.0127823 0.226843 -0.973847 616.514 2 6.16514
2 0 0.5 -0.0927769 0.122745 -0.988092 447.448 2 4.47448
-2.5 0.5 0.5 -0.0785629 0.0861681 -0.993178 541.704 2 5.41704
-1.5 0.5 0.5 0.122928 0.44182 -0.888642 89.3067 1 8.93067
-0.5 0.5 0.5 0.107465 0.295416 -0.949305 1.87567 0 1.87567
0.5 0.5 0.5 -0.374002 -0.0862504 -0.923408 14.2415 1 1.42415
1.5 0.5 0.5 0.150363 0.266901 -0.951922 3.08749 0 3.08749
2.5 0.5 0.5 -0.0486952 0.421776 -0.905392 40.0999 1 4.00999
-2 1 0.5 0.0360167 0.164596 -0.985703 11.2818 1 1.12818
-1 1 0.5 0.185752 0.300561 -0.935499 2.08874 0 2.08874
0 1 0.5 -0.343051 0.0588764 -0.93747 668.741 2 6.68741
1 1 0.5 -0.132371 0.335081 -0.932844 137.508 2 1.37508
2 1 0.5 0.191027 0.454068 -0.870248 50.2508 1 5.02508
-2.5 1.5 0.5 0.117651 0.381874 -0.916695 79.761 1 7.9761
-1.5 1.5 0.5 -0.053784 0.284124 -0.957278 366.805 2 3.66805
-0.5 1.5 0.5 0.144983 0.233515 -0.961484 2.14359 0 2.14359
0.5 1.5 0.5 0.24667 0.399134 -0.883089 63.3677 1 6.33677
1.5 1.5 0.5 0.0923837 0.157269 -0.983225 5.67442 0 5.67442
2.5 1.5 0.5 0.112504 0.273517 -0.955265 2.47644 0 2.47644
-1.75 -1.25 0.75 -0.37988 -0.110749 -0.918382 23.5433 1 2.35433
-0.75 -1.25 0.75 0.0858187 0.176086 -0.980627 6.33145 0 6.33145
0.25 -1.25 0.75 -0.044311 0.0619189 -0.997097 9.7261 0 9.7261
1.25 -1.25 0.75 0.103782 0.383146 -0.917839 849.644 2 8.49644
2.25 -1.25 0.75 -0.112612 0.405466 -0.907147 36.2306 1 3.62306
-2.25 -0.75 0.75 0.149784 0.44568 -0.882573 13.4514 1 1.34514
-1.25 -0.75 0.75 -0.372687 0.246984 -0.894485 302.273 2 3.02273
-0.25 -0.75 0.75 0.248861 0.454023 -0.85553 48.2007 1 4.82007
0.75 -0.75 0.75 0.00687209 0.134307 -0.990916 2.58123 0 2.58123
1.75 -0.75 0.75 0.0962725 0.475414 -0.874479 325.928 2 3.25928
-1.75 -0.25 0.75 -0.436408 0.312501 -0.843737 247.785 2 2.47785
-0.75 -0.25 0.75 0.139247 0.191396 -0.971585 3.13275 0 3.13275
0.25 -0.25 0.75 -0.0143453 0.493206 -0.869794 659.36 2 6.5936
1.25 -0.25 0.75 -0.12997 0.474295 -0.870719 25.9698 1 2.59698
2.25 -0.25 0.75 0.0776283 0.189807 -0.978748 50.0454 1 5.00454
-2.25 0.25 0.75 0.0846037 0.266465 -0.960124 1.01416 0 1.01416
-1.25 0.25 0.75 -0.0358406 0.307566 -0.950851 331.7 2 3.317
-0.25 0.25 0.75 0.21353 0.424771 -0.879758 71.2799 1 7.12799
0.75 0.25 0.75 0.146665 0.214743 -0.965596 4.60052 0 4.60052
1.75 0.25 0.75 -0.144928 0.0205577 -0.989229 3.03058 0 3.03058
-1.75 0.75 0.75 0.0917431 0.2598 -0.961295 26.1597 1 2.61597
-0.75 0.75 0.75 0.0726048 0.239199 -0.968252 29.4454 1 2.94454
0.25 0.75 0.75 0.0671513 0.301128 -0.951216 15.5594 1 1.55594
1.25 0.75 0.75 -0.414349 -0.0921965 -0.905436 26.7161 1 2.67161
2.25 0.75 0.75 0.0635673 0.432295 -0.899489 78.2021 1 7.82021
-2.25 1.25 0.75 0.0326979 0.0986208 -0.994588 1.47967 0 1.47967
-1.25 1.25 0.75 0.105234 0.13374 -0.985413 7.36547 0 7.36547
-0.25 1.25 0.75 0.0296511 0.109929 -0.993497 1.15726 0 1.15726
0.75 1.25 0.75 -0.0956281 0.433694 -0.895971 579.814 2 5.79814
1.75 1.25 0.75 -0.0195133 0.507225 -0.861592 34.0021 1 3.40021
-2 -1.5 1 0.0565112 0.106149 -0.992743 1.43432 0 1.43432
-1 -1.5 1 -0.0768284 0.301234 -0.95045 191.17 2 1.9117
0 -1.5 1 0.11304 0.229675 -0.966681 1.52053 0 1.52053
1 -1.5 1 0.0910116 0.206151 -0.974279 44.6782 1 4.46782
2 -1.5 1 0.188607 0.32022 -0.928378 1.62154 0 1.62154
-2.5 -1 1 0.150884 0.571602 -0.806539 10.5468 1 1.05468
-1.5 -1 1 0.0879011 0.148501 -0.984998 7.27455 0 7.27455
-0.5 -1 1 0.215158 0.500044 -0.838846 33.4559 1 3.34559
0.5 -1 1 -0.0327016 0.0385406 -0.998722 1.3943 0 1.3943
1.5 -1 1 -0.184579 -0.0266074 -0.982457 1.36444 0 1.36444
2.5 -1 1 0.0834894 0.194783 -0.977287 34.89 1 3.489
-2 -0.5 1 0.0935103 0.227792 -0.969209 3.64772 0 3.64772
-1 -0.5 1 0.0870629 0.107969 -0.990335 2.77834 0 2.77834
0 -0.5 1 -0.0161859 0.572909 -0.819459 487.485 2 4.87485
1 -0.5 1 -0.355656 -0.164104 -0.920097 46.5542 1 4.65542
2 -0.5 1 -0.0596126 0.227227 -0.972016 281.782 2 2.81782
-2.5 0 1 -0.193237 0.0312067 -0.980656 31.5744 1 3.15744
-1.5 0 1 0.0824661 0.120149 -0.989325 7.29078 0 7.29078
-0.5 0 1 0.184696 0.212873 -0.959465 4.54648 0 4.54648
0.5 0 1 0.119057 0.173266 -0.977652 6.65713 0 6.65713
1.5 0 1 0.0670285 0.448153 -0.89144 409.188 2 4.09188
2.5 0 1 0.0194215 0.258162 -0.965907 92.5083 1 9.25083
-2 0.5 1 -0.114767 0.142094 -0.983177 393.262 2 3.93262
-1 0.5 1 -0.404178 -0.056157 -0.912955 14.9525 1 1.49525
0 0.5 1 -0.422028 0.377182 -0.824394 16.3245 1 1.63245
1 0.5 1 -0.339949 0.209784 -0.916747 370.747 2 3.70747
2 0.5 1 0.040811 0.368134 -0.928877 666.614 2 6.66614
-2.5 1 1 -0.0584079 0.546878 -0.835172 349.484 2 3.49484
-1.5 1 1 -0.436674 0.229071 -0.869967 309.597 2 3.09597
-0.5 1 1 -0.46633 0.0916237 -0.879853 592.577 2 5.92577
0.5 1 1 0.104204 0.309914 -0.945037 1.52623 0 1.52623
1.5 1 1 0.107253 0.183916 -0.977073 6.43541 0 6.43541
2.5 1 1 0.0144031 0.0771635 -0.996914 2.19427 0 2.19427
-2 1.5 1 0.0730627 0.24147 -0.967654 21.9948 1 2.19948
-1 1.5 1 0.0295769 0.543951 -0.838596 727.546 2 7.27546
0 1.5 1 -0.127491 0.185935 -0.974256 317.226 2 3.17226
1 1.5 1 -0.378817 -0.10076 -0.91997 16.335 1 1.6335
2 1.5 1 0.122059 0.170294 -0.977804 6.7814 0 6.7814
-2.25 -1.25 1.25 0.0418257 0.277985 -0.959674 14.2657 1 1.42657
-1.25 -1.25 1.25 -0.136574 0.285224 -0.948681 189.705 2 1.89705
-0.25 -1.25 1.25 0.113715 0.284614 -0.951874 22.1698 1 2.21698
0.75 -1.25 1.25 0.0967007 0.149431 -0.984032 8.0461 0 8.0461
1.75 -1.25 1.25 0.0849038 0.176312 -0.980666 60.1046 1 6.01046
-1.75 -0.75 1.25 0.0830232 0.221558 -0.971607 36.8496 1 3.68496
-0.75 -0.75 1.25 0.0492446 0.197567 -0.979052 864.44 2 8.6444
0.25 -0.75 1.25 -0.473107 0.203335 -0.857219 330.372 2 3.30372
1.25 -0.75 1.25 -0.157267 0.129497 -0.979029 95.7951 1 9.57951
2.25 -0.75 1.25 0.00954767 0.311636 -0.950154 346.828 2 3.46828
-2.25 -0.25 1.25 0.113865 0.231849 -0.966065 3.00755 0 3.00755
-1.25 -0.25 1.25 0.0317269 0.249692 -0.967805 566.751 2 5.66751
-0.25 -0.25 1.25 0.118816 0.642654 -0.756887 648.438 2 6.48438
0.75 -0.25 1.25 0.0457915 0.370116 -0.927856 72.9627 1 7.29627
1.75 -0.25 1.25 -0.0231705 0.0896391 -0.995705 6.03482 0 6.03482
-1.75 0.25 1.25 0.1423 0.257131 -0.955842 1.56426 0 1.56426
-0.75 0.25 1.25 0.157367 0.484656 -0.860432 36.9277 1 3.69277
0.25 0.25 1.25 0.129932 0.555229 -0.821486 11.6537 1 1.16537
1.25 0.25 1.25 -0.374822 0.466148 -0.801383 11.2064 1 1.12064
2.25 0.25 1.25 0.177495 0.38488 -0.905739 55.7134 1 5.57134
-2.25 0.75 1.25 0.074019 0.208479 -0.975222 29.6104 1 2.96104
-1.25 0.75 1.25 0.139781 0.313406 -0.939275 1.78365 0 1.78365
-0.25 0.75 1.25 0.184256 0.20915 -0.960368 5.9969 0 5.9969
0.75 0.75 1.25 -0.0742847 0.104521 -0.991744 500.108 2 5.00108
1.75 0.75 1.25 0.141226 0.196836 -0.970212 3.55404 0 3.55404
-1.75 1.25 1.25 0.181733 0.272486 -0.944841 1.8261 0 1.8261
-0.75 1.25 1.25 0.0118774 0.362334 -0.931973 240.054 2 2.40054
0.25 1.25 1.25 0.0746845 0.351938 -0.933039 92.0464 1 9.20464
1.25 1.25 1.25 -0.461278 0.273409 -0.844079 235.629 2 2.35629
2.25 1.25 1.25 -0.176065 0.00976634 -0.98433 40.5251 1 4.05251
-2.5 -1.5 1.5 -0.064951 0.376408 -0.924174 179.256 2 1.79256
-1.5 -1.5 1.5 0.125777 0.221553 -0.967003 4.54685 0 4.54685
-0.5 -1.5 1.5 0.122385 0.434824 -0.89216 33.7706 1 3.37706
0.5 -1.5 1.5 0.0467466 0.604734 -0.795054 407.623 2 4.07623
1.5 -1.5 1.5 -0.186001 -0.0229279 -0.982282 95.8011 1 9.58011
2.5 -1.5 1.5 -0.416746 0.196054 -0.887629 322.36 2 3.2236
-2 -1 1.5 -0.040761 0.356246 -0.933503 230.604 2 2.30604
-1 -1 1.5 0.0953706 0.160221 -0.982463 6.78625 0 6.78625
0 -1 1.5 0.143594 0.339939 -0.92942 98.1732 1 9.81732
1 -1 1.5 -0.364784 0.101505 -0.925543 577.1 2 5.771
2 -1 1.5 -0.398881 -0.0640293 -0.914764 13.2756 1 1.32756
-2.5 -0.5 1.5 0.0894416 0.507399 -0.857057 840.774 2 8.40774
-1.5 -0.5 1.5 -0.191015 0.271127 -0.9434 173.289 2 1.73289
-0.5 -0.5 1.5 0.0914322 0.327964 -0.940255 13.6863 1 1.36863
0.5 -0.5 1.5 0.019531 0.51658 -0.856016 105.691 2 1.05691
1.5 -0.5 1.5 0.113027 0.213083 -0.970474 44.0826 1 4.40826
2.5 -0.5 1.5 0.0873058 0.577391 -0.811786 938.543 2 9.38543
-2 0 1.5 -0.156907 0.0426742 -0.986691 24.0372 1 2.40372
-1 0 1.5 0.22661 0.421063 -0.878267 43.4503 1 4.34503
0 0 1.5 0.151773 0.388663 -0.908794 89.6865 1 8.96865
1 0 1.5 -0.209669 0.0571277 -0.976102 23.6902 1 2.36902
2 0 1.5 -0.419046 0.0998094 -0.902462 609.155 2 6.09155
-2.5 0.5 1.5 -0.443661 0.0317291 -0.895633 799.9 2 7.999
-1.5 0.5 1.5 0.1016 0.35156 -0.930636 888.353 2 8.88353
-0.5 0.5 1.5 0.110686 0.133995 -0.984781 1.88419 0 1.88419
0.5 0.5 1.5 -0.213016 0.334607 -0.917966 951.483 2 9.51483
1.5 0.5 1.5 0.034547 0.0808999 -0.996123 2.17467 0 2.17467
2.5 0.5 1.5 0.111805 0.251292 -0.961432 2.24906 0 2.24906
-2 1 1.5 0.0746112 0.279611 -0.95721 15.8038 1 1.58038
-1 1 1.5 -0.0664806 0.17787 -0.981806 1.59434 0 1.59434
0 1 1.5 -0.413613 0.18602 -0.891247 393.669 2 3.93669
1 1 1.5 -0.360769 -0.0418624 -0.931715 966.019 2 9.66019
2 1 1.5 0.244773 0.509014 -0.825222 20.418 1 2.0418
-2.5 1.5 1.5 -0.0299526 0.103197 -0.99421 4.65941 0 4.65941
-1.5 1.5 1.5 0.0704194 0.0928631 -0.993186 3.2931 0 3.2931
-0.5 1.5 1.5 -0.40935 0.282726 -0.867467 238.639 2 2.38639
0.5 1.5 1.5 -0.232766 0.207175 -0.95021 40.6021 1 4.06021
1.5 1.5 1.5 -0.182847 0.184616 -0.965652 694.424 2 6.94424
2.5 1.5 1.5 0.00933468 0.477107 -0.878796 202.297 2 2.02297
