446
-2.5 -1.5 -1.5 0.205446 0.0893301 -0.974583 4.54957 0 4.54957
-1.5 -1.5 -1.5 -0.0702532 -0.342939 -0.936727 299.641 2 2.99641
-0.5 -1.5 -1.5 0.248673 0.0276494 -0.968193 1.35709 0 1.35709
0.5 -1.5 -1.5 0.0524059 -0.257279 -0.964915 744.526 2 7.44526
1.5 -1.5 -1.5 0.0182887 -0.522098 -0.852689 150.01 2 1.5001
2.5 -1.5 -1.5 0.0038719 -0.44457 -0.895736 156.202 2 1.56202
-2 -1 -1.5 -0.0380264 -0.0571649 -0.99764 1.54207 0 1.54207
-1 -1 -1.5 0.181027 0.107105 -0.977629 1.58645 0 1.58645
0 -1 -1.5 0.226734 -0.153048 -0.961856 14.8031 1 1.48031
1 -1 -1.5 0.214737 -0.0329197 -0.976117 51.3261 1 5.13261
2 -1 -1.5 -0.0431782 -0.366396 -0.929457 159.859 2 1.59859
-2.5 -0.5 -1.5 -0.017123 -0.122958 -0.992264 23.6293 1 2.36293
-1.5 -0.5 -1.5 0.0450864 -0.431103 -0.901176 158.053 2 1.58053
-0.5 -0.5 -1.5 0.0849375 -0.655089 -0.750763 135.813 2 1.35813
0.5 -0.5 -1.5 0.235675 0.0997282 -0.966701 1.31239 0 1.31239
1.5 -0.5 -1.5 -0.0446218 -0.37578 -0.925634 289.429 2 2.89429
2.5 -0.5 -1.5 0.00429318 -0.0125711 -0.999912 1.59947 0 1.59947
-2 0 -1.5 0.0216115 -0.130492 -0.991214 10.7956 1 1.07956
-1 0 -1.5 0.247215 -0.162414 -0.955252 14.0187 1 1.40187
0 0 -1.5 -0.0371682 -0.134239 -0.990252 20.25 1 2.025
1 0 -1.5 -0.109393 -0.515216 -0.85005 141.501 2 1.41501
2 0 -1.5 -0.0306202 -0.211198 -0.976964 788.032 2 7.88032
-2.5 0.5 -1.5 0.0897523 -0.180835 -0.97941 687.041 2 6.87041
-1.5 0.5 -1.5 -0.0272249 -0.0916891 -0.995415 29.2063 1 2.92063
-0.5 0.5 -1.5 0.275399 0.0764242 -0.958287 1.11743 0 1.11743
0.5 0.5 -1.5 0.309141 0.160439 -0.937385 74.2363 1 7.42363
1.5 0.5 -1.5 0.202784 -0.477333 -0.855004 605.151 2 6.05151
2.5 0.5 -1.5 -0.0411388 -0.0462187 -0.998084 2.12445 0 2.12445
-2 1 -1.5 -0.00364361 -0.208612 -0.977992 684.563 2 6.84563
-1 1 -1.5 -0.0238587 -0.334057 -0.942251 301.998 2 3.01998
0 1 -1.5 0.240967 -0.0541182 -0.969023 48.2063 1 4.82063
1 1 -1.5 0.0955819 -0.57471 -0.812756 147.973 2 1.47973
2 1 -1.5 -0.192404 -0.558369 -0.806972 126.292 2 1.26292
-2.5 1.5 -1.5 -0.00346681 -0.228719 -0.973486 768.195 2 7.68195
-1.5 1.5 -1.5 0.0763638 -0.408842 -0.909405 158.642 2 1.58642
-0.5 1.5 -1.5 0.144675 0.0604079 -0.987634 8.66468 0 8.66468
0.5 1.5 -1.5 0.206639 -0.461943 -0.862501 635.154 2 6.35154
1.5 1.5 -1.5 -0.0320561 -0.206485 -0.977924 748.303 2 7.48303
2.5 1.5 -1.5 0.287721 0.102895 -0.952171 99.0749 1 9.90749
-1.75 -1.25 -1.25 0.0489981 -0.19283 -0.980008 277.245 2 2.77245
-0.75 -1.25 -1.25 0.0986989 -0.361153 -0.927269 662.666 2 6.62666
0.25 -1.25 -1.25 0.177283 0.0153308 -0.984041 1.79796 0 1.79796
1.25 -1.25 -1.25 -0.0304936 -0.131458 -0.990853 16.4845 1 1.64845
2.25 -1.25 -1.25 -0.0159648 -0.0283 -0.999472 3.12385 0 3.12385
-2.25 -0.75 -1.25 0.0139816 -0.66437 -0.747273 128.462 2 1.28462
-1.25 -0.75 -1.25 0.0832807 -0.211492 -0.973825 513.725 2 5.13725
-0.25 -0.75 -1.25 -0.0504059 -0.0777554 -0.995697 63.2161 1 6.32161
0.75 -0.75 -1.25 0.0606546 -0.1966 -0.978606 550.99 2 5.5099
1.75 -0.75 -1.25 0.0313277 -0.382554 -0.923402 591.869 2 5.91869
-1.75 -0.25 -1.25 -0.0454965 -0.0880539 -0.995076 47.4366 1 4.74366
-0.75 -0.25 -1.25 -0.0119359 -0.0239566 -0.999642 2.46779 0 2.46779
0.25 -0.25 -1.25 0.0846715 -0.3475 -0.933849 294.669 2 2.94669
1.25 -0.25 -1.25 0.252105 -0.211375 -0.944332 15.85 1 1.585
2.25 -0.25 -1.25 -0.000353758 -0.151315 -0.988485 15.2031 1 1.52031
-2.25 0.25 -1.25 -0.0224581 -0.0211355 -0.999524 35.5066 1 3.55066
-1.25 0.25 -1.25 -0.0456316 -0.0814343 -0.995634 52.1411 1 5.21411
-0.25 0.25 -1.25 0.241762 0.063651 -0.968246 1.3537 0 1.3537
0.75 0.25 -1.25 -0.0250093 -0.138061 -0.990108 20.9196 1 2.09196
1.75 0.25 -1.25 -0.028439 -0.0957598 -0.994998 28.4799 1 2.84799
-1.75 0.75 -1.25 -0.0402121 -0.0565218 -0.997591 1.95165 0 1.95165
-0.75 0.75 -1.25 0.137187 -0.0902553 -0.986425 16.3322 1 1.63322
0.25 0.75 -1.25 -0.0422656 -0.0512431 -0.997791 1.30441 0 1.30441
1.25 0.75 -1.25 -0.0180991 -0.137576 -0.990326 15.6546 1 1.56546
2.25 0.75 -1.25 0.239795 0.0534208 -0.969353 37.5549 1 3.75549
-2.25 1.25 -1.25 0.25968 0.0401564 -0.96486 35.1063 1 3.51063
-1.25 1.25 -1.25 0.194753 -0.175433 -0.965036 17.3848 1 1.73848
-0.25 1.25 -1.25 0.0218878 -0.142342 -0.989576 11.0604 1 1.10604
0.75 1.25 -1.25 0.143571 0.0399921 -0.988832 8.76755 0 8.76755
1.75 1.25 -1.25 0.217422 -0.0763775 -0.973085 12.7657 1 1.27657
-2 -1.5 -1 -0.0461466 -0.0714406 -0.996377 64.7861 1 6.47861
-1 -1.5 -1 0.122006 0.0505189 -0.991243 1.03387 0 1.03387
0 -1.5 -1 0.0195057 -0.234062 -0.972026 703.668 2 7.03668
1 -1.5 -1 -0.04042 -0.0556307 -0.997633 1.86329 0 1.86329
2 -1.5 -1 -0.0402811 -0.525969 -0.849549 145.859 2 1.45859
-2.5 -1 -1 0.206637 0.102795 -0.973003 4.75976 0 4.75976
-1.5 -1 -1 0.294217 -0.0396269 -0.954917 35.1983 1 3.51983
-0.5 -1 -1 0.255581 0.087406 -0.962828 1.22199 0 1.22199
0.5 -1 -1 -0.0487764 -0.125878 -0.990846 21.005 1 2.1005
1.5 -1 -1 0.308314 -0.0169655 -0.951133 28.7401 1 2.87401
2.5 -1 -1 0.17798 -0.140853 -0.973901 16.4884 1 1.64884
-2 -0.5 -1 -0.0414266 -0.0525862 -0.997757 1.46601 0 1.46601
-1 -0.5 -1 0.0307024 -0.276338 -0.96057 162.749 2 1.62749
0 -0.5 -1 0.197076 0.113214 -0.973829 5.04495 0 5.04495
1 -0.5 -1 0.20663 0.0555849 -0.976839 1.58062 0 1.58062
2 -0.5 -1 0.211045 -0.165731 -0.963324 15.9906 1 1.59906
-2.5 0 -1 0.172612 0.0586347 -0.983243 5.54637 0 5.54637
-1.5 0 -1 0.061875 -0.244932 -0.967564 637.361 2 6.37361
-0.5 0 -1 0.13396 0.0654375 -0.988824 9.3453 0 9.3453
0.5 0 -1 0.0327638 -0.203334 -0.978561 161.256 2 1.61256
1.5 0 -1 -0.0180832 -0.091552 -0.995636 23.7498 1 2.37498
2.5 0 -1 0.0800687 -0.305338 -0.948872 679.903 2 6.79903
-2 0.5 -1 -0.0492411 -0.0903671 -0.99469 49.3399 1 4.93399
-1 0.5 -1 0.222064 -0.0143138 -0.974927 48.2019 1 4.82019
0 0.5 -1 0.208549 0.112028 -0.971575 4.42703 0 4.42703
1 0.5 -1 -0.00464136 -0.0162954 -0.999856 1.74994 0 1.74994
2 0.5 -1 0.164954 -0.0871618 -0.982442 15.3788 1 1.53788
-2.5 1 -1 0.153252 -0.139059 -0.978354 17.718 1 1.7718
-1.5 1 -1 -0.0590151 -0.18769 -0.980454 762.255 2 7.62255
-0.5 1 -1 0.0689014 -0.244688 -0.967151 279.989 2 2.79989
0.5 1 -1 0.202871 -0.0742961 -0.976383 13.5564 1 1.35564
1.5 1 -1 -0.289498 -0.505602 -0.812747 122.336 2 1.22336
2.5 1 -1 0.297746 0.0921565 -0.950187 2.93529 0 2.93529
-2 1.5 -1 0.294866 0.126676 -0.947105 2.93188 0 2.93188
-1 1.5 -1 0.206727 0.137437 -0.968698 4.5169 0 4.5169
0 1.5 -1 0.052913 -0.261501 -0.963752 160.002 2 1.60002
1 1.5 -1 -0.0320507 -0.0556085 -0.997938 1.09748 0 1.09748
2 1.5 -1 -0.0054823 -0.010136 -0.999934 1.3408 0 1.3408
-2.25 -1.25 -0.75 0.144157 -0.305197 -0.941315 666.162 2 6.66162
-1.25 -1.25 -0.75 0.0251689 -0.214608 -0.976376 852.118 2 8.52118
-0.25 -1.25 -0.75 0.192771 -0.0289707 -0.980816 12.8405 1 1.28405
0.75 -1.25 -0.75 0.111731 0.0567684 -0.992116 1.09273 0 1.09273
1.75 -1.25 -0.75 -0.10504 -0.437372 -0.893125 150.512 2 1.50512
-1.75 -0.75 -0.75 0.0727053 -0.190578 -0.978976 513.378 2 5.13378
-0.75 -0.75 -0.75 0.241255 0.150663 -0.958695 3.8234 0 3.8234
0.25 -0.75 -0.75 -0.0118679 -0.0200755 -0.999728 2.0729 0 2.0729
1.25 -0.75 -0.75 -0.0377787 -0.0562188 -0.997703 1.41973 0 1.41973
2.25 -0.75 -0.75 -0.042397 -0.0449823 -0.998088 1.97151 0 1.97151
-2.25 -0.25 -0.75 -0.0331173 -0.0961572 -0.994815 29.4768 1 2.94768
-1.25 -0.25 -0.75 -0.0471444 -0.0704862 -0.996398 67.9425 1 6.79425
-0.25 -0.25 -0.75 0.193745 0.0905524 -0.976864 5.28223 0 5.28223
0.75 -0.25 -0.75 0.0231779 -0.113081 -0.993315 10.2482 1 1.02482
1.75 -0.25 -0.75 0.13919 -0.368705 -0.919066 663.695 2 6.63695
-1.75 0.25 -0.75 -0.00499894 -0.0186339 -0.999814 1.93592 0 1.93592
-0.75 0.25 -0.75 0.0122189 -0.224099 -0.97449 830.261 2 8.30261
0.25 0.25 -0.75 -0.0518465 -0.0766759 -0.995707 65.4306 1 6.54306
1.25 0.25 -0.75 -0.023308 -0.051886 -0.998381 80.3603 1 8.03603
2.25 0.25 -0.75 0.167049 0.0526 -0.984545 7.0178 0 7.0178
-2.25 0.75 -0.75 0.170861 -0.116444 -0.97839 15.959 1 1.5959
-1.25 0.75 -0.75 -0.05418 -0.0826355 -0.995106 59.9469 1 5.99469
-0.25 0.75 -0.75 -0.0381546 -0.0535817 -0.997834 1.13692 0 1.13692
0.75 0.75 -0.75 0.274608 -0.02696 -0.961178 38.7533 1 3.87533
1.75 0.75 -0.75 0.0671474 -0.187233 -0.980018 268.368 2 2.68368
-1.75 1.25 -0.75 0.0851208 -0.233069 -0.968728 270.015 2 2.70015
-0.75 1.25 -0.75 0.12302 -0.447474 -0.885795 155.999 2 1.55999
0.25 1.25 -0.75 -0.0521504 -0.0839884 -0.995101 57.8437 1 5.78437
1.25 1.25 -0.75 0.0321936 -0.164168 -0.985907 562.79 2 5.6279
2.25 1.25 -0.75 0.292234 0.0224318 -0.956084 29.2465 1 2.92465
-2.5 -1.5 -0.5 -0.0197832 -0.0261885 -0.999461 3.70187 0 3.70187
-1.5 -1.5 -0.5 -0.0488549 -0.0789492 -0.995681 60.199 1 6.0199
-0.5 -1.5 -0.5 -0.0173889 -0.0298886 -0.999402 3.57945 0 3.57945
0.5 -1.5 -0.5 -0.0197614 -0.0239816 -0.999517 2.96448 0 2.96448
1.5 -1.5 -0.5 0.0798432 -0.310144 -0.947331 157.695 2 1.57695
2.5 -1.5 -0.5 0.1602 -0.449185 -0.878959 623.873 2 6.23873
-2 -1 -0.5 0.275774 0.16795 -0.946436 3.10393 0 3.10393
-1 -1 -0.5 0.0774671 -0.243271 -0.96686 596.837 2 5.96837
0 -1 -0.5 0.2132 0.13584 -0.967519 4.14794 0 4.14794
1 -1 -0.5 0.168563 0.0735859 -0.98294 6.94186 0 6.94186
2 -1 -0.5 -0.0580583 -0.112489 -0.991955 23.2864 1 2.32864
-2.5 -0.5 -0.5 0.14198 -0.75246 -0.643153 111.103 2 1.11103
-1.5 -0.5 -0.5 0.0464849 -0.250437 -0.967016 287.386 2 2.87386
-0.5 -0.5 -0.5 0.172525 0.127669 -0.976696 5.14031 0 5.14031
0.5 -0.5 -0.5 0.0127328 -0.131973 -0.991171 11.8842 1 1.18842
1.5 -0.5 -0.5 0.191639 0.0687332 -0.979056 5.33243 0 5.33243
2.5 -0.5 -0.5 -0.000815149 -0.36446 -0.931219 161.099 2 1.61099
-2 0 -0.5 -0.038813 -0.0487676 -0.998056 2.35175 0 2.35175
-1 0 -0.5 0.121175 0.03048 -0.992163 1.04684 0 1.04684
0 0 -0.5 -0.0312317 -0.0951902 -0.994969 25.5277 1 2.55277
1 0 -0.5 0.124034 -0.239952 -0.962828 669.706 2 6.69706
2 0 -0.5 0.042279 -0.241775 -0.969411 673.123 2 6.73123
-2.5 0.5 -0.5 -0.0700746 -0.312156 -0.947443 301.616 2 3.01616
-1.5 0.5 -0.5 0.293135 0.161064 -0.942407 2.83225 0 2.83225
-0.5 0.5 -0.5 0.0182823 -0.000382669 -0.999833 1.14969 0 1.14969
0.5 0.5 -0.5 -0.0152624 -0.203449 -0.978967 850.183 2 8.50183
1.5 0.5 -0.5 -0.029818 -0.71312 -0.700407 110.269 2 1.10269
2.5 0.5 -0.5 -0.0474505 -0.127012 -0.990766 19.1172 1 1.91172
-2 1 -0.5 0.00231779 -0.187574 -0.982248 636.479 2 6.36479
-1 1 -0.5 0.191973 0.0350362 -0.980775 1.69747 0 1.69747
0 1 -0.5 0.0185997 -0.249543 -0.968185 292.522 2 2.92522
1 1 -0.5 0.315796 0.124508 -0.940622 77.0845 1 7.70845
2 1 -0.5 0.221497 -0.18873 -0.956724 16.48 1 1.648
-2.5 1.5 -0.5 0.132634 0.0449145 -0.990147 9.61062 0 9.61062
-1.5 1.5 -0.5 0.33239 0.11636 -0.935937 2.20238 0 2.20238
-0.5 1.5 -0.5 -0.0334414 -0.0578503 -0.997765 1.32896 0 1.32896
0.5 1.5 -0.5 0.294872 0.0668149 -0.953198 1.00234 0 1.00234
1.5 1.5 -0.5 0.247256 -0.0338974 -0.968357 45.2223 1 4.52223
2.5 1.5 -0.5 0.215929 0.113271 -0.969817 1.38552 0 1.38552
-1.75 -1.25 -0.25 0.203806 -0.186309 -0.96112 17.7403 1 1.77403
-0.75 -1.25 -0.25 -0.043362 -0.0486824 -0.997873 1.63989 0 1.63989
0.25 -1.25 -0.25 -0.0189177 -0.0276582 -0.999438 3.84264 0 3.84264
1.25 -1.25 -0.25 0.141183 -0.110913 -0.983751 16.85 1 1.685
2.25 -1.25 -0.25 0.0481928 -0.304037 -0.95144 294.539 2 2.94539
-2.25 -0.75 -0.25 -0.0408322 -0.0936542 -0.994767 37.4073 1 3.74073
-1.25 -0.75 -0.25 -0.0583121 -0.190772 -0.979901 802.066 2 8.02066
-0.25 -0.75 -0.25 0.252589 -0.011618 -0.967504 41.9856 1 4.19856
0.75 -0.75 -0.25 0.168887 0.0300623 -0.985177 52.522 1 5.2522
1.75 -0.75 -0.25 -0.0161407 -0.0269759 -0.999506 3.00012 0 3.00012
-1.75 -0.25 -0.25 0.323374 0.088351 -0.942138 77.6022 1 7.76022
-0.75 -0.25 -0.25 0.0445361 -0.41332 -0.909496 288.096 2 2.88096
0.25 -0.25 -0.25 0.067203 -0.430719 -0.89998 297.831 2 2.97831
1.25 -0.25 -0.25 0.189229 0.114829 -0.975196 4.98717 0 4.98717
2.25 -0.25 -0.25 0.146624 -0.127072 -0.980997 17.3136 1 1.73136
-2.25 0.25 -0.25 -0.0140066 -0.14823 -0.988854 18.1151 1 1.81151
-1.25 0.25 -0.25 0.034223 -0.353319 -0.934877 161.408 2 1.61408
-0.25 0.25 -0.25 -0.183111 -0.623924 -0.75973 114.287 2 1.14287
0.75 0.25 -0.25 -0.0408587 -0.0520249 -0.99781 2.06774 0 2.06774
1.75 0.25 -0.25 -0.0364698 -0.0949781 -0.994811 34.7667 1 3.47667
-1.75 0.75 -0.25 0.191776 -0.104368 -0.975874 14.8607 1 1.48607
-0.75 0.75 -0.25 -0.0211818 -0.0228488 -0.999515 3.79912 0 3.79912
0.25 0.75 -0.25 0.249885 0.123568 -0.960359 1.16912 0 1.16912
1.25 0.75 -0.25 0.239451 -0.184914 -0.953137 15.3512 1 1.53512
2.25 0.75 -0.25 0.0381776 -0.241792 -0.969577 804.229 2 8.04229
-2.25 1.25 -0.25 0.183668 -0.0665012 -0.980736 14.2175 1 1.42175
-1.25 1.25 -0.25 -0.0224014 -0.0920482 -0.995503 26.5848 1 2.65848
-0.25 1.25 -0.25 0.0144454 -0.144689 -0.989372 12.3373 1 1.23373
0.75 1.25 -0.25 -0.0206655 -0.0246528 -0.999482 3.51055 0 3.51055
1.75 1.25 -0.25 -0.0463232 -0.0933301 -0.994557 43.413 1 4.3413
-2 -1.5 0 -0.0415804 -0.0509595 -0.997835 1.9466 0 1.9466
-1 -1.5 0 0.0997682 -0.388664 -0.915962 298.513 2 2.98513
0 -1.5 0 -0.0232644 -0.141919 -0.989605 17.5062 1 1.75062
1 -1.5 0 0.226418 0.0573079 -0.972343 4.49419 0 4.49419
2 -1.5 0 -0.0221308 -0.131552 -0.991062 22.3835 1 2.23835
-2.5 -1 0 0.020292 -0.218306 -0.975669 660.156 2 6.60156
-1.5 -1 0 -0.0399637 -0.0474649 -0.998073 2.25252 0 2.25252
-0.5 -1 0 0.171957 0.093105 -0.980695 5.41765 0 5.41765
0.5 -1 0 0.0997805 -0.48057 -0.871261 155.502 2 1.55502
1.5 -1 0 0.00747108 -0.351766 -0.936058 621.363 2 6.21363
2.5 -1 0 0.22761 0.0410925 -0.972885 1.47735 0 1.47735
-2 -0.5 0 -0.0409304 -0.05373 -0.997716 1.61636 0 1.61636
-1 -0.5 0 0.049624 -0.165231 -0.985006 535.355 2 5.35355
0 -0.5 0 0.185927 0.115306 -0.975774 5.61804 0 5.61804
1 -0.5 0 -0.0434238 -0.0930258 -0.994716 42.3561 1 4.23561
2 -0.5 0 0.190871 0.0458628 -0.980543 5.2216 0 5.2216
-2.5 0 0 0.0285828 -0.245048 -0.96909 776.289 2 7.76289
-1.5 0 0 -0.025332 -0.0949896 -0.995156 25.0594 1 2.50594
-0.5 0 0 0.0997637 0.0235666 -0.994732 1.20121 0 1.20121
0.5 0 0 0.178041 0.0473358 -0.982884 48.9024 1 4.89024
1.5 0 0 -0.0290305 -0.194987 -0.980376 703.665 2 7.03665
2.5 0 0 0.228784 0.00610687 -0.973458 44.8033 1 4.48033
-2 0.5 0 0.11009 -0.172778 -0.978789 666.944 2 6.66944
-1 0.5 0 0.159722 0.0141702 -0.98706 55.8334 1 5.58334
0 0.5 0 -0.0433922 -0.0891099 -0.995076 42.9658 1 4.29658
1 0.5 0 0.187509 -0.0100536 -0.982211 53.8896 1 5.38896
2 0.5 0 0.299057 0.130887 -0.945216 86.4553 1 8.64553
-2.5 1 0 0.0600338 -0.224367 -0.972654 595.892 2 5.95892
-1.5 1 0 -0.0499038 -0.0916254 -0.994542 45.8397 1 4.58397
-0.5 1 0 -0.0625451 -0.303208 -0.95087 610.137 2 6.10137
0.5 1 0 -0.0189824 -0.36852 -0.929426 301.28 2 3.0128
1.5 1 0 0.132346 -0.546017 -0.827254 151.558 2 1.51558
2.5 1 0 0.200902 0.0916492 -0.975315 1.52935 0 1.52935
-2 1.5 0 -0.0477311 -0.086785 -0.995083 51.4902 1 5.14902
-1 1.5 0 0.31352 0.12103 -0.941837 2.57202 0 2.57202
0 1.5 0 -0.0264512 -0.0562569 -0.998066 1.11814 0 1.11814
1 1.5 0 0.201024 -0.137586 -0.969876 15.4504 1 1.54504
2 1.5 0 -0.0122115 -0.025405 -0.999603 2.6194 0 2.6194
-2.25 -1.25 0.25 -0.0463131 -0.0918199 -0.994698 46.0939 1 4.60939
-1.25 -1.25 0.25 0.261789 -0.1654 -0.950847 13.106 1 1.3106
-0.25 -1.25 0.25 0.0745342 -0.298894 -0.951371 288.61 2 2.8861
0.75 -1.25 0.25 -0.0117785 -0.0222073 -0.999684 2.28339 0 2.28339
1.75 -1.25 0.25 -0.0520955 -0.0887797 -0.994688 51.9902 1 5.19902
-1.75 -0.75 0.25 0.115962 -0.31004 -0.943625 675.991 2 6.75991
-0.75 -0.75 0.25 0.100445 0.0433347 -0.993998 1.18567 0 1.18567
0.25 -0.75 0.25 0.203751 0.025891 -0.97868 47.1292 1 4.71292
1.25 -0.75 0.25 -0.00614346 -0.142019 -0.989845 14.668 1 1.4668
2.25 -0.75 0.25 0.00197922 -0.285071 -0.958504 164.039 2 1.64039
-2.25 -0.25 0.25 0.213228 0.0195934 -0.976806 1.5891 0 1.5891
-1.25 -0.25 0.25 -0.18614 -0.487776 -0.852893 137.518 2 1.37518
-0.25 -0.25 0.25 0.277376 0.0297311 -0.960301 32.3094 1 3.23094
0.75 -0.25 0.25 -0.00557505 -0.222143 -0.974998 728.755 2 7.28755
1.75 -0.25 0.25 0.136287 0.0868071 -0.986859 8.79946 0 8.79946
-1.75 0.25 0.25 -0.0857292 -0.168093 -0.982036 810.161 2 8.10161
-0.75 0.25 0.25 0.14049 -0.703017 -0.697158 128.645 2 1.28645
0.25 0.25 0.25 -0.042683 -0.094764 -0.994584 40.4576 1 4.04576
1.25 0.25 0.25 -0.0384327 -0.0942362 -0.994808 33.9156 1 3.39156
2.25 0.25 0.25 0.282671 0.0403372 -0.958368 1.11609 0 1.11609
-2.25 0.75 0.25 0.0674309 -0.390981 -0.917925 301.392 2 3.01392
-1.25 0.75 0.25 0.0436406 -0.412586 -0.909873 300.794 2 3.00794
-0.25 0.75 0.25 0.0497708 -0.342447 -0.938218 657.401 2 6.57401
0.75 0.75 0.25 0.0132898 -0.113602 -0.993438 11.1379 1 1.11379
1.75 0.75 0.25 0.0662797 -0.258427 -0.963754 674.658 2 6.74658
-1.75 1.25 0.25 -0.00471477 -0.0134695 -0.999898 1.54901 0 1.54901
-0.75 1.25 0.25 0.170603 -0.365858 -0.9149 658.804 2 6.58804
0.25 1.25 0.25 0.121085 -0.317898 -0.940361 277.763 2 2.77763
1.25 1.25 0.25 0.141558 -0.225408 -0.963926 647.855 2 6.47855
2.25 1.25 0.25 0.0157117 -0.30165 -0.953289 298.265 2 2.98265
-2.5 -1.5 0.5 0.157445 0.0771596 -0.984509 7.66172 0 7.66172
-1.5 -1.5 0.5 0.0245944 -0.195028 -0.980489 612.896 2 6.12896
-0.5 -1.5 0.5 0.176343 -0.269816 -0.946627 625.193 2 6.25193
0.5 -1.5 0.5 0.0443439 -0.198087 -0.979181 584.314 2 5.84314
1.5 -1.5 0.5 -0.0126335 -0.0489751 -0.99872 74.382 1 7.4382
2.5 -1.5 0.5 0.098113 -0.438343 -0.893437 293.688 2 2.93688
-2 -1 0.5 -0.0140194 -0.145207 -0.989302 19.6823 1 1.96823
-1 -1 0.5 0.26232 0.0513851 -0.963612 1.24082 0 1.24082
0 -1 0.5 0.206933 -0.0499886 -0.977077 54.0857 1 5.40857
1 -1 0.5 -0.0123571 -0.0175321 -0.99977 1.84409 0 1.84409
2 -1 0.5 0.214376 -0.115978 -0.969841 14.2066 1 1.42066
-2.5 -0.5 0.5 0.211314 0.0465034 -0.976311 43.4068 1 4.34068
-1.5 -0.5 0.5 0.00952409 -0.153161 -0.988155 13.8687 1 1.38687
-0.5 -0.5 0.5 0.106177 -0.26914 -0.957231 268.842 2 2.68842
0.5 -0.5 0.5 0.326491 0.185541 -0.926811 2.13854 0 2.13854
1.5 -0.5 0.5 -0.062025 -0.364386 -0.92918 295.434 2 2.95434
2.5 -0.5 0.5 0.063517 -0.161995 -0.984745 503.413 2 5.03413
-2 0 0.5 0.00254941 -0.229091 -0.973402 802.192 2 8.02192
-1 0 0.5 -0.00626833 -0.393687 -0.919223 298.426 2 2.98426
0 0 0.5 0.310849 0.155497 -0.937653 2.53 0 2.53
1 0 0.5 0.0939913 -0.28696 -0.95332 280.112 2 2.80112
2 0 0.5 -0.0499772 -0.0853999 -0.995093 54.9958 1 5.49958
-2.5 0.5 0.5 0.185904 0.0710432 -0.979996 1.66363 0 1.66363
-1.5 0.5 0.5 -0.0759568 -0.655967 -0.750958 120.986 2 1.20986
-0.5 0.5 0.5 -0.0358513 -0.0963016 -0.994706 33.3671 1 3.33671
0.5 0.5 0.5 0.13782 -0.633013 -0.761774 142.275 2 1.42275
1.5 0.5 0.5 0.155718 0.0561397 -0.986205 7.87953 0 7.87953
2.5 0.5 0.5 0.256784 0.0129973 -0.966381 38.5852 1 3.85852
-2 1 0.5 0.022294 -0.242745 -0.969834 742.605 2 7.42605
-1 1 0.5 0.224648 0.0917048 -0.970115 4.46513 0 4.46513
0 1 0.5 -0.0185683 -0.0271216 -0.99946 3.36491 0 3.36491
1 1 0.5 0.182279 0.0925394 -0.978882 5.98636 0 5.98636
2 1 0.5 0.0741045 -0.220329 -0.972607 556.74 2 5.5674
-2.5 1.5 0.5 0.26892 0.11248 -0.956572 1.08623 0 1.08623
-1.5 1.5 0.5 0.170975 0.0513311 -0.983937 1.78433 0 1.78433
-0.5 1.5 0.5 0.164296 -0.29152 -0.942349 649.403 2 6.49403
0.5 1.5 0.5 -0.0423856 -0.049862 -0.997856 1.80241 0 1.80241
-1.75 -1.25 0.75 -0.0600466 -0.116968 -0.991319 21.5222 1 2.15222
-0.75 -1.25 0.75 -0.0560071 -0.0814059 -0.995106 61.24 1 6.124
0.25 -1.25 0.75 -0.0319829 -0.0539486 -0.998031 96.8006 1 9.68006
1.25 -1.25 0.75 -0.047243 -0.080198 -0.995659 56.4694 1 5.64694
2.25 -1.25 0.75 0.0148461 -0.408819 -0.912495 293.85 2 2.9385
-2.25 -0.75 0.75 0.044656 -0.593503 -0.803592 143.064 2 1.43064
-1.25 -0.75 0.75 0.0709431 -0.387328 -0.919208 633.272 2 6.33272
-0.25 -0.75 0.75 0.171125 0.0953836 -0.980621 6.63494 0 6.63494
0.75 -0.75 0.75 0.179983 0.0708071 -0.981118 6.15573 0 6.15573
1.75 -0.75 0.75 0.0977791 -0.379749 -0.919908 157.62 2 1.5762
-1.75 -0.25 0.75 -0.0406296 -0.0547258 -0.997674 1.75029 0 1.75029
-0.75 -0.25 0.75 -0.0210573 -0.599451 -0.800134 137.362 2 1.37362
0.25 -0.25 0.75 0.101541 -0.423241 -0.900309 608.484 2 6.08484
1.25 -0.25 0.75 0.231999 -0.121626 -0.965082 13.4194 1 1.34194
2.25 -0.25 0.75 -0.0154838 -0.0111121 -0.999818 1.36522 0 1.36522
-2.25 0.25 0.75 -0.121174 -0.32506 -0.937898 292.557 2 2.92557
-1.25 0.25 0.75 -0.0228291 -0.0211084 -0.999517 3.00228 0 3.00228
-0.25 0.25 0.75 0.106833 -0.33604 -0.935769 287.636 2 2.87636
0.75 0.25 0.75 -0.0163016 -0.0255261 -0.999541 2.83369 0 2.83369
1.75 0.25 0.75 -0.016569 -0.0238448 -0.999578 2.6302 0 2.6302
-1.75 0.75 0.75 0.244012 -0.121105 -0.962181 12.5091 1 1.25091
-0.75 0.75 0.75 -0.00616737 -0.312259 -0.949977 649.854 2 6.49854
0.25 0.75 0.75 -0.0193411 -0.0168221 -0.999671 1.87396 0 1.87396
1.25 0.75 0.75 0.11376 0.0775632 -0.990476 1.03027 0 1.03027
2.25 0.75 0.75 0.104345 -0.0895208 -0.990504 17.535 1 1.7535
-2.25 1.25 0.75 0.189568 0.0803016 -0.978578 5.17827 0 5.17827
-1.25 1.25 0.75 0.165604 0.087326 -0.982318 1.72384 0 1.72384
-0.25 1.25 0.75 0.306 0.0948428 -0.947295 88.6099 1 8.86099
0.75 1.25 0.75 0.00680772 -0.156604 -0.987638 15.3457 1 1.53457
1.75 1.25 0.75 0.123901 -0.378305 -0.917351 292.963 2 2.92963
-2 -1.5 1 0.262433 -0.197965 -0.944425 14.5699 1 1.45699
-1 -1.5 1 0.11065 0.0366222 -0.993184 1.12371 0 1.12371
0 -1.5 1 0.0996498 -0.246582 -0.963985 684.569 2 6.84569
1 -1.5 1 -0.00974144 -0.12782 -0.99175 13.7771 1 1.37771
2 -1.5 1 0.045817 -0.252784 -0.966437 711.347 2 7.11347
-2.5 -1 1 -0.0327097 -0.12326 -0.991835 23.4622 1 2.34622
-1.5 -1 1 0.0549549 -0.351444 -0.934595 299.101 2 2.99101
-0.5 -1 1 0.109858 -0.345698 -0.931893 154.731 2 1.54731
0.5 -1 1 0.146667 0.081579 -0.985816 8.2886 0 8.2886
1.5 -1 1 0.0676508 -0.716927 -0.693858 119.564 2 1.19564
2.5 -1 1 -0.0399192 -0.0574793 -0.997548 2.01251 0 2.01251
-2 -0.5 1 -0.0114481 -0.147462 -0.989001 16.4273 1 1.64273
-1 -0.5 1 0.101875 0.0635751 -0.992764 1.13574 0 1.13574
0 -0.5 1 -0.0216495 -0.0229791 -0.999502 3.27478 0 3.27478
1 -0.5 1 0.22122 0.077106 -0.972171 1.45095 0 1.45095
2 -0.5 1 -0.0180237 -0.0285107 -0.999431 3.49775 0 3.49775
-2.5 0 1 -0.0191141 -0.0256406 -0.999488 3.18518 0 3.18518
-1.5 0 1 0.0688467 -0.244665 -0.96716 693.329 2 6.93329
-0.5 0 1 0.0176165 -0.152646 -0.988124 12.4616 1 1.24616
0.5 0 1 0.00559639 -0.00684537 -0.999961 1.26655 0 1.26655
1.5 0 1 0.276838 -5.09495e-07 -0.960917 35.5646 1 3.55646
2.5 0 1 0.10178 -0.0767799 -0.99184 17.0834 1 1.70834
-2 0.5 1 -0.0383837 -0.0579412 -0.997582 1.6458 0 1.6458
-1 0.5 1 0.00489212 -0.144485 -0.989495 13.5513 1 1.35513
0 0.5 1 -0.0134755 -0.0145478 -0.999803 1.60537 0 1.60537
1 0.5 1 0.203163 -0.419304 -0.884822 649.598 2 6.49598
2 0.5 1 0.313664 0.0585824 -0.947725 88.0741 1 8.80741
-1.5 1 1 0.0572588 -0.125818 -0.9904 484.412 2 4.84412
-0.5 1 1 0.0373132 -0.290615 -0.956112 679.298 2 6.79298
0.5 1 1 0.309581 0.189881 -0.931721 2.40481 0 2.40481
1.5 1 1 0.19278 -0.353476 -0.915364 646.825 2 6.46825
2.5 1 1 0.160308 0.0991634 -0.982073 7.20282 0 7.20282
-1 1.5 1 -0.0379514 -0.0422285 -0.998387 2.41179 0 2.41179
0 1.5 1 -0.0143805 -0.0506111 -0.998615 83.4203 1 8.34203
1 1.5 1 -0.00906015 -0.083859 -0.996436 21.7207 1 2.17207
2 1.5 1 -0.0401485 -0.0531185 -0.997781 2.16199 0 2.16199
-2.25 -1.25 1.25 -0.0547759 -0.0871737 -0.994686 53.9616 1 5.39616
-1.25 -1.25 1.25 0.0183874 -0.347132 -0.937636 301.357 2 3.01357
-0.25 -1.25 1.25 -0.0271177 -0.114475 -0.993056 24.7463 1 2.47463
0.75 -1.25 1.25 0.00207346 -0.131011 -0.991379 12.8882 1 1.28882
1.75 -1.25 1.25 0.232059 -0.206797 -0.950465 16.9136 1 1.69136
-1.75 -0.75 1.25 -0.00563223 -0.0204946 -0.999774 2.09977 0 2.09977
-0.75 -0.75 1.25 0.169513 -0.42009 -0.89151 649.588 2 6.49588
0.25 -0.75 1.25 -0.0322626 -0.0957157 -0.994886 31.755 1 3.1755
1.25 -0.75 1.25 0.18604 -0.160423 -0.969357 16.9653 1 1.69653
2.25 -0.75 1.25 -0.020615 -0.022079 -0.999544 2.71024 0 2.71024
-2.25 -0.25 1.25 0.123627 0.0711914 -0.989772 9.8975 0 9.8975
-1.25 -0.25 1.25 0.0611596 -0.334615 -0.940368 160.385 2 1.60385
-0.25 -0.25 1.25 -0.0249894 -0.0552504 -0.99816 1.02195 0 1.02195
0.75 -0.25 1.25 -0.032606 -0.0568967 -0.997847 1.2193 0 1.2193
1.75 -0.25 1.25 -0.0179159 -0.0195301 -0.999649 2.14168 0 2.14168
-1.75 0.25 1.25 0.223856 0.126218 -0.966415 4.30347 0 4.30347
-0.75 0.25 1.25 -0.00310185 -0.15328 -0.988178 16.7919 1 1.67919
0.25 0.25 1.25 0.179038 -0.0258941 -0.983501 56.7372 1 5.67372
1.25 0.25 1.25 -0.0393836 -0.0543004 -0.997748 2.22639 0 2.22639
2.25 0.25 1.25 -0.0200097 -0.0244538 -0.999501 4.00024 0 4.00024
-2.25 0.75 1.25 -0.100997 -0.588943 -0.801839 131.528 2 1.31528
-1.25 0.75 1.25 0.141683 -0.448236 -0.882616 584.497 2 5.84497
-0.25 0.75 1.25 0.195776 0.00712363 -0.980623 50.6559 1 5.06559
0.75 0.75 1.25 -0.0170593 -0.0218592 -0.999616 2.39677 0 2.39677
1.75 0.75 1.25 0.261184 0.069946 -0.962752 31.6254 1 3.16254
-1.75 1.25 1.25 0.0274846 -0.384471 -0.922728 302.097 2 3.02097
-0.75 1.25 1.25 0.278626 0.0990571 -0.955278 3.33143 0 3.33143
0.25 1.25 1.25 0.0418182 -0.223645 -0.973773 630.516 2 6.30516
1.25 1.25 1.25 0.276183 0.0622665 -0.959086 29.057 1 2.9057
2.25 1.25 1.25 0.125351 -0.409822 -0.903512 643.479 2 6.43479
-2.5 -1.5 1.5 0.259894 0.106987 -0.959692 3.70008 0 3.70008
-1.5 -1.5 1.5 -0.0249177 -0.209906 -0.977404 822.152 2 8.22152
-0.5 -1.5 1.5 0.00516561 -0.00998598 -0.999937 1.43886 0 1.43886
0.5 -1.5 1.5 0.258659 0.141428 -0.955559 3.56948 0 3.56948
1.5 -1.5 1.5 0.241616 0.116035 -0.963409 4.02801 0 4.02801
2.5 -1.5 1.5 -0.0254788 -0.141785 -0.98957 19.2783 1 1.92783
-2 -1 1.5 0.24318 0.0816378 -0.96654 4.11305 0 4.11305
-1 -1 1.5 -0.0361666 -0.130069 -0.990845 21.9498 1 2.19498
0 -1 1.5 -0.0472509 -0.121474 -0.991469 22.7459 1 2.27459
1 -1 1.5 0.294261 -0.0100857 -0.955672 32.2497 1 3.22497
2 -1 1.5 -0.0432475 -0.11454 -0.992477 24.2919 1 2.42919
-2.5 -0.5 1.5 0.120068 -0.421083 -0.89904 300.443 2 3.00443
-1.5 -0.5 1.5 0.262178 0.0725858 -0.962286 3.71561 0 3.71561
-0.5 -0.5 1.5 -0.0395177 -0.040794 -0.998386 2.27806 0 2.27806
0.5 -0.5 1.5 0.234745 0.0286116 -0.971636 41.224 1 4.1224
1.5 -0.5 1.5 -0.039129 -0.0957925 -0.994632 37.07 1 3.707
2.5 -0.5 1.5 -0.0344175 -0.0585343 -0.997692 1.42245 0 1.42245
-2 0 1.5 -0.0407259 -0.093876 -0.994751 38.2509 1 3.82509
-1 0 1.5 0.110987 -0.442098 -0.890074 300.423 2 3.00423
0 0 1.5 -0.0117036 -0.139215 -0.990193 21.0835 1 2.10835
1 0 1.5 0.141875 0.0541239 -0.988404 53.756 1 5.3756
2 0 1.5 0.086058 -0.42146 -0.902755 301.718 2 3.01718
-2.5 0.5 1.5 0.281586 0.13896 -0.94942 95.0456 1 9.50456
-1.5 0.5 1.5 -0.0530329 -0.188059 -0.980725 836.132 2 8.36132
-0.5 0.5 1.5 -0.0353874 -0.134995 -0.990214 18.4106 1 1.84106
0.5 0.5 1.5 0.276554 0.133442 -0.951689 3.26855 0 3.26855
1.5 0.5 1.5 -0.0387383 -0.0586458 -0.997527 1.7274 0 1.7274
2.5 0.5 1.5 -0.0377628 -0.0550405 -0.99777 1.28305 0 1.28305
-2 1 1.5 -0.123992 -0.308228 -0.943197 297.788 2 2.97788
-1 1 1.5 -0.0238621 -0.0537969 -0.998267 91.5719 1 9.15719
0 1 1.5 -0.046685 -0.447252 -0.893189 153.527 2 1.53527
1 1 1.5 -0.0217248 -0.291283 -0.95639 300.267 2 3.00267
2 1 1.5 0.270837 -0.051327 -0.961256 41.7968 1 4.17968
-2.5 1.5 1.5 -0.0218063 -0.0198886 -0.999564 2.43116 0 2.43116
-1.5 1.5 1.5 0.207742 0.0683468 -0.975793 4.86714 0 4.86714
-0.5 1.5 1.5 0.328832 0.151135 -0.932217 2.2089 0 2.2089
0.5 1.5 1.5 -0.0034876 -0.151234 -0.988492 18.2709 1 1.82709
1.5 1.5 1.5 0.0650303 -0.506151 -0.85999 153.384 2 1.53384
2.5 1.5 1.5 -0.0208451 -0.0204648 -0.999573 40.4168 1 4.04168
