450
-2.5 -1.5 -1.5 -0.126842 0.0364201 -0.991254 184.359 2 1.84359
-1.5 -1.5 -1.5 -0.178806 0.0020635 -0.983882 200.748 2 2.00748
-0.5 -1.5 -1.5 0.0308693 -0.0157253 -0.9994 2.90712 0 2.90712
0.5 -1.5 -1.5 0.0434718 0.00584276 -0.999038 1.68708 0 1.68708
1.5 -1.5 -1.5 -0.205328 0.00632964 -0.978673 176.938 2 1.76938
2.5 -1.5 -1.5 0.390898 0.0503682 -0.919055 12.6586 1 1.26586
-2 -1 -1.5 0.0394937 0.0118676 -0.999149 1.1302 0 1.1302
-1 -1 -1.5 0.071765 0.0390735 -0.996656 1.47064 0 1.47064
0 -1 -1.5 0.130944 0.0458181 -0.99033 1.03741 0 1.03741
1 -1 -1.5 0.172477 0.087065 -0.981158 72.1412 1 7.21412
2 -1 -1.5 -0.12589 0.00410835 -0.992036 34.8795 1 3.48795
-2.5 -0.5 -1.5 -0.230319 0.140611 -0.962903 156.35 2 1.5635
-1.5 -0.5 -1.5 -0.0860359 0.0073614 -0.996265 42.1439 1 4.21439
-0.5 -0.5 -1.5 0.131373 0.0702303 -0.988842 93.6567 1 9.36567
0.5 -0.5 -1.5 0.033751 0.0115902 -0.999363 2.03427 0 2.03427
1.5 -0.5 -1.5 -0.0232795 -6.74943e-05 -0.999729 5.02546 0 5.02546
2.5 -0.5 -1.5 -0.133453 -0.0154156 -0.990935 25.3903 1 2.53903
-2 0 -1.5 0.0443059 0.00566828 -0.999002 1.30947 0 1.30947
-1 0 -1.5 0.395465 0.0391794 -0.917645 37.3085 1 3.73085
0 0 -1.5 -0.0822858 -0.00380791 -0.996601 37.8496 1 3.78496
1 0 -1.5 -0.249234 0.0326661 -0.967892 444.882 2 4.44882
2 0 -1.5 0.184083 0.070058 -0.980411 73.84 1 7.384
-2.5 0.5 -1.5 -0.167099 0.0727847 -0.98325 191.054 2 1.91054
-1.5 0.5 -1.5 0.395806 0.0823676 -0.914633 334.3 2 3.343
-0.5 0.5 -1.5 -0.0197034 -0.000306566 -0.999806 5.17396 0 5.17396
0.5 0.5 -1.5 -0.00623576 -0.00309123 -0.999976 1.51139 0 1.51139
1.5 0.5 -1.5 -0.237173 0.0197399 -0.971267 436.536 2 4.36536
2.5 0.5 -1.5 -0.119341 -0.00201746 -0.992851 33.8816 1 3.38816
-2 1 -1.5 -0.140414 -0.00990219 -0.990043 26.624 1 2.6624
-1 1 -1.5 0.28111 0.119391 -0.95222 432.835 2 4.32835
0 1 -1.5 0.197005 0.0285924 -0.979986 82.9073 1 8.29073
1 1 -1.5 -0.0252247 -0.00143205 -0.999681 4.51934 0 4.51934
2 1 -1.5 0.343688 0.181255 -0.921426 112.893 2 1.12893
-2.5 1.5 -1.5 -0.202017 0.100044 -0.974259 198.804 2 1.98804
-1.5 1.5 -1.5 -0.171025 0.0534502 -0.983816 209.25 2 2.0925
-0.5 1.5 -1.5 -0.202497 0.0224925 -0.979025 618.998 2 6.18998
0.5 1.5 -1.5 -0.0457325 -0.00952507 -0.998908 27.6907 1 2.76907
1.5 1.5 -1.5 -0.113867 0.000513889 -0.993496 35.6228 1 3.56228
2.5 1.5 -1.5 -0.100535 0.00818904 -0.9949 32.3427 1 3.23427
-1.75 -1.25 -1.25 -0.168254 0.0632895 -0.98371 201.119 2 2.01119
-0.75 -1.25 -1.25 -0.0742777 -0.00843315 -0.997202 34.5028 1 3.45028
0.25 -1.25 -1.25 0.0355793 0.013763 -0.999272 1.87092 0 1.87092
1.25 -1.25 -1.25 -0.240059 0.0372671 -0.970043 15.7444 1 1.57444
2.25 -1.25 -1.25 0.414144 0.0944564 -0.905297 290.275 2 2.90275
-2.25 -0.75 -1.25 0.208875 0.0115646 -0.977874 81.0382 1 8.10382
-1.25 -0.75 -1.25 -0.0183973 -0.000190151 -0.999831 5.46261 0 5.46261
-0.25 -0.75 -1.25 -0.00155297 0.00259162 -0.999995 1.75019 0 1.75019
0.75 -0.75 -1.25 0.0400337 0.0108221 -0.99914 1.70327 0 1.70327
1.75 -0.75 -1.25 0.217492 0.0407523 -0.975211 64.5171 1 6.45171
-1.75 -0.25 -1.25 -0.1675 0.00623673 -0.985852 24.9483 1 2.49483
-0.75 -0.25 -1.25 -0.0200085 -0.000474211 -0.9998 4.61593 0 4.61593
0.25 -0.25 -1.25 -0.120405 0.00667062 -0.992702 36.6515 1 3.66515
1.25 -0.25 -1.25 0.319134 0.068051 -0.945263 45.353 1 4.5353
2.25 -0.25 -1.25 -0.255097 0.0609325 -0.964994 529.538 2 5.29538
-2.25 0.25 -1.25 0.0288624 -0.00245081 -0.99958 3.38987 0 3.38987
-1.25 0.25 -1.25 -0.0380427 -0.00496108 -0.999264 31.8968 1 3.18968
-0.25 0.25 -1.25 -0.152979 0.00249347 -0.988226 27.8894 1 2.78894
0.75 0.25 -1.25 0.0779228 0.0180482 -0.996796 1.65385 0 1.65385
1.75 0.25 -1.25 -0.156008 -0.00681855 -0.987732 24.5661 1 2.45661
-1.75 0.75 -1.25 -0.225984 0.000612676 -0.974131 143.239 2 1.43239
-0.75 0.75 -1.25 0.0662286 0.0471923 -0.996688 1.40629 0 1.40629
0.25 0.75 -1.25 0.0340102 0.0204007 -0.999213 1.65497 0 1.65497
1.25 0.75 -1.25 0.0314571 -0.00150924 -0.999504 4.746 0 4.746
2.25 0.75 -1.25 0.309369 0.18642 -0.93249 121.218 2 1.21218
-2.25 1.25 -1.25 0.300244 0.0938893 -0.94923 446.105 2 4.46105
-1.25 1.25 -1.25 0.000465176 0.0006276 -1 2.2406 0 2.2406
-0.25 1.25 -1.25 -0.219365 0.130316 -0.966901 158.273 2 1.58273
0.75 1.25 -1.25 -0.113966 -0.00431843 -0.993475 26.5638 1 2.65638
1.75 1.25 -1.25 -0.147334 0.0599545 -0.987268 183.954 2 1.83954
-2 -1.5 -1 0.0337024 -0.00477343 -0.999421 4.33815 0 4.33815
-1 -1.5 -1 0.324097 0.114392 -0.939082 140.113 2 1.40113
0 -1.5 -1 -0.000401441 0.000617495 -1 2.07437 0 2.07437
1 -1.5 -1 0.0775246 0.0310416 -0.996507 1.51412 0 1.51412
2 -1.5 -1 0.207512 0.0349661 -0.977607 73.8502 1 7.38502
-2.5 -1 -1 -0.197877 0.0225534 -0.979967 20.7119 1 2.07119
-1.5 -1 -1 -0.230666 0.0396367 -0.972225 17.3523 1 1.73523
-0.5 -1 -1 0.241918 0.169876 -0.95531 390.748 2 3.90748
0.5 -1 -1 -0.0322457 -0.00643565 -0.999459 3.63371 0 3.63371
1.5 -1 -1 -0.185325 -0.0135003 -0.982585 165.94 2 1.6594
2.5 -1 -1 -0.045671 -0.0117971 -0.998887 27.6436 1 2.76436
-2 -0.5 -1 0.360972 0.152963 -0.919947 115.381 2 1.15381
-1 -0.5 -1 0.097729 0.0357327 -0.994571 1.10946 0 1.10946
0 -0.5 -1 0.0281875 0.026683 -0.999246 1.67081 0 1.67081
1 -0.5 -1 -0.0018219 0.00144838 -0.999997 1.83366 0 1.83366
2 -0.5 -1 0.0313744 -0.0073171 -0.999481 3.41006 0 3.41006
-2.5 0 -1 0.0298283 0.00116561 -0.999554 4.6506 0 4.6506
-1.5 0 -1 -0.232465 0.0255628 -0.972269 160.975 2 1.60975
-0.5 0 -1 0.195742 0.0527305 -0.979237 74.418 1 7.4418
0.5 0 -1 -0.178717 -0.0144242 -0.983795 454.347 2 4.54347
1.5 0 -1 0.0266122 0.00217662 -0.999643 3.31375 0 3.31375
2.5 0 -1 -0.104685 0.0378907 -0.993783 164.455 2 1.64455
-2 0.5 -1 0.375364 0.079076 -0.923498 128.803 2 1.28803
-1 0.5 -1 -0.171804 -0.0144008 -0.985026 488.129 2 4.88129
0 0.5 -1 0.0278058 0.00660802 -0.999592 4.25352 0 4.25352
1 0.5 -1 0.0283728 0.00247294 -0.999594 4.85734 0 4.85734
2 0.5 -1 0.0608487 0.0555511 -0.9966 1.32343 0 1.32343
-2.5 1 -1 -0.271193 0.0747314 -0.959619 474.866 2 4.74866
-1.5 1 -1 0.0328297 -0.00420078 -0.999452 5.15319 0 5.15319
-0.5 1 -1 0.394522 0.128283 -0.909888 289.436 2 2.89436
0.5 1 -1 -0.00274126 -0.00323629 -0.999991 1.71372 0 1.71372
1.5 1 -1 -0.00179268 0.000378954 -0.999998 1.88961 0 1.88961
2.5 1 -1 -0.0886453 0.00194547 -0.996061 38.9195 1 3.89195
-2 1.5 -1 -0.269804 0.0321338 -0.962379 348.335 2 3.48335
-1 1.5 -1 0.266646 0.0946978 -0.959131 156.135 2 1.56135
0 1.5 -1 0.0358125 -0.0100663 -0.999308 3.83883 0 3.83883
1 1.5 -1 -0.11823 -0.0177346 -0.992828 26.2751 1 2.62751
2 1.5 -1 0.119673 0.0350985 -0.992193 1.09114 0 1.09114
-2.25 -1.25 -0.75 0.000633631 0.000175551 -1 2.26907 0 2.26907
-1.25 -1.25 -0.75 -0.0226143 -0.000319732 -0.999744 4.96342 0 4.96342
-0.25 -1.25 -0.75 -0.0067925 -0.00109404 -0.999976 1.48867 0 1.48867
0.75 -1.25 -0.75 -0.174783 0.0989192 -0.979625 151.956 2 1.51956
1.75 -1.25 -0.75 -0.193362 -0.00368564 -0.98112 483.571 2 4.83571
-1.75 -0.75 -0.75 0.244314 0.0715744 -0.967051 16.2924 1 1.62924
-0.75 -0.75 -0.75 -0.201668 0.107155 -0.973575 186.593 2 1.86593
0.25 -0.75 -0.75 0.0363642 -0.00838344 -0.999303 4.28985 0 4.28985
1.25 -0.75 -0.75 0.0361182 -0.00729246 -0.999321 4.71249 0 4.71249
2.25 -0.75 -0.75 0.0663987 0.0329958 -0.997247 1.58626 0 1.58626
-2.25 -0.25 -0.75 -0.186409 -0.00339043 -0.982466 519.01 2 5.1901
-1.25 -0.25 -0.75 0.163535 0.0520085 -0.985166 91.4665 1 9.14665
-0.25 -0.25 -0.75 -0.0285999 -0.00300119 -0.999586 4.16523 0 4.16523
0.75 -0.25 -0.75 0.0341342 -0.0124689 -0.999339 3.37342 0 3.37342
1.75 -0.25 -0.75 0.072015 0.0255303 -0.997077 1.63205 0 1.63205
-1.75 0.25 -0.75 0.102135 0.00945989 -0.994726 1.37717 0 1.37717
-0.75 0.25 -0.75 0.151628 0.0927408 -0.984077 78.0447 1 7.80447
0.25 0.25 -0.75 -0.270209 0.0601627 -0.96092 441.754 2 4.41754
1.25 0.25 -0.75 0.377637 0.123912 -0.917625 116.367 2 1.16367
2.25 0.25 -0.75 -0.0181795 -0.000122849 -0.999835 43.4364 1 4.34364
-2.25 0.75 -0.75 -0.0962141 -0.00803946 -0.995328 30.0027 1 3.00027
-1.25 0.75 -0.75 -0.0101698 -0.00510215 -0.999935 1.30487 0 1.30487
-0.25 0.75 -0.75 -0.0835079 0.00408719 -0.996499 42.5745 1 4.25745
0.75 0.75 -0.75 -0.0911269 0.00504087 -0.995827 38.534 1 3.8534
1.75 0.75 -0.75 -0.0014664 -0.00069682 -0.999999 1.9159 0 1.9159
-1.75 1.25 -0.75 0.044322 0.0060658 -0.998999 1.50046 0 1.50046
-0.75 1.25 -0.75 -0.0770259 -0.00206583 -0.997027 41.4506 1 4.14506
0.25 1.25 -0.75 0.0282542 0.00503763 -0.999588 4.07208 0 4.07208
1.25 1.25 -0.75 -0.0285698 -0.00244768 -0.999589 41.7592 1 4.17592
2.25 1.25 -0.75 0.299153 0.0514501 -0.952817 48.5865 1 4.85865
-2.5 -1.5 -0.5 -0.148125 0.049382 -0.987735 193.705 2 1.93705
-1.5 -1.5 -0.5 0.410593 0.108007 -0.905399 102.178 2 1.02178
-0.5 -1.5 -0.5 0.0344635 0.0225473 -0.999152 1.46995 0 1.46995
0.5 -1.5 -0.5 -0.279292 0.0597238 -0.958347 394.123 2 3.94123
1.5 -1.5 -0.5 0.0296657 0.00184599 -0.999558 4.2271 0 4.2271
2.5 -1.5 -0.5 -0.150702 0.0120193 -0.988506 30.628 1 3.0628
-2 -1 -0.5 -0.206296 0.119653 -0.971146 158.14 2 1.5814
-1 -1 -0.5 -0.170195 0.0906368 -0.981233 166.158 2 1.66158
0 -1 -0.5 -0.20129 -0.00383145 -0.979524 444.09 2 4.4409
1 -1 -0.5 0.141754 0.0815194 -0.98654 86.2196 1 8.62196
2 -1 -0.5 0.282324 0.0729304 -0.956543 15.9459 1 1.59459
-2.5 -0.5 -0.5 -0.196538 0.00920528 -0.980453 192.072 2 1.92072
-1.5 -0.5 -0.5 -0.181404 0.0150632 -0.983293 21.6618 1 2.16618
-0.5 -0.5 -0.5 -0.108674 -0.00874805 -0.994039 26.6275 1 2.66275
0.5 -0.5 -0.5 -0.228154 0.137019 -0.963935 171.13 2 1.7113
1.5 -0.5 -0.5 0.033542 -0.00429845 -0.999428 4.76687 0 4.76687
2.5 -0.5 -0.5 -0.243129 0.0229242 -0.969723 143.719 2 1.43719
-2 0 -0.5 0.0254919 -0.00389446 -0.999667 2.91948 0 2.91948
-1 0 -0.5 -0.167696 0.0819085 -0.98243 179.303 2 1.79303
0 0 -0.5 -0.000515362 -0.00682236 -0.999977 1.62467 0 1.62467
1 0 -0.5 0.0303978 0.0222577 -0.99929 1.76328 0 1.76328
2 0 -0.5 -0.0281205 -0.00191728 -0.999603 41.1953 1 4.11953
-2.5 0.5 -0.5 -0.175266 0.0433154 -0.983568 215.246 2 2.15246
-1.5 0.5 -0.5 -0.0281733 -0.00365005 -0.999596 4.08777 0 4.08777
-0.5 0.5 -0.5 -0.246777 0.0492293 -0.967821 15.1516 1 1.51516
0.5 0.5 -0.5 0.376898 0.0696154 -0.923635 377.23 2 3.7723
1.5 0.5 -0.5 -0.0686931 -0.00338088 -0.997632 43.0854 1 4.30854
2.5 0.5 -0.5 0.260174 0.0574533 -0.963851 50.4486 1 5.04486
-2 1 -0.5 -0.203919 0.0924507 -0.974613 209.247 2 2.09247
-1 1 -0.5 0.022733 -0.0129088 -0.999658 2.47893 0 2.47893
0 1 -0.5 -0.233094 0.0335247 -0.971876 533.342 2 5.33342
1 1 -0.5 0.318397 0.157033 -0.93486 358.21 2 3.5821
2 1 -0.5 -0.205426 -0.00679728 -0.978649 156.543 2 1.56543
-2.5 1.5 -0.5 -0.186939 0.0777577 -0.979289 206.363 2 2.06363
-1.5 1.5 -0.5 -0.118574 -0.0102244 -0.992893 30.3406 1 3.03406
-0.5 1.5 -0.5 -0.21445 0.0170205 -0.976587 178.523 2 1.78523
0.5 1.5 -0.5 -0.0196628 0.000548323 -0.999807 5.61209 0 5.61209
1.5 1.5 -0.5 0.0267491 0.0160954 -0.999513 2.0576 0 2.0576
2.5 1.5 -0.5 0.41362 0.00793147 -0.910415 36.3765 1 3.63765
-1.75 -1.25 -0.25 0.271783 0.14011 -0.952105 142.525 2 1.42525
-0.75 -1.25 -0.25 -0.215851 0.119994 -0.969025 186.872 2 1.86872
0.25 -1.25 -0.25 -0.148412 0.0702024 -0.986431 172.583 2 1.72583
1.25 -1.25 -0.25 -0.0725998 -0.000477043 -0.997361 44.681 1 4.4681
2.25 -1.25 -0.25 -0.084848 -0.00805478 -0.996361 32.692 1 3.2692
-2.25 -0.75 -0.25 0.120572 0.0588807 -0.990957 1.0011 0 1.0011
-1.25 -0.75 -0.25 -0.145104 0.00528636 -0.989402 30.6564 1 3.06564
-0.25 -0.75 -0.25 9.67087e-05 -0.00306467 -0.999995 1.87666 0 1.87666
0.75 -0.75 -0.25 -0.0225757 -0.000449481 -0.999745 42.3268 1 4.23268
1.75 -0.75 -0.25 -0.00342504 -0.00165768 -0.999993 1.71703 0 1.71703
-1.75 -0.25 -0.25 0.394265 0.140145 -0.908248 102.725 2 1.02725
-0.75 -0.25 -0.25 0.0395126 -0.0123242 -0.999143 4.17398 0 4.17398
0.25 -0.25 -0.25 0.343221 0.134023 -0.929643 128.25 2 1.2825
1.25 -0.25 -0.25 -0.238218 -0.00228321 -0.971209 125.635 2 1.25635
2.25 -0.25 -0.25 -0.150641 0.0385117 -0.987838 201.595 2 2.01595
-2.25 0.25 -0.25 0.0277291 0.00480242 -0.999604 4.61197 0 4.61197
-1.25 0.25 -0.25 0.0389407 -0.0147412 -0.999133 3.73482 0 3.73482
-0.25 0.25 -0.25 0.319588 0.111399 -0.940985 409.582 2 4.09582
0.75 0.25 -0.25 0.0899145 0.0147552 -0.99584 1.53289 0 1.53289
1.75 0.25 -0.25 0.0425592 -0.0199266 -0.998895 3.57323 0 3.57323
-1.75 0.75 -0.25 0.359486 0.106924 -0.927004 129.363 2 1.29363
-0.75 0.75 -0.25 -0.21668 0.125542 -0.968137 173.129 2 1.73129
0.25 0.75 -0.25 -0.112455 -0.00773798 -0.993627 32.4021 1 3.24021
1.25 0.75 -0.25 -0.163519 0.0162499 -0.986406 27.4138 1 2.74138
2.25 0.75 -0.25 -0.104747 -0.000711144 -0.994499 30.6269 1 3.06269
-2.25 1.25 -0.25 0.376061 0.0275433 -0.926185 41.3337 1 4.13337
-1.25 1.25 -0.25 -0.174549 -0.0224342 -0.984393 156.937 2 1.56937
-0.25 1.25 -0.25 -0.258881 0.0323841 -0.965366 396.974 2 3.96974
0.75 1.25 -0.25 -0.0249573 -0.000988119 -0.999688 45.5917 1 4.55917
1.75 1.25 -0.25 -0.260756 0.00565548 -0.965388 109.287 2 1.09287
-2 -1.5 0 0.0274128 -0.0018324 -0.999623 5.62344 0 5.62344
-1 -1.5 0 0.376521 0.114065 -0.919359 333.282 2 3.33282
0 -1.5 0 -0.0972662 0.00237802 -0.995256 34.6556 1 3.46556
1 -1.5 0 -0.0382472 -0.00653439 -0.999247 32.3759 1 3.23759
2 -1.5 0 -0.132052 0.00151908 -0.991242 32.7074 1 3.27074
-2.5 -1 0 -0.0234647 0.000177209 -0.999725 5.00899 0 5.00899
-1.5 -1 0 0.0328504 0.0179915 -0.999298 1.83083 0 1.83083
-0.5 -1 0 -0.203029 0.113723 -0.972546 172.922 2 1.72922
0.5 -1 0 -0.171598 0.00508388 -0.985154 21.1777 1 2.11777
1.5 -1 0 0.031389 0.0251542 -0.999191 1.59235 0 1.59235
2.5 -1 0 -0.22046 0.0348151 -0.974775 603.801 2 6.03801
-2 -0.5 0 -0.0731533 -0.00478572 -0.997309 39.939 1 3.9939
-1 -0.5 0 -0.260278 0.046183 -0.964429 446.663 2 4.46663
0 -0.5 0 -0.207771 0.0217185 -0.977936 593.457 2 5.93457
1 -0.5 0 -0.188597 0.0121118 -0.98198 20.5442 1 2.05442
2 -0.5 0 -0.21509 0.00347172 -0.976588 160.5 2 1.605
-2.5 0 0 -0.195156 -0.0164618 -0.980634 150.282 2 1.50282
-1.5 0 0 -0.102298 -0.00331557 -0.994748 30.9257 1 3.09257
-0.5 0 0 -0.237175 0.147643 -0.960182 166.938 2 1.66938
0.5 0 0 -0.0948138 -0.000494312 -0.995495 34.9968 1 3.49968
1.5 0 0 0.104535 0.025049 -0.994206 1.10863 0 1.10863
2.5 0 0 0.0285572 -0.000748272 -0.999592 5.36167 0 5.36167
-2 0.5 0 -0.132472 -0.00718788 -0.991161 29.3053 1 2.93053
-1 0.5 0 0.241454 0.0804777 -0.967069 48.9972 1 4.89972
0 0.5 0 -0.240681 0.03304 -0.970042 490.763 2 4.90763
1 0.5 0 -0.0649215 -0.00205037 -0.997888 45.767 1 4.5767
2 0.5 0 -0.0215092 -0.000491696 -0.999769 4.82517 0 4.82517
-2.5 1 0 0.152575 0.0668049 -0.986031 89.4744 1 8.94744
-1.5 1 0 -0.0856869 -0.001025 -0.996322 38.688 1 3.8688
-0.5 1 0 -0.215255 0.00768903 -0.976528 466.012 2 4.66012
0.5 1 0 0.101021 0.0391734 -0.994113 95.874 1 9.5874
1.5 1 0 0.131005 0.0963147 -0.986692 81.8197 1 8.18197
2.5 1 0 0.000613888 0.00111715 -0.999999 2.17766 0 2.17766
-2 1.5 0 -0.00385705 -0.000162792 -0.999993 1.69237 0 1.69237
-1 1.5 0 -0.250587 0.0348146 -0.967468 140.517 2 1.40517
0 1.5 0 -0.18285 0.0100166 -0.98309 21.5763 1 2.15763
1 1.5 0 -0.226379 0.0341187 -0.973442 571.398 2 5.71398
2 1.5 0 -0.00549343 -0.00520811 -0.999971 1.50897 0 1.50897
-2.25 -1.25 0.25 0.0368884 0.0156522 -0.999197 1.69242 0 1.69242
-1.25 -1.25 0.25 -0.157926 -0.0165021 -0.987313 183.092 2 1.83092
-0.25 -1.25 0.25 0.357885 0.099337 -0.928467 376.065 2 3.76065
0.75 -1.25 0.25 -0.122879 -0.0105197 -0.992366 22.7982 1 2.27982
1.75 -1.25 0.25 0.0372924 0.0183113 -0.999137 1.31233 0 1.31233
-1.75 -0.75 0.25 0.19353 0.0786014 -0.977941 64.5025 1 6.45025
-0.75 -0.75 0.25 -0.0239648 -0.000809965 -0.999712 44.288 1 4.4288
0.25 -0.75 0.25 -0.18034 -0.00297768 -0.9836 549.337 2 5.49337
1.25 -0.75 0.25 -0.269653 0.0458042 -0.961867 398.603 2 3.98603
2.25 -0.75 0.25 -0.205744 0.019773 -0.978406 19.3717 1 1.93717
-2.25 -0.25 0.25 -0.000328454 0.00137036 -0.999999 2.01462 0 2.01462
-1.25 -0.25 0.25 0.0935904 0.0318604 -0.995101 1.25863 0 1.25863
-0.25 -0.25 0.25 -0.08049 0.000920692 -0.996755 42.3403 1 4.23403
0.75 -0.25 0.25 -0.186774 -0.000917836 -0.982402 187.577 2 1.87577
1.75 -0.25 0.25 0.0272104 0.00832472 -0.999595 3.85793 0 3.85793
-1.75 0.25 0.25 0.0826197 0.0363456 -0.995918 1.38205 0 1.38205
-0.75 0.25 0.25 -0.213801 0.0210419 -0.976651 561.386 2 5.61386
0.25 0.25 0.25 -0.172458 0.0132775 -0.984927 24.5363 1 2.45363
1.25 0.25 0.25 -0.0644539 -0.0059129 -0.997903 40.8849 1 4.08849
2.25 0.25 0.25 -0.0326917 -0.00422221 -0.999457 37.1093 1 3.71093
-2.25 0.75 0.25 -0.126414 0.0481698 -0.990807 174.996 2 1.74996
-1.25 0.75 0.25 0.0871887 0.0414023 -0.995331 1.24007 0 1.24007
-0.25 0.75 0.25 0.21948 0.0166392 -0.975475 72.1543 1 7.21543
0.75 0.75 0.25 -0.0272655 -0.00133655 -0.999627 39.9832 1 3.99832
1.75 0.75 0.25 0.409236 0.06311 -0.910243 113.739 2 1.13739
-1.75 1.25 0.25 0.0910815 0.0461728 -0.994772 1.0925 0 1.0925
-0.75 1.25 0.25 0.163661 0.0284497 -0.986106 99.8998 1 9.98998
0.25 1.25 0.25 -0.0723988 0.00432141 -0.997366 48.3918 1 4.83918
1.25 1.25 0.25 0.0766672 0.045031 -0.996039 1.34134 0 1.34134
2.25 1.25 0.25 0.111556 0.014046 -0.993659 1.08995 0 1.08995
-2.5 -1.5 0.5 -0.222922 0.0281484 -0.97443 17.7376 1 1.77376
-1.5 -1.5 0.5 -0.138177 0.0079555 -0.990376 33.1736 1 3.31736
-0.5 -1.5 0.5 -0.000843949 -0.00182834 -0.999998 1.91153 0 1.91153
0.5 -1.5 0.5 0.0809886 0.0508365 -0.995418 1.20253 0 1.20253
1.5 -1.5 0.5 0.0307145 -0.00166533 -0.999527 3.86021 0 3.86021
2.5 -1.5 0.5 -0.251974 0.0465836 -0.966612 492.657 2 4.92657
-2 -1 0.5 -0.187453 0.101968 -0.976967 170.561 2 1.70561
-1 -1 0.5 -0.167875 0.0234643 -0.985529 26.5303 1 2.65303
0 -1 0.5 -0.200447 0.00848976 -0.979668 543.714 2 5.43714
1 -1 0.5 0.0267266 0.0232406 -0.999373 1.82136 0 1.82136
2 -1 0.5 0.00112548 0.00074586 -0.999999 2.31705 0 2.31705
-2.5 -0.5 0.5 -0.176503 -0.0105184 -0.984244 180.397 2 1.80397
-1.5 -0.5 0.5 -0.0326611 -0.0052825 -0.999453 37.0262 1 3.70262
-0.5 -0.5 0.5 0.108011 0.0274459 -0.993771 95.811 1 9.5811
0.5 -0.5 0.5 0.255452 0.162793 -0.953018 136.005 2 1.36005
1.5 -0.5 0.5 0.107153 0.0120631 -0.994169 1.23656 0 1.23656
2.5 -0.5 0.5 -0.0689263 -0.00711483 -0.997596 37.8626 1 3.78626
-2 0 0.5 -0.194366 0.00907395 -0.980887 575.087 2 5.75087
-1 0 0.5 0.12092 0.0841712 -0.989087 88.9641 1 8.89641
0 0 0.5 0.338393 0.12844 -0.932198 369.645 2 3.69645
1 0 0.5 -0.247061 0.0195934 -0.968802 389.36 2 3.8936
2 0 0.5 -0.211743 0.12477 -0.969328 142.63 2 1.4263
-2.5 0.5 0.5 -0.219769 0.128775 -0.967015 126.795 2 1.26795
-1.5 0.5 0.5 0.00092213 0.000476541 -0.999999 2.38247 0 2.38247
-0.5 0.5 0.5 -0.0885893 -0.00577104 -0.996052 33.9945 1 3.39945
0.5 0.5 0.5 0.393713 0.0939966 -0.914415 115.814 2 1.15814
1.5 0.5 0.5 -0.0930675 0.00817939 -0.995626 37.5448 1 3.75448
2.5 0.5 0.5 0.0661779 0.0198541 -0.99761 1.7318 0 1.7318
-2 1 0.5 -0.280288 0.0453549 -0.958844 349.784 2 3.49784
-1 1 0.5 -0.0256247 -0.00121573 -0.999671 4.60534 0 4.60534
0 1 0.5 0.355806 0.063158 -0.932423 14.0765 1 1.40765
1 1 0.5 -0.185412 0.0862634 -0.978867 196.065 2 1.96065
2 1 0.5 -0.0761141 0.00268143 -0.997096 45.6122 1 4.56122
-2.5 1.5 0.5 -0.0784677 -0.00632105 -0.996897 36.4365 1 3.64365
-1.5 1.5 0.5 -0.224168 0.00752889 -0.974522 421.966 2 4.21966
-0.5 1.5 0.5 0.0286949 0.00222194 -0.999586 3.77683 0 3.77683
0.5 1.5 0.5 0.0308759 -0.00191675 -0.999521 5.13315 0 5.13315
1.5 1.5 0.5 0.0386083 0.00948279 -0.999209 1.88205 0 1.88205
2.5 1.5 0.5 -0.0919142 -0.00322633 -0.995762 34.773 1 3.4773
-1.75 -1.25 0.75 0.408986 0.155739 -0.899153 888.289 2 8.88289
-0.75 -1.25 0.75 -0.111481 -0.00661626 -0.993745 26.8227 1 2.68227
0.25 -1.25 0.75 0.100225 0.0221121 -0.994719 1.25746 0 1.25746
1.25 -1.25 0.75 -0.139015 -0.00113692 -0.99029 30.2097 1 3.02097
2.25 -1.25 0.75 0.0610169 0.0405634 -0.997312 1.51814 0 1.51814
-2.25 -0.75 0.75 0.0272904 0.00967771 -0.999581 3.96705 0 3.96705
-1.25 -0.75 0.75 0.303759 0.0940301 -0.948098 150.621 2 1.50621
-0.25 -0.75 0.75 -0.0216537 0.000725432 -0.999765 5.38228 0 5.38228
0.75 -0.75 0.75 0.0835574 0.0229713 -0.996238 1.53513 0 1.53513
1.75 -0.75 0.75 -0.1255 -0.0045725 -0.992083 31.7512 1 3.17512
-1.75 -0.25 0.75 0.261547 0.100094 -0.959987 464.109 2 4.64109
-0.75 -0.25 0.75 0.0366842 0.00777265 -0.999297 2.04543 0 2.04543
0.25 -0.25 0.75 -0.154733 -0.0276124 -0.98757 159.114 2 1.59114
1.25 -0.25 0.75 0.060661 0.0268289 -0.997798 1.68421 0 1.68421
2.25 -0.25 0.75 -0.184639 -0.0071936 -0.98278 18.9383 1 1.89383
-2.25 0.25 0.75 0.0315169 0.00919691 -0.999461 2.17702 0 2.17702
-1.25 0.25 0.75 -0.228415 0.0200345 -0.973358 481.762 2 4.81762
-0.25 0.25 0.75 -0.0791892 0.00600633 -0.996842 45.8443 1 4.58443
0.75 0.25 0.75 -0.0272119 -0.00451036 -0.99962 3.94643 0 3.94643
1.75 0.25 0.75 0.186123 0.02162 -0.982289 91.4196 1 9.14196
-1.75 0.75 0.75 -0.162003 -0.000473157 -0.98679 24.9576 1 2.49576
-0.75 0.75 0.75 -0.166501 -0.00995087 -0.985991 21.589 1 2.1589
0.25 0.75 0.75 -0.149528 -0.0127616 -0.988675 23.7902 1 2.37902
1.25 0.75 0.75 0.356581 0.145053 -0.922935 327.486 2 3.27486
2.25 0.75 0.75 0.00105816 0.00171899 -0.999998 2.08263 0 2.08263
-2.25 1.25 0.75 0.0408094 0.0117152 -0.999098 1.51471 0 1.51471
-1.25 1.25 0.75 0.0371778 -0.0179772 -0.999147 3.2813 0 3.2813
-0.25 1.25 0.75 0.0375279 0.0171919 -0.999148 1.50438 0 1.50438
0.75 1.25 0.75 -0.189976 0.0688632 -0.979371 214.67 2 2.1467
1.75 1.25 0.75 0.0264978 0.00973926 -0.999601 2.24894 0 2.24894
-2 -1.5 1 0.0472626 0.000629411 -0.998882 1.64441 0 1.64441
-1 -1.5 1 -0.216663 0.113803 -0.969591 199.146 2 1.99146
0 -1.5 1 0.0311374 0.0153777 -0.999397 1.99198 0 1.99198
1 -1.5 1 -0.177899 0.00298401 -0.984044 21.9427 1 2.19427
2 -1.5 1 -0.0255202 -0.0010957 -0.999674 4.61878 0 4.61878
-2.5 -1 1 -0.0688457 0.00101731 -0.997627 47.43 1 4.743
-1.5 -1 1 0.041972 0.00507431 -0.999106 1.8638 0 1.8638
-0.5 -1 1 -0.0208984 0.000168501 -0.999782 5.31864 0 5.31864
0.5 -1 1 0.114476 0.00158426 -0.993425 1.19668 0 1.19668
1.5 -1 1 0.214523 0.0666826 -0.97444 55.6253 1 5.56253
2.5 -1 1 -0.255131 0.0201682 -0.966696 126.095 2 1.26095
-2 -0.5 1 -0.0994513 -0.00576609 -0.995026 30.7142 1 3.07142
-1 -0.5 1 -0.00456098 -0.00745154 -0.999962 1.48142 0 1.48142
0 -0.5 1 -0.161388 -0.00447586 -0.986881 203.954 2 2.03954
1 -0.5 1 0.414463 0.0498795 -0.908698 330.485 2 3.30485
2 -0.5 1 -0.227825 0.132489 -0.964646 184.809 2 1.84809
-2.5 0 1 0.174038 0.0611947 -0.982836 82.9171 1 8.29171
-1.5 0 1 0.0281295 -0.00965133 -0.999558 2.93843 0 2.93843
-0.5 0 1 -0.000162353 -0.000114518 -1 2.10194 0 2.10194
0.5 0 1 -0.0313657 -0.00778761 -0.999478 3.50672 0 3.50672
1.5 0 1 -0.125519 -0.0127705 -0.992009 27.9773 1 2.79773
2.5 0 1 0.0288099 0.0192237 -0.9994 1.92013 0 1.92013
-2 0.5 1 -0.197508 0.115479 -0.973476 140.722 2 1.40722
-1 0.5 1 0.377107 0.17129 -0.910192 101.878 2 1.01878
0 0.5 1 0.242477 0.124142 -0.962182 444.409 2 4.44409
1 0.5 1 0.319522 0.070393 -0.944961 15.1934 1 1.51934
2 0.5 1 -0.195605 -0.00386918 -0.980675 172.69 2 1.7269
-2.5 1 1 -0.189066 0.00975521 -0.981916 600.129 2 6.00129
-1.5 1 1 0.29132 0.163501 -0.94255 132.507 2 1.32507
-0.5 1 1 0.280176 0.165037 -0.945655 379.733 2 3.79733
0.5 1 1 4.44159e-05 0.00222227 -0.999998 1.92496 0 1.92496
1.5 1 1 -0.106742 0.00199881 -0.994285 29.8264 1 2.98264
2.5 1 1 0.0407267 0.0120879 -0.999097 1.3219 0 1.3219
-2 1.5 1 -0.234904 0.0115023 -0.971951 144.631 2 1.44631
-1 1.5 1 -0.111346 -0.0152991 -0.993664 28.5276 1 2.85276
0 1.5 1 -0.191356 0.10906 -0.975443 156 2 1.56
1 1.5 1 0.357542 0.0560956 -0.932211 41.7819 1 4.17819
2 1.5 1 -0.0040199 0.00128516 -0.999991 1.64072 0 1.64072
-2.25 -1.25 1.25 -0.216398 -0.00971315 -0.976257 139.609 2 1.39609
-1.25 -1.25 1.25 -0.185534 0.0943459 -0.978098 184.03 2 1.8403
-0.25 -1.25 1.25 -0.158524 0.00922719 -0.987312 27.8718 1 2.78718
0.75 -1.25 1.25 -0.0378306 -0.00989622 -0.999235 31.7076 1 3.17076
1.75 -1.25 1.25 -0.190081 -0.00061317 -0.981768 18.9386 1 1.89386
-1.75 -0.75 1.25 -0.172439 -0.00367458 -0.985013 21.9461 1 2.19461
-0.75 -0.75 1.25 -0.27889 0.0744075 -0.957436 430.254 2 4.30254
0.25 -0.75 1.25 0.261687 0.144678 -0.954248 414.173 2 4.14173
1.25 -0.75 1.25 0.152674 0.0425135 -0.987362 99.2236 1 9.92236
2.25 -0.75 1.25 -0.244609 0.0470508 -0.968479 535.302 2 5.35302
-2.25 -0.25 1.25 -0.032364 -0.00320215 -0.999471 36.5847 1 3.65847
-1.25 -0.25 1.25 -0.262191 0.0605408 -0.963115 487.319 2 4.87319
-0.25 -0.25 1.25 -0.0656356 0.00247134 -0.997841 49.5976 1 4.95976
0.75 -0.25 1.25 0.0289887 0.0126108 -0.9995 2.13303 0 2.13303
1.75 -0.25 1.25 0.0953001 0.0186651 -0.995274 1.40032 0 1.40032
-1.75 0.25 1.25 0.027033 0.00601577 -0.999616 3.63438 0 3.63438
-0.75 0.25 1.25 -0.132044 0.0105466 -0.991188 35.3592 1 3.53592
0.25 0.25 1.25 0.0276638 0.00104573 -0.999617 5.1779 0 5.1779
1.25 0.25 1.25 0.250892 0.11623 -0.961012 150.97 2 1.5097
2.25 0.25 1.25 0.028626 0.00382725 -0.999583 4.48432 0 4.48432
-2.25 0.75 1.25 -0.247022 0.00865785 -0.968971 126.901 2 1.26901
-1.25 0.75 1.25 -0.155754 0.0190001 -0.987613 30.1243 1 3.01243
-0.25 0.75 1.25 0.000400111 -0.000881809 -1 2.09633 0 2.09633
0.75 0.75 1.25 -0.224201 0.134104 -0.965272 142.69 2 1.4269
1.75 0.75 1.25 0.0330849 -0.00573822 -0.999436 3.88117 0 3.88117
-1.75 1.25 1.25 0.0314771 -0.00139137 -0.999504 4.31696 0 4.31696
-0.75 1.25 1.25 -0.23809 0.0476034 -0.970076 573.372 2 5.73372
0.25 1.25 1.25 0.000683685 0.00328598 -0.999994 1.80877 0 1.80877
1.25 1.25 1.25 0.274401 0.187562 -0.943146 126.377 2 1.26377
2.25 1.25 1.25 0.185422 0.0450906 -0.981624 83.5406 1 8.35406
-2.5 -1.5 1.5 -0.207382 0.0080192 -0.978227 506.989 2 5.06989
-1.5 -1.5 1.5 -0.0992105 0.00532143 -0.995052 33.7602 1 3.37602
-0.5 -1.5 1.5 -0.020852 0.000251638 -0.999783 39.783 1 3.9783
0.5 -1.5 1.5 -0.16506 0.00815783 -0.98625 22.0291 1 2.20291
1.5 -1.5 1.5 0.205513 0.0599159 -0.976819 65.0244 1 6.50244
2.5 -1.5 1.5 0.280422 0.0759019 -0.956871 47.8084 1 4.78084
-2 -1 1.5 -0.220656 0.0204744 -0.975137 523.781 2 5.23781
-1 -1 1.5 -0.0381809 -0.00817213 -0.999237 32.3128 1 3.23128
0 -1 1.5 -0.026022 -0.00059336 -0.999661 38.17 1 3.817
1 -1 1.5 0.34006 0.0890975 -0.936174 141.336 2 1.41336
2 -1 1.5 0.33873 0.0840129 -0.937125 416.55 2 4.1655
-2.5 -0.5 1.5 -0.0644324 -0.00888258 -0.997883 35.2992 1 3.52992
-1.5 -0.5 1.5 -0.151512 0.0801076 -0.985204 159.878 2 1.59878
-0.5 -0.5 1.5 -0.146934 -0.00390059 -0.989139 27.4678 1 2.74678
0.5 -0.5 1.5 -0.16856 -0.00751238 -0.985663 193.207 2 1.93207
1.5 -0.5 1.5 -0.176787 0.0205581 -0.984034 23.7345 1 2.37345
2.5 -0.5 1.5 -0.0181213 -0.00059451 -0.999836 4.95365 0 4.95365
-2 0 1.5 0.174695 0.0369902 -0.983928 92.1231 1 9.21231
-1 0 1.5 0.029404 0.000274394 -0.999568 5.03329 0 5.03329
0 0 1.5 -0.14383 0.0146679 -0.989494 33.1322 1 3.31322
1 0 1.5 0.16279 0.0770309 -0.983649 81.0618 1 8.10618
2 0 1.5 0.326529 0.160482 -0.931464 125.504 2 1.25504
-2.5 0.5 1.5 0.300083 0.138366 -0.943825 397.164 2 3.97164
-1.5 0.5 1.5 -0.214337 0.0307242 -0.976276 19.2441 1 1.92441
-0.5 0.5 1.5 -0.00179138 -0.00493184 -0.999986 1.68255 0 1.68255
0.5 0.5 1.5 -0.12798 0.0596415 -0.989982 164.095 2 1.64095
1.5 0.5 1.5 0.0481255 0.000174371 -0.998841 1.46212 0 1.46212
2.5 0.5 1.5 -0.0316715 -0.0021653 -0.999496 35.4744 1 3.54744
-2 1 1.5 -0.224117 0.0142736 -0.974458 162 2 1.62
-1 1 1.5 0.0709185 0.0537789 -0.996031 1.28137 0 1.28137
0 1 1.5 0.307866 0.139154 -0.941198 137.137 2 1.37137
1 1 1.5 0.337819 0.0417646 -0.940284 45.4855 1 4.54855
2 1 1.5 0.0298963 -0.00252323 -0.99955 5.46481 0 5.46481
-2.5 1.5 1.5 0.0888164 0.0275921 -0.995666 1.40196 0 1.40196
-1.5 1.5 1.5 -0.00937915 -0.0078489 -0.999925 1.30313 0 1.30313
-0.5 1.5 1.5 0.287864 0.11723 -0.950469 147.45 2 1.4745
0.5 1.5 1.5 0.141527 0.0327376 -0.989393 1.05935 0 1.05935
1.5 1.5 1.5 0.141933 0.056395 -0.988268 97.1176 1 9.71176
2.5 1.5 1.5 -0.16579 -0.0194753 -0.985969 170.794 2 1.70794
