450
-2.5 -1.5 -1.5 -0.131685 -0.341775 -0.93051 21.1572 1 2.11572
-1.5 -1.5 -1.5 -0.205259 -0.391797 -0.896864 1.42238 0 1.42238
-0.5 -1.5 -1.5 -0.0951219 -0.770993 -0.629699 12.7691 1 1.27691
0.5 -1.5 -1.5 0.193385 -0.557003 -0.807682 56.6252 1 5.66252
1.5 -1.5 -1.5 -0.0813321 -0.658745 -0.747958 148.004 2 1.48004
2.5 -1.5 -1.5 0.272952 -0.660983 -0.698999 703.112 2 7.03112
-2 -1 -1.5 0.169947 -0.658738 -0.732927 18.5906 1 1.85906
-1 -1 -1.5 -0.145343 -0.31197 -0.938909 4.19569 0 4.19569
0 -1 -1.5 -0.0606449 -0.163685 -0.984647 6.6512 0 6.6512
1 -1 -1.5 0.0694801 -0.624492 -0.777934 39.807 1 3.9807
2 -1 -1.5 -0.218231 -0.340407 -0.914603 1.68413 0 1.68413
-2.5 -0.5 -1.5 0.0296624 -0.639086 -0.768563 132.211 2 1.32211
-1.5 -0.5 -1.5 -0.0616152 -0.615924 -0.785393 19.3712 1 1.93712
-0.5 -0.5 -1.5 -0.0687321 -0.19969 -0.977446 5.45539 0 5.45539
0.5 -0.5 -1.5 -0.143805 -0.374271 -0.916101 3.45354 0 3.45354
1.5 -0.5 -1.5 -0.159987 -0.466126 -0.870132 50.1346 1 5.01346
2.5 -0.5 -1.5 -0.256378 -0.555992 -0.79066 35.9011 1 3.59011
-2 0 -1.5 0.211595 -0.63208 -0.745454 22.4192 1 2.24192
-1 0 -1.5 0.209048 -0.658117 -0.723313 949.791 2 9.49791
0 0 -1.5 -0.219113 -0.53806 -0.813929 33.8725 1 3.38725
1 0 -1.5 -0.0696933 -0.698118 -0.712582 457.721 2 4.57721
2 0 -1.5 0.108972 -0.643264 -0.75785 26.6843 1 2.66843
-2.5 0.5 -1.5 -0.120078 -0.468219 -0.875416 573.002 2 5.73002
-1.5 0.5 -1.5 0.145599 -0.689219 -0.709773 842.72 2 8.4272
-0.5 0.5 -1.5 -0.202369 -0.282966 -0.937538 3.01377 0 3.01377
0.5 0.5 -1.5 0.185749 -0.574062 -0.797465 82.8146 1 8.28146
1.5 0.5 -1.5 -0.101322 -0.697915 -0.708977 667.513 2 6.67513
2.5 0.5 -1.5 -0.211702 -0.334287 -0.918387 2.84383 0 2.84383
-2 1 -1.5 -0.177419 -0.629243 -0.756687 24.468 1 2.4468
-1 1 -1.5 0.08813 -0.25007 -0.964208 2.13261 0 2.13261
0 1 -1.5 0.198602 -0.618002 -0.760677 20.8955 1 2.08955
1 1 -1.5 -0.0650978 -0.642901 -0.763178 22.2571 1 2.22571
2 1 -1.5 0.208886 -0.653593 -0.72745 182.71 2 1.8271
-2.5 1.5 -1.5 0.0615551 -0.577852 -0.813817 960.994 2 9.60994
-1.5 1.5 -1.5 -0.0895903 -0.34081 -0.935854 1.61155 0 1.61155
-0.5 1.5 -1.5 -0.115993 -0.314264 -0.942223 2.16901 0 2.16901
0.5 1.5 -1.5 -0.233874 -0.735939 -0.635371 879.079 2 8.79079
1.5 1.5 -1.5 -0.165635 -0.269595 -0.948622 4.795 0 4.795
2.5 1.5 -1.5 -0.0519965 -0.678761 -0.732516 537.524 2 5.37524
-1.75 -1.25 -1.25 -0.103962 -0.401434 -0.909969 993.083 2 9.93083
-0.75 -1.25 -1.25 -0.303316 -0.426475 -0.852126 1.25151 0 1.25151
0.25 -1.25 -1.25 -0.0284392 -0.456768 -0.889131 1.85772 0 1.85772
1.25 -1.25 -1.25 -0.0283279 -0.648264 -0.760888 356.475 2 3.56475
2.25 -1.25 -1.25 0.097807 -0.707743 -0.699667 544.035 2 5.44035
-2.25 -0.75 -1.25 0.218528 -0.616147 -0.756709 15.0035 1 1.50035
-1.25 -0.75 -1.25 -0.160053 -0.21386 -0.963663 4.65427 0 4.65427
-0.25 -0.75 -1.25 -0.191937 -0.401639 -0.895459 5.83563 0 5.83563
0.75 -0.75 -1.25 0.128485 -0.54842 -0.826273 79.4868 1 7.94868
1.75 -0.75 -1.25 0.135254 -0.676552 -0.723867 877.656 2 8.77656
-1.75 -0.25 -1.25 -0.132178 -0.672186 -0.728488 665.318 2 6.65318
-0.75 -0.25 -1.25 -0.254151 -0.315721 -0.914181 2.72866 0 2.72866
0.25 -0.25 -1.25 -0.176645 -0.279816 -0.943663 3.0445 0 3.0445
1.25 -0.25 -1.25 0.241245 -0.44109 -0.864431 62.5622 1 6.25622
2.25 -0.25 -1.25 0.110543 -0.666056 -0.737665 494.092 2 4.94092
-2.25 0.25 -1.25 -0.134305 -0.704546 -0.696833 38.1106 1 3.81106
-1.25 0.25 -1.25 -0.231785 -0.697983 -0.677566 18.3573 1 1.83573
-0.25 0.25 -1.25 -0.110964 -0.669635 -0.734354 12.8529 1 1.28529
0.75 0.25 -1.25 -0.0997251 -0.310614 -0.94529 2.57091 0 2.57091
1.75 0.25 -1.25 -0.172743 -0.685943 -0.706854 118.925 2 1.18925
-1.75 0.75 -1.25 -0.158117 -0.697031 -0.69939 594.674 2 5.94674
-0.75 0.75 -1.25 -0.179487 -0.238084 -0.954516 6.62705 0 6.62705
0.25 0.75 -1.25 -0.040763 -0.508204 -0.860272 1.66939 0 1.66939
1.25 0.75 -1.25 -0.10944 -0.443668 -0.889484 1.01343 0 1.01343
2.25 0.75 -1.25 0.306493 -0.478257 -0.823002 516.841 2 5.16841
-2.25 1.25 -1.25 0.163655 -0.3279 -0.930429 1.19837 0 1.19837
-1.25 1.25 -1.25 -0.239955 -0.330346 -0.912849 6.76804 0 6.76804
-0.25 1.25 -1.25 0.00951176 -0.666573 -0.745379 176.014 2 1.76014
0.75 1.25 -1.25 -0.179667 -0.709977 -0.68092 466.788 2 4.66788
1.75 1.25 -1.25 -0.127123 -0.443028 -0.887449 881.652 2 8.81652
-2 -1.5 -1 -0.0672983 -0.617779 -0.783466 60.0537 1 6.00537
-1 -1.5 -1 0.356215 -0.480861 -0.801177 433.441 2 4.33441
0 -1.5 -1 -0.120876 -0.414282 -0.902086 4.70722 0 4.70722
1 -1.5 -1 -0.115877 -0.363001 -0.924556 2.42622 0 2.42622
2 -1.5 -1 0.164543 -0.650135 -0.741788 13.5582 1 1.35582
-2.5 -1 -1 -0.134284 -0.474675 -0.869857 22.2286 1 2.22286
-1.5 -1 -1 0.02556 -0.651826 -0.757937 490.177 2 4.90177
-0.5 -1 -1 0.0132354 -0.148056 -0.98889 5.4801 0 5.4801
0.5 -1 -1 -0.105679 -0.709178 -0.697064 10.6738 1 1.06738
1.5 -1 -1 -0.213241 -0.554125 -0.804658 372.656 2 3.72656
2.5 -1 -1 -0.200692 -0.746589 -0.634293 633.345 2 6.33345
-2 -0.5 -1 0.207179 -0.680779 -0.702578 125.866 2 1.25866
-1 -0.5 -1 0.107531 -0.637749 -0.762701 28.0762 1 2.80762
0 -0.5 -1 -0.245341 -0.303126 -0.920827 7.6354 0 7.6354
1 -0.5 -1 -0.119465 -0.451371 -0.884303 4.37205 0 4.37205
2 -0.5 -1 -0.0988671 -0.723444 -0.683267 27.9806 1 2.79806
-2.5 0 -1 -0.149821 -0.372765 -0.915751 1.36001 0 1.36001
-1.5 0 -1 -0.0526676 -0.669518 -0.740927 471.222 2 4.71222
-0.5 0 -1 0.140593 -0.650832 -0.746091 18.6928 1 1.86928
0.5 0 -1 -0.21779 -0.418816 -0.881567 14.856 1 1.4856
1.5 0 -1 -0.170641 -0.681254 -0.711881 50.1737 1 5.01737
2.5 0 -1 -0.159265 -0.369008 -0.915679 18.0142 1 1.80142
-2 0.5 -1 0.283547 -0.662582 -0.693243 996.559 2 9.96559
-1 0.5 -1 -0.189888 -0.356204 -0.91491 26.3919 1 2.63919
0 0.5 -1 -0.246837 -0.295929 -0.922766 2.3248 0 2.3248
1 0.5 -1 -0.186714 -0.249765 -0.950134 2.56309 0 2.56309
2 0.5 -1 -0.199898 -0.219103 -0.955005 1.00637 0 1.00637
-2.5 1 -1 0.0663399 -0.638507 -0.766751 259.437 2 2.59437
-1.5 1 -1 -0.0663508 -0.401756 -0.91334 1.05115 0 1.05115
-0.5 1 -1 0.0826326 -0.711638 -0.69767 720.389 2 7.20389
0.5 1 -1 0.220416 -0.537013 -0.814269 95.029 1 9.5029
1.5 1 -1 0.00705563 -0.455683 -0.890114 2.84991 0 2.84991
2.5 1 -1 -0.119147 -0.637124 -0.761496 19.0129 1 1.90129
-2 1.5 -1 -0.166498 -0.679988 -0.71407 210.546 2 2.10546
-1 1.5 -1 0.279818 -0.145799 -0.948917 3.32738 0 3.32738
0 1.5 -1 -0.0370859 -0.697705 -0.715425 30.3435 1 3.03435
1 1.5 -1 -0.296415 -0.394879 -0.869603 1.97054 0 1.97054
2 1.5 -1 -0.0294831 -0.127325 -0.991423 1.22677 0 1.22677
-2.25 -1.25 -0.75 -0.104066 -0.378221 -0.919847 4.82099 0 4.82099
-1.25 -1.25 -0.75 -0.164492 -0.398411 -0.902337 1.28915 0 1.28915
-0.25 -1.25 -0.75 0.125218 -0.564075 -0.816174 1.13713 0 1.13713
0.75 -1.25 -0.75 -0.0771227 -0.683737 -0.725642 498.257 2 4.98257
1.75 -1.25 -0.75 -0.198039 -0.460263 -0.865412 939.265 2 9.39265
-1.75 -0.75 -0.75 0.293138 -0.0874802 -0.952059 5.96904 0 5.96904
-0.75 -0.75 -0.75 0.0748043 -0.652663 -0.753946 565.353 2 5.65353
0.25 -0.75 -0.75 -0.0226869 -0.648112 -0.761207 44.2449 1 4.42449
1.25 -0.75 -0.75 -0.0187933 -0.588378 -0.808368 61.9421 1 6.19421
2.25 -0.75 -0.75 -0.158837 -0.228571 -0.960482 7.9107 0 7.9107
-2.25 -0.25 -0.75 -0.181847 -0.384684 -0.904959 17.9805 1 1.79805
-1.25 -0.25 -0.75 0.0870189 -0.479825 -0.873038 86.1538 1 8.61538
-0.25 -0.25 -0.75 -0.121535 -0.66154 -0.739996 21.5505 1 2.15505
0.75 -0.25 -0.75 -0.061889 -0.738618 -0.671278 20.0212 1 2.00212
1.75 -0.25 -0.75 -0.154388 -0.240054 -0.958404 4.71625 0 4.71625
-1.75 0.25 -0.75 0.20485 -0.571367 -0.794718 34.8006 1 3.48006
-0.75 0.25 -0.75 0.00997331 -0.460658 -0.887522 1.09647 0 1.09647
0.25 0.25 -0.75 -0.010321 -0.658421 -0.752579 247.293 2 2.47293
1.25 0.25 -0.75 0.204819 -0.696545 -0.687658 877.556 2 8.77556
2.25 0.25 -0.75 -0.255126 -0.286837 -0.923382 3.76712 0 3.76712
-2.25 0.75 -0.75 -0.231485 -0.673882 -0.701639 16.5606 1 1.65606
-1.25 0.75 -0.75 0.207364 -0.610504 -0.764385 49.4935 1 4.94935
-0.25 0.75 -0.75 -0.107438 -0.591396 -0.799192 27.3905 1 2.73905
0.75 0.75 -0.75 -0.0861972 -0.64903 -0.755864 14.3208 1 1.43208
1.75 0.75 -0.75 0.109394 -0.470836 -0.875412 2.02285 0 2.02285
-1.75 1.25 -0.75 0.205254 -0.597396 -0.775235 36.273 1 3.6273
-0.75 1.25 -0.75 -0.221742 -0.442159 -0.869095 97.755 1 9.7755
0.25 1.25 -0.75 -0.191313 -0.435522 -0.879613 1.22277 0 1.22277
1.25 1.25 -0.75 -0.165492 -0.638293 -0.751794 28.6522 1 2.86522
2.25 1.25 -0.75 0.188079 -0.254156 -0.948699 1.34548 0 1.34548
-2.5 -1.5 -0.5 -0.114254 -0.377252 -0.919036 1.48678 0 1.48678
-1.5 -1.5 -0.5 0.132245 -0.713467 -0.688096 409.096 2 4.09096
-0.5 -1.5 -0.5 0.0257014 -0.56957 -0.821541 98.891 1 9.8891
0.5 -1.5 -0.5 -0.0606544 -0.651288 -0.756402 176.261 2 1.76261
1.5 -1.5 -0.5 -0.144142 -0.498453 -0.85485 97.3517 1 9.73517
2.5 -1.5 -0.5 -0.0387357 -0.653727 -0.755739 13.4356 1 1.34356
-2 -1 -0.5 -0.0178692 -0.686116 -0.727273 240.15 2 2.4015
-1 -1 -0.5 -0.0404045 -0.646628 -0.761735 852.451 2 8.52451
0 -1 -0.5 -0.183835 -0.566785 -0.803094 283.231 2 2.83231
1 -1 -0.5 -0.0283697 -0.250195 -0.96778 2.51268 0 2.51268
2 -1 -0.5 0.318357 -0.198205 -0.927019 2.01769 0 2.01769
-2.5 -0.5 -0.5 -0.189215 -0.518434 -0.833921 214.64 2 2.1464
-1.5 -0.5 -0.5 -0.167167 -0.334691 -0.927382 1.50245 0 1.50245
-0.5 -0.5 -0.5 -0.244397 -0.698069 -0.673031 859.651 2 8.59651
0.5 -0.5 -0.5 0.0929599 -0.649063 -0.755034 186.274 2 1.86274
1.5 -0.5 -0.5 -0.0660989 -0.542757 -0.837284 82.7298 1 8.27298
2.5 -0.5 -0.5 -0.100439 -0.665385 -0.739713 336.912 2 3.36912
-2 0 -0.5 -0.164085 -0.745064 -0.646494 24.7195 1 2.47195
-1 0 -0.5 -0.098189 -0.544749 -0.832831 169.245 2 1.69245
0 0 -0.5 0.332737 -0.545423 -0.769286 47.2346 1 4.72346
1 0 -0.5 -0.14925 -0.355903 -0.922528 5.12388 0 5.12388
2 0 -0.5 -0.205273 -0.603833 -0.770226 37.2864 1 3.72864
-2.5 0.5 -0.5 -0.0803566 -0.287539 -0.954392 2.45803 0 2.45803
-1.5 0.5 -0.5 -0.081222 -0.678715 -0.729897 15.7059 1 1.57059
-0.5 0.5 -0.5 -0.00284533 -0.630876 -0.775879 270.619 2 2.70619
0.5 0.5 -0.5 0.205128 -0.660493 -0.722269 131.888 2 1.31888
1.5 0.5 -0.5 -0.232617 -0.334913 -0.913084 2.87292 0 2.87292
2.5 0.5 -0.5 0.101249 -0.124788 -0.987004 5.2702 0 5.2702
-2 1 -0.5 -0.0474736 -0.453274 -0.890106 17.9486 1 1.79486
-1 1 -0.5 -0.168292 -0.787055 -0.593484 11.1717 1 1.11717
0 1 -0.5 -0.00926315 -0.64123 -0.767293 117.105 2 1.17105
1 1 -0.5 0.137924 -0.579808 -0.802995 451.454 2 4.51454
2 1 -0.5 -0.121168 -0.691398 -0.712241 136.581 2 1.36581
-2.5 1.5 -0.5 -0.0907595 -0.433205 -0.896714 607.541 2 6.07541
-1.5 1.5 -0.5 -0.257588 -0.357008 -0.897883 2.46069 0 2.46069
-0.5 1.5 -0.5 -0.0341253 -0.681021 -0.731468 968.842 2 9.68842
0.5 1.5 -0.5 -0.165745 -0.23161 -0.958585 3.18143 0 3.18143
1.5 1.5 -0.5 -0.232779 -0.218467 -0.947674 1.43146 0 1.43146
2.5 1.5 -0.5 0.211869 -0.648701 -0.730957 700.993 2 7.00993
-1.75 -1.25 -0.25 0.263317 -0.170572 -0.94951 2.6153 0 2.6153
-0.75 -1.25 -0.25 0.133683 -0.666646 -0.733289 376.256 2 3.76256
0.25 -1.25 -0.25 -0.129282 -0.51448 -0.847701 301.22 2 3.0122
1.25 -1.25 -0.25 -0.243289 -0.358681 -0.901198 1.84196 0 1.84196
2.25 -1.25 -0.25 -0.22294 -0.606725 -0.763009 31.284 1 3.1284
-2.25 -0.75 -0.25 -0.0525771 -0.159089 -0.985863 1.07108 0 1.07108
-1.25 -0.75 -0.25 -0.0967217 -0.63341 -0.767748 20.0766 1 2.00766
-0.25 -0.75 -0.25 0.257416 -0.498101 -0.828029 1.04106 0 1.04106
0.75 -0.75 -0.25 -0.247944 -0.389404 -0.887067 1.6146 0 1.6146
1.75 -0.75 -0.25 0.155406 -0.526351 -0.835945 1.32106 0 1.32106
-1.75 -0.25 -0.25 0.128602 -0.721871 -0.679974 548.062 2 5.48062
-0.75 -0.25 -0.25 0.0221632 -0.670846 -0.741266 31.9303 1 3.19303
0.25 -0.25 -0.25 0.288511 -0.60381 -0.743085 218.954 2 2.18954
1.25 -0.25 -0.25 -0.20395 -0.688649 -0.695821 407.781 2 4.07781
2.25 -0.25 -0.25 -0.103706 -0.319151 -0.942013 2.3427 0 2.3427
-2.25 0.25 -0.25 -0.21061 -0.221775 -0.952081 3.40511 0 3.40511
-1.25 0.25 -0.25 0.00304145 -0.71387 -0.700272 21.5499 1 2.15499
-0.25 0.25 -0.25 0.183614 -0.51426 -0.837749 554.711 2 5.54711
0.75 0.25 -0.25 0.125511 -0.502639 -0.855337 78.3562 1 7.83562
1.75 0.25 -0.25 0.0411874 -0.725387 -0.687108 15.0658 1 1.50658
-1.75 0.75 -0.25 0.288272 -0.645473 -0.707293 145.798 2 1.45798
-0.75 0.75 -0.25 0.0723488 -0.673852 -0.735316 255.417 2 2.55417
0.25 0.75 -0.25 -0.206302 -0.300736 -0.931127 4.33783 0 4.33783
1.25 0.75 -0.25 -0.0619193 -0.656356 -0.751906 699.982 2 6.99982
2.25 0.75 -0.25 -0.150294 -0.690925 -0.707132 700.423 2 7.00423
-2.25 1.25 -0.25 0.2727 -0.623522 -0.732704 14.6114 1 1.46114
-1.25 1.25 -0.25 -0.276286 -0.466869 -0.840059 987.335 2 9.87335
-0.25 1.25 -0.25 -0.119282 -0.691727 -0.71224 307.164 2 3.07164
0.75 1.25 -0.25 -0.194004 -0.51277 -0.836319 48.5724 1 4.85724
1.75 1.25 -0.25 -0.202897 -0.680341 -0.70425 212.218 2 2.12218
-2 -1.5 0 -0.111463 -0.154554 -0.981677 3.9894 0 3.9894
-1 -1.5 0 0.136029 -0.689554 -0.711345 115.167 2 1.15167
0 -1.5 0 -0.118737 -0.670821 -0.732052 10.162 1 1.0162
1 -1.5 0 -0.201934 -0.712333 -0.672164 13.6395 1 1.36395
2 -1.5 0 -0.206877 -0.449388 -0.869052 89.7824 1 8.97824
-2.5 -1 0 -0.115924 -0.550764 -0.826571 40.5188 1 4.05188
-1.5 -1 0 -0.142277 -0.416479 -0.897944 3.2655 0 3.2655
-0.5 -1 0 0.0360152 -0.682273 -0.73021 363.405 2 3.63405
0.5 -1 0 -0.169379 -0.321707 -0.931566 2.60518 0 2.60518
1.5 -1 0 -0.112927 -0.449031 -0.886351 2.37177 0 2.37177
2.5 -1 0 -0.115483 -0.430369 -0.895235 71.1312 1 7.11312
-2 -0.5 0 -0.246882 -0.3994 -0.882909 1.57768 0 1.57768
-1 -0.5 0 -0.0351781 -0.683335 -0.729257 331.087 2 3.31087
0 -0.5 0 -0.141486 -0.375285 -0.916047 1.26259 0 1.26259
1 -0.5 0 -0.169084 -0.444064 -0.879897 80.9078 1 8.09078
2 -0.5 0 -0.111641 -0.693928 -0.711337 902.884 2 9.02884
-2.5 0 0 -0.14701 -0.64615 -0.748918 185.857 2 1.85857
-1.5 0 0 -0.181823 -0.686414 -0.704113 952.597 2 9.52597
-0.5 0 0 0.103508 -0.617524 -0.779711 139.899 2 1.39899
0.5 0 0 -0.148964 -0.665616 -0.731276 13.6473 1 1.36473
1.5 0 0 0.14891 -0.640697 -0.753215 20.2827 1 2.02827
2.5 0 0 -0.151797 -0.209046 -0.966053 2.71006 0 2.71006
-2 0.5 0 -0.239757 -0.503232 -0.830225 76.029 1 7.6029
-1 0.5 0 0.0932798 -0.123009 -0.988012 8.59288 0 8.59288
0 0.5 0 -0.0368696 -0.681991 -0.73043 708.471 2 7.08471
1 0.5 0 -0.18817 -0.264037 -0.945979 4.75041 0 4.75041
2 0.5 0 -0.224205 -0.372612 -0.900495 1.93067 0 1.93067
-2.5 1 0 -0.000572737 -0.38408 -0.9233 1.61619 0 1.61619
-1.5 1 0 -0.151843 -0.619469 -0.770196 26.5838 1 2.65838
-0.5 1 0 -0.0883704 -0.633377 -0.768781 164.657 2 1.64657
0.5 1 0 0.102342 -0.667236 -0.737782 17.1611 1 1.71611
1.5 1 0 -0.131465 -0.2028 -0.970355 4.36326 0 4.36326
2.5 1 0 -0.289035 -0.308168 -0.906362 9.57094 0 9.57094
-2 1.5 0 0.0836537 -0.512348 -0.854694 1.8189 0 1.8189
-1 1.5 0 -0.0694978 -0.650399 -0.756407 255.582 2 2.55582
0 1.5 0 -0.132951 -0.676023 -0.724788 347.12 2 3.4712
1 1.5 0 -0.116024 -0.497619 -0.859601 194.209 2 1.94209
2 1.5 0 0.242889 -0.579651 -0.777823 59.3288 1 5.93288
-2.25 -1.25 0.25 0.0494698 -0.532717 -0.844847 1.12251 0 1.12251
-1.25 -1.25 0.25 -0.208355 -0.329551 -0.920861 3.56407 0 3.56407
-0.25 -1.25 0.25 0.192567 -0.649286 -0.735762 190.191 2 1.90191
0.75 -1.25 0.25 -0.241914 -0.72164 -0.648624 414.535 2 4.14535
1.75 -1.25 0.25 0.112208 -0.623444 -0.773775 43.3911 1 4.33911
-1.75 -0.75 0.25 0.0840378 -0.676154 -0.731952 160.802 2 1.60802
-0.75 -0.75 0.25 -0.215204 -0.452913 -0.865192 1.13439 0 1.13439
0.25 -0.75 0.25 -0.157188 -0.327249 -0.931773 3.0758 0 3.0758
1.25 -0.75 0.25 -0.0889032 -0.672807 -0.734457 231.32 2 2.3132
2.25 -0.75 0.25 -0.0206642 -0.632214 -0.774518 15.0083 1 1.50083
-2.25 -0.25 0.25 -0.220708 -0.389279 -0.894287 6.64476 0 6.64476
-1.25 -0.25 0.25 0.104338 -0.600742 -0.792605 45.1777 1 4.51777
-0.25 -0.25 0.25 -0.23089 -0.48644 -0.842654 34.8669 1 3.48669
0.75 -0.25 0.25 -0.210194 -0.488457 -0.846893 733.332 2 7.33332
1.75 -0.25 0.25 -0.240299 -0.366255 -0.898952 1.58968 0 1.58968
-1.75 0.25 0.25 -0.0172496 -0.50457 -0.863199 1.17577 0 1.17577
-0.75 0.25 0.25 -0.159415 -0.468383 -0.869025 688.105 2 6.88105
0.25 0.25 0.25 -0.101571 -0.663998 -0.740803 499.537 2 4.99537
1.25 0.25 0.25 -0.240751 -0.295493 -0.924512 4.23257 0 4.23257
2.25 0.25 0.25 -0.175857 -0.681088 -0.71077 20.3094 1 2.03094
-2.25 0.75 0.25 -0.145936 -0.402842 -0.90356 12.9699 1 1.29699
-1.25 0.75 0.25 0.042971 -0.584102 -0.810542 65.9894 1 6.59894
-0.25 0.75 0.25 0.186066 -0.646074 -0.740249 997.105 2 9.97105
0.75 0.75 0.25 -0.237337 -0.569553 -0.786944 44.5967 1 4.45967
1.75 0.75 0.25 0.197793 -0.684394 -0.701771 464.037 2 4.64037
-1.75 1.25 0.25 0.0614803 -0.630348 -0.773874 39.2977 1 3.92977
-0.75 1.25 0.25 0.122287 -0.416657 -0.900801 91.0952 1 9.10952
0.25 1.25 0.25 -0.199715 -0.30296 -0.931842 1.95062 0 1.95062
1.25 1.25 0.25 -0.123434 -0.456635 -0.88105 2.07229 0 2.07229
2.25 1.25 0.25 0.186579 -0.641528 -0.744063 14.6839 1 1.46839
-2.5 -1.5 0.5 0.00457906 -0.673972 -0.738742 671.076 2 6.71076
-1.5 -1.5 0.5 -0.200753 -0.47668 -0.855847 26.5275 1 2.65275
-0.5 -1.5 0.5 0.189596 -0.4866 -0.852803 1.4574 0 1.4574
0.5 -1.5 0.5 -0.0285648 -0.551423 -0.833736 99.9283 1 9.99283
1.5 -1.5 0.5 -0.115441 -0.649505 -0.751543 56.0857 1 5.60857
2.5 -1.5 0.5 0.0182714 -0.685769 -0.72759 484.939 2 4.84939
-2 -1 0.5 -0.0126729 -0.668385 -0.743708 541.796 2 5.41796
-1 -1 0.5 -0.0347544 -0.646522 -0.762103 524.832 2 5.24832
0 -1 0.5 -0.167627 -0.434908 -0.884735 1.16375 0 1.16375
1 -1 0.5 -0.261491 -0.239293 -0.935073 1.2778 0 1.2778
2 -1 0.5 -0.307819 -0.238444 -0.921082 1.4166 0 1.4166
-2.5 -0.5 0.5 -0.220554 -0.442352 -0.869299 12.1059 1 1.21059
-1.5 -0.5 0.5 -0.141172 -0.696486 -0.703547 14.8874 1 1.48874
-0.5 -0.5 0.5 0.140658 -0.670103 -0.728819 12.5821 1 1.25821
0.5 -0.5 0.5 0.222308 -0.119947 -0.96757 39.9326 1 3.99326
1.5 -0.5 0.5 0.196445 -0.60818 -0.769107 22.8459 1 2.28459
2.5 -0.5 0.5 -0.28955 -0.363608 -0.885409 2.44342 0 2.44342
-2 0 0.5 -0.146041 -0.360535 -0.921242 2.05315 0 2.05315
-1 0 0.5 -0.0972745 -0.16797 -0.980981 8.80324 0 8.80324
0 0 0.5 0.171708 -0.619076 -0.76633 289.241 2 2.89241
1 0 0.5 -0.147268 -0.701833 -0.696952 422.65 2 4.2265
2 0 0.5 -0.0760247 -0.675967 -0.733 162.245 2 1.62245
-2.5 0.5 0.5 -0.126637 -0.664444 -0.736531 110.675 2 1.10675
-1.5 0.5 0.5 -0.294093 -0.247958 -0.923053 9.87811 0 9.87811
-0.5 0.5 0.5 -0.197999 -0.648832 -0.73472 24.039 1 2.4039
0.5 0.5 0.5 0.201673 -0.695983 -0.689156 630.518 2 6.30518
1.5 0.5 0.5 -0.0550052 -0.654226 -0.754297 10.5965 1 1.05965
2.5 0.5 0.5 -0.146797 -0.166794 -0.975003 8.75152 0 8.75152
-2 1 0.5 -0.132921 -0.665414 -0.734545 161.305 2 1.61305
-1 1 0.5 -0.114679 -0.617282 -0.778339 29.8559 1 2.98559
0 1 0.5 0.368236 -0.600075 -0.71015 16.2332 1 1.62332
1 1 0.5 -0.100449 -0.48739 -0.867387 176.441 2 1.76441
2 1 0.5 -0.159625 -0.393187 -0.905496 1.0927 0 1.0927
-2.5 1.5 0.5 -0.269898 -0.513402 -0.8146 50.4806 1 5.04806
-1.5 1.5 0.5 -0.13698 -0.681325 -0.71905 984.439 2 9.84439
-0.5 1.5 0.5 -0.152617 -0.618149 -0.771103 72.4291 1 7.24291
0.5 1.5 0.5 -0.106926 -0.32726 -0.938865 1.47222 0 1.47222
1.5 1.5 0.5 0.0852758 -0.492745 -0.865985 1.21423 0 1.21423
2.5 1.5 0.5 -0.176503 -0.656422 -0.733455 17.8867 1 1.78867
-1.75 -1.25 0.75 0.0680179 -0.733879 -0.675866 347.468 2 3.47468
-0.75 -1.25 0.75 -0.214105 -0.704228 -0.67692 639.513 2 6.39513
0.25 -1.25 0.75 0.155129 -0.606637 -0.779697 31.8632 1 3.18632
1.25 -1.25 0.75 -0.200147 -0.543259 -0.815359 25.672 1 2.5672
2.25 -1.25 0.75 -0.169885 -0.191748 -0.966629 1.21815 0 1.21815
-2.25 -0.75 0.75 -0.254344 -0.257616 -0.932171 3.01471 0 3.01471
-1.25 -0.75 0.75 0.377385 -0.317622 -0.869883 930.604 2 9.30604
-0.25 -0.75 0.75 -0.11073 -0.354137 -0.928615 1.37395 0 1.37395
0.75 -0.75 0.75 0.013735 -0.447066 -0.894395 1.284 0 1.284
1.75 -0.75 0.75 -0.24096 -0.411041 -0.879195 1.52215 0 1.52215
-1.75 -0.25 0.75 0.0735918 -0.172833 -0.982198 4.49768 0 4.49768
-0.75 -0.25 0.75 -0.000490755 -0.418113 -0.908395 1.92744 0 1.92744
0.25 -0.25 0.75 -0.244947 -0.358857 -0.900679 28.9854 1 2.89854
1.25 -0.25 0.75 -0.144162 -0.172356 -0.974428 1.3983 0 1.3983
2.25 -0.25 0.75 -0.233029 -0.690521 -0.684747 420.501 2 4.20501
-2.25 0.25 0.75 -0.18545 -0.264294 -0.946444 6.14611 0 6.14611
-1.25 0.25 0.75 -0.0896426 -0.655768 -0.749621 112.085 2 1.12085
-0.25 0.25 0.75 -0.16965 -0.446012 -0.878802 36.3299 1 3.63299
0.75 0.25 0.75 -0.0431499 -0.691759 -0.720838 11.2328 1 1.12328
1.75 0.25 0.75 0.227146 -0.572187 -0.78804 33.0144 1 3.30144
-1.75 0.75 0.75 -0.156884 -0.681231 -0.71506 885.237 2 8.85237
-0.75 0.75 0.75 -0.225105 -0.688633 -0.689284 812.418 2 8.12418
0.25 0.75 0.75 -0.197645 -0.675876 -0.71002 16.1916 1 1.61916
1.25 0.75 0.75 0.124442 -0.678846 -0.723659 162.872 2 1.62872
2.25 0.75 0.75 -0.314786 -0.268792 -0.910308 1.32192 0 1.32192
-2.25 1.25 0.75 0.151649 -0.592566 -0.791119 50.8387 1 5.08387
-1.25 1.25 0.75 -0.0247367 -0.750089 -0.660874 14.0723 1 1.40723
-0.25 1.25 0.75 0.0919949 -0.584404 -0.806231 70.9073 1 7.09073
0.75 1.25 0.75 -0.0763851 -0.360433 -0.929652 1.02321 0 1.02321
1.75 1.25 0.75 -0.222976 -0.17504 -0.95898 1.55465 0 1.55465
-2 -1.5 1 0.247478 -0.561972 -0.789267 40.1601 1 4.01601
-1 -1.5 1 0.165396 -0.626725 -0.761485 567.561 2 5.67561
0 -1.5 1 -0.195637 -0.324112 -0.925569 5.87028 0 5.87028
1 -1.5 1 -0.168522 -0.679176 -0.714367 466.074 2 4.66074
2 -1.5 1 -0.159335 -0.57631 -0.801548 39.895 1 3.9895
-2.5 -1 1 -0.202629 -0.28768 -0.936046 3.16525 0 3.16525
-1.5 -1 1 0.171907 -0.510563 -0.842481 85.3457 1 8.53457
-0.5 -1 1 -0.197172 -0.312221 -0.929323 2.03045 0 2.03045
0.5 -1 1 0.232043 -0.608475 -0.75889 16.4275 1 1.64275
1.5 -1 1 0.0852446 -0.700748 -0.708298 739.498 2 7.39498
2.5 -1 1 -0.137056 -0.667054 -0.732294 236.601 2 2.36601
-2 -0.5 1 -0.208728 -0.68154 -0.701381 12.6882 1 1.26882
-1 -0.5 1 0.296299 -0.581264 -0.757852 41.9227 1 4.19227
0 -0.5 1 -0.166161 -0.304592 -0.937878 4.05044 0 4.05044
1 -0.5 1 0.155047 -0.681494 -0.715211 627.971 2 6.27971
2 -0.5 1 0.162459 -0.653047 -0.739687 264.066 2 2.64066
-2.5 0 1 0.11341 -0.587552 -0.8012 46.0327 1 4.60327
-1.5 0 1 -0.130383 -0.759609 -0.637177 17.959 1 1.7959
-0.5 0 1 0.0300342 -0.414334 -0.909629 3.01987 0 3.01987
0.5 0 1 -0.0692633 -0.719225 -0.691316 753.744 2 7.53744
1.5 0 1 -0.270215 -0.431695 -0.860595 1.22653 0 1.22653
2.5 0 1 -0.219373 -0.281739 -0.934076 8.73836 0 8.73836
-2 0.5 1 -0.105598 -0.688678 -0.717337 219.864 2 2.19864
-1 0.5 1 0.126334 -0.720294 -0.682068 748.909 2 7.48909
0 0.5 1 0.0594248 -0.133764 -0.98923 7.06522 0 7.06522
1 0.5 1 0.412492 -0.40449 -0.816234 47.9245 1 4.79245
2 0.5 1 -0.175036 -0.579988 -0.795598 217.113 2 2.17113
-2.5 1 1 -0.126856 -0.299329 -0.945679 3.36969 0 3.36969
-1.5 1 1 0.351867 -0.216041 -0.910778 11.0624 1 1.10624
-0.5 1 1 0.0849296 -0.285192 -0.9547 14.5915 1 1.45915
0.5 1 1 -0.287416 -0.326691 -0.900369 8.8812 0 8.8812
1.5 1 1 -0.115461 -0.695577 -0.709113 507.171 2 5.07171
2.5 1 1 0.163473 -0.629201 -0.759857 31.3171 1 3.13171
-2 1.5 1 -0.13033 -0.682832 -0.718857 444.117 2 4.44117
-1 1.5 1 -0.251999 -0.335857 -0.907577 3.69375 0 3.69375
0 1.5 1 -0.0503479 -0.691286 -0.720825 340.02 2 3.4002
1 1.5 1 0.263833 -0.612219 -0.745373 21.6127 1 2.16127
2 1.5 1 -0.000220232 -0.488484 -0.872573 2.47385 0 2.47385
-2.25 -1.25 1.25 -0.177053 -0.7027 -0.689104 830.97 2 8.3097
-1.25 -1.25 1.25 -0.0103087 -0.604872 -0.796256 948.317 2 9.48317
-0.25 -1.25 1.25 -0.0857115 -0.667063 -0.740054 938.331 2 9.38331
0.75 -1.25 1.25 -0.134688 -0.734616 -0.66498 701.949 2 7.01949
1.75 -1.25 1.25 -0.197127 -0.690536 -0.695918 315.37 2 3.1537
-1.75 -0.75 1.25 -0.200283 -0.68418 -0.701273 617.762 2 6.17762
-0.75 -0.75 1.25 0.010734 -0.632545 -0.774449 188.13 2 1.8813
0.25 -0.75 1.25 0.0445561 -0.166577 -0.985021 3.41297 0 3.41297
1.25 -0.75 1.25 -0.00747929 -0.300581 -0.953727 1.79416 0 1.79416
2.25 -0.75 1.25 0.0576739 -0.66712 -0.742715 724.143 2 7.24143
-2.25 -0.25 1.25 -0.209802 -0.663085 -0.718542 26.8631 1 2.68631
-1.25 -0.25 1.25 0.0506315 -0.667222 -0.743136 347.638 2 3.47638
-0.25 -0.25 1.25 -0.151672 -0.224673 -0.962558 5.10544 0 5.10544
0.75 -0.25 1.25 -0.228679 -0.234969 -0.94472 9.7036 0 9.7036
1.75 -0.25 1.25 0.15264 -0.565838 -0.810264 49.8217 1 4.98217
-1.75 0.25 1.25 -0.187225 -0.562899 -0.805042 88.2111 1 8.82111
-0.75 0.25 1.25 -0.146383 -0.401315 -0.904167 95.201 1 9.5201
0.25 0.25 1.25 -0.152282 -0.18725 -0.970437 3.75051 0 3.75051
1.25 0.25 1.25 0.265572 -0.105067 -0.958349 5.04144 0 5.04144
2.25 0.25 1.25 -0.199662 -0.324169 -0.924689 1.81481 0 1.81481
-2.25 0.75 1.25 -0.171747 -0.677866 -0.714843 311.131 2 3.11131
-1.25 0.75 1.25 -0.0127333 -0.650134 -0.759713 967.78 2 9.6778
-0.25 0.75 1.25 0.143456 -0.430777 -0.890984 2.1397 0 2.1397
0.75 0.75 1.25 -0.0482825 -0.654875 -0.754194 122.593 2 1.22593
1.75 0.75 1.25 -0.0775162 -0.676507 -0.732345 41.8157 1 4.18157
-1.75 1.25 1.25 -0.106331 -0.577588 -0.809374 79.5615 1 7.95615
-0.75 1.25 1.25 0.0583675 -0.608339 -0.791528 11.755 1 1.1755
0.25 1.25 1.25 -0.325011 -0.303891 -0.895555 1.20175 0 1.20175
1.25 1.25 1.25 0.199698 -0.192782 -0.960706 20.011 1 2.0011
2.25 1.25 1.25 0.166 -0.611062 -0.773982 30.3563 1 3.03563
-2.5 -1.5 1.5 -0.171231 -0.517615 -0.838305 599.373 2 5.99373
-1.5 -1.5 1.5 -0.0863686 -0.67488 -0.732856 743.692 2 7.43692
-0.5 -1.5 1.5 -0.293671 -0.364458 -0.883701 2.36834 0 2.36834
0.5 -1.5 1.5 -0.134086 -0.266824 -0.954372 4.3422 0 4.3422
1.5 -1.5 1.5 0.110013 -0.678418 -0.726392 11.8266 1 1.18266
2.5 -1.5 1.5 0.0952742 -0.189821 -0.977185 2.5988 0 2.5988
-2 -1 1.5 -0.137346 -0.555163 -0.820323 187.892 2 1.87892
-1 -1 1.5 -0.169686 -0.724417 -0.668151 987.907 2 9.87907
0 -1 1.5 -0.262104 -0.517605 -0.814485 59.9882 1 5.99882
1 -1 1.5 0.36694 -0.555298 -0.746323 254.796 2 2.54796
2 -1 1.5 0.23395 -0.577037 -0.782494 335.928 2 3.35928
-2.5 -0.5 1.5 -0.285568 -0.331445 -0.899219 3.53346 0 3.53346
-1.5 -0.5 1.5 -0.0803667 -0.599208 -0.796549 129.468 2 1.29468
-0.5 -0.5 1.5 -0.156011 -0.649703 -0.744007 18.2603 1 1.82603
0.5 -0.5 1.5 -0.198622 -0.367637 -0.908511 2.32652 0 2.32652
1.5 -0.5 1.5 -0.0680392 -0.65894 -0.749112 371.267 2 3.71267
2.5 -0.5 1.5 -0.206582 -0.24701 -0.946736 4.26641 0 4.26641
-2 0 1.5 0.170811 -0.545299 -0.820654 51.5187 1 5.15187
-1 0 1.5 -0.179781 -0.290434 -0.939855 1.89897 0 1.89897
0 0 1.5 -0.0479771 -0.602709 -0.796517 20.1093 1 2.01093
1 0 1.5 0.0509589 -0.542958 -0.838213 74.4727 1 7.44727
2 0 1.5 0.291636 -0.5407 -0.789045 338.919 2 3.38919
-2.5 0.5 1.5 0.103152 -0.428868 -0.897458 920.606 2 9.20606
-1.5 0.5 1.5 0.0441164 -0.658123 -0.751617 972.254 2 9.72254
-0.5 0.5 1.5 0.279403 -0.543298 -0.791683 67.4129 1 6.74129
0.5 0.5 1.5 -0.171929 -0.457738 -0.872305 749.576 2 7.49576
1.5 0.5 1.5 0.253346 -0.599803 -0.758981 25.7008 1 2.57008
2.5 0.5 1.5 -0.249357 -0.636888 -0.729517 33.7788 1 3.37788
-2 1 1.5 -0.0798615 -0.688212 -0.721101 640.619 2 6.40619
-1 1 1.5 -0.178974 -0.340316 -0.923121 3.20307 0 3.20307
0 1 1.5 0.350916 -0.394971 -0.849032 782.893 2 7.82893
1 1 1.5 0.301781 -0.521033 -0.798406 36.2848 1 3.62848
2 1 1.5 -0.136519 -0.240631 -0.960968 1.99661 0 1.99661
-2.5 1.5 1.5 0.0786007 -0.545448 -0.834451 74.2978 1 7.42978
-1.5 1.5 1.5 0.25966 -0.612588 -0.746533 35.4929 1 3.54929
-0.5 1.5 1.5 0.27936 -0.250725 -0.926874 1.71369 0 1.71369
0.5 1.5 1.5 -0.0423799 -0.16952 -0.984615 3.72965 0 3.72965
1.5 1.5 1.5 -0.0684848 -0.237851 -0.968884 3.31054 0 3.31054
2.5 1.5 1.5 -0.244632 -0.395176 -0.885433 19.3364 1 1.93364
