448
-2.5 -1.5 -1.5 0.234778 0.279048 0.931134 3203.18 3 3.20318
-1.5 -1.5 -1.5 -0.0722502 0.371346 0.925679 118.7 2 1.187
-0.5 -1.5 -1.5 0.223789 0.189432 0.956051 32.7061 1 3.27061
0.5 -1.5 -1.5 0.34163 0.333513 0.878668 4057.66 3 4.05766
1.5 -1.5 -1.5 0.0833229 0.402878 0.911453 4764.98 3 4.76498
2.5 -1.5 -1.5 0.051063 0.113563 0.992218 27.6667 1 2.76667
-2 -1 -1.5 0.18885 0.428477 0.883597 20.7296 1 2.07296
-1 -1 -1.5 0.28173 0.133753 0.950126 1.20889 0 1.20889
0 -1 -1.5 0.328121 0.364031 0.871676 6146.53 3 6.14653
1 -1 -1.5 0.0986531 0.094541 0.990621 36.0904 1 3.60904
2 -1 -1.5 -0.0267009 0.378844 0.925075 55.0873 1 5.50873
-2.5 -0.5 -1.5 0.168645 0.330797 0.928511 8722.51 3 8.72251
-1.5 -0.5 -1.5 0.152842 0.174927 0.972646 23.9433 1 2.39433
-0.5 -0.5 -1.5 0.146414 0.248394 0.95753 3.02596 0 3.02596
0.5 -0.5 -1.5 0.00309595 0.226695 0.973961 9073.48 3 9.07348
1.5 -0.5 -1.5 0.164326 0.156742 0.973873 1.28147 0 1.28147
2.5 -0.5 -1.5 0.126497 0.171433 0.977041 16.9946 1 1.69946
-2 0 -1.5 -0.229858 0.0376077 0.972497 27.7044 1 2.77044
-1 0 -1.5 0.213492 0.160925 0.9636 1.49355 0 1.49355
0 0 -1.5 -0.0211043 0.321653 0.946622 470.148 2 4.70148
1 0 -1.5 0.0953995 0.298791 0.949538 6406.67 3 6.40667
2 0 -1.5 0.291447 0.352525 0.889261 124.818 2 1.24818
-2.5 0.5 -1.5 0.298963 0.294181 0.907788 59.3259 1 5.93259
-1.5 0.5 -1.5 0.0462592 0.403032 0.914016 155.507 2 1.55507
-0.5 0.5 -1.5 0.229682 0.354815 0.906285 8023.53 3 8.02353
0.5 0.5 -1.5 0.259835 0.43476 0.862247 27.5189 1 2.75189
1.5 0.5 -1.5 -0.00622666 0.293869 0.955825 81.1618 1 8.11618
2.5 0.5 -1.5 0.125301 0.236319 0.963563 1631.49 3 1.63149
-2 1 -1.5 0.229936 0.162867 0.959481 3.70705 0 3.70705
-1 1 -1.5 0.166017 0.117784 0.979063 8.35221 0 8.35221
0 1 -1.5 0.22925 0.177604 0.957027 2.56356 0 2.56356
1 1 -1.5 0.341089 0.495411 0.798891 10.5806 1 1.05806
2 1 -1.5 0.292349 0.296577 0.909161 2983.15 3 2.98315
-2.5 1.5 -1.5 -0.105187 0.3204 0.941424 306.249 2 3.06249
-1.5 1.5 -1.5 0.143073 0.217858 0.965437 3.1509 0 3.1509
-0.5 1.5 -1.5 0.160014 0.14806 0.975948 2.28039 0 2.28039
0.5 1.5 -1.5 0.287326 0.34717 0.892702 9282.26 3 9.28226
1.5 1.5 -1.5 0.0672835 0.296307 0.95272 144.427 2 1.44427
2.5 1.5 -1.5 0.055513 0.235039 0.970399 1679 3 1.679
-1.75 -1.25 -1.25 0.236312 0.298807 0.924592 4771.17 3 4.77117
-0.75 -1.25 -1.25 0.162531 0.44512 0.880597 14.0951 1 1.40951
0.25 -1.25 -1.25 0.11359 0.124572 0.985687 1.90707 0 1.90707
1.25 -1.25 -1.25 0.22299 0.29599 0.928798 3478.36 3 3.47836
2.25 -1.25 -1.25 0.213911 0.231408 0.949048 11.2216 1 1.12216
-2.25 -0.75 -1.25 0.200869 0.190893 0.960839 12.8479 1 1.28479
-1.25 -0.75 -1.25 0.207792 0.0824647 0.974691 1.26825 0 1.26825
-0.25 -0.75 -1.25 0.157896 0.229656 0.960379 4.48291 0 4.48291
0.75 -0.75 -1.25 0.00354243 0.375992 0.926616 4059.92 3 4.05992
1.75 -0.75 -1.25 0.262476 0.169078 0.95001 2.46095 0 2.46095
-1.75 -0.25 -1.25 0.121527 0.310883 0.942647 1595.27 3 1.59527
-0.75 -0.25 -1.25 0.188804 0.131994 0.973103 4.1098 0 4.1098
0.25 -0.25 -1.25 -0.192178 0.0109926 0.981298 33.0471 1 3.30471
1.25 -0.25 -1.25 -0.011149 0.264341 0.964365 992.189 2 9.92189
2.25 -0.25 -1.25 0.048528 0.34823 0.936152 67.4645 1 6.74645
-2.25 0.25 -1.25 0.102013 0.295159 0.949987 1.59382 0 1.59382
-1.25 0.25 -1.25 0.173099 0.28606 0.942447 4490.53 3 4.49053
-0.25 0.25 -1.25 0.0189471 0.357302 0.933797 47.9329 1 4.79329
0.75 0.25 -1.25 0.174337 0.266106 0.948047 3355.02 3 3.35502
1.75 0.25 -1.25 0.036695 0.37961 0.924418 5541.38 3 5.54138
-1.75 0.75 -1.25 0.150634 0.351372 0.924039 132.151 2 1.32151
-0.75 0.75 -1.25 -0.0129498 0.265876 0.96392 5256.75 3 5.25675
0.25 0.75 -1.25 0.0941186 0.282628 0.954601 1235.88 3 1.23588
1.25 0.75 -1.25 0.0978275 0.131992 0.986412 14.8804 1 1.48804
2.25 0.75 -1.25 0.253808 0.276555 0.926876 334.699 2 3.34699
-2.25 1.25 -1.25 0.064774 0.308365 0.94906 1.07823 0 1.07823
-1.25 1.25 -1.25 0.12133 0.168496 0.978207 938.701 2 9.38701
-0.25 1.25 -1.25 0.0394391 0.0599839 0.99742 8.56856 0 8.56856
0.75 1.25 -1.25 -0.0948492 0.0241268 0.995199 6.81715 0 6.81715
1.75 1.25 -1.25 0.25507 0.15561 0.954319 1.70275 0 1.70275
-2 -1.5 -1 0.191722 0.283526 0.939604 210.305 2 2.10305
-1 -1.5 -1 0.275271 0.151756 0.949313 2.12624 0 2.12624
0 -1.5 -1 -0.153344 0.0656023 0.985993 17.3804 1 1.73804
1 -1.5 -1 -0.077908 0.398017 0.914064 7742.85 3 7.74285
2 -1.5 -1 -0.0398664 0.346896 0.937056 136.55 2 1.3655
-2.5 -1 -1 0.10605 0.124315 0.986559 29.5135 1 2.95135
-1.5 -1 -1 -0.0363015 0.307936 0.950714 98.3875 1 9.83875
-0.5 -1 -1 0.247405 0.333169 0.909829 308.692 2 3.08692
0.5 -1 -1 0.149432 0.308888 0.939286 4327.87 3 4.32787
1.5 -1 -1 -0.209049 0.287811 0.934592 333.008 2 3.33008
2.5 -1 -1 0.197774 0.264805 0.943803 1509.08 3 1.50908
-2 -0.5 -1 0.26482 0.229625 0.936559 17.9298 1 1.79298
-1 -0.5 -1 -0.118267 0.319785 0.94008 412.144 2 4.12144
0 -0.5 -1 0.233505 0.346208 0.908634 116.534 2 1.16534
1 -0.5 -1 0.263595 0.241967 0.933793 1.10096 0 1.10096
2 -0.5 -1 0.276371 0.409162 0.869601 6610.59 3 6.61059
-2.5 0 -1 -0.243504 0.0847381 0.966191 1.72987 0 1.72987
-1.5 0 -1 0.0515553 0.0861149 0.99495 44.7659 1 4.47659
-0.5 0 -1 0.162641 0.341429 0.925729 9420.13 3 9.42013
0.5 0 -1 0.258359 0.23713 0.936493 11.3934 1 1.13934
1.5 0 -1 0.218308 0.328718 0.918851 4024.63 3 4.02463
2.5 0 -1 0.0820508 0.413472 0.906812 6525.65 3 6.52565
-2 0.5 -1 0.196854 0.326654 0.924416 179.856 2 1.79856
-1 0.5 -1 -0.156971 0.31783 0.935064 310.027 2 3.10027
0 0.5 -1 -0.0528022 0.347965 0.936019 192.148 2 1.92148
1 0.5 -1 0.00857189 0.310482 0.950541 703.003 2 7.03003
2 0.5 -1 -0.0658222 0.389129 0.918829 38.1533 1 3.81533
-2.5 1 -1 -0.151194 0.370697 0.916365 1635.14 3 1.63514
-1.5 1 -1 0.0110503 0.366855 0.930213 78.0778 1 7.80778
-0.5 1 -1 0.27355 0.210801 0.938474 1.52146 0 1.52146
0.5 1 -1 -0.0788889 0.113497 0.990401 18.24 1 1.824
1.5 1 -1 0.178776 0.294294 0.938845 2724.92 3 2.72492
2.5 1 -1 0.106554 0.13376 0.985269 951.63 2 9.5163
-2 1.5 -1 0.143254 0.204 0.968433 4.52967 0 4.52967
-1 1.5 -1 -0.0093117 0.422198 0.906456 6516.42 3 6.51642
0 1.5 -1 0.203248 0.138193 0.969326 2.77176 0 2.77176
1 1.5 -1 0.0386699 0.301277 0.952752 9314.78 3 9.31478
2 1.5 -1 0.233799 0.359219 0.903493 158.621 2 1.58621
-2.25 -1.25 -0.75 0.209887 0.335566 0.918337 240.735 2 2.40735
-1.25 -1.25 -0.75 0.0954171 0.269445 0.958277 1.89044 0 1.89044
-0.25 -1.25 -0.75 0.00993143 0.289846 0.957022 1.39635 0 1.39635
0.75 -1.25 -0.75 0.273041 0.262062 0.92562 1522.04 3 1.52204
1.75 -1.25 -0.75 0.119779 0.172625 0.977678 3.6565 0 3.6565
-1.75 -0.75 -0.75 0.275306 0.136009 0.951687 2.68122 0 2.68122
-0.75 -0.75 -0.75 0.115282 0.300122 0.946909 3167.61 3 3.16761
0.25 -0.75 -0.75 0.0722802 0.291548 0.953821 4554.14 3 4.55414
1.25 -0.75 -0.75 -0.143399 0.279493 0.949379 509.303 2 5.09303
2.25 -0.75 -0.75 -0.021293 0.36832 0.929455 244.444 2 2.44444
-2.25 -0.25 -0.75 0.19255 0.0669679 0.978999 3.2554 0 3.2554
-1.25 -0.25 -0.75 0.105827 0.292713 0.950326 195.201 2 1.95201
-0.25 -0.25 -0.75 -0.205384 0.113806 0.972042 15.1278 1 1.51278
0.75 -0.25 -0.75 0.0278197 0.375203 0.926525 259.661 2 2.59661
1.75 -0.25 -0.75 0.237526 0.195622 0.95148 21.9928 1 2.19928
-1.75 0.25 -0.75 0.161383 0.222886 0.961393 7220.45 3 7.22045
-0.75 0.25 -0.75 0.273699 0.422657 0.863973 37.9526 1 3.79526
0.25 0.25 -0.75 0.182959 0.186157 0.965335 20.8369 1 2.08369
1.25 0.25 -0.75 0.274762 0.369624 0.887628 20.2058 1 2.02058
2.25 0.25 -0.75 0.166221 0.209536 0.963569 10.7971 1 1.07971
-2.25 0.75 -0.75 0.18278 0.309992 0.933004 9154.79 3 9.15479
-1.25 0.75 -0.75 0.256973 0.193394 0.94687 7.99933 0 7.99933
-0.25 0.75 -0.75 0.313539 0.363826 0.877111 4405.29 3 4.40529
0.75 0.75 -0.75 -0.0510172 0.330514 0.942421 427.925 2 4.27925
1.75 0.75 -0.75 -0.0383768 0.327268 0.944152 325.05 2 3.2505
-1.75 1.25 -0.75 0.124156 0.421456 0.898309 3004.39 3 3.00439
-0.75 1.25 -0.75 0.220294 0.14244 0.964977 1.84934 0 1.84934
0.25 1.25 -0.75 0.049393 0.0569585 0.997154 5.34148 0 5.34148
1.25 1.25 -0.75 0.27171 0.324055 0.90618 88.3048 1 8.83048
2.25 1.25 -0.75 0.131738 0.0645928 0.989178 7.06604 0 7.06604
-2.5 -1.5 -0.5 0.306674 0.39779 0.864705 13.347 1 1.3347
-1.5 -1.5 -0.5 -0.0419146 0.26711 0.962754 3433.24 3 3.43324
-0.5 -1.5 -0.5 0.121557 0.301739 0.94561 9360.14 3 9.36014
0.5 -1.5 -0.5 0.0949558 0.301938 0.948587 6735.99 3 6.73599
1.5 -1.5 -0.5 -0.0284012 0.282923 0.958722 735.623 2 7.35623
2.5 -1.5 -0.5 0.0640259 0.400113 0.914227 3553.75 3 3.55375
-2 -1 -0.5 0.36309 0.381229 0.850194 3925.95 3 3.92595
-1 -1 -0.5 -0.00822605 0.330921 0.943623 53.5539 1 5.35539
0 -1 -0.5 0.183729 0.321759 0.928824 102.322 2 1.02322
1 -1 -0.5 0.276121 0.307775 0.910512 3278.89 3 3.27889
2 -1 -0.5 -0.0187204 0.395836 0.91813 102.272 2 1.02272
-2.5 -0.5 -0.5 0.189966 0.337849 0.92183 21.9757 1 2.19757
-1.5 -0.5 -0.5 0.0464311 0.390802 0.919303 7806.95 3 7.80695
-0.5 -0.5 -0.5 0.241918 0.447341 0.861024 19.3188 1 1.93188
0.5 -0.5 -0.5 0.221044 0.296784 0.929009 359.57 2 3.5957
1.5 -0.5 -0.5 0.123146 0.176334 0.976597 576.924 2 5.76924
2.5 -0.5 -0.5 0.180269 0.206387 0.961721 743.478 2 7.43478
-2 0 -0.5 0.142099 0.312586 0.939201 197.07 2 1.9707
-1 0 -0.5 -0.00219072 0.350531 0.936549 297.436 2 2.97436
0 0 -0.5 -0.00418714 0.280859 0.95974 4590.25 3 4.59025
1 0 -0.5 -0.309103 0.225252 0.923968 434.496 2 4.34496
2 0 -0.5 0.330318 0.298763 0.895338 2025.93 3 2.02593
-2.5 0.5 -0.5 0.150238 0.244084 0.958046 2936.78 3 2.93678
-1.5 0.5 -0.5 0.0490909 0.285778 0.957038 111.525 2 1.11525
-0.5 0.5 -0.5 0.0888276 0.244256 0.965634 2381.43 3 2.38143
0.5 0.5 -0.5 0.171331 0.142847 0.974803 1.32199 0 1.32199
1.5 0.5 -0.5 0.129086 0.0767979 0.988655 1.12696 0 1.12696
2.5 0.5 -0.5 -0.180068 0.361521 0.91481 131.702 2 1.31702
-2 1 -0.5 0.215278 0.343895 0.913998 60.4795 1 6.04795
-1 1 -0.5 0.178706 0.170019 0.969101 31.5535 1 3.15535
0 1 -0.5 0.255498 0.336375 0.906406 28.8469 1 2.88469
1 1 -0.5 0.0386859 0.27973 0.959299 1.16097 0 1.16097
2 1 -0.5 0.10853 0.258457 0.959907 2.75745 0 2.75745
-2.5 1.5 -0.5 0.29641 0.468983 0.831983 17.3248 1 1.73248
-1.5 1.5 -0.5 -0.2796 0.218127 0.93501 712.715 2 7.12715
-0.5 1.5 -0.5 0.0205663 0.0349962 0.999176 9.63302 0 9.63302
0.5 1.5 -0.5 0.203513 0.238689 0.949531 203.165 2 2.03165
1.5 1.5 -0.5 -0.204971 0.333583 0.920168 199.656 2 1.99656
2.5 1.5 -0.5 0.0280099 0.25336 0.966966 1.18914 0 1.18914
-1.75 -1.25 -0.25 0.202315 0.206149 0.957377 344.237 2 3.44237
-0.75 -1.25 -0.25 0.173425 0.133959 0.975694 5.34267 0 5.34267
0.25 -1.25 -0.25 0.239499 0.302067 0.922711 4263.24 3 4.26324
1.25 -1.25 -0.25 0.194801 0.0721563 0.978185 2.4053 0 2.4053
2.25 -1.25 -0.25 0.343995 0.420792 0.839405 8451.26 3 8.45126
-2.25 -0.75 -0.25 -0.0503901 0.350637 0.935155 62.8512 1 6.28512
-1.25 -0.75 -0.25 0.210583 0.117787 0.970454 1.19319 0 1.19319
-0.25 -0.75 -0.25 0.213096 0.1775 0.960773 6.71782 0 6.71782
0.75 -0.75 -0.25 -0.0827416 0.231656 0.969273 823.401 2 8.23401
1.75 -0.75 -0.25 0.205517 0.198609 0.958289 26.0895 1 2.60895
-1.75 -0.25 -0.25 0.248115 0.334591 0.909114 177.822 2 1.77822
-0.75 -0.25 -0.25 0.218499 0.245809 0.944371 691.62 2 6.9162
0.25 -0.25 -0.25 0.212816 0.410813 0.886534 29.8535 1 2.98535
1.25 -0.25 -0.25 0.300315 0.345358 0.889122 7932.33 3 7.93233
2.25 -0.25 -0.25 -0.264423 0.260687 0.928506 400.066 2 4.00066
-2.25 0.25 -0.25 0.00871076 0.367421 0.930014 8935.61 3 8.93561
-1.25 0.25 -0.25 0.176163 0.18729 0.966379 1.01602 0 1.01602
-0.25 0.25 -0.25 0.314658 0.394985 0.863121 18.1451 1 1.81451
0.75 0.25 -0.25 0.198847 0.28643 0.937239 82.6772 1 8.26772
1.75 0.25 -0.25 0.132944 0.203973 0.969908 8461.28 3 8.46128
-1.75 0.75 -0.25 0.156773 0.248783 0.955787 179.171 2 1.79171
-0.75 0.75 -0.25 -0.117913 0.389887 0.913282 111.833 2 1.11833
0.25 0.75 -0.25 0.0749372 0.0675883 0.994895 71.057 1 7.1057
1.25 0.75 -0.25 0.240743 0.181076 0.953548 1.66966 0 1.66966
2.25 0.75 -0.25 0.214107 0.362951 0.906876 15.3679 1 1.53679
-2.25 1.25 -0.25 0.147922 0.123842 0.981215 5.57261 0 5.57261
-1.25 1.25 -0.25 0.247188 0.227396 0.941907 929.147 2 9.29147
-0.25 1.25 -0.25 0.171696 0.12634 0.977015 2.62149 0 2.62149
0.75 1.25 -0.25 0.0119526 0.390238 0.920636 7465.58 3 7.46558
1.75 1.25 -0.25 -0.239609 0.25769 0.936047 4752.49 3 4.75249
-2 -1.5 0 0.232833 0.180676 0.955586 6.17648 0 6.17648
-1 -1.5 0 0.274033 0.208156 0.938923 2.20953 0 2.20953
0 -1.5 0 -0.261204 0.307139 0.915116 234.079 2 2.34079
1 -1.5 0 0.0574872 0.271707 0.960661 1.95373 0 1.95373
2 -1.5 0 0.041263 0.279991 0.959115 3356.57 3 3.35657
-2.5 -1 0 0.170928 0.21446 0.96166 643.725 2 6.43725
-1.5 -1 0 -0.00863019 0.406597 0.913567 45.5258 1 4.55258
-0.5 -1 0 0.299908 0.327283 0.89607 6001.48 3 6.00148
0.5 -1 0 0.279761 0.279261 0.918557 2238.48 3 2.23848
1.5 -1 0 0.279807 0.159734 0.946675 1.14492 0 1.14492
2.5 -1 0 0.039352 0.384508 0.922282 40.4872 1 4.04872
-2 -0.5 0 0.27703 0.34656 0.896186 6719.86 3 6.71986
-1 -0.5 0 0.21071 0.315766 0.925145 265.3 2 2.653
0 -0.5 0 0.203494 0.135444 0.969662 1.72872 0 1.72872
1 -0.5 0 0.164972 0.392557 0.904811 31.1829 1 3.11829
2 -0.5 0 -0.14416 0.371902 0.91701 8902.84 3 8.90284
-2.5 0 0 0.189763 0.13816 0.97206 1.3934 0 1.3934
-1.5 0 0 0.0615574 0.322054 0.944718 935.675 2 9.35675
-0.5 0 0 -0.0910942 0.0217296 0.995605 4.20013 0 4.20013
0.5 0 0 0.25703 0.158782 0.95327 3.32929 0 3.32929
1.5 0 0 0.0786024 0.338422 0.937706 94.3404 1 9.43404
2.5 0 0 -0.0666165 0.0571453 0.996141 36.8716 1 3.68716
-2 0.5 0 -0.0134092 0.401016 0.915973 20.3162 1 2.03162
-1 0.5 0 0.109632 0.145682 0.983238 19.6896 1 1.96896
0 0.5 0 0.249664 0.373857 0.893252 56.5559 1 5.65559
1 0.5 0 0.128972 0.149204 0.980359 27.4317 1 2.74317
2 0.5 0 0.218402 0.222111 0.950246 6.20007 0 6.20007
-2.5 1 0 0.260873 0.377405 0.888544 14.6101 1 1.46101
-1.5 1 0 0.220529 0.460027 0.860083 13.2437 1 1.32437
-0.5 1 0 -0.102538 0.153181 0.982864 12.5047 1 1.25047
0.5 1 0 0.149433 0.205624 0.967155 182.3 2 1.823
1.5 1 0 0.13528 0.265993 0.954435 2.21858 0 2.21858
2.5 1 0 0.195791 0.235681 0.951903 5.47337 0 5.47337
-2 1.5 0 0.19547 0.156474 0.968146 7.58228 0 7.58228
-1 1.5 0 -0.00259322 0.125411 0.992101 21.1391 1 2.11391
0 1.5 0 0.0910162 0.125378 0.987925 21.4979 1 2.14979
1 1.5 0 0.188974 0.182706 0.964835 1.01474 0 1.01474
2 1.5 0 0.216865 0.223731 0.950218 836.716 2 8.36716
-2.25 -1.25 0.25 0.263835 0.197237 0.944187 3.14326 0 3.14326
-1.25 -1.25 0.25 0.228104 0.106789 0.967763 2.30421 0 2.30421
-0.25 -1.25 0.25 0.0356065 0.407174 0.912656 112.614 2 1.12614
0.75 -1.25 0.25 0.234497 0.349366 0.907168 21.4599 1 2.14599
1.75 -1.25 0.25 0.137191 0.113261 0.984048 6.59159 0 6.59159
-1.75 -0.75 0.25 0.219559 0.270497 0.93735 2178.76 3 2.17876
-0.75 -0.75 0.25 -0.148126 0.185298 0.971454 10.4617 1 1.04617
0.25 -0.75 0.25 0.33004 0.423327 0.843722 5974.31 3 5.97431
1.25 -0.75 0.25 0.222091 0.398399 0.889918 7071.42 3 7.07142
2.25 -0.75 0.25 -0.0635214 0.0300677 0.997527 56.6703 1 5.66703
-2.25 -0.25 0.25 0.189709 0.157324 0.969154 37.8266 1 3.78266
-1.25 -0.25 0.25 -0.235155 0.290556 0.927512 309.302 2 3.09302
-0.25 -0.25 0.25 0.215235 0.267275 0.939275 248.382 2 2.48382
0.75 -0.25 0.25 0.0407336 0.261983 0.964212 2328.15 3 2.32815
1.75 -0.25 0.25 0.180116 0.290453 0.939785 4964.72 3 4.96472
-1.75 0.25 0.25 -0.17285 0.142092 0.974645 1.13868 0 1.13868
-0.75 0.25 0.25 0.243496 0.387206 0.889259 10.2691 1 1.02691
0.25 0.25 0.25 0.138339 0.179855 0.973917 652.923 2 6.52923
1.25 0.25 0.25 0.14994 0.328789 0.932425 6352.63 3 6.35263
2.25 0.25 0.25 0.290885 0.314265 0.903672 4477.43 3 4.47743
-2.25 0.75 0.25 0.170121 0.310533 0.935215 6158.99 3 6.15899
-1.25 0.75 0.25 0.151916 0.337116 0.929126 178.592 2 1.78592
-0.25 0.75 0.25 -0.0789209 0.0720838 0.994271 2.15262 0 2.15262
0.75 0.75 0.25 0.289454 0.313998 0.904224 44.7442 1 4.47442
1.75 0.75 0.25 0.139962 0.202018 0.969329 4.63951 0 4.63951
-1.75 1.25 0.25 0.161788 0.258039 0.952492 4.19935 0 4.19935
-0.75 1.25 0.25 0.170295 0.254217 0.952036 2505.7 3 2.5057
0.25 1.25 0.25 0.00410731 0.26305 0.964773 111.267 2 1.11267
1.25 1.25 0.25 0.112697 0.162285 0.980287 13.9694 1 1.39694
2.25 1.25 0.25 0.219751 0.122805 0.967796 3.71438 0 3.71438
-2.5 -1.5 0.5 0.23899 0.328771 0.91367 5734.9 3 5.7349
-1.5 -1.5 0.5 0.039987 0.393373 0.918509 106.032 2 1.06032
-0.5 -1.5 0.5 0.225061 0.227145 0.947498 49.0107 1 4.90107
0.5 -1.5 0.5 0.263968 0.176057 0.948328 8.5186 0 8.5186
1.5 -1.5 0.5 -0.125746 0.347534 0.929198 132.389 2 1.32389
2.5 -1.5 0.5 -0.2439 0.336032 0.909723 147.309 2 1.47309
-2 -1 0.5 0.282207 0.287415 0.915288 2008.38 3 2.00838
-1 -1 0.5 0.0955741 0.218337 0.971182 2.15192 0 2.15192
0 -1 0.5 0.290261 0.199201 0.935985 1.51568 0 1.51568
1 -1 0.5 0.181445 0.323456 0.928684 126.522 2 1.26522
2 -1 0.5 0.121672 0.303583 0.945005 107.5 2 1.075
-2.5 -0.5 0.5 0.17622 0.322282 0.930097 61.6635 1 6.16635
-1.5 -0.5 0.5 0.05952 0.286214 0.956315 5075.96 3 5.07596
-0.5 -0.5 0.5 -0.0104929 0.174238 0.984648 1.53333 0 1.53333
0.5 -0.5 0.5 0.105818 0.277321 0.954932 4620.66 3 4.62066
1.5 -0.5 0.5 -0.0349371 0.250918 0.967378 2373.15 3 2.37315
2.5 -0.5 0.5 0.0270215 0.319825 0.947091 76.0387 1 7.60387
-2 0 0.5 -0.118294 0.345063 0.931095 263.431 2 2.63431
-1 0 0.5 0.118272 0.277545 0.953405 2217.54 3 2.21754
0 0 0.5 -0.151481 0.340773 0.927862 198.03 2 1.9803
1 0 0.5 0.243396 0.326486 0.913326 8648.88 3 8.64888
2 0 0.5 0.236519 0.330412 0.913721 9889.95 3 9.88995
-2.5 0.5 0.5 0.0680998 0.232546 0.970198 1.80676 0 1.80676
-1.5 0.5 0.5 0.245822 0.189069 0.950697 1.79551 0 1.79551
-0.5 0.5 0.5 -0.289403 0.0900561 0.952962 951.377 2 9.51377
0.5 0.5 0.5 0.216197 0.244485 0.945244 1641.99 3 1.64199
1.5 0.5 0.5 -0.0143094 0.355108 0.934716 210.612 2 2.10612
2.5 0.5 0.5 0.115658 0.28845 0.950484 2.38718 0 2.38718
-2 1 0.5 0.180388 0.0917714 0.979305 4.01024 0 4.01024
-1 1 0.5 0.149281 0.160565 0.975671 11.4358 1 1.14358
0 1 0.5 0.13349 0.185349 0.973564 12.3429 1 1.23429
1 1 0.5 0.191955 0.36919 0.909314 44.0423 1 4.40423
2 1 0.5 0.11519 0.31497 0.942086 143.548 2 1.43548
-2.5 1.5 0.5 -0.0992755 0.366743 0.92501 6223.6 3 6.2236
-1.5 1.5 0.5 -0.00791558 0.336234 0.941745 90.1456 1 9.01456
-0.5 1.5 0.5 0.0011708 0.369809 0.929107 122.763 2 1.22763
0.5 1.5 0.5 0.0872248 0.226712 0.970048 2.89165 0 2.89165
1.5 1.5 0.5 0.215844 0.319318 0.922739 29.8808 1 2.98808
2.5 1.5 0.5 0.300144 0.358132 0.884112 33.875 1 3.3875
-1.75 -1.25 0.75 -0.0411838 0.376746 0.925401 23.4336 1 2.34336
-0.75 -1.25 0.75 0.0177097 0.379187 0.925151 185.726 2 1.85726
0.25 -1.25 0.75 0.0505024 0.249375 0.967089 9008.48 3 9.00848
1.25 -1.25 0.75 0.147585 0.190642 0.970502 169.22 2 1.6922
2.25 -1.25 0.75 0.200029 0.169989 0.964931 2.50636 0 2.50636
-2.25 -0.75 0.75 -0.024047 0.0410692 0.998867 44.6669 1 4.46669
-1.25 -0.75 0.75 0.261096 0.350318 0.899503 4764.73 3 4.76473
-0.25 -0.75 0.75 -0.0109681 0.367025 0.930146 33.7077 1 3.37077
0.75 -0.75 0.75 -0.0508079 0.269155 0.961756 792.884 2 7.92884
1.75 -0.75 0.75 0.233663 0.392601 0.889531 41.8059 1 4.18059
-1.75 -0.25 0.75 0.215616 0.219792 0.951421 99.8337 1 9.98337
-0.75 -0.25 0.75 0.213672 0.192133 0.957825 1.22801 0 1.22801
0.25 -0.25 0.75 -0.0498168 0.391066 0.919014 145.076 2 1.45076
1.25 -0.25 0.75 -0.295715 0.185746 0.937044 828.562 2 8.28562
2.25 -0.25 0.75 -0.041317 0.342422 0.938637 37.3578 1 3.73578
-2.25 0.25 0.75 0.177058 0.257209 0.949997 571.997 2 5.71997
-1.25 0.25 0.75 -0.23516 0.00520407 0.971943 41.0166 1 4.10166
-0.25 0.25 0.75 0.243938 0.309147 0.919196 6445.43 3 6.44543
0.75 0.25 0.75 0.051442 0.290791 0.955403 1.10075 0 1.10075
1.75 0.25 0.75 -0.035773 0.391569 0.919453 5535.71 3 5.53571
-1.75 0.75 0.75 0.247804 0.346938 0.904559 239.138 2 2.39138
-0.75 0.75 0.75 0.285452 0.410336 0.866107 50.2569 1 5.02569
0.25 0.75 0.75 0.228232 0.137922 0.963788 1.07842 0 1.07842
1.25 0.75 0.75 -0.26472 -0.00191906 0.964323 4.78485 0 4.78485
2.25 0.75 0.75 0.154983 0.302329 0.94052 190.765 2 1.90765
-2.25 1.25 0.75 0.00544846 0.383727 0.92343 132.549 2 1.32549
-1.25 1.25 0.75 0.0118148 0.345897 0.938198 424.991 2 4.24991
-0.25 1.25 0.75 0.290621 0.360901 0.886166 163.471 2 1.63471
0.75 1.25 0.75 0.253196 0.238929 0.937446 337.444 2 3.37444
1.75 1.25 0.75 0.187711 0.084774 0.978559 1.81574 0 1.81574
-2 -1.5 1 0.126109 0.248753 0.960322 1610.98 3 1.61098
-1 -1.5 1 0.165707 0.182556 0.969131 867.037 2 8.67037
0 -1.5 1 0.219321 0.134414 0.966349 2.68503 0 2.68503
1 -1.5 1 0.014111 0.289257 0.957147 6824.13 3 6.82413
2 -1.5 1 -0.126326 0.232945 0.96425 816.143 2 8.16143
-2.5 -1 1 -0.0456809 0.0506713 0.99767 28.0958 1 2.80958
-1.5 -1 1 0.280316 0.477208 0.832884 12.0539 1 1.20539
-0.5 -1 1 0.112368 0.317813 0.941472 4678.58 3 4.67858
0.5 -1 1 0.0628843 0.412197 0.908922 6322.89 3 6.32289
1.5 -1 1 0.251227 0.272571 0.928757 725.174 2 7.25174
2.5 -1 1 0.239983 0.101173 0.965491 2.98547 0 2.98547
-2 -0.5 1 0.0310556 0.337591 0.940781 621.311 2 6.21311
-1 -0.5 1 0.157445 0.0994641 0.982506 4.34925 0 4.34925
0 -0.5 1 0.294112 0.402482 0.866895 9511.28 3 9.51128
1 -0.5 1 0.208673 0.120747 0.970503 8.22247 0 8.22247
2 -0.5 1 0.184572 0.296756 0.936947 6739.42 3 6.73942
-2.5 0 1 0.227848 0.124831 0.965662 1.75867 0 1.75867
-1.5 0 1 0.118454 0.312077 0.942644 131.52 2 1.3152
-0.5 0 1 0.247303 0.266524 0.931561 97.1378 1 9.71378
0.5 0 1 0.192509 0.317758 0.928423 140.753 2 1.40753
1.5 0 1 0.23674 0.296377 0.925265 40.0815 1 4.00815
2.5 0 1 -0.099556 0.365566 0.925446 172.367 2 1.72367
-2 0.5 1 0.157863 0.230875 0.960092 1729.59 3 1.72959
-1 0.5 1 0.216369 0.221471 0.95086 250.034 2 2.50034
0 0.5 1 0.232037 0.315567 0.920096 80.3263 1 8.03263
1 0.5 1 0.13492 0.162452 0.977449 18.4692 1 1.84692
2 0.5 1 0.272598 0.321829 0.906706 37.6239 1 3.76239
-2.5 1 1 -0.0599103 0.34409 0.937024 281.458 2 2.81458
-1.5 1 1 0.0113658 0.424511 0.905352 16.7003 1 1.67003
-0.5 1 1 0.32685 0.324844 0.887494 2997.71 3 2.99771
0.5 1 1 0.298478 0.246478 0.922041 1.17996 0 1.17996
1.5 1 1 0.292736 0.209672 0.932922 2.1788 0 2.1788
2.5 1 1 -0.208471 0.0526783 0.976609 22.2281 1 2.22281
-2 1.5 1 0.0657078 0.29405 0.953529 8083.16 3 8.08316
-1 1.5 1 -0.0110636 0.371576 0.928337 170.439 2 1.70439
0 1.5 1 -0.0931449 0.362675 0.927249 43.0899 1 4.30899
1 1.5 1 0.207566 0.342256 0.916394 5010.82 3 5.01082
2 1.5 1 0.179665 0.178022 0.967486 5.23536 0 5.23536
-2.25 -1.25 1.25 0.0749818 0.206582 0.975552 1248.73 3 1.24873
-1.25 -1.25 1.25 0.029887 0.415576 0.909067 4762.13 3 4.76213
-0.25 -1.25 1.25 0.254115 0.311054 0.91579 347.792 2 3.47792
0.75 -1.25 1.25 0.156563 0.12863 0.979256 4.11941 0 4.11941
1.75 -1.25 1.25 0.0933474 0.259966 0.961095 1.76371 0 1.76371
-1.75 -0.75 1.25 0.286236 0.364783 0.886003 26.9181 1 2.69181
-0.75 -0.75 1.25 0.199797 0.234154 0.951448 1129.47 3 1.12947
0.25 -0.75 1.25 0.308174 0.461235 0.83204 24.2209 1 2.42209
1.25 -0.75 1.25 0.16267 0.186497 0.968895 16.4645 1 1.64645
2.25 -0.75 1.25 -0.0334292 0.305422 0.95163 686.77 2 6.8677
-2.25 -0.25 1.25 0.232347 0.21656 0.948218 13.8725 1 1.38725
-1.25 -0.25 1.25 -0.0895324 0.30442 0.948321 480.145 2 4.80145
-0.25 -0.25 1.25 0.0315513 0.0610365 0.997637 3.01145 0 3.01145
0.75 -0.25 1.25 -0.0777172 0.249689 0.965202 5241.54 3 5.24154
1.75 -0.25 1.25 0.120406 0.114546 0.986094 3.71224 0 3.71224
-1.75 0.25 1.25 0.113605 0.160631 0.980455 170.304 2 1.70304
-0.75 0.25 1.25 0.0986871 0.314891 0.943983 9350.57 3 9.35057
0.25 0.25 1.25 0.186297 0.218569 0.957873 13.8098 1 1.38098
1.25 0.25 1.25 0.0336717 0.320462 0.946663 1.26845 0 1.26845
2.25 0.25 1.25 0.225843 0.263704 0.937793 2394.47 3 2.39447
-2.25 0.75 1.25 0.14706 0.0940633 0.984645 9.93475 0 9.93475
-1.25 0.75 1.25 0.148858 0.282998 0.947499 3108.23 3 3.10823
-0.25 0.75 1.25 0.0378723 0.370685 0.927986 365.418 2 3.65418
0.75 0.75 1.25 0.131308 0.1186 0.984222 3.97093 0 3.97093
1.75 0.75 1.25 0.136519 0.218371 0.966269 1198.3 3 1.1983
-1.75 1.25 1.25 0.262911 0.356183 0.896667 73.0688 1 7.30688
-0.75 1.25 1.25 0.300246 0.319263 0.898846 3941.09 3 3.94109
0.25 1.25 1.25 0.250914 0.258932 0.932736 927.662 2 9.27662
1.25 1.25 1.25 0.162253 0.20231 0.965787 206.167 2 2.06167
2.25 1.25 1.25 0.0273419 0.242397 0.969792 2.04275 0 2.04275
-2.5 -1.5 1.5 0.0766385 0.0997358 0.992058 2.21711 0 2.21711
-1.5 -1.5 1.5 0.201517 0.278578 0.939034 40.1645 1 4.01645
-0.5 -1.5 1.5 0.154044 0.254689 0.954675 2300.72 3 2.30072
0.5 -1.5 1.5 -0.039232 0.366049 0.929768 8493.73 3 8.49373
1.5 -1.5 1.5 0.224557 0.334391 0.915291 7099.52 3 7.09952
2.5 -1.5 1.5 0.14603 0.145511 0.97852 35.3265 1 3.53265
-2 -1 1.5 0.29 0.286546 0.913122 490.83 2 4.9083
-1 -1 1.5 0.0742896 0.269466 0.96014 3226.6 3 3.2266
0 -1 1.5 0.244145 0.330863 0.91155 134.662 2 1.34662
1 -1 1.5 0.155483 0.0396787 0.987041 3.43524 0 3.43524
2 -1 1.5 0.251221 0.214367 0.943893 1.46002 0 1.46002
-2.5 -0.5 1.5 0.0469962 0.353837 0.934126 1.08293 0 1.08293
-1.5 -0.5 1.5 -0.184425 0.240783 0.952896 568.38 2 5.6838
-0.5 -0.5 1.5 0.172429 0.295104 0.939778 270.639 2 2.70639
0.5 -0.5 1.5 0.221137 0.300131 0.927912 2913.07 3 2.91307
1.5 -0.5 1.5 -0.0110823 0.356244 0.934327 6223.45 3 6.22345
2.5 -0.5 1.5 0.0820464 0.181479 0.979966 2.23041 0 2.23041
-2 0 1.5 0.141952 0.207458 0.96789 552.997 2 5.52997
-1 0 1.5 0.07358 0.305227 0.949433 1.75721 0 1.75721
0 0 1.5 0.186988 0.0941626 0.977839 2.783 0 2.783
1 0 1.5 0.280711 0.189184 0.940963 1.05941 0 1.05941
2 0 1.5 0.0136487 0.392816 0.919516 28.8636 1 2.88636
-2.5 0.5 1.5 0.218838 0.212951 0.95224 17.6154 1 1.76154
-1.5 0.5 1.5 -0.027774 0.360978 0.932161 148.937 2 1.48937
-0.5 0.5 1.5 -0.00931565 0.223413 0.974679 14.3274 1 1.43274
0.5 0.5 1.5 0.336624 0.367888 0.8668 8365.67 3 8.36567
1.5 0.5 1.5 0.273804 0.131433 0.952763 8.56954 0 8.56954
2.5 0.5 1.5 -0.0431945 0.415303 0.908657 32.0616 1 3.20616
-2 1 1.5 0.232393 0.178664 0.956071 1.31137 0 1.31137
-1 1 1.5 0.268547 0.233617 0.934508 1.19797 0 1.19797
0 1 1.5 0.0285247 0.3942 0.918582 144.801 2 1.44801
1 1 1.5 0.257059 0.263482 0.929784 48.3833 1 4.83833
2 1 1.5 0.185421 0.231168 0.955081 8838.99 3 8.83899
-2.5 1.5 1.5 0.133634 0.212184 0.968049 2.80193 0 2.80193
-1.5 1.5 1.5 0.201122 0.315121 0.927496 189.083 2 1.89083
-0.5 1.5 1.5 -0.022953 0.357713 0.93355 365.443 2 3.65443
0.5 1.5 1.5 0.192403 0.377445 0.905823 10.7392 1 1.07392
