448
-2.5 -1.5 -1.5 -0.0718176 -0.0366763 0.996743 339.904 2 3.39904
-1.5 -1.5 -1.5 -0.12381 -0.0543414 0.990817 5083.93 3 5.08393
-0.5 -1.5 -1.5 0.0528977 -0.0356919 0.997962 1.00425 0 1.00425
0.5 -1.5 -1.5 -0.049482 -0.04888 0.997578 682.924 2 6.82924
1.5 -1.5 -1.5 -0.120368 -0.0523378 0.991349 4390.11 3 4.39011
2.5 -1.5 -1.5 -0.108718 -0.026459 0.99372 204.509 2 2.04509
-2 -1 -1.5 -0.002235 0.0013137 0.999997 1.90043 0 1.90043
-1 -1 -1.5 -0.0252911 -0.00384467 0.999673 59.0683 1 5.90683
0 -1 -1.5 -0.0303307 -0.0186256 0.999366 11.8879 1 1.18879
1 -1 -1.5 -0.127156 -0.0100027 0.991832 19.7955 1 1.97955
2 -1 -1.5 -0.0147538 -0.000302468 0.999891 40.5208 1 4.05208
-2.5 -0.5 -1.5 -0.00954006 -0.0532553 0.998535 395.122 2 3.95122
-1.5 -0.5 -1.5 0.0866442 -0.0758687 0.993346 14.0294 1 1.40294
-0.5 -0.5 -1.5 -0.0520969 -0.00655896 0.99862 48.2139 1 4.82139
0.5 -0.5 -1.5 -0.0891251 -0.131077 0.987358 3914.28 3 3.91428
1.5 -0.5 -1.5 -0.00123245 0.00392391 0.999992 2.30281 0 2.30281
2.5 -0.5 -1.5 -0.0592375 -0.165941 0.984355 3982.86 3 3.98286
-2 0 -1.5 -0.179155 -0.0575742 0.982135 2022.78 3 2.02278
-1 0 -1.5 0.0322526 0.00616413 0.999461 10.7593 1 1.07593
0 0 -1.5 -0.0625468 -0.0194752 0.997852 299.179 2 2.99179
1 0 -1.5 -0.0251501 0.00640518 0.999663 400.908 2 4.00908
2 0 -1.5 -0.0187714 -0.0189601 0.999644 13.5392 1 1.35392
-2.5 0.5 -1.5 -0.00227361 -0.00867588 0.99996 2.0252 0 2.0252
-1.5 0.5 -1.5 -0.0561651 -0.00514637 0.998408 239.714 2 2.39714
-0.5 0.5 -1.5 -0.0137511 -0.0940309 0.995474 364.029 2 3.64029
0.5 0.5 -1.5 -0.0034939 0.00320943 0.999989 1.93103 0 1.93103
1.5 0.5 -1.5 -0.0395596 -0.0124895 0.999139 41.203 1 4.1203
2.5 0.5 -1.5 -0.124573 -0.19008 0.973833 3867.73 3 3.86773
-2 1 -1.5 0.0225041 -0.0136211 0.999654 1.72051 0 1.72051
-1 1 -1.5 -0.0854695 -0.00545143 0.996326 335.568 2 3.35568
0 1 -1.5 0.0167809 -0.00817882 0.999826 1.75333 0 1.75333
1 1 -1.5 -0.00223321 0.00635511 0.999977 1.5526 0 1.5526
2 1 -1.5 -0.0759949 -0.0774595 0.994095 316.683 2 3.16683
-2.5 1.5 -1.5 -0.0859924 -0.0390211 0.995531 175.662 2 1.75662
-1.5 1.5 -1.5 -0.0518251 -0.011106 0.998594 49.8253 1 4.98253
-0.5 1.5 -1.5 0.101054 0.016095 0.994751 48.7385 1 4.87385
0.5 1.5 -1.5 -0.0242045 -0.0135966 0.999615 1.31949 0 1.31949
1.5 1.5 -1.5 0.0173187 0.00905616 0.999809 440.664 2 4.40664
2.5 1.5 -1.5 0.0787697 -0.0220678 0.996649 4392.87 3 4.39287
-2.25 -1.25 -1.25 -0.0466338 -0.00659952 0.99889 780.001 2 7.80001
-1.25 -1.25 -1.25 -0.00143667 0.0011569 0.999998 1.76502 0 1.76502
-0.25 -1.25 -1.25 0.0940783 0.0282385 0.995164 15.2696 1 1.52696
0.75 -1.25 -1.25 -0.0575876 0.00423092 0.998331 73.2315 1 7.32315
1.75 -1.25 -1.25 0.0755397 -0.0466057 0.996053 452.524 2 4.52524
-1.75 -0.75 -1.25 0.0787293 -0.00605487 0.996878 474.417 2 4.74417
-0.75 -0.75 -1.25 -0.0543047 -0.0134253 0.998434 50.9564 1 5.09564
0.25 -0.75 -1.25 -0.0241842 -0.00245784 0.999704 57.3236 1 5.73236
1.25 -0.75 -1.25 -0.163043 -0.153701 0.974573 1653.58 3 1.65358
2.25 -0.75 -1.25 0.00297469 -0.00504665 0.999983 2.25812 0 2.25812
-2.25 -0.25 -1.25 -0.00697788 -0.101527 0.994808 1305.86 3 1.30586
-1.25 -0.25 -1.25 0.0226278 -0.00248866 0.999741 1.79664 0 1.79664
-0.25 -0.25 -1.25 -0.213869 -0.0686756 0.974445 1937.32 3 1.93732
0.75 -0.25 -1.25 -0.116861 -0.0109547 0.993088 193.328 2 1.93328
1.75 -0.25 -1.25 -0.0401786 -0.00312568 0.999188 38.6713 1 3.86713
-1.75 0.25 -1.25 -0.0451066 -0.00341369 0.998976 42.7308 1 4.27308
-0.75 0.25 -1.25 -0.0484044 -0.0151279 0.998713 372.252 2 3.72252
0.25 0.25 -1.25 -0.0424659 -0.00596563 0.99908 41.9344 1 4.19344
1.25 0.25 -1.25 -0.0679898 0.00416515 0.997677 353.647 2 3.53647
2.25 0.25 -1.25 -0.11337 -0.0613759 0.991655 4567.73 3 4.56773
-2.25 0.75 -1.25 0.00982576 -0.0721688 0.997344 398.55 2 3.9855
-1.25 0.75 -1.25 -0.131856 -0.171929 0.976245 3737.3 3 3.7373
-0.25 0.75 -1.25 -0.16107 -0.234807 0.958604 3671.13 3 3.67113
0.75 0.75 -1.25 0.0153664 -0.05721 0.998244 4315.12 3 4.31512
1.75 0.75 -1.25 -0.000914268 -0.0138291 0.999904 1.60203 0 1.60203
-1.75 1.25 -1.25 -0.0472965 -0.00618163 0.998862 45.6382 1 4.56382
-0.75 1.25 -1.25 -0.0330631 -0.103922 0.994036 4197.51 3 4.19751
0.25 1.25 -1.25 -0.119072 -0.025185 0.992566 212.76 2 2.1276
1.25 1.25 -1.25 -0.146234 -0.0419772 0.988359 5948.42 3 5.94842
2.25 1.25 -1.25 -0.00637336 0.00252007 0.999977 2.45954 0 2.45954
-2 -1.5 -1 0.0331125 -0.0501985 0.99819 429.16 2 4.2916
-1 -1.5 -1 -0.00687506 0.00318266 0.999971 2.41626 0 2.41626
0 -1.5 -1 -0.223239 -0.0792908 0.971533 1873.13 3 1.87313
1 -1.5 -1 -0.193394 -0.13054 0.972398 1768.81 3 1.76881
2 -1.5 -1 -0.0755715 -0.0410865 0.996294 154.342 2 1.54342
-2.5 -1 -1 0.11076 0.0128002 0.993765 15.29 1 1.529
-1.5 -1 -1 -0.0184974 -0.00466911 0.999818 50.6813 1 5.06813
-0.5 -1 -1 -0.00162842 -0.0244447 0.9997 14.856 1 1.4856
0.5 -1 -1 -0.0691043 -0.0968941 0.992893 1194.34 3 1.19434
1.5 -1 -1 -0.127273 -0.0552663 0.990327 5577.38 3 5.57738
2.5 -1 -1 -0.00273406 -0.126078 0.992017 4039.04 3 4.03904
-2 -0.5 -1 0.041088 -0.0469745 0.998051 95.6427 1 9.56427
-1 -0.5 -1 -0.138866 -0.0367063 0.989631 4937.82 3 4.93782
0 -0.5 -1 -0.0148158 -0.0379982 0.999168 859.215 2 8.59215
1 -0.5 -1 -0.00181956 -0.00491035 0.999986 2.1791 0 2.1791
2 -0.5 -1 -0.0175991 -0.00197175 0.999843 1.55059 0 1.55059
-2.5 0 -1 -0.162901 -0.0943432 0.982121 1953.93 3 1.95393
-1.5 0 -1 -0.125281 -0.0201947 0.991916 21.051 1 2.1051
-0.5 0 -1 -0.036859 -0.129116 0.990944 1211.12 3 1.21112
0.5 0 -1 0.0302686 -0.0366791 0.998869 982.718 2 9.82718
1.5 0 -1 -0.0825384 -0.140064 0.986696 1105.85 3 1.10585
2.5 0 -1 -0.0863222 -0.0169545 0.996123 151.221 2 1.51221
-2 0.5 -1 -0.00282043 -0.0271477 0.999627 931.122 2 9.31122
-1 0.5 -1 -0.134164 -0.047299 0.98983 5500.83 3 5.50083
0 0.5 -1 -0.092222 -0.0337946 0.995165 184.6 2 1.846
1 0.5 -1 -0.073718 -0.0160043 0.997151 339.457 2 3.39457
2 0.5 -1 -0.0161504 -0.00213613 0.999867 44.3393 1 4.43393
-2.5 1 -1 -0.214668 -0.126698 0.968434 1702.12 3 1.70212
-1.5 1 -1 -0.0195914 0.00104721 0.999808 47.4655 1 4.74655
-0.5 1 -1 0.000396297 -0.00695443 0.999976 2.15497 0 2.15497
0.5 1 -1 -0.14265 -0.039489 0.988985 5564.67 3 5.56467
1.5 1 -1 0.0097859 -0.117224 0.993057 1290.44 3 1.29044
2.5 1 -1 0.00895819 -0.049843 0.998717 4263.14 3 4.26314
-2 1.5 -1 -0.0237988 -0.00479489 0.999705 58.3944 1 5.83944
-1 1.5 -1 -0.207509 -0.147625 0.96703 1568.5 3 1.5685
0 1.5 -1 0.017005 0.00300262 0.999851 1.80377 0 1.80377
1 1.5 -1 -0.00208015 0.0278944 0.999609 42.4831 1 4.24831
2 1.5 -1 -0.0043444 -0.0482988 0.998823 860.965 2 8.60965
-1.75 -1.25 -0.75 0.007714 -0.037446 0.999269 933.149 2 9.33149
-0.75 -1.25 -0.75 -0.0815688 -0.00908297 0.996626 342.003 2 3.42003
0.25 -1.25 -0.75 -0.0173625 -0.00355535 0.999843 47.7652 1 4.77652
1.25 -1.25 -0.75 -0.141639 -0.133354 0.980895 9555.58 3 9.55558
2.25 -1.25 -0.75 -0.0776392 -0.0126093 0.996902 343.315 2 3.43315
-2.25 -0.75 -0.75 -0.00725165 0.00387134 0.999966 2.33836 0 2.33836
-1.25 -0.75 -0.75 -0.205518 -0.253005 0.945384 3375.51 3 3.37551
-0.25 -0.75 -0.75 -0.0556723 -0.0528219 0.997051 125.439 2 1.25439
0.75 -0.75 -0.75 -0.132425 -0.0463878 0.990107 5217.24 3 5.21724
1.75 -0.75 -0.75 -0.0904123 -0.0210303 0.995682 165.906 2 1.65906
-1.75 -0.25 -0.75 -0.00699026 0.00107596 0.999975 2.61858 0 2.61858
-0.75 -0.25 -0.75 -0.000398653 0.0157657 0.999876 99.1916 1 9.91916
0.25 -0.25 -0.75 -0.188331 -0.0950327 0.977497 1940.96 3 1.94096
1.25 -0.25 -0.75 -0.067044 -0.00908074 0.997709 298.059 2 2.98059
2.25 -0.25 -0.75 0.0420194 -0.0254682 0.998792 10.315 1 1.0315
-2.25 0.25 -0.75 -0.112645 -0.202602 0.972761 3859.78 3 3.85978
-1.25 0.25 -0.75 -0.00434959 0.00403734 0.999982 1.98414 0 1.98414
-0.25 0.25 -0.75 0.0981508 -0.0242464 0.994876 47.2177 1 4.72177
0.75 0.25 -0.75 -0.0111638 -0.00450369 0.999928 1.85365 0 1.85365
1.75 0.25 -0.75 0.0525546 -0.0448484 0.99761 145.33 2 1.4533
-1.75 0.75 -0.75 -0.0239596 -0.00630447 0.999693 886.613 2 8.86613
-0.75 0.75 -0.75 -0.0271442 0.000163509 0.999632 56.1078 1 5.61078
0.25 0.75 -0.75 -0.0357863 -0.0132529 0.999272 1.14017 0 1.14017
1.25 0.75 -0.75 -0.10464 -0.0227189 0.994251 194.699 2 1.94699
2.25 0.75 -0.75 -0.0659915 -0.0223123 0.997571 31.7016 1 3.17016
-2.25 1.25 -0.75 0.119831 0.0325626 0.99226 4465.38 3 4.46538
-1.25 1.25 -0.75 0.000941565 0.00154288 0.999998 2.34651 0 2.34651
-0.25 1.25 -0.75 -0.123317 -0.0293495 0.991933 21.7441 1 2.17441
0.75 1.25 -0.75 -0.00606274 0.00461923 0.999971 2.17673 0 2.17673
1.75 1.25 -0.75 -0.0883094 -0.0230999 0.995825 37.4804 1 3.74804
-2.5 -1.5 -0.5 -0.0136534 -0.00607075 0.999888 1.68758 0 1.68758
-1.5 -1.5 -0.5 -0.133974 -0.160726 0.977864 3623.97 3 3.62397
-0.5 -1.5 -0.5 -0.0228172 0.0153877 0.999621 90.2084 1 9.02084
0.5 -1.5 -0.5 -0.0396903 -0.069328 0.996804 128.752 2 1.28752
1.5 -1.5 -0.5 -0.0733096 -0.0221552 0.997063 34.5201 1 3.45201
2.5 -1.5 -0.5 -0.186722 -0.152101 0.970567 1629.22 3 1.62922
-2 -1 -0.5 -0.0363914 -0.0233531 0.999065 10.521 1 1.0521
-1 -1 -0.5 -0.0421042 -0.0105874 0.999057 43.2916 1 4.32916
0 -1 -0.5 -0.0231824 0.00872776 0.999693 1.40283 0 1.40283
1 -1 -0.5 -0.0586328 -0.0174525 0.998127 707.041 2 7.07041
2 -1 -0.5 -0.130636 -0.0452716 0.990396 4882.1 3 4.8821
-2.5 -0.5 -0.5 -0.0103645 0.00421315 0.999937 1.96134 0 1.96134
-1.5 -0.5 -0.5 -0.0841884 -0.0269652 0.996085 160.275 2 1.60275
-0.5 -0.5 -0.5 -0.00259775 0.00253534 0.999993 1.85039 0 1.85039
0.5 -0.5 -0.5 0.0525553 -0.0688766 0.99624 426.955 2 4.26955
1.5 -0.5 -0.5 -0.0387886 -0.0961237 0.994613 4146.67 3 4.14667
2.5 -0.5 -0.5 0.0593927 0.0122437 0.99816 470.186 2 4.70186
-2 0 -0.5 -0.0015227 -0.00579858 0.999982 975.905 2 9.75905
-1 0 -0.5 -0.0664517 -0.0161725 0.997659 312.035 2 3.12035
0 0 -0.5 -0.0423373 -0.00832808 0.999069 12.8205 1 1.28205
1 0 -0.5 -0.158901 -0.119274 0.980063 1857.25 3 1.85725
2 0 -0.5 -0.0997665 -0.0989463 0.990079 279.157 2 2.79157
-2.5 0.5 -0.5 -0.119228 -0.197043 0.973118 3881.36 3 3.88136
-1.5 0.5 -0.5 -0.0101552 -0.0413201 0.999094 136.771 2 1.36771
-0.5 0.5 -0.5 -0.0869281 -0.018959 0.996034 11.4583 1 1.14583
0.5 0.5 -0.5 0.081816 0.0341154 0.996063 48.2971 1 4.82971
1.5 0.5 -0.5 -0.0845948 -0.0196182 0.996222 369.148 2 3.69148
2.5 0.5 -0.5 -0.178598 -0.142705 0.973518 1720.34 3 1.72034
-2 1 -0.5 -0.00417908 0.00149251 0.99999 2.24983 0 2.24983
-1 1 -0.5 0.117709 -0.0423713 0.992144 46.3549 1 4.63549
0 1 -0.5 -0.0086231 -0.00265915 0.999959 2.00309 0 2.00309
1 1 -0.5 -0.0469439 -0.0107492 0.99884 47.137 1 4.7137
2 1 -0.5 -0.0206381 -0.000808655 0.999787 51.1122 1 5.11122
-2.5 1.5 -0.5 -0.0029742 0.0045597 0.999985 1.7463 0 1.7463
-1.5 1.5 -0.5 -0.201687 -0.0820277 0.976009 1950.35 3 1.95035
-0.5 1.5 -0.5 -0.117166 -0.0338167 0.992536 216.493 2 2.16493
0.5 1.5 -0.5 0.0366926 -0.00961327 0.99928 450.762 2 4.50762
1.5 1.5 -0.5 -0.198376 -0.106786 0.974291 1877.61 3 1.87761
2.5 1.5 -0.5 -0.0698288 -0.0192467 0.997373 330.578 2 3.30578
-2.25 -1.25 -0.25 7.92462e-05 0.00845613 0.999964 1.69818 0 1.69818
-1.25 -1.25 -0.25 -0.0493021 -0.0128718 0.998701 48.8957 1 4.88957
-0.25 -1.25 -0.25 -0.0523777 -0.0558865 0.997062 352.785 2 3.52785
0.75 -1.25 -0.25 -0.00646257 0.000759165 0.999979 2.62536 0 2.62536
1.75 -1.25 -0.25 -0.0160288 -0.00728684 0.999845 1.51049 0 1.51049
-1.75 -0.75 -0.25 -0.014435 -0.00336433 0.99989 41.869 1 4.1869
-0.75 -0.75 -0.25 -0.0543898 -0.00924934 0.998477 50.0208 1 5.00208
0.25 -0.75 -0.25 -0.0571903 -0.00198621 0.998361 46.4433 1 4.64433
1.25 -0.75 -0.25 -0.0963525 -0.0368857 0.994664 193.908 2 1.93908
2.25 -0.75 -0.25 0.114855 -0.0834004 0.989875 42.9891 1 4.29891
-2.25 -0.25 -0.25 -0.0125758 -0.0137838 0.999826 1.47711 0 1.47711
-1.25 -0.25 -0.25 0.0560842 -0.0281539 0.998029 454.762 2 4.54762
-0.25 -0.25 -0.25 -0.00305715 0.00167907 0.999994 2.01376 0 2.01376
0.75 -0.25 -0.25 -0.0269259 -0.0486662 0.998452 779.514 2 7.79514
1.75 -0.25 -0.25 -0.184246 -0.119656 0.975569 1847.46 3 1.84746
-1.75 0.25 -0.25 -0.0818946 -0.0359516 0.995992 164.832 2 1.64832
-0.75 0.25 -0.25 -0.00484284 0.000592788 0.999988 2.46581 0 2.46581
0.25 0.25 -0.25 -0.0116988 -0.00790577 0.9999 1.71971 0 1.71971
1.25 0.25 -0.25 -0.00448404 0.000972447 0.999989 2.37297 0 2.37297
2.25 0.25 -0.25 -0.0741237 -0.15548 0.985054 4062.09 3 4.06209
-2.25 0.75 -0.25 0.00625225 -0.0574644 0.998328 138.622 2 1.38622
-1.25 0.75 -0.25 -0.20122 -0.139935 0.969499 1675.19 3 1.67519
-0.25 0.75 -0.25 -0.121072 -0.0155623 0.992522 203.14 2 2.0314
0.75 0.75 -0.25 0.0111708 -0.00271918 0.999934 1.76057 0 1.76057
1.75 0.75 -0.25 -0.0128159 0.00194989 0.999916 1.8431 0 1.8431
-1.75 1.25 -0.25 -0.0889519 -0.00979382 0.995988 35.0577 1 3.50577
-0.75 1.25 -0.25 0.00519125 -0.00834013 0.999952 1.69247 0 1.69247
0.25 1.25 -0.25 0.0436138 0.0174621 0.998896 1.09451 0 1.09451
1.25 1.25 -0.25 -0.111712 -0.0603685 0.991905 4214.34 3 4.21434
2.25 1.25 -0.25 -0.219905 -0.103536 0.970011 1805.33 3 1.80533
-2 -1.5 0 -0.022656 -0.00363574 0.999737 56.6745 1 5.66745
-1 -1.5 0 0.0164634 -0.0191611 0.999681 1.65324 0 1.65324
0 -1.5 0 -0.174005 -0.107511 0.978858 1909.58 3 1.90958
1 -1.5 0 -0.0216288 -0.00233605 0.999763 54.2179 1 5.42179
2 -1.5 0 -0.171243 -0.209287 0.962743 3531.42 3 3.53142
-2.5 -1 0 0.0358409 -0.0290404 0.998935 145.176 2 1.45176
-1.5 -1 0 -0.0150111 0.00400881 0.999879 38.0195 1 3.80195
-0.5 -1 0 -0.0373632 -0.0383629 0.998565 766.282 2 7.66282
0.5 -1 0 -0.0953602 -0.0582073 0.99374 305.006 2 3.05006
1.5 -1 0 -0.0256934 -0.00118004 0.999669 57.1327 1 5.71327
2.5 -1 0 -0.0428511 -0.000313483 0.999081 39.4083 1 3.94083
-2 -0.5 0 -0.0297151 -0.00809721 0.999526 1.26609 0 1.26609
-1 -0.5 0 -0.00642018 -0.00839844 0.999944 1.58535 0 1.58535
0 -0.5 0 0.0114511 0.00856418 0.999898 1.7845 0 1.7845
1 -0.5 0 -0.00269073 0.000837215 0.999996 2.03661 0 2.03661
2 -0.5 0 -0.169246 -0.131688 0.976736 1796.86 3 1.79686
-2.5 0 0 -0.00546862 0.000895722 0.999985 2.53284 0 2.53284
-1.5 0 0 -0.0709429 -0.0050718 0.997467 301.42 2 3.0142
-0.5 0 0 -0.148062 -0.0432517 0.988032 6031.84 3 6.03184
0.5 0 0 0.00534003 -0.00718544 0.99996 2.20061 0 2.20061
1.5 0 0 -0.047717 -0.000669984 0.998861 42.8843 1 4.28843
2.5 0 0 -0.154611 -0.0351496 0.98735 5933.99 3 5.93399
-2 0.5 0 -0.0374688 -0.00569829 0.999282 37.3635 1 3.73635
-1 0.5 0 -0.0194829 -0.116858 0.992957 4189.9 3 4.1899
0 0.5 0 -0.00465502 0.00289365 0.999985 2.15821 0 2.15821
1 0.5 0 0.0987939 -0.0315737 0.994607 14.8433 1 1.48433
2 0.5 0 -0.0231982 -0.000926867 0.99973 54.8352 1 5.48352
-2.5 1 0 -0.013188 -0.00239909 0.99991 1.79145 0 1.79145
-1.5 1 0 -0.00168268 0.00203763 0.999997 1.74531 0 1.74531
-0.5 1 0 -0.148916 -0.0297285 0.988403 5261.71 3 5.26171
0.5 1 0 0.0193222 -0.0130396 0.999728 143.227 2 1.43227
1.5 1 0 -0.0524631 -0.00114207 0.998622 45.2883 1 4.52883
2.5 1 0 -0.0238223 0.00264022 0.999713 51.5029 1 5.15029
-2 1.5 0 -0.056967 -0.00733422 0.998349 49.4744 1 4.94744
-1 1.5 0 -0.110789 -0.0169139 0.9937 195.476 2 1.95476
0 1.5 0 0.0222091 -0.0639801 0.997704 4330.14 3 4.33014
1 1.5 0 0.00561907 0.00280973 0.99998 1.74196 0 1.74196
2 1.5 0 0.020727 -0.00504294 0.999772 10.4154 1 1.04154
-1.75 -1.25 0.25 0.0223243 -0.0246018 0.999448 1.59775 0 1.59775
-0.75 -1.25 0.25 -0.00661954 0.00174818 0.999977 2.55642 0 2.55642
0.25 -1.25 0.25 -0.0597061 -0.00921265 0.998173 265.842 2 2.65842
1.25 -1.25 0.25 -0.0107022 -0.000435828 0.999943 1.9363 0 1.9363
2.25 -1.25 0.25 -0.0885327 -0.016873 0.99593 36.7853 1 3.67853
-2.25 -0.75 0.25 -0.113532 -0.107226 0.987731 1062.81 3 1.06281
-1.25 -0.75 0.25 -0.144442 -0.0407386 0.988674 5790.88 3 5.79088
-0.25 -0.75 0.25 -0.0179046 -0.0054724 0.999825 1.45883 0 1.45883
0.75 -0.75 0.25 -0.0173827 0.00233676 0.999846 1.59627 0 1.59627
1.75 -0.75 0.25 -0.152795 -0.0333067 0.987696 5775.98 3 5.77598
-1.75 -0.25 0.25 0.0535589 -0.0141291 0.998465 1.06594 0 1.06594
-0.75 -0.25 0.25 -0.207228 -0.117419 0.971221 1797.46 3 1.79746
0.25 -0.25 0.25 0.00903358 -0.0161527 0.999829 992.652 2 9.92652
1.25 -0.25 0.25 -0.172159 -0.197446 0.965078 3421.6 3 3.4216
2.25 -0.25 0.25 -0.0456029 0.015267 0.998843 79.4559 1 7.94559
-2.25 0.25 0.25 -0.137736 -0.0487725 0.989267 5878.91 3 5.87891
-1.25 0.25 0.25 -0.0152476 -0.000132804 0.999884 1.70455 0 1.70455
-0.25 0.25 0.25 0.0485922 0.0153714 0.9987 14.7897 1 1.47897
0.75 0.25 0.25 -0.0531282 -0.113159 0.992155 1210.41 3 1.21041
1.75 0.25 0.25 -0.0479108 -0.027977 0.99846 741.805 2 7.41805
-1.75 0.75 0.25 -0.0289353 -0.034255 0.998994 386.248 2 3.86248
-0.75 0.75 0.25 0.029209 -0.091037 0.995419 396.407 2 3.96407
0.25 0.75 0.25 -0.135918 -0.0480747 0.989553 5723.84 3 5.72384
1.25 0.75 0.25 -0.00444272 -0.00674935 0.999967 2.0484 0 2.0484
2.25 0.75 0.25 -0.0498977 -0.00372976 0.998747 45.8069 1 4.58069
-2.25 1.25 0.25 -0.0247336 0.000608828 0.999694 54.6441 1 5.46441
-1.25 1.25 0.25 -0.0877309 0.0236643 0.995863 33.1101 1 3.31101
-0.25 1.25 0.25 0.00298578 0.00315509 0.999991 13.9549 1 1.39549
0.75 1.25 0.25 -0.0266452 -0.110839 0.993481 4212.03 3 4.21203
1.75 1.25 0.25 0.00542446 -0.00300868 0.999981 2.33088 0 2.33088
-2.5 -1.5 0.5 -0.0330374 -0.0749913 0.996637 360.928 2 3.60928
-1.5 -1.5 0.5 -0.0801447 -0.0230853 0.996516 146.053 2 1.46053
-0.5 -1.5 0.5 -0.00361254 0.00160613 0.999992 2.23181 0 2.23181
0.5 -1.5 0.5 -0.0267777 -0.00282188 0.999637 58.88 1 5.888
1.5 -1.5 0.5 -0.116721 -0.0622512 0.991212 5148.14 3 5.14814
2.5 -1.5 0.5 -0.153577 -0.142671 0.977783 1727.38 3 1.72738
-2 -1 0.5 -0.126736 -0.149923 0.980541 9812.77 3 9.81277
-1 -1 0.5 -0.0810539 -0.0161423 0.996579 358.523 2 3.58523
0 -1 0.5 -0.00673942 0.00428529 0.999968 2.28977 0 2.28977
1 -1 0.5 -0.0133581 -0.0167864 0.99977 915.412 2 9.15412
2 -1 0.5 -0.0234634 -0.0855614 0.996057 1304.88 3 1.30488
-2.5 -0.5 0.5 -0.00379907 0.000678199 0.999993 2.27563 0 2.27563
-1.5 -0.5 0.5 -0.169159 -0.219448 0.960847 3610.95 3 3.61095
-0.5 -0.5 0.5 -0.112879 -0.0301408 0.993152 211.86 2 2.1186
0.5 -0.5 0.5 -0.0446944 0.0255963 0.998673 38.1003 1 3.81003
1.5 -0.5 0.5 -0.135215 -0.148094 0.979686 3482.16 3 3.48216
2.5 -0.5 0.5 -0.0398176 -0.00830768 0.999172 40.5258 1 4.05258
-2 0 0.5 -0.140812 -0.0381688 0.9893 5277.27 3 5.27727
-1 0 0.5 -0.206589 -0.242572 0.947882 3298.96 3 3.29896
0 0 0.5 -0.115015 -0.0619784 0.991428 4882.25 3 4.88225
1 0 0.5 -0.0253135 -0.0276529 0.999297 844.688 2 8.44688
2 0 0.5 -0.0236067 -0.0027182 0.999718 1.38201 0 1.38201
-2.5 0.5 0.5 -0.0444196 -0.0126306 0.998933 45.5657 1 4.55657
-1.5 0.5 0.5 0.00072376 -0.00289486 0.999996 2.28289 0 2.28289
-0.5 0.5 0.5 -0.211441 -0.0932698 0.97293 1886.3 3 1.8863
0.5 0.5 0.5 -0.128565 -0.0902473 0.987586 1021.75 3 1.02175
1.5 0.5 0.5 -0.0551886 -0.0196268 0.998283 262.431 2 2.62431
2.5 0.5 0.5 -0.0212632 0.00294614 0.99977 48.0023 1 4.80023
-2 1 0.5 0.00542601 0.0014652 0.999984 2.39563 0 2.39563
-1 1 0.5 0.0651557 -0.000433387 0.997875 149.924 2 1.49924
0 1 0.5 -0.0672094 -0.161301 0.984614 4040.16 3 4.04016
1 1 0.5 -0.00343517 0.00108336 0.999994 2.15718 0 2.15718
2 1 0.5 0.0137112 -0.0314524 0.999411 425.43 2 4.2543
-2.5 1.5 0.5 -0.146949 -0.163297 0.975572 1570.57 3 1.57057
-1.5 1.5 0.5 -0.0189991 -0.00228208 0.999817 49.7866 1 4.97866
-0.5 1.5 0.5 -0.0778563 -0.0325877 0.996432 152.424 2 1.52424
0.5 1.5 0.5 -0.0200537 -0.00359308 0.999792 52.8157 1 5.28157
1.5 1.5 0.5 -0.00821075 0.00172353 0.999965 2.05993 0 2.05993
2.5 1.5 0.5 -0.0070955 -0.0083474 0.99994 1.89545 0 1.89545
-2.25 -1.25 0.75 -0.0371848 -0.0104132 0.999254 38.5588 1 3.85588
-1.25 -1.25 0.75 -0.055702 -0.0129491 0.998363 254.734 2 2.54734
-0.25 -1.25 0.75 -0.128755 -0.181711 0.974886 3819.28 3 3.81928
0.75 -1.25 0.75 -0.0850143 -0.140363 0.986444 3998.33 3 3.99833
1.75 -1.25 0.75 0.0428432 -0.0040065 0.999074 10.7872 1 1.07872
-1.75 -0.75 0.75 -0.158877 -0.0234403 0.98702 5455.36 3 5.45536
-0.75 -0.75 0.75 -0.0353549 -0.00241467 0.999372 1.19581 0 1.19581
0.25 -0.75 0.75 -0.0347442 -0.00800817 0.999364 35.5356 1 3.55356
1.25 -0.75 0.75 -0.0984444 -0.0283518 0.994739 191.027 2 1.91027
2.25 -0.75 0.75 -0.00387105 0.0022142 0.99999 2.10078 0 2.10078
-2.25 -0.25 0.75 -0.00515341 0.00139231 0.999986 2.43746 0 2.43746
-1.25 -0.25 0.75 -0.00146003 -0.000689013 0.999999 2.27401 0 2.27401
-0.25 -0.25 0.75 -0.128728 -0.0438726 0.990709 4505.7 3 4.5057
0.75 -0.25 0.75 -0.177316 -0.0824001 0.980698 1986.24 3 1.98624
1.75 -0.25 0.75 -0.0346014 -0.0122393 0.999326 36.1079 1 3.61079
-1.75 0.25 0.75 0.022886 -0.0733787 0.997042 1387.49 3 1.38749
-0.75 0.25 0.75 -0.190855 -0.0700518 0.979116 1996.17 3 1.99617
0.25 0.25 0.75 -0.0358986 -0.017206 0.999207 817.94 2 8.1794
1.25 0.25 0.75 -0.0703735 -0.0126562 0.99744 320.436 2 3.20436
2.25 0.25 0.75 -0.171376 -0.162984 0.971631 1565.68 3 1.56568
-2.25 0.75 0.75 -0.00711526 -0.0191433 0.999791 14.9258 1 1.49258
-1.25 0.75 0.75 -0.0051492 0.00500572 0.999974 2.00767 0 2.00767
-0.25 0.75 0.75 -0.0546726 -0.00430356 0.998495 47.6783 1 4.76783
0.75 0.75 0.75 -0.165552 -0.0691232 0.983776 2012.51 3 2.01251
1.75 0.75 0.75 -0.0114586 0.00850521 0.999898 1.56783 0 1.56783
-1.75 1.25 0.75 -0.059145 -0.0163824 0.998115 278.181 2 2.78181
-0.75 1.25 0.75 -0.0631051 -0.0128566 0.997924 290.212 2 2.90212
0.25 1.25 0.75 -0.0133703 -0.0242289 0.999617 13.6806 1 1.36806
1.25 1.25 0.75 -0.000344946 -0.00285407 0.999996 1.67473 0 1.67473
2.25 1.25 0.75 -0.00589447 0.000492349 0.999983 2.59375 0 2.59375
-2 -1.5 1 0.0373634 -0.0756324 0.996436 4248.99 3 4.24899
-1 -1.5 1 0.0217229 0.0164446 0.999629 1.05766 0 1.05766
0 -1.5 1 0.00314883 -0.000755307 0.999995 2.35599 0 2.35599
1 -1.5 1 -0.0263492 -0.0249431 0.999342 133.259 2 1.33259
2 -1.5 1 -0.150911 -0.0315201 0.988045 5549.37 3 5.54937
-2.5 -1 1 -0.16091 -0.0258309 0.986631 5679.52 3 5.67952
-1.5 -1 1 -0.00198271 0.00373243 0.999991 1.67264 0 1.67264
-0.5 -1 1 -0.202994 -0.261543 0.943604 3420.79 3 3.42079
0.5 -1 1 -0.11847 -0.0507382 0.991661 3993.61 3 3.99361
1.5 -1 1 0.019609 -0.0264264 0.999458 994.949 2 9.94949
2.5 -1 1 -0.00709778 0.00224616 0.999972 2.51204 0 2.51204
-2 -0.5 1 -0.0742925 -0.00894688 0.997196 324.06 2 3.2406
-1 -0.5 1 0.0226811 0.00880121 0.999704 1.82038 0 1.82038
0 -0.5 1 -0.0156097 -0.00410189 0.99987 1.63047 0 1.63047
1 -0.5 1 -0.0568383 -0.0118805 0.998313 51.1625 1 5.11625
2 -0.5 1 -0.0346859 0.004358 0.999389 84.5816 1 8.45816
-2.5 0 1 -0.00606726 0.00128874 0.999981 2.56343 0 2.56343
-1.5 0 1 -0.0121198 0.00469449 0.999916 94.5333 1 9.45333
-0.5 0 1 -0.00558348 0.00269637 0.999981 2.33865 0 2.33865
0.5 0 1 -0.0175074 0.00283113 0.999843 1.48383 0 1.48383
1.5 0 1 -0.00608945 -0.000603599 0.999981 2.13067 0 2.13067
2.5 0 1 -0.122122 -0.0535115 0.991072 4757.18 3 4.75718
-2 0.5 1 -0.115393 -0.0461612 0.992247 106.213 2 1.06213
-1 0.5 1 0.0101736 0.00528357 0.999934 10.2393 1 1.02393
0 0.5 1 -0.00490097 0.00203687 0.999986 2.31109 0 2.31109
1 0.5 1 0.0818838 -0.0160826 0.996512 150.104 2 1.50104
2 0.5 1 -0.00654684 -0.00475389 0.999967 2.04093 0 2.04093
-2.5 1 1 -0.0881896 -0.0305101 0.995636 173.263 2 1.73263
-1.5 1 1 -0.0377289 0.000151257 0.999288 35.1081 1 3.51081
-0.5 1 1 -0.0599711 -0.0385824 0.997454 660.874 2 6.60874
0.5 1 1 0.0102662 -0.0245493 0.999646 15.6412 1 1.56412
1.5 1 1 0.00272717 -0.0089746 0.999956 2.0994 0 2.0994
2.5 1 1 -0.203317 -0.0574733 0.977425 1983.27 3 1.98327
-2 1.5 1 -0.165799 -0.227948 0.959453 3657.97 3 3.65797
-1 1.5 1 -0.0944285 -0.0248042 0.995223 179.318 2 1.79318
0 1.5 1 -0.0157586 -0.00459137 0.999865 45.1239 1 4.51239
1 1.5 1 -0.0351151 0.00913652 0.999342 1.21467 0 1.21467
2 1.5 1 -0.0495105 -0.00871664 0.998736 48.031 1 4.8031
-1.75 -1.25 1.25 0.0713839 -0.0158528 0.997323 4415.17 3 4.41517
-0.75 -1.25 1.25 -0.22466 -0.0551512 0.972875 1902.1 3 1.9021
0.25 -1.25 1.25 0.0183108 -0.0477404 0.998692 921.423 2 9.21423
1.25 -1.25 1.25 0.0541821 0.00736699 0.998504 1.09751 0 1.09751
2.25 -1.25 1.25 -0.0446911 -0.00847492 0.998965 44.7889 1 4.47889
-2.25 -0.75 1.25 -0.00914302 -0.00647763 0.999937 1.88877 0 1.88877
-1.25 -0.75 1.25 -0.0115285 -0.121952 0.992469 4131.71 3 4.13171
-0.25 -0.75 1.25 -0.00391045 0.00555186 0.999977 1.79472 0 1.79472
0.75 -0.75 1.25 0.069481 -0.060461 0.995749 143.684 2 1.43684
1.75 -0.75 1.25 -0.100592 -0.0188581 0.994749 182.764 2 1.82764
-1.75 -0.25 1.25 0.0313208 -0.0152734 0.999393 10.4409 1 1.04409
-0.75 -0.25 1.25 -0.102525 -0.0317419 0.994224 200.646 2 2.00646
0.25 -0.25 1.25 -0.106728 -0.0350341 0.993671 207.844 2 2.07844
1.25 -0.25 1.25 -0.0924533 -0.120642 0.988381 3797.97 3 3.79797
2.25 -0.25 1.25 0.123077 0.0383033 0.991658 49.3156 1 4.93156
-2.25 0.25 1.25 -0.0438814 -0.0874526 0.995202 4060.75 3 4.06075
-1.25 0.25 1.25 -0.00569518 -0.0125978 0.999904 415.897 2 4.15897
-0.25 0.25 1.25 0.056914 -0.104501 0.992895 133.871 2 1.33871
0.75 0.25 1.25 -0.0178792 -0.000654136 0.99984 46.2287 1 4.62287
1.75 0.25 1.25 -0.0914015 -0.0173223 0.995663 322.763 2 3.22763
-1.75 0.75 1.25 -0.0849997 -0.0129947 0.996296 357.211 2 3.57211
-0.75 0.75 1.25 -0.0848019 -0.0803132 0.993156 116.348 2 1.16348
0.25 0.75 1.25 -0.0636471 -0.00518917 0.997959 273.075 2 2.73075
1.25 0.75 1.25 -0.0771495 -0.0192044 0.996835 354.468 2 3.54468
-2.25 1.25 1.25 0.0295283 -0.0701318 0.997101 4307.89 3 4.30789
-1.25 1.25 1.25 -0.00539224 0.0037003 0.999979 2.18386 0 2.18386
-0.25 1.25 1.25 -0.0567535 -0.0966258 0.993701 324.041 2 3.24041
0.75 1.25 1.25 0.072091 -0.0875269 0.99355 418.9 2 4.189
1.75 1.25 1.25 0.0400947 0.0306897 0.998724 45.9633 1 4.59633
-2.5 -1.5 1.5 -0.0211364 -0.00468442 0.999766 55.21 1 5.521
-1.5 -1.5 1.5 0.0642059 -0.00930626 0.997893 4399.59 3 4.39959
-0.5 -1.5 1.5 -0.005764 0.00402461 0.999975 2.15787 0 2.15787
0.5 -1.5 1.5 -0.100231 -0.0634064 0.992942 1118.89 3 1.11889
1.5 -1.5 1.5 -0.104434 -0.0687972 0.992149 4320.72 3 4.32072
2.5 -1.5 1.5 -0.0292727 0.00308149 0.999567 1.30602 0 1.30602
-2 -1 1.5 0.120397 -0.00180219 0.992724 48.5173 1 4.85173
-1 -1 1.5 0.00462903 -0.0191968 0.999805 15.9486 1 1.59486
0 -1 1.5 -0.0714175 -0.0360355 0.996795 120.662 2 1.20662
1 -1 1.5 -0.0180578 -0.00832335 0.999802 1.43978 0 1.43978
2 -1 1.5 -0.00701793 0.000273794 0.999975 2.65014 0 2.65014
-2.5 -0.5 1.5 0.0107755 -0.0137593 0.999847 1.68521 0 1.68521
-1.5 -0.5 1.5 -0.018383 0.00334565 0.999825 43.4013 1 4.34013
-0.5 -0.5 1.5 -0.125506 -0.054904 0.990572 5360.27 3 5.36027
0.5 -0.5 1.5 -0.00588008 0.00274518 0.999979 1.63266 0 1.63266
1.5 -0.5 1.5 -0.0981932 -0.123827 0.987433 1091.19 3 1.09119
2.5 -0.5 1.5 -0.106091 -0.0692311 0.991943 4619.59 3 4.61959
-2 0 1.5 -0.0807287 -0.0223251 0.996486 36.4938 1 3.64938
-1 0 1.5 -0.0800378 -0.148498 0.985668 4048.02 3 4.04802
0 0 1.5 -0.0222553 0.000839388 0.999752 51.6917 1 5.16917
1 0 1.5 0.00320401 0.00385083 0.999987 2.38566 0 2.38566
2 0 1.5 -0.0261943 0.00224119 0.999654 53.6508 1 5.36508
-2.5 0.5 1.5 -0.0349574 -0.00265497 0.999385 33.9107 1 3.39107
-1.5 0.5 1.5 0.0951106 -0.0650084 0.993342 44.4133 1 4.44133
-0.5 0.5 1.5 -0.0586839 -0.022531 0.998022 28.2358 1 2.82358
0.5 0.5 1.5 -0.11491 -0.0210582 0.993153 205.351 2 2.05351
1.5 0.5 1.5 -0.0249607 -0.0238705 0.999403 12.2008 1 1.22008
2.5 0.5 1.5 -0.0265859 -0.00516761 0.999633 60.005 1 6.0005
-2 1 1.5 -0.0165885 0.00140173 0.999861 42.2629 1 4.22629
-1 1 1.5 -0.0057898 0.00191515 0.999981 2.46668 0 2.46668
0 1 1.5 -0.00620641 0.00345293 0.999975 2.33146 0 2.33146
1 1 1.5 -0.0965091 -0.0148053 0.995222 169.1 2 1.691
2 1 1.5 -0.00396927 -0.00280431 0.999988 2.17089 0 2.17089
-2.5 1.5 1.5 0.0397646 -0.0890608 0.995232 1371.47 3 1.37147
-1.5 1.5 1.5 -0.0781846 -0.00506136 0.996926 322.766 2 3.22766
-0.5 1.5 1.5 -0.0119362 -0.00286029 0.999925 1.54544 0 1.54544
0.5 1.5 1.5 -0.106661 -0.0126864 0.994215 183.471 2 1.83471
1.5 1.5 1.5 -0.0150031 0.00454157 0.999877 1.72701 0 1.72701
