450
-2.5 -1.5 -1.5 0.136203 -0.138044 0.981016 38469.2 4 3.84692
-1.5 -1.5 -1.5 0.025971 -0.137645 0.990141 8933.85 3 8.93385
-0.5 -1.5 -1.5 0.100225 0.0694747 0.992536 46.2693 1 4.62693
0.5 -1.5 -1.5 -0.121845 -0.0428423 0.991624 829.647 2 8.29647
1.5 -1.5 -1.5 0.0215189 -0.011621 0.999701 56.9172 1 5.69172
2.5 -1.5 -1.5 0.0934569 0.191244 0.977083 16.2972 1 1.62972
-2 -1 -1.5 0.147176 0.147176 0.978099 1.58552 0 1.58552
-1 -1 -1.5 0.0515948 -0.202829 0.977854 4330.43 3 4.33043
0 -1 -1.5 0.0801402 -0.223493 0.971405 22690.6 4 2.26906
1 -1 -1.5 0.137246 0.0622199 0.988581 66.6541 1 6.66541
2 -1 -1.5 -0.0050684 -0.124316 0.99223 30493.8 4 3.04938
-2.5 -0.5 -1.5 0.033166 0.0252181 0.999132 4.70604 0 4.70604
-1.5 -0.5 -1.5 -0.0886082 -0.0402287 0.995254 5031.26 3 5.03126
-0.5 -0.5 -1.5 0.131149 -0.209976 0.96887 1169.34 3 1.16934
0.5 -0.5 -1.5 -0.0397663 -0.130453 0.990657 1732.98 3 1.73298
1.5 -0.5 -1.5 -0.0499391 -0.0734481 0.996048 1052.55 3 1.05255
2.5 -0.5 -1.5 -0.0212189 -0.0484476 0.9986 758.262 2 7.58262
-2 0 -1.5 0.033169 0.0696217 0.997022 23.1312 1 2.31312
-1 0 -1.5 0.079752 0.147636 0.985821 3.77796 0 3.77796
0 0 -1.5 -0.0279083 -0.0697491 0.997174 370.094 2 3.70094
1 0 -1.5 0.0447389 0.0417968 0.998124 1.61095 0 1.61095
2 0 -1.5 0.116113 0.0803518 0.989981 7.30494 0 7.30494
-2.5 0.5 -1.5 0.108605 -0.0219266 0.993843 662.138 2 6.62138
-1.5 0.5 -1.5 0.141241 0.153354 0.978025 3.01599 0 3.01599
-0.5 0.5 -1.5 0.00498446 -0.131795 0.991265 10197.6 4 1.01976
0.5 0.5 -1.5 -0.0346336 -0.0638941 0.997356 89.1181 1 8.91181
1.5 0.5 -1.5 0.0367602 0.0325188 0.998795 1.47266 0 1.47266
2.5 0.5 -1.5 0.0178041 -0.176807 0.984084 27615.6 4 2.76156
-2 1 -1.5 -0.00989949 -0.0330395 0.999405 123.825 2 1.23825
-1 1 -1.5 0.175387 -0.0769657 0.981486 396.299 2 3.96299
0 1 -1.5 0.00522049 0.0697816 0.997549 10.471 1 1.0471
1 1 -1.5 -0.090753 -0.038887 0.995114 7887.22 3 7.88722
2 1 -1.5 0.183799 0.117542 0.975911 1.40986 0 1.40986
-2.5 1.5 -1.5 0.0609815 0.0609815 0.996274 809.819 2 8.09819
-1.5 1.5 -1.5 0.263608 -0.138067 0.954698 49516.4 4 4.95164
-0.5 1.5 -1.5 0.116613 -0.175077 0.977624 24959 4 2.4959
0.5 1.5 -1.5 0.119335 0.137749 0.983252 2.4243 0 2.4243
1.5 1.5 -1.5 0.060791 -0.177222 0.982292 28081.9 4 2.80819
2.5 1.5 -1.5 -0.0322301 -0.0320643 0.998966 228.509 2 2.28509
-1.75 -1.25 -1.25 0.163073 -0.0713244 0.984033 6172.47 3 6.17247
-0.75 -1.25 -1.25 -0.0593281 -0.138371 0.988602 2292.31 3 2.29231
0.25 -1.25 -1.25 -0.0504765 -0.138581 0.989064 127.855 2 1.27855
1.25 -1.25 -1.25 0.0111047 0.0237884 0.999655 41.4355 1 4.14355
2.25 -1.25 -1.25 0.166046 0.172886 0.970845 2.17422 0 2.17422
-2.25 -0.75 -1.25 -0.0238867 0.112842 0.993326 93.5492 1 9.35492
-1.25 -0.75 -1.25 0.0297323 -0.120692 0.992245 11537.9 4 1.15379
-0.25 -0.75 -1.25 0.0471018 -0.188646 0.980915 1474.31 3 1.47431
0.75 -0.75 -1.25 -0.0843119 -0.0843119 0.992866 856.136 2 8.56136
1.75 -0.75 -1.25 0.133999 0.150622 0.979468 5.51429 0 5.51429
-1.75 -0.25 -1.25 0.0478938 0.0463716 0.997775 1.00269 0 1.00269
-0.75 -0.25 -1.25 -0.00786801 -0.166515 0.986008 68480.7 4 6.84807
0.25 -0.25 -1.25 0.0227915 -0.130862 0.991139 33412.8 4 3.34128
1.25 -0.25 -1.25 0.0680189 0.0078065 0.997653 453.336 2 4.53336
2.25 -0.25 -1.25 -0.0146697 0.0620274 0.997967 192.907 2 1.92907
-2.25 0.25 -1.25 0.0123984 0.0200373 0.999722 648.927 2 6.48927
-1.25 0.25 -1.25 0.0406397 0.0752084 0.996339 36.197 1 3.6197
-0.25 0.25 -1.25 0.000572279 -0.00654882 0.999978 18.3766 1 1.83766
0.75 0.25 -1.25 -0.0634042 -0.120922 0.990635 8150.94 3 8.15094
1.75 0.25 -1.25 0.0362711 0.0423878 0.998443 9.52216 0 9.52216
-1.75 0.75 -1.25 0.0560398 0.0626646 0.99646 3.24255 0 3.24255
-0.75 0.75 -1.25 0.115568 -0.216709 0.969372 3122.24 3 3.12224
0.25 0.75 -1.25 -0.00127544 -0.148582 0.988899 746.835 2 7.46835
1.25 0.75 -1.25 -0.0344667 -0.06809 0.997084 1543.8 3 1.5438
2.25 0.75 -1.25 0.206351 0.0748883 0.975608 14.4016 1 1.44016
-2.25 1.25 -1.25 0.127476 -0.0460928 0.99077 435.111 2 4.35111
-1.25 1.25 -1.25 -0.00155235 -0.106861 0.994273 38033.9 4 3.80339
-0.25 1.25 -1.25 0.0390204 0.0380216 0.998515 5.34301 0 5.34301
0.75 1.25 -1.25 0.121229 0.0937241 0.98819 1.16628 0 1.16628
1.75 1.25 -1.25 0.106411 -0.0542223 0.992843 5223.88 3 5.22388
-2 -1.5 -1 -0.0462124 -0.0462124 0.997862 1254.08 3 1.25408
-1 -1.5 -1 0.175004 0.0973918 0.979739 18.2851 1 1.82851
0 -1.5 -1 -0.0158238 -0.12186 0.992421 2975.05 3 2.97505
1 -1.5 -1 -0.0110314 -0.16971 0.985432 5244.61 3 5.24461
2 -1.5 -1 0.0803518 0.116113 0.989981 7.30494 0 7.30494
-2.5 -1 -1 -0.0376811 -0.0376811 0.998579 1244.72 3 1.24472
-1.5 -1 -1 -0.040193 0.0219237 0.998951 50.5419 1 5.05419
-0.5 -1 -1 0.203193 -0.0706011 0.97659 2983.8 3 2.9838
0.5 -1 -1 0.00605524 -0.000425402 0.999982 46.1464 1 4.61464
1.5 -1 -1 0.011912 -0.0601737 0.998117 390.891 2 3.90891
2.5 -1 -1 0.137749 0.119335 0.983252 2.4243 0 2.4243
-2 -0.5 -1 0.168101 0.133579 0.976677 1.54701 0 1.54701
-1 -0.5 -1 0.0847542 0.0689396 0.994014 1.44603 0 1.44603
0 -0.5 -1 0.0838382 -0.21831 0.972272 6309.46 3 6.30946
1 -0.5 -1 0.00680047 -0.164184 0.986406 1861.04 3 1.86104
2 -0.5 -1 0.0187762 0.0187762 0.999647 668.655 2 6.68655
-2.5 0 -1 -0.0234354 -0.0904846 0.995622 14033.7 4 1.40337
-1.5 0 -1 0.0240351 0.0333035 0.999156 4.85143 0 4.85143
-0.5 0 -1 0.0987218 0.0987218 0.990206 7.45531 0 7.45531
0.5 0 -1 -0.00162943 -0.0934194 0.995626 9238.48 3 9.23848
1.5 0 -1 -0.00152146 0.020561 0.999787 585.928 2 5.85928
2.5 0 -1 0.0250383 -0.0815049 0.996358 30304.6 4 3.03046
-2 0.5 -1 0.118544 0.170092 0.978272 17.5915 1 1.75915
-1 0.5 -1 0.0377075 -0.170623 0.984615 96603.4 4 9.66034
0 0.5 -1 -0.011803 -0.15291 0.98817 95075.6 4 9.50756
1 0.5 -1 0.00462219 -0.120712 0.992677 14566 4 1.4566
2 0.5 -1 0.143175 -0.21077 0.966994 19578.6 4 1.95786
-2.5 1 -1 -0.00650854 0.0390153 0.999217 14.3132 1 1.43132
-1.5 1 -1 -0.0437766 -0.0437766 0.998082 19211.6 4 1.92116
-0.5 1 -1 0.172886 0.166046 0.970845 2.17422 0 2.17422
0.5 1 -1 -0.0982006 -0.0629779 0.993172 150.071 2 1.50071
1.5 1 -1 -0.027628 -0.132666 0.990776 2185.08 3 2.18508
2.5 1 -1 -0.0355165 -0.0355165 0.998738 422.356 2 4.22356
-2 1.5 -1 0.0585692 0.068851 0.995906 8.4554 0 8.4554
-1 1.5 -1 0.258811 -0.0795851 0.962644 1662.47 3 1.66247
0 1.5 -1 -0.0381685 -0.0258054 0.998938 906.028 2 9.06028
1 1.5 -1 -0.0393728 -0.15188 0.987614 6890.95 3 6.89095
2 1.5 -1 0.0955935 -0.219461 0.970927 30504.3 4 3.05043
-2.25 -1.25 -0.75 -0.0366266 -0.0720418 0.996729 40531.8 4 4.05318
-1.25 -1.25 -0.75 -0.031295 -0.100656 0.994429 9824.69 3 9.82469
-0.25 -1.25 -0.75 -0.00249097 -0.0862812 0.996268 83.5521 1 8.35521
0.75 -1.25 -0.75 0.0252181 0.033166 0.999132 4.70604 0 4.70604
1.75 -1.25 -0.75 0.0398211 -0.077225 0.996218 1226.59 3 1.22659
-1.75 -0.75 -0.75 0.323564 -0.204886 0.923758 13233.4 4 1.32334
-0.75 -0.75 -0.75 0.0727362 0.0727362 0.994695 71.0113 1 7.10113
0.25 -0.75 -0.75 -0.0608787 -0.0359261 0.997498 1215.09 3 1.21509
1.25 -0.75 -0.75 -0.06809 -0.0344667 0.997084 1543.8 3 1.5438
2.25 -0.75 -0.75 0.0516305 -0.22206 0.973665 59338.1 4 5.93381
-2.25 -0.25 -0.75 0.0731738 -0.155211 0.985168 1297.03 3 1.29703
-1.25 -0.25 -0.75 0.0214744 -0.0883408 0.995859 121.372 2 1.21372
-0.25 -0.25 -0.75 -0.039118 -0.0298071 0.99879 651.944 2 6.51944
0.75 -0.25 -0.75 0.0200373 0.0123984 0.999722 648.927 2 6.48927
1.75 -0.25 -0.75 -0.00571723 -0.172011 0.985078 7565.47 3 7.56547
-1.75 0.25 -0.75 -0.131452 0.00707476 0.991297 361.822 2 3.61822
-0.75 0.25 -0.75 0.151332 -0.0310607 0.987995 757.654 2 7.57654
0.25 0.25 -0.75 0.0325188 0.0367602 0.998795 1.47266 0 1.47266
1.25 0.25 -0.75 0.151431 0.151431 0.976799 1.6045 0 1.6045
2.25 0.25 -0.75 -0.00801231 -0.20755 0.978192 51170.9 4 5.11709
-2.25 0.75 -0.75 0.0228342 0.0561631 0.99816 21.2144 1 2.12144
-1.25 0.75 -0.75 0.0415926 0.0230847 0.998868 46.9921 1 4.69921
-0.25 0.75 -0.75 -0.0617748 -0.0617748 0.996177 5198.5 3 5.1985
0.75 0.75 -0.75 -0.0512048 -0.0259014 0.998352 408.765 2 4.08765
1.75 0.75 -0.75 -0.0629576 -0.098683 0.993125 233.716 2 2.33716
-1.75 1.25 -0.75 -0.0653254 -0.00102166 0.997863 47.5258 1 4.75258
-0.75 1.25 -0.75 -0.025126 -0.117026 0.992811 4481.33 3 4.48133
0.25 1.25 -0.75 -0.0310092 -0.101391 0.994363 9334.24 3 9.33424
1.25 1.25 -0.75 -0.0298071 -0.039118 0.99879 651.944 2 6.51944
2.25 1.25 -0.75 0.0325734 -0.0469039 0.998368 5990.99 3 5.99099
-2.5 -1.5 -0.5 0.163117 -0.115232 0.979854 5079.65 3 5.07965
-1.5 -1.5 -0.5 0.155184 0.177075 0.971886 1.14298 0 1.14298
-0.5 -1.5 -0.5 0.0391135 -0.0805958 0.995979 42.9616 1 4.29616
0.5 -1.5 -0.5 0.0563474 0.0396814 0.997622 1.0785 0 1.0785
1.5 -1.5 -0.5 -0.0317906 -0.0786706 0.996394 1100.67 3 1.10067
2.5 -1.5 -0.5 -0.0676488 -0.045355 0.996678 234.086 2 2.34086
-2 -1 -0.5 0.0424118 0.0424118 0.9982 5.59072 0 5.59072
-1 -1 -0.5 0.0516586 0.0255774 0.998337 54.6593 1 5.46593
0 -1 -0.5 0.0151541 -0.0212572 0.999659 110.801 2 1.10801
1 -1 -0.5 0.140304 -0.124102 0.9823 9664.1 3 9.6641
2 -1 -0.5 0.191087 -0.00482066 0.981561 1662.64 3 1.66264
-2.5 -0.5 -0.5 0.00530452 -0.0589829 0.998245 737.173 2 7.37173
-1.5 -0.5 -0.5 -0.00524087 -0.12708 0.991879 13859.2 4 1.38592
-0.5 -0.5 -0.5 0.0937241 0.121229 0.98819 1.16628 0 1.16628
0.5 -0.5 -0.5 0.0255774 0.0516586 0.998337 54.6593 1 5.46593
1.5 -0.5 -0.5 -0.0493665 -0.0493665 0.99756 1593.01 3 1.59301
2.5 -0.5 -0.5 0.0626646 0.0560398 0.99646 3.24255 0 3.24255
-2 0 -0.5 0.0694747 0.100225 0.992536 46.2693 1 4.62693
-1 0 -0.5 0.0848474 0.0146089 0.996287 60.1478 1 6.01478
0 0 -0.5 -0.156345 0.00849469 0.987666 118.997 2 1.18997
1 0 -0.5 0.038016 -0.195393 0.979988 9042.11 3 9.04211
2 0 -0.5 -0.0283249 -0.0531802 0.998183 609.464 2 6.09464
-2.5 0.5 -0.5 0.363719 -0.262024 0.893897 40546.5 4 4.05465
-1.5 0.5 -0.5 -0.0531802 -0.0283249 0.998183 609.464 2 6.09464
-0.5 0.5 -0.5 0.00202539 0.00912803 0.999956 30.5703 1 3.05703
0.5 0.5 -0.5 0.103565 0.124848 0.986756 4.04431 0 4.04431
1.5 0.5 -0.5 0.00566492 -0.173563 0.984806 44209.8 4 4.42098
2.5 0.5 -0.5 0.115221 -0.201043 0.972783 59818.9 4 5.98189
-2 1 -0.5 0.0770265 0.0770265 0.994049 6907.9 3 6.9079
-1 1 -0.5 0.168351 0.168351 0.971245 35.1659 1 3.51659
0 1 -0.5 0.0498688 0.0222265 0.998508 21.0208 1 2.10208
1 1 -0.5 0.171025 0.0646551 0.983143 33.1919 1 3.31919
2 1 -0.5 0.0237884 0.0111047 0.999655 41.4355 1 4.14355
-2.5 1.5 -0.5 0.133885 -0.00337879 0.990991 6801.23 3 6.80123
-1.5 1.5 -0.5 -0.00314711 -0.196948 0.980409 16352.3 4 1.63523
-0.5 1.5 -0.5 0.00940809 0.00940809 0.999911 58.234 1 5.8234
0.5 1.5 -0.5 0.00371464 -0.0849161 0.996381 13270.8 4 1.32708
1.5 1.5 -0.5 0.067853 -0.195824 0.978289 16457.1 4 1.64571
2.5 1.5 -0.5 0.0646551 0.171025 0.983143 33.1919 1 3.31919
-1.75 -1.25 -0.25 0.25174 -0.0285217 0.967375 1586.94 3 1.58694
-0.75 -1.25 -0.25 0.0448359 0.0860436 0.995282 68.0948 1 6.80948
0.25 -1.25 -0.25 0.0692387 -0.0101113 0.997549 492.139 2 4.92139
1.25 -1.25 -0.25 -0.0156279 -0.1344 0.990804 54154.6 4 5.41546
2.25 -1.25 -0.25 -0.0320643 -0.0322301 0.998966 228.509 2 2.28509
-2.25 -0.75 -0.25 0.140234 -0.258994 0.955645 15268.2 4 1.52682
-1.25 -0.75 -0.25 -0.045355 -0.0676488 0.996678 234.086 2 2.34086
-0.25 -0.75 -0.25 -0.132666 -0.027628 0.990776 2185.08 3 2.18508
0.75 -0.75 -0.25 -0.0356236 -0.13652 0.989997 5482.59 3 5.48259
1.75 -0.75 -0.25 -0.0629779 -0.0982006 0.993172 150.071 2 1.50071
-1.75 -0.25 -0.25 0.166714 0.166714 0.971809 1.18229 0 1.18229
-0.75 -0.25 -0.25 -0.0786706 -0.0317906 0.996394 1100.67 3 1.10067
0.25 -0.25 -0.25 0.170092 0.118544 0.978272 17.5915 1 1.75915
1.25 -0.25 -0.25 0.0623311 0.0812522 0.994743 2.33823 0 2.33823
2.25 -0.25 -0.25 0.26428 -0.194705 0.944588 43050.6 4 4.30506
-2.25 0.25 -0.25 0.0162491 -0.158233 0.987268 11642.5 4 1.16425
-1.25 0.25 -0.25 -0.0480648 -0.0290684 0.998421 818.908 2 8.18908
-0.25 0.25 -0.25 0.135996 0.026565 0.990353 41.3728 1 4.13728
0.75 0.25 -0.25 -0.122986 -0.0683251 0.990054 560.301 2 5.60301
1.75 0.25 -0.25 -0.0545223 -0.0363891 0.997849 6938.19 3 6.93819
-1.75 0.75 -0.25 0.146107 0.146107 0.97842 1.81167 0 1.81167
-0.75 0.75 -0.25 0.0432545 0.0606456 0.997222 6.13726 0 6.13726
0.25 0.75 -0.25 0.0360827 -0.250692 0.967394 19484 4 1.9484
1.25 0.75 -0.25 -0.0211399 -0.000684564 0.999776 17.2614 1 1.72614
2.25 0.75 -0.25 0.055524 0.0402378 0.997646 2.33139 0 2.33139
-2.25 1.25 -0.25 0.026565 0.135996 0.990353 41.3728 1 4.13728
-1.25 1.25 -0.25 -0.0144491 -0.0743439 0.997128 2725.23 3 2.72523
-0.25 1.25 -0.25 0.0545608 0.0588908 0.996772 1.16855 0 1.16855
0.75 1.25 -0.25 -0.038887 -0.090753 0.995114 7887.22 3 7.88722
1.75 1.25 -0.25 0.098525 0.098525 0.990245 1.52291 0 1.52291
-2 -1.5 0 0.023425 -0.0708369 0.997213 21544.2 4 2.15442
-1 -1.5 0 0.153354 0.141241 0.978025 3.01599 0 3.01599
0 -1.5 0 -0.00740469 -0.00223344 0.99997 34.4658 1 3.44658
1 -1.5 0 0.0582926 0.069286 0.995892 38.3032 1 3.83032
2 -1.5 0 -0.0199693 -0.115079 0.993156 2873.28 3 2.87328
-2.5 -1 0 -0.0734481 -0.0499391 0.996048 1052.55 3 1.05255
-1.5 -1 0 -0.00709973 -0.17829 0.983952 1125.62 3 1.12562
-0.5 -1 0 0.0581706 0.0581706 0.99661 6.38401 0 6.38401
0.5 -1 0 0.0537644 -0.175531 0.983005 11735.8 4 1.17358
1.5 -1 0 0.0487953 -0.173204 0.983676 549.83 2 5.4983
2.5 -1 0 0.0268889 -0.0453222 0.99861 2666.45 3 2.66645
-2 -0.5 0 -0.0228413 -0.139031 0.990025 3742.93 3 3.74293
-1 -0.5 0 0.0417968 0.0447389 0.998124 1.61095 0 1.61095
0 -0.5 0 0.0822472 -0.122799 0.989018 2539.17 3 2.53917
1 -0.5 0 -0.000751505 -0.0846836 0.996408 1203.85 3 1.20385
2 -0.5 0 0.0333035 0.0240351 0.999156 4.85143 0 4.85143
-2.5 0 0 0.00912803 0.00202539 0.999956 30.5703 1 3.05703
-1.5 0 0 0.0511188 0.0511188 0.997383 2.39431 0 2.39431
-0.5 0 0 0.0114346 0.0318186 0.999428 45.0686 1 4.50686
0.5 0 0 -0.00127094 -0.00127094 0.999998 35.5056 1 3.55056
1.5 0 0 0.0689396 0.0847542 0.994014 1.44603 0 1.44603
2.5 0 0 0.00659257 -0.082905 0.996536 19629.4 4 1.96294
-2 0.5 0 -0.0187796 -0.111552 0.993581 178.899 2 1.78899
-1 0.5 0 0.202384 -0.238965 0.949703 55241 4 5.5241
0 0.5 0 0.0517578 0.0384345 0.99792 1.81816 0 1.81816
1 0.5 0 0.0357745 -0.179912 0.983032 51158 4 5.1158
2 0.5 0 -0.0168014 -0.13148 0.991176 85268 4 8.5268
-2.5 1 0 0.0842308 -0.121255 0.989041 112.194 2 1.12194
-1.5 1 0 -0.0259014 -0.0512048 0.998352 408.765 2 4.08765
-0.5 1 0 0.0390153 -0.00650854 0.999217 14.3132 1 1.43132
0.5 1 0 0.150707 0.144552 0.977953 9.04206 0 9.04206
1.5 1 0 0.169454 -0.109299 0.979459 7533.06 3 7.53306
2.5 1 0 0.0333363 -0.141264 0.98941 33396.5 4 3.33965
-2 1.5 0 -0.0270688 -0.129523 0.991207 140.429 2 1.40429
-1 1.5 0 0.0545067 0.0361323 0.997859 2.85888 0 2.85888
0 1.5 0 0.0836928 0.0560822 0.994912 6.63968 0 6.63968
1 1.5 0 0.0203106 -0.0246263 0.99949 278.777 2 2.78777
2 1.5 0 -0.0638941 -0.0346336 0.997356 89.1181 1 8.91181
-2.25 -1.25 0.25 -0.0428423 -0.121845 0.991624 829.647 2 8.29647
-1.25 -1.25 0.25 0.0437345 -0.242713 0.969112 37961.2 4 3.79612
-0.25 -1.25 0.25 0.124848 0.103565 0.986756 4.04431 0 4.04431
0.75 -1.25 0.25 0.140614 0.140614 0.980028 7.74176 0 7.74176
1.75 -1.25 0.25 0.0696217 0.033169 0.997022 23.1312 1 2.31312
-1.75 -0.75 0.25 0.150622 0.133999 0.979468 5.51429 0 5.51429
-0.75 -0.75 0.25 -0.0331391 -0.112485 0.993101 6822.95 3 6.82295
0.25 -0.75 0.25 0.12132 -0.232242 0.965062 13708.6 4 1.37086
1.25 -0.75 0.25 0.0588908 0.0545608 0.996772 1.16855 0 1.16855
2.25 -0.75 0.25 -0.0228472 -0.0228472 0.999478 760.251 2 7.60251
-2.25 -0.25 0.25 0.0179857 -0.155733 0.987635 25958.5 4 2.59585
-1.25 -0.25 0.25 0.00772219 -0.0261167 0.999629 20.4988 1 2.04988
-0.25 -0.25 0.25 -0.0402287 -0.0886082 0.995254 5031.26 3 5.03126
0.75 -0.25 0.25 0.021091 -0.0990124 0.994863 618.668 2 6.18668
1.75 -0.25 0.25 -0.0349911 -0.127814 0.991181 73849 4 7.3849
-1.75 0.25 0.25 0.00707476 -0.131452 0.991297 361.822 2 3.61822
-0.75 0.25 0.25 0.0541901 -0.0726089 0.995887 2458.89 3 2.45889
0.25 0.25 0.25 0.0423878 0.0362711 0.998443 9.52216 0 9.52216
1.25 0.25 0.25 0.00841579 -0.214277 0.976737 34162.9 4 3.41629
2.25 0.25 0.25 0.00749521 0.00862655 0.999935 49.1592 1 4.91592
-2.25 0.75 0.25 0.078596 -0.074748 0.9941 3956.81 3 3.95681
-1.25 0.75 0.25 0.0460767 -0.0518943 0.997589 19.5065 1 1.95065
-0.25 0.75 0.25 0.0622199 0.137246 0.988581 66.6541 1 6.66541
0.75 0.75 0.25 -0.0360756 -0.0658706 0.997176 526.681 2 5.26681
1.75 0.75 0.25 0.117542 0.183799 0.975911 1.40986 0 1.40986
-1.75 1.25 0.25 0.102388 0.056365 0.993146 1.3839 0 1.3839
-0.75 1.25 0.25 -0.0768198 -0.0768198 0.994081 1674.14 3 1.67414
0.25 1.25 0.25 -0.0218596 -0.0951318 0.995225 71089.9 4 7.10899
1.25 1.25 0.25 0.0756211 -0.164075 0.983545 283.491 2 2.83491
2.25 1.25 0.25 0.056365 0.102388 0.993146 1.3839 0 1.3839
-2.5 -1.5 0.5 -0.011621 0.0215189 0.999701 56.9172 1 5.69172
-1.5 -1.5 0.5 -0.0445809 -0.077141 0.996023 3096.37 3 3.09637
-0.5 -1.5 0.5 -0.098683 -0.0629576 0.993125 233.716 2 2.33716
0.5 -1.5 0.5 0.0923452 -0.0660171 0.993536 16.6274 1 1.66274
1.5 -1.5 0.5 -0.0258054 -0.0381685 0.998938 906.028 2 9.06028
2.5 -1.5 0.5 0.0384345 0.0517578 0.99792 18.1816 1 1.81816
-2 -1 0.5 0.0606456 0.0432545 0.997222 6.13726 0 6.13726
-1 -1 0.5 -0.0330395 -0.00989949 0.999405 123.825 2 1.23825
0 -1 0.5 0.0758069 -0.116693 0.990271 1846.01 3 1.84601
1 -1 0.5 0.0888355 -0.227031 0.969827 94481.9 4 9.44819
2 -1 0.5 0.0479499 -0.124587 0.991049 40322.1 4 4.03221
-2.5 -0.5 0.5 0.022708 -0.136291 0.990409 4606.41 3 4.60641
-1.5 -0.5 0.5 0.00862655 0.00749521 0.999935 49.1592 1 4.91592
-0.5 -0.5 0.5 0.144552 0.150707 0.977953 9.04206 0 9.04206
0.5 -0.5 0.5 0.251524 -0.0434478 0.966875 13486 4 1.3486
1.5 -0.5 0.5 -0.0518943 0.0460767 0.997589 19.5065 1 1.95065
2.5 -0.5 0.5 -0.0327998 -0.181559 0.982833 30914.9 4 3.09149
-2 0 0.5 0.114618 -0.184443 0.976137 20150 4 2.015
-1 0 0.5 0.168149 -0.187919 0.967684 96390.1 4 9.63901
0 0 0.5 0.147636 0.079752 0.985821 3.77796 0 3.77796
1 0 0.5 0.0396814 0.0563474 0.997622 1.0785 0 1.0785
2 0 0.5 0.0457819 0.0457819 0.997902 4.21532 0 4.21532
-2.5 0.5 0.5 0.0519419 0.0519419 0.997298 3.04802 0 3.04802
-1.5 0.5 0.5 0.0132097 -0.0902027 0.995836 45797.5 4 4.57975
-0.5 0.5 0.5 -0.0111776 -0.0161406 0.999807 31.1745 1 3.11745
0.5 0.5 0.5 0.133579 0.168101 0.976677 1.54701 0 1.54701
1.5 0.5 0.5 -0.0697491 -0.0279083 0.997174 370.094 2 3.70094
2.5 0.5 0.5 0.0138738 -0.161795 0.986727 10013.2 4 1.00132
-2 1 0.5 0.068851 0.0585692 0.995906 8.4554 0 8.4554
-1 1 0.5 -0.0693525 -0.0510337 0.996286 8435.39 3 8.43539
0 1 0.5 0.0973918 0.175004 0.979739 18.2851 1 1.82851
1 1 0.5 0.0926204 0.0188849 0.995522 768.404 2 7.68404
2 1 0.5 -0.0362042 -0.0976217 0.994565 6087.86 3 6.08786
-2.5 1.5 0.5 -0.0397814 -0.0927766 0.994892 3252.29 3 3.25229
-1.5 1.5 0.5 0.0214893 0.0238958 0.999483 1.21626 0 1.21626
-0.5 1.5 0.5 -0.0290684 -0.0480648 0.998421 818.908 2 8.18908
0.5 1.5 0.5 -0.0254583 -0.0652215 0.997546 18630.6 4 1.86306
1.5 1.5 0.5 -0.0954471 -0.0954471 0.990848 132.355 2 1.32355
2.5 1.5 0.5 -0.00223344 -0.00740469 0.99997 34.4658 1 3.44658
-1.75 -1.25 0.75 0.178361 0.178361 0.967665 8.19857 0 8.19857
-0.75 -1.25 0.75 0.111339 0.111339 0.987526 1.19068 0 1.19068
0.25 -1.25 0.75 -0.0261167 0.00772219 0.999629 20.4988 1 2.04988
1.25 -1.25 0.75 -0.0308898 -0.0954244 0.994957 218.795 2 2.18795
2.25 -1.25 0.75 0.110489 -0.243924 0.96348 45329.5 4 4.53295
-2.25 -0.75 0.75 -0.0161795 -0.191334 0.981392 70191.3 4 7.01913
-1.25 -0.75 0.75 0.175343 0.0529108 0.983085 192.572 2 1.92572
-0.25 -0.75 0.75 -0.0394585 -0.0664673 0.997008 12531.9 4 1.25319
0.75 -0.75 0.75 -0.0683251 -0.122986 0.990054 560.301 2 5.60301
1.75 -0.75 0.75 -0.012076 -0.172202 0.984988 2220.3 3 2.2203
-1.75 -0.25 0.75 0.188174 -0.162952 0.968523 4751.07 3 4.75107
-0.75 -0.25 0.75 -0.0856783 -0.0856783 0.992632 1789.76 3 1.78976
0.25 -0.25 0.75 -0.0326409 -0.171875 0.984578 22641.7 4 2.26417
1.25 -0.25 0.75 0.0715827 -0.204174 0.976314 81697.4 4 8.16974
2.25 -0.25 0.75 0.104951 0.118623 0.987377 4.14327 0 4.14327
-2.25 0.25 0.75 -0.0222377 -0.112437 0.99341 22816.7 4 2.28167
-1.25 0.25 0.75 0.0501879 0.0144905 0.998635 16.946 1 1.6946
-0.25 0.25 0.75 -0.0638906 -0.0638906 0.99591 6316.83 3 6.31683
0.75 0.25 0.75 -0.0658706 -0.0360756 0.997176 526.681 2 5.26681
1.75 0.25 0.75 -0.0883408 0.0214744 0.995859 121.372 2 1.21372
-1.75 0.75 0.75 0.0463716 0.0478938 0.997775 1.00269 0 1.00269
-0.75 0.75 0.75 0.0560822 0.0836928 0.994912 6.63968 0 6.63968
0.25 0.75 0.75 0.0154833 0.030745 0.999407 77.396 1 7.7396
1.25 0.75 0.75 0.165024 0.126237 0.978178 2.82719 0 2.82719
2.25 0.75 0.75 0.0681215 -0.175452 0.982128 27383.9 4 2.73839
-2.25 1.25 0.75 -0.0365922 -0.0365922 0.99866 48.8857 1 4.88857
-1.25 1.25 0.75 0.020561 -0.00152146 0.999787 585.928 2 5.85928
-0.25 1.25 0.75 -0.00102166 -0.0653254 0.997863 47.5258 1 4.75258
0.75 1.25 0.75 0.213689 -0.0283861 0.976489 52061.2 4 5.20612
1.75 1.25 0.75 0.0431125 -0.133864 0.990061 24241.9 4 2.42419
-2 -1.5 1 -0.148582 -0.00127544 0.988899 746.835 2 7.46835
-1 -1.5 1 0.0188849 0.0926204 0.995522 768.404 2 7.68404
0 -1.5 1 0.00474122 -0.172582 0.984984 1549.22 3 1.54922
1 -1.5 1 0.0825535 0.0736613 0.993861 6.98891 0 6.98891
2 -1.5 1 -0.0510337 -0.0693525 0.996286 8435.39 3 8.43539
-2.5 -1 1 0.00843869 -0.135042 0.990804 63037.8 4 6.30378
-1.5 -1 1 -0.138581 -0.0504765 0.989064 127.855 2 1.27855
-0.5 -1 1 -0.0164015 -0.0966299 0.995185 11689.2 4 1.16892
0.5 -1 1 -0.0660171 0.0923452 0.993536 16.6274 1 1.66274
1.5 -1 1 0.183781 0.183781 0.965634 3.63533 0 3.63533
2.5 -1 1 0.0812522 0.0623311 0.994743 2.33823 0 2.33823
-2 -0.5 1 0.0402378 0.055524 0.997646 23.3139 1 2.33139
-1 -0.5 1 -0.0862812 -0.00249097 0.996268 83.5521 1 8.35521
0 -0.5 1 0.0813726 -0.233126 0.969036 70800.1 4 7.08001
1 -0.5 1 0.126237 0.165024 0.978178 2.82719 0 2.82719
2 -0.5 1 0.0146089 0.0848474 0.996287 60.1478 1 6.01478
-2.5 0 1 0.0697816 0.00522049 0.997549 10.471 1 1.0471
-1.5 0 1 0.0872575 0.0872575 0.992357 47.6871 1 4.76871
-0.5 0 1 -0.05076 -0.0865425 0.994954 3172.73 3 3.17273
0.5 0 1 0.00872067 -0.0177968 0.999804 402.434 2 4.02434
1.5 0 1 -0.0254879 -0.11964 0.99249 1176.2 3 1.1762
2.5 0 1 0.0503405 -0.208326 0.976763 12602 4 1.2602
-2 0.5 1 0.0353618 0.049356 0.998155 4.04257 0 4.04257
-1 0.5 1 0.177075 0.155184 0.971886 1.14298 0 1.14298
0 0.5 1 0.215474 -0.174231 0.960841 38086.3 4 3.80863
1 0.5 1 0.115713 0.115713 0.98652 198.378 2 1.98378
2 0.5 1 0.0219237 -0.040193 0.998951 505.419 2 5.05419
-2.5 1 1 0.18108 -0.250902 0.950925 19636.9 4 1.96369
-1.5 1 1 0.22504 0.0353547 0.973708 152.019 2 1.52019
-0.5 1 1 0.19218 -0.00391738 0.981352 322.894 2 3.22894
0.5 1 1 0.0539615 -0.186666 0.98094 20913.4 4 2.09134
1.5 1 1 0.0561631 0.0228342 0.99816 21.2144 1 2.12144
2.5 1 1 0.0485904 0.0485904 0.997636 2.36768 0 2.36768
-2 1.5 1 0.064471 0.064471 0.995835 3.32566 0 3.32566
-1 1.5 1 -0.0190482 -0.218257 0.975705 10298.9 4 1.02989
0 1.5 1 0.0380216 0.0390204 0.998515 5.34301 0 5.34301
1 1.5 1 0.0627334 0.0996611 0.993042 43.2293 1 4.32293
2 1.5 1 0.00849469 -0.156345 0.987666 118.997 2 1.18997
-2.25 -1.25 1.25 0.0361323 0.0545067 0.997859 2.85888 0 2.85888
-1.25 -1.25 1.25 0.0860436 0.0448359 0.995282 68.0948 1 6.80948
-0.25 -1.25 1.25 -0.00654882 0.000572279 0.999978 18.3766 1 1.83766
0.75 -1.25 1.25 0.0752084 0.0406397 0.996339 36.197 1 3.6197
1.75 -1.25 1.25 0.118623 0.104951 0.987377 4.14327 0 4.14327
-1.75 -0.75 1.25 0.0736613 0.0825535 0.993861 6.98891 0 6.98891
-0.75 -0.75 1.25 0.0238958 0.0214893 0.999483 1.21626 0 1.21626
0.25 -0.75 1.25 0.200397 -0.0821698 0.976263 3486.58 3 3.48658
1.25 -0.75 1.25 -0.00499438 -0.141449 0.989933 1634.44 3 1.63444
2.25 -0.75 1.25 0.0222265 0.0498688 0.998508 21.0208 1 2.10208
-2.25 -0.25 1.25 -0.000425402 0.00605524 0.999982 46.1464 1 4.61464
-1.25 -0.25 1.25 0.0144905 0.0501879 0.998635 16.946 1 1.6946
-0.25 -0.25 1.25 0.0384983 -0.12128 0.991871 69719.5 4 6.97195
0.75 -0.25 1.25 0.0216305 -0.15523 0.987642 20182.4 4 2.01824
1.75 -0.25 1.25 -0.0956086 -0.0474598 0.994287 386.024 2 3.86024
-1.75 0.25 1.25 -0.0363891 -0.0545223 0.997849 6938.19 3 6.93819
-0.75 0.25 1.25 -0.0371784 -0.0783758 0.99623 32703.4 4 3.27034
0.25 0.25 1.25 0.0262928 -0.114479 0.993078 16904.2 4 1.69042
1.25 0.25 1.25 0.289579 -0.111366 0.950653 15869.5 4 1.58695
2.25 0.25 1.25 -0.0161255 -0.118418 0.992833 11947 4 1.1947
-2.25 0.75 1.25 0.0764444 0.0764444 0.994139 2.40309 0 2.40309
-1.25 0.75 1.25 -0.0954244 -0.0308898 0.994957 218.795 2 2.18795
-0.25 0.75 1.25 -0.0865425 -0.05076 0.994954 3172.73 3 3.17273
0.75 0.75 1.25 0.049356 0.0353618 0.998155 4.04257 0 4.04257
1.75 0.75 1.25 -0.0296739 -0.0296739 0.999119 935.148 2 9.35148
-1.75 1.25 1.25 -0.0359261 -0.0608787 0.997498 1215.09 3 1.21509
-0.75 1.25 1.25 -0.0246263 0.0203106 0.99949 278.777 2 2.78777
0.25 1.25 1.25 0.0909644 -0.213252 0.972753 15640.4 4 1.56404
1.25 1.25 1.25 0.227324 0.0181518 0.97365 1315.28 3 1.31528
2.25 1.25 1.25 0.0355681 0.0355681 0.998734 10.705 1 1.0705
-2.5 -1.5 1.5 0.0599037 -0.0508234 0.996909 158.826 2 1.58826
-1.5 -1.5 1.5 -0.0161406 -0.0111776 0.999807 31.1745 1 3.11745
-0.5 -1.5 1.5 -0.0412525 -0.164569 0.985503 41405.9 4 4.14059
0.5 -1.5 1.5 0.0904971 -0.192328 0.977149 13132.5 4 1.31325
1.5 -1.5 1.5 0.143538 0.143538 0.97918 5.65541 0 5.65541
2.5 -1.5 1.5 0.116618 -0.120006 0.9859 5582.08 3 5.58208
-2 -1 1.5 0.0620274 -0.0146697 0.997967 192.907 2 1.92907
-1 -1 1.5 0.069286 0.0582926 0.995892 38.3032 1 3.83032
0 -1 1.5 -0.0454646 -0.0734818 0.99626 4307.79 3 4.30779
1 -1 1.5 0.138839 0.138839 0.980534 18.7703 1 1.87703
2 -1 1.5 0.0996611 0.0627334 0.993042 43.2293 1 4.32293
-2.5 -0.5 1.5 -0.045525 -0.239656 0.96979 20643.5 4 2.06435
-1.5 -0.5 1.5 0.0318186 0.0114346 0.999428 45.0686 1 4.50686
-0.5 -0.5 1.5 -0.000684564 -0.0211399 0.999776 17.2614 1 1.72614
0.5 -0.5 1.5 0.0479277 -0.202201 0.978171 54174.3 4 5.41743
1.5 -0.5 1.5 0.030745 0.0154833 0.999407 77.396 1 7.7396
2.5 -0.5 1.5 0.0252739 -0.17334 0.984538 82628.6 4 8.26286
-2 0 1.5 -0.0382925 -0.0382925 0.998533 123.724 2 1.23724
-1 0 1.5 -0.009532 -0.0904865 0.995852 17000.7 4 1.70007
0 0 1.5 -0.077141 -0.0445809 0.996023 3096.37 3 3.09637
1 0 1.5 0.112842 -0.0238867 0.993326 93.5492 1 9.35492
2 0 1.5 0.191244 0.0934569 0.977083 16.2972 1 1.62972
-2.5 0.5 1.5 0.170659 0.00357713 0.985324 375.796 2 3.75796
-1.5 0.5 1.5 -0.0589829 0.00530452 0.998245 737.173 2 7.37173
-0.5 0.5 1.5 -0.129523 -0.0270688 0.991207 140.429 2 1.40429
0.5 0.5 1.5 0.0347219 -0.0290349 0.998975 384.671 2 3.84671
1.5 0.5 1.5 -0.0805958 0.0391135 0.995979 42.9616 1 4.29616
2.5 0.5 1.5 -0.0177968 0.00872067 0.999804 402.434 2 4.02434
-2 1 1.5 0.0327727 0.0327727 0.998925 4.98649 0 4.98649
-1 1 1.5 0.10758 -0.164615 0.980474 1879.78 3 1.87978
0 1 1.5 0.205225 0.0612243 0.976798 170.255 2 1.70255
1 1 1.5 0.0078065 0.0680189 0.997653 453.336 2 4.53336
2 1 1.5 -0.0128868 -0.0564875 0.99832 21484.4 4 2.14844
-2.5 1.5 1.5 -0.0474598 -0.0956086 0.994287 386.024 2 3.86024
-1.5 1.5 1.5 0.0230847 0.0415926 0.998868 46.9921 1 4.69921
-0.5 1.5 1.5 0.224984 0.00209108 0.97436 1797.4 3 1.7974
0.5 1.5 1.5 -0.00753898 -0.161687 0.986813 27622.1 4 2.76221
1.5 1.5 1.5 0.0723687 -0.191456 0.97883 1438.77 3 1.43877
2.5 1.5 1.5 0.00302555 -0.156975 0.987598 3388.08 3 3.38808
