450
-2.5 -1.5 -1.5 -0.676255 -0.118506 0.727073 12064 4 1.2064
-1.5 -1.5 -1.5 -0.597284 -0.204811 0.775438 4705.5 3 4.7055
-0.5 -1.5 -1.5 -0.106097 0.0065554 0.994334 7.19998 0 7.19998
0.5 -1.5 -1.5 -0.588646 -0.325308 0.740047 77.5393 1 7.75393
1.5 -1.5 -1.5 -0.550105 -0.21466 0.807035 6336.36 3 6.33636
2.5 -1.5 -1.5 -0.572642 -0.439931 0.691768 22324.3 4 2.23243
-2 -1 -1.5 -0.551609 -0.0481142 0.832714 10.0508 1 1.00508
-1 -1 -1.5 -0.690561 -0.217715 0.689728 163.711 2 1.63711
0 -1 -1.5 -0.728845 -0.222446 0.647536 903.835 2 9.03835
1 -1 -1.5 -0.718604 -0.152242 0.67855 5795.25 3 5.79525
2 -1 -1.5 -0.568593 -0.228682 0.790194 409.609 2 4.09609
-2.5 -0.5 -1.5 -0.427593 -0.296227 0.854057 70518.2 4 7.05182
-1.5 -0.5 -1.5 -0.432762 -0.258336 0.863701 55.4966 1 5.54966
-0.5 -0.5 -1.5 -0.746804 -0.150649 0.647757 145.393 2 1.45393
0.5 -0.5 -1.5 -0.665726 -0.268682 0.696146 48.9578 1 4.89578
1.5 -0.5 -1.5 -0.456979 -0.209045 0.864563 2.40661 0 2.40661
2.5 -0.5 -1.5 -0.590146 -0.0894984 0.80232 332.168 2 3.32168
-2 0 -1.5 -0.649073 -0.268728 0.711681 60.1618 1 6.01618
-1 0 -1.5 -0.594465 -0.415909 0.688208 4305.69 3 4.30569
0 0 -1.5 -0.504977 -0.140352 0.851645 53.9385 1 5.39385
1 0 -1.5 -0.537497 -0.23214 0.810683 31343.4 4 3.13434
2 0 -1.5 -0.688299 -0.262876 0.676122 536.532 2 5.36532
-2.5 0.5 -1.5 -0.628829 -0.205997 0.749759 93605.5 4 9.36055
-1.5 0.5 -1.5 -0.644409 -0.351111 0.679307 1072.18 3 1.07218
-0.5 0.5 -1.5 -0.557022 -0.1905 0.808354 3.65746 0 3.65746
0.5 0.5 -1.5 -0.64481 -0.205904 0.736087 2.66578 0 2.66578
1.5 0.5 -1.5 -0.572281 -0.192549 0.797132 20551 4 2.0551
2.5 0.5 -1.5 -0.596605 -0.193833 0.778776 258.777 2 2.58777
-2 1 -1.5 -0.555608 -0.129924 0.82123 602.347 2 6.02347
-1 1 -1.5 -0.720302 -0.201253 0.663824 1383.84 3 1.38384
0 1 -1.5 -0.632787 -0.344012 0.693712 761.552 2 7.61552
1 1 -1.5 -0.343841 -0.215704 0.913918 1.30152 0 1.30152
2 1 -1.5 -0.738418 -0.1351 0.660672 44033 4 4.4033
-2.5 1.5 -1.5 -0.575221 -0.297234 0.762084 19990.3 4 1.99903
-1.5 1.5 -1.5 -0.633586 -0.220706 0.741524 11953.6 4 1.19536
-0.5 1.5 -1.5 -0.61149 -0.248138 0.751337 1056.17 3 1.05617
0.5 1.5 -1.5 -0.148827 0.00882338 0.988824 70.5218 1 7.05218
1.5 1.5 -1.5 -0.608658 -0.215088 0.763722 952.555 2 9.52555
2.5 1.5 -1.5 -0.27124 -0.223239 0.936266 80.5608 1 8.05608
-2.25 -1.25 -1.25 -0.630588 -0.212018 0.746597 33379.2 4 3.33792
-1.25 -1.25 -1.25 -0.583568 -0.0768368 0.808421 17.1054 1 1.71054
-0.25 -1.25 -1.25 -0.621883 -0.282792 0.730267 58.5765 1 5.85765
0.75 -1.25 -1.25 -0.421019 -0.297291 0.856949 4075.33 3 4.07533
1.75 -1.25 -1.25 -0.672664 -0.292439 0.679708 9200.22 3 9.20022
-1.75 -0.75 -1.25 -0.567395 -0.441208 0.695268 339.56 2 3.3956
-0.75 -0.75 -1.25 -0.57896 -0.217458 0.785823 1.39851 0 1.39851
0.25 -0.75 -1.25 -0.658429 -0.149624 0.73762 3.08646 0 3.08646
1.25 -0.75 -1.25 -0.595142 -0.311258 0.740894 22.7706 1 2.27706
2.25 -0.75 -1.25 -0.65281 -0.331279 0.681244 765.876 2 7.65876
-2.25 -0.25 -1.25 -0.376812 -0.181808 0.908272 725.08 2 7.2508
-1.25 -0.25 -1.25 -0.570531 -0.135247 0.810063 59.3241 1 5.93241
-0.25 -0.25 -1.25 -0.581422 -0.24876 0.774639 146.701 2 1.46701
0.75 -0.25 -1.25 -0.66439 -0.322242 0.674348 3397.72 3 3.39772
1.75 -0.25 -1.25 -0.506367 -0.341495 0.791817 6012.71 3 6.01271
-1.75 0.25 -1.25 -0.177768 0.0233878 0.983794 1.7344 0 1.7344
-0.75 0.25 -1.25 -0.216457 0.00676818 0.976269 19.2423 1 1.92423
0.25 0.25 -1.25 -0.477958 -0.196132 0.856206 164.813 2 1.64813
1.25 0.25 -1.25 -0.673056 -0.300002 0.676014 32.2311 1 3.22311
2.25 0.25 -1.25 -0.465316 -0.130122 0.875528 303.411 2 3.03411
-2.25 0.75 -1.25 -0.472535 -0.162882 0.86613 5822.09 3 5.82209
-1.25 0.75 -1.25 -0.744512 -0.128389 0.655147 205.511 2 2.05511
-0.25 0.75 -1.25 -0.655452 -0.210128 0.725416 11.604 1 1.1604
0.75 0.75 -1.25 -0.408829 -0.154721 0.8994 4.15128 0 4.15128
1.75 0.75 -1.25 -0.76259 -0.078535 0.642098 89583.9 4 8.95839
-1.75 1.25 -1.25 -0.723286 -0.217729 0.655326 4795.67 3 4.79567
-0.75 1.25 -1.25 -0.621359 -0.276165 0.733243 1.12063 0 1.12063
0.25 1.25 -1.25 -0.489116 -0.283388 0.824898 52651.7 4 5.26517
1.25 1.25 -1.25 -0.110746 -0.0291064 0.993422 61.2598 1 6.12598
2.25 1.25 -1.25 -0.653014 -0.157532 0.740781 56319.8 4 5.63198
-2 -1.5 -1 -0.30213 -0.117454 0.946003 1.86373 0 1.86373
-1 -1.5 -1 -0.689235 -0.283601 0.666727 43083.8 4 4.30838
0 -1.5 -1 -0.65344 -0.232566 0.720367 7.49405 0 7.49405
1 -1.5 -1 -0.694868 -0.235081 0.679628 575.937 2 5.75937
2 -1.5 -1 -0.620465 -0.389116 0.680891 871.15 2 8.7115
-2.5 -1 -1 -0.544061 -0.28306 0.789857 1032.56 3 1.03256
-1.5 -1 -1 -0.456209 -0.330131 0.82637 1399.1 3 1.3991
-0.5 -1 -1 -0.763055 -0.0727422 0.642227 4455.01 3 4.45501
0.5 -1 -1 -0.138261 -0.0451744 0.989365 1.66857 0 1.66857
1.5 -1 -1 -0.612335 -0.132077 0.779488 2259.13 3 2.25913
2.5 -1 -1 -0.126357 -0.00574261 0.991968 87.7799 1 8.77799
-2 -0.5 -1 -0.682547 -0.263339 0.681749 36252.6 4 3.62526
-1 -0.5 -1 -0.668679 -0.233419 0.705963 228.7 2 2.287
0 -0.5 -1 -0.739351 -0.106353 0.664867 29.1423 1 2.91423
1 -0.5 -1 -0.671477 -0.171525 0.720901 1.1956 0 1.1956
2 -0.5 -1 -0.127795 0.017123 0.991653 2.49742 0 2.49742
-2.5 0 -1 -0.452302 -0.136902 0.881295 2.60905 0 2.60905
-1.5 0 -1 -0.461756 -0.270771 0.844668 3473.44 3 3.47344
-0.5 0 -1 -0.66349 -0.27685 0.695079 167.189 2 1.67189
0.5 0 -1 -0.674997 -0.0765041 0.733843 47826.8 4 4.78268
1.5 0 -1 -0.243024 0.0276301 0.969627 8.40016 0 8.40016
2.5 0 -1 -0.698609 -0.0608992 0.712908 18120.1 4 1.81201
-2 0.5 -1 -0.655833 -0.343659 0.672147 57839.2 4 5.78392
-1 0.5 -1 -0.674823 -0.0917142 0.732259 17658.7 4 1.76587
0 0.5 -1 -0.549205 -0.102506 0.829377 9.33811 0 9.33811
1 0.5 -1 -0.538499 -0.156243 0.828014 5.98799 0 5.98799
2 0.5 -1 -0.739152 -0.109976 0.664499 542.874 2 5.42874
-2.5 1 -1 -0.447664 -0.35211 0.821958 2018.04 3 2.01804
-1.5 1 -1 -0.420359 -0.216328 0.881193 2.01674 0 2.01674
-0.5 1 -1 -0.619455 -0.21325 0.755513 1426.27 3 1.42627
0.5 1 -1 -0.581959 -0.28192 0.762788 1.19973 0 1.19973
1.5 1 -1 -0.604435 -0.238159 0.760223 8.47203 0 8.47203
2.5 1 -1 -0.426269 -0.195271 0.883269 13.2141 1 1.32141
-2 1.5 -1 -0.265979 -0.0913447 0.959641 29650.6 4 2.96506
-1 1.5 -1 -0.747775 -0.199088 0.633401 70087.4 4 7.00874
0 1.5 -1 -0.165619 -0.0398892 0.985383 8.5278 0 8.5278
1 1.5 -1 -0.636959 -0.0752748 0.767214 654.997 2 6.54997
2 1.5 -1 -0.704318 -0.277252 0.653505 141.629 2 1.41629
-1.75 -1.25 -0.75 -0.636063 -0.291467 0.714473 4.42512 0 4.42512
-0.75 -1.25 -0.75 -0.492289 -0.18428 0.850701 1.60187 0 1.60187
0.25 -1.25 -0.75 -0.586807 -0.0318363 0.809101 5.77437 0 5.77437
1.25 -1.25 -0.75 -0.611884 -0.186891 0.768551 20114.2 4 2.01142
2.25 -1.25 -0.75 -0.650097 -0.123469 0.749753 85945.7 4 8.59457
-2.25 -0.75 -0.75 -0.725529 -0.260638 0.636926 11188.9 4 1.11889
-1.25 -0.75 -0.75 -0.570899 -0.292439 0.767172 56548.7 4 5.65487
-0.25 -0.75 -0.75 -0.260412 -0.126798 0.957135 2.49043 0 2.49043
0.75 -0.75 -0.75 -0.333404 -0.189357 0.923572 7.81408 0 7.81408
1.75 -0.75 -0.75 -0.725724 -0.196941 0.659195 132.263 2 1.32263
-1.75 -0.25 -0.75 -0.651053 -0.135879 0.746771 31074.6 4 3.10746
-0.75 -0.25 -0.75 -0.662776 -0.28868 0.690935 541.951 2 5.41951
0.25 -0.25 -0.75 -0.30541 -0.13561 0.942515 3.18219 0 3.18219
1.25 -0.25 -0.75 -0.0959586 0.0113609 0.99532 3.27709 0 3.27709
2.25 -0.25 -0.75 -0.666562 -0.286318 0.688271 904.094 2 9.04094
-2.25 0.25 -0.75 -0.598016 -0.366631 0.712712 51.1376 1 5.11376
-1.25 0.25 -0.75 -0.73985 -0.110578 0.663622 1102.62 3 1.10262
-0.25 0.25 -0.75 -0.455466 -0.290634 0.841477 4826.18 3 4.82618
0.75 0.25 -0.75 -0.686795 -0.273859 0.673286 12715.3 4 1.27153
1.75 0.25 -0.75 -0.611478 -0.111151 0.783416 34.7699 1 3.47699
-1.75 0.75 -0.75 -0.383947 -0.0633779 0.921177 52.9649 1 5.29649
-0.75 0.75 -0.75 -0.403749 0.0156176 0.914736 1.69512 0 1.69512
0.25 0.75 -0.75 -0.463755 -0.228223 0.856064 42.42 1 4.242
1.25 0.75 -0.75 -0.39317 -0.223956 0.891774 17.4171 1 1.74171
2.25 0.75 -0.75 -0.606956 -0.258751 0.751433 2.96458 0 2.96458
-2.25 1.25 -0.75 -0.594544 -0.318587 0.738255 68.4557 1 6.84557
-1.25 1.25 -0.75 -0.531058 -0.168376 0.830438 18.2471 1 1.82471
-0.25 1.25 -0.75 -0.450163 -0.0802973 0.889329 4.44019 0 4.44019
0.75 1.25 -0.75 -0.355729 -0.123178 0.926436 2.33294 0 2.33294
1.75 1.25 -0.75 -0.70118 -0.29161 0.650623 2627.84 3 2.62784
-2.5 -1.5 -0.5 -0.653742 -0.165402 0.73842 20464.2 4 2.04642
-1.5 -1.5 -0.5 -0.651824 -0.325901 0.684773 45405 4 4.5405
-0.5 -1.5 -0.5 -0.669971 -0.156939 0.725609 62.6255 1 6.26255
0.5 -1.5 -0.5 -0.358786 -0.206929 0.910194 13778.3 4 1.37783
1.5 -1.5 -0.5 -0.393491 -0.0907596 0.914837 7.60241 0 7.60241
2.5 -1.5 -0.5 -0.477773 -0.257776 0.839812 732.058 2 7.32058
-2 -1 -0.5 -0.532257 -0.254556 0.807406 43397.7 4 4.33977
-1 -1 -0.5 -0.624101 -0.197441 0.755986 73229.8 4 7.32298
0 -1 -0.5 -0.649468 -0.111933 0.752105 23879.8 4 2.38798
1 -1 -0.5 -0.719461 -0.170689 0.673232 199.661 2 1.99661
2 -1 -0.5 -0.69471 -0.306296 0.650816 48552.3 4 4.85523
-2.5 -0.5 -0.5 -0.562381 -0.229636 0.794352 2137.62 3 2.13762
-1.5 -0.5 -0.5 -0.579783 -0.259336 0.772396 2547.33 3 2.54733
-0.5 -0.5 -0.5 -0.197731 -0.0100918 0.980204 33.3045 1 3.33045
0.5 -0.5 -0.5 -0.475528 -0.342709 0.8102 24597.9 4 2.45979
1.5 -0.5 -0.5 -0.369681 -0.172221 0.913058 5.92062 0 5.92062
2.5 -0.5 -0.5 -0.385362 -0.208879 0.898813 1032.86 3 1.03286
-2 0 -0.5 -0.150383 0.0344097 0.988029 4.5855 0 4.5855
-1 0 -0.5 -0.627539 -0.201931 0.751943 26240.9 4 2.62409
0 0 -0.5 -0.515174 -0.362678 0.77657 1.83481 0 1.83481
1 0 -0.5 -0.675114 -0.185264 0.714072 21.9533 1 2.19533
2 0 -0.5 -0.402914 -0.107846 0.908862 14.6815 1 1.46815
-2.5 0.5 -0.5 -0.638002 -0.231719 0.734343 43160.7 4 4.31607
-1.5 0.5 -0.5 -0.268682 -0.153297 0.950952 4.34234 0 4.34234
-0.5 0.5 -0.5 -0.376125 -0.315172 0.871319 4650.75 3 4.65075
0.5 0.5 -0.5 -0.664099 -0.312646 0.679135 1038.99 3 1.03899
1.5 0.5 -0.5 -0.584622 -0.165 0.79435 39.006 1 3.9006
2.5 0.5 -0.5 -0.729926 -0.248145 0.636893 6073.41 3 6.07341
-2 1 -0.5 -0.578453 -0.301689 0.757876 70166.7 4 7.01667
-1 1 -0.5 -0.165627 0.00377143 0.986181 1.04584 0 1.04584
0 1 -0.5 -0.569922 -0.259891 0.779516 3666.37 3 3.66637
1 1 -0.5 -0.714558 -0.171878 0.678133 1126.58 3 1.12658
2 1 -0.5 -0.562109 -0.15702 0.812021 1108.07 3 1.10807
-2.5 1.5 -0.5 -0.605964 -0.257237 0.752753 50925.6 4 5.09256
-1.5 1.5 -0.5 -0.613967 -0.135511 0.777612 422.523 2 4.22523
-0.5 1.5 -0.5 -0.522012 -0.255844 0.813663 9143.75 3 9.14375
0.5 1.5 -0.5 -0.546364 -0.243435 0.80139 2.113 0 2.113
1.5 1.5 -0.5 -0.694234 -0.220192 0.68524 31.3969 1 3.13969
2.5 1.5 -0.5 -0.592793 -0.420717 0.686727 1561.35 3 1.56135
-2.25 -1.25 -0.25 -0.764546 -0.117641 0.633743 11507.8 4 1.15078
-1.25 -1.25 -0.25 -0.536815 -0.332942 0.775229 70786.9 4 7.07869
-0.25 -1.25 -0.25 -0.653214 -0.151578 0.741846 15487.8 4 1.54878
0.75 -1.25 -0.25 -0.552336 -0.195574 0.810355 64.0015 1 6.40015
1.75 -1.25 -0.25 -0.508634 -0.0780328 0.857439 89.6151 1 8.96151
-1.75 -0.75 -0.25 -0.725039 -0.207613 0.65667 245.436 2 2.45436
-0.75 -0.75 -0.25 -0.507826 -0.222134 0.832328 534.339 2 5.34339
0.25 -0.75 -0.25 -0.545039 -0.3365 0.76792 5.3514 0 5.3514
1.25 -0.75 -0.25 -0.540465 -0.101355 0.835239 16.1138 1 1.61138
2.25 -0.75 -0.25 -0.614805 -0.257792 0.745358 3.89427 0 3.89427
-2.25 -0.25 -0.25 -0.65521 -0.304824 0.691218 12554.1 4 1.25541
-1.25 -0.25 -0.25 -0.222106 -0.136984 0.965352 3.08645 0 3.08645
-0.25 -0.25 -0.25 -0.717707 -0.219133 0.660967 27467.1 4 2.74671
0.75 -0.25 -0.25 -0.309081 -0.0869651 0.947051 1976.4 3 1.9764
1.75 -0.25 -0.25 -0.656064 -0.175898 0.733921 74705.5 4 7.47055
-1.75 0.25 -0.25 -0.580573 -0.135605 0.802837 3.66003 0 3.66003
-0.75 0.25 -0.25 -0.115724 -0.0375832 0.99257 1.05438 0 1.05438
0.25 0.25 -0.25 -0.693395 -0.251463 0.675255 6900.71 3 6.90071
1.25 0.25 -0.25 -0.635049 -0.33405 0.696508 12.9486 1 1.29486
2.25 0.25 -0.25 -0.0782842 -0.0413719 0.996072 1.50857 0 1.50857
-2.25 0.75 -0.25 -0.653904 -0.336379 0.677686 16596.3 4 1.65963
-1.25 0.75 -0.25 -0.523466 -0.318059 0.790457 19413.7 4 1.94137
-0.25 0.75 -0.25 -0.625235 -0.159297 0.764007 156.477 2 1.56477
0.75 0.75 -0.25 -0.416013 -0.266533 0.869421 282.064 2 2.82064
1.75 0.75 -0.25 -0.173798 -0.065102 0.982627 21.3956 1 2.13956
-1.75 1.25 -0.25 -0.631015 -0.375989 0.678567 4445.82 3 4.44582
-0.75 1.25 -0.25 -0.641114 -0.0869948 0.762499 1258.26 3 1.25826
0.25 1.25 -0.25 -0.467746 -0.185938 0.864084 90661.2 4 9.06612
1.25 1.25 -0.25 -0.454329 -0.148492 0.878371 4.72142 0 4.72142
2.25 1.25 -0.25 -0.136889 -0.040619 0.989753 7607.1 3 7.6071
-2 -1.5 0 -0.554012 -0.234418 0.798824 1.40406 0 1.40406
-1 -1.5 0 -0.692495 -0.238646 0.680808 2096.31 3 2.09631
0 -1.5 0 -0.320268 -0.169652 0.932012 56.7944 1 5.67944
1 -1.5 0 -0.161806 0.00653033 0.986801 30.1173 1 3.01173
2 -1.5 0 -0.555165 -0.20816 0.805271 117.191 2 1.17191
-2.5 -1 0 -0.422343 -0.233188 0.875928 3.25989 0 3.25989
-1.5 -1 0 -0.68414 -0.204556 0.700078 81.2254 1 8.12254
-0.5 -1 0 -0.560727 -0.281748 0.77859 15765.9 4 1.57659
0.5 -1 0 -0.605415 -0.221376 0.764503 1679.14 3 1.67914
1.5 -1 0 -0.704215 -0.137366 0.696572 12.9951 1 1.29951
2.5 -1 0 -0.580119 -0.277316 0.76587 4344.23 3 4.34423
-2 -0.5 0 -0.564747 -0.136551 0.813889 10.7136 1 1.07136
-1 -0.5 0 -0.502862 -0.26719 0.822034 39799.4 4 3.97994
0 -0.5 0 -0.605704 -0.235537 0.76003 2975.75 3 2.97575
1 -0.5 0 -0.571182 -0.244069 0.783698 7315.21 3 7.31521
2 -0.5 0 -0.52734 -0.195372 0.826887 1903.75 3 1.90375
-2.5 0 0 -0.602611 -0.115466 0.789637 6446.73 3 6.44673
-1.5 0 0 -0.217156 -0.0485561 0.974928 15.8294 1 1.58294
-0.5 0 0 -0.43264 -0.368123 0.822987 29841 4 2.9841
0.5 0 0 -0.35804 -0.144785 0.922412 42.9023 1 4.29023
1.5 0 0 -0.613433 -0.299145 0.730899 911.808 2 9.11808
2.5 0 0 -0.528739 -0.207825 0.822948 3.6067 0 3.6067
-2 0.5 0 -0.57201 -0.150737 0.806277 205.97 2 2.0597
-1 0.5 0 -0.726552 -0.233796 0.646112 1685.73 3 1.68573
0 0.5 0 -0.560803 -0.250378 0.789184 10721.7 4 1.07217
1 0.5 0 -0.601846 -0.191179 0.775391 14.6423 1 1.46423
2 0.5 0 -0.529509 -0.159132 0.833245 9.86578 0 9.86578
-2.5 1 0 -0.721875 -0.19021 0.66537 689.926 2 6.89926
-1.5 1 0 -0.466022 -0.169206 0.868443 88.318 1 8.8318
-0.5 1 0 -0.618122 -0.160867 0.769446 41150.8 4 4.11508
0.5 1 0 -0.49777 -0.0945759 0.862137 154.849 2 1.54849
1.5 1 0 -0.764471 -0.0738522 0.640414 222.878 2 2.22878
2.5 1 0 -0.69803 -0.203621 0.686508 2.00864 0 2.00864
-2 1.5 0 -0.627108 -0.189809 0.755452 4.99364 0 4.99364
-1 1.5 0 -0.335047 -0.219476 0.916282 1201.74 3 1.20174
0 1.5 0 -0.162796 -0.0813239 0.983302 324.1 2 3.241
1 1.5 0 -0.575156 -0.267926 0.772924 1257.34 3 1.25734
2 1.5 0 -0.470932 -0.0977646 0.876735 9.18368 0 9.18368
-1.75 -1.25 0.25 -0.651791 -0.235862 0.720789 37.8372 1 3.78372
-0.75 -1.25 0.25 -0.649825 -0.125179 0.749705 1674.28 3 1.67428
0.25 -1.25 0.25 -0.665006 -0.303261 0.682496 3142.3 3 3.1423
1.25 -1.25 0.25 -0.140058 -0.0158996 0.990016 10.2306 1 1.02306
2.25 -1.25 0.25 -0.692977 -0.173951 0.699659 34.7463 1 3.47463
-2.25 -0.75 0.25 -0.696201 -0.19614 0.690531 2764.19 3 2.76419
-1.25 -0.75 0.25 -0.494348 -0.123844 0.860397 27.7464 1 2.77464
-0.25 -0.75 0.25 -0.653807 -0.150393 0.741565 1135.92 3 1.13592
0.75 -0.75 0.25 -0.421379 -0.204419 0.883546 11344.5 4 1.13445
1.75 -0.75 0.25 -0.535023 -0.269991 0.800534 3053.64 3 3.05364
-1.75 -0.25 0.25 -0.637388 -0.213801 0.740288 1.8933 0 1.8933
-0.75 -0.25 0.25 -0.649576 -0.300218 0.698513 369.036 2 3.69036
0.25 -0.25 0.25 -0.497514 -0.199065 0.844306 29.1669 1 2.91669
1.25 -0.25 0.25 -0.589589 -0.189473 0.785165 1339.44 3 1.33944
2.25 -0.25 0.25 -0.504604 -0.0646891 0.860924 2.4909 0 2.4909
-2.25 0.25 0.25 -0.659035 -0.251549 0.708799 792.244 2 7.92244
-1.25 0.25 0.25 -0.601005 -0.224797 0.76698 8486.88 3 8.48688
-0.25 0.25 0.25 -0.342487 -0.208709 0.916048 882.306 2 8.82306
0.75 0.25 0.25 -0.619583 -0.135745 0.773104 23.2456 1 2.32456
1.75 0.25 0.25 -0.262121 -0.0516504 0.963652 78.5786 1 7.85786
-1.75 0.75 0.25 -0.676965 -0.108188 0.72802 32736.5 4 3.27365
-0.75 0.75 0.25 -0.688636 -0.196834 0.69788 485.267 2 4.85267
0.25 0.75 0.25 -0.605572 -0.390003 0.693671 295.31 2 2.9531
1.25 0.75 0.25 -0.447942 -0.0852569 0.889988 81.9055 1 8.19055
2.25 0.75 0.25 -0.614283 -0.392283 0.684669 19776 4 1.9776
-2.25 1.25 0.25 -0.699875 -0.171722 0.693315 647.833 2 6.47833
-1.25 1.25 0.25 -0.634855 -0.354367 0.686573 245.792 2 2.45792
-0.25 1.25 0.25 -0.540915 -0.250921 0.802776 34.9804 1 3.49804
0.75 1.25 0.25 -0.713657 -0.163683 0.681104 941.582 2 9.41582
1.75 1.25 0.25 -0.629005 -0.35538 0.691417 506.225 2 5.06225
-2.5 -1.5 0.5 -0.49145 -0.296159 0.819003 1169.43 3 1.16943
-1.5 -1.5 0.5 -0.526119 -0.243257 0.814877 177.472 2 1.77472
-0.5 -1.5 0.5 -0.548974 -0.319002 0.77257 1.54461 0 1.54461
0.5 -1.5 0.5 -0.692976 -0.174875 0.69943 143.777 2 1.43777
1.5 -1.5 0.5 -0.262532 -0.0463036 0.963812 4.3342 0 4.3342
2.5 -1.5 0.5 -0.530265 -0.292973 0.795604 1398.6 3 1.3986
-2 -1 0.5 -0.592253 -0.239772 0.76925 11752 4 1.1752
-1 -1 0.5 -0.383322 -0.295889 0.874937 329.348 2 3.29348
0 -1 0.5 -0.625884 -0.180957 0.758633 52376.5 4 5.23765
1 -1 0.5 -0.713379 -0.155888 0.68322 49.4781 1 4.94781
2 -1 0.5 -0.667402 -0.248142 0.70214 3.04827 0 3.04827
-2.5 -0.5 0.5 -0.617833 -0.14768 0.772317 7979.59 3 7.97959
-1.5 -0.5 0.5 -0.192811 -0.04729 0.980096 1.06072 0 1.06072
-0.5 -0.5 0.5 -0.663867 -0.236334 0.709526 783.952 2 7.83952
0.5 -0.5 0.5 -0.76314 -0.0977607 0.638796 32021.3 4 3.20213
1.5 -0.5 0.5 -0.588158 -0.41413 0.69467 673.163 2 6.73163
2.5 -0.5 0.5 -0.602661 -0.106605 0.790845 61.9095 1 6.19095
-2 0 0.5 -0.629844 -0.193179 0.752315 1879.94 3 1.87994
-1 0 0.5 -0.74332 -0.132096 0.655764 394.387 2 3.94387
0 0 0.5 -0.717916 -0.186569 0.670663 3972.58 3 3.97258
1 0 0.5 -0.520163 -0.161084 0.838738 59594.2 4 5.95942
2 0 0.5 -0.450715 -0.196522 0.870767 12060.7 4 1.20607
-2.5 0.5 0.5 -0.227008 -0.096207 0.969129 38963.8 4 3.89638
-1.5 0.5 0.5 -0.679128 -0.261747 0.685765 1.25519 0 1.25519
-0.5 0.5 0.5 -0.465292 -0.109481 0.878361 16.5246 1 1.65246
0.5 0.5 0.5 -0.613599 -0.380606 0.691835 52706.3 4 5.27063
1.5 0.5 0.5 -0.366745 -0.254996 0.894693 21.7261 1 2.17261
2.5 0.5 0.5 -0.706771 -0.261789 0.657222 80.746 1 8.0746
-2 1 0.5 -0.203779 -0.0864406 0.975193 38812 4 3.8812
-1 1 0.5 -0.376109 -0.19233 0.906395 9.9758 0 9.9758
0 1 0.5 -0.617555 -0.398417 0.678152 70732.1 4 7.07321
1 1 0.5 -0.603325 -0.251948 0.756651 14523.9 4 1.45239
2 1 0.5 -0.521059 -0.226063 0.823039 99.3135 1 9.93135
-2.5 1.5 0.5 -0.541309 -0.107457 0.833929 30.458 1 3.0458
-1.5 1.5 0.5 -0.606473 -0.147577 0.781288 11489.9 4 1.14899
-0.5 1.5 0.5 -0.3174 -0.0357051 0.947619 2.3948 0 2.3948
0.5 1.5 0.5 -0.456682 -0.195895 0.867794 1.44441 0 1.44441
1.5 1.5 0.5 -0.626076 -0.299655 0.719885 19.8498 1 1.98498
2.5 1.5 0.5 -0.412008 -0.128886 0.902019 27.4244 1 2.74244
-2.25 -1.25 0.75 -0.68034 -0.244865 0.690781 10481.7 4 1.04817
-1.25 -1.25 0.75 -0.139014 -0.014436 0.990185 48.0274 1 4.80274
-0.25 -1.25 0.75 -0.624957 -0.304864 0.71867 119.596 2 1.19596
0.75 -1.25 0.75 -0.539551 -0.18758 0.820792 342.575 2 3.42575
1.75 -1.25 0.75 -0.719612 -0.181875 0.670135 346.333 2 3.46333
-1.75 -0.75 0.75 -0.597988 -0.0847889 0.797008 5.45689 0 5.45689
-0.75 -0.75 0.75 -0.72223 -0.246036 0.646413 32197.1 4 3.21971
0.25 -0.75 0.75 -0.488948 -0.241467 0.838226 8.32377 0 8.32377
1.25 -0.75 0.75 -0.628727 -0.319258 0.709068 388.376 2 3.88376
2.25 -0.75 0.75 -0.584495 -0.171981 0.792962 720.735 2 7.20735
-2.25 -0.25 0.75 -0.748617 -0.174059 0.639747 1024.73 3 1.02473
-1.25 -0.25 0.75 -0.593125 -0.340792 0.729427 26.4945 1 2.64945
-0.25 -0.25 0.75 -0.67303 -0.0659663 0.736667 2524.04 3 2.52404
0.75 -0.25 0.75 -0.700756 -0.249521 0.668341 211.899 2 2.11899
1.75 -0.25 0.75 -0.156427 -0.0286671 0.987273 529.848 2 5.29848
-1.75 0.25 0.75 -0.635255 -0.313956 0.705608 71.3005 1 7.13005
-0.75 0.25 0.75 -0.589107 -0.206359 0.781261 70592.1 4 7.05921
0.25 0.25 0.75 -0.48989 -0.25587 0.83339 14.1191 1 1.41191
1.25 0.25 0.75 -0.242954 -0.177914 0.953583 5.29393 0 5.29393
2.25 0.25 0.75 -0.601601 -0.394433 0.694621 970.766 2 9.70766
-2.25 0.75 0.75 -0.415235 -0.153743 0.896629 522.443 2 5.22443
-1.25 0.75 0.75 -0.352914 -0.0673696 0.933227 950.173 2 9.50173
-0.25 0.75 0.75 -0.522173 -0.103868 0.846491 178.82 2 1.7882
0.75 0.75 0.75 -0.707218 -0.221452 0.671418 6284.86 3 6.28486
1.75 0.75 0.75 -0.686101 -0.188804 0.70258 4.84369 0 4.84369
-1.75 1.25 0.75 -0.62864 -0.261066 0.732568 17.9308 1 1.79308
-0.75 1.25 0.75 -0.0731231 -0.0036482 0.997316 3.94903 0 3.94903
0.25 1.25 0.75 -0.666851 -0.218488 0.712442 51.7231 1 5.17231
1.25 1.25 0.75 -0.609419 -0.264765 0.747334 17936.6 4 1.79366
2.25 1.25 0.75 -0.675149 -0.281557 0.681836 18.8786 1 1.88786
-2 -1.5 1 -0.556398 -0.423553 0.71486 41.4762 1 4.14762
-1 -1.5 1 -0.543145 -0.339318 0.768021 25329.1 4 2.53291
0 -1.5 1 -0.656497 -0.253705 0.710384 13.2206 1 1.32206
1 -1.5 1 -0.214175 -0.079856 0.973526 262.381 2 2.62381
2 -1.5 1 -0.415522 -0.171247 0.893318 7.30556 0 7.30556
-2.5 -1 1 -0.570912 -0.220979 0.790713 23.2252 1 2.32252
-1.5 -1 1 -0.556028 -0.36979 0.74437 10.2994 1 1.02994
-0.5 -1 1 -0.522171 -0.215979 0.82504 5.70643 0 5.70643
0.5 -1 1 -0.570545 -0.407809 0.71286 208.196 2 2.08196
1.5 -1 1 -0.668408 -0.197024 0.717226 9763.97 3 9.76397
2.5 -1 1 -0.181373 -0.0796164 0.980186 3667.96 3 3.66796
-2 -0.5 1 -0.302696 -0.0560748 0.951436 88.5994 1 8.85994
-1 -0.5 1 -0.590014 -0.286433 0.754877 4.50499 0 4.50499
0 -0.5 1 -0.630901 -0.183181 0.753929 1046.4 3 1.0464
1 -0.5 1 -0.631525 -0.363734 0.684743 3854.83 3 3.85483
2 -0.5 1 -0.496903 -0.364834 0.78739 87494.2 4 8.74942
-2.5 0 1 -0.6919 -0.230508 0.684208 336.263 2 3.36263
-1.5 0 1 -0.129568 0.0208429 0.991351 5.99771 0 5.99771
-0.5 0 1 -0.577869 -0.299892 0.759034 4.13417 0 4.13417
0.5 0 1 -0.111555 -0.0613186 0.991865 2.0644 0 2.0644
1.5 0 1 -0.602863 -0.111912 0.789957 117.052 2 1.17052
2.5 0 1 -0.722368 -0.17121 0.669978 19.6413 1 1.96413
-2 0.5 1 -0.501994 -0.176932 0.846579 92381.3 4 9.23813
-1 0.5 1 -0.712256 -0.194893 0.674321 23252.5 4 2.32525
0 0.5 1 -0.746358 -0.15607 0.646986 2843.22 3 2.84322
1 0.5 1 -0.6585 -0.351897 0.665241 19602.1 4 1.96021
2 0.5 1 -0.580004 -0.174761 0.795647 3849.69 3 3.84969
-2.5 1 1 -0.635234 -0.207307 0.743977 6825 3 6.825
-1.5 1 1 -0.740794 -0.149916 0.65479 15704.6 4 1.57046
-0.5 1 1 -0.743858 -0.118139 0.657813 2296.48 3 2.29648
0.5 1 1 -0.71548 -0.143699 0.683695 3.01317 0 3.01317
1.5 1 1 -0.145743 -0.0788081 0.986179 27.1362 1 2.71362
2.5 1 1 -0.498138 -0.115825 0.859327 12.1722 1 1.21722
-2 1.5 1 -0.429739 -0.190073 0.882721 8406.6 3 8.4066
-1 1.5 1 -0.645792 -0.10103 0.7568 242.669 2 2.42669
0 1.5 1 -0.568919 -0.220173 0.792373 33018.1 4 3.30181
1 1.5 1 -0.630682 -0.369775 0.68228 1334.72 3 1.33472
2 1.5 1 -0.632191 -0.139781 0.762099 1.4175 0 1.4175
-1.75 -1.25 1.25 -0.518231 -0.128575 0.845521 3207.2 3 3.2072
-0.75 -1.25 1.25 -0.600113 -0.247461 0.760675 41422.2 4 4.14222
0.25 -1.25 1.25 -0.445486 -0.230547 0.865095 227.599 2 2.27599
1.25 -1.25 1.25 -0.0891332 -0.0134345 0.995929 50.6344 1 5.06344
2.25 -1.25 1.25 -0.126325 -0.0337283 0.991415 707.497 2 7.07497
-2.25 -0.75 1.25 -0.272294 -0.0751128 0.959278 188.835 2 1.88835
-1.25 -0.75 1.25 -0.402004 -0.306146 0.862941 5678.39 3 5.67839
-0.25 -0.75 1.25 -0.764896 -0.094479 0.637188 1615.31 3 1.61531
0.75 -0.75 1.25 -0.699771 -0.263495 0.663996 396.107 2 3.96107
1.75 -0.75 1.25 -0.540891 -0.303459 0.784442 4856.8 3 4.8568
-1.75 -0.25 1.25 -0.325471 -0.0566879 0.943851 48.8692 1 4.88692
-0.75 -0.25 1.25 -0.491116 -0.326756 0.807487 1712.33 3 1.71233
0.25 -0.25 1.25 -0.587434 -0.243873 0.771652 86.7086 1 8.67086
1.25 -0.25 1.25 -0.703149 -0.233533 0.671597 12.4944 1 1.24944
2.25 -0.25 1.25 -0.597013 -0.356715 0.718562 159.816 2 1.59816
-2.25 0.25 1.25 -0.385077 -0.0370402 0.922141 1.34593 0 1.34593
-1.25 0.25 1.25 -0.540591 -0.263074 0.799095 604.695 2 6.04695
-0.25 0.25 1.25 -0.566104 -0.185913 0.803095 2.34093 0 2.34093
0.75 0.25 1.25 -0.745001 -0.182353 0.641655 19623.8 4 1.96238
1.75 0.25 1.25 -0.500993 -0.120862 0.85697 1.58553 0 1.58553
-1.75 0.75 1.25 -0.235467 -0.0841581 0.968232 2880.77 3 2.88077
-0.75 0.75 1.25 -0.448887 -0.294015 0.843834 915.331 2 9.15331
0.25 0.75 1.25 -0.589382 -0.315753 0.743592 1.53632 0 1.53632
1.25 0.75 1.25 -0.39066 -0.205458 0.897314 14512.9 4 1.45129
2.25 0.75 1.25 -0.21361 -0.0461617 0.975828 6.37316 0 6.37316
-2.25 1.25 1.25 -0.346026 -0.105926 0.932226 1.28266 0 1.28266
-1.25 1.25 1.25 -0.546673 -0.310408 0.777686 1674.2 3 1.6742
-0.25 1.25 1.25 -0.701281 -0.127294 0.701427 7.2106 0 7.2106
0.75 1.25 1.25 -0.778069 -0.0305335 0.627436 17548.5 4 1.75485
1.75 1.25 1.25 -0.636335 -0.335408 0.694679 238.858 2 2.38858
-2.5 -1.5 1.5 -0.622701 -0.170749 0.763602 14685.3 4 1.46853
-1.5 -1.5 1.5 -0.294986 -0.196616 0.935054 71.4514 1 7.14514
-0.5 -1.5 1.5 -0.585659 -0.0775595 0.806838 90.751 1 9.0751
0.5 -1.5 1.5 -0.614303 -0.23844 0.752182 6101.4 3 6.1014
1.5 -1.5 1.5 -0.617463 -0.255398 0.743983 117.98 2 1.1798
2.5 -1.5 1.5 -0.697342 -0.277481 0.660846 7702.94 3 7.70294
-2 -1 1.5 -0.596412 -0.215706 0.773151 24409.1 4 2.44091
-1 -1 1.5 -0.126694 -0.00872745 0.991903 40.4101 1 4.04101
0 -1 1.5 -0.501975 -0.0661379 0.862349 46.1104 1 4.61104
1 -1 1.5 -0.691466 -0.294174 0.6598 14446 4 1.4446
2 -1 1.5 -0.694277 -0.263597 0.669699 2298.23 3 2.29823
-2.5 -0.5 1.5 -0.64003 -0.0779645 0.764384 34.7644 1 3.47644
-1.5 -0.5 1.5 -0.652241 -0.145109 0.743993 42398.8 4 4.23988
-0.5 -0.5 1.5 -0.515691 -0.164925 0.840751 101.547 2 1.01547
0.5 -0.5 1.5 -0.623662 -0.164802 0.764125 2862.64 3 2.86264
1.5 -0.5 1.5 -0.306459 -0.226156 0.924628 101.337 2 1.01337
2.5 -0.5 1.5 -0.594008 -0.165653 0.787219 2.27192 0 2.27192
-2 0 1.5 -0.666288 -0.302718 0.681485 177.807 2 1.77807
-1 0 1.5 -0.496145 -0.175714 0.850273 9.50095 0 9.50095
0 0 1.5 -0.497117 -0.27846 0.821788 241.004 2 2.41004
1 0 1.5 -0.690551 -0.215919 0.690303 972.238 2 9.72238
2 0 1.5 -0.716146 -0.207063 0.666529 80412.3 4 8.04123
-2.5 0.5 1.5 -0.744678 -0.136682 0.653278 8059.69 3 8.05969
-1.5 0.5 1.5 -0.505554 -0.309649 0.805315 3936.44 3 3.93644
-0.5 0.5 1.5 -0.563675 -0.331936 0.756365 4.86639 0 4.86639
0.5 0.5 1.5 -0.679434 -0.0999856 0.726893 89017.1 4 8.90171
1.5 0.5 1.5 -0.578158 -0.372944 0.725704 32.2268 1 3.22268
2.5 0.5 1.5 -0.383062 -0.0413174 0.922798 25.7975 1 2.57975
-2 1 1.5 -0.496145 -0.234735 0.835907 2768.42 3 2.76842
-1 1 1.5 -0.707854 -0.140909 0.692162 266.55 2 2.6655
0 1 1.5 -0.742569 -0.165421 0.64902 55555.1 4 5.55551
1 1 1.5 -0.667367 -0.3336 0.665832 1116.94 3 1.11694
2 1 1.5 -0.492908 -0.229959 0.839143 5.30319 0 5.30319
-2.5 1.5 1.5 -0.661373 -0.269835 0.699839 264.689 2 2.64689
-1.5 1.5 1.5 -0.530418 -0.0739629 0.844504 7.26196 0 7.26196
-0.5 1.5 1.5 -0.71941 -0.231786 0.65477 93849.2 4 9.38492
0.5 1.5 1.5 -0.671196 -0.316809 0.670171 596.835 2 5.96835
1.5 1.5 1.5 -0.695591 -0.247534 0.674448 114.4 2 1.144
2.5 1.5 1.5 -0.644805 -0.105313 0.757057 4549.71 3 4.54971
