450
-2.5 -1.5 -1.5 -0.56391 -0.330423 0.756853 16947.1 4 1.69471
-1.5 -1.5 -1.5 -0.516037 -0.416084 0.748719 5012.86 3 5.01286
-0.5 -1.5 -1.5 -0.225483 -0.302867 0.925974 3.35528 0 3.35528
0.5 -1.5 -1.5 -0.459764 -0.553053 0.694802 82.9328 1 8.29328
1.5 -1.5 -1.5 -0.472673 -0.444076 0.761168 3866.73 3 3.86673
2.5 -1.5 -1.5 -0.284873 -0.551865 0.783768 33428 4 3.3428
-2 -1 -1.5 -0.470317 -0.470317 0.746729 19.2631 1 1.92631
-1 -1 -1.5 -0.571181 -0.430046 0.699152 344.714 2 3.44714
0 -1 -1.5 -0.606916 -0.418121 0.675891 184.532 2 1.84532
1 -1 -1.5 -0.556236 -0.37329 0.742466 9783.8 3 9.7838
2 -1 -1.5 -0.504476 -0.436337 0.745059 445.019 2 4.45019
-2.5 -0.5 -1.5 -0.3652 -0.477868 0.798919 74147.5 4 7.41475
-1.5 -0.5 -1.5 -0.411364 -0.509715 0.755625 25.6946 1 2.56946
-0.5 -0.5 -1.5 -0.632088 -0.349338 0.691685 400.854 2 4.00854
0.5 -0.5 -1.5 -0.569494 -0.477776 0.668885 99.9138 1 9.99138
1.5 -0.5 -1.5 -0.459192 -0.459192 0.760451 2.31126 0 2.31126
2.5 -0.5 -1.5 -0.544618 -0.360657 0.757178 579.252 2 5.79252
-2 0 -1.5 -0.438987 -0.525395 0.728869 69.0875 1 6.90875
-1 0 -1.5 -0.325106 -0.545775 0.772292 8975.12 3 8.97512
0 0 -1.5 -0.501924 -0.408392 0.762423 70.8753 1 7.08753
1 0 -1.5 -0.441925 -0.441925 0.780644 10017.2 4 1.00172
2 0 -1.5 -0.459475 -0.459475 0.760109 326.181 2 3.26181
-2.5 0.5 -1.5 -0.49558 -0.405013 0.768352 62032.9 4 6.20329
-1.5 0.5 -1.5 -0.363146 -0.485783 0.795072 2709.84 3 2.70984
-0.5 0.5 -1.5 -0.531009 -0.394744 0.749804 6.77267 0 6.77267
0.5 0.5 -1.5 -0.521628 -0.473956 0.709415 5.68452 0 5.68452
1.5 0.5 -1.5 -0.462955 -0.419529 0.780812 95544.7 4 9.55447
2.5 0.5 -1.5 -0.53624 -0.399216 0.743689 387.826 2 3.87826
-2 1 -1.5 -0.513353 -0.398139 0.760233 748.347 2 7.48347
-1 1 -1.5 -0.545331 -0.40308 0.734943 1774.65 3 1.77465
0 1 -1.5 -0.438382 -0.531814 0.724566 451.082 2 4.51082
1 1 -1.5 -0.385534 -0.51784 0.763679 5.17357 0 5.17357
2 1 -1.5 -0.517576 -0.339666 0.785329 42182.2 4 4.21822
-2.5 1.5 -1.5 -0.436774 -0.466621 0.769086 67230.2 4 6.72302
-1.5 1.5 -1.5 -0.514135 -0.411734 0.752423 95240.6 4 9.52406
-0.5 1.5 -1.5 -0.507115 -0.437221 0.742747 8739.79 3 8.73979
0.5 1.5 -1.5 -0.236178 -0.236178 0.942571 40.5194 1 4.05194
1.5 1.5 -1.5 -0.542308 -0.402184 0.737666 143.103 2 1.43103
2.5 1.5 -1.5 -0.329808 -0.557102 0.762145 11.2163 1 1.12163
-2.25 -1.25 -1.25 -0.505312 -0.407995 0.760395 24502.6 4 2.45026
-1.25 -1.25 -1.25 -0.567538 -0.33175 0.753553 42.9367 1 4.29367
-0.25 -1.25 -1.25 -0.507989 -0.507989 0.695625 87.6632 1 8.76632
0.75 -1.25 -1.25 -0.382917 -0.516858 0.765658 7353.01 3 7.35301
1.75 -1.25 -1.25 -0.409674 -0.44904 0.794059 3080.55 3 3.08055
-1.75 -0.75 -1.25 -0.316539 -0.590809 0.742124 725.49 2 7.2549
-0.75 -0.75 -1.25 -0.536471 -0.398673 0.743814 2.43225 0 2.43225
0.25 -0.75 -1.25 -0.612516 -0.382166 0.691935 1.22956 0 1.22956
1.25 -0.75 -1.25 -0.449348 -0.541723 0.710368 24.3798 1 2.43798
2.25 -0.75 -1.25 -0.414269 -0.499227 0.761022 307.667 2 3.07667
-2.25 -0.25 -1.25 -0.423631 -0.472967 0.772553 233.162 2 2.33162
-1.25 -0.25 -1.25 -0.558604 -0.352602 0.750755 14.9894 1 1.49894
-0.25 -0.25 -1.25 -0.510282 -0.440498 0.73863 162.757 2 1.62757
0.75 -0.25 -1.25 -0.455179 -0.50243 0.735103 1992.87 3 1.99287
1.75 -0.25 -1.25 -0.393864 -0.513261 0.762519 1366.69 3 1.36669
-1.75 0.25 -1.25 -0.385043 -0.362612 0.848678 1.23732 0 1.23732
-0.75 0.25 -1.25 -0.414285 -0.359517 0.836131 14.0899 1 1.40899
0.25 0.25 -1.25 -0.457291 -0.457291 0.762739 934.942 2 9.34942
1.25 0.25 -1.25 -0.547709 -0.501151 0.669972 48.3017 1 4.83017
2.25 0.25 -1.25 -0.472967 -0.423631 0.772553 233.162 2 2.33162
-2.25 0.75 -1.25 -0.45378 -0.432845 0.778928 2461.91 3 2.46191
-1.25 0.75 -1.25 -0.652149 -0.324996 0.684893 765.544 2 7.65544
-0.25 0.75 -1.25 -0.541723 -0.449348 0.710368 24.3798 1 2.43798
0.75 0.75 -1.25 -0.462654 -0.429936 0.775311 5.01462 0 5.01462
1.75 0.75 -1.25 -0.573256 -0.296418 0.763881 13762.8 4 1.37628
-1.75 1.25 -1.25 -0.560143 -0.416163 0.716274 6676.69 3 6.67669
-0.75 1.25 -1.25 -0.546251 -0.500804 0.67142 2.19433 0 2.19433
0.25 1.25 -1.25 -0.392287 -0.453917 0.800044 85497 4 8.5497
1.25 1.25 -1.25 -0.35327 -0.418332 0.836779 13.8507 1 1.38507
2.25 1.25 -1.25 -0.52425 -0.370071 0.766948 53168.3 4 5.31683
-2 -1.5 -1 -0.416765 -0.448757 0.790522 1.43885 0 1.43885
-1 -1.5 -1 -0.454009 -0.454009 0.76665 21446.9 4 2.14469
0 -1.5 -1 -0.587251 -0.452479 0.671118 1.96753 0 1.96753
1 -1.5 -1 -0.580993 -0.44044 0.684441 122.428 2 1.22428
2 -1.5 -1 -0.36295 -0.537533 0.761134 245.322 2 2.45322
-2.5 -1 -1 -0.451223 -0.484426 0.749486 5498.04 3 5.49804
-1.5 -1 -1 -0.380148 -0.529514 0.758355 2885.7 3 2.8857
-0.5 -1 -1 -0.616214 -0.288234 0.732941 1089.06 3 1.08906
0.5 -1 -1 -0.369962 -0.486777 0.791313 4.02911 0 4.02911
1.5 -1 -1 -0.529514 -0.380148 0.758355 2885.7 3 2.8857
2.5 -1 -1 -0.223504 -0.263572 0.93839 38.7489 1 3.87489
-2 -0.5 -1 -0.417066 -0.417066 0.807534 12203.5 4 1.22035
-1 -0.5 -1 -0.501494 -0.458248 0.733834 305.045 2 3.05045
0 -0.5 -1 -0.672426 -0.298407 0.677345 14.6388 1 1.46388
1 -0.5 -1 -0.619032 -0.391504 0.680826 4.48946 0 4.48946
2 -0.5 -1 -0.362612 -0.385043 0.848678 1.23732 0 1.23732
-2.5 0 -1 -0.49656 -0.397255 0.771762 4.47475 0 4.47475
-1.5 0 -1 -0.413627 -0.489166 0.767874 8957.2 3 8.9572
-0.5 0 -1 -0.473383 -0.473383 0.742844 128.246 2 1.28246
0.5 0 -1 -0.570555 -0.314294 0.75874 85592.6 4 8.55926
1.5 0 -1 -0.41682 -0.33054 0.846762 1.08768 0 1.08768
2.5 0 -1 -0.580029 -0.287992 0.761989 32264.5 4 3.22645
-2 0.5 -1 -0.405259 -0.498361 0.766421 20283.2 4 2.02832
-1 0.5 -1 -0.581175 -0.312342 0.75145 33756.7 4 3.37567
0 0.5 -1 -0.567588 -0.325014 0.756445 2.9077 0 2.9077
1 0.5 -1 -0.538281 -0.368638 0.757866 1.31615 0 1.31615
2 0.5 -1 -0.642012 -0.314966 0.699011 204.104 2 2.04104
-2.5 1 -1 -0.358917 -0.529462 0.768666 2793.7 3 2.7937
-1.5 1 -1 -0.438421 -0.47154 0.765139 1.75806 0 1.75806
-0.5 1 -1 -0.389349 -0.426354 0.816474 6659.48 3 6.65948
0.5 1 -1 -0.484356 -0.531756 0.694719 1.87746 0 1.87746
1.5 1 -1 -0.531756 -0.484356 0.694719 1.87746 0 1.87746
2.5 1 -1 -0.440229 -0.471275 0.764263 79.3046 1 7.93046
-2 1.5 -1 -0.403336 -0.403336 0.821364 51221 4 5.1221
-1 1.5 -1 -0.586574 -0.393101 0.708098 10119.6 4 1.01196
0 1.5 -1 -0.364865 -0.460009 0.809484 3.66479 0 3.66479
1 1.5 -1 -0.584337 -0.312983 0.748727 169.702 2 1.69702
2 1.5 -1 -0.567163 -0.472572 0.674538 213.196 2 2.13196
-1.75 -1.25 -0.75 -0.553363 -0.508424 0.659768 7.59568 0 7.59568
-0.75 -1.25 -0.75 -0.492187 -0.425655 0.759322 2.19629 0 2.19629
0.25 -1.25 -0.75 -0.509533 -0.465504 0.723659 1.65773 0 1.65773
1.25 -1.25 -0.75 -0.453917 -0.392287 0.800044 85497 4 8.5497
2.25 -1.25 -0.75 -0.542127 -0.356701 0.76083 11139.9 4 1.11399
-2.25 -0.75 -0.75 -0.54576 -0.448401 0.707872 11595.8 4 1.15958
-1.25 -0.75 -0.75 -0.431106 -0.45787 0.777498 16616 4 1.6616
-0.25 -0.75 -0.75 -0.384831 -0.483455 0.786242 1.26809 0 1.26809
0.75 -0.75 -0.75 -0.397255 -0.49656 0.771762 4.47475 0 4.47475
1.75 -0.75 -0.75 -0.626607 -0.39424 0.672264 359.691 2 3.59691
-1.75 -0.25 -0.75 -0.552438 -0.35542 0.753982 43567.8 4 4.35678
-0.75 -0.25 -0.75 -0.487247 -0.487247 0.724694 479.024 2 4.79024
0.25 -0.25 -0.75 -0.410605 -0.472412 0.779891 1.75338 0 1.75338
1.25 -0.25 -0.75 -0.33054 -0.41682 0.846762 1.08768 0 1.08768
2.25 -0.25 -0.75 -0.538582 -0.491812 0.684142 136.786 2 1.36786
-2.25 0.25 -0.75 -0.430046 -0.571181 0.699152 34.4714 1 3.44714
-1.25 0.25 -0.75 -0.607256 -0.326962 0.72411 2822.62 3 2.82262
-0.25 0.25 -0.75 -0.39354 -0.486379 0.780104 8376.34 3 8.37634
0.75 0.25 -0.75 -0.436698 -0.436698 0.786504 52242.7 4 5.22427
1.75 0.25 -0.75 -0.590958 -0.309366 0.745024 11.8272 1 1.18272
-1.75 0.75 -0.75 -0.468329 -0.394812 0.790437 53.0406 1 5.30406
-0.75 0.75 -0.75 -0.419788 -0.470969 0.775865 2.42582 0 2.42582
0.25 0.75 -0.75 -0.445132 -0.47778 0.757353 28.5694 1 2.85694
1.25 0.75 -0.75 -0.408392 -0.501924 0.762423 70.8753 1 7.08753
2.25 0.75 -0.75 -0.539208 -0.492916 0.682853 6.35581 0 6.35581
-2.25 1.25 -0.75 -0.385426 -0.566922 0.728043 53.5768 1 5.35768
-1.25 1.25 -0.75 -0.509715 -0.411364 0.755625 25.6946 1 2.56946
-0.25 1.25 -0.75 -0.523052 -0.354351 0.775146 9.96746 0 9.96746
0.75 1.25 -0.75 -0.441384 -0.441384 0.781255 1.84789 0 1.84789
1.75 1.25 -0.75 -0.529835 -0.4817 0.698025 2737.55 3 2.73755
-2.5 -1.5 -0.5 -0.535135 -0.370975 0.758952 21040.7 4 2.10407
-1.5 -1.5 -0.5 -0.373575 -0.456501 0.807496 11512.7 4 1.15127
-0.5 -1.5 -0.5 -0.583013 -0.396565 0.709107 19.198 1 1.9198
0.5 -1.5 -0.5 -0.388165 -0.465911 0.795144 19719.5 4 1.97195
1.5 -1.5 -0.5 -0.483455 -0.384831 0.786242 1.26809 0 1.26809
2.5 -1.5 -0.5 -0.430032 -0.492293 0.756783 329.107 2 3.29107
-2 -1 -0.5 -0.414262 -0.433394 0.800348 91900.8 4 9.19008
-1 -1 -0.5 -0.470939 -0.398934 0.786809 36836.5 4 3.68365
0 -1 -0.5 -0.529462 -0.358917 0.768666 27937 4 2.7937
1 -1 -0.5 -0.572462 -0.384177 0.724359 372.882 2 3.72882
2 -1 -0.5 -0.485555 -0.485555 0.726961 32382.3 4 3.23823
-2.5 -0.5 -0.5 -0.478717 -0.447376 0.755437 1467.13 3 1.46713
-1.5 -0.5 -0.5 -0.490197 -0.455713 0.742989 2045.68 3 2.04568
-0.5 -0.5 -0.5 -0.401101 -0.376611 0.835034 15.4978 1 1.54978
0.5 -0.5 -0.5 -0.369077 -0.496417 0.785718 31709.8 4 3.17098
1.5 -0.5 -0.5 -0.429936 -0.462654 0.775311 5.01462 0 5.01462
2.5 -0.5 -0.5 -0.410518 -0.472962 0.779604 2214.05 3 2.21405
-2 0 -0.5 -0.24809 -0.226151 0.94197 3.66471 0 3.66471
-1 0 -0.5 -0.484381 -0.402367 0.776837 15342.5 4 1.53425
0 0 -0.5 -0.382166 -0.612516 0.691935 1.22956 0 1.22956
1 0 -0.5 -0.593465 -0.407417 0.694126 67.392 1 6.7392
2 0 -0.5 -0.472412 -0.410605 0.779891 17.5338 1 1.75338
-2.5 0.5 -0.5 -0.522408 -0.416235 0.744203 36595.9 4 3.65959
-1.5 0.5 -0.5 -0.378693 -0.506596 0.774566 1.4337 0 1.4337
-0.5 0.5 -0.5 -0.341354 -0.546297 0.764877 5670.6 3 5.6706
0.5 0.5 -0.5 -0.44095 -0.486583 0.754188 5177.47 3 5.17747
1.5 0.5 -0.5 -0.547987 -0.37721 0.746607 77.2466 1 7.72466
2.5 0.5 -0.5 -0.584213 -0.440457 0.681683 9104.78 3 9.10478
-2 1 -0.5 -0.442219 -0.474464 0.761135 26533.3 4 2.65333
-1 1 -0.5 -0.0986053 -0.108064 0.989242 8.92258 0 8.92258
0 1 -0.5 -0.456272 -0.456272 0.763958 1633.36 3 1.63336
1 1 -0.5 -0.509239 -0.377885 0.773226 1134.52 3 1.13452
2 1 -0.5 -0.489166 -0.413627 0.767874 8957.2 3 8.9572
-2.5 1.5 -0.5 -0.474464 -0.442219 0.761135 26533.3 4 2.65333
-1.5 1.5 -0.5 -0.560929 -0.357647 0.746624 838.686 2 8.38686
-0.5 1.5 -0.5 -0.444076 -0.472673 0.761168 3866.73 3 3.86673
0.5 1.5 -0.5 -0.504404 -0.435941 0.745341 2.77999 0 2.77999
1.5 1.5 -0.5 -0.608556 -0.425594 0.669723 85.4051 1 8.54051
2.5 1.5 -0.5 -0.335718 -0.565771 0.753125 3652.97 3 3.65297
-2.25 -1.25 -0.25 -0.608169 -0.321582 0.725751 21422 4 2.1422
-1.25 -1.25 -0.25 -0.402367 -0.484381 0.776837 15342.5 4 1.53425
-0.25 -1.25 -0.25 -0.511552 -0.369859 0.775577 13158.5 4 1.31585
0.75 -1.25 -0.25 -0.516086 -0.414873 0.749357 93.3117 1 9.33117
1.75 -1.25 -0.25 -0.52349 -0.374951 0.765095 15.0157 1 1.50157
-1.75 -0.75 -0.25 -0.597064 -0.407424 0.691028 505.768 2 5.05768
-0.75 -0.75 -0.25 -0.461914 -0.461914 0.757146 346.579 2 3.46579
0.25 -0.75 -0.25 -0.444628 -0.580783 0.681907 5.62018 0 5.62018
1.25 -0.75 -0.25 -0.55301 -0.349025 0.756546 40.2998 1 4.02998
2.25 -0.75 -0.25 -0.473956 -0.521628 0.709415 5.68452 0 5.68452
-2.25 -0.25 -0.25 -0.354476 -0.431737 0.829428 25069.2 4 2.50692
-1.25 -0.25 -0.25 -0.354351 -0.523052 0.775146 9.96746 0 9.96746
-0.25 -0.25 -0.25 -0.498361 -0.405259 0.766421 20283.2 4 2.02832
0.75 -0.25 -0.25 -0.434949 -0.416439 0.798372 5883.66 3 5.88366
1.75 -0.25 -0.25 -0.544776 -0.373013 0.751053 82082.7 4 8.20827
-1.75 0.25 -0.25 -0.571381 -0.328163 0.752218 1.05491 0 1.05491
-0.75 0.25 -0.25 -0.336975 -0.504638 0.794851 2.71785 0 2.71785
0.25 0.25 -0.25 -0.486583 -0.44095 0.754188 5177.47 3 5.17747
1.25 0.25 -0.25 -0.491812 -0.538582 0.684142 13.6786 1 1.36786
2.25 0.25 -0.25 -0.30403 -0.547767 0.779434 2.10225 0 2.10225
-2.25 0.75 -0.25 -0.390219 -0.479011 0.786306 49325.1 4 4.93251
-1.25 0.75 -0.25 -0.398934 -0.470939 0.786809 36836.5 4 3.68365
-0.25 0.75 -0.25 -0.567147 -0.358666 0.74142 315.694 2 3.15694
0.75 0.75 -0.25 -0.398139 -0.513353 0.760233 748.347 2 7.48347
1.75 0.75 -0.25 -0.394812 -0.468329 0.790437 53.0406 1 5.30406
-1.75 1.25 -0.25 -0.40308 -0.545331 0.734943 1774.65 3 1.77465
-0.75 1.25 -0.25 -0.559107 -0.338701 0.756757 2241.56 3 2.24156
0.25 1.25 -0.25 -0.429357 -0.429357 0.794547 23462.3 4 2.34623
1.25 1.25 -0.25 -0.484071 -0.418978 0.768201 6.18072 0 6.18072
2.25 1.25 -0.25 -0.368983 -0.385783 0.84559 1288.63 3 1.28863
-2 -1.5 0 -0.517197 -0.415592 0.748191 1.96906 0 1.96906
-1 -1.5 0 -0.469505 -0.426478 0.773099 1289.23 3 1.28923
0 -1.5 0 -0.405679 -0.490291 0.771388 19.5549 1 1.95549
1 -1.5 0 -0.385211 -0.385211 0.838585 14.6777 1 1.46777
2 -1.5 0 -0.498581 -0.432766 0.751086 121.224 2 1.21224
-2.5 -1 0 -0.425655 -0.492187 0.759322 2.19629 0 2.19629
-1.5 -1 0 -0.60131 -0.416968 0.681589 23.9397 1 2.39397
-0.5 -1 0 -0.424272 -0.447346 0.787321 39789.7 4 3.97897
0.5 -1 0 -0.522746 -0.419073 0.742371 1874.66 3 1.87466
1.5 -1 0 -0.628844 -0.350298 0.694152 50.3376 1 5.03376
2.5 -1 0 -0.467424 -0.467424 0.750353 2412.08 3 2.41208
-2 -0.5 0 -0.542049 -0.37524 0.751916 20.8454 1 2.08454
-1 -0.5 0 -0.419529 -0.462955 0.780812 95544.7 4 9.55447
0 -0.5 0 -0.500104 -0.432822 0.750041 2310.3 3 2.3103
1 -0.5 0 -0.484426 -0.451223 0.749486 5498.04 3 5.49804
2 -0.5 0 -0.465024 -0.440128 0.768141 9945.1 3 9.9451
-2.5 0 0 -0.516858 -0.382917 0.765658 7353.01 3 7.35301
-1.5 0 0 -0.419975 -0.446381 0.790168 59.5774 1 5.95774
-0.5 0 0 -0.333933 -0.522843 0.784298 25378.8 4 2.53788
0.5 0 0 -0.434411 -0.462662 0.772807 21.9292 1 2.19292
1.5 0 0 -0.397432 -0.525643 0.752162 694.224 2 6.94224
2.5 0 0 -0.51099 -0.409976 0.755519 5.59478 0 5.59478
-2 0.5 0 -0.522685 -0.396745 0.754582 280.648 2 2.80648
-1 0.5 0 -0.572924 -0.428728 0.698535 2475.34 3 2.47534
0 0.5 0 -0.450066 -0.450066 0.771286 41137.5 4 4.11375
1 0.5 0 -0.553426 -0.379684 0.741323 28.4191 1 2.84191
2 0.5 0 -0.525212 -0.390773 0.755942 1.87467 0 1.87467
-2.5 1 0 -0.585909 -0.395989 0.707039 137.978 2 1.37978
-1.5 1 0 -0.471275 -0.440229 0.764263 79.3046 1 7.93046
-0.5 1 0 -0.501477 -0.394255 0.770119 34355.7 4 3.43557
0.5 1 0 -0.426373 -0.467972 0.774086 205.319 2 2.05319
1.5 1 0 -0.653398 -0.276371 0.704763 808.526 2 8.08526
2.5 1 0 -0.631697 -0.407526 0.659455 5.74533 0 5.74533
-2 1.5 0 -0.574158 -0.435906 0.693058 1.62879 0 1.62879
-1 1.5 0 -0.382943 -0.498846 0.777501 1809.62 3 1.80962
0 1.5 0 -0.390821 -0.473241 0.789495 487.969 2 4.87969
1 1.5 0 -0.461825 -0.461825 0.757255 6325.12 3 6.32512
2 1.5 0 -0.414862 -0.551092 0.724008 1.5411 0 1.5411
-1.75 -1.25 0.25 -0.553053 -0.459764 0.694802 82.9328 1 8.29328
-0.75 -1.25 0.25 -0.576684 -0.335978 0.744684 3346.32 3 3.34632
0.25 -1.25 0.25 -0.426478 -0.469505 0.773099 1289.23 3 1.28923
1.25 -1.25 0.25 -0.237009 -0.252958 0.937997 41.1661 1 4.11661
2.25 -1.25 0.25 -0.525395 -0.438987 0.728869 69.0875 1 6.90875
-2.25 -0.75 0.25 -0.499227 -0.414269 0.761022 3076.67 3 3.07667
-1.25 -0.75 0.25 -0.51784 -0.385534 0.763679 51.7357 1 5.17357
-0.25 -0.75 0.25 -0.561302 -0.35575 0.747249 1684.1 3 1.6841
0.75 -0.75 0.25 -0.410714 -0.445643 0.795435 22365.9 4 2.23659
1.75 -0.75 0.25 -0.447376 -0.478717 0.755437 1467.13 3 1.46713
-1.75 -0.25 0.25 -0.580783 -0.444628 0.681907 5.62018 0 5.62018
-0.75 -0.25 0.25 -0.458248 -0.501494 0.733834 305.045 2 3.05045
0.25 -0.25 0.25 -0.47778 -0.445132 0.757353 28.5694 1 2.85694
1.25 -0.25 0.25 -0.50883 -0.414306 0.754614 1331.07 3 1.33107
2.25 -0.25 0.25 -0.561429 -0.318597 0.763737 7.88285 0 7.88285
-2.25 0.25 0.25 -0.515769 -0.46998 0.71631 110.513 2 1.10513
-1.25 0.25 0.25 -0.492808 -0.429193 0.756924 6047.47 3 6.04747
-0.25 0.25 0.25 -0.39872 -0.498585 0.769698 194.838 2 1.94838
0.75 0.25 0.25 -0.579581 -0.335175 0.742794 61.2876 1 6.12876
1.75 0.25 0.25 -0.425624 -0.425624 0.798554 52.6787 1 5.26787
-1.75 0.75 0.25 -0.552444 -0.331035 0.764998 42635.2 4 4.26352
-0.75 0.75 0.25 -0.558804 -0.418966 0.715685 972.074 2 9.72074
0.25 0.75 0.25 -0.37329 -0.556236 0.742466 978.38 2 9.7838
1.25 0.75 0.25 -0.506596 -0.378693 0.774566 14.337 1 1.4337
2.25 0.75 0.25 -0.339666 -0.517576 0.785329 42182.2 4 4.21822
-2.25 1.25 0.25 -0.487411 -0.446032 0.750657 786.552 2 7.86552
-1.25 1.25 0.25 -0.450593 -0.545448 0.706719 164.173 2 1.64173
-0.25 1.25 0.25 -0.489115 -0.454792 0.744265 37.0999 1 3.70999
0.75 1.25 0.25 -0.608581 -0.374164 0.699736 269.066 2 2.69066
1.75 1.25 0.25 -0.408466 -0.543199 0.733547 266.712 2 2.66712
-2.5 -1.5 0.5 -0.413897 -0.500395 0.760456 3493.87 3 3.49387
-1.5 -1.5 0.5 -0.466463 -0.466463 0.751548 127.367 2 1.27367
-0.5 -1.5 0.5 -0.435906 -0.574158 0.693058 1.62879 0 1.62879
0.5 -1.5 0.5 -0.543199 -0.408466 0.733547 266.712 2 2.66712
1.5 -1.5 0.5 -0.425994 -0.396882 0.813028 4.20182 0 4.20182
2.5 -1.5 0.5 -0.423642 -0.475287 0.771122 3924.91 3 3.92491
-2 -1 0.5 -0.447346 -0.424272 0.787321 39789.7 4 3.97897
-1 -1 0.5 -0.360657 -0.544618 0.757178 579.252 2 5.79252
0 -1 0.5 -0.522887 -0.394198 0.755776 53168.4 4 5.31684
1 -1 0.5 -0.637067 -0.359856 0.681652 18.6774 1 1.86774
2 -1 0.5 -0.594047 -0.460109 0.659854 6.87306 0 6.87306
-2.5 -0.5 0.5 -0.53894 -0.378161 0.752687 1108.45 3 1.10845
-1.5 -0.5 0.5 -0.398664 -0.453505 0.79712 5.03346 0 5.03346
-0.5 -0.5 0.5 -0.446032 -0.487411 0.750657 786.552 2 7.86552
0.5 -0.5 0.5 -0.591939 -0.308649 0.744543 54966.1 4 5.49661
1.5 -0.5 0.5 -0.352707 -0.581677 0.732973 192.698 2 1.92698
2.5 -0.5 0.5 -0.574272 -0.333539 0.747638 16.3069 1 1.63069
-2 0 0.5 -0.531292 -0.395891 0.748998 2040.77 3 2.04077
-1 0 0.5 -0.620807 -0.33827 0.707229 106.964 2 1.06964
0 0 0.5 -0.528394 -0.390328 0.753952 4578.33 3 4.57833
1 0 0.5 -0.445643 -0.410714 0.795435 22365.9 4 2.23659
2 0 0.5 -0.396253 -0.412616 0.820202 20096.8 4 2.00968
-2.5 0.5 0.5 -0.362558 -0.381548 0.850278 42175.8 4 4.21758
-1.5 0.5 0.5 -0.601429 -0.468547 0.647107 2.38176 0 2.38176
-0.5 0.5 0.5 -0.490291 -0.405679 0.771388 19.5549 1 1.95549
0.5 0.5 0.5 -0.325711 -0.493417 0.806506 98977.1 4 9.89771
1.5 0.5 0.5 -0.374207 -0.534704 0.757668 56.0274 1 5.60274
2.5 0.5 0.5 -0.597891 -0.45909 0.657087 15.5289 1 1.55289
-2 1 0.5 -0.386976 -0.415991 0.822922 48970.5 4 4.89705
-1 1 0.5 -0.418978 -0.484071 0.768201 6.18072 0 6.18072
0 1 0.5 -0.352607 -0.5382 0.765513 17364.2 4 1.73642
1 1 0.5 -0.466621 -0.436774 0.769086 67230.2 4 6.72302
2 1 0.5 -0.483615 -0.449993 0.750748 10.3009 1 1.03009
-2.5 1.5 0.5 -0.534704 -0.374207 0.757668 56.0274 1 5.60274
-1.5 1.5 0.5 -0.486379 -0.39354 0.780104 83763.4 4 8.37634
-0.5 1.5 0.5 -0.460009 -0.364865 0.809484 3.66479 0 3.66479
0.5 1.5 0.5 -0.47154 -0.438421 0.765139 1.75806 0 1.75806
1.5 1.5 0.5 -0.51737 -0.51737 0.681657 30.1971 1 3.01971
2.5 1.5 0.5 -0.462662 -0.434411 0.772807 21.9292 1 2.19292
-2.25 -1.25 0.75 -0.395484 -0.395484 0.828967 26409.3 4 2.64093
-1.25 -1.25 0.75 -0.376611 -0.401101 0.835034 15.4978 1 1.54978
-0.25 -1.25 0.75 -0.46998 -0.515769 0.71631 110.513 2 1.10513
0.75 -1.25 0.75 -0.492293 -0.430032 0.756783 329.107 2 3.29107
1.75 -1.25 0.75 -0.61806 -0.384549 0.685655 986.255 2 9.86255
-1.75 -0.75 0.75 -0.59905 -0.2808 0.749861 2.2574 0 2.2574
-0.75 -0.75 0.75 -0.531659 -0.434621 0.726941 30782.2 4 3.07822
0.25 -0.75 0.75 -0.465336 -0.465336 0.752944 8.2096 0 8.2096
1.25 -0.75 0.75 -0.481416 -0.52816 0.69949 388.931 2 3.88931
2.25 -0.75 0.75 -0.529883 -0.39723 0.749288 104.542 2 1.04542
-2.25 -0.25 0.75 -0.610642 -0.371908 0.699143 2052.85 3 2.05285
-1.25 -0.25 0.75 -0.46925 -0.561792 0.681318 28.6068 1 2.86068
-0.25 -0.25 0.75 -0.598085 -0.291004 0.746734 6562.07 3 6.56207
0.75 -0.25 0.75 -0.589616 -0.449957 0.670739 436.337 2 4.36337
1.75 -0.25 0.75 -0.391095 -0.391095 0.83312 151.21 2 1.5121
-1.75 0.25 0.75 -0.525662 -0.525662 0.668849 10.5154 1 1.05154
-0.75 0.25 0.75 -0.475287 -0.423642 0.771122 39249.1 4 3.92491
0.25 0.25 0.75 -0.449993 -0.483615 0.750748 10.3009 1 1.03009
1.25 0.25 0.75 -0.343354 -0.544303 0.765403 1.07218 0 1.07218
2.25 0.25 0.75 -0.384177 -0.572462 0.724359 372.882 2 3.72882
-2.25 0.75 0.75 -0.45001 -0.45001 0.77135 246.003 2 2.46003
-1.25 0.75 0.75 -0.451896 -0.409696 0.792426 591.661 2 5.91661
-0.25 0.75 0.75 -0.498585 -0.39872 0.769698 194.838 2 1.94838
0.75 0.75 0.75 -0.44904 -0.409674 0.794059 3080.55 3 3.08055
1.75 0.75 0.75 -0.625203 -0.3995 0.670464 1.61963 0 1.61963
-1.75 1.25 0.75 -0.497119 -0.497119 0.711158 25.6473 1 2.56473
-0.75 1.25 0.75 -0.306453 -0.466332 0.829832 7.4604 0 7.4604
0.25 1.25 0.75 -0.483726 -0.483726 0.729396 71.6842 1 7.16842
1.25 1.25 0.75 -0.481913 -0.447876 0.753105 10293.8 4 1.02938
2.25 1.25 0.75 -0.577034 -0.485959 0.656411 34.9719 1 3.49719
-2 -1.5 1 -0.339567 -0.61825 0.708845 13.4548 1 1.34548
-1 -1.5 1 -0.405013 -0.49558 0.768352 62032.9 4 6.20329
0 -1.5 1 -0.561792 -0.46925 0.681318 28.6068 1 2.86068
1 -1.5 1 -0.409696 -0.451896 0.792426 591.661 2 5.91661
2 -1.5 1 -0.451558 -0.451558 0.76954 6.51766 0 6.51766
-2.5 -1 1 -0.521847 -0.418588 0.743277 33.8262 1 3.38262
-1.5 -1 1 -0.407417 -0.593465 0.694126 67.392 1 6.7392
-0.5 -1 1 -0.498571 -0.430982 0.752118 7.82186 0 7.82186
0.5 -1 1 -0.363143 -0.596769 0.715538 730.641 2 7.30641
1.5 -1 1 -0.44229 -0.44229 0.78023 7898.97 3 7.89897
2.5 -1 1 -0.398279 -0.447847 0.800504 5281.91 3 5.28191
-2 -0.5 1 -0.446381 -0.419975 0.790168 59.5774 1 5.95774
-1 -0.5 1 -0.42531 -0.563627 0.708121 4.90061 0 4.90061
0 -0.5 1 -0.55382 -0.379758 0.740991 1591.04 3 1.59104
1 -0.5 1 -0.377885 -0.509239 0.773226 1134.52 3 1.13452
2 -0.5 1 -0.369859 -0.511552 0.775577 13158.5 4 1.31585
-2.5 0 1 -0.531814 -0.438382 0.724566 451.082 2 4.51082
-1.5 0 1 -0.226151 -0.24809 0.94197 3.66471 0 3.66471
-0.5 0 1 -0.492916 -0.539208 0.682853 6.35581 0 6.35581
0.5 0 1 -0.335568 -0.527854 0.780233 2.83854 0 2.83854
1.5 0 1 -0.55384 -0.358114 0.751675 221.234 2 2.21234
2.5 0 1 -0.644529 -0.368713 0.669801 68.3632 1 6.83632
-2 0.5 1 -0.412616 -0.396253 0.820202 20096.8 4 2.00968
-1 0.5 1 -0.456501 -0.373575 0.807496 11512.7 4 1.15127
0 0.5 1 -0.597979 -0.359658 0.716287 5460.39 3 5.46039
1 0.5 1 -0.420067 -0.515837 0.74663 80219.5 4 8.02195
2 0.5 1 -0.500395 -0.413897 0.760456 3493.87 3 3.49387
-2.5 1 1 -0.539041 -0.398808 0.741881 7760.5 3 7.7605
-1.5 1 1 -0.5382 -0.352607 0.765513 17364.2 4 1.73642
-0.5 1 1 -0.565771 -0.335718 0.753125 3652.97 3 3.65297
0.5 1 1 -0.662272 -0.341643 0.66684 1.29528 0 1.29528
1.5 1 1 -0.372412 -0.501667 0.780795 39.4404 1 3.94404
2.5 1 1 -0.424426 -0.511253 0.747317 18.5471 1 1.85471
-2 1.5 1 -0.432845 -0.45378 0.778928 2461.91 3 2.46191
-1 1.5 1 -0.591424 -0.313279 0.743016 650.763 2 6.50763
0 1.5 1 -0.433394 -0.414262 0.800348 91900.8 4 9.19008
1 1.5 1 -0.390328 -0.528394 0.753952 4578.33 3 4.57833
2 1.5 1 -0.563627 -0.42531 0.708121 4.90061 0 4.90061
-1.75 -1.25 1.25 -0.472962 -0.410518 0.779604 2214.05 3 2.21405
-0.75 -1.25 1.25 -0.45787 -0.431106 0.777498 16616 4 1.6616
0.25 -1.25 1.25 -0.428038 -0.48467 0.76281 886.699 2 8.86699
1.25 -1.25 1.25 -0.341517 -0.442928 0.828964 11.1656 1 1.11656
2.25 -1.25 1.25 -0.368736 -0.410292 0.834083 145.546 2 1.45546
-2.25 -0.75 1.25 -0.433624 -0.433624 0.789899 622.362 2 6.22362
-1.25 -0.75 1.25 -0.3599 -0.513538 0.778942 6815.49 3 6.81549
-0.25 -0.75 1.25 -0.631286 -0.300027 0.715166 4209.23 3 4.20923
0.75 -0.75 1.25 -0.557012 -0.462058 0.690102 592.298 2 5.92298
1.75 -0.75 1.25 -0.426338 -0.484822 0.763664 1559.56 3 1.55956
-1.75 -0.25 1.25 -0.453505 -0.398664 0.79712 50.3346 1 5.03346
-0.75 -0.25 1.25 -0.394255 -0.501477 0.770119 3435.57 3 3.43557
0.25 -0.25 1.25 -0.527601 -0.422808 0.736797 12.2124 1 1.22124
1.25 -0.25 1.25 -0.615907 -0.434052 0.657463 30.3172 1 3.03172
2.25 -0.25 1.25 -0.418966 -0.558804 0.715685 972.074 2 9.72074
-2.25 0.25 1.25 -0.504638 -0.336975 0.794851 2.71785 0 2.71785
-1.25 0.25 1.25 -0.471314 -0.471314 0.74547 466.316 2 4.66316
-0.25 0.25 1.25 -0.543265 -0.372578 0.752362 4.70526 0 4.70526
0.75 0.25 1.25 -0.572509 -0.379687 0.726685 26654.6 4 2.66546
1.75 0.25 1.25 -0.532425 -0.363701 0.764359 3.64155 0 3.64155
-1.75 0.75 1.25 -0.416439 -0.434949 0.798372 5883.66 3 5.88366
-0.75 0.75 1.25 -0.396745 -0.522685 0.754582 280.648 2 2.80648
0.25 0.75 1.25 -0.500804 -0.546251 0.67142 2.19433 0 2.19433
1.25 0.75 1.25 -0.37655 -0.431263 0.819892 18884.2 4 1.88842
2.25 0.75 1.25 -0.396882 -0.425994 0.813028 4.20182 0 4.20182
-2.25 1.25 1.25 -0.448757 -0.416765 0.790522 1.43885 0 1.43885
-1.25 1.25 1.25 -0.429193 -0.492808 0.756924 6047.47 3 6.04747
-0.25 1.25 1.25 -0.656328 -0.333176 0.676925 3.57451 0 3.57451
0.75 1.25 1.25 -0.623673 -0.246642 0.741754 41264.5 4 4.12645
1.75 1.25 1.25 -0.426301 -0.516144 0.742875 120.444 2 1.20444
-2.5 -1.5 1.5 -0.513261 -0.393864 0.762519 13666.9 4 1.36669
-1.5 -1.5 1.5 -0.374951 -0.52349 0.765095 15.0157 1 1.50157
-0.5 -1.5 1.5 -0.58633 -0.306258 0.749949 31.8053 1 3.18053
0.5 -1.5 1.5 -0.529289 -0.422969 0.735493 6966.89 3 6.96689
1.5 -1.5 1.5 -0.399049 -0.477563 0.782747 762.608 2 7.62608
2.5 -1.5 1.5 -0.516937 -0.468953 0.716142 7441.53 3 7.44153
-2 -1 1.5 -0.484822 -0.426338 0.763664 15595.6 4 1.55956
-1 -1 1.5 -0.359517 -0.414285 0.836131 14.0899 1 1.40899
0 -1 1.5 -0.544303 -0.343354 0.765403 10.7218 1 1.07218
1 -1 1.5 -0.470269 -0.470269 0.746789 84624.8 4 8.46248
2 -1 1.5 -0.50243 -0.455179 0.735103 1992.87 3 1.99287
-2.5 -0.5 1.5 -0.605594 -0.28839 0.741679 12.5604 1 1.25604
-1.5 -0.5 1.5 -0.496417 -0.369077 0.785718 31709.8 4 3.17098
-0.5 -0.5 1.5 -0.48467 -0.428038 0.76281 886.699 2 8.86699
0.5 -0.5 1.5 -0.546753 -0.378151 0.747036 4214.79 3 4.21479
1.5 -0.5 1.5 -0.363023 -0.530138 0.766269 148.498 2 1.48498
2.5 -0.5 1.5 -0.563198 -0.355165 0.7461 5.50356 0 5.50356
-2 0 1.5 -0.500262 -0.500262 0.706737 173.794 2 1.73794
-1 0 1.5 -0.504664 -0.404579 0.762647 1.58488 0 1.58488
0 0 1.5 -0.432766 -0.498581 0.751086 121.224 2 1.21224
1 0 1.5 -0.516144 -0.426301 0.742875 120.444 2 1.20444
2 0 1.5 -0.479011 -0.390219 0.786306 49325.1 4 4.93251
-2.5 0.5 1.5 -0.583143 -0.347245 0.734415 1431.96 3 1.43196
-1.5 0.5 1.5 -0.414306 -0.50883 0.754614 1331.07 3 1.33107
-0.5 0.5 1.5 -0.371155 -0.602957 0.706177 3.37121 0 3.37121
0.5 0.5 1.5 -0.538946 -0.332624 0.773885 10529.4 4 1.05294
1.5 0.5 1.5 -0.396565 -0.583013 0.709107 19.198 1 1.9198
2.5 0.5 1.5 -0.486777 -0.369962 0.791313 40.2911 1 4.02911
-2 1 1.5 -0.440128 -0.465024 0.768141 9945.1 3 9.9451
-1 1 1.5 -0.596769 -0.363143 0.715538 730.641 2 7.30641
0 1 1.5 -0.556433 -0.365954 0.745963 68994.3 4 6.89943
1 1 1.5 -0.468953 -0.516937 0.716142 7441.53 3 7.44153
2 1 1.5 -0.478354 -0.444857 0.757152 6.15886 0 6.15886
-2.5 1.5 1.5 -0.52816 -0.481416 0.69949 388.931 2 3.88931
-1.5 1.5 1.5 -0.465504 -0.509533 0.723659 1.65773 0 1.65773
-0.5 1.5 1.5 -0.515837 -0.420067 0.74663 80219.5 4 8.02195
0.5 1.5 1.5 -0.511895 -0.511895 0.689875 624.603 2 6.24603
1.5 1.5 1.5 -0.545448 -0.450593 0.706719 164.173 2 1.64173
2.5 1.5 1.5 -0.568746 -0.336475 0.750541 8701.8 3 8.7018
