450
-2.5 -1.5 -1.5 0.428186 0.477805 0.767046 17558.3 4 1.75583
-1.5 -1.5 -1.5 0.55859 0.410117 0.720959 3514.66 3 3.51466
-0.5 -1.5 -1.5 0.743616 0.344787 0.57285 43.117 1 4.3117
0.5 -1.5 -1.5 0.643524 0.30493 0.702064 426.945 2 4.26945
1.5 -1.5 -1.5 0.626015 0.381151 0.680315 45.3236 1 4.53236
2.5 -1.5 -1.5 0.64439 0.230653 0.729082 95.0016 1 9.50016
-2 -1 -1.5 0.639839 0.376112 0.670183 2.84184 0 2.84184
-1 -1 -1.5 0.520476 0.445632 0.728366 2454.9 3 2.4549
0 -1 -1.5 0.516967 0.408804 0.75208 69671.4 4 6.96714
1 -1 -1.5 0.553789 0.437904 0.708207 15.2657 1 1.52657
2 -1 -1.5 0.586605 0.390356 0.709589 75168.2 4 7.51682
-2.5 -0.5 -1.5 0.715184 0.187885 0.67321 1.76248 0 1.76248
-1.5 -0.5 -1.5 0.699995 0.269954 0.66116 1381.89 3 1.38189
-0.5 -0.5 -1.5 0.491905 0.454873 0.742375 2895.58 3 2.89558
0.5 -0.5 -1.5 0.570178 0.385163 0.725635 4596.47 3 4.59647
1.5 -0.5 -1.5 0.657057 0.371343 0.656034 4346.71 3 4.34671
2.5 -0.5 -1.5 0.536848 0.536848 0.650836 466.034 2 4.66034
-2 0 -1.5 0.65894 0.32048 0.680507 60.5822 1 6.05822
-1 0 -1.5 0.645832 0.265659 0.71577 9.49639 0 9.49639
0 0 -1.5 0.608715 0.464184 0.643428 941.543 2 9.41543
1 0 -1.5 0.650759 0.357554 0.669827 7.17069 0 7.17069
2 0 -1.5 0.586695 0.394189 0.707392 1.35684 0 1.35684
-2.5 0.5 -1.5 0.54061 0.391435 0.74466 660.675 2 6.60675
-1.5 0.5 -1.5 0.629588 0.321429 0.70732 4.69428 0 4.69428
-0.5 0.5 -1.5 0.569948 0.473194 0.67175 15953.8 4 1.59538
0.5 0.5 -1.5 0.615056 0.391108 0.684646 17.7319 1 1.77319
1.5 0.5 -1.5 0.613826 0.416942 0.670356 8.36378 0 8.36378
2.5 0.5 -1.5 0.544958 0.446141 0.709914 84217.1 4 8.42171
-2 1 -1.5 0.583227 0.485705 0.651105 450.073 2 4.50073
-1 1 -1.5 0.505881 0.431334 0.747018 123.459 2 1.23459
0 1 -1.5 0.634931 0.293676 0.714575 23.7559 1 2.37559
1 1 -1.5 0.727202 0.256873 0.636548 9536.82 3 9.53682
2 1 -1.5 0.539594 0.423267 0.727793 7.96706 0 7.96706
-2.5 1.5 -1.5 0.615344 0.272365 0.739709 481.201 2 4.81201
-1.5 1.5 -1.5 0.503439 0.356748 0.786943 40181.5 4 4.01815
-0.5 1.5 -1.5 0.534959 0.339778 0.773544 89841.6 4 8.98416
0.5 1.5 -1.5 0.699986 0.42824 0.571515 2.92034 0 2.92034
1.5 1.5 -1.5 0.530082 0.431364 0.730026 21889.8 4 2.18898
2.5 1.5 -1.5 0.765429 0.163167 0.622492 100.61 2 1.0061
-1.75 -1.25 -1.25 0.522756 0.374443 0.765845 1644.08 3 1.64408
-0.75 -1.25 -1.25 0.517041 0.565385 0.642658 1011.73 3 1.01173
0.25 -1.25 -1.25 0.578286 0.391003 0.716032 173.178 2 1.73178
1.25 -1.25 -1.25 0.727035 0.202732 0.655987 83.2133 1 8.32133
2.25 -1.25 -1.25 0.639007 0.329201 0.695196 1.80892 0 1.80892
-2.25 -0.75 -1.25 0.659743 0.244128 0.710733 18.0139 1 1.80139
-1.25 -0.75 -1.25 0.558383 0.461203 0.689566 43191.1 4 4.31911
-0.25 -0.75 -1.25 0.499799 0.499799 0.70739 1732.2 3 1.7322
0.75 -0.75 -1.25 0.616121 0.352362 0.70444 540.294 2 5.40294
1.75 -0.75 -1.25 0.65283 0.307864 0.692122 3.49774 0 3.49774
-1.75 -0.25 -1.25 0.703274 0.322887 0.633363 1.04078 0 1.04078
-0.75 -0.25 -1.25 0.535219 0.535219 0.653515 60901.2 4 6.09012
0.25 -0.25 -1.25 0.571742 0.375826 0.729291 19460.9 4 1.94609
1.25 -0.25 -1.25 0.570555 0.347703 0.744022 971.35 2 9.7135
2.25 -0.25 -1.25 0.682365 0.198746 0.703476 292.278 2 2.92278
-2.25 0.25 -1.25 0.675916 0.449553 0.583986 179.989 2 1.79989
-1.25 0.25 -1.25 0.657931 0.473709 0.585428 92.9895 1 9.29895
-0.25 0.25 -1.25 0.660813 0.371601 0.652103 34.483 1 3.4483
0.75 0.25 -1.25 0.575939 0.355809 0.735999 4944.66 3 4.94466
1.75 0.25 -1.25 0.635443 0.442849 0.632532 15.1513 1 1.51513
-1.75 0.75 -1.25 0.65013 0.40803 0.640971 6.49693 0 6.49693
-0.75 0.75 -1.25 0.484338 0.484338 0.728583 2538.33 3 2.53833
0.25 0.75 -1.25 0.554141 0.440678 0.706209 737.042 2 7.37042
1.25 0.75 -1.25 0.651563 0.417516 0.633361 3763.62 3 3.76362
2.25 0.75 -1.25 0.493577 0.455317 0.740991 21.6016 1 2.16016
-2.25 1.25 -1.25 0.539499 0.390644 0.745881 112.733 2 1.12733
-1.25 1.25 -1.25 0.553854 0.407517 0.726069 10964.2 4 1.09642
-0.25 1.25 -1.25 0.690708 0.254694 0.676796 2.33773 0 2.33773
0.75 1.25 -1.25 0.73736 0.323267 0.593126 2.71569 0 2.71569
1.75 1.25 -1.25 0.495466 0.445551 0.745653 7048.41 3 7.04841
-2 -1.5 -1 0.693929 0.370451 0.617437 1115.08 3 1.11508
-1 -1.5 -1 0.551139 0.364339 0.750669 46.1439 1 4.61439
0 -1.5 -1 0.561325 0.413212 0.717057 4081.08 3 4.08108
1 -1.5 -1 0.553971 0.404493 0.727669 2224.98 3 2.22498
2 -1.5 -1 0.64402 0.300346 0.703584 9.14025 0 9.14025
-2.5 -1 -1 0.63227 0.291164 0.717954 2487.94 3 2.48794
-1.5 -1 -1 0.71485 0.187483 0.673676 215.293 2 2.15293
-0.5 -1 -1 0.431334 0.505881 0.747018 12345.9 4 1.23459
0.5 -1 -1 0.743872 0.284352 0.604813 13.1817 1 1.31817
1.5 -1 -1 0.542264 0.49276 0.680542 554.138 2 5.54138
2.5 -1 -1 0.730714 0.370296 0.573531 2.37607 0 2.37607
-2 -0.5 -1 0.572848 0.379649 0.726438 7.12842 0 7.12842
-1 -0.5 -1 0.610825 0.381257 0.693928 1.03494 0 1.03494
0 -0.5 -1 0.473817 0.511362 0.716942 21127.6 4 2.11276
1 -0.5 -1 0.535753 0.461069 0.707378 1673.3 3 1.6733
2 -0.5 -1 0.708771 0.393063 0.585786 14.8857 1 1.48857
-2.5 0 -1 0.61405 0.473094 0.631763 43676.1 4 4.36761
-1.5 0 -1 0.702223 0.269863 0.658831 1.11865 0 1.11865
-0.5 0 -1 0.616731 0.348278 0.705935 1.14251 0 1.14251
0.5 0 -1 0.444095 0.543703 0.712157 6227.94 3 6.22794
1.5 0 -1 0.639152 0.502839 0.581926 205.41 2 2.0541
2.5 0 -1 0.391435 0.54061 0.74466 66067.5 4 6.60675
-2 0.5 -1 0.619738 0.279663 0.733289 12.4019 1 1.24019
-1 0.5 -1 0.428547 0.528099 0.733115 15948.5 4 1.59485
0 0.5 -1 0.524764 0.571858 0.630556 47222.8 4 4.72228
1 0.5 -1 0.562077 0.514594 0.647505 13120.9 4 1.31209
2 0.5 -1 0.445632 0.520476 0.728366 24549 4 2.4549
-2.5 1 -1 0.718848 0.14514 0.679847 83.3883 1 8.33883
-1.5 1 -1 0.675952 0.346468 0.650422 83326.8 4 8.33268
-0.5 1 -1 0.610285 0.376578 0.696952 2.17935 0 2.17935
0.5 1 -1 0.635725 0.337312 0.694316 387.268 2 3.87268
1.5 1 -1 0.568947 0.419748 0.707185 1512.27 3 1.51227
2.5 1 -1 0.680885 0.34732 0.644798 671.394 2 6.71394
-2 1.5 -1 0.674405 0.384962 0.630065 1.03819 0 1.03819
-1 1.5 -1 0.49578 0.389835 0.776035 3217.44 3 3.21744
0 1.5 -1 0.731288 0.321459 0.601566 316.243 2 3.16243
1 1.5 -1 0.473174 0.571319 0.670598 1204.99 3 1.20499
2 1.5 -1 0.506963 0.402433 0.762257 17674.2 4 1.76742
-2.25 -1.25 -0.75 0.584504 0.364534 0.724894 92324.7 4 9.23247
-1.25 -1.25 -0.75 0.621275 0.429817 0.655191 5212.77 3 5.21277
-0.25 -1.25 -0.75 0.584501 0.434817 0.685049 20.6361 1 2.06361
0.75 -1.25 -0.75 0.586725 0.437877 0.681189 3.96011 0 3.96011
1.75 -1.25 -0.75 0.496218 0.496218 0.712415 6440.85 3 6.44085
-1.75 -0.75 -0.75 0.483354 0.381726 0.787816 78474.5 4 7.84745
-0.75 -0.75 -0.75 0.631856 0.288255 0.71949 19.1742 1 1.91742
0.25 -0.75 -0.75 0.723932 0.308778 0.616911 8610.6 3 8.6106
1.25 -0.75 -0.75 0.715754 0.295735 0.632643 2344.39 3 2.34439
2.25 -0.75 -0.75 0.51217 0.438765 0.738354 64365.2 4 6.43652
-2.25 -0.25 -0.75 0.480611 0.480611 0.733503 1650.43 3 1.65043
-1.25 -0.25 -0.75 0.568228 0.380038 0.729855 926.412 2 9.26412
-0.25 -0.25 -0.75 0.708278 0.334794 0.621495 470.211 2 4.70211
0.75 -0.25 -0.75 0.737821 0.333501 0.586854 116.499 2 1.16499
1.75 -0.25 -0.75 0.54523 0.398506 0.737508 5817.78 3 5.81778
-1.75 0.25 -0.75 0.648625 0.271957 0.710862 453.283 2 4.53283
-0.75 0.25 -0.75 0.509263 0.470942 0.720323 426.748 2 4.26748
0.25 0.25 -0.75 0.709755 0.229257 0.6661 4.46667 0 4.46667
1.25 0.25 -0.75 0.603156 0.333901 0.724371 6.05403 0 6.05403
2.25 0.25 -0.75 0.484661 0.580824 0.654024 58519.6 4 5.85196
-2.25 0.75 -0.75 0.628638 0.486745 0.606542 12.7306 1 1.27306
-1.25 0.75 -0.75 0.6227 0.399501 0.672788 65.7774 1 6.57774
-0.25 0.75 -0.75 0.670036 0.334388 0.662749 1794.37 3 1.79437
0.75 0.75 -0.75 0.710672 0.283617 0.643822 520.402 2 5.20402
1.75 0.75 -0.75 0.599673 0.376022 0.7064 128.689 2 1.28689
-1.75 1.25 -0.75 0.65129 0.312293 0.691588 16.0962 1 1.60962
-0.75 1.25 -0.75 0.597702 0.452167 0.66204 2545.55 3 2.54555
0.25 1.25 -0.75 0.58122 0.534592 0.61351 1696.37 3 1.69637
1.25 1.25 -0.75 0.676615 0.395435 0.621146 589.618 2 5.89618
2.25 1.25 -0.75 0.559536 0.341938 0.754982 2456.15 3 2.45615
-2.5 -1.5 -0.5 0.477805 0.428186 0.767046 1755.83 3 1.75583
-1.5 -1.5 -0.5 0.640887 0.293425 0.709342 1.90691 0 1.90691
-0.5 -1.5 -0.5 0.562197 0.448227 0.695002 27.4194 1 2.74194
0.5 -1.5 -0.5 0.721854 0.244314 0.647485 1.72374 0 1.72374
1.5 -1.5 -0.5 0.6231 0.48354 0.614765 1574.8 3 1.5748
2.5 -1.5 -0.5 0.680995 0.29561 0.669971 728.388 2 7.28388
-2 -1 -0.5 0.661173 0.318871 0.679096 2.94308 0 2.94308
-1 -1 -0.5 0.572455 0.423127 0.702324 10.2233 1 1.02233
0 -1 -0.5 0.510839 0.510839 0.691438 248.375 2 2.48375
1 -1 -0.5 0.500598 0.462825 0.73157 1116.05 3 1.11605
2 -1 -0.5 0.52709 0.350493 0.774164 2860.87 3 2.86087
-2.5 -0.5 -0.5 0.612552 0.36703 0.70005 118.252 2 1.18252
-1.5 -0.5 -0.5 0.582017 0.337245 0.739948 77757.9 4 7.77579
-0.5 -0.5 -0.5 0.675106 0.442293 0.59043 4.11712 0 4.11712
0.5 -0.5 -0.5 0.70124 0.172007 0.691864 4.47567 0 4.47567
1.5 -0.5 -0.5 0.685284 0.358472 0.633943 3053.98 3 3.05398
2.5 -0.5 -0.5 0.713599 0.284185 0.640325 4.26255 0 4.26255
-2 0 -0.5 0.682466 0.458944 0.568867 65.7496 1 6.57496
-1 0 -0.5 0.557126 0.407658 0.723481 26.1483 1 2.61483
0 0 -0.5 0.684821 0.240655 0.687827 217.828 2 2.17828
1 0 -0.5 0.511362 0.473817 0.716942 2112.76 3 2.11276
2 0 -0.5 0.641033 0.452709 0.619783 698.158 2 6.98158
-2.5 0.5 -0.5 0.482601 0.338493 0.807786 96103 4 9.6103
-1.5 0.5 -0.5 0.735968 0.27078 0.620507 354.863 2 3.54863
-0.5 0.5 -0.5 0.746733 0.133357 0.651618 58.7941 1 5.87941
0.5 0.5 -0.5 0.619832 0.314328 0.719031 1.2139 0 1.2139
1.5 0.5 -0.5 0.542244 0.493267 0.68019 73937 4 7.3937
2.5 0.5 -0.5 0.517643 0.377157 0.767983 71576.4 4 7.15764
-2 1 -0.5 0.597341 0.256094 0.76 1190.17 3 1.19017
-1 1 -0.5 0.720537 0.412888 0.557091 20.175 1 2.0175
0 1 -0.5 0.623118 0.328296 0.709892 47.9604 1 4.79604
1 1 -0.5 0.525073 0.447901 0.72366 18.5985 1 1.85985
2 1 -0.5 0.59938 0.452242 0.66047 19.5896 1 1.95896
-2.5 1.5 -0.5 0.562634 0.317007 0.763512 1443 3 1.443
-1.5 1.5 -0.5 0.511746 0.511746 0.690095 33232.1 4 3.32321
-0.5 1.5 -0.5 0.660271 0.319978 0.679453 37.3611 1 3.73611
0.5 1.5 -0.5 0.599076 0.40584 0.690218 37983.4 4 3.79834
1.5 1.5 -0.5 0.496469 0.460141 0.736063 14982.2 4 1.49822
2.5 1.5 -0.5 0.669048 0.215369 0.71133 70.8341 1 7.08341
-1.75 -1.25 -0.25 0.473147 0.436626 0.765172 1377.33 3 1.37733
-0.75 -1.25 -0.25 0.661491 0.223647 0.715829 15.0773 1 1.50773
0.25 -1.25 -0.25 0.511943 0.461931 0.724247 278.646 2 2.78646
1.25 -1.25 -0.25 0.585998 0.439709 0.680634 68354 4 6.8354
2.25 -1.25 -0.25 0.576006 0.528087 0.623972 371.372 2 3.71372
-2.25 -0.75 -0.25 0.483098 0.447036 0.752845 74392 4 7.4392
-1.25 -0.75 -0.25 0.649148 0.358361 0.670958 914.862 2 9.14862
-0.25 -0.75 -0.25 0.654689 0.282039 0.701311 7943.62 3 7.94362
0.75 -0.75 -0.25 0.54588 0.54588 0.635633 2217.38 3 2.21738
1.75 -0.75 -0.25 0.607362 0.383211 0.695888 477.898 2 4.77898
-1.75 -0.25 -0.25 0.61352 0.34159 0.711976 2.35469 0 2.35469
-0.75 -0.25 -0.25 0.749621 0.243798 0.615329 6271.39 3 6.27139
0.25 -0.25 -0.25 0.562216 0.371803 0.738698 18.22 1 1.822
1.25 -0.25 -0.25 0.660839 0.420688 0.621541 2.43562 0 2.43562
2.25 -0.25 -0.25 0.458908 0.409854 0.788304 42937.2 4 4.29372
-2.25 0.25 -0.25 0.514594 0.562077 0.647505 13120.9 4 1.31209
-1.25 0.25 -0.25 0.756409 0.25782 0.601144 232.131 2 2.32131
-0.25 0.25 -0.25 0.549672 0.397925 0.734518 44.0204 1 4.40204
0.75 0.25 -0.25 0.613563 0.314995 0.724098 153.417 2 1.53417
1.75 0.25 -0.25 0.776122 0.192037 0.60063 1608.7 3 1.6087
-1.75 0.75 -0.25 0.592363 0.326772 0.736428 1.54204 0 1.54204
-0.75 0.75 -0.25 0.676678 0.239279 0.696314 5.9684 0 5.9684
0.25 0.75 -0.25 0.497956 0.497956 0.709986 87557.7 4 8.75577
1.25 0.75 -0.25 0.719993 0.243713 0.64978 20.9595 1 2.09595
2.25 0.75 -0.25 0.729372 0.310511 0.609589 7.27278 0 7.27278
-2.25 1.25 -0.25 0.635798 0.259792 0.726821 24.265 1 2.4265
-1.25 1.25 -0.25 0.49276 0.542264 0.680542 5541.38 3 5.54138
-0.25 1.25 -0.25 0.663065 0.37152 0.649859 2.73813 0 2.73813
0.75 1.25 -0.25 0.631461 0.441414 0.637503 1911.47 3 1.91147
1.75 1.25 -0.25 0.704382 0.37362 0.603535 7.6526 0 7.6526
-2 -1.5 0 0.584213 0.440457 0.681683 91047.8 4 9.10478
-1 -1.5 0 0.600833 0.368554 0.709343 5.69051 0 5.69051
0 -1.5 0 0.720476 0.297221 0.626558 19.4827 1 1.94827
1 -1.5 0 0.69303 0.417972 0.587375 79.3554 1 7.93554
2 -1.5 0 0.600181 0.404232 0.690202 2868.75 3 2.86875
-2.5 -1 0 0.6891 0.309188 0.655396 3423.32 3 3.42332
-1.5 -1 0 0.546155 0.433643 0.716707 1974.37 3 1.97437
-0.5 -1 0 0.647084 0.303758 0.699295 7.5513 0 7.5513
0.5 -1 0 0.542662 0.39462 0.741481 89881.8 4 8.98818
1.5 -1 0 0.519112 0.481238 0.706351 786.901 2 7.86901
2.5 -1 0 0.590555 0.297265 0.750252 3062.13 3 3.06213
-2 -0.5 0 0.554138 0.505438 0.661411 2743.85 3 2.74385
-1 -0.5 0 0.682692 0.294913 0.66855 5.81289 0 5.81289
0 -0.5 0 0.553502 0.356465 0.752708 3628.66 3 3.62866
1 -0.5 0 0.597971 0.352413 0.719886 3052.19 3 3.05219
2 -0.5 0 0.638521 0.394825 0.660609 1.7222 0 1.7222
-2.5 0 0 0.5551 0.505869 0.660273 20.9308 1 2.09308
-1.5 0 0 0.700096 0.372458 0.609214 9.26857 0 9.26857
-0.5 0 0 0.720652 0.102589 0.685665 31.9973 1 3.19973
0.5 0 0 0.690923 0.360077 0.626873 24.9788 1 2.49788
1.5 0 0 0.639301 0.334449 0.692415 8.47853 0 8.47853
2.5 0 0 0.594609 0.451563 0.66523 33272.1 4 3.32721
-2 0.5 0 0.571319 0.473174 0.670598 120.499 2 1.20499
-1 0.5 0 0.485476 0.415274 0.769325 78569.3 4 7.85693
0 0.5 0 0.637467 0.343136 0.68985 1.86383 0 1.86383
1 0.5 0 0.529534 0.480374 0.699167 19758.9 4 1.97589
2 0.5 0 0.580824 0.484661 0.654024 58519.6 4 5.85196
-2.5 1 0 0.535757 0.4226 0.731009 104.802 2 1.04802
-1.5 1 0 0.647048 0.407492 0.644421 819.381 2 8.19381
-0.5 1 0 0.558204 0.458816 0.6913 24.0337 1 2.40337
0.5 1 0 0.61917 0.389298 0.681964 3.8888 0 3.8888
1.5 1 0 0.462825 0.500598 0.73157 1116.05 3 1.11605
2.5 1 0 0.521055 0.44791 0.726552 12229.1 4 1.22291
-2 1.5 0 0.576695 0.427006 0.696483 558.863 2 5.58863
-1 1.5 0 0.738219 0.217912 0.638394 3.19138 0 3.19138
0 1.5 0 0.73998 0.272245 0.615071 2.99728 0 2.99728
1 1.5 0 0.607557 0.313011 0.729999 122.034 2 1.22034
2 1.5 0 0.643166 0.34543 0.683386 14.44 1 1.444
-2.25 -1.25 0.25 0.586392 0.397665 0.705696 649.026 2 6.49026
-1.25 -1.25 0.25 0.464144 0.513879 0.721456 37781.7 4 3.77817
-0.25 -1.25 0.25 0.591091 0.361026 0.721298 1.47655 0 1.47655
0.75 -1.25 0.25 0.715794 0.395426 0.575567 1.27647 0 1.27647
1.75 -1.25 0.25 0.602531 0.412949 0.682956 90.3747 1 9.03747
-1.75 -0.75 0.25 0.595644 0.402053 0.695386 5.15096 0 5.15096
-0.75 -0.75 0.25 0.591173 0.495757 0.636192 2134.84 3 2.13484
0.25 -0.75 0.25 0.463903 0.463903 0.75471 41683.4 4 4.16834
1.25 -0.75 0.25 0.694904 0.309345 0.649164 2.23061 0 2.23061
2.25 -0.75 0.25 0.646839 0.305712 0.698669 969.475 2 9.69475
-2.25 -0.25 0.25 0.528278 0.454185 0.717383 45330.3 4 4.53303
-1.25 -0.25 0.25 0.602326 0.373763 0.70534 27.4224 1 2.74224
-0.25 -0.25 0.25 0.63614 0.39505 0.662768 2203.7 3 2.2037
0.75 -0.25 0.25 0.57321 0.424832 0.700677 135.624 2 1.35624
1.75 -0.25 0.25 0.534592 0.58122 0.61351 16963.7 4 1.69637
-1.75 0.25 0.25 0.562582 0.411103 0.717284 844.69 2 8.4469
-0.75 0.25 0.25 0.570462 0.372554 0.731968 1440.66 3 1.44066
0.25 0.25 0.25 0.730462 0.258127 0.632294 79.4315 1 7.94315
1.25 0.25 0.25 0.493267 0.542244 0.68019 73937 4 7.3937
2.25 0.25 0.25 0.685248 0.407002 0.603975 21.6283 1 2.16283
-2.25 0.75 0.25 0.445551 0.495466 0.745653 7048.41 3 7.04841
-1.25 0.75 0.25 0.571125 0.418302 0.706286 31.8823 1 3.18823
-0.25 0.75 0.25 0.668552 0.250703 0.700133 69.6162 1 6.96162
0.75 0.75 0.25 0.600968 0.506442 0.618347 776.232 2 7.76232
1.75 0.75 0.25 0.655054 0.236694 0.717552 3.75864 0 3.75864
-1.75 1.25 0.25 0.579604 0.426006 0.694679 1.19786 0 1.19786
-0.75 1.25 0.25 0.588299 0.329819 0.738325 1991.57 3 1.99157
0.25 1.25 0.25 0.611981 0.369315 0.699346 15560 4 1.556
1.25 1.25 0.25 0.528774 0.452887 0.717838 929.467 2 9.29467
2.25 1.25 0.25 0.665071 0.28586 0.689902 6.60673 0 6.60673
-2.5 -1.5 0.5 0.689865 0.255363 0.677404 29.1266 1 2.91266
-1.5 -1.5 0.5 0.636607 0.344855 0.689787 2407.28 3 2.40728
-0.5 -1.5 0.5 0.628265 0.330029 0.704531 103.753 2 1.03753
0.5 -1.5 0.5 0.537111 0.460519 0.706706 34.991 1 3.4991
1.5 -1.5 0.5 0.668577 0.439433 0.599919 495.228 2 4.95228
2.5 -1.5 0.5 0.66946 0.280178 0.687985 1.50308 0 1.50308
-2 -1 0.5 0.612384 0.365124 0.701192 9.03839 0 9.03839
-1 -1 0.5 0.742631 0.17522 0.646373 150.799 2 1.50799
0 -1 0.5 0.528099 0.428547 0.733115 1594.85 3 1.59485
1 -1 0.5 0.466784 0.503824 0.726824 56444.1 4 5.64441
2 -1 0.5 0.514042 0.442261 0.73496 32804.5 4 3.28045
-2.5 -0.5 0.5 0.528572 0.478889 0.700912 1454.85 3 1.45485
-1.5 -0.5 0.5 0.716615 0.347241 0.604886 17.3535 1 1.73535
-0.5 -0.5 0.5 0.647503 0.342535 0.680742 3.20588 0 3.20588
0.5 -0.5 0.5 0.436626 0.473147 0.765172 1377.33 3 1.37733
1.5 -0.5 0.5 0.656948 0.278399 0.700652 17.3394 1 1.73394
2.5 -0.5 0.5 0.505438 0.554138 0.661411 27438.5 4 2.74385
-2 0 0.5 0.511227 0.41211 0.754196 40253.6 4 4.02536
-1 0 0.5 0.454873 0.491905 0.742375 28955.8 4 2.89558
0 0 0.5 0.559525 0.405589 0.722793 1.70383 0 1.70383
1 0 0.5 0.626261 0.43053 0.649955 3.1778 0 3.1778
2 0 0.5 0.674202 0.33356 0.658931 1.13575 0 1.13575
-2.5 0.5 0.5 0.686206 0.347751 0.638898 4.36544 0 4.36544
-1.5 0.5 0.5 0.546477 0.402712 0.734293 29276.1 4 2.92761
-0.5 0.5 0.5 0.619048 0.475745 0.624857 34.6636 1 3.46636
0.5 0.5 0.5 0.630548 0.28617 0.721468 4.88663 0 4.88663
1.5 0.5 0.5 0.736147 0.216538 0.641248 381.812 2 3.81812
2.5 0.5 0.5 0.536219 0.393148 0.74693 15079.5 4 1.50795
-2 1 0.5 0.706115 0.323366 0.629949 8.52893 0 8.52893
-1 1 0.5 0.699083 0.322012 0.638429 1271.89 3 1.27189
0 1 0.5 0.608364 0.273949 0.744879 31.1993 1 3.11993
1 1 0.5 0.580594 0.333613 0.742706 581.135 2 5.81135
2 1 0.5 0.624497 0.382351 0.681037 5882.7 3 5.8827
-2.5 1.5 0.5 0.565385 0.517041 0.642658 1011.73 3 1.01173
-1.5 1.5 0.5 0.571738 0.472784 0.670516 9.18596 0 9.18596
-0.5 1.5 0.5 0.631504 0.493515 0.598035 567.973 2 5.67973
0.5 1.5 0.5 0.642121 0.406204 0.650137 10340.2 4 1.03402
1.5 1.5 0.5 0.608039 0.345965 0.714561 143.47 2 1.4347
2.5 1.5 0.5 0.657219 0.419611 0.626091 30.3066 1 3.03066
-1.75 -1.25 0.75 0.6235 0.349774 0.699218 9.12651 0 9.12651
-0.75 -1.25 0.75 0.708376 0.384277 0.59206 3.43546 0 3.43546
0.25 -1.25 0.75 0.630908 0.327054 0.703556 22.3609 1 2.23609
1.25 -1.25 0.75 0.612757 0.417568 0.670944 108.408 2 1.08408
2.25 -1.25 0.75 0.476668 0.476668 0.73863 66616.9 4 6.66169
-2.25 -0.75 0.75 0.473094 0.61405 0.631763 43676.1 4 4.36761
-1.25 -0.75 0.75 0.539487 0.357244 0.762451 115.616 2 1.15616
-0.25 -0.75 0.75 0.64629 0.359197 0.673266 11690.8 4 1.16908
0.75 -0.75 0.75 0.584923 0.360958 0.726344 189.892 2 1.89892
1.75 -0.75 0.75 0.558618 0.460026 0.690161 3201.1 3 3.2011
-1.75 -0.25 0.75 0.495891 0.423264 0.758247 3133.95 3 3.13395
-0.75 -0.25 0.75 0.599891 0.340598 0.723964 3789.06 3 3.78906
0.25 -0.25 0.75 0.424832 0.57321 0.700677 13562.4 4 1.35624
1.25 -0.25 0.75 0.503746 0.432262 0.747923 16727.3 4 1.67273
2.25 -0.25 0.75 0.690614 0.408849 0.596568 1.79218 0 1.79218
-2.25 0.25 0.75 0.562008 0.3802 0.734571 12116.4 4 1.21164
-1.25 0.25 0.75 0.600445 0.402757 0.690835 21.8196 1 2.18196
-0.25 0.25 0.75 0.658392 0.321408 0.6806 4756.92 3 4.75692
0.75 0.25 0.75 0.758802 0.203945 0.618568 253.01 2 2.5301
1.75 0.25 0.75 0.625529 0.28798 0.725108 613.476 2 6.13476
-1.75 0.75 0.75 0.671631 0.384517 0.633292 1.29148 0 1.29148
-0.75 0.75 0.75 0.645565 0.454693 0.613596 5.62826 0 5.62826
0.25 0.75 0.75 0.594389 0.497638 0.631711 16.7154 1 1.67154
1.25 0.75 0.75 0.56913 0.41362 0.71064 6.54848 0 6.54848
2.25 0.75 0.75 0.485772 0.485772 0.726671 12697.5 4 1.26975
-2.25 1.25 0.75 0.624137 0.359646 0.69362 20.275 1 2.0275
-1.25 1.25 0.75 0.762451 0.271129 0.587502 862.247 2 8.62247
-0.25 1.25 0.75 0.594488 0.405032 0.694646 24.2414 1 2.42414
0.75 1.25 0.75 0.54305 0.299919 0.784312 35208.9 4 3.52089
1.75 1.25 0.75 0.522408 0.416235 0.744203 36595.9 4 3.65959
-2 -1.5 1 0.668443 0.255732 0.698416 320.636 2 3.20636
-1 -1.5 1 0.645008 0.207814 0.735376 376.318 2 3.76318
0 -1.5 1 0.538252 0.427207 0.726484 5262.05 3 5.26205
1 -1.5 1 0.713037 0.336078 0.615329 3.90245 0 3.90245
2 -1.5 1 0.667186 0.383472 0.638602 1604.52 3 1.60452
-2.5 -1 1 0.573436 0.426691 0.699361 18197.6 4 1.81976
-1.5 -1 1 0.635659 0.298613 0.711876 112.807 2 1.12807
-0.5 -1 1 0.610523 0.417997 0.672712 14127.1 4 1.41271
0.5 -1 1 0.68022 0.228266 0.696559 12.7964 1 1.27964
1.5 -1 1 0.634373 0.364085 0.681919 1.64964 0 1.64964
2.5 -1 1 0.723997 0.29817 0.622031 1.61677 0 1.61677
-2 -0.5 1 0.666587 0.43126 0.60801 11.1791 1 1.11791
-1 -0.5 1 0.668743 0.298114 0.68111 11.1802 1 1.11802
0 -0.5 1 0.498002 0.448394 0.742252 96801.4 4 9.68014
1 -0.5 1 0.655455 0.272475 0.704369 3.69294 0 3.69294
2 -0.5 1 0.686134 0.156082 0.710534 11.2505 1 1.12505
-2.5 0 1 0.577563 0.386826 0.718879 35.5695 1 3.55695
-1.5 0 1 0.714981 0.403331 0.571075 54.6697 1 5.46697
-0.5 0 1 0.592046 0.369745 0.71608 3455.37 3 3.45537
0.5 0 1 0.766251 0.218884 0.60411 947.257 2 9.47257
1.5 0 1 0.524661 0.524661 0.67042 1249.21 3 1.24921
2.5 0 1 0.503824 0.466784 0.726824 56444.1 4 5.64441
-2 0.5 1 0.639674 0.394378 0.65976 1.35061 0 1.35061
-1 0.5 1 0.583114 0.387863 0.713821 2.76864 0 2.76864
0 0.5 1 0.460652 0.460652 0.758683 32325.4 4 3.23254
1 0.5 1 0.569081 0.314279 0.759852 973.26 2 9.7326
2 0.5 1 0.586754 0.438848 0.680538 517.677 2 5.17677
-2.5 1 1 0.492959 0.39481 0.775317 99806 4 9.9806
-1.5 1 1 0.483501 0.446009 0.753195 548.539 2 5.48539
-0.5 1 1 0.478805 0.478805 0.735861 495.963 2 4.95963
0.5 1 1 0.492582 0.492582 0.717444 46992.9 4 4.69929
1.5 1 1 0.75411 0.245735 0.609043 54.0616 1 5.40616
2.5 1 1 0.632054 0.367627 0.682172 7.59353 0 7.59353
-2 1.5 1 0.684213 0.347672 0.641075 5.41318 0 5.41318
-1 1.5 1 0.460026 0.558618 0.690161 32011 4 3.2011
0 1.5 1 0.626543 0.380036 0.680453 3.51005 0 3.51005
1 1.5 1 0.6097 0.307989 0.730349 31.1537 1 3.11537
2 1.5 1 0.543447 0.468479 0.696558 616.229 2 6.16229
-2.25 -1.25 1.25 0.611153 0.465028 0.640501 7.36673 0 7.36673
-1.25 -1.25 1.25 0.597115 0.349654 0.721939 23.0709 1 2.30709
-0.25 -1.25 1.25 0.692587 0.309338 0.651639 27.6188 1 2.76188
0.75 -1.25 1.25 0.750924 0.297332 0.589667 49.0237 1 4.90237
1.75 -1.25 1.25 0.721866 0.348742 0.597736 1.46115 0 1.46115
-1.75 -0.75 1.25 0.681572 0.396977 0.61471 4.81851 0 4.81851
-0.75 -0.75 1.25 0.731833 0.161078 0.662174 3.26859 0 3.26859
0.25 -0.75 1.25 0.469778 0.469778 0.747407 1272.9 3 1.2729
1.25 -0.75 1.25 0.558617 0.373861 0.740388 2393.39 3 2.39339
2.25 -0.75 1.25 0.655146 0.265199 0.707427 38.4794 1 3.84794
-2.25 -0.25 1.25 0.649882 0.463528 0.602325 25.4599 1 2.54599
-1.25 -0.25 1.25 0.696611 0.214035 0.684779 11.487 1 1.1487
-0.25 -0.25 1.25 0.559694 0.412919 0.718499 47938.6 4 4.79386
0.75 -0.25 1.25 0.530381 0.421403 0.735605 13932.2 4 1.39322
1.75 -0.25 1.25 0.622334 0.320524 0.714118 587.525 2 5.87525
-1.75 0.25 1.25 0.589997 0.543894 0.596727 6098.42 3 6.09842
-0.75 0.25 1.25 0.623046 0.331036 0.708681 62697 4 6.2697
0.25 0.25 1.25 0.551959 0.504169 0.664195 36310.4 4 3.63104
1.25 0.25 1.25 0.462418 0.427103 0.777015 34128.3 4 3.41283
2.25 0.25 1.25 0.571858 0.524764 0.630556 47222.8 4 4.72228
-2.25 0.75 1.25 0.694771 0.360925 0.622115 2.03573 0 2.03573
-1.25 0.75 1.25 0.708579 0.229231 0.667359 549.133 2 5.49133
-0.25 0.75 1.25 0.620826 0.323824 0.713942 2771.6 3 2.7716
0.75 0.75 1.25 0.703656 0.269829 0.657313 9.11326 0 9.11326
1.75 0.75 1.25 0.701772 0.382066 0.601284 406.892 2 4.06892
-1.75 1.25 1.25 0.660432 0.428682 0.616491 1365.37 3 1.36537
-0.75 1.25 1.25 0.639603 0.249976 0.726925 973.597 2 9.73597
0.25 1.25 1.25 0.454185 0.528278 0.717383 45330.3 4 4.53303
1.25 1.25 1.25 0.446009 0.483501 0.753195 5485.39 3 5.48539
2.25 1.25 1.25 0.607547 0.341328 0.717204 29.8316 1 2.98316
-2.5 -1.5 1.5 0.543703 0.444095 0.712157 622.794 2 6.22794
-1.5 -1.5 1.5 0.745579 0.231291 0.624994 14.3934 1 1.43934
-0.5 -1.5 1.5 0.495757 0.591173 0.636192 21348.4 4 2.13484
0.5 -1.5 1.5 0.525207 0.378371 0.762229 22605.1 4 2.26051
1.5 -1.5 1.5 0.625675 0.355908 0.694162 4.35372 0 4.35372
2.5 -1.5 1.5 0.528879 0.38373 0.756993 2857.71 3 2.85771
-2 -1 1.5 0.58604 0.387975 0.711359 563.956 2 5.63956
-1 -1 1.5 0.724075 0.359116 0.588855 64.0827 1 6.40827
0 -1 1.5 0.55605 0.55605 0.617751 8048.8 3 8.0488
1 -1 1.5 0.581052 0.320232 0.748218 38.9448 1 3.89448
2 -1 1.5 0.581026 0.354065 0.732835 38.0352 1 3.80352
-2.5 -0.5 1.5 0.452167 0.597702 0.66204 25455.5 4 2.54555
-1.5 -0.5 1.5 0.527342 0.477382 0.702863 10.8798 1 1.08798
-0.5 -0.5 1.5 0.624498 0.430445 0.651705 40.6424 1 4.06424
0.5 -0.5 1.5 0.513879 0.464144 0.721456 37781.7 4 3.77817
1.5 -0.5 1.5 0.752791 0.190767 0.630011 57.5462 1 5.75462
2.5 -0.5 1.5 0.524086 0.524086 0.671318 16640.4 4 1.66404
-2 0 1.5 0.598095 0.335158 0.727978 773.894 2 7.73894
-1 0 1.5 0.604518 0.462397 0.64865 12084.1 4 1.20841
0 0 1.5 0.66848 0.281816 0.688269 1904.09 3 1.90409
1 0 1.5 0.54483 0.430067 0.719863 40.1277 1 4.01277
2 0 1.5 0.529266 0.414679 0.740216 20.4085 1 2.04085
-2.5 0.5 1.5 0.515575 0.439534 0.735522 481.323 2 4.81323
-1.5 0.5 1.5 0.676483 0.240791 0.695982 750.984 2 7.50984
-0.5 0.5 1.5 0.661716 0.289609 0.691562 298.121 2 2.98121
0.5 0.5 1.5 0.461931 0.511943 0.724247 278.646 2 2.78646
1.5 0.5 1.5 0.675772 0.263365 0.688456 12.156 1 1.2156
2.5 0.5 1.5 0.610102 0.516581 0.600765 281.925 2 2.81925
-2 1 1.5 0.672713 0.333984 0.660237 1.42706 0 1.42706
-1 1 1.5 0.492176 0.492176 0.718001 9600.84 3 9.60084
0 1 1.5 0.518596 0.406266 0.752334 517.628 2 5.17628
1 1 1.5 0.599104 0.302461 0.741345 792.546 2 7.92546
2 1 1.5 0.632235 0.394926 0.666568 28232.3 4 2.82323
-2.5 1.5 1.5 0.593695 0.366961 0.716146 723.813 2 7.23813
-1.5 1.5 1.5 0.650548 0.354138 0.671844 53.9111 1 5.39111
-0.5 1.5 1.5 0.50748 0.397998 0.764239 1298.97 3 1.29897
0.5 1.5 1.5 0.548587 0.368297 0.750606 6125.63 3 6.12563
1.5 1.5 1.5 0.526509 0.415519 0.741709 2715.18 3 2.71518
2.5 1.5 1.5 0.478889 0.528572 0.700912 1454.85 3 1.45485
