450
-2.5 -1.5 -1.5 -0.183321 -0.113242 -0.976509 437283 5 4.37283
-1.5 -1.5 -1.5 -0.258476 -0.182243 -0.948671 7255.57 3 7.25557
-0.5 -1.5 -1.5 -0.01995 0.0183435 -0.999633 1.35327 0 1.35327
0.5 -1.5 -1.5 -0.353115 -0.362759 -0.86239 88.7536 1 8.87536
1.5 -1.5 -1.5 -0.449586 -0.321106 -0.833525 7833.15 3 7.83315
2.5 -1.5 -1.5 -0.427317 -0.119402 -0.896183 221775 5 2.21775
-2 -1 -1.5 -0.392688 -0.358225 -0.847037 12.072 1 1.2072
-1 -1 -1.5 -0.352977 -0.318317 -0.879819 432.877 2 4.32877
0 -1 -1.5 -0.182092 -0.111424 -0.976948 2789.59 3 2.78959
1 -1 -1.5 -0.549447 -0.463394 -0.695251 3370.4 3 3.3704
2 -1 -1.5 -0.212124 -0.168478 -0.96261 100.261 2 1.00261
-2.5 -0.5 -1.5 -0.621018 -0.129873 -0.772962 499035 5 4.99035
-1.5 -0.5 -1.5 -0.236929 -0.22397 -0.945358 17.6126 1 1.76126
-0.5 -0.5 -1.5 -0.276752 -0.217508 -0.936001 2980.7 3 2.9807
0.5 -0.5 -1.5 -0.304685 -0.320845 -0.896786 68.842 1 6.8842
1.5 -0.5 -1.5 -0.114757 -0.116782 -0.986505 32.3151 1 3.23151
2.5 -0.5 -1.5 -0.422071 -0.406053 -0.810541 1175.21 3 1.17521
-2 0 -1.5 -0.385557 -0.359325 -0.849842 10.9624 1 1.09624
-1 0 -1.5 -0.513959 -0.22046 -0.829001 26242.1 4 2.62421
0 0 -1.5 -0.31494 -0.281791 -0.906315 196.667 2 1.96667
1 0 -1.5 -0.600739 -0.341229 -0.722963 58799.7 4 5.87997
2 0 -1.5 -0.569554 -0.420032 -0.706528 3385.32 3 3.38532
-2.5 0.5 -1.5 -0.289751 -0.154367 -0.944571 464458 5 4.64458
-1.5 0.5 -1.5 -0.634809 -0.317932 -0.704228 26043.4 4 2.60434
-0.5 0.5 -1.5 -0.0994533 -0.0716505 -0.992459 28.8122 1 2.88122
0.5 0.5 -1.5 -0.256052 -0.309007 -0.915943 2.79083 0 2.79083
1.5 0.5 -1.5 -0.579914 -0.39994 -0.709752 57911.9 4 5.79119
2.5 0.5 -1.5 -0.219797 -0.165191 -0.961458 100.561 2 1.00561
-2 1 -1.5 -0.440285 -0.392517 -0.807514 1177.77 3 1.17777
-1 1 -1.5 -0.290942 -0.210103 -0.933386 24704.5 4 2.47045
0 1 -1.5 -0.471807 -0.283463 -0.834893 3312.6 3 3.3126
1 1 -1.5 -0.125815 -0.133765 -0.982994 3.46377 0 3.46377
2 1 -1.5 -0.512451 -0.391635 -0.76421 212886 5 2.12886
-2.5 1.5 -1.5 -0.312706 -0.0955224 -0.945035 473748 5 4.73748
-1.5 1.5 -1.5 -0.143162 -0.0207782 -0.989481 412866 5 4.12866
-0.5 1.5 -1.5 -0.123193 -0.0303198 -0.991919 49227.6 4 4.92276
0.5 1.5 -1.5 -0.17261 -0.114635 -0.978297 55.0771 1 5.50771
1.5 1.5 -1.5 -0.144055 -0.0827826 -0.986101 925.343 2 9.25343
2.5 1.5 -1.5 -0.309915 -0.235914 -0.921031 19.5504 1 1.95504
-1.75 -1.25 -1.25 -0.209223 -0.0807122 -0.974531 447001 5 4.47001
-0.75 -1.25 -1.25 -0.303251 -0.286952 -0.908679 196.246 2 1.96246
0.25 -1.25 -1.25 -0.349011 -0.358197 -0.86596 80.3649 1 8.03649
1.25 -1.25 -1.25 -0.51717 -0.258861 -0.815798 8152.66 3 8.15266
2.25 -1.25 -1.25 -0.730787 -0.348548 -0.586911 25805.3 4 2.58053
-2.25 -0.75 -1.25 -0.448141 -0.245502 -0.859592 3315.21 3 3.31521
-1.25 -0.75 -1.25 -0.0605432 -0.0246552 -0.997861 2.47253 0 2.47253
-0.25 -0.75 -1.25 -0.307217 -0.30776 -0.900501 2.03855 0 2.03855
0.75 -0.75 -1.25 -0.368073 -0.371826 -0.852214 90.6968 1 9.06968
1.75 -0.75 -1.25 -0.654328 -0.346715 -0.672045 3471.06 3 3.47106
-1.75 -0.25 -1.25 -0.521456 -0.351475 -0.777528 1212.33 3 1.21233
-0.75 -0.25 -1.25 -0.135285 -0.101205 -0.985624 33.1683 1 3.31683
0.25 -0.25 -1.25 -0.130594 -0.0925316 -0.987109 921.012 2 9.21012
1.25 -0.25 -1.25 -0.303714 -0.168805 -0.93769 24892.3 4 2.48923
2.25 -0.25 -1.25 -0.375674 -0.151353 -0.914309 59430.3 4 5.94303
-2.25 0.25 -1.25 -0.0142142 0.0050517 -0.999886 1.28115 0 1.28115
-1.25 0.25 -1.25 -0.171285 -0.138622 -0.975421 51.4057 1 5.14057
-0.25 0.25 -1.25 -0.453194 -0.34756 -0.820864 1180.26 3 1.18026
0.75 0.25 -1.25 -0.252353 -0.226939 -0.940647 389.425 2 3.89425
1.75 0.25 -1.25 -0.517793 -0.420904 -0.744803 1207.46 3 1.20746
-1.75 0.75 -1.25 -0.628432 -0.437836 -0.642941 79838.9 4 7.98389
-0.75 0.75 -1.25 -0.34764 -0.31823 -0.881973 431.661 2 4.31661
0.25 0.75 -1.25 -0.383121 -0.383754 -0.840209 92.5773 1 9.25773
1.25 0.75 -1.25 -0.000389139 0.0049972 -0.999987 7.96605 0 7.96605
2.25 0.75 -1.25 -0.381454 -0.330612 -0.863243 214952 5 2.14952
-2.25 1.25 -1.25 -0.301454 -0.191792 -0.933992 24810 4 2.481
-1.25 1.25 -1.25 -0.270226 -0.315235 -0.909728 1.32613 0 1.32613
-0.25 1.25 -1.25 -0.635599 -0.193216 -0.74745 484534 5 4.84534
0.75 1.25 -1.25 -0.415635 -0.262893 -0.870709 222.175 2 2.22175
1.75 1.25 -1.25 -0.268041 -0.180124 -0.946419 460445 5 4.60445
-2 -1.5 -1 -0.00623754 3.59601e-06 -0.999981 9.18518 0 9.18518
-1 -1.5 -1 -0.328501 -0.171487 -0.928805 216358 5 2.16358
0 -1.5 -1 -0.283568 -0.327612 -0.901255 1.66494 0 1.66494
1 -1.5 -1 -0.352234 -0.311741 -0.882468 432.834 2 4.32834
2 -1.5 -1 -0.568784 -0.322769 -0.756508 3415.74 3 3.41574
-2.5 -1 -1 -0.247545 -0.164405 -0.954826 7259.46 3 7.25946
-1.5 -1 -1 -0.416337 -0.228079 -0.880139 7944.83 3 7.94483
-0.5 -1 -1 -0.2524 -0.225295 -0.941029 24435.1 4 2.44351
0.5 -1 -1 -0.168969 -0.127266 -0.97737 43.5207 1 4.35207
1.5 -1 -1 -0.42013 -0.37107 -0.828129 77647.9 4 7.76479
2.5 -1 -1 -0.178009 -0.103879 -0.978531 53.8541 1 5.38541
-2 -0.5 -1 -0.543927 -0.336579 -0.768673 214574 5 2.14574
-1 -0.5 -1 -0.538742 -0.425839 -0.726924 535.132 2 5.35132
0 -0.5 -1 -0.362186 -0.348594 -0.864467 80.23 1 8.023
1 -0.5 -1 -0.296999 -0.318401 -0.900229 2.05079 0 2.05079
2 -0.5 -1 -0.0160651 0.00784231 -0.99984 1.24292 0 1.24292
-2.5 0 -1 -0.0050763 0.00837356 -0.999952 8.11008 0 8.11008
-1.5 0 -1 -0.538596 -0.299334 -0.7876 8090.91 3 8.09091
-0.5 0 -1 -0.576261 -0.372085 -0.727651 3400.86 3 3.40086
0.5 0 -1 -0.309064 -0.30505 -0.900791 571411 5 5.71411
1.5 0 -1 -0.0117339 0.00208136 -0.999929 1.30307 0 1.30307
2.5 0 -1 -0.215691 -0.214444 -0.952623 453966 5 4.53966
-2 0.5 -1 -0.443073 -0.164151 -0.881329 220516 5 2.20516
-1 0.5 -1 -0.244822 -0.201758 -0.948344 55530.2 4 5.55302
0 0.5 -1 -0.012976 0.0165391 -0.999779 8.07767 0 8.07767
1 0.5 -1 -0.000718882 0.0279888 -0.999608 6.75883 0 6.75883
2 0.5 -1 -0.337787 -0.310375 -0.888576 429.294 2 4.29294
-2.5 1 -1 -0.46154 -0.155124 -0.873451 61398.3 4 6.13983
-1.5 1 -1 0.0224926 0.00932538 -0.999704 6.3961 0 6.3961
-0.5 1 -1 -0.717604 -0.426503 -0.550581 25454.3 4 2.54543
0.5 1 -1 -0.254381 -0.33112 -0.908653 2.31692 0 2.31692
1.5 1 -1 -0.285496 -0.327338 -0.900745 2.03794 0 2.03794
2.5 1 -1 -0.308144 -0.26256 -0.91439 193.753 2 1.93753
-2 1.5 -1 -0.779681 -0.42049 -0.463989 569818 5 5.69818
-1 1.5 -1 -0.131243 -0.0183292 -0.991181 196392 5 1.96392
0 1.5 -1 -0.0116734 0.00318647 -0.999927 1.03004 0 1.03004
1 1.5 -1 -0.346062 -0.328336 -0.878884 1130.43 3 1.13043
2 1.5 -1 -0.0859766 -0.0133976 -0.996207 2555.79 3 2.55579
-2.25 -1.25 -0.75 -0.252546 -0.325959 -0.911028 1.30175 0 1.30175
-1.25 -1.25 -0.75 -0.123442 -0.113023 -0.985894 32.8856 1 3.28856
-0.25 -1.25 -0.75 -0.266575 -0.302521 -0.915106 2.84307 0 2.84307
0.75 -1.25 -0.75 -0.571265 -0.411714 -0.710034 449964 5 4.49964
1.75 -1.25 -0.75 -0.338591 -0.292553 -0.894298 57231.9 4 5.72319
-1.75 -0.75 -0.75 -0.0536648 0.0599872 -0.996756 176755 5 1.76755
-0.75 -0.75 -0.75 -0.415564 -0.153872 -0.896454 480961 5 4.80961
0.25 -0.75 -0.75 -0.00256043 -0.00134257 -0.999996 8.78452 0 8.78452
1.25 -0.75 -0.75 0.0115841 -0.0018728 -0.999931 7.38171 0 7.38171
2.25 -0.75 -0.75 -0.272562 -0.22961 -0.934339 391.375 2 3.91375
-2.25 -0.25 -0.75 -0.261209 -0.194632 -0.945457 55813.4 4 5.58134
-1.25 -0.25 -0.75 -0.385008 -0.284839 -0.877859 3162.25 3 3.16225
-0.25 -0.25 -0.75 -0.158723 -0.137611 -0.977686 40.4315 1 4.04315
0.75 -0.25 -0.75 -0.017088 0.0101649 -0.999802 1.18968 0 1.18968
1.75 -0.25 -0.75 -0.265527 -0.230617 -0.936115 391.019 2 3.91019
-1.75 0.25 -0.75 -0.390619 -0.311354 -0.8663 464.315 2 4.64315
-0.75 0.25 -0.75 -0.447432 -0.41716 -0.791064 3271.97 3 3.27197
0.25 0.25 -0.75 -0.593537 -0.226027 -0.772416 61042.6 4 6.10426
1.25 0.25 -0.75 -0.559956 -0.276501 -0.781022 216875 5 2.16875
2.25 0.25 -0.75 -0.139602 -0.0920958 -0.985916 32.8766 1 3.28766
-2.25 0.75 -0.75 -0.381253 -0.334393 -0.861874 218.109 2 2.18109
-1.25 0.75 -0.75 -0.239878 -0.288874 -0.926828 3.193 0 3.193
-0.25 0.75 -0.75 -0.251877 -0.229836 -0.940071 17.9149 1 1.79149
0.75 0.75 -0.75 -0.296306 -0.250972 -0.921529 19.0877 1 1.90877
1.75 0.75 -0.75 -0.27242 -0.334918 -0.902007 2.00032 0 2.00032
-1.75 1.25 -0.75 -0.375185 -0.365955 -0.851653 99.607 1 9.9607
-0.75 1.25 -0.75 -0.266909 -0.237356 -0.934035 182.439 2 1.82439
0.25 1.25 -0.75 -0.0125006 0.00314094 -0.999917 9.68232 0 9.68232
1.25 1.25 -0.75 -0.162782 -0.141098 -0.976521 41.4552 1 4.14552
2.25 1.25 -0.75 -0.195168 -0.0869146 -0.976911 23728.9 4 2.37289
-2.5 -1.5 -0.5 -0.197125 -0.0983761 -0.97543 442576 5 4.42576
-1.5 -1.5 -0.5 -0.671674 -0.255258 -0.695483 216092 5 2.16092
-0.5 -1.5 -0.5 -0.396511 -0.394163 -0.829105 10.373 1 1.0373
0.5 -1.5 -0.5 -0.69583 -0.246874 -0.674443 60810.4 4 6.08104
1.5 -1.5 -0.5 -0.0110072 0.00193622 -0.999938 9.64165 0 9.64165
2.5 -1.5 -0.5 -0.362618 -0.278114 -0.889472 112.841 2 1.12841
-2 -1 -0.5 -0.633286 -0.264375 -0.727362 470584 5 4.70584
-1 -1 -0.5 -0.476965 -0.325837 -0.816294 461787 5 4.61787
0 -1 -0.5 -0.418372 -0.395314 -0.817736 575290 5 5.7529
1 -1 -0.5 -0.365874 -0.321963 -0.873198 3144.64 3 3.14464
2 -1 -0.5 -0.131688 -0.00848135 -0.991255 197141 5 1.97141
-2.5 -0.5 -0.5 -0.352031 -0.24889 -0.90229 7605.83 3 7.60583
-1.5 -0.5 -0.5 -0.16618 -0.102388 -0.980765 6794.19 3 6.79419
-0.5 -0.5 -0.5 -0.412008 -0.317249 -0.854168 224.197 2 2.24197
0.5 -0.5 -0.5 -0.513016 -0.106803 -0.851709 500400 5 5.004
1.5 -0.5 -0.5 0.00510678 0.00170018 -0.999986 7.72074 0 7.72074
2.5 -0.5 -0.5 -0.632751 -0.328505 -0.70122 8160.46 3 8.16046
-2 0 -0.5 -0.013252 0.0102302 -0.99986 1.45615 0 1.45615
-1 0 -0.5 -0.380832 -0.237862 -0.893526 467957 5 4.67957
0 0 -0.5 -0.223085 -0.342589 -0.912615 2.10074 0 2.10074
1 0 -0.5 -0.361557 -0.356427 -0.861531 80.8597 1 8.08597
2 0 -0.5 -0.164389 -0.14443 -0.975764 42.1145 1 4.21145
-2.5 0.5 -0.5 -0.0940543 0.0230412 -0.9953 363185 5 3.63185
-1.5 0.5 -0.5 -0.151898 -0.134642 -0.979183 39.0601 1 3.90601
-0.5 0.5 -0.5 -0.484692 -0.22342 -0.84567 8198.12 3 8.19812
0.5 0.5 -0.5 -0.527271 -0.27093 -0.805346 26021.2 4 2.60212
1.5 0.5 -0.5 -0.216489 -0.175346 -0.960409 167.434 2 1.67434
2.5 0.5 -0.5 -0.103052 -0.011381 -0.994611 22020.6 4 2.20206
-2 1 -0.5 -0.221535 -0.0425638 -0.974223 452943 5 4.52943
-1 1 -0.5 -0.0164895 0.0217523 -0.999627 1.58244 0 1.58244
0 1 -0.5 -0.38935 -0.213144 -0.896089 58400 4 5.84
1 1 -0.5 -0.481235 -0.411666 -0.773915 25482.2 4 2.54822
2 1 -0.5 -0.526033 -0.425033 -0.736639 79029.5 4 7.90295
-2.5 1.5 -0.5 -0.217757 -0.0615697 -0.974059 450572 5 4.50572
-1.5 1.5 -0.5 -0.293981 -0.245996 -0.923613 1075.46 3 1.07546
-0.5 1.5 -0.5 -0.449106 -0.289728 -0.845199 7877.39 3 7.87739
0.5 1.5 -0.5 -0.0457739 -0.0377937 -0.998237 2.44631 0 2.44631
1.5 1.5 -0.5 -0.271976 -0.24261 -0.931219 58.5221 1 5.85221
2.5 1.5 -0.5 -0.487098 -0.173647 -0.85591 26433.3 4 2.64333
-1.75 -1.25 -0.25 -0.206591 -0.119974 -0.971044 207586 5 2.07586
-0.75 -1.25 -0.25 -0.415759 -0.112771 -0.902456 488478 5 4.88478
0.25 -1.25 -0.25 -0.348193 -0.273852 -0.89653 464132 5 4.64132
1.25 -1.25 -0.25 -0.210274 -0.18171 -0.960607 16.6861 1 1.66861
2.25 -1.25 -0.25 -0.344251 -0.32492 -0.880862 208.724 2 2.08724
-2.25 -0.75 -0.25 -0.185281 -0.109774 -0.976535 2782.28 3 2.78228
-1.25 -0.75 -0.25 -0.373423 -0.296307 -0.879066 113.249 2 1.13249
-0.25 -0.75 -0.25 -0.240671 -0.347496 -0.906269 1.85734 0 1.85734
0.75 -0.75 -0.25 -0.153041 -0.130191 -0.979606 37.6901 1 3.76901
1.75 -0.75 -0.25 -0.267468 -0.324943 -0.907123 2.38955 0 2.38955
-1.75 -0.25 -0.25 -0.667619 -0.330897 -0.666928 212570 5 2.1257
-0.75 -0.25 -0.25 0.00228221 -0.00344624 -0.999991 8.28525 0 8.28525
0.25 -0.25 -0.25 -0.436473 -0.256289 -0.862443 217297 5 2.17297
1.25 -0.25 -0.25 -0.70302 -0.475394 -0.528926 79037.5 4 7.90375
2.25 -0.25 -0.25 -0.139446 -0.0319176 -0.989715 408144 5 4.08144
-2.25 0.25 -0.25 -0.00738742 0.0353637 -0.999347 6.70475 0 6.70475
-1.25 0.25 -0.25 -0.00937276 0.0029965 -0.999952 9.71963 0 9.71963
-0.25 0.25 -0.25 -0.40734 -0.284064 -0.867976 25411.9 4 2.54119
0.75 0.25 -0.25 -0.328325 -0.285056 -0.900525 428.49 2 4.2849
1.75 0.25 -0.25 -0.00559008 0.00153889 -0.999983 9.04383 0 9.04383
-1.75 0.75 -0.25 -0.446263 -0.210786 -0.869723 218912 5 2.18912
-0.75 0.75 -0.25 -0.525711 -0.156544 -0.836135 489573 5 4.89573
0.25 0.75 -0.25 -0.224186 -0.158011 -0.961651 100.627 2 1.00627
1.25 0.75 -0.25 -0.428939 -0.293723 -0.854247 117.469 2 1.17469
2.25 0.75 -0.25 -0.385752 -0.270278 -0.882126 214.422 2 2.14422
-2.25 1.25 -0.25 -0.397698 -0.17344 -0.900974 25786.8 4 2.57868
-1.25 1.25 -0.25 -0.393602 -0.384387 -0.835059 77513.5 4 7.75135
-0.25 1.25 -0.25 -0.696873 -0.3893 -0.602341 58106.6 4 5.81066
0.75 1.25 -0.25 -0.148609 -0.134087 -0.979763 37.4424 1 3.74424
1.75 1.25 -0.25 -0.789896 -0.417194 -0.449459 78292.2 4 7.82922
-2 -1.5 0 0.0489368 0.0718157 -0.996217 4.42802 0 4.42802
-1 -1.5 0 -0.628131 -0.382489 -0.677609 25755.4 4 2.57554
0 -1.5 0 -0.346034 -0.266426 -0.899598 203.84 2 2.0384
1 -1.5 0 -0.176068 -0.12965 -0.975803 50.6803 1 5.06803
2 -1.5 0 -0.295406 -0.243179 -0.923904 107.423 2 1.07423
-2.5 -1 0 -0.103698 -0.119994 -0.987344 3.14645 0 3.14645
-1.5 -1 0 -0.357424 -0.35935 -0.862041 80.9118 1 8.09118
-0.5 -1 0 -0.524642 -0.212118 -0.824473 478667 5 4.78667
0.5 -1 0 -0.174485 -0.101909 -0.979372 6802.44 3 6.80244
1.5 -1 0 -0.38416 -0.384774 -0.839267 92.476 1 9.2476
2.5 -1 0 -0.194885 -0.0825673 -0.977345 53723.5 4 5.37235
-2 -0.5 0 -0.267929 -0.236537 -0.933951 182.829 2 1.82829
-1 -0.5 0 -0.605072 -0.281879 -0.744601 59878.6 4 5.98786
0 -0.5 0 -0.197089 -0.0921483 -0.976045 53592.1 4 5.35921
1 -0.5 0 -0.255896 -0.174281 -0.950865 7263.22 3 7.26322
2 -0.5 0 -0.543162 -0.385536 -0.74588 7957.98 3 7.95798
-2.5 0 0 -0.497522 -0.457578 -0.736949 78645.8 4 7.86458
-1.5 0 0 -0.391011 -0.292367 -0.872715 216.544 2 2.16544
-0.5 0 0 -0.488739 -0.0651855 -0.869991 509767 5 5.09767
0.5 0 0 -0.354614 -0.283397 -0.89103 206.432 2 2.06432
1.5 0 0 -0.535852 -0.390543 -0.748558 533.16 2 5.3316
2.5 0 0 0.0241363 0.0422809 -0.998814 5.49519 0 5.49519
-2 0.5 0 -0.371742 -0.32412 -0.869916 1133.96 3 1.13396
-1 0.5 0 -0.10769 -0.0125243 -0.994106 21933.7 4 2.19337
0 0.5 0 -0.496117 -0.280592 -0.821667 58970.8 4 5.89708
1 0.5 0 -0.158894 -0.105551 -0.981637 15.1306 1 1.51306
2 0.5 0 -0.13011 -0.108028 -0.985597 33.171 1 3.3171
-2.5 1 0 -0.379772 -0.306776 -0.872732 3154.2 3 3.1542
-1.5 1 0 -0.314242 -0.273287 -0.909157 195.66 2 1.9566
-0.5 1 0 -0.455292 -0.36435 -0.812378 57761.4 4 5.77614
0.5 1 0 -0.57899 -0.43977 -0.686566 552.676 2 5.52676
1.5 1 0 -0.345277 -0.328441 -0.879153 3134.31 3 3.13431
2.5 1 0 -0.285541 -0.302114 -0.909502 1.3347 0 1.3347
-2 1.5 0 -0.279085 -0.318091 -0.906052 2.43443 0 2.43443
-1 1.5 0 -0.612276 -0.277795 -0.740235 8253.65 3 8.25365
0 1.5 0 -0.576679 -0.326127 -0.749055 1230.03 3 1.23003
1 1.5 0 -0.287098 -0.145233 -0.946827 56757.1 4 5.67571
2 1.5 0 -0.244338 -0.315056 -0.917082 2.7065 0 2.7065
-2.25 -1.25 0.25 -0.377946 -0.379133 -0.844639 91.9825 1 9.19825
-1.25 -1.25 0.25 -0.250709 -0.186118 -0.950003 7223.52 3 7.22352
-0.25 -1.25 0.25 -0.526043 -0.322015 -0.787137 25803.8 4 2.58038
0.75 -1.25 0.25 -0.434562 -0.276411 -0.857177 227.376 2 2.27376
1.75 -1.25 0.25 -0.399264 -0.383553 -0.832751 11.3275 1 1.13275
-1.75 -0.75 0.25 -0.643885 -0.464697 -0.607839 3426.53 3 3.42653
-0.75 -0.75 0.25 -0.1516 -0.132986 -0.979455 37.731 1 3.7731
0.25 -0.75 0.25 -0.191608 -0.106646 -0.97566 52981.6 4 5.29816
1.25 -0.75 0.25 -0.705771 -0.315617 -0.63425 59388.4 4 5.93884
2.25 -0.75 0.25 -0.347406 -0.228653 -0.90941 7626.84 3 7.62684
-2.25 -0.25 0.25 -0.296663 -0.316969 -0.900845 1.67548 0 1.67548
-1.25 -0.25 0.25 -0.487313 -0.399018 -0.776731 507.286 2 5.07286
-0.25 -0.25 0.25 -0.261779 -0.234722 -0.93615 181.231 2 1.81231
0.75 -0.25 0.25 -0.348496 -0.266379 -0.898662 7582.07 3 7.58207
1.75 -0.25 0.25 -0.0137468 0.00487179 -0.999894 9.59414 0 9.59414
-1.75 0.25 0.25 -0.425605 -0.376681 -0.822783 472.973 2 4.72973
-0.75 0.25 0.25 -0.284293 -0.164751 -0.944476 56437.5 4 5.64375
0.25 0.25 0.25 -0.506829 -0.316291 -0.801926 121.195 2 1.21195
1.25 0.25 0.25 -0.220211 -0.165102 -0.961378 167.239 2 1.67239
2.25 0.25 0.25 -0.173225 -0.13904 -0.975018 46.1069 1 4.61069
-2.25 0.75 0.25 -0.242358 -0.20059 -0.949224 457072 5 4.57072
-1.25 0.75 0.25 -0.48498 -0.4251 -0.764254 508.295 2 5.08295
-0.25 0.75 0.25 -0.547266 -0.27505 -0.790473 3428.37 3 3.42837
0.75 0.75 0.25 -0.163945 -0.146934 -0.975465 42.4021 1 4.24021
1.75 0.75 0.25 -0.544367 -0.157701 -0.82389 222140 5 2.2214
-1.75 1.25 0.25 -0.531519 -0.4585 -0.712226 535.6 2 5.356
-0.75 1.25 0.25 -0.270929 -0.184003 -0.944849 2992.2 3 2.9922
0.25 1.25 0.25 -0.133214 -0.126004 -0.983045 14.9131 1 1.49131
1.25 1.25 0.25 -0.420333 -0.390676 -0.818958 472.728 2 4.72728
2.25 1.25 0.25 -0.522379 -0.354612 -0.775481 529.696 2 5.29696
-2.5 -1.5 0.5 -0.437805 -0.257872 -0.861295 7917.91 3 7.91791
-1.5 -1.5 0.5 -0.287917 -0.235615 -0.928218 107.056 2 1.07056
-0.5 -1.5 0.5 -0.257538 -0.341512 -0.903905 1.93932 0 1.93932
0.5 -1.5 0.5 -0.474016 -0.446196 -0.75909 507.733 2 5.07733
1.5 -1.5 0.5 -0.0131622 0.00153722 -0.999912 1.11009 0 1.11009
2.5 -1.5 0.5 -0.496962 -0.23537 -0.835243 59804.1 4 5.98041
-2 -1 0.5 -0.508408 -0.270052 -0.817675 469017 5 4.69017
-1 -1 0.5 -0.403201 -0.268734 -0.874763 116.692 2 1.16692
0 -1 0.5 -0.275124 -0.181848 -0.944054 56112.9 4 5.61129
1 -1 0.5 -0.329387 -0.2972 -0.896201 68.8605 1 6.88605
2 -1 0.5 -0.259752 -0.268797 -0.927511 1.03768 0 1.03768
-2.5 -0.5 0.5 -0.337898 -0.278892 -0.898913 7561.54 3 7.56154
-1.5 -0.5 0.5 -0.172482 -0.132785 -0.976022 45.0068 1 4.50068
-0.5 -0.5 0.5 -0.580044 -0.39836 -0.710534 551.958 2 5.51958
0.5 -0.5 0.5 -0.190258 -0.128358 -0.973307 205290 5 2.0529
1.5 -0.5 0.5 -0.463112 -0.339792 -0.818577 500.423 2 5.00423
2.5 -0.5 0.5 -0.265805 -0.231303 -0.935867 182.44 2 1.8244
-2 0 0.5 -0.19556 -0.100606 -0.975518 53337.6 4 5.33376
-1 0 0.5 -0.266543 -0.216709 -0.939144 2968.59 3 2.96859
0 0 0.5 -0.510307 -0.370175 -0.776246 25617.2 4 2.56172
1 0 0.5 -0.668416 -0.463153 -0.581988 570659 5 5.70659
2 0 0.5 -0.734586 -0.305013 -0.606094 459282 5 4.59282
-2.5 0.5 0.5 -0.822394 -0.329291 -0.463934 446150 5 4.4615
-1.5 0.5 0.5 -0.241401 -0.285313 -0.927535 1.03068 0 1.03068
-0.5 0.5 0.5 -0.353158 -0.31411 -0.881257 208.791 2 2.08791
0.5 0.5 0.5 -0.559909 -0.215639 -0.800001 219509 5 2.19509
1.5 0.5 0.5 -0.278736 -0.239793 -0.929949 18.6977 1 1.86977
2.5 0.5 0.5 -0.168939 -0.136658 -0.976107 349.912 2 3.49912
-2 1 0.5 -0.794451 -0.332699 -0.508094 584305 5 5.84305
-1 1 0.5 -0.136039 -0.133787 -0.981628 35.8858 1 3.58858
0 1 0.5 -0.32728 -0.105561 -0.939012 217710 5 2.1771
1 1 0.5 -0.305117 -0.125359 -0.944028 469054 5 4.69054
2 1 0.5 -0.200659 -0.184934 -0.962048 16.5504 1 1.65504
-2.5 1.5 0.5 -0.31094 -0.286737 -0.906145 196.842 2 1.96842
-1.5 1.5 0.5 -0.543463 -0.453209 -0.706576 573058 5 5.73058
-0.5 1.5 0.5 -0.0127966 0.000378109 -0.999918 1.12937 0 1.12937
0.5 1.5 0.5 0.0139563 0.0152457 -0.999786 6.60127 0 6.60127
1.5 1.5 0.5 -0.335721 -0.35394 -0.872937 79.2219 1 7.92219
2.5 1.5 0.5 -0.356859 -0.299778 -0.884751 208.056 2 2.08056
-1.75 -1.25 0.75 -0.763156 -0.369202 -0.530361 206945 5 2.06945
-0.75 -1.25 0.75 -0.417571 -0.289904 -0.861156 223.607 2 2.23607
0.25 -1.25 0.75 -0.480146 -0.369935 -0.795366 504.661 2 5.04661
1.25 -1.25 0.75 -0.37626 -0.312313 -0.872289 113.41 2 1.1341
2.25 -1.25 0.75 -0.274529 -0.222652 -0.935446 390.593 2 3.90593
-2.25 -0.75 0.75 -0.0168718 0.021896 -0.999618 7.90017 0 7.90017
-1.25 -0.75 0.75 -0.225615 -0.0875123 -0.970278 210073 5 2.10073
-0.25 -0.75 0.75 -0.0763886 -0.088485 -0.993144 2.80144 0 2.80144
0.75 -0.75 0.75 -0.34423 -0.300049 -0.88965 431.415 2 4.31415
1.75 -0.75 0.75 -0.297058 -0.247119 -0.922328 107.571 2 1.07571
-1.75 -0.25 0.75 -0.196049 -0.108233 -0.974603 23604.8 4 2.36048
-0.75 -0.25 0.75 -0.287442 -0.320513 -0.902579 67.8628 1 6.78628
0.25 -0.25 0.75 -0.303486 -0.282554 -0.909978 75379.6 4 7.53796
1.25 -0.25 0.75 -0.182351 -0.128306 -0.974826 350.606 2 3.50606
2.25 -0.25 0.75 -0.644521 -0.42872 -0.633081 1204.79 3 1.20479
-2.25 0.25 0.75 -0.242552 -0.263928 -0.933547 58.0281 1 5.80281
-1.25 0.25 0.75 -0.481952 -0.324869 -0.813746 58261.1 4 5.82611
-0.25 0.25 0.75 -0.187035 -0.186066 -0.964571 16.3318 1 1.63318
0.75 0.25 0.75 -0.142027 -0.132851 -0.980907 3.73682 0 3.73682
1.75 0.25 0.75 -0.365367 -0.230449 -0.901887 3167.22 3 3.16722
-1.75 0.75 0.75 -0.525075 -0.387158 -0.757896 1210.59 3 1.21059
-0.75 0.75 0.75 -0.575811 -0.457485 -0.677605 1213.59 3 1.21359
0.25 0.75 0.75 -0.500435 -0.450091 -0.739583 1203.64 3 1.20364
1.25 0.75 0.75 -0.604381 -0.444421 -0.661222 25522.4 4 2.55224
2.25 0.75 0.75 -0.29891 -0.286161 -0.910365 1.32728 0 1.32728
-2.25 1.25 0.75 -0.387046 -0.377085 -0.841429 10.1723 1 1.01723
-1.25 1.25 0.75 -0.0170322 0.0116667 -0.999787 1.12325 0 1.12325
-0.25 1.25 0.75 -0.394025 -0.386769 -0.833759 10.311 1 1.0311
0.75 1.25 0.75 -0.145645 -0.00968897 -0.98929 415524 5 4.15524
1.75 1.25 0.75 -0.183665 -0.171708 -0.967876 48.8264 1 4.88264
-2 -1.5 1 -0.332879 -0.352817 -0.874478 86.2077 1 8.62077
-1 -1.5 1 -0.312114 -0.0672697 -0.94766 477708 5 4.77708
0 -1.5 1 -0.316981 -0.317698 -0.893639 69.3316 1 6.93316
1 -1.5 1 -0.588909 -0.369532 -0.718771 1225.61 3 1.22561
2 -1.5 1 -0.143549 -0.134125 -0.980512 36.8252 1 3.68252
-2.5 -1 1 -0.147341 -0.117074 -0.982133 15.0593 1 1.50593
-1.5 -1 1 -0.317204 -0.347607 -0.882355 77.5076 1 7.75076
-0.5 -1 1 -0.0888492 -0.0807116 -0.99277 28.5354 1 2.85354
0.5 -1 1 -0.436393 -0.310392 -0.844522 494.562 2 4.94562
1.5 -1 1 -0.726276 -0.42419 -0.540912 3437.78 3 3.43778
2.5 -1 1 -0.717876 -0.342762 -0.605944 81234.7 4 8.12347
-2 -0.5 1 -0.389372 -0.314266 -0.86581 217.737 2 2.17737
-1 -0.5 1 -0.231264 -0.320902 -0.918444 2.59335 0 2.59335
0 -0.5 1 -0.18 -0.099219 -0.97865 6795.21 3 6.79521
1 -0.5 1 -0.624276 -0.254842 -0.738468 26362.4 4 2.63624
2 -0.5 1 -0.405286 -0.0761281 -0.911015 495129 5 4.95129
-2.5 0 1 -0.482734 -0.359585 -0.79854 3294.5 3 3.2945
-1.5 0 1 -0.0170001 0.0145308 -0.99975 1.41316 0 1.41316
-0.5 0 1 -0.268528 -0.336421 -0.902615 1.63422 0 1.63422
0.5 0 1 -0.162356 -0.123131 -0.979019 41.6792 1 4.16792
1.5 0 1 -0.361106 -0.329917 -0.872214 1132.61 3 1.13261
2.5 0 1 -0.324932 -0.310067 -0.893464 69.3326 1 6.93326
-2 0.5 1 -0.707377 -0.397608 -0.584403 445297 5 4.45297
-1 0.5 1 -0.644341 -0.40653 -0.647733 209649 5 2.09649
0 0.5 1 -0.189093 -0.112414 -0.975503 23441.5 4 2.34415
1 0.5 1 -0.225395 -0.0664363 -0.972 210257 5 2.10257
2 0.5 1 -0.439509 -0.349164 -0.827597 7793.48 3 7.79348
-2.5 1 1 -0.128549 -0.0313989 -0.991206 49049.8 4 4.90498
-1.5 1 1 -0.292655 -0.223005 -0.92985 214029 5 2.14029
-0.5 1 1 -0.359672 -0.333905 -0.871288 25206 4 2.5206
0.5 1 1 -0.308163 -0.304095 -0.901422 1.6656 0 1.6656
1.5 1 1 -0.373501 -0.249434 -0.893465 211.276 2 2.11276
2.5 1 1 -0.394748 -0.372015 -0.840107 11.1841 1 1.11841
-2 1.5 1 -0.638325 -0.382932 -0.667761 80681.2 4 8.06812
-1 1.5 1 -0.287689 -0.238872 -0.927457 1073.61 3 1.07361
0 1.5 1 -0.612 -0.339139 -0.714452 458625 5 4.58625
1 1.5 1 -0.412721 -0.211173 -0.88604 25682.7 4 2.56827
2 1.5 1 -0.28944 -0.310261 -0.905518 2.44984 0 2.44984
-2.25 -1.25 1.25 -0.603609 -0.489449 -0.629361 79142.4 4 7.91424
-1.25 -1.25 1.25 -0.403836 -0.196689 -0.893437 473786 5 4.73786
-0.25 -1.25 1.25 -0.445811 -0.320639 -0.835729 117.886 2 1.17886
0.75 -1.25 1.25 -0.178145 -0.113259 -0.977465 47.9249 1 4.79249
1.75 -1.25 1.25 -0.648772 -0.37438 -0.662521 1215.84 3 1.21584
-1.75 -0.75 1.25 -0.588574 -0.414229 -0.694258 1219.86 3 1.21986
-0.75 -0.75 1.25 -0.567876 -0.176813 -0.803899 62175 4 6.2175
0.25 -0.75 1.25 -0.273832 -0.221739 -0.935867 24581.8 4 2.45818
1.25 -0.75 1.25 -0.280316 -0.199488 -0.93895 2993.39 3 2.99339
2.25 -0.75 1.25 -0.387438 -0.181272 -0.903898 58950 4 5.895
-2.25 -0.25 1.25 -0.171552 -0.145374 -0.97439 46.8024 1 4.68024
-1.25 -0.25 1.25 -0.484951 -0.192644 -0.85306 60653.6 4 6.06536
-0.25 -0.25 1.25 -0.0814135 -0.0469999 -0.995572 13.4086 1 1.34086
0.75 -0.25 1.25 -0.25937 -0.255598 -0.931342 58.464 1 5.8464
1.75 -0.25 1.25 -0.411235 -0.335105 -0.847697 468.836 2 4.68836
-1.75 0.25 1.25 -0.0119635 -0.000631556 -0.999928 1.13378 0 1.13378
-0.75 0.25 1.25 -0.200209 -0.168949 -0.965076 996.947 2 9.96947
0.25 0.25 1.25 0.0138737 0.0520047 -0.99855 5.52749 0 5.52749
1.25 0.25 1.25 -0.127106 -0.025322 -0.991566 194463 5 1.94463
2.25 0.25 1.25 -0.00917443 0.0121327 -0.999884 8.14799 0 8.14799
-2.25 0.75 1.25 -0.71933 -0.408319 -0.561997 80067.9 4 8.00679
-1.25 0.75 1.25 -0.34391 -0.259701 -0.902375 112.101 2 1.12101
-0.25 0.75 1.25 -0.251286 -0.343856 -0.904775 1.58442 0 1.58442
0.75 0.75 1.25 -0.738922 -0.217896 -0.637586 475855 5 4.75855
1.75 0.75 1.25 -0.0128529 0.00257589 -0.999914 1.0766 0 1.0766
-1.75 1.25 1.25 -0.00899055 0.000986343 -0.999959 9.47404 0 9.47404
-0.75 1.25 1.25 -0.282801 -0.12545 -0.95094 57003.9 4 5.70039
0.25 1.25 1.25 -0.318475 -0.288672 -0.902908 1.63598 0 1.63598
1.25 1.25 1.25 -0.264858 -0.237777 -0.934512 212671 5 2.12671
2.25 1.25 1.25 -0.483444 -0.322395 -0.813845 3304.93 3 3.30493
-2.5 -1.5 1.5 -0.363565 -0.271605 -0.891096 57480.4 4 5.74804
-1.5 -1.5 1.5 -0.331059 -0.250209 -0.909833 20.0214 1 2.00214
-0.5 -1.5 1.5 -0.153559 -0.125145 -0.980183 37.3235 1 3.73235
0.5 -1.5 1.5 -0.10037 -0.0294733 -0.994514 6222.94 3 6.22294
1.5 -1.5 1.5 -0.65707 -0.406058 -0.635119 3448.02 3 3.44802
2.5 -1.5 1.5 -0.19852 -0.0992641 -0.975057 23701.8 4 2.37018
-2 -1 1.5 -0.381127 -0.244234 -0.891679 57884.2 4 5.78842
-1 -1 1.5 -0.178483 -0.120981 -0.976477 49.5136 1 4.95136
0 -1 1.5 -0.161961 -0.147963 -0.975641 42.3187 1 4.23187
1 -1 1.5 -0.332914 -0.139081 -0.932644 217253 5 2.17253
2 -1 1.5 -0.415936 -0.249028 -0.874632 25548 4 2.5548
-2.5 -0.5 1.5 -0.261686 -0.221013 -0.939507 181.294 2 1.81294
-1.5 -0.5 1.5 -0.43212 -0.3745 -0.820379 457816 5 4.57816
-0.5 -0.5 1.5 -0.451113 -0.372289 -0.811109 1179.66 3 1.17966
0.5 -0.5 1.5 -0.256228 -0.186602 -0.948434 7241.84 3 7.24184
1.5 -0.5 1.5 -0.481773 -0.283712 -0.829097 120.862 2 1.20862
2.5 -0.5 1.5 -0.108716 -0.0607762 -0.992213 28.84 1 2.884
-2 0 1.5 -0.38034 -0.25855 -0.887972 3167.33 3 3.16733
-1 0 1.5 0.00629338 0.0213628 -0.999752 6.72353 0 6.72353
0 0 1.5 -0.274074 -0.226138 -0.934743 106.395 2 1.06395
1 0 1.5 -0.470251 -0.392124 -0.790634 3283.03 3 3.28303
2 0 1.5 -0.4143 -0.297327 -0.860205 215926 5 2.15926
-2.5 0.5 1.5 -0.387925 -0.313267 -0.866821 25294.6 4 2.52946
-1.5 0.5 1.5 -0.334404 -0.208006 -0.919188 7636.45 3 7.63645
-0.5 0.5 1.5 -0.239647 -0.336916 -0.910526 2.2194 0 2.2194
0.5 0.5 1.5 -0.30893 -0.30157 -0.902008 462509 5 4.62509
1.5 0.5 1.5 -0.358188 -0.35418 -0.863862 96.823 1 9.6823
2.5 0.5 1.5 -0.167881 -0.151131 -0.974154 47.0855 1 4.70855
-2 1 1.5 -0.547474 -0.342528 -0.76351 8023.12 3 8.02312
-1 1 1.5 -0.408261 -0.397745 -0.821658 471.092 2 4.71092
0 1 1.5 -0.314604 -0.20026 -0.927858 215248 5 2.15248
1 1 1.5 -0.296873 -0.143453 -0.94408 24932.8 4 2.49328
2 1 1.5 0.035079 0.0331456 -0.998835 5.39279 0 5.39279
-2.5 1.5 1.5 -0.422829 -0.357519 -0.832704 471.702 2 4.71702
-1.5 1.5 1.5 -0.229221 -0.294991 -0.927598 3.09719 0 3.09719
-0.5 1.5 1.5 -0.218956 -0.10592 -0.969969 209161 5 2.09161
0.5 1.5 1.5 -0.174169 -0.108921 -0.978673 2789.74 3 2.78974
1.5 1.5 1.5 -0.281905 -0.211291 -0.935887 2989.07 3 2.98907
2.5 1.5 1.5 -0.322104 -0.284644 -0.902899 75470.3 4 7.54703
