450
-2.5 -1.5 -1.5 -0.101084 0.14579 -0.984138 181114 5 1.81114
-1.5 -1.5 -1.5 -0.0936394 0.186589 -0.977965 5914.25 3 5.91425
-0.5 -1.5 -1.5 -0.0676149 0.235342 -0.969558 9.76704 0 9.76704
0.5 -1.5 -1.5 -0.0118322 -0.0314745 -0.999435 98.8391 1 9.88391
1.5 -1.5 -1.5 -0.0443732 0.218653 -0.974793 5745.9 3 5.7459
2.5 -1.5 -1.5 0.241895 0.128727 -0.961726 114351 5 1.14351
-2 -1 -1.5 -0.095019 0.0147116 -0.995367 44.1183 1 4.41183
-1 -1 -1.5 -0.0539204 0.0974657 -0.993777 277.136 2 2.77136
0 -1 -1.5 -0.0585399 0.108888 -0.992329 1904.25 3 1.90425
1 -1 -1.5 -0.0714703 0.191062 -0.978973 1310.59 3 1.31059
2 -1 -1.5 -0.150098 0.25337 -0.955654 113.977 2 1.13977
-2.5 -0.5 -1.5 0.167865 0.110105 -0.979642 320266 5 3.20266
-1.5 -0.5 -1.5 -0.116073 0.317089 -0.941266 35.7278 1 3.57278
-0.5 -0.5 -1.5 -0.0964645 0.155152 -0.98317 1420.93 3 1.42093
0.5 -0.5 -1.5 -0.0226664 0.00407097 -0.999735 69.7775 1 6.97775
1.5 -0.5 -1.5 -0.197616 0.364717 -0.909906 70.802 1 7.0802
2.5 -0.5 -1.5 -0.189542 0.33826 -0.921767 5311.8 3 5.3118
-2 0 -1.5 -0.0517081 -0.0193205 -0.998475 72.0162 1 7.20162
-1 0 -1.5 0.149122 0.153073 -0.976899 16027.4 4 1.60274
0 0 -1.5 -0.181954 0.382834 -0.905721 156.117 2 1.56117
1 0 -1.5 0.00836308 0.181582 -0.98334 35543.3 4 3.55433
2 0 -1.5 -0.0149241 0.167258 -0.9858 1738.46 3 1.73846
-2.5 0.5 -1.5 -0.00293173 0.10045 -0.994938 261122 5 2.61122
-1.5 0.5 -1.5 0.0761174 0.18566 -0.979661 13372 4 1.3372
-0.5 0.5 -1.5 -0.276037 0.39109 -0.877982 43.6903 1 4.36903
0.5 0.5 -1.5 -0.0868244 -0.0227815 -0.995963 1.53803 0 1.53803
1.5 0.5 -1.5 -0.0407328 0.2019 -0.978559 30392.5 4 3.03925
2.5 0.5 -1.5 -0.182234 0.264857 -0.946912 941.156 2 9.41156
-2 1 -1.5 -0.153221 0.32466 -0.933338 6767.74 3 6.76774
-1 1 -1.5 -0.0145885 0.157429 -0.987423 11781.5 4 1.17815
0 1 -1.5 0.054278 0.10282 -0.993218 2520.19 3 2.52019
1 1 -1.5 -0.126732 0.335294 -0.933551 1.01967 0 1.01967
2 1 -1.5 -0.000723821 0.195259 -0.980751 645850 5 6.4585
-2.5 1.5 -1.5 0.111757 0.0427691 -0.992815 341057 5 3.41057
-1.5 1.5 -1.5 0.00258401 0.0449602 -0.998985 301870 5 3.0187
-0.5 1.5 -1.5 -0.0185785 0.0657655 -0.997662 46236.4 4 4.62364
0.5 1.5 -1.5 -0.103358 0.452512 -0.885748 27.3544 1 2.73544
1.5 1.5 -1.5 -0.197163 0.243454 -0.949662 101.48 2 1.0148
2.5 1.5 -1.5 -0.0297118 0.320695 -0.946716 39.5359 1 3.95359
-2.25 -1.25 -1.25 0.00196589 0.0720024 -0.997403 283145 5 2.83145
-1.25 -1.25 -1.25 -0.240631 0.408333 -0.880546 869.423 2 8.69423
-0.25 -1.25 -1.25 -0.0310525 -0.0123089 -0.999442 74.5515 1 7.45515
0.75 -1.25 -1.25 0.0963037 0.222045 -0.970269 7247.7 3 7.2477
1.75 -1.25 -1.25 0.0326714 0.197707 -0.979717 11838.8 4 1.18388
-1.75 -0.75 -1.25 0.114914 0.0994949 -0.98838 2981.44 3 2.98144
-0.75 -0.75 -1.25 -0.29873 0.368119 -0.880482 4.81776 0 4.81776
0.25 -0.75 -1.25 -0.109632 0.0370722 -0.993281 8.29187 0 8.29187
1.25 -0.75 -1.25 -0.0308314 -0.0265224 -0.999173 85.252 1 8.5252
2.25 -0.75 -1.25 0.022297 0.147951 -0.988743 2052.4 3 2.0524
-2.25 -0.25 -1.25 -0.0407431 0.315243 -0.948136 1037.96 3 1.03796
-1.25 -0.25 -1.25 -0.278384 0.436492 -0.855557 27.1661 1 2.71661
-0.25 -0.25 -1.25 -0.166337 0.231349 -0.958545 122.474 2 1.22474
0.75 -0.25 -1.25 0.0775434 0.119104 -0.989849 15398.7 4 1.53987
1.75 -0.25 -1.25 0.158796 0.0950947 -0.982721 49926.8 4 4.99268
-1.75 0.25 -1.25 -0.114511 0.279646 -0.95325 6.50718 0 6.50718
-0.75 0.25 -1.25 -0.14614 0.461068 -0.875248 25.5078 1 2.55078
0.25 0.25 -1.25 -0.0815505 0.305007 -0.948852 1002.26 3 1.00226
1.25 0.25 -1.25 -0.00211884 0.0406585 -0.999171 429.455 2 4.29455
2.25 0.25 -1.25 -0.11534 0.331817 -0.936266 7240.42 3 7.24042
-2.25 0.75 -1.25 -0.0599616 0.2635 -0.962794 45473.4 4 4.54734
-1.25 0.75 -1.25 -0.119958 0.151285 -0.981184 172.948 2 1.72948
-0.25 0.75 -1.25 -0.0736234 0.0227057 -0.997028 46.349 1 4.6349
0.75 0.75 -1.25 -0.143091 0.246657 -0.958481 1.14404 0 1.14404
1.75 0.75 -1.25 -0.0277184 0.187566 -0.981861 565966 5 5.65966
-1.75 1.25 -1.25 -0.0136629 0.132112 -0.991141 12754.5 4 1.27545
-0.75 1.25 -1.25 -0.0313035 -0.0221812 -0.999264 2.45772 0 2.45772
0.25 1.25 -1.25 0.105577 0.121624 -0.986945 296198 5 2.96198
1.25 1.25 -1.25 -0.0578324 0.386026 -0.920673 188.563 2 1.88563
2.25 1.25 -1.25 -0.053522 0.134268 -0.989499 211650 5 2.1165
-2 -1.5 -1 -0.111405 0.231142 -0.966521 1.33677 0 1.33677
-1 -1.5 -1 0.0832243 0.129163 -0.988125 988500 5 9.885
0 -1.5 -1 -0.0528937 0.00107571 -0.9986 1.71359 0 1.71359
1 -1.5 -1 -0.0442653 0.0818618 -0.99566 307.504 2 3.07504
2 -1.5 -1 0.0596447 0.13234 -0.989408 2372.58 3 2.37258
-2.5 -1 -1 -0.00434297 0.156734 -0.987631 7603.38 3 7.60338
-1.5 -1 -1 0.100914 0.198104 -0.974972 7888.12 3 7.88812
-0.5 -1 -1 -0.0814441 0.196931 -0.977029 74624.4 4 7.46244
0.5 -1 -1 -0.0870481 0.37032 -0.924817 73.3913 1 7.33913
1.5 -1 -1 -0.131751 0.253395 -0.958349 40485.8 4 4.04858
2.5 -1 -1 -0.0765089 0.427813 -0.900623 36.6834 1 3.66834
-2 -0.5 -1 0.0580033 0.187568 -0.980538 828396 5 8.28396
-1 -0.5 -1 -0.052111 0.101597 -0.99346 276.047 2 2.76047
0 -0.5 -1 -0.135565 0.133154 -0.98178 19.3911 1 1.93911
1 -0.5 -1 -0.0925511 0.0342918 -0.995117 9.86144 0 9.86144
2 -0.5 -1 -0.0938018 0.251275 -0.96336 9.09255 0 9.09255
-2.5 0 -1 -0.16689 0.275998 -0.946559 8.08715 0 8.08715
-1.5 0 -1 0.0458024 0.224163 -0.973475 6606.83 3 6.60683
-0.5 0 -1 0.00164426 0.144858 -0.989451 1953.26 3 1.95326
0.5 0 -1 -0.162836 0.240215 -0.956965 194252 5 1.94252
1.5 0 -1 -0.136792 0.31152 -0.940342 4.46176 0 4.46176
2.5 0 -1 -0.152853 0.213077 -0.965005 119318 5 1.19318
-2 0.5 -1 0.137137 0.112495 -0.984143 108218 5 1.08218
-1 0.5 -1 -0.160836 0.21402 -0.963497 22052.2 4 2.20522
0 0.5 -1 -0.21812 0.344713 -0.913015 3.53566 0 3.53566
1 0.5 -1 -0.207631 0.29412 -0.932943 6.35873 0 6.35873
2 0.5 -1 -0.124467 0.167446 -0.977993 153.723 2 1.53723
-2.5 1 -1 0.210323 0.123112 -0.969849 49248.3 4 4.92483
-1.5 1 -1 -0.132123 0.209801 -0.968776 1.77356 0 1.77356
-0.5 1 -1 0.00991405 0.220241 -0.975395 10487.3 4 1.04873
0.5 1 -1 -0.0482174 -0.043204 -0.997902 2.56317 0 2.56317
1.5 1 -1 -0.0662809 -0.0243793 -0.997503 1.84257 0 1.84257
2.5 1 -1 -0.124977 0.352282 -0.927512 253.946 2 2.53946
-2 1.5 -1 -0.0398271 0.233253 -0.9716 272010 5 2.7201
-1 1.5 -1 -0.0133207 0.0882316 -0.996011 924360 5 9.2436
0 1.5 -1 -0.0834082 0.217144 -0.972569 1.49171 0 1.49171
1 1.5 -1 -0.229812 0.337225 -0.912943 4651.72 3 4.65172
2 1.5 -1 -0.0153674 0.0820307 -0.996511 2291.4 3 2.2914
-1.75 -1.25 -0.75 -0.0171272 -0.0188856 -0.999675 2.74572 0 2.74572
-0.75 -1.25 -0.75 -0.22431 0.389291 -0.893386 53.0928 1 5.30928
0.25 -1.25 -0.75 -0.108893 -0.0194225 -0.993864 1.25175 0 1.25175
1.25 -1.25 -0.75 -0.0442188 0.189292 -0.980925 181040 5 1.8104
2.25 -1.25 -0.75 -0.114664 0.203965 -0.97224 25588.7 4 2.55887
-2.25 -0.75 -0.75 0.0332216 0.061145 -0.997576 105963 5 1.05963
-1.25 -0.75 -0.75 0.0967178 0.076083 -0.9924 318293 5 3.18293
-0.25 -0.75 -0.75 -0.092147 0.207769 -0.973828 1.77147 0 1.77147
0.75 -0.75 -0.75 -0.101584 0.198129 -0.974898 2.05312 0 2.05312
1.75 -0.75 -0.75 -0.0768855 0.100972 -0.991914 256.803 2 2.56803
-1.75 -0.25 -0.75 -0.112284 0.177757 -0.977648 28591.1 4 2.85911
-0.75 -0.25 -0.75 0.0144361 0.122208 -0.9924 2159.9 3 2.1599
0.25 -0.25 -0.75 -0.130708 0.377469 -0.916751 68.5886 1 6.85886
1.25 -0.25 -0.75 -0.0750865 0.226398 -0.971136 1.22407 0 1.22407
2.25 -0.25 -0.75 -0.00979915 0.0529069 -0.998551 393.996 2 3.93996
-2.25 0.25 -0.75 0.0366198 0.023333 -0.999057 548.669 2 5.48669
-1.25 0.25 -0.75 -0.0974089 0.194443 -0.976065 1154.25 3 1.15425
-0.25 0.25 -0.75 0.121034 0.15665 -0.98021 43481.6 4 4.34816
0.75 0.25 -0.75 0.0724243 0.159238 -0.98458 912683 5 9.12683
1.75 0.25 -0.75 -0.304544 0.456155 -0.836167 18.4383 1 1.84383
-1.75 0.75 -0.75 -0.15991 0.414858 -0.895724 110.452 2 1.10452
-0.75 0.75 -0.75 -0.113852 -0.038718 -0.992743 1.42148 0 1.42148
0.25 0.75 -0.75 -0.142549 0.333647 -0.931858 28.9609 1 2.89609
1.25 0.75 -0.75 -0.0977207 0.335893 -0.936817 31.4187 1 3.14187
2.25 0.75 -0.75 -0.0476391 -0.024037 -0.998575 2.15319 0 2.15319
-2.25 1.25 -0.75 -0.0348811 -0.0358477 -0.998748 93.4391 1 9.34391
-1.25 1.25 -0.75 -0.197875 0.365019 -0.909729 179.39 2 1.7939
-0.25 1.25 -0.75 -0.179546 0.321754 -0.929644 4.5817 0 4.5817
0.75 1.25 -0.75 -0.156196 0.402318 -0.902077 52.3457 1 5.23457
1.75 1.25 -0.75 0.0310857 0.0834092 -0.99603 15542.9 4 1.55429
-2.5 -1.5 -0.5 -0.0501779 0.107031 -0.992989 232767 5 2.32767
-1.5 -1.5 -0.5 0.101849 0.173656 -0.979526 933625 5 9.33625
-0.5 -1.5 -0.5 -0.0994897 0.0598857 -0.993235 32.3018 1 3.23018
0.5 -1.5 -0.5 0.0921261 0.183149 -0.978759 39678 4 3.9678
1.5 -1.5 -0.5 -0.1557 0.287985 -0.944893 6.83142 0 6.83142
2.5 -1.5 -0.5 -0.05519 0.277761 -0.959063 132.335 2 1.32335
-2 -1 -0.5 0.0503368 0.138966 -0.989017 263672 5 2.63672
-1 -1 -0.5 -0.0261241 0.159414 -0.986866 209351 5 2.09351
0 -1 -0.5 -0.121396 0.231039 -0.965342 223746 5 2.23746
1 -1 -0.5 -0.0631416 0.170013 -0.983417 1476.14 3 1.47614
2 -1 -0.5 0.0910875 0.0657781 -0.993668 111442 5 1.11442
-2.5 -0.5 -0.5 -0.0445708 0.19473 -0.979844 6293.09 3 6.29309
-1.5 -0.5 -0.5 -0.0592943 0.144748 -0.98769 7238.69 3 7.23869
-0.5 -0.5 -0.5 -0.120993 0.415816 -0.901365 117.585 2 1.17585
0.5 -0.5 -0.5 0.204456 0.0766085 -0.975873 343182 5 3.43182
1.5 -0.5 -0.5 -0.121257 0.220791 -0.967754 1.55871 0 1.55871
2.5 -0.5 -0.5 0.0341022 0.245699 -0.968746 5940.81 3 5.94081
-2 0 -0.5 -0.105841 0.290258 -0.951077 5.07718 0 5.07718
-1 0 -0.5 -0.0122933 0.129727 -0.991474 236291 5 2.36291
0 0 -0.5 -0.0220833 -0.0645198 -0.997672 4.43257 0 4.43257
1 0 -0.5 -0.0806252 0.0489911 -0.99554 38.1354 1 3.81354
2 0 -0.5 -0.182794 0.427094 -0.885538 38.8002 1 3.88002
-2.5 0.5 -0.5 -0.000783967 0.0199173 -0.999801 316981 5 3.16981
-1.5 0.5 -0.5 -0.106597 0.353099 -0.929494 87.526 1 8.7526
-0.5 0.5 -0.5 0.147018 0.224558 -0.963307 7837.69 3 7.83769
0.5 0.5 -0.5 0.0671186 0.146842 -0.98688 14312.9 4 1.43129
1.5 0.5 -0.5 -0.244522 0.359114 -0.900692 154.039 2 1.54039
2.5 0.5 -0.5 -0.0230658 0.083637 -0.996229 14392.9 4 1.43929
-2 1 -0.5 0.120781 0.0089902 -0.992638 360624 5 3.60624
-1 1 -0.5 -0.0807534 0.270217 -0.959407 5.48962 0 5.48962
0 1 -0.5 0.0362156 0.12519 -0.991472 42843.4 4 4.28434
1 1 -0.5 -0.0270445 0.206378 -0.978098 95496 4 9.5496
2 1 -0.5 -0.093753 0.25666 -0.961944 43614.6 4 4.36146
-2.5 1.5 -0.5 0.0581935 0.0395002 -0.997524 326973 5 3.26973
-1.5 1.5 -0.5 -0.202184 0.299442 -0.932446 6871.69 3 6.87169
-0.5 1.5 -0.5 0.00228184 0.207519 -0.978228 6521.32 3 6.52132
0.5 1.5 -0.5 -0.269595 0.34579 -0.898748 6.57682 0 6.57682
1.5 1.5 -0.5 -0.0514654 0.0345274 -0.998078 49.4138 1 4.94138
2.5 1.5 -0.5 0.16982 0.125537 -0.977447 17186.8 4 1.71868
-2.25 -1.25 -0.25 -0.0413821 0.137338 -0.989659 704233 5 7.04233
-1.25 -1.25 -0.25 0.161453 0.0552156 -0.985334 345715 5 3.45715
-0.25 -1.25 -0.25 -0.0609523 0.162823 -0.984771 188287 5 1.88287
0.75 -1.25 -0.25 -0.217019 0.345026 -0.913159 20.1668 1 2.01668
1.75 -1.25 -0.25 -0.200269 0.411714 -0.889035 998.618 2 9.98618
-1.75 -0.75 -0.25 -0.0566919 0.128063 -0.990144 1773.46 3 1.77346
-0.75 -0.75 -0.25 -0.089622 0.285884 -0.954064 112.627 2 1.12627
0.25 -0.75 -0.25 -0.0158937 -0.0537908 -0.998426 3.96066 0 3.96066
1.25 -0.75 -0.25 -0.255639 0.455994 -0.852478 23.2328 1 2.32328
2.25 -0.75 -0.25 -0.0683148 -0.0429649 -0.996738 2.15684 0 2.15684
-2.25 -0.25 -0.25 0.0784295 0.200456 -0.976558 846014 5 8.46014
-1.25 -0.25 -0.25 -0.0748457 0.187363 -0.979435 2.2751 0 2.2751
-0.25 -0.25 -0.25 0.0373617 0.148549 -0.988199 869683 5 8.69683
0.75 -0.25 -0.25 -0.0756952 0.284499 -0.955683 39215.3 4 3.92153
1.75 -0.25 -0.25 -0.0505961 0.0816381 -0.995377 250858 5 2.50858
-1.75 0.25 -0.25 -0.236646 0.328533 -0.914366 4.14448 0 4.14448
-0.75 0.25 -0.25 -0.0662946 0.19615 -0.97833 1.92812 0 1.92812
0.25 0.25 -0.25 0.0213029 0.163526 -0.986309 12597.7 4 1.25977
1.25 0.25 -0.25 0.0211921 0.0293793 -0.999344 493.294 2 4.93294
2.25 0.25 -0.25 -0.0508093 0.177824 -0.98275 2.42033 0 2.42033
-2.25 0.75 -0.25 0.121735 0.144283 -0.98202 101253 5 1.01253
-1.25 0.75 -0.25 0.13639 0.0896807 -0.986588 322601 5 3.22601
-0.25 0.75 -0.25 -0.214492 0.278082 -0.936303 757.936 2 7.57936
0.75 0.75 -0.25 -0.0103096 0.290626 -0.956781 137.276 2 1.37276
1.75 0.75 -0.25 -0.0679993 0.370382 -0.926387 228.514 2 2.28514
-1.75 1.25 -0.25 0.129767 0.104895 -0.985981 16913.7 4 1.69137
-0.75 1.25 -0.25 -0.175012 0.278829 -0.944259 31711.4 4 3.17114
0.25 1.25 -0.25 -0.0133559 0.208 -0.978038 31458.9 4 3.14589
1.25 1.25 -0.25 -0.20242 0.409007 -0.889797 45.9733 1 4.59733
2.25 1.25 -0.25 -0.0544327 0.29122 -0.955106 39450.9 4 3.94509
-2 -1.5 0 -0.205264 0.234835 -0.950115 1.13972 0 1.13972
-1 -1.5 0 0.00946469 0.188878 -0.981955 11416 4 1.1416
0 -1.5 0 -0.0816096 0.353625 -0.93182 270.779 2 2.70779
1 -1.5 0 -0.118817 0.436697 -0.891728 34.9682 1 3.49682
2 -1.5 0 -0.135462 0.275008 -0.951851 104.457 2 1.04457
-2.5 -1 0 -0.171943 0.340401 -0.924426 9.18469 0 9.18469
-1.5 -1 0 -0.0646311 0.0405655 -0.997084 43.9016 1 4.39016
-0.5 -1 0 0.0760442 0.108275 -0.991208 292425 5 2.92425
0.5 -1 0 -0.102085 0.16284 -0.981357 6341.42 3 6.34142
1.5 -1 0 -0.110769 0.0936333 -0.989426 25.7122 1 2.57122
2.5 -1 0 0.0415749 0.065898 -0.99696 48690.2 4 4.86902
-2 -0.5 0 -0.225724 0.379055 -0.897422 136.501 2 1.36501
-1 -0.5 0 0.0620791 0.166335 -0.984113 39943.9 4 3.99439
0 -0.5 0 -0.0137018 0.092006 -0.995664 43812.4 4 4.38124
1 -0.5 0 -0.0498625 0.169893 -0.9842 6792.84 3 6.79284
2 -0.5 0 -0.0495684 0.24158 -0.969114 5159.59 3 5.15959
-2.5 0 0 -0.136655 0.276663 -0.951201 35326.7 4 3.53267
-1.5 0 0 -0.0976168 0.386234 -0.917221 183.328 2 1.83328
-0.5 0 0 0.280057 0.0704886 -0.957392 354568 5 3.54568
0.5 0 0 -0.109991 0.369751 -0.922597 218.104 2 2.18104
1.5 0 0 -0.0157629 0.0693729 -0.997466 372.787 2 3.72787
2.5 0 0 -0.193874 0.248231 -0.949102 1.04325 0 1.04325
-2 0.5 0 -0.158604 0.306117 -0.938689 7699.75 3 7.69975
-1 0.5 0 -0.0165214 0.107265 -0.994093 13627.6 4 1.36276
0 0.5 0 0.0250171 0.153949 -0.987762 39357.1 4 3.93571
1 0.5 0 -0.264564 0.337392 -0.903423 17.0143 1 1.70143
2 0.5 0 -0.251488 0.413558 -0.875056 38.6208 1 3.86208
-2.5 1 0 -0.0581473 0.148754 -0.987163 1630.46 3 1.63046
-1.5 1 0 -0.15324 0.368082 -0.917079 201.281 2 2.01281
-0.5 1 0 -0.0746404 0.200181 -0.976912 28418.6 4 2.84186
0.5 1 0 -0.0664344 0.111349 -0.991558 254.325 2 2.54325
1.5 1 0 -0.12761 0.197463 -0.971969 9664.66 3 9.66466
2.5 1 0 -0.0669749 0.0321676 -0.997236 1.28621 0 1.28621
-2 1.5 0 -0.0870991 0.00166895 -0.996198 1.26746 0 1.26746
-1 1.5 0 0.0845263 0.243388 -0.966239 6563.68 3 6.56368
0 1.5 0 -0.00263801 0.325216 -0.945636 1047.31 3 1.04731
1 1.5 0 0.0416887 0.0956424 -0.994542 45960.5 4 4.59605
2 1.5 0 -0.0740098 -0.0566934 -0.995645 2.40683 0 2.40683
-1.75 -1.25 0.25 -0.0541204 0.0140109 -0.998436 54.3299 1 5.43299
-0.75 -1.25 0.25 -0.178051 0.23152 -0.956398 4020.5 3 4.0205
0.25 -1.25 0.25 0.051959 0.173163 -0.983522 13121.1 4 1.31211
1.25 -1.25 0.25 -0.0855298 0.415435 -0.905593 120.61 2 1.2061
2.25 -1.25 0.25 -0.0950571 0.0342132 -0.994884 38.6239 1 3.86239
-2.25 -0.75 0.25 -0.0505719 0.189111 -0.980653 1433.54 3 1.43354
-1.25 -0.75 0.25 -0.229126 0.433365 -0.871605 33.244 1 3.3244
-0.25 -0.75 0.25 -0.113883 0.153034 -0.981637 31269 4 3.1269
0.75 -0.75 0.25 0.0368869 0.192744 -0.980555 35943.5 4 3.59435
1.75 -0.75 0.25 0.00174662 0.182793 -0.98315 7088.48 3 7.08848
-1.75 -0.25 0.25 -0.0686976 0.000669303 -0.997637 1.49267 0 1.49267
-0.75 -0.25 0.25 -0.0224834 0.0744974 -0.996968 349.037 2 3.49037
0.25 -0.25 0.25 -0.170007 0.349752 -0.921288 230.331 2 2.30331
1.25 -0.25 0.25 -0.0888648 0.210449 -0.973557 5437.2 3 5.4372
2.25 -0.25 0.25 -0.203359 0.358179 -0.911237 2.92303 0 2.92303
-2.25 0.25 0.25 -0.0348871 0.0836301 -0.995886 316.456 2 3.16456
-1.25 0.25 0.25 -0.0130902 0.119384 -0.992762 40978.3 4 4.09783
-0.25 0.25 0.25 -0.0037412 0.308792 -0.951122 120.955 2 1.20955
0.75 0.25 0.25 -0.271928 0.371747 -0.887614 114.718 2 1.14718
1.75 0.25 0.25 -0.137168 0.419819 -0.897183 43.3658 1 4.33658
-1.75 0.75 0.25 -0.103303 0.172478 -0.979582 162538 5 1.62538
-0.75 0.75 0.25 -0.0669993 0.114692 -0.991139 245.195 2 2.45195
0.25 0.75 0.25 0.0785446 0.110251 -0.990795 2634.94 3 2.63494
1.25 0.75 0.25 -0.209971 0.450911 -0.86752 27.8376 1 2.78376
2.25 0.75 0.25 0.178505 0.133633 -0.974822 108910 5 1.0891
-2.25 1.25 0.25 -0.0719153 0.120719 -0.990078 236.373 2 2.36373
-1.25 1.25 0.25 0.0638143 0.0802745 -0.994728 2735.43 3 2.73543
-0.25 1.25 0.25 -0.209795 0.30848 -0.927807 28.3582 1 2.83582
0.75 1.25 0.25 -0.0889912 0.131901 -0.98726 210.029 2 2.10029
1.75 1.25 0.25 0.0047109 0.052618 -0.998604 431.047 2 4.31047
-2.5 -1.5 0.5 0.0510101 0.200555 -0.978354 7235.64 3 7.23564
-1.5 -1.5 0.5 -0.102114 0.265219 -0.958766 124.438 2 1.24438
-0.5 -1.5 0.5 -0.0335233 -0.0562142 -0.997856 3.42959 0 3.42959
0.5 -1.5 0.5 -0.0831149 0.13323 -0.987594 212.577 2 2.12577
1.5 -1.5 0.5 -0.123559 0.268654 -0.955279 8.07816 0 8.07816
2.5 -1.5 0.5 0.0815389 0.137894 -0.987085 43618.8 4 4.36188
-2 -1 0.5 0.02251 0.131553 -0.991054 253752 5 2.53752
-1 -1 0.5 0.023344 0.284992 -0.958246 157.399 2 1.57399
0 -1 0.5 -0.0638385 0.146593 -0.987135 35078.3 4 3.50783
1 -1 0.5 -0.0969737 0.0827547 -0.991841 29.7962 1 2.97962
2 -1 0.5 -0.0395794 0.00287636 -0.999212 1.92311 0 1.92311
-2.5 -0.5 0.5 -0.131613 0.230156 -0.964213 4535.09 3 4.53509
-1.5 -0.5 0.5 -0.111355 0.394883 -0.911958 57.1868 1 5.71868
-0.5 -0.5 0.5 -0.042938 0.0926061 -0.994777 300.573 2 3.00573
0.5 -0.5 0.5 -0.0334254 0.162447 -0.986151 638671 5 6.38671
1.5 -0.5 0.5 0.0287274 0.0359561 -0.99894 521.104 2 5.21104
2.5 -0.5 0.5 -0.253941 0.391889 -0.884272 101.137 2 1.01137
-2 0 0.5 -0.0650052 0.120913 -0.990532 37902.5 4 3.79025
-1 0 0.5 -0.0954804 0.174706 -0.97998 1292.82 3 1.29282
0 0 0.5 -0.0191363 0.182401 -0.983038 10710.2 4 1.07102
1 0 0.5 -0.0594329 0.228674 -0.971687 263679 5 2.63679
2 0 0.5 0.0202206 0.168048 -0.985571 232551 5 2.32551
-2.5 0.5 0.5 -0.0136991 0.195697 -0.980569 199780 5 1.9978
-1.5 0.5 0.5 -0.0273565 0.00677766 -0.999603 2.11332 0 2.11332
-0.5 0.5 0.5 -0.169533 0.399207 -0.901051 132.839 2 1.32839
0.5 0.5 0.5 0.153155 0.163899 -0.974516 101756 5 1.01756
1.5 0.5 0.5 -0.0719201 0.319269 -0.944931 38.179 1 3.8179
2.5 0.5 0.5 -0.0340076 0.0578118 -0.997748 362.163 2 3.62163
-2 1 0.5 0.00643271 0.217147 -0.976118 316945 5 3.16945
-1 1 0.5 -0.150801 0.359421 -0.92091 80.2986 1 8.02986
0 1 0.5 0.198609 0.100052 -0.974958 115058 5 1.15058
1 1 0.5 0.0513503 0.0701314 -0.996215 305546 5 3.05546
2 1 0.5 -0.189428 0.329711 -0.924883 25.8126 1 2.58126
-2.5 1.5 0.5 -0.210869 0.396159 -0.89364 118.179 2 1.18179
-1.5 1.5 0.5 -0.0868504 0.227471 -0.969904 247519 5 2.47519
-0.5 1.5 0.5 -0.146339 0.299593 -0.942777 5.60708 0 5.60708
0.5 1.5 0.5 -0.154975 0.234597 -0.95966 1.30887 0 1.30887
1.5 1.5 0.5 -0.0138134 -0.016588 -0.999767 85.0052 1 8.50052
2.5 1.5 0.5 -0.13945 0.385118 -0.912271 172.157 2 1.72157
-2.25 -1.25 0.75 0.0407919 0.213909 -0.976001 736618 5 7.36618
-1.25 -1.25 0.75 -0.0888886 0.401457 -0.911554 150.556 2 1.50556
-0.25 -1.25 0.75 -0.00483313 0.0576732 -0.998324 398.382 2 3.98382
0.75 -1.25 0.75 -0.124205 0.295242 -0.947315 941.696 2 9.41696
1.75 -1.25 0.75 -0.0813816 0.115489 -0.989969 234.118 2 2.34118
-1.75 -0.75 0.75 -0.245562 0.379376 -0.892061 2.16551 0 2.16551
-0.75 -0.75 0.75 0.038577 0.0899665 -0.995197 100495 5 1.00495
0.25 -0.75 0.75 -0.219974 0.343992 -0.912842 7.94497 0 7.94497
1.25 -0.75 0.75 0.00979773 0.0425774 -0.999045 446.93 2 4.4693
2.25 -0.75 0.75 -0.16872 0.286181 -0.943204 858.776 2 8.58776
-2.25 -0.25 0.75 -0.0590149 0.131764 -0.989523 11515.8 4 1.15158
-1.25 -0.25 0.75 0.0050661 -0.0341978 -0.999402 11.227 1 1.1227
-0.25 -0.25 0.75 -0.218945 0.286206 -0.932818 27213.5 4 2.72135
0.75 -0.25 0.75 -0.0378321 0.0683926 -0.996941 336.056 2 3.36056
1.75 -0.25 0.75 -0.0873348 0.354387 -0.931011 6305.65 3 6.30565
-1.75 0.25 0.75 0.00104609 -0.0186321 -0.999826 95.0141 1 9.50141
-0.75 0.25 0.75 -0.026599 0.174724 -0.984258 34216.1 4 3.42161
0.25 0.25 0.75 -0.162303 0.313616 -0.935576 32.3705 1 3.23705
1.25 0.25 0.75 -0.0838945 0.329534 -0.940409 1.08999 0 1.08999
2.25 0.25 0.75 0.0929895 0.0877062 -0.991797 2886.97 3 2.88697
-2.25 0.75 0.75 -0.07814 0.322852 -0.943218 8760.57 3 8.76057
-1.25 0.75 0.75 -0.11776 0.34859 -0.929848 6157.04 3 6.15704
-0.25 0.75 0.75 -0.152441 0.342831 -0.926946 5818.17 3 5.81817
0.75 0.75 0.75 -0.00573493 0.2127 -0.977101 10152.9 4 1.01529
1.75 0.75 0.75 -0.078286 0.0325686 -0.996399 1.13988 0 1.13988
-1.75 1.25 0.75 -0.05054 -0.0056162 -0.998706 63.979 1 6.3979
-0.75 1.25 0.75 -0.0582226 0.20477 -0.977077 1.59408 0 1.59408
0.25 1.25 0.75 -0.0718895 0.00358577 -0.997406 53.7099 1 5.37099
1.25 1.25 0.75 0.0599694 0.00981276 -0.998152 345069 5 3.45069
2.25 1.25 0.75 -0.0104242 0.00282389 -0.999942 76.8353 1 7.68353
-2 -1.5 1 -0.00221507 -0.0509961 -0.998696 13.7962 1 1.37962
-1 -1.5 1 0.179966 0.0186637 -0.983496 365546 5 3.65546
0 -1.5 1 -0.0370856 0.00787553 -0.999281 62.2206 1 6.22206
1 -1.5 1 -0.0411578 0.331652 -0.942503 8950.58 3 8.95058
2 -1.5 1 -0.176124 0.384134 -0.906323 61.6224 1 6.16224
-2.5 -1 1 -0.237221 0.323572 -0.915984 22.2093 1 2.22093
-1.5 -1 1 0.00340341 -0.0447128 -0.998994 12.7007 1 1.27007
-0.5 -1 1 -0.247599 0.367744 -0.896359 59.802 1 5.9802
0.5 -1 1 0.0454782 0.0219037 -0.998725 591.119 2 5.91119
1.5 -1 1 -0.0349948 0.188782 -0.981395 1521.25 3 1.52125
2.5 -1 1 0.01582 0.265147 -0.964078 52515.7 4 5.25157
-2 -0.5 1 -0.12833 0.401204 -0.906955 144.017 2 1.44017
-1 -0.5 1 -0.0529102 -0.0571286 -0.996964 2.90544 0 2.90544
0 -0.5 1 -0.143625 0.184102 -0.972357 5383.77 3 5.38377
1 -0.5 1 0.0989467 0.160846 -0.982007 14660.1 4 1.46601
2 -0.5 1 0.234442 0.0394024 -0.971331 362593 5 3.62593
-2.5 0 1 -0.0251915 0.145088 -0.989098 1810.84 3 1.81084
-1.5 0 1 -0.0858991 0.260986 -0.961513 7.18125 0 7.18125
-0.5 0 1 -0.0299345 -0.041741 -0.99868 2.97626 0 2.97626
0.5 0 1 -0.0642411 0.346536 -0.935834 91.8689 1 9.18689
1.5 0 1 -0.193313 0.3195 -0.927658 6110.8 3 6.1108
2.5 0 1 -0.0860323 0.0741265 -0.993531 33.6706 1 3.36706
-2 0.5 1 -0.024425 0.190835 -0.981318 193243 5 1.93243
-1 0.5 1 0.0226121 0.203935 -0.978723 702409 5 7.02409
0 0.5 1 -0.054077 0.15478 -0.986468 10661 4 1.0661
1 0.5 1 0.147208 0.0786949 -0.98597 114271 5 1.14271
2 0.5 1 -0.0888087 0.233794 -0.968222 4916.89 3 4.91689
-2.5 1 1 -0.0697771 0.0967991 -0.992855 40319.2 4 4.03192
-1.5 1 1 0.000315891 0.168793 -0.985652 727118 5 7.27118
-0.5 1 1 -0.0525997 0.201375 -0.978101 86550.8 4 8.65508
0.5 1 1 -0.108408 0.074512 -0.99131 7.19328 0 7.19328
1.5 1 1 -0.0399041 0.354144 -0.934339 279.481 2 2.79481
2.5 1 1 -0.074497 -0.0102519 -0.997169 59.5809 1 5.95809
-2 1.5 1 -0.0142495 0.252435 -0.967509 52681.7 4 5.26817
-1 1.5 1 -0.237148 0.316447 -0.918489 5295.42 3 5.29542
0 1.5 1 0.00112141 0.161511 -0.98687 224229 5 2.24229
1 1.5 1 0.117026 0.133817 -0.984072 15845.5 4 1.58455
2 1.5 1 -0.107533 0.00497929 -0.994189 1.04753 0 1.04753
-1.75 -1.25 1.25 -0.103361 0.279158 -0.954666 37859.6 4 3.78596
-0.75 -1.25 1.25 0.0393883 0.100997 -0.994107 281013 5 2.81013
0.25 -1.25 1.25 -0.0455837 0.297253 -0.95371 118.204 2 1.18204
1.25 -1.25 1.25 -0.0682664 0.387015 -0.919543 60.017 1 6.0017
2.25 -1.25 1.25 -0.0478068 0.346435 -0.936855 7567.97 3 7.56797
-2.25 -0.75 1.25 -0.0796833 0.339316 -0.937292 7511.92 3 7.51192
-1.25 -0.75 1.25 0.184935 0.153409 -0.970703 46151.4 4 4.61514
-0.25 -0.75 1.25 -0.0870115 0.175419 -0.980641 83845.5 4 8.38455
0.75 -0.75 1.25 -0.0148218 0.101748 -0.9947 2144.69 3 2.14469
1.75 -0.75 1.25 0.0947898 0.107561 -0.989669 46923 4 4.6923
-1.75 -0.25 1.25 -0.164263 0.444431 -0.880624 31.9053 1 3.19053
-0.75 -0.25 1.25 0.143446 0.127255 -0.981442 46908.8 4 4.69088
0.25 -0.25 1.25 -0.256156 0.302383 -0.918122 23.9863 1 2.39863
1.25 -0.25 1.25 -0.040568 0.0311746 -0.99869 54.6102 1 5.46102
2.25 -0.25 1.25 0.0221917 0.0371429 -0.999064 490.304 2 4.90304
-2.25 0.25 1.25 -0.169907 0.333904 -0.927168 3.71449 0 3.71449
-1.25 0.25 1.25 -0.117977 0.243131 -0.962792 135.341 2 1.35341
-0.25 0.25 1.25 -0.223552 0.277386 -0.934388 7.15844 0 7.15844
0.75 0.25 1.25 -0.00590908 0.114591 -0.993395 867514 5 8.67514
1.75 0.25 1.25 -0.1921 0.308925 -0.931484 5.4787 0 5.4787
-1.75 0.75 1.25 -0.0313534 0.272559 -0.961628 46080.4 4 4.60804
-0.75 0.75 1.25 -0.0216991 0.270777 -0.962397 153.256 2 1.53256
0.25 0.75 1.25 -0.0137102 -0.0387925 -0.999153 3.3806 0 3.3806
1.25 0.75 1.25 0.0698758 0.150906 -0.986075 266768 5 2.66768
2.25 0.75 1.25 -0.102457 0.24122 -0.965047 1.11755 0 1.11755
-2.25 1.25 1.25 -0.1327 0.257803 -0.957041 9.74376 0 9.74376
-1.25 1.25 1.25 0.101503 0.0757074 -0.99195 49833.8 4 4.98338
-0.25 1.25 1.25 -0.120181 0.0793128 -0.989579 6.17337 0 6.17337
0.75 1.25 1.25 -0.057543 0.179224 -0.982124 464726 5 4.64726
1.75 1.25 1.25 0.040349 0.125536 -0.991268 2290.86 3 2.29086
-2.5 -1.5 1.5 -0.0669462 0.173173 -0.982613 31894.7 4 3.18947
-1.5 -1.5 1.5 -0.0547581 0.33718 -0.939846 33.0033 1 3.30033
-0.5 -1.5 1.5 -0.282385 0.474661 -0.83364 15.6731 1 1.56731
0.5 -1.5 1.5 -0.113067 0.140226 -0.983643 6708.79 3 6.70879
1.5 -1.5 1.5 0.000319178 0.169553 -0.985521 1810.77 3 1.81077
2.5 -1.5 1.5 0.0323865 0.110099 -0.993393 14663.8 4 1.46638
-2 -1 1.5 -0.0173171 0.147131 -0.988965 37767 4 3.7767
-1 -1 1.5 -0.0927947 0.411724 -0.906572 46.4582 1 4.64582
0 -1 1.5 -0.237419 0.472181 -0.848927 19.2732 1 1.92732
1 -1 1.5 0.0896064 0.097778 -0.991166 105570 5 1.0557
2 -1 1.5 0.0290757 0.137063 -0.990136 13681.9 4 1.36819
-2.5 -0.5 1.5 -0.284149 0.40455 -0.869252 724.228 2 7.24228
-1.5 -0.5 1.5 -0.0726884 0.192313 -0.978638 163665 5 1.63665
-0.5 -0.5 1.5 -0.117481 0.313999 -0.942127 8337.87 3 8.33787
0.5 -0.5 1.5 -0.135976 0.206849 -0.968878 4982.59 3 4.98259
1.5 -0.5 1.5 0.0319302 0.303384 -0.952333 139.038 2 1.39038
2.5 -0.5 1.5 -0.304615 0.413033 -0.858262 30.8839 1 3.08839
-2 0 1.5 0.0230882 0.0997954 -0.99474 2353.92 3 2.35392
-1 0 1.5 -0.180244 0.262663 -0.947903 9.31192 0 9.31192
0 0 1.5 -0.0691361 0.256651 -0.964028 145.776 2 1.45776
1 0 1.5 -0.0361952 0.167282 -0.985244 1626.01 3 1.62601
2 0 1.5 0.0313569 0.176894 -0.98373 789761 5 7.89761
-2.5 0.5 1.5 -0.051964 0.178273 -0.982608 97047.2 4 9.70472
-1.5 0.5 1.5 0.0497751 0.174953 -0.983318 7815.16 3 7.81516
-0.5 0.5 1.5 -0.0405902 -0.0664265 -0.996965 3.7769 0 3.7769
0.5 0.5 1.5 -0.109285 0.200548 -0.973569 142465 5 1.42465
1.5 0.5 1.5 -0.0147923 -0.0412933 -0.999038 11.0029 1 1.10029
2.5 0.5 1.5 -0.192232 0.467639 -0.862763 22.6911 1 2.26911
-2 1 1.5 -0.0030698 0.230756 -0.973007 5910.36 3 5.91036
-1 1 1.5 -0.100028 0.149358 -0.983711 184.559 2 1.84559
0 1 1.5 -0.00140842 0.141673 -0.989913 801477 5 8.01477
1 1 1.5 0.0828033 0.0905168 -0.992447 16374.3 4 1.63743
2 1 1.5 -0.167031 0.221885 -0.96066 1.46014 0 1.46014
-2.5 1.5 1.5 -0.0206791 0.0673367 -0.997516 356.149 2 3.56149
-1.5 1.5 1.5 -0.090031 -0.0412306 -0.995085 1.77253 0 1.77253
-0.5 1.5 1.5 0.039881 0.119338 -0.992052 941552 5 9.41552
0.5 1.5 1.5 0.0274663 0.0781655 -0.996562 2533.34 3 2.53334
1.5 1.5 1.5 -0.0180135 0.123035 -0.992239 1984.09 3 1.98409
2.5 1.5 1.5 -0.174229 0.254875 -0.951148 36124.8 4 3.61248
