448
-2.5 -1.5 -1.5 -0.137875 -0.0997945 0.985409 16809.1 4 1.68091
-1.5 -1.5 -1.5 -0.26119 -0.305469 0.915679 444744 5 4.44744
-0.5 -1.5 -1.5 0.0748651 -0.0397766 0.9964 1590.99 3 1.59099
0.5 -1.5 -1.5 -0.147077 -0.0778051 0.98606 3806.54 3 3.80654
1.5 -1.5 -1.5 -0.248247 -0.305757 0.919177 342112 5 3.42112
2.5 -1.5 -1.5 -0.292749 -0.147695 0.944714 1502 3 1.502
-2 -1 -1.5 -0.024201 -0.00892645 0.999667 1.99742 0 1.99742
-1 -1 -1.5 -0.117634 -0.0359193 0.992407 1.49455 0 1.49455
0 -1 -1.5 -0.10877 -0.035091 0.993447 867.204 2 8.67204
1 -1 -1.5 -0.335472 -0.112729 0.935281 20604.3 4 2.06043
2 -1 -1.5 -0.0913071 -0.054913 0.994308 4.23203 0 4.23203
-2.5 -0.5 -1.5 -0.104037 -0.121913 0.987073 26475.7 4 2.64757
-1.5 -0.5 -1.5 -0.0694345 -0.295503 0.952815 183578 5 1.83578
-0.5 -0.5 -1.5 -0.187016 -0.0525213 0.980952 98.1999 1 9.81999
0.5 -0.5 -1.5 0.000849841 -0.390974 0.920401 7.16468e+06 6 7.16468
1.5 -0.5 -1.5 -0.0165667 0.0154485 0.999743 41.7054 1 4.17054
2.5 -0.5 -1.5 -0.178045 -0.568618 0.803103 8.0768e+06 6 8.0768
-2 0 -1.5 -0.328852 -0.46352 0.822804 3.26223e+06 6 3.26223
-1 0 -1.5 0.0383863 0.042718 0.998349 1350.24 3 1.35024
0 0 -1.5 -0.206439 -0.114187 0.971774 276.22 2 2.7622
1 0 -1.5 -0.0942799 -0.0537139 0.994096 23952.4 4 2.39524
2 0 -1.5 -0.0810552 -0.0303031 0.996249 129.638 2 1.29638
-2.5 0.5 -1.5 -0.0303015 -0.0239619 0.999254 39.5024 1 3.95024
-1.5 0.5 -1.5 -0.205162 -0.113417 0.972134 1878.7 3 1.8787
-0.5 0.5 -1.5 -0.122649 -0.166948 0.978307 24719.8 4 2.47198
0.5 0.5 -1.5 -0.0290679 -0.0190008 0.999397 2.42663 0 2.42663
1.5 0.5 -1.5 -0.153992 -0.0733278 0.985347 44.8603 1 4.48603
2.5 0.5 -1.5 -0.077245 -0.476952 0.875528 7.29451e+06 6 7.29451
-2 1 -1.5 0.0163707 -0.0109636 0.999806 360.011 2 3.60011
-1 1 -1.5 -0.265568 -0.0699727 0.96155 6439.69 3 6.43969
0 1 -1.5 0.00543876 1.31066e-07 0.999985 327.926 2 3.27926
1 1 -1.5 -0.0385352 -0.0282459 0.998858 1.48673 0 1.48673
2 1 -1.5 -0.153345 -0.145361 0.977423 15817 4 1.5817
-2.5 1.5 -1.5 -0.239277 -0.179704 0.954177 8131.52 3 8.13152
-1.5 1.5 -1.5 -0.181917 -0.0561286 0.981711 97.5545 1 9.75545
-0.5 1.5 -1.5 0.0296988 -0.0316782 0.999057 50557 4 5.0557
0.5 1.5 -1.5 -0.0922491 -0.0196919 0.995541 110.081 2 1.10081
1.5 1.5 -1.5 -0.0581826 -0.0495668 0.997075 31844.2 4 3.18442
2.5 1.5 -1.5 0.0211482 -0.22962 0.973051 5.51448e+06 6 5.51448
-2.25 -1.25 -1.25 -0.1339 0.0155502 0.990873 4349.91 3 4.34991
-1.25 -1.25 -1.25 -0.0244489 -0.00501623 0.999688 1.57376 0 1.57376
-0.25 -1.25 -1.25 0.0283779 -0.180338 0.983195 180422 5 1.80422
0.75 -1.25 -1.25 -0.153432 0.0375005 0.987447 3557.59 3 3.55759
1.75 -1.25 -1.25 -0.0227323 -0.106143 0.994091 43921.6 4 4.39216
-1.75 -0.75 -1.25 -0.00322627 -0.0600948 0.998187 45361.6 4 4.53616
-0.75 -0.75 -1.25 -0.184443 -0.0541667 0.981349 10.8172 1 1.08172
0.25 -0.75 -1.25 -0.11706 -0.0374157 0.99242 1.33604 0 1.33604
1.25 -0.75 -1.25 -0.141092 -0.396832 0.906983 1.87791e+06 6 1.87791
2.25 -0.75 -1.25 -0.01112 -0.010235 0.999886 53.2869 1 5.32869
-2.25 -0.25 -1.25 -0.118156 -0.311129 0.942994 136005 5 1.36005
-1.25 -0.25 -1.25 0.021055 0.0121943 0.999704 367.593 2 3.67593
-0.25 -0.25 -1.25 -0.388296 -0.467596 0.794091 3.26979e+06 6 3.26979
0.75 -0.25 -1.25 -0.320205 -0.128817 0.938549 16665 4 1.6665
1.75 -0.25 -1.25 -0.165569 -0.0682289 0.983835 458.19 2 4.5819
-1.75 0.25 -1.25 -0.176122 -0.0604079 0.982513 641.548 2 6.41548
-0.75 0.25 -1.25 -0.117659 -0.0775507 0.990021 20266.2 4 2.02662
0.25 0.25 -1.25 -0.167798 -0.0666185 0.983568 55.0253 1 5.50253
1.25 0.25 -1.25 -0.122687 -0.0528875 0.991035 17323.4 4 1.73234
2.25 0.25 -1.25 -0.222091 -0.305086 0.926066 341380 5 3.4138
-2.25 0.75 -1.25 -0.0955033 -0.141948 0.985256 29579.5 4 2.95795
-1.25 0.75 -1.25 -0.0141113 -0.378225 0.925606 6.73711e+06 6 6.73711
-0.25 0.75 -1.25 -0.125049 -0.4997 0.857125 7.08904e+06 6 7.08904
0.75 0.75 -1.25 0.017179 -0.475089 0.87977 8.11508e+06 6 8.11508
1.75 0.75 -1.25 -0.0373398 -0.0139707 0.999205 219.022 2 2.19022
-1.75 1.25 -1.25 -0.177836 -0.0592698 0.982274 75.1981 1 7.51981
-0.75 1.25 -1.25 -0.0262559 -0.484957 0.874144 7.933e+06 6 7.933
0.25 1.25 -1.25 -0.310013 -0.131899 0.941538 1893.38 3 1.89338
1.25 1.25 -1.25 -0.325776 -0.266607 0.907078 73455.9 4 7.34559
2.25 1.25 -1.25 -0.0144518 -0.011083 0.999834 6.26274 0 6.26274
-2 -1.5 -1 -0.0662257 -0.115534 0.991093 34724.6 4 3.47246
-1 -1.5 -1 -0.0141306 -0.0124989 0.999822 6.90595 0 6.90595
0 -1.5 -1 -0.435565 -0.453886 0.777348 3.45204e+06 6 3.45204
1 -1.5 -1 -0.232554 -0.446867 0.863845 2.30505e+06 6 2.30505
2 -1.5 -1 -0.215694 -0.191314 0.957536 5682.65 3 5.68265
-2.5 -1 -1 0.0266617 -0.196228 0.980196 192065 5 1.92065
-1.5 -1 -1 -0.0976014 -0.0473754 0.994097 7.30253 0 7.30253
-0.5 -1 -1 -0.0427684 -0.037536 0.99838 206.17 2 2.0617
0.5 -1 -1 -0.105968 -0.268602 0.957405 103011 5 1.03011
1.5 -1 -1 -0.264865 -0.291973 0.91902 54198.1 4 5.41981
2.5 -1 -1 0.00254735 -0.292311 0.95632 5.14477e+06 6 5.14477
-2 -0.5 -1 0.046882 -0.0625662 0.996939 1375.04 3 1.37504
-1 -0.5 -1 -0.3205 -0.297361 0.899364 500015 5 5.00015
0 -0.5 -1 -0.0724501 -0.0479829 0.996217 7040.74 3 7.04074
1 -0.5 -1 -0.025161 -0.0119171 0.999612 41.6453 1 4.16453
2 -0.5 -1 -0.0720133 -0.0151374 0.997289 12.0426 1 1.20426
-2.5 0 -1 -0.232115 -0.462423 0.855738 276177 5 2.76177
-1.5 0 -1 -0.323986 -0.121045 0.938286 21007.2 4 2.10072
-0.5 0 -1 -0.13894 -0.325608 0.935241 120597 5 1.20597
0.5 0 -1 0.0257672 -0.0423435 0.998771 1264.63 3 1.26463
1.5 0 -1 -0.132902 -0.305396 0.942905 975124 5 9.75124
2.5 0 -1 -0.264739 -0.175985 0.948126 69680.9 4 6.96809
-2 0.5 -1 -0.0446507 -0.0242334 0.998709 8561.05 3 8.56105
-1 0.5 -1 -0.296142 -0.296038 0.908109 559603 5 5.59603
0 0.5 -1 -0.257096 -0.172253 0.95091 9753.3 3 9.7533
1 0.5 -1 -0.234211 -0.0964417 0.96739 450.554 2 4.50554
2 0.5 -1 -0.0937623 -0.0527693 0.994195 5.19243 0 5.19243
-2.5 1 -1 -0.329645 -0.46296 0.822802 2.71659e+06 6 2.71659
-1.5 1 -1 -0.108952 -0.0449174 0.993032 7.38691 0 7.38691
-0.5 1 -1 -0.0205791 -0.0171262 0.999642 46.3585 1 4.63585
0.5 1 -1 -0.326843 -0.287803 0.900191 624295 5 6.24295
1.5 1 -1 -0.130637 -0.331264 0.934451 144495 5 1.44495
2.5 1 -1 0.0424501 -0.435518 0.899179 7.99136e+06 6 7.99136
-2 1.5 -1 -0.112081 -0.038307 0.99296 1.30941 0 1.30941
-1 1.5 -1 -0.270078 -0.445022 0.853823 2.2989e+06 6 2.2989
0 1.5 -1 0.00998605 0.0236312 0.999671 329.604 2 3.29604
1 1.5 -1 -0.0683105 -0.0287646 0.997249 27778.3 4 2.77783
2 1.5 -1 -0.0516854 -0.0686067 0.996304 7958.96 3 7.95896
-1.75 -1.25 -0.75 -0.023483 -0.0449343 0.998714 9649.81 3 9.64981
-0.75 -1.25 -0.75 -0.255459 -0.0793801 0.963556 5824.84 3 5.82484
0.25 -1.25 -0.75 -0.0958147 -0.0502282 0.994131 6.22486 0 6.22486
1.25 -1.25 -0.75 -0.0909436 -0.227066 0.969624 688769 5 6.88769
2.25 -1.25 -0.75 -0.24501 -0.0882195 0.965499 5172.34 3 5.17234
-2.25 -0.75 -0.75 -0.0136912 -0.0136339 0.999813 7.4807 0 7.4807
-1.25 -0.75 -0.75 -0.0448013 -0.386285 0.921291 6.03135e+06 6 6.03135
-0.25 -0.75 -0.75 -0.0776872 -0.225627 0.971111 106605 5 1.06605
0.75 -0.75 -0.75 -0.293691 -0.301872 0.906983 503985 5 5.03985
1.75 -0.75 -0.75 -0.268134 -0.172564 0.9478 83878.1 4 8.38781
-1.75 -0.25 -0.75 -0.00432536 -0.00357723 0.999984 7.93257 0 7.93257
-0.75 -0.25 -0.75 -0.0325165 0.0631849 0.997472 8928.96 3 8.92896
0.25 -0.25 -0.75 -0.287868 -0.472498 0.832993 2.86062e+06 6 2.86062
1.25 -0.25 -0.75 -0.226886 -0.100595 0.968712 3301.57 3 3.30157
2.25 -0.25 -0.75 0.0536497 -0.0197545 0.998364 1465.46 3 1.46546
-2.25 0.25 -0.75 -0.157484 -0.543436 0.824546 7.69548e+06 6 7.69548
-1.25 0.25 -0.75 -0.029711 -0.0201318 0.999356 2.87286 0 2.87286
-0.25 0.25 -0.75 0.0104779 -0.0776279 0.996927 49703.8 4 4.97038
0.75 0.25 -0.75 -0.0532754 -0.0168213 0.998438 22.0794 1 2.20794
1.75 0.25 -0.75 -0.0565107 -0.264134 0.962829 165666 5 1.65666
-1.75 0.75 -0.75 -0.086991 0.0180206 0.996046 6379.25 3 6.37925
-0.75 0.75 -0.75 -0.128548 -0.0297789 0.991256 1.6521 0 1.6521
0.25 0.75 -0.75 -0.119911 -0.0247873 0.992475 715.946 2 7.15946
1.25 0.75 -0.75 -0.290299 -0.152823 0.944654 13226.6 4 1.32266
2.25 0.75 -0.75 -0.211441 -0.110657 0.971106 321.504 2 3.21504
-2.25 1.25 -0.75 -0.206225 -0.411008 0.888 1.87946e+06 6 1.87946
-1.25 1.25 -0.75 -0.0115719 0.00873872 0.999895 47.9902 1 4.79902
-0.25 1.25 -0.75 -0.312602 -0.126323 0.941447 2078.38 3 2.07838
0.75 1.25 -0.75 -0.0252553 -0.0179689 0.99952 4.56568 0 4.56568
1.75 1.25 -0.75 -0.256579 -0.0817248 0.963062 715.975 2 7.15975
-2.5 -1.5 -0.5 -0.0628856 -0.025393 0.997698 17.7487 1 1.77487
-1.5 -1.5 -0.5 0.00788403 -0.319405 0.947586 6.39837e+06 6 6.39837
-0.5 -1.5 -0.5 -0.0812427 0.0627797 0.994715 6424.64 3 6.42464
0.5 -1.5 -0.5 -0.0910886 -0.25843 0.961726 116825 5 1.16825
1.5 -1.5 -0.5 -0.227465 -0.100716 0.968564 438.051 2 4.38051
2.5 -1.5 -0.5 -0.175493 -0.409161 0.895427 1.89756e+06 6 1.89756
-2 -1 -0.5 -0.125708 -0.051385 0.990736 663.345 2 6.63345
-1 -1 -0.5 -0.162081 -0.0694514 0.98433 54.495 1 5.4495
0 -1 -0.5 -0.0841997 0.0341571 0.995863 112.701 2 1.12701
1 -1 -0.5 -0.159089 -0.00974264 0.987216 3447.29 3 3.44729
2 -1 -0.5 -0.289017 -0.304567 0.907584 446728 5 4.46728
-2.5 -0.5 -0.5 -0.0451321 0.0134815 0.99889 22.1995 1 2.21995
-1.5 -0.5 -0.5 -0.249755 -0.182483 0.950959 70957.5 4 7.09575
-0.5 -0.5 -0.5 -0.0284913 -0.0172796 0.999445 2.00159 0 2.00159
0.5 -0.5 -0.5 -0.0549977 -0.133974 0.989458 38155.5 4 3.81555
1.5 -0.5 -0.5 0.00302626 -0.443034 0.8965 7.75414e+06 6 7.75414
2.5 -0.5 -0.5 -0.0162925 -0.0418869 0.99899 40816.1 4 4.08161
-2 0 -0.5 -0.0383994 0.0197169 0.999068 8892.95 3 8.89295
-1 0 -0.5 -0.21873 -0.106876 0.969915 331.525 2 3.31525
0 0 -0.5 -0.0495961 -0.17873 0.982647 108151 5 1.08151
1 0 -0.5 -0.188721 -0.444484 0.875682 241728 5 2.41728
2 0 -0.5 -0.16824 -0.163855 0.972032 12607 4 1.2607
-2.5 0.5 -0.5 -0.115921 -0.514621 0.849546 7.51465e+06 6 7.51465
-1.5 0.5 -0.5 -0.0693232 -0.242154 0.967758 130497 5 1.30497
-0.5 0.5 -0.5 -0.0551615 -0.147715 0.98749 859146 5 8.59146
0.5 0.5 -0.5 0.0156536 -0.0141013 0.999778 45549 4 4.5549
1.5 0.5 -0.5 -0.252321 -0.0842068 0.963973 653.246 2 6.53246
2.5 0.5 -0.5 -0.18533 -0.426057 0.88551 2.09166e+06 6 2.09166
-2 1 -0.5 -0.0197906 -0.00940851 0.99976 3.56023 0 3.56023
-1 1 -0.5 0.0247655 -0.0945561 0.995211 53708.2 4 5.37082
0 1 -0.5 -0.0439074 -0.00848464 0.999 26.7757 1 2.67757
1 1 -0.5 -0.172383 -0.0625562 0.983042 74.5937 1 7.45937
2 1 -0.5 -0.109712 -0.0437855 0.992998 8.78199 0 8.78199
-2.5 1.5 -0.5 -0.0337667 -0.0237064 0.999149 1.92726 0 1.92726
-1.5 1.5 -0.5 -0.338644 -0.473996 0.812803 3.07129e+06 6 3.07129
-0.5 1.5 -0.5 -0.298299 -0.135528 0.944802 1843.65 3 1.84365
0.5 1.5 -0.5 -0.0471653 -0.069317 0.996479 35966.5 4 3.59665
1.5 1.5 -0.5 -0.287012 -0.468322 0.835643 2.70416e+06 6 2.70416
2.5 1.5 -0.5 -0.223032 -0.103963 0.969251 384.654 2 3.84654
-2.25 -1.25 -0.25 -0.0284488 0.035394 0.998968 222.319 2 2.22319
-1.25 -1.25 -0.25 -0.174939 -0.0601484 0.98274 84.3892 1 8.43892
-0.25 -1.25 -0.25 -0.13413 -0.123972 0.983179 19414.6 4 1.94146
0.75 -1.25 -0.25 -0.00488904 -0.00116391 0.999987 7.09108 0 7.09108
1.75 -1.25 -0.25 -0.0728413 -0.03422 0.996756 13.8766 1 1.38766
-1.75 -0.75 -0.25 -0.0859558 -0.0551621 0.994771 4.19987 0 4.19987
-0.75 -0.75 -0.25 -0.188866 -0.0515289 0.98065 11.0587 1 1.10587
0.25 -0.75 -0.25 -0.201269 -0.0403527 0.978704 119.786 2 1.19786
1.25 -0.75 -0.25 -0.260569 -0.165959 0.951084 1112.37 3 1.11237
2.25 -0.75 -0.25 0.00445802 -0.140049 0.990135 50681.5 4 5.06815
-2.25 -0.25 -0.25 -0.0646461 -0.0162728 0.997776 159.448 2 1.59448
-1.25 -0.25 -0.25 -0.0353248 -0.088138 0.995482 40032.5 4 4.00325
-0.25 -0.25 -0.25 -0.0242286 -0.0119401 0.999635 2.46811 0 2.46811
0.75 -0.25 -0.25 -0.100288 -0.0725796 0.992308 5650.97 3 5.65097
1.75 -0.25 -0.25 -0.237571 -0.457386 0.856947 2.48775e+06 6 2.48775
-1.75 0.25 -0.25 -0.235017 -0.185558 0.954115 6982.25 3 6.98225
-0.75 0.25 -0.25 -0.010532 0.000209795 0.999945 4.76962 0 4.76962
0.25 0.25 -0.25 -0.058711 -0.0297438 0.997832 20.8004 1 2.08004
1.25 0.25 -0.25 -0.0151616 -0.00459352 0.999875 4.16471 0 4.16471
2.25 0.25 -0.25 -0.0947085 -0.521642 0.847891 7.84111e+06 6 7.84111
-2.25 0.75 -0.25 -0.0800122 -0.268183 0.960039 141144 5 1.41144
-1.25 0.75 -0.25 -0.222153 -0.431379 0.874391 2.09977e+06 6 2.09977
-0.25 0.75 -0.25 -0.321976 -0.125208 0.938432 18863.1 4 1.88631
0.75 0.75 -0.25 -0.00563687 0.0113161 0.99992 293.483 2 2.93483
1.75 0.75 -0.25 -0.0540962 0.00433103 0.998526 18.5733 1 1.85733
-1.75 1.25 -0.25 -0.268424 -0.0696946 0.960776 7274.61 3 7.27461
-0.75 1.25 -0.25 -0.0213932 -0.00120013 0.99977 256.2 2 2.562
0.25 1.25 -0.25 0.0659294 0.0638331 0.99578 1510.58 3 1.51058
1.25 1.25 -0.25 -0.213769 -0.302344 0.928919 296078 5 2.96078
2.25 1.25 -0.25 -0.384765 -0.465643 0.796952 3.10829e+06 6 3.10829
-2 -1.5 0 -0.111186 -0.0404226 0.992977 1.16797 0 1.16797
-1 -1.5 0 0.000503915 -0.0231311 0.999732 315.544 2 3.15544
0 -1.5 0 -0.237382 -0.462708 0.854138 2.6415e+06 6 2.6415
1 -1.5 0 -0.110426 -0.0422646 0.992985 1.02269 0 1.02269
2 -1.5 0 -0.0187446 -0.357374 0.933773 6.24786e+06 6 6.24786
-2.5 -1 0 -0.0490144 -0.243833 0.968578 155075 5 1.55075
-1.5 -1 0 -0.0977808 -0.0515274 0.993873 41.0297 1 4.10297
-0.5 -1 0 -0.120299 -0.0519513 0.991377 4889.23 3 4.88923
0.5 -1 0 -0.154291 -0.119866 0.980727 13651.8 4 1.36518
1.5 -1 0 -0.122854 -0.0338444 0.991848 1.49936 0 1.49936
2.5 -1 0 -0.174509 -0.0612046 0.982752 536.154 2 5.36154
-2 -0.5 0 -0.10378 -0.00860097 0.994563 914.08 2 9.1408
-1 -0.5 0 -0.048551 -0.00276188 0.998817 191.38 2 1.9138
0 -0.5 0 -0.00124777 0.0355506 0.999367 290.278 2 2.90278
1 -0.5 0 -0.0201252 -0.00310588 0.999793 2.4156 0 2.4156
2 -0.5 0 -0.189694 -0.437929 0.878769 2.26688e+06 6 2.26688
-2.5 0 0 -0.0101349 -0.00278831 0.999945 5.55767 0 5.55767
-1.5 0 0 -0.238744 -0.0909158 0.966817 3810.14 3 3.81014
-0.5 0 0 -0.323077 -0.251779 0.912266 78091.1 4 7.80911
0.5 0 0 -0.00642337 -0.0154729 0.99986 58.1383 1 5.81383
1.5 0 0 -0.184222 -0.0535657 0.981424 732.604 2 7.32604
2.5 0 0 -0.354345 -0.25499 0.899678 806891 5 8.06891
-2 0.5 0 -0.156288 -0.0744876 0.984899 38.2873 1 3.82873
-1 0.5 0 -0.0999148 -0.547381 0.830898 8.1448e+06 6 8.1448
0 0.5 0 -0.0246922 -0.0159096 0.999568 3.50539 0 3.50539
1 0.5 0 -0.0213261 -0.248036 0.968516 189415 5 1.89415
2 0.5 0 -0.116685 -0.0386052 0.992418 1.17285 0 1.17285
-2.5 1 0 -0.0580005 -0.0113216 0.998252 18.5122 1 1.85122
-1.5 1 0 -0.0280753 -0.0148291 0.999496 1.60936 0 1.60936
-0.5 1 0 -0.353961 -0.282632 0.891533 620489 5 6.20489
0.5 1 0 -0.0413571 -0.220312 0.974552 143727 5 1.43727
1.5 1 0 -0.192996 -0.0466057 0.980092 956.416 2 9.56416
2.5 1 0 -0.122987 -0.0344743 0.991809 11.3885 1 1.13885
-2 1.5 0 -0.195775 -0.0464228 0.979549 12.3041 1 1.23041
-1 1.5 0 -0.305664 -0.141309 0.941595 14978.7 4 1.49787
0 1.5 0 -0.0140065 -0.508636 0.860867 8.18196e+06 6 8.18196
1 1.5 0 -0.0169153 0.023077 0.999591 257.892 2 2.57892
2 1.5 0 0.0107695 0.0210425 0.999721 1184.03 3 1.18403
-1.75 -1.25 0.25 0.0112548 -0.0336926 0.999369 341.064 2 3.41064
-0.75 -1.25 0.25 -0.00931036 -0.007393 0.999929 7.11494 0 7.11494
0.25 -1.25 0.25 -0.209966 -0.111686 0.971309 2319.49 3 2.31949
1.25 -1.25 0.25 -0.0488456 -0.00241026 0.998803 22.5582 1 2.25582
2.25 -1.25 0.25 -0.262103 -0.076894 0.961971 733.109 2 7.33109
-2.25 -0.75 0.25 -0.0942006 -0.233529 0.967776 810283 5 8.10283
-1.25 -0.75 0.25 -0.327106 -0.278628 0.902977 681936 5 6.81936
-0.25 -0.75 0.25 -0.0768233 -0.0302007 0.996587 11.4993 1 1.14993
0.75 -0.75 0.25 -0.0684954 0.00173588 0.99765 12.1 1 1.21
1.75 -0.75 0.25 -0.355838 -0.266911 0.895621 749709 5 7.49709
-1.75 -0.25 0.25 0.0812645 0.00238819 0.99669 1665.31 3 1.66531
-0.75 -0.25 0.25 -0.281151 -0.459099 0.842723 2.51468e+06 6 2.51468
0.25 -0.25 0.25 -0.0169094 -0.00125141 0.999856 1017.59 3 1.01759
1.25 -0.25 0.25 0.00510079 -0.295774 0.955244 5.89893e+06 6 5.89893
2.25 -0.25 0.25 -0.128331 0.0617956 0.989804 4396.66 3 4.39666
-2.25 0.25 0.25 -0.295542 -0.275245 0.91482 66002 4 6.6002
-1.25 0.25 0.25 -0.063045 -0.00518747 0.997997 15.1579 1 1.51579
-0.25 0.25 0.25 -0.00794482 -0.193441 0.98108 156254 5 1.56254
0.75 0.25 0.25 -0.122662 -0.299499 0.946179 112047 5 1.12047
1.75 0.25 0.25 -0.139981 -0.0310338 0.989668 4147.67 3 4.14767
-1.75 0.75 0.25 -0.111442 -0.100508 0.988675 23342 4 2.3342
-0.75 0.75 0.25 -0.0859236 -0.160793 0.983241 32557.7 4 3.25577
0.25 0.75 0.25 -0.29667 -0.28715 0.910786 61207.4 4 6.12074
1.25 0.75 0.25 -0.0346936 -0.0191617 0.999214 35.3958 1 3.53958
2.25 0.75 0.25 -0.185491 -0.0532127 0.981204 856.332 2 8.56332
-2.25 1.25 0.25 -0.122826 -0.0343649 0.991833 1.31907 0 1.31907
-1.25 1.25 0.25 -0.126608 -0.0264408 0.9916 14573.4 4 1.45734
-0.25 1.25 0.25 -0.0340466 -0.193501 0.980509 131872 5 1.31872
0.75 1.25 0.25 -0.060927 -0.520069 0.851949 8.06182e+06 6 8.06182
1.75 1.25 0.25 -0.00187176 -0.00328949 0.999993 60.0647 1 6.00647
-2.5 -1.5 0.5 -0.129042 -0.146286 0.98079 22076.7 4 2.20767
-1.5 -1.5 0.5 -0.245526 -0.186261 0.951327 58762.6 4 5.87626
-0.5 -1.5 0.5 -0.0255971 0.00761925 0.999643 36.7469 1 3.67469
0.5 -1.5 0.5 -0.12314 -0.0329796 0.991841 1.67412 0 1.67412
1.5 -1.5 0.5 -0.230992 -0.30014 0.925505 43125.9 4 4.31259
2.5 -1.5 0.5 -0.144974 -0.410094 0.900447 2.04481e+06 6 2.04481
-2 -1 0.5 -0.112522 -0.268282 0.956746 762396 5 7.62396
-1 -1 0.5 -0.248492 -0.0863732 0.964775 586.289 2 5.86289
0 -1 0.5 -0.0196687 -0.015622 0.999684 5.97204 0 5.97204
1 -1 0.5 -0.0658572 -0.00326821 0.997824 7459.51 3 7.45951
2 -1 0.5 -0.1048 -0.286906 0.952209 126701 5 1.26701
-2.5 -0.5 0.5 -0.0154611 -0.00137075 0.99988 3.48661 0 3.48661
-1.5 -0.5 0.5 -0.0492985 -0.41274 0.909514 6.56243e+06 6 6.56243
-0.5 -0.5 0.5 -0.295382 -0.141928 0.944778 1677.4 3 1.6774
0.5 -0.5 0.5 -0.101558 -0.0304543 0.994363 20530.6 4 2.05306
1.5 -0.5 0.5 0.0221932 -0.256164 0.966379 6.01786e+06 6 6.01786
2.5 -0.5 0.5 -0.159239 -0.072095 0.984604 46.1714 1 4.61714
-2 0 0.5 -0.324737 -0.29408 0.898923 563113 5 5.63113
-1 0 0.5 -0.0131018 -0.328633 0.944367 5.7113e+06 6 5.7113
0 0 0.5 -0.227744 -0.304322 0.924944 386857 5 3.86857
1 0 0.5 -0.0931798 -0.027126 0.99528 6114.34 3 6.11434
2 0 0.5 -0.0878206 0.00666402 0.996114 113.524 2 1.13524
-2.5 0.5 0.5 -0.164942 -0.0665787 0.984054 63.0282 1 6.30282
-1.5 0.5 0.5 -0.0158425 -0.00469123 0.999863 47.9753 1 4.79753
-0.5 0.5 0.5 -0.336523 -0.470928 0.815463 2.9124e+06 6 2.9124
0.5 0.5 0.5 -0.0766213 -0.190037 0.978782 726339 5 7.26339
1.5 0.5 0.5 -0.187556 -0.12416 0.974375 188.719 2 1.88719
2.5 0.5 0.5 -0.116221 -0.0398159 0.992425 85.2489 1 8.52489
-2 1 0.5 0.00231263 0.00974064 0.99995 60.0437 1 6.00437
-1 1 0.5 -0.0125854 -0.214359 0.976674 168237 5 1.68237
0 1 0.5 -0.135302 -0.549637 0.824374 7.97953e+06 6 7.97953
1 1 0.5 -0.0198821 -0.00663019 0.99978 2.96786 0 2.96786
2 1 0.5 -0.0765659 -0.0961085 0.992422 31143 4 3.1143
-2.5 1.5 0.5 -0.101484 -0.359823 0.927485 1.66666e+06 6 1.66666
-1.5 1.5 0.5 -0.102831 -0.0474359 0.993567 7.47651 0 7.47651
-0.5 1.5 0.5 -0.230396 -0.190517 0.954264 58808.9 4 5.88089
0.5 1.5 0.5 -0.104057 -0.0452391 0.993542 8.73644 0 8.73644
1.5 1.5 0.5 -0.0397707 0.00621531 0.99919 26.8317 1 2.68317
2.5 1.5 0.5 -0.0445151 -0.0264332 0.998659 29.4121 1 2.94121
-2.25 -1.25 0.75 -0.150464 -0.076691 0.985636 37.8496 1 3.78496
-1.25 -1.25 0.75 -0.195901 -0.120191 0.97323 1918.38 3 1.91838
-0.25 -1.25 0.75 -0.0428712 -0.431155 0.901259 7.03547e+06 6 7.03547
0.75 -1.25 0.75 -0.0254411 -0.441375 0.896962 7.4355e+06 6 7.4355
1.75 -1.25 0.75 0.059895 0.0223947 0.997953 1511.8 3 1.5118
-1.75 -0.75 0.75 -0.382709 -0.261538 0.886076 746018 5 7.46018
-0.75 -0.75 0.75 -0.115646 0.00310562 0.993286 741.298 2 7.41298
0.25 -0.75 0.75 -0.146692 -0.0798259 0.985956 31.2401 1 3.12401
1.25 -0.75 0.75 -0.274111 -0.163207 0.947748 11467 4 1.1467
2.25 -0.75 0.75 -0.0244215 -0.0142198 0.999601 2.97535 0 2.97535
-2.25 -0.25 0.75 -0.014925 -0.00720971 0.999863 4.86805 0 4.86805
-1.25 -0.25 0.75 -0.0206496 0.0012292 0.999786 42.3978 1 4.23978
-0.25 -0.25 0.75 -0.281796 -0.303952 0.910057 389385 5 3.89385
0.75 -0.25 0.75 -0.283831 -0.471216 0.835102 2.97939e+06 6 2.97939
1.75 -0.25 0.75 -0.141528 -0.0802351 0.986677 30.2622 1 3.02622
-1.75 0.25 0.75 -0.0904379 -0.290487 0.952596 151127 5 1.51127
-0.75 0.25 0.75 -0.336103 -0.471748 0.815162 3.18853e+06 6 3.18853
0.25 0.25 0.75 -0.11373 -0.00597039 0.993494 5208.95 3 5.20895
1.25 0.25 0.75 -0.230502 -0.0986835 0.968055 3894.23 3 3.89423
2.25 0.25 0.75 -0.131754 -0.378603 0.916134 1.69567e+06 6 1.69567
-2.25 0.75 0.75 -0.0535637 -0.0270616 0.998198 183.108 2 1.83108
-1.25 0.75 0.75 -0.0303653 -0.0207928 0.999323 3.32613 0 3.32613
-0.25 0.75 0.75 -0.1942 -0.046681 0.979851 10.9453 1 1.09453
0.75 0.75 0.75 -0.274905 -0.463838 0.842189 305840 5 3.0584
1.75 0.75 0.75 -0.0561155 0.035047 0.997809 162.477 2 1.62477
-1.75 1.25 0.75 -0.201317 -0.117375 0.972468 232.628 2 2.32628
-0.75 1.25 0.75 -0.214425 -0.109463 0.970587 2801.87 3 2.80187
0.25 1.25 0.75 -0.0701859 -0.0405519 0.996709 149.456 2 1.49456
1.25 1.25 0.75 -0.032666 0.010328 0.999413 224.543 2 2.24543
2.25 1.25 0.75 -0.00540516 0.00166112 0.999984 6.22217 0 6.22217
-2 -1.5 1 0.0118553 -0.264669 0.964266 5.36132e+06 6 5.36132
-1 -1.5 1 0.0167607 0.0634122 0.997847 1185.74 3 1.18574
0 -1.5 1 -0.00669119 0.00252497 0.999974 54.1802 1 5.41802
1 -1.5 1 -0.0589507 -0.212323 0.97542 119425 5 1.19425
2 -1.5 1 -0.355787 -0.276146 0.892837 687052 5 6.87052
-2.5 -1 1 -0.382611 -0.252451 0.88875 813434 5 8.13434
-1.5 -1 1 -0.0326889 -0.0226177 0.99921 1.57943 0 1.57943
-0.5 -1 1 -0.0817592 -0.436119 0.896167 6.32146e+06 6 6.32146
0.5 -1 1 -0.237577 -0.300509 0.923716 292236 5 2.92236
1.5 -1 1 0.00449611 -0.0219201 0.99975 1144.08 3 1.14408
2.5 -1 1 -0.00880493 -0.00916405 0.999919 7.8312 0 7.8312
-2 -0.5 1 -0.241792 -0.08974 0.966169 4481.64 3 4.48164
-1 -0.5 1 0.0254985 0.0357887 0.999034 363.252 2 3.63252
0 -0.5 1 -0.0672981 -0.0205694 0.997521 14.8 1 1.48
1 -0.5 1 -0.191112 -0.0502637 0.980281 12.2402 1 1.22402
2 -0.5 1 -0.107889 0.0396911 0.99337 5350.15 3 5.35015
-2.5 0 1 -0.00974044 -0.00529098 0.999939 6.3481 0 6.3481
-1.5 0 1 -0.0598882 0.0410421 0.997361 7631.03 3 7.63103
-0.5 0 1 -0.0197763 -0.0132977 0.999716 4.79841 0 4.79841
0.5 0 1 -0.0719482 0.0211706 0.997184 137.438 2 1.37438
1.5 0 1 -0.0346988 -0.000348626 0.999398 31.7144 1 3.17144
2.5 0 1 -0.256029 -0.307324 0.916516 393402 5 3.93402
-2 0.5 1 -0.0618209 -0.148075 0.987042 749776 5 7.49776
-1 0.5 1 -0.0108516 0.0419176 0.999062 1037.45 3 1.03745
0 0.5 1 -0.0197733 -0.0115907 0.999737 4.17673 0 4.17673
1 0.5 1 -0.0171686 -0.232532 0.972437 179376 5 1.79376
2 0.5 1 -0.0392094 -0.014031 0.999132 31.1024 1 3.11024
-2.5 1 1 -0.253549 -0.177773 0.950847 83985.1 4 8.39851
-1.5 1 1 -0.163228 -0.0694712 0.984139 373.075 2 3.73075
-0.5 1 1 -0.16555 -0.0572567 0.984538 3214.16 3 3.21416
0.5 1 1 -0.0156527 -0.0353889 0.999251 271.01 2 2.7101
1.5 1 1 -0.0160388 -0.0220469 0.999628 50.6701 1 5.06701
2.5 1 1 -0.387417 -0.464353 0.79642 3.38607e+06 6 3.38607
-2 1.5 1 -0.0852251 -0.460515 0.883551 6.84306e+06 6 6.84306
-1 1.5 1 -0.271197 -0.168261 0.947703 98995.8 4 9.89958
0 1.5 1 -0.0887296 -0.0519623 0.994699 5.06067 0 5.06067
1 1.5 1 -0.112472 0.0322848 0.99313 737.19 2 7.3719
2 1.5 1 -0.179741 -0.0578352 0.982012 86.4439 1 8.64439
-1.75 -1.25 1.25 0.0286666 -0.160856 0.986562 5.0933e+06 6 5.0933
-0.75 -1.25 1.25 -0.160156 -0.387445 0.907875 1.69147e+06 6 1.69147
0.25 -1.25 1.25 -0.00242504 -0.065427 0.997854 1068.94 3 1.06894
1.25 -1.25 1.25 0.0873426 0.0438024 0.995215 1688.6 3 1.6886
2.25 -1.25 1.25 -0.170034 -0.0647168 0.983311 64.7055 1 6.47055
-2.25 -0.75 1.25 -0.0487981 -0.0218218 0.99857 25.7537 1 2.57537
-1.25 -0.75 1.25 0.0277719 -0.22666 0.973578 4.80142e+06 6 4.80142
-0.25 -0.75 1.25 -0.0348795 -0.0241987 0.999099 2.29444 0 2.29444
0.75 -0.75 1.25 -0.063431 -0.281322 0.957515 175248 5 1.75248
1.75 -0.75 1.25 -0.287918 -0.157294 0.944649 11445 4 1.1445
-1.75 -0.25 1.25 0.0322812 0.000503187 0.999479 1328.25 3 1.32825
-0.75 -0.25 1.25 -0.27703 -0.157447 0.947874 1304.83 3 1.30483
0.25 -0.25 1.25 -0.280087 -0.150987 0.948026 1459.77 3 1.45977
1.25 -0.25 1.25 0.0202758 -0.335229 0.941919 6.84593e+06 6 6.84593
2.25 -0.25 1.25 0.0631073 -0.00312036 0.998002 55456.8 4 5.54568
-2.25 0.25 1.25 0.026048 -0.395354 0.918159 7.52146e+06 6 7.52146
-1.25 0.25 1.25 -0.085939 -0.0755526 0.993432 27518.9 4 2.75189
-0.25 0.25 1.25 -0.108732 -0.324481 0.939622 168114 5 1.68114
0.75 0.25 1.25 -0.101457 -0.0492881 0.993618 6.26442 0 6.26442
1.75 0.25 1.25 -0.140321 -0.0735923 0.987367 14324.1 4 1.43241
-1.75 0.75 1.25 -0.25859 -0.0782948 0.962809 659.022 2 6.59022
-0.75 0.75 1.25 -0.0896215 -0.232873 0.968369 937044 5 9.37044
0.25 0.75 1.25 -0.223231 -0.102131 0.969401 2742.67 3 2.74267
1.25 0.75 1.25 -0.238124 -0.0938754 0.966687 511.82 2 5.1182
2.25 0.75 1.25 0.0288549 -0.196303 0.980119 4.98046e+06 6 4.98046
-2.25 1.25 1.25 -0.0249839 -0.0171293 0.999541 4.04167 0 4.04167
-1.25 1.25 1.25 -0.150926 -0.168645 0.974054 18036.1 4 1.80361
-0.25 1.25 1.25 -0.0429602 -0.151548 0.987516 41325 4 4.1325
0.75 1.25 1.25 -0.0286586 -0.022918 0.999326 36200.2 4 3.62002
1.75 1.25 1.25 -0.105245 -0.0427577 0.993527 1.00072 0 1.00072
-2.5 -1.5 1.5 0.0725218 -0.45443 0.887825 8.21995e+06 6 8.21995
-1.5 -1.5 1.5 -0.0307416 0.0145979 0.999421 31.2029 1 3.12029
-0.5 -1.5 1.5 -0.0745565 -0.192516 0.978457 843100 5 8.431
0.5 -1.5 1.5 -0.187959 -0.2974 0.936069 291778 5 2.91778
1.5 -1.5 1.5 -0.09996 0.0190656 0.994809 926.055 2 9.26055
2.5 -1.5 1.5 0.044289 -0.0486978 0.997831 55336.3 4 5.53363
-2 -1 1.5 -0.0263934 -0.0248185 0.999343 245.891 2 2.45891
-1 -1 1.5 -0.0654047 -0.188601 0.979873 962447 5 9.62447
0 -1 1.5 -0.0760553 -0.00507028 0.997091 136.009 2 1.36009
1 -1 1.5 -0.000167512 0.00302819 0.999995 7.77776 0 7.77776
2 -1 1.5 -0.0103565 -0.0123237 0.99987 286.899 2 2.86899
-2.5 -0.5 1.5 -0.108043 -0.0455584 0.993102 60.7785 1 6.07785
-1.5 -0.5 1.5 -0.264035 -0.300331 0.916562 494731 5 4.94731
-0.5 -0.5 1.5 -0.0442259 0.0223681 0.998771 192.982 2 1.92982
0.5 -0.5 1.5 -0.113318 -0.272099 0.955574 893756 5 8.93756
1.5 -0.5 1.5 -0.194031 -0.297937 0.934658 33156.1 4 3.31561
2.5 -0.5 1.5 -0.24234 -0.0909783 0.965916 571.345 2 5.71345
-2 0 1.5 -0.0576649 -0.485272 0.87246 7.66033e+06 6 7.66033
-1 0 1.5 -0.116433 -0.039431 0.992415 1.0101 0 1.0101
0 0 1.5 -0.0026003 0.0161928 0.999866 53.2858 1 5.32858
1 0 1.5 -0.128825 -0.0296073 0.991225 14.5605 1 1.45605
2 0 1.5 -0.153095 -0.0765635 0.985241 310.307 2 3.10307
-2.5 0.5 1.5 -0.00945377 -0.123425 0.992309 47510.9 4 4.75109
-1.5 0.5 1.5 -0.193609 -0.120453 0.973656 224.947 2 2.24947
-0.5 0.5 1.5 -0.30773 -0.1369 0.941573 16979.6 4 1.69796
0.5 0.5 1.5 -0.0979157 -0.0449623 0.994179 102.648 2 1.02648
1.5 0.5 1.5 -0.11849 -0.0341601 0.992367 1.64309 0 1.64309
2.5 0.5 1.5 -0.0998171 -0.0507033 0.993713 5.13162 0 5.13162
-2 1 1.5 -0.014702 -0.00934197 0.999848 5.57525 0 5.57525
-1 1 1.5 -0.0197574 -0.0146206 0.999698 5.4042 0 5.4042
0 1 1.5 -0.285468 -0.161053 0.944759 97220.4 4 9.72204
1 1 1.5 -0.0298483 -0.00635423 0.999534 36.7062 1 3.67062
2 1 1.5 -0.100135 -0.309202 0.94571 160197 5 1.60197
-2.5 1.5 1.5 -0.25264 -0.0801314 0.964236 5057.74 3 5.05774
-1.5 1.5 1.5 -0.0600744 0.0089112 0.998154 163.903 2 1.63903
-0.5 1.5 1.5 -0.303713 -0.145096 0.941651 12987.1 4 1.29871
0.5 1.5 1.5 -0.0597445 0.0119035 0.998143 14.9205 1 1.49205
