448
-2.5 -1.5 -1.5 0.481478 0.325753 -0.813673 21519 4 2.1519
-1.5 -1.5 -1.5 -0.323996 0.319488 -0.89048 652796 5 6.52796
-0.5 -1.5 -1.5 -0.43429 0.818877 0.375278 5928.33 3 5.92833
0.5 -1.5 -1.5 -0.617188 0.334001 -0.712406 2442.37 3 2.44237
1.5 -1.5 -1.5 -0.36248 0.204808 -0.909209 112755 5 1.12755
2.5 -1.5 -1.5 0.324964 0.864706 -0.382991 1812.69 3 1.81269
-2 -1 -1.5 -0.952124 0.0810912 -0.29476 2.5029 0 2.5029
-1 -1 -1.5 0.960228 0.124337 0.250006 1.81862 0 1.81862
0 -1 -1.5 -0.876772 0.202447 -0.436218 338.831 2 3.38831
1 -1 -1.5 -0.0753408 0.983653 -0.163555 17149.1 4 1.71491
2 -1 -1.5 0.965628 0.102385 -0.238913 8.32578 0 8.32578
-2.5 -0.5 -1.5 0.562791 0.64897 -0.511961 10992.2 4 1.09922
-1.5 -0.5 -1.5 0.809726 0.544432 0.218946 695275 5 6.95275
-0.5 -0.5 -1.5 0.945093 0.310869 -0.100796 30.2029 1 3.02029
0.5 -0.5 -1.5 0.966684 0.196719 -0.163777 2.1139e+06 6 2.1139
1.5 -0.5 -1.5 -0.936988 0.347397 -0.0370003 97.1072 1 9.71072
2.5 -0.5 -1.5 0.920307 0.384458 0.0722997 7.77195e+06 6 7.77195
-2 0 -1.5 -0.651264 0.752304 -0.0994666 1.68318e+06 6 1.68318
-1 0 -1.5 -0.215195 0.943521 0.251912 4774.23 3 4.77423
0 0 -1.5 0.673408 0.307726 -0.67218 513.888 2 5.13888
1 0 -1.5 0.703344 0.425198 -0.569662 14186.3 4 1.41863
2 0 -1.5 -0.913277 0.289217 -0.286843 250.387 2 2.50387
-2.5 0.5 -1.5 -0.928251 0.3719 -0.00634982 15.4596 1 1.54596
-1.5 0.5 -1.5 0.406984 0.259231 -0.875879 8173.9 3 8.1739
-0.5 0.5 -1.5 0.369156 0.7458 -0.554533 10350.6 4 1.03506
0.5 0.5 -1.5 -0.959059 0.148371 -0.241231 2.57043 0 2.57043
1.5 0.5 -1.5 0.9184 0.184961 -0.349759 55.6077 1 5.56077
2.5 0.5 -1.5 0.962368 0.237504 -0.132058 1.7862e+06 6 1.7862
-2 1 -1.5 -0.742437 0.626239 0.237931 707.434 2 7.07434
-1 1 -1.5 0.491973 0.864517 0.102823 1327.82 3 1.32782
0 1 -1.5 -0.780537 0.59797 0.182189 778.167 2 7.78167
1 1 -1.5 -0.950024 0.107462 -0.293099 3.55405 0 3.55405
2 1 -1.5 0.367096 0.365132 -0.855523 21291.4 4 2.12914
-2.5 1.5 -1.5 0.324256 0.370166 -0.870537 4687.97 3 4.68797
-1.5 1.5 -1.5 0.9632 0.255094 -0.0846946 31.3411 1 3.13411
-0.5 1.5 -1.5 0.72066 0.641091 0.263916 60110.5 4 6.01105
0.5 1.5 -1.5 -0.8937 0.238758 -0.379862 275.469 2 2.75469
1.5 1.5 -1.5 0.782252 0.558892 -0.275177 10017.8 4 1.00178
2.5 1.5 -1.5 0.926746 0.138331 -0.349295 3.76093e+06 6 3.76093
-1.75 -1.25 -1.25 -0.442833 0.314864 -0.8395 1913.44 3 1.91344
-0.75 -1.25 -1.25 -0.94223 0.036086 -0.333016 2.67404 0 2.67404
0.25 -1.25 -1.25 0.93224 0.344033 0.112118 908775 5 9.08775
1.25 -1.25 -1.25 -0.355983 0.219814 -0.908272 2264.55 3 2.26455
2.25 -1.25 -1.25 0.508197 0.839306 0.193136 64978.6 4 6.49786
-2.25 -0.75 -1.25 0.683375 0.70969 0.171287 67049.7 4 6.70497
-1.25 -0.75 -1.25 0.950377 0.257092 0.175177 17.0072 1 1.70072
-0.25 -0.75 -1.25 0.988809 0.125792 0.0802005 3.45949 0 3.45949
0.75 -0.75 -1.25 -0.628633 0.144256 -0.764206 9.5508e+06 6 9.5508
1.75 -0.75 -1.25 -0.882216 0.464628 0.0762608 93.8128 1 9.38128
-1.75 -0.25 -1.25 0.902499 0.412052 -0.125331 138519 5 1.38519
-0.75 -0.25 -1.25 -0.709304 0.655023 0.260447 567.193 2 5.67193
0.25 -0.25 -1.25 -0.698629 0.713845 0.0484129 1.97601e+06 6 1.97601
1.25 -0.25 -1.25 -0.0842683 0.833821 -0.545565 24653.3 4 2.46533
2.25 -0.25 -1.25 0.876307 0.238179 -0.418756 545.009 2 5.45009
-2.25 0.25 -1.25 0.925414 0.30792 -0.220894 359.596 2 3.59596
-1.25 0.25 -1.25 0.592963 0.380089 -0.709879 17315.4 4 1.73154
-0.25 0.25 -1.25 0.853978 0.194999 -0.482386 67.678 1 6.7678
0.75 0.25 -1.25 0.576955 0.284918 -0.765471 21249.7 4 2.12497
1.75 0.25 -1.25 -0.28523 0.188532 -0.939734 104372 5 1.04372
-1.75 0.75 -1.25 0.48312 0.804335 -0.34589 88933.7 4 8.89337
-0.75 0.75 -1.25 0.95829 0.184663 -0.21813 2.49819e+06 6 2.49819
0.25 0.75 -1.25 0.955015 0.259152 -0.144174 1.69349e+06 6 1.69349
1.25 0.75 -1.25 0.963969 0.265076 0.0223052 1.03774e+06 6 1.03774
2.25 0.75 -1.25 -0.896139 0.440951 -0.0499755 144.993 2 1.44993
-2.25 1.25 -1.25 0.917956 0.251079 -0.30711 45.4132 1 4.54132
-1.25 1.25 -1.25 0.965497 0.259192 -0.0252113 1.26526e+06 6 1.26526
-0.25 1.25 -1.25 0.357606 0.93384 -0.00782064 1281.35 3 1.28135
0.75 1.25 -1.25 -0.0688593 0.996767 -0.0413942 11912.7 4 1.19127
1.75 1.25 -1.25 -0.91296 0.405309 -0.0472146 9.33701 0 9.33701
-2 -1.5 -1 0.57362 0.807729 -0.136142 79875.8 4 7.98758
-1 -1.5 -1 -0.888289 0.459147 -0.0112102 8.04558 0 8.04558
0 -1.5 -1 -0.77184 0.634749 -0.0368263 2.62835e+06 6 2.62835
1 -1.5 -1 -0.739143 0.264116 -0.619605 7.31365e+06 6 7.31365
2 -1.5 -1 0.22535 0.227418 -0.947364 7778.41 3 7.77841
-2.5 -1 -1 0.90471 0.387189 0.177719 755680 5 7.5568
-1.5 -1 -1 0.982355 0.101824 -0.156879 6.8202 0 6.8202
-0.5 -1 -1 -0.902533 0.428885 -0.0386263 166.541 2 1.66541
0.5 -1 -1 0.88527 0.272994 -0.376527 237131 5 2.37131
1.5 -1 -1 -0.187947 0.506631 -0.841428 33570.9 4 3.35709
2.5 -1 -1 0.913174 0.142526 -0.381838 3.82961e+06 6 3.82961
-2 -0.5 -1 -0.552682 0.784217 0.282041 7372.59 3 7.37259
-1 -0.5 -1 -0.571471 0.604204 -0.555301 383256 5 3.83256
0 -0.5 -1 -0.697242 0.598811 -0.394055 1296.99 3 1.29699
1 -0.5 -1 -0.929032 0.369717 -0.0144632 13.891 1 1.3891
2 -0.5 -1 -0.924373 0.0958665 -0.369248 39.2726 1 3.92726
-2.5 0 -1 -0.663196 0.702738 -0.257548 180182 5 1.80182
-1.5 0 -1 0.203346 0.962199 -0.181175 15615.3 4 1.56153
-0.5 0 -1 0.887773 0.397847 -0.231466 156523 5 1.56523
0.5 0 -1 -0.559912 0.804535 0.198048 7647.98 3 7.64798
1.5 0 -1 0.858844 0.305523 -0.411148 222278 5 2.22278
2.5 0 -1 -0.0294582 0.222501 -0.974487 11156.4 4 1.11564
-2 0.5 -1 -0.651259 0.713567 -0.25823 9969.75 3 9.96975
-1 0.5 -1 -0.356845 0.520037 -0.77603 391201 5 3.91201
0 0.5 -1 0.20999 0.308073 -0.927898 6272.42 3 6.27242
1 0.5 -1 0.690022 0.396016 -0.605839 404.461 2 4.04461
2 0.5 -1 0.952705 0.095375 -0.288542 9.59444 0 9.59444
-2.5 1 -1 -0.823896 0.384795 -0.416086 5.61446e+06 6 5.61446
-1.5 1 -1 0.975954 0.113328 -0.186199 7.06916 0 7.06916
-0.5 1 -1 -0.908192 0.417056 0.0353645 12.2192 1 1.22192
0.5 1 -1 -0.414108 0.845815 -0.33632 213460 5 2.1346
1.5 1 -1 0.871704 0.488926 -0.0329243 110949 5 1.10949
2.5 1 -1 0.97124 0.237258 -0.0200179 1.23865e+06 6 1.23865
-2 1.5 -1 0.990724 0.107536 0.083083 3.39196 0 3.39196
-1 1.5 -1 -0.778099 0.268424 -0.567901 8.16112e+06 6 8.16112
0 1.5 -1 -0.752966 0.627053 0.199615 606.833 2 6.06833
1 1.5 -1 0.79582 0.450822 -0.404266 11937.8 4 1.19378
2 1.5 -1 -0.732397 0.647067 -0.211894 1214.73 3 1.21473
-2.25 -1.25 -0.75 -0.66768 0.740934 -0.0722448 9674.27 3 9.67427
-1.25 -1.25 -0.75 0.652291 0.648078 -0.393078 2402.66 3 2.40266
-0.25 -1.25 -0.75 0.989002 0.106212 -0.102931 5.92633 0 5.92633
0.75 -1.25 -0.75 0.782221 0.184486 -0.59506 378238 5 3.78238
1.75 -1.25 -0.75 0.726987 0.654141 -0.208781 2019.3 3 2.0193
-1.75 -0.75 -0.75 -0.859565 0.510536 0.0223774 6.80675 0 6.80675
-0.75 -0.75 -0.75 0.940187 0.179109 -0.289774 2.8621e+06 6 2.8621
0.25 -0.75 -0.75 0.905171 0.246164 -0.346509 243220 5 2.4322
1.25 -0.75 -0.75 -0.441779 0.634712 -0.634013 329496 5 3.29496
2.25 -0.75 -0.75 0.021659 0.446283 -0.89463 51707.5 4 5.17075
-2.25 -0.25 -0.75 -0.856659 0.515879 -0.0018291 5.20037 0 5.20037
-1.25 -0.25 -0.75 -0.318226 0.862242 -0.394045 5759.8 3 5.7598
-0.25 -0.25 -0.75 -0.736761 0.647284 -0.195467 2.37056e+06 6 2.37056
0.75 -0.25 -0.75 0.493133 0.305731 -0.814462 6465.5 3 6.4655
1.75 -0.25 -0.75 -0.430565 0.84603 0.314399 6159.04 3 6.15904
-1.75 0.25 -0.75 0.946907 0.319601 -0.0349769 1.16642e+06 6 1.16642
-0.75 0.25 -0.75 -0.960781 0.189889 -0.202097 2.31805 0 2.31805
0.25 0.25 -0.75 0.567357 0.768961 0.294628 59283.5 4 5.92835
1.25 0.25 -0.75 -0.955621 0.201697 -0.214725 27.0493 1 2.70493
2.25 0.25 -0.75 0.908249 0.415082 0.0528213 105846 5 1.05846
-2.25 0.75 -0.75 -0.519222 0.538357 -0.663762 1174.6 3 1.1746
-1.25 0.75 -0.75 0.962689 0.17382 0.207405 2.21475 0 2.21475
-0.25 0.75 -0.75 -0.841089 0.156408 -0.517789 374.628 2 3.74628
0.75 0.75 -0.75 0.120805 0.546145 -0.828934 38502.2 4 3.85022
1.75 0.75 -0.75 0.647695 0.241238 -0.7227 637.133 2 6.37133
-1.75 1.25 -0.75 -0.710646 0.176753 -0.680985 1.16626e+06 6 1.16626
-0.75 1.25 -0.75 -0.912544 0.408471 0.0203805 88.3296 1 8.83296
0.25 1.25 -0.75 0.479786 0.856879 -0.188581 1478.44 3 1.47844
1.25 1.25 -0.75 -0.944518 0.313454 -0.0981485 1.4873 0 1.4873
2.25 1.25 -0.75 0.872609 0.486741 -0.0404523 179.763 2 1.79763
-2.5 -1.5 -0.5 -0.950523 0.17486 -0.256768 32.7434 1 3.27434
-1.5 -1.5 -0.5 0.951684 0.166121 -0.258267 2.86252e+06 6 2.86252
-0.5 -1.5 -0.5 -0.358455 0.54286 -0.759482 9357.48 3 9.35748
0.5 -1.5 -0.5 0.914374 0.291319 -0.281164 205453 5 2.05453
1.5 -1.5 -0.5 0.76517 0.335454 -0.549532 409.107 2 4.09107
2.5 -1.5 -0.5 -0.672531 0.164003 -0.721668 1.07173e+06 6 1.07173
-2 -1 -0.5 -0.856361 0.171476 -0.487075 407.885 2 4.07885
-1 -1 -0.5 0.876884 0.175557 -0.447498 67.6696 1 6.76696
0 -1 -0.5 -0.867778 0.196162 -0.456598 198.373 2 1.98373
1 -1 -0.5 -0.447841 0.245916 -0.85963 2575.41 3 2.57541
2 -1 -0.5 -0.428246 0.331348 -0.840722 721781 5 7.21781
-2.5 -0.5 -0.5 -0.955488 0.154292 -0.251471 20.328 1 2.0328
-1.5 -0.5 -0.5 0.0595826 0.205911 -0.976755 10793.8 4 1.07938
-0.5 -0.5 -0.5 -0.95394 0.107437 -0.280098 2.81393 0 2.81393
0.5 -0.5 -0.5 0.437033 0.898112 0.0489603 69910 4 6.991
1.5 -0.5 -0.5 0.970705 0.230144 -0.0690335 1.50965e+06 6 1.50965
2.5 -0.5 -0.5 0.77473 0.631406 0.033457 76631 4 7.6631
-2 0 -0.5 -0.526828 0.78787 -0.318925 7754.63 3 7.75463
-1 0 -0.5 0.578052 0.271946 -0.769351 650.523 2 6.50523
0 0 -0.5 0.920772 0.224194 -0.319243 240207 5 2.40207
1 0 -0.5 -0.712815 0.500013 -0.491814 287776 5 2.87776
2 0 -0.5 0.276903 0.299356 -0.913078 26600.1 4 2.66001
-2.5 0.5 -0.5 0.95789 0.27421 -0.0851761 1.46056e+06 6 1.46056
-1.5 0.5 -0.5 0.933944 0.304213 -0.187622 177266 5 1.77266
-0.5 0.5 -0.5 0.870852 0.177723 -0.458291 321220 5 3.2122
0.5 0.5 -0.5 0.802918 0.576684 0.150861 68704.2 4 6.87042
1.5 0.5 -0.5 0.819659 0.566596 0.0844313 145.389 2 1.45389
2.5 0.5 -0.5 -0.744203 0.325419 -0.583322 5.54628e+06 6 5.54628
-2 1 -0.5 -0.960767 0.201509 -0.190581 1.69853 0 1.69853
-1 1 -0.5 0.439695 0.807026 0.39418 52702.9 4 5.27029
0 1 -0.5 -0.957473 0.231946 -0.171602 21.8378 1 2.18378
1 1 -0.5 0.936609 0.215845 -0.275997 46.3395 1 4.63395
2 1 -0.5 0.991497 0.129415 0.0136074 4.18393 0 4.18393
-2.5 1.5 -0.5 -0.955308 0.126638 -0.267113 3.05422 0 3.05422
-1.5 1.5 -0.5 -0.787753 0.549089 -0.279189 3.24434e+06 6 3.24434
-0.5 1.5 -0.5 0.61428 0.788858 -0.0190414 1231.65 3 1.23165
0.5 1.5 -0.5 0.731379 0.670764 -0.123126 84812 4 8.4812
1.5 1.5 -0.5 -0.786851 0.396776 -0.472689 4.88046e+06 6 4.88046
2.5 1.5 -0.5 0.78006 0.423279 -0.460805 325.794 2 3.25794
-1.75 -1.25 -0.25 -0.885453 0.457342 -0.0825369 930.134 2 9.30134
-0.75 -1.25 -0.25 0.969721 0.243891 0.0125925 25.7913 1 2.57913
0.25 -1.25 -0.25 0.475758 0.436169 -0.763813 17034.3 4 1.70343
1.25 -1.25 -0.25 -0.890342 0.453597 -0.039247 5.9318 0 5.9318
2.25 -1.25 -0.25 -0.942675 0.151049 -0.297572 38.8066 1 3.88066
-2.25 -0.75 -0.25 0.969678 0.0992927 -0.223307 8.14188 0 8.14188
-1.25 -0.75 -0.25 0.922383 0.335104 0.192134 16.5652 1 1.65652
-0.25 -0.75 -0.25 0.882041 0.457814 0.111398 182.957 2 1.82957
0.75 -0.75 -0.25 0.453349 0.564016 -0.690189 2780.14 3 2.78014
1.75 -0.75 -0.25 0.223496 0.883508 0.411659 53116.5 4 5.31165
-1.75 -0.25 -0.25 -0.915908 0.336555 -0.218732 200.638 2 2.00638
-0.75 -0.25 -0.25 0.63742 0.769492 0.0397203 73313.4 4 7.33134
0.25 -0.25 -0.25 -0.958466 0.126807 -0.255466 2.31504 0 2.31504
1.25 -0.25 -0.25 -0.709942 0.493836 -0.502104 1673 3 1.673
2.25 -0.25 -0.25 -0.77232 0.482334 -0.413371 3.61541e+06 6 3.61541
-2.25 0.25 -0.25 0.14623 0.186575 -0.971497 1019.99 3 1.01999
-1.25 0.25 -0.25 -0.951549 0.27202 -0.143388 1.00593 0 1.00593
-0.25 0.25 -0.25 -0.956092 0.214286 -0.199925 29.4514 1 2.94514
0.75 0.25 -0.25 -0.957861 0.234144 -0.166371 1.32735 0 1.32735
1.75 0.25 -0.25 0.957637 0.286411 -0.0299848 1.24132e+06 6 1.24132
-1.75 0.75 -0.25 0.927547 0.356478 -0.112163 148185 5 1.48185
-0.75 0.75 -0.25 -0.787098 0.326134 -0.523559 6.39792e+06 6 6.39792
0.25 0.75 -0.25 0.0715271 0.997434 0.00319925 14021.4 4 1.40214
1.25 0.75 -0.25 -0.819445 0.562225 0.111407 837.762 2 8.37762
2.25 0.75 -0.25 -0.947298 0.13166 -0.292047 25.9679 1 2.59679
-2.25 1.25 -0.25 0.632544 0.772801 -0.051642 1615.97 3 1.61597
-1.25 1.25 -0.25 -0.865563 0.499983 0.0285831 111.811 2 1.11811
-0.25 1.25 -0.25 0.00740846 0.919691 0.392574 3881.58 3 3.88158
0.75 1.25 -0.25 -0.350472 0.25474 -0.901264 870907 5 8.70907
1.75 1.25 -0.25 -0.825899 0.514222 -0.231228 3.84431e+06 6 3.84431
-2 -1.5 0 0.982844 0.119058 0.140862 2.81513 0 2.81513
-1 -1.5 0 -0.801307 0.573334 0.170868 934.012 2 9.34012
0 -1.5 0 -0.737961 0.402676 -0.54154 4.06951e+06 6 4.06951
1 -1.5 0 0.992292 0.114985 -0.0462023 5.03709 0 5.03709
2 -1.5 0 0.946563 0.171284 -0.273278 2.9141e+06 6 2.9141
-2.5 -1 0 0.932852 0.359326 -0.0259241 127819 5 1.27819
-1.5 -1 0 0.960477 0.110068 -0.255673 82.176 1 8.2176
-0.5 -1 0 -0.630955 0.416149 -0.654764 1891.78 3 1.89178
0.5 -1 0 0.381968 0.271819 -0.883298 26869.8 4 2.68698
1.5 -1 0 0.951094 0.163182 0.262284 1.79681 0 1.79681
2.5 -1 0 0.824234 0.220602 -0.52151 653.346 2 6.53346
-2 -0.5 0 -0.863148 0.18621 -0.469363 302.797 2 3.02797
-1 -0.5 0 -0.909346 0.390073 -0.144681 157.075 2 1.57075
0 -0.5 0 -0.799294 0.588807 0.120143 634.595 2 6.34595
1 -0.5 0 -0.957348 0.0975857 -0.271961 2.00842 0 2.00842
2 -0.5 0 -0.691096 0.25228 -0.677304 6.33504e+06 6 6.33504
-2.5 0 0 -0.936318 0.336143 -0.101571 9.08599 0 9.08599
-1.5 0 0 0.555845 0.603494 -0.571691 2935.5 3 2.9355
-0.5 0 0 0.0120193 0.969965 -0.242947 12737.5 4 1.27375
0.5 0 0 -0.852089 0.509904 0.118079 80.9913 1 8.09913
1.5 0 0 0.891109 0.295783 -0.344147 428.047 2 4.28047
2.5 0 0 -0.265331 0.944484 -0.193776 158918 5 1.58918
-2 0.5 0 0.773193 0.148335 -0.616579 98.7359 1 9.87359
-1 0.5 0 0.938566 0.338229 0.0685269 8.3119e+06 6 8.3119
0 0.5 0 -0.959547 0.219908 -0.17581 1.90779 0 1.90779
1 0.5 0 0.866086 0.459819 0.196115 738942 5 7.38942
2 0.5 0 0.979026 0.14569 0.142416 2.80404 0 2.80404
-2.5 1 0 -0.949013 0.157054 -0.27333 29.7037 1 2.97037
-1.5 1 0 -0.945633 0.067228 -0.31821 3.04309 0 3.04309
-0.5 1 0 -0.562967 0.778927 -0.276299 257563 5 2.57563
0.5 1 0 0.945174 0.310891 -0.0999664 151825 5 1.51825
1.5 1 0 0.916704 0.380537 -0.121844 278.899 2 2.78899
2.5 1 0 0.973134 0.179963 0.143609 26.8052 1 2.68052
-2 1.5 0 0.925766 0.362621 0.107064 19.9595 1 1.99595
-1 1.5 0 0.0502698 0.927505 -0.370414 19339.6 4 1.93396
0 1.5 0 0.952002 0.298861 0.0661323 8.50023e+06 6 8.50023
1 1.5 0 -0.856243 0.516043 0.023409 887.159 2 8.87159
2 1.5 0 -0.410809 0.908097 0.0812166 5995 3 5.995
-2.25 -1.25 0.25 -0.768557 0.599847 0.222495 827.055 2 8.27055
-1.25 -1.25 0.25 -0.888648 0.457978 -0.0236911 7.08569 0 7.08569
-0.25 -1.25 0.25 0.41008 0.199255 -0.890018 1033.64 3 1.03364
0.75 -1.25 0.25 -0.955595 0.182073 -0.231704 23.9256 1 2.39256
1.75 -1.25 0.25 0.780177 0.623911 -0.0453758 171.772 2 1.71772
-1.75 -0.75 0.25 0.829204 0.206828 -0.519272 327677 5 3.27677
-0.75 -0.75 0.25 -0.348964 0.767604 -0.537595 238323 5 2.38323
0.25 -0.75 0.25 -0.928566 0.11617 -0.352518 42.7814 1 4.27814
1.25 -0.75 0.25 -0.919403 0.0680249 -0.387389 34.8411 1 3.48411
2.25 -0.75 0.25 -0.314685 0.94907 -0.0154891 149400 5 1.494
-2.25 -0.25 0.25 -0.281201 0.863865 0.417927 4885.99 3 4.88599
-1.25 -0.25 0.25 -0.814453 0.461065 -0.352258 4.32241e+06 6 4.32241
-0.25 -0.25 0.25 -0.558295 0.824074 -0.0959644 7680.26 3 7.68026
0.75 -0.25 0.25 0.937656 0.153086 -0.312034 3.34375e+06 6 3.34375
1.75 -0.25 0.25 -0.325077 0.287023 -0.901079 1626.11 3 1.62611
-1.75 0.25 0.25 -0.120482 0.778426 -0.616066 19578.2 4 1.95782
-0.75 0.25 0.25 -0.936796 0.112356 -0.331344 32.3129 1 3.23129
0.25 0.25 0.25 0.950129 0.31115 -0.0209901 128585 5 1.28585
1.25 0.25 0.25 0.892272 0.328947 -0.309265 194655 5 1.94655
2.25 0.25 0.25 -0.53861 0.329632 -0.775398 2192.41 3 2.19241
-2.25 0.75 0.25 0.593105 0.501537 -0.629831 13838.7 4 1.38387
-1.25 0.75 0.25 0.346314 0.927241 -0.142448 75459.5 4 7.54595
-0.25 0.75 0.25 -0.198798 0.891824 -0.406361 17244.8 4 1.72448
0.75 0.75 0.25 -0.943104 0.327432 -0.0578202 17.5855 1 1.75855
1.75 0.75 0.25 0.925895 0.377778 0.0014608 236.885 2 2.36885
-1.75 1.25 0.25 0.98561 0.150578 0.0768021 3.39211 0 3.39211
-0.75 1.25 0.25 0.553436 0.210064 -0.805966 25451.7 4 2.54517
0.25 1.25 0.25 0.947919 0.269936 -0.169067 177235 5 1.77235
1.25 1.25 0.25 0.955312 0.294879 0.0206069 1.03714e+06 6 1.03714
2.25 1.25 0.25 -0.849675 0.514288 0.116451 69.6076 1 6.96076
-2.5 -1.5 0.5 0.444365 0.578574 -0.683953 13253.8 4 1.32538
-1.5 -1.5 0.5 0.016744 0.273804 -0.96164 86836.3 4 8.68363
-0.5 -1.5 0.5 -0.949014 0.304183 -0.0827394 13.139 1 1.3139
0.5 -1.5 0.5 0.970037 0.137066 0.200604 2.27902 0 2.27902
1.5 -1.5 0.5 -0.205166 0.298183 -0.932198 57829.6 4 5.78296
2.5 -1.5 0.5 -0.688164 0.316768 -0.652755 4.62892e+06 6 4.62892
-2 -1 0.5 0.801135 0.225306 -0.554454 313847 5 3.13847
-1 -1 0.5 0.77206 0.531934 -0.347807 256.421 2 2.56421
0 -1 0.5 -0.912527 0.407466 -0.0355723 1.02944 0 1.02944
1 -1 0.5 -0.602464 0.646368 -0.468237 1056.73 3 1.05673
2 -1 0.5 0.914834 0.34623 -0.207854 170236 5 1.70236
-2.5 -0.5 0.5 -0.962167 0.175703 -0.208238 1.45141 0 1.45141
-1.5 -0.5 0.5 0.952966 0.194163 -0.232715 2.48708e+06 6 2.48708
-0.5 -0.5 0.5 0.410559 0.71905 -0.560721 2209.46 3 2.20946
0.5 -0.5 0.5 0.685257 0.325299 -0.651616 17186.8 4 1.71868
1.5 -0.5 0.5 0.942864 0.151184 -0.296902 3.2151e+06 6 3.2151
2.5 -0.5 0.5 0.900485 0.207829 -0.382013 56.0791 1 5.60791
-2 0 0.5 -0.491886 0.514558 -0.702338 449403 5 4.49403
-1 0 0.5 0.931457 0.157092 -0.328191 3.35914e+06 6 3.35914
0 0 0.5 -0.274423 0.402789 -0.873186 474614 5 4.74614
1 0 0.5 -0.630357 0.519794 -0.576598 1428.46 3 1.42846
2 0 0.5 -0.882218 0.222179 -0.415124 238.72 2 2.3872
-2.5 0.5 0.5 0.961077 0.217427 -0.170457 38.1538 1 3.81538
-1.5 0.5 0.5 -0.909257 0.415246 0.0286594 10.6606 1 1.06606
-0.5 0.5 0.5 -0.785913 0.599667 -0.150802 2.92529e+06 6 2.92529
0.5 0.5 0.5 0.807885 0.171774 -0.563751 384385 5 3.84385
1.5 0.5 0.5 0.558176 0.21127 -0.802375 807.552 2 8.07552
2.5 0.5 0.5 0.988293 0.15247 0.00545513 40.415 1 4.0415
-2 1 0.5 -0.847905 0.517523 0.115008 56.4166 1 5.64166
-1 1 0.5 0.933621 0.354899 0.0489763 108748 5 1.08748
0 1 0.5 0.943352 0.331211 0.0196593 9.93871e+06 6 9.93871
1 1 0.5 -0.961329 0.149338 -0.231398 1.85833 0 1.85833
2 1 0.5 0.662269 0.68067 -0.31319 94987.6 4 9.49876
-2.5 1.5 0.5 -0.63369 0.181716 -0.751942 7.24221e+06 6 7.24221
-1.5 1.5 0.5 0.979637 0.105116 -0.171062 7.07006 0 7.07006
-0.5 1.5 0.5 0.123082 0.252349 -0.959776 83055.6 4 8.30556
0.5 1.5 0.5 0.993423 0.112611 0.0207038 4.16519 0 4.16519
1.5 1.5 0.5 -0.959117 0.21075 -0.188887 18.7798 1 1.87798
2.5 1.5 0.5 -0.952105 0.288532 -0.101216 21.7062 1 2.17062
-1.75 -1.25 0.75 0.798515 0.138573 -0.585809 96.946 1 9.6946
-0.75 -1.25 0.75 0.488474 0.234417 -0.840501 8232.86 3 8.23286
0.25 -1.25 0.75 0.96211 0.20808 -0.1762 2.13543e+06 6 2.13543
1.25 -1.25 0.75 0.967863 0.220275 -0.12133 1.80908e+06 6 1.80908
2.25 -1.25 0.75 -0.253182 0.900398 0.353811 4924.52 3 4.92452
-2.25 -0.75 0.75 -0.482055 0.876137 0.00251836 182131 5 1.82131
-1.25 -0.75 0.75 -0.823644 0.133468 -0.551178 332.582 2 3.32582
-0.25 -0.75 0.75 0.827414 0.162867 -0.537458 81.9816 1 8.19816
0.75 -0.75 0.75 0.253751 0.646165 -0.719779 28793.5 4 2.87935
1.75 -0.75 0.75 -0.961 0.173143 -0.215638 2.11523 0 2.11523
-1.75 -0.25 0.75 -0.948091 0.292301 -0.12523 1.19796 0 1.19796
-0.75 -0.25 0.75 -0.931985 0.361666 -0.0245401 11.9191 1 1.19191
0.25 -0.25 0.75 -0.513836 0.414552 -0.751079 599762 5 5.99762
1.25 -0.25 0.75 -0.735554 0.584232 -0.342977 2.59499e+06 6 2.59499
2.25 -0.25 0.75 0.849603 0.151169 -0.505294 79.7931 1 7.97931
-2.25 0.25 0.75 0.9081 0.417699 -0.0296868 121819 5 1.21819
-1.25 0.25 0.75 -0.62829 0.777291 0.0327158 1.56943e+06 6 1.56943
-0.25 0.25 0.75 -0.539475 0.419317 -0.730164 1631.59 3 1.63159
0.75 0.25 0.75 0.688141 0.510446 -0.515661 3125.74 3 3.12574
1.75 0.25 0.75 -0.684665 0.202584 -0.700138 8.36899e+06 6 8.36899
-1.75 0.75 0.75 -0.914048 0.386014 -0.124538 183.428 2 1.83428
-0.75 0.75 0.75 -0.958988 0.231766 -0.163179 2.06211 0 2.06211
0.25 0.75 0.75 0.876793 0.433062 0.209023 15.5212 1 1.55212
1.25 0.75 0.75 -0.514781 0.857255 0.0106494 116387 5 1.16387
2.25 0.75 0.75 -0.904043 0.319039 -0.284466 136.023 2 1.36023
-2.25 1.25 0.75 0.47616 0.181576 -0.860408 101.837 2 1.01837
-1.25 1.25 0.75 0.590304 0.35372 -0.72555 5096.77 3 5.09677
-0.25 1.25 0.75 -0.921536 0.335809 -0.194945 226.992 2 2.26992
0.75 1.25 0.75 -0.890768 0.449892 -0.0642646 119.82 2 1.1982
1.75 1.25 0.75 -0.918729 0.386803 -0.0794963 6.65788 0 6.65788
-2 -1.5 1 0.920527 0.139522 -0.364917 3.86007e+06 6 3.86007
-1 -1.5 1 -0.159137 0.983181 0.0896158 4494.83 3 4.49483
0 -1.5 1 -0.88286 0.46414 0.0716424 79.1047 1 7.91047
1 -1.5 1 0.930794 0.260522 -0.256421 208289 5 2.08289
2 -1.5 1 -0.513898 0.725285 -0.458116 286933 5 2.86933
-2.5 -1 1 -0.457066 0.876909 -0.148736 196800 5 1.968
-1.5 -1 1 -0.948013 0.090705 -0.305031 3.34429 0 3.34429
-0.5 -1 1 0.946096 0.206875 -0.249207 2.38441e+06 6 2.38441
0.5 -1 1 -0.435888 0.266243 -0.859719 939166 5 9.39166
1.5 -1 1 -0.564455 0.821943 0.0761586 7714.48 3 7.71448
2.5 -1 1 -0.857448 0.51444 0.0115514 6.10511 0 6.10511
-2 -0.5 1 0.587454 0.463308 -0.663508 3896.55 3 3.89655
-1 -0.5 1 -0.657063 0.693769 0.294876 423.19 2 4.2319
0 -0.5 1 -0.939864 0.135229 -0.313639 36.0301 1 3.60301
1 -0.5 1 0.953156 0.285135 0.100957 20.8846 1 2.08846
2 -0.5 1 -0.419171 0.410205 -0.809955 1365.82 3 1.36582
-2.5 0 1 -0.915137 0.398423 -0.0615153 8.08688 0 8.08688
-1.5 0 1 -0.457059 0.6911 -0.559892 8233.46 3 8.23346
-0.5 0 1 -0.945637 0.305895 -0.11045 1.363 0 1.363
0.5 0 1 -0.896676 0.265794 -0.354013 183.068 2 1.83068
1.5 0 1 -0.955503 0.265969 -0.127572 17.1864 1 1.71864
2.5 0 1 -0.405149 0.414855 -0.814708 538838 5 5.38838
-2 0.5 1 0.829646 0.160633 -0.534681 377578 5 3.77578
-1 0.5 1 -0.380481 0.916198 -0.125759 5776.21 3 5.77621
0 0.5 1 -0.95553 0.25384 -0.150089 1.5323 0 1.5323
1 0.5 1 0.906356 0.404604 0.12171 903911 5 9.03911
2 0.5 1 -0.953115 0.280627 -0.113226 19.7188 1 1.97188
-2.5 1 1 0.177791 0.413207 -0.893112 49445.5 4 4.94455
-1.5 1 1 0.742853 0.161901 -0.649583 972.701 2 9.72701
-0.5 1 1 -0.527209 0.261981 -0.808342 2850.56 3 2.85056
0.5 1 1 -0.848399 0.519067 0.103872 119.646 2 1.19646
1.5 1 1 -0.883761 0.461053 0.0799793 10.5586 1 1.05586
2.5 1 1 -0.722072 0.688966 -0.0627607 2.17271e+06 6 2.17271
-2 1.5 1 0.956153 0.222968 -0.189887 2.07635e+06 6 2.07635
-1 1.5 1 0.0837017 0.337529 -0.937586 66079.3 4 6.60793
0 1.5 1 0.957244 0.0961688 -0.272829 9.18215 0 9.18215
1 1.5 1 -0.802686 0.100816 -0.58782 284.818 2 2.84818
2 1.5 1 0.952835 0.303379 0.00819604 25.2466 1 2.52466
-2.25 -1.25 1.25 0.914196 0.125806 -0.38525 4.15029e+06 6 4.15029
-1.25 -1.25 1.25 -0.727099 0.215458 -0.651847 9.36163e+06 6 9.36163
-0.25 -1.25 1.25 -0.664983 0.743289 0.0729383 9415.59 3 9.41559
0.75 -1.25 1.25 -0.0606017 0.884592 0.462412 3919.78 3 3.91978
1.75 -1.25 1.25 0.946813 0.257249 -0.193306 37.7947 1 3.77947
-1.75 -0.75 1.25 -0.956553 0.245721 -0.156931 24.3755 1 2.43755
-0.75 -0.75 1.25 0.900613 0.125808 -0.416016 4.40673e+06 6 4.40673
0.25 -0.75 1.25 -0.959713 0.163234 -0.228706 2.75403 0 2.75403
1.25 -0.75 1.25 0.868135 0.47755 0.135235 863433 5 8.63433
2.25 -0.75 1.25 0.0322697 0.696998 -0.716347 30239.3 4 3.02393
-2.25 -0.25 1.25 -0.424079 0.878006 0.221951 6165.53 3 6.16553
-1.25 -0.25 1.25 0.302878 0.494288 -0.814828 3682.02 3 3.68202
-0.25 -0.25 1.25 0.566351 0.737009 -0.368868 1764.64 3 1.76464
0.75 -0.25 1.25 0.962497 0.178194 -0.204563 2.41946e+06 6 2.41946
1.75 -0.25 1.25 0.75401 0.570105 0.326264 52401.4 4 5.24014
-1.75 0.25 1.25 0.97202 0.206939 -0.111148 1.76299e+06 6 1.76299
-0.75 0.25 1.25 0.700851 0.545914 -0.459114 11581.9 4 1.15819
0.25 0.25 1.25 0.812258 0.562919 0.152837 790134 5 7.90134
1.25 0.25 1.25 0.986584 0.115082 -0.115791 6.00638 0 6.00638
2.25 0.25 1.25 0.473364 0.241799 -0.84703 26501 4 2.6501
-2.25 0.75 1.25 0.686693 0.720504 0.0965785 138.901 2 1.38901
-1.25 0.75 1.25 0.870922 0.22784 -0.435413 282792 5 2.82792
-0.25 0.75 1.25 0.484003 0.402633 -0.776935 4936.81 3 4.93681
0.75 0.75 1.25 0.832578 0.522781 -0.183069 214.119 2 2.14119
1.75 0.75 1.25 0.907811 0.125213 -0.40025 4.34788e+06 6 4.34788
-1.75 1.25 1.25 -0.954041 0.266789 -0.13649 1.69702 0 1.69702
-0.75 1.25 1.25 0.328719 0.48878 -0.808108 16471.6 4 1.64716
0.25 1.25 1.25 0.277014 0.937503 0.210598 63500.6 4 6.35006
1.25 1.25 1.25 0.833542 0.542151 -0.106203 88561.8 4 8.85618
2.25 1.25 1.25 0.993778 0.105323 -0.0362327 4.89983 0 4.89983
-2.5 -1.5 1.5 0.96134 0.267511 0.065298 8.34246e+06 6 8.34246
-1.5 -1.5 1.5 -0.958961 0.243688 -0.144949 14.3127 1 1.43127
-0.5 -1.5 1.5 0.85183 0.19116 -0.487692 330169 5 3.30169
0.5 -1.5 1.5 -0.255792 0.236287 -0.937411 788825 5 7.88825
1.5 -1.5 1.5 -0.846912 0.161276 -0.506685 260.727 2 2.60727
2.5 -1.5 1.5 0.621203 0.694103 0.363769 52522.9 4 5.25229
-2 -1 1.5 -0.874626 0.483659 0.0332215 132.647 2 1.32647
-1 -1 1.5 0.890021 0.209018 -0.405184 282291 5 2.82291
0 -1 1.5 -0.905619 0.281348 -0.317329 218.84 2 2.1884
1 -1 1.5 -0.855807 0.51695 -0.0189298 4.18931 0 4.18931
2 -1 1.5 -0.834533 0.540507 0.106803 103.089 2 1.03089
-2.5 -0.5 1.5 0.983035 0.129439 -0.129951 58.6591 1 5.86591
-1.5 -0.5 1.5 -0.268275 0.645814 -0.71481 277769 5 2.77769
-0.5 -0.5 1.5 -0.905213 0.389402 -0.170163 127.634 2 1.27634
0.5 -0.5 1.5 0.846916 0.250475 -0.469037 273071 5 2.73071
1.5 -0.5 1.5 -0.202121 0.166423 -0.965117 94173.9 4 9.41739
2.5 -0.5 1.5 0.850273 0.428361 -0.305847 266.848 2 2.66848
-2 0 1.5 0.965236 0.249821 -0.0768689 1.51534e+06 6 1.51534
-1 0 1.5 0.989808 0.13046 -0.0571007 4.98702 0 4.98702
0 0 1.5 -0.884883 0.461085 0.0661967 62.9215 1 6.29215
1 0 1.5 0.937871 0.211671 0.274942 17.0255 1 1.70255
2 0 1.5 0.800156 0.179151 -0.572412 813.744 2 8.13744
-2.5 0.5 1.5 0.363345 0.875281 0.31916 58673.9 4 5.86739
-1.5 0.5 1.5 0.534643 0.164981 -0.828817 974.955 2 9.74955
-0.5 0.5 1.5 0.168008 0.804695 -0.56942 23020.8 4 2.30208
0.5 0.5 1.5 -0.903676 0.247676 -0.349322 305.829 2 3.05829
1.5 0.5 1.5 0.974935 0.108948 0.193991 2.25123 0 2.25123
2.5 0.5 1.5 0.947275 0.098325 -0.304964 9.6829 0 9.6829
-2 1 1.5 -0.933016 0.349566 -0.085354 1.06576 0 1.06576
-1 1 1.5 -0.931231 0.357219 -0.0721356 1.19425 0 1.19425
0 1 1.5 -0.0466623 0.360161 -0.931722 68588.4 4 6.85884
1 1 1.5 -0.945163 0.319218 -0.0690457 15.553 1 1.5553
2 1 1.5 0.871167 0.48739 0.0593242 986867 5 9.86867
-2.5 1.5 1.5 0.564323 0.791059 -0.236146 1876.39 3 1.87639
-1.5 1.5 1.5 -0.910437 0.331206 -0.247806 169.514 2 1.69514
-0.5 1.5 1.5 -0.068543 0.575757 -0.814743 40377.2 4 4.03772
0.5 1.5 1.5 -0.932825 0.0811879 -0.351063 27.9432 1 2.79432
