448
-2.5 -1.5 -1.5 -0.204955 -0.151573 0.966964 65634.5 4 6.56345
-1.5 -1.5 -1.5 0.0123131 0.129547 0.991497 260978 5 2.60978
-0.5 -1.5 -1.5 -0.271053 -0.0712241 0.959926 7788.23 3 7.78823
0.5 -1.5 -1.5 -0.199866 -0.110284 0.973597 2718.32 3 2.71832
1.5 -1.5 -1.5 -0.0445272 0.0844588 0.995432 217099 5 2.17099
2.5 -1.5 -1.5 0.112915 0.201893 0.972877 1299.9 3 1.2999
-2 -1 -1.5 -0.0133852 0.00993556 0.999861 4.95797 0 4.95797
-1 -1 -1.5 0.0186895 0.0400204 0.999024 6.23622 0 6.23622
0 -1 -1.5 -0.151418 -0.0619933 0.986524 425.965 2 4.25965
1 -1 -1.5 0.126842 0.143552 0.98148 16775.1 4 1.67751
2 -1 -1.5 -0.00394497 0.0327122 0.999457 2.6199 0 2.6199
-2.5 -0.5 -1.5 -0.245296 -0.139919 0.959298 11068.3 4 1.10683
-1.5 -0.5 -1.5 -0.273245 -0.172243 0.946398 798719 5 7.98719
-0.5 -0.5 -1.5 0.00880107 0.0634242 0.997948 41.3831 1 4.13831
0.5 -0.5 -1.5 0.0380049 -0.273091 0.961237 2.12889e+06 6 2.12889
1.5 -0.5 -1.5 -0.10798 -0.00671601 0.99413 90.6322 1 9.06322
2.5 -0.5 -1.5 -0.161158 -0.390879 0.906224 2.90109e+06 6 2.90109
-2 0 -1.5 0.227633 0.0434468 0.972777 1.73691e+06 6 1.73691
-1 0 -1.5 -0.254887 -0.0664611 0.964684 4793.22 3 4.79322
0 0 -1.5 -0.0106772 0.146073 0.989216 149.912 2 1.49912
1 0 -1.5 -0.21775 -0.124692 0.968007 74581.9 4 7.45819
2 0 -1.5 -0.162257 -0.0576592 0.985062 591.452 2 5.91452
-2.5 0.5 -1.5 -0.111672 -0.0305906 0.993274 14.3662 1 1.43662
-1.5 0.5 -1.5 -0.0487064 0.0906802 0.994688 1432.48 3 1.43248
-0.5 0.5 -1.5 -0.256259 -0.147505 0.955287 12540.8 4 1.25408
0.5 0.5 -1.5 -0.0220325 -0.0117768 0.999688 7.68045 0 7.68045
1.5 0.5 -1.5 -0.00631828 0.0986236 0.995105 21.527 1 2.1527
2.5 0.5 -1.5 -0.0615419 -0.358913 0.93134 2.5236e+06 6 2.5236
-2 1 -1.5 -0.19986 -0.0404149 0.978991 123.956 2 1.23956
-1 1 -1.5 0.0605437 0.0837371 0.994647 3871.66 3 3.87166
0 1 -1.5 -0.1946 -0.0393717 0.980092 105.985 2 1.05985
1 1 -1.5 -0.020956 -0.0215689 0.999548 6.16007 0 6.16007
2 1 -1.5 -0.217389 -0.16333 0.962323 76359.9 4 7.63599
-2.5 1.5 -1.5 0.0243562 0.24945 0.968081 6899.19 3 6.89919
-1.5 1.5 -1.5 0.0125991 0.082033 0.99655 35.4195 1 3.54195
-0.5 1.5 -1.5 -0.286798 -0.0861489 0.95411 15144.2 4 1.51442
0.5 1.5 -1.5 -0.15607 -0.0562217 0.986145 469.892 2 4.69892
1.5 1.5 -1.5 -0.241905 -0.113144 0.963681 98121.6 4 9.81216
2.5 1.5 -1.5 0.0285919 -0.244815 0.969148 1.64056e+06 6 1.64056
-1.75 -1.25 -1.25 -0.192071 -0.096129 0.976662 1976.29 3 1.97629
-0.75 -1.25 -1.25 -0.00930204 0.0233588 0.999684 3.65996 0 3.65996
0.25 -1.25 -1.25 -0.164151 -0.111259 0.980141 539685 5 5.39685
1.25 -1.25 -1.25 -0.180456 -0.0916211 0.979307 1471.73 3 1.47173
2.25 -1.25 -1.25 -0.287289 -0.11161 0.951319 17424.7 4 1.74247
-2.25 -0.75 -1.25 -0.279579 -0.100598 0.954838 15023.4 4 1.50234
-1.25 -0.75 -1.25 0.0345585 0.088075 0.995514 43.9373 1 4.39373
-0.25 -0.75 -1.25 0.0105285 0.0352679 0.999322 4.99302 0 4.99302
0.75 -0.75 -1.25 0.039378 0.00694455 0.9992 9.32142e+06 6 9.32142
1.75 -0.75 -1.25 -0.117426 -0.0232 0.992811 15.568 1 1.5568
-1.75 -0.25 -1.25 -0.221308 -0.22873 0.948001 597648 5 5.97648
-0.75 -0.25 -1.25 -0.20123 -0.0340517 0.978952 106.948 2 1.06948
0.25 -0.25 -1.25 0.206458 -0.0076534 0.978425 2.01609e+06 6 2.01609
1.25 -0.25 -1.25 0.0783804 0.144544 0.986389 13704.4 4 1.37044
2.25 -0.25 -1.25 -0.0143073 0.0571135 0.998265 298.377 2 2.98377
-2.25 0.25 -1.25 1.11609e-05 0.0554161 0.998463 391.566 2 3.91566
-1.25 0.25 -1.25 -0.211078 -0.138797 0.967565 70537.3 4 7.05373
-0.25 0.25 -1.25 -0.0198564 0.068141 0.997478 23.9068 1 2.39068
0.75 0.25 -1.25 -0.192577 -0.133716 0.972129 54349.1 4 5.43491
1.75 0.25 -1.25 -0.027777 0.1276 0.991437 198039 5 1.98039
-1.75 0.75 -1.25 -0.261225 -0.137217 0.955475 13419.4 4 1.34194
-0.75 0.75 -1.25 0.0109514 -0.302521 0.95308 2.11481e+06 6 2.11481
0.25 0.75 -1.25 -0.108222 -0.404632 0.908053 2.4706e+06 6 2.4706
1.25 0.75 -1.25 0.0345449 -0.226382 0.973426 2.46203e+06 6 2.46203
2.25 0.75 -1.25 -0.177726 -0.0482881 0.982895 829.92 2 8.2992
-2.25 1.25 -1.25 -0.00514586 0.0654274 0.997844 32.1916 1 3.21916
-1.25 1.25 -1.25 -9.42952e-05 -0.279163 0.960244 2.49546e+06 6 2.49546
-0.25 1.25 -1.25 0.160804 0.199815 0.966548 1563.8 3 1.5638
0.75 1.25 -1.25 0.17939 0.176378 0.967838 49773.3 4 4.97733
1.75 1.25 -1.25 -0.0364495 -0.00892341 0.999296 1.66019 0 1.66019
-2 -1.5 -1 -0.266743 -0.126012 0.955494 14143.4 4 1.41434
-1 -1.5 -1 -0.0404588 -0.0108845 0.999122 1.93275 0 1.93275
0 -1.5 -1 0.160962 -0.049034 0.985742 1.95368e+06 6 1.95368
1 -1.5 -1 0.0579241 -0.0456527 0.997277 1.21281e+06 6 1.21281
2 -1.5 -1 -0.02348 0.255374 0.966557 5084.07 3 5.08407
-2.5 -1 -1 -0.197196 -0.114258 0.973683 622632 5 6.22632
-1.5 -1 -1 0.00502934 0.0544939 0.998501 2.36092 0 2.36092
-0.5 -1 -1 -0.178758 -0.0527448 0.982478 937.968 2 9.37968
0.5 -1 -1 -0.160252 -0.240727 0.957272 424322 5 4.24322
1.5 -1 -1 0.0726236 0.174006 0.982063 29325.7 4 2.93257
2.5 -1 -1 -0.188521 -0.35463 0.915804 3.0323e+06 6 3.0323
-2 -0.5 -1 -0.264041 -0.0759443 0.961517 7547.48 3 7.54748
-1 -0.5 -1 0.0519329 0.0753345 0.995805 422225 5 4.22225
0 -0.5 -1 -0.223381 -0.0957463 0.970017 4059.87 3 4.05987
1 -0.5 -1 -0.109609 -0.025553 0.993646 12.7761 1 1.27761
2 -0.5 -1 -0.0818405 -0.0244764 0.996345 41.7461 1 4.17461
-2.5 0 -1 0.214148 0.0493145 0.975555 157015 5 1.57015
-1.5 0 -1 0.133435 0.181813 0.974238 15220.4 4 1.52204
-0.5 0 -1 -0.22575 -0.249643 0.941656 574773 5 5.74773
0.5 0 -1 -0.255374 -0.0789202 0.963616 6509.03 3 6.50903
1.5 0 -1 -0.196412 -0.264641 0.944133 471755 5 4.71755
2.5 0 -1 -0.0692551 0.150957 0.986111 58702.7 4 5.87027
-2 0.5 -1 -0.230303 -0.0893948 0.969004 4335.5 3 4.3355
-1 0.5 -1 0.0555372 0.134622 0.98934 332139 5 3.32139
0 0.5 -1 -0.00439162 0.231858 0.97274 6455.88 3 6.45588
1 0.5 -1 0.000658993 0.128751 0.991677 187.409 2 1.87409
2 0.5 -1 -0.00497647 0.0418205 0.999113 2.0064 0 2.0064
-2.5 1 -1 0.0674232 -0.0904647 0.993615 1.50221e+06 6 1.50221
-1.5 1 -1 -0.00314425 0.0252724 0.999676 3.32732 0 3.32732
-0.5 1 -1 -0.114266 -0.0270231 0.993083 15.0754 1 1.50754
0.5 1 -1 0.115895 0.126681 0.98515 472521 5 4.72521
1.5 1 -1 -0.253481 -0.226906 0.940352 681056 5 6.81056
2.5 1 -1 0.0706662 -0.211347 0.974853 2.29152e+06 6 2.29152
-2 1.5 -1 0.0141533 0.0482909 0.998733 4.17731 0 4.17731
-1 1.5 -1 0.0306068 -0.0932554 0.995172 1.27218e+06 6 1.27218
0 1.5 -1 -0.196335 -0.0310814 0.980044 895.906 2 8.95906
1 1.5 -1 -0.225009 -0.109172 0.968221 77590.9 4 7.75909
2 1.5 -1 -0.233105 -0.0927406 0.968019 4917.79 3 4.91779
-2.25 -1.25 -0.75 -0.239567 -0.0872024 0.966956 5243.62 3 5.24362
-1.25 -1.25 -0.75 0.0231715 0.0982392 0.994893 2740.67 3 2.74067
-0.25 -1.25 -0.75 0.00547336 0.0446805 0.998986 3.0641 0 3.0641
0.75 -1.25 -0.75 -0.134311 -0.256345 0.957208 314682 5 3.14682
1.75 -1.25 -0.75 0.0388348 0.110205 0.99315 2874.66 3 2.87466
-1.75 -0.75 -0.75 -0.0443754 -0.0120695 0.998942 2.20785 0 2.20785
-0.75 -0.75 -0.75 -0.0673918 -0.374969 0.924585 2.25097e+06 6 2.25097
0.25 -0.75 -0.75 -0.12351 -0.209629 0.969949 372554 5 3.72554
1.25 -0.75 -0.75 0.0694311 0.11772 0.990617 389537 5 3.89537
2.25 -0.75 -0.75 0.00800186 0.168074 0.985742 90053 4 9.0053
-2.25 -0.25 -0.75 -0.0388271 -0.000377485 0.999246 1.71635 0 1.71635
-1.25 -0.25 -0.75 -0.228608 -0.0712954 0.970905 3014.85 3 3.01485
-0.25 -0.25 -0.75 0.186884 0.00810993 0.982349 1.70119e+06 6 1.70119
0.75 -0.25 -0.75 -0.0322412 0.103747 0.994081 1598.83 3 1.59883
1.75 -0.25 -0.75 -0.262742 -0.0732593 0.962081 6720.68 3 6.72068
-1.75 0.25 -0.75 -0.134075 -0.407108 0.903486 2.71403e+06 6 2.71403
-0.75 0.25 -0.75 -0.0266054 -0.0160435 0.999517 9.59632 0 9.59632
0.25 0.25 -0.75 -0.293595 -0.0996067 0.950726 17822.4 4 1.78224
1.25 0.25 -0.75 -0.0944426 -0.0296296 0.995089 76.032 1 7.6032
2.25 0.25 -0.75 -0.210365 -0.177506 0.961373 623829 5 6.23829
-2.25 0.75 -0.75 -0.210904 -0.0898069 0.973373 2763.31 3 2.76331
-1.25 0.75 -0.75 0.0115386 0.0242025 0.99964 7.07391 0 7.07391
-0.25 0.75 -0.75 -0.144899 -0.059498 0.987656 328.367 2 3.28367
0.75 0.75 -0.75 0.0363001 0.18686 0.981716 97758.7 4 9.77587
1.75 0.75 -0.75 -0.021941 0.165113 0.986031 117.055 2 1.17055
-1.75 1.25 -0.75 0.00110787 -0.081934 0.996637 1.04829e+06 6 1.04829
-0.75 1.25 -0.75 -0.112424 -0.0122415 0.993585 11.1585 1 1.11585
0.25 1.25 -0.75 0.140619 0.219492 0.965427 1336.21 3 1.33621
1.25 1.25 -0.75 -0.0356369 -0.016601 0.999227 1.5049 0 1.5049
2.25 1.25 -0.75 0.05971 0.149118 0.987015 251.499 2 2.51499
-2.5 -1.5 -0.5 -0.0920529 -0.0345802 0.995153 69.5961 1 6.95961
-1.5 -1.5 -0.5 0.0350923 -0.267413 0.962943 1.9007e+06 6 1.9007
-0.5 -1.5 -0.5 -0.209485 -0.0772428 0.974756 2238.9 3 2.2389
0.5 -1.5 -0.5 -0.155721 -0.220577 0.962859 442218 5 4.42218
1.5 -1.5 -0.5 0.0058863 0.15847 0.987346 157.932 2 1.57932
2.5 -1.5 -0.5 0.0220111 -0.0357975 0.999117 1.00002e+06 6 1.00002
-2 -1 -0.5 -0.146868 -0.067484 0.986851 378.812 2 3.78812
-1 -1 -0.5 -0.0158165 0.0897364 0.99584 20.2556 1 2.02556
0 -1 -0.5 -0.155211 -0.0306936 0.987404 317.672 2 3.17672
1 -1 -0.5 -0.184134 -0.104464 0.977334 1807.51 3 1.80751
2 -1 -0.5 -0.00517563 0.0870454 0.996191 286535 5 2.86535
-2.5 -0.5 -0.5 -0.0906235 -0.00467592 0.995874 52.3494 1 5.23494
-1.5 -0.5 -0.5 -0.0618874 0.194323 0.978983 53233 4 5.3233
-0.5 -0.5 -0.5 -0.0175389 -0.00541427 0.999832 5.99028 0 5.99028
0.5 -0.5 -0.5 -0.28159 -0.122697 0.951658 16791.2 4 1.67912
1.5 -0.5 -0.5 0.0377128 -0.25994 0.964888 2.31628e+06 6 2.31628
2.5 -0.5 -0.5 -0.264895 -0.100006 0.959077 12413.7 4 1.24137
-2 0 -0.5 -0.228838 -0.0825541 0.969958 3686.14 3 3.68614
-1 0 -0.5 -0.0274768 0.133514 0.990666 139.532 2 1.39532
0 0 -0.5 -0.0866663 -0.171281 0.981403 319166 5 3.19166
1 0 -0.5 0.16252 0.0285558 0.986292 137699 5 1.37699
2 0 -0.5 -0.212119 -0.172914 0.961824 68833.8 4 6.88338
-2.5 0.5 -0.5 -0.108529 -0.37835 0.919279 2.7163e+06 6 2.7163
-1.5 0.5 -0.5 -0.150437 -0.196902 0.968813 455167 5 4.55167
-0.5 0.5 -0.5 -0.0641147 -0.172214 0.982971 252721 5 2.52721
0.5 0.5 -0.5 -0.272429 -0.0840938 0.958494 12510.9 4 1.25109
1.5 0.5 -0.5 0.0701423 0.134137 0.988477 300.103 2 3.00103
2.5 0.5 -0.5 0.0911665 -0.0228914 0.995573 1.28016e+06 6 1.28016
-2 1 -0.5 -0.0228438 -0.00143721 0.999738 8.86818 0 8.86818
-1 1 -0.5 -0.307081 -0.0973845 0.946688 20747.7 4 2.07477
0 1 -0.5 -0.0971279 -0.0244635 0.994971 81.5581 1 8.15581
1 1 -0.5 -0.00123018 0.0853199 0.996353 27.4243 1 2.74243
2 1 -0.5 0.00639242 0.0298361 0.999534 4.76957 0 4.76957
-2.5 1.5 -0.5 -0.0216457 -0.0167374 0.999626 6.94716 0 6.94716
-1.5 1.5 -0.5 0.146042 -0.0263934 0.988926 1.64931e+06 6 1.64931
-0.5 1.5 -0.5 0.16841 0.236733 0.956867 1350.53 3 1.35053
0.5 1.5 -0.5 -0.257794 -0.114499 0.959392 12131.8 4 1.21318
1.5 1.5 -0.5 0.0993665 -0.0420835 0.994161 1.43124e+06 6 1.43124
2.5 1.5 -0.5 0.0168691 0.140959 0.989872 197.118 2 1.97118
-1.75 -1.25 -0.25 -0.179513 -0.0291995 0.983322 581.269 2 5.81269
-0.75 -1.25 -0.25 0.0213253 0.0905447 0.995664 36.1578 1 3.61578
0.25 -1.25 -0.25 -0.222819 -0.152563 0.962848 83283 4 8.3283
1.25 -1.25 -0.25 -0.0347457 0.00372858 0.999389 1.44658 0 1.44658
2.25 -1.25 -0.25 -0.0897287 -0.0393383 0.995189 62.5102 1 6.25102
-2.25 -0.75 -0.25 0.000163576 0.0481922 0.998838 2.19957 0 2.19957
-1.25 -0.75 -0.25 0.0306505 0.0700243 0.997074 52.0016 1 5.20016
-0.25 -0.75 -0.25 0.018609 0.0459828 0.998769 572.974 2 5.72974
0.75 -0.75 -0.25 0.0724559 0.244203 0.967013 8970.91 3 8.97091
1.75 -0.75 -0.25 -0.314591 -0.103744 0.943541 23202.2 4 2.32022
-1.75 -0.25 -0.25 -0.166923 -0.0523836 0.984577 638.966 2 6.38966
-0.75 -0.25 -0.25 -0.272869 -0.113838 0.955292 14685.2 4 1.46852
0.25 -0.25 -0.25 -0.0178169 0.000211561 0.999841 6.51612 0 6.51612
1.25 -0.25 -0.25 -0.216985 -0.101595 0.970874 3739.06 3 3.73906
2.25 -0.25 -0.25 0.136952 -0.0129678 0.990493 1.49224e+06 6 1.49224
-2.25 0.25 -0.25 -0.0526547 0.237201 0.970033 4653.96 3 4.65396
-1.25 0.25 -0.25 -0.0246713 0.010009 0.999646 9.52802 0 9.52802
-0.25 0.25 -0.25 -0.0973116 -0.036663 0.994578 86.3774 1 8.63774
0.75 0.25 -0.25 -0.0236256 0.00409324 0.999712 9.27317 0 9.27317
1.75 0.25 -0.25 -0.0787929 -0.340471 0.936948 2.6976e+06 6 2.6976
-1.75 0.75 -0.25 -0.183372 -0.202782 0.961901 532239 5 5.32239
-0.75 0.75 -0.25 0.0635773 -0.0690838 0.995583 1.35735e+06 6 1.35735
0.25 0.75 -0.25 0.153989 0.162384 0.974638 17515 4 1.7515
1.25 0.75 -0.25 -0.189497 -0.0373665 0.98117 887.578 2 8.87578
2.25 0.75 -0.25 -0.0872967 -0.011588 0.996115 49.4915 1 4.94915
-2.25 1.25 -0.25 0.0497242 0.096525 0.994088 3367.62 3 3.36762
-1.25 1.25 -0.25 -0.183285 -0.0430665 0.982116 865.271 2 8.65271
-0.25 1.25 -0.25 -0.264235 -0.0570703 0.962768 4801.42 3 4.80142
0.75 1.25 -0.25 -0.0168478 0.106979 0.994119 240104 5 2.40104
1.75 1.25 -0.25 0.111205 -0.0751304 0.990954 1.73154e+06 6 1.73154
-2 -1.5 0 0.014488 0.0408657 0.99906 5.13546 0 5.13546
-1 -1.5 0 -0.194144 -0.0444266 0.979967 120.997 2 1.20997
0 -1.5 0 0.126306 0.00202114 0.991989 1.33534e+06 6 1.33534
1 -1.5 0 0.00592006 0.0365829 0.999313 3.87054 0 3.87054
2 -1.5 0 -0.0131393 -0.324539 0.945781 2.08177e+06 6 2.08177
-2.5 -1 0 -0.177586 -0.175512 0.968328 540870 5 5.4087
-1.5 -1 0 -0.00777329 0.0195065 0.99978 29.9437 1 2.99437
-0.5 -1 0 -0.206475 -0.104202 0.972887 3010.4 3 3.0104
0.5 -1 0 -0.199156 -0.163019 0.966313 60063.2 4 6.00632
1.5 -1 0 0.0154237 0.029186 0.999455 7.26413 0 7.26413
2.5 -1 0 -0.0235719 0.0486419 0.998538 271.17 2 2.7117
-2 -0.5 0 -0.149893 -0.05287 0.987288 363.439 2 3.63439
-1 -0.5 0 -0.172148 -0.0467733 0.98396 678.408 2 6.78408
0 -0.5 0 -0.191543 -0.0267912 0.981119 734.001 2 7.34001
1 -0.5 0 -0.0136377 0.0163146 0.999774 5.30345 0 5.30345
2 -0.5 0 0.0808902 -0.00187139 0.996721 1.13132e+06 6 1.13132
-2.5 0 0 -0.029128 0.003519 0.999569 1.18229 0 1.18229
-1.5 0 0 0.0073925 0.0861613 0.996254 2566.24 3 2.56624
-0.5 0 0 0.163828 0.189995 0.96802 43105.6 4 4.31056
0.5 0 0 -0.121963 -0.0244452 0.992234 17.9927 1 1.79927
1.5 0 0 -0.00895606 0.047374 0.998837 363.743 2 3.63743
2.5 0 0 0.147749 0.15175 0.977314 488596 5 4.88596
-2 0.5 0 -0.0355726 0.0715378 0.996803 16.8541 1 1.68541
-1 0.5 0 -0.0972764 -0.301263 0.948566 2.82225e+06 6 2.82225
0 0.5 0 -0.0268574 -0.0114745 0.999573 1.03806 0 1.03806
1 0.5 0 -0.236023 -0.146745 0.960604 713592 5 7.13592
2 0.5 0 0.0110013 0.0292969 0.99951 6.00605 0 6.00605
-2.5 1 0 -0.0894163 -0.0251061 0.995678 59.8943 1 5.98943
-1.5 1 0 -0.0133129 0.00372715 0.999904 4.54242 0 4.54242
-0.5 1 0 0.0988757 0.0850205 0.991461 512630 5 5.1263
0.5 1 0 -0.144501 -0.169782 0.97483 462816 5 4.62816
1.5 1 0 0.00506346 0.0464724 0.998907 466.091 2 4.66091
2.5 1 0 0.00745004 0.0193318 0.999785 67.7387 1 6.77387
-2 1.5 0 0.0222389 0.062086 0.997823 51.0093 1 5.10093
-1 1.5 0 0.105984 0.163409 0.980849 14567.2 4 1.45672
0 1.5 0 -0.00920236 -0.236669 0.971547 2.62075e+06 6 2.62075
1 1.5 0 -0.184497 -0.0341104 0.982241 726.958 2 7.26958
2 1.5 0 -0.246071 -0.0748747 0.966355 4709.94 3 4.70994
-2.25 -1.25 0.25 -0.199793 -0.0439222 0.978853 138.855 2 1.38855
-1.25 -1.25 0.25 -0.0374309 -0.00477522 0.999288 1.70162 0 1.70162
-0.25 -1.25 0.25 -0.0613002 0.107188 0.992347 1135.81 3 1.13581
0.75 -1.25 0.25 -0.0922301 -0.0192756 0.995551 64.4009 1 6.44009
1.75 -1.25 0.25 0.0544531 0.122146 0.991017 296.268 2 2.96268
-1.75 -0.75 0.25 -0.132031 -0.244649 0.960581 337491 5 3.37491
-0.75 -0.75 0.25 0.100936 0.142198 0.984678 409124 5 4.09124
0.25 -0.75 0.25 -0.0842787 -0.0361388 0.995787 48.9097 1 4.89097
1.25 -0.75 0.25 -0.0796854 -0.00787469 0.996789 34.1448 1 3.41448
2.25 -0.75 0.25 0.163451 0.137367 0.976941 556074 5 5.56074
-2.25 -0.25 0.25 -0.270789 -0.0670228 0.960303 6835.14 3 6.83514
-1.25 -0.25 0.25 0.105905 -0.0594751 0.992596 1.58251e+06 6 1.58251
-0.25 -0.25 0.25 -0.23786 -0.0824731 0.967792 4555.19 3 4.55519
0.75 -0.25 0.25 0.011908 -0.28642 0.95803 1.8619e+06 6 1.8619
1.75 -0.25 0.25 -0.189233 -0.0815021 0.978544 1583.8 3 1.5838
-1.75 0.25 0.25 0.117527 0.180986 0.976438 36106.7 4 3.61067
-0.75 0.25 0.25 -0.084453 -0.0181366 0.996262 45.9047 1 4.59047
0.25 0.25 0.25 -0.137878 -0.139214 0.980617 465001 5 4.65001
1.25 0.25 0.25 -0.192971 -0.247442 0.949492 497267 5 4.97267
2.25 0.25 0.25 -0.195562 -0.105319 0.97502 2364.18 3 2.36418
-2.25 0.75 0.25 -0.228617 -0.140628 0.963306 89365.9 4 8.93659
-1.25 0.75 0.25 -0.2765 -0.132941 0.951774 15946.1 4 1.59461
-0.25 0.75 0.25 0.132419 0.166291 0.977145 42314.2 4 4.23142
0.75 0.75 0.25 -0.106827 -0.0297285 0.993833 12.16 1 1.216
1.75 0.75 0.25 0.0137291 0.0542552 0.998433 491.867 2 4.91867
-1.75 1.25 0.25 0.00689996 0.0241578 0.999684 5.74469 0 5.74469
-0.75 1.25 0.25 -0.173048 -0.124522 0.97701 40816 4 4.0816
0.25 1.25 0.25 -0.111695 -0.15984 0.980803 390677 5 3.90677
1.25 1.25 0.25 -0.0454039 -0.293176 0.95498 2.66371e+06 6 2.66371
2.25 1.25 0.25 -0.121177 -0.0190772 0.992448 15.8244 1 1.58244
-2.5 -1.5 0.5 -0.239899 -0.151033 0.958977 10329.9 4 1.03299
-1.5 -1.5 0.5 -0.04135 0.171148 0.984377 66495.7 4 6.64957
-0.5 -1.5 0.5 -0.103906 -0.0131248 0.994501 89.0148 1 8.90148
0.5 -1.5 0.5 0.0149152 0.03457 0.999291 6.17223 0 6.17223
1.5 -1.5 0.5 0.0297559 0.169623 0.98506 23058.6 4 2.30586
2.5 -1.5 0.5 0.113754 0.0186901 0.993333 1.18079e+06 6 1.18079
-2 -1 0.5 -0.165898 -0.270014 0.948457 375571 5 3.75571
-1 -1 0.5 0.0278739 0.124949 0.991772 240.564 2 2.40564
0 -1 0.5 -0.0399816 -0.0143258 0.999098 1.85725 0 1.85725
1 -1 0.5 -0.220794 -0.0903915 0.971123 3503.96 3 3.50396
2 -1 0.5 -0.188541 -0.226788 0.95552 517586 5 5.17586
-2.5 -0.5 0.5 -0.018994 0.0121357 0.999746 7.2817 0 7.2817
-1.5 -0.5 0.5 -0.0463189 -0.358026 0.932562 2.29805e+06 6 2.29805
-0.5 -0.5 0.5 0.0925326 0.222677 0.970491 1090.21 3 1.09021
0.5 -0.5 0.5 -0.199441 -0.118552 0.972712 57535.7 4 5.75357
1.5 -0.5 0.5 0.050911 -0.229029 0.972087 1.68271e+06 6 1.68271
2.5 -0.5 0.5 -0.0104199 0.0767612 0.996995 25.8577 1 2.58577
-2 0 0.5 0.0380767 0.0928877 0.994948 365108 5 3.65108
-1 0 0.5 -0.0337353 -0.339253 0.94009 2.0284e+06 6 2.0284
0 0 0.5 0.0422885 0.151917 0.987488 278922 5 2.78922
1 0 0.5 -0.213384 -0.0975802 0.972083 3275.63 3 3.27563
2 0 0.5 -0.155151 -0.0459371 0.986822 394.644 2 3.94644
-2.5 0.5 0.5 0.00775317 0.0939773 0.995544 28.5401 1 2.85401
-1.5 0.5 0.5 -0.112931 -0.02108 0.993379 13.2051 1 1.32051
-0.5 0.5 0.5 0.153936 -0.0383783 0.987335 1.80404e+06 6 1.80404
0.5 0.5 0.5 -0.10207 -0.226605 0.968624 279060 5 2.7906
1.5 0.5 0.5 -0.0392534 0.1523 0.987554 108.686 2 1.08686
2.5 0.5 0.5 0.00259104 0.0190942 0.999814 53.9884 1 5.39884
-2 1 0.5 -0.121218 -0.0109812 0.992565 13.4396 1 1.34396
-1 1 0.5 -0.171196 -0.14501 0.974507 543322 5 5.43322
0 1 0.5 -0.131339 -0.351085 0.927086 2.8687e+06 6 2.8687
1 1 0.5 -0.018262 0.00601229 0.999815 6.95275 0 6.95275
2 1 0.5 -0.251243 -0.127762 0.959455 11677 4 1.1677
-2.5 1.5 0.5 0.0682224 0.0209356 0.99745 9.86449e+06 6 9.86449
-1.5 1.5 0.5 0.000870509 0.0387155 0.99925 2.86203 0 2.86203
-0.5 1.5 0.5 -0.0332663 0.213528 0.97637 59230.5 4 5.92305
0.5 1.5 0.5 0.0101233 0.0423317 0.999052 4.05773 0 4.05773
1.5 1.5 0.5 -0.0955046 -0.0131155 0.995343 67.9861 1 6.79861
2.5 1.5 0.5 -0.104529 -0.033664 0.993952 11.3811 1 1.13811
-1.75 -1.25 0.75 -0.0316937 0.0953867 0.994936 14.1915 1 1.41915
-0.75 -1.25 0.75 -0.0444431 0.1206 0.991706 1272.38 3 1.27238
0.25 -1.25 0.75 -0.0214258 -0.333341 0.942563 2.3229e+06 6 2.3229
1.25 -1.25 0.75 0.00677381 -0.300667 0.953705 2.32795e+06 6 2.32795
2.25 -1.25 0.75 -0.262857 -0.0672461 0.962489 5784.41 3 5.78441
-2.25 -0.75 0.75 0.147078 0.0963857 0.984418 603704 5 6.03704
-1.25 -0.75 0.75 -0.143748 -0.0469203 0.988501 273.01 2 2.7301
-0.25 -0.75 0.75 -0.0256378 0.080771 0.996403 18.6745 1 1.86745
0.75 -0.75 0.75 0.0644844 0.205024 0.97663 10416.7 4 1.04167
1.75 -0.75 0.75 -0.0223497 -0.00669301 0.999728 8.32982 0 8.32982
-1.75 -0.25 0.75 -0.0280647 -0.00176746 0.999605 1.15171 0 1.15171
-0.75 -0.25 0.75 -0.108442 -0.0178358 0.993943 10.966 1 1.0966
0.25 -0.25 0.75 0.0072197 0.0677986 0.997673 336737 5 3.36737
1.25 -0.25 0.75 0.175449 0.0176631 0.98433 1.53893e+06 6 1.53893
2.25 -0.25 0.75 -0.0213378 0.104742 0.994271 15.4415 1 1.54415
-2.25 0.25 0.75 -0.216133 -0.204652 0.954675 614117 5 6.14117
-1.25 0.25 0.75 0.239895 0.0384806 0.970036 1.90164e+06 6 1.90164
-0.25 0.25 0.75 -0.202995 -0.0978797 0.974275 2578.46 3 2.57846
0.75 0.25 0.75 0.0119613 0.112884 0.993536 2290.5 3 2.2905
1.75 0.25 0.75 0.0499812 -0.0202476 0.998545 1.07054e+06 6 1.07054
-1.75 0.75 0.75 -0.172813 -0.0531284 0.983521 782.973 2 7.82973
-0.75 0.75 0.75 -0.0311672 -0.0187235 0.999339 1.17078 0 1.17078
0.25 0.75 0.75 0.0270254 0.0536187 0.998196 59.3652 1 5.93652
1.25 0.75 0.75 0.267597 0.0790845 0.96028 175546 5 1.75546
2.25 0.75 0.75 -0.167421 -0.0307304 0.985407 440.337 2 4.40337
-2.25 1.25 0.75 -0.0567923 0.139056 0.988655 987.891 2 9.87891
-1.25 1.25 0.75 -0.0157254 0.116397 0.993078 1748.19 3 1.74819
-0.25 1.25 0.75 -0.168469 -0.0576633 0.984019 726.301 2 7.26301
0.75 1.25 0.75 -0.178011 -0.0407254 0.983185 708.156 2 7.08156
1.75 1.25 0.75 -0.0304626 0.00918591 0.999494 1.19343 0 1.19343
-2 -1.5 1 -0.00805223 -0.298578 0.954351 1.80464e+06 6 1.80464
-1 -1.5 1 -0.246747 -0.0643491 0.966941 3883.19 3 3.88319
0 -1.5 1 -0.116799 -0.0162442 0.993023 13.4295 1 1.34295
1 -1.5 1 -0.117953 -0.186535 0.975342 383918 5 3.83918
2 -1.5 1 0.0839 0.101193 0.991323 450121 5 4.50121
-2.5 -1 1 0.131295 0.111412 0.985063 537895 5 5.37895
-1.5 -1 1 -0.0171073 -0.0109344 0.999794 5.39794 0 5.39794
-0.5 -1 1 -0.0841564 -0.384571 0.919251 2.17995e+06 6 2.17995
0.5 -1 1 -0.0339772 0.0631235 0.997427 259518 5 2.59518
1.5 -1 1 -0.246669 -0.081166 0.965695 5503.04 3 5.50304
2.5 -1 1 -0.0413752 -0.00725723 0.999117 1.97967 0 1.97967
-2 -0.5 1 -0.00408759 0.100689 0.99491 2140.9 3 2.1409
-1 -0.5 1 -0.203778 -0.0241022 0.97872 889.88 2 8.8988
0 -0.5 1 -0.0868638 -0.0307189 0.995746 54.6578 1 5.46578
1 -0.5 1 0.0259847 0.0796871 0.996481 43.8257 1 4.38257
2 -0.5 1 -0.200455 -0.0870939 0.975824 2122.23 3 2.12223
-2.5 0 1 -0.0333632 -0.0012785 0.999442 1.43364 0 1.43364
-1.5 0 1 -0.219448 -0.0810028 0.972256 2910.96 3 2.91096
-0.5 0 1 -0.031646 -0.0104177 0.999445 1.34024 0 1.34024
0.5 0 1 -0.160964 -0.0386179 0.986205 420.658 2 4.20658
1.5 0 1 -0.100271 -0.0190009 0.994779 85.9468 1 8.59468
2.5 0 1 0.0248509 0.11095 0.993515 311048 5 3.11048
-2 0.5 1 -0.0700158 -0.18966 0.97935 241162 5 2.41162
-1 0.5 1 -0.237518 -0.0739322 0.968565 3814.42 3 3.81442
0 0.5 1 -0.0273097 -0.00673893 0.999604 1.10296 0 1.10296
1 0.5 1 -0.204053 -0.147361 0.967805 626635 5 6.26635
2 0.5 1 -0.101986 -0.0277948 0.994397 10.0741 1 1.00741
-2.5 1 1 0.015658 0.209013 0.977787 80250.6 4 8.02506
-1.5 1 1 -0.0388223 0.0501951 0.997985 192.058 2 1.92058
-0.5 1 1 -0.188345 -0.112141 0.97568 2128.82 3 2.12882
0.5 1 1 -0.189129 -0.0480999 0.980774 116.289 2 1.16289
1.5 1 1 -0.118953 -0.0276422 0.992515 17.4368 1 1.74368
2.5 1 1 0.197128 -0.000280401 0.980378 1.86119e+06 6 1.86119
-2 1.5 1 -0.0869709 -0.385849 0.918453 2.50915e+06 6 2.50915
-1 1.5 1 -0.0129251 0.190477 0.981607 73782.3 4 7.37823
0 1.5 1 -0.000737575 0.0598191 0.998209 1.64049 0 1.64049
1 1.5 1 -0.143184 -0.0283897 0.989289 217.075 2 2.17075
2 1.5 1 0.0174315 0.0714887 0.997289 42.9615 1 4.29615
-2.25 -1.25 1.25 0.0372069 -0.200954 0.978894 1.42054e+06 6 1.42054
-1.25 -1.25 1.25 0.027576 -0.0655822 0.997466 1.13491e+06 6 1.13491
-0.25 -1.25 1.25 -0.248685 -0.0840869 0.964928 6208.55 3 6.20855
0.75 -1.25 1.25 -0.271882 -0.0591281 0.960512 5794.81 3 5.79481
1.75 -1.25 1.25 0.00381404 0.0736937 0.997274 34.0786 1 3.40786
-1.75 -0.75 1.25 -0.0994832 -0.0323335 0.994514 94.1133 1 9.41133
-0.75 -0.75 1.25 -0.0241819 -0.304046 0.95235 1.72872e+06 6 1.72872
0.25 -0.75 1.25 -0.0263573 -0.0204778 0.999443 8.70858 0 8.70858
1.25 -0.75 1.25 -0.242373 -0.176257 0.954038 710338 5 7.10338
2.25 -0.75 1.25 0.0572684 0.165383 0.984565 11681.5 4 1.16815
-2.25 -0.25 1.25 -0.254439 -0.0745497 0.964211 5685.78 3 5.68578
-1.25 -0.25 1.25 0.0441295 0.226874 0.972924 8563.13 3 8.56313
-0.25 -0.25 1.25 0.120561 0.239914 0.963279 1121.28 3 1.12128
0.75 -0.25 1.25 0.0609809 -0.241548 0.968471 1.92158e+06 6 1.92158
1.75 -0.25 1.25 -0.294435 -0.0703089 0.953082 15042.7 4 1.50427
-1.75 0.25 1.25 0.0674985 -0.236262 0.969342 2.126e+06 6 2.126
-0.75 0.25 1.25 -0.234962 -0.127514 0.963604 94381.5 4 9.43815
0.25 0.25 1.25 -0.279232 -0.198351 0.939514 786554 5 7.86554
1.25 0.25 1.25 0.00147805 0.0309361 0.99952 3.6236 0 3.6236
2.25 0.25 1.25 -0.18627 -0.147393 0.97138 50488.9 4 5.04889
-2.25 0.75 1.25 0.0651296 0.10841 0.991971 346.792 2 3.46792
-1.25 0.75 1.25 -0.128296 -0.229044 0.964924 356935 5 3.56935
-0.25 0.75 1.25 -0.020249 0.0882475 0.995893 1963.09 3 1.96309
0.75 0.75 1.25 0.0437397 0.136997 0.989605 248.154 2 2.48154
1.75 0.75 1.25 0.00930032 -0.254227 0.9671 1.58184e+06 6 1.58184
-1.75 1.25 1.25 -0.0312908 -0.0146517 0.999403 1.26358 0 1.26358
-0.75 1.25 1.25 -0.234904 -0.161123 0.958572 94882.7 4 9.48827
0.25 1.25 1.25 -0.295878 -0.118149 0.947891 19560.6 4 1.95606
1.25 1.25 1.25 -0.249351 -0.0973612 0.963506 10042.3 4 1.00423
2.25 1.25 1.25 0.00979142 0.0507707 0.998662 3.21743 0 3.21743
-2.5 -1.5 1.5 0.070369 -0.165831 0.98364 2.42219e+06 6 2.42219
-1.5 -1.5 1.5 -0.0992521 -0.00646602 0.995041 70.4969 1 7.04969
-0.5 -1.5 1.5 -0.097924 -0.212062 0.972338 295765 5 2.95765
0.5 -1.5 1.5 0.000513246 0.148693 0.988883 215551 5 2.15551
1.5 -1.5 1.5 -0.149192 -0.0390061 0.988039 297.342 2 2.97342
2.5 -1.5 1.5 -0.300464 -0.0865777 0.949856 17968.8 4 1.79688
-2 -1 1.5 -0.183375 -0.0486426 0.981839 992.74 2 9.9274
-1 -1 1.5 -0.0926928 -0.193571 0.976698 309270 5 3.0927
0 -1 1.5 -0.161051 -0.0501561 0.985671 508.863 2 5.08863
1 -1 1.5 -0.0364826 0.00908139 0.999293 1.43589 0 1.43589
2 -1 1.5 -0.188648 -0.0442085 0.981049 103.391 2 1.03391
-2.5 -0.5 1.5 -0.00247769 0.0191429 0.999814 41.1965 1 4.11965
-1.5 -0.5 1.5 0.0864869 0.157969 0.983649 349021 5 3.49021
-0.5 -0.5 1.5 -0.172755 -0.036798 0.984277 565.772 2 5.65772
0.5 -0.5 1.5 -0.163764 -0.257234 0.952372 401935 5 4.01935
1.5 -0.5 1.5 -0.0104968 0.168381 0.985666 17513 4 1.7513
2.5 -0.5 1.5 0.0330212 0.153166 0.987649 203.542 2 2.03542
-2 0 1.5 -0.032391 -0.323408 0.945705 2.51759e+06 6 2.51759
-1 0 1.5 0.00204103 0.0244898 0.999698 4.47438 0 4.47438
0 0 1.5 -0.116874 -0.00612421 0.993128 11.1686 1 1.11686
1 0 1.5 0.0121448 0.0198175 0.99973 81.6869 1 8.16869
2 0 1.5 -0.0293969 0.0593148 0.997806 216.563 2 2.16563
-2.5 0.5 1.5 -0.30117 -0.108158 0.947417 20288.4 4 2.02884
-1.5 0.5 1.5 -0.0509087 0.173032 0.9836 824.806 2 8.24806
-0.5 0.5 1.5 0.0851614 0.183882 0.979252 12431.2 4 1.24312
0.5 0.5 1.5 -0.157974 -0.0626564 0.985453 537.753 2 5.37753
1.5 0.5 1.5 0.018349 0.046685 0.998741 5.19079 0 5.19079
2.5 0.5 1.5 -0.00872598 0.0265592 0.999609 2.34846 0 2.34846
-2 1 1.5 -0.0323282 -0.00597789 0.999459 1.3977 0 1.3977
-1 1 1.5 -0.0358648 -0.0128544 0.999274 1.59373 0 1.59373
0 1 1.5 -0.0202211 0.148568 0.988695 81364.6 4 8.13646
1 1 1.5 -0.104958 -0.0229902 0.994211 10.5995 1 1.05995
-2.5 1.5 1.5 -0.248219 -0.203011 0.947193 699445 5 6.99445
-1.5 1.5 1.5 0.0342679 0.0846165 0.995824 3214.43 3 3.21443
-0.5 1.5 1.5 -0.166584 -0.0437272 0.985057 541.282 2 5.41282
0.5 1.5 1.5 0.0292475 0.14631 0.988806 10779.5 4 1.07795
1.5 1.5 1.5 -0.0823887 -0.000530818 0.9966 36.9241 1 3.69241
