449
-2.5 -1 -1.5 -0.759072 -0.188882 0.394772 1.06451e+11
-2.5 0 -1.5 -0.72653 -0.278443 0.390063 8.42218e+10
-2.5 1 -1.5 -0.616243 -0.420551 0.357617 4.45019e+10
-2 -1.5 -1.5 -0.734933 -0.160166 0.402897 8.50147e+10
-1.5 -1 -1.5 -0.700694 -0.163929 0.442499 7.79462e+10
-2 -0.5 -1.5 -0.727755 -0.200979 0.428156 9.21186e+10
-1.5 0 -1.5 -0.694158 -0.236595 0.450638 7.42715e+10
-2 0.5 -1.5 -0.682463 -0.318107 0.409495 6.33943e+10
-1.5 1 -1.5 -0.629627 -0.370425 0.422934 4.6233e+10
-2 1.5 -1.5 -0.529147 -0.469165 0.370029 3.1424e+10
-1 -1.5 -1.5 -0.652216 -0.152119 0.434168 5.40456e+10
-0.5 -1 -1.5 -0.606403 -0.171535 0.467918 4.75767e+10
-1 -0.5 -1.5 -0.662943 -0.190145 0.471336 6.61497e+10
-0.5 0 -1.5 -0.624861 -0.234739 0.492421 5.31731e+10
-1 0.5 -1.5 -0.657808 -0.286318 0.467157 5.6945e+10
-0.5 1 -1.5 -0.606753 -0.346119 0.477086 4.10497e+10
-1 1.5 -1.5 -0.551179 -0.432163 0.426884 3.1466e+10
0 -1.5 -1.5 -0.537443 -0.153022 0.447907 3.11247e+10
0.5 -1 -1.5 -0.473278 -0.18354 0.476525 2.64421e+10
0 -0.5 -1.5 -0.556852 -0.208618 0.49455 3.96635e+10
0.5 0 -1.5 -0.503107 -0.258395 0.515512 3.18323e+10
0 0.5 -1.5 -0.581641 -0.288878 0.508234 4.08575e+10
0.5 1 -1.5 -0.518432 -0.359627 0.514187 3.00107e+10
0 1.5 -1.5 -0.524442 -0.420863 0.476342 2.83244e+10
1 -1.5 -1.5 -0.400492 -0.145265 0.449364 1.74635e+10
1.5 -1 -1.5 -0.319131 -0.177796 0.474241 1.46792e+10
1 -0.5 -1.5 -0.401892 -0.226898 0.499916 2.1719e+10
1.5 0 -1.5 -0.320885 -0.27931 0.516411 1.74193e+10
1 0.5 -1.5 -0.436747 -0.322583 0.527236 2.45735e+10
1.5 1 -1.5 -0.356181 -0.392454 0.531158 1.8617e+10
1 1.5 -1.5 -0.436196 -0.439334 0.511393 2.18585e+10
2 -1.5 -1.5 -0.262599 -0.125376 0.441828 9.94899e+09
2.5 -1 -1.5 -0.17498 -0.154477 0.462995 8.42884e+09
2 -0.5 -1.5 -0.230751 -0.217272 0.493592 1.21238e+10
2.5 0 -1.5 -0.13734 -0.256391 0.507262 9.97005e+09
2 0.5 -1.5 -0.229916 -0.332703 0.52623 1.38202e+10
2.5 1 -1.5 -0.123976 -0.377701 0.529824 1.10274e+10
2 1.5 -1.5 -0.246945 -0.456655 0.52743 1.40456e+10
-2.25 -0.75 -1.25 -0.632549 0.362873 0.499762 3.12329e+10
-2.25 0.25 -1.25 -0.595154 0.28743 0.551522 2.16832e+10
-2.25 1.25 -1.25 -0.625681 0.187061 0.586239 1.51936e+10
-1.75 -1.25 -1.25 -0.636614 0.403062 0.481462 3.0819e+10
-1.25 -0.75 -1.25 -0.571737 0.41516 0.535843 2.73518e+10
-1.75 -0.25 -1.25 -0.561585 0.361549 0.547139 2.48408e+10
-1.25 0.25 -1.25 -0.518286 0.332683 0.58481 1.92805e+10
-1.75 0.75 -1.25 -0.571687 0.263506 0.591452 1.80341e+10
-1.25 1.25 -1.25 -0.545685 0.237615 0.628125 1.37146e+10
-0.75 -1.25 -1.25 -0.586488 0.447526 0.501269 2.33681e+10
-0.25 -0.75 -1.25 -0.531576 0.447468 0.548447 2.0284e+10
-0.75 -0.25 -1.25 -0.513001 0.404314 0.576792 2.17269e+10
-0.25 0.25 -1.25 -0.46123 0.376761 0.611736 1.62215e+10
-0.75 0.75 -1.25 -0.497167 0.299367 0.623012 1.52172e+10
-0.25 1.25 -1.25 -0.456911 0.262706 0.651468 1.10001e+10
0.25 -1.25 -1.25 -0.55107 0.477912 0.501108 1.55483e+10
0.75 -0.75 -1.25 -0.498334 0.470731 0.544174 1.29952e+10
0.25 -0.25 -1.25 -0.475596 0.435579 0.589352 1.63155e+10
0.75 0.25 -1.25 -0.414738 0.416706 0.62696 1.25799e+10
0.25 0.75 -1.25 -0.413114 0.344964 0.644191 1.22192e+10
0.75 1.25 -1.25 -0.364668 0.311291 0.67154 9.06477e+09
1.25 -1.25 -1.25 -0.523234 0.497652 0.48969 9.47241e+09
1.75 -0.75 -1.25 -0.473128 0.485207 0.531114 7.7848e+09
1.25 -0.25 -1.25 -0.444463 0.454661 0.585007 1.0438e+10
1.75 0.25 -1.25 -0.395574 0.429213 0.620702 8.18405e+09
1.25 0.75 -1.25 -0.362982 0.382205 0.657252 9.28454e+09
1.75 1.25 -1.25 -0.322011 0.342243 0.684932 6.97387e+09
2.25 -1.25 -1.25 -0.500793 0.508271 0.473085 5.53172e+09
2.25 -0.25 -1.25 -0.427048 0.463125 0.568471 6.2647e+09
2.25 0.75 -1.25 -0.35019 0.399057 0.651457 6.39846e+09
-2.5 -1.5 -1 -0.786623 -0.259767 0.356996 2.42905e+11
-2.5 -0.5 -1 -0.783074 -0.265882 0.400605 2.88672e+11
-2.5 0.5 -1 -0.696191 -0.382949 0.400613 1.75144e+11
-2.5 1.5 -1 -0.439635 -0.544362 0.372595 7.30822e+10
-1.5 -1.5 -1 -0.724092 -0.245934 0.403873 1.60339e+11
-2 -1 -1 -0.768676 -0.239124 0.410958 2.40946e+11
-1.5 -0.5 -1 -0.745356 -0.231759 0.45786 2.21222e+11
-2 0 -1 -0.753928 -0.271632 0.442062 2.39763e+11
-1.5 0.5 -1 -0.713392 -0.302631 0.470559 1.77436e+11
-2 1 -1 -0.61955 -0.429043 0.422303 1.19228e+11
-1.5 1.5 -1 -0.509168 -0.485799 0.430678 7.64457e+10
-0.5 -1.5 -1 -0.627691 -0.249048 0.431497 9.34471e+10
-1 -1 -1 -0.696862 -0.240732 0.450448 1.50676e+11
-0.5 -0.5 -1 -0.664921 -0.249783 0.49005 1.32119e+11
-1 0 -1 -0.71521 -0.246217 0.493017 1.82581e+11
-0.5 0.5 -1 -0.674769 -0.283964 0.518074 1.38294e+11
-1 1 -1 -0.649339 -0.364037 0.484239 1.20268e+11
-0.5 1.5 -1 -0.545354 -0.447984 0.482296 7.66325e+10
0.5 -1.5 -1 -0.498846 -0.250263 0.443426 5.1467e+10
0 -1 -1 -0.584328 -0.259656 0.470356 8.26176e+10
0.5 -0.5 -1 -0.531466 -0.284949 0.503485 6.92115e+10
0 0 -1 -0.627184 -0.274549 0.522434 1.08967e+11
0.5 0.5 -1 -0.582075 -0.311989 0.548016 8.59662e+10
0 1 -1 -0.613412 -0.343094 0.531976 9.7849e+10
0.5 1.5 -1 -0.529547 -0.423513 0.532822 6.81556e+10
1.5 -1.5 -1 -0.351561 -0.23906 0.443556 2.82885e+10
1 -1 -1 -0.43361 -0.269845 0.476371 4.38792e+10
1.5 -0.5 -1 -0.358087 -0.298409 0.504387 3.63428e+10
1 0 -1 -0.469311 -0.321499 0.530694 5.60597e+10
1.5 0.5 -1 -0.393859 -0.365375 0.549522 4.4087e+10
1 1 -1 -0.519361 -0.369026 0.561313 6.39483e+10
1.5 1.5 -1 -0.423631 -0.439192 0.562166 4.57807e+10
2.5 -1.5 -1 -0.208802 -0.216998 0.434402 1.59303e+10
2 -1 -1 -0.2715 -0.25872 0.471832 2.39899e+10
2.5 -0.5 -1 -0.184407 -0.279948 0.494544 2.00822e+10
2 0 -1 -0.271373 -0.329851 0.525596 2.95342e+10
2.5 0.5 -1 -0.171625 -0.357782 0.539967 2.39406e+10
2 1 -1 -0.299565 -0.410477 0.56 3.42026e+10
2.5 1.5 -1 -0.174766 -0.448714 0.560893 2.66191e+10
-2.25 -1.25 -0.75 -0.769313 0.176376 0.417178 1.00403e+11
-2.25 -0.25 -0.75 -0.715479 0.146715 0.510506 9.51966e+10
-2.25 0.75 -0.75 -0.656136 0.110359 0.583011 6.5953e+10
-1.25 -1.25 -0.75 -0.71265 0.250134 0.452452 7.6471e+10
-1.75 -0.75 -0.75 -0.720254 0.201183 0.488606 9.61275e+10
-1.25 -0.25 -0.75 -0.66924 0.21256 0.551552 8.46907e+10
-1.75 0.25 -0.75 -0.655894 0.1415 0.567095 7.23527e+10
-1.25 0.75 -0.75 -0.618599 0.138951 0.614966 5.94371e+10
-1.75 1.25 -0.75 -0.60851 0.0753776 0.615967 4.34679e+10
-0.25 -1.25 -0.75 -0.662517 0.308944 0.464037 5.1796e+10
-0.75 -0.75 -0.75 -0.66832 0.261578 0.513825 7.14636e+10
-0.25 -0.25 -0.75 -0.619153 0.261403 0.566348 6.10215e+10
-0.75 0.25 -0.75 -0.615532 0.201173 0.599333 6.47292e+10
-0.25 0.75 -0.75 -0.562382 0.185723 0.63943 4.90033e+10
-0.75 1.25 -0.75 -0.557448 0.118848 0.647626 3.97419e+10
0.75 -1.25 -0.75 -0.615212 0.352495 0.457435 3.15996e+10
0.25 -0.75 -0.75 -0.615566 0.311533 0.515936 4.54724e+10
0.75 -0.25 -0.75 -0.559692 0.305863 0.563543 3.71576e+10
0.25 0.25 -0.75 -0.560526 0.253384 0.6124 4.76205e+10
0.75 0.75 -0.75 -0.503074 0.236233 0.652704 3.63291e+10
0.25 1.25 -0.75 -0.489695 0.16291 0.667733 3.35358e+10
1.75 -1.25 -0.75 -0.567328 0.383122 0.44233 1.80979e+10
1.25 -0.75 -0.75 -0.562264 0.349939 0.504946 2.64378e+10
1.75 -0.25 -0.75 -0.510201 0.337338 0.54917 2.15752e+10
1.25 0.25 -0.75 -0.507129 0.290631 0.607237 2.97226e+10
1.75 0.75 -0.75 -0.45236 0.271902 0.643445 2.33327e+10
1.25 1.25 -0.75 -0.449302 0.208363 0.683996 2.6865e+10
2.25 -0.75 -0.75 -0.517408 0.373123 0.48666 1.50266e+10
2.25 0.25 -0.75 -0.456521 0.319396 0.586993 1.73277e+10
2.25 1.25 -0.75 -0.388832 0.254259 0.672148 1.80961e+10
-2.5 -1 -0.5 -0.781438 -0.0494633 0.409767 4.32198e+11
-2.5 0 -0.5 -0.755546 -0.115035 0.45091 4.39949e+11
-2.5 1 -0.5 -0.585983 -0.212238 0.462211 2.16165e+11
-2 -1.5 -0.5 -0.755523 0.00773331 0.406416 3.16144e+11
-1.5 -1 -0.5 -0.725162 0.0217521 0.462712 3.12137e+11
-2 -0.5 -0.5 -0.75522 -0.0414416 0.465384 4.22337e+11
-1.5 0 -0.5 -0.731956 -0.0459789 0.511019 3.84265e+11
-2 0.5 -0.5 -0.705238 -0.128612 0.490092 3.29777e+11
-1.5 1 -0.5 -0.620232 -0.157825 0.515005 2.15491e+11
-2 1.5 -0.5 -0.487287 -0.247764 0.482126 1.4181e+11
-1 -1.5 -0.5 -0.693063 0.0784552 0.444063 2.1392e+11
-0.5 -1 -0.5 -0.658083 0.085114 0.493478 1.99609e+11
-1 -0.5 -0.5 -0.694939 0.0223932 0.51168 2.88829e+11
-0.5 0 -0.5 -0.663129 0.0106212 0.551694 2.45983e+11
-1 0.5 -0.5 -0.6939 -0.0646072 0.543629 2.94927e+11
-0.5 1 -0.5 -0.615163 -0.111614 0.560663 1.94086e+11
-1 1.5 -0.5 -0.521646 -0.213216 0.52353 1.40172e+11
0 -1.5 -0.5 -0.626158 0.1411 0.461467 1.33236e+11
0.5 -1 -0.5 -0.58177 0.142176 0.504725 1.16911e+11
0 -0.5 -0.5 -0.617732 0.0802781 0.536466 1.72434e+11
0.5 0 -0.5 -0.568493 0.0627974 0.573597 1.39404e+11
0 0.5 -0.5 -0.622948 -0.0169097 0.582882 1.94269e+11
0.5 1 -0.5 -0.588485 -0.0558545 0.608324 1.50906e+11
0 1.5 -0.5 -0.517973 -0.1758 0.56727 1.29442e+11
1 -1.5 -0.5 -0.556768 0.193227 0.463252 7.80763e+10
1.5 -1 -0.5 -0.502887 0.188349 0.502989 6.59549e+10
1 -0.5 -0.5 -0.528126 0.132292 0.544092 9.67367e+10
1.5 0 -0.5 -0.472982 0.114072 0.579017 7.80384e+10
1 0.5 -0.5 -0.51959 0.0353157 0.605071 1.09879e+11
1.5 1 -0.5 -0.461853 0.00532106 0.628762 8.42837e+10
1 1.5 -0.5 -0.522613 -0.10362 0.621694 1.0693e+11
2 -1.5 -0.5 -0.487959 0.231342 0.455676 4.43378e+10
2.5 -1 -0.5 -0.433672 0.221712 0.492423 3.72124e+10
2 -0.5 -0.5 -0.446979 0.175407 0.539255 5.43585e+10
2.5 0 -0.5 -0.386785 0.159939 0.56995 4.4183e+10
2 0.5 -0.5 -0.411108 0.0940233 0.607368 6.1768e+10
2.5 1 -0.5 -0.339587 0.0742284 0.629075 4.88521e+10
2 1.5 -0.5 -0.390648 -0.0272503 0.644778 6.40062e+10
-2.25 -0.75 -0.25 -0.785162 -0.0728239 0.420033 1.20221e+11
-2.25 0.25 -0.25 -0.727192 -0.0758384 0.498977 1.05502e+11
-2.25 1.25 -0.25 -0.599008 -0.133716 0.537021 5.85341e+10
-1.75 -1.25 -0.25 -0.766521 -0.0255366 0.402764 9.17182e+10
-1.25 -0.75 -0.25 -0.734314 0.000529472 0.464519 8.95735e+10
-1.75 -0.25 -0.25 -0.755063 -0.0474739 0.485039 1.15328e+11
-1.25 0.25 -0.25 -0.709799 -0.021042 0.543458 9.78272e+10
-1.75 0.75 -0.25 -0.685119 -0.0634952 0.547813 8.84412e+10
-1.25 1.25 -0.25 -0.611679 -0.0844775 0.572256 5.83844e+10
-0.75 -1.25 -0.25 -0.70751 0.0483266 0.429317 6.21806e+10
-0.25 -0.75 -0.25 -0.670916 0.0640871 0.481828 5.73917e+10
-0.75 -0.25 -0.25 -0.701831 0.0175326 0.519768 8.28383e+10
-0.25 0.25 -0.25 -0.65074 0.021857 0.56666 6.7203e+10
-0.75 0.75 -0.25 -0.655291 -0.0258908 0.581898 7.53973e+10
-0.25 1.25 -0.25 -0.568926 -0.0028323 0.618982 5.13698e+10
0.25 -1.25 -0.25 -0.641292 0.111365 0.432474 3.8193e+10
0.75 -0.75 -0.25 -0.589647 0.118848 0.479548 3.27724e+10
0.25 -0.25 -0.25 -0.620915 0.069348 0.529553 4.83515e+10
0.75 0.25 -0.25 -0.568938 0.0614193 0.571725 3.92212e+10
0.25 0.75 -0.25 -0.607184 0.00124701 0.603272 5.1884e+10
0.75 1.25 -0.25 -0.553843 -0.00808488 0.638466 4.0909e+10
1.25 -1.25 -0.25 -0.563825 0.161546 0.423313 2.17965e+10
1.75 -0.75 -0.25 -0.50634 0.157295 0.467541 1.82259e+10
1.25 -0.25 -0.25 -0.533364 0.112647 0.523394 2.69731e+10
1.75 0.25 -0.25 -0.474959 0.102314 0.562336 2.18993e+10
1.25 0.75 -0.25 -0.516856 0.0509138 0.609975 3.15273e+10
1.75 1.25 -0.25 -0.445573 0.0434393 0.637302 2.41753e+10
2.25 -1.25 -0.25 -0.486672 0.194177 0.408843 1.22034e+10
2.25 -0.25 -0.25 -0.446848 0.14905 0.507552 1.505e+10
2.25 0.75 -0.25 -0.403907 0.0926338 0.592919 1.74114e+10
-2.5 -1.5 0 -0.820832 0.166935 0.385609 3.36872e+11
-2.5 -0.5 0 -0.78964 0.11169 0.456442 4.115e+11
-2.5 0.5 0 -0.730575 -0.031689 0.487255 3.93282e+11
-2.5 1.5 0 -0.513539 -0.176126 0.47925 2.05892e+11
-1.5 -1.5 0 -0.771329 0.253297 0.429118 2.59693e+11
-2 -1 0 -0.781924 0.188956 0.450239 3.43396e+11
-1.5 -0.5 0 -0.742893 0.196092 0.508324 3.2891e+11
-2 0 0 -0.751331 0.0977867 0.50845 3.88705e+11
-1.5 0.5 0 -0.721722 0.0313244 0.536537 3.61682e+11
-2 1 0 -0.638814 -0.0734109 0.509263 2.84798e+11
-1.5 1.5 0 -0.53974 -0.130169 0.519327 1.97813e+11
-0.5 -1.5 0 -0.724434 0.324883 0.452373 1.81441e+11
-1 -1 0 -0.732211 0.266519 0.487183 2.52874e+11
-0.5 -0.5 0 -0.693567 0.270465 0.53746 2.29202e+11
-1 0 0 -0.705824 0.188418 0.554899 2.90567e+11
-0.5 0.5 0 -0.663298 0.169725 0.589483 2.31023e+11
-1 1 0 -0.63567 -0.0306312 0.549376 2.50296e+11
-0.5 1.5 0 -0.54164 -0.0797868 0.562091 1.79323e+11
0.5 -1.5 0 -0.682861 0.384413 0.457125 1.15464e+11
0 -1 0 -0.685635 0.334251 0.502466 1.66708e+11
0.5 -0.5 0 -0.637969 0.342121 0.548107 1.40504e+11
0 0 0 -0.645016 0.272855 0.581025 1.87886e+11
0.5 0.5 0 -0.598502 0.26434 0.618343 1.47265e+11
0 1 0 -0.615342 0.140298 0.616979 1.7696e+11
0.5 1.5 0 -0.566836 0.048151 0.627432 1.38691e+11
1.5 -1.5 0 -0.641919 0.434562 0.450802 6.77368e+10
1 -1 0 -0.638012 0.394464 0.502702 9.92384e+10
1.5 -0.5 0 -0.591714 0.395975 0.545562 8.13743e+10
1 0 0 -0.590092 0.340078 0.589473 1.12718e+11
1.5 0.5 0 -0.54425 0.330951 0.626172 8.91015e+10
1 1 0 -0.553022 0.243816 0.649485 1.12455e+11
1.5 1.5 0 -0.499863 0.223636 0.671715 8.4457e+10
2.5 -1.5 0 -0.607499 0.47048 0.438622 3.83313e+10
2 -1 0 -0.598593 0.438234 0.493926 5.65239e+10
2.5 -0.5 0 -0.556612 0.435839 0.533692 4.63818e+10
2 0 0 -0.547368 0.391201 0.584323 6.5717e+10
2.5 0.5 0 -0.498867 0.387696 0.6168 5.22689e+10
2 1 0 -0.490986 0.325867 0.655457 6.89412e+10
2.5 1.5 0 -0.439647 0.316229 0.679387 5.42011e+10
-2.25 -1.25 0.25 -0.738849 -0.250758 0.373678 4.35548e+10
-2.25 -0.25 0.25 -0.738072 -0.238262 0.401589 5.44642e+10
-2.25 0.75 0.25 -0.696631 -0.189529 0.443087 8.41854e+10
-1.25 -1.25 0.25 -0.678276 -0.178882 0.42319 3.05118e+10
-1.75 -0.75 0.25 -0.716241 -0.218154 0.423134 4.30029e+10
-1.25 -0.25 0.25 -0.694772 -0.172917 0.463585 4.14628e+10
-1.75 0.25 0.25 -0.712708 -0.184754 0.444117 4.98054e+10
-1.25 0.75 0.25 -0.690564 -0.140067 0.489406 7.46608e+10
-1.75 1.25 0.25 -0.622195 -0.222082 0.475112 6.37943e+10
-0.25 -1.25 0.25 -0.601011 -0.108724 0.444196 1.92555e+10
-0.75 -0.75 0.25 -0.64993 -0.151083 0.464834 2.89028e+10
-0.25 -0.25 0.25 -0.617807 -0.122867 0.499289 2.57257e+10
-0.75 0.25 0.25 -0.669759 -0.137248 0.496826 3.69019e+10
-0.25 0.75 0.25 -0.642624 -0.122422 0.532013 3.22429e+10
-0.75 1.25 0.25 -0.613631 -0.140498 0.523859 5.63814e+10
0.75 -1.25 0.25 -0.507644 -0.0398658 0.447376 1.12574e+10
0.25 -0.75 0.25 -0.558096 -0.0879472 0.480969 1.70198e+10
0.75 -0.25 0.25 -0.505044 -0.0897375 0.516892 1.42581e+10
0.25 0.25 0.25 -0.585039 -0.119217 0.534214 2.2048e+10
0.75 0.75 0.25 -0.523452 -0.122235 0.559861 1.74288e+10
0.25 1.25 0.25 -0.606986 -0.125398 0.55441 2.67271e+10
1.75 -1.25 0.25 -0.406373 0.0117057 0.443604 6.39163e+09
1.25 -0.75 0.25 -0.446841 -0.0387146 0.485315 9.51781e+09
1.75 -0.25 0.25 -0.382467 -0.047856 0.51951 7.83762e+09
1.25 0.25 0.25 -0.443299 -0.0997816 0.547406 1.15034e+10
1.75 0.75 0.25 -0.387795 -0.0848954 0.572006 9.48865e+09
1.25 1.25 0.25 -0.476747 -0.104288 0.581927 1.44154e+10
2.25 -0.75 0.25 -0.34122 0.00520201 0.480236 5.35454e+09
2.25 0.25 0.25 -0.317669 -0.0452041 0.547861 6.45816e+09
2.25 1.25 0.25 -0.314781 -0.0912188 0.592724 7.66553e+09
-2.5 -1 0.5 -0.811594 0.0507655 0.399177 1.96673e+11
-2.5 0 0.5 -0.769876 -0.02481 0.433504 2.39358e+11
-2.5 1 0.5 -0.653944 -0.102068 0.459364 2.7585e+11
-2 -1.5 0.5 -0.80052 0.11972 0.403099 1.5262e+11
-1.5 -1 0.5 -0.763983 0.140739 0.457408 1.507e+11
-2 -0.5 0.5 -0.775311 0.0661868 0.451004 1.91961e+11
-1.5 0 0.5 -0.738296 0.0743602 0.494345 1.84887e+11
-2 0.5 0.5 -0.728016 -0.0621521 0.472602 2.55218e+11
-1.5 1 0.5 -0.663643 -0.0529256 0.502112 2.46439e+11
-2 1.5 0.5 -0.56551 -0.124202 0.486509 2.21292e+11
-1 -1.5 0.5 -0.750438 0.208417 0.446746 1.11731e+11
-0.5 -1 0.5 -0.712913 0.224117 0.494469 1.05208e+11
-1 -0.5 0.5 -0.72827 0.152861 0.502697 1.4097e+11
-0.5 0 0.5 -0.690168 0.162339 0.541037 1.26262e+11
-1 0.5 0.5 -0.702261 0.0714215 0.533007 1.74949e+11
-0.5 1 0.5 -0.666481 -0.00980598 0.545964 1.55863e+11
-1 1.5 0.5 -0.562921 -0.0847716 0.520844 1.84232e+11
0 -1.5 0.5 -0.7019 0.2854 0.469334 7.50979e+10
0.5 -1 0.5 -0.658721 0.300734 0.512057 6.62959e+10
0 -0.5 0.5 -0.670942 0.23737 0.535493 9.23094e+10
0.5 0 0.5 -0.623401 0.238041 0.571668 7.45341e+10
0 0.5 0.5 -0.646607 0.148911 0.570316 1.007e+11
0.5 1 0.5 -0.599187 0.122863 0.592268 7.84487e+10
0 1.5 0.5 -0.571055 -0.0986733 0.546693 1.16159e+11
1 -1.5 0.5 -0.652995 0.352503 0.47546 4.61202e+10
1.5 -1 0.5 -0.60568 0.362157 0.51615 3.86855e+10
1 -0.5 0.5 -0.610081 0.307577 0.551534 5.46044e+10
1.5 0 0.5 -0.560376 0.306551 0.586713 4.3475e+10
1 0.5 0.5 -0.573281 0.229542 0.601957 5.78888e+10
1.5 1 0.5 -0.523644 0.230452 0.630501 4.76043e+10
1 1.5 0.5 -0.550499 0.127718 0.624204 6.75408e+10
2 -1.5 0.5 -0.606736 0.404877 0.471653 2.66559e+10
2.5 -1 0.5 -0.561963 0.408282 0.510213 2.20501e+10
2 -0.5 0.5 -0.558275 0.363863 0.553606 3.14702e+10
2.5 0 0.5 -0.510966 0.363871 0.586463 2.54816e+10
2 0.5 0.5 -0.510963 0.307016 0.617167 3.49323e+10
2.5 1 0.5 -0.456413 0.301575 0.642275 2.75181e+10
2 1.5 0.5 -0.465607 0.219583 0.651285 3.70231e+10
-2.25 -0.75 0.75 -0.699449 -0.332397 0.368504 2.82914e+10
-2.25 0.25 0.75 -0.682431 -0.29492 0.360628 3.51691e+10
-2.25 1.25 0.75 -0.578359 -0.334762 0.383962 5.68496e+10
-1.75 -1.25 0.75 -0.662538 -0.298674 0.414329 2.11307e+10
-1.25 -0.75 0.75 -0.649828 -0.256322 0.439856 2.08505e+10
-1.75 -0.25 0.75 -0.70908 -0.27779 0.399284 3.03085e+10
-1.25 0.25 0.75 -0.676195 -0.256479 0.423825 2.86699e+10
-1.75 0.75 0.75 -0.684737 -0.235821 0.409739 5.93496e+10
-1.25 1.25 0.75 -0.613263 -0.25702 0.436294 5.09309e+10
-0.75 -1.25 0.75 -0.590099 -0.218048 0.464219 1.41867e+10
-0.25 -0.75 0.75 -0.563844 -0.187772 0.486199 1.31286e+10
-0.75 -0.25 0.75 -0.642555 -0.22177 0.462321 2.01763e+10
-0.25 0.25 0.75 -0.605272 -0.199579 0.486989 1.75715e+10
-0.75 0.75 0.75 -0.675186 -0.213002 0.455832 2.80851e+10
-0.25 1.25 0.75 -0.628159 -0.189957 0.488034 3.84259e+10
0.25 -1.25 0.75 -0.498032 -0.134753 0.491155 8.68916e+09
0.75 -0.75 0.75 -0.43905 -0.124003 0.518558 7.43103e+09
0.25 -0.25 0.75 -0.515609 -0.177223 0.509551 1.11387e+10
0.75 0.25 0.75 -0.481988 -0.157542 0.523431 9.61636e+09
0.25 0.75 0.75 -0.588657 -0.184391 0.503727 1.56903e+10
0.75 1.25 0.75 -0.562099 -0.201549 0.526365 1.38643e+10
1.25 -1.25 0.75 -0.386946 -0.0615403 0.506887 5.03017e+09
1.75 -0.75 0.75 -0.321555 -0.0610184 0.533852 4.25108e+09
1.25 -0.25 0.75 -0.383708 -0.119464 0.539032 6.25914e+09
1.75 0.25 0.75 -0.332662 -0.125201 0.559134 5.19751e+09
1.25 0.75 0.75 -0.457911 -0.168004 0.545134 8.25655e+09
1.75 1.25 0.75 -0.369993 -0.174613 0.565712 6.62256e+09
2.25 -1.25 0.75 -0.285963 -0.00203288 0.51049 2.91125e+09
2.25 -0.25 0.75 -0.25965 -0.0667077 0.55813 3.54395e+09
2.25 0.75 0.75 -0.256362 -0.124057 0.57795 4.24563e+09
-2.5 -1.5 1 -0.824742 -0.0207281 0.360858 8.83124e+10
-2.5 -0.5 1 -0.79884 -0.04976 0.385597 1.16729e+11
-2.5 0.5 1 -0.717432 -0.149869 0.409434 1.72186e+11
-2.5 1.5 1 -0.572951 -0.153139 0.439984 1.96428e+11
-1.5 -1.5 1 -0.780073 0.0844055 0.426104 6.79588e+10
-2 -1 1 -0.794616 0.0155118 0.409587 8.96488e+10
-1.5 -0.5 1 -0.765953 0.0409698 0.451249 8.96138e+10
-2 0 1 -0.766215 -0.0250572 0.4319 1.2159e+11
-1.5 0.5 1 -0.721469 -0.00670928 0.477793 1.23602e+11
-2 1 1 -0.656394 -0.108522 0.446181 1.84992e+11
-1.5 1.5 1 -0.577729 -0.117723 0.473081 1.62107e+11
-0.5 -1.5 1 -0.729464 0.177472 0.470967 4.83162e+10
-1 -1 1 -0.747156 0.110154 0.468662 6.58875e+10
-0.5 -0.5 1 -0.714374 0.132907 0.50477 6.17008e+10
-1 0 1 -0.737793 0.0627973 0.489515 8.85737e+10
-0.5 0.5 1 -0.687268 0.0641288 0.517493 7.38355e+10
-1 1 1 -0.677108 -0.0796305 0.491954 1.22906e+11
-0.5 1.5 1 -0.593975 -0.0881702 0.508502 1.13768e+11
0.5 -1.5 1 -0.67555 0.261695 0.496092 3.14654e+10
0 -1 1 -0.69115 0.20053 0.508929 4.41884e+10
0.5 -0.5 1 -0.642425 0.217512 0.543324 3.70052e+10
0 0 1 -0.666349 0.146221 0.536237 5.15382e+10
0.5 0.5 1 -0.621651 0.154361 0.562568 4.3678e+10
0 1 1 -0.646969 0.0667699 0.548331 6.68042e+10
0.5 1.5 1 -0.590147 0.0400707 0.567892 5.61053e+10
1.5 -1.5 1 -0.618732 0.332729 0.506978 1.88449e+10
1 -1 1 -0.626681 0.27996 0.532862 2.66986e+10
1.5 -0.5 1 -0.576517 0.289899 0.565327 2.17489e+10
1 0 1 -0.594111 0.225848 0.571743 3.00056e+10
1.5 0.5 1 -0.548895 0.222736 0.598825 2.43358e+10
1 1 1 -0.58327 0.140645 0.58695 3.57611e+10
1.5 1.5 1 -0.506804 0.13569 0.608452 2.74999e+10
2.5 -1.5 1 -0.568571 0.387501 0.506801 1.08878e+10
2 -1 1 -0.569246 0.343479 0.541949 1.55656e+10
2.5 -0.5 1 -0.520737 0.347293 0.573736 1.26517e+10
2 0 1 -0.527745 0.291913 0.594818 1.75219e+10
2.5 0.5 1 -0.471656 0.295738 0.620687 1.40074e+10
2 1 1 -0.485688 0.227537 0.623407 1.9398e+10
2.5 1.5 1 -0.415921 0.225951 0.640871 1.53912e+10
-2.25 -1.25 1.25 -0.657268 -0.394189 0.387881 1.38954e+10
-2.25 -0.25 1.25 -0.683393 -0.390495 0.338129 1.99986e+10
-2.25 0.75 1.25 -0.645108 -0.353647 0.331899 4.25723e+10
-1.25 -1.25 1.25 -0.597577 -0.298997 0.468514 1.00005e+10
-1.75 -0.75 1.25 -0.657572 -0.349365 0.407249 1.44099e+10
-1.25 -0.25 1.25 -0.657506 -0.31572 0.42316 1.49877e+10
-1.75 0.25 1.25 -0.65515 -0.346829 0.360236 1.95057e+10
-1.25 0.75 1.25 -0.664378 -0.31826 0.3855 2.13735e+10
-1.75 1.25 1.25 -0.572719 -0.349642 0.363225 3.89461e+10
-0.25 -1.25 1.25 -0.514138 -0.201194 0.523492 6.51707e+09
-0.75 -0.75 1.25 -0.585931 -0.268329 0.481483 9.74091e+09
-0.25 -0.25 1.25 -0.547364 -0.247857 0.495664 8.50488e+09
-0.75 0.25 1.25 -0.630244 -0.28007 0.440365 1.35066e+10
-0.25 0.75 1.25 -0.611017 -0.270875 0.450594 1.32483e+10
-0.75 1.25 1.25 -0.624458 -0.287157 0.417927 3.11322e+10
0.75 -1.25 1.25 -0.403043 -0.103853 0.563675 3.90786e+09
0.25 -0.75 1.25 -0.461666 -0.18178 0.540979 5.66113e+09
0.75 -0.25 1.25 -0.417812 -0.172827 0.549369 4.91161e+09
0.25 0.25 1.25 -0.53463 -0.241665 0.504578 7.89757e+09
0.75 0.75 1.25 -0.480397 -0.255525 0.520929 6.86464e+09
0.25 1.25 1.25 -0.604796 -0.248281 0.475251 1.26436e+10
1.75 -1.25 1.25 -0.298644 -0.0202613 0.585496 2.33488e+09
1.25 -0.75 1.25 -0.339723 -0.0963424 0.580902 3.34515e+09
1.75 -0.25 1.25 -0.276368 -0.103289 0.597127 2.80952e+09
1.25 0.25 1.25 -0.367359 -0.186824 0.562921 4.16657e+09
1.75 0.75 1.25 -0.304621 -0.193823 0.574763 3.42242e+09
1.25 1.25 1.25 -0.415936 -0.231068 0.530013 5.58864e+09
2.25 -0.75 1.25 -0.228813 -0.0240054 0.607317 1.97188e+09
2.25 0.25 1.25 -0.209306 -0.110152 0.611533 2.32088e+09
2.25 1.25 1.25 -0.233949 -0.169072 0.582358 2.93266e+09
-2.5 -1 1.5 -0.818739 -0.106423 0.351555 5.44286e+10
-2.5 0 1.5 -0.774965 -0.113323 0.373224 7.60158e+10
-2.5 1 1.5 -0.650342 -0.171061 0.394805 1.30405e+11
-2 -1.5 1.5 -0.809437 -0.0428632 0.385533 4.13695e+10
-1.5 -1 1.5 -0.783832 0.000257058 0.426339 4.19422e+10
-2 -0.5 1.5 -0.79443 -0.060433 0.396475 5.7258e+10
-1.5 0 1.5 -0.768719 -0.0214332 0.438214 6.01824e+10
-2 0.5 1.5 -0.72881 -0.0742883 0.426787 8.38967e+10
-1.5 1 1.5 -0.67146 -0.142715 0.44276 8.91464e+10
-2 1.5 1.5 -0.575964 -0.160381 0.426697 1.22856e+11
-1 -1.5 1.5 -0.764708 0.0661013 0.451723 3.09913e+10
-0.5 -1 1.5 -0.734237 0.100202 0.485945 2.96853e+10
-1 -0.5 1.5 -0.75914 0.0359331 0.461851 4.19399e+10
-0.5 0 1.5 -0.713191 0.0665131 0.494235 3.68534e+10
-1 0.5 1.5 -0.712947 -0.00745449 0.470677 5.36631e+10
-0.5 1 1.5 -0.662941 0.0018598 0.503561 5.30383e+10
-1 1.5 1.5 -0.581801 -0.122587 0.462726 8.82363e+10
0 -1.5 1.5 -0.711099 0.165049 0.498499 2.14282e+10
0.5 -1 1.5 -0.664793 0.195516 0.531357 1.85908e+10
0 -0.5 1.5 -0.689751 0.132135 0.517387 2.58573e+10
0.5 0 1.5 -0.646535 0.155071 0.543352 2.22722e+10
0 0.5 1.5 -0.673753 0.0849188 0.522248 3.31198e+10
0.5 1 1.5 -0.613719 0.080501 0.545107 2.67334e+10
0 1.5 1.5 -0.614539 -0.0933341 0.507272 5.15703e+10
1 -1.5 1.5 -0.647352 0.25438 0.529107 1.34403e+10
1.5 -1 1.5 -0.5967 0.27567 0.56 1.11965e+10
1 -0.5 1.5 -0.616798 0.217534 0.558923 1.55045e+10
1.5 0 1.5 -0.566624 0.227778 0.584969 1.25918e+10
1 0.5 1.5 -0.596305 0.161448 0.568424 1.82491e+10
1.5 1 1.5 -0.531744 0.161929 0.589793 1.43208e+10
1 1.5 1.5 -0.544962 0.0678937 0.561689 2.17493e+10
2 -1.5 1.5 -0.586418 0.327125 0.544593 8.03177e+09
2.5 -1 1.5 -0.535057 0.339333 0.575257 6.57314e+09
2 -0.5 1.5 -0.545057 0.287586 0.588337 9.07787e+09
2.5 0 1.5 -0.490189 0.295274 0.61399 7.27149e+09
2 0.5 1.5 -0.508054 0.23514 0.608932 1.00248e+10
2.5 1 1.5 -0.444151 0.248697 0.628634 8.19153e+09
2 1.5 1.5 -0.46186 0.183508 0.610218 1.21971e+10
