449
-2.5 -1 -1.5 -0.0169097 -0.622948 0.582882 1.94269e+11
-2.5 0 -1.5 0.0353157 -0.51959 0.605071 1.09879e+11
-2.5 1 -1.5 0.0940233 -0.411108 0.607368 6.1768e+10
-2 -1.5 -1.5 -0.111614 -0.615163 0.560663 1.94086e+11
-1.5 -1 -1.5 -0.1758 -0.517973 0.56727 1.29442e+11
-2 -0.5 -1.5 -0.0558545 -0.588485 0.608324 1.50906e+11
-1.5 0 -1.5 -0.10362 -0.522613 0.621694 1.0693e+11
-2 0.5 -1.5 0.00532106 -0.461853 0.628762 8.42837e+10
-1.5 1 -1.5 -0.0272503 -0.390648 0.644778 6.40062e+10
-2 1.5 -1.5 0.0742284 -0.339587 0.629075 4.88521e+10
-1 -1.5 -1.5 -0.274696 -0.40661 0.522166 9.68748e+10
-0.5 -1 -1.5 -0.332748 -0.284441 0.515491 6.82463e+10
-1 -0.5 -1.5 -0.229056 -0.397392 0.567496 8.78168e+10
-0.5 0 -1.5 -0.293972 -0.263756 0.554887 6.20187e+10
-1 0.5 -1.5 -0.164104 -0.405999 0.619641 7.36566e+10
-0.5 1 -1.5 -0.205037 -0.265429 0.612232 5.45662e+10
-1 1.5 -1.5 -0.0478725 -0.300008 0.653476 4.92783e+10
0 -1.5 -1.5 -0.389812 -0.153238 0.481429 5.29058e+10
0.5 -1 -1.5 -0.413601 -0.038897 0.475886 4.15967e+10
0 -0.5 -1.5 -0.379897 -0.151466 0.503544 5.13095e+10
0.5 0 -1.5 -0.393476 -0.0118614 0.493273 4.08081e+10
0 0.5 -1.5 -0.326397 -0.115346 0.542364 4.78183e+10
0.5 1 -1.5 -0.315894 0.0392938 0.530994 3.95875e+10
0 1.5 -1.5 -0.208431 -0.112165 0.60213 4.36953e+10
1 -1.5 -1.5 -0.421516 0.0503315 0.47037 3.39018e+10
1.5 -1 -1.5 -0.413182 0.139028 0.471282 2.88243e+10
1 -0.5 -1.5 -0.415409 0.0735411 0.470838 3.431e+10
1.5 0 -1.5 -0.393932 0.177985 0.46672 3.01864e+10
1 0.5 -1.5 -0.377328 0.120839 0.483859 3.48734e+10
1.5 1 -1.5 -0.325489 0.236586 0.477984 3.23411e+10
1 1.5 -1.5 -0.267263 0.171126 0.522646 3.57767e+10
2 -1.5 -1.5 -0.396023 0.185261 0.489664 2.40591e+10
2.5 -1 -1.5 -0.373492 0.245357 0.494152 2.18973e+10
2 -0.5 -1.5 -0.389138 0.219144 0.472027 2.5842e+10
2.5 0 -1.5 -0.34781 0.289763 0.472472 2.44767e+10
2 0.5 -1.5 -0.34525 0.270696 0.464423 2.83669e+10
2.5 1 -1.5 -0.270696 0.34525 0.464423 2.83669e+10
2 1.5 -1.5 -0.236586 0.325489 0.477984 3.23411e+10
-2.25 -0.75 -1.25 0.00124701 -0.607184 0.603272 5.1884e+10
-2.25 0.25 -1.25 0.0509138 -0.516856 0.609975 3.15273e+10
-2.25 1.25 -1.25 0.0926338 -0.403907 0.592919 1.74114e+10
-1.75 -1.25 -1.25 -0.0028323 -0.568926 0.618982 5.13698e+10
-1.25 -0.75 -1.25 -0.0651526 -0.495069 0.629849 3.43381e+10
-1.75 -0.25 -1.25 -0.00808488 -0.553843 0.638466 4.0909e+10
-1.25 0.25 -1.25 -0.0109933 -0.475778 0.660068 3.03355e+10
-1.75 0.75 -1.25 0.0434393 -0.445573 0.637302 2.41753e+10
-1.25 1.25 -1.25 0.0265933 -0.370073 0.658357 1.89054e+10
-0.75 -1.25 -1.25 -0.0917604 -0.435847 0.611749 2.64783e+10
-0.25 -0.75 -1.25 -0.100228 -0.353117 0.619543 1.907e+10
-0.75 -0.25 -1.25 -0.0891905 -0.391511 0.632823 2.38018e+10
-0.25 0.25 -1.25 -0.0843392 -0.302749 0.640285 1.77056e+10
-0.75 0.75 -1.25 -0.033141 -0.355253 0.666949 2.08645e+10
-0.25 1.25 -1.25 -0.0312775 -0.24214 0.670553 1.62705e+10
0.25 -1.25 -1.25 -0.117496 -0.292727 0.607118 1.48813e+10
0.75 -0.75 -1.25 -0.109128 -0.20484 0.608592 1.16766e+10
0.25 -0.25 -1.25 -0.112794 -0.246491 0.617845 1.41686e+10
0.75 0.25 -1.25 -0.0964815 -0.141424 0.614728 1.14841e+10
0.25 0.75 -1.25 -0.0899386 -0.193074 0.63635 1.35893e+10
0.75 1.25 -1.25 -0.0514299 -0.084342 0.632289 1.17688e+10
1.25 -1.25 -1.25 -0.10254 -0.182517 0.609558 9.70829e+09
1.75 -0.75 -1.25 -0.0797661 -0.114131 0.611859 8.31205e+09
1.25 -0.25 -1.25 -0.0906059 -0.124835 0.6078 9.77882e+09
1.75 0.25 -1.25 -0.0604343 -0.0519912 0.607095 8.74913e+09
1.25 0.75 -1.25 -0.0611786 -0.0609414 0.613933 1.01647e+10
1.75 1.25 -1.25 -0.00817434 0.00817434 0.613756 9.75692e+09
2.25 -1.25 -1.25 -0.0657011 -0.111603 0.626198 7.05255e+09
2.25 -0.25 -1.25 -0.049219 -0.0510512 0.613088 7.53398e+09
2.25 0.75 -1.25 -0.011898 0.011898 0.607084 8.41906e+09
-2.5 -1.5 -1 0.169725 -0.663298 0.589483 2.31023e+11
-2.5 -0.5 -1 0.26434 -0.598502 0.618343 1.47265e+11
-2.5 0.5 -1 0.330951 -0.54425 0.626172 8.91015e+10
-2.5 1.5 -1 0.387696 -0.498867 0.6168 5.22689e+10
-1.5 -1.5 -1 -0.0797868 -0.54164 0.562091 1.79323e+11
-2 -1 -1 0.140298 -0.615342 0.616979 1.7696e+11
-1.5 -0.5 -1 0.048151 -0.566836 0.627432 1.38691e+11
-2 0 -1 0.243816 -0.553022 0.649485 1.12455e+11
-1.5 0.5 -1 0.223636 -0.499863 0.671715 8.4457e+10
-2 1 -1 0.325867 -0.490986 0.655457 6.89412e+10
-1.5 1.5 -1 0.316229 -0.439647 0.679387 5.42011e+10
-0.5 -1.5 -1 -0.228362 -0.319614 0.528235 1.00528e+11
-1 -1 -1 -0.141941 -0.442236 0.56513 1.2409e+11
-0.5 -0.5 -1 -0.198806 -0.324169 0.561799 9.1297e+10
-1 0 -1 -0.0415744 -0.449461 0.619479 1.00961e+11
-0.5 0.5 -1 -0.101935 -0.311472 0.614174 7.4395e+10
-1 1 -1 0.195673 -0.448286 0.688967 6.46722e+10
-0.5 1.5 -1 0.185031 -0.378695 0.699891 5.1292e+10
0.5 -1.5 -1 -0.31211 -0.105947 0.507568 6.2438e+10
0 -1 -1 -0.271081 -0.207526 0.525929 7.60134e+10
0.5 -0.5 -1 -0.29484 -0.0882778 0.521001 5.95014e+10
0 0 -1 -0.228004 -0.187764 0.557115 6.88769e+10
0.5 0.5 -1 -0.240679 -0.0592681 0.550219 5.58955e+10
0 1 -1 -0.117689 -0.17137 0.610292 5.89241e+10
0.5 1.5 -1 -0.116703 -0.0466803 0.602249 5.06182e+10
1.5 -1.5 -1 -0.323163 0.0515501 0.512893 4.30232e+10
1 -1 -1 -0.320979 -0.00711999 0.507373 5.08324e+10
1.5 -0.5 -1 -0.311832 0.0837824 0.507422 4.37757e+10
1 0 -1 -0.296161 0.0231127 0.516641 4.99804e+10
1.5 0.5 -1 -0.269467 0.123001 0.514014 4.50732e+10
1 1 -1 -0.222943 0.0582631 0.543908 4.96283e+10
1.5 1.5 -1 -0.158029 0.158029 0.541857 4.77129e+10
2.5 -1.5 -1 -0.294554 0.149387 0.540729 3.22572e+10
2 -1 -1 -0.308686 0.124202 0.517006 3.78071e+10
2.5 -0.5 -1 -0.281611 0.187718 0.519893 3.49028e+10
2 0 -1 -0.283149 0.16448 0.507815 3.9948e+10
2.5 0.5 -1 -0.232896 0.232896 0.508001 3.87214e+10
2 1 -1 -0.209263 0.209263 0.513107 4.35211e+10
2.5 1.5 -1 -0.123001 0.269467 0.514014 4.50732e+10
-2.25 -1.25 -0.75 -0.122422 -0.642624 0.532013 3.22429e+10
-2.25 -0.25 -0.75 -0.122235 -0.523452 0.559861 1.74288e+10
-2.25 0.75 -0.75 -0.0848954 -0.387795 0.572006 9.48865e+09
-1.25 -1.25 -0.75 -0.194061 -0.534239 0.537034 4.05244e+10
-1.75 -0.75 -0.75 -0.125398 -0.606986 0.55441 2.67271e+10
-1.25 -0.25 -0.75 -0.123627 -0.512152 0.576604 3.11262e+10
-1.75 0.25 -0.75 -0.104288 -0.476747 0.581927 1.44154e+10
-1.25 0.75 -0.75 -0.123062 -0.432139 0.601593 1.1832e+10
-1.75 1.25 -0.75 -0.0912188 -0.314781 0.592724 7.66553e+09
-0.25 -1.25 -0.75 -0.239596 -0.344934 0.549361 2.38783e+10
-0.75 -0.75 -0.75 -0.198807 -0.443164 0.561269 2.96904e+10
-0.25 -0.25 -0.75 -0.236213 -0.319822 0.565778 2.1242e+10
-0.75 0.25 -0.75 -0.133125 -0.398607 0.596017 2.33083e+10
-0.25 0.75 -0.75 -0.172805 -0.26439 0.596477 1.77965e+10
-0.75 1.25 -0.75 -0.0945191 -0.342863 0.622465 9.86554e+09
0.75 -1.25 -0.75 -0.229161 -0.177776 0.560039 1.53786e+10
0.25 -0.75 -0.75 -0.236306 -0.234627 0.558449 1.81433e+10
0.75 -0.25 -0.75 -0.217763 -0.131595 0.563056 1.46708e+10
0.25 0.25 -0.75 -0.226066 -0.170244 0.566851 1.63652e+10
0.75 0.75 -0.75 -0.191754 -0.0624171 0.571117 1.38435e+10
0.25 1.25 -0.75 -0.158101 -0.114052 0.591789 1.47613e+10
1.75 -1.25 -0.75 -0.1851 -0.0679972 0.578791 1.09609e+10
1.25 -0.75 -0.75 -0.205441 -0.0915074 0.565784 1.27393e+10
1.75 -0.25 -0.75 -0.174749 -0.00981963 0.568455 1.11468e+10
1.25 0.25 -0.75 -0.19184 -0.0327055 0.56397 1.26009e+10
1.75 0.75 -0.75 -0.141258 0.0639039 0.563993 1.15673e+10
1.25 1.25 -0.75 -0.133413 0.0457788 0.572543 1.26929e+10
2.25 -0.75 -0.75 -0.152787 -0.000718762 0.58373 9.75993e+09
2.25 0.25 -0.75 -0.130415 0.0669589 0.569049 1.03681e+10
2.25 1.25 -0.75 -0.0639039 0.141258 0.563993 1.15673e+10
-2.5 -1 -0.5 0.148911 -0.646607 0.570316 1.007e+11
-2.5 0 -0.5 0.229542 -0.573281 0.601957 5.78888e+10
-2.5 1 -0.5 0.307016 -0.510963 0.617167 3.49323e+10
-2 -1.5 -0.5 -0.00980598 -0.666481 0.545964 1.55863e+11
-1.5 -1 -0.5 -0.0986733 -0.571055 0.546693 1.16159e+11
-2 -0.5 -0.5 0.122863 -0.599187 0.592268 7.84487e+10
-1.5 0 -0.5 0.127718 -0.550499 0.624204 6.75408e+10
-2 0.5 -0.5 0.230452 -0.523644 0.630501 4.76043e+10
-1.5 1 -0.5 0.219583 -0.465607 0.651285 3.70231e+10
-2 1.5 -0.5 0.301575 -0.456413 0.642275 2.75181e+10
-1 -1.5 -0.5 -0.140095 -0.469613 0.53004 1.34315e+11
-0.5 -1 -0.5 -0.163941 -0.362063 0.543343 1.0542e+11
-1 -0.5 -0.5 -0.0710856 -0.474346 0.573399 1.0572e+11
-0.5 0 -0.5 -0.104564 -0.350083 0.580064 7.92946e+10
-1 0.5 -0.5 0.0940031 -0.484315 0.636988 5.29029e+10
-0.5 1 -0.5 -0.00589763 -0.380536 0.63145 4.40411e+10
-1 1.5 -0.5 0.209875 -0.394078 0.666872 2.91709e+10
0 -1.5 -0.5 -0.231908 -0.249062 0.520084 9.18722e+10
0.5 -1 -0.5 -0.257695 -0.142148 0.521988 7.22019e+10
0 -0.5 -0.5 -0.204958 -0.24276 0.542992 8.00756e+10
0.5 0 -0.5 -0.22585 -0.115206 0.539796 6.46693e+10
0 0.5 -0.5 -0.145365 -0.222016 0.576266 6.27171e+10
0.5 1 -0.5 -0.155312 -0.097068 0.573273 5.40495e+10
0 1.5 -0.5 -0.0612811 -0.208424 0.615944 3.81065e+10
1 -1.5 -0.5 -0.280905 -0.0638841 0.518287 6.27666e+10
1.5 -1 -0.5 -0.275967 0.0244584 0.522885 5.32775e+10
1 -0.5 -0.5 -0.263091 -0.034502 0.522646 5.98549e+10
1.5 0 -0.5 -0.247134 0.0607553 0.524399 5.25231e+10
1 0.5 -0.5 -0.217775 -0.00500442 0.53984 5.59371e+10
1.5 1 -0.5 -0.173599 0.0945021 0.540277 5.17516e+10
1 1.5 -0.5 -0.10882 0.0193107 0.573111 4.98252e+10
2 -1.5 -0.5 -0.272163 0.0647059 0.537799 4.64244e+10
2.5 -1 -0.5 -0.251408 0.126878 0.544189 4.20401e+10
2 -0.5 -0.5 -0.255872 0.102503 0.526885 4.75227e+10
2.5 0 -0.5 -0.220455 0.168721 0.528937 4.4727e+10
2 0.5 -0.5 -0.206914 0.143304 0.525496 4.89254e+10
2.5 1 -0.5 -0.143304 0.206914 0.525496 4.89254e+10
2 1.5 -0.5 -0.0945021 0.173599 0.540277 5.17516e+10
-2.25 -0.75 -0.25 -0.184391 -0.588657 0.503727 1.56903e+10
-2.25 0.25 -0.25 -0.168004 -0.457911 0.545134 8.25655e+09
-2.25 1.25 -0.25 -0.124057 -0.256362 0.57795 4.24563e+09
-1.75 -1.25 -0.25 -0.189957 -0.628159 0.488034 3.84259e+10
-1.25 -0.75 -0.25 -0.194455 -0.523779 0.516173 2.94491e+10
-1.75 -0.25 -0.25 -0.201549 -0.562099 0.526365 1.38643e+10
-1.25 0.25 -0.25 -0.179738 -0.512396 0.552456 1.22313e+10
-1.75 0.75 -0.25 -0.174613 -0.369993 0.565712 6.62256e+09
-1.25 1.25 -0.25 -0.148888 -0.266298 0.577954 5.41322e+09
-0.75 -1.25 -0.25 -0.323723 -0.429666 0.481039 2.99295e+10
-0.25 -0.75 -0.25 -0.341354 -0.311933 0.49724 2.31219e+10
-0.75 -0.25 -0.25 -0.277747 -0.417644 0.518279 2.31255e+10
-0.25 0.25 -0.25 -0.305118 -0.275238 0.521807 1.81248e+10
-0.75 0.75 -0.25 -0.162389 -0.413392 0.571482 9.84957e+09
-0.25 1.25 -0.25 -0.133011 -0.2634 0.587344 1.26507e+10
0.25 -1.25 -0.25 -0.344935 -0.225944 0.501112 2.07293e+10
0.75 -0.75 -0.25 -0.325594 -0.12162 0.515393 1.66688e+10
0.25 -0.25 -0.25 -0.326943 -0.199877 0.513968 1.82576e+10
0.75 0.25 -0.25 -0.301136 -0.0734413 0.524347 1.52493e+10
0.25 0.75 -0.25 -0.277885 -0.135484 0.537555 1.49064e+10
0.75 1.25 -0.25 -0.230686 0.0121228 0.543973 1.31916e+10
1.25 -1.25 -0.25 -0.301243 -0.0646246 0.528606 1.47136e+10
1.75 -0.75 -0.25 -0.265005 0.020484 0.538697 1.27029e+10
1.25 -0.25 -0.25 -0.290396 -0.0144128 0.525301 1.40907e+10
1.75 0.25 -0.25 -0.244666 0.0882647 0.528772 1.26364e+10
1.25 0.75 -0.25 -0.257712 0.0579465 0.527102 1.34053e+10
1.75 1.25 -0.25 -0.17742 0.17742 0.527117 1.27382e+10
2.25 -1.25 -0.25 -0.237334 0.0379267 0.561151 1.1215e+10
2.25 -0.25 -0.25 -0.220566 0.0985411 0.543592 1.15987e+10
2.25 0.75 -0.25 -0.177493 0.177493 0.529382 1.21756e+10
-2.5 -1.5 0 0.0641288 -0.687268 0.517493 7.38355e+10
-2.5 -0.5 0 0.154361 -0.621651 0.562568 4.3678e+10
-2.5 0.5 0 0.222736 -0.548895 0.598825 2.43358e+10
-2.5 1.5 0 0.295738 -0.471656 0.620687 1.40074e+10
-1.5 -1.5 0 -0.0881702 -0.593975 0.508502 1.13768e+11
-2 -1 0 0.0667699 -0.646969 0.548331 6.68042e+10
-1.5 -0.5 0 0.0400707 -0.590147 0.567892 5.61053e+10
-2 0 0 0.140645 -0.58327 0.58695 3.57611e+10
-1.5 0.5 0 0.13569 -0.506804 0.608452 2.74999e+10
-2 1 0 0.227537 -0.485688 0.623407 1.9398e+10
-1.5 1.5 0 0.225951 -0.415921 0.640871 1.53912e+10
-0.5 -1.5 0 -0.176842 -0.377286 0.507137 1.01921e+11
-1 -1 0 -0.11014 -0.472812 0.524296 9.04899e+10
-0.5 -0.5 0 -0.148134 -0.386093 0.534483 7.43586e+10
-1 0 0 -0.0643159 -0.503991 0.569227 4.81491e+10
-0.5 0.5 0 -0.157293 -0.354765 0.559722 4.04379e+10
-1 1 0 0.130286 -0.42716 0.621918 2.20365e+10
-0.5 1.5 0 0.183829 -0.371805 0.647252 2.08867e+10
0.5 -1.5 0 -0.24529 -0.184861 0.511137 7.66691e+10
0 -1 0 -0.205444 -0.276756 0.517738 8.14672e+10
0.5 -0.5 0 -0.228079 -0.161249 0.521962 6.64104e+10
0 0 0 -0.19315 -0.257353 0.535896 6.09731e+10
0.5 0.5 0 -0.173324 -0.131934 0.547883 5.3315e+10
0 1 0 -0.083608 -0.25639 0.583452 4.08178e+10
0.5 1.5 0 -0.0558424 -0.129138 0.588829 3.60263e+10
1.5 -1.5 0 -0.261438 -0.022309 0.526607 5.73175e+10
1 -1 0 -0.253758 -0.0826609 0.517974 6.336e+10
1.5 -0.5 0 -0.239553 0.0150076 0.524867 5.48383e+10
1 0 0 -0.216651 -0.0465452 0.528991 5.68931e+10
1.5 0.5 0 -0.186747 0.0542244 0.532363 5.09772e+10
1 1 0 -0.141177 -0.0176284 0.552314 4.7262e+10
1.5 1.5 0 -0.0733308 0.0733308 0.555129 4.52804e+10
2.5 -1.5 0 -0.23825 0.0823702 0.557481 4.49749e+10
2 -1 0 -0.244633 0.0567456 0.535104 5.04202e+10
2.5 -0.5 0 -0.217068 0.123297 0.540252 4.65209e+10
2 0 0 -0.210991 0.0979804 0.528659 4.99022e+10
2.5 0.5 0 -0.163944 0.163944 0.529917 4.82665e+10
2 1 0 -0.132318 0.132318 0.533744 4.89101e+10
2.5 1.5 0 -0.0542244 0.186747 0.532363 5.09772e+10
-2.25 -1.25 0.25 -0.270875 -0.611017 0.450594 1.32483e+10
-2.25 -0.25 0.25 -0.255525 -0.480397 0.520929 6.86464e+09
-2.25 0.75 0.25 -0.193823 -0.304621 0.574763 3.42242e+09
-1.25 -1.25 0.25 -0.320983 -0.51943 0.435935 2.63494e+10
-1.75 -0.75 0.25 -0.248281 -0.604796 0.475251 1.26436e+10
-1.25 -0.25 0.25 -0.267899 -0.547838 0.491994 1.12368e+10
-1.75 0.25 0.25 -0.231068 -0.415936 0.530013 5.58864e+09
-1.25 0.75 0.25 -0.226308 -0.375358 0.537224 5.01303e+09
-1.75 1.25 0.25 -0.169072 -0.233949 0.582358 2.93266e+09
-0.25 -1.25 0.25 -0.428186 -0.302149 0.436002 2.25975e+10
-0.75 -0.75 0.25 -0.376615 -0.408343 0.446668 2.09843e+10
-0.25 -0.25 0.25 -0.378834 -0.298885 0.471303 1.74487e+10
-0.75 0.25 0.25 -0.256001 -0.41657 0.513111 1.38009e+10
-0.25 0.75 0.25 -0.277101 -0.258155 0.528792 1.16175e+10
-0.75 1.25 0.25 -0.215608 -0.295115 0.553043 4.49128e+09
0.75 -1.25 0.25 -0.409693 -0.10736 0.471932 1.7257e+10
0.25 -0.75 0.25 -0.419924 -0.198558 0.461225 1.84937e+10
0.75 -0.25 0.25 -0.39278 -0.068884 0.48054 1.52453e+10
0.25 0.25 0.25 -0.367045 -0.148682 0.490709 1.4532e+10
0.75 0.75 0.25 -0.340075 -0.00748647 0.499534 1.27498e+10
0.25 1.25 0.25 -0.272673 -0.0807821 0.533579 1.01158e+10
1.75 -1.25 0.25 -0.342841 0.0439892 0.511786 1.32311e+10
1.25 -0.75 0.25 -0.374371 -0.000665771 0.49058 1.44978e+10
1.75 -0.25 0.25 -0.324299 0.0998988 0.502104 1.28665e+10
1.25 0.25 0.25 -0.348446 0.0620976 0.490776 1.32587e+10
1.75 0.75 0.25 -0.274342 0.183183 0.495037 1.23563e+10
1.25 1.25 0.25 -0.279101 0.149409 0.499942 1.1607e+10
2.25 -0.75 0.25 -0.29738 0.119437 0.523745 1.19157e+10
2.25 0.25 0.25 -0.262308 0.188654 0.50706 1.21096e+10
2.25 1.25 0.25 -0.183183 0.274342 0.495037 1.23563e+10
-2.5 -1 0.5 0.0849188 -0.673753 0.522248 3.31198e+10
-2.5 0 0.5 0.161448 -0.596305 0.568424 1.82491e+10
-2.5 1 0.5 0.23514 -0.508054 0.608932 1.00248e+10
-2 -1.5 0.5 0.0018598 -0.662941 0.503561 5.30383e+10
-1.5 -1 0.5 -0.0933341 -0.614539 0.507272 5.15703e+10
-2 -0.5 0.5 0.080501 -0.613719 0.545107 2.67334e+10
-1.5 0 0.5 0.0678937 -0.544962 0.561689 2.17493e+10
-2 0.5 0.5 0.161929 -0.531744 0.589793 1.43208e+10
-1.5 1 0.5 0.183508 -0.46186 0.610218 1.21971e+10
-2 1.5 0.5 0.248697 -0.444151 0.628634 8.19153e+09
-1 -1.5 0.5 -0.144141 -0.49281 0.480334 7.77606e+10
-0.5 -1 0.5 -0.193411 -0.392659 0.490042 6.40799e+10
-1 -0.5 0.5 -0.191742 -0.498274 0.503013 4.25658e+10
-0.5 0 0.5 -0.151011 -0.396903 0.527422 4.15767e+10
-1 0.5 0.5 0.112361 -0.480039 0.5928 2.0188e+10
-0.5 1 0.5 0.119678 -0.412025 0.60987 1.77612e+10
-1 1.5 0.5 0.179975 -0.411347 0.627817 1.0515e+10
0 -1.5 0.5 -0.222351 -0.301762 0.487972 7.4265e+10
0.5 -1 0.5 -0.232789 -0.198178 0.503076 6.22612e+10
0 -0.5 0.5 -0.200392 -0.283513 0.507984 5.58789e+10
0.5 0 0.5 -0.193423 -0.148253 0.519925 4.76409e+10
0 0.5 0.5 -0.135342 -0.236863 0.541339 3.52975e+10
0.5 1 0.5 -0.106353 -0.126191 0.554169 3.15497e+10
0 1.5 0.5 0.122053 -0.352651 0.622294 1.58364e+10
1 -1.5 0.5 -0.251578 -0.121828 0.508307 6.10079e+10
1.5 -1 0.5 -0.241689 -0.0242913 0.519906 5.24383e+10
1 -0.5 0.5 -0.226292 -0.081149 0.513971 5.29485e+10
1.5 0 0.5 -0.203348 0.0181646 0.521996 4.71803e+10
1 0.5 0.5 -0.164799 -0.0387196 0.530538 4.24668e+10
1.5 1 0.5 -0.122506 0.0583262 0.533403 3.9387e+10
1 1.5 0.5 -0.0438175 -0.0201711 0.56066 2.87698e+10
2 -1.5 0.5 -0.242471 0.0180393 0.537203 4.88586e+10
2.5 -1 0.5 -0.218634 0.0859997 0.546737 4.45109e+10
2 -0.5 0.5 -0.218066 0.059256 0.528177 4.72315e+10
2.5 0 0.5 -0.180642 0.12838 0.532014 4.47065e+10
2 0.5 0.5 -0.163118 0.102588 0.524994 4.43252e+10
2.5 1 0.5 -0.102588 0.163118 0.524994 4.43252e+10
2 1.5 0.5 -0.0583262 0.122506 0.533403 3.9387e+10
-2.25 -0.75 0.75 -0.290263 -0.51888 0.482793 5.37855e+09
-2.25 0.25 0.75 -0.228233 -0.358745 0.56193 2.82051e+09
-2.25 1.25 0.75 -0.145031 -0.202605 0.634731 1.55735e+09
-1.75 -1.25 0.75 -0.354379 -0.607325 0.409989 1.02939e+10
-1.25 -0.75 0.75 -0.340693 -0.551148 0.434033 1.47046e+10
-1.75 -0.25 0.75 -0.296657 -0.500211 0.482621 5.06497e+09
-1.25 0.25 0.75 -0.318392 -0.440992 0.49503 4.66363e+09
-1.75 0.75 0.75 -0.244201 -0.33178 0.566646 2.48039e+09
-1.25 1.25 0.75 -0.258201 -0.222753 0.580065 2.18207e+09
-0.75 -1.25 0.75 -0.463721 -0.383143 0.386855 1.82793e+10
-0.25 -0.75 0.75 -0.459285 -0.271615 0.418974 1.53116e+10
-0.75 -0.25 0.75 -0.370146 -0.413603 0.458033 1.23417e+10
-0.25 0.25 0.75 -0.3963 -0.252115 0.473344 1.04821e+10
-0.75 0.75 0.75 -0.313972 -0.376174 0.512137 4.13883e+09
-0.25 1.25 0.75 -0.320696 -0.235274 0.529057 3.6293e+09
0.25 -1.25 0.75 -0.490467 -0.175847 0.412978 1.6915e+10
0.75 -0.75 0.75 -0.467778 -0.0603472 0.439667 1.4293e+10
0.25 -0.25 0.75 -0.453415 -0.149809 0.442093 1.33079e+10
0.75 0.25 0.75 -0.427603 -0.00294334 0.458883 1.13811e+10
0.25 0.75 0.75 -0.353337 -0.101103 0.494385 8.92982e+09
0.75 1.25 0.75 -0.32392 0.0703152 0.496024 8.20261e+09
1.25 -1.25 0.75 -0.444323 0.0123287 0.457529 1.38823e+10
1.75 -0.75 0.75 -0.396236 0.106426 0.477847 1.22171e+10
1.25 -0.25 0.75 -0.419411 0.0626582 0.460245 1.24144e+10
1.75 0.25 0.75 -0.354706 0.174394 0.471681 1.14077e+10
1.25 0.75 0.75 -0.357605 0.151642 0.467444 1.04895e+10
1.75 1.25 0.75 -0.260136 0.260136 0.472385 1.01419e+10
2.25 -1.25 0.75 -0.364798 0.137713 0.505458 1.13655e+10
2.25 -0.25 0.75 -0.338678 0.193837 0.489312 1.13047e+10
2.25 0.75 0.75 -0.273099 0.273099 0.475271 1.10892e+10
-2.5 -1.5 1 0.0296696 -0.704895 0.485749 2.42802e+10
-2.5 -0.5 1 0.109357 -0.636445 0.537903 1.34168e+10
-2.5 0.5 1 0.195403 -0.559705 0.584533 7.63658e+09
-2.5 1.5 1 0.263647 -0.476835 0.628217 4.3751e+09
-1.5 -1.5 1 -0.139377 -0.614087 0.468728 3.99684e+10
-2 -1 1 0.0374317 -0.634421 0.510186 2.05394e+10
-1.5 -0.5 1 0.0617349 -0.589044 0.537084 1.95294e+10
-2 0 1 0.129098 -0.578546 0.557913 1.15298e+10
-1.5 0.5 1 0.127028 -0.523406 0.579074 9.83059e+09
-2 1 1 0.204191 -0.500626 0.605665 6.31324e+09
-1.5 1.5 1 0.215044 -0.433159 0.627564 5.34511e+09
-0.5 -1.5 1 -0.208258 -0.410935 0.45953 5.40669e+10
-1 -1 1 -0.155556 -0.538651 0.476432 3.96819e+10
-0.5 -0.5 1 -0.174659 -0.384307 0.491368 3.38314e+10
-1 0 1 0.0573971 -0.522893 0.555248 1.71542e+10
-0.5 0.5 1 0.0431702 -0.453796 0.570982 1.50242e+10
-1 1 1 0.139132 -0.439437 0.603037 8.34209e+09
-0.5 1.5 1 0.155147 -0.363046 0.620375 7.36117e+09
0.5 -1.5 1 -0.243559 -0.220319 0.481133 5.34703e+10
0 -1 1 -0.219782 -0.29194 0.477763 4.62692e+10
0.5 -0.5 1 -0.21362 -0.179257 0.496636 4.06297e+10
0 0 1 -0.176523 -0.257509 0.508749 2.97841e+10
0.5 0.5 1 -0.148552 -0.126822 0.523471 2.59959e+10
0 1 1 0.0407984 -0.339431 0.582404 1.3147e+10
0.5 1.5 1 -0.0203422 -0.173534 0.576494 1.25334e+10
1.5 -1.5 1 -0.246246 -0.0589073 0.512433 4.66085e+10
1 -1 1 -0.238302 -0.115676 0.498849 4.62098e+10
1.5 -0.5 1 -0.221823 -0.0154736 0.51086 4.10693e+10
1 0 1 -0.199598 -0.0651861 0.508478 3.59502e+10
1.5 0.5 1 -0.167879 0.0362522 0.514494 3.35482e+10
1 1 1 -0.125145 -0.0148729 0.527044 2.4106e+10
1.5 1.5 1 -0.0761345 0.0761345 0.527069 2.37596e+10
2.5 -1.5 1 -0.224716 0.0514192 0.550065 3.96533e+10
2 -1 1 -0.226949 0.0253948 0.525428 4.17127e+10
2.5 -0.5 1 -0.195517 0.0959001 0.533384 3.89503e+10
2 0 1 -0.188373 0.0704953 0.518058 3.82007e+10
2.5 0.5 1 -0.138448 0.138448 0.520504 3.72802e+10
2 1 1 -0.11436 0.11436 0.516521 3.28006e+10
2.5 1.5 1 -0.0362522 0.167879 0.514494 3.35482e+10
-2.25 -1.25 1.25 -0.355704 -0.548036 0.45096 4.15665e+09
-2.25 -0.25 1.25 -0.284227 -0.440985 0.542733 2.30265e+09
-2.25 0.75 1.25 -0.182096 -0.261816 0.646471 1.24469e+09
-1.25 -1.25 1.25 -0.427367 -0.534347 0.380379 1.15824e+10
-1.75 -0.75 1.25 -0.382135 -0.508205 0.441637 4.20156e+09
-1.25 -0.25 1.25 -0.385986 -0.490208 0.452068 4.05162e+09
-1.75 0.25 1.25 -0.317878 -0.362786 0.550771 2.06801e+09
-1.25 0.75 1.25 -0.31502 -0.292988 0.555833 1.79719e+09
-1.75 1.25 1.25 -0.202884 -0.188675 0.651097 1.08346e+09
-0.25 -1.25 1.25 -0.532416 -0.249452 0.367848 1.30028e+10
-0.75 -0.75 1.25 -0.469214 -0.391983 0.399263 1.01815e+10
-0.25 -0.25 1.25 -0.444206 -0.254164 0.433154 8.66782e+09
-0.75 0.25 1.25 -0.421221 -0.393326 0.47023 3.60311e+09
-0.25 0.75 1.25 -0.383147 -0.276652 0.494885 3.17273e+09
-0.75 1.25 1.25 -0.32049 -0.1938 0.564616 1.6302e+09
0.75 -1.25 1.25 -0.522772 -0.0430633 0.403634 1.24286e+10
0.25 -0.75 1.25 -0.518325 -0.13136 0.400063 1.11647e+10
0.75 -0.25 1.25 -0.489419 0.0080871 0.423673 9.96922e+09
0.25 0.25 1.25 -0.459785 -0.0932055 0.447522 7.67989e+09
0.75 0.75 1.25 -0.418333 0.0719286 0.457433 7.00385e+09
0.25 1.25 1.25 -0.324714 -0.136576 0.514982 2.92132e+09
1.75 -1.25 1.25 -0.458907 0.119087 0.453659 1.08659e+10
1.25 -0.75 1.25 -0.483637 0.062615 0.431241 1.09923e+10
1.75 -0.25 1.25 -0.428927 0.166926 0.450583 9.9866e+09
1.25 0.25 1.25 -0.433171 0.123699 0.443104 9.04512e+09
1.75 0.75 1.25 -0.351105 0.245257 0.453228 8.66929e+09
1.25 1.25 1.25 -0.317171 0.199363 0.471672 6.76549e+09
2.25 -0.75 1.25 -0.405488 0.199847 0.473132 9.94951e+09
2.25 0.25 1.25 -0.353926 0.26629 0.460776 9.50511e+09
2.25 1.25 1.25 -0.245257 0.351105 0.453228 8.66929e+09
-2.5 -1 1.5 0.0676254 -0.67221 0.510466 9.88149e+09
-2.5 0 1.5 0.154435 -0.615186 0.560015 5.88583e+09
-2.5 1 1.5 0.233985 -0.53255 0.610858 3.36986e+09
-2 -1.5 1.5 -0.00617575 -0.651003 0.47996 1.5065e+10
-1.5 -1 1.5 0.0217655 -0.605593 0.507664 1.53888e+10
-2 -0.5 1.5 0.0858186 -0.627604 0.532274 9.12194e+09
-1.5 0 1.5 0.0899148 -0.554392 0.555426 7.71373e+09
-2 0.5 1.5 0.170327 -0.549241 0.584998 4.91629e+09
-1.5 1 1.5 0.178849 -0.475811 0.609496 4.09925e+09
-2 1.5 1.5 0.24479 -0.468229 0.635236 2.79013e+09
-1 -1.5 1.5 -0.173681 -0.525429 0.445624 2.99535e+10
-0.5 -1 1.5 -0.200933 -0.406794 0.461148 2.7045e+10
-1 -0.5 1.5 -0.00277877 -0.559393 0.519677 1.41004e+10
-0.5 0 1.5 -0.0214459 -0.459497 0.534433 1.239e+10
-1 0.5 1.5 0.0971224 -0.477502 0.57527 6.64906e+09
-0.5 1 1.5 0.105093 -0.371522 0.59289 5.66465e+09
-1 1.5 1.5 0.190339 -0.389615 0.631659 3.47591e+09
0 -1.5 1.5 -0.237856 -0.317174 0.452378 3.70329e+10
0.5 -1 1.5 -0.233698 -0.200155 0.474428 3.25575e+10
0 -0.5 1.5 -0.199374 -0.276704 0.482373 2.36188e+10
0.5 0 1.5 -0.210125 -0.159533 0.493296 2.10641e+10
0 0.5 1.5 -0.130975 -0.291919 0.533208 1.14999e+10
0.5 1 1.5 -0.174117 -0.106912 0.528923 1.11079e+10
0 1.5 1.5 0.136227 -0.260103 0.602696 5.09695e+09
1 -1.5 1.5 -0.247634 -0.138254 0.483254 3.76422e+10
1.5 -1 1.5 -0.235219 -0.0445765 0.500647 3.37683e+10
1 -0.5 1.5 -0.228965 -0.0954939 0.48976 2.93547e+10
1.5 0 1.5 -0.206522 0.0032738 0.500329 2.72149e+10
1 0.5 1.5 -0.199691 -0.0388249 0.500991 1.9816e+10
1.5 1 1.5 -0.126857 0.0509422 0.512402 1.99022e+10
1 1.5 1.5 -0.0416732 -0.0419651 0.544692 1.24582e+10
2 -1.5 1.5 -0.237532 -0.00783237 0.521542 3.4611e+10
2.5 -1 1.5 -0.211241 0.064146 0.534089 3.20672e+10
2 -0.5 1.5 -0.210098 0.0394644 0.512201 3.11714e+10
2.5 0 1.5 -0.166405 0.110592 0.518949 3.00145e+10
2 0.5 1.5 -0.153556 0.0872067 0.508154 2.64153e+10
2.5 1 1.5 -0.0872067 0.153556 0.508154 2.64153e+10
2 1.5 1.5 -0.0509422 0.126857 0.512402 1.99022e+10
