449
-2.5 -1 -1.5 -0.325578 -0.244859 0.449201 1.02349e+11
-2.5 0 -1.5 -0.189474 -0.254395 0.503448 6.89745e+10
-2.5 1 -1.5 -0.0897344 -0.243177 0.564501 4.79002e+10
-2 -1.5 -1.5 -0.401143 -0.223537 0.435292 1.21293e+11
-1.5 -1 -1.5 -0.313838 -0.234561 0.464325 9.92963e+10
-2 -0.5 -1.5 -0.244127 -0.250644 0.480722 8.38403e+10
-1.5 0 -1.5 -0.165457 -0.256918 0.506717 6.89299e+10
-2 0.5 -1.5 -0.119862 -0.253769 0.532825 5.77583e+10
-1.5 1 -1.5 -0.0555249 -0.249063 0.558748 4.9214e+10
-2 1.5 -1.5 -0.0337825 -0.234717 0.594113 4.15688e+10
-1 -1.5 -1.5 -0.401351 -0.202247 0.456389 1.10242e+11
-0.5 -1 -1.5 -0.309406 -0.225099 0.477168 8.95113e+10
-1 -0.5 -1.5 -0.227295 -0.248242 0.487649 8.04832e+10
-0.5 0 -1.5 -0.142819 -0.257048 0.507013 6.62856e+10
-1 0.5 -1.5 -0.0911357 -0.257782 0.529212 5.7683e+10
-0.5 1 -1.5 -0.0212432 -0.250899 0.54865 4.95459e+10
-1 1.5 -1.5 0.00381134 -0.238506 0.581315 4.29785e+10
0 -1.5 -1.5 -0.398975 -0.191161 0.47396 9.08876e+10
0.5 -1 -1.5 -0.301762 -0.222351 0.487972 7.4265e+10
0 -0.5 -1.5 -0.216409 -0.245902 0.493309 7.30473e+10
0.5 0 -1.5 -0.121828 -0.251578 0.508307 6.10079e+10
0 0.5 -1.5 -0.0611937 -0.255767 0.523814 5.5996e+10
0.5 1 -1.5 0.0180393 -0.242471 0.537203 4.88586e+10
0 1.5 -1.5 0.0437847 -0.235083 0.564416 4.38989e+10
1 -1.5 -1.5 -0.392659 -0.193411 0.490042 6.40799e+10
1.5 -1 -1.5 -0.283513 -0.200392 0.507984 5.58789e+10
1 -0.5 -1.5 -0.198178 -0.232789 0.503076 6.22612e+10
1.5 0 -1.5 -0.081149 -0.226292 0.513971 5.29485e+10
1 0.5 -1.5 -0.0242913 -0.241689 0.519906 5.24383e+10
1.5 1 -1.5 0.059256 -0.218066 0.528177 4.72315e+10
1 1.5 -1.5 0.0859997 -0.218634 0.546737 4.45109e+10
2 -1.5 -1.5 -0.396903 -0.151011 0.527422 4.15767e+10
2.5 -1 -1.5 -0.236863 -0.135342 0.541339 3.52975e+10
2 -0.5 -1.5 -0.148253 -0.193423 0.519925 4.76409e+10
2.5 0 -1.5 -0.0387196 -0.164799 0.530538 4.24668e+10
2 0.5 -1.5 0.0181646 -0.203348 0.521996 4.71803e+10
2.5 1 -1.5 0.102588 -0.163118 0.524994 4.43252e+10
2 1.5 -1.5 0.12838 -0.180642 0.532014 4.47065e+10
-2.25 -0.75 -1.25 -0.122019 -0.475256 0.377973 2.1484e+10
-2.25 0.25 -1.25 -0.020394 -0.403417 0.466079 1.50411e+10
-2.25 1.25 -1.25 0.0419167 -0.329068 0.549352 1.08007e+10
-1.75 -1.25 -1.25 -0.209264 -0.511469 0.339934 2.52797e+10
-1.25 -0.75 -1.25 -0.143095 -0.494247 0.384672 2.11965e+10
-1.75 -0.25 -1.25 -0.070811 -0.451452 0.423596 1.80728e+10
-1.25 0.25 -1.25 -0.0156928 -0.42813 0.462211 1.52053e+10
-1.75 0.75 -1.25 0.0236058 -0.379355 0.504315 1.28596e+10
-1.25 1.25 -1.25 0.0673938 -0.352397 0.537395 1.11555e+10
-0.75 -1.25 -1.25 -0.24635 -0.506948 0.357945 2.35952e+10
-0.25 -0.75 -1.25 -0.170979 -0.496389 0.39587 1.97448e+10
-0.75 -0.25 -1.25 -0.0775093 -0.473741 0.42402 1.76272e+10
-0.25 0.25 -1.25 -0.00525448 -0.444217 0.458326 1.4781e+10
-0.75 0.75 -1.25 0.0406458 -0.39876 0.495491 1.29653e+10
-0.25 1.25 -1.25 0.097323 -0.365561 0.522304 1.13428e+10
0.25 -1.25 -1.25 -0.27884 -0.498769 0.380252 2.05339e+10
0.75 -0.75 -1.25 -0.175847 -0.490467 0.412978 1.6915e+10
0.25 -0.25 -1.25 -0.0822464 -0.476219 0.430109 1.63313e+10
0.75 0.25 -1.25 0.0123287 -0.444323 0.457529 1.38823e+10
0.25 0.75 -1.25 0.0673974 -0.408535 0.485589 1.27395e+10
0.75 1.25 -1.25 0.137713 -0.364798 0.505458 1.13655e+10
1.25 -1.25 -1.25 -0.271615 -0.459285 0.418974 1.53116e+10
1.75 -0.75 -1.25 -0.149809 -0.453415 0.442093 1.33079e+10
1.25 -0.25 -1.25 -0.0603472 -0.467778 0.439667 1.4293e+10
1.75 0.25 -1.25 0.0626582 -0.419411 0.460245 1.24144e+10
1.25 0.75 -1.25 0.106426 -0.396236 0.477847 1.22171e+10
1.75 1.25 -1.25 0.193837 -0.338678 0.489312 1.13047e+10
2.25 -1.25 -1.25 -0.252115 -0.3963 0.473344 1.04821e+10
2.25 -0.25 -1.25 -0.00294334 -0.427603 0.458883 1.13811e+10
2.25 0.75 -1.25 0.174394 -0.354706 0.471681 1.14077e+10
-2.5 -1.5 -1 -0.411228 -0.235076 0.402811 9.51329e+10
-2.5 -0.5 -1 -0.273639 -0.252316 0.459348 7.25757e+10
-2.5 0.5 -1 -0.15773 -0.253882 0.521276 5.22e+10
-2.5 1.5 -1 -0.0717985 -0.235895 0.589972 3.8275e+10
-1.5 -1.5 -1 -0.401629 -0.215151 0.424228 8.80763e+10
-2 -1 -1 -0.33576 -0.239157 0.438667 8.28982e+10
-1.5 -0.5 -1 -0.256055 -0.249229 0.468276 7.01258e+10
-2 0 -1 -0.198945 -0.255363 0.492122 6.14571e+10
-1.5 0.5 -1 -0.126973 -0.256254 0.520682 5.21563e+10
-2 1 -1 -0.0934942 -0.249066 0.553056 4.49436e+10
-1.5 1.5 -1 -0.03298 -0.239206 0.581178 3.93592e+10
-0.5 -1.5 -1 -0.40652 -0.204219 0.442603 7.30789e+10
-1 -1 -1 -0.322935 -0.229356 0.451525 7.55402e+10
-0.5 -0.5 -1 -0.239931 -0.245998 0.474541 6.38596e+10
-1 0 -1 -0.176427 -0.256846 0.494019 5.90224e+10
-0.5 0.5 -1 -0.0958294 -0.256944 0.516303 5.0277e+10
-1 1 -1 -0.0571252 -0.25069 0.545679 4.50124e+10
-0.5 1.5 -1 0.00808423 -0.236738 0.567095 3.97955e+10
0.5 -1.5 -1 -0.410935 -0.208258 0.45953 5.40669e+10
0 -1 -1 -0.324187 -0.231603 0.462401 6.32776e+10
0.5 -0.5 -1 -0.220319 -0.243559 0.481133 5.34703e+10
0 0 -1 -0.149309 -0.253386 0.494594 5.38854e+10
0.5 0.5 -1 -0.0589073 -0.246246 0.512433 4.66085e+10
0 1 -1 -0.0185334 -0.245636 0.53563 4.38963e+10
0.5 1.5 -1 0.0514192 -0.224716 0.550065 3.96533e+10
1.5 -1.5 -1 -0.384307 -0.174659 0.491368 3.38314e+10
1 -1 -1 -0.29194 -0.219782 0.477763 4.62692e+10
1.5 -0.5 -1 -0.179257 -0.21362 0.496636 4.06297e+10
1 0 -1 -0.115676 -0.238302 0.498849 4.62098e+10
1.5 0.5 -1 -0.0154736 -0.221823 0.51086 4.10693e+10
1 1 -1 0.0253948 -0.226949 0.525428 4.17127e+10
1.5 1.5 -1 0.0959001 -0.195517 0.533384 3.89503e+10
2.5 -1.5 -1 -0.453796 0.0431702 0.570982 1.50242e+10
2 -1 -1 -0.257509 -0.176523 0.508749 2.97841e+10
2.5 -0.5 -1 -0.126822 -0.148552 0.523471 2.59959e+10
2 0 -1 -0.0651861 -0.199598 0.508478 3.59502e+10
2.5 0.5 -1 0.0362522 -0.167879 0.514494 3.35482e+10
2 1 -1 0.0704953 -0.188373 0.518058 3.82007e+10
2.5 1.5 -1 0.138448 -0.138448 0.520504 3.72802e+10
-2.25 -1.25 -0.75 -0.133507 -0.542499 0.29385 1.9612e+10
-2.25 -0.25 -0.75 -0.0155633 -0.490034 0.384015 1.5332e+10
-2.25 0.75 -0.75 0.0652044 -0.411454 0.479365 1.13983e+10
-1.25 -1.25 -0.75 -0.169147 -0.5569 0.308289 1.87308e+10
-1.75 -0.75 -0.75 -0.089181 -0.530088 0.341057 1.75528e+10
-1.25 -0.25 -0.75 -0.0341373 -0.515875 0.385199 1.52343e+10
-1.75 0.25 -0.75 0.0293985 -0.468074 0.429603 1.33257e+10
-1.25 0.75 -0.75 0.0753181 -0.441464 0.469773 1.15867e+10
-1.75 1.25 -0.75 0.10145 -0.3873 0.518719 1.00386e+10
-0.25 -1.25 -0.75 -0.233034 -0.542983 0.334698 1.66577e+10
-0.75 -0.75 -0.75 -0.116211 -0.550574 0.349226 1.65303e+10
-0.25 -0.25 -0.75 -0.0418145 -0.531938 0.388937 1.42517e+10
-0.75 0.25 -0.75 0.0257351 -0.490431 0.425931 1.31226e+10
-0.25 0.75 -0.75 0.090904 -0.457695 0.461205 1.14073e+10
-0.75 1.25 -0.75 0.124675 -0.409737 0.504237 1.02107e+10
0.75 -1.25 -0.75 -0.249452 -0.532416 0.367848 1.30028e+10
0.25 -0.75 -0.75 -0.144404 -0.545492 0.368419 1.45048e+10
0.75 -0.25 -0.75 -0.0430633 -0.522772 0.403634 1.24286e+10
0.25 0.25 -0.75 0.0381612 -0.500157 0.425435 1.22747e+10
0.75 0.75 -0.75 0.119087 -0.458907 0.453659 1.08659e+10
0.25 1.25 -0.75 0.153942 -0.418379 0.488583 1.01841e+10
1.75 -1.25 -0.75 -0.254164 -0.444206 0.433154 8.66782e+09
1.25 -0.75 -0.75 -0.13136 -0.518325 0.400063 1.11647e+10
1.75 -0.25 -0.75 0.0080871 -0.489419 0.423673 9.96922e+09
1.25 0.25 -0.75 0.062615 -0.483637 0.431241 1.09923e+10
1.75 0.75 -0.75 0.166926 -0.428927 0.450583 9.9866e+09
1.25 1.25 -0.75 0.199847 -0.405488 0.473132 9.94951e+09
2.25 -0.75 -0.75 -0.0932055 -0.459785 0.447522 7.67989e+09
2.25 0.25 -0.75 0.123699 -0.433171 0.443104 9.04512e+09
2.25 1.25 -0.75 0.26629 -0.353926 0.460776 9.50511e+09
-2.5 -1 -0.5 -0.34577 -0.244657 0.413375 6.2233e+10
-2.5 0 -0.5 -0.228795 -0.258656 0.474549 4.99979e+10
-2.5 1 -0.5 -0.128651 -0.251845 0.54369 3.80515e+10
-2 -1.5 -0.5 -0.4029 -0.226949 0.39706 6.27046e+10
-1.5 -1 -0.5 -0.33346 -0.239317 0.426605 5.75383e+10
-2 -0.5 -0.5 -0.275365 -0.250811 0.447944 5.55726e+10
-1.5 0 -0.5 -0.202327 -0.256591 0.47923 4.83253e+10
-2 0.5 -0.5 -0.159944 -0.258317 0.508951 4.35269e+10
-1.5 1 -0.5 -0.0919595 -0.253933 0.539369 3.8095e+10
-2 1.5 -0.5 -0.0681582 -0.242645 0.577343 3.36553e+10
-1 -1.5 -0.5 -0.397667 -0.216339 0.414629 5.35852e+10
-0.5 -1 -0.5 -0.322407 -0.230176 0.440025 4.90257e+10
-1 -0.5 -0.5 -0.258102 -0.248723 0.455394 5.07885e+10
-0.5 0 -0.5 -0.177068 -0.25905 0.479791 4.42123e+10
-1 0.5 -0.5 -0.127021 -0.258937 0.506551 4.20219e+10
-0.5 1 -0.5 -0.0510566 -0.250167 0.531276 3.69027e+10
-1 1.5 -0.5 -0.0260669 -0.241392 0.56639 3.38096e+10
0 -1.5 -0.5 -0.411249 -0.21979 0.432598 4.13029e+10
0.5 -1 -0.5 -0.317174 -0.237856 0.452378 3.70329e+10
0 -0.5 -0.5 -0.238605 -0.248961 0.461443 4.30623e+10
0.5 0 -0.5 -0.138254 -0.247634 0.483254 3.76422e+10
0 0.5 -0.5 -0.089251 -0.253701 0.50293 3.85965e+10
0.5 1 -0.5 -0.00783237 -0.237532 0.521542 3.4611e+10
0 1.5 -0.5 0.0183791 -0.23233 0.551227 3.32796e+10
1 -1.5 -0.5 -0.406794 -0.200933 0.461148 2.7045e+10
1.5 -1 -0.5 -0.276704 -0.199374 0.482373 2.36188e+10
1 -0.5 -0.5 -0.200155 -0.233698 0.474428 3.25575e+10
1.5 0 -0.5 -0.0954939 -0.228965 0.48976 2.93547e+10
1 0.5 -0.5 -0.0445765 -0.235219 0.500647 3.37683e+10
1.5 1 -0.5 0.0394644 -0.210098 0.512201 3.11714e+10
1 1.5 -0.5 0.064146 -0.211241 0.534089 3.20672e+10
2 -1.5 -0.5 -0.459497 -0.0214459 0.534433 1.239e+10
2.5 -1 -0.5 -0.291919 -0.130975 0.533208 1.14999e+10
2 -0.5 -0.5 -0.159533 -0.210125 0.493296 2.10641e+10
2.5 0 -0.5 -0.0388249 -0.199691 0.500991 1.9816e+10
2 0.5 -0.5 0.0032738 -0.206522 0.500329 2.72149e+10
2.5 1 -0.5 0.0872067 -0.153556 0.508154 2.64153e+10
2 1.5 -0.5 0.110592 -0.166405 0.518949 3.00145e+10
-2.25 -0.75 -0.25 -0.0190642 -0.552015 0.306001 1.30417e+10
-2.25 0.25 -0.25 0.0736911 -0.489621 0.402401 1.07414e+10
-2.25 1.25 -0.25 0.135543 -0.410961 0.501902 8.39956e+09
-1.75 -1.25 -0.25 -0.110116 -0.567587 0.276636 1.34713e+10
-1.25 -0.75 -0.25 -0.0593937 -0.575367 0.31494 1.26578e+10
-1.75 -0.25 -0.25 0.022958 -0.542496 0.352203 1.19721e+10
-1.25 0.25 -0.25 0.0653063 -0.522797 0.396976 1.0699e+10
-1.75 0.75 -0.25 0.10896 -0.468295 0.447443 9.60882e+09
-1.25 1.25 -0.25 0.149927 -0.440958 0.487726 8.61254e+09
-0.75 -1.25 -0.25 -0.154233 -0.588712 0.295326 1.20669e+10
-0.25 -0.75 -0.25 -0.083635 -0.587043 0.330113 1.12411e+10
-0.75 -0.25 -0.25 -0.00481734 -0.561143 0.356877 1.14247e+10
-0.25 0.25 -0.25 0.064983 -0.538871 0.39703 1.01614e+10
-0.75 0.75 -0.25 0.11937 -0.494374 0.438144 9.53183e+09
-0.25 1.25 -0.25 0.172487 -0.459046 0.472778 8.57687e+09
0.25 -1.25 -0.25 -0.216141 -0.57584 0.330695 9.97227e+09
0.75 -0.75 -0.25 -0.103732 -0.571153 0.362931 9.03485e+09
0.25 -0.25 -0.25 -0.00354035 -0.569437 0.368426 1.01025e+10
0.75 0.25 -0.25 0.0782658 -0.537288 0.403457 9.03295e+09
0.25 0.75 -0.25 0.134897 -0.50337 0.43236 9.07915e+09
0.75 1.25 -0.25 0.204952 -0.456783 0.459031 8.31841e+09
1.25 -1.25 -0.25 -0.234919 -0.514854 0.38931 7.01464e+09
1.75 -0.75 -0.25 -0.0910843 -0.524429 0.408171 6.3073e+09
1.25 -0.25 -0.25 5.18239e-05 -0.539658 0.395033 8.18112e+09
1.75 0.25 -0.25 0.113788 -0.501203 0.419673 7.54071e+09
1.25 0.75 -0.25 0.171943 -0.489556 0.430097 8.28445e+09
1.75 1.25 -0.25 0.262384 -0.423474 0.447643 7.79186e+09
2.25 -1.25 -0.25 -0.307654 -0.460143 0.452305 2.72033e+09
2.25 -0.25 -0.25 0.0365511 -0.480615 0.434291 5.85675e+09
2.25 0.75 -0.25 0.23152 -0.429518 0.436965 7.08809e+09
-2.5 -1.5 0 -0.397502 -0.23478 0.375315 4.09996e+10
-2.5 -0.5 0 -0.291936 -0.255449 0.428524 4.01118e+10
-2.5 0.5 0 -0.188896 -0.261005 0.495686 3.36714e+10
-2.5 1.5 0 -0.102243 -0.247547 0.570761 2.69562e+10
-1.5 -1.5 0 -0.394212 -0.23618 0.390785 3.62919e+10
-2 -1 0 -0.334823 -0.240846 0.407195 4.02713e+10
-1.5 -0.5 0 -0.268154 -0.248763 0.438538 3.72034e+10
-2 0 0 -0.225439 -0.259853 0.46379 3.64501e+10
-1.5 0.5 0 -0.155595 -0.262252 0.495561 3.26884e+10
-2 1 0 -0.123859 -0.257091 0.531106 3.01505e+10
-1.5 1.5 0 -0.0588983 -0.246269 0.563382 2.70837e+10
-0.5 -1.5 0 -0.403214 -0.21232 0.416278 2.9058e+10
-1 -1 0 -0.324595 -0.23593 0.420691 3.46753e+10
-0.5 -0.5 0 -0.251118 -0.255555 0.443372 3.20764e+10
-1 0 0 -0.195692 -0.259365 0.466124 3.37355e+10
-0.5 0.5 0 -0.115619 -0.2587 0.493243 3.00806e+10
-1 1 0 -0.0827863 -0.255969 0.525177 2.91963e+10
-0.5 1.5 0 -0.0135311 -0.240419 0.550637 2.64422e+10
0.5 -1.5 0 -0.425969 -0.21746 0.437198 2.00509e+10
0 -1 0 -0.320943 -0.23965 0.432772 2.72073e+10
0.5 -0.5 0 -0.216378 -0.244572 0.455617 2.47726e+10
0 0 0 -0.161282 -0.257344 0.468844 2.88114e+10
0.5 0.5 0 -0.0720466 -0.248241 0.491015 2.61186e+10
0 1 0 -0.0370468 -0.246654 0.516817 2.7173e+10
0.5 1.5 0 0.0333717 -0.224606 0.534672 2.51526e+10
1.5 -1.5 0 -0.442967 -0.163396 0.492525 1.07644e+10
1 -1 0 -0.299673 -0.22177 0.458408 1.81132e+10
1.5 -0.5 0 -0.192838 -0.250283 0.471123 1.66188e+10
1 0 0 -0.116987 -0.244357 0.475182 2.26958e+10
1.5 0.5 0 -0.0286764 -0.22577 0.491499 2.11413e+10
1 1 0 0.00772301 -0.228474 0.507724 2.42119e+10
1.5 1.5 0 0.0826031 -0.191241 0.518421 2.3086e+10
2.5 -1.5 0 -0.37938 0.0619666 0.564207 4.36158e+09
2 -1 0 -0.289699 -0.246072 0.49151 9.80802e+09
2.5 -0.5 0 -0.184145 -0.166303 0.512762 1.02535e+10
2 0 0 -0.0891388 -0.220797 0.489574 1.59276e+10
2.5 0.5 0 0.0292149 -0.165329 0.500361 1.5449e+10
2 1 0 0.0616936 -0.183831 0.501811 2.02662e+10
2.5 1.5 0 0.128075 -0.128075 0.506273 2.00529e+10
-2.25 -1.25 0.25 -0.0315739 -0.581234 0.251982 8.72078e+09
-2.25 -0.25 0.25 0.0753751 -0.54548 0.330861 8.62552e+09
-2.25 0.75 0.25 0.146703 -0.482724 0.429555 7.38796e+09
-1.25 -1.25 0.25 -0.0879473 -0.60013 0.273632 8.25038e+09
-1.75 -0.75 0.25 0.0185027 -0.585121 0.291016 8.77913e+09
-1.25 -0.25 0.25 0.0479315 -0.580621 0.331223 8.36775e+09
-1.75 0.25 0.25 0.104543 -0.535959 0.375815 8.08039e+09
-1.25 0.75 0.25 0.145958 -0.514595 0.420022 7.43161e+09
-1.75 1.25 0.25 0.177575 -0.461033 0.473808 6.78839e+09
-0.25 -1.25 0.25 -0.139431 -0.616107 0.299009 6.92469e+09
-0.75 -0.75 0.25 -0.0429364 -0.598767 0.306189 8.09281e+09
-0.25 -0.25 0.25 0.0305751 -0.594146 0.342991 7.60084e+09
-0.75 0.25 0.25 0.103038 -0.56278 0.373722 7.76918e+09
-0.25 0.75 0.25 0.158203 -0.534142 0.413476 7.13636e+09
-0.75 1.25 0.25 0.190962 -0.486114 0.459412 6.81706e+09
0.75 -1.25 0.25 -0.218736 -0.57282 0.355266 5.17245e+09
0.25 -0.75 0.25 -0.0574584 -0.607539 0.332575 6.67743e+09
0.75 -0.25 0.25 0.0197584 -0.587177 0.367472 6.26927e+09
0.25 0.25 0.25 0.10207 -0.570535 0.380804 7.02701e+09
0.75 0.75 0.25 0.177408 -0.529543 0.413621 6.50782e+09
0.25 1.25 0.25 0.215154 -0.496294 0.446181 6.5848e+09
1.75 -1.25 0.25 -0.301558 -0.515697 0.416459 3.36579e+09
1.25 -0.75 0.25 -0.097407 -0.551377 0.385479 5.01776e+09
1.75 -0.25 0.25 0.0344318 -0.543706 0.410724 4.68628e+09
1.25 0.25 0.25 0.127066 -0.554081 0.397256 5.89496e+09
1.75 0.75 0.25 0.226846 -0.495985 0.420089 5.57426e+09
1.25 1.25 0.25 0.256848 -0.476455 0.436909 6.13458e+09
2.25 -0.75 0.25 -0.123015 -0.505401 0.446651 3.20751e+09
2.25 0.25 0.25 0.169851 -0.492358 0.429843 4.46144e+09
2.25 1.25 0.25 0.325651 -0.415097 0.433181 5.36478e+09
-2.5 -1 0.5 -0.343685 -0.247344 0.39155 2.57789e+10
-2.5 0 0.5 -0.243798 -0.260306 0.450456 2.54874e+10
-2.5 1 0.5 -0.153986 -0.260312 0.521986 2.23008e+10
-2 -1.5 0.5 -0.394726 -0.23546 0.380024 2.29422e+10
-1.5 -1 0.5 -0.324126 -0.234327 0.40808 2.28969e+10
-2 -0.5 0.5 -0.280497 -0.253523 0.424052 2.52052e+10
-1.5 0 0.5 -0.215107 -0.262404 0.454004 2.38986e+10
-2 0.5 0.5 -0.180291 -0.26334 0.485375 2.37315e+10
-1.5 1 0.5 -0.111225 -0.258867 0.518806 2.17639e+10
-2 1.5 0.5 -0.0906951 -0.251081 0.558784 2.04582e+10
-1 -1.5 0.5 -0.405838 -0.216801 0.402478 1.88093e+10
-0.5 -1 0.5 -0.333809 -0.252065 0.415936 1.87554e+10
-1 -0.5 0.5 -0.257636 -0.252649 0.431217 2.23299e+10
-0.5 0 0.5 -0.175678 -0.259977 0.457065 2.07316e+10
-1 0.5 0.5 -0.140004 -0.263816 0.483822 2.20343e+10
-0.5 1 0.5 -0.0657618 -0.25391 0.512313 2.02429e+10
-1 1.5 0.5 -0.0439978 -0.245834 0.549353 1.99584e+10
0 -1.5 0.5 -0.465095 -0.213854 0.421722 1.37717e+10
0.5 -1 0.5 -0.312885 -0.234874 0.440047 1.29464e+10
0 -0.5 0.5 -0.231262 -0.255763 0.439804 1.75826e+10
0.5 0 0.5 -0.142885 -0.248327 0.465786 1.65805e+10
0 0.5 0.5 -0.0951592 -0.254102 0.483508 1.92231e+10
0.5 1 0.5 -0.0177948 -0.239721 0.504176 1.79573e+10
0 1.5 0.5 0.00381953 -0.235754 0.534995 1.88181e+10
1 -1.5 0.5 -0.457071 -0.181962 0.474098 7.96247e+09
1.5 -1 0.5 -0.39171 -0.185631 0.481354 8.4873e+09
1 -0.5 0.5 -0.217877 -0.227936 0.464489 1.26567e+10
1.5 0 0.5 -0.108636 -0.226188 0.47901 1.1803e+10
1 0.5 0.5 -0.0545677 -0.241879 0.483401 1.55861e+10
1.5 1 0.5 0.0264174 -0.21209 0.497908 1.49419e+10
1 1.5 0.5 0.0522304 -0.211131 0.519428 1.70664e+10
2 -1.5 0.5 -0.437034 0.0856025 0.555501 3.75055e+09
2.5 -1 0.5 -0.357902 0.102019 0.567887 3.52483e+09
2 -0.5 0.5 -0.216685 -0.172464 0.49852 7.76028e+09
2.5 0 0.5 -0.105243 -0.134161 0.511633 7.56411e+09
2 0.5 0.5 -0.0157351 -0.196056 0.492459 1.15213e+10
2.5 1 0.5 0.0744034 -0.138007 0.500634 1.13443e+10
2 1.5 0.5 0.102414 -0.161309 0.50628 1.46031e+10
-2.25 -0.75 0.75 0.0682009 -0.574879 0.280126 5.6451e+09
-2.25 0.25 0.75 0.15194 -0.535117 0.363483 5.62925e+09
-2.25 1.25 0.75 0.20777 -0.469058 0.46434 4.9966e+09
-1.75 -1.25 0.75 0.00130687 -0.610618 0.258103 5.1555e+09
-1.25 -0.75 0.75 0.0202814 -0.608316 0.290162 5.27979e+09
-1.75 -0.25 0.75 0.0941455 -0.577172 0.318974 5.68659e+09
-1.25 0.25 0.75 0.132143 -0.56918 0.359583 5.53885e+09
-1.75 0.75 0.75 0.178197 -0.524197 0.407258 5.3884e+09
-1.25 1.25 0.75 0.214432 -0.500993 0.449836 5.08337e+09
-0.75 -1.25 0.75 -0.120673 -0.609367 0.284945 4.56174e+09
-0.25 -0.75 0.75 -0.0335725 -0.631617 0.311377 4.62066e+09
-0.75 -0.25 0.75 0.0807627 -0.608104 0.324792 5.28432e+09
-0.25 0.25 0.75 0.138169 -0.587339 0.364483 5.08864e+09
-0.75 0.75 0.75 0.180773 -0.548368 0.400968 5.26114e+09
-0.25 1.25 0.75 0.227618 -0.520484 0.436737 4.95692e+09
0.25 -1.25 0.75 -0.201729 -0.613848 0.326703 3.47633e+09
0.75 -0.75 0.75 -0.0705087 -0.589124 0.365837 3.53144e+09
0.25 -0.25 0.75 0.0573057 -0.612041 0.348653 4.49158e+09
0.75 0.25 0.75 0.131484 -0.582216 0.380364 4.36934e+09
0.25 0.75 0.75 0.191799 -0.561429 0.398814 4.8375e+09
0.75 1.25 0.75 0.259441 -0.515382 0.428063 4.59631e+09
1.25 -1.25 0.75 -0.29947 -0.574772 0.385592 2.49102e+09
1.75 -0.75 0.75 -0.147708 -0.58011 0.412547 2.54542e+09
1.25 -0.25 0.75 0.0595278 -0.596821 0.385097 3.54273e+09
1.75 0.25 0.75 0.167721 -0.546747 0.411096 3.34204e+09
1.25 0.75 0.75 0.219723 -0.537586 0.408045 4.16363e+09
1.75 1.25 0.75 0.311053 -0.475627 0.426167 4.02003e+09
2.25 -1.25 0.75 -0.197755 -0.515725 0.472279 8.42953e+08
2.25 -0.25 0.75 0.0226159 -0.525493 0.443835 2.34211e+09
2.25 0.75 0.75 0.279799 -0.477829 0.428006 3.23377e+09
-2.5 -1.5 1 -0.392962 -0.246361 0.372195 1.29846e+10
-2.5 -0.5 1 -0.289891 -0.250938 0.415304 1.59e+10
-2.5 0.5 1 -0.203096 -0.262396 0.477436 1.6056e+10
-2.5 1.5 1 -0.122719 -0.257205 0.55309 1.45605e+10
-1.5 -1.5 1 -0.408189 -0.238556 0.391501 1.09243e+10
-2 -1 1 -0.33217 -0.250736 0.395468 1.40207e+10
-1.5 -0.5 1 -0.275506 -0.255574 0.422927 1.44638e+10
-2 0 1 -0.232742 -0.25966 0.446778 1.58237e+10
-1.5 0.5 1 -0.162991 -0.264223 0.477109 1.51858e+10
-2 1 1 -0.138847 -0.261179 0.512862 1.52463e+10
-1.5 1.5 1 -0.0727623 -0.249093 0.5478 1.42871e+10
-0.5 -1.5 1 -0.491602 -0.232915 0.407347 9.06371e+09
-1 -1 1 -0.347319 -0.238741 0.412007 1.21351e+10
-0.5 -0.5 1 -0.248214 -0.261449 0.42926 1.17839e+10
-1 0 1 -0.196663 -0.268338 0.447149 1.40532e+10
-0.5 0.5 1 -0.114898 -0.257495 0.477686 1.33696e+10
-1 1 1 -0.0907009 -0.254843 0.509318 1.42863e+10
-0.5 1.5 1 -0.0254163 -0.241651 0.536197 1.34541e+10
0.5 -1.5 1 -0.515415 -0.0877069 0.477335 4.86452e+09
0 -1 1 -0.343575 -0.254355 0.425792 8.70636e+09
0.5 -0.5 1 -0.225683 -0.213623 0.457586 8.65264e+09
0 0 1 -0.150992 -0.245226 0.458568 1.14156e+10
0.5 0.5 1 -0.080098 -0.244465 0.479426 1.10345e+10
0 1 1 -0.0455836 -0.247827 0.502212 1.27116e+10
0.5 1.5 1 0.0245129 -0.224709 0.521574 1.21253e+10
1.5 -1.5 1 -0.459354 0.0840674 0.54923 2.82007e+09
1 -1 1 -0.417786 -0.109328 0.486387 5.71589e+09
1.5 -0.5 1 -0.299976 -0.164656 0.486729 5.56904e+09
1 0 1 -0.153963 -0.238362 0.469982 8.48983e+09
1.5 0.5 1 -0.0539255 -0.220027 0.48553 8.18363e+09
1 1 1 -0.00251182 -0.226369 0.496368 1.05654e+10
1.5 1.5 1 0.0701977 -0.188509 0.508393 1.02623e+10
2.5 -1.5 1 -0.418755 0.123747 0.5985 1.41004e+09
2 -1 1 -0.410341 0.0757683 0.554557 2.67686e+09
2.5 -0.5 1 -0.327835 0.0977051 0.566166 2.51679e+09
2 0 1 -0.157614 -0.157663 0.500041 5.3675e+09
2.5 0.5 1 -0.0457133 -0.117206 0.510624 5.23272e+09
2 1 1 0.0351024 -0.176738 0.497392 8.00051e+09
2.5 1.5 1 0.11372 -0.11372 0.501918 7.93075e+09
-2.25 -1.25 1.25 0.0244524 -0.594905 0.255867 2.96768e+09
-2.25 -0.25 1.25 0.152802 -0.560854 0.318267 3.57763e+09
-2.25 0.75 1.25 0.215626 -0.519094 0.402843 3.63082e+09
-1.25 -1.25 1.25 -0.0626451 -0.621487 0.281303 2.68647e+09
-1.75 -0.75 1.25 0.0725083 -0.597983 0.289672 3.26407e+09
-1.25 -0.25 1.25 0.101699 -0.603001 0.319488 3.43387e+09
-1.75 0.25 1.25 0.169238 -0.567862 0.353622 3.65301e+09
-1.25 0.75 1.25 0.208861 -0.552926 0.394663 3.62453e+09
-1.75 1.25 1.25 0.240289 -0.505846 0.44528 3.54934e+09
-0.25 -1.25 1.25 -0.193553 -0.635012 0.313234 2.25773e+09
-0.75 -0.75 1.25 0.0208062 -0.643382 0.300924 2.92852e+09
-0.25 -0.25 1.25 0.100092 -0.629251 0.335633 3.0137e+09
-0.75 0.25 1.25 0.161299 -0.593527 0.356598 3.46772e+09
-0.25 0.75 1.25 0.210397 -0.571639 0.392347 3.39528e+09
-0.75 1.25 1.25 0.246514 -0.530437 0.432511 3.51381e+09
0.75 -1.25 1.25 -0.286624 -0.6404 0.36308 1.07781e+09
0.25 -0.75 1.25 -0.0429192 -0.632994 0.344867 2.34487e+09
0.75 -0.25 1.25 0.0553378 -0.602782 0.37175 2.43368e+09
0.25 0.25 1.25 0.151344 -0.606517 0.367937 2.99401e+09
0.75 0.75 1.25 0.227213 -0.568412 0.397876 2.96844e+09
0.25 1.25 1.25 0.262685 -0.541932 0.422686 3.27991e+09
1.75 -1.25 1.25 -0.175174 -0.586902 0.455761 6.22832e+08
1.25 -0.75 1.25 -0.158512 -0.610324 0.385889 1.67618e+09
1.75 -0.25 1.25 0.00175537 -0.589688 0.417026 1.68243e+09
1.25 0.25 1.25 0.154776 -0.583504 0.396367 2.41102e+09
1.75 0.75 1.25 0.259699 -0.531025 0.418432 2.32683e+09
1.25 1.25 1.25 0.303125 -0.517925 0.421358 2.87688e+09
2.25 -0.75 1.25 -0.063923 -0.553678 0.46605 6.03057e+08
2.25 0.25 1.25 0.154854 -0.520287 0.444912 1.60844e+09
2.25 1.25 1.25 0.361618 -0.45539 0.430669 2.27835e+09
-2.5 -1 1.5 -0.344421 -0.248181 0.396818 8.05124e+09
-2.5 0 1.5 -0.244709 -0.248811 0.44551 9.74038e+09
-2.5 1 1.5 -0.167687 -0.264315 0.508222 1.00318e+10
-2 -1.5 1.5 -0.43156 -0.282279 0.382191 6.27074e+09
-1.5 -1 1.5 -0.356001 -0.237427 0.411117 7.0476e+09
-2 -0.5 1.5 -0.2851 -0.244883 0.423733 8.68941e+09
-1.5 0 1.5 -0.226279 -0.267068 0.444487 8.97573e+09
-2 0.5 1.5 -0.188652 -0.263004 0.473896 9.81166e+09
-1.5 1 1.5 -0.11597 -0.255076 0.507562 9.53097e+09
-2 1.5 1.5 -0.103198 -0.254361 0.545811 9.67679e+09
-1 -1.5 1.5 -0.503881 -0.188847 0.428982 5.02117e+09
-0.5 -1 1.5 -0.402569 -0.247404 0.419945 5.42669e+09
-1 -0.5 1.5 -0.290164 -0.277764 0.420816 7.50455e+09
-0.5 0 1.5 -0.168688 -0.259093 0.450742 7.39847e+09
-1 0.5 1.5 -0.1379 -0.257997 0.474812 8.77637e+09
-0.5 1 1.5 -0.0699594 -0.245703 0.503608 8.54544e+09
-1 1.5 1.5 -0.0524688 -0.242141 0.538722 9.16389e+09
0 -1.5 1.5 -0.526248 -0.081764 0.472896 3.01748e+09
0.5 -1 1.5 -0.364283 -0.176757 0.479411 3.33731e+09
0 -0.5 1.5 -0.227149 -0.234953 0.446891 5.44595e+09
0.5 0 1.5 -0.167121 -0.213379 0.470547 5.6971e+09
0 0.5 1.5 -0.0992794 -0.242684 0.478229 7.36834e+09
0.5 1 1.5 -0.03015 -0.232158 0.497661 7.18799e+09
0 1.5 1.5 -0.00500298 -0.231884 0.525485 8.27065e+09
1 -1.5 1.5 -0.448835 0.0263572 0.534966 1.70495e+09
1.5 -1 1.5 -0.416672 0.072553 0.554038 1.85286e+09
1 -0.5 1.5 -0.349415 -0.173751 0.474253 3.83444e+09
1.5 0 1.5 -0.228677 -0.187109 0.487719 3.69848e+09
1 0.5 1.5 -0.0948882 -0.224822 0.483046 5.5709e+09
1.5 1 1.5 -0.00480807 -0.199888 0.49673 5.4207e+09
1 1.5 1.5 0.0400754 -0.205647 0.512485 6.97488e+09
2 -1.5 1.5 -0.45228 0.103461 0.594947 1.02074e+09
2.5 -1 1.5 -0.382575 0.100862 0.60396 9.38415e+08
2 -0.5 1.5 -0.368222 0.068893 0.557249 1.7693e+09
2.5 0 1.5 -0.288647 0.0958898 0.565856 1.67817e+09
2 0.5 1.5 -0.0984582 -0.159319 0.502952 3.55739e+09
2.5 1 1.5 0.0111978 -0.100646 0.511958 3.48489e+09
2 1.5 1.5 0.0777677 -0.149745 0.505123 5.3355e+09
