449
-2.5 -1 -1.5 -0.0332431 -0.847789 0.371076 3.16943e+09
-2.5 0 -1.5 0.085506 -0.818106 0.393596 2.89099e+09
-2.5 1 -1.5 0.185211 -0.769589 0.401367 2.39382e+09
-2 -1.5 -1.5 -0.0878902 -0.841646 0.383734 3.56052e+09
-1.5 -1 -1.5 0.0031682 -0.818457 0.427793 3.69859e+09
-2 -0.5 -1.5 0.0530144 -0.821492 0.411943 3.46815e+09
-1.5 0 -1.5 0.143378 -0.778415 0.444012 3.46626e+09
-2 0.5 -1.5 0.170555 -0.774157 0.425597 3.03242e+09
-1.5 1 -1.5 0.255539 -0.711392 0.447449 2.92686e+09
-2 1.5 -1.5 0.265757 -0.709072 0.425635 2.41355e+09
-1 -1.5 -1.5 -0.0662771 -0.799693 0.446331 3.42298e+09
-0.5 -1 -1.5 0.044172 -0.76346 0.473826 2.95023e+09
-1 -0.5 -1.5 0.101265 -0.778179 0.458265 3.45693e+09
-0.5 0 -1.5 0.203105 -0.718729 0.462006 2.91455e+09
-1 0.5 -1.5 0.234971 -0.715732 0.459571 3.14859e+09
-0.5 1 -1.5 0.320579 -0.630455 0.446452 2.61408e+09
-1 1.5 -1.5 0.335691 -0.626582 0.452021 2.59819e+09
0 -1.5 -1.5 -0.0189044 -0.71402 0.499755 2.16261e+09
0.5 -1 -1.5 0.134265 -0.674716 0.449685 1.60164e+09
0 -0.5 -1.5 0.163354 -0.71125 0.457764 2.30793e+09
0.5 0 -1.5 0.266878 -0.649246 0.365695 1.71821e+09
0 0.5 -1.5 0.295792 -0.639543 0.418613 2.26419e+09
0.5 1 -1.5 0.344581 -0.546544 0.30615 1.6906e+09
0 1.5 -1.5 0.381761 -0.521307 0.388186 2.02114e+09
1 -1.5 -1.5 0.164845 -0.589603 0.427406 1.03889e+09
1.5 -1 -1.5 0.295519 -0.644293 0.163027 8.67531e+08
1 -0.5 -1.5 0.256143 -0.650102 0.282477 1.2057e+09
1.5 0 -1.5 0.251176 -0.661588 0.0323005 1.01788e+09
1 0.5 -1.5 0.29456 -0.594775 0.182343 1.30931e+09
1.5 1 -1.5 0.191708 -0.571265 -0.0318724 1.10129e+09
1 1.5 -1.5 0.295768 -0.460955 0.130328 1.29505e+09
2 -1.5 -1.5 0.361416 -0.664185 0.0292999 7.20992e+08
2.5 -1 -1.5 0.201331 -0.805516 -0.1586 8.56317e+08
2 -0.5 -1.5 0.227363 -0.737478 -0.0963806 8.76171e+08
2.5 0 -1.5 0.0507513 -0.802709 -0.209049 9.91622e+08
2 0.5 -1.5 0.105322 -0.698186 -0.159636 9.96534e+08
2.5 1 -1.5 -0.0761074 -0.726973 -0.222423 1.05681e+09
2 1.5 -1.5 0.00106915 -0.579641 -0.170055 1.03742e+09
-2.25 -0.75 -1.25 0.227349 -0.746654 0.507538 1.35471e+09
-2.25 0.25 -1.25 0.361626 -0.696899 0.512636 1.43892e+09
-2.25 1.25 -1.25 0.466932 -0.63948 0.505733 1.37791e+09
-1.75 -1.25 -1.25 0.151891 -0.740314 0.53593 1.36272e+09
-1.25 -0.75 -1.25 0.252654 -0.69049 0.571754 1.445e+09
-1.75 -0.25 -1.25 0.316846 -0.694539 0.541246 1.53733e+09
-1.25 0.25 -1.25 0.414739 -0.620774 0.561101 1.57182e+09
-1.75 0.75 -1.25 0.446915 -0.627042 0.535684 1.56959e+09
-1.25 1.25 -1.25 0.535435 -0.535694 0.545147 1.55466e+09
-0.75 -1.25 -1.25 0.168084 -0.671604 0.612685 1.19045e+09
-0.25 -0.75 -1.25 0.308177 -0.605493 0.617179 1.01169e+09
-0.75 -0.25 -1.25 0.368006 -0.616753 0.585264 1.35161e+09
-0.25 0.25 -1.25 0.495925 -0.516241 0.556335 1.1161e+09
-0.75 0.75 -1.25 0.520042 -0.521399 0.556752 1.43282e+09
-0.25 1.25 -1.25 0.626427 -0.392823 0.511904 1.16999e+09
0.25 -1.25 -1.25 0.261291 -0.567272 0.666899 7.01195e+08
0.75 -0.75 -1.25 0.464021 -0.531146 0.545334 5.29115e+08
0.25 -0.25 -1.25 0.465813 -0.522251 0.550846 7.72643e+08
0.75 0.25 -1.25 0.596843 -0.439478 0.373937 5.67436e+08
0.25 0.75 -1.25 0.618903 -0.390774 0.455645 8.37525e+08
0.75 1.25 -1.25 0.68735 -0.257963 0.262975 6.04052e+08
1.25 -1.25 -1.25 0.54319 -0.536882 0.497593 4.04848e+08
1.75 -0.75 -1.25 0.589874 -0.655953 0.176224 3.91784e+08
1.25 -0.25 -1.25 0.585142 -0.538601 0.285092 4.23579e+08
1.75 0.25 -1.25 0.522334 -0.596169 0.00162334 3.91462e+08
1.25 0.75 -1.25 0.612255 -0.391721 0.104511 4.38896e+08
1.75 1.25 -1.25 0.478394 -0.402561 -0.130658 3.81498e+08
2.25 -1.25 -1.25 0.547789 -0.768706 0.053246 4.39537e+08
2.25 -0.25 -1.25 0.437611 -0.768005 -0.0437896 4.38742e+08
2.25 0.75 -1.25 0.345243 -0.66316 -0.148894 4.08309e+08
-2.5 -1.5 -1 -0.165696 -0.851066 0.278916 5.8068e+09
-2.5 -0.5 -1 -0.0534871 -0.84227 0.32045 5.57575e+09
-2.5 0.5 -1 0.042365 -0.810949 0.345965 4.79137e+09
-2.5 1.5 -1 0.123663 -0.762998 0.356402 3.74745e+09
-1.5 -1.5 -1 -0.147916 -0.836938 0.33103 7.74223e+09
-2 -1 -1 -0.0913756 -0.844875 0.32775 6.95209e+09
-1.5 -0.5 -1 -0.0145222 -0.824417 0.372276 7.67169e+09
-2 0 -1 0.021108 -0.819884 0.362166 6.36381e+09
-1.5 0.5 -1 0.0942646 -0.781562 0.398636 6.71204e+09
-2 1 -1 0.114012 -0.772613 0.380942 5.20595e+09
-1.5 1.5 -1 0.180302 -0.716914 0.410297 5.25523e+09
-0.5 -1.5 -1 -0.142753 -0.794439 0.38068 7.25724e+09
-1 -1 -1 -0.0684516 -0.819389 0.377274 8.08829e+09
-0.5 -0.5 -1 0.00970988 -0.785054 0.408494 7.57651e+09
-1 0 -1 0.0606315 -0.787474 0.407891 7.71043e+09
-0.5 0.5 -1 0.127146 -0.73273 0.426831 7.03668e+09
-1 1 -1 0.160605 -0.725373 0.425366 6.50444e+09
-0.5 1.5 -1 0.212002 -0.650019 0.435767 5.79943e+09
0.5 -1.5 -1 -0.131325 -0.703096 0.390617 4.40057e+09
0 -1 -1 -0.0585842 -0.763373 0.402152 6.25239e+09
0.5 -0.5 -1 0.0118593 -0.721272 0.376351 4.9778e+09
0 0 -1 0.0766645 -0.734429 0.411442 6.42679e+09
0.5 0.5 -1 0.11258 -0.67269 0.370814 5.11236e+09
0 1 -1 0.172566 -0.660728 0.418433 5.89854e+09
0.5 1.5 -1 0.17497 -0.576733 0.371916 4.66433e+09
1.5 -1.5 -1 -0.0428281 -0.614714 0.222278 2.31435e+09
1 -1 -1 -0.044544 -0.680051 0.315962 3.42864e+09
1.5 -0.5 -1 -0.0185139 -0.684058 0.171378 2.86713e+09
1 0 -1 0.0388351 -0.681581 0.287993 3.91622e+09
1.5 0.5 -1 -0.0069481 -0.660788 0.160171 3.25687e+09
1 1 -1 0.0879559 -0.612975 0.281988 4.01979e+09
1.5 1.5 -1 -0.00983003 -0.573715 0.174044 3.30562e+09
2.5 -1.5 -1 -0.0126486 -0.719177 -0.0350209 1.94241e+09
2 -1 -1 -0.0263998 -0.692435 0.0478989 2.23397e+09
2.5 -0.5 -1 -0.100596 -0.763798 -0.0432269 2.3968e+09
2 0 -1 -0.0737325 -0.713745 0.0365673 2.68875e+09
2.5 0.5 -1 -0.168067 -0.740868 -0.0233817 2.70208e+09
2 1 -1 -0.111013 -0.661603 0.0572916 2.94262e+09
2.5 1.5 -1 -0.222945 -0.668175 0.0169153 2.7902e+09
-2.25 -1.25 -0.75 0.182688 -0.775806 0.406387 2.19996e+09
-2.25 -0.25 -0.75 0.311194 -0.749452 0.429842 2.47118e+09
-2.25 0.75 -0.75 0.414233 -0.707416 0.438676 2.48737e+09
-1.25 -1.25 -0.75 0.19808 -0.73485 0.476956 2.72619e+09
-1.75 -0.75 -0.75 0.263174 -0.746461 0.452416 2.75009e+09
-1.25 -0.25 -0.75 0.350394 -0.697077 0.490966 3.14113e+09
-1.75 0.25 -0.75 0.388555 -0.701511 0.466261 2.95884e+09
-1.25 0.75 -0.75 0.46851 -0.633771 0.495478 3.23766e+09
-1.75 1.25 -0.75 0.485643 -0.645912 0.468284 2.83954e+09
-0.25 -1.25 -0.75 0.240368 -0.650686 0.550921 2.30002e+09
-0.75 -0.75 -0.75 0.299393 -0.685478 0.516759 2.89336e+09
-0.25 -0.25 -0.75 0.410513 -0.608972 0.533741 2.68326e+09
-0.75 0.25 -0.75 0.443011 -0.624058 0.516665 3.20785e+09
-0.25 0.75 -0.75 0.536552 -0.525122 0.51961 2.89935e+09
-0.75 1.25 -0.75 0.548135 -0.54416 0.512863 3.19896e+09
0.75 -1.25 -0.75 0.386269 -0.52774 0.559529 1.34084e+09
0.25 -0.75 -0.75 0.379248 -0.578092 0.550969 1.94384e+09
0.75 -0.25 -0.75 0.505596 -0.500804 0.480664 1.5227e+09
0.25 0.25 -0.75 0.520351 -0.507527 0.50889 2.19833e+09
0.75 0.75 -0.75 0.598045 -0.396486 0.423699 1.67229e+09
0.25 1.25 -0.75 0.618798 -0.401258 0.486343 2.34625e+09
1.75 -1.25 -0.75 0.553593 -0.619373 0.296742 1.01148e+09
1.25 -0.75 -0.75 0.522332 -0.528368 0.419784 1.12612e+09
1.75 -0.25 -0.75 0.519335 -0.595146 0.24081 1.06249e+09
1.25 0.25 -0.75 0.55897 -0.457873 0.337136 1.21391e+09
1.75 0.75 -0.75 0.499525 -0.476952 0.186962 1.06056e+09
1.25 1.25 -0.75 0.596077 -0.31211 0.288005 1.27207e+09
2.25 -0.75 -0.75 0.45225 -0.7511 0.147653 1.14915e+09
2.25 0.25 -0.75 0.40558 -0.6815 0.131163 1.10947e+09
2.25 1.25 -0.75 0.378157 -0.534325 0.111993 1.01654e+09
-2.5 -1 -0.5 -0.191731 -0.835756 0.226393 1.0383e+10
-2.5 0 -0.5 -0.104054 -0.82194 0.270709 9.40018e+09
-2.5 1 -0.5 -0.0284181 -0.788062 0.298575 7.64116e+09
-2 -1.5 -0.5 -0.230876 -0.836155 0.220019 1.3208e+10
-1.5 -1 -0.5 -0.165539 -0.83673 0.272584 1.60763e+10
-2 -0.5 -0.5 -0.127516 -0.833479 0.275028 1.28688e+10
-1.5 0 -0.5 -0.0637626 -0.81813 0.321321 1.48916e+10
-2 0.5 -0.5 -0.0410536 -0.805256 0.313452 1.10414e+10
-1.5 1 -0.5 0.0175711 -0.774113 0.353643 1.21107e+10
-2 1.5 -0.5 0.0305977 -0.756696 0.335575 8.48902e+09
-1 -1.5 -0.5 -0.222702 -0.826314 0.263933 1.7723e+10
-0.5 -1 -0.5 -0.15897 -0.815245 0.312045 1.87887e+10
-1 -0.5 -0.5 -0.101457 -0.823391 0.32101 1.80269e+10
-0.5 0 -0.5 -0.0451797 -0.794774 0.360756 1.84043e+10
-1 0.5 -0.5 -0.00596033 -0.787988 0.362878 1.59298e+10
-0.5 1 -0.5 0.0388514 -0.742705 0.395727 1.56794e+10
-1 1.5 -0.5 0.065945 -0.727443 0.38902 1.23495e+10
0 -1.5 -0.5 -0.238125 -0.782754 0.295257 1.64087e+10
0.5 -1 -0.5 -0.186599 -0.758108 0.311621 1.44004e+10
0 -0.5 -0.5 -0.105462 -0.788405 0.344423 1.78505e+10
0.5 0 -0.5 -0.0749287 -0.74954 0.350804 1.5489e+10
0 0.5 -0.5 -0.00603857 -0.751751 0.385025 1.70975e+10
0.5 1 -0.5 0.00413442 -0.698696 0.387146 1.47064e+10
0 1.5 -0.5 0.061889 -0.683734 0.414858 1.42494e+10
1 -1.5 -0.5 -0.270549 -0.690018 0.260737 1.00508e+10
1.5 -1 -0.5 -0.238836 -0.683533 0.202532 8.49308e+09
1 -0.5 -0.5 -0.16276 -0.728409 0.289055 1.19685e+10
1.5 0 -0.5 -0.177159 -0.707528 0.236886 1.00401e+10
1 0.5 -0.5 -0.0810626 -0.707986 0.326721 1.2835e+10
1.5 1 -0.5 -0.129458 -0.674594 0.282209 1.06078e+10
1 1.5 -0.5 -0.0277723 -0.644236 0.364243 1.20627e+10
2 -1.5 -0.5 -0.263402 -0.632639 0.111048 6.11154e+09
2.5 -1 -0.5 -0.26983 -0.689207 0.064132 6.06762e+09
2 -0.5 -0.5 -0.24507 -0.697899 0.137603 7.6503e+09
2.5 0 -0.5 -0.278629 -0.71607 0.106872 7.16667e+09
2 0.5 -0.5 -0.222934 -0.699222 0.186214 8.72653e+09
2.5 1 -0.5 -0.279987 -0.693436 0.162791 7.74188e+09
2 1.5 -0.5 -0.204842 -0.653749 0.242491 8.96687e+09
-2.25 -0.75 -0.25 0.255793 -0.777533 0.318402 3.97009e+09
-2.25 0.25 -0.25 0.353992 -0.7557 0.347224 4.2296e+09
-2.25 1.25 -0.25 0.432636 -0.724411 0.359255 4.01467e+09
-1.75 -1.25 -0.25 0.206063 -0.772166 0.328807 4.53461e+09
-1.25 -0.75 -0.25 0.281232 -0.750728 0.381228 5.75803e+09
-1.75 -0.25 -0.25 0.32314 -0.754341 0.365983 5.18239e+09
-1.25 0.25 -0.25 0.392967 -0.713259 0.41005 6.27294e+09
-1.75 0.75 -0.25 0.417422 -0.717236 0.38775 5.25359e+09
-1.25 1.25 -0.25 0.480299 -0.66186 0.425955 6.03324e+09
-0.75 -1.25 -0.25 0.229651 -0.73589 0.396246 5.65865e+09
-0.25 -0.75 -0.25 0.323433 -0.691708 0.44246 6.06293e+09
-0.75 -0.25 -0.25 0.360351 -0.708117 0.427667 6.65463e+09
-0.25 0.25 -0.25 0.440214 -0.641848 0.46325 6.83179e+09
-0.75 0.75 -0.25 0.46252 -0.652413 0.448819 6.91177e+09
-0.25 1.25 -0.25 0.527498 -0.571549 0.478347 6.84786e+09
0.25 -1.25 -0.25 0.293672 -0.650592 0.455754 4.73257e+09
0.75 -0.75 -0.25 0.407129 -0.590516 0.455986 4.11145e+09
0.25 -0.25 -0.25 0.418147 -0.620897 0.467175 5.64066e+09
0.75 0.25 -0.25 0.49316 -0.53614 0.457599 4.68737e+09
0.25 0.75 -0.25 0.512623 -0.553357 0.479634 6.17204e+09
0.75 1.25 -0.25 0.561765 -0.45052 0.46919 5.01683e+09
1.25 -1.25 -0.25 0.42783 -0.584331 0.40957 3.05737e+09
1.75 -0.75 -0.25 0.449814 -0.641299 0.330826 3.00313e+09
1.25 -0.25 -0.25 0.472015 -0.552632 0.409869 3.4824e+09
1.75 0.25 -0.25 0.456949 -0.565901 0.349103 3.11368e+09
1.25 0.75 -0.25 0.517425 -0.466118 0.413777 3.73396e+09
1.75 1.25 -0.25 0.475667 -0.44251 0.36394 3.07577e+09
2.25 -1.25 -0.25 0.385615 -0.766697 0.238899 3.01434e+09
2.25 -0.25 -0.25 0.379347 -0.716598 0.285841 3.15598e+09
2.25 0.75 -0.25 0.384517 -0.610872 0.318446 2.96521e+09
-2.5 -1.5 0 -0.323328 -0.80296 0.117047 1.88183e+10
-2.5 -0.5 0 -0.247329 -0.805247 0.18089 1.8151e+10
-2.5 0.5 0 -0.180628 -0.784789 0.22745 1.55472e+10
-2.5 1.5 0 -0.119961 -0.745864 0.257816 1.20876e+10
-1.5 -1.5 0 -0.306888 -0.817964 0.155538 3.17262e+10
-2 -1 0 -0.270032 -0.817632 0.171824 2.50818e+10
-1.5 -0.5 0 -0.214548 -0.822513 0.225697 3.16239e+10
-2 0 0 -0.192804 -0.807687 0.230297 2.29401e+10
-1.5 0.5 0 -0.139819 -0.79874 0.278761 2.73133e+10
-2 1 0 -0.128124 -0.774156 0.271314 1.85197e+10
-1.5 1.5 0 -0.0809775 -0.750794 0.314214 2.07411e+10
-0.5 -1.5 0 -0.307994 -0.812173 0.192533 4.29555e+10
-1 -1 0 -0.25128 -0.82584 0.213046 3.94147e+10
-0.5 -0.5 0 -0.199684 -0.820608 0.267109 4.51376e+10
-1 0 0 -0.161668 -0.815391 0.277804 3.72699e+10
-0.5 0.5 0 -0.117357 -0.795363 0.326093 4.06698e+10
-1 1 0 -0.0936333 -0.777056 0.325306 3.04014e+10
-0.5 1.5 0 -0.0599983 -0.742817 0.368115 3.15197e+10
0.5 -1.5 0 -0.343065 -0.767148 0.211613 3.96842e+10
0 -1 0 -0.259798 -0.808304 0.24516 4.64782e+10
0.5 -0.5 0 -0.227103 -0.789576 0.283563 4.49535e+10
0 0 0 -0.159378 -0.801669 0.313657 4.70488e+10
0.5 0.5 0 -0.138908 -0.771333 0.347487 4.46032e+10
0 1 0 -0.0881326 -0.763505 0.367427 4.09187e+10
0.5 1.5 0 -0.0799419 -0.722865 0.398701 3.80932e+10
1.5 -1.5 0 -0.406772 -0.67203 0.172589 2.50052e+10
1 -1 0 -0.317571 -0.749051 0.234524 3.56839e+10
1.5 -0.5 0 -0.316427 -0.727413 0.236188 3.06143e+10
1 0 0 -0.219496 -0.761556 0.302509 3.98404e+10
1.5 0.5 0 -0.237815 -0.732636 0.30634 3.37114e+10
1 1 0 -0.143966 -0.735404 0.366354 3.92168e+10
1.5 1.5 0 -0.176824 -0.700106 0.371568 3.27422e+10
2.5 -1.5 0 -0.434533 -0.598606 0.115843 1.55026e+10
2 -1 0 -0.39415 -0.668125 0.166325 2.18375e+10
2.5 -0.5 0 -0.397793 -0.665315 0.171845 1.89537e+10
2 0 0 -0.332851 -0.708814 0.233236 2.58826e+10
2.5 0.5 0 -0.358828 -0.687384 0.238372 2.14064e+10
2 1 0 -0.274151 -0.705155 0.30534 2.77098e+10
2.5 1.5 0 -0.317774 -0.675165 0.30873 2.22752e+10
-2.25 -1.25 0.25 0.184391 -0.782645 0.180896 6.05354e+09
-2.25 -0.25 0.25 0.276514 -0.783891 0.233912 6.83008e+09
-2.25 0.75 0.25 0.353435 -0.768715 0.266095 6.87538e+09
-1.25 -1.25 0.25 0.195957 -0.781915 0.241032 9.68945e+09
-1.75 -0.75 0.25 0.240295 -0.785341 0.239787 8.49081e+09
-1.25 -0.25 0.25 0.29869 -0.772402 0.296721 1.12529e+10
-1.75 0.25 0.25 0.330276 -0.770191 0.284948 9.15605e+09
-1.25 0.75 0.25 0.384734 -0.74073 0.335372 1.14828e+10
-1.75 1.25 0.25 0.404332 -0.742039 0.310838 8.69381e+09
-0.25 -1.25 0.25 0.219523 -0.760419 0.307995 1.23565e+10
-0.75 -0.75 0.25 0.260587 -0.771563 0.303736 1.255e+10
-0.25 -0.25 0.25 0.32571 -0.74013 0.362944 1.47531e+10
-0.75 0.25 0.25 0.357336 -0.741554 0.352025 1.37945e+10
-0.25 0.75 0.25 0.412884 -0.6922 0.404373 1.53469e+10
-0.75 1.25 0.25 0.436882 -0.694932 0.385144 1.32764e+10
0.75 -1.25 0.25 0.276872 -0.700347 0.361689 1.06045e+10
0.25 -0.75 0.25 0.295555 -0.727831 0.36742 1.34912e+10
0.75 -0.25 0.25 0.362668 -0.672564 0.410052 1.27195e+10
0.25 0.25 0.25 0.387049 -0.686645 0.414516 1.53082e+10
0.75 0.75 0.25 0.43397 -0.616568 0.451912 1.38735e+10
0.25 1.25 0.25 0.460612 -0.625851 0.450499 1.52993e+10
1.75 -1.25 0.25 0.315299 -0.717286 0.335271 8.09192e+09
1.25 -0.75 0.25 0.341791 -0.66887 0.385511 9.71638e+09
1.75 -0.25 0.25 0.350246 -0.670114 0.395696 9.09368e+09
1.25 0.25 0.25 0.398502 -0.616021 0.432219 1.08858e+10
1.75 0.75 0.25 0.389232 -0.584733 0.444461 9.1687e+09
1.25 1.25 0.25 0.453448 -0.541354 0.473788 1.13788e+10
2.25 -0.75 0.25 0.278333 -0.764426 0.347184 8.53773e+09
2.25 0.25 0.25 0.313021 -0.690707 0.414067 8.70756e+09
2.25 1.25 0.25 0.348366 -0.582417 0.463489 8.01376e+09
-2.5 -1 0.5 -0.380992 -0.771247 0.0851342 3.49389e+10
-2.5 0 0.5 -0.325298 -0.762439 0.150397 3.18127e+10
-2.5 1 0.5 -0.273199 -0.733012 0.198143 2.59939e+10
-2 -1.5 0.5 -0.401376 -0.781518 0.063052 4.77611e+10
-1.5 -1 0.5 -0.354332 -0.802134 0.123441 6.46596e+10
-2 -0.5 0.5 -0.33494 -0.788321 0.140848 4.69971e+10
-1.5 0 0.5 -0.286812 -0.797442 0.196289 6.0168e+10
-2 0.5 0.5 -0.278558 -0.768733 0.200621 4.03679e+10
-1.5 1 0.5 -0.233425 -0.765414 0.250573 4.84738e+10
-2 1.5 0.5 -0.228494 -0.727081 0.24293 3.09968e+10
-1 -1.5 0.5 -0.388643 -0.800789 0.0983949 8.08398e+10
-0.5 -1 0.5 -0.340574 -0.815758 0.162432 1.02399e+11
-1 -0.5 0.5 -0.305563 -0.81398 0.183577 8.28575e+10
-0.5 0 0.5 -0.259774 -0.81514 0.242759 9.93149e+10
-1 0.5 0.5 -0.240774 -0.796641 0.251308 7.2609e+10
-0.5 1 0.5 -0.20163 -0.785139 0.305061 8.19969e+10
-1 1.5 0.5 -0.194421 -0.751274 0.299931 5.47292e+10
0 -1.5 0.5 -0.396905 -0.797195 0.133868 1.10081e+11
0.5 -1 0.5 -0.359346 -0.800139 0.195234 1.211e+11
0 -0.5 0.5 -0.297127 -0.818508 0.224328 1.19489e+11
0.5 0 0.5 -0.264991 -0.808418 0.280471 1.26332e+11
0 0.5 0.5 -0.22223 -0.805172 0.299247 1.10287e+11
0.5 1 0.5 -0.197688 -0.785561 0.350546 1.12838e+11
0 1.5 0.5 -0.173846 -0.763801 0.356078 8.63583e+10
1 -1.5 0.5 -0.446923 -0.746386 0.156409 1.00276e+11
1.5 -1 0.5 -0.434827 -0.729414 0.197837 8.99094e+10
1 -0.5 0.5 -0.338084 -0.787305 0.245348 1.17498e+11
1.5 0 0.5 -0.338541 -0.76282 0.282256 1.02923e+11
1 0.5 0.5 -0.251056 -0.787312 0.326526 1.20138e+11
1.5 1 0.5 -0.255674 -0.759743 0.362893 1.04568e+11
1 1.5 0.5 -0.188882 -0.759072 0.394772 1.06451e+11
2 -1.5 0.5 -0.52518 -0.625432 0.151778 6.01263e+10
2.5 -1 0.5 -0.517745 -0.596644 0.190018 4.86233e+10
2 -0.5 0.5 -0.437582 -0.700304 0.23061 7.43357e+10
2.5 0 0.5 -0.451383 -0.657059 0.261823 5.73296e+10
2 0.5 0.5 -0.355258 -0.72955 0.311886 8.31749e+10
2.5 1 0.5 -0.384445 -0.682105 0.336566 6.23254e+10
2 1.5 0.5 -0.278443 -0.72653 0.390063 8.42218e+10
-2.25 -0.75 0.75 0.161309 -0.798003 0.104006 1.06411e+10
-2.25 0.25 0.75 0.240362 -0.798522 0.162094 1.13565e+10
-2.25 1.25 0.75 0.309667 -0.786542 0.197109 1.0888e+10
-1.75 -1.25 0.75 0.119606 -0.801494 0.0937198 1.32264e+10
-1.25 -0.75 0.75 0.168219 -0.813872 0.164536 1.88167e+10
-1.75 -0.25 0.75 0.207018 -0.807244 0.167325 1.51637e+10
-1.25 0.25 0.75 0.253972 -0.802232 0.230255 2.05156e+10
-1.75 0.75 0.75 0.284848 -0.793493 0.217361 1.5347e+10
-1.25 1.25 0.75 0.329554 -0.774474 0.273379 1.94569e+10
-0.75 -1.25 0.75 0.126392 -0.815898 0.156921 2.14704e+10
-0.25 -0.75 0.75 0.178805 -0.815541 0.235461 2.83376e+10
-0.75 -0.25 0.75 0.217439 -0.810317 0.234969 2.52407e+10
-0.25 0.25 0.75 0.264979 -0.789357 0.305504 3.12275e+10
-0.75 0.75 0.75 0.300369 -0.78157 0.293744 2.58809e+10
-0.25 1.25 0.75 0.342964 -0.745631 0.357572 3.00184e+10
0.25 -1.25 0.75 0.139957 -0.813265 0.233446 2.81191e+10
0.75 -0.75 0.75 0.194177 -0.79143 0.315606 3.13426e+10
0.25 -0.25 0.75 0.229158 -0.794682 0.313459 3.38737e+10
0.75 0.25 0.75 0.273187 -0.753127 0.387042 3.55166e+10
0.25 0.75 0.75 0.307412 -0.751656 0.374888 3.49836e+10
0.75 1.25 0.75 0.341145 -0.698874 0.440076 3.49656e+10
1.25 -1.25 0.75 0.162016 -0.781345 0.308065 2.49618e+10
1.75 -0.75 0.75 0.182979 -0.763573 0.37232 2.40454e+10
1.25 -0.25 0.75 0.234217 -0.748542 0.386086 2.97743e+10
1.75 0.25 0.75 0.24416 -0.711367 0.445962 2.66011e+10
1.25 0.75 0.75 0.298915 -0.698133 0.449507 3.20149e+10
1.75 1.25 0.75 0.303161 -0.637708 0.503401 2.61772e+10
2.25 -1.25 0.75 0.112679 -0.814125 0.344891 2.16293e+10
2.25 -0.25 0.75 0.173199 -0.762424 0.430279 2.38513e+10
2.25 0.75 0.75 0.230935 -0.68606 0.499643 2.33281e+10
-2.5 -1.5 1 -0.49844 -0.733735 -0.00397062 6.6943e+10
-2.5 -0.5 1 -0.454539 -0.735153 0.077831 6.51026e+10
-2.5 0.5 1 -0.412865 -0.713478 0.141404 5.62616e+10
-2.5 1.5 1 -0.369633 -0.673093 0.1871 4.41694e+10
-1.5 -1.5 1 -0.478744 -0.767462 0.027765 1.27002e+11
-2 -1 1 -0.460999 -0.759493 0.0568193 9.44926e+10
-1.5 -0.5 1 -0.41824 -0.780771 0.117664 1.28263e+11
-2 0 1 -0.413424 -0.752612 0.133406 8.70681e+10
-1.5 0.5 1 -0.370092 -0.763793 0.188835 1.11024e+11
-2 1 1 -0.371093 -0.721128 0.191283 7.07454e+10
-1.5 1.5 1 -0.330648 -0.720673 0.241081 8.43059e+10
-0.5 -1.5 1 -0.468921 -0.786417 0.061954 2.12922e+11
-1 -1 1 -0.43536 -0.792494 0.0933923 1.7372e+11
-0.5 -0.5 1 -0.389746 -0.809689 0.159328 2.24581e+11
-1 0 1 -0.372978 -0.795274 0.17864 1.65574e+11
-0.5 0.5 1 -0.328935 -0.801249 0.239523 2.01348e+11
-1 1 1 -0.328099 -0.766833 0.244203 1.33823e+11
-0.5 1.5 1 -0.291412 -0.760816 0.299097 1.51519e+11
0.5 -1.5 1 -0.483213 -0.779528 0.100319 2.86382e+11
0 -1 1 -0.424601 -0.807017 0.132366 2.72802e+11
0.5 -0.5 1 -0.383986 -0.815853 0.201844 3.20783e+11
0 0 1 -0.346126 -0.817178 0.224863 2.71078e+11
0.5 0.5 1 -0.308926 -0.814436 0.288332 3.02376e+11
0 1 1 -0.290112 -0.798092 0.299431 2.2905e+11
0.5 1.5 1 -0.259767 -0.786623 0.356996 2.42905e+11
1.5 -1.5 1 -0.548184 -0.707153 0.136243 2.42628e+11
1 -1 1 -0.450766 -0.786681 0.171492 3.14802e+11
1.5 -0.5 1 -0.4358 -0.772512 0.233216 2.94781e+11
1 0 1 -0.353491 -0.811112 0.266816 3.37262e+11
1.5 0.5 1 -0.341964 -0.791035 0.321784 3.08452e+11
1 1 1 -0.281592 -0.802559 0.347452 3.09114e+11
1.5 1.5 1 -0.265882 -0.783074 0.400605 2.88672e+11
2.5 -1.5 1 -0.634383 -0.503928 0.172757 1.18872e+11
2 -1 1 -0.545802 -0.670348 0.194701 1.9851e+11
2.5 -0.5 1 -0.555455 -0.60107 0.246461 1.44156e+11
2 0 1 -0.442825 -0.734553 0.28313 2.35925e+11
2.5 0.5 1 -0.472825 -0.664483 0.322279 1.65985e+11
2 1 1 -0.349947 -0.756261 0.367755 2.48274e+11
2.5 1.5 1 -0.382949 -0.696191 0.400613 1.75144e+11
-2.25 -1.25 1.25 -0.0901455 -0.804041 -0.0100606 2.39369e+10
-2.25 -0.25 1.25 -4.69891e-05 -0.817479 0.0664795 2.6348e+10
-2.25 0.75 1.25 0.0883435 -0.814084 0.117702 2.62227e+10
-1.25 -1.25 1.25 -0.0917657 -0.835438 0.0431869 4.41917e+10
-1.75 -0.75 1.25 -0.0446165 -0.83016 0.0592134 3.53629e+10
-1.25 -0.25 1.25 0.00403274 -0.845452 0.128656 5.03466e+10
-1.75 0.25 1.25 0.0480209 -0.830753 0.127775 3.72587e+10
-1.25 0.75 1.25 0.0973918 -0.831807 0.189876 4.99585e+10
-1.75 1.25 1.25 0.136789 -0.815172 0.171626 3.49222e+10
-0.25 -1.25 1.25 -0.0918569 -0.854741 0.10767 7.21941e+10
-0.75 -0.75 1.25 -0.0426624 -0.85391 0.120674 6.29274e+10
-0.25 -0.25 1.25 0.00682119 -0.857402 0.19954 8.39611e+10
-0.75 0.25 1.25 0.0537406 -0.847314 0.19918 6.76875e+10
-0.25 0.75 1.25 0.101726 -0.834705 0.271513 8.44451e+10
-0.75 1.25 1.25 0.145664 -0.819618 0.253824 6.25595e+10
0.75 -1.25 1.25 -0.0927419 -0.853772 0.192435 9.40299e+10
0.25 -0.75 1.25 -0.0416565 -0.861393 0.196173 9.50588e+10
0.75 -0.25 1.25 0.0069961 -0.848653 0.287315 1.12507e+11
0.25 0.25 1.25 0.0534941 -0.844829 0.280122 1.02735e+11
0.75 0.75 1.25 0.0934553 -0.817311 0.360487 1.13318e+11
0.25 1.25 1.25 0.143646 -0.808241 0.344715 9.65184e+10
1.75 -1.25 1.25 -0.0845281 -0.806873 0.297638 7.70498e+10
1.25 -0.75 1.25 -0.0434428 -0.837233 0.292095 1.02197e+11
1.75 -0.25 1.25 -0.00779372 -0.793868 0.382995 9.10607e+10
1.25 0.25 1.25 0.049198 -0.815349 0.376464 1.15535e+11
1.75 0.75 1.25 0.0725089 -0.765176 0.454633 9.92138e+10
1.25 1.25 1.25 0.123984 -0.774933 0.437225 1.10553e+11
2.25 -0.75 1.25 -0.0497561 -0.797765 0.38298 7.81654e+10
2.25 0.25 1.25 0.0231367 -0.762168 0.461827 8.41319e+10
2.25 1.25 1.25 0.0882495 -0.705331 0.524287 7.99271e+10
-2.5 -1 1.5 -0.220226 -0.742663 0.05209 7.68245e+10
-2.5 0 1.5 -0.135923 -0.748859 0.118839 7.87869e+10
-2.5 1 1.5 -0.0506995 -0.741059 0.16563 7.33194e+10
-2 -1.5 1.5 -0.266713 -0.752753 0.0277081 1.02767e+11
-1.5 -1 1.5 -0.227257 -0.783079 0.0901182 1.52558e+11
-2 -0.5 1.5 -0.180238 -0.769387 0.109176 1.12478e+11
-1.5 0 1.5 -0.137167 -0.788296 0.166931 1.58143e+11
-2 0.5 1.5 -0.0925606 -0.765445 0.170627 1.09288e+11
-1.5 1 1.5 -0.0483298 -0.772152 0.22362 1.43716e+11
-2 1.5 1.5 -0.00619514 -0.746538 0.212545 9.54278e+10
-1 -1.5 1.5 -0.278369 -0.785324 0.0622171 1.92449e+11
-0.5 -1 1.5 -0.236033 -0.811017 0.130945 2.75397e+11
-1 -0.5 1.5 -0.184566 -0.805042 0.15359 2.17044e+11
-0.5 0 1.5 -0.141667 -0.815931 0.218471 2.90613e+11
-1 0.5 1.5 -0.0934903 -0.796813 0.226029 2.10162e+11
-0.5 1 1.5 -0.052442 -0.79374 0.28645 2.60614e+11
-1 1.5 1.5 -0.00604616 -0.767641 0.278189 1.77064e+11
0 -1.5 1.5 -0.295901 -0.80451 0.100942 3.21398e+11
0.5 -1 1.5 -0.25765 -0.821274 0.175659 4.26673e+11
0 -0.5 1.5 -0.194101 -0.824186 0.20109 3.67529e+11
0.5 0 1.5 -0.157041 -0.823524 0.27132 4.49242e+11
0 0.5 1.5 -0.102273 -0.814713 0.284196 3.61114e+11
0.5 1 1.5 -0.0705515 -0.802446 0.348747 4.12586e+11
0 1.5 1.5 -0.0177476 -0.779551 0.347065 2.98945e+11
1 -1.5 1.5 -0.332876 -0.794855 0.146053 4.3085e+11
1.5 -1 1.5 -0.311732 -0.79061 0.222046 4.77136e+11
1 -0.5 1.5 -0.227195 -0.822225 0.249442 5.1103e+11
1.5 0 1.5 -0.207998 -0.808507 0.317402 5.35825e+11
1 0.5 1.5 -0.129663 -0.810169 0.338339 4.9611e+11
1.5 1 1.5 -0.114351 -0.78763 0.398732 4.92146e+11
1 1.5 1.5 -0.0494633 -0.781438 0.409767 4.32198e+11
2 -1.5 1.5 -0.38834 -0.704009 0.200432 3.39173e+11
2.5 -1 1.5 -0.352714 -0.633328 0.278123 2.58316e+11
2 -0.5 1.5 -0.296143 -0.749698 0.290517 4.12021e+11
2.5 0 1.5 -0.281761 -0.66928 0.351735 2.9679e+11
2 0.5 1.5 -0.199513 -0.76886 0.374693 4.5337e+11
2.5 1 1.5 -0.207742 -0.680948 0.422442 3.09994e+11
2 1.5 1.5 -0.115035 -0.755546 0.45091 4.39949e+11
