449
-2.5 -1 -1.5 0.512689 0.472987 0.236439 3.98031e+09
-2.5 0 -1.5 0.525933 0.383256 0.277188 5.56243e+09
-2.5 1 -1.5 0.447658 0.217899 0.334692 6.37479e+09
-2 -1.5 -1.5 0.467338 0.503528 0.183652 3.14013e+09
-1.5 -1 -1.5 0.573899 0.448028 0.185948 4.35409e+09
-2 -0.5 -1.5 0.579178 0.413889 0.233103 5.25406e+09
-1.5 0 -1.5 0.61578 0.351225 0.225222 6.46967e+09
-2 0.5 -1.5 0.550548 0.299119 0.279586 6.79515e+09
-1.5 1 -1.5 0.571809 0.202964 0.295318 8.15894e+09
-2 1.5 -1.5 0.487764 0.101804 0.361915 7.85538e+09
-1 -1.5 -1.5 0.504668 0.49116 0.1373 3.181e+09
-0.5 -1 -1.5 0.615477 0.432476 0.137478 4.34733e+09
-1 -0.5 -1.5 0.639008 0.390143 0.17765 5.58727e+09
-0.5 0 -1.5 0.676684 0.335563 0.165623 6.75158e+09
-1 0.5 -1.5 0.638253 0.282418 0.224965 7.68493e+09
-0.5 1 -1.5 0.653749 0.204842 0.242491 8.96687e+09
-1 1.5 -1.5 0.600234 0.103974 0.326662 9.83012e+09
0 -1.5 -1.5 0.539267 0.477312 0.0987227 2.98917e+09
0.5 -1 -1.5 0.646341 0.417794 0.0954159 4.07657e+09
0 -0.5 -1.5 0.683676 0.375397 0.126465 5.56298e+09
0.5 0 -1.5 0.71536 0.323933 0.110353 6.54797e+09
0 0.5 -1.5 0.693436 0.279987 0.162791 7.74188e+09
0.5 1 -1.5 0.699222 0.222934 0.186214 8.72653e+09
0 1.5 -1.5 0.674594 0.129458 0.282209 1.06078e+10
1 -1.5 -1.5 0.566682 0.455913 0.0718758 2.6752e+09
1.5 -1 -1.5 0.65595 0.396441 0.0633136 3.61696e+09
1 -0.5 -1.5 0.70597 0.359025 0.0816653 5.16839e+09
1.5 0 -1.5 0.718872 0.307825 0.063725 5.87998e+09
1 0.5 -1.5 0.71607 0.278629 0.106872 7.16667e+09
1.5 1 -1.5 0.697899 0.24507 0.137603 7.6503e+09
1 1.5 -1.5 0.707528 0.177159 0.236886 1.00401e+10
2 -1.5 -1.5 0.574721 0.423052 0.0592159 2.31951e+09
2.5 -1 -1.5 0.634267 0.367505 0.0423119 3.07655e+09
2 -0.5 -1.5 0.693342 0.339006 0.0454285 4.48813e+09
2.5 0 -1.5 0.676246 0.286341 0.0293618 4.86583e+09
2 0.5 -1.5 0.689207 0.26983 0.064132 6.06762e+09
2.5 1 -1.5 0.632639 0.263402 0.111048 6.11154e+09
2 1.5 -1.5 0.683533 0.238836 0.202532 8.49308e+09
-2.25 -0.75 -1.25 0.509736 -0.236753 0.435476 1.72485e+09
-2.25 0.25 -1.25 0.325303 -0.353908 0.386561 1.97755e+09
-2.25 1.25 -1.25 0.183806 -0.55083 0.429521 2.71748e+09
-1.75 -1.25 -1.25 0.59819 -0.168528 0.428818 1.56128e+09
-1.25 -0.75 -1.25 0.643593 -0.198506 0.395024 2.13935e+09
-1.75 -0.25 -1.25 0.517105 -0.272401 0.393868 2.13477e+09
-1.25 0.25 -1.25 0.499269 -0.331254 0.363597 2.45606e+09
-1.75 0.75 -1.25 0.301861 -0.43319 0.377039 2.41614e+09
-1.25 1.25 -1.25 0.302285 -0.510534 0.39193 2.98743e+09
-0.75 -1.25 -1.25 0.699775 -0.114112 0.375369 1.70669e+09
-0.25 -0.75 -1.25 0.748568 -0.155607 0.349563 2.37447e+09
-0.75 -0.25 -1.25 0.658801 -0.245093 0.361274 2.58655e+09
-0.25 0.25 -1.25 0.648074 -0.304727 0.328335 2.85152e+09
-0.75 0.75 -1.25 0.465219 -0.399919 0.345751 2.71288e+09
-0.25 1.25 -1.25 0.44251 -0.475667 0.36394 3.07577e+09
0.25 -1.25 -1.25 0.781176 -0.0701584 0.327775 1.72931e+09
0.75 -0.75 -1.25 0.827643 -0.120482 0.298601 2.46839e+09
0.25 -0.25 -1.25 0.770793 -0.210797 0.317346 2.95805e+09
0.75 0.25 -1.25 0.762206 -0.287116 0.289318 3.2208e+09
0.25 0.75 -1.25 0.610872 -0.384517 0.318446 2.96521e+09
0.75 1.25 -1.25 0.565901 -0.456949 0.349103 3.11368e+09
1.25 -1.25 -1.25 0.844468 -0.0433793 0.279932 1.69111e+09
1.75 -0.75 -1.25 0.881507 -0.0970217 0.240577 2.40359e+09
1.25 -0.25 -1.25 0.847042 -0.186857 0.263771 3.11373e+09
1.75 0.25 -1.25 0.83174 -0.276323 0.234476 3.30269e+09
1.25 0.75 -1.25 0.716598 -0.379347 0.285841 3.15598e+09
1.75 1.25 -1.25 0.641299 -0.449814 0.330826 3.00313e+09
2.25 -1.25 -1.25 0.887402 -0.0251834 0.227314 1.61179e+09
2.25 -0.25 -1.25 0.892114 -0.168945 0.197036 2.98482e+09
2.25 0.75 -1.25 0.766697 -0.385615 0.238899 3.01434e+09
-2.5 -1.5 -1 0.356955 0.531661 0.316123 6.46945e+09
-2.5 -0.5 -1 0.542871 0.418198 0.379635 1.2088e+10
-2.5 0.5 -1 0.566326 0.295629 0.422544 1.72602e+10
-2.5 1.5 -1 0.53393 0.151541 0.454065 1.89997e+10
-1.5 -1.5 -1 0.353594 0.528547 0.270859 6.40684e+09
-2 -1 -1 0.487588 0.475872 0.324288 9.28548e+09
-1.5 -0.5 -1 0.577801 0.420261 0.324379 1.31677e+10
-2 0 -1 0.600579 0.35559 0.377708 1.64483e+10
-1.5 0.5 -1 0.636509 0.293569 0.373097 2.11915e+10
-2 1 -1 0.599383 0.221989 0.421013 2.19058e+10
-1.5 1.5 -1 0.634667 0.150766 0.420741 2.71277e+10
-0.5 -1.5 -1 0.350888 0.533752 0.232499 6.10247e+09
-1 -1 -1 0.491797 0.486186 0.272682 9.32543e+09
-0.5 -0.5 -1 0.588995 0.434561 0.266829 1.28877e+10
-1 0 -1 0.633942 0.365912 0.317326 1.74093e+10
-0.5 0.5 -1 0.675165 0.317774 0.30873 2.22752e+10
-1 1 -1 0.668345 0.231032 0.371109 2.65946e+10
-0.5 1.5 -1 0.700106 0.176824 0.371568 3.27422e+10
0.5 -1.5 -1 0.3524 0.530288 0.203491 5.47912e+09
0 -1 -1 0.489022 0.495121 0.225615 8.62695e+09
0.5 -0.5 -1 0.588253 0.452508 0.211642 1.19571e+10
0 0 -1 0.651389 0.392257 0.251971 1.70287e+10
0.5 0.5 -1 0.687384 0.358828 0.238372 2.14064e+10
0 1 -1 0.705155 0.274151 0.30534 2.77098e+10
0.5 1.5 -1 0.732636 0.237815 0.30634 3.37114e+10
1.5 -1.5 -1 0.342208 0.515953 0.18579 4.77635e+09
1 -1 -1 0.475518 0.497968 0.186711 7.63962e+09
1.5 -0.5 -1 0.563317 0.464867 0.164817 1.05188e+10
1 0 -1 0.644992 0.417762 0.191088 1.56708e+10
1.5 0.5 -1 0.665315 0.397793 0.171845 1.89537e+10
1 1 -1 0.708814 0.332851 0.233236 2.58826e+10
1.5 1.5 -1 0.727413 0.316427 0.236188 3.06143e+10
2.5 -1.5 -1 0.314256 0.484011 0.179637 4.08315e+09
2 -1 -1 0.445634 0.489847 0.160064 6.58433e+09
2.5 -0.5 -1 0.509628 0.468722 0.128265 8.88726e+09
2 0 -1 0.604048 0.440574 0.137264 1.34715e+10
2.5 0.5 -1 0.598606 0.434533 0.115843 1.55026e+10
2 1 -1 0.668125 0.39415 0.166325 2.18375e+10
2.5 1.5 -1 0.67203 0.406772 0.172589 2.50052e+10
-2.25 -1.25 -0.75 0.500014 -0.200152 0.579653 3.04819e+09
-2.25 -0.25 -0.75 0.467758 -0.295423 0.560132 4.87233e+09
-2.25 0.75 -0.75 0.360063 -0.42682 0.533124 6.32557e+09
-1.25 -1.25 -0.75 0.580574 -0.156837 0.538437 3.15145e+09
-1.75 -0.75 -0.75 0.554041 -0.230866 0.557071 4.45104e+09
-1.25 -0.25 -0.75 0.580985 -0.265791 0.524668 5.97752e+09
-1.75 0.25 -0.75 0.467443 -0.341756 0.529148 6.14303e+09
-1.25 0.75 -0.75 0.464999 -0.390528 0.503678 7.44129e+09
-1.75 1.25 -0.75 0.389521 -0.477698 0.519777 8.35898e+09
-0.25 -1.25 -0.75 0.662479 -0.101294 0.49149 3.18073e+09
-0.75 -0.75 -0.75 0.648907 -0.178932 0.508666 4.84179e+09
-0.25 -0.25 -0.75 0.686001 -0.214826 0.480426 6.59326e+09
-0.75 0.25 -0.75 0.588922 -0.303534 0.493096 7.12541e+09
-0.25 0.75 -0.75 0.582417 -0.348366 0.463489 8.01376e+09
-0.75 1.25 -0.75 0.482583 -0.434431 0.485667 9.00611e+09
0.75 -1.25 -0.75 0.730987 -0.0639774 0.448043 3.0975e+09
0.25 -0.75 -0.75 0.724939 -0.128744 0.462006 4.79097e+09
0.75 -0.25 -0.75 0.768269 -0.16941 0.42328 6.78923e+09
0.25 0.25 -0.75 0.699696 -0.262161 0.445276 7.99625e+09
0.75 0.75 -0.75 0.690707 -0.313021 0.414067 8.70756e+09
0.25 1.25 -0.75 0.584733 -0.389232 0.444461 9.1687e+09
1.75 -1.25 -0.75 0.788534 -0.0262524 0.394444 2.95868e+09
1.25 -0.75 -0.75 0.787762 -0.0882696 0.405173 4.56614e+09
1.75 -0.25 -0.75 0.829091 -0.122898 0.352349 6.46307e+09
1.25 0.25 -0.75 0.784617 -0.219573 0.380653 8.33528e+09
1.75 0.75 -0.75 0.764426 -0.278333 0.347184 8.53773e+09
1.25 1.25 -0.75 0.670114 -0.350246 0.395696 9.09368e+09
2.25 -0.75 -0.75 0.835142 -0.0469465 0.337837 4.26705e+09
2.25 0.25 -0.75 0.839229 -0.177536 0.301362 7.77649e+09
2.25 1.25 -0.75 0.717286 -0.315299 0.335271 8.09192e+09
-2.5 -1 -0.5 0.434109 0.500772 0.419889 2.10969e+10
-2.5 0 -0.5 0.606753 0.346119 0.477086 4.10497e+10
-2.5 1 -0.5 0.624861 0.234739 0.492421 5.31731e+10
-2 -1.5 -0.5 0.264586 0.56098 0.36696 1.45048e+10
-1.5 -1 -0.5 0.404118 0.517881 0.371908 2.09019e+10
-2 -0.5 -0.5 0.551179 0.432163 0.426884 3.1466e+10
-1.5 0 -0.5 0.629627 0.370425 0.422934 4.6233e+10
-2 0.5 -0.5 0.657808 0.286318 0.467157 5.6945e+10
-1.5 1 -0.5 0.694158 0.236595 0.450638 7.42715e+10
-2 1.5 -0.5 0.662943 0.190145 0.471336 6.61497e+10
-1 -1.5 -0.5 0.22244 0.568499 0.333752 1.38883e+10
-0.5 -1 -0.5 0.364271 0.544423 0.326078 2.00149e+10
-1 -0.5 -0.5 0.529147 0.469165 0.370029 3.1424e+10
-0.5 0 -0.5 0.616243 0.420551 0.357617 4.45019e+10
-1 0.5 -0.5 0.682463 0.318107 0.409495 6.33943e+10
-0.5 1 -0.5 0.72653 0.278443 0.390063 8.42218e+10
-1 1.5 -0.5 0.727755 0.200979 0.428156 9.21186e+10
0 -1.5 -0.5 0.193677 0.577412 0.306712 1.29758e+10
0.5 -1 -0.5 0.326498 0.561778 0.286949 1.79733e+10
0 -0.5 -0.5 0.491758 0.509297 0.312925 2.87582e+10
0.5 0 -0.5 0.590695 0.476658 0.29047 4.14956e+10
0 0.5 -0.5 0.682105 0.384445 0.336566 6.23254e+10
0.5 1 -0.5 0.72955 0.355258 0.311886 8.31749e+10
0 1.5 -0.5 0.759743 0.255674 0.362893 1.04568e+11
1 -1.5 -0.5 0.15892 0.575451 0.286643 1.15568e+10
1.5 -1 -0.5 0.275056 0.569068 0.256117 1.5721e+10
1 -0.5 -0.5 0.442311 0.542286 0.262036 2.5481e+10
1.5 0 -0.5 0.53871 0.525358 0.229151 3.63232e+10
1 0.5 -0.5 0.657059 0.451383 0.261823 5.73296e+10
1.5 1 -0.5 0.700304 0.437582 0.23061 7.43357e+10
1 1.5 -0.5 0.76282 0.338541 0.282256 1.02923e+11
2 -1.5 -0.5 0.114117 0.556571 0.27505 1.00189e+10
2.5 -1 -0.5 0.214846 0.558556 0.235383 1.34299e+10
2 -0.5 -0.5 0.379481 0.563964 0.220289 2.19227e+10
2.5 0 -0.5 0.460382 0.56632 0.174694 3.04894e+10
2 0.5 -0.5 0.596644 0.517745 0.190018 4.86233e+10
2.5 1 -0.5 0.625432 0.52518 0.151778 6.01263e+10
2 1.5 -0.5 0.729414 0.434827 0.197837 8.99094e+10
-2.25 -0.75 -0.25 0.499237 -0.20337 0.653464 9.33599e+09
-2.25 0.25 -0.25 0.497167 -0.299367 0.623012 1.52172e+10
-2.25 1.25 -0.25 0.513001 -0.404314 0.576792 2.17269e+10
-1.75 -1.25 -0.25 0.494746 -0.147967 0.640168 6.32501e+09
-1.25 -0.75 -0.25 0.567091 -0.159663 0.619008 9.70282e+09
-1.75 -0.25 -0.25 0.545685 -0.237615 0.628125 1.37146e+10
-1.25 0.25 -0.25 0.571687 -0.263506 0.591452 1.80341e+10
-1.75 0.75 -0.25 0.518286 -0.332683 0.58481 1.92805e+10
-1.25 1.25 -0.25 0.561585 -0.361549 0.547139 2.48408e+10
-0.75 -1.25 -0.25 0.554095 -0.104524 0.609042 6.26857e+09
-0.25 -0.75 -0.25 0.633559 -0.105175 0.57503 9.75534e+09
-0.75 -0.25 -0.25 0.625681 -0.187061 0.586239 1.51936e+10
-0.25 0.25 -0.25 0.659716 -0.209928 0.550167 1.96945e+10
-0.75 0.75 -0.25 0.595154 -0.28743 0.551522 2.16832e+10
-0.25 1.25 -0.25 0.637708 -0.303161 0.503401 2.61772e+10
0.25 -1.25 -0.25 0.625699 -0.0594795 0.565795 6.34266e+09
0.75 -0.75 -0.25 0.687115 -0.066019 0.527434 9.27707e+09
0.25 -0.25 -0.25 0.690345 -0.126134 0.539211 1.45053e+10
0.75 0.25 -0.25 0.740487 -0.151315 0.486821 2.05442e+10
0.25 0.75 -0.25 0.68606 -0.230935 0.499643 2.33281e+10
0.75 1.25 -0.25 0.711367 -0.24416 0.445962 2.66011e+10
1.25 -1.25 -0.25 0.686392 -0.0151908 0.514289 6.16996e+09
1.75 -0.75 -0.25 0.741416 -0.0115779 0.461873 8.69916e+09
1.25 -0.25 -0.25 0.750532 -0.0667739 0.472442 1.35685e+10
1.75 0.25 -0.25 0.800634 -0.0838985 0.407365 1.9166e+10
1.25 0.75 -0.25 0.762424 -0.173199 0.430279 2.38513e+10
1.75 1.25 -0.25 0.763573 -0.182979 0.37232 2.40454e+10
2.25 -1.25 -0.25 0.7387 0.041815 0.447657 5.87035e+09
2.25 -0.25 -0.25 0.796438 -0.00373244 0.393941 1.23486e+10
2.25 0.75 -0.25 0.814125 -0.112679 0.344891 2.16293e+10
-2.5 -1.5 0 0.237457 0.603161 0.414536 3.65735e+10
-2.5 -0.5 0 0.545354 0.447984 0.482296 7.66325e+10
-2.5 0.5 0 0.674769 0.283964 0.518074 1.38294e+11
-2.5 1.5 0 0.664921 0.249783 0.49005 1.32119e+11
-1.5 -1.5 0 0.184797 0.615028 0.38363 3.54825e+10
-2 -1 0 0.379514 0.548621 0.425567 5.09349e+10
-1.5 -0.5 0 0.509168 0.485799 0.430678 7.64457e+10
-2 0 0 0.649339 0.364037 0.484239 1.20268e+11
-1.5 0.5 0 0.713392 0.302631 0.470559 1.77436e+11
-2 1 0 0.71521 0.246217 0.493017 1.82581e+11
-1.5 1.5 0 0.745356 0.231759 0.45786 2.21222e+11
-0.5 -1.5 0 0.126969 0.625325 0.35918 3.38264e+10
-1 -1 0 0.309839 0.579233 0.382547 4.9184e+10
-0.5 -0.5 0 0.439635 0.544362 0.372595 7.30822e+10
-1 0 0 0.61955 0.429043 0.422303 1.19228e+11
-0.5 0.5 0 0.696191 0.382949 0.400613 1.75144e+11
-1 1 0 0.753928 0.271632 0.442062 2.39763e+11
-0.5 1.5 0 0.783074 0.265882 0.400605 2.88672e+11
0.5 -1.5 0 0.0667552 0.62706 0.338753 3.12274e+10
0 -1 0 0.25058 0.60968 0.342926 4.68243e+10
0.5 -0.5 0 0.378521 0.592299 0.319627 6.62453e+10
0 0 0 0.562175 0.508448 0.352741 1.08832e+11
0.5 0.5 0 0.664483 0.472825 0.322279 1.65985e+11
0 1 0 0.756261 0.349947 0.367755 2.48274e+11
0.5 1.5 0 0.791035 0.341964 0.321784 3.08452e+11
1.5 -1.5 0 0.00145276 0.615293 0.323375 2.77512e+10
1 -1 0 0.183138 0.629039 0.309019 4.21522e+10
1.5 -0.5 0 0.297251 0.625511 0.2743 5.81432e+10
1 0 0 0.496348 0.572265 0.288759 9.70592e+10
1.5 0.5 0 0.60107 0.555455 0.246461 1.44156e+11
1 1 0 0.734553 0.442825 0.28313 2.35925e+11
1.5 1.5 0 0.772512 0.4358 0.233216 2.94781e+11
2.5 -1.5 0 -0.0701573 0.57641 0.317419 2.38055e+10
2 -1 0 0.108552 0.630399 0.282812 3.68447e+10
2.5 -0.5 0 0.211995 0.642472 0.237048 4.9692e+10
2 0 0 0.407613 0.62588 0.230653 8.28051e+10
2.5 0.5 0 0.503928 0.634383 0.172757 1.18872e+11
2 1 0 0.670348 0.545802 0.194701 1.9851e+11
2.5 1.5 0 0.707153 0.548184 0.136243 2.42628e+11
-2.25 -1.25 0.25 0.458834 -0.0568343 0.650117 1.85644e+10
-2.25 -0.25 0.25 0.557448 -0.118848 0.647626 3.97419e+10
-2.25 0.75 0.25 0.615532 -0.201173 0.599333 6.47292e+10
-1.25 -1.25 0.25 0.491307 -0.0228805 0.624991 1.85623e+10
-1.75 -0.75 0.25 0.527488 -0.0630407 0.637708 2.73104e+10
-1.25 -0.25 0.25 0.60851 -0.0753776 0.615967 4.34679e+10
-1.75 0.25 0.25 0.618599 -0.138951 0.614966 5.94371e+10
-1.25 0.75 0.25 0.655894 -0.1415 0.567095 7.23527e+10
-1.75 1.25 0.25 0.66924 -0.21256 0.551552 8.46907e+10
-0.25 -1.25 0.25 0.535066 0.0133028 0.596424 1.87034e+10
-0.75 -0.75 0.25 0.558195 -0.0186315 0.606854 2.72836e+10
-0.25 -0.25 0.25 0.641387 -0.0234105 0.574 4.26571e+10
-0.75 0.25 0.25 0.656136 -0.110359 0.583011 6.5953e+10
-0.25 0.75 0.25 0.705331 -0.0882495 0.524287 7.99271e+10
-0.75 1.25 0.25 0.715479 -0.146715 0.510506 9.51966e+10
0.75 -1.25 0.25 0.586106 0.0536732 0.55492 1.86086e+10
0.25 -0.75 0.25 0.608332 0.0198792 0.56405 2.74475e+10
0.75 -0.25 0.25 0.671649 0.0301253 0.519121 3.95412e+10
0.25 0.25 0.25 0.704596 -0.0209195 0.526843 6.19748e+10
0.75 0.75 0.25 0.762168 -0.0231367 0.461827 8.41319e+10
0.25 1.25 0.25 0.765176 -0.0725089 0.454633 9.92138e+10
1.75 -1.25 0.25 0.632977 0.107643 0.498442 1.78274e+10
1.25 -0.75 0.25 0.651612 0.0660455 0.508239 2.63608e+10
1.75 -0.25 0.25 0.706366 0.0907039 0.450593 3.6547e+10
1.25 0.25 0.25 0.747701 0.0509084 0.455243 5.80883e+10
1.75 0.75 0.25 0.797765 0.0497561 0.38298 7.81654e+10
1.25 1.25 0.25 0.793868 0.00779372 0.382995 9.10607e+10
2.25 -0.75 0.25 0.689805 0.125267 0.438854 2.47018e+10
2.25 0.25 0.25 0.767295 0.121617 0.375263 5.07782e+10
2.25 1.25 0.25 0.806873 0.0845281 0.297638 7.70498e+10
-2.5 -1 0.5 0.40661 0.274696 0.522166 9.68748e+10
-2.5 0 0.5 0.615163 0.111614 0.560663 1.94086e+11
-2.5 1 0.5 0.663129 -0.0106211 0.551694 2.45983e+11
-2 -1.5 0.5 0.26792 0.351279 0.484875 7.09721e+10
-1.5 -1 0.5 0.381311 0.304379 0.485565 9.78898e+10
-2 -0.5 0.5 0.521646 0.213216 0.52353 1.40172e+11
-1.5 0 0.5 0.620232 0.157825 0.515005 2.15491e+11
-2 0.5 0.5 0.6939 0.0646072 0.543629 2.94927e+11
-1.5 1 0.5 0.731956 0.0459789 0.511019 3.84265e+11
-2 1.5 0.5 0.694939 -0.0223932 0.51168 2.88829e+11
-1 -1.5 0.5 0.247446 0.370231 0.460655 7.09806e+10
-0.5 -1 0.5 0.350201 0.333304 0.452406 9.75951e+10
-1 -0.5 0.5 0.487287 0.247764 0.482126 1.4181e+11
-0.5 0 0.5 0.585983 0.212238 0.462211 2.16165e+11
-1 0.5 0.5 0.705238 0.128612 0.490092 3.29777e+11
-0.5 1 0.5 0.755546 0.115035 0.45091 4.39949e+11
-1 1.5 0.5 0.75522 0.0414416 0.465384 4.22337e+11
0 -1.5 0.5 0.224295 0.375505 0.441153 6.87351e+10
0.5 -1 0.5 0.329791 0.357219 0.417865 9.43357e+10
0 -0.5 0.5 0.461149 0.301688 0.432617 1.41667e+11
0.5 0 0.5 0.571061 0.29029 0.396846 2.02726e+11
0 0.5 0.5 0.680948 0.207742 0.422442 3.09994e+11
0.5 1 0.5 0.76886 0.199513 0.374693 4.5337e+11
0 1.5 0.5 0.78763 0.114351 0.398732 4.92146e+11
1 -1.5 0.5 0.206872 0.37596 0.419463 6.44839e+10
1.5 -1 0.5 0.310637 0.380972 0.379403 8.71171e+10
1 -0.5 0.5 0.440942 0.352828 0.380248 1.31775e+11
1.5 0 0.5 0.545994 0.344149 0.336577 1.84841e+11
1 0.5 0.5 0.66928 0.281761 0.351735 2.9679e+11
1.5 1 0.5 0.749698 0.296143 0.290517 4.12021e+11
1 1.5 0.5 0.808507 0.207998 0.317402 5.35825e+11
2 -1.5 0.5 0.200076 0.376914 0.393839 5.84907e+10
2.5 -1 0.5 0.298352 0.394624 0.341747 7.76097e+10
2 -0.5 0.5 0.415931 0.390295 0.32947 1.19069e+11
2.5 0 0.5 0.508996 0.399255 0.271772 1.60419e+11
2 0.5 0.5 0.633328 0.352714 0.278123 2.58316e+11
2.5 1 0.5 0.704009 0.38834 0.200432 3.39173e+11
2 1.5 0.5 0.79061 0.311732 0.222046 4.77136e+11
-2.25 -0.75 0.75 0.534194 0.0721196 0.598776 3.87145e+10
-2.25 0.25 0.75 0.655291 0.0258908 0.581898 7.53973e+10
-2.25 1.25 0.75 0.701831 -0.0175326 0.519768 8.28383e+10
-1.75 -1.25 0.75 0.458348 0.112866 0.588644 2.77191e+10
-1.25 -0.75 0.75 0.531366 0.11802 0.567881 3.99149e+10
-1.75 -0.25 0.75 0.611679 0.0844775 0.572256 5.83844e+10
-1.25 0.25 0.75 0.685119 0.0634952 0.547813 8.84412e+10
-1.75 0.75 0.75 0.709799 0.021042 0.543458 9.78272e+10
-1.25 1.25 0.75 0.755063 0.0474739 0.485039 1.15328e+11
-0.75 -1.25 0.75 0.472234 0.140785 0.56559 2.88104e+10
-0.25 -0.75 0.75 0.538987 0.153998 0.537408 4.05354e+10
-0.75 -0.25 0.75 0.599008 0.133716 0.537021 5.85341e+10
-0.25 0.25 0.75 0.677029 0.10087 0.506312 8.63871e+10
-0.75 0.75 0.75 0.727192 0.0758384 0.498977 1.05502e+11
-0.25 1.25 0.75 0.777594 0.116762 0.427044 1.25584e+11
0.25 -1.25 0.75 0.487858 0.165813 0.538101 2.87574e+10
0.75 -0.75 0.75 0.558709 0.182853 0.495474 3.9927e+10
0.25 -0.25 0.75 0.618736 0.160796 0.494512 5.798e+10
0.75 0.25 0.75 0.686859 0.200744 0.430077 8.23469e+10
0.25 0.75 0.75 0.74569 0.151816 0.436981 1.1303e+11
0.75 1.25 0.75 0.798165 0.185651 0.362516 1.34798e+11
1.25 -1.25 0.75 0.504231 0.198636 0.498216 2.74977e+10
1.75 -0.75 0.75 0.578698 0.234184 0.437149 3.79646e+10
1.25 -0.25 0.75 0.632962 0.207529 0.434688 5.62024e+10
1.75 0.25 0.75 0.674982 0.262517 0.362094 7.36041e+10
1.25 0.75 0.75 0.753152 0.224604 0.363923 1.0987e+11
1.75 1.25 0.75 0.783099 0.268685 0.279672 1.15858e+11
2.25 -1.25 0.75 0.529817 0.23681 0.444417 2.59093e+10
2.25 -0.25 0.75 0.633603 0.259782 0.368491 5.11687e+10
2.25 0.75 0.75 0.733919 0.298373 0.281257 9.40664e+10
-2.5 -1.5 1 0.319614 0.228362 0.528235 1.00528e+11
-2.5 -0.5 1 0.54164 0.0797868 0.562091 1.79323e+11
-2.5 0.5 1 0.663298 -0.169725 0.589483 2.31023e+11
-2.5 1.5 1 0.693567 -0.270465 0.53746 2.29202e+11
-1.5 -1.5 1 0.309204 0.254859 0.501307 1.06903e+11
-2 -1 1 0.430793 0.177419 0.52689 1.40545e+11
-1.5 -0.5 1 0.53974 0.130169 0.519327 1.97813e+11
-2 0 1 0.63567 0.0306312 0.549376 2.50296e+11
-1.5 0.5 1 0.721722 -0.0313244 0.536537 3.61682e+11
-2 1 1 0.705824 -0.188418 0.554899 2.90567e+11
-1.5 1.5 1 0.742893 -0.196092 0.508324 3.2891e+11
-0.5 -1.5 1 0.303109 0.274946 0.47933 1.09086e+11
-1 -1 1 0.414847 0.218615 0.492521 1.47074e+11
-0.5 -0.5 1 0.513539 0.176126 0.47925 2.05892e+11
-1 0 1 0.638814 0.0734109 0.509263 2.84798e+11
-0.5 0.5 1 0.730575 0.031689 0.487255 3.93282e+11
-1 1 1 0.751331 -0.0977867 0.50845 3.88705e+11
-0.5 1.5 1 0.78964 -0.11169 0.456442 4.115e+11
0.5 -1.5 1 0.29217 0.280662 0.458428 1.05747e+11
0 -1 1 0.399025 0.24524 0.46216 1.47487e+11
0.5 -0.5 1 0.502478 0.227026 0.430676 2.04828e+11
0 0 1 0.611587 0.15056 0.450393 2.93053e+11
0.5 0.5 1 0.710684 0.155074 0.402736 3.88578e+11
0 1 1 0.781741 -0.0211773 0.447461 4.2553e+11
0.5 1.5 1 0.82829 -0.0236715 0.388719 4.54853e+11
1.5 -1.5 1 0.295457 0.294327 0.429474 9.88862e+10
1 -1 1 0.389352 0.270126 0.425338 1.41162e+11
1.5 -0.5 1 0.498185 0.281472 0.374788 1.94189e+11
1 0 1 0.613595 0.237462 0.380266 2.84851e+11
1.5 0.5 1 0.708034 0.231624 0.330156 3.75756e+11
1 1 1 0.803007 0.137766 0.356494 5.05946e+11
1.5 1.5 1 0.848438 0.09427 0.300865 4.6832e+11
2.5 -1.5 1 0.310086 0.305673 0.395159 8.96712e+10
2 -1 1 0.396837 0.306427 0.37987 1.30957e+11
2.5 -0.5 1 0.493064 0.329146 0.316713 1.74428e+11
2 0 1 0.596518 0.298018 0.314245 2.59883e+11
2.5 0.5 1 0.680936 0.309163 0.248717 3.21575e+11
2 1 1 0.788957 0.231944 0.271179 4.49027e+11
2.5 1.5 1 0.842685 0.191467 0.203155 3.91977e+11
-2.25 -1.25 1.25 0.442278 0.243228 0.529283 3.23281e+10
-2.25 -0.25 1.25 0.613631 0.140498 0.523859 5.63814e+10
-2.25 0.75 1.25 0.669759 0.137248 0.496826 3.69019e+10
-1.25 -1.25 1.25 0.432204 0.255748 0.510873 3.49074e+10
-1.75 -0.75 1.25 0.533825 0.221467 0.50869 4.52186e+10
-1.25 -0.25 1.25 0.622195 0.222082 0.475112 6.37943e+10
-1.75 0.25 1.25 0.690564 0.140067 0.489406 7.46608e+10
-1.25 0.75 1.25 0.712708 0.184754 0.444117 4.98054e+10
-1.75 1.25 1.25 0.694772 0.172917 0.463585 4.14628e+10
-0.25 -1.25 1.25 0.436224 0.269812 0.490081 3.66016e+10
-0.75 -0.75 1.25 0.514991 0.263483 0.478952 4.88119e+10
-0.25 -0.25 1.25 0.587164 0.28909 0.431628 6.56182e+10
-0.75 0.25 1.25 0.696631 0.189529 0.443087 8.41854e+10
-0.25 0.75 1.25 0.719779 0.242239 0.386304 5.45255e+10
-0.75 1.25 1.25 0.738072 0.238262 0.401589 5.44642e+10
0.75 -1.25 1.25 0.417343 0.29356 0.460287 3.5249e+10
0.25 -0.75 1.25 0.500551 0.299628 0.444521 4.876e+10
0.75 -0.25 1.25 0.578162 0.326545 0.384774 6.48382e+10
0.25 0.25 1.25 0.671448 0.26668 0.387141 8.66798e+10
0.75 0.75 1.25 0.725745 0.306826 0.318118 9.91183e+10
0.25 1.25 1.25 0.740753 0.306229 0.323104 5.79188e+10
1.75 -1.25 1.25 0.415373 0.316519 0.421157 3.30782e+10
1.25 -0.75 1.25 0.47461 0.336053 0.401343 4.59624e+10
1.75 -0.25 1.25 0.567937 0.37427 0.32883 6.19119e+10
1.25 0.25 1.25 0.658503 0.344291 0.315977 8.60007e+10
1.75 0.75 1.25 0.693016 0.378945 0.240356 9.01251e+10
1.25 1.25 1.25 0.734282 0.370116 0.240156 5.98164e+10
2.25 -0.75 1.25 0.47099 0.371296 0.350021 4.27852e+10
2.25 0.25 1.25 0.616346 0.400217 0.247213 7.42148e+10
2.25 1.25 1.25 0.68213 0.436623 0.153573 4.92836e+10
-2.5 -1 1.5 0.469613 0.140095 0.53004 1.34315e+11
-2.5 0 1.5 0.666481 0.00980598 0.545964 1.55863e+11
-2.5 1 1.5 0.690168 -0.162339 0.541037 1.26262e+11
-2 -1.5 1.5 0.355244 0.203782 0.511359 1.19372e+11
-1.5 -1 1.5 0.456499 0.157775 0.502619 1.62136e+11
-2 -0.5 1.5 0.562921 0.0847716 0.520844 1.84232e+11
-1.5 0 1.5 0.663643 0.0529256 0.502112 2.46439e+11
-2 0.5 1.5 0.702261 -0.0714215 0.533007 1.74949e+11
-1.5 1 1.5 0.738296 -0.0743602 0.494345 1.84887e+11
-2 1.5 1.5 0.72827 -0.152861 0.502697 1.4097e+11
-1 -1.5 1.5 0.348635 0.22236 0.490741 1.30405e+11
-0.5 -1 1.5 0.452813 0.198152 0.472184 1.76557e+11
-1 -0.5 1.5 0.56551 0.124202 0.486509 2.21292e+11
-0.5 0 1.5 0.653944 0.102068 0.459364 2.7585e+11
-1 0.5 1.5 0.728016 0.0621521 0.472602 2.55218e+11
-0.5 1 1.5 0.769876 0.02481 0.433504 2.39358e+11
-1 1.5 1.5 0.775311 -0.0661868 0.451004 1.91961e+11
0 -1.5 1.5 0.345871 0.238221 0.469777 1.34607e+11
0.5 -1 1.5 0.43711 0.222347 0.440389 1.74722e+11
0 -0.5 1.5 0.54401 0.174678 0.445498 2.30001e+11
0.5 0 1.5 0.631827 0.183637 0.398127 2.8621e+11
0 0.5 1.5 0.722303 0.133987 0.414922 2.7872e+11
0.5 1 1.5 0.788826 0.0848141 0.372836 2.7726e+11
0 1.5 1.5 0.812576 0.0225512 0.384453 2.42039e+11
1 -1.5 1.5 0.344374 0.255132 0.443004 1.29433e+11
1.5 -1 1.5 0.437674 0.259576 0.397404 1.65797e+11
1 -0.5 1.5 0.534484 0.221725 0.39609 2.25778e+11
1.5 0 1.5 0.640862 0.243795 0.33753 2.9996e+11
1 0.5 1.5 0.734767 0.212505 0.33932 3.63283e+11
1.5 1 1.5 0.775506 0.243164 0.278542 3.2081e+11
1 1.5 1.5 0.824359 0.11135 0.305831 2.53345e+11
2 -1.5 1.5 0.358316 0.279655 0.406919 1.20406e+11
2.5 -1 1.5 0.455505 0.298489 0.348725 1.52716e+11
2 -0.5 1.5 0.543221 0.275988 0.340269 2.16136e+11
2.5 0 1.5 0.621889 0.309156 0.26677 2.65625e+11
2 0.5 1.5 0.716691 0.291353 0.262134 3.39166e+11
2.5 1 1.5 0.746475 0.329582 0.188343 2.76607e+11
2 1.5 1.5 0.813313 0.22013 0.211461 2.41266e+11
