449
-2.5 -1 -1.5 -0.260211 -0.144917 0.555872 1.19653e+09
-2.5 0 -1.5 -0.254851 -0.0890672 0.483011 1.53177e+09
-2.5 1 -1.5 -0.228587 -0.0174466 0.410419 2.19895e+09
-2 -1.5 -1.5 -0.231171 -0.194234 0.561756 1.12308e+09
-1.5 -1 -1.5 -0.221817 -0.192991 0.495428 1.24231e+09
-2 -0.5 -1.5 -0.242468 -0.149206 0.492252 1.33493e+09
-1.5 0 -1.5 -0.229288 -0.151507 0.42932 1.5187e+09
-2 0.5 -1.5 -0.233754 -0.0942937 0.424096 1.76909e+09
-1.5 1 -1.5 -0.225208 -0.0972686 0.367985 2.0838e+09
-2 1.5 -1.5 -0.217504 -0.0147535 0.357624 2.64081e+09
-1 -1.5 -1.5 -0.192991 -0.221817 0.495428 1.24231e+09
-0.5 -1 -1.5 -0.192126 -0.215527 0.429962 1.39966e+09
-1 -0.5 -1.5 -0.215527 -0.192126 0.429962 1.39966e+09
-0.5 0 -1.5 -0.216365 -0.193648 0.368535 1.61864e+09
-1 0.5 -1.5 -0.22617 -0.152856 0.369621 1.76745e+09
-0.5 1 -1.5 -0.237442 -0.156773 0.318584 2.10267e+09
-1 1.5 -1.5 -0.241046 -0.0961734 0.321165 2.50399e+09
0 -1.5 -1.5 -0.151507 -0.229288 0.42932 1.5187e+09
0.5 -1 -1.5 -0.152856 -0.22617 0.369621 1.76745e+09
0 -0.5 -1.5 -0.193648 -0.216365 0.368535 1.61864e+09
0.5 0 -1.5 -0.201109 -0.226052 0.316199 1.92568e+09
0 0.5 -1.5 -0.226052 -0.201109 0.316199 1.92568e+09
0.5 1 -1.5 -0.243596 -0.218261 0.276911 2.25897e+09
0 1.5 -1.5 -0.261564 -0.172793 0.283345 2.45824e+09
1 -1.5 -1.5 -0.0972686 -0.225208 0.367985 2.0838e+09
1.5 -1 -1.5 -0.0961734 -0.241046 0.321165 2.50399e+09
1 -0.5 -1.5 -0.156773 -0.237442 0.318584 2.10267e+09
1.5 0 -1.5 -0.172793 -0.261564 0.283345 2.45824e+09
1 0.5 -1.5 -0.218261 -0.243596 0.276911 2.25897e+09
1.5 1 -1.5 -0.246658 -0.272931 0.256664 2.37003e+09
1 1.5 -1.5 -0.272931 -0.246658 0.256664 2.37003e+09
2 -1.5 -1.5 -0.002358 -0.239667 0.31427 3.22192e+09
2.5 -1 -1.5 -0.00639453 -0.281526 0.287892 3.6304e+09
2 -0.5 -1.5 -0.101675 -0.276367 0.29063 2.89812e+09
2.5 0 -1.5 -0.138508 -0.327729 0.283855 2.98676e+09
2 0.5 -1.5 -0.204943 -0.298654 0.268174 2.56616e+09
2.5 1 -1.5 -0.254569 -0.374958 0.285351 2.48456e+09
2 1.5 -1.5 -0.301745 -0.335817 0.271338 2.30472e+09
-2.25 -0.75 -1.25 0.574586 0.438957 0.371203 7.24927e+08
-2.25 0.25 -1.25 0.629373 0.397182 0.282975 9.49308e+08
-2.25 1.25 -1.25 0.672128 0.349534 0.195797 1.3682e+09
-1.75 -1.25 -1.25 0.532602 0.486451 0.371844 6.753e+08
-1.25 -0.75 -1.25 0.544012 0.496609 0.282109 7.50699e+08
-1.75 -0.25 -1.25 0.588518 0.44866 0.281754 8.16104e+08
-1.25 0.25 -1.25 0.590292 0.453372 0.188371 9.1533e+08
-1.75 0.75 -1.25 0.63513 0.399431 0.191553 1.08088e+09
-1.25 1.25 -1.25 0.627087 0.401079 0.100182 1.20948e+09
-0.75 -1.25 -1.25 0.496609 0.544012 0.282109 7.50699e+08
-0.25 -0.75 -1.25 0.498416 0.543342 0.188994 8.29943e+08
-0.75 -0.25 -1.25 0.543342 0.498416 0.188994 8.29943e+08
-0.25 0.25 -1.25 0.534971 0.496385 0.0940782 9.17138e+08
-0.75 0.75 -1.25 0.580971 0.45646 0.0940767 1.01865e+09
-0.25 1.25 -1.25 0.570033 0.466055 0.00916686 1.11489e+09
0.25 -1.25 -1.25 0.453372 0.590292 0.188371 9.1533e+08
0.75 -0.75 -1.25 0.45646 0.580971 0.0940767 1.01865e+09
0.25 -0.25 -1.25 0.496385 0.534971 0.0940782 9.17138e+08
0.75 0.25 -1.25 0.501374 0.533881 0.00763005 1.01398e+09
0.25 0.75 -1.25 0.533881 0.501374 0.00763005 1.01398e+09
0.75 1.25 -1.25 0.529084 0.507724 -0.0416327 1.06754e+09
1.25 -1.25 -1.25 0.401079 0.627087 0.100182 1.20948e+09
1.75 -0.75 -1.25 0.441145 0.59876 0.013876 1.32102e+09
1.25 -0.25 -1.25 0.466055 0.570033 0.00916686 1.11489e+09
1.75 0.25 -1.25 0.482184 0.554868 -0.0405628 1.15754e+09
1.25 0.75 -1.25 0.507724 0.529084 -0.0416327 1.06754e+09
1.75 1.25 -1.25 0.466107 0.496325 -0.0326381 9.52975e+08
2.25 -1.25 -1.25 0.42051 0.647659 0.00887231 1.78195e+09
2.25 -0.25 -1.25 0.45154 0.589568 -0.0377323 1.37914e+09
2.25 0.75 -1.25 0.428657 0.523042 -0.0300425 1.01413e+09
-2.5 -1.5 -1 -0.304355 -0.208589 0.602297 3.20871e+09
-2.5 -0.5 -1 -0.330437 -0.159073 0.538122 3.83007e+09
-2.5 0.5 -1 -0.337998 -0.0987961 0.47674 4.99711e+09
-2.5 1.5 -1 -0.334013 -0.01144 0.414984 7.21645e+09
-1.5 -1.5 -1 -0.260934 -0.260934 0.545168 3.37898e+09
-2 -1 -1 -0.29712 -0.217054 0.543718 3.4871e+09
-1.5 -0.5 -1 -0.28941 -0.225159 0.485577 3.81387e+09
-2 0 -1 -0.31712 -0.170116 0.483793 4.23557e+09
-1.5 0.5 -1 -0.310742 -0.177815 0.430362 4.74174e+09
-2 1 -1 -0.325871 -0.10698 0.427623 5.67688e+09
-1.5 1.5 -1 -0.32753 -0.111086 0.380204 6.51404e+09
-0.5 -1.5 -1 -0.225159 -0.28941 0.485577 3.81387e+09
-1 -1 -1 -0.261492 -0.261492 0.485498 3.68011e+09
-0.5 -0.5 -1 -0.264628 -0.264628 0.426943 4.04051e+09
-1 0 -1 -0.28689 -0.232761 0.428568 4.21212e+09
-0.5 0.5 -1 -0.295508 -0.238412 0.374167 4.72968e+09
-1 1 -1 -0.317668 -0.180866 0.378945 5.37786e+09
-0.5 1.5 -1 -0.342369 -0.179553 0.334193 6.1738e+09
0.5 -1.5 -1 -0.177815 -0.310742 0.430362 4.74174e+09
0 -1 -1 -0.232761 -0.28689 0.428568 4.21212e+09
0.5 -0.5 -1 -0.238412 -0.295508 0.374167 4.72968e+09
0 0 -1 -0.272714 -0.272714 0.371319 4.51709e+09
0.5 0.5 -1 -0.287298 -0.287298 0.324012 5.20758e+09
0 1 -1 -0.316871 -0.244636 0.327219 5.44017e+09
0.5 1.5 -1 -0.349677 -0.262633 0.298106 6.19677e+09
1.5 -1.5 -1 -0.111086 -0.32753 0.380204 6.51404e+09
1 -1 -1 -0.180866 -0.317668 0.378945 5.37786e+09
1.5 -0.5 -1 -0.179553 -0.342369 0.334193 6.1738e+09
1 0 -1 -0.244636 -0.316871 0.327219 5.44017e+09
1.5 0.5 -1 -0.262633 -0.349677 0.298106 6.19677e+09
1 1 -1 -0.311039 -0.311039 0.292746 5.9387e+09
1.5 1.5 -1 -0.356458 -0.356458 0.295922 6.09803e+09
2.5 -1.5 -1 0.0297032 -0.377944 0.329044 1.00933e+10
2 -1 -1 -0.104204 -0.357227 0.340094 7.61461e+09
2.5 -0.5 -1 -0.0849888 -0.426695 0.318635 8.54348e+09
2 0 -1 -0.187573 -0.390195 0.309827 7.00247e+09
2.5 0.5 -1 -0.211133 -0.462821 0.317392 7.13117e+09
2 1 -1 -0.297522 -0.407458 0.302733 6.34856e+09
2.5 1.5 -1 -0.339256 -0.478721 0.341031 5.96785e+09
-2.25 -1.25 -0.75 0.494956 0.420817 0.416222 2.19016e+09
-2.25 -0.25 -0.75 0.542758 0.391181 0.334684 2.67761e+09
-2.25 0.75 -0.75 0.579831 0.350857 0.255705 3.55215e+09
-1.25 -1.25 -0.75 0.473622 0.473622 0.330652 2.33637e+09
-1.75 -0.75 -0.75 0.511703 0.431993 0.331643 2.41939e+09
-1.25 -0.25 -0.75 0.516325 0.433106 0.244811 2.63997e+09
-1.75 0.25 -0.75 0.549465 0.392899 0.248733 2.96731e+09
-1.25 0.75 -0.75 0.539312 0.392226 0.158687 3.24942e+09
-1.75 1.25 -0.75 0.573501 0.34749 0.1684 3.94374e+09
-0.25 -1.25 -0.75 0.433106 0.516325 0.244811 2.63997e+09
-0.75 -0.75 -0.75 0.476008 0.476008 0.243613 2.53325e+09
-0.25 -0.25 -0.75 0.463487 0.463487 0.154951 2.69805e+09
-0.75 0.25 -0.75 0.502737 0.426831 0.155302 2.83765e+09
-0.25 0.75 -0.75 0.469228 0.418604 0.0655706 3.01824e+09
-0.75 1.25 -0.75 0.50861 0.391417 0.0696195 3.48308e+09
0.75 -1.25 -0.75 0.392226 0.539312 0.158687 3.24942e+09
0.25 -0.75 -0.75 0.426831 0.502737 0.155302 2.83765e+09
0.75 -0.25 -0.75 0.418604 0.469228 0.0655706 3.01824e+09
0.25 0.25 -0.75 0.43859 0.43859 0.0664502 2.84312e+09
0.75 0.75 -0.75 0.424555 0.424555 -0.014076 3.00814e+09
0.25 1.25 -0.75 0.441378 0.409179 -0.0115794 3.1536e+09
1.75 -1.25 -0.75 0.339333 0.541914 0.0851238 4.23412e+09
1.25 -0.75 -0.75 0.391417 0.50861 0.0696195 3.48308e+09
1.75 -0.25 -0.75 0.385975 0.463651 -0.0020182 3.57762e+09
1.25 0.25 -0.75 0.409179 0.441378 -0.0115794 3.1536e+09
1.75 0.75 -0.75 0.401559 0.409984 -0.0406276 3.00146e+09
1.25 1.25 -0.75 0.406791 0.406791 -0.0448717 2.89806e+09
2.25 -0.75 -0.75 0.385364 0.476094 0.00852308 4.3213e+09
2.25 0.25 -0.75 0.390535 0.413392 -0.0282055 3.31503e+09
2.25 1.25 -0.75 0.303325 0.3151 0.0379011 2.35165e+09
-2.5 -1 -0.5 -0.00353824 0.0462949 0.517891 8.45766e+09
-2.5 0 -0.5 0.0136099 0.0783537 0.445281 1.05014e+10
-2.5 1 -0.5 0.0406288 0.119045 0.373248 1.42032e+10
-2 -1.5 -0.5 0.00930406 0.0248999 0.521195 7.96996e+09
-1.5 -1 -0.5 0.0259022 0.0348662 0.450719 8.64794e+09
-2 -0.5 -0.5 0.0191791 0.0519417 0.449352 9.23027e+09
-1.5 0 -0.5 0.0365853 0.0538164 0.380292 1.00429e+10
-2 0.5 -0.5 0.0343789 0.0812623 0.378924 1.15928e+10
-1.5 1 -0.5 0.0396208 0.086048 0.311908 1.27927e+10
-2 1.5 -0.5 0.0518938 0.128309 0.307724 1.59002e+10
-1 -1.5 -0.5 0.0348662 0.0259022 0.450719 8.64794e+09
-0.5 -1 -0.5 0.0399148 0.0376631 0.379969 9.32965e+09
-1 -0.5 -0.5 0.0376631 0.0399148 0.379969 9.32965e+09
-0.5 0 -0.5 0.0401861 0.0390136 0.309564 9.99247e+09
-1 0.5 -0.5 0.041232 0.0539184 0.311261 1.08946e+10
-0.5 1 -0.5 0.0256623 0.05742 0.244919 1.18077e+10
-1 1.5 -0.5 0.0228643 0.0955483 0.247407 1.40126e+10
0 -1.5 -0.5 0.0538164 0.0365853 0.380292 1.00429e+10
0.5 -1 -0.5 0.0539184 0.041232 0.311261 1.08946e+10
0 -0.5 -0.5 0.0390136 0.0401861 0.309564 9.99247e+09
0.5 0 -0.5 0.0345357 0.0297756 0.241758 1.07057e+10
0 0.5 -0.5 0.0297756 0.0345357 0.241758 1.07057e+10
0.5 1 -0.5 0.00762774 0.0293348 0.185557 1.16624e+10
0 1.5 -0.5 -0.00698222 0.0638949 0.189902 1.27292e+10
1 -1.5 -0.5 0.086048 0.0396208 0.311908 1.27927e+10
1.5 -1 -0.5 0.0955483 0.0228643 0.247407 1.40126e+10
1 -0.5 -0.5 0.05742 0.0256623 0.244919 1.18077e+10
1.5 0 -0.5 0.0638949 -0.00698222 0.189902 1.27292e+10
1 0.5 -0.5 0.0293348 0.00762774 0.185557 1.16624e+10
1.5 1 -0.5 0.0133215 -0.0195372 0.15962 1.19885e+10
1 1.5 -0.5 -0.0195372 0.0133215 0.15962 1.19885e+10
2 -1.5 -0.5 0.142426 0.0432492 0.243595 1.75446e+10
2.5 -1 -0.5 0.165178 0.0108409 0.190568 1.92993e+10
2 -0.5 -0.5 0.116518 -0.0155031 0.193125 1.49978e+10
2.5 0 -0.5 0.114736 -0.0850739 0.177178 1.50262e+10
2 0.5 -0.5 0.0528671 -0.0516553 0.168575 1.29684e+10
2.5 1 -0.5 -0.00518964 -0.143513 0.213621 1.0977e+10
2 1.5 -0.5 -0.0554032 -0.0995244 0.205039 1.02188e+10
-2.25 -0.75 -0.25 0.428303 0.34267 0.385156 3.88931e+09
-2.25 0.25 -0.25 0.454174 0.312817 0.311976 4.83117e+09
-2.25 1.25 -0.25 0.464452 0.280728 0.242833 6.45515e+09
-1.75 -1.25 -0.25 0.40399 0.373922 0.382932 3.65839e+09
-1.25 -0.75 -0.25 0.411402 0.377177 0.30082 3.95347e+09
-1.75 -0.25 -0.25 0.437181 0.342262 0.305096 4.22866e+09
-1.25 0.25 -0.25 0.428348 0.329568 0.2251 4.50778e+09
-1.75 0.75 -0.25 0.445136 0.304546 0.233131 5.23955e+09
-1.25 1.25 -0.25 0.412122 0.299313 0.150786 5.55808e+09
-0.75 -1.25 -0.25 0.377177 0.411402 0.30082 3.95347e+09
-0.25 -0.75 -0.25 0.365522 0.402736 0.219327 4.17809e+09
-0.75 -0.25 -0.25 0.402736 0.365522 0.219327 4.17809e+09
-0.25 0.25 -0.25 0.367853 0.334411 0.141179 4.28916e+09
-0.75 0.75 -0.25 0.390886 0.310539 0.145441 4.68445e+09
-0.25 1.25 -0.25 0.321881 0.294635 0.0710353 4.7489e+09
0.25 -1.25 -0.25 0.329568 0.428348 0.2251 4.50778e+09
0.75 -0.75 -0.25 0.310539 0.390886 0.145441 4.68445e+09
0.25 -0.25 -0.25 0.334411 0.367853 0.141179 4.28916e+09
0.75 0.25 -0.25 0.29046 0.296277 0.0730183 4.28029e+09
0.25 0.75 -0.25 0.296277 0.29046 0.0730183 4.28029e+09
0.75 1.25 -0.25 0.251587 0.255983 0.0175211 4.09837e+09
1.25 -1.25 -0.25 0.299313 0.412122 0.150786 5.55808e+09
1.75 -0.75 -0.25 0.298471 0.34791 0.0746385 5.63551e+09
1.25 -0.25 -0.25 0.294635 0.321881 0.0710353 4.7489e+09
1.75 0.25 -0.25 0.257877 0.247904 0.0264919 4.44129e+09
1.25 0.75 -0.25 0.255983 0.251587 0.0175211 4.09837e+09
1.75 1.25 -0.25 0.185714 0.169424 0.0361839 3.20802e+09
2.25 -1.25 -0.25 0.246656 0.351291 0.103197 6.88791e+09
2.25 -0.25 -0.25 0.249959 0.243935 0.0443355 5.10149e+09
2.25 0.75 -0.25 0.200159 0.143776 0.0497634 3.4086e+09
-2.5 -1.5 0 0.111255 0.12918 0.531222 1.34085e+10
-2.5 -0.5 0 0.134269 0.156115 0.454392 1.58901e+10
-2.5 0.5 0 0.165141 0.181781 0.377852 2.02621e+10
-2.5 1.5 0 0.2026 0.223831 0.296972 2.79096e+10
-1.5 -1.5 0 0.138224 0.138224 0.458835 1.40613e+10
-2 -1 0 0.135457 0.144564 0.457835 1.45002e+10
-1.5 -0.5 0 0.15551 0.154836 0.383392 1.55729e+10
-2 0 0 0.159324 0.165068 0.381982 1.7197e+10
-1.5 0.5 0 0.176045 0.170196 0.30838 1.83666e+10
-2 1 0 0.183266 0.192106 0.305568 2.19873e+10
-1.5 1.5 0 0.17944 0.209905 0.231013 2.34738e+10
-0.5 -1.5 0 0.154836 0.15551 0.383392 1.55729e+10
-1 -1 0 0.152688 0.152688 0.383607 1.5065e+10
-0.5 -0.5 0 0.16009 0.16009 0.308121 1.58622e+10
-1 0 0 0.168364 0.158799 0.308443 1.64556e+10
-0.5 0.5 0 0.169406 0.158483 0.233543 1.70033e+10
-1 1 0 0.176017 0.176979 0.233886 1.92926e+10
-0.5 1.5 0 0.153098 0.195562 0.162672 1.97993e+10
0.5 -1.5 0 0.170196 0.176045 0.30838 1.83666e+10
0 -1 0 0.158799 0.168364 0.308443 1.64556e+10
0.5 -0.5 0 0.158483 0.169406 0.233543 1.70033e+10
0 0 0 0.15921 0.15921 0.233027 1.62893e+10
0.5 0.5 0 0.153668 0.153668 0.161292 1.62608e+10
0 1 0 0.155027 0.162401 0.162398 1.71816e+10
0.5 1.5 0 0.130496 0.179912 0.108077 1.67099e+10
1.5 -1.5 0 0.209905 0.17944 0.231013 2.34738e+10
1 -1 0 0.176979 0.176017 0.233886 1.92926e+10
1.5 -0.5 0 0.195562 0.153098 0.162672 1.97993e+10
1 0 0 0.162401 0.155027 0.162398 1.71816e+10
1.5 0.5 0 0.179912 0.130496 0.108077 1.67099e+10
1 1 0 0.152013 0.152013 0.105084 1.599e+10
1.5 1.5 0 0.17253 0.17253 0.0856129 1.28805e+10
2.5 -1.5 0 0.306423 0.188752 0.141675 3.03603e+10
2 -1 0 0.240425 0.149631 0.159462 2.41178e+10
2.5 -0.5 0 0.276302 0.118672 0.106337 2.23968e+10
2 0 0 0.22277 0.119053 0.110027 1.87497e+10
2.5 0.5 0 0.252803 0.106972 0.0965224 1.47061e+10
2 1 0 0.208557 0.138371 0.089747 1.33509e+10
2.5 1.5 0 0.271975 0.230301 0.121892 7.8076e+09
-2.25 -1.25 0.25 0.329342 0.294089 0.43389 4.77448e+09
-2.25 -0.25 0.25 0.352394 0.276859 0.360238 5.6268e+09
-2.25 0.75 0.25 0.350793 0.252763 0.29547 6.99169e+09
-1.25 -1.25 0.25 0.320479 0.320479 0.354814 4.97813e+09
-1.75 -0.75 0.25 0.339845 0.297738 0.356337 5.13231e+09
-1.25 -0.25 0.25 0.339651 0.290064 0.279243 5.40278e+09
-1.75 0.25 0.25 0.350558 0.26622 0.286711 5.9588e+09
-1.25 0.75 0.25 0.324529 0.242945 0.216415 6.1019e+09
-1.75 1.25 0.25 0.318486 0.240845 0.225774 7.25764e+09
-0.25 -1.25 0.25 0.290064 0.339651 0.279243 5.40278e+09
-0.75 -0.75 0.25 0.318061 0.318061 0.276061 5.2361e+09
-0.25 -0.25 0.25 0.298188 0.298188 0.200969 5.31709e+09
-0.75 0.25 0.25 0.31889 0.26525 0.206322 5.48717e+09
-0.25 0.75 0.25 0.265826 0.219312 0.14353 5.28349e+09
-0.75 1.25 0.25 0.263563 0.221826 0.149142 5.93615e+09
0.75 -1.25 0.25 0.242945 0.324529 0.216415 6.1019e+09
0.25 -0.75 0.25 0.26525 0.31889 0.206322 5.48717e+09
0.75 -0.25 0.25 0.219312 0.265826 0.14353 5.28349e+09
0.25 0.25 0.25 0.254289 0.254289 0.134939 5.12015e+09
0.75 0.75 0.25 0.176544 0.176544 0.0933552 4.54425e+09
0.25 1.25 0.25 0.173058 0.181282 0.0967976 4.6667e+09
1.75 -1.25 0.25 0.2448 0.257522 0.152605 7.15226e+09
1.25 -0.75 0.25 0.221826 0.263563 0.149142 5.93615e+09
1.75 -0.25 0.25 0.226043 0.195222 0.0835894 5.37334e+09
1.25 0.25 0.25 0.181282 0.173058 0.0967976 4.6667e+09
1.75 0.75 0.25 0.188713 0.145617 0.0496827 3.3455e+09
1.25 1.25 0.25 0.166328 0.166328 0.0452889 3.20965e+09
2.25 -0.75 0.25 0.259741 0.171726 0.0908122 6.11196e+09
2.25 0.25 0.25 0.192839 0.0938224 0.0710492 3.57105e+09
2.25 1.25 0.25 0.042638 -0.0153054 0.14467 1.20881e+09
-2.5 -1 0.5 0.183748 0.194434 0.476882 1.96261e+10
-2.5 0 0.5 0.213725 0.219593 0.396737 2.37381e+10
-2.5 1 0.5 0.252082 0.245517 0.315071 3.06369e+10
-2 -1.5 0.5 0.185073 0.188229 0.480072 1.84938e+10
-1.5 -1 0.5 0.206097 0.206079 0.402828 1.96872e+10
-2 -0.5 0.5 0.209025 0.210257 0.401106 2.09679e+10
-1.5 0 0.5 0.227906 0.220031 0.324327 2.20414e+10
-2 0.5 0.5 0.236592 0.231607 0.321416 2.51478e+10
-1.5 1 0.5 0.247369 0.242515 0.244257 2.58615e+10
-2 1.5 0.5 0.264923 0.264789 0.237209 3.19644e+10
-1 -1.5 0.5 0.206079 0.206097 0.402828 1.96872e+10
-0.5 -1 0.5 0.217245 0.220217 0.324874 2.06326e+10
-1 -0.5 0.5 0.220217 0.217245 0.324874 2.06326e+10
-0.5 0 0.5 0.225117 0.220779 0.246903 2.09442e+10
-1 0.5 0.5 0.237582 0.22382 0.246981 2.24558e+10
-0.5 1 0.5 0.234238 0.226329 0.170289 2.18387e+10
-1 1.5 0.5 0.235895 0.262431 0.165914 2.55274e+10
0 -1.5 0.5 0.220031 0.227906 0.324327 2.20414e+10
0.5 -1 0.5 0.22382 0.237582 0.246981 2.24558e+10
0 -0.5 0.5 0.220779 0.225117 0.246903 2.09442e+10
0.5 0 0.5 0.218333 0.219161 0.170743 2.0238e+10
0 0.5 0.5 0.219161 0.218333 0.170743 2.0238e+10
0.5 1 0.5 0.205749 0.218564 0.103765 1.8064e+10
0 1.5 0.5 0.220184 0.235493 0.102158 1.99554e+10
1 -1.5 0.5 0.242515 0.247369 0.244257 2.58615e+10
1.5 -1 0.5 0.262431 0.235895 0.165914 2.55274e+10
1 -0.5 0.5 0.226329 0.234238 0.170289 2.18387e+10
1.5 0 0.5 0.235493 0.220184 0.102158 1.99554e+10
1 0.5 0.5 0.218564 0.205749 0.103765 1.8064e+10
1.5 1 0.5 0.24522 0.208284 0.0565047 1.44491e+10
1 1.5 0.5 0.208284 0.24522 0.0565047 1.44491e+10
2 -1.5 0.5 0.298 0.250472 0.156513 3.17795e+10
2.5 -1 0.5 0.350685 0.202943 0.0838441 2.79983e+10
2 -0.5 0.5 0.301006 0.199911 0.0948264 2.3444e+10
2.5 0 0.5 0.318366 0.147096 0.0696774 1.63687e+10
2 0.5 0.5 0.282145 0.182678 0.0610529 1.51939e+10
2.5 1 0.5 0.236632 0.108652 0.11408 6.63934e+09
2 1.5 0.5 0.170363 0.136038 0.118504 6.36345e+09
-2.25 -0.75 0.75 0.265539 0.240788 0.407846 5.92051e+09
-2.25 0.25 0.75 0.26798 0.229665 0.339128 6.97417e+09
-2.25 1.25 0.75 0.238658 0.219725 0.279813 8.40776e+09
-1.75 -1.25 0.75 0.257888 0.249029 0.40815 5.57478e+09
-1.25 -0.75 0.75 0.25914 0.248042 0.332957 5.8186e+09
-1.75 -0.25 0.75 0.26828 0.236222 0.335234 6.18883e+09
-1.25 0.25 0.75 0.259407 0.219949 0.265125 6.24251e+09
-1.75 0.75 0.75 0.250638 0.212896 0.274182 7.03921e+09
-1.25 1.25 0.75 0.201283 0.185372 0.216409 6.65972e+09
-0.75 -1.25 0.75 0.248042 0.25914 0.332957 5.8186e+09
-0.25 -0.75 0.75 0.237332 0.24989 0.259462 5.87319e+09
-0.75 -0.25 0.75 0.24989 0.237332 0.259462 5.87319e+09
-0.25 0.25 0.75 0.220949 0.211423 0.193063 5.57845e+09
-0.75 0.75 0.75 0.22886 0.187274 0.202341 5.91642e+09
-0.25 1.25 0.75 0.174767 0.133844 0.154077 5.03751e+09
0.25 -1.25 0.75 0.219949 0.259407 0.265125 6.24251e+09
0.75 -0.75 0.75 0.187274 0.22886 0.202341 5.91642e+09
0.25 -0.25 0.75 0.211423 0.220949 0.193063 5.57845e+09
0.75 0.25 0.75 0.17371 0.175452 0.138192 4.75043e+09
0.25 0.75 0.75 0.175452 0.17371 0.138192 4.75043e+09
0.75 1.25 0.75 0.131759 0.121036 0.103091 3.24964e+09
1.25 -1.25 0.75 0.185372 0.201283 0.216409 6.65972e+09
1.75 -0.75 0.75 0.176451 0.111327 0.163086 5.60508e+09
1.25 -0.25 0.75 0.133844 0.174767 0.154077 5.03751e+09
1.75 0.25 0.75 0.123805 0.134111 0.106551 3.3985e+09
1.25 0.75 0.75 0.121036 0.131759 0.103091 3.24964e+09
1.75 1.25 0.75 0.0909437 0.0523904 0.0931807 1.10797e+09
2.25 -1.25 0.75 0.219947 0.143734 0.145989 6.68487e+09
2.25 -0.25 0.75 0.149113 0.116506 0.110524 3.75904e+09
2.25 0.75 0.75 0.0968186 -0.00261852 0.111316 1.14701e+09
-2.5 -1.5 1 0.208045 0.213477 0.505595 2.12996e+10
-2.5 -0.5 1 0.236579 0.241399 0.422796 2.46325e+10
-2.5 0.5 1 0.27009 0.268147 0.337878 3.00037e+10
-2.5 1.5 1 0.311293 0.299106 0.24806 3.80443e+10
-1.5 -1.5 1 0.233672 0.233672 0.429252 2.1781e+10
-2 -1 1 0.234568 0.235119 0.427721 2.24761e+10
-1.5 -0.5 1 0.254631 0.25181 0.34815 2.33671e+10
-2 0 1 0.260079 0.258827 0.344634 2.57149e+10
-1.5 0.5 1 0.273671 0.271555 0.265468 2.60011e+10
-2 1 1 0.288625 0.283834 0.259429 3.04838e+10
-1.5 1.5 1 0.291117 0.299473 0.179963 2.91051e+10
-0.5 -1.5 1 0.25181 0.254631 0.34815 2.33671e+10
-1 -1 1 0.251697 0.251697 0.349047 2.26169e+10
-0.5 -0.5 1 0.261314 0.261314 0.268506 2.28547e+10
-1 0 1 0.26523 0.26098 0.268242 2.3611e+10
-0.5 0.5 1 0.263467 0.262499 0.189404 2.25765e+10
-1 1 1 0.27367 0.28168 0.186176 2.48037e+10
-0.5 1.5 1 0.256064 0.296888 0.111144 2.14601e+10
0.5 -1.5 1 0.271555 0.273671 0.265468 2.60011e+10
0 -1 1 0.26098 0.26523 0.268242 2.3611e+10
0.5 -0.5 1 0.262499 0.263467 0.189404 2.25765e+10
0 0 1 0.261247 0.261247 0.189017 2.18682e+10
0.5 0.5 1 0.250717 0.250717 0.116914 1.91386e+10
0 1 1 0.246502 0.258037 0.117438 1.97102e+10
0.5 1.5 1 0.21617 0.248048 0.0701093 1.45017e+10
1.5 -1.5 1 0.299473 0.291117 0.179963 2.91051e+10
1 -1 1 0.28168 0.27367 0.186176 2.48037e+10
1.5 -0.5 1 0.296888 0.256064 0.111144 2.14601e+10
1 0 1 0.258037 0.246502 0.117438 1.97102e+10
1.5 0.5 1 0.248048 0.21617 0.0701093 1.45017e+10
1 1 1 0.226009 0.226009 0.0712233 1.41782e+10
1.5 1.5 1 0.0704077 0.0704077 0.137104 6.63892e+09
2.5 -1.5 1 0.373826 0.268887 0.0858435 3.07358e+10
2 -1 1 0.320476 0.271183 0.104469 2.52493e+10
2.5 -0.5 1 0.327957 0.24348 0.0554984 1.6945e+10
2 0 1 0.311658 0.234226 0.0584696 1.5656e+10
2.5 0.5 1 0.25146 0.099489 0.0888964 6.3431e+09
2 1 1 0.109554 0.0404972 0.136397 6.74161e+09
2.5 1.5 1 0.130839 0.10792 0.155877 2.99745e+09
-2.25 -1.25 1.25 0.196482 0.199658 0.457494 5.75991e+09
-2.25 -0.25 1.25 0.197009 0.205292 0.383664 6.50642e+09
-2.25 0.75 1.25 0.180953 0.202873 0.31796 7.45925e+09
-1.25 -1.25 1.25 0.197576 0.197576 0.387701 5.75668e+09
-1.75 -0.75 1.25 0.198304 0.198907 0.386482 5.94497e+09
-1.25 -0.25 1.25 0.191362 0.189942 0.316831 5.93969e+09
-1.75 0.25 1.25 0.189442 0.1972 0.316861 6.49423e+09
-1.25 0.75 1.25 0.168134 0.180104 0.254346 6.0634e+09
-1.75 1.25 1.25 0.15344 0.179697 0.261663 6.90447e+09
-0.25 -1.25 1.25 0.189942 0.191362 0.316831 5.93969e+09
-0.75 -0.75 1.25 0.190618 0.190618 0.316587 5.75484e+09
-0.25 -0.25 1.25 0.176417 0.176417 0.247023 5.44412e+09
-0.75 0.25 1.25 0.174484 0.172298 0.249983 5.60218e+09
-0.25 0.75 1.25 0.136301 0.143593 0.19218 4.75046e+09
-0.75 1.25 1.25 0.127775 0.157388 0.198013 5.02901e+09
0.75 -1.25 1.25 0.180104 0.168134 0.254346 6.0634e+09
0.25 -0.75 1.25 0.172298 0.174484 0.249983 5.60218e+09
0.75 -0.25 1.25 0.143593 0.136301 0.19218 4.75046e+09
0.25 0.25 1.25 0.143657 0.143657 0.188249 4.63103e+09
0.75 0.75 1.25 0.0967908 0.0967908 0.145413 3.25158e+09
0.25 1.25 1.25 0.0840944 0.110155 0.146853 3.268e+09
1.75 -1.25 1.25 0.136988 0.106329 0.214529 5.62325e+09
1.25 -0.75 1.25 0.157388 0.127775 0.198013 5.02901e+09
1.75 -0.25 1.25 0.12778 0.10179 0.146538 3.35653e+09
1.25 0.25 1.25 0.110155 0.0840944 0.146853 3.268e+09
1.75 0.75 1.25 0.0786359 0.0513026 0.101409 1.73637e+09
1.25 1.25 1.25 0.0514664 0.0514664 0.10617 1.67992e+09
2.25 -0.75 1.25 0.145127 0.102124 0.140104 3.50576e+09
2.25 0.25 1.25 0.106445 0.011961 0.109313 1.09771e+09
2.25 1.25 1.25 -0.0541149 -0.0251715 0.145344 5.34617e+08
-2.5 -1 1.5 0.250259 0.251716 0.453982 2.34498e+10
-2.5 0 1.5 0.280334 0.282216 0.365677 2.72687e+10
-2.5 1 1.5 0.314516 0.313875 0.273641 3.25311e+10
-2 -1.5 1.5 0.249101 0.248382 0.458638 2.20692e+10
-1.5 -1 1.5 0.273274 0.27088 0.377323 2.26171e+10
-2 -0.5 1.5 0.276783 0.273659 0.373591 2.41368e+10
-1.5 0 1.5 0.294082 0.291048 0.291705 2.41331e+10
-2 0.5 1.5 0.299614 0.301418 0.28491 2.73395e+10
-1.5 1 1.5 0.30333 0.315604 0.204562 2.5772e+10
-2 1.5 1.5 0.323089 0.334136 0.193061 3.04501e+10
-1 -1.5 1.5 0.27088 0.273274 0.377323 2.26171e+10
-0.5 -1 1.5 0.287394 0.289358 0.29468 2.25859e+10
-1 -0.5 1.5 0.289358 0.287394 0.29468 2.25859e+10
-0.5 0 1.5 0.294655 0.295232 0.212489 2.15359e+10
-1 0.5 1.5 0.298519 0.30174 0.210299 2.29019e+10
-0.5 1 1.5 0.288595 0.303483 0.133516 1.97022e+10
-1 1.5 1.5 0.286532 0.322608 0.128928 2.17731e+10
0 -1.5 1.5 0.291048 0.294082 0.291705 2.41331e+10
0.5 -1 1.5 0.30174 0.298519 0.210299 2.29019e+10
0 -0.5 1.5 0.295232 0.294655 0.212489 2.15359e+10
0.5 0 1.5 0.293473 0.288448 0.13445 1.86908e+10
0 0.5 1.5 0.288448 0.293473 0.13445 1.86908e+10
0.5 1 1.5 0.26616 0.27659 0.0762412 1.36744e+10
0 1.5 1.5 0.257323 0.291168 0.0768017 1.41118e+10
1 -1.5 1.5 0.315604 0.30333 0.204562 2.5772e+10
1.5 -1 1.5 0.322608 0.286532 0.128928 2.17731e+10
1 -0.5 1.5 0.303483 0.288595 0.133516 1.97022e+10
1.5 0 1.5 0.291168 0.257323 0.0768017 1.41118e+10
1 0.5 1.5 0.27659 0.26616 0.0762412 1.36744e+10
1.5 1 1.5 0.228107 0.205346 0.0671802 7.32217e+09
1 1.5 1.5 0.205346 0.228107 0.0671802 7.32217e+09
2 -1.5 1.5 0.355274 0.304781 0.116412 2.49815e+10
2.5 -1 1.5 0.370327 0.269433 0.0537455 1.67437e+10
2 -0.5 1.5 0.30932 0.256579 0.0717061 1.50808e+10
2.5 0 1.5 0.223188 0.0630643 0.0947775 6.84671e+09
2 0.5 1.5 0.18578 0.165936 0.0875485 6.90074e+09
2.5 1 1.5 0.150673 0.100138 0.108238 2.73551e+09
2 1.5 1.5 0.139326 0.11576 0.110216 2.68819e+09
