449
-2.5 -1 -1.5 0.0765928 0.0519504 0.406502 3.48034e+09
-2.5 0 -1.5 0.100153 0.143113 0.426834 5.81153e+09
-2.5 1 -1.5 0.125376 0.262599 0.441828 9.94899e+09
-2 -1.5 -1.5 0.0380435 0.0503 0.365519 2.37988e+09
-1.5 -1 -1.5 0.0193273 0.118569 0.344942 2.67518e+09
-2 -0.5 -1.5 0.0555246 0.126208 0.387044 3.96364e+09
-1.5 0 -1.5 0.0385794 0.204591 0.36401 4.5084e+09
-2 0.5 -1.5 0.0782547 0.226602 0.404552 6.72014e+09
-1.5 1 -1.5 0.0635931 0.308348 0.378665 7.67088e+09
-2 1.5 -1.5 0.102984 0.346222 0.416187 1.15759e+10
-1 -1.5 -1.5 -0.0101358 0.116707 0.30135 1.7892e+09
-0.5 -1 -1.5 -0.0209365 0.184981 0.277263 1.98494e+09
-1 -0.5 -1.5 0.0059103 0.191776 0.321331 3.00198e+09
-0.5 0 -1.5 0.00080881 0.265554 0.295529 3.32795e+09
-1 0.5 -1.5 0.02949 0.28267 0.338121 5.06494e+09
-0.5 1 -1.5 0.0308702 0.356001 0.310244 5.55533e+09
-1 1.5 -1.5 0.0595637 0.384213 0.350043 8.5368e+09
0 -1.5 -1.5 -0.0432264 0.182158 0.232304 1.30437e+09
0.5 -1 -1.5 -0.0434113 0.247225 0.206732 1.41551e+09
0 -0.5 -1.5 -0.0231717 0.254344 0.251572 2.17562e+09
0.5 0 -1.5 -0.0153095 0.320575 0.225186 2.33254e+09
0 0.5 -1.5 0.00602032 0.335489 0.268419 3.60568e+09
0.5 1 -1.5 0.0218272 0.398487 0.240536 3.78324e+09
0 1.5 -1.5 0.043339 0.421513 0.280851 5.88865e+09
1 -1.5 -1.5 -0.0608904 0.243 0.161361 9.16861e+08
1.5 -1 -1.5 -0.0502221 0.301868 0.13626 9.65764e+08
1 -0.5 -1.5 -0.033791 0.309719 0.181012 1.50362e+09
1.5 0 -1.5 -0.0144529 0.366725 0.155765 1.55132e+09
1 0.5 -1.5 0.00271037 0.380643 0.198687 2.42576e+09
1.5 1 -1.5 0.0301045 0.432875 0.17273 2.43427e+09
1 1.5 -1.5 0.0475726 0.452997 0.212591 3.82374e+09
2 -1.5 -1.5 -0.0654512 0.296361 0.0912172 6.17933e+08
2.5 -1 -1.5 -0.0456176 0.347449 0.0681555 6.28248e+08
2 -0.5 -1.5 -0.0303068 0.355844 0.112149 9.89034e+08
2.5 0 -1.5 -0.00205596 0.403196 0.0895981 9.79689e+08
2 0.5 -1.5 0.0137395 0.416514 0.131598 1.54653e+09
2.5 1 -1.5 0.0494373 0.457785 0.10911 1.48439e+09
2 1.5 -1.5 0.0655793 0.475961 0.148045 2.34901e+09
-2.25 -0.75 -1.25 -0.527362 0.508274 0.393529 2.19061e+09
-2.25 0.25 -1.25 -0.525749 0.525278 0.413794 3.81585e+09
-2.25 1.25 -1.25 -0.517319 0.547105 0.43163 6.60391e+09
-1.75 -1.25 -1.25 -0.540234 0.528684 0.335235 1.4825e+09
-1.25 -0.75 -1.25 -0.548966 0.564075 0.296343 1.72575e+09
-1.75 -0.25 -1.25 -0.539021 0.546286 0.354669 2.58264e+09
-1.25 0.25 -1.25 -0.542256 0.585872 0.314004 2.99432e+09
-1.75 0.75 -1.25 -0.531745 0.568087 0.372651 4.48421e+09
-1.25 1.25 -1.25 -0.528688 0.60978 0.331162 5.08665e+09
-0.75 -1.25 -1.25 -0.556175 0.578994 0.239078 1.14286e+09
-0.25 -0.75 -1.25 -0.554633 0.612759 0.199608 1.29549e+09
-0.75 -0.25 -1.25 -0.549699 0.600656 0.256245 1.97722e+09
-0.25 0.25 -1.25 -0.542216 0.636121 0.217009 2.19555e+09
-0.75 0.75 -1.25 -0.536824 0.624311 0.27363 3.35804e+09
-0.25 1.25 -1.25 -0.523006 0.659964 0.234149 3.58992e+09
0.25 -1.25 -1.25 -0.557443 0.622506 0.14418 8.44052e+08
0.75 -0.75 -1.25 -0.54657 0.652738 0.107174 9.21497e+08
0.25 -0.25 -1.25 -0.545353 0.645495 0.161498 1.42587e+09
0.75 0.25 -1.25 -0.528725 0.675941 0.125702 1.50558e+09
0.25 0.75 -1.25 -0.52686 0.669031 0.179444 2.33196e+09
0.75 1.25 -1.25 -0.503737 0.699596 0.143945 2.35702e+09
1.25 -1.25 -1.25 -0.546106 0.658147 0.0540629 5.93299e+08
1.75 -0.75 -1.25 -0.527499 0.684393 0.0214138 6.19672e+08
1.25 -0.25 -1.25 -0.528875 0.680968 0.0730119 9.67638e+08
1.75 0.25 -1.25 -0.504863 0.707006 0.0422041 9.71566e+08
1.25 0.75 -1.25 -0.505086 0.704068 0.0926813 1.51663e+09
1.75 1.25 -1.25 -0.475675 0.729217 0.0632063 1.45346e+09
2.25 -1.25 -1.25 -0.524734 0.686513 -0.0290701 3.95602e+08
2.25 -0.25 -1.25 -0.503215 0.708658 -0.00741229 6.20114e+08
2.25 0.75 -1.25 -0.475793 0.730248 0.0153696 9.29758e+08
-2.5 -1.5 -1 0.1667 -0.00727996 0.395534 5.48401e+09
-2.5 -0.5 -1 0.190514 0.0868656 0.417583 9.21983e+09
-2.5 0.5 -1 0.216998 0.208802 0.434402 1.59303e+10
-2.5 1.5 -1 0.23906 0.351561 0.443556 2.82885e+10
-1.5 -1.5 -1 0.127352 0.0439349 0.330395 4.10869e+09
-2 -1 -1 0.155958 0.0609831 0.374801 6.17767e+09
-1.5 -0.5 -1 0.146825 0.132971 0.350271 6.97576e+09
-2 0 -1 0.179204 0.16437 0.39352 1.0564e+10
-1.5 0.5 -1 0.171122 0.24075 0.365669 1.19967e+10
-2 1 -1 0.204174 0.288225 0.406281 1.8402e+10
-1.5 1.5 -1 0.198635 0.360865 0.374988 2.07851e+10
-0.5 -1.5 -1 0.0967281 0.0949302 0.259432 2.99807e+09
-1 -1 -1 0.119603 0.110723 0.305404 4.58387e+09
-0.5 -0.5 -1 0.116942 0.178879 0.277941 5.07168e+09
-1 0 -1 0.141964 0.205367 0.322653 7.81071e+09
-0.5 0.5 -1 0.144666 0.274045 0.293216 8.57428e+09
-1 1 -1 0.170415 0.31207 0.335355 1.33423e+10
-0.5 1.5 -1 0.179149 0.374509 0.303254 1.4348e+10
0.5 -1.5 -1 0.0771095 0.143668 0.185394 2.11848e+09
0 -1 -1 0.0955715 0.158884 0.232058 3.283e+09
0.5 -0.5 -1 0.102163 0.220885 0.203982 3.52981e+09
0 0 -1 0.121985 0.244323 0.249246 5.50601e+09
0.5 0.5 -1 0.135886 0.303391 0.220092 5.80562e+09
0 1 -1 0.156479 0.335191 0.26269 9.12402e+09
0.5 1.5 -1 0.177127 0.387691 0.231596 9.34925e+09
1.5 -1.5 -1 0.0686522 0.187201 0.111163 1.44069e+09
1 -1 -1 0.0846297 0.202207 0.157844 2.25799e+09
1.5 -0.5 -1 0.10046 0.25613 0.13091 2.34386e+09
1 0 -1 0.117357 0.27747 0.176015 3.69167e+09
1.5 0.5 -1 0.140734 0.326996 0.148699 3.73239e+09
1 1 -1 0.158286 0.354639 0.19101 5.90752e+09
1.5 1.5 -1 0.18836 0.397365 0.162784 5.78101e+09
2.5 -1.5 -1 0.0687456 0.223684 0.0390216 9.37504e+08
2 -1 -1 0.0845299 0.238416 0.085145 1.4847e+09
2.5 -0.5 -1 0.107858 0.283896 0.0607598 1.48252e+09
2 0 -1 0.124133 0.303685 0.105148 2.35512e+09
2.5 0.5 -1 0.15469 0.343866 0.0811321 2.28167e+09
2 1 -1 0.171393 0.368577 0.122705 3.63438e+09
2.5 1.5 -1 0.208013 0.401277 0.0985131 3.39803e+09
-2.25 -1.25 -0.75 -0.428791 0.496342 0.338276 3.88556e+09
-2.25 -0.25 -0.75 -0.421967 0.532481 0.359791 6.84896e+09
-2.25 0.75 -0.75 -0.408314 0.572528 0.378886 1.21304e+10
-1.25 -1.25 -0.75 -0.451312 0.544161 0.236688 2.99619e+09
-1.75 -0.75 -0.75 -0.438546 0.538851 0.297601 4.54543e+09
-1.25 -0.25 -0.75 -0.441975 0.580478 0.254245 5.26572e+09
-1.75 0.25 -0.75 -0.427476 0.577007 0.315998 8.02615e+09
-1.25 0.75 -0.75 -0.424232 0.619734 0.271467 9.17652e+09
-1.75 1.25 -0.75 -0.406803 0.61854 0.333246 1.40396e+10
-0.25 -1.25 -0.75 -0.460443 0.584198 0.134917 2.2309e+09
-0.75 -0.75 -0.75 -0.452745 0.582871 0.19386 3.43461e+09
-0.25 -0.25 -0.75 -0.446321 0.619574 0.151563 3.8482e+09
-0.75 0.25 -0.75 -0.437101 0.620103 0.210834 5.95652e+09
-0.25 0.75 -0.75 -0.423858 0.654859 0.169047 6.46104e+09
-0.75 1.25 -0.75 -0.412242 0.656938 0.227807 1.00224e+10
0.75 -1.25 -0.75 -0.456291 0.615885 0.037339 1.5912e+09
0.25 -0.75 -0.75 -0.452551 0.618152 0.0937283 2.47773e+09
0.75 -0.25 -0.75 -0.437223 0.648411 0.0552856 2.65433e+09
0.25 0.25 -0.75 -0.431977 0.652013 0.111508 4.14759e+09
0.75 0.75 -0.75 -0.409909 0.680091 0.0741455 4.26354e+09
0.25 1.25 -0.75 -0.402299 0.684856 0.129165 6.66294e+09
1.75 -1.25 -0.75 -0.440961 0.639202 -0.0531466 1.07952e+09
1.25 -0.75 -0.75 -0.440085 0.644107 0.000404124 1.69456e+09
1.75 -0.25 -0.75 -0.41736 0.668865 -0.0327073 1.73018e+09
1.25 0.25 -0.75 -0.414774 0.674745 0.0201682 2.71957e+09
1.75 0.75 -0.75 -0.385843 0.697544 -0.0110986 2.65632e+09
1.25 1.25 -0.75 -0.380572 0.70448 0.0400735 4.17034e+09
2.25 -0.75 -0.75 -0.418053 0.662554 -0.0844651 1.09804e+09
2.25 0.25 -0.75 -0.388891 0.690341 -0.0615292 1.687e+09
2.25 1.25 -0.75 -0.352286 0.715924 -0.0378529 2.46565e+09
-2.5 -1 -0.5 -0.272719 0.375504 0.423784 1.43453e+10
-2.5 0 -0.5 -0.256653 0.427438 0.442072 2.51107e+10
-2.5 1 -0.5 -0.231342 0.487959 0.455676 4.43378e+10
-2 -1.5 -0.5 -0.29442 0.378825 0.371674 9.61143e+09
-1.5 -1 -0.5 -0.303823 0.425067 0.337445 1.10914e+10
-2 -0.5 -0.5 -0.2833 0.42516 0.390083 1.67583e+10
-1.5 0 -0.5 -0.288898 0.474046 0.353239 1.9405e+10
-2 0.5 -0.5 -0.264012 0.479188 0.405202 2.94636e+10
-1.5 1 -0.5 -0.263573 0.528635 0.366502 3.37786e+10
-2 1.5 -0.5 -0.233051 0.539999 0.416323 5.15778e+10
-1 -1.5 -0.5 -0.319725 0.426113 0.284691 7.29484e+09
-0.5 -1 -0.5 -0.322466 0.469131 0.248098 8.26146e+09
-1 -0.5 -0.5 -0.30792 0.471005 0.300698 1.26941e+10
-0.5 0 -0.5 -0.304596 0.51481 0.263425 1.42195e+10
-1 0.5 -0.5 -0.28686 0.520676 0.315255 2.19728e+10
-0.5 1 -0.5 -0.276064 0.561439 0.277503 2.39149e+10
-1 1.5 -0.5 -0.253941 0.571393 0.327278 3.7095e+10
0 -1.5 -0.5 -0.333548 0.467846 0.195743 5.35531e+09
0.5 -1 -0.5 -0.328181 0.50627 0.159833 5.88914e+09
0 -0.5 -0.5 -0.31805 0.510188 0.211514 9.16542e+09
0.5 0 -0.5 -0.305772 0.546704 0.176363 9.82585e+09
0 0.5 -0.5 -0.292956 0.553455 0.227029 1.53542e+10
0.5 1 -0.5 -0.273294 0.586429 0.191834 1.5841e+10
0 1.5 -0.5 -0.256835 0.596082 0.240144 2.47905e+10
1 -1.5 -0.5 -0.335736 0.502729 0.108585 3.77393e+09
1.5 -1 -0.5 -0.322619 0.53517 0.0756613 3.99267e+09
1 -0.5 -0.5 -0.315418 0.540704 0.125833 6.27109e+09
1.5 0 -0.5 -0.295558 0.570378 0.0943078 6.41273e+09
1 0.5 -0.5 -0.28592 0.578003 0.143103 1.00921e+10
1.5 1 -0.5 -0.259121 0.6043 0.112239 9.89626e+09
1 1.5 -0.5 -0.246134 0.614263 0.158386 1.5573e+10
2 -1.5 -0.5 -0.327986 0.529965 0.0260073 2.53589e+09
2.5 -1 -0.5 -0.308587 0.556686 -0.00252855 2.56908e+09
2 -0.5 -0.5 -0.30291 0.563306 0.0457016 4.06448e+09
2.5 0 -0.5 -0.277373 0.586952 0.0191576 3.96327e+09
2 0.5 -0.5 -0.269306 0.595271 0.0657323 6.27172e+09
2.5 1 -0.5 -0.238019 0.614577 0.0407089 5.84776e+09
2 1.5 -0.5 -0.226745 0.624645 0.0845643 9.23709e+09
-2.25 -0.75 -0.25 -0.241503 0.407359 0.331354 4.59304e+09
-2.25 0.25 -0.25 -0.223847 0.47205 0.349181 8.10645e+09
-2.25 1.25 -0.25 -0.196503 0.543083 0.364623 1.43733e+10
-1.75 -1.25 -0.25 -0.261354 0.401577 0.272346 3.04759e+09
-1.25 -0.75 -0.25 -0.266282 0.4519 0.230318 3.51196e+09
-1.75 -0.25 -0.25 -0.247525 0.460834 0.289503 5.34974e+09
-1.25 0.25 -0.25 -0.246738 0.512311 0.245932 6.14336e+09
-1.75 0.75 -0.25 -0.224543 0.526262 0.305205 9.42009e+09
-1.25 1.25 -0.25 -0.214108 0.574564 0.261552 1.05739e+10
-0.75 -1.25 -0.25 -0.280973 0.444471 0.17192 2.29588e+09
-0.25 -0.75 -0.25 -0.277397 0.489919 0.129523 2.58375e+09
-0.75 -0.25 -0.25 -0.264078 0.500401 0.187279 3.9905e+09
-0.25 0.25 -0.25 -0.252136 0.544071 0.145873 4.3993e+09
-0.75 0.75 -0.25 -0.23557 0.558378 0.203402 6.83071e+09
-0.25 1.25 -0.25 -0.214429 0.596162 0.162879 7.2414e+09
0.25 -1.25 -0.25 -0.287397 0.480431 0.0728282 1.66847e+09
0.75 -0.75 -0.25 -0.273896 0.519227 0.0336937 1.81176e+09
0.25 -0.25 -0.25 -0.264664 0.53114 0.0892493 2.82626e+09
0.75 0.25 -0.25 -0.242898 0.566098 0.0522734 2.96796e+09
0.25 0.75 -0.25 -0.230655 0.580513 0.107187 4.64166e+09
0.75 1.25 -0.25 -0.200092 0.610895 0.0714339 4.66848e+09
1.25 -1.25 -0.25 -0.280482 0.508097 -0.0207065 1.15911e+09
1.75 -0.75 -0.25 -0.258375 0.539971 -0.0545979 1.20566e+09
1.25 -0.25 -0.25 -0.251913 0.552639 -0.00168529 1.89365e+09
1.75 0.25 -0.25 -0.222081 0.580865 -0.0328852 1.89472e+09
1.25 0.75 -0.25 -0.212648 0.595387 0.0189325 2.97767e+09
1.75 1.25 -0.25 -0.174944 0.619083 -0.0100418 2.84714e+09
2.25 -1.25 -0.25 -0.262901 0.528029 -0.106431 7.65912e+08
2.25 -0.25 -0.25 -0.229076 0.567198 -0.0839061 1.2027e+09
2.25 0.75 -0.25 -0.185518 0.603861 -0.0593499 1.80942e+09
-2.5 -1.5 0 -0.514036 0.558603 0.402939 1.22144e+10
-2.5 -0.5 0 -0.495872 0.58032 0.422415 2.15563e+10
-2.5 0.5 0 -0.47048 0.607499 0.438622 3.83313e+10
-2.5 1.5 0 -0.434562 0.641919 0.450802 6.77368e+10
-1.5 -1.5 0 -0.53134 0.601761 0.308342 9.55577e+09
-2 -1 0 -0.515974 0.591661 0.365316 1.44087e+10
-1.5 -0.5 0 -0.513891 0.625164 0.324577 1.69113e+10
-2 0 0 -0.495135 0.616666 0.381782 2.55929e+10
-1.5 0.5 0 -0.48855 0.653418 0.339345 2.98439e+10
-2 1 0 -0.465219 0.647517 0.395729 4.5268e+10
-1.5 1.5 0 -0.452915 0.685627 0.352156 5.13152e+10
-0.5 -1.5 0 -0.538166 0.638512 0.211409 7.24286e+09
-1 -1 0 -0.527946 0.632519 0.267662 1.10953e+10
-0.5 -0.5 0 -0.519052 0.663291 0.226445 1.26625e+10
-1 0 0 -0.506116 0.658821 0.282713 1.94991e+10
-0.5 0.5 0 -0.492213 0.690727 0.2416 2.16966e+10
-1 1 0 -0.475419 0.688304 0.296999 3.34989e+10
-0.5 1.5 0 -0.457475 0.719087 0.255033 3.56134e+10
0.5 -1.5 0 -0.534177 0.668709 0.116272 5.27725e+09
0 -1 0 -0.528198 0.666614 0.170896 8.18753e+09
0.5 -0.5 0 -0.512838 0.69331 0.13218 8.9702e+09
0 0 0 -0.50441 0.692472 0.186544 1.39772e+10
0.5 0.5 0 -0.484939 0.71871 0.148562 1.47298e+10
0 1 0 -0.473411 0.719169 0.201694 2.29647e+10
0.5 1.5 0 -0.449468 0.744942 0.163019 2.3039e+10
1.5 -1.5 0 -0.520716 0.691977 0.026281 3.66515e+09
1 -1 0 -0.518118 0.693146 0.0787162 5.74053e+09
1.5 -0.5 0 -0.497651 0.71549 0.0441859 5.99615e+09
1 0 0 -0.492826 0.717512 0.0959855 9.41185e+09
1.5 0.5 0 -0.468488 0.739344 0.0625515 9.40711e+09
1 1 0 -0.460735 0.742397 0.112642 1.47515e+10
1.5 1.5 0 -0.432668 0.763101 0.0795944 1.40056e+10
2.5 -1.5 0 -0.499759 0.709045 -0.0565677 2.41549e+09
2 -1 0 -0.499851 0.712644 -0.00669627 3.81043e+09
2.5 -0.5 0 -0.475462 0.731435 -0.0358686 3.78934e+09
2 0 0 -0.473262 0.735692 0.012992 5.97938e+09
2.5 0.5 0 -0.446016 0.753332 -0.0143808 5.67314e+09
2 1 0 -0.440815 0.758381 0.0325053 8.93045e+09
2.5 1.5 0 -0.412104 0.773241 0.00636412 8.02467e+09
-2.25 -1.25 0.25 -0.112661 0.229115 0.367624 1.41877e+09
-2.25 -0.25 0.25 -0.0887432 0.297619 0.383315 2.45299e+09
-2.25 0.75 0.25 -0.055485 0.37861 0.395598 4.28014e+09
-1.25 -1.25 0.25 -0.14441 0.279236 0.27586 1.0913e+09
-1.75 -0.75 0.25 -0.119531 0.286512 0.330227 1.64142e+09
-1.25 -0.25 0.25 -0.121082 0.345083 0.290093 1.88566e+09
-1.75 0.25 0.25 -0.0917094 0.359159 0.343864 2.84955e+09
-1.25 0.75 0.25 -0.084595 0.419612 0.303484 3.24262e+09
-1.75 1.25 0.25 -0.0499456 0.441174 0.355555 4.92918e+09
-0.25 -1.25 0.25 -0.163322 0.326294 0.18052 8.13189e+08
-0.75 -0.75 0.25 -0.144623 0.334521 0.235399 1.24112e+09
-0.25 -0.25 0.25 -0.134953 0.389146 0.195296 1.38425e+09
-0.75 0.25 0.25 -0.112617 0.402758 0.249718 2.12315e+09
-0.25 0.75 0.25 -0.0922951 0.454285 0.211374 2.30646e+09
-0.75 1.25 0.25 -0.0648794 0.472692 0.264573 3.5506e+09
0.75 -1.25 0.25 -0.166373 0.368123 0.0869684 5.8219e+08
0.25 -0.75 0.25 -0.152572 0.377808 0.140898 8.99162e+08
0.75 -0.25 0.25 -0.131224 0.425197 0.104224 9.63326e+08
0.25 0.25 0.25 -0.114076 0.438702 0.157719 1.49296e+09
0.75 0.75 0.25 -0.0834779 0.481475 0.123146 1.54307e+09
0.25 1.25 0.25 -0.0620753 0.498096 0.175285 2.39426e+09
1.75 -1.25 0.25 -0.155271 0.402719 -0.000841556 3.97688e+08
1.25 -0.75 0.25 -0.144671 0.413292 0.0512877 6.19796e+08
1.75 -0.25 0.25 -0.114021 0.453422 0.0196842 6.35161e+08
1.25 0.25 0.25 -0.100486 0.466698 0.0711566 9.9143e+08
1.75 0.75 0.25 -0.0612685 0.502214 0.0421218 9.76791e+08
1.25 1.25 0.25 -0.0438705 0.517843 0.0919733 1.52437e+09
2.25 -0.75 0.25 -0.124942 0.441487 -0.0310447 4.05754e+08
2.25 0.25 0.25 -0.0754721 0.488096 -0.00740528 6.24039e+08
2.25 1.25 0.25 -0.0148215 0.530816 0.017784 9.18676e+08
-2.5 -1 0.5 -0.470525 0.537992 0.44575 8.55795e+09
-2.5 0 0.5 -0.442899 0.568586 0.461135 1.51028e+10
-2.5 1 0.5 -0.404877 0.606736 0.471653 2.66559e+10
-2 -1.5 0.5 -0.49208 0.548756 0.392758 5.77442e+09
-1.5 -1 0.5 -0.490651 0.584086 0.355449 6.79184e+09
-2 -0.5 0.5 -0.469832 0.576331 0.409022 1.01835e+10
-1.5 0 0.5 -0.463976 0.615399 0.369709 1.19873e+10
-2 0.5 0.5 -0.438179 0.610539 0.422035 1.80016e+10
-1.5 1 0.5 -0.426115 0.652329 0.3814 2.0859e+10
-2 1.5 0.5 -0.393783 0.651486 0.430757 3.12932e+10
-1 -1.5 0.5 -0.506525 0.591209 0.301366 4.49455e+09
-0.5 -1 0.5 -0.498598 0.624686 0.262237 5.17582e+09
-1 -0.5 0.5 -0.483738 0.620309 0.316144 7.90431e+09
-0.5 0 0.5 -0.470115 0.656207 0.276646 8.96341e+09
-1 0.5 0.5 -0.451102 0.654189 0.329575 1.37328e+10
-0.5 1 0.5 -0.431904 0.68995 0.289622 1.50311e+10
-1 1.5 0.5 -0.407603 0.690537 0.340195 2.30005e+10
0 -1.5 0.5 -0.509424 0.628217 0.208546 3.37204e+09
0.5 -1 0.5 -0.494378 0.658856 0.170557 3.75565e+09
0 -0.5 0.5 -0.484252 0.657861 0.223463 5.81488e+09
0.5 0 0.5 -0.463957 0.688882 0.186153 6.28098e+09
0 0.5 0.5 -0.450329 0.689546 0.23801 9.74423e+09
0.5 1 0.5 -0.42518 0.719655 0.200297 1.00664e+10
0 1.5 0.5 -0.407314 0.722082 0.249694 1.55806e+10
1 -1.5 0.5 -0.501164 0.659051 0.118267 2.4175e+09
1.5 -1 0.5 -0.480029 0.685888 0.0835524 2.57961e+09
1 -0.5 0.5 -0.473636 0.687704 0.134558 4.03175e+09
1.5 0 0.5 -0.44791 0.714053 0.10091 4.13652e+09
1 0.5 0.5 -0.438446 0.717048 0.150538 6.46669e+09
1.5 1 0.5 -0.408176 0.742292 0.117021 6.32538e+09
1 1.5 0.5 -0.394802 0.746726 0.163937 9.85929e+09
2 -1.5 0.5 -0.483655 0.683417 0.0333567 1.64597e+09
2.5 -1 0.5 -0.457793 0.706612 0.00326479 1.67582e+09
2 -0.5 0.5 -0.454195 0.710574 0.0517417 2.63691e+09
2.5 0 0.5 -0.424472 0.732769 0.0231907 2.5707e+09
2 0.5 0.5 -0.417868 0.737668 0.0699903 4.0401e+09
2.5 1 0.5 -0.3851 0.757561 0.0423997 3.74424e+09
2 1.5 0.5 -0.374756 0.763466 0.0864152 5.85984e+09
-2.25 -0.75 0.75 -0.0873941 0.19441 0.464945 1.15632e+09
-2.25 0.25 0.75 -0.0490859 0.266565 0.475041 1.98407e+09
-2.25 1.25 0.75 0.00359633 0.354433 0.479284 3.40804e+09
-1.75 -1.25 0.75 -0.1225 0.192797 0.41893 7.8354e+08
-1.25 -0.75 0.75 -0.125511 0.251823 0.384554 8.99525e+08
-1.75 -0.25 0.75 -0.091294 0.256502 0.432056 1.34126e+09
-1.25 0.25 0.75 -0.0860363 0.322297 0.396628 1.53514e+09
-1.75 0.75 0.75 -0.0456576 0.334539 0.441209 2.29585e+09
-1.25 1.25 0.75 -0.0287273 0.401118 0.406095 2.58581e+09
-0.75 -1.25 0.75 -0.152996 0.250275 0.334484 5.99124e+08
-0.25 -0.75 0.75 -0.144647 0.309837 0.297693 6.72619e+08
-0.75 -0.25 0.75 -0.118608 0.314663 0.348207 1.01925e+09
-0.25 0.25 0.75 -0.0989548 0.376895 0.31206 1.12564e+09
-0.75 0.75 0.75 -0.0676182 0.387041 0.360739 1.71106e+09
-0.25 1.25 0.75 -0.0374065 0.445167 0.326024 1.83206e+09
0.25 -1.25 0.75 -0.165345 0.306773 0.246232 4.41618e+08
0.75 -0.75 0.75 -0.143868 0.363281 0.210593 4.80038e+08
0.25 -0.25 0.75 -0.123977 0.36925 0.261663 7.36708e+08
0.75 0.25 0.75 -0.0920587 0.424377 0.227835 7.78843e+08
0.25 0.75 0.75 -0.0677406 0.433778 0.277613 1.19731e+09
0.75 1.25 0.75 -0.0269199 0.484139 0.244794 1.21961e+09
1.25 -1.25 0.75 -0.159688 0.358548 0.159535 3.11605e+08
1.75 -0.75 0.75 -0.127217 0.409648 0.127529 3.25742e+08
1.25 -0.25 0.75 -0.111533 0.41642 0.177606 5.04589e+08
1.75 0.25 0.75 -0.070055 0.464377 0.147675 5.09871e+08
1.25 0.75 0.75 -0.0506924 0.473624 0.196427 7.90104e+08
1.75 1.25 0.75 -0.000845604 0.515993 0.167919 7.67107e+08
2.25 -1.25 0.75 -0.14006 0.404027 0.0779976 2.0959e+08
2.25 -0.25 0.75 -0.0860165 0.456296 0.0990815 3.27862e+08
2.25 0.75 0.75 -0.0207191 0.505982 0.121242 4.93729e+08
-2.5 -1.5 1 -0.456857 0.496132 0.485341 3.57743e+09
-2.5 -0.5 1 -0.428126 0.527523 0.49897 6.22316e+09
-2.5 0.5 1 -0.387501 0.568571 0.506801 1.08878e+10
-2.5 1.5 1 -0.332729 0.618732 0.506978 1.88449e+10
-1.5 -1.5 1 -0.479905 0.543795 0.404071 2.87526e+09
-2 -1 1 -0.457015 0.535309 0.452905 4.25532e+09
-1.5 -0.5 1 -0.451425 0.576719 0.417447 5.04399e+09
-2 0 1 -0.42308 0.571703 0.464313 7.46701e+09
-1.5 0.5 1 -0.411052 0.616865 0.427373 8.79574e+09
-2 1 1 -0.376105 0.616185 0.470501 1.29954e+10
-1.5 1.5 1 -0.35677 0.662279 0.432155 1.49092e+10
-0.5 -1.5 1 -0.490872 0.587935 0.317543 2.23169e+09
-1 -1 1 -0.473689 0.582383 0.368114 3.36911e+09
-0.5 -0.5 1 -0.460379 0.622123 0.331003 3.87841e+09
-1 0 1 -0.43876 0.619193 0.380285 5.87067e+09
-0.5 0.5 1 -0.418575 0.660532 0.342599 6.5953e+09
-1 1 1 -0.391296 0.660679 0.389201 9.97951e+09
-0.5 1.5 1 -0.365258 0.700592 0.350126 1.07388e+10
0.5 -1.5 1 -0.489225 0.627451 0.230052 1.6581e+09
0 -1 1 -0.476919 0.625003 0.280676 2.54304e+09
0.5 -0.5 1 -0.455901 0.661395 0.244469 2.8082e+09
0 0 1 -0.439769 0.660957 0.293996 4.31833e+09
0.5 0.5 1 -0.412805 0.697031 0.257583 4.59325e+09
0 1 1 -0.39201 0.698599 0.304786 7.05485e+09
0.5 1.5 1 -0.359634 0.733186 0.266724 7.15168e+09
1.5 -1.5 1 -0.476253 0.661159 0.145239 1.17078e+09
1 -1 1 -0.467829 0.661517 0.194725 1.81685e+09
1.5 -0.5 1 -0.440409 0.693651 0.161219 1.91204e+09
1 0 1 -0.428657 0.695464 0.209507 2.97092e+09
1.5 0.5 1 -0.395974 0.726562 0.175971 2.99362e+09
1 1 1 -0.380177 0.72986 0.221822 4.64209e+09
1.5 1.5 1 -0.34267 0.758753 0.187378 4.44569e+09
2.5 -1.5 1 -0.454228 0.688937 0.0656779 7.83045e+08
2 -1 1 -0.448748 0.691476 0.113169 1.22569e+09
2.5 -0.5 1 -0.416397 0.719441 0.0837552 1.22738e+09
2 0 1 -0.407829 0.723112 0.129801 1.92084e+09
2.5 0.5 1 -0.371236 0.749139 0.100921 1.8355e+09
2 1 1 -0.358859 0.753948 0.144408 2.86401e+09
2.5 1.5 1 -0.31945 0.77618 0.115473 2.5933e+09
-2.25 -1.25 1.25 -0.139328 0.146414 0.556283 5.73543e+08
-2.25 -0.25 1.25 -0.101334 0.203806 0.566328 9.64186e+08
-2.25 0.75 1.25 -0.0459694 0.279954 0.568298 1.62424e+09
-1.25 -1.25 1.25 -0.183576 0.212807 0.484836 4.50987e+08
-1.75 -0.75 1.25 -0.146977 0.20638 0.528522 6.62926e+08
-1.25 -0.25 1.25 -0.144146 0.27334 0.497122 7.60576e+08
-1.75 0.25 1.25 -0.100365 0.27346 0.537034 1.11779e+09
-1.25 0.75 1.25 -0.0860215 0.346147 0.50491 1.27079e+09
-1.75 1.25 1.25 -0.0340606 0.353634 0.538855 1.86665e+09
-0.25 -1.25 1.25 -0.206949 0.281308 0.403931 3.42455e+08
-0.75 -0.75 1.25 -0.179121 0.276499 0.452022 5.12432e+08
-0.25 -0.25 1.25 -0.161125 0.34375 0.417598 5.71469e+08
-0.75 0.25 1.25 -0.127788 0.343622 0.463483 8.56024e+08
-0.25 0.75 1.25 -0.0975291 0.411772 0.429493 9.34887e+08
-0.75 1.25 1.25 -0.0574126 0.415998 0.471688 1.40073e+09
0.75 -1.25 1.25 -0.208688 0.347658 0.319591 2.49475e+08
0.25 -0.75 1.25 -0.187639 0.3453 0.369209 3.7871e+08
0.75 -0.25 1.25 -0.155228 0.408538 0.335297 4.07281e+08
0.25 0.25 1.25 -0.129615 0.409584 0.383443 6.19074e+08
0.75 0.75 1.25 -0.0868285 0.470153 0.350528 6.46083e+08
0.25 1.25 1.25 -0.0559066 0.473629 0.396138 9.81595e+08
1.75 -1.25 1.25 -0.192159 0.408575 0.2369 1.73609e+08
1.25 -0.75 1.25 -0.175699 0.408231 0.286199 2.66508e+08
1.75 -0.25 1.25 -0.132019 0.465284 0.255097 2.75184e+08
1.25 0.25 1.25 -0.111778 0.467421 0.303182 4.22708e+08
1.75 0.75 1.25 -0.0591608 0.519988 0.273131 4.21568e+08
1.25 1.25 1.25 -0.034479 0.523822 0.318897 6.46953e+08
2.25 -0.75 1.25 -0.148641 0.463827 0.206928 1.78383e+08
2.25 0.25 1.25 -0.0796373 0.516701 0.226675 2.73415e+08
2.25 1.25 1.25 0.000705131 0.564443 0.245664 4.02871e+08
-2.5 -1 1.5 -0.425299 0.490832 0.544423 2.71689e+09
-2.5 0 1.5 -0.383373 0.533207 0.548937 4.68145e+09
-2.5 1 1.5 -0.327125 0.586418 0.544593 8.03177e+09
-2 -1.5 1.5 -0.45523 0.499952 0.504297 1.89129e+09
-1.5 -1 1.5 -0.450316 0.542384 0.472341 2.24945e+09
-2 -0.5 1.5 -0.420154 0.536407 0.513559 3.27172e+09
-1.5 0 1.5 -0.407927 0.584017 0.480045 3.89812e+09
-2 0.5 1.5 -0.371192 0.583052 0.516563 5.64947e+09
-1.5 1 1.5 -0.350789 0.632871 0.481896 6.63045e+09
-2 1.5 1.5 -0.306439 0.637369 0.511279 9.54365e+09
-1 -1.5 1.5 -0.47464 0.549615 0.427507 1.52661e+09
-0.5 -1 1.5 -0.461915 0.591927 0.392905 1.77622e+09
-1 -0.5 1.5 -0.437901 0.587407 0.43812 2.64753e+09
-0.5 0 1.5 -0.417368 0.632966 0.402678 3.03571e+09
-1 0.5 1.5 -0.387541 0.631905 0.444756 4.52008e+09
-0.5 1 1.5 -0.359538 0.677521 0.408246 5.01957e+09
-1 1.5 1.5 -0.322769 0.679998 0.445241 7.43395e+09
0 -1.5 1.5 -0.480799 0.596752 0.345822 1.18054e+09
0.5 -1 1.5 -0.459754 0.637334 0.3109 1.32697e+09
0 -0.5 1.5 -0.441145 0.635003 0.357618 2.01572e+09
0.5 0 1.5 -0.4129 0.676609 0.322432 2.20149e+09
0 0.5 1.5 -0.38926 0.676669 0.366708 3.34197e+09
0.5 1 1.5 -0.354757 0.716921 0.330311 3.49974e+09
0 1.5 1.5 -0.325297 0.719164 0.370511 5.28548e+09
1 -1.5 1.5 -0.473992 0.639547 0.263419 8.67834e+08
1.5 -1 1.5 -0.44555 0.676912 0.230195 9.34313e+08
1 -0.5 1.5 -0.431389 0.676797 0.276649 1.4386e+09
1.5 0 1.5 -0.396743 0.713657 0.24339 1.49153e+09
1 0.5 1.5 -0.378261 0.715208 0.287565 2.29361e+09
1.5 1 1.5 -0.338109 0.749997 0.253209 2.27021e+09
1 1.5 1.5 -0.314512 0.753143 0.29358 3.47452e+09
2 -1.5 1.5 -0.45608 0.676802 0.183648 6.03853e+08
2.5 -1 1.5 -0.421772 0.710317 0.153627 6.20218e+08
2 -0.5 1.5 -0.411019 0.712052 0.198562 9.64141e+08
2.5 0 1.5 -0.37154 0.74398 0.168799 9.49037e+08
2 0.5 1.5 -0.356853 0.746984 0.211372 1.47221e+09
2.5 1 1.5 -0.3133 0.775599 0.18116 1.37905e+09
2 1.5 1.5 -0.293937 0.779706 0.220098 2.1283e+09
