449
-2.5 -1 -1.5 0.500214 0.607598 0.0870058 4.53597e+10
-2.5 0 -1.5 0.650555 0.568624 0.0675782 7.55071e+10
-2.5 1 -1.5 0.728085 0.515691 0.0347989 8.64441e+10
-2 -1.5 -1.5 0.342867 0.620527 0.0873 2.88385e+10
-1.5 -1 -1.5 0.316866 0.675559 0.0481124 3.17265e+10
-2 -0.5 -1.5 0.50309 0.64772 0.0456139 5.05391e+10
-1.5 0 -1.5 0.491088 0.688521 -0.00767112 5.14302e+10
-2 0.5 -1.5 0.635781 0.60382 0.00666223 7.15064e+10
-1.5 1 -1.5 0.597204 0.642187 -0.0610192 5.87141e+10
-2 1.5 -1.5 0.692641 0.558089 -0.0340216 6.70825e+10
-1 -1.5 -1.5 0.131276 0.633021 0.078724 2.0158e+10
-0.5 -1 -1.5 0.0751922 0.707971 0.0433995 2.12177e+10
-1 -0.5 -1.5 0.293771 0.736252 0.00334291 3.35497e+10
-0.5 0 -1.5 0.25733 0.781523 -0.0532358 3.18401e+10
-1 0.5 -1.5 0.452347 0.725763 -0.0710595 4.53698e+10
-0.5 1 -1.5 0.395686 0.755381 -0.134632 3.52703e+10
-1 1.5 -1.5 0.545228 0.676015 -0.128321 4.36139e+10
0 -1.5 -1.5 -0.111543 0.59452 0.108349 1.36897e+10
0.5 -1 -1.5 -0.188076 0.677322 0.0782273 1.38308e+10
0 -0.5 -1.5 0.030217 0.774166 -0.00253941 2.113e+10
0.5 0 -1.5 -0.025679 0.809503 -0.0508233 1.84851e+10
0 0.5 -1.5 0.19982 0.809906 -0.110461 2.61985e+10
0.5 1 -1.5 0.134566 0.825516 -0.163766 1.95027e+10
0 1.5 -1.5 0.33282 0.775831 -0.195143 2.53195e+10
1 -1.5 -1.5 -0.342635 0.49106 0.169008 9.23727e+09
1.5 -1 -1.5 -0.425598 0.563216 0.146182 8.80861e+09
1 -0.5 -1.5 -0.248073 0.73024 0.0404383 1.27786e+10
1.5 0 -1.5 -0.30904 0.748694 0.00824332 1.03846e+10
1 0.5 -1.5 -0.0895844 0.823566 -0.0942001 1.43539e+10
1.5 1 -1.5 -0.150599 0.826064 -0.132464 1.03486e+10
1 1.5 -1.5 0.071095 0.83175 -0.212431 1.36687e+10
2 -1.5 -1.5 -0.518574 0.346425 0.237563 6.23174e+09
2.5 -1 -1.5 -0.594214 0.383896 0.232328 5.48859e+09
2 -0.5 -1.5 -0.487763 0.594707 0.125778 7.49926e+09
2.5 0 -1.5 -0.538386 0.60133 0.111827 5.75613e+09
2 0.5 -1.5 -0.364794 0.750749 -0.0180977 7.71436e+09
2.5 1 -1.5 -0.410874 0.74678 -0.0393724 5.43653e+09
2 1.5 -1.5 -0.203821 0.82253 -0.165617 7.13727e+09
-2.25 -0.75 -1.25 0.788224 -0.07394 0.198704 1.51074e+10
-2.25 0.25 -1.25 0.762141 -0.0199718 0.139223 1.67691e+10
-2.25 1.25 -1.25 0.754397 0.0207578 0.0482211 1.49616e+10
-1.75 -1.25 -1.25 0.819111 -0.0172579 0.161263 1.24529e+10
-1.25 -0.75 -1.25 0.73322 -0.00807663 0.114302 9.84721e+09
-1.75 -0.25 -1.25 0.738469 -0.0135389 0.131361 1.29613e+10
-1.25 0.25 -1.25 0.666408 0.0725424 0.0471834 1.02352e+10
-1.75 0.75 -1.25 0.712793 0.0559888 0.0443319 1.28504e+10
-1.25 1.25 -1.25 0.640176 0.124199 -0.0503488 9.09311e+09
-0.75 -1.25 -1.25 0.76444 0.0338611 0.0815932 7.96426e+09
-0.25 -0.75 -1.25 0.641146 0.0683465 0.044363 6.10055e+09
-0.75 -0.25 -1.25 0.639532 0.0712608 0.0512678 7.9602e+09
-0.25 0.25 -1.25 0.515727 0.150141 -0.0229983 5.7952e+09
-0.75 0.75 -1.25 0.570469 0.149512 -0.042655 7.37607e+09
-0.25 1.25 -1.25 0.466115 0.216152 -0.12995 5.09741e+09
0.25 -1.25 -1.25 0.648797 0.0850063 0.0291393 4.55329e+09
0.75 -0.75 -1.25 0.488368 0.126416 0.0118357 3.43945e+09
0.25 -0.25 -1.25 0.488764 0.135842 -0.00261984 4.47791e+09
0.75 0.25 -1.25 0.325319 0.195561 -0.0532759 3.11746e+09
0.25 0.75 -1.25 0.382353 0.218622 -0.0977213 4.02477e+09
0.75 1.25 -1.25 0.259248 0.279399 -0.168435 2.74678e+09
1.25 -1.25 -1.25 0.520233 0.126887 0.0131 2.65835e+09
1.75 -0.75 -1.25 0.323819 0.127136 0.0305844 1.88229e+09
1.25 -0.25 -1.25 0.304583 0.162417 -0.00689149 2.41328e+09
1.75 0.25 -1.25 0.13184 0.199724 -0.0281221 1.65996e+09
1.25 0.75 -1.25 0.175592 0.251906 -0.103772 2.13716e+09
1.75 1.25 -1.25 0.0526933 0.304033 -0.150213 1.45494e+09
2.25 -1.25 -1.25 0.358765 0.116363 0.0526988 1.47449e+09
2.25 -0.25 -1.25 0.134303 0.135501 0.0442145 1.2999e+09
2.25 0.75 -1.25 -0.00960284 0.24237 -0.0502115 1.13717e+09
-2.5 -1.5 -1 0.380503 0.696788 0.109452 9.49089e+10
-2.5 -0.5 -1 0.591077 0.660533 0.0433045 1.80068e+11
-2.5 0.5 -1 0.69156 0.597608 -0.00714873 2.15535e+11
-2.5 1.5 -1 0.72032 0.563594 -0.0466402 1.70247e+11
-1.5 -1.5 -1 0.196014 0.731183 0.0706106 6.85485e+10
-2 -1 -1 0.411345 0.729204 0.0401673 1.14245e+11
-1.5 -0.5 -1 0.414648 0.760434 -0.0308318 1.20881e+11
-2 0 -1 0.582451 0.683718 -0.029869 1.73677e+11
-1.5 0.5 -1 0.539678 0.713287 -0.104839 1.40255e+11
-2 1 -1 0.65088 0.633215 -0.0821035 1.64392e+11
-1.5 1.5 -1 0.600307 0.664827 -0.154073 1.16277e+11
-0.5 -1.5 -1 -0.0286247 0.73229 0.0618737 4.81788e+10
-1 -1 -1 0.191775 0.785872 0.00103344 7.62377e+10
-0.5 -0.5 -1 0.168728 0.822459 -0.0687201 7.32434e+10
-1 0 -1 0.375942 0.786474 -0.103502 1.05512e+11
-0.5 0.5 -1 0.314177 0.80713 -0.169431 8.01057e+10
-1 1 -1 0.48188 0.739626 -0.175339 1.0188e+11
-0.5 1.5 -1 0.419667 0.758423 -0.240754 6.97706e+10
0.5 -1.5 -1 -0.277455 0.658537 0.10241 3.1743e+10
0 -1 -1 -0.0560725 0.79347 8.33501e-06 4.90945e+10
0.5 -0.5 -1 -0.11262 0.815739 -0.0496762 4.20189e+10
0 0 -1 0.10886 0.840672 -0.127772 5.89768e+10
0.5 0.5 -1 0.0386058 0.847401 -0.177253 4.28144e+10
0 1 -1 0.246343 0.819673 -0.228609 5.62987e+10
0.5 1.5 -1 0.181152 0.82438 -0.281713 3.78735e+10
1.5 -1.5 -1 -0.480417 0.536242 0.168524 2.06908e+10
1 -1 -1 -0.325717 0.709241 0.0584163 2.9313e+10
1.5 -0.5 -1 -0.38773 0.715275 0.0339991 2.31359e+10
1 0 -1 -0.182298 0.818121 -0.0862704 3.1618e+10
1.5 0.5 -1 -0.246968 0.811835 -0.11515 2.22245e+10
1 1 -1 -0.0280282 0.846341 -0.219735 2.94204e+10
1.5 1.5 -1 -0.0861879 0.840544 -0.256248 1.95944e+10
2.5 -1.5 -1 -0.625211 0.32171 0.266122 1.263e+10
2 -1 -1 -0.540183 0.548529 0.157585 1.70922e+10
2.5 -0.5 -1 -0.592173 0.538459 0.158004 1.26692e+10
2 0 -1 -0.445577 0.706782 0.0194254 1.6695e+10
2.5 0.5 -1 -0.491424 0.696649 0.0101461 1.15204e+10
2 1 -1 -0.300621 0.802795 -0.138454 1.5059e+10
2.5 1.5 -1 -0.342992 0.793534 -0.157199 9.9883e+09
-2.25 -1.25 -0.75 0.787947 0.181635 0.193747 4.75487e+10
-2.25 -0.25 -0.75 0.783445 0.226489 0.0921801 5.51303e+10
-2.25 0.75 -0.75 0.778702 0.247846 -0.0159088 4.95034e+10
-1.25 -1.25 -0.75 0.713649 0.253916 0.102769 3.06305e+10
-1.75 -0.75 -0.75 0.737551 0.239852 0.0995736 4.04117e+10
-1.25 -0.25 -0.75 0.676004 0.320408 -0.0064664 3.29252e+10
-1.75 0.25 -0.75 0.732185 0.291994 -0.0177547 4.20676e+10
-1.25 0.75 -0.75 0.655701 0.347577 -0.118535 2.91988e+10
-1.75 1.25 -0.75 0.719639 0.298059 -0.113052 3.38483e+10
-0.25 -1.25 -0.75 0.590941 0.323447 0.0297544 1.82428e+10
-0.75 -0.75 -0.75 0.637875 0.323093 0.0158388 2.53463e+10
-0.25 -0.25 -0.75 0.518277 0.391216 -0.0691697 1.81852e+10
-0.75 0.25 -0.75 0.579688 0.381197 -0.102756 2.32973e+10
-0.25 0.75 -0.75 0.471689 0.427191 -0.188849 1.56927e+10
-0.75 1.25 -0.75 0.569283 0.391822 -0.209956 1.94956e+10
0.75 -1.25 -0.75 0.441079 0.370514 0.00146335 1.06115e+10
0.25 -0.75 -0.75 0.459051 0.392664 -0.032904 1.37805e+10
0.75 -0.25 -0.75 0.302906 0.424687 -0.0773489 9.36903e+09
0.25 0.25 -0.75 0.382016 0.435899 -0.140748 1.22487e+10
0.75 0.75 -0.75 0.252267 0.469706 -0.202708 8.13239e+09
0.25 1.25 -0.75 0.365587 0.462624 -0.264742 1.03867e+10
1.75 -1.25 -0.75 0.237483 0.34894 0.0417095 5.57019e+09
1.25 -0.75 -0.75 0.26474 0.389868 -0.0110056 7.25802e+09
1.75 -0.25 -0.75 0.0926861 0.389533 -0.0134584 4.83293e+09
1.25 0.25 -0.75 0.152712 0.445841 -0.114111 6.24588e+09
1.75 0.75 -0.75 0.0245539 0.466404 -0.145168 4.15775e+09
1.25 1.25 -0.75 0.139257 0.496979 -0.255056 5.37353e+09
2.25 -0.75 -0.75 0.0625614 0.320156 0.0776235 3.75805e+09
2.25 0.25 -0.75 -0.0516587 0.395868 -0.0158877 3.2301e+09
2.25 1.25 -0.75 -0.0771283 0.485653 -0.170397 2.76172e+09
-2.5 -1 -0.5 0.627379 0.477781 0.109218 2.58677e+11
-2.5 0 -0.5 0.723523 0.439999 0.0386411 3.098e+11
-2.5 1 -0.5 0.739876 0.401901 -0.00909881 2.34392e+11
-2 -1.5 -0.5 0.515382 0.491612 0.119381 1.70358e+11
-1.5 -1 -0.5 0.502203 0.551686 0.0316252 1.73477e+11
-2 -0.5 -0.5 0.635851 0.517419 0.0218051 2.54132e+11
-1.5 0 -0.5 0.593547 0.541274 -0.0591032 1.90145e+11
-2 0.5 -0.5 0.68172 0.472084 -0.0407808 2.21845e+11
-1.5 1 -0.5 0.622145 0.504296 -0.115245 1.46888e+11
-2 1.5 -0.5 0.690074 0.437573 -0.0827844 1.5462e+11
-1 -1.5 -0.5 0.377093 0.543227 0.0580967 1.17048e+11
-0.5 -1 -0.5 0.345975 0.616739 -0.0297066 1.08461e+11
-1 -0.5 -0.5 0.472488 0.583319 -0.0524597 1.43452e+11
-0.5 0 -0.5 0.398852 0.608055 -0.1211 1.00183e+11
-1 0.5 -0.5 0.524536 0.567595 -0.131513 1.27293e+11
-0.5 1 -0.5 0.444796 0.588091 -0.196505 8.12721e+10
-1 1.5 -0.5 0.554648 0.530284 -0.184589 9.35041e+10
0 -1.5 -0.5 0.191913 0.564913 0.0287629 7.33093e+10
0.5 -1 -0.5 0.125168 0.598692 -0.0272118 5.74979e+10
0 -0.5 -0.5 0.268256 0.631545 -0.0891175 7.83334e+10
0.5 0 -0.5 0.166255 0.633342 -0.13151 5.12739e+10
0 0.5 -0.5 0.307844 0.623181 -0.178078 6.51493e+10
0.5 1 -0.5 0.21787 0.630078 -0.227504 4.11887e+10
0 1.5 -0.5 0.365226 0.60114 -0.255495 5.08195e+10
1 -1.5 -0.5 0.00189813 0.560894 0.034356 4.40895e+10
1.5 -1 -0.5 -0.0902927 0.538181 0.0264816 3.05646e+10
1 -0.5 -0.5 0.0239456 0.594849 -0.0545801 3.89033e+10
1.5 0 -0.5 -0.0799436 0.576915 -0.0695855 2.50731e+10
1 0.5 -0.5 0.065491 0.627628 -0.165089 3.25362e+10
1.5 1 -0.5 -0.0218802 0.62061 -0.193698 2.04654e+10
1 1.5 -0.5 0.13747 0.63219 -0.271227 2.578e+10
2 -1.5 -0.5 -0.171033 0.417737 0.113822 2.33028e+10
2.5 -1 -0.5 -0.260511 0.370358 0.14024 1.54395e+10
2 -0.5 -0.5 -0.190693 0.497175 0.0348952 1.9753e+10
2.5 0 -0.5 -0.278101 0.463039 0.04593 1.26087e+10
2 0.5 -0.5 -0.16906 0.560255 -0.0803942 1.59513e+10
2.5 1 -0.5 -0.239264 0.54917 -0.0890426 1.01262e+10
2 1.5 -0.5 -0.0926447 0.614859 -0.218496 1.28641e+10
-2.25 -0.75 -0.25 0.664821 0.44962 0.0811444 6.47961e+10
-2.25 0.25 -0.25 0.684327 0.508187 -0.0351427 6.4292e+10
-2.25 1.25 -0.25 0.701043 0.506245 -0.102266 5.00184e+10
-1.75 -1.25 -0.25 0.600621 0.426254 0.100309 4.81257e+10
-1.25 -0.75 -0.25 0.51766 0.52544 -0.00703352 3.89519e+10
-1.75 -0.25 -0.25 0.603279 0.542102 -0.0362752 5.22654e+10
-1.25 0.25 -0.25 0.520856 0.602185 -0.131344 3.74354e+10
-1.75 0.75 -0.25 0.623511 0.560005 -0.127227 4.53497e+10
-1.25 1.25 -0.25 0.557965 0.596946 -0.211085 3.06532e+10
-0.75 -1.25 -0.25 0.446666 0.501577 0.0256924 2.92659e+10
-0.25 -0.75 -0.25 0.309017 0.5982 -0.0653755 2.19196e+10
-0.75 -0.25 -0.25 0.405875 0.606156 -0.102806 2.83262e+10
-0.25 0.25 -0.25 0.294855 0.65557 -0.181082 1.95992e+10
-0.75 0.75 -0.25 0.436939 0.64246 -0.214097 2.55539e+10
-0.25 1.25 -0.25 0.356797 0.667159 -0.286536 1.69763e+10
0.25 -1.25 -0.25 0.246726 0.519665 -0.00517896 1.64176e+10
0.75 -0.75 -0.25 0.0654837 0.566818 -0.0436238 1.12228e+10
0.25 -0.25 -0.25 0.16652 0.640145 -0.125638 1.50602e+10
0.75 0.25 -0.25 0.0436918 0.663137 -0.173084 1.0158e+10
0.25 0.75 -0.25 0.196801 0.683669 -0.246206 1.32178e+10
0.75 1.25 -0.25 0.112573 0.699532 -0.300348 8.77995e+09
1.25 -1.25 -0.25 0.00237028 0.504181 0.0204369 8.73453e+09
1.75 -0.75 -0.25 -0.169007 0.490266 0.032328 5.88799e+09
1.25 -0.25 -0.25 -0.0875569 0.585037 -0.0675787 7.60758e+09
1.75 0.25 -0.25 -0.203406 0.595893 -0.0846977 5.13781e+09
1.25 0.75 -0.25 -0.0559309 0.676616 -0.210832 6.78209e+09
1.75 1.25 -0.25 -0.133946 0.685329 -0.240766 4.49878e+09
2.25 -1.25 -0.25 -0.181694 0.353338 0.12447 4.52016e+09
2.25 -0.25 -0.25 -0.299323 0.480977 0.0453087 3.9832e+09
2.25 0.75 -0.25 -0.28842 0.605367 -0.0969015 3.45227e+09
-2.5 -1.5 0 0.64623 0.394054 0.156939 2.62309e+11
-2.5 -0.5 0 0.807571 0.287266 0.0979895 2.8347e+11
-2.5 0.5 0 0.837908 0.202707 0.0422983 2.00919e+11
-2.5 1.5 0 0.82505 0.138355 -0.00327991 1.22718e+11
-1.5 -1.5 0 0.61484 0.422958 0.0868641 1.83361e+11
-2 -1 0 0.695102 0.406792 0.0794777 2.5113e+11
-1.5 -0.5 0 0.737572 0.356562 0.00131617 1.68652e+11
-2 0 0 0.800434 0.28109 0.0170653 1.91099e+11
-1.5 0.5 0 0.759125 0.280992 -0.0579287 1.16205e+11
-2 1 0 0.799282 0.209176 -0.0329667 1.234e+11
-1.5 1.5 0 0.743821 0.208448 -0.103327 7.25147e+10
-0.5 -1.5 0 0.498136 0.482326 0.0152258 1.11744e+11
-1 -1 0 0.670828 0.411654 -0.00145641 1.35687e+11
-0.5 -0.5 0 0.643317 0.40442 -0.0728421 8.58305e+10
-1 0 0 0.703355 0.346839 -0.0715348 1.02109e+11
-0.5 0.5 0 0.636692 0.330017 -0.13383 5.8661e+10
-1 1 0 0.696631 0.273665 -0.126202 6.73386e+10
-0.5 1.5 0 0.61964 0.260227 -0.188912 3.84451e+10
0.5 -1.5 0 0.463132 0.492516 -0.038827 5.62185e+10
0 -1 0 0.549849 0.45725 -0.0596942 7.09002e+10
0.5 -0.5 0 0.498733 0.4202 -0.099846 4.05613e+10
0 0 0 0.573867 0.377875 -0.124685 4.928e+10
0.5 0.5 0 0.483843 0.337215 -0.165809 2.7667e+10
0 1 0 0.551956 0.305069 -0.188683 3.3173e+10
0.5 1.5 0 0.459513 0.28087 -0.238636 1.8923e+10
1.5 -1.5 0 0.329789 0.461591 -0.0214899 2.77124e+10
1 -1 0 0.427933 0.455009 -0.0674408 3.33047e+10
1.5 -0.5 0 0.357786 0.373384 -0.0663392 1.85656e+10
1 0 0 0.415307 0.359167 -0.121971 2.26439e+10
1.5 0.5 0 0.317647 0.296336 -0.137291 1.27851e+10
1 1 0 0.384572 0.296601 -0.201389 1.56851e+10
1.5 1.5 0 0.287976 0.266466 -0.233916 9.09367e+09
2.5 -1.5 0 0.259428 0.370459 0.0469891 1.27974e+10
2 -1 0 0.2995 0.373086 -0.00354507 1.53155e+10
2.5 -0.5 0 0.235641 0.265399 0.0312715 8.60379e+09
2 0 0 0.269503 0.285445 -0.0563083 1.04495e+10
2.5 0.5 0 0.175915 0.21454 -0.0458047 6.04751e+09
2 1 0 0.219846 0.24768 -0.15076 7.40575e+09
2.5 1.5 0 0.132564 0.216002 -0.163873 4.40315e+09
-2.25 -1.25 0.25 0.539245 0.503479 0.0717581 4.9476e+10
-2.25 -0.25 0.25 0.505936 0.63404 -0.0490591 2.87301e+10
-2.25 0.75 0.25 0.553722 0.682129 -0.100607 2.50404e+10
-1.25 -1.25 0.25 0.384391 0.526912 0.00788835 1.76407e+10
-1.75 -0.75 0.25 0.431685 0.583548 -0.0321918 2.25678e+10
-1.25 -0.25 0.25 0.29228 0.69361 -0.129292 1.65519e+10
-1.75 0.25 0.25 0.433466 0.711155 -0.1341 2.12991e+10
-1.25 0.75 0.25 0.371091 0.750426 -0.205082 1.50842e+10
-1.75 1.25 0.25 0.506095 0.714738 -0.17141 1.75386e+10
-0.25 -1.25 0.25 0.177194 0.521397 -0.0201873 1.00432e+10
-0.75 -0.75 0.25 0.196576 0.633718 -0.0866816 1.28063e+10
-0.25 -0.25 0.25 0.0447116 0.702776 -0.160645 8.94105e+09
-0.75 0.25 0.25 0.201452 0.750509 -0.203301 1.18238e+10
-0.25 0.75 0.25 0.128761 0.777909 -0.262499 8.14279e+09
-0.75 1.25 0.25 0.31321 0.771377 -0.267919 1.02658e+10
0.75 -1.25 0.25 -0.113899 0.485892 -0.00496023 5.31192e+09
0.25 -0.75 0.25 -0.0718427 0.593205 -0.0821194 6.81507e+09
0.75 -0.25 0.25 -0.216831 0.632308 -0.126583 4.6858e+09
0.25 0.25 0.25 -0.0568739 0.735693 -0.214246 6.20126e+09
0.75 0.75 0.25 -0.130902 0.752784 -0.253697 4.21996e+09
0.25 1.25 0.25 0.0703207 0.790645 -0.311057 5.47985e+09
1.75 -1.25 0.25 -0.32575 0.334842 0.0802948 2.8019e+09
1.25 -0.75 0.25 -0.311998 0.499439 -0.0248354 3.56462e+09
1.75 -0.25 0.25 -0.433448 0.510483 -0.0349394 2.43916e+09
1.25 0.25 0.25 -0.311583 0.653769 -0.154693 3.19837e+09
1.75 0.75 0.25 -0.37375 0.669375 -0.172403 2.16671e+09
1.25 1.25 0.25 -0.184005 0.762366 -0.283883 2.82932e+09
2.25 -0.75 0.25 -0.48156 0.331387 0.0890644 1.89371e+09
2.25 0.25 0.25 -0.511319 0.524159 -0.0365234 1.66556e+09
2.25 1.25 0.25 -0.414518 0.681682 -0.184467 1.45438e+09
-2.5 -1 0.5 0.693906 0.406598 0.0936068 2.08581e+11
-2.5 0 0.5 0.768567 0.337877 0.0292325 1.2739e+11
-2.5 1 0.5 0.777255 0.30002 -0.0104023 8.10235e+10
-2 -1.5 0.5 0.657585 0.417023 0.100811 2.01459e+11
-1.5 -1 0.5 0.643136 0.44133 0.00742627 1.13701e+11
-2 -0.5 0.5 0.703479 0.399235 0.00957136 1.24782e+11
-1.5 0 0.5 0.667012 0.41245 -0.0693179 7.48568e+10
-2 0.5 0.5 0.729676 0.35898 -0.0457914 7.97173e+10
-1.5 1 0.5 0.671116 0.37094 -0.113956 4.71257e+10
-2 1.5 0.5 0.728194 0.314405 -0.077672 4.88837e+10
-1 -1.5 0.5 0.506894 0.456354 0.0313913 1.02574e+11
-0.5 -1 0.5 0.51172 0.471187 -0.058036 5.76727e+10
-1 -0.5 0.5 0.602654 0.449736 -0.0733533 6.67017e+10
-0.5 0 0.5 0.528207 0.444498 -0.13724 3.76377e+10
-1 0.5 0.5 0.600345 0.416529 -0.136366 4.30713e+10
-0.5 1 0.5 0.517877 0.410218 -0.194433 2.43372e+10
-1 1.5 0.5 0.600585 0.374266 -0.176174 2.72265e+10
0 -1.5 0.5 0.43994 0.501705 -0.0395006 4.99978e+10
0.5 -1 0.5 0.376403 0.483573 -0.0884945 2.73658e+10
0 -0.5 0.5 0.448721 0.464163 -0.118653 3.20747e+10
0.5 0 0.5 0.353971 0.424484 -0.15624 1.75116e+10
0 0.5 0.5 0.433944 0.424138 -0.18752 2.0864e+10
0.5 1 0.5 0.333033 0.39979 -0.229108 1.16876e+10
0 1.5 0.5 0.429786 0.40054 -0.245906 1.38377e+10
1 -1.5 0.5 0.279039 0.46343 -0.0356416 2.34719e+10
1.5 -1 0.5 0.226251 0.401885 -0.0464756 1.23899e+10
1 -0.5 0.5 0.289363 0.419511 -0.108212 1.46981e+10
1.5 0 0.5 0.185731 0.342736 -0.113347 8.01013e+09
1 0.5 0.5 0.247177 0.37706 -0.182309 9.6767e+09
1.5 1 0.5 0.142137 0.340664 -0.202607 5.51174e+09
1 1.5 0.5 0.236226 0.3823 -0.264879 6.71184e+09
2 -1.5 0.5 0.181259 0.395214 0.00567919 1.06342e+10
2.5 -1 0.5 0.1305 0.270632 0.0436366 5.657e+09
2 -0.5 0.5 0.144992 0.301722 -0.0313581 6.67467e+09
2.5 0 0.5 0.0486072 0.213408 -0.00927285 3.74316e+09
2 0.5 0.5 0.078703 0.280455 -0.113188 4.52378e+09
2.5 1 0.5 -0.0187875 0.2423 -0.112205 2.65347e+09
2 1.5 0.5 0.0499205 0.32118 -0.219853 3.24327e+09
-2.25 -0.75 0.75 0.387542 0.611124 -0.0531987 1.92221e+10
-2.25 0.25 0.75 0.387303 0.738756 -0.140271 1.52756e+10
-2.25 1.25 0.75 0.474337 0.76495 -0.137575 1.2732e+10
-1.75 -1.25 0.75 0.349543 0.546329 -0.0161189 1.53433e+10
-1.25 -0.75 0.75 0.185179 0.64475 -0.126148 1.08314e+10
-1.75 -0.25 0.75 0.265911 0.707001 -0.159528 1.30826e+10
-1.25 0.25 0.75 0.157062 0.769179 -0.236776 9.09478e+09
-1.75 0.75 0.75 0.329263 0.790075 -0.205003 1.11638e+10
-1.25 1.25 0.75 0.285669 0.813516 -0.258833 7.85257e+09
-0.75 -1.25 0.75 0.17754 0.496035 -0.0361968 9.0328e+09
-0.25 -0.75 0.75 -0.0858437 0.568778 -0.128473 5.63094e+09
-0.75 -0.25 0.75 0.00373576 0.689323 -0.209647 6.99835e+09
-0.25 0.25 0.75 -0.114493 0.736694 -0.271084 4.88231e+09
-0.75 0.75 0.75 0.089637 0.80524 -0.291175 6.38942e+09
-0.25 1.25 0.75 0.0456195 0.821805 -0.331609 4.38285e+09
0.25 -1.25 0.75 -0.114958 0.497052 -0.058385 4.67996e+09
0.75 -0.75 0.75 -0.342021 0.448858 -0.0927311 2.86263e+09
0.25 -0.25 0.75 -0.274104 0.598657 -0.192665 3.70949e+09
0.75 0.25 0.75 -0.376907 0.634759 -0.230352 2.55508e+09
0.25 0.75 0.75 -0.178347 0.763824 -0.308111 3.37917e+09
0.75 1.25 0.75 -0.214643 0.781079 -0.331989 2.30207e+09
1.25 -1.25 0.75 -0.315319 0.292813 0.0249634 2.33896e+09
1.75 -0.75 0.75 -0.524499 0.263642 0.0111166 1.51939e+09
1.25 -0.25 0.75 -0.498962 0.464336 -0.120755 1.94829e+09
1.75 0.25 0.75 -0.579027 0.494476 -0.1308 1.3391e+09
1.25 0.75 0.75 -0.428288 0.665015 -0.248598 1.75424e+09
1.75 1.25 0.75 -0.453088 0.690064 -0.25735 1.19295e+09
2.25 -1.25 0.75 -0.475524 0.117944 0.108934 1.19819e+09
2.25 -0.25 0.75 -0.64449 0.286014 0.00588127 1.03537e+09
2.25 0.75 0.75 -0.618219 0.52842 -0.130409 9.1859e+08
-2.5 -1.5 1 0.656618 0.401701 0.125476 1.62195e+11
-2.5 -0.5 1 0.701653 0.431539 0.0143025 8.84181e+10
-2.5 0.5 1 0.701065 0.436167 -0.0387774 5.22965e+10
-2.5 1.5 1 0.709835 0.411873 -0.0544713 3.18539e+10
-1.5 -1.5 1 0.524087 0.443536 0.0491584 8.90948e+10
-2 -1 1 0.6403 0.461106 0.0143545 9.30781e+10
-1.5 -0.5 1 0.575759 0.497766 -0.0795702 5.18638e+10
-2 0 1 0.638766 0.471366 -0.0703786 5.24083e+10
-1.5 0.5 1 0.562152 0.496969 -0.142941 3.01836e+10
-2 1 1 0.641894 0.464206 -0.106136 3.16134e+10
-1.5 1.5 1 0.574867 0.482463 -0.16688 1.87168e+10
-0.5 -1.5 1 0.455925 0.508012 -0.0441219 4.51892e+10
-1 -1 1 0.504327 0.503081 -0.065633 4.82907e+10
-0.5 -0.5 1 0.408061 0.507755 -0.138988 2.52981e+10
-1 0 1 0.482747 0.511388 -0.15397 2.80863e+10
-0.5 0.5 1 0.377676 0.508753 -0.214142 1.53449e+10
-1 1 1 0.476989 0.509694 -0.204595 1.72293e+10
-0.5 1.5 1 0.391059 0.515642 -0.25696 9.90416e+09
0.5 -1.5 1 0.27336 0.496711 -0.065399 2.08693e+10
0 -1 1 0.350347 0.516203 -0.112775 2.31661e+10
0.5 -0.5 1 0.226188 0.459627 -0.148455 1.16843e+10
0 0 1 0.289246 0.483561 -0.191915 1.33266e+10
0.5 0.5 1 0.167241 0.449942 -0.230192 7.21671e+09
0 1 1 0.271739 0.50017 -0.261924 8.55188e+09
0.5 1.5 1 0.174746 0.496613 -0.299758 4.91412e+09
1.5 -1.5 1 0.130545 0.413666 -0.0343608 9.24067e+09
1 -1 1 0.169676 0.423765 -0.0864379 1.02258e+10
1.5 -0.5 1 0.0589394 0.321439 -0.0895414 5.22792e+09
1 0 1 0.0988508 0.388036 -0.169684 6.12766e+09
1.5 0.5 1 -0.0264612 0.332497 -0.180911 3.37905e+09
1 1 1 0.053185 0.427205 -0.257558 4.06984e+09
1.5 1.5 1 -0.0421898 0.422396 -0.277089 2.39189e+09
2.5 -1.5 1 0.0495587 0.237138 0.0562566 4.05381e+09
2 -1 1 0.0501187 0.279852 -0.0143761 4.57211e+09
2.5 -0.5 1 -0.0484442 0.153296 0.0149035 2.4184e+09
2 0 1 -0.0604284 0.230884 -0.0822987 2.82814e+09
2.5 0.5 1 -0.175969 0.177477 -0.0713251 1.62355e+09
2 1 1 -0.136195 0.306747 -0.186247 1.96178e+09
2.5 1.5 1 -0.221122 0.306347 -0.188745 1.18776e+09
-2.25 -1.25 1.25 0.281003 0.567896 -0.0302202 1.24097e+10
-2.25 -0.25 1.25 0.237914 0.733923 -0.177857 1.01523e+10
-2.25 0.75 1.25 0.302765 0.818823 -0.201257 8.06898e+09
-1.25 -1.25 1.25 0.181199 0.475092 -0.054579 7.51109e+09
-1.75 -0.75 1.25 0.152684 0.662207 -0.159802 8.82908e+09
-1.25 -0.25 1.25 -0.0261291 0.704192 -0.263207 5.79339e+09
-1.75 0.25 1.25 0.129928 0.784982 -0.264331 6.91119e+09
-1.25 0.75 1.25 0.0569627 0.820563 -0.320605 4.88976e+09
-1.75 1.25 1.25 0.265062 0.84448 -0.248052 5.86888e+09
-0.25 -1.25 1.25 -0.135167 0.480905 -0.10739 4.00745e+09
-0.75 -0.75 1.25 -0.123696 0.547756 -0.179426 4.76253e+09
-0.25 -0.25 1.25 -0.320634 0.560855 -0.260967 3.02374e+09
-0.75 0.25 1.25 -0.156009 0.729451 -0.332504 3.88267e+09
-0.25 0.75 1.25 -0.221496 0.759301 -0.369513 2.71274e+09
-0.75 1.25 1.25 0.0224109 0.841435 -0.353825 3.45877e+09
0.75 -1.25 1.25 -0.343323 0.24703 -0.0248845 2.114e+09
0.25 -0.75 1.25 -0.385496 0.421893 -0.161954 2.47329e+09
0.75 -0.25 1.25 -0.554807 0.388632 -0.203413 1.59029e+09
0.25 0.25 1.25 -0.44092 0.587772 -0.31096 2.05259e+09
0.75 0.75 1.25 -0.487811 0.632333 -0.32985 1.43287e+09
0.25 1.25 1.25 -0.24586 0.784606 -0.385077 1.88642e+09
1.75 -1.25 1.25 -0.485309 0.0506546 0.0495059 1.0364e+09
1.25 -0.75 1.25 -0.550679 0.170394 -0.05704 1.26638e+09
1.75 -0.25 1.25 -0.69941 0.176821 -0.0813873 8.47677e+08
1.25 0.25 1.25 -0.64798 0.422614 -0.223836 1.09451e+09
1.75 0.75 1.25 -0.681868 0.477985 -0.225214 7.60127e+08
1.25 1.25 1.25 -0.497519 0.674415 -0.332237 9.92297e+08
2.25 -0.75 1.25 -0.653441 -0.0130288 0.0422506 6.7128e+08
2.25 0.25 1.25 -0.772779 0.236823 -0.0883266 5.86789e+08
2.25 1.25 1.25 -0.68574 0.532352 -0.217568 5.2518e+08
-2.5 -1 1.5 0.629572 0.474395 0.024636 6.59768e+10
-2.5 0 1.5 0.619474 0.534553 -0.0703181 3.6194e+10
-2.5 1 1.5 0.615703 0.548919 -0.0979462 2.08735e+10
-2 -1.5 1.5 0.52844 0.450729 0.0616837 6.89647e+10
-1.5 -1 1.5 0.500339 0.531288 -0.067654 3.83328e+10
-2 -0.5 1.5 0.560348 0.543294 -0.0824164 3.85737e+10
-1.5 0 1.5 0.448941 0.578002 -0.168828 2.07958e+10
-2 0.5 1.5 0.529368 0.574243 -0.148275 2.08285e+10
-1.5 1 1.5 0.436289 0.602102 -0.215103 1.20106e+10
-2 1.5 1.5 0.548332 0.579028 -0.157763 1.27322e+10
-1 -1.5 1.5 0.472641 0.509185 -0.0375426 3.77633e+10
-0.5 -1 1.5 0.339359 0.549582 -0.132005 1.93721e+10
-1 -0.5 1.5 0.378491 0.562802 -0.160137 1.99592e+10
-0.5 0 1.5 0.230925 0.550061 -0.228012 1.02063e+10
-1 0.5 1.5 0.325214 0.590837 -0.240585 1.11812e+10
-0.5 1 1.5 0.209442 0.595602 -0.297176 6.2304e+09
-1 1.5 1.5 0.350267 0.621127 -0.269158 7.05308e+09
0 -1.5 1.5 0.281971 0.512152 -0.0847137 1.80529e+10
0.5 -1 1.5 0.129957 0.469605 -0.130007 8.66826e+09
0 -0.5 1.5 0.177198 0.509915 -0.1871 9.46517e+09
0.5 0 1.5 0.0140576 0.434626 -0.22515 4.74282e+09
0 0.5 1.5 0.0860788 0.523674 -0.281044 5.39912e+09
0.5 1 1.5 -0.0392434 0.510898 -0.318008 3.02934e+09
0 1.5 1.5 0.111918 0.60409 -0.337937 3.62108e+09
1 -1.5 1.5 0.107363 0.459145 -0.0809406 8.24269e+09
1.5 -1 1.5 -0.0147611 0.29842 -0.0688548 3.83346e+09
1 -0.5 1.5 -0.0197228 0.347399 -0.1451 4.19852e+09
1.5 0 1.5 -0.169457 0.242065 -0.153895 2.18106e+09
1 0.5 1.5 -0.135445 0.379509 -0.251411 2.55304e+09
1.5 1 1.5 -0.257079 0.363462 -0.26485 1.47533e+09
1 1.5 1.5 -0.134892 0.518616 -0.339597 1.79474e+09
2 -1.5 1.5 -0.00473859 0.256574 0.00341532 3.52835e+09
2.5 -1 1.5 -0.0918601 0.0773854 0.0366455 1.71019e+09
2 -0.5 1.5 -0.143681 0.142663 -0.0539414 1.91662e+09
2.5 0 1.5 -0.280793 0.0406492 -0.0380718 1.04983e+09
2 0.5 1.5 -0.306549 0.188078 -0.155341 1.22915e+09
2.5 1 1.5 -0.413462 0.185757 -0.151079 7.4111e+08
2 1.5 1.5 -0.341704 0.379941 -0.268452 9.01309e+08
