449
-2.5 -1 -1.5 0.513266 -0.335879 0.284895 1.42805e+09
-2.5 0 -1.5 0.61164 -0.093865 0.253986 1.50557e+09
-2.5 1 -1.5 0.61378 0.0699907 0.223771 1.60106e+09
-2 -1.5 -1.5 0.487608 -0.360015 0.331966 1.41549e+09
-1.5 -1 -1.5 0.557919 -0.203792 0.33338 1.54861e+09
-2 -0.5 -1.5 0.607991 -0.121804 0.29177 1.60274e+09
-1.5 0 -1.5 0.620957 0.0712404 0.300688 1.97072e+09
-2 0.5 -1.5 0.625703 0.121445 0.264503 1.89542e+09
-1.5 1 -1.5 0.586315 0.286862 0.273528 2.50051e+09
-2 1.5 -1.5 0.587421 0.258574 0.227486 2.13478e+09
-1 -1.5 -1.5 0.439672 -0.26813 0.381534 1.43014e+09
-0.5 -1 -1.5 0.428886 -0.178858 0.378471 1.6177e+09
-1 -0.5 -1.5 0.566594 -0.0568311 0.334813 1.8247e+09
-0.5 0 -1.5 0.524146 0.0569033 0.335896 2.23664e+09
-1 0.5 -1.5 0.579742 0.213083 0.306782 2.51806e+09
-0.5 1 -1.5 0.509611 0.310163 0.310158 3.22369e+09
-1 1.5 -1.5 0.52304 0.402676 0.278325 3.30856e+09
0 -1.5 -1.5 0.261664 -0.212663 0.418622 1.41279e+09
0.5 -1 -1.5 0.204575 -0.148588 0.417196 1.62546e+09
0 -0.5 -1.5 0.37875 -0.0942008 0.377709 1.90963e+09
0.5 0 -1.5 0.294237 -0.0128716 0.382858 2.31789e+09
0 0.5 -1.5 0.444381 0.141282 0.339503 2.77654e+09
0.5 1 -1.5 0.340879 0.210471 0.348852 3.47709e+09
0 1.5 -1.5 0.426353 0.376116 0.312943 4.11468e+09
1 -1.5 -1.5 0.0682331 -0.12835 0.432876 1.33916e+09
1.5 -1 -1.5 0.0017277 -0.0565733 0.430421 1.55941e+09
1 -0.5 -1.5 0.128442 -0.0687066 0.419634 1.93163e+09
1.5 0 -1.5 0.0436717 0.0267493 0.425033 2.34772e+09
1 0.5 -1.5 0.189398 0.0740111 0.394906 2.87313e+09
1.5 1 -1.5 0.0808717 0.169134 0.411242 3.61217e+09
1 1.5 -1.5 0.221993 0.271769 0.365841 4.37485e+09
2 -1.5 -1.5 -0.0887122 -0.0188154 0.420406 1.20907e+09
2.5 -1 -1.5 -0.143131 0.0638325 0.412638 1.40832e+09
2 -0.5 -1.5 -0.0653418 0.0340164 0.428234 1.85224e+09
2.5 0 -1.5 -0.124283 0.13738 0.424457 2.21962e+09
2 0.5 -1.5 -0.037002 0.133497 0.4304 2.88634e+09
2.5 1 -1.5 -0.103021 0.245443 0.432515 3.5423e+09
2 1.5 -1.5 -0.0155234 0.271024 0.426725 4.54989e+09
-2.25 -0.75 -1.25 -0.246107 0.214364 0.672992 6.26769e+08
-2.25 0.25 -1.25 -0.240598 0.28012 0.629783 6.97103e+08
-2.25 1.25 -1.25 -0.198664 0.360335 0.562878 7.30962e+08
-1.75 -1.25 -1.25 -0.255608 0.15938 0.673804 5.96009e+08
-1.25 -0.75 -1.25 -0.29762 0.116357 0.634818 6.65366e+08
-1.75 -0.25 -1.25 -0.260597 0.202085 0.632831 6.99459e+08
-1.25 0.25 -1.25 -0.277415 0.191606 0.576485 8.24561e+08
-1.75 0.75 -1.25 -0.242215 0.307616 0.578156 8.52388e+08
-1.25 1.25 -1.25 -0.248094 0.332833 0.523216 1.06465e+09
-0.75 -1.25 -1.25 -0.363234 0.100061 0.647418 6.80975e+08
-0.25 -0.75 -1.25 -0.426595 0.0631213 0.60915 8.20136e+08
-0.75 -0.25 -1.25 -0.3409 0.0790365 0.581932 7.87705e+08
-0.25 0.25 -1.25 -0.392975 0.0539265 0.531685 9.86324e+08
-0.75 0.75 -1.25 -0.301738 0.181326 0.517304 1.00656e+09
-0.25 1.25 -1.25 -0.340416 0.174764 0.46873 1.24917e+09
0.25 -1.25 -1.25 -0.484543 0.130572 0.622055 8.29415e+08
0.75 -0.75 -1.25 -0.542706 0.132017 0.595712 1.04776e+09
0.25 -0.25 -1.25 -0.489848 0.0514836 0.574795 1.04672e+09
0.75 0.25 -1.25 -0.550652 0.0732898 0.553633 1.39855e+09
0.25 0.75 -1.25 -0.456857 0.0537555 0.499978 1.28995e+09
0.75 1.25 -1.25 -0.524883 0.0765775 0.484954 1.72401e+09
1.25 -1.25 -1.25 -0.568704 0.218427 0.581616 9.23331e+08
1.75 -0.75 -1.25 -0.609983 0.245551 0.555742 1.16266e+09
1.25 -0.25 -1.25 -0.591294 0.160231 0.57276 1.36136e+09
1.75 0.25 -1.25 -0.627472 0.209767 0.551893 1.77616e+09
1.25 0.75 -1.25 -0.601316 0.123329 0.541953 1.89609e+09
1.75 1.25 -1.25 -0.636021 0.191562 0.533962 2.54838e+09
2.25 -1.25 -1.25 -0.622063 0.318422 0.520331 9.16635e+08
2.25 -0.25 -1.25 -0.639065 0.290151 0.529119 1.46733e+09
2.25 0.75 -1.25 -0.649751 0.272614 0.531157 2.28238e+09
-2.5 -1.5 -1 0.400195 -0.400195 0.402389 3.34716e+09
-2.5 -0.5 -1 0.560037 -0.210566 0.360387 3.44263e+09
-2.5 0.5 -1 0.60743 -0.0493767 0.332398 3.54715e+09
-2.5 1.5 -1 0.594279 0.0178316 0.303096 3.55055e+09
-1.5 -1.5 -1 0.446028 -0.235988 0.452091 3.34625e+09
-2 -1 -1 0.52562 -0.212663 0.407998 3.54286e+09
-1.5 -0.5 -1 0.568228 -0.0142439 0.421053 4.15648e+09
-2 0 -1 0.607221 0.0128205 0.377362 4.10376e+09
-1.5 0.5 -1 0.584355 0.207648 0.396681 5.3401e+09
-2 1 -1 0.600935 0.151552 0.346688 4.56843e+09
-1.5 1.5 -1 0.553772 0.320575 0.361704 6.21754e+09
-0.5 -1.5 -1 0.350642 -0.150877 0.479775 3.27203e+09
-1 -1 -1 0.476059 -0.0961534 0.457169 3.78949e+09
-0.5 -0.5 -1 0.457804 0.0353835 0.462957 4.56145e+09
-1 0 -1 0.545764 0.155397 0.434853 5.25454e+09
-0.5 0.5 -1 0.484126 0.27769 0.444455 6.85233e+09
-1 1 -1 0.522506 0.35008 0.411124 7.1934e+09
-0.5 1.5 -1 0.445886 0.449626 0.419856 9.69095e+09
0.5 -1.5 -1 0.210714 -0.0857084 0.479358 3.0148e+09
0 -1 -1 0.328595 -0.0583904 0.479886 3.77731e+09
0.5 -0.5 -1 0.281735 0.0369246 0.479743 4.53275e+09
0 0 -1 0.402873 0.143674 0.467668 5.69949e+09
0.5 0.5 -1 0.324176 0.233952 0.471865 7.24138e+09
0 1 -1 0.402292 0.365019 0.45103 8.96129e+09
0.5 1.5 -1 0.315936 0.432748 0.454843 1.17237e+10
1.5 -1.5 -1 0.0799178 -0.0097217 0.455532 2.64061e+09
1 -1 -1 0.169265 -0.00581519 0.47467 3.51087e+09
1.5 -0.5 -1 0.118639 0.0838775 0.46815 4.18562e+09
1 0 -1 0.218356 0.132663 0.478669 5.57196e+09
1.5 0.5 -1 0.149967 0.227709 0.474407 6.90337e+09
1 1 -1 0.238126 0.316626 0.47419 9.25175e+09
1.5 1.5 -1 0.157069 0.393862 0.472272 1.17302e+10
2.5 -1.5 -1 -0.0257685 0.0763958 0.413835 2.2095e+09
2 -1 -1 0.0372234 0.0711557 0.445105 3.07624e+09
2.5 -0.5 -1 -0.00373649 0.161028 0.431355 3.61504e+09
2 0 -1 0.0662227 0.179302 0.458314 5.03724e+09
2.5 0.5 -1 0.0201997 0.275952 0.444139 6.04218e+09
2 1 -1 0.087074 0.320566 0.465388 8.50897e+09
2.5 1.5 -1 0.0376427 0.40898 0.450557 1.02855e+10
-2.25 -1.25 -0.75 -0.236408 0.219388 0.724623 1.50244e+09
-2.25 -0.25 -0.75 -0.231111 0.245723 0.704393 1.56462e+09
-2.25 0.75 -0.75 -0.202135 0.291653 0.66357 1.51202e+09
-1.25 -1.25 -0.75 -0.304743 0.199727 0.70366 1.63373e+09
-1.75 -0.75 -0.75 -0.258223 0.211281 0.709015 1.62952e+09
-1.25 -0.25 -0.75 -0.284517 0.211956 0.682962 1.89485e+09
-1.75 0.25 -0.75 -0.24375 0.268463 0.680758 1.85533e+09
-1.25 0.75 -0.75 -0.264979 0.294979 0.650072 2.33332e+09
-1.75 1.25 -0.75 -0.217587 0.349225 0.639434 2.01415e+09
-0.25 -1.25 -0.75 -0.40506 0.225595 0.661841 1.83587e+09
-0.75 -0.75 -0.75 -0.349385 0.189472 0.680488 1.91706e+09
-0.25 -0.25 -0.75 -0.396693 0.193987 0.651987 2.36963e+09
-0.75 0.25 -0.75 -0.31958 0.215897 0.649637 2.32389e+09
-0.25 0.75 -0.75 -0.366469 0.223417 0.616826 2.98934e+09
-0.75 1.25 -0.75 -0.29053 0.317212 0.616742 2.97331e+09
0.75 -1.25 -0.75 -0.487398 0.295733 0.603192 1.9184e+09
0.25 -0.75 -0.75 -0.453802 0.237392 0.638305 2.27551e+09
0.75 -0.25 -0.75 -0.498552 0.265797 0.612298 2.91286e+09
0.25 0.25 -0.75 -0.448838 0.213117 0.624538 3.08912e+09
0.75 0.75 -0.75 -0.497407 0.254284 0.602272 4.17774e+09
0.25 1.25 -0.75 -0.418433 0.250448 0.593351 3.97677e+09
1.75 -1.25 -0.75 -0.548808 0.374763 0.528519 1.82372e+09
1.25 -0.75 -0.75 -0.527069 0.323359 0.575783 2.38753e+09
1.75 -0.25 -0.75 -0.558769 0.362709 0.544956 2.99748e+09
1.25 0.25 -0.75 -0.535437 0.308263 0.584597 3.77025e+09
1.75 0.75 -0.75 -0.561899 0.361422 0.554377 4.83201e+09
1.25 1.25 -0.75 -0.534188 0.310401 0.579388 5.61046e+09
2.25 -0.75 -0.75 -0.575537 0.411794 0.495874 2.23469e+09
2.25 0.25 -0.75 -0.579847 0.411565 0.511248 3.72754e+09
2.25 1.25 -0.75 -0.576544 0.419904 0.521592 6.00716e+09
-2.5 -1 -0.5 0.484815 -0.302135 0.436638 8.22377e+09
-2.5 0 -0.5 0.597798 -0.14027 0.399197 8.53776e+09
-2.5 1 -0.5 0.612939 -0.0626758 0.373473 8.45777e+09
-2 -1.5 -0.5 0.41892 -0.268376 0.491874 7.9753e+09
-1.5 -1 -0.5 0.495338 -0.0831361 0.501759 8.92535e+09
-2 -0.5 -0.5 0.573778 -0.0753675 0.453342 9.33249e+09
-1.5 0 -0.5 0.573453 0.141329 0.47782 1.16871e+10
-2 0.5 -0.5 0.61288 0.0722489 0.421916 1.05003e+10
-1.5 1 -0.5 0.572153 0.266319 0.447122 1.41428e+10
-2 1.5 -0.5 0.603987 0.113496 0.387761 1.08322e+10
-1 -1.5 -0.5 0.394737 -0.123593 0.525003 7.79688e+09
-0.5 -1 -0.5 0.402981 0.00354573 0.528595 9.05281e+09
-1 -0.5 -0.5 0.499202 0.0966892 0.51596 1.08701e+10
-0.5 0 -0.5 0.456655 0.246945 0.52743 1.40456e+10
-1 0.5 -0.5 0.517525 0.316479 0.499596 1.5793e+10
-0.5 1 -0.5 0.439334 0.436196 0.511393 2.18585e+10
-1 1.5 -0.5 0.501605 0.414476 0.465503 1.99056e+10
0 -1.5 -0.5 0.304971 -0.0558731 0.520633 7.10704e+09
0.5 -1 -0.5 0.287742 0.040193 0.515915 8.29555e+09
0 -0.5 -0.5 0.377701 0.123976 0.529824 1.10274e+10
0.5 0 -0.5 0.332703 0.229916 0.52623 1.38202e+10
0 0.5 -0.5 0.392454 0.356181 0.531158 1.8617e+10
0.5 1 -0.5 0.322583 0.436747 0.527236 2.45735e+10
0 1.5 -0.5 0.359627 0.518432 0.514187 3.00107e+10
1 -1.5 -0.5 0.209755 0.00201511 0.491164 6.10339e+09
1.5 -1 -0.5 0.184342 0.0870037 0.479305 7.12881e+09
1 -0.5 -0.5 0.256391 0.13734 0.507262 9.97005e+09
1.5 0 -0.5 0.217272 0.230751 0.493592 1.21238e+10
1 0.5 -0.5 0.27931 0.320885 0.516411 1.74193e+10
1.5 1 -0.5 0.226898 0.401892 0.499916 2.1719e+10
1 1.5 -0.5 0.258395 0.503107 0.515512 3.18323e+10
2 -1.5 -0.5 0.124592 0.0621531 0.444937 5.02035e+09
2.5 -1 -0.5 0.100153 0.143113 0.426834 5.81153e+09
2 -0.5 -0.5 0.154477 0.17498 0.462995 8.42884e+09
2.5 0 -0.5 0.125376 0.262599 0.441828 9.94899e+09
2 0.5 -0.5 0.177796 0.319131 0.474241 1.46792e+10
2.5 1 -0.5 0.145265 0.400492 0.449364 1.74635e+10
2 1.5 -0.5 0.18354 0.473278 0.476525 2.64421e+10
-2.25 -0.75 -0.25 -0.212508 0.229814 0.744192 3.67117e+09
-2.25 0.25 -0.25 -0.168029 0.249406 0.713818 3.32388e+09
-2.25 1.25 -0.25 -0.142143 0.303646 0.682656 3.16333e+09
-1.75 -1.25 -0.25 -0.257406 0.245331 0.741118 3.93348e+09
-1.25 -0.75 -0.25 -0.282499 0.256021 0.728222 4.4898e+09
-1.75 -0.25 -0.25 -0.224532 0.256235 0.733579 4.22876e+09
-1.25 0.25 -0.25 -0.243028 0.293913 0.718088 5.22653e+09
-1.75 0.75 -0.25 -0.184886 0.30221 0.705968 4.25457e+09
-1.25 1.25 -0.25 -0.214398 0.360758 0.693711 5.92696e+09
-0.75 -1.25 -0.25 -0.331792 0.283265 0.695319 4.13821e+09
-0.25 -0.75 -0.25 -0.366237 0.308734 0.676239 5.03852e+09
-0.75 -0.25 -0.25 -0.310171 0.285235 0.709849 5.49948e+09
-0.25 0.25 -0.25 -0.342243 0.322011 0.684932 6.97387e+09
-0.75 0.75 -0.25 -0.273619 0.330947 0.696604 6.8278e+09
-0.25 1.25 -0.25 -0.311291 0.364668 0.67154 9.06477e+09
0.25 -1.25 -0.25 -0.403908 0.348316 0.627471 4.07631e+09
0.75 -0.75 -0.25 -0.434848 0.38521 0.600936 5.02269e+09
0.25 -0.25 -0.25 -0.399057 0.35019 0.651457 6.39846e+09
0.75 0.25 -0.25 -0.429213 0.395574 0.620702 8.18405e+09
0.25 0.75 -0.25 -0.382205 0.362982 0.657252 9.28454e+09
0.75 1.25 -0.25 -0.416706 0.414738 0.62696 1.25799e+10
1.25 -1.25 -0.25 -0.465309 0.417662 0.544858 3.72229e+09
1.75 -0.75 -0.25 -0.489962 0.457437 0.511305 4.54608e+09
1.25 -0.25 -0.25 -0.463125 0.427048 0.568471 6.2647e+09
1.75 0.25 -0.25 -0.485207 0.473128 0.531114 7.7848e+09
1.25 0.75 -0.25 -0.454661 0.444463 0.585007 1.0438e+10
1.75 1.25 -0.25 -0.470731 0.498334 0.544174 1.29952e+10
2.25 -1.25 -0.25 -0.510905 0.484615 0.452455 3.19005e+09
2.25 -0.25 -0.25 -0.508271 0.500793 0.473085 5.53172e+09
2.25 0.75 -0.25 -0.497652 0.523234 0.48969 9.47241e+09
-2.5 -1.5 0 0.372138 -0.372138 0.495489 1.93754e+10
-2.5 -0.5 0 0.572377 -0.222564 0.438766 2.12945e+10
-2.5 0.5 0 0.631053 -0.12791 0.405929 2.14135e+10
-2.5 1.5 0 0.652835 -0.0666274 0.388555 2.15634e+10
-1.5 -1.5 0 0.418674 -0.147855 0.546917 1.84507e+10
-2 -1 0 0.512454 -0.155 0.504468 2.08406e+10
-1.5 -0.5 0 0.549375 0.0747217 0.525788 2.51618e+10
-2 0 0 0.619613 0.0134991 0.464285 2.53417e+10
-1.5 0.5 0 0.58841 0.232531 0.495033 3.30246e+10
-2 1 0 0.635145 0.0621808 0.426686 2.64626e+10
-1.5 1.5 0 0.596201 0.241033 0.44947 3.55884e+10
-0.5 -1.5 0 0.370761 -0.0587258 0.550311 1.68754e+10
-1 -1 0 0.459955 0.0223019 0.554914 2.14587e+10
-0.5 -0.5 0 0.448714 0.174766 0.560893 2.66191e+10
-1 0 0 0.511506 0.272044 0.547826 3.29673e+10
-0.5 0.5 0 0.439192 0.423631 0.562166 4.57807e+10
-1 1 0 0.510077 0.41105 0.521424 4.68593e+10
-0.5 1.5 0 0.423513 0.529547 0.532822 6.81556e+10
0.5 -1.5 0 0.306958 -0.00396714 0.52296 1.43726e+10
0 -1 0 0.374722 0.0588735 0.547674 1.97267e+10
0.5 -0.5 0 0.357782 0.171625 0.539967 2.39406e+10
0 0 0 0.410477 0.299565 0.56 3.42026e+10
0.5 0.5 0 0.365375 0.393859 0.549522 4.4087e+10
0 1 0 0.369026 0.519361 0.561313 6.39483e+10
0.5 1.5 0 0.311989 0.582075 0.548016 8.59662e+10
1.5 -1.5 0 0.245066 0.0418804 0.476479 1.17322e+10
1 -1 0 0.297572 0.0914012 0.511505 1.68389e+10
1.5 -0.5 0 0.279948 0.184407 0.494544 2.00822e+10
1 0 0 0.329851 0.271373 0.525596 2.95342e+10
1.5 0.5 0 0.298409 0.358087 0.504387 3.63428e+10
1 1 0 0.321499 0.469311 0.530694 5.60597e+10
1.5 1.5 0 0.284949 0.531466 0.503485 6.92115e+10
2.5 -1.5 0 0.190514 0.0868656 0.417583 9.21983e+09
2 -1 0 0.231959 0.125855 0.457927 1.36516e+10
2.5 -0.5 0 0.216998 0.208802 0.434402 1.59303e+10
2 0 0 0.25872 0.2715 0.471832 2.39899e+10
2.5 0.5 0 0.23906 0.351561 0.443556 2.82885e+10
2 1 0 0.269845 0.43361 0.476371 4.38792e+10
2.5 1.5 0 0.250263 0.498846 0.443426 5.1467e+10
-2.25 -1.25 0.25 -0.172287 0.20726 0.737714 1.1325e+10
-2.25 -0.25 0.25 -0.075886 0.203093 0.709084 1.00033e+10
-2.25 0.75 0.25 -0.0479617 0.255144 0.680312 9.53466e+09
-1.25 -1.25 0.25 -0.220973 0.283878 0.707261 1.20296e+10
-1.75 -0.75 0.25 -0.167747 0.255933 0.733565 1.27318e+10
-1.25 -0.25 0.25 -0.177892 0.310919 0.72327 1.54854e+10
-1.75 0.25 0.25 -0.0817004 0.280001 0.707406 1.24236e+10
-1.25 0.75 0.25 -0.09947 0.36201 0.702101 1.674e+10
-1.75 1.25 0.25 -0.0529347 0.329804 0.679318 1.25387e+10
-0.25 -1.25 0.25 -0.281466 0.346988 0.641925 1.13827e+10
-0.75 -0.75 0.25 -0.234227 0.330001 0.693035 1.43049e+10
-0.25 -0.25 0.25 -0.254259 0.388832 0.672148 1.80961e+10
-0.75 0.25 0.25 -0.188298 0.385049 0.707414 2.02583e+10
-0.25 0.75 0.25 -0.208363 0.449302 0.683996 2.6865e+10
-0.75 1.25 0.25 -0.145068 0.431114 0.69311 2.45713e+10
0.75 -1.25 0.25 -0.339393 0.413086 0.558515 1.00816e+10
0.25 -0.75 0.25 -0.300157 0.4001 0.618205 1.38831e+10
0.75 -0.25 0.25 -0.319396 0.456521 0.586993 1.73277e+10
0.25 0.25 0.25 -0.271902 0.45236 0.643445 2.33327e+10
0.75 0.75 0.25 -0.290631 0.507129 0.607237 2.97226e+10
0.25 1.25 0.25 -0.236233 0.503074 0.652704 3.63291e+10
1.75 -1.25 0.25 -0.386946 0.476604 0.462818 8.50842e+09
1.25 -0.75 0.25 -0.357486 0.466008 0.525657 1.23076e+10
1.75 -0.25 0.25 -0.373123 0.517408 0.48666 1.50266e+10
1.25 0.25 0.25 -0.337338 0.510201 0.54917 2.15752e+10
1.75 0.75 0.25 -0.349939 0.562264 0.504946 2.64378e+10
1.25 1.25 0.25 -0.305863 0.559692 0.563543 3.71576e+10
2.25 -0.75 0.25 -0.40063 0.5252 0.423019 1.02196e+10
2.25 0.25 0.25 -0.383122 0.567328 0.44233 1.80979e+10
2.25 1.25 0.25 -0.352495 0.615212 0.457435 3.15996e+10
-2.5 -1 0.5 0.155003 -0.0415834 0.593572 3.85058e+10
-2.5 0 0.5 0.315894 -0.0392938 0.530994 3.95875e+10
-2.5 1 0.5 0.393476 0.0118614 0.493273 4.08081e+10
-2 -1.5 0.5 0.0016744 0.0845429 0.65556 3.57002e+10
-1.5 -1 0.5 0.0456939 0.197015 0.656294 4.01621e+10
-2 -0.5 0.5 0.208431 0.112165 0.60213 4.36953e+10
-1.5 0 0.5 0.205037 0.265429 0.612232 5.45662e+10
-2 0.5 0.5 0.326397 0.115346 0.542364 4.78183e+10
-1.5 1 0.5 0.293972 0.263756 0.554887 6.20187e+10
-2 1.5 0.5 0.379897 0.151466 0.503544 5.13095e+10
-1 -1.5 0.5 -0.0599128 0.191337 0.652696 3.39316e+10
-0.5 -1 0.5 -0.0606979 0.26301 0.643933 3.96086e+10
-1 -0.5 0.5 0.0478725 0.300008 0.653476 4.92783e+10
-0.5 0 0.5 0.0272503 0.390648 0.644778 6.40062e+10
-1 0.5 0.5 0.164104 0.405999 0.619641 7.36566e+10
-0.5 1 0.5 0.10362 0.522613 0.621694 1.0693e+11
-1 1.5 0.5 0.229056 0.397392 0.567496 8.78168e+10
0 -1.5 0.5 -0.130808 0.25811 0.613129 3.01063e+10
0.5 -1 0.5 -0.143994 0.321794 0.594768 3.60158e+10
0 -0.5 0.5 -0.0742284 0.339587 0.629075 4.88521e+10
0.5 0 0.5 -0.0940233 0.411108 0.607368 6.1768e+10
0 0.5 0.5 -0.00532106 0.461853 0.628762 8.42837e+10
0.5 1 0.5 -0.0353157 0.51959 0.605071 1.09879e+11
0 1.5 0.5 0.0558545 0.588485 0.608324 1.50906e+11
1 -1.5 0.5 -0.193576 0.318129 0.551261 2.57396e+10
1.5 -1 0.5 -0.208514 0.376814 0.524492 3.08848e+10
1 -0.5 0.5 -0.159939 0.386785 0.56995 4.4183e+10
1.5 0 0.5 -0.175407 0.446979 0.539255 5.43585e+10
1 0.5 0.5 -0.114072 0.472982 0.579017 7.80384e+10
1.5 1 0.5 -0.132292 0.528126 0.544092 9.67367e+10
1 1.5 0.5 -0.0627974 0.568493 0.573597 1.39404e+11
2 -1.5 0.5 -0.244878 0.374216 0.475076 2.11942e+10
2.5 -1 0.5 -0.256653 0.427438 0.442072 2.51107e+10
2 -0.5 0.5 -0.221712 0.433672 0.492423 3.72124e+10
2.5 0 0.5 -0.231342 0.487959 0.455676 4.43378e+10
2 0.5 0.5 -0.188349 0.502887 0.502989 6.59549e+10
2.5 1 0.5 -0.193227 0.556768 0.463252 7.80763e+10
2 1.5 0.5 -0.142176 0.58177 0.504725 1.16911e+11
-2.25 -0.75 0.75 0.0327777 0.131659 0.664023 1.33196e+10
-2.25 0.25 0.75 0.0899386 0.193074 0.63635 1.35893e+10
-2.25 1.25 0.75 0.112794 0.246491 0.617845 1.41686e+10
-1.75 -1.25 0.75 -0.0510024 0.194679 0.678544 1.31727e+10
-1.25 -0.75 0.75 -0.0259138 0.284116 0.67144 1.51745e+10
-1.75 -0.25 0.75 0.0312775 0.24214 0.670553 1.62705e+10
-1.25 0.25 0.75 0.033141 0.355253 0.666949 2.08645e+10
-1.75 0.75 0.75 0.0843392 0.302749 0.640285 1.77056e+10
-1.25 1.25 0.75 0.0891905 0.391511 0.632823 2.38018e+10
-0.75 -1.25 0.75 -0.084055 0.255494 0.634516 1.18262e+10
-0.25 -0.75 0.75 -0.0834289 0.330545 0.617918 1.40593e+10
-0.75 -0.25 0.75 -0.0265933 0.370073 0.658357 1.89054e+10
-0.25 0.25 0.75 -0.0434393 0.445573 0.637302 2.41753e+10
-0.75 0.75 0.75 0.0109933 0.475778 0.660068 3.03355e+10
-0.25 1.25 0.75 0.00808488 0.553843 0.638466 4.0909e+10
0.25 -1.25 0.75 -0.129205 0.309086 0.568186 1.01329e+10
0.75 -0.75 0.75 -0.139881 0.378876 0.5409 1.22741e+10
0.25 -0.25 0.75 -0.0926338 0.403907 0.592919 1.74114e+10
0.75 0.25 0.75 -0.102314 0.474959 0.562336 2.18993e+10
0.25 0.75 0.75 -0.0509138 0.516856 0.609975 3.15273e+10
0.75 1.25 0.75 -0.0614193 0.568938 0.571725 3.92212e+10
1.25 -1.25 0.75 -0.176593 0.364233 0.484978 8.49747e+09
1.75 -0.75 0.75 -0.186636 0.428245 0.449668 1.02231e+10
1.25 -0.25 0.75 -0.14905 0.446848 0.507552 1.505e+10
1.75 0.25 0.75 -0.157295 0.50634 0.467541 1.82259e+10
1.25 0.75 0.75 -0.112647 0.533364 0.523394 2.69731e+10
1.75 1.25 0.75 -0.118848 0.589647 0.479548 3.27724e+10
2.25 -1.25 0.75 -0.216956 0.415779 0.390629 6.87908e+09
2.25 -0.25 0.75 -0.194177 0.486672 0.408843 1.22034e+10
2.25 0.75 0.75 -0.161546 0.563825 0.423313 2.17965e+10
-2.5 -1.5 1 -0.22883 0.22883 0.703085 4.11148e+10
-2.5 -0.5 1 0.116703 0.0466803 0.602249 5.06182e+10
-2.5 0.5 1 0.240679 0.0592681 0.550219 5.58955e+10
-2.5 1.5 1 0.29484 0.0882778 0.521001 5.95014e+10
-1.5 -1.5 1 -0.312273 0.351546 0.706004 3.90672e+10
-2 -1 1 -0.194308 0.293026 0.702642 4.328e+10
-1.5 -0.5 1 -0.185031 0.378695 0.699891 5.1292e+10
-2 0 1 0.117689 0.17137 0.610292 5.89241e+10
-1.5 0.5 1 0.101935 0.311472 0.614174 7.4395e+10
-2 1 1 0.228004 0.187764 0.557115 6.88769e+10
-1.5 1.5 1 0.198806 0.324169 0.561799 9.1297e+10
-0.5 -1.5 1 -0.372856 0.414206 0.66372 3.52822e+10
-1 -1 1 -0.311016 0.391582 0.696436 4.46002e+10
-0.5 -0.5 1 -0.316229 0.439647 0.679387 5.42011e+10
-1 0 1 -0.195673 0.448286 0.688967 6.46722e+10
-0.5 0.5 1 -0.223636 0.499863 0.671715 8.4457e+10
-1 1 1 0.0415744 0.449461 0.619479 1.00961e+11
-0.5 1.5 1 -0.048151 0.566836 0.627432 1.38691e+11
0.5 -1.5 1 -0.42504 0.471505 0.597412 3.09179e+10
0 -1 1 -0.38018 0.452946 0.643951 4.20991e+10
0.5 -0.5 1 -0.387696 0.498867 0.6168 5.22689e+10
0 0 1 -0.325867 0.490986 0.655457 6.89412e+10
0.5 0.5 1 -0.330951 0.54425 0.626172 8.91015e+10
0 1 1 -0.243816 0.553022 0.649485 1.12455e+11
0.5 1.5 1 -0.26434 0.598502 0.618343 1.47265e+11
1.5 -1.5 1 -0.466452 0.52831 0.514871 2.63134e+10
1 -1 1 -0.432327 0.512602 0.568196 3.76498e+10
1.5 -0.5 1 -0.435839 0.556612 0.533692 4.63818e+10
1 0 1 -0.391201 0.547368 0.584323 6.5717e+10
1.5 0.5 1 -0.395975 0.591714 0.545562 8.13743e+10
1 1 1 -0.340078 0.590092 0.589473 1.12718e+11
1.5 1.5 1 -0.342121 0.637969 0.548107 1.40504e+11
2.5 -1.5 1 -0.495872 0.58032 0.422415 2.15563e+10
2 -1 1 -0.469778 0.568279 0.478953 3.18875e+10
2.5 -0.5 1 -0.47048 0.607499 0.438622 3.83313e+10
2 0 1 -0.438234 0.598593 0.493926 5.65239e+10
2.5 0.5 1 -0.434562 0.641919 0.450802 6.77368e+10
2 1 1 -0.394464 0.638012 0.502702 9.92384e+10
2.5 1.5 1 -0.384413 0.682861 0.457125 1.15464e+11
-2.25 -1.25 1.25 -0.0156988 0.109088 0.635833 7.48945e+09
-2.25 -0.25 1.25 0.158101 0.114052 0.591789 1.47613e+10
-2.25 0.75 1.25 0.226066 0.170244 0.566851 1.63652e+10
-1.25 -1.25 1.25 0.0627478 0.130125 0.617702 5.41641e+09
-1.75 -0.75 1.25 0.04715 0.236276 0.633576 8.46948e+09
-1.25 -0.25 1.25 0.0945191 0.342863 0.622465 9.86554e+09
-1.75 0.25 1.25 0.172805 0.26439 0.596477 1.77965e+10
-1.25 0.75 1.25 0.133125 0.398607 0.596017 2.33083e+10
-1.75 1.25 1.25 0.236213 0.319822 0.565778 2.1242e+10
-0.25 -1.25 1.25 0.0534244 0.163187 0.590546 4.43026e+09
-0.75 -0.75 1.25 0.0885465 0.231775 0.60978 6.33402e+09
-0.25 -0.25 1.25 0.0912188 0.314781 0.592724 7.66553e+09
-0.75 0.25 1.25 0.123062 0.432139 0.601593 1.1832e+10
-0.25 0.75 1.25 0.104288 0.476747 0.581927 1.44154e+10
-0.75 1.25 1.25 0.123627 0.512152 0.576604 3.11262e+10
0.75 -1.25 1.25 0.00636971 0.202789 0.539311 3.71311e+09
0.25 -0.75 1.25 0.0525754 0.239945 0.572107 5.26878e+09
0.75 -0.25 1.25 0.0452041 0.317669 0.547861 6.45816e+09
0.25 0.25 1.25 0.0848954 0.387795 0.572006 9.48865e+09
0.75 0.75 1.25 0.0997816 0.443299 0.547406 1.15034e+10
0.25 1.25 1.25 0.122235 0.523452 0.559861 1.74288e+10
1.75 -1.25 1.25 -0.0455876 0.250503 0.468137 3.0719e+09
1.25 -0.75 1.25 -0.00238523 0.275154 0.511927 4.46204e+09
1.75 -0.25 1.25 -0.00520201 0.34122 0.480236 5.35454e+09
1.25 0.25 1.25 0.047856 0.382467 0.51951 7.83762e+09
1.75 0.75 1.25 0.0387146 0.446841 0.485315 9.51781e+09
1.25 1.25 1.25 0.0897375 0.505044 0.516892 1.42581e+10
2.25 -0.75 1.25 -0.0509411 0.314723 0.433924 3.63841e+09
2.25 0.25 1.25 -0.0117057 0.406373 0.443604 6.39163e+09
2.25 1.25 1.25 0.0398658 0.507644 0.447376 1.12574e+10
-2.5 -1 1.5 0.0306321 0.0669171 0.611697 3.56017e+10
-2.5 0 1.5 0.155312 0.097068 0.573273 5.40495e+10
-2.5 1 1.5 0.22585 0.115206 0.539796 6.46693e+10
-2 -1.5 1.5 -0.232171 0.273966 0.681246 2.23992e+10
-1.5 -1 1.5 -0.208829 0.330079 0.675821 2.44738e+10
-2 -0.5 1.5 0.0612811 0.208424 0.615944 3.81065e+10
-1.5 0 1.5 0.00589763 0.380536 0.63145 4.40411e+10
-2 0.5 1.5 0.145365 0.222016 0.576266 6.27171e+10
-1.5 1 1.5 0.104564 0.350083 0.580064 7.92946e+10
-2 1.5 1.5 0.204958 0.24276 0.542992 8.00756e+10
-1 -1.5 1.5 -0.295553 0.356554 0.674517 1.91166e+10
-0.5 -1 1.5 -0.295959 0.402579 0.662004 2.23172e+10
-1 -0.5 1.5 -0.209875 0.394078 0.666872 2.91709e+10
-0.5 0 1.5 -0.219583 0.465607 0.651285 3.70231e+10
-1 0.5 1.5 -0.0940031 0.484315 0.636988 5.29029e+10
-0.5 1 1.5 -0.127718 0.550499 0.624204 6.75408e+10
-1 1.5 1.5 0.0710856 0.474346 0.573399 1.0572e+11
0 -1.5 1.5 -0.354044 0.416613 0.636686 1.69336e+10
0.5 -1 1.5 -0.360286 0.461158 0.614472 2.04774e+10
0 -0.5 1.5 -0.301575 0.456413 0.642275 2.75181e+10
0.5 0 1.5 -0.307016 0.510963 0.617167 3.49323e+10
0 0.5 1.5 -0.230452 0.523644 0.630501 4.76043e+10
0.5 1 1.5 -0.229542 0.573281 0.601957 5.78888e+10
0 1.5 1.5 -0.122863 0.599187 0.592268 7.84487e+10
1 -1.5 1.5 -0.404486 0.472625 0.574851 1.47856e+10
1.5 -1 1.5 -0.408206 0.517447 0.544818 1.80723e+10
1 -0.5 1.5 -0.363871 0.510966 0.586463 2.54816e+10
1.5 0 1.5 -0.363863 0.558275 0.553606 3.14702e+10
1 0.5 1.5 -0.306551 0.560376 0.586713 4.3475e+10
1.5 1 1.5 -0.307577 0.610081 0.551534 5.46044e+10
1 1.5 1.5 -0.238041 0.623401 0.571668 7.45341e+10
2 -1.5 1.5 -0.443068 0.527145 0.496987 1.2537e+10
2.5 -1 1.5 -0.442899 0.568586 0.461135 1.51028e+10
2 -0.5 1.5 -0.408282 0.561963 0.510213 2.20501e+10
2.5 0 1.5 -0.404877 0.606736 0.471653 2.66559e+10
2 0.5 1.5 -0.362157 0.60568 0.51615 3.86855e+10
2.5 1 1.5 -0.352503 0.652995 0.47546 4.61202e+10
2 1.5 1.5 -0.300734 0.658721 0.512057 6.62959e+10
