449
-2.5 -1 -1.5 -0.173599 0.0945021 0.540277 5.17516e+10
-2.5 0 -1.5 -0.0193107 0.10882 0.573111 4.98252e+10
-2.5 1 -1.5 0.208424 0.0612811 0.615944 3.81065e+10
-2 -1.5 -1.5 -0.206914 0.143304 0.525496 4.89254e+10
-1.5 -1 -1.5 -0.143304 0.206914 0.525496 4.89254e+10
-2 -0.5 -1.5 -0.0945021 0.173599 0.540277 5.17516e+10
-1.5 0 -1.5 0.00500442 0.217775 0.53984 5.59371e+10
-2 0.5 -1.5 0.097068 0.155312 0.573273 5.40495e+10
-1.5 1 -1.5 0.222016 0.145365 0.576266 6.27171e+10
-2 1.5 -1.5 0.380536 0.00589763 0.63145 4.40411e+10
-1 -1.5 -1.5 -0.168721 0.220455 0.528937 4.4727e+10
-0.5 -1 -1.5 -0.102503 0.255872 0.526885 4.75227e+10
-1 -0.5 -1.5 -0.0607553 0.247134 0.524399 5.25231e+10
-0.5 0 -1.5 0.034502 0.263091 0.522646 5.98549e+10
-1 0.5 -1.5 0.115206 0.22585 0.539796 6.46693e+10
-0.5 1 -1.5 0.24276 0.204958 0.542992 8.00756e+10
-1 1.5 -1.5 0.350083 0.104564 0.580064 7.92946e+10
0 -1.5 -1.5 -0.126878 0.251408 0.544189 4.20401e+10
0.5 -1 -1.5 -0.0647059 0.272163 0.537799 4.64244e+10
0 -0.5 -1.5 -0.0244584 0.275967 0.522885 5.32775e+10
0.5 0 -1.5 0.0638841 0.280905 0.518287 6.27666e+10
0 0.5 -1.5 0.142148 0.257695 0.521988 7.22019e+10
0.5 1 -1.5 0.249062 0.231908 0.520084 9.18722e+10
0 1.5 -1.5 0.362063 0.163941 0.543343 1.0542e+11
1 -1.5 -1.5 -0.0894556 0.258924 0.564327 3.98164e+10
1.5 -1 -1.5 -0.0321713 0.272012 0.552323 4.51125e+10
1 -0.5 -1.5 0.00646911 0.282669 0.529416 5.35651e+10
1.5 0 -1.5 0.082638 0.281658 0.519162 6.4278e+10
1 0.5 -1.5 0.155327 0.269812 0.512392 7.7364e+10
1.5 1 -1.5 0.250355 0.251674 0.502375 9.8525e+10
1 1.5 -1.5 0.355244 0.203782 0.511359 1.19372e+11
2 -1.5 -1.5 -0.0553964 0.254212 0.584521 3.76769e+10
2.5 -1 -1.5 -0.00271952 0.262965 0.565735 4.33286e+10
2 -0.5 -1.5 0.031057 0.277512 0.537672 5.29189e+10
2.5 0 -1.5 0.100445 0.27673 0.520257 6.40201e+10
2 0.5 -1.5 0.164125 0.272817 0.50596 7.97466e+10
2.5 1 -1.5 0.251978 0.255385 0.490824 1.02233e+11
2 1.5 -1.5 0.348635 0.22236 0.490741 1.30405e+11
-2.25 -0.75 -1.25 -0.17742 0.17742 0.527117 1.27382e+10
-2.25 0.25 -1.25 -0.0121228 0.230686 0.543973 1.31916e+10
-2.25 1.25 -1.25 0.2634 0.133011 0.587344 1.26507e+10
-1.75 -1.25 -1.25 -0.177493 0.177493 0.529382 1.21756e+10
-1.25 -0.75 -1.25 -0.0882647 0.244666 0.528772 1.26364e+10
-1.75 -0.25 -1.25 -0.0579465 0.257712 0.527102 1.34053e+10
-1.25 0.25 -1.25 0.0734413 0.301136 0.524347 1.52493e+10
-1.75 0.75 -1.25 0.135484 0.277885 0.537555 1.49064e+10
-1.25 1.25 -1.25 0.275238 0.305118 0.521807 1.81248e+10
-0.75 -1.25 -1.25 -0.0985411 0.220566 0.543592 1.15987e+10
-0.25 -0.75 -1.25 -0.020484 0.265005 0.538697 1.27029e+10
-0.75 -0.25 -1.25 0.0144128 0.290396 0.525301 1.40907e+10
-0.25 0.25 -1.25 0.12162 0.325594 0.515393 1.66688e+10
-0.75 0.75 -1.25 0.199877 0.326943 0.513968 1.82576e+10
-0.25 1.25 -1.25 0.311933 0.341354 0.49724 2.31219e+10
0.25 -1.25 -1.25 -0.0379267 0.237334 0.561151 1.1215e+10
0.75 -0.75 -1.25 0.0291572 0.272256 0.549609 1.27493e+10
0.25 -0.25 -1.25 0.0646246 0.301243 0.528606 1.47136e+10
0.75 0.25 -1.25 0.150395 0.327375 0.514027 1.78586e+10
0.25 0.75 -1.25 0.225944 0.344935 0.501112 2.07293e+10
0.75 1.25 -1.25 0.325076 0.352483 0.4805 2.6425e+10
1.25 -1.25 -1.25 0.0103173 0.242691 0.577676 1.08961e+10
1.75 -0.75 -1.25 0.0667736 0.271098 0.55932 1.26669e+10
1.25 -0.25 -1.25 0.0983191 0.30047 0.533613 1.51229e+10
1.75 0.25 -1.25 0.165341 0.324033 0.512322 1.84996e+10
1.25 0.75 -1.25 0.233346 0.347002 0.493218 2.23622e+10
1.75 1.25 -1.25 0.316498 0.361872 0.466036 2.90885e+10
2.25 -1.25 -1.25 0.0522748 0.239915 0.590883 1.05672e+10
2.25 -0.25 -1.25 0.122743 0.295104 0.536594 1.51796e+10
2.25 0.75 -1.25 0.233395 0.344347 0.48558 2.33525e+10
-2.5 -1.5 -1 -0.186747 0.0542244 0.532363 5.09772e+10
-2.5 -0.5 -1 -0.0733308 0.0733308 0.555129 4.52804e+10
-2.5 0.5 -1 0.129138 0.0558424 0.588829 3.60263e+10
-2.5 1.5 -1 0.371805 -0.183829 0.647252 2.08867e+10
-1.5 -1.5 -1 -0.163944 0.163944 0.529917 4.82665e+10
-2 -1 -1 -0.132318 0.132318 0.533744 4.89101e+10
-1.5 -0.5 -1 -0.0542244 0.186747 0.532363 5.09772e+10
-2 0 -1 0.0176284 0.141177 0.552314 4.7262e+10
-1.5 0.5 -1 0.131934 0.173324 0.547883 5.3315e+10
-2 1 -1 0.25639 0.083608 0.583452 4.08178e+10
-1.5 1.5 -1 0.354765 0.157293 0.559722 4.04379e+10
-0.5 -1.5 -1 -0.123297 0.217068 0.540252 4.65209e+10
-1 -1 -1 -0.0979804 0.210991 0.528659 4.99022e+10
-0.5 -0.5 -1 -0.0150076 0.239553 0.524867 5.48383e+10
-1 0 -1 0.0465452 0.216651 0.528991 5.68931e+10
-0.5 0.5 -1 0.161249 0.228079 0.521962 6.64104e+10
-1 1 -1 0.257353 0.19315 0.535896 6.09731e+10
-0.5 1.5 -1 0.386093 0.148134 0.534483 7.43586e+10
0.5 -1.5 -1 -0.0823702 0.23825 0.557481 4.49749e+10
0 -1 -1 -0.0567456 0.244633 0.535104 5.04202e+10
0.5 -0.5 -1 0.022309 0.261438 0.526607 5.73175e+10
0 0 -1 0.0826609 0.253758 0.517974 6.336e+10
0.5 0.5 -1 0.184861 0.24529 0.511137 7.66691e+10
0 1 -1 0.276756 0.205444 0.517738 8.14672e+10
0.5 1.5 -1 0.377286 0.176842 0.507137 1.01921e+11
1.5 -1.5 -1 -0.0434331 0.243728 0.576352 4.33782e+10
1 -1 -1 -0.0189433 0.256232 0.546703 5.03331e+10
1.5 -0.5 -1 0.051513 0.264171 0.533178 5.85542e+10
1 0 -1 0.107822 0.263049 0.516536 6.80075e+10
1.5 0.5 -1 0.193777 0.253442 0.503274 8.32824e+10
1 1 -1 0.28158 0.225307 0.500123 9.55166e+10
1.5 1.5 -1 0.385911 0.198772 0.486368 1.2263e+11
2.5 -1.5 -1 -0.00750478 0.239209 0.59303 4.15876e+10
2 -1 -1 0.0149924 0.255204 0.559349 4.95454e+10
2.5 -0.5 -1 0.0784807 0.260261 0.539052 5.82783e+10
2 0 -1 0.125824 0.263519 0.516536 7.02776e+10
2.5 0.5 -1 0.206713 0.255731 0.49722 8.68738e+10
2 1 -1 0.286205 0.235701 0.487452 1.05249e+11
2.5 1.5 -1 0.380113 0.212329 0.467899 1.35251e+11
-2.25 -1.25 -0.75 -0.274342 0.183183 0.495037 1.23563e+10
-2.25 -0.25 -0.75 -0.149409 0.279101 0.499942 1.1607e+10
-2.25 0.75 -0.75 0.0807821 0.272673 0.533579 1.01158e+10
-1.25 -1.25 -0.75 -0.188654 0.262308 0.50706 1.21096e+10
-1.75 -0.75 -0.75 -0.183183 0.274342 0.495037 1.23563e+10
-1.25 -0.25 -0.75 -0.0620976 0.348446 0.490776 1.32587e+10
-1.75 0.25 -0.75 0.00748646 0.340075 0.499534 1.27498e+10
-1.25 0.75 -0.75 0.148682 0.367045 0.490709 1.4532e+10
-1.75 1.25 -0.75 0.258155 0.277101 0.528792 1.16175e+10
-0.25 -1.25 -0.75 -0.119437 0.29738 0.523745 1.19157e+10
-0.75 -0.75 -0.75 -0.0998988 0.324299 0.502104 1.28665e+10
-0.25 -0.25 -0.75 0.000665771 0.374371 0.49058 1.44978e+10
-0.75 0.25 -0.75 0.068884 0.39278 0.48054 1.52453e+10
-0.25 0.75 -0.75 0.198558 0.419924 0.461225 1.84937e+10
-0.75 1.25 -0.75 0.298885 0.378834 0.471303 1.74487e+10
0.75 -1.25 -0.75 -0.0700958 0.308705 0.541012 1.17256e+10
0.25 -0.75 -0.75 -0.0439892 0.342841 0.511786 1.32311e+10
0.75 -0.25 -0.75 0.0384384 0.379599 0.493394 1.54276e+10
0.25 0.25 -0.75 0.10736 0.409693 0.471932 1.7257e+10
0.75 0.75 -0.75 0.204567 0.431034 0.446705 2.11586e+10
0.25 1.25 -0.75 0.302149 0.428186 0.436002 2.25975e+10
1.75 -1.25 -0.75 -0.0298931 0.304348 0.5572 1.15054e+10
1.25 -0.75 -0.75 -0.00698902 0.343825 0.52194 1.34167e+10
1.75 -0.25 -0.75 0.0561793 0.37348 0.497004 1.58608e+10
1.25 0.25 -0.75 0.11743 0.407074 0.468636 1.8599e+10
1.75 0.75 -0.75 0.193234 0.429622 0.437389 2.29944e+10
1.25 1.25 -0.75 0.297673 0.441393 0.416207 2.65803e+10
2.25 -0.75 -0.75 0.0205816 0.33215 0.531395 1.33545e+10
2.25 0.25 -0.75 0.118468 0.398381 0.466527 1.92508e+10
2.25 1.25 -0.75 0.266988 0.447585 0.399691 2.88255e+10
-2.5 -1 -0.5 -0.122506 0.0583262 0.533403 3.9387e+10
-2.5 0 -0.5 0.0201711 0.0438175 0.56066 2.87698e+10
-2.5 1 -0.5 0.352651 -0.122053 0.622294 1.58364e+10
-2 -1.5 -0.5 -0.163118 0.102588 0.524994 4.43252e+10
-1.5 -1 -0.5 -0.102588 0.163118 0.524994 4.43252e+10
-2 -0.5 -0.5 -0.0583262 0.122506 0.533403 3.9387e+10
-1.5 0 -0.5 0.0387196 0.164799 0.530538 4.24668e+10
-2 0.5 -0.5 0.126191 0.106353 0.554169 3.15497e+10
-1.5 1 -0.5 0.236863 0.135342 0.541339 3.52975e+10
-2 1.5 -0.5 0.412025 -0.119678 0.60987 1.77612e+10
-1 -1.5 -0.5 -0.12838 0.180642 0.532014 4.47065e+10
-0.5 -1 -0.5 -0.059256 0.218066 0.528177 4.72315e+10
-1 -0.5 -0.5 -0.0181646 0.203348 0.521996 4.71803e+10
-0.5 0 -0.5 0.081149 0.226292 0.513971 5.29485e+10
-1 0.5 -0.5 0.148253 0.193423 0.519925 4.76409e+10
-0.5 1 -0.5 0.283513 0.200392 0.507984 5.58789e+10
-1 1.5 -0.5 0.396903 0.151011 0.527422 4.15767e+10
0 -1.5 -0.5 -0.0859997 0.218634 0.546737 4.45109e+10
0.5 -1 -0.5 -0.0180393 0.242471 0.537203 4.88586e+10
0 -0.5 -0.5 0.0242913 0.241689 0.519906 5.24383e+10
0.5 0 -0.5 0.121828 0.251578 0.508307 6.10079e+10
0 0.5 -0.5 0.198178 0.232789 0.503076 6.22612e+10
0.5 1 -0.5 0.301762 0.222351 0.487972 7.4265e+10
0 1.5 -0.5 0.392659 0.193411 0.490042 6.40799e+10
1 -1.5 -0.5 -0.0437847 0.235083 0.564416 4.38989e+10
1.5 -1 -0.5 0.0212432 0.250899 0.54865 4.95459e+10
1 -0.5 -0.5 0.0611937 0.255767 0.523814 5.5996e+10
1.5 0 -0.5 0.142819 0.257048 0.507013 6.62856e+10
1 0.5 -0.5 0.216409 0.245902 0.493309 7.30473e+10
1.5 1 -0.5 0.309406 0.225099 0.477168 8.95113e+10
1 1.5 -0.5 0.398975 0.191161 0.47396 9.08876e+10
2 -1.5 -0.5 -0.00381134 0.238506 0.581315 4.29785e+10
2.5 -1 -0.5 0.0555249 0.249063 0.558748 4.9214e+10
2 -0.5 -0.5 0.0911357 0.257782 0.529212 5.7683e+10
2.5 0 -0.5 0.165457 0.256918 0.506717 6.89299e+10
2 0.5 -0.5 0.227295 0.248242 0.487649 8.04832e+10
2.5 1 -0.5 0.313838 0.234561 0.464325 9.92963e+10
2 1.5 -0.5 0.401351 0.202247 0.456389 1.10242e+11
-2.25 -0.75 -0.25 -0.260136 0.260136 0.472385 1.01419e+10
-2.25 0.25 -0.25 -0.0703152 0.32392 0.496024 8.20261e+09
-2.25 1.25 -0.25 0.235274 0.320696 0.529057 3.6293e+09
-1.75 -1.25 -0.25 -0.273099 0.273099 0.475271 1.10892e+10
-1.25 -0.75 -0.25 -0.174394 0.354706 0.471681 1.14077e+10
-1.75 -0.25 -0.25 -0.151642 0.357605 0.467444 1.04895e+10
-1.25 0.25 -0.25 0.00294334 0.427603 0.458883 1.13811e+10
-1.75 0.75 -0.25 0.101103 0.353337 0.494385 8.92982e+09
-1.25 1.25 -0.25 0.252115 0.3963 0.473344 1.04821e+10
-0.75 -1.25 -0.25 -0.193837 0.338678 0.489312 1.13047e+10
-0.25 -0.75 -0.25 -0.106426 0.396236 0.477847 1.22171e+10
-0.75 -0.25 -0.25 -0.0626582 0.419411 0.460245 1.24144e+10
-0.25 0.25 -0.25 0.0603472 0.467778 0.439667 1.4293e+10
-0.75 0.75 -0.25 0.149809 0.453415 0.442093 1.33079e+10
-0.25 1.25 -0.25 0.271615 0.459285 0.418974 1.53116e+10
0.25 -1.25 -0.25 -0.137713 0.364798 0.505458 1.13655e+10
0.75 -0.75 -0.25 -0.0673974 0.408535 0.485589 1.27395e+10
0.25 -0.25 -0.25 -0.0123287 0.444323 0.457529 1.38823e+10
0.75 0.25 -0.25 0.0822464 0.476219 0.430109 1.63313e+10
0.25 0.75 -0.25 0.175847 0.490467 0.412978 1.6915e+10
0.75 1.25 -0.25 0.27884 0.498769 0.380252 2.05339e+10
1.25 -1.25 -0.25 -0.097323 0.365561 0.522304 1.13428e+10
1.75 -0.75 -0.25 -0.0406458 0.39876 0.495491 1.29653e+10
1.25 -0.25 -0.25 0.00525448 0.444217 0.458326 1.4781e+10
1.75 0.25 -0.25 0.0775093 0.473741 0.42402 1.76272e+10
1.25 0.75 -0.25 0.170979 0.496389 0.39587 1.97448e+10
1.75 1.25 -0.25 0.24635 0.506948 0.357945 2.35952e+10
2.25 -1.25 -0.25 -0.0673938 0.352397 0.537395 1.11555e+10
2.25 -0.25 -0.25 0.0156928 0.42813 0.462211 1.52053e+10
2.25 0.75 -0.25 0.143095 0.494247 0.384672 2.11965e+10
-2.5 -1.5 0 -0.167879 0.0362522 0.514494 3.35482e+10
-2.5 -0.5 0 -0.0761345 0.0761345 0.527069 2.37596e+10
-2.5 0.5 0 0.173534 0.0203422 0.576494 1.25334e+10
-2.5 1.5 0 0.363046 -0.155147 0.620375 7.36117e+09
-1.5 -1.5 0 -0.138448 0.138448 0.520504 3.72802e+10
-2 -1 0 -0.11436 0.11436 0.516521 3.28006e+10
-1.5 -0.5 0 -0.0362522 0.167879 0.514494 3.35482e+10
-2 0 0 0.0148729 0.125145 0.527044 2.4106e+10
-1.5 0.5 0 0.126822 0.148552 0.523471 2.59959e+10
-2 1 0 0.339431 -0.0407984 0.582404 1.3147e+10
-1.5 1.5 0 0.453796 -0.0431702 0.570982 1.50242e+10
-0.5 -1.5 0 -0.0959001 0.195517 0.533384 3.89503e+10
-1 -1 0 -0.0704953 0.188373 0.518058 3.82007e+10
-0.5 -0.5 0 0.0154736 0.221823 0.51086 4.10693e+10
-1 0 0 0.0651861 0.199598 0.508478 3.59502e+10
-0.5 0.5 0 0.179257 0.21362 0.496636 4.06297e+10
-1 1 0 0.257509 0.176523 0.508749 2.97841e+10
-0.5 1.5 0 0.384307 0.174659 0.491368 3.38314e+10
0.5 -1.5 0 -0.0514192 0.224716 0.550065 3.96533e+10
0 -1 0 -0.0253948 0.226949 0.525428 4.17127e+10
0.5 -0.5 0 0.0589073 0.246246 0.512433 4.66085e+10
0 0 0 0.115676 0.238302 0.498849 4.62098e+10
0.5 0.5 0 0.220319 0.243559 0.481133 5.34703e+10
0 1 0 0.29194 0.219782 0.477763 4.62692e+10
0.5 1.5 0 0.410935 0.208258 0.45953 5.40669e+10
1.5 -1.5 0 -0.00808423 0.236738 0.567095 3.97955e+10
1 -1 0 0.0185334 0.245636 0.53563 4.38963e+10
1.5 -0.5 0 0.0958294 0.256944 0.516303 5.0277e+10
1 0 0 0.149309 0.253386 0.494594 5.38854e+10
1.5 0.5 0 0.239931 0.245998 0.474541 6.38596e+10
1 1 0 0.324187 0.231603 0.462401 6.32776e+10
1.5 1.5 0 0.40652 0.204219 0.442603 7.30789e+10
2.5 -1.5 0 0.03298 0.239206 0.581178 3.93592e+10
2 -1 0 0.0571252 0.25069 0.545679 4.50124e+10
2.5 -0.5 0 0.126973 0.256254 0.520682 5.21563e+10
2 0 0 0.176427 0.256846 0.494019 5.90224e+10
2.5 0.5 0 0.256055 0.249229 0.468276 7.01258e+10
2 1 0 0.322935 0.229356 0.451525 7.55402e+10
2.5 1.5 0 0.401629 0.215151 0.424228 8.80763e+10
-2.25 -1.25 0.25 -0.351105 0.245257 0.453228 8.66929e+09
-2.25 -0.25 0.25 -0.199363 0.317171 0.471672 6.76549e+09
-2.25 0.75 0.25 0.136576 0.324714 0.514982 2.92132e+09
-1.25 -1.25 0.25 -0.26629 0.353926 0.460776 9.50511e+09
-1.75 -0.75 0.25 -0.245257 0.351105 0.453228 8.66929e+09
-1.25 -0.25 0.25 -0.123699 0.433171 0.443104 9.04512e+09
-1.75 0.25 0.25 -0.0719286 0.418333 0.457433 7.00385e+09
-1.25 0.75 0.25 0.0932055 0.459785 0.447522 7.67989e+09
-1.75 1.25 0.25 0.276652 0.383147 0.494885 3.17273e+09
-0.25 -1.25 0.25 -0.199847 0.405488 0.473132 9.94951e+09
-0.75 -0.75 0.25 -0.166926 0.428927 0.450583 9.9866e+09
-0.25 -0.25 0.25 -0.062615 0.483637 0.431241 1.09923e+10
-0.75 0.25 0.25 -0.0080871 0.489419 0.423673 9.96922e+09
-0.25 0.75 0.25 0.13136 0.518325 0.400063 1.11647e+10
-0.75 1.25 0.25 0.254164 0.444206 0.433154 8.66782e+09
0.75 -1.25 0.25 -0.153942 0.418379 0.488583 1.01841e+10
0.25 -0.75 0.25 -0.119087 0.458907 0.453659 1.08659e+10
0.75 -0.25 0.25 -0.0381612 0.500157 0.425435 1.22747e+10
0.25 0.25 0.25 0.0430633 0.522772 0.403634 1.24286e+10
0.75 0.75 0.25 0.144404 0.545492 0.368419 1.45048e+10
0.25 1.25 0.25 0.249452 0.532416 0.367848 1.30028e+10
1.75 -1.25 0.25 -0.124675 0.409737 0.504237 1.02107e+10
1.25 -0.75 0.25 -0.090904 0.457695 0.461205 1.14073e+10
1.75 -0.25 0.25 -0.0257351 0.490431 0.425931 1.31226e+10
1.25 0.25 0.25 0.0418145 0.531938 0.388937 1.42517e+10
1.75 0.75 0.25 0.116211 0.550574 0.349226 1.65303e+10
1.25 1.25 0.25 0.233034 0.542983 0.334698 1.66577e+10
2.25 -0.75 0.25 -0.0753181 0.441464 0.469773 1.15867e+10
2.25 0.25 0.25 0.0341373 0.515875 0.385199 1.52343e+10
2.25 1.25 0.25 0.169147 0.5569 0.308289 1.87308e+10
-2.5 -1 0.5 -0.126857 0.0509422 0.512402 1.99022e+10
-2.5 0 0.5 0.0419651 0.0416732 0.544692 1.24582e+10
-2.5 1 0.5 0.260103 -0.136227 0.602696 5.09695e+09
-2 -1.5 0.5 -0.153556 0.0872067 0.508154 2.64153e+10
-1.5 -1 0.5 -0.0872067 0.153556 0.508154 2.64153e+10
-2 -0.5 0.5 -0.0509422 0.126857 0.512402 1.99022e+10
-1.5 0 0.5 0.0388249 0.199691 0.500991 1.9816e+10
-2 0.5 0.5 0.106912 0.174117 0.528923 1.11079e+10
-1.5 1 0.5 0.291919 0.130975 0.533208 1.14999e+10
-2 1.5 0.5 0.371522 -0.105093 0.59289 5.66465e+09
-1 -1.5 0.5 -0.110592 0.166405 0.518949 3.00145e+10
-0.5 -1 0.5 -0.0394644 0.210098 0.512201 3.11714e+10
-1 -0.5 0.5 -0.0032738 0.206522 0.500329 2.72149e+10
-0.5 0 0.5 0.0954939 0.228965 0.48976 2.93547e+10
-1 0.5 0.5 0.159533 0.210125 0.493296 2.10641e+10
-0.5 1 0.5 0.276704 0.199374 0.482373 2.36188e+10
-1 1.5 0.5 0.459497 0.0214459 0.534433 1.239e+10
0 -1.5 0.5 -0.064146 0.211241 0.534089 3.20672e+10
0.5 -1 0.5 0.00783237 0.237532 0.521542 3.4611e+10
0 -0.5 0.5 0.0445765 0.235219 0.500647 3.37683e+10
0.5 0 0.5 0.138254 0.247634 0.483254 3.76422e+10
0 0.5 0.5 0.200155 0.233698 0.474428 3.25575e+10
0.5 1 0.5 0.317174 0.237856 0.452378 3.70329e+10
0 1.5 0.5 0.406794 0.200933 0.461148 2.7045e+10
1 -1.5 0.5 -0.0183791 0.23233 0.551227 3.32796e+10
1.5 -1 0.5 0.0510566 0.250167 0.531276 3.69027e+10
1 -0.5 0.5 0.089251 0.253701 0.50293 3.85965e+10
1.5 0 0.5 0.177068 0.25905 0.479791 4.42123e+10
1 0.5 0.5 0.238605 0.248961 0.461443 4.30623e+10
1.5 1 0.5 0.322407 0.230176 0.440025 4.90257e+10
1 1.5 0.5 0.411249 0.21979 0.432598 4.13029e+10
2 -1.5 0.5 0.0260669 0.241392 0.56639 3.38096e+10
2.5 -1 0.5 0.0919595 0.253933 0.539369 3.8095e+10
2 -0.5 0.5 0.127021 0.258937 0.506551 4.20219e+10
2.5 0 0.5 0.202327 0.256591 0.47923 4.83253e+10
2 0.5 0.5 0.258102 0.248723 0.455394 5.07885e+10
2.5 1 0.5 0.33346 0.239317 0.426605 5.75383e+10
2 1.5 0.5 0.397667 0.216339 0.414629 5.35852e+10
-2.25 -0.75 0.75 -0.312513 0.312513 0.454456 5.51323e+09
-2.25 0.25 0.75 -0.0739703 0.337687 0.496925 3.71094e+09
-2.25 1.25 0.75 0.108777 0.352997 0.541225 1.22314e+09
-1.75 -1.25 0.75 -0.338199 0.338199 0.4424 6.95509e+09
-1.25 -0.75 0.75 -0.23152 0.429518 0.436965 7.08809e+09
-1.75 -0.25 0.75 -0.188139 0.409031 0.450457 5.59156e+09
-1.25 0.25 0.75 -0.0365511 0.480615 0.434291 5.85675e+09
-1.75 0.75 0.75 0.123267 0.407065 0.480113 3.82623e+09
-1.25 1.25 0.75 0.307654 0.460143 0.452305 2.72033e+09
-0.75 -1.25 0.75 -0.262384 0.423474 0.447643 7.79186e+09
-0.25 -0.75 0.75 -0.171943 0.489556 0.430097 8.28445e+09
-0.75 -0.25 0.75 -0.113788 0.501203 0.419673 7.54071e+09
-0.25 0.25 0.75 -5.18237e-05 0.539658 0.395033 8.18112e+09
-0.75 0.75 0.75 0.0910843 0.524429 0.408171 6.3073e+09
-0.25 1.25 0.75 0.234919 0.514854 0.38931 7.01464e+09
0.25 -1.25 0.75 -0.204952 0.456783 0.459031 8.31841e+09
0.75 -0.75 0.75 -0.134897 0.50337 0.43236 9.07915e+09
0.25 -0.25 0.75 -0.0782658 0.537288 0.403457 9.03295e+09
0.75 0.25 0.75 0.00354035 0.569437 0.368426 1.01025e+10
0.25 0.75 0.75 0.103732 0.571153 0.362931 9.03485e+09
0.75 1.25 0.75 0.216141 0.57584 0.330695 9.97227e+09
1.25 -1.25 0.75 -0.172487 0.459046 0.472778 8.57687e+09
1.75 -0.75 0.75 -0.11937 0.494374 0.438144 9.53183e+09
1.25 -0.25 0.75 -0.064983 0.538871 0.39703 1.01614e+10
1.75 0.25 0.75 0.00481734 0.561143 0.356877 1.14247e+10
1.25 0.75 0.75 0.083635 0.587043 0.330113 1.12411e+10
1.75 1.25 0.75 0.154233 0.588712 0.295326 1.20669e+10
2.25 -1.25 0.75 -0.149927 0.440958 0.487726 8.61254e+09
2.25 -0.25 0.75 -0.0653063 0.522797 0.396976 1.0699e+10
2.25 0.75 0.75 0.0593937 0.575367 0.31494 1.26578e+10
-2.5 -1.5 1 -0.165329 0.0292149 0.500361 1.5449e+10
-2.5 -0.5 1 -0.0195763 0.0195763 0.530161 1.00467e+10
-2.5 0.5 1 0.248111 -0.186341 0.59765 4.4234e+09
-2.5 1.5 1 0.329007 -0.19761 0.626125 2.43579e+09
-1.5 -1.5 1 -0.128075 0.128075 0.506273 2.00529e+10
-2 -1 1 -0.100043 0.100043 0.50562 1.54523e+10
-1.5 -0.5 1 -0.0292149 0.165329 0.500361 1.5449e+10
-2 0 1 0.0344776 0.0849307 0.525496 9.98253e+09
-1.5 0.5 1 0.184145 0.166303 0.512762 1.02535e+10
-2 1 1 0.308061 -0.140486 0.588682 4.45091e+09
-1.5 1.5 1 0.37938 -0.0619666 0.564207 4.36158e+09
-0.5 -1.5 1 -0.0826031 0.191241 0.518421 2.3086e+10
-1 -1 1 -0.0616936 0.183831 0.501811 2.02662e+10
-0.5 -0.5 1 0.0286764 0.22577 0.491499 2.11413e+10
-1 0 1 0.0891388 0.220797 0.489574 1.59276e+10
-0.5 0.5 1 0.192838 0.250283 0.471123 1.66188e+10
-1 1 1 0.289699 0.246072 0.49151 9.80802e+09
-0.5 1.5 1 0.442967 0.163396 0.492525 1.07644e+10
0.5 -1.5 1 -0.0333717 0.224606 0.534672 2.51526e+10
0 -1 1 -0.00772301 0.228474 0.507724 2.42119e+10
0.5 -0.5 1 0.0720466 0.248241 0.491015 2.61186e+10
0 0 1 0.116987 0.244357 0.475182 2.26958e+10
0.5 0.5 1 0.216378 0.244572 0.455617 2.47726e+10
0 1 1 0.299673 0.22177 0.458408 1.81132e+10
0.5 1.5 1 0.425969 0.21746 0.437198 2.00509e+10
1.5 -1.5 1 0.0135311 0.240419 0.550637 2.64422e+10
1 -1 1 0.0370468 0.246654 0.516817 2.7173e+10
1.5 -0.5 1 0.115619 0.2587 0.493243 3.00806e+10
1 0 1 0.161282 0.257344 0.468844 2.88114e+10
1.5 0.5 1 0.251118 0.255555 0.443372 3.20764e+10
1 1 1 0.320943 0.23965 0.432772 2.72073e+10
1.5 1.5 1 0.403214 0.21232 0.416278 2.9058e+10
2.5 -1.5 1 0.0588983 0.246269 0.563382 2.70837e+10
2 -1 1 0.0827863 0.255969 0.525177 2.91963e+10
2.5 -0.5 1 0.155595 0.262252 0.495561 3.26884e+10
2 0 1 0.195692 0.259365 0.466124 3.37355e+10
2.5 0.5 1 0.268154 0.248763 0.438538 3.72034e+10
2 1 1 0.324595 0.23593 0.420691 3.46753e+10
2.5 1.5 1 0.394212 0.23618 0.390785 3.62919e+10
-2.25 -1.25 1.25 -0.399019 0.294935 0.441622 4.28797e+09
-2.25 -0.25 1.25 -0.212398 0.342138 0.479765 2.9338e+09
-2.25 0.75 1.25 0.0314667 0.390316 0.511293 1.02514e+09
-1.25 -1.25 1.25 -0.325651 0.415097 0.433181 5.36478e+09
-1.75 -0.75 1.25 -0.294935 0.399019 0.441622 4.28797e+09
-1.25 -0.25 1.25 -0.169851 0.492358 0.429843 4.46144e+09
-1.75 0.25 1.25 -0.0649126 0.446449 0.468304 3.09868e+09
-1.25 0.75 1.25 0.123015 0.505401 0.446651 3.20751e+09
-1.75 1.25 1.25 0.148026 0.44638 0.505123 1.05613e+09
-0.25 -1.25 1.25 -0.256848 0.476455 0.436909 6.13458e+09
-0.75 -0.75 1.25 -0.226846 0.495985 0.420089 5.57426e+09
-0.25 -0.25 1.25 -0.127066 0.554081 0.397256 5.89496e+09
-0.75 0.25 1.25 -0.0344318 0.543706 0.410724 4.68628e+09
-0.25 0.75 1.25 0.097407 0.551377 0.385479 5.01776e+09
-0.75 1.25 1.25 0.301558 0.515697 0.416459 3.36579e+09
0.75 -1.25 1.25 -0.215154 0.496294 0.446181 6.5848e+09
0.25 -0.75 1.25 -0.177408 0.529543 0.413621 6.50782e+09
0.75 -0.25 1.25 -0.10207 0.570535 0.380804 7.02701e+09
0.25 0.25 1.25 -0.0197584 0.587177 0.367472 6.26927e+09
0.75 0.75 1.25 0.0574584 0.607539 0.332575 6.67743e+09
0.25 1.25 1.25 0.218736 0.57282 0.355266 5.17245e+09
1.75 -1.25 1.25 -0.190962 0.486114 0.459412 6.81706e+09
1.25 -0.75 1.25 -0.158203 0.534142 0.413476 7.13636e+09
1.75 -0.25 1.25 -0.103038 0.56278 0.373722 7.76918e+09
1.25 0.25 1.25 -0.0305751 0.594146 0.342991 7.60084e+09
1.75 0.75 1.25 0.0429364 0.598767 0.306189 8.09281e+09
1.25 1.25 1.25 0.139431 0.616107 0.299009 6.92469e+09
2.25 -0.75 1.25 -0.145958 0.514595 0.420022 7.43161e+09
2.25 0.25 1.25 -0.0479315 0.580621 0.331223 8.36775e+09
2.25 1.25 1.25 0.0879473 0.60013 0.273632 8.25038e+09
-2.5 -1 1.5 -0.0663216 0.00109259 0.519655 7.41719e+09
-2.5 0 1.5 0.225958 -0.186163 0.586672 3.38272e+09
-2.5 1 1.5 0.297564 -0.18488 0.624748 1.7728e+09
-2 -1.5 1.5 -0.138007 0.0744034 0.500634 1.13443e+10
-1.5 -1 1.5 -0.0744034 0.138007 0.500634 1.13443e+10
-2 -0.5 1.5 -0.00109259 0.0663216 0.519655 7.41719e+09
-1.5 0 1.5 0.105243 0.134161 0.511633 7.56411e+09
-2 0.5 1.5 0.292001 -0.137536 0.580258 3.43381e+09
-1.5 1 1.5 0.357902 -0.102019 0.567887 3.52483e+09
-2 1.5 1.5 0.384715 -0.149369 0.60743 1.8721e+09
-1 -1.5 1.5 -0.102414 0.161309 0.50628 1.46031e+10
-0.5 -1 1.5 -0.0264174 0.21209 0.497908 1.49419e+10
-1 -0.5 1.5 0.0157351 0.196056 0.492459 1.15213e+10
-0.5 0 1.5 0.108636 0.226188 0.47901 1.1803e+10
-1 0.5 1.5 0.216685 0.172464 0.49852 7.76028e+09
-0.5 1 1.5 0.39171 0.185631 0.481354 8.4873e+09
-1 1.5 1.5 0.437034 -0.0856025 0.555501 3.75055e+09
0 -1.5 1.5 -0.0522304 0.211131 0.519428 1.70664e+10
0.5 -1 1.5 0.0177948 0.239721 0.504176 1.79573e+10
0 -0.5 1.5 0.0545677 0.241879 0.483401 1.55861e+10
0.5 0 1.5 0.142885 0.248327 0.465786 1.65805e+10
0 0.5 1.5 0.217877 0.227936 0.464489 1.26567e+10
0.5 1 1.5 0.312885 0.234874 0.440047 1.29464e+10
0 1.5 1.5 0.457071 0.181962 0.474098 7.96247e+09
1 -1.5 1.5 -0.00381953 0.235754 0.534995 1.88181e+10
1.5 -1 1.5 0.0657618 0.25391 0.512313 2.02429e+10
1 -0.5 1.5 0.0951592 0.254102 0.483508 1.92231e+10
1.5 0 1.5 0.175678 0.259977 0.457065 2.07316e+10
1 0.5 1.5 0.231262 0.255763 0.439804 1.75826e+10
1.5 1 1.5 0.333809 0.252065 0.415936 1.87554e+10
1 1.5 1.5 0.465095 0.213854 0.421722 1.37717e+10
2 -1.5 1.5 0.0439978 0.245834 0.549353 1.99584e+10
2.5 -1 1.5 0.111225 0.258867 0.518806 2.17639e+10
2 -0.5 1.5 0.140004 0.263816 0.483822 2.20343e+10
2.5 0 1.5 0.215107 0.262404 0.454004 2.38986e+10
2 0.5 1.5 0.257636 0.252649 0.431217 2.23299e+10
2.5 1 1.5 0.324126 0.234327 0.40808 2.28969e+10
2 1.5 1.5 0.405838 0.216801 0.402478 1.88093e+10
