449
-2.5 -1 -1.5 0.226958 -0.538425 0.215494 7.7307e+08
-2.5 0 -1.5 0.271654 -0.480635 0.195185 4.96393e+08
-2.5 1 -1.5 0.306334 -0.426243 0.17389 3.12517e+08
-2 -1.5 -1.5 0.217834 -0.536297 0.254935 1.17363e+09
-1.5 -1 -1.5 0.250962 -0.46499 0.276529 1.12803e+09
-2 -0.5 -1.5 0.262232 -0.472591 0.236052 7.51557e+08
-1.5 0 -1.5 0.285328 -0.399322 0.256828 7.07209e+08
-2 0.5 -1.5 0.296845 -0.413 0.215468 4.72193e+08
-1.5 1 -1.5 0.309133 -0.34144 0.236072 4.37893e+08
-2 1.5 -1.5 0.320709 -0.360056 0.194416 2.92731e+08
-1 -1.5 -1.5 0.236966 -0.458424 0.316131 1.6755e+09
-0.5 -1 -1.5 0.251741 -0.371954 0.336912 1.53277e+09
-1 -0.5 -1.5 0.270749 -0.385424 0.297548 1.04798e+09
-0.5 0 -1.5 0.275545 -0.300961 0.317439 9.4792e+08
-1 0.5 -1.5 0.29455 -0.321689 0.277272 6.48362e+08
-0.5 1 -1.5 0.289083 -0.243784 0.296893 5.83931e+08
-1 1.5 -1.5 0.307598 -0.269693 0.256454 3.98924e+08
0 -1.5 -1.5 0.226465 -0.360338 0.373659 2.20583e+09
0.5 -1 -1.5 0.215605 -0.260333 0.389907 1.92474e+09
0 -0.5 -1.5 0.250154 -0.279928 0.355574 1.36414e+09
0.5 0 -1.5 0.231998 -0.187251 0.371845 1.19298e+09
0 0.5 -1.5 0.26475 -0.216088 0.335792 8.42368e+08
0.5 1 -1.5 0.239136 -0.136399 0.352323 7.42845e+08
0 1.5 -1.5 0.269311 -0.170696 0.315223 5.21445e+08
1 -1.5 -1.5 0.168095 -0.246145 0.417322 2.65032e+09
1.5 -1 -1.5 0.124283 -0.13738 0.424457 2.21962e+09
1 -0.5 -1.5 0.187003 -0.159279 0.402744 1.6507e+09
1.5 0 -1.5 0.143131 -0.0638325 0.412638 1.40832e+09
1 0.5 -1.5 0.198683 -0.100062 0.385727 1.03645e+09
1.5 1 -1.5 0.153528 -0.0249894 0.397432 9.04101e+08
1 1.5 -1.5 0.201138 -0.0679342 0.366849 6.56558e+08
2 -1.5 -1.5 0.037002 -0.133497 0.4304 2.88634e+09
2.5 -1 -1.5 -0.0436717 -0.0267493 0.425033 2.34772e+09
2 -0.5 -1.5 0.0653418 -0.0340164 0.428234 1.85224e+09
2.5 0 -1.5 -0.0017277 0.0565733 0.430421 1.55941e+09
2 0.5 -1.5 0.0887122 0.0188154 0.420406 1.20907e+09
2.5 1 -1.5 0.0299649 0.08261 0.427008 1.05542e+09
2 1.5 -1.5 0.101279 0.0322678 0.407301 7.99651e+08
-2.25 -0.75 -1.25 0.596009 -0.666566 0.212185 5.73902e+08
-2.25 0.25 -1.25 0.617672 -0.647815 0.190727 3.67369e+08
-2.25 1.25 -1.25 0.632926 -0.631137 0.170888 2.27177e+08
-1.75 -1.25 -1.25 0.60336 -0.643209 0.262182 8.68702e+08
-1.25 -0.75 -1.25 0.630844 -0.597132 0.292893 8.36347e+08
-1.75 -0.25 -1.25 0.624394 -0.624955 0.241478 5.57204e+08
-1.25 0.25 -1.25 0.643877 -0.582772 0.273421 5.17618e+08
-1.75 0.75 -1.25 0.638682 -0.609235 0.22175 3.44457e+08
-1.25 1.25 -1.25 0.650725 -0.571414 0.255204 3.11859e+08
-0.75 -1.25 -1.25 0.636988 -0.563326 0.344441 1.23723e+09
-0.25 -0.75 -1.25 0.652621 -0.511754 0.37731 1.12152e+09
-0.75 -0.25 -1.25 0.648544 -0.550688 0.325521 7.68424e+08
-0.25 0.25 -1.25 0.655804 -0.505524 0.359399 6.78898e+08
-0.75 0.75 -1.25 0.653686 -0.541545 0.307256 4.63373e+08
-0.25 1.25 -1.25 0.653321 -0.503365 0.341892 4.0404e+08
0.25 -1.25 -1.25 0.655872 -0.464689 0.427357 1.59709e+09
0.75 -0.75 -1.25 0.656951 -0.40927 0.45923 1.36195e+09
0.25 -0.25 -1.25 0.656981 -0.46195 0.410669 9.75314e+08
0.75 0.25 -1.25 0.649782 -0.416409 0.443846 8.23612e+08
0.25 0.75 -1.25 0.652219 -0.463928 0.393602 5.83363e+08
0.75 1.25 -1.25 0.63761 -0.429315 0.426731 4.94313e+08
1.25 -1.25 -1.25 0.655071 -0.346169 0.501607 1.82278e+09
1.75 -0.75 -1.25 0.639065 -0.290151 0.529119 1.46733e+09
1.25 -0.25 -1.25 0.645685 -0.359017 0.490413 1.12592e+09
1.75 0.25 -1.25 0.622063 -0.318422 0.520331 9.16635e+08
1.25 0.75 -1.25 0.630908 -0.379041 0.475756 6.85397e+08
1.75 1.25 -1.25 0.601028 -0.35395 0.50511 5.70864e+08
2.25 -1.25 -1.25 0.627472 -0.209767 0.551893 1.77616e+09
2.25 -0.25 -1.25 0.609983 -0.245551 0.555742 1.16266e+09
2.25 0.75 -1.25 0.586813 -0.292355 0.54821 7.47291e+08
-2.5 -1.5 -1 0.0770406 -0.525654 0.200743 1.64879e+09
-2.5 -0.5 -1 0.126527 -0.463281 0.183744 1.06718e+09
-2.5 0.5 -1 0.167179 -0.401845 0.164167 6.74114e+08
-2.5 1.5 -1 0.197881 -0.343951 0.14344 4.18011e+08
-1.5 -1.5 -1 0.0949697 -0.477768 0.264649 2.53422e+09
-2 -1 -1 0.111698 -0.469075 0.224652 1.64836e+09
-1.5 -0.5 -1 0.135829 -0.403425 0.249067 1.58771e+09
-2 0 -1 0.15262 -0.401666 0.20687 1.03744e+09
-1.5 0.5 -1 0.167496 -0.333719 0.230412 9.77725e+08
-2 1 -1 0.183779 -0.338292 0.187041 6.41226e+08
-1.5 1.5 -1 0.18895 -0.271721 0.210307 5.95822e+08
-0.5 -1.5 -1 0.0921079 -0.416882 0.330216 3.64909e+09
-1 -1 -1 0.115946 -0.408023 0.29037 2.41504e+09
-0.5 -0.5 -1 0.124092 -0.330573 0.315069 2.22465e+09
-1 0 -1 0.147998 -0.330799 0.27324 1.48065e+09
-0.5 0.5 -1 0.147521 -0.254259 0.296594 1.34701e+09
-1 1 -1 0.17033 -0.262344 0.253785 8.99549e+08
-0.5 1.5 -1 0.161343 -0.19155 0.276311 8.15124e+08
0.5 -1.5 -1 0.0577058 -0.346298 0.392504 4.88335e+09
0 -1 -1 0.0944357 -0.334799 0.355197 3.31247e+09
0.5 -0.5 -1 0.0828065 -0.247506 0.377747 2.92764e+09
0 0 -1 0.118976 -0.248621 0.338201 1.99738e+09
0.5 0.5 -1 0.101517 -0.166636 0.359211 1.76617e+09
0 1 -1 0.134895 -0.178075 0.318507 1.20689e+09
0.5 1.5 -1 0.112073 -0.107312 0.338293 1.0758e+09
1.5 -1.5 -1 -0.0201997 -0.275952 0.444139 6.04218e+09
1 -1 -1 0.0369208 -0.254558 0.413816 4.2349e+09
1.5 -0.5 -1 0.00373649 -0.161028 0.431355 3.61504e+09
1 0 -1 0.0587781 -0.159512 0.3974 2.54806e+09
1.5 0.5 -1 0.0257685 -0.0763958 0.413835 2.2095e+09
1 1 -1 0.0742746 -0.0899994 0.377566 1.5548e+09
1.5 1.5 -1 0.040867 -0.0238082 0.392983 1.37676e+09
2.5 -1.5 -1 -0.149967 -0.227709 0.474407 6.90337e+09
2 -1 -1 -0.0662227 -0.179302 0.458314 5.03724e+09
2.5 -0.5 -1 -0.118639 -0.0838775 0.46815 4.18562e+09
2 0 -1 -0.0372234 -0.0711557 0.445105 3.07624e+09
2.5 0.5 -1 -0.0799178 0.0097217 0.455532 2.64061e+09
2 1 -1 -0.011642 -0.00348709 0.42709 1.92997e+09
2.5 1.5 -1 -0.0491952 0.0548404 0.437521 1.71647e+09
-2.25 -1.25 -0.75 0.542304 -0.701532 0.15794 1.1325e+09
-2.25 -0.25 -0.75 0.568031 -0.680246 0.137255 7.39457e+08
-2.25 0.75 -0.75 0.58716 -0.659934 0.117147 4.62801e+08
-1.25 -1.25 -0.75 0.574114 -0.649981 0.240956 1.73838e+09
-1.75 -0.75 -0.75 0.571498 -0.666768 0.18867 1.1381e+09
-1.25 -0.25 -0.75 0.592933 -0.63012 0.222285 1.08935e+09
-1.75 0.25 -0.75 0.590552 -0.646614 0.16918 7.12298e+08
-1.25 0.75 -0.75 0.605194 -0.61193 0.203884 6.5796e+08
-1.75 1.25 -0.75 0.603354 -0.627917 0.150761 4.30919e+08
-0.25 -1.25 -0.75 0.594143 -0.584975 0.330912 2.4741e+09
-0.75 -0.75 -0.75 0.594204 -0.609806 0.276309 1.65169e+09
-0.25 -0.25 -0.75 0.604915 -0.568726 0.313018 1.49678e+09
-0.75 0.25 -0.75 0.605769 -0.592435 0.25804 9.97334e+08
-0.25 0.75 -0.75 0.609623 -0.554744 0.29526 8.81535e+08
-0.75 1.25 -0.75 0.611441 -0.57722 0.240576 5.87959e+08
0.75 -1.25 -0.75 0.59753 -0.505552 0.423151 3.21013e+09
0.25 -0.75 -0.75 0.602344 -0.540013 0.368368 2.21486e+09
0.75 -0.25 -0.75 0.60037 -0.495353 0.405975 1.90551e+09
0.25 0.25 -0.75 0.606049 -0.527742 0.350581 1.30662e+09
0.75 0.75 -0.75 0.597311 -0.489399 0.387652 1.11455e+09
0.25 1.25 -0.75 0.604159 -0.519285 0.332483 7.62336e+08
1.75 -1.25 -0.75 0.579847 -0.411565 0.511248 3.72754e+09
1.25 -0.75 -0.75 0.591999 -0.456734 0.460292 2.71371e+09
1.75 -0.25 -0.75 0.575537 -0.411794 0.495874 2.23469e+09
1.25 0.25 -0.75 0.587984 -0.453885 0.44256 1.59962e+09
1.75 0.75 -0.75 0.565784 -0.419023 0.476424 1.33146e+09
1.25 1.25 -0.75 0.579225 -0.456668 0.42234 9.4305e+08
2.25 -0.75 -0.75 0.558769 -0.362709 0.544956 2.99748e+09
2.25 0.25 -0.75 0.548808 -0.374763 0.528519 1.82372e+09
2.25 1.25 -0.75 0.535813 -0.393076 0.506121 1.11588e+09
-2.5 -1 -0.5 -0.0301045 -0.432875 0.17273 2.43427e+09
-2.5 0 -0.5 0.0144529 -0.366725 0.155765 1.55132e+09
-2.5 1 -0.5 0.0502221 -0.301868 0.13626 9.65764e+08
-2 -1.5 -0.5 -0.0475726 -0.452997 0.212591 3.82374e+09
-1.5 -1 -0.5 -0.0218272 -0.398487 0.240536 3.78324e+09
-2 -0.5 -0.5 -0.00271037 -0.380643 0.198687 2.42576e+09
-1.5 0 -0.5 0.0153095 -0.320575 0.225186 2.33254e+09
-2 0.5 -0.5 0.033791 -0.309719 0.181012 1.50362e+09
-1.5 1 -0.5 0.0434113 -0.247225 0.206732 1.41551e+09
-2 1.5 -0.5 0.0608904 -0.243 0.161361 9.16861e+08
-1 -1.5 -0.5 -0.043339 -0.421513 0.280851 5.88865e+09
-0.5 -1 -0.5 -0.0308702 -0.356001 0.310244 5.55533e+09
-1 -0.5 -0.5 -0.00602032 -0.335489 0.268419 3.60568e+09
-0.5 0 -0.5 -0.000808809 -0.265554 0.295529 3.32795e+09
-1 0.5 -0.5 0.0231717 -0.254344 0.251572 2.17562e+09
-0.5 1 -0.5 0.0209365 -0.184981 0.277263 1.98494e+09
-1 1.5 -0.5 0.0432264 -0.182158 0.232304 1.30437e+09
0 -1.5 -0.5 -0.0595637 -0.384213 0.350043 8.5368e+09
0.5 -1 -0.5 -0.0635931 -0.308348 0.378665 7.67088e+09
0 -0.5 -0.5 -0.02949 -0.28267 0.338121 5.06494e+09
0.5 0 -0.5 -0.0385794 -0.204591 0.36401 4.5084e+09
0 0.5 -0.5 -0.0059103 -0.191776 0.321331 3.00198e+09
0.5 1 -0.5 -0.0193273 -0.118569 0.344942 2.67518e+09
0 1.5 -0.5 0.0101358 -0.116707 0.30135 1.7892e+09
1 -1.5 -0.5 -0.102984 -0.346222 0.416187 1.15759e+10
1.5 -1 -0.5 -0.125376 -0.262599 0.441828 9.94899e+09
1 -0.5 -0.5 -0.0782547 -0.226602 0.404552 6.72014e+09
1.5 0 -0.5 -0.100153 -0.143113 0.426834 5.81153e+09
1 0.5 -0.5 -0.0555246 -0.126208 0.387044 3.96364e+09
1.5 1 -0.5 -0.0765928 -0.0519504 0.406502 3.48034e+09
1 1.5 -0.5 -0.0380435 -0.0503 0.365519 2.37988e+09
2 -1.5 -0.5 -0.177796 -0.319131 0.474241 1.46792e+10
2.5 -1 -0.5 -0.217272 -0.230751 0.493592 1.21238e+10
2 -0.5 -0.5 -0.154477 -0.17498 0.462995 8.42884e+09
2.5 0 -0.5 -0.184342 -0.0870038 0.479305 7.12881e+09
2 0.5 -0.5 -0.124592 -0.0621531 0.444937 5.02035e+09
2.5 1 -0.5 -0.14768 0.0124146 0.458969 4.3857e+09
2 1.5 -0.5 -0.0986192 0.0142503 0.422223 3.08615e+09
-2.25 -0.75 -0.25 0.505086 -0.704068 0.0926813 1.51663e+09
-2.25 0.25 -0.25 0.528875 -0.680968 0.0730119 9.67638e+08
-2.25 1.25 -0.25 0.546106 -0.658147 0.0540629 5.93299e+08
-1.75 -1.25 -0.25 0.503737 -0.699596 0.143945 2.35702e+09
-1.25 -0.75 -0.25 0.52686 -0.669031 0.179444 2.33196e+09
-1.75 -0.25 -0.25 0.528725 -0.675941 0.125702 1.50558e+09
-1.25 0.25 -0.25 0.545353 -0.645495 0.161498 1.42587e+09
-1.75 0.75 -0.25 0.54657 -0.652738 0.107174 9.21497e+08
-1.25 1.25 -0.25 0.557443 -0.622506 0.14418 8.44052e+08
-0.75 -1.25 -0.25 0.523006 -0.659964 0.234149 3.58992e+09
-0.25 -0.75 -0.25 0.536824 -0.624311 0.27363 3.35804e+09
-0.75 -0.25 -0.25 0.542216 -0.636121 0.217009 2.19555e+09
-0.25 0.25 -0.25 0.549699 -0.600656 0.256245 1.97722e+09
-0.75 0.75 -0.25 0.554633 -0.612759 0.199608 1.29549e+09
-0.25 1.25 -0.25 0.556175 -0.578994 0.239078 1.14286e+09
0.25 -1.25 -0.25 0.528688 -0.60978 0.331162 5.08665e+09
0.75 -0.75 -0.25 0.531745 -0.568087 0.372651 4.48421e+09
0.25 -0.25 -0.25 0.542256 -0.585872 0.314004 2.99432e+09
0.75 0.25 -0.25 0.539021 -0.546286 0.354669 2.58264e+09
0.25 0.75 -0.25 0.548966 -0.564075 0.296343 1.72575e+09
0.75 1.25 -0.25 0.540234 -0.528684 0.335235 1.4825e+09
1.25 -1.25 -0.25 0.517319 -0.547105 0.43163 6.60391e+09
1.75 -0.75 -0.25 0.508271 -0.500793 0.473085 5.53172e+09
1.25 -0.25 -0.25 0.525749 -0.525278 0.413794 3.81585e+09
1.75 0.25 -0.25 0.510905 -0.484615 0.452455 3.19005e+09
1.25 0.75 -0.25 0.527362 -0.508274 0.393529 2.19061e+09
1.75 1.25 -0.25 0.509269 -0.473181 0.428639 1.85312e+09
2.25 -1.25 -0.25 0.485207 -0.473128 0.531114 7.7848e+09
2.25 -0.25 -0.25 0.489962 -0.457437 0.511305 4.54608e+09
2.25 0.75 -0.25 0.489646 -0.447134 0.486886 2.65845e+09
-2.5 -1.5 0 -0.18836 -0.397365 0.162784 5.78101e+09
-2.5 -0.5 0 -0.140734 -0.326996 0.148699 3.73239e+09
-2.5 0.5 0 -0.10046 -0.25613 0.13091 2.34386e+09
-2.5 1.5 0 -0.0686522 -0.187201 0.111163 1.44069e+09
-1.5 -1.5 0 -0.177127 -0.387691 0.231596 9.34925e+09
-2 -1 0 -0.158286 -0.354639 0.19101 5.90752e+09
-1.5 -0.5 0 -0.135886 -0.303391 0.220092 5.80562e+09
-2 0 0 -0.117357 -0.27747 0.176015 3.69167e+09
-1.5 0.5 0 -0.102163 -0.220885 0.203982 3.52981e+09
-2 1 0 -0.0846297 -0.202207 0.157844 2.25799e+09
-1.5 1.5 0 -0.0771095 -0.143668 0.185394 2.11848e+09
-0.5 -1.5 0 -0.179149 -0.374509 0.303254 1.4348e+10
-1 -1 0 -0.156479 -0.335191 0.26269 9.12402e+09
-0.5 -0.5 0 -0.144666 -0.274045 0.293216 8.57428e+09
-1 0 0 -0.121985 -0.244323 0.249246 5.50601e+09
-0.5 0.5 0 -0.116942 -0.178879 0.277941 5.07168e+09
-1 1 0 -0.0955715 -0.158884 0.232058 3.283e+09
-0.5 1.5 0 -0.0967281 -0.0949302 0.259432 2.99807e+09
0.5 -1.5 0 -0.198635 -0.360865 0.374988 2.07851e+10
0 -1 0 -0.170415 -0.31207 0.335355 1.33423e+10
0.5 -0.5 0 -0.171122 -0.24075 0.365669 1.19967e+10
0 0 0 -0.141964 -0.205367 0.322653 7.81071e+09
0.5 0.5 0 -0.146825 -0.132971 0.350271 6.97576e+09
0 1 0 -0.119603 -0.110723 0.305404 4.58387e+09
0.5 1.5 0 -0.127352 -0.0439349 0.330395 4.10869e+09
1.5 -1.5 0 -0.23906 -0.351561 0.443556 2.82885e+10
1 -1 0 -0.204174 -0.288225 0.406281 1.8402e+10
1.5 -0.5 0 -0.216998 -0.208802 0.434402 1.59303e+10
1 0 0 -0.179204 -0.16437 0.39352 1.0564e+10
1.5 0.5 0 -0.190514 -0.0868656 0.417583 9.21983e+09
1 1 0 -0.155958 -0.0609831 0.374801 6.17767e+09
1.5 1.5 0 -0.1667 0.00727996 0.395534 5.48401e+09
2.5 -1.5 0 -0.298409 -0.358087 0.504387 3.63428e+10
2 -1 0 -0.25872 -0.2715 0.471832 2.39899e+10
2.5 -0.5 0 -0.279948 -0.184407 0.494544 2.00822e+10
2 0 0 -0.231959 -0.125855 0.457927 1.36516e+10
2.5 0.5 0 -0.245066 -0.0418804 0.476479 1.17322e+10
2 1 0 -0.201867 -0.011315 0.437307 8.06953e+09
2.5 1.5 0 -0.210847 0.058088 0.452596 7.16949e+09
-2.25 -1.25 0.25 0.380572 -0.70448 0.0400735 4.17034e+09
-2.25 -0.25 0.25 0.414774 -0.674745 0.0201682 2.71957e+09
-2.25 0.75 0.25 0.440085 -0.644107 0.000404124 1.69456e+09
-1.25 -1.25 0.25 0.402299 -0.684856 0.129165 6.66294e+09
-1.75 -0.75 0.25 0.409909 -0.680091 0.0741455 4.26354e+09
-1.25 -0.25 0.25 0.431977 -0.652013 0.111508 4.14759e+09
-1.75 0.25 0.25 0.437223 -0.648411 0.0552856 2.65433e+09
-1.25 0.75 0.25 0.452551 -0.618152 0.0937283 2.47773e+09
-1.75 1.25 0.25 0.456291 -0.615885 0.037339 1.5912e+09
-0.25 -1.25 0.25 0.412242 -0.656938 0.227807 1.00224e+10
-0.75 -0.75 0.25 0.423858 -0.654859 0.169047 6.46104e+09
-0.25 -0.25 0.25 0.437101 -0.620103 0.210834 5.95652e+09
-0.75 0.25 0.25 0.446321 -0.619574 0.151563 3.8482e+09
-0.25 0.75 0.25 0.452745 -0.582871 0.19386 3.43461e+09
-0.75 1.25 0.25 0.460443 -0.584198 0.134917 2.2309e+09
0.75 -1.25 0.25 0.406803 -0.61854 0.333246 1.40396e+10
0.25 -0.75 0.25 0.424232 -0.619734 0.271467 9.17652e+09
0.75 -0.25 0.25 0.427476 -0.577007 0.315998 8.02615e+09
0.25 0.25 0.25 0.441975 -0.580478 0.254245 5.26572e+09
0.75 0.75 0.25 0.438546 -0.538851 0.297601 4.54543e+09
0.25 1.25 0.25 0.451312 -0.544161 0.236688 2.99619e+09
1.75 -1.25 0.25 0.383122 -0.567328 0.44233 1.80979e+10
1.25 -0.75 0.25 0.408314 -0.572528 0.378886 1.21304e+10
1.75 -0.25 0.25 0.40063 -0.5252 0.423019 1.02196e+10
1.25 0.25 0.25 0.421967 -0.532481 0.359791 6.84896e+09
1.75 0.75 0.25 0.410229 -0.486882 0.400138 5.78268e+09
1.25 1.25 0.25 0.428791 -0.496342 0.338276 3.88556e+09
2.25 -0.75 0.25 0.373123 -0.517408 0.48666 1.50266e+10
2.25 0.25 0.25 0.386946 -0.476604 0.462818 8.50842e+09
2.25 1.25 0.25 0.394655 -0.441494 0.435412 4.89669e+09
-2.5 -1 0.5 0.259121 -0.6043 0.112239 9.89626e+09
-2.5 0 0.5 0.295558 -0.570378 0.0943078 6.41273e+09
-2.5 1 0.5 0.322619 -0.53517 0.0756613 3.99267e+09
-2 -1.5 0.5 0.246134 -0.614263 0.158386 1.5573e+10
-1.5 -1 0.5 0.273294 -0.586429 0.191834 1.5841e+10
-2 -0.5 0.5 0.28592 -0.578003 0.143103 1.00921e+10
-1.5 0 0.5 0.305772 -0.546704 0.176363 9.82585e+09
-2 0.5 0.5 0.315418 -0.540704 0.125833 6.27109e+09
-1.5 1 0.5 0.328181 -0.50627 0.159833 5.88914e+09
-2 1.5 0.5 0.335736 -0.502729 0.108585 3.77393e+09
-1 -1.5 0.5 0.256835 -0.596082 0.240144 2.47905e+10
-0.5 -1 0.5 0.276064 -0.561439 0.277503 2.39149e+10
-1 -0.5 0.5 0.292956 -0.553455 0.227029 1.53542e+10
-0.5 0 0.5 0.304596 -0.51481 0.263425 1.42195e+10
-1 0.5 0.5 0.31805 -0.510188 0.211514 9.16542e+09
-0.5 1 0.5 0.322466 -0.469131 0.248098 8.26146e+09
-1 1.5 0.5 0.333548 -0.467846 0.195743 5.35531e+09
0 -1.5 0.5 0.253941 -0.571393 0.327278 3.7095e+10
0.5 -1 0.5 0.263573 -0.528635 0.366502 3.37786e+10
0 -0.5 0.5 0.28686 -0.520676 0.315255 2.19728e+10
0.5 0 0.5 0.288898 -0.474046 0.353239 1.9405e+10
0 0.5 0.5 0.30792 -0.471005 0.300698 1.26941e+10
0.5 1 0.5 0.303823 -0.425067 0.337445 1.10914e+10
0 1.5 0.5 0.319725 -0.426113 0.284691 7.29484e+09
1 -1.5 0.5 0.233051 -0.539999 0.416323 5.15778e+10
1.5 -1 0.5 0.231342 -0.487959 0.455676 4.43378e+10
1 -0.5 0.5 0.264012 -0.479188 0.405202 2.94636e+10
1.5 0 0.5 0.256653 -0.427438 0.442072 2.51107e+10
1 0.5 0.5 0.2833 -0.42516 0.390083 1.67583e+10
1.5 1 0.5 0.272719 -0.375504 0.423784 1.43453e+10
1 1.5 0.5 0.29442 -0.378825 0.371674 9.61143e+09
2 -1.5 0.5 0.188349 -0.502887 0.502989 6.59549e+10
2.5 -1 0.5 0.175407 -0.446979 0.539255 5.43585e+10
2 -0.5 0.5 0.221712 -0.433672 0.492423 3.72124e+10
2.5 0 0.5 0.208514 -0.376814 0.524492 3.08848e+10
2 0.5 0.5 0.244878 -0.374216 0.475076 2.11942e+10
2.5 1 0.5 0.230453 -0.320973 0.503277 1.79716e+10
2 1.5 0.5 0.258893 -0.32697 0.453111 1.23388e+10
-2.25 -0.75 0.75 0.212648 -0.595387 0.0189325 2.97767e+09
-2.25 0.25 0.75 0.251913 -0.552639 -0.00168529 1.89365e+09
-2.25 1.25 0.75 0.280482 -0.508097 -0.0207065 1.15911e+09
-1.75 -1.25 0.75 0.200092 -0.610895 0.0714339 4.66848e+09
-1.25 -0.75 0.75 0.230655 -0.580513 0.107187 4.64166e+09
-1.75 -0.25 0.75 0.242898 -0.566098 0.0522734 2.96796e+09
-1.25 0.25 0.75 0.264664 -0.53114 0.0892493 2.82626e+09
-1.75 0.75 0.75 0.273896 -0.519227 0.0336936 1.81176e+09
-1.25 1.25 0.75 0.287397 -0.480431 0.0728282 1.66847e+09
-0.75 -1.25 0.75 0.214429 -0.596162 0.162879 7.2414e+09
-0.25 -0.75 0.75 0.23557 -0.558378 0.203402 6.83071e+09
-0.75 -0.25 0.75 0.252136 -0.544071 0.145873 4.3993e+09
-0.25 0.25 0.75 0.264078 -0.500401 0.187279 3.9905e+09
-0.75 0.75 0.75 0.277397 -0.489919 0.129523 2.58375e+09
-0.25 1.25 0.75 0.280973 -0.444471 0.17192 2.29588e+09
0.25 -1.25 0.75 0.214108 -0.574564 0.261552 1.05739e+10
0.75 -0.75 0.75 0.224543 -0.526262 0.305205 9.42009e+09
0.25 -0.25 0.75 0.246738 -0.512311 0.245932 6.14336e+09
0.75 0.25 0.75 0.247525 -0.460834 0.289503 5.34974e+09
0.25 0.75 0.75 0.266282 -0.4519 0.230318 3.51196e+09
0.75 1.25 0.75 0.261354 -0.401577 0.272346 3.04759e+09
1.25 -1.25 0.75 0.196503 -0.543083 0.364623 1.43733e+10
1.75 -0.75 0.75 0.194177 -0.486672 0.408843 1.22034e+10
1.25 -0.25 0.75 0.223847 -0.47205 0.349181 8.10645e+09
1.75 0.25 0.75 0.216956 -0.415779 0.390629 6.87908e+09
1.25 0.75 0.75 0.241503 -0.407359 0.331354 4.59304e+09
1.75 1.25 0.75 0.231112 -0.351904 0.369263 3.92961e+09
2.25 -1.25 0.75 0.157295 -0.50634 0.467541 1.82259e+10
2.25 -0.25 0.75 0.186636 -0.428245 0.449668 1.02231e+10
2.25 0.75 0.75 0.206478 -0.356012 0.427432 5.80784e+09
-2.5 -1.5 1 0.432668 -0.763101 0.0795944 1.40056e+10
-2.5 -0.5 1 0.468488 -0.739344 0.0625515 9.40711e+09
-2.5 0.5 1 0.497651 -0.71549 0.0441859 5.99615e+09
-2.5 1.5 1 0.520716 -0.691977 0.026281 3.66515e+09
-1.5 -1.5 1 0.449468 -0.744942 0.163019 2.3039e+10
-2 -1 1 0.460735 -0.742397 0.112642 1.47515e+10
-1.5 -0.5 1 0.484939 -0.71871 0.148562 1.47298e+10
-2 0 1 0.492826 -0.717512 0.0959855 9.41185e+09
-1.5 0.5 1 0.512838 -0.69331 0.13218 8.9702e+09
-2 1 1 0.518118 -0.693146 0.0787162 5.74053e+09
-1.5 1.5 1 0.534177 -0.668709 0.116272 5.27725e+09
-0.5 -1.5 1 0.457475 -0.719087 0.255033 3.56134e+10
-1 -1 1 0.473411 -0.719169 0.201694 2.29647e+10
-0.5 -0.5 1 0.492213 -0.690727 0.2416 2.16966e+10
-1 0 1 0.50441 -0.692472 0.186544 1.39772e+10
-0.5 0.5 1 0.519052 -0.663291 0.226445 1.26625e+10
-1 1 1 0.528198 -0.666614 0.170896 8.18753e+09
-0.5 1.5 1 0.538166 -0.638512 0.211409 7.24286e+09
0.5 -1.5 1 0.452915 -0.685627 0.352156 5.13152e+10
0 -1 1 0.475419 -0.688304 0.296999 3.34989e+10
0.5 -0.5 1 0.48855 -0.653418 0.339345 2.98439e+10
0 0 1 0.506116 -0.658821 0.282713 1.94991e+10
0.5 0.5 1 0.513891 -0.625164 0.324577 1.69113e+10
0 1 1 0.527946 -0.632519 0.267662 1.10953e+10
0.5 1.5 1 0.53134 -0.601761 0.308342 9.55577e+09
1.5 -1.5 1 0.434562 -0.641919 0.450802 6.77368e+10
1 -1 1 0.465219 -0.647517 0.395729 4.5268e+10
1.5 -0.5 1 0.47048 -0.607499 0.438622 3.83313e+10
1 0 1 0.495135 -0.616666 0.381782 2.55929e+10
1.5 0.5 1 0.495872 -0.58032 0.422415 2.15563e+10
1 1 1 0.515974 -0.591661 0.365316 1.44087e+10
1.5 1.5 1 0.514036 -0.558603 0.402939 1.22144e+10
2.5 -1.5 1 0.395975 -0.591714 0.545562 8.13743e+10
2 -1 1 0.438234 -0.598593 0.493926 5.65239e+10
2.5 -0.5 1 0.435839 -0.556612 0.533692 4.63818e+10
2 0 1 0.469778 -0.568279 0.478953 3.18875e+10
2.5 0.5 1 0.466452 -0.52831 0.514871 2.63134e+10
2 1 1 0.493091 -0.543977 0.459342 1.80426e+10
2.5 1.5 1 0.486566 -0.510832 0.491266 1.52751e+10
-2.25 -1.25 1.25 0.0438705 -0.517843 0.0919733 1.52437e+09
-2.25 -0.25 1.25 0.100486 -0.466698 0.0711566 9.9143e+08
-2.25 0.75 1.25 0.144671 -0.413292 0.0512877 6.19796e+08
-1.25 -1.25 1.25 0.0620753 -0.498096 0.175285 2.39426e+09
-1.75 -0.75 1.25 0.0834779 -0.481475 0.123146 1.54307e+09
-1.25 -0.25 1.25 0.114076 -0.438702 0.157719 1.49296e+09
-1.75 0.25 1.25 0.131224 -0.425197 0.104224 9.63326e+08
-1.25 0.75 1.25 0.152572 -0.377808 0.140898 8.99162e+08
-1.75 1.25 1.25 0.166373 -0.368123 0.0869684 5.8219e+08
-0.25 -1.25 1.25 0.0648794 -0.472692 0.264573 3.5506e+09
-0.75 -0.75 1.25 0.0922951 -0.454285 0.211374 2.30646e+09
-0.25 -0.25 1.25 0.112617 -0.402758 0.249718 2.12315e+09
-0.75 0.25 1.25 0.134953 -0.389146 0.195296 1.38425e+09
-0.25 0.75 1.25 0.144623 -0.334521 0.235399 1.24112e+09
-0.75 1.25 1.25 0.163322 -0.326294 0.18052 8.13189e+08
0.75 -1.25 1.25 0.0499456 -0.441174 0.355555 4.92918e+09
0.25 -0.75 1.25 0.084595 -0.419612 0.303484 3.24262e+09
0.75 -0.25 1.25 0.0917094 -0.359159 0.343864 2.84955e+09
0.25 0.25 1.25 0.121082 -0.345083 0.290093 1.88566e+09
0.75 0.75 1.25 0.119531 -0.286512 0.330227 1.64142e+09
0.25 1.25 1.25 0.14441 -0.279236 0.27586 1.0913e+09
1.75 -1.25 1.25 0.0117057 -0.406373 0.443604 6.39163e+09
1.25 -0.75 1.25 0.055485 -0.37861 0.395598 4.28014e+09
1.75 -0.25 1.25 0.0509411 -0.314723 0.433924 3.63841e+09
1.25 0.25 1.25 0.0887432 -0.297619 0.383315 2.45299e+09
1.75 0.75 1.25 0.0822079 -0.236542 0.419376 2.09666e+09
1.25 1.25 1.25 0.112661 -0.229115 0.367624 1.41877e+09
2.25 -0.75 1.25 0.00520201 -0.34122 0.480236 5.35454e+09
2.25 0.25 1.25 0.0455876 -0.250503 0.468137 3.0719e+09
2.25 1.25 1.25 0.0710732 -0.176487 0.45107 1.79983e+09
-2.5 -1 1.5 0.408176 -0.742292 0.117021 6.32538e+09
-2.5 0 1.5 0.44791 -0.714053 0.10091 4.13652e+09
-2.5 1 1.5 0.480029 -0.685888 0.0835524 2.57961e+09
-2 -1.5 1.5 0.394802 -0.746726 0.163937 9.85929e+09
-1.5 -1 1.5 0.42518 -0.719655 0.200297 1.00664e+10
-2 -0.5 1.5 0.438446 -0.717048 0.150538 6.46669e+09
-1.5 0 1.5 0.463957 -0.688882 0.186153 6.28098e+09
-2 0.5 1.5 0.473636 -0.687704 0.134558 4.03175e+09
-1.5 1 1.5 0.494378 -0.658856 0.170557 3.75565e+09
-2 1.5 1.5 0.501164 -0.659051 0.118267 2.4175e+09
-1 -1.5 1.5 0.407314 -0.722082 0.249694 1.55806e+10
-0.5 -1 1.5 0.431904 -0.68995 0.289622 1.50311e+10
-1 -0.5 1.5 0.450329 -0.689546 0.23801 9.74423e+09
-0.5 0 1.5 0.470115 -0.656207 0.276646 8.96341e+09
-1 0.5 1.5 0.484252 -0.657861 0.223463 5.81488e+09
-0.5 1 1.5 0.498598 -0.624686 0.262237 5.17582e+09
-1 1.5 1.5 0.509424 -0.628217 0.208546 3.37204e+09
0 -1.5 1.5 0.407603 -0.690537 0.340195 2.30005e+10
0.5 -1 1.5 0.426115 -0.652329 0.3814 2.0859e+10
0 -0.5 1.5 0.451102 -0.654189 0.329575 1.37328e+10
0.5 0 1.5 0.463976 -0.615399 0.369709 1.19873e+10
0 0.5 1.5 0.483738 -0.620309 0.316144 7.90431e+09
0.5 1 1.5 0.490651 -0.584086 0.355449 6.79184e+09
0 1.5 1.5 0.506525 -0.591209 0.301366 4.49455e+09
1 -1.5 1.5 0.393783 -0.651486 0.430757 3.12932e+10
1.5 -1 1.5 0.404877 -0.606736 0.471653 2.66559e+10
1 -0.5 1.5 0.438179 -0.610539 0.422035 1.80016e+10
1.5 0 1.5 0.442899 -0.568586 0.461135 1.51028e+10
1 0.5 1.5 0.469832 -0.576331 0.409022 1.01835e+10
1.5 1 1.5 0.470525 -0.537992 0.44575 8.55795e+09
1 1.5 1.5 0.49208 -0.548756 0.392758 5.77442e+09
2 -1.5 1.5 0.362157 -0.60568 0.51615 3.86855e+10
2.5 -1 1.5 0.363863 -0.558275 0.553606 3.14702e+10
2 -0.5 1.5 0.408282 -0.561963 0.510213 2.20501e+10
2.5 0 1.5 0.408206 -0.517447 0.544818 1.80723e+10
2 0.5 1.5 0.443068 -0.527145 0.496987 1.2537e+10
2.5 1 1.5 0.439148 -0.486785 0.528563 1.04172e+10
2 1.5 1.5 0.466729 -0.50156 0.478518 7.20912e+09
