449
-2.5 -1 -1.5 0.0810392 -0.818792 -0.328108 3.96454e+09
-2.5 0 -1.5 0.24827 -0.81595 -0.193824 4.78965e+09
-2.5 1 -1.5 0.410874 -0.74678 -0.0393724 5.43653e+09
-2 -1.5 -1.5 -0.111347 -0.785836 -0.392237 4.80224e+09
-1.5 -1 -1.5 -0.159497 -0.790984 -0.35028 7.47177e+09
-2 -0.5 -1.5 0.03706 -0.826556 -0.294525 6.09471e+09
-1.5 0 -1.5 -0.0135307 -0.831384 -0.256052 9.23295e+09
-2 0.5 -1.5 0.203821 -0.82253 -0.165617 7.13727e+09
-1.5 1 -1.5 0.150599 -0.826064 -0.132464 1.03486e+10
-2 1.5 -1.5 0.364794 -0.750749 -0.0180977 7.71436e+09
-1 -1.5 -1.5 -0.323417 -0.732266 -0.365111 8.61566e+09
-0.5 -1 -1.5 -0.37542 -0.728821 -0.312039 1.33763e+10
-1 -0.5 -1.5 -0.212601 -0.792042 -0.303418 1.1483e+10
-0.5 0 -1.5 -0.270721 -0.787552 -0.251608 1.73122e+10
-1 0.5 -1.5 -0.071095 -0.83175 -0.212431 1.36687e+10
-0.5 1 -1.5 -0.134566 -0.825516 -0.163766 1.95027e+10
-1 1.5 -1.5 0.0895844 -0.823566 -0.0942001 1.43539e+10
0 -1.5 -1.5 -0.496652 -0.662134 -0.293003 1.43176e+10
0.5 -1 -1.5 -0.546653 -0.648057 -0.232344 2.20169e+10
0 -0.5 -1.5 -0.430624 -0.719156 -0.25458 2.0435e+10
0.5 0 -1.5 -0.488059 -0.701867 -0.19313 3.04455e+10
0 0.5 -1.5 -0.33282 -0.775831 -0.195143 2.53195e+10
0.5 1 -1.5 -0.395686 -0.755381 -0.134632 3.52703e+10
0 1.5 -1.5 -0.19982 -0.809906 -0.110461 2.61985e+10
1 -1.5 -1.5 -0.624183 -0.586439 -0.196624 2.15211e+10
1.5 -1 -1.5 -0.668203 -0.561505 -0.132603 3.24909e+10
1 -0.5 -1.5 -0.597528 -0.626271 -0.168544 3.31437e+10
1.5 0 -1.5 -0.647347 -0.596052 -0.102205 4.83143e+10
1 0.5 -1.5 -0.545228 -0.676015 -0.128321 4.36139e+10
1.5 1 -1.5 -0.597204 -0.642187 -0.0610192 5.87141e+10
1 1.5 -1.5 -0.452347 -0.725763 -0.0710595 4.53698e+10
2 -1.5 -1.5 -0.70808 -0.512206 -0.0938585 2.87529e+10
2.5 -1 -1.5 -0.743927 -0.477635 -0.0302425 4.21958e+10
2 -0.5 -1.5 -0.71063 -0.528407 -0.0668689 4.77234e+10
2.5 0 -1.5 -0.748837 -0.487702 5.13284e-05 6.73559e+10
2 0.5 -1.5 -0.692641 -0.558089 -0.0340216 6.70825e+10
2.5 1 -1.5 -0.728085 -0.515691 0.0347989 8.64441e+10
2 1.5 -1.5 -0.635781 -0.60382 0.00666223 7.15064e+10
-2.25 -0.75 -1.25 -0.00102699 -0.402627 -0.330696 8.22433e+08
-2.25 0.25 -1.25 0.0428658 -0.34806 -0.190033 9.83095e+08
-2.25 1.25 -1.25 0.00960284 -0.24237 -0.0502115 1.13717e+09
-1.75 -1.25 -1.25 -0.134698 -0.382677 -0.399439 9.9991e+08
-1.25 -0.75 -1.25 -0.200213 -0.355629 -0.345917 1.52507e+09
-1.75 -0.25 -1.25 -0.0695183 -0.371882 -0.2856 1.24019e+09
-1.25 0.25 -1.25 -0.15473 -0.330903 -0.231574 1.85436e+09
-1.75 0.75 -1.25 -0.0526933 -0.304033 -0.150213 1.45494e+09
-1.25 1.25 -1.25 -0.175592 -0.251906 -0.103772 2.13716e+09
-0.75 -1.25 -1.25 -0.328021 -0.309612 -0.368973 1.78873e+09
-0.25 -0.75 -1.25 -0.398322 -0.276568 -0.301415 2.73651e+09
-0.75 -0.25 -1.25 -0.277141 -0.319322 -0.283211 2.30626e+09
-0.25 0.25 -1.25 -0.366315 -0.272879 -0.210948 3.45168e+09
-0.75 0.75 -1.25 -0.259248 -0.279399 -0.168435 2.74678e+09
-0.25 1.25 -1.25 -0.382353 -0.218622 -0.0977213 4.02477e+09
0.25 -1.25 -1.25 -0.499265 -0.218336 -0.291791 3.02476e+09
0.75 -0.75 -1.25 -0.566413 -0.179856 -0.214898 4.62802e+09
0.25 -0.25 -1.25 -0.475835 -0.234835 -0.225227 4.14657e+09
0.75 0.25 -1.25 -0.55823 -0.184038 -0.14099 6.20237e+09
0.25 0.75 -1.25 -0.466115 -0.216152 -0.12995 5.09741e+09
0.75 1.25 -1.25 -0.570469 -0.149512 -0.042655 7.37607e+09
1.25 -1.25 -1.25 -0.633011 -0.119783 -0.188487 4.75044e+09
1.75 -0.75 -1.25 -0.690001 -0.0770641 -0.108151 7.24052e+09
1.25 -0.25 -1.25 -0.63474 -0.133917 -0.131616 6.99925e+09
1.75 0.25 -1.25 -0.69957 -0.0805805 -0.0433335 1.03954e+10
1.25 0.75 -1.25 -0.640176 -0.124199 -0.0503488 9.09311e+09
1.75 1.25 -1.25 -0.712793 -0.0559888 0.0443319 1.28504e+10
2.25 -1.25 -1.25 -0.72415 -0.0210351 -0.0786049 6.84064e+09
2.25 -0.25 -1.25 -0.741896 -0.0283497 -0.0244862 1.08628e+10
2.25 0.75 -1.25 -0.754397 -0.0207578 0.0482211 1.49616e+10
-2.5 -1.5 -1 0.0185826 -0.79761 -0.439263 6.50931e+09
-2.5 -0.5 -1 0.176401 -0.8222 -0.313893 8.28487e+09
-2.5 0.5 -1 0.342992 -0.793534 -0.157199 9.9883e+09
-2.5 1.5 -1 0.491424 -0.696649 0.0101461 1.15204e+10
-1.5 -1.5 -1 -0.2003 -0.764685 -0.451046 1.20783e+10
-2 -1 -1 -0.0228704 -0.808409 -0.407345 1.02427e+10
-1.5 -0.5 -1 -0.0694015 -0.817186 -0.370762 1.6022e+10
-2 0 -1 0.135293 -0.832092 -0.28741 1.28122e+10
-1.5 0.5 -1 0.0861879 -0.840544 -0.256248 1.95944e+10
-2 1 -1 0.300621 -0.802795 -0.138454 1.5059e+10
-1.5 1.5 -1 0.246968 -0.811835 -0.11515 2.22245e+10
-0.5 -1.5 -1 -0.390157 -0.714376 -0.402727 2.10561e+10
-1 -1 -1 -0.24883 -0.770673 -0.406163 1.90637e+10
-0.5 -0.5 -1 -0.30156 -0.772576 -0.356228 2.98476e+10
-1 0 -1 -0.121967 -0.822962 -0.329017 2.48258e+10
-0.5 0.5 -1 -0.181152 -0.82438 -0.281713 3.78735e+10
-1 1 -1 0.0280282 -0.846341 -0.219735 2.94204e+10
-0.5 1.5 -1 -0.0386058 -0.847401 -0.177253 4.28144e+10
0.5 -1.5 -1 -0.537859 -0.657414 -0.31509 3.35704e+10
0 -1 -1 -0.439781 -0.712307 -0.347013 3.31155e+10
0.5 -0.5 -1 -0.491973 -0.704206 -0.286838 5.14694e+10
0 0 -1 -0.358724 -0.769016 -0.301084 4.61257e+10
0.5 0.5 -1 -0.419667 -0.758423 -0.240754 6.97706e+10
0 1 -1 -0.246343 -0.819673 -0.228609 5.62987e+10
0.5 1.5 -1 -0.314177 -0.80713 -0.169431 8.01057e+10
1.5 -1.5 -1 -0.6411 -0.600517 -0.209188 4.79213e+10
1 -1 -1 -0.5841 -0.645646 -0.252396 5.21773e+10
1.5 -0.5 -1 -0.631078 -0.626426 -0.186496 7.97369e+10
1 0 -1 -0.5461 -0.688694 -0.222421 7.85129e+10
1.5 0.5 -1 -0.600307 -0.664827 -0.154073 1.16277e+11
1 1 -1 -0.48188 -0.739626 -0.175339 1.0188e+11
1.5 1.5 -1 -0.539678 -0.713287 -0.104839 1.40255e+11
2.5 -1.5 -1 -0.70409 -0.547162 -0.101746 6.04157e+10
2 -1 -1 -0.681345 -0.578807 -0.143785 7.28846e+10
2.5 -0.5 -1 -0.720482 -0.549146 -0.0765728 1.08284e+11
2 0 -1 -0.677363 -0.598938 -0.117785 1.1877e+11
2.5 0.5 -1 -0.72032 -0.563594 -0.0466402 1.70247e+11
2 1 -1 -0.65088 -0.633215 -0.0821035 1.64392e+11
2.5 1.5 -1 -0.69156 -0.597608 -0.00714873 2.15535e+11
-2.25 -1.25 -0.75 -0.0523082 -0.530333 -0.468757 1.85659e+09
-2.25 -0.25 -0.75 0.0290501 -0.533418 -0.332863 2.31554e+09
-2.25 0.75 -0.75 0.0771283 -0.485653 -0.170397 2.76172e+09
-1.25 -1.25 -0.75 -0.25302 -0.482711 -0.479987 3.43432e+09
-1.75 -0.75 -0.75 -0.11322 -0.522715 -0.430748 2.87796e+09
-1.25 -0.25 -0.75 -0.184895 -0.509489 -0.384925 4.44022e+09
-1.75 0.25 -0.75 -0.0460083 -0.518205 -0.298066 3.53549e+09
-1.25 0.75 -0.75 -0.139257 -0.496979 -0.255056 5.37353e+09
-1.75 1.25 -0.75 -0.0245539 -0.466404 -0.145168 4.15775e+09
-0.25 -1.25 -0.75 -0.43686 -0.416901 -0.428157 6.02684e+09
-0.75 -0.75 -0.75 -0.321259 -0.470431 -0.426276 5.35298e+09
-0.25 -0.25 -0.75 -0.39758 -0.451841 -0.363846 8.30004e+09
-0.75 0.25 -0.75 -0.268953 -0.489705 -0.329964 6.81316e+09
-0.25 0.75 -0.75 -0.365587 -0.462624 -0.264742 1.03867e+10
-0.75 1.25 -0.75 -0.252267 -0.469706 -0.202708 8.13239e+09
0.75 -1.25 -0.75 -0.586523 -0.342082 -0.33467 9.81102e+09
0.25 -0.75 -0.75 -0.505252 -0.398268 -0.361267 9.40883e+09
0.75 -0.25 -0.75 -0.577437 -0.372886 -0.286346 1.45928e+10
0.25 0.25 -0.75 -0.481279 -0.426031 -0.291849 1.27838e+10
0.75 0.75 -0.75 -0.569283 -0.391822 -0.209956 1.94956e+10
0.25 1.25 -0.75 -0.471689 -0.427191 -0.188849 1.56927e+10
1.75 -1.25 -0.75 -0.695641 -0.262063 -0.221887 1.45833e+10
1.25 -0.75 -0.75 -0.648858 -0.316258 -0.259373 1.52745e+10
1.75 -0.25 -0.75 -0.710117 -0.283477 -0.178109 2.35673e+10
1.25 0.25 -0.75 -0.650525 -0.339802 -0.20341 2.24141e+10
1.75 0.75 -0.75 -0.719639 -0.298059 -0.113052 3.38483e+10
1.25 1.25 -0.75 -0.655701 -0.347577 -0.118535 2.91988e+10
2.25 -0.75 -0.75 -0.747552 -0.22854 -0.143751 2.25122e+10
2.25 0.25 -0.75 -0.766253 -0.243157 -0.0916498 3.58044e+10
2.25 1.25 -0.75 -0.778702 -0.247846 -0.0159088 4.95034e+10
-2.5 -1 -0.5 0.0326937 -0.625708 -0.373848 6.3013e+09
-2.5 0 -0.5 0.147899 -0.6103 -0.239976 8.10089e+09
-2.5 1 -0.5 0.239264 -0.54917 -0.0890426 1.01262e+10
-2 -1.5 -0.5 -0.122925 -0.60894 -0.440662 7.53493e+09
-1.5 -1 -0.5 -0.17125 -0.611528 -0.401523 1.21272e+10
-2 -0.5 -0.5 -0.01332 -0.629507 -0.343989 1.00648e+10
-1.5 0 -0.5 -0.0694378 -0.631747 -0.309919 1.61016e+10
-2 0.5 -0.5 0.0926447 -0.614859 -0.218496 1.28641e+10
-1.5 1 -0.5 0.0218802 -0.62061 -0.193698 2.04654e+10
-2 1.5 -0.5 0.16906 -0.560255 -0.0803942 1.59513e+10
-1 -1.5 -0.5 -0.307399 -0.570672 -0.415858 1.38187e+10
-0.5 -1 -0.5 -0.361171 -0.567663 -0.364837 2.23567e+10
-1 -0.5 -0.5 -0.22722 -0.61155 -0.35778 1.95484e+10
-0.5 0 -0.5 -0.291895 -0.608406 -0.309169 3.15407e+10
-1 0.5 -0.5 -0.13747 -0.63219 -0.271227 2.578e+10
-0.5 1 -0.5 -0.21787 -0.630078 -0.227504 4.11887e+10
-1 1.5 -0.5 -0.065491 -0.627628 -0.165089 3.25362e+10
0 -1.5 -0.5 -0.463572 -0.515207 -0.342797 2.37149e+10
0.5 -1 -0.5 -0.517532 -0.504734 -0.283119 3.83182e+10
0 -0.5 -0.5 -0.420869 -0.560691 -0.309293 3.61716e+10
0.5 0 -0.5 -0.486068 -0.548706 -0.249212 5.83867e+10
0 0.5 -0.5 -0.365226 -0.60114 -0.255495 5.08195e+10
0.5 1 -0.5 -0.444796 -0.588091 -0.196505 8.12721e+10
0 1.5 -0.5 -0.307844 -0.623181 -0.178078 6.51493e+10
1 -1.5 -0.5 -0.583147 -0.449666 -0.242907 3.72882e+10
1.5 -1 -0.5 -0.633312 -0.430864 -0.178792 5.96967e+10
1 -0.5 -0.5 -0.574774 -0.489033 -0.219805 6.17095e+10
1.5 0 -0.5 -0.633437 -0.466924 -0.153009 9.85588e+10
1 0.5 -0.5 -0.554648 -0.530284 -0.184589 9.35041e+10
1.5 1 -0.5 -0.622145 -0.504296 -0.115245 1.46888e+11
1 1.5 -0.5 -0.524536 -0.567595 -0.131513 1.27293e+11
2 -1.5 -0.5 -0.66586 -0.377767 -0.135278 5.29032e+10
2.5 -1 -0.5 -0.7095 -0.350616 -0.0707783 8.30927e+10
2 -0.5 -0.5 -0.683738 -0.405953 -0.112277 9.47382e+10
2.5 0 -0.5 -0.731619 -0.3743 -0.0434699 1.47813e+11
2 0.5 -0.5 -0.690074 -0.437573 -0.0827844 1.5462e+11
2.5 1 -0.5 -0.739876 -0.401901 -0.00909881 2.34392e+11
2 1.5 -0.5 -0.68172 -0.472084 -0.0407808 2.21845e+11
-2.25 -0.75 -0.25 0.0662372 -0.709882 -0.413091 2.4411e+09
-2.25 0.25 -0.25 0.194028 -0.690542 -0.264605 2.96567e+09
-2.25 1.25 -0.25 0.28842 -0.605367 -0.0969015 3.45227e+09
-1.75 -1.25 -0.25 -0.107949 -0.687133 -0.490794 2.97469e+09
-1.25 -0.75 -0.25 -0.159614 -0.689752 -0.450548 4.64311e+09
-1.75 -0.25 -0.25 0.0169063 -0.71091 -0.382245 3.76593e+09
-1.25 0.25 -0.25 -0.0419391 -0.707889 -0.345142 5.77309e+09
-1.75 0.75 -0.25 0.133946 -0.685329 -0.240766 4.49878e+09
-1.25 1.25 -0.25 0.0559309 -0.676616 -0.210832 6.78209e+09
-0.75 -1.25 -0.25 -0.312845 -0.645787 -0.471073 5.3895e+09
-0.25 -0.75 -0.25 -0.368262 -0.643646 -0.416836 8.43659e+09
-0.75 -0.25 -0.25 -0.217739 -0.688223 -0.403782 7.20864e+09
-0.25 0.25 -0.25 -0.283352 -0.681312 -0.349467 1.11145e+10
-0.75 0.75 -0.25 -0.112573 -0.699532 -0.300348 8.77995e+09
-0.25 1.25 -0.25 -0.196801 -0.683669 -0.246206 1.32178e+10
0.25 -1.25 -0.25 -0.484465 -0.592777 -0.397204 9.09884e+09
0.75 -0.75 -0.25 -0.537914 -0.583371 -0.332074 1.42067e+10
0.25 -0.25 -0.25 -0.428008 -0.636041 -0.355754 1.31173e+10
0.75 0.25 -0.25 -0.491743 -0.621304 -0.287268 2.02004e+10
0.25 0.75 -0.25 -0.356797 -0.667159 -0.286536 1.69763e+10
0.75 1.25 -0.25 -0.436939 -0.64246 -0.214097 2.55539e+10
1.25 -1.25 -0.25 -0.613809 -0.534043 -0.292091 1.40162e+10
1.75 -0.75 -0.25 -0.661518 -0.515263 -0.220711 2.16912e+10
1.25 -0.25 -0.25 -0.59305 -0.567047 -0.261039 2.19804e+10
1.75 0.25 -0.25 -0.648338 -0.541941 -0.184268 3.35392e+10
1.25 0.75 -0.25 -0.557965 -0.596946 -0.211085 3.06532e+10
1.75 1.25 -0.25 -0.623511 -0.560005 -0.127227 4.53497e+10
2.25 -1.25 -0.25 -0.700832 -0.470655 -0.176868 1.9402e+10
2.25 -0.25 -0.25 -0.708301 -0.488151 -0.145296 3.31365e+10
2.25 0.75 -0.25 -0.701043 -0.506245 -0.102266 5.00184e+10
-2.5 -1.5 0 -0.164472 -0.252826 -0.401219 2.39485e+09
-2.5 -0.5 0 -0.132144 -0.239008 -0.291518 3.26315e+09
-2.5 0.5 0 -0.132564 -0.216002 -0.163873 4.40315e+09
-2.5 1.5 0 -0.175915 -0.21454 -0.0458047 6.04751e+09
-1.5 -1.5 0 -0.311744 -0.238136 -0.399835 4.57638e+09
-2 -1 0 -0.220222 -0.252415 -0.366175 3.92548e+09
-1.5 -0.5 0 -0.288542 -0.255259 -0.327363 6.51632e+09
-2 0 0 -0.202611 -0.248304 -0.263982 5.39515e+09
-1.5 0.5 0 -0.287976 -0.266466 -0.233916 9.09367e+09
-2 1 0 -0.219846 -0.24768 -0.15076 7.40575e+09
-1.5 1.5 0 -0.317647 -0.296336 -0.137291 1.27851e+10
-0.5 -1.5 0 -0.456966 -0.196829 -0.3473 8.46873e+09
-1 -1 0 -0.377692 -0.236434 -0.35289 7.62201e+09
-0.5 -0.5 0 -0.453353 -0.238928 -0.302016 1.28709e+10
-1 0 0 -0.369349 -0.263991 -0.284813 1.09971e+10
-0.5 0.5 0 -0.459513 -0.28087 -0.238636 1.8923e+10
-1 1 0 -0.384572 -0.296601 -0.201389 1.56851e+10
-0.5 1.5 0 -0.483843 -0.337215 -0.165809 2.7667e+10
0.5 -1.5 0 -0.584427 -0.139897 -0.263295 1.48506e+10
0 -1 0 -0.527004 -0.19482 -0.291322 1.42733e+10
0.5 -0.5 0 -0.601596 -0.197054 -0.232003 2.43492e+10
0 0 0 -0.535928 -0.247105 -0.247346 2.20823e+10
0.5 0.5 0 -0.61964 -0.260227 -0.188912 3.84451e+10
0 1 0 -0.551956 -0.305069 -0.188683 3.3173e+10
0.5 1.5 0 -0.636692 -0.330017 -0.13383 5.8661e+10
1.5 -1.5 0 -0.685544 -0.0762186 -0.167139 2.42392e+10
1 -1 0 -0.651586 -0.138419 -0.202264 2.51532e+10
1.5 -0.5 0 -0.717406 -0.139741 -0.138763 4.28921e+10
1 0 0 -0.675951 -0.202768 -0.169426 4.19688e+10
1.5 0.5 0 -0.743821 -0.208448 -0.103327 7.25147e+10
1 1 0 -0.696631 -0.273665 -0.126202 6.73386e+10
1.5 1.5 0 -0.759125 -0.280992 -0.0579287 1.16205e+11
2.5 -1.5 0 -0.758308 -0.0113579 -0.0735816 3.63292e+10
2 -1 0 -0.74405 -0.0747071 -0.104802 4.0843e+10
2.5 -0.5 0 -0.79624 -0.0731613 -0.0406404 6.8609e+10
2 0 0 -0.776802 -0.141025 -0.0726109 7.31105e+10
2.5 0.5 0 -0.82505 -0.138355 -0.00327991 1.22718e+11
2 1 0 -0.799282 -0.209176 -0.0329667 1.234e+11
2.5 1.5 0 -0.837908 -0.202707 0.0422983 2.00919e+11
-2.25 -1.25 0.25 0.0782054 -0.78577 -0.444768 9.926e+08
-2.25 -0.25 0.25 0.252215 -0.769224 -0.32841 1.23271e+09
-2.25 0.75 0.25 0.414518 -0.681682 -0.184467 1.45438e+09
-1.25 -1.25 0.25 -0.140778 -0.775289 -0.457522 1.84243e+09
-1.75 -0.75 0.25 0.0491356 -0.791874 -0.417742 1.53969e+09
-1.25 -0.25 0.25 0.0159721 -0.795398 -0.387061 2.37312e+09
-1.75 0.25 0.25 0.222896 -0.767464 -0.308128 1.87584e+09
-1.25 0.75 0.25 0.184005 -0.762366 -0.283883 2.82932e+09
-1.75 1.25 0.25 0.37375 -0.669375 -0.172403 2.16671e+09
-0.25 -1.25 0.25 -0.335124 -0.744689 -0.407679 3.23634e+09
-0.75 -0.75 0.25 -0.177159 -0.78093 -0.417638 2.8728e+09
-0.25 -0.25 0.25 -0.217179 -0.783205 -0.373248 4.44671e+09
-0.75 0.25 0.25 -0.0230526 -0.795458 -0.351927 3.62697e+09
-0.25 0.75 0.25 -0.0703207 -0.790645 -0.311057 5.47985e+09
-0.75 1.25 0.25 0.130902 -0.752784 -0.253697 4.21996e+09
0.75 -1.25 0.25 -0.489169 -0.702946 -0.314639 5.2454e+09
0.25 -0.75 0.25 -0.373802 -0.746413 -0.355738 5.04545e+09
0.75 -0.25 0.25 -0.41503 -0.743465 -0.299175 7.78631e+09
0.25 0.25 0.25 -0.262103 -0.780821 -0.323638 6.81086e+09
0.75 0.75 0.25 -0.31321 -0.771377 -0.267919 1.02658e+10
0.25 1.25 0.25 -0.128761 -0.777909 -0.262499 8.14279e+09
1.75 -1.25 0.25 -0.598531 -0.654422 -0.200005 7.68502e+09
1.25 -0.75 0.25 -0.526278 -0.697684 -0.253594 8.12368e+09
1.75 -0.25 0.25 -0.564792 -0.685892 -0.188755 1.24031e+10
1.25 0.25 0.25 -0.459254 -0.733894 -0.237728 1.18305e+10
1.75 0.75 0.25 -0.506095 -0.714738 -0.17141 1.75386e+10
1.25 1.25 0.25 -0.371091 -0.750426 -0.205082 1.50842e+10
2.25 -0.75 0.25 -0.631492 -0.639474 -0.134044 1.17166e+10
2.25 0.25 0.25 -0.604204 -0.665407 -0.120542 1.85217e+10
2.25 1.25 0.25 -0.553722 -0.682129 -0.100607 2.50404e+10
-2.5 -1 0.5 -0.0306448 -0.380217 -0.349072 1.46612e+09
-2.5 0 0.5 0.0239985 -0.315172 -0.235241 1.96087e+09
-2.5 1 0.5 0.0187875 -0.2423 -0.112205 2.65347e+09
-2 -1.5 0.5 -0.153678 -0.404186 -0.405446 1.74266e+09
-1.5 -1 0.5 -0.205187 -0.398154 -0.37149 2.85445e+09
-2 -0.5 0.5 -0.0834228 -0.375697 -0.324207 2.38915e+09
-1.5 0 0.5 -0.151815 -0.375096 -0.296316 3.9594e+09
-2 0.5 0.5 -0.0499205 -0.32118 -0.219853 3.24327e+09
-1.5 1 0.5 -0.142137 -0.340664 -0.202607 5.51174e+09
-2 1.5 0.5 -0.078703 -0.280455 -0.113188 4.52378e+09
-1 -1.5 0.5 -0.322115 -0.385041 -0.38011 3.28087e+09
-0.5 -1 0.5 -0.381845 -0.37854 -0.335113 5.45479e+09
-1 -0.5 0.5 -0.268817 -0.394103 -0.333858 4.74027e+09
-0.5 0 0.5 -0.344643 -0.394417 -0.292147 8.01514e+09
-1 0.5 0.5 -0.236226 -0.3823 -0.264879 6.71184e+09
-0.5 1 0.5 -0.333033 -0.39979 -0.229108 1.16876e+10
-1 1.5 0.5 -0.247177 -0.37706 -0.182309 9.6767e+09
0 -1.5 0.5 -0.47668 -0.337621 -0.310569 5.93319e+09
0.5 -1 0.5 -0.538472 -0.330898 -0.257305 9.95624e+09
0 -0.5 0.5 -0.45024 -0.374611 -0.286281 9.19388e+09
0.5 0 0.5 -0.524804 -0.373834 -0.233406 1.5729e+10
0 0.5 0.5 -0.429786 -0.40054 -0.245906 1.38377e+10
0.5 1 0.5 -0.517877 -0.410218 -0.194433 2.43372e+10
0 1.5 0.5 -0.433944 -0.424138 -0.18752 2.0864e+10
1 -1.5 0.5 -0.604863 -0.272912 -0.217066 1.00951e+10
1.5 -1 0.5 -0.662716 -0.265709 -0.159332 1.69501e+10
1 -0.5 0.5 -0.603839 -0.326226 -0.200834 1.68753e+10
1.5 0 0.5 -0.668753 -0.321942 -0.141048 2.87839e+10
1 0.5 0.5 -0.600585 -0.374266 -0.176174 2.72265e+10
1.5 1 0.5 -0.671116 -0.37094 -0.113956 4.71257e+10
1 1.5 0.5 -0.600345 -0.416529 -0.136366 4.30713e+10
2 -1.5 0.5 -0.702227 -0.199383 -0.117778 1.58873e+10
2.5 -1 0.5 -0.751566 -0.190503 -0.058966 2.63746e+10
2 -0.5 0.5 -0.718963 -0.258643 -0.0992311 2.8521e+10
2.5 0 0.5 -0.769546 -0.248799 -0.0365602 4.76251e+10
2 0.5 0.5 -0.728194 -0.314405 -0.077672 4.88837e+10
2.5 1 0.5 -0.777255 -0.30002 -0.0104023 8.10235e+10
2 1.5 0.5 -0.729676 -0.35898 -0.0457914 7.97173e+10
-2.25 -0.75 0.75 0.259262 -0.801662 -0.378339 6.74677e+08
-2.25 0.25 0.75 0.464113 -0.709696 -0.262644 8.03044e+08
-2.25 1.25 0.75 0.618219 -0.52842 -0.130409 9.1859e+08
-1.75 -1.25 0.75 0.0449971 -0.824151 -0.441759 8.26352e+08
-1.25 -0.75 0.75 0.0277593 -0.828802 -0.417913 1.27373e+09
-1.75 -0.25 0.75 0.24947 -0.798916 -0.364498 1.02586e+09
-1.25 0.25 0.75 0.235927 -0.792331 -0.349578 1.5456e+09
-1.75 0.75 0.75 0.453088 -0.690064 -0.25735 1.19295e+09
-1.25 1.25 0.75 0.428288 -0.665015 -0.248598 1.75424e+09
-0.75 -1.25 0.75 -0.170234 -0.817191 -0.424388 1.4979e+09
-0.25 -0.75 0.75 -0.194114 -0.82262 -0.388174 2.31679e+09
-0.75 -0.25 0.75 0.00857203 -0.83068 -0.392333 1.94725e+09
-0.25 0.25 0.75 -0.0146998 -0.828914 -0.364173 2.94416e+09
-0.75 0.75 0.75 0.214643 -0.781079 -0.331989 2.30207e+09
-0.25 1.25 0.75 0.178347 -0.763824 -0.308111 3.37917e+09
0.25 -1.25 0.75 -0.354136 -0.790244 -0.350633 2.5485e+09
0.75 -0.75 0.75 -0.380751 -0.792754 -0.302225 3.93076e+09
0.25 -0.25 0.75 -0.220127 -0.825065 -0.349088 3.54563e+09
0.75 0.25 0.75 -0.249988 -0.823047 -0.306351 5.34037e+09
0.25 0.75 0.75 -0.0456195 -0.821805 -0.331609 4.38285e+09
0.75 1.25 0.75 -0.089637 -0.80524 -0.291175 6.38942e+09
1.25 -1.25 0.75 -0.495068 -0.75049 -0.240238 3.97481e+09
1.75 -0.75 0.75 -0.521103 -0.746302 -0.182136 6.06226e+09
1.25 -0.25 0.75 -0.409268 -0.791071 -0.250493 5.9724e+09
1.75 0.25 0.75 -0.440414 -0.783011 -0.195418 8.86857e+09
1.25 0.75 0.75 -0.285669 -0.813516 -0.258833 7.85257e+09
1.75 1.25 0.75 -0.329263 -0.790075 -0.205003 1.11638e+10
2.25 -1.25 0.75 -0.591628 -0.700975 -0.11403 5.57616e+09
2.25 -0.25 0.75 -0.548278 -0.735957 -0.121357 9.04866e+09
2.25 0.75 0.75 -0.474337 -0.76495 -0.137575 1.2732e+10
-2.5 -1.5 1 0.0459716 -0.53798 -0.392947 6.88338e+08
-2.5 -0.5 1 0.163873 -0.446841 -0.302958 9.04501e+08
-2.5 0.5 1 0.221122 -0.306347 -0.188745 1.18776e+09
-2.5 1.5 1 0.175969 -0.177477 -0.0713251 1.62355e+09
-1.5 -1.5 1 -0.142659 -0.552574 -0.402474 1.2999e+09
-2 -1 1 0.0137611 -0.525926 -0.374843 1.09815e+09
-1.5 -0.5 1 -0.0316618 -0.512795 -0.354236 1.77257e+09
-2 0 1 0.114021 -0.431411 -0.291502 1.45368e+09
-1.5 0.5 1 0.0421898 -0.422396 -0.277089 2.39189e+09
-2 1 1 0.136195 -0.306747 -0.186247 1.96178e+09
-1.5 1.5 1 0.0264612 -0.332497 -0.180911 3.37905e+09
-0.5 -1.5 1 -0.327037 -0.525453 -0.356461 2.39897e+09
-1 -1 1 -0.186673 -0.541498 -0.373091 2.10824e+09
-0.5 -0.5 1 -0.242573 -0.530561 -0.339872 3.46498e+09
-1 0 1 -0.0939084 -0.501642 -0.329817 2.91379e+09
-0.5 0.5 1 -0.174746 -0.496613 -0.299758 4.91412e+09
-1 1 1 -0.053185 -0.427205 -0.257558 4.06984e+09
-0.5 1.5 1 -0.167241 -0.449942 -0.230192 7.21671e+09
0.5 -1.5 1 -0.488541 -0.467862 -0.27214 4.22818e+09
0 -1 1 -0.378779 -0.514563 -0.31584 3.94293e+09
0.5 -0.5 1 -0.438826 -0.504254 -0.271133 6.55662e+09
0 0 1 -0.311285 -0.521688 -0.301609 5.79766e+09
0.5 0.5 1 -0.391059 -0.515642 -0.25696 9.90416e+09
0 1 1 -0.271739 -0.50017 -0.261924 8.55188e+09
0.5 1.5 1 -0.377676 -0.508753 -0.214142 1.53449e+10
1.5 -1.5 1 -0.617988 -0.391588 -0.170091 6.97375e+09
1 -1 1 -0.542035 -0.456547 -0.22292 6.99342e+09
1.5 -0.5 1 -0.599001 -0.445022 -0.170326 1.16355e+10
1 0 1 -0.505455 -0.494345 -0.221681 1.10353e+10
1.5 0.5 1 -0.574867 -0.482463 -0.16688 1.87168e+10
1 1 1 -0.476989 -0.509694 -0.204595 1.72293e+10
1.5 1.5 1 -0.562152 -0.496969 -0.142941 3.01836e+10
2.5 -1.5 1 -0.714131 -0.30569 -0.0671764 1.05895e+10
2 -1 1 -0.667702 -0.378798 -0.116007 1.14875e+10
2.5 -0.5 1 -0.716148 -0.363956 -0.0595009 1.88369e+10
2 0 1 -0.656272 -0.431211 -0.114188 1.93654e+10
2.5 0.5 1 -0.709835 -0.411873 -0.0544713 3.18539e+10
2 1 1 -0.641894 -0.464206 -0.106136 3.16134e+10
2.5 1.5 1 -0.701065 -0.436167 -0.0387774 5.22965e+10
-2.25 -1.25 1.25 0.241318 -0.829646 -0.409142 3.81135e+08
-2.25 -0.25 1.25 0.479079 -0.735101 -0.325552 4.58835e+08
-2.25 0.75 1.25 0.68574 -0.532352 -0.217568 5.2518e+08
-1.25 -1.25 1.25 0.0152104 -0.85555 -0.42876 7.01705e+08
-1.75 -0.75 1.25 0.245196 -0.825673 -0.402042 5.78254e+08
-1.25 -0.25 1.25 0.249494 -0.817351 -0.396594 8.68888e+08
-1.75 0.25 1.25 0.491207 -0.708903 -0.328954 6.78735e+08
-1.25 0.75 1.25 0.497519 -0.674415 -0.332237 9.92297e+08
-1.75 1.25 1.25 0.681868 -0.477985 -0.225214 7.60127e+08
-0.25 -1.25 1.25 -0.196104 -0.851416 -0.383185 1.23689e+09
-0.75 -0.75 1.25 0.00978409 -0.85777 -0.411571 1.06968e+09
-0.25 -0.25 1.25 0.00379132 -0.85696 -0.394513 1.61141e+09
-0.75 0.25 1.25 0.251561 -0.803859 -0.391907 1.29e+09
-0.25 0.75 1.25 0.24586 -0.784606 -0.385077 1.88642e+09
-0.75 1.25 1.25 0.487811 -0.632333 -0.32985 1.43287e+09
0.75 -1.25 1.25 -0.371448 -0.825324 -0.285861 2.03113e+09
0.25 -0.75 1.25 -0.209085 -0.855957 -0.35276 1.88575e+09
0.75 -0.25 1.25 -0.223485 -0.857719 -0.32083 2.82794e+09
0.25 0.25 1.25 -0.00538475 -0.85216 -0.376288 2.38751e+09
0.75 0.75 1.25 -0.0224109 -0.841435 -0.353825 3.45877e+09
0.25 1.25 1.25 0.221496 -0.759301 -0.369513 2.71274e+09
1.75 -1.25 1.25 -0.501954 -0.782694 -0.157526 3.03612e+09
1.25 -0.75 1.25 -0.388431 -0.827462 -0.24179 3.07253e+09
1.75 -0.25 1.25 -0.406909 -0.82563 -0.195538 4.54066e+09
1.25 0.25 1.25 -0.241177 -0.855065 -0.286473 4.13975e+09
1.75 0.75 1.25 -0.265062 -0.84448 -0.248052 5.86888e+09
1.25 1.25 1.25 -0.0569627 -0.820563 -0.320605 4.88976e+09
2.25 -0.75 1.25 -0.519275 -0.777662 -0.10249 4.50874e+09
2.25 0.25 1.25 -0.427646 -0.817545 -0.147514 6.49053e+09
2.25 1.25 1.25 -0.302765 -0.818823 -0.201257 8.06898e+09
-2.5 -1 1.5 0.255652 -0.591779 -0.357562 4.51489e+08
-2.5 0 1.5 0.392064 -0.412534 -0.266853 5.71168e+08
-2.5 1 1.5 0.413462 -0.185757 -0.151079 7.4111e+08
-2 -1.5 1.5 0.0695196 -0.6713 -0.407073 5.45164e+08
-1.5 -1 1.5 0.0482797 -0.656148 -0.396422 8.54962e+08
-2 -0.5 1.5 0.236353 -0.567174 -0.354954 7.01987e+08
-1.5 0 1.5 0.198766 -0.540551 -0.350214 1.10773e+09
-2 0.5 1.5 0.341704 -0.379941 -0.268452 9.01309e+08
-1.5 1 1.5 0.257079 -0.363462 -0.26485 1.47533e+09
-2 1.5 1.5 0.306549 -0.188078 -0.155341 1.22915e+09
-1 -1.5 1.5 -0.135989 -0.679644 -0.393964 1.00958e+09
-0.5 -1 1.5 -0.170351 -0.666804 -0.371419 1.60758e+09
-1 -0.5 1.5 0.0144082 -0.637869 -0.383434 1.35444e+09
-0.5 0 1.5 -0.0375038 -0.619162 -0.365282 2.18429e+09
-1 0.5 1.5 0.134892 -0.518616 -0.339597 1.79474e+09
-0.5 1 1.5 0.0392434 -0.510898 -0.318008 3.02934e+09
-1 1.5 1.5 0.135445 -0.379509 -0.251411 2.55304e+09
0 -1.5 1.5 -0.329584 -0.643056 -0.329137 1.81781e+09
0.5 -1 1.5 -0.372819 -0.630534 -0.294199 2.92651e+09
0 -0.5 1.5 -0.21631 -0.652181 -0.344753 2.58727e+09
0.5 0 1.5 -0.276175 -0.636903 -0.311577 4.22966e+09
0 0.5 1.5 -0.111918 -0.60409 -0.337937 3.62108e+09
0.5 1 1.5 -0.209442 -0.595602 -0.297176 6.2304e+09
0 1.5 1.5 -0.0860788 -0.523674 -0.281044 5.39912e+09
1 -1.5 1.5 -0.494664 -0.574323 -0.231763 3.11078e+09
1.5 -1 1.5 -0.540649 -0.560546 -0.187161 5.02094e+09
1 -0.5 1.5 -0.424335 -0.616575 -0.254814 4.74684e+09
1.5 0 1.5 -0.48353 -0.600292 -0.209727 7.7573e+09
1 0.5 1.5 -0.350267 -0.621127 -0.269158 7.05308e+09
1.5 1 1.5 -0.436289 -0.602102 -0.215103 1.20106e+10
1 1.5 1.5 -0.325214 -0.590837 -0.240585 1.11812e+10
2 -1.5 1.5 -0.624841 -0.486315 -0.122308 4.95997e+09
2.5 -1 1.5 -0.667895 -0.469799 -0.0718898 7.93127e+09
2 -0.5 1.5 -0.590374 -0.544504 -0.139008 8.10037e+09
2.5 0 1.5 -0.641657 -0.523885 -0.0870897 1.29798e+10
2 0.5 1.5 -0.548332 -0.579028 -0.157763 1.27322e+10
2.5 1 1.5 -0.615703 -0.548919 -0.0979462 2.08735e+10
2 1.5 1.5 -0.529368 -0.574243 -0.148275 2.08285e+10
