449
-2.5 -1 -1.5 -0.37542 -0.728821 -0.312039 1.33763e+10
-2.5 0 -1.5 -0.270721 -0.787552 -0.251608 1.73122e+10
-2.5 1 -1.5 -0.134566 -0.825516 -0.163766 1.95027e+10
-2 -1.5 -1.5 -0.496652 -0.662134 -0.293003 1.43176e+10
-1.5 -1 -1.5 -0.546653 -0.648057 -0.232344 2.20169e+10
-2 -0.5 -1.5 -0.430624 -0.719156 -0.25458 2.0435e+10
-1.5 0 -1.5 -0.488059 -0.701867 -0.19313 3.04455e+10
-2 0.5 -1.5 -0.33282 -0.775831 -0.195143 2.53195e+10
-1.5 1 -1.5 -0.395686 -0.755381 -0.134632 3.52703e+10
-2 1.5 -1.5 -0.19982 -0.809906 -0.110461 2.61985e+10
-1 -1.5 -1.5 -0.624183 -0.586439 -0.196624 2.15211e+10
-0.5 -1 -1.5 -0.668203 -0.561505 -0.132603 3.24909e+10
-1 -0.5 -1.5 -0.597528 -0.626271 -0.168544 3.31437e+10
-0.5 0 -1.5 -0.647347 -0.596052 -0.102205 4.83143e+10
-1 0.5 -1.5 -0.545228 -0.676015 -0.128321 4.36139e+10
-0.5 1 -1.5 -0.597204 -0.642187 -0.0610192 5.87141e+10
-1 1.5 -1.5 -0.452347 -0.725763 -0.0710595 4.53698e+10
0 -1.5 -1.5 -0.70808 -0.512206 -0.0938585 2.87529e+10
0.5 -1 -1.5 -0.743927 -0.477635 -0.0302425 4.21958e+10
0 -0.5 -1.5 -0.71063 -0.528407 -0.0668689 4.77234e+10
0.5 0 -1.5 -0.748837 -0.487702 5.13284e-05 6.73559e+10
0 0.5 -1.5 -0.692641 -0.558089 -0.0340216 6.70825e+10
0.5 1 -1.5 -0.728085 -0.515691 0.0347989 8.64441e+10
0 1.5 -1.5 -0.635781 -0.60382 0.00666223 7.15064e+10
1 -1.5 -1.5 -0.754791 -0.443232 0.00258075 3.38225e+10
1.5 -1 -1.5 -0.781518 -0.401376 0.063052 4.77611e+10
1 -0.5 -1.5 -0.775797 -0.435739 0.0339498 5.98204e+10
1.5 0 -1.5 -0.800789 -0.388643 0.0983949 8.08398e+10
1 0.5 -1.5 -0.7791 -0.442073 0.0675092 8.97322e+10
1.5 1 -1.5 -0.797195 -0.396905 0.133868 1.10081e+11
1 1.5 -1.5 -0.747121 -0.475867 0.100611 9.96879e+10
2 -1.5 -1.5 -0.771247 -0.380992 0.0851342 3.49389e+10
2.5 -1 -1.5 -0.788321 -0.33494 0.140848 4.69971e+10
2 -0.5 -1.5 -0.802134 -0.354332 0.123441 6.46596e+10
2.5 0 -1.5 -0.81398 -0.305563 0.183577 8.28575e+10
2 0.5 -1.5 -0.815758 -0.340574 0.162432 1.02399e+11
2.5 1 -1.5 -0.818508 -0.297127 0.224328 1.19489e+11
2 1.5 -1.5 -0.800139 -0.359346 0.195234 1.211e+11
-2.25 -0.75 -1.25 -0.398322 -0.276568 -0.301415 2.73651e+09
-2.25 0.25 -1.25 -0.366315 -0.272879 -0.210948 3.45168e+09
-2.25 1.25 -1.25 -0.382353 -0.218622 -0.0977213 4.02477e+09
-1.75 -1.25 -1.25 -0.499265 -0.218336 -0.291791 3.02476e+09
-1.25 -0.75 -1.25 -0.566413 -0.179856 -0.214898 4.62802e+09
-1.75 -0.25 -1.25 -0.475835 -0.234835 -0.225227 4.14657e+09
-1.25 0.25 -1.25 -0.55823 -0.184038 -0.14099 6.20237e+09
-1.75 0.75 -1.25 -0.466115 -0.216152 -0.12995 5.09741e+09
-1.25 1.25 -1.25 -0.570469 -0.149512 -0.042655 7.37607e+09
-0.75 -1.25 -1.25 -0.633011 -0.119783 -0.188487 4.75044e+09
-0.25 -0.75 -1.25 -0.690001 -0.0770641 -0.108151 7.24052e+09
-0.75 -0.25 -1.25 -0.63474 -0.133917 -0.131616 6.99925e+09
-0.25 0.25 -1.25 -0.69957 -0.0805805 -0.0433335 1.03954e+10
-0.75 0.75 -1.25 -0.640176 -0.124199 -0.0503488 9.09311e+09
-0.25 1.25 -1.25 -0.712793 -0.0559888 0.0443319 1.28504e+10
0.25 -1.25 -1.25 -0.72415 -0.0210351 -0.0786049 6.84064e+09
0.75 -0.75 -1.25 -0.766142 0.0244079 -0.000492188 1.0316e+10
0.25 -0.25 -1.25 -0.741896 -0.0283497 -0.0244862 1.08628e+10
0.75 0.25 -1.25 -0.78355 0.0255757 0.0610681 1.58623e+10
0.25 0.75 -1.25 -0.754397 -0.0207578 0.0482211 1.49616e+10
0.75 1.25 -1.25 -0.790688 0.0435828 0.141191 2.02513e+10
1.25 -1.25 -1.25 -0.776243 0.0733604 0.0221308 8.96102e+09
1.75 -0.75 -1.25 -0.801494 0.119606 0.0937198 1.32264e+10
1.25 -0.25 -1.25 -0.798142 0.0741034 0.0782471 1.51913e+10
1.75 0.25 -1.25 -0.815898 0.126392 0.156921 2.14704e+10
1.25 0.75 -1.25 -0.809386 0.0825869 0.147455 2.20677e+10
1.75 1.25 -1.25 -0.813265 0.139957 0.233446 2.81191e+10
2.25 -1.25 -1.25 -0.798003 0.161309 0.104006 1.06411e+10
2.25 -0.25 -1.25 -0.813872 0.168219 0.164536 1.88167e+10
2.25 0.75 -1.25 -0.815541 0.178805 0.235461 2.83376e+10
-2.5 -1.5 -1 -0.390157 -0.714376 -0.402727 2.10561e+10
-2.5 -0.5 -1 -0.30156 -0.772576 -0.356228 2.98476e+10
-2.5 0.5 -1 -0.181152 -0.82438 -0.281713 3.78735e+10
-2.5 1.5 -1 -0.0386058 -0.847401 -0.177253 4.28144e+10
-1.5 -1.5 -1 -0.537859 -0.657414 -0.31509 3.35704e+10
-2 -1 -1 -0.439781 -0.712307 -0.347013 3.31155e+10
-1.5 -0.5 -1 -0.491973 -0.704206 -0.286838 5.14694e+10
-2 0 -1 -0.358724 -0.769016 -0.301084 4.61257e+10
-1.5 0.5 -1 -0.419667 -0.758423 -0.240754 6.97706e+10
-2 1 -1 -0.246343 -0.819673 -0.228609 5.62987e+10
-1.5 1.5 -1 -0.314177 -0.80713 -0.169431 8.01057e+10
-0.5 -1.5 -1 -0.6411 -0.600517 -0.209188 4.79213e+10
-1 -1 -1 -0.5841 -0.645646 -0.252396 5.21773e+10
-0.5 -0.5 -1 -0.631078 -0.626426 -0.186496 7.97369e+10
-1 0 -1 -0.5461 -0.688694 -0.222421 7.85129e+10
-0.5 0.5 -1 -0.600307 -0.664827 -0.154073 1.16277e+11
-1 1 -1 -0.48188 -0.739626 -0.175339 1.0188e+11
-0.5 1.5 -1 -0.539678 -0.713287 -0.104839 1.40255e+11
0.5 -1.5 -1 -0.70409 -0.547162 -0.101746 6.04157e+10
0 -1 -1 -0.681345 -0.578807 -0.143785 7.28846e+10
0.5 -0.5 -1 -0.720482 -0.549146 -0.0765728 1.08284e+11
0 0 -1 -0.677363 -0.598938 -0.117785 1.1877e+11
0.5 0.5 -1 -0.72032 -0.563594 -0.0466402 1.70247e+11
0 1 -1 -0.65088 -0.633215 -0.0821035 1.64392e+11
0.5 1.5 -1 -0.69156 -0.597608 -0.00714873 2.15535e+11
1.5 -1.5 -1 -0.733735 -0.49844 -0.00397062 6.6943e+10
1 -1 -1 -0.737212 -0.516567 -0.0373328 8.89681e+10
1.5 -0.5 -1 -0.767462 -0.478744 0.027765 1.27002e+11
1 0 -1 -0.756472 -0.51183 -0.00788878 1.5553e+11
1.5 0.5 -1 -0.786417 -0.468921 0.061954 2.12922e+11
1 1 -1 -0.755995 -0.52314 0.0264833 2.30466e+11
1.5 1.5 -1 -0.779528 -0.483213 0.100319 2.86382e+11
2.5 -1.5 -1 -0.735153 -0.454539 0.077831 6.51026e+10
2 -1 -1 -0.759493 -0.460999 0.0568193 9.44926e+10
2.5 -0.5 -1 -0.780771 -0.41824 0.117664 1.28263e+11
2 0 -1 -0.792494 -0.43536 0.0933923 1.7372e+11
2.5 0.5 -1 -0.809689 -0.389746 0.159328 2.24581e+11
2 1 -1 -0.807017 -0.424601 0.132366 2.72802e+11
2.5 1.5 -1 -0.815853 -0.383986 0.201844 3.20783e+11
-2.25 -1.25 -0.75 -0.43686 -0.416901 -0.428157 6.02684e+09
-2.25 -0.25 -0.75 -0.39758 -0.451841 -0.363846 8.30004e+09
-2.25 0.75 -0.75 -0.365587 -0.462624 -0.264742 1.03867e+10
-1.25 -1.25 -0.75 -0.586523 -0.342082 -0.33467 9.81102e+09
-1.75 -0.75 -0.75 -0.505252 -0.398268 -0.361267 9.40883e+09
-1.25 -0.25 -0.75 -0.577437 -0.372886 -0.286346 1.45928e+10
-1.75 0.25 -0.75 -0.481279 -0.426031 -0.291849 1.27838e+10
-1.25 0.75 -0.75 -0.569283 -0.391822 -0.209956 1.94956e+10
-1.75 1.25 -0.75 -0.471689 -0.427191 -0.188849 1.56927e+10
-0.25 -1.25 -0.75 -0.695641 -0.262063 -0.221887 1.45833e+10
-0.75 -0.75 -0.75 -0.648858 -0.316258 -0.259373 1.52745e+10
-0.25 -0.25 -0.75 -0.710117 -0.283477 -0.178109 2.35673e+10
-0.75 0.25 -0.75 -0.650525 -0.339802 -0.20341 2.24141e+10
-0.25 0.75 -0.75 -0.719639 -0.298059 -0.113052 3.38483e+10
-0.75 1.25 -0.75 -0.655701 -0.347577 -0.118535 2.91988e+10
0.75 -1.25 -0.75 -0.765826 -0.178043 -0.109042 1.96318e+10
0.25 -0.75 -0.75 -0.747552 -0.22854 -0.143751 2.25122e+10
0.75 -0.25 -0.75 -0.793978 -0.188272 -0.0622978 3.42672e+10
0.25 0.25 -0.75 -0.766253 -0.243157 -0.0916498 3.58044e+10
0.75 0.75 -0.75 -0.812492 -0.195846 -0.000875621 5.28774e+10
0.25 1.25 -0.75 -0.778702 -0.247846 -0.0159088 4.95034e+10
1.75 -1.25 -0.75 -0.804041 -0.0901455 -0.0100606 2.39369e+10
1.25 -0.75 -0.75 -0.804991 -0.137552 -0.0334465 2.98016e+10
1.75 -0.25 -0.75 -0.835438 -0.0917657 0.0431869 4.41917e+10
1.25 0.25 -0.75 -0.831011 -0.141863 0.0216349 5.08602e+10
1.75 0.75 -0.75 -0.854741 -0.0918569 0.10767 7.21941e+10
1.25 1.25 -0.75 -0.843811 -0.144551 0.0938636 7.41057e+10
2.25 -0.75 -0.75 -0.83016 -0.0446165 0.0592134 3.53629e+10
2.25 0.25 -0.75 -0.85391 -0.0426624 0.120674 6.29274e+10
2.25 1.25 -0.75 -0.861393 -0.0416565 0.196173 9.50588e+10
-2.5 -1 -0.5 -0.361171 -0.567663 -0.364837 2.23567e+10
-2.5 0 -0.5 -0.291895 -0.608406 -0.309169 3.15407e+10
-2.5 1 -0.5 -0.21787 -0.630078 -0.227504 4.11887e+10
-2 -1.5 -0.5 -0.463572 -0.515207 -0.342797 2.37149e+10
-1.5 -1 -0.5 -0.517532 -0.504734 -0.283119 3.83182e+10
-2 -0.5 -0.5 -0.420869 -0.560691 -0.309293 3.61716e+10
-1.5 0 -0.5 -0.486068 -0.548706 -0.249212 5.83867e+10
-2 0.5 -0.5 -0.365226 -0.60114 -0.255495 5.08195e+10
-1.5 1 -0.5 -0.444796 -0.588091 -0.196505 8.12721e+10
-2 1.5 -0.5 -0.307844 -0.623181 -0.178078 6.51493e+10
-1 -1.5 -0.5 -0.583147 -0.449666 -0.242907 3.72882e+10
-0.5 -1 -0.5 -0.633312 -0.430864 -0.178792 5.96967e+10
-1 -0.5 -0.5 -0.574774 -0.489033 -0.219805 6.17095e+10
-0.5 0 -0.5 -0.633437 -0.466924 -0.153009 9.85588e+10
-1 0.5 -0.5 -0.554648 -0.530284 -0.184589 9.35041e+10
-0.5 1 -0.5 -0.622145 -0.504296 -0.115245 1.46888e+11
-1 1.5 -0.5 -0.524536 -0.567595 -0.131513 1.27293e+11
0 -1.5 -0.5 -0.66586 -0.377767 -0.135278 5.29032e+10
0.5 -1 -0.5 -0.7095 -0.350616 -0.0707783 8.30927e+10
0 -0.5 -0.5 -0.683738 -0.405953 -0.112277 9.47382e+10
0.5 0 -0.5 -0.731619 -0.3743 -0.0434699 1.47813e+11
0 0.5 -0.5 -0.690074 -0.437573 -0.0827844 1.5462e+11
0.5 1 -0.5 -0.739876 -0.401901 -0.00909881 2.34392e+11
0 1.5 -0.5 -0.68172 -0.472084 -0.0407808 2.21845e+11
1 -1.5 -0.5 -0.717013 -0.301155 -0.0340331 6.73561e+10
1.5 -1 -0.5 -0.752753 -0.266713 0.0277081 1.02767e+11
1 -0.5 -0.5 -0.750356 -0.317298 -0.00497801 1.28309e+11
1.5 0 -0.5 -0.785324 -0.278369 0.0622171 1.92449e+11
1 0.5 -0.5 -0.773256 -0.336594 0.0276428 2.23645e+11
1.5 1 -0.5 -0.80451 -0.295901 0.100942 3.21398e+11
1 1.5 -0.5 -0.776904 -0.364536 0.0677496 3.34553e+11
2 -1.5 -0.5 -0.742663 -0.220226 0.05209 7.68245e+10
2.5 -1 -0.5 -0.769387 -0.180238 0.109176 1.12478e+11
2 -0.5 -0.5 -0.783079 -0.227257 0.0901182 1.52558e+11
2.5 0 -0.5 -0.805042 -0.184566 0.15359 2.17044e+11
2 0.5 -0.5 -0.811017 -0.236033 0.130945 2.75397e+11
2.5 1 -0.5 -0.824186 -0.194101 0.20109 3.67529e+11
2 1.5 -0.5 -0.821274 -0.25765 0.175659 4.26673e+11
-2.25 -0.75 -0.25 -0.368262 -0.643646 -0.416836 8.43659e+09
-2.25 0.25 -0.25 -0.283352 -0.681312 -0.349467 1.11145e+10
-2.25 1.25 -0.25 -0.196801 -0.683669 -0.246206 1.32178e+10
-1.75 -1.25 -0.25 -0.484465 -0.592777 -0.397204 9.09884e+09
-1.25 -0.75 -0.25 -0.537914 -0.583371 -0.332074 1.42067e+10
-1.75 -0.25 -0.25 -0.428008 -0.636041 -0.355754 1.31173e+10
-1.25 0.25 -0.25 -0.491743 -0.621304 -0.287268 2.02004e+10
-1.75 0.75 -0.25 -0.356797 -0.667159 -0.286536 1.69763e+10
-1.25 1.25 -0.25 -0.436939 -0.64246 -0.214097 2.55539e+10
-0.75 -1.25 -0.25 -0.613809 -0.534043 -0.292091 1.40162e+10
-0.25 -0.75 -0.25 -0.661518 -0.515263 -0.220711 2.16912e+10
-0.75 -0.25 -0.25 -0.59305 -0.567047 -0.261039 2.19804e+10
-0.25 0.25 -0.25 -0.648338 -0.541941 -0.184268 3.35392e+10
-0.75 0.75 -0.25 -0.557965 -0.596946 -0.211085 3.06532e+10
-0.25 1.25 -0.25 -0.623511 -0.560005 -0.127227 4.53497e+10
0.25 -1.25 -0.25 -0.700832 -0.470655 -0.176868 1.9402e+10
0.75 -0.75 -0.25 -0.740642 -0.441074 -0.10435 2.95063e+10
0.25 -0.25 -0.25 -0.708301 -0.488151 -0.145296 3.31365e+10
0.75 0.25 -0.25 -0.751881 -0.451513 -0.0665343 4.95802e+10
0.25 0.75 -0.25 -0.701043 -0.506245 -0.102266 5.00184e+10
0.75 1.25 -0.25 -0.74733 -0.459539 -0.0156154 7.17239e+10
1.25 -1.25 -0.25 -0.752319 -0.400509 -0.0682935 2.40674e+10
1.75 -0.75 -0.25 -0.783892 -0.360055 0.000730601 3.56717e+10
1.25 -0.25 -0.25 -0.777099 -0.402696 -0.0299811 4.39909e+10
1.75 0.25 -0.25 -0.807552 -0.356087 0.0456102 6.3524e+10
1.25 0.75 -0.25 -0.789109 -0.405666 0.0148378 7.16697e+10
1.75 1.25 -0.25 -0.816142 -0.353631 0.0980983 9.80364e+10
2.25 -1.25 -0.25 -0.775458 -0.32139 0.0220387 2.67082e+10
2.25 -0.25 -0.25 -0.810091 -0.312139 0.0699806 5.13476e+10
2.25 0.75 -0.25 -0.828768 -0.303762 0.122032 8.72042e+10
-2.5 -1.5 0 -0.456966 -0.196829 -0.3473 8.46873e+09
-2.5 -0.5 0 -0.453353 -0.238928 -0.302016 1.28709e+10
-2.5 0.5 0 -0.459513 -0.28087 -0.238636 1.8923e+10
-2.5 1.5 0 -0.483843 -0.337215 -0.165809 2.7667e+10
-1.5 -1.5 0 -0.584427 -0.139897 -0.263295 1.48506e+10
-2 -1 0 -0.527004 -0.19482 -0.291322 1.42733e+10
-1.5 -0.5 0 -0.601596 -0.197054 -0.232003 2.43492e+10
-2 0 0 -0.535928 -0.247105 -0.247346 2.20823e+10
-1.5 0.5 0 -0.61964 -0.260227 -0.188912 3.84451e+10
-2 1 0 -0.551956 -0.305069 -0.188683 3.3173e+10
-1.5 1.5 0 -0.636692 -0.330017 -0.13383 5.8661e+10
-0.5 -1.5 0 -0.685544 -0.0762186 -0.167139 2.42392e+10
-1 -1 0 -0.651586 -0.138419 -0.202264 2.51532e+10
-0.5 -0.5 0 -0.717406 -0.139741 -0.138763 4.28921e+10
-1 0 0 -0.675951 -0.202768 -0.169426 4.19688e+10
-0.5 0.5 0 -0.743821 -0.208448 -0.103327 7.25147e+10
-1 1 0 -0.696631 -0.273665 -0.126202 6.73386e+10
-0.5 1.5 0 -0.759125 -0.280992 -0.0579287 1.16205e+11
0.5 -1.5 0 -0.758308 -0.0113579 -0.0735816 3.63292e+10
0 -1 0 -0.74405 -0.0747071 -0.104802 4.0843e+10
0.5 -0.5 0 -0.79624 -0.0731613 -0.0406404 6.8609e+10
0 0 0 -0.776802 -0.141025 -0.0726109 7.31105e+10
0.5 0.5 0 -0.82505 -0.138355 -0.00327991 1.22718e+11
0 1 0 -0.799282 -0.209176 -0.0329667 1.234e+11
0.5 1.5 0 -0.837908 -0.202707 0.0422983 2.00919e+11
1.5 -1.5 0 -0.805209 0.0523729 0.0082964 4.95375e+10
1 -1 0 -0.804578 -0.00818242 -0.0126866 6.0104e+10
1.5 -0.5 0 -0.841406 -0.00210909 0.0497773 9.77416e+10
1 0 0 -0.838207 -0.0682511 0.0258315 1.13393e+11
1.5 0.5 0 -0.867204 -0.0575393 0.0951841 1.8054e+11
1 1 0 -0.858805 -0.129329 0.0697525 1.97932e+11
1.5 1.5 0 -0.87587 -0.114856 0.146146 2.96616e+11
2.5 -1.5 0 -0.830445 0.114845 0.0740404 6.09201e+10
2 -1 0 -0.837966 0.0592428 0.0661417 7.9234e+10
2.5 -0.5 0 -0.859835 0.0711364 0.125664 1.22429e+11
2 0 0 -0.866395 0.00920438 0.11446 1.534e+11
2.5 0.5 0 -0.877923 0.0269947 0.181908 2.26682e+11
2 1 0 -0.881488 -0.0401557 0.167614 2.68878e+11
2.5 1.5 0 -0.879289 -0.0166599 0.243069 3.62491e+11
-2.25 -1.25 0.25 -0.335124 -0.744689 -0.407679 3.23634e+09
-2.25 -0.25 0.25 -0.217179 -0.783205 -0.373248 4.44671e+09
-2.25 0.75 0.25 -0.0703207 -0.790645 -0.311057 5.47985e+09
-1.25 -1.25 0.25 -0.489169 -0.702946 -0.314639 5.2454e+09
-1.75 -0.75 0.25 -0.373802 -0.746413 -0.355738 5.04545e+09
-1.25 -0.25 0.25 -0.41503 -0.743465 -0.299175 7.78631e+09
-1.75 0.25 0.25 -0.262103 -0.780821 -0.323638 6.81086e+09
-1.25 0.75 0.25 -0.31321 -0.771377 -0.267919 1.02658e+10
-1.75 1.25 0.25 -0.128761 -0.777909 -0.262499 8.14279e+09
-0.25 -1.25 0.25 -0.598531 -0.654422 -0.200005 7.68502e+09
-0.75 -0.75 0.25 -0.526278 -0.697684 -0.253594 8.12368e+09
-0.25 -0.25 0.25 -0.564792 -0.685892 -0.188755 1.24031e+10
-0.75 0.25 0.25 -0.459254 -0.733894 -0.237728 1.18305e+10
-0.25 0.75 0.25 -0.506095 -0.714738 -0.17141 1.75386e+10
-0.75 1.25 0.25 -0.371091 -0.750426 -0.205082 1.50842e+10
0.75 -1.25 0.25 -0.667087 -0.599303 -0.0828113 1.00559e+10
0.25 -0.75 0.25 -0.631492 -0.639474 -0.134044 1.17166e+10
0.75 -0.25 0.25 -0.664397 -0.616236 -0.0658395 1.74932e+10
0.25 0.25 0.25 -0.604204 -0.665407 -0.120542 1.85217e+10
0.75 0.75 0.25 -0.642836 -0.634139 -0.0499062 2.6719e+10
0.25 1.25 0.25 -0.553722 -0.682129 -0.100607 2.50404e+10
1.75 -1.25 0.25 -0.702473 -0.535643 0.0225236 1.17036e+10
1.25 -0.75 0.25 -0.694782 -0.572812 -0.0166187 1.49438e+10
1.75 -0.25 0.25 -0.720798 -0.537429 0.0499967 2.15626e+10
1.25 0.25 0.25 -0.695739 -0.583465 0.00368942 2.52925e+10
1.75 0.75 0.25 -0.722955 -0.541294 0.0731693 3.48478e+10
1.25 1.25 0.25 -0.677481 -0.591283 0.0215345 3.66055e+10
2.25 -0.75 0.25 -0.724333 -0.497456 0.0848701 1.67616e+10
2.25 0.25 0.25 -0.743054 -0.493667 0.116063 2.98015e+10
2.25 1.25 0.25 -0.743075 -0.490391 0.140941 4.48417e+10
-2.5 -1 0.5 -0.381845 -0.37854 -0.335113 5.45479e+09
-2.5 0 0.5 -0.344643 -0.394417 -0.292147 8.01514e+09
-2.5 1 0.5 -0.333033 -0.39979 -0.229108 1.16876e+10
-2 -1.5 0.5 -0.47668 -0.337621 -0.310569 5.93319e+09
-1.5 -1 0.5 -0.538472 -0.330898 -0.257305 9.95624e+09
-2 -0.5 0.5 -0.45024 -0.374611 -0.286281 9.19388e+09
-1.5 0 0.5 -0.524804 -0.373834 -0.233406 1.5729e+10
-2 0.5 0.5 -0.429786 -0.40054 -0.245906 1.38377e+10
-1.5 1 0.5 -0.517877 -0.410218 -0.194433 2.43372e+10
-2 1.5 0.5 -0.433944 -0.424138 -0.18752 2.0864e+10
-1 -1.5 0.5 -0.604863 -0.272912 -0.217066 1.00951e+10
-0.5 -1 0.5 -0.662716 -0.265709 -0.159332 1.69501e+10
-1 -0.5 0.5 -0.603839 -0.326226 -0.200834 1.68753e+10
-0.5 0 0.5 -0.668753 -0.321942 -0.141048 2.87839e+10
-1 0.5 0.5 -0.600585 -0.374266 -0.176174 2.72265e+10
-0.5 1 0.5 -0.671116 -0.37094 -0.113956 4.71257e+10
-1 1.5 0.5 -0.600345 -0.416529 -0.136366 4.30713e+10
0 -1.5 0.5 -0.702227 -0.199383 -0.117778 1.58873e+10
0.5 -1 0.5 -0.751566 -0.190503 -0.058966 2.63746e+10
0 -0.5 0.5 -0.718963 -0.258643 -0.0992311 2.8521e+10
0.5 0 0.5 -0.769546 -0.248799 -0.0365602 4.76251e+10
0 0.5 0.5 -0.728194 -0.314405 -0.077672 4.88837e+10
0.5 1 0.5 -0.777255 -0.30002 -0.0104023 8.10235e+10
0 1.5 0.5 -0.729676 -0.35898 -0.0457914 7.97173e+10
1 -1.5 0.5 -0.770075 -0.122499 -0.0253103 2.2844e+10
1.5 -1 0.5 -0.808195 -0.110415 0.0322808 3.69563e+10
1 -0.5 0.5 -0.79514 -0.179299 0.0016548 4.33378e+10
1.5 0 0.5 -0.829788 -0.163378 0.0643708 6.93907e+10
1 0.5 0.5 -0.810653 -0.233336 0.0288775 7.75475e+10
1.5 1 0.5 -0.839311 -0.21115 0.0967842 1.20005e+11
1 1.5 0.5 -0.811608 -0.277984 0.0606134 1.27295e+11
2 -1.5 0.5 -0.812361 -0.0449256 0.0534933 2.97364e+10
2.5 -1 0.5 -0.838111 -0.0281727 0.108644 4.61079e+10
2 -0.5 0.5 -0.837848 -0.0941446 0.0914731 5.82285e+10
2.5 0 0.5 -0.856887 -0.0723218 0.152527 8.75894e+10
2 0.5 0.5 -0.853081 -0.141546 0.129136 1.05856e+11
2.5 1 0.5 -0.86307 -0.11282 0.195584 1.49638e+11
2 1.5 0.5 -0.853202 -0.180896 0.166449 1.70915e+11
-2.25 -0.75 0.75 -0.194114 -0.82262 -0.388174 2.31679e+09
-2.25 0.25 0.75 -0.0146998 -0.828914 -0.364173 2.94416e+09
-2.25 1.25 0.75 0.178347 -0.763824 -0.308111 3.37917e+09
-1.75 -1.25 0.75 -0.354136 -0.790244 -0.350633 2.5485e+09
-1.25 -0.75 0.75 -0.380751 -0.792754 -0.302225 3.93076e+09
-1.75 -0.25 0.75 -0.220127 -0.825065 -0.349088 3.54563e+09
-1.25 0.25 0.75 -0.249988 -0.823047 -0.306351 5.34037e+09
-1.75 0.75 0.75 -0.0456195 -0.821805 -0.331609 4.38285e+09
-1.25 1.25 0.75 -0.089637 -0.80524 -0.291175 6.38942e+09
-0.75 -1.25 0.75 -0.495068 -0.75049 -0.240238 3.97481e+09
-0.25 -0.75 0.75 -0.521103 -0.746302 -0.182136 6.06226e+09
-0.75 -0.25 0.75 -0.409268 -0.791071 -0.250493 5.9724e+09
-0.25 0.25 0.75 -0.440414 -0.783011 -0.195418 8.86857e+09
-0.75 0.75 0.75 -0.285669 -0.813516 -0.258833 7.85257e+09
-0.25 1.25 0.75 -0.329263 -0.790075 -0.205003 1.11638e+10
0.25 -1.25 0.75 -0.591628 -0.700975 -0.11403 5.57616e+09
0.75 -0.75 0.75 -0.614562 -0.686816 -0.0504805 8.31842e+09
0.25 -0.25 0.75 -0.548278 -0.735957 -0.121357 9.04866e+09
0.75 0.25 0.75 -0.576201 -0.717245 -0.0590298 1.30781e+10
0.25 0.75 0.75 -0.474337 -0.76495 -0.137575 1.2732e+10
0.75 1.25 0.75 -0.511457 -0.730755 -0.0778692 1.74672e+10
1.25 -1.25 0.75 -0.649301 -0.641729 0.0100808 6.96053e+09
1.75 -0.75 0.75 -0.667599 -0.61567 0.0741192 1.0037e+10
1.25 -0.25 0.75 -0.637281 -0.664818 0.0139912 1.20395e+10
1.75 0.25 0.75 -0.658633 -0.633866 0.0773462 1.66933e+10
1.25 0.75 0.75 -0.60392 -0.687617 0.002714 1.80599e+10
1.75 1.25 0.75 -0.631888 -0.643152 0.0616837 2.359e+10
2.25 -1.25 0.75 -0.675831 -0.571669 0.118807 7.69149e+09
2.25 -0.25 0.75 -0.684057 -0.581343 0.136945 1.39009e+10
2.25 0.75 0.75 -0.677885 -0.592928 0.136829 2.18893e+10
-2.5 -1.5 1 -0.327037 -0.525453 -0.356461 2.39897e+09
-2.5 -0.5 1 -0.242573 -0.530561 -0.339872 3.46498e+09
-2.5 0.5 1 -0.174746 -0.496613 -0.299758 4.91412e+09
-2.5 1.5 1 -0.167241 -0.449942 -0.230192 7.21671e+09
-1.5 -1.5 1 -0.488541 -0.467862 -0.27214 4.22818e+09
-2 -1 1 -0.378779 -0.514563 -0.31584 3.94293e+09
-1.5 -0.5 1 -0.438826 -0.504254 -0.271133 6.55662e+09
-2 0 1 -0.311285 -0.521688 -0.301609 5.79766e+09
-1.5 0.5 1 -0.391059 -0.515642 -0.25696 9.90416e+09
-2 1 1 -0.271739 -0.50017 -0.261924 8.55188e+09
-1.5 1.5 1 -0.377676 -0.508753 -0.214142 1.53449e+10
-0.5 -1.5 1 -0.617988 -0.391588 -0.170091 6.97375e+09
-1 -1 1 -0.542035 -0.456547 -0.22292 6.99342e+09
-0.5 -0.5 1 -0.599001 -0.445022 -0.170326 1.16355e+10
-1 0 1 -0.505455 -0.494345 -0.221681 1.10353e+10
-0.5 0.5 1 -0.574867 -0.482463 -0.16688 1.87168e+10
-1 1 1 -0.476989 -0.509694 -0.204595 1.72293e+10
-0.5 1.5 1 -0.562152 -0.496969 -0.142941 3.01836e+10
0.5 -1.5 1 -0.714131 -0.30569 -0.0671764 1.05895e+10
0 -1 1 -0.667702 -0.378798 -0.116007 1.14875e+10
0.5 -0.5 1 -0.716148 -0.363956 -0.0595009 1.88369e+10
0 0 1 -0.656272 -0.431211 -0.114188 1.93654e+10
0.5 0.5 1 -0.709835 -0.411873 -0.0544713 3.18539e+10
0 1 1 -0.641894 -0.464206 -0.106136 3.16134e+10
0.5 1.5 1 -0.701065 -0.436167 -0.0387774 5.22965e+10
1.5 -1.5 1 -0.780047 -0.215917 0.0260868 1.46243e+10
1 -1 1 -0.755885 -0.290008 -0.0114483 1.71402e+10
1.5 -0.5 1 -0.79253 -0.270478 0.0459878 2.72164e+10
1 0 1 -0.760011 -0.344528 -0.000661295 3.0384e+10
1.5 0.5 1 -0.796171 -0.318619 0.060002 4.73453e+10
1 1 1 -0.755689 -0.384511 0.00855642 5.08369e+10
1.5 1.5 1 -0.791278 -0.348122 0.0743032 7.74689e+10
2.5 -1.5 1 -0.820198 -0.125344 0.104726 1.81954e+10
2 -1 1 -0.811174 -0.195982 0.0813068 2.2894e+10
2.5 -0.5 1 -0.834536 -0.17107 0.137784 3.4546e+10
2 0 1 -0.821421 -0.245508 0.104789 4.1676e+10
2.5 0.5 1 -0.840583 -0.213868 0.164138 6.02429e+10
2 1 1 -0.822442 -0.284869 0.121461 6.97671e+10
2.5 1.5 1 -0.835925 -0.240772 0.184051 9.49891e+10
-2.25 -1.25 1.25 -0.196104 -0.851416 -0.383185 1.23689e+09
-2.25 -0.25 1.25 0.00379132 -0.85696 -0.394513 1.61141e+09
-2.25 0.75 1.25 0.24586 -0.784606 -0.385077 1.88642e+09
-1.25 -1.25 1.25 -0.371448 -0.825324 -0.285861 2.03113e+09
-1.75 -0.75 1.25 -0.209085 -0.855957 -0.35276 1.88575e+09
-1.25 -0.25 1.25 -0.223485 -0.857719 -0.32083 2.82794e+09
-1.75 0.25 1.25 -0.00538475 -0.85216 -0.376288 2.38751e+09
-1.25 0.75 1.25 -0.0224109 -0.841435 -0.353825 3.45877e+09
-1.75 1.25 1.25 0.221496 -0.759301 -0.369513 2.71274e+09
-0.25 -1.25 1.25 -0.501954 -0.782694 -0.157526 3.03612e+09
-0.75 -0.75 1.25 -0.388431 -0.827462 -0.24179 3.07253e+09
-0.25 -0.25 1.25 -0.406909 -0.82563 -0.195538 4.54066e+09
-0.75 0.25 1.25 -0.241177 -0.855065 -0.286473 4.13975e+09
-0.25 0.75 1.25 -0.265062 -0.84448 -0.248052 5.86888e+09
-0.75 1.25 1.25 -0.0569627 -0.820563 -0.320605 4.88976e+09
0.75 -1.25 1.25 -0.588519 -0.725968 -0.0192162 4.05927e+09
0.25 -0.75 1.25 -0.519275 -0.777662 -0.10249 4.50874e+09
0.75 -0.25 1.25 -0.537336 -0.766726 -0.0461727 6.48436e+09
0.25 0.25 1.25 -0.427646 -0.817545 -0.147514 6.49053e+09
0.75 0.75 1.25 -0.452433 -0.798939 -0.0983183 8.89617e+09
0.25 1.25 1.25 -0.302765 -0.818823 -0.201257 8.06898e+09
1.75 -1.25 1.25 -0.637843 -0.655953 0.111649 4.80347e+09
1.25 -0.75 1.25 -0.603226 -0.710078 0.041836 5.84605e+09
1.75 -0.25 1.25 -0.617481 -0.686766 0.101998 8.0763e+09
1.25 0.25 1.25 -0.556194 -0.747734 0.00944239 8.92963e+09
1.75 0.75 1.25 -0.57745 -0.717255 0.0621231 1.1696e+10
1.25 1.25 1.25 -0.487189 -0.763196 -0.0460506 1.1778e+10
2.25 -0.75 1.25 -0.647809 -0.627438 0.173151 6.62211e+09
2.25 0.25 1.25 -0.63139 -0.654694 0.158428 1.05917e+10
2.25 1.25 1.25 -0.604267 -0.669982 0.11064 1.45643e+10
-2.5 -1 1.5 -0.170351 -0.666804 -0.371419 1.60758e+09
-2.5 0 1.5 -0.0375038 -0.619162 -0.365282 2.18429e+09
-2.5 1 1.5 0.0392434 -0.510898 -0.318008 3.02934e+09
-2 -1.5 1.5 -0.329584 -0.643056 -0.329137 1.81781e+09
-1.5 -1 1.5 -0.372819 -0.630534 -0.294199 2.92651e+09
-2 -0.5 1.5 -0.21631 -0.652181 -0.344753 2.58727e+09
-1.5 0 1.5 -0.276175 -0.636903 -0.311577 4.22966e+09
-2 0.5 1.5 -0.111918 -0.60409 -0.337937 3.62108e+09
-1.5 1 1.5 -0.209442 -0.595602 -0.297176 6.2304e+09
-2 1.5 1.5 -0.0860788 -0.523674 -0.281044 5.39912e+09
-1 -1.5 1.5 -0.494664 -0.574323 -0.231763 3.11078e+09
-0.5 -1 1.5 -0.540649 -0.560546 -0.187161 5.02094e+09
-1 -0.5 1.5 -0.424335 -0.616575 -0.254814 4.74684e+09
-0.5 0 1.5 -0.48353 -0.600292 -0.209727 7.7573e+09
-1 0.5 1.5 -0.350267 -0.621127 -0.269158 7.05308e+09
-0.5 1 1.5 -0.436289 -0.602102 -0.215103 1.20106e+10
-1 1.5 1.5 -0.325214 -0.590837 -0.240585 1.11812e+10
0 -1.5 1.5 -0.624841 -0.486315 -0.122308 4.95997e+09
0.5 -1 1.5 -0.667895 -0.469799 -0.0718898 7.93127e+09
0 -0.5 1.5 -0.590374 -0.544504 -0.139008 8.10037e+09
0.5 0 1.5 -0.641657 -0.523885 -0.0870897 1.29798e+10
0 0.5 1.5 -0.548332 -0.579028 -0.157763 1.27322e+10
0.5 1 1.5 -0.615703 -0.548919 -0.0979462 2.08735e+10
0 1.5 1.5 -0.529368 -0.574243 -0.148275 2.08285e+10
1 -1.5 1.5 -0.720717 -0.388773 -0.0159002 7.25101e+09
1.5 -1 1.5 -0.756401 -0.36808 0.0370453 1.13188e+10
1 -0.5 1.5 -0.710217 -0.449513 -0.0191529 1.25193e+10
1.5 0 1.5 -0.749351 -0.423261 0.035377 1.92739e+10
1 0.5 1.5 -0.691865 -0.49573 -0.0314404 2.04572e+10
1.5 1 1.5 -0.738816 -0.457843 0.0276429 3.14515e+10
1 1.5 1.5 -0.682122 -0.507807 -0.0302517 3.40806e+10
2 -1.5 1.5 -0.786028 -0.287656 0.0790072 9.59831e+09
2.5 -1 1.5 -0.811365 -0.261602 0.132158 1.43846e+10
2 -0.5 1.5 -0.787687 -0.342401 0.0911871 1.71646e+10
2.5 0 1.5 -0.812665 -0.310203 0.145532 2.48875e+10
2 0.5 1.5 -0.783339 -0.389172 0.0907299 2.85482e+10
2.5 1 1.5 -0.810234 -0.34419 0.146761 4.00195e+10
2 1.5 1.5 -0.779287 -0.406784 0.0906716 4.64807e+10
