449
-2.5 -1 -1.5 0.517903 -0.383787 0.402085 4.01425e+09
-2.5 0 -1.5 0.51001 -0.364442 0.432352 3.52996e+09
-2.5 1 -1.5 0.482081 -0.363581 0.463836 3.10254e+09
-2 -1.5 -1.5 0.542525 -0.350279 0.369842 4.90406e+09
-1.5 -1 -1.5 0.57525 -0.256689 0.362172 5.49199e+09
-2 -0.5 -1.5 0.545614 -0.319478 0.389811 4.41186e+09
-1.5 0 -1.5 0.565802 -0.243679 0.374004 5.05844e+09
-2 0.5 -1.5 0.528441 -0.313198 0.412496 3.95986e+09
-1.5 1 -1.5 0.545066 -0.248963 0.389516 4.59523e+09
-2 1.5 -1.5 0.49649 -0.320914 0.437703 3.51286e+09
-1 -1.5 -1.5 0.599746 -0.170229 0.354701 6.82117e+09
-0.5 -1 -1.5 0.607229 -0.029082 0.356154 8.30487e+09
-1 -0.5 -1.5 0.592261 -0.151485 0.353197 6.46285e+09
-0.5 0 -1.5 0.596368 -0.0350222 0.344859 7.9942e+09
-1 0.5 -1.5 0.579438 -0.154739 0.356737 6.04219e+09
-0.5 1 -1.5 0.585631 -0.0526921 0.339844 7.4674e+09
-1 1.5 -1.5 0.558922 -0.170164 0.365153 5.49505e+09
0 -1.5 -1.5 0.603987 0.113496 0.387761 1.08322e+10
0.5 -1 -1.5 0.564886 0.286819 0.404432 1.48739e+10
0 -0.5 -1.5 0.593989 0.118415 0.360125 1.07515e+10
0.5 0 -1.5 0.56098 0.264586 0.36696 1.45048e+10
0 0.5 -1.5 0.587435 0.0902326 0.338766 1.02701e+10
0.5 1 -1.5 0.568499 0.22244 0.333752 1.38883e+10
0 1.5 -1.5 0.583742 0.061747 0.323933 9.58527e+09
1 -1.5 -1.5 0.501605 0.414476 0.465503 1.99056e+10
1.5 -1 -1.5 0.420863 0.524442 0.476342 2.83244e+10
1 -0.5 -1.5 0.500772 0.434109 0.419889 2.10969e+10
1.5 0 -1.5 0.432163 0.551179 0.426884 3.1466e+10
1 0.5 -1.5 0.517881 0.404118 0.371908 2.09019e+10
1.5 1 -1.5 0.469165 0.529147 0.370029 3.1424e+10
1 1.5 -1.5 0.544423 0.364271 0.326078 2.00149e+10
2 -1.5 -1.5 0.359627 0.518432 0.514187 3.00107e+10
2.5 -1 -1.5 0.288878 0.581641 0.508234 4.08575e+10
2 -0.5 -1.5 0.346119 0.606753 0.477086 4.10497e+10
2.5 0 -1.5 0.286318 0.657808 0.467157 5.6945e+10
2 0.5 -1.5 0.370425 0.629627 0.422934 4.6233e+10
2.5 1 -1.5 0.318107 0.682463 0.409495 6.33943e+10
2 1.5 -1.5 0.420551 0.616243 0.357617 4.45019e+10
-2.25 -0.75 -1.25 -0.129716 0.263311 0.681561 1.32957e+09
-2.25 0.25 -1.25 -0.0957958 0.325621 0.682575 1.24453e+09
-2.25 1.25 -1.25 -0.0506276 0.391118 0.678794 1.18015e+09
-1.75 -1.25 -1.25 -0.135351 0.251787 0.673366 1.62148e+09
-1.25 -0.75 -1.25 -0.120934 0.303738 0.663834 1.91611e+09
-1.75 -0.25 -1.25 -0.108852 0.314078 0.669219 1.53715e+09
-1.25 0.25 -1.25 -0.092552 0.370058 0.654456 1.86905e+09
-1.75 0.75 -1.25 -0.0723936 0.381063 0.66339 1.47792e+09
-1.25 1.25 -1.25 -0.0522253 0.440663 0.641093 1.83149e+09
-0.75 -1.25 -1.25 -0.133158 0.300581 0.668138 2.43842e+09
-0.25 -0.75 -1.25 -0.133664 0.361753 0.660668 3.16592e+09
-0.75 -0.25 -1.25 -0.112356 0.361371 0.653177 2.39716e+09
-0.25 0.25 -1.25 -0.105587 0.426073 0.639851 3.16933e+09
-0.75 0.75 -1.25 -0.0787522 0.431711 0.636998 2.38496e+09
-0.25 1.25 -1.25 -0.0707678 0.493462 0.618838 3.16569e+09
0.25 -1.25 -1.25 -0.150073 0.376011 0.675879 4.32352e+09
0.75 -0.75 -1.25 -0.176247 0.443134 0.665873 6.35459e+09
0.25 -0.25 -1.25 -0.136762 0.432044 0.649903 4.39735e+09
0.75 0.25 -1.25 -0.147967 0.494746 0.640168 6.32501e+09
0.25 0.75 -1.25 -0.105148 0.488067 0.62711 4.35453e+09
0.75 1.25 -1.25 -0.104524 0.554095 0.609042 6.26857e+09
1.25 -1.25 -1.25 -0.240735 0.410528 0.675014 8.14609e+09
1.75 -0.75 -1.25 -0.262706 0.456911 0.651468 1.10001e+10
1.25 -0.25 -1.25 -0.20337 0.499237 0.653464 9.33599e+09
1.75 0.25 -1.25 -0.237615 0.545685 0.628125 1.37146e+10
1.25 0.75 -1.25 -0.159663 0.567091 0.619008 9.70282e+09
1.75 1.25 -1.25 -0.187061 0.625681 0.586239 1.51936e+10
2.25 -1.25 -1.25 -0.344964 0.413114 0.644191 1.22192e+10
2.25 -0.25 -1.25 -0.299367 0.497167 0.623012 1.52172e+10
2.25 0.75 -1.25 -0.263506 0.571687 0.591452 1.80341e+10
-2.5 -1.5 -1 0.546457 -0.428686 0.397895 1.16978e+10
-2.5 -0.5 -1 0.552739 -0.396493 0.429921 1.03532e+10
-2.5 0.5 -1 0.530434 -0.391245 0.464269 9.21496e+09
-2.5 1.5 -1 0.486767 -0.403034 0.498992 8.15836e+09
-1.5 -1.5 -1 0.614313 -0.298002 0.375824 1.51479e+10
-2 -1 -1 0.587092 -0.355407 0.395048 1.25785e+10
-1.5 -0.5 -1 0.615781 -0.274227 0.390458 1.41821e+10
-2 0 -1 0.577441 -0.342092 0.420843 1.1456e+10
-1.5 0.5 -1 0.596996 -0.280045 0.40922 1.31319e+10
-2 1 -1 0.54662 -0.352171 0.448634 1.03427e+10
-1.5 1.5 -1 0.561786 -0.304584 0.430059 1.19401e+10
-0.5 -1.5 -1 0.652835 -0.0666274 0.388555 2.15634e+10
-1 -1 -1 0.642037 -0.184231 0.377766 1.74795e+10
-0.5 -0.5 -1 0.649048 -0.0648006 0.380151 2.11697e+10
-1 0 -1 0.633077 -0.185298 0.384658 1.66661e+10
-0.5 0.5 -1 0.640287 -0.0882002 0.37762 2.03993e+10
-1 1 -1 0.611812 -0.209018 0.395367 1.55694e+10
-0.5 1.5 -1 0.6218 -0.12819 0.379429 1.90146e+10
0.5 -1.5 -1 0.596201 0.241033 0.44947 3.55884e+10
0 -1 -1 0.639311 0.0870194 0.40162 2.71923e+10
0.5 -0.5 -1 0.603161 0.237457 0.414536 3.65735e+10
0 0 -1 0.639304 0.059021 0.382283 2.6949e+10
0.5 0.5 -1 0.615028 0.184797 0.38363 3.54825e+10
0 1 -1 0.637887 0.0164733 0.369245 2.57966e+10
0.5 1.5 -1 0.625325 0.126969 0.35918 3.38264e+10
1.5 -1.5 -1 0.423513 0.529547 0.532822 6.81556e+10
1 -1 -1 0.531244 0.410909 0.469714 5.1714e+10
1.5 -0.5 -1 0.447984 0.545354 0.482296 7.66325e+10
1 0 -1 0.548621 0.379514 0.425567 5.09349e+10
1.5 0.5 -1 0.485799 0.509168 0.430678 7.64457e+10
1 1 -1 0.579233 0.309839 0.382547 4.9184e+10
1.5 1.5 -1 0.544362 0.439635 0.372595 7.30822e+10
2.5 -1.5 -1 0.311989 0.582075 0.548016 8.59662e+10
2 -1 -1 0.343094 0.613412 0.531976 9.7849e+10
2.5 -0.5 -1 0.283964 0.674769 0.518074 1.38294e+11
2 0 -1 0.364037 0.649339 0.484239 1.20268e+11
2.5 0.5 -1 0.302631 0.713392 0.470559 1.77436e+11
2 1 -1 0.429043 0.61955 0.422303 1.19228e+11
2.5 1.5 -1 0.382949 0.696191 0.400613 1.75144e+11
-2.25 -1.25 -0.75 -0.0606758 0.174711 0.662574 4.46545e+09
-2.25 -0.25 -0.75 -0.0371131 0.233153 0.66941 4.17394e+09
-2.25 0.75 -0.75 -0.00518297 0.293945 0.672983 3.96872e+09
-1.25 -1.25 -0.75 -0.0392686 0.224755 0.654153 6.11948e+09
-1.75 -0.75 -0.75 -0.0379835 0.226976 0.657199 5.04246e+09
-1.25 -0.25 -0.75 -0.0199009 0.285958 0.64984 6.02067e+09
-1.75 0.25 -0.75 -0.0129993 0.288396 0.657802 4.87466e+09
-1.25 0.75 -0.75 0.00608766 0.345548 0.643924 5.94017e+09
-1.75 1.25 -0.75 0.0198956 0.34851 0.653775 4.72616e+09
-0.25 -1.25 -0.75 -0.041828 0.30787 0.661047 9.60842e+09
-0.75 -0.75 -0.75 -0.0284462 0.29027 0.650472 7.51271e+09
-0.25 -0.25 -0.75 -0.0247018 0.355471 0.645488 9.70438e+09
-0.75 0.25 -0.75 -0.00760127 0.346482 0.640857 7.53303e+09
-0.25 0.75 -0.75 0.00206202 0.41183 0.628863 9.87412e+09
-0.75 1.25 -0.75 0.0218113 0.405882 0.627516 7.54154e+09
0.75 -1.25 -0.75 -0.0662488 0.418726 0.67704 1.77752e+10
0.25 -0.75 -0.75 -0.0480937 0.378657 0.658314 1.29419e+10
0.75 -0.25 -0.75 -0.0568343 0.458834 0.650117 1.85644e+10
0.25 0.25 -0.75 -0.0226707 0.427011 0.636406 1.32196e+10
0.75 0.75 -0.75 -0.0228805 0.491307 0.624991 1.85623e+10
0.25 1.25 -0.75 0.00738918 0.474532 0.614713 1.34035e+10
1.75 -1.25 -0.75 -0.16291 0.489695 0.667733 3.35358e+10
1.25 -0.75 -0.75 -0.100434 0.492875 0.66749 2.72333e+10
1.75 -0.25 -0.75 -0.118848 0.557448 0.647626 3.97419e+10
1.25 0.25 -0.75 -0.0630407 0.527488 0.637708 2.73104e+10
1.75 0.75 -0.75 -0.0753776 0.60851 0.615967 4.34679e+10
1.25 1.25 -0.75 -0.0186315 0.558195 0.606854 2.72836e+10
2.25 -0.75 -0.75 -0.185723 0.562382 0.63943 4.90033e+10
2.25 0.25 -0.75 -0.138951 0.618599 0.614966 5.94371e+10
2.25 1.25 -0.75 -0.110359 0.656136 0.583011 6.5953e+10
-2.5 -1 -0.5 0.373492 -0.245357 0.494152 2.18973e+10
-2.5 0 -0.5 0.369824 -0.216255 0.521264 1.99343e+10
-2.5 1 -0.5 0.349446 -0.197218 0.549029 1.81901e+10
-2 -1.5 -0.5 0.389138 -0.219144 0.472027 2.5842e+10
-1.5 -1 -0.5 0.413182 -0.139028 0.471282 2.88243e+10
-2 -0.5 -0.5 0.396023 -0.185261 0.489664 2.40591e+10
-1.5 0 -0.5 0.408979 -0.117047 0.483637 2.76254e+10
-2 0.5 -0.5 0.382954 -0.165467 0.511027 2.2442e+10
-1.5 1 -0.5 0.390436 -0.107493 0.498488 2.6125e+10
-2 1.5 -0.5 0.35749 -0.153077 0.532239 2.07388e+10
-1 -1.5 -0.5 0.415409 -0.0735411 0.470838 3.431e+10
-0.5 -1 -0.5 0.413601 0.038897 0.475886 4.15967e+10
-1 -0.5 -0.5 0.421516 -0.0503315 0.47037 3.39018e+10
-0.5 0 -0.5 0.415072 0.0438789 0.468962 4.16257e+10
-1 0.5 -0.5 0.412454 -0.0418737 0.47617 3.29544e+10
-0.5 1 -0.5 0.407528 0.041156 0.466935 4.08415e+10
-1 1.5 -0.5 0.392586 -0.0412487 0.48378 3.14137e+10
0 -1.5 -0.5 0.379897 0.151466 0.503544 5.13095e+10
0.5 -1 -0.5 0.332748 0.284441 0.515491 6.82463e+10
0 -0.5 -0.5 0.389812 0.153238 0.481429 5.29058e+10
0.5 0 -0.5 0.351279 0.26792 0.484875 7.09721e+10
0 0.5 -0.5 0.396819 0.143788 0.465973 5.34707e+10
0.5 1 -0.5 0.370231 0.247446 0.460655 7.09806e+10
0 1.5 -0.5 0.395655 0.131178 0.455411 5.22946e+10
1 -1.5 -0.5 0.229056 0.397392 0.567496 8.78168e+10
1.5 -1 -0.5 0.1758 0.517973 0.56727 1.29442e+11
1 -0.5 -0.5 0.274696 0.40661 0.522166 9.68748e+10
1.5 0 -0.5 0.213216 0.521646 0.52353 1.40172e+11
1 0.5 -0.5 0.304379 0.381311 0.485565 9.78898e+10
1.5 1 -0.5 0.247764 0.487287 0.482126 1.4181e+11
1 1.5 -0.5 0.333304 0.350201 0.452406 9.75951e+10
2 -1.5 -0.5 0.0558545 0.588485 0.608324 1.50906e+11
2.5 -1 -0.5 0.0169097 0.622948 0.582882 1.94269e+11
2 -0.5 -0.5 0.111614 0.615163 0.560663 1.94086e+11
2.5 0 -0.5 0.0646072 0.6939 0.543629 2.94927e+11
2 0.5 -0.5 0.157825 0.620232 0.515005 2.15491e+11
2.5 1 -0.5 0.128612 0.705238 0.490092 3.29777e+11
2 1.5 -0.5 0.212238 0.585983 0.462211 2.16165e+11
-2.25 -0.75 -0.25 0.0657011 0.111603 0.626198 7.05255e+09
-2.25 0.25 -0.25 0.0817606 0.168543 0.638642 6.72112e+09
-2.25 1.25 -0.25 0.100728 0.223148 0.645643 6.45122e+09
-1.75 -1.25 -0.25 0.0797661 0.114131 0.611859 8.31205e+09
-1.25 -0.75 -0.25 0.10254 0.182517 0.609558 9.70829e+09
-1.75 -0.25 -0.25 0.0921688 0.171636 0.620121 8.08335e+09
-1.25 0.25 -0.25 0.1138 0.235363 0.611509 9.70921e+09
-1.75 0.75 -0.25 0.107048 0.224988 0.625274 7.89643e+09
-1.25 1.25 -0.25 0.127277 0.28141 0.609267 9.62038e+09
-0.75 -1.25 -0.25 0.109128 0.20484 0.608592 1.16766e+10
-0.25 -0.75 -0.25 0.117496 0.292727 0.607118 1.48813e+10
-0.75 -0.25 -0.25 0.119001 0.256107 0.605018 1.19687e+10
-0.25 0.25 -0.25 0.128784 0.326406 0.597111 1.54144e+10
-0.75 0.75 -0.25 0.129389 0.298403 0.600187 1.21459e+10
-0.25 1.25 -0.25 0.141387 0.364628 0.585166 1.57794e+10
0.25 -1.25 -0.25 0.100228 0.353117 0.619543 1.907e+10
0.75 -0.75 -0.25 0.0917604 0.435847 0.611749 2.64783e+10
0.25 -0.25 -0.25 0.118504 0.372091 0.600887 1.98461e+10
0.75 0.25 -0.25 0.112866 0.458348 0.588644 2.77191e+10
0.25 0.75 -0.25 0.134559 0.401801 0.584262 2.06963e+10
0.75 1.25 -0.25 0.140785 0.472234 0.56559 2.88104e+10
1.25 -1.25 -0.25 0.0651526 0.495069 0.629849 3.43381e+10
1.75 -0.75 -0.25 0.0028323 0.568926 0.618982 5.13698e+10
1.25 -0.25 -0.25 0.0721196 0.534194 0.598776 3.87145e+10
1.75 0.25 -0.25 0.0844775 0.611679 0.572256 5.83844e+10
1.25 0.75 -0.25 0.11802 0.531366 0.567881 3.99149e+10
1.75 1.25 -0.25 0.133716 0.599008 0.537021 5.85341e+10
2.25 -1.25 -0.25 -0.00124701 0.607184 0.603272 5.1884e+10
2.25 -0.25 -0.25 0.0258908 0.655291 0.581898 7.53973e+10
2.25 0.75 -0.25 0.0634952 0.685119 0.547813 8.84412e+10
-2.5 -1.5 0 0.281611 -0.187718 0.519893 3.49028e+10
-2.5 -0.5 0 0.294554 -0.149387 0.540729 3.22572e+10
-2.5 0.5 0 0.289372 -0.11829 0.564204 3.00192e+10
-2.5 1.5 0 0.273492 -0.0911361 0.586011 2.78847e+10
-1.5 -1.5 0 0.311832 -0.0837824 0.507422 4.37757e+10
-2 -1 0 0.308686 -0.124202 0.517006 3.78071e+10
-1.5 -0.5 0 0.323163 -0.0515501 0.512893 4.30232e+10
-2 0 0 0.310254 -0.0925162 0.533008 3.6079e+10
-1.5 0.5 0 0.317685 -0.0283027 0.523324 4.19781e+10
-2 1 0 0.299229 -0.067004 0.550239 3.42349e+10
-1.5 1.5 0 0.303819 -0.00909186 0.533632 4.02752e+10
-0.5 -1.5 0 0.29484 0.0882778 0.521001 5.95014e+10
-1 -1 0 0.320979 0.00711999 0.507373 5.08324e+10
-0.5 -0.5 0 0.31211 0.105947 0.507568 6.2438e+10
-1 0 0 0.325065 0.0289071 0.507946 5.12812e+10
-0.5 0.5 0 0.315675 0.113918 0.501061 6.35212e+10
-1 1 0 0.316925 0.0418612 0.51149 5.05776e+10
-0.5 1.5 0 0.309311 0.119551 0.497558 6.30378e+10
0.5 -1.5 0 0.198806 0.324169 0.561799 9.1297e+10
0 -1 0 0.271081 0.207526 0.525929 7.60134e+10
0.5 -0.5 0 0.228362 0.319614 0.528235 1.00528e+11
0 0 0 0.288257 0.205381 0.505681 7.97945e+10
0.5 0.5 0 0.254859 0.309204 0.501307 1.06903e+11
0 1 0 0.297816 0.205858 0.492022 8.18898e+10
0.5 1.5 0 0.274946 0.303109 0.47933 1.09086e+11
1.5 -1.5 0 -0.048151 0.566836 0.627432 1.38691e+11
1 -1 0 0.141941 0.442236 0.56513 1.2409e+11
1.5 -0.5 0 0.0797868 0.54164 0.562091 1.79323e+11
1 0 0 0.177419 0.430793 0.52689 1.40545e+11
1.5 0.5 0 0.130169 0.53974 0.519327 1.97813e+11
1 1 0 0.218615 0.414847 0.492521 1.47074e+11
1.5 1.5 0 0.176126 0.513539 0.47925 2.05892e+11
2.5 -1.5 0 -0.26434 0.598502 0.618343 1.47265e+11
2 -1 0 -0.140298 0.615342 0.616979 1.7696e+11
2.5 -0.5 0 -0.169725 0.663298 0.589483 2.31023e+11
2 0 0 0.0306312 0.63567 0.549376 2.50296e+11
2.5 0.5 0 -0.0313244 0.721722 0.536537 3.61682e+11
2 1 0 0.0734109 0.638814 0.509263 2.84798e+11
2.5 1.5 0 0.031689 0.730575 0.487255 3.93282e+11
-2.25 -1.25 0.25 0.152787 0.000718762 0.58373 9.75993e+09
-2.25 -0.25 0.25 0.163599 0.0569138 0.600099 9.34527e+09
-2.25 0.75 0.25 0.171749 0.107057 0.613457 9.00398e+09
-1.25 -1.25 0.25 0.205441 0.0915074 0.565784 1.27393e+10
-1.75 -0.75 0.25 0.1851 0.0679972 0.578791 1.09609e+10
-1.25 -0.25 0.25 0.212004 0.139728 0.570611 1.29403e+10
-1.75 0.25 0.25 0.191832 0.116981 0.588583 1.08138e+10
-1.25 0.75 0.25 0.214795 0.177772 0.573724 1.29992e+10
-1.75 1.25 0.25 0.196186 0.159959 0.594663 1.06038e+10
-0.25 -1.25 0.25 0.236306 0.234627 0.558449 1.81433e+10
-0.75 -0.75 0.25 0.229161 0.177776 0.560039 1.53786e+10
-0.25 -0.25 0.25 0.242406 0.265653 0.550442 1.94997e+10
-0.75 0.25 0.25 0.231895 0.212638 0.558992 1.59487e+10
-0.25 0.75 0.25 0.247982 0.284142 0.542002 2.03906e+10
-0.75 1.25 0.25 0.234006 0.238106 0.554888 1.61523e+10
0.75 -1.25 0.25 0.198807 0.443164 0.561269 2.96904e+10
0.25 -0.75 0.25 0.239596 0.344934 0.549361 2.38783e+10
0.75 -0.25 0.25 0.243228 0.442278 0.529283 3.23281e+10
0.25 0.25 0.25 0.25442 0.347673 0.532812 2.56125e+10
0.75 0.75 0.25 0.255748 0.432204 0.510873 3.49074e+10
0.25 1.25 0.25 0.259042 0.358955 0.520327 2.69715e+10
1.75 -1.25 0.25 0.125398 0.606986 0.55441 2.67271e+10
1.25 -0.75 0.25 0.194061 0.534239 0.537034 4.05244e+10
1.75 -0.25 0.25 0.140498 0.613631 0.523859 5.63814e+10
1.25 0.25 0.25 0.221467 0.533825 0.50869 4.52186e+10
1.75 0.75 0.25 0.222082 0.622195 0.475112 6.37943e+10
1.25 1.25 0.25 0.263483 0.514991 0.478952 4.88119e+10
2.25 -0.75 0.25 0.122422 0.642624 0.532013 3.22429e+10
2.25 0.25 0.25 0.140067 0.690564 0.489406 7.46608e+10
2.25 1.25 0.25 0.189529 0.696631 0.443087 8.41854e+10
-2.5 -1 0.5 0.251408 -0.126878 0.544189 4.20401e+10
-2.5 0 0.5 0.258924 -0.0894556 0.564327 3.98164e+10
-2.5 1 0.5 0.254212 -0.0553964 0.584521 3.76769e+10
-2 -1.5 0.5 0.255872 -0.102503 0.526885 4.75227e+10
-1.5 -1 0.5 0.275967 -0.0244584 0.522885 5.32775e+10
-2 -0.5 0.5 0.272163 -0.0647059 0.537799 4.64244e+10
-1.5 0 0.5 0.282669 0.00646911 0.529416 5.35651e+10
-2 0.5 0.5 0.272012 -0.0321713 0.552323 4.51125e+10
-1.5 1 0.5 0.277512 0.031057 0.537672 5.29189e+10
-2 1.5 0.5 0.262965 -0.00271952 0.565735 4.33286e+10
-1 -1.5 0.5 0.263091 0.034502 0.522646 5.98549e+10
-0.5 -1 0.5 0.257695 0.142148 0.521988 7.22019e+10
-1 -0.5 0.5 0.280905 0.0638841 0.518287 6.27666e+10
-0.5 0 0.5 0.269812 0.155327 0.512392 7.7364e+10
-1 0.5 0.5 0.281658 0.082638 0.519162 6.4278e+10
-0.5 1 0.5 0.272817 0.164125 0.50596 7.97466e+10
-1 1.5 0.5 0.27673 0.100445 0.520257 6.40201e+10
0 -1.5 0.5 0.204958 0.24276 0.542992 8.00756e+10
0.5 -1 0.5 0.163941 0.362063 0.543343 1.0542e+11
0 -0.5 0.5 0.231908 0.249062 0.520084 9.18722e+10
0.5 0 0.5 0.203782 0.355244 0.511359 1.19372e+11
0 0.5 0.5 0.251674 0.250355 0.502375 9.8525e+10
0.5 1 0.5 0.22236 0.348635 0.490741 1.30405e+11
0 1.5 0.5 0.255385 0.251978 0.490824 1.02233e+11
1 -1.5 0.5 0.0710856 0.474346 0.573399 1.0572e+11
1.5 -1 0.5 0.0986733 0.571055 0.546693 1.16159e+11
1 -0.5 0.5 0.140095 0.469613 0.53004 1.34315e+11
1.5 0 0.5 0.0847716 0.562921 0.520844 1.84232e+11
1 0.5 0.5 0.157775 0.456499 0.502619 1.62136e+11
1.5 1 0.5 0.124202 0.56551 0.486509 2.21292e+11
1 1.5 0.5 0.198152 0.452813 0.472184 1.76557e+11
2 -1.5 0.5 -0.122863 0.599187 0.592268 7.84487e+10
2.5 -1 0.5 -0.148911 0.646607 0.570316 1.007e+11
2 -0.5 0.5 0.00980598 0.666481 0.545964 1.55863e+11
2.5 0 0.5 -0.0714215 0.702261 0.533007 1.74949e+11
2 0.5 0.5 0.0529256 0.663643 0.502112 2.46439e+11
2.5 1 0.5 0.0621521 0.728016 0.472602 2.55218e+11
2 1.5 0.5 0.102068 0.653944 0.459364 2.7585e+11
-2.25 -0.75 0.75 0.237334 -0.0379267 0.561151 1.1215e+10
-2.25 0.25 0.75 0.242691 0.0103173 0.577676 1.08961e+10
-2.25 1.25 0.75 0.239915 0.0522748 0.590883 1.05672e+10
-1.75 -1.25 0.75 0.265005 -0.020484 0.538697 1.27029e+10
-1.25 -0.75 0.75 0.301243 0.0646246 0.528606 1.47136e+10
-1.75 -0.25 0.75 0.272256 0.0291572 0.549609 1.27493e+10
-1.25 0.25 0.75 0.30047 0.0983191 0.533613 1.51229e+10
-1.75 0.75 0.75 0.271098 0.0667736 0.55932 1.26669e+10
-1.25 1.25 0.75 0.295104 0.122743 0.536594 1.51796e+10
-0.75 -1.25 0.75 0.325594 0.12162 0.515393 1.66688e+10
-0.25 -0.75 0.75 0.344935 0.225944 0.501112 2.07293e+10
-0.75 -0.25 0.75 0.327375 0.150395 0.514027 1.78586e+10
-0.25 0.25 0.75 0.347002 0.233346 0.493218 2.23622e+10
-0.75 0.75 0.75 0.324033 0.165341 0.512322 1.84996e+10
-0.25 1.25 0.75 0.344347 0.233395 0.48558 2.33525e+10
0.25 -1.25 0.75 0.341354 0.311933 0.49724 2.31219e+10
0.75 -0.75 0.75 0.323723 0.429666 0.481039 2.99295e+10
0.25 -0.25 0.75 0.352483 0.325076 0.4805 2.6425e+10
0.75 0.25 0.75 0.357278 0.4201 0.452029 3.50638e+10
0.25 0.75 0.75 0.361872 0.316498 0.466036 2.90885e+10
0.75 1.25 0.75 0.371101 0.400451 0.431989 3.83121e+10
1.25 -1.25 0.75 0.194455 0.523779 0.516173 2.94491e+10
1.75 -0.75 0.75 0.189957 0.628159 0.488034 3.84259e+10
1.25 -0.25 0.75 0.315727 0.53281 0.4543 4.03368e+10
1.75 0.25 0.75 0.25702 0.613263 0.436294 5.09309e+10
1.25 0.75 0.75 0.344497 0.511134 0.4204 4.60429e+10
1.75 1.25 0.75 0.334762 0.578359 0.383962 5.68496e+10
2.25 -1.25 0.75 0.184391 0.588657 0.503727 1.56903e+10
2.25 -0.25 0.75 0.213002 0.675186 0.455832 2.80851e+10
2.25 0.75 0.75 0.235821 0.684737 0.409739 5.93496e+10
-2.5 -1.5 1 0.217068 -0.123297 0.540252 4.65209e+10
-2.5 -0.5 1 0.23825 -0.0823702 0.557481 4.49749e+10
-2.5 0.5 1 0.243728 -0.0434331 0.576352 4.33782e+10
-2.5 1.5 1 0.239209 -0.00750478 0.59303 4.15876e+10
-1.5 -1.5 1 0.239553 -0.0150076 0.524867 5.48383e+10
-2 -1 1 0.244633 -0.0567456 0.535104 5.04202e+10
-1.5 -0.5 1 0.261438 0.022309 0.526607 5.73175e+10
-2 0 1 0.256232 -0.0189433 0.546703 5.03331e+10
-1.5 0.5 1 0.264171 0.051513 0.533178 5.85542e+10
-2 1 1 0.255204 0.0149924 0.559349 4.95454e+10
-1.5 1.5 1 0.260261 0.0784807 0.539052 5.82783e+10
-0.5 -1.5 1 0.228079 0.161249 0.521962 6.64104e+10
-1 -1 1 0.253758 0.0826609 0.517974 6.336e+10
-0.5 -0.5 1 0.24529 0.184861 0.511137 7.66691e+10
-1 0 1 0.263049 0.107822 0.516536 6.80075e+10
-0.5 0.5 1 0.253442 0.193777 0.503274 8.32824e+10
-1 1 1 0.263519 0.125824 0.516536 7.02776e+10
-0.5 1.5 1 0.255731 0.206713 0.49722 8.68738e+10
0.5 -1.5 1 0.148134 0.386093 0.534483 7.43586e+10
0 -1 1 0.205444 0.276756 0.517738 8.14672e+10
0.5 -0.5 1 0.176842 0.377286 0.507137 1.01921e+11
0 0 1 0.225307 0.28158 0.500123 9.55166e+10
0.5 0.5 1 0.198772 0.385911 0.486368 1.2263e+11
0 1 1 0.235701 0.286205 0.487452 1.05249e+11
0.5 1.5 1 0.212329 0.380113 0.467899 1.35251e+11
1.5 -1.5 1 -0.0400707 0.590147 0.567892 5.61053e+10
1 -1 1 0.11014 0.472812 0.524296 9.04899e+10
1.5 -0.5 1 0.0881702 0.593975 0.508502 1.13768e+11
1 0 1 0.147986 0.49062 0.493391 1.30533e+11
1.5 0.5 1 0.117723 0.577729 0.473081 1.62107e+11
1 1 1 0.166389 0.48249 0.468154 1.58471e+11
1.5 1.5 1 0.153139 0.572951 0.439984 1.96428e+11
2.5 -1.5 1 -0.154361 0.621651 0.562568 4.3678e+10
2 -1 1 -0.0667699 0.646969 0.548331 6.68042e+10
2.5 -0.5 1 -0.0641288 0.687268 0.517493 7.38355e+10
2 0 1 0.0796305 0.677108 0.491954 1.22906e+11
2.5 0.5 1 0.00670928 0.721469 0.477793 1.23602e+11
2 1 1 0.108522 0.656394 0.446181 1.84992e+11
2.5 1.5 1 0.149869 0.717432 0.409434 1.72186e+11
-2.25 -1.25 1.25 0.29738 -0.119437 0.523745 1.19157e+10
-2.25 -0.25 1.25 0.308705 -0.0700958 0.541012 1.17256e+10
-2.25 0.75 1.25 0.304348 -0.0298931 0.5572 1.15054e+10
-1.25 -1.25 1.25 0.374371 0.000665771 0.49058 1.44978e+10
-1.75 -0.75 1.25 0.342841 -0.0439892 0.511786 1.32311e+10
-1.25 -0.25 1.25 0.379599 0.0384384 0.493394 1.54276e+10
-1.75 0.25 1.25 0.343825 -0.00698902 0.52194 1.34167e+10
-1.25 0.75 1.25 0.37348 0.0561793 0.497004 1.58608e+10
-1.75 1.25 1.25 0.33215 0.0205816 0.531395 1.33545e+10
-0.25 -1.25 1.25 0.419924 0.198558 0.461225 1.84937e+10
-0.75 -0.75 1.25 0.409693 0.10736 0.471932 1.7257e+10
-0.25 -0.25 1.25 0.431034 0.204567 0.446705 2.11586e+10
-0.75 0.25 1.25 0.407074 0.11743 0.468636 1.8599e+10
-0.25 0.75 1.25 0.429622 0.193234 0.437389 2.29944e+10
-0.75 1.25 1.25 0.398381 0.118468 0.466527 1.92508e+10
0.75 -1.25 1.25 0.376615 0.408343 0.446668 2.09843e+10
0.25 -0.75 1.25 0.428186 0.302149 0.436002 2.25975e+10
0.75 -0.25 1.25 0.422114 0.400728 0.408242 2.82343e+10
0.25 0.25 1.25 0.441393 0.297673 0.416207 2.65803e+10
0.75 0.75 1.25 0.445003 0.383996 0.381005 3.35196e+10
0.25 1.25 1.25 0.447585 0.266988 0.399691 2.88255e+10
1.75 -1.25 1.25 0.248281 0.604796 0.475251 1.26436e+10
1.25 -0.75 1.25 0.320983 0.51943 0.435935 2.63494e+10
1.75 -0.25 1.25 0.287157 0.624458 0.417927 3.11322e+10
1.25 0.25 1.25 0.412387 0.49053 0.378815 3.49439e+10
1.75 0.75 1.25 0.349642 0.572719 0.363225 3.89461e+10
1.25 1.25 1.25 0.433142 0.458506 0.34576 4.01781e+10
2.25 -0.75 1.25 0.270875 0.611017 0.450594 1.32483e+10
2.25 0.25 1.25 0.31826 0.664378 0.3855 2.13735e+10
2.25 1.25 1.25 0.353647 0.645108 0.331899 4.25723e+10
-2.5 -1 1.5 0.218634 -0.0859997 0.546737 4.45109e+10
-2.5 0 1.5 0.235083 -0.0437847 0.564416 4.38989e+10
-2.5 1 1.5 0.238506 -0.00381134 0.581315 4.29785e+10
-2 -1.5 1.5 0.218066 -0.059256 0.528177 4.72315e+10
-1.5 -1 1.5 0.241689 0.0242913 0.519906 5.24383e+10
-2 -0.5 1.5 0.242471 -0.0180393 0.537203 4.88586e+10
-1.5 0 1.5 0.255767 0.0611937 0.523814 5.5996e+10
-2 0.5 1.5 0.250899 0.0212432 0.54865 4.95459e+10
-1.5 1 1.5 0.257782 0.0911357 0.529212 5.7683e+10
-2 1.5 1.5 0.249063 0.0555249 0.558748 4.9214e+10
-1 -1.5 1.5 0.226292 0.081149 0.513971 5.29485e+10
-0.5 -1 1.5 0.232789 0.198178 0.503076 6.22612e+10
-1 -0.5 1.5 0.251578 0.121828 0.508307 6.10079e+10
-0.5 0 1.5 0.245902 0.216409 0.493309 7.30473e+10
-1 0.5 1.5 0.257048 0.142819 0.507013 6.62856e+10
-0.5 1 1.5 0.248242 0.227295 0.487649 8.04832e+10
-1 1.5 1.5 0.256918 0.165457 0.506717 6.89299e+10
0 -1.5 1.5 0.200392 0.283513 0.507984 5.58789e+10
0.5 -1 1.5 0.193411 0.392659 0.490042 6.40799e+10
0 -0.5 1.5 0.222351 0.301762 0.487972 7.4265e+10
0.5 0 1.5 0.191161 0.398975 0.47396 9.08876e+10
0 0.5 1.5 0.225099 0.309406 0.477168 8.95113e+10
0.5 1 1.5 0.202247 0.401351 0.456389 1.10242e+11
0 1.5 1.5 0.234561 0.313838 0.464325 9.92963e+10
1 -1.5 1.5 0.191742 0.498274 0.503013 4.25658e+10
1.5 -1 1.5 0.0933341 0.614539 0.507272 5.15703e+10
1 -0.5 1.5 0.144141 0.49281 0.480334 7.77606e+10
1.5 0 1.5 0.122587 0.581801 0.462726 8.82363e+10
1 0.5 1.5 0.169614 0.494739 0.453368 1.09045e+11
1.5 1 1.5 0.160381 0.575964 0.426697 1.22856e+11
1 1.5 1.5 0.18069 0.48584 0.43128 1.31348e+11
2 -1.5 1.5 -0.080501 0.613719 0.545107 2.67334e+10
2.5 -1 1.5 -0.0849188 0.673753 0.522248 3.31198e+10
2 -0.5 1.5 -0.0018598 0.662941 0.503561 5.30383e+10
2.5 0 1.5 0.00745449 0.712947 0.470677 5.36631e+10
2 0.5 1.5 0.142715 0.67146 0.44276 8.91464e+10
2.5 1 1.5 0.0742883 0.72881 0.426787 8.38967e+10
2 1.5 1.5 0.171061 0.650342 0.394805 1.30405e+11
