449
-2.5 -1 -1.5 0.333009 0.587772 0.453592 1.18823e+09
-2.5 0 -1.5 0.202433 0.63752 0.410933 1.78228e+09
-2.5 1 -1.5 0.0314093 0.656944 0.362692 2.71612e+09
-2 -1.5 -1.5 0.434022 0.515226 0.451032 1.12593e+09
-1.5 -1 -1.5 0.426522 0.501227 0.404545 1.4989e+09
-2 -0.5 -1.5 0.333133 0.569966 0.410254 1.59164e+09
-1.5 0 -1.5 0.323385 0.533996 0.367487 2.014e+09
-2 0.5 -1.5 0.200635 0.601425 0.374617 2.28318e+09
-1.5 1 -1.5 0.191871 0.533632 0.337932 2.66335e+09
-2 1.5 -1.5 0.0364979 0.592404 0.336809 3.23797e+09
-1 -1.5 -1.5 0.501227 0.426522 0.404545 1.4989e+09
-0.5 -1 -1.5 0.470603 0.4057 0.358533 1.88342e+09
-1 -0.5 -1.5 0.4057 0.470603 0.358533 1.88342e+09
-0.5 0 -1.5 0.364359 0.413982 0.311053 2.1581e+09
-1 0.5 -1.5 0.299042 0.468053 0.323483 2.31916e+09
-0.5 1 -1.5 0.254569 0.374958 0.285351 2.48456e+09
-1 1.5 -1.5 0.177582 0.425255 0.304664 2.87383e+09
0 -1.5 -1.5 0.533996 0.323385 0.367487 2.014e+09
0.5 -1 -1.5 0.468053 0.299042 0.323483 2.31916e+09
0 -0.5 -1.5 0.413982 0.364359 0.311053 2.1581e+09
0.5 0 -1.5 0.335817 0.301745 0.271338 2.30472e+09
0 0.5 -1.5 0.301745 0.335817 0.271338 2.30472e+09
0.5 1 -1.5 0.246658 0.272931 0.256664 2.37003e+09
0 1.5 -1.5 0.204943 0.298654 0.268174 2.56616e+09
1 -1.5 -1.5 0.533632 0.191871 0.337932 2.66335e+09
1.5 -1 -1.5 0.425255 0.177582 0.304664 2.87383e+09
1 -0.5 -1.5 0.374958 0.254569 0.285351 2.48456e+09
1.5 0 -1.5 0.298654 0.204943 0.268174 2.56616e+09
1 0.5 -1.5 0.272931 0.246658 0.256664 2.37003e+09
1.5 1 -1.5 0.243596 0.218261 0.276911 2.25897e+09
1 1.5 -1.5 0.218261 0.243596 0.276911 2.25897e+09
2 -1.5 -1.5 0.482029 0.0549769 0.313646 3.52948e+09
2.5 -1 -1.5 0.360715 0.0423957 0.292057 3.67801e+09
2 -0.5 -1.5 0.327729 0.138508 0.283855 2.98676e+09
2.5 0 -1.5 0.276367 0.101675 0.29063 2.89812e+09
2 0.5 -1.5 0.261564 0.172793 0.283345 2.45824e+09
2.5 1 -1.5 0.237442 0.156773 0.318584 2.10267e+09
2 1.5 -1.5 0.226052 0.201109 0.316199 1.92568e+09
-2.25 -0.75 -1.25 0.0302714 -0.0448099 0.380301 2.82838e+08
-2.25 0.25 -1.25 -0.0175927 -0.154876 0.271012 4.36404e+08
-2.25 1.25 -1.25 -0.0828565 -0.275012 0.156632 7.07645e+08
-1.75 -1.25 -1.25 -0.00506811 -0.0349383 0.387509 2.70119e+08
-1.25 -0.75 -1.25 -0.109738 -0.151363 0.284391 3.79613e+08
-1.75 -0.25 -1.25 -0.0591722 -0.17036 0.280872 3.99032e+08
-1.25 0.25 -1.25 -0.17689 -0.313777 0.164748 5.6109e+08
-1.75 0.75 -1.25 -0.121093 -0.305306 0.163515 6.15801e+08
-1.25 1.25 -1.25 -0.251342 -0.453295 0.0528994 8.45352e+08
-0.75 -1.25 -1.25 -0.151363 -0.109738 0.284391 3.79613e+08
-0.25 -0.75 -1.25 -0.286714 -0.236943 0.164733 5.31418e+08
-0.75 -0.25 -1.25 -0.236943 -0.286714 0.164733 5.31418e+08
-0.25 0.25 -1.25 -0.372534 -0.417917 0.0448054 7.28666e+08
-0.75 0.75 -1.25 -0.31719 -0.446716 0.0475233 7.68669e+08
-0.25 1.25 -1.25 -0.428657 -0.523042 -0.0300425 1.01413e+09
0.25 -1.25 -1.25 -0.313777 -0.17689 0.164748 5.6109e+08
0.75 -0.75 -1.25 -0.446716 -0.31719 0.0475233 7.68669e+08
0.25 -0.25 -1.25 -0.417917 -0.372534 0.0448054 7.28666e+08
0.75 0.25 -1.25 -0.496325 -0.466107 -0.0326381 9.52975e+08
0.25 0.75 -1.25 -0.466107 -0.496325 -0.0326381 9.52975e+08
0.75 1.25 -1.25 -0.507724 -0.529084 -0.0416327 1.06754e+09
1.25 -1.25 -1.25 -0.453295 -0.251342 0.0528994 8.45352e+08
1.75 -0.75 -1.25 -0.554 -0.377471 -0.0258653 1.16161e+09
1.25 -0.25 -1.25 -0.523042 -0.428657 -0.0300425 1.01413e+09
1.75 0.25 -1.25 -0.554868 -0.482184 -0.0405628 1.15754e+09
1.25 0.75 -1.25 -0.529084 -0.507724 -0.0416327 1.06754e+09
1.75 1.25 -1.25 -0.533881 -0.501374 0.00763005 1.01398e+09
2.25 -1.25 -1.25 -0.575227 -0.305057 -0.0174646 1.36872e+09
2.25 -0.25 -1.25 -0.589568 -0.45154 -0.0377323 1.37914e+09
2.25 0.75 -1.25 -0.570033 -0.466055 0.00916686 1.11489e+09
-2.5 -1.5 -1 0.382121 0.566478 0.537314 1.95676e+09
-2.5 -0.5 -1 0.262461 0.634685 0.486697 2.99082e+09
-2.5 0.5 -1 0.0984047 0.681874 0.428411 4.74445e+09
-2.5 1.5 -1 -0.1088 0.686932 0.353532 7.71589e+09
-1.5 -1.5 -1 0.483104 0.483104 0.486138 2.69334e+09
-2 -1 -1 0.386126 0.563737 0.487728 2.76618e+09
-1.5 -0.5 -1 0.38044 0.551302 0.438549 3.80265e+09
-2 0 -1 0.261585 0.620622 0.441799 4.14849e+09
-1.5 0.5 -1 0.251601 0.593025 0.397286 5.50888e+09
-2 1 -1 0.0883966 0.655401 0.390313 6.39388e+09
-1.5 1.5 -1 0.0748529 0.60866 0.353553 7.88158e+09
-0.5 -1.5 -1 0.551302 0.38044 0.438549 3.80265e+09
-1 -1 -1 0.473464 0.473464 0.435495 3.69013e+09
-0.5 -0.5 -1 0.451498 0.451498 0.385354 4.82162e+09
-1 0 -1 0.364433 0.525222 0.389847 4.99088e+09
-0.5 0.5 -1 0.339256 0.478721 0.341031 5.96785e+09
-1 1 -1 0.235911 0.544165 0.352942 6.65272e+09
-0.5 1.5 -1 0.211133 0.462821 0.317392 7.13117e+09
0.5 -1.5 -1 0.593025 0.251601 0.397286 5.50888e+09
0 -1 -1 0.525222 0.364433 0.389847 4.99088e+09
0.5 -0.5 -1 0.478721 0.339256 0.341031 5.96785e+09
0 0 -1 0.41404 0.41404 0.334922 5.74706e+09
0.5 0.5 -1 0.356458 0.356458 0.295922 6.09803e+09
0 1 -1 0.297522 0.407458 0.302733 6.34856e+09
0.5 1.5 -1 0.262633 0.349677 0.298106 6.19677e+09
1.5 -1.5 -1 0.60866 0.0748529 0.353553 7.88158e+09
1 -1 -1 0.544165 0.235911 0.352942 6.65272e+09
1.5 -0.5 -1 0.462821 0.211133 0.317392 7.13117e+09
1 0 -1 0.407458 0.297522 0.302733 6.34856e+09
1.5 0.5 -1 0.349677 0.262633 0.298106 6.19677e+09
1 1 -1 0.311039 0.311039 0.292746 5.9387e+09
1.5 1.5 -1 0.287298 0.287298 0.324012 5.20758e+09
2.5 -1.5 -1 0.559116 -0.0887232 0.313925 1.09574e+10
2 -1 -1 0.518336 0.0846138 0.327224 8.59788e+09
2.5 -0.5 -1 0.426695 0.0849888 0.318635 8.54348e+09
2 0 -1 0.390195 0.187573 0.309827 7.00247e+09
2.5 0.5 -1 0.342369 0.179553 0.334193 6.1738e+09
2 1 -1 0.316871 0.244636 0.327219 5.44017e+09
2.5 1.5 -1 0.295508 0.238412 0.374167 4.72968e+09
-2.25 -1.25 -0.75 0.128371 0.158556 0.540301 5.79671e+08
-2.25 -0.25 -0.75 0.0442884 0.0926195 0.438178 8.90639e+08
-2.25 0.75 -0.75 -0.0684817 0.00878438 0.314899 1.43739e+09
-1.25 -1.25 -0.75 0.0635753 0.0635753 0.449461 8.11214e+08
-1.75 -0.75 -0.75 0.0585553 0.0717282 0.447508 8.3083e+08
-1.25 -0.25 -0.75 -0.0427398 -0.0440272 0.330334 1.18769e+09
-1.75 0.25 -0.75 -0.043346 -0.0276195 0.328511 1.28032e+09
-1.25 0.75 -0.75 -0.164122 -0.175243 0.191877 1.83803e+09
-1.75 1.25 -0.75 -0.176017 -0.139049 0.193932 2.0799e+09
-0.25 -1.25 -0.75 -0.0440272 -0.0427398 0.330334 1.18769e+09
-0.75 -0.75 -0.75 -0.0461376 -0.0461376 0.329921 1.15677e+09
-0.25 -0.25 -0.75 -0.181305 -0.181305 0.183528 1.63932e+09
-0.75 0.25 -0.75 -0.17141 -0.185784 0.186222 1.69096e+09
-0.25 0.75 -0.75 -0.303325 -0.3151 0.0379011 2.35165e+09
-0.75 1.25 -0.75 -0.296241 -0.306744 0.0504407 2.56446e+09
0.75 -1.25 -0.75 -0.175243 -0.164122 0.191877 1.83803e+09
0.25 -0.75 -0.75 -0.185784 -0.17141 0.186222 1.69096e+09
0.75 -0.25 -0.75 -0.3151 -0.303325 0.0379011 2.35165e+09
0.25 0.25 -0.75 -0.311983 -0.311983 0.0331 2.28044e+09
0.75 0.75 -0.75 -0.406791 -0.406791 -0.0448717 2.89806e+09
0.25 1.25 -0.75 -0.401559 -0.409984 -0.0406276 3.00146e+09
1.75 -1.25 -0.75 -0.2873 -0.28919 0.0672132 2.91617e+09
1.25 -0.75 -0.75 -0.306744 -0.296241 0.0504407 2.56446e+09
1.75 -0.25 -0.75 -0.413392 -0.390535 -0.0282055 3.31503e+09
1.25 0.25 -0.75 -0.409984 -0.401559 -0.0406276 3.00146e+09
1.75 0.75 -0.75 -0.441378 -0.409179 -0.0115794 3.1536e+09
1.25 1.25 -0.75 -0.424555 -0.424555 -0.014076 3.00814e+09
2.25 -0.75 -0.75 -0.428282 -0.376217 -0.012131 3.98669e+09
2.25 0.25 -0.75 -0.463651 -0.385975 -0.0020182 3.57762e+09
2.25 1.25 -0.75 -0.469228 -0.418604 0.0655706 3.01824e+09
-2.5 -1 -0.5 0.195746 0.342526 0.509773 2.39767e+09
-2.5 0 -0.5 0.0872238 0.346051 0.425826 3.94024e+09
-2.5 1 -0.5 -0.0649277 0.333669 0.326145 6.82671e+09
-2 -1.5 -0.5 0.25221 0.298325 0.516861 2.29468e+09
-1.5 -1 -0.5 0.213499 0.257459 0.444706 3.4229e+09
-2 -0.5 -0.5 0.161127 0.29982 0.441222 3.59052e+09
-1.5 0 -0.5 0.11024 0.24801 0.365488 5.36308e+09
-2 0.5 -0.5 0.0406132 0.292919 0.357692 5.94014e+09
-1.5 1 -0.5 -0.0200644 0.236746 0.285168 8.91062e+09
-2 1.5 -0.5 -0.130725 0.272645 0.262931 1.03406e+10
-1 -1.5 -0.5 0.257459 0.213499 0.444706 3.4229e+09
-0.5 -1 -0.5 0.206165 0.161247 0.365026 5.08447e+09
-1 -0.5 -0.5 0.161247 0.206165 0.365026 5.08447e+09
-0.5 0 -0.5 0.101453 0.149822 0.280973 7.43726e+09
-1 0.5 -0.5 0.0491475 0.192588 0.285403 7.9259e+09
-0.5 1 -0.5 0.00518964 0.143513 0.213621 1.0977e+10
-1 1.5 -0.5 -0.0673404 0.189839 0.220319 1.2532e+10
0 -1.5 -0.5 0.24801 0.11024 0.365488 5.36308e+09
0.5 -1 -0.5 0.192588 0.0491475 0.285403 7.9259e+09
0 -0.5 -0.5 0.149822 0.101453 0.280973 7.43726e+09
0.5 0 -0.5 0.0995244 0.0554032 0.205039 1.02188e+10
0 0.5 -0.5 0.0554032 0.0995244 0.205039 1.02188e+10
0.5 1 -0.5 -0.0133215 0.0195372 0.15962 1.19885e+10
0 1.5 -0.5 -0.0528671 0.0516553 0.168575 1.29684e+10
1 -1.5 -0.5 0.236746 -0.0200644 0.285168 8.91062e+09
1.5 -1 -0.5 0.189839 -0.0673404 0.220319 1.2532e+10
1 -0.5 -0.5 0.143513 0.00518964 0.213621 1.0977e+10
1.5 0 -0.5 0.0516553 -0.0528671 0.168575 1.29684e+10
1 0.5 -0.5 0.0195372 -0.0133215 0.15962 1.19885e+10
1.5 1 -0.5 -0.00762774 -0.0293348 0.185557 1.16624e+10
1 1.5 -0.5 -0.0293348 -0.00762774 0.185557 1.16624e+10
2 -1.5 -0.5 0.218257 -0.201039 0.203758 1.48916e+10
2.5 -1 -0.5 0.099775 -0.195603 0.176379 1.83638e+10
2 -0.5 -0.5 0.0850739 -0.114736 0.177178 1.50262e+10
2.5 0 -0.5 0.0155031 -0.116518 0.193125 1.49978e+10
2 0.5 -0.5 0.00698222 -0.0638949 0.189902 1.27292e+10
2.5 1 -0.5 -0.0256623 -0.05742 0.244919 1.18077e+10
2 1.5 -0.5 -0.0297756 -0.0345357 0.241758 1.07057e+10
-2.25 -0.75 -0.25 0.217183 0.367695 0.511064 7.92673e+08
-2.25 0.25 -0.25 0.0923215 0.336638 0.418216 1.24396e+09
-2.25 1.25 -0.25 -0.0732688 0.275414 0.301779 2.05729e+09
-1.75 -1.25 -0.25 0.274366 0.321308 0.516001 7.55759e+08
-1.25 -0.75 -0.25 0.203153 0.242522 0.429609 1.06873e+09
-1.75 -0.25 -0.25 0.159439 0.285446 0.428898 1.12484e+09
-1.25 0.25 -0.25 0.0626409 0.165716 0.32305 1.59272e+09
-1.75 0.75 -0.25 0.0156479 0.214389 0.322766 1.77317e+09
-1.25 1.25 -0.25 -0.0987223 0.0451236 0.199598 2.56199e+09
-0.75 -1.25 -0.25 0.242522 0.203153 0.429609 1.06873e+09
-0.25 -0.75 -0.25 0.125753 0.0925587 0.318225 1.50857e+09
-0.75 -0.25 -0.25 0.0925587 0.125753 0.318225 1.50857e+09
-0.25 0.25 -0.25 -0.0438757 -0.021573 0.17974 2.1523e+09
-0.75 0.75 -0.25 -0.0651396 0.00837357 0.189558 2.28628e+09
-0.25 1.25 -0.25 -0.200159 -0.143776 0.0497634 3.4086e+09
0.25 -1.25 -0.25 0.165716 0.0626409 0.32305 1.59272e+09
0.75 -0.75 -0.25 0.00837357 -0.0651396 0.189558 2.28628e+09
0.25 -0.25 -0.25 -0.021573 -0.0438757 0.17974 2.1523e+09
0.75 0.25 -0.25 -0.169424 -0.185714 0.0361839 3.20802e+09
0.25 0.75 -0.25 -0.185714 -0.169424 0.0361839 3.20802e+09
0.75 1.25 -0.25 -0.255983 -0.251587 0.0175211 4.09837e+09
1.25 -1.25 -0.25 0.0451236 -0.0987223 0.199598 2.56199e+09
1.75 -0.75 -0.25 -0.109006 -0.223661 0.0706514 3.82228e+09
1.25 -0.25 -0.25 -0.143776 -0.200159 0.0497634 3.4086e+09
1.75 0.25 -0.25 -0.247904 -0.257877 0.0264919 4.44129e+09
1.25 0.75 -0.25 -0.251587 -0.255983 0.0175211 4.09837e+09
1.75 1.25 -0.25 -0.296277 -0.29046 0.0730183 4.28029e+09
2.25 -1.25 -0.25 -0.060859 -0.259311 0.0945706 4.44875e+09
2.25 -0.25 -0.25 -0.243935 -0.249959 0.0443355 5.10149e+09
2.25 0.75 -0.25 -0.321881 -0.294635 0.0710353 4.7489e+09
-2.5 -1.5 0 0.000835069 -0.0583189 0.569413 1.05048e+09
-2.5 -0.5 0 -0.0442026 -0.137725 0.447359 1.76205e+09
-2.5 0.5 0 -0.117363 -0.190379 0.307951 3.16627e+09
-2.5 1.5 0 -0.227635 -0.228905 0.167055 6.11911e+09
-1.5 -1.5 0 -0.106257 -0.106257 0.479344 1.64178e+09
-2 -1 0 -0.0744297 -0.129695 0.471901 1.6713e+09
-1.5 -0.5 0 -0.154285 -0.193686 0.357394 2.72579e+09
-2 0 0 -0.132011 -0.198955 0.34116 2.884e+09
-1.5 0.5 0 -0.224381 -0.23337 0.225372 4.86979e+09
-2 1 0 -0.219692 -0.227919 0.2072 5.38755e+09
-1.5 1.5 0 -0.307612 -0.214867 0.117586 9.54889e+09
-0.5 -1.5 0 -0.193686 -0.154285 0.357394 2.72579e+09
-1 -1 0 -0.177157 -0.177157 0.361943 2.67438e+09
-0.5 -0.5 0 -0.231444 -0.231444 0.234161 4.48411e+09
-1 0 0 -0.228166 -0.23354 0.232742 4.57784e+09
-0.5 0.5 0 -0.271975 -0.230301 0.121892 7.8076e+09
-1 1 0 -0.294512 -0.219907 0.122003 8.46607e+09
-0.5 1.5 0 -0.252803 -0.106972 0.0965224 1.47061e+10
0.5 -1.5 0 -0.23337 -0.224381 0.225372 4.86979e+09
0 -1 0 -0.23354 -0.228166 0.232742 4.57784e+09
0.5 -0.5 0 -0.230301 -0.271975 0.121892 7.8076e+09
0 0 0 -0.249211 -0.249211 0.120489 7.58099e+09
0.5 0.5 0 -0.17253 -0.17253 0.0856129 1.28805e+10
0 1 0 -0.208557 -0.138371 0.089747 1.33509e+10
0.5 1.5 0 -0.179912 -0.130496 0.108077 1.67099e+10
1.5 -1.5 0 -0.214867 -0.307612 0.117586 9.54889e+09
1 -1 0 -0.219907 -0.294512 0.122003 8.46607e+09
1.5 -0.5 0 -0.106972 -0.252803 0.0965224 1.47061e+10
1 0 0 -0.138371 -0.208557 0.089747 1.33509e+10
1.5 0.5 0 -0.130496 -0.179912 0.108077 1.67099e+10
1 1 0 -0.152013 -0.152013 0.105084 1.599e+10
1.5 1.5 0 -0.153668 -0.153668 0.161292 1.62608e+10
2.5 -1.5 0 -0.228214 -0.400031 0.0442348 1.80921e+10
2 -1 0 -0.0932502 -0.298144 0.0976686 1.69519e+10
2.5 -0.5 0 -0.118672 -0.276302 0.106337 2.23968e+10
2 0 0 -0.119053 -0.22277 0.110027 1.87497e+10
2.5 0.5 0 -0.153098 -0.195562 0.162672 1.97993e+10
2 1 0 -0.155027 -0.162401 0.162398 1.71816e+10
2.5 1.5 0 -0.169406 -0.158483 0.233543 1.70033e+10
-2.25 -1.25 0.25 0.367038 0.488987 0.483934 2.89539e+08
-2.25 -0.25 0.25 0.258721 0.487202 0.419038 4.40088e+08
-2.25 0.75 0.25 0.12733 0.459647 0.3414 7.09573e+08
-1.25 -1.25 0.25 0.378286 0.378286 0.427029 3.97171e+08
-1.75 -0.75 0.25 0.32726 0.429206 0.426225 4.0768e+08
-1.25 -0.25 0.25 0.252543 0.333982 0.357413 5.73233e+08
-1.75 0.25 0.25 0.203578 0.390208 0.356158 6.21516e+08
-1.25 0.75 0.25 0.101401 0.252784 0.27512 8.96833e+08
-1.75 1.25 0.25 0.06154 0.320014 0.276018 1.0263e+09
-0.25 -1.25 0.25 0.333982 0.252543 0.357413 5.73233e+08
-0.75 -0.75 0.25 0.288631 0.288631 0.355818 5.57438e+08
-0.25 -0.25 0.25 0.150764 0.150764 0.260258 8.06095e+08
-0.75 0.25 0.25 0.129076 0.196851 0.2665 8.28116e+08
-0.25 0.75 0.25 -0.042638 0.0153054 0.14467 1.20881e+09
-0.75 1.25 0.25 -0.0673281 0.0479456 0.159702 1.32836e+09
0.75 -1.25 0.25 0.252784 0.101401 0.27512 8.96833e+08
0.25 -0.75 0.25 0.196851 0.129076 0.2665 8.28116e+08
0.75 -0.25 0.25 0.0153054 -0.042638 0.14467 1.20881e+09
0.25 0.25 0.25 -0.0265847 -0.0265847 0.134357 1.18824e+09
0.75 0.75 0.25 -0.166328 -0.166328 0.0452889 3.20965e+09
0.25 1.25 0.25 -0.188713 -0.145617 0.0496827 3.3455e+09
1.75 -1.25 0.25 0.100607 -0.0632806 0.182844 1.50277e+09
1.25 -0.75 0.25 0.0479456 -0.0673281 0.159702 1.32836e+09
1.75 -0.25 0.25 -0.0938224 -0.192839 0.0710492 3.57105e+09
1.25 0.25 0.25 -0.145617 -0.188713 0.0496827 3.3455e+09
1.75 0.75 0.25 -0.173058 -0.181282 0.0967976 4.6667e+09
1.25 1.25 0.25 -0.176544 -0.176544 0.0933552 4.54425e+09
2.25 -0.75 0.25 -0.0692506 -0.215689 0.0854448 4.08635e+09
2.25 0.25 0.25 -0.195222 -0.226043 0.0835894 5.37334e+09
2.25 1.25 0.25 -0.265826 -0.219312 0.14353 5.28349e+09
-2.5 -1 0.5 0.0642176 0.00193767 0.485464 7.12722e+08
-2.5 0 0.5 -0.00209301 -0.0692853 0.364935 1.24162e+09
-2.5 1 0.5 -0.103709 -0.108922 0.232231 2.35209e+09
-2 -1.5 0.5 0.0352843 0.010208 0.503291 6.89037e+08
-1.5 -1 0.5 -0.050638 -0.0746594 0.40841 1.11804e+09
-2 -0.5 0.5 -0.0235869 -0.0819513 0.395019 1.15796e+09
-1.5 0 0.5 -0.115707 -0.145549 0.290705 1.96816e+09
-2 0.5 0.5 -0.103893 -0.135209 0.270541 2.11203e+09
-1.5 1 0.5 -0.208454 -0.156361 0.174766 3.79839e+09
-2 1.5 0.5 -0.220319 -0.143076 0.150546 4.23972e+09
-1 -1.5 0.5 -0.0746594 -0.050638 0.40841 1.11804e+09
-0.5 -1 0.5 -0.143705 -0.128546 0.299138 1.90075e+09
-1 -0.5 0.5 -0.128546 -0.143705 0.299138 1.90075e+09
-0.5 0 0.5 -0.174054 -0.168536 0.191118 3.4416e+09
-1 0.5 0.5 -0.194497 -0.15952 0.186384 3.55048e+09
-0.5 1 0.5 -0.236632 -0.108652 0.11408 6.63934e+09
-1 1.5 0.5 -0.280079 -0.118394 0.106786 7.19662e+09
0 -1.5 0.5 -0.145549 -0.115707 0.290705 1.96816e+09
0.5 -1 0.5 -0.15952 -0.194497 0.186384 3.55048e+09
0 -0.5 0.5 -0.168536 -0.174054 0.191118 3.4416e+09
0.5 0 0.5 -0.136038 -0.170363 0.118504 6.36345e+09
0 0.5 0.5 -0.170363 -0.136038 0.118504 6.36345e+09
0.5 1 0.5 -0.24522 -0.208284 0.0565047 1.44491e+10
0 1.5 0.5 -0.282145 -0.182678 0.0610529 1.51939e+10
1 -1.5 0.5 -0.156361 -0.208454 0.174766 3.79839e+09
1.5 -1 0.5 -0.118394 -0.280079 0.106786 7.19662e+09
1 -0.5 0.5 -0.108652 -0.236632 0.11408 6.63934e+09
1.5 0 0.5 -0.182678 -0.282145 0.0610529 1.51939e+10
1 0.5 0.5 -0.208284 -0.24522 0.0565047 1.44491e+10
1.5 1 0.5 -0.205749 -0.218564 0.103765 1.8064e+10
1 1.5 0.5 -0.218564 -0.205749 0.103765 1.8064e+10
2 -1.5 0.5 -0.128058 -0.30249 0.0937021 8.06305e+09
2.5 -1 0.5 -0.116325 -0.288353 0.0905965 1.67487e+10
2 -0.5 0.5 -0.147096 -0.318366 0.0696774 1.63687e+10
2.5 0 0.5 -0.199911 -0.301006 0.0948264 2.3444e+10
2 0.5 0.5 -0.220184 -0.235493 0.102158 1.99554e+10
2.5 1 0.5 -0.234238 -0.226329 0.170289 2.18387e+10
2 1.5 0.5 -0.219161 -0.218333 0.170743 2.0238e+10
-2.25 -0.75 0.75 0.389112 0.533142 0.378704 2.0848e+08
-2.25 0.25 0.75 0.288318 0.503018 0.326633 3.2298e+08
-2.25 1.25 0.75 0.162273 0.450227 0.26195 5.37846e+08
-1.75 -1.25 0.75 0.440704 0.481857 0.382739 1.97905e+08
-1.25 -0.75 0.75 0.370643 0.395144 0.338942 2.74836e+08
-1.75 -0.25 0.75 0.338018 0.440237 0.336812 2.90469e+08
-1.25 0.25 0.75 0.236794 0.302853 0.28635 4.13966e+08
-1.75 0.75 0.75 0.217774 0.362535 0.283769 4.60099e+08
-1.25 1.25 0.75 0.0742822 0.194002 0.22205 7.071e+08
-0.75 -1.25 0.75 0.395144 0.370643 0.338942 2.74836e+08
-0.25 -0.75 0.75 0.260185 0.252219 0.284889 3.91325e+08
-0.75 -0.25 0.75 0.252219 0.260185 0.284889 3.91325e+08
-0.25 0.25 0.75 0.0741921 0.0817961 0.199948 6.2061e+08
-0.75 0.75 0.75 0.0545088 0.1409 0.207904 6.487e+08
-0.25 1.25 0.75 -0.0968186 0.00261852 0.111316 1.14701e+09
0.25 -1.25 0.75 0.302853 0.236794 0.28635 4.13966e+08
0.75 -0.75 0.75 0.1409 0.0545088 0.207904 6.487e+08
0.25 -0.25 0.75 0.0817961 0.0741921 0.199948 6.2061e+08
0.75 0.25 0.75 -0.0523904 -0.0909437 0.0931807 1.10797e+09
0.25 0.75 0.75 -0.0909437 -0.0523904 0.0931807 1.10797e+09
0.75 1.25 0.75 -0.121036 -0.131759 0.103091 3.24964e+09
1.25 -1.25 0.75 0.194002 0.0742822 0.22205 7.071e+08
1.75 -0.75 0.75 0.0878827 -0.124002 0.132249 1.21937e+09
1.25 -0.25 0.75 0.00261852 -0.0968186 0.111316 1.14701e+09
1.75 0.25 0.75 -0.134111 -0.123805 0.106551 3.3985e+09
1.25 0.75 0.75 -0.131759 -0.121036 0.103091 3.24964e+09
1.75 1.25 0.75 -0.175452 -0.17371 0.138192 4.75043e+09
2.25 -1.25 0.75 0.0697409 -0.112362 0.143088 1.40623e+09
2.25 -0.25 0.75 -0.116506 -0.149113 0.110524 3.75904e+09
2.25 0.75 0.75 -0.174767 -0.133844 0.154077 5.03751e+09
-2.5 -1.5 1 0.190106 0.150515 0.483522 3.00228e+08
-2.5 -0.5 1 0.128101 0.0524065 0.39246 5.01567e+08
-2.5 0.5 1 0.0431006 -0.0113795 0.279374 9.16205e+08
-2.5 1.5 1 -0.0816106 -0.0366207 0.160894 1.84328e+09
-1.5 -1.5 1 0.0610821 0.0610821 0.423663 4.6907e+08
-2 -1 1 0.0949983 0.0438596 0.416337 4.77235e+08
-1.5 -0.5 1 -0.00727261 -0.0548192 0.332208 8.01642e+08
-2 0 1 0.0223468 -0.0488118 0.313842 8.41319e+08
-1.5 0.5 1 -0.0872108 -0.111843 0.224 1.52267e+09
-2 1 1 -0.0824897 -0.0776652 0.199624 1.65536e+09
-1.5 1.5 1 -0.209377 -0.083956 0.123896 3.27677e+09
-0.5 -1.5 1 -0.0548192 -0.00727261 0.332208 8.01642e+08
-1 -1 1 -0.0391403 -0.0391403 0.337323 7.87557e+08
-0.5 -0.5 1 -0.110115 -0.110115 0.239707 1.43585e+09
-1 0 1 -0.0929267 -0.115764 0.237291 1.46111e+09
-0.5 0.5 1 -0.130839 -0.10792 0.155877 2.99745e+09
-1 1 1 -0.176759 -0.113033 0.141442 3.02868e+09
-0.5 1.5 1 -0.25146 -0.099489 0.0888964 6.3431e+09
0.5 -1.5 1 -0.111843 -0.0872108 0.224 1.52267e+09
0 -1 1 -0.115764 -0.0929267 0.237291 1.46111e+09
0.5 -0.5 1 -0.10792 -0.130839 0.155877 2.99745e+09
0 0 1 -0.12061 -0.12061 0.156139 2.94797e+09
0.5 0.5 1 -0.0704077 -0.0704077 0.137104 6.63892e+09
0 1 1 -0.109554 -0.0404972 0.136397 6.74161e+09
0.5 1.5 1 -0.248048 -0.21617 0.0701093 1.45017e+10
1.5 -1.5 1 -0.083956 -0.209377 0.123896 3.27677e+09
1 -1 1 -0.113033 -0.176759 0.141442 3.02868e+09
1.5 -0.5 1 -0.099489 -0.25146 0.0888964 6.3431e+09
1 0 1 -0.0404972 -0.109554 0.136397 6.74161e+09
1.5 0.5 1 -0.21617 -0.248048 0.0701093 1.45017e+10
1 1 1 -0.226009 -0.226009 0.0712233 1.41782e+10
1.5 1.5 1 -0.250717 -0.250717 0.116914 1.91386e+10
2.5 -1.5 1 -0.0650058 -0.376258 0.0499076 7.59936e+09
2 -1 1 -0.0565527 -0.339934 0.0680306 6.94404e+09
2.5 -0.5 1 -0.24348 -0.327957 0.0554984 1.6945e+10
2 0 1 -0.234226 -0.311658 0.0584696 1.5656e+10
2.5 0.5 1 -0.256064 -0.296888 0.111144 2.14601e+10
2 1 1 -0.246502 -0.258037 0.117438 1.97102e+10
2.5 1.5 1 -0.263467 -0.262499 0.189404 2.25765e+10
-2.25 -1.25 1.25 0.505332 0.572587 0.299534 1.04047e+08
-2.25 -0.25 1.25 0.437739 0.532094 0.27054 1.54106e+08
-2.25 0.75 1.25 0.350262 0.475517 0.239377 2.48961e+08
-1.25 -1.25 1.25 0.471004 0.471004 0.27493 1.377e+08
-1.75 -0.75 1.25 0.461876 0.488732 0.274948 1.42089e+08
-1.25 -0.25 1.25 0.376132 0.363121 0.255372 1.99557e+08
-1.75 0.25 1.25 0.375271 0.396656 0.252276 2.15535e+08
-1.25 0.75 1.25 0.244978 0.226788 0.223837 3.26063e+08
-1.75 1.25 1.25 0.238272 0.317716 0.217461 3.74677e+08
-0.25 -1.25 1.25 0.363121 0.376132 0.255372 1.99557e+08
-0.75 -0.75 1.25 0.362613 0.362613 0.254593 1.92566e+08
-0.25 -0.25 1.25 0.215972 0.215972 0.22145 2.96079e+08
-0.75 0.25 1.25 0.241699 0.203337 0.224031 3.07853e+08
-0.25 0.75 1.25 0.0541149 0.0251715 0.145344 5.34617e+08
-0.75 1.25 1.25 0.0434563 0.0686549 0.15362 5.7867e+08
0.75 -1.25 1.25 0.226788 0.244978 0.223837 3.26063e+08
0.25 -0.75 1.25 0.203337 0.241699 0.224031 3.07853e+08
0.75 -0.25 1.25 0.0251715 0.0541149 0.145344 5.34617e+08
0.25 0.25 1.25 0.0329878 0.0329878 0.139792 5.19597e+08
0.75 0.75 1.25 -0.0514664 -0.0514664 0.10617 1.67992e+09
0.25 1.25 1.25 -0.0786359 -0.0513026 0.101409 1.73637e+09
1.75 -1.25 1.25 0.179523 0.0373513 0.160301 6.38532e+08
1.25 -0.75 1.25 0.0686549 0.0434563 0.15362 5.7867e+08
1.75 -0.25 1.25 -0.011961 -0.106445 0.109313 1.09771e+09
1.25 0.25 1.25 -0.0513026 -0.0786359 0.101409 1.73637e+09
1.75 0.75 1.25 -0.0840944 -0.110155 0.146853 3.268e+09
1.25 1.25 1.25 -0.0967908 -0.0967908 0.145413 3.25158e+09
2.25 -0.75 1.25 0.0584799 -0.108652 0.117982 1.23704e+09
2.25 0.25 1.25 -0.10179 -0.12778 0.146538 3.35653e+09
2.25 1.25 1.25 -0.136301 -0.143593 0.19218 4.75046e+09
-2.5 -1 1.5 0.26317 0.190495 0.379832 2.16356e+08
-2.5 0 1.5 0.194926 0.0893122 0.299238 3.74587e+08
-2.5 1 1.5 0.0929854 0.0355956 0.200056 7.2178e+08
-2 -1.5 1.5 0.222299 0.192974 0.394967 2.0946e+08
-1.5 -1 1.5 0.100942 0.0662782 0.339033 3.39564e+08
-2 -0.5 1.5 0.149682 0.0589521 0.326617 3.50615e+08
-1.5 0 1.5 0.0235069 -0.0469089 0.254692 6.20416e+08
-2 0.5 1.5 0.0633432 -0.0190753 0.234636 6.61403e+08
-1.5 1 1.5 -0.0755167 -0.0687727 0.159935 1.30503e+09
-2 1.5 1.5 -0.0676198 -0.0340933 0.135134 1.40226e+09
-1 -1.5 1.5 0.0662782 0.100942 0.339033 3.39564e+08
-0.5 -1 1.5 -0.0416555 -0.0152211 0.263353 6.02102e+08
-1 -0.5 1.5 -0.0152211 -0.0416555 0.263353 6.02102e+08
-0.5 0 1.5 -0.0995157 -0.103048 0.17716 1.19701e+09
-1 0.5 1.5 -0.0864017 -0.0990333 0.172457 1.22859e+09
-0.5 1 1.5 -0.150673 -0.100138 0.108238 2.73551e+09
-1 1.5 1.5 -0.191696 -0.0498308 0.0981588 2.90396e+09
0 -1.5 1.5 -0.0469089 0.0235069 0.254692 6.20416e+08
0.5 -1 1.5 -0.0990333 -0.0864017 0.172457 1.22859e+09
0 -0.5 1.5 -0.103048 -0.0995157 0.17716 1.19701e+09
0.5 0 1.5 -0.11576 -0.139326 0.110216 2.68819e+09
0 0.5 1.5 -0.139326 -0.11576 0.110216 2.68819e+09
0.5 1 1.5 -0.228107 -0.205346 0.0671802 7.32217e+09
0 1.5 1.5 -0.18578 -0.165936 0.0875485 6.90074e+09
1 -1.5 1.5 -0.0687727 -0.0755167 0.159935 1.30503e+09
1.5 -1 1.5 -0.0498308 -0.191696 0.0981588 2.90396e+09
1 -0.5 1.5 -0.100138 -0.150673 0.108238 2.73551e+09
1.5 0 1.5 -0.165936 -0.18578 0.0875485 6.90074e+09
1 0.5 1.5 -0.205346 -0.228107 0.0671802 7.32217e+09
1.5 1 1.5 -0.26616 -0.27659 0.0762412 1.36744e+10
1 1.5 1.5 -0.27659 -0.26616 0.0762412 1.36744e+10
2 -1.5 1.5 -0.0430524 -0.241453 0.0716836 3.01343e+09
2.5 -1 1.5 -0.105779 -0.350097 0.0398115 6.64423e+09
2 -0.5 1.5 -0.0630643 -0.223188 0.0947775 6.84671e+09
2.5 0 1.5 -0.256579 -0.30932 0.0717061 1.50808e+10
2 0.5 1.5 -0.257323 -0.291168 0.0768017 1.41118e+10
2.5 1 1.5 -0.288595 -0.303483 0.133516 1.97022e+10
2 1.5 1.5 -0.288448 -0.293473 0.13445 1.86908e+10
