449
-2.5 -1 -1.5 0.767641 0.00604616 0.278189 1.77064e+11
-2.5 0 -1.5 0.746538 0.00619514 0.212545 9.54278e+10
-2.5 1 -1.5 0.718019 0.0125603 0.153206 4.84271e+10
-2 -1.5 -1.5 0.79374 0.052442 0.28645 2.60614e+11
-1.5 -1 -1.5 0.796813 0.0934903 0.226029 2.10162e+11
-2 -0.5 -1.5 0.772152 0.0483298 0.22362 1.43716e+11
-1.5 0 -1.5 0.765445 0.0925606 0.170627 1.09288e+11
-2 0.5 -1.5 0.741059 0.0506995 0.16563 7.33194e+10
-1.5 1 -1.5 0.726165 0.0941396 0.119749 5.35338e+10
-2 1.5 -1.5 0.704383 0.0556717 0.112943 3.57609e+10
-1 -1.5 -1.5 0.815931 0.141667 0.218471 2.90613e+11
-0.5 -1 -1.5 0.805042 0.184566 0.15359 2.17044e+11
-1 -0.5 -1.5 0.788296 0.137167 0.166931 1.58143e+11
-0.5 0 -1.5 0.769387 0.180238 0.109176 1.12478e+11
-1 0.5 -1.5 0.748859 0.135923 0.118839 7.87869e+10
-0.5 1 -1.5 0.7249 0.176366 0.067358 5.4613e+10
-1 1.5 -1.5 0.704288 0.134816 0.0738549 3.76197e+10
0 -1.5 -1.5 0.811017 0.236033 0.130945 2.75397e+11
0.5 -1 -1.5 0.785324 0.278369 0.0622171 1.92449e+11
0 -0.5 -1.5 0.783079 0.227257 0.0901182 1.52558e+11
0.5 0 -1.5 0.752753 0.266713 0.0277081 1.02767e+11
0 0.5 -1.5 0.742663 0.220226 0.05209 7.68245e+10
0.5 1 -1.5 0.710902 0.255684 -0.00492866 5.10781e+10
0 1.5 -1.5 0.696242 0.212706 0.0154267 3.68505e+10
1 -1.5 -1.5 0.773256 0.336594 0.0276428 2.23645e+11
1.5 -1 -1.5 0.731619 0.3743 -0.0434699 1.47813e+11
1 -0.5 -1.5 0.750356 0.317298 -0.00497801 1.28309e+11
1.5 0 -1.5 0.7095 0.350616 -0.0707783 8.30927e+10
1 0.5 -1.5 0.717013 0.301155 -0.0340331 6.73561e+10
1.5 1 -1.5 0.678577 0.330069 -0.095313 4.34079e+10
1 1.5 -1.5 0.676612 0.286168 -0.0621987 3.33751e+10
2 -1.5 -1.5 0.690074 0.437573 -0.0827844 1.5462e+11
2.5 -1 -1.5 0.633437 0.466924 -0.153009 9.85588e+10
2 -0.5 -1.5 0.683738 0.405953 -0.112277 9.47382e+10
2.5 0 -1.5 0.633312 0.430864 -0.178792 5.96967e+10
2 0.5 -1.5 0.66586 0.377767 -0.135278 5.29032e+10
2.5 1 -1.5 0.621845 0.399225 -0.19838 3.33599e+10
2 1.5 -1.5 0.639572 0.353788 -0.156082 2.76865e+10
-2.25 -0.75 -1.25 0.795293 0.120713 0.197111 4.60725e+10
-2.25 0.25 -1.25 0.766043 0.136939 0.127306 2.4149e+10
-2.25 1.25 -1.25 0.729676 0.154207 0.0648641 1.20166e+10
-1.75 -1.25 -1.25 0.818948 0.162099 0.209425 6.70025e+10
-1.25 -0.75 -1.25 0.813774 0.217782 0.146515 5.2028e+10
-1.75 -0.25 -1.25 0.7914 0.177249 0.141973 3.60331e+10
-1.25 0.25 -1.25 0.777863 0.232495 0.0875341 2.66471e+10
-1.75 0.75 -1.25 0.753762 0.192883 0.0804597 1.80447e+10
-1.25 1.25 -1.25 0.734732 0.245168 0.0328254 1.29458e+10
-0.75 -1.25 -1.25 0.8281 0.25902 0.139491 7.06518e+10
-0.25 -0.75 -1.25 0.810091 0.312139 0.0699806 5.13476e+10
-0.75 -0.25 -1.25 0.79841 0.271932 0.0843653 3.80855e+10
-0.25 0.25 -1.25 0.775458 0.32139 0.0220387 2.67082e+10
-0.75 0.75 -1.25 0.757215 0.283552 0.0325653 1.89034e+10
-0.25 1.25 -1.25 0.732128 0.328441 -0.023649 1.30369e+10
0.25 -1.25 -1.25 0.807552 0.356087 0.0456102 6.3524e+10
0.75 -0.75 -1.25 0.777099 0.402696 -0.0299811 4.39909e+10
0.25 -0.25 -1.25 0.783892 0.360055 0.000730601 3.56717e+10
0.75 0.25 -1.25 0.752319 0.400509 -0.0682935 2.40674e+10
0.25 0.75 -1.25 0.747619 0.364046 -0.0408621 1.82045e+10
0.75 1.25 -1.25 0.717095 0.399069 -0.104155 1.2181e+10
1.25 -1.25 -1.25 0.751881 0.451513 -0.0665343 4.95802e+10
1.75 -0.75 -1.25 0.708301 0.488151 -0.145296 3.31365e+10
1.25 -0.25 -1.25 0.740642 0.441074 -0.10435 2.95063e+10
1.75 0.25 -1.25 0.700832 0.470655 -0.176868 1.9402e+10
1.25 0.75 -1.25 0.717692 0.432774 -0.136678 1.59385e+10
1.75 1.25 -1.25 0.68175 0.457346 -0.203785 1.04267e+10
2.25 -1.25 -1.25 0.648338 0.541941 -0.184268 3.35392e+10
2.25 -0.25 -1.25 0.661518 0.515263 -0.220711 2.16912e+10
2.25 0.75 -1.25 0.659641 0.492238 -0.246825 1.2597e+10
-2.5 -1.5 -1 0.836384 -0.199987 0.304768 2.2127e+11
-2.5 -0.5 -1 0.840613 -0.22124 0.2258 1.26596e+11
-2.5 0.5 -1 0.833918 -0.237137 0.154281 6.61189e+10
-2.5 1.5 -1 0.818219 -0.25148 0.0910046 3.25616e+10
-1.5 -1.5 -1 0.86523 -0.114066 0.252613 2.4208e+11
-2 -1 -1 0.853002 -0.171424 0.243455 1.79007e+11
-1.5 -0.5 -1 0.857648 -0.146216 0.184397 1.33369e+11
-2 0 -1 0.845424 -0.195613 0.172806 9.53094e+10
-1.5 0.5 -1 0.838703 -0.176284 0.122401 6.71349e+10
-2 1 -1 0.827947 -0.217564 0.109586 4.72631e+10
-1.5 1.5 -1 0.812118 -0.204335 0.0662769 3.21638e+10
-0.5 -1.5 -1 0.877923 -0.0269947 0.181908 2.26682e+11
-1 -1 -1 0.869251 -0.0895025 0.187655 1.78901e+11
-0.5 -0.5 -1 0.859835 -0.0711364 0.125664 1.22429e+11
-1 0 -1 0.849831 -0.127293 0.128154 9.25568e+10
-0.5 0.5 -1 0.830445 -0.114845 0.0740404 6.09201e+10
-1 1 -1 0.821276 -0.163396 0.0737532 4.49454e+10
-0.5 1.5 -1 0.794575 -0.155441 0.0258289 2.90761e+10
0.5 -1.5 -1 0.867204 0.0575393 0.0951841 1.8054e+11
0 -1 -1 0.866395 -0.00920438 0.11446 1.534e+11
0.5 -0.5 -1 0.841406 0.00210909 0.0497773 9.77416e+10
0 0 -1 0.837966 -0.0592428 0.0661417 7.9234e+10
0.5 0.5 -1 0.805209 -0.0523729 0.0082964 4.95375e+10
0 1 -1 0.801003 -0.10735 0.0211142 3.87466e+10
0.5 1.5 -1 0.763492 -0.102493 -0.0314322 2.41665e+10
1.5 -1.5 -1 0.82505 0.138355 -0.00327991 1.22718e+11
1 -1 -1 0.838207 0.0682511 0.0258315 1.13393e+11
1.5 -0.5 -1 0.79624 0.0731613 -0.0406404 6.8609e+10
1 0 -1 0.804578 0.00818242 -0.0126866 6.0104e+10
1.5 0.5 -1 0.758308 0.0113579 -0.0735816 3.63292e+10
1 1 -1 0.763727 -0.0481907 -0.0486107 3.04106e+10
1.5 1.5 -1 0.716397 -0.0439782 -0.105104 1.85283e+10
2.5 -1.5 -1 0.743821 0.208448 -0.103327 7.25147e+10
2 -1 -1 0.776802 0.141025 -0.0726109 7.31105e+10
2.5 -0.5 -1 0.717406 0.139741 -0.138763 4.28921e+10
2 0 -1 0.74405 0.0747071 -0.104802 4.0843e+10
2.5 0.5 -1 0.685544 0.0762186 -0.167139 2.42392e+10
2 1 -1 0.70592 0.0145673 -0.133403 2.184e+10
2.5 1.5 -1 0.651 0.0200516 -0.192365 1.31405e+10
-2.25 -1.25 -0.75 0.734758 0.305903 0.270301 2.57651e+10
-2.25 -0.25 -0.75 0.709255 0.31888 0.211573 1.43697e+10
-2.25 0.75 -0.75 0.678171 0.33432 0.153325 7.48121e+09
-1.25 -1.25 -0.75 0.754447 0.40017 0.20665 2.99933e+10
-1.75 -0.75 -0.75 0.735194 0.359872 0.216492 2.1267e+10
-1.25 -0.25 -0.75 0.72681 0.412941 0.161866 1.64731e+10
-1.75 0.25 -0.75 0.703491 0.374085 0.16341 1.12321e+10
-1.25 0.75 -0.75 0.691211 0.424895 0.114313 8.345e+09
-1.75 1.25 -0.75 0.667716 0.387459 0.110887 5.61432e+09
-0.25 -1.25 -0.75 0.743054 0.493667 0.116063 2.98015e+10
-0.75 -0.75 -0.75 0.742537 0.451587 0.146363 2.30519e+10
-0.25 -0.25 -0.75 0.724333 0.497456 0.0848701 1.67616e+10
-0.75 0.25 -0.75 0.712012 0.461168 0.106207 1.2103e+10
-0.25 0.75 -0.75 0.693577 0.502217 0.0493539 8.54903e+09
-0.75 1.25 -0.75 0.675322 0.468938 0.0637066 5.9662e+09
0.75 -1.25 -0.75 0.695739 0.583465 0.00368942 2.52925e+10
0.25 -0.75 -0.75 0.720798 0.537429 0.0499967 2.15626e+10
0.75 -0.25 -0.75 0.694782 0.572812 -0.0166187 1.49438e+10
0.25 0.25 -0.75 0.702473 0.535643 0.0225236 1.17036e+10
0.75 0.75 -0.75 0.678985 0.565398 -0.0401259 7.94502e+09
0.25 1.25 -0.75 0.673618 0.535199 -0.00849576 5.87317e+09
1.75 -1.25 -0.75 0.604204 0.665407 -0.120542 1.85217e+10
1.25 -0.75 -0.75 0.664397 0.616236 -0.0658395 1.74932e+10
1.75 -0.25 -0.75 0.631492 0.639474 -0.134044 1.17166e+10
1.25 0.25 -0.75 0.667087 0.599303 -0.0828113 1.00559e+10
1.75 0.75 -0.75 0.639035 0.617701 -0.147789 6.63424e+09
1.25 1.25 -0.75 0.655146 0.587228 -0.102469 5.29055e+09
2.25 -0.75 -0.75 0.564792 0.685892 -0.188755 1.24031e+10
2.25 0.25 -0.75 0.598531 0.654422 -0.200005 7.68502e+09
2.25 1.25 -0.75 0.611166 0.629409 -0.210958 4.31865e+09
-2.5 -1 -0.5 0.839105 -0.116677 0.278722 8.87523e+10
-2.5 0 -0.5 0.838504 -0.136963 0.211038 4.92754e+10
-2.5 1 -0.5 0.828575 -0.152875 0.147765 2.52756e+10
-2 -1.5 -0.5 0.849581 -0.0550537 0.284952 1.21597e+11
-1.5 -1 -0.5 0.857815 -0.0223556 0.224436 9.49477e+10
-2 -0.5 -0.5 0.848684 -0.083466 0.22247 6.97091e+10
-1.5 0 -0.5 0.84664 -0.0547292 0.168153 5.07632e+10
-2 0.5 -0.5 0.837772 -0.10787 0.161697 3.63101e+10
-1.5 1 -0.5 0.826642 -0.0847777 0.114282 2.52354e+10
-2 1.5 -0.5 0.818981 -0.129505 0.10522 1.78194e+10
-1 -1.5 -0.5 0.863603 0.0441594 0.21547 1.22845e+11
-0.5 -1 -0.5 0.856887 0.0723218 0.152527 8.75894e+10
-1 -0.5 -0.5 0.853796 0.00596909 0.165506 6.83598e+10
-0.5 0 -0.5 0.838111 0.0281727 0.108644 4.61079e+10
-1 0.5 -0.5 0.833544 -0.0320417 0.115901 3.47591e+10
-0.5 1 -0.5 0.8109 -0.0148087 0.065135 2.2783e+10
-1 1.5 -0.5 0.806512 -0.0671562 0.0680634 1.6804e+10
0 -1.5 -0.5 0.853081 0.141546 0.129136 1.05856e+11
0.5 -1 -0.5 0.829788 0.163378 0.0643708 6.93907e+10
0 -0.5 -0.5 0.837848 0.0941446 0.0914731 5.82285e+10
0.5 0 -0.5 0.808195 0.110415 0.0322808 3.69563e+10
0 0.5 -0.5 0.812361 0.0449256 0.0534933 2.97364e+10
0.5 1 -0.5 0.778551 0.0577199 -0.000461865 1.86679e+10
0 1.5 -0.5 0.780597 -0.00147004 0.0151746 1.45266e+10
1 -1.5 -0.5 0.810653 0.233336 0.0288775 7.75475e+10
1.5 -1 -0.5 0.769546 0.248799 -0.0365602 4.76251e+10
1 -0.5 -0.5 0.79514 0.179299 0.0016548 4.33378e+10
1.5 0 -0.5 0.751566 0.190503 -0.058966 2.63746e+10
1 0.5 -0.5 0.770075 0.122499 -0.0253103 2.2844e+10
1.5 1 -0.5 0.726218 0.132585 -0.0817069 1.3948e+10
1 1.5 -0.5 0.739117 0.0686675 -0.0537358 1.15557e+10
2 -1.5 -0.5 0.728194 0.314405 -0.077672 4.88837e+10
2.5 -1 -0.5 0.668753 0.321942 -0.141048 2.87839e+10
2 -0.5 -0.5 0.718963 0.258643 -0.0992311 2.8521e+10
2.5 0 -0.5 0.662716 0.265709 -0.159332 1.69501e+10
2 0.5 -0.5 0.702227 0.199383 -0.117778 1.58873e+10
2.5 1 -0.5 0.650541 0.20841 -0.175022 9.55908e+09
2 1.5 -0.5 0.679586 0.142903 -0.137207 8.48422e+09
-2.25 -0.75 -0.25 0.68056 0.388132 0.307205 1.1919e+10
-2.25 0.25 -0.25 0.666907 0.393154 0.260411 6.64168e+09
-2.25 1.25 -0.25 0.650284 0.40228 0.208132 3.47173e+09
-1.75 -1.25 -0.25 0.698244 0.438859 0.289757 1.69683e+10
-1.25 -0.75 -0.25 0.696281 0.488612 0.236404 1.38214e+10
-1.75 -0.25 -0.25 0.683577 0.440518 0.256813 9.76653e+09
-1.25 0.25 -0.25 0.67931 0.488977 0.203418 7.53797e+09
-1.75 0.75 -0.25 0.665282 0.445136 0.212205 5.16851e+09
-1.25 1.25 -0.25 0.658588 0.490554 0.161836 3.83472e+09
-0.75 -1.25 -0.25 0.697349 0.538974 0.19643 1.8253e+10
-0.25 -0.75 -0.25 0.684057 0.581343 0.136945 1.39009e+10
-0.75 -0.25 -0.25 0.688074 0.533693 0.178977 1.0578e+10
-0.25 0.25 -0.25 0.675831 0.571669 0.118807 7.69149e+09
-0.75 0.75 -0.25 0.670367 0.530718 0.147633 5.53677e+09
-0.25 1.25 -0.25 0.658978 0.564619 0.0902717 3.91543e+09
0.25 -1.25 -0.25 0.658633 0.633866 0.0773462 1.66933e+10
0.75 -0.75 -0.25 0.637281 0.664818 0.0139912 1.20395e+10
0.25 -0.25 -0.25 0.667599 0.61567 0.0741192 1.0037e+10
0.75 0.25 -0.25 0.649301 0.641729 0.0100808 6.96053e+09
0.25 0.75 -0.25 0.661376 0.601694 0.0572981 5.3794e+09
0.75 1.25 -0.25 0.646094 0.624001 -0.00436117 3.65861e+09
1.25 -1.25 -0.25 0.576201 0.717245 -0.0590298 1.30781e+10
1.75 -0.75 -0.25 0.548278 0.735957 -0.121357 9.04866e+09
1.25 -0.25 -0.25 0.614562 0.686816 -0.0504805 8.31842e+09
1.75 0.25 -0.25 0.591628 0.700975 -0.11403 5.57616e+09
1.25 0.75 -0.25 0.63038 0.660052 -0.0535656 4.69058e+09
1.75 1.25 -0.25 0.611471 0.671837 -0.115802 3.09911e+09
2.25 -1.25 -0.25 0.440414 0.783011 -0.195418 8.86857e+09
2.25 -0.25 -0.25 0.521103 0.746302 -0.182136 6.06226e+09
2.25 0.75 -0.25 0.569043 0.708831 -0.17551 3.66216e+09
-2.5 -1.5 0 0.835001 -0.00829418 0.323552 6.03352e+10
-2.5 -0.5 0 0.841062 -0.0335687 0.270927 3.66483e+10
-2.5 0.5 0 0.839702 -0.053286 0.213514 2.00812e+10
-2.5 1.5 0 0.830715 -0.0691041 0.157411 1.02352e+10
-1.5 -1.5 0 0.850732 0.102599 0.252795 6.50389e+10
-2 -1 0 0.847363 0.0317359 0.268516 4.99853e+10
-1.5 -0.5 0 0.848802 0.0687524 0.212935 3.81473e+10
-2 0 0 0.845281 0.00368129 0.218403 2.81842e+10
-1.5 0.5 0 0.83886 0.035447 0.167144 2.02431e+10
-2 1 0 0.835539 -0.0210013 0.166261 1.45908e+10
-1.5 1.5 0 0.822381 0.00546018 0.120258 1.0074e+10
-0.5 -1.5 0 0.840583 0.213868 0.164138 6.02429e+10
-1 -1 0 0.848233 0.140069 0.195133 4.92536e+10
-0.5 -0.5 0 0.834536 0.17107 0.137784 3.4546e+10
-1 0 0 0.839285 0.0999909 0.158236 2.70789e+10
-0.5 0.5 0 0.820198 0.125344 0.104726 1.81954e+10
-1 1 0 0.823092 0.0613754 0.11719 1.379e+10
-0.5 1.5 0 0.799754 0.0824327 0.0682698 9.05639e+09
0.5 -1.5 0 0.796171 0.318619 0.060002 4.73453e+10
0 -1 0 0.821421 0.245508 0.104789 4.1676e+10
0.5 -0.5 0 0.79253 0.270478 0.0459878 2.72164e+10
0 0 0 0.811174 0.195982 0.0813068 2.2894e+10
0.5 0.5 0 0.780047 0.215917 0.0260868 1.46243e+10
0 1 0 0.793392 0.145849 0.0524036 1.17849e+10
0.5 1.5 0 0.76105 0.16306 0.00108467 7.46638e+09
1.5 -1.5 0 0.709835 0.411873 -0.0544713 3.18539e+10
1 -1 0 0.760011 0.344528 -0.000661296 3.0384e+10
1.5 -0.5 0 0.716148 0.363956 -0.0595009 1.88369e+10
1 0 0 0.755885 0.290008 -0.0114483 1.71402e+10
1.5 0.5 0 0.714131 0.30569 -0.0671764 1.05895e+10
1 1 0 0.743516 0.232407 -0.0278137 9.14888e+09
1.5 1.5 0 0.704132 0.247395 -0.0805316 5.66612e+09
2.5 -1.5 0 0.574867 0.482463 -0.16688 1.87168e+10
2 -1 0 0.656272 0.431211 -0.114188 1.93654e+10
2.5 -0.5 0 0.599001 0.445022 -0.170326 1.16355e+10
2 0 0 0.667702 0.378798 -0.116007 1.14875e+10
2.5 0.5 0 0.617988 0.391588 -0.170091 6.97375e+09
2 1 0 0.670127 0.319649 -0.121199 6.49165e+09
2.5 1.5 0 0.626358 0.333576 -0.173581 3.97366e+09
-2.25 -1.25 0.25 0.653807 0.43267 0.37906 9.25583e+09
-2.25 -0.25 0.25 0.655215 0.422116 0.357376 5.69464e+09
-2.25 0.75 0.25 0.656802 0.420756 0.315475 3.20173e+09
-1.25 -1.25 0.25 0.661365 0.547309 0.283621 1.06963e+10
-1.75 -0.75 0.25 0.66122 0.483611 0.332774 8.03506e+09
-1.25 -0.25 0.25 0.66239 0.531159 0.280119 6.53883e+09
-1.75 0.25 0.25 0.660738 0.474395 0.306852 4.65325e+09
-1.25 0.75 0.25 0.660395 0.52055 0.25267 3.59213e+09
-1.75 1.25 0.25 0.658287 0.471312 0.265792 2.48719e+09
-0.25 -1.25 0.25 0.63139 0.654694 0.158428 1.05917e+10
-0.75 -0.75 0.25 0.655881 0.591137 0.231399 8.67585e+09
-0.25 -0.25 0.25 0.647809 0.627438 0.173151 6.62211e+09
-0.75 0.25 0.25 0.658946 0.572364 0.222777 5.01507e+09
-0.25 0.75 0.25 0.652554 0.605983 0.162684 3.66121e+09
-0.75 1.25 0.25 0.656468 0.558979 0.196012 2.64436e+09
0.75 -1.25 0.25 0.556194 0.747734 0.00944239 8.92963e+09
0.25 -0.75 0.25 0.617481 0.686766 0.101998 8.0763e+09
0.75 -0.25 0.25 0.603226 0.710078 0.041836 5.84605e+09
0.25 0.25 0.25 0.637843 0.655953 0.111649 4.80347e+09
0.75 0.75 0.25 0.626697 0.677025 0.0492815 3.34835e+09
0.25 1.25 0.25 0.644529 0.631918 0.101624 2.57207e+09
1.75 -1.25 0.25 0.427646 0.817545 -0.147514 6.49053e+09
1.25 -0.75 0.25 0.537336 0.766726 -0.0461727 6.48436e+09
1.75 -0.25 0.25 0.519275 0.777662 -0.10249 4.50874e+09
1.25 0.25 0.25 0.588519 0.725968 -0.0192162 4.05927e+09
1.75 0.75 0.25 0.573799 0.735658 -0.0791741 2.73448e+09
1.25 1.25 0.25 0.615098 0.691479 -0.0122889 2.26722e+09
2.25 -0.75 0.25 0.406909 0.82563 -0.195538 4.54066e+09
2.25 0.25 0.25 0.501954 0.782694 -0.157526 3.03612e+09
2.25 1.25 0.25 0.559191 0.740456 -0.137023 1.80384e+09
-2.5 -1 0.5 0.837154 0.069672 0.314571 2.63867e+10
-2.5 0 0.5 0.842502 0.045029 0.272785 1.58974e+10
-2.5 1 0.5 0.842514 0.0243954 0.223709 8.69482e+09
-2 -1.5 0.5 0.839487 0.14444 0.29093 3.42462e+10
-1.5 -1 0.5 0.839407 0.190427 0.238926 2.75853e+10
-2 -0.5 0.5 0.842784 0.114296 0.263023 2.14192e+10
-1.5 0 0.5 0.838478 0.153365 0.210843 1.61243e+10
-2 0.5 0.5 0.842101 0.0845699 0.222724 1.20601e+10
-1.5 1 0.5 0.832622 0.117969 0.173277 8.6114e+09
-2 1.5 0.5 0.83595 0.0586113 0.17749 6.27161e+09
-1 -1.5 0.5 0.82971 0.269355 0.199346 3.38779e+10
-0.5 -1 0.5 0.812665 0.310203 0.145532 2.48875e+10
-1 -0.5 0.5 0.829688 0.229635 0.185702 2.05744e+10
-0.5 0 0.5 0.811365 0.261602 0.132158 1.43846e+10
-1 0.5 0.5 0.825185 0.185927 0.158881 1.13961e+10
-0.5 1 0.5 0.804488 0.21276 0.107592 7.68841e+09
-1 1.5 0.5 0.815611 0.145653 0.124625 5.87471e+09
0 -1.5 0.5 0.783339 0.389172 0.0907299 2.85482e+10
0.5 -1 0.5 0.749351 0.423261 0.035377 1.92739e+10
0 -0.5 0.5 0.787687 0.342401 0.0911871 1.71646e+10
0.5 0 0.5 0.756401 0.36808 0.0370453 1.13188e+10
0 0.5 0.5 0.786028 0.287656 0.0790072 9.59831e+09
0.5 1 0.5 0.755565 0.309146 0.0269229 6.21166e+09
0 1.5 0.5 0.778245 0.23512 0.0572998 5.02758e+09
1 -1.5 0.5 0.691865 0.49573 -0.0314404 2.04572e+10
1.5 -1 0.5 0.641657 0.523885 -0.0870897 1.29798e+10
1 -0.5 0.5 0.710217 0.449513 -0.0191529 1.25193e+10
1.5 0 0.5 0.667895 0.469799 -0.0718898 7.93127e+09
1 0.5 0.5 0.720717 0.388773 -0.0159002 7.25101e+09
1.5 1 0.5 0.682931 0.406257 -0.0671452 4.57035e+09
1 1.5 0.5 0.722137 0.327692 -0.023795 3.94795e+09
2 -1.5 0.5 0.548332 0.579028 -0.157763 1.27322e+10
2.5 -1 0.5 0.48353 0.600292 -0.209727 7.7573e+09
2 -0.5 0.5 0.590374 0.544504 -0.139008 8.10037e+09
2.5 0 0.5 0.540649 0.560546 -0.187161 5.02094e+09
2 0.5 0.5 0.624841 0.486315 -0.122308 4.95997e+09
2.5 1 0.5 0.58323 0.50099 -0.170279 3.08609e+09
2 1.5 0.5 0.645153 0.422241 -0.116554 2.85816e+09
-2.25 -0.75 0.75 0.635881 0.444272 0.421911 4.51551e+09
-2.25 0.25 0.75 0.64876 0.428609 0.40225 2.80731e+09
-2.25 1.25 0.75 0.662035 0.423604 0.362605 1.59499e+09
-1.75 -1.25 0.75 0.634985 0.522257 0.367819 5.99931e+09
-1.25 -0.75 0.75 0.633808 0.570421 0.322303 5.18225e+09
-1.75 -0.25 0.75 0.643004 0.4971 0.374919 3.90995e+09
-1.25 0.25 0.75 0.645818 0.543978 0.321912 3.1824e+09
-1.75 0.75 0.75 0.654746 0.481206 0.351406 2.28879e+09
-1.25 1.25 0.75 0.65669 0.526118 0.296843 1.7682e+09
-0.75 -1.25 0.75 0.612806 0.646527 0.240455 6.40588e+09
-0.25 -0.75 0.75 0.602322 0.682638 0.190293 5.18634e+09
-0.75 -0.25 0.75 0.631217 0.611358 0.269503 4.21e+09
-0.25 0.25 0.75 0.627573 0.64443 0.211557 3.22826e+09
-0.75 0.75 0.75 0.645712 0.583301 0.264543 2.44813e+09
-0.25 1.25 0.75 0.643656 0.614745 0.204825 1.79577e+09
0.25 -1.25 0.75 0.545823 0.754264 0.0826418 5.84651e+09
0.75 -0.75 0.75 0.531337 0.775843 0.0322341 4.47359e+09
0.25 -0.25 0.75 0.593742 0.709408 0.134735 3.97164e+09
0.75 0.25 0.75 0.585533 0.728639 0.07645 2.89344e+09
0.25 0.75 0.75 0.622853 0.669993 0.151052 2.35634e+09
0.75 1.25 0.75 0.617302 0.68869 0.0901588 1.65374e+09
1.25 -1.25 0.75 0.424877 0.834117 -0.092986 4.57114e+09
1.75 -0.75 0.75 0.410453 0.84336 -0.13601 3.34959e+09
1.25 -0.25 0.75 0.519675 0.788953 -0.0200354 3.26589e+09
1.75 0.25 0.75 0.508931 0.796089 -0.0725355 2.28675e+09
1.25 0.75 0.75 0.577154 0.741576 0.0178096 2.02375e+09
1.75 1.25 0.75 0.568589 0.749316 -0.0395514 1.3731e+09
2.25 -1.25 0.75 0.244436 0.87432 -0.2607 3.12148e+09
2.25 -0.25 0.75 0.399121 0.846223 -0.177913 2.35836e+09
2.25 0.75 0.75 0.498549 0.798791 -0.123806 1.55102e+09
-2.5 -1.5 1 0.830756 0.167122 0.327069 1.8051e+10
-2.5 -0.5 1 0.83539 0.142125 0.31015 1.20212e+10
-2.5 0.5 1 0.840905 0.115731 0.276784 7.2348e+09
-2.5 1.5 1 0.843166 0.0928708 0.234426 3.97372e+09
-1.5 -1.5 1 0.821378 0.304153 0.233855 1.89861e+10
-2 -1 1 0.830977 0.221602 0.279988 1.53986e+10
-1.5 -0.5 1 0.823012 0.268526 0.230969 1.22183e+10
-2 0 1 0.834378 0.188135 0.261261 9.61742e+09
-1.5 0.5 1 0.825328 0.226862 0.211616 7.19312e+09
-2 1 1 0.836415 0.155441 0.228594 5.44726e+09
-1.5 1.5 1 0.824691 0.188659 0.18054 3.88916e+09
-0.5 -1.5 1 0.773666 0.438759 0.121712 1.71557e+10
-1 -1 1 0.804059 0.354085 0.18411 1.47878e+10
-0.5 -0.5 1 0.780708 0.392801 0.134186 1.08107e+10
-1 0 1 0.807854 0.306677 0.180948 9.06184e+09
-0.5 0.5 1 0.786799 0.337382 0.130422 6.366e+09
-1 1 1 0.809503 0.258772 0.161807 5.09485e+09
-0.5 1.5 1 0.788362 0.285111 0.112456 3.46679e+09
0.5 -1.5 1 0.67815 0.559628 -0.0065072 1.31337e+10
0 -1 1 0.739064 0.480251 0.0703651 1.21955e+10
0.5 -0.5 1 0.702138 0.51102 0.0202738 8.33182e+09
0 0 1 0.752886 0.422852 0.0838762 7.51544e+09
0.5 0.5 1 0.721858 0.446659 0.0339379 5.03635e+09
0 1 1 0.761221 0.362377 0.0802176 4.2988e+09
0.5 1.5 1 0.732699 0.383228 0.0310983 2.82588e+09
1.5 -1.5 1 0.52698 0.65553 -0.144514 8.64645e+09
1 -1 1 0.627861 0.593296 -0.0589162 8.68986e+09
1.5 -0.5 1 0.580417 0.617465 -0.106694 5.66993e+09
1 0 1 0.664215 0.534292 -0.0284436 5.52876e+09
1.5 0.5 1 0.62648 0.552426 -0.0752106 3.59332e+09
1 1 1 0.689081 0.466061 -0.0147365 3.29144e+09
1.5 1.5 1 0.65613 0.482756 -0.061665 2.11769e+09
2.5 -1.5 1 0.316329 0.708444 -0.276181 5.0296e+09
2 -1 1 0.464008 0.682069 -0.194508 5.46659e+09
2.5 -0.5 1 0.411028 0.700952 -0.235364 3.4748e+09
2 0 1 0.536573 0.635176 -0.150335 3.65706e+09
2.5 0.5 1 0.49698 0.649076 -0.190391 2.34121e+09
2 1 1 0.590248 0.567466 -0.119725 2.30536e+09
2.5 1.5 1 0.556521 0.58078 -0.161968 1.46806e+09
-2.25 -1.25 1.25 0.62038 0.467749 0.442093 3.27001e+09
-2.25 -0.25 1.25 0.629648 0.439233 0.453936 2.26821e+09
-2.25 0.75 1.25 0.649172 0.422534 0.434902 1.422e+09
-1.25 -1.25 1.25 0.602803 0.611421 0.319366 3.72846e+09
-1.75 -0.75 1.25 0.618908 0.52354 0.401935 2.98381e+09
-1.25 -0.25 1.25 0.617049 0.572366 0.355303 2.57258e+09
-1.75 0.25 1.25 0.634273 0.494066 0.407357 1.95553e+09
-1.25 0.75 1.25 0.637161 0.541029 0.355292 1.59014e+09
-1.75 1.25 1.25 0.654269 0.475122 0.385163 1.15612e+09
-0.25 -1.25 1.25 0.544091 0.737859 0.160141 3.6861e+09
-0.75 -0.75 1.25 0.591191 0.655159 0.273604 3.1897e+09
-0.25 -0.25 1.25 0.583872 0.688598 0.22293 2.58682e+09
-0.75 0.25 1.25 0.615937 0.612641 0.302818 2.09165e+09
-0.25 0.75 1.25 0.615199 0.644664 0.246193 1.61002e+09
-0.75 1.25 1.25 0.638923 0.579623 0.299244 1.22594e+09
0.75 -1.25 1.25 0.432872 0.833785 -0.0271752 3.11971e+09
0.25 -0.75 1.25 0.528563 0.765465 0.112211 2.96136e+09
0.75 -0.25 1.25 0.519315 0.783241 0.0631539 2.27471e+09
0.25 0.25 1.25 0.57927 0.713404 0.168556 1.98966e+09
0.75 0.75 1.25 0.575578 0.73124 0.112358 1.45895e+09
0.25 1.25 1.25 0.614232 0.669206 0.187539 1.18212e+09
1.75 -1.25 1.25 0.261937 0.883623 -0.220008 2.28651e+09
1.25 -0.75 1.25 0.418834 0.846113 -0.0697033 2.38033e+09
1.75 -0.25 1.25 0.410935 0.851546 -0.109183 1.75211e+09
1.25 0.25 1.25 0.512845 0.794217 0.013319 1.67023e+09
1.75 0.75 1.25 0.507246 0.800199 -0.0363889 1.17828e+09
1.25 1.25 1.25 0.571913 0.743283 0.0560969 1.02837e+09
2.25 -0.75 1.25 0.253793 0.887598 -0.247786 1.67989e+09
2.25 0.25 1.25 0.405299 0.852578 -0.147516 1.24161e+09
2.25 1.25 1.25 0.501687 0.802381 -0.0850125 8.05682e+08
-2.5 -1 1.5 0.82401 0.234383 0.315636 8.55164e+09
-2.5 0 1.5 0.82777 0.206527 0.305271 5.68664e+09
-2.5 1 1.5 0.834321 0.176801 0.278871 3.43004e+09
-2 -1.5 1.5 0.816121 0.317652 0.266502 1.05785e+10
-1.5 -1 1.5 0.796915 0.377025 0.218984 8.72776e+09
-2 -0.5 1.5 0.815717 0.289159 0.270327 7.19215e+09
-1.5 0 1.5 0.801485 0.333506 0.224007 5.65772e+09
-2 0.5 1.5 0.820969 0.250933 0.258849 4.50628e+09
-1.5 1 1.5 0.808384 0.287266 0.211555 3.36592e+09
-2 1.5 1.5 0.82647 0.214733 0.232459 2.57515e+09
-1 -1.5 1.5 0.767739 0.464773 0.153518 1.02334e+10
-0.5 -1 1.5 0.730575 0.514337 0.103303 7.6929e+09
-1 -0.5 1.5 0.772836 0.422789 0.172231 6.75747e+09
-0.5 0 1.5 0.746217 0.456934 0.12584 4.9595e+09
-1 0.5 1.5 0.782799 0.368402 0.176898 4.19891e+09
-0.5 1 1.5 0.760701 0.396045 0.129367 2.97547e+09
-1 1.5 1.5 0.791149 0.316822 0.163921 2.3981e+09
0 -1.5 1.5 0.669993 0.599456 0.0216287 8.42858e+09
0.5 -1 1.5 0.617296 0.637338 -0.0297593 5.83114e+09
0 -0.5 1.5 0.693255 0.549255 0.0564783 5.52537e+09
0.5 0 1.5 0.65751 0.574263 0.0117762 3.84507e+09
0 0.5 1.5 0.71813 0.482868 0.0795187 3.4911e+09
0.5 1 1.5 0.689241 0.503217 0.0337907 2.38045e+09
0 1.5 1.5 0.736148 0.41841 0.0821932 2.03667e+09
1 -1.5 1.5 0.514645 0.707153 -0.124226 5.90767e+09
1.5 -1 1.5 0.45044 0.735187 -0.173949 3.86988e+09
1 -0.5 1.5 0.570729 0.66302 -0.0744754 3.96911e+09
1.5 0 1.5 0.53078 0.680776 -0.11403 2.67064e+09
1 0.5 1.5 0.623665 0.592834 -0.0311526 2.60993e+09
1.5 1 1.5 0.591836 0.607342 -0.072256 1.73689e+09
1 1.5 1.5 0.66031 0.51987 -0.0107071 1.58571e+09
2 -1.5 1.5 0.296306 0.770439 -0.271642 3.6181e+09
2.5 -1 1.5 0.229039 0.790619 -0.31313 2.31053e+09
2 -0.5 1.5 0.400999 0.753927 -0.211899 2.55561e+09
2.5 0 1.5 0.363612 0.766892 -0.241432 1.69147e+09
2 0.5 1.5 0.496325 0.693654 -0.149847 1.77547e+09
2.5 1 1.5 0.46646 0.703591 -0.182946 1.16791e+09
2 1.5 1.5 0.5623 0.619395 -0.111489 1.13935e+09
