449
-2.5 -1 -1.5 0.0212432 0.250899 0.54865 4.95459e+10
-2.5 0 -1.5 0.142819 0.257048 0.507013 6.62856e+10
-2.5 1 -1.5 0.309406 0.225099 0.477168 8.95113e+10
-2 -1.5 -1.5 -0.00381134 0.238506 0.581315 4.29785e+10
-1.5 -1 -1.5 0.0555249 0.249063 0.558748 4.9214e+10
-2 -0.5 -1.5 0.0911357 0.257782 0.529212 5.7683e+10
-1.5 0 -1.5 0.165457 0.256918 0.506717 6.89299e+10
-2 0.5 -1.5 0.227295 0.248242 0.487649 8.04832e+10
-1.5 1 -1.5 0.313838 0.234561 0.464325 9.92963e+10
-2 1.5 -1.5 0.401351 0.202247 0.456389 1.10242e+11
-1 -1.5 -1.5 0.0337825 0.234717 0.594113 4.15688e+10
-0.5 -1 -1.5 0.0897344 0.243177 0.564501 4.79002e+10
-1 -0.5 -1.5 0.119862 0.253769 0.532825 5.77583e+10
-0.5 0 -1.5 0.189474 0.254395 0.503448 6.89745e+10
-1 0.5 -1.5 0.244127 0.250644 0.480722 8.38403e+10
-0.5 1 -1.5 0.325578 0.244859 0.449201 1.02349e+11
-1 1.5 -1.5 0.401143 0.223537 0.435292 1.21293e+11
0 -1.5 -1.5 0.0705559 0.227584 0.600057 3.96765e+10
0.5 -1 -1.5 0.124331 0.236063 0.563066 4.55898e+10
0 -0.5 -1.5 0.151022 0.248379 0.53155 5.60948e+10
0.5 0 -1.5 0.217117 0.252846 0.494146 6.6269e+10
0 0.5 -1.5 0.263229 0.254765 0.468956 8.30574e+10
0.5 1 -1.5 0.337234 0.25872 0.426761 9.90979e+10
0 1.5 -1.5 0.402629 0.241676 0.410314 1.22241e+11
1 -1.5 -1.5 0.1078 0.221001 0.596519 3.7284e+10
1.5 -1 -1.5 0.159367 0.231042 0.551532 4.23871e+10
1 -0.5 -1.5 0.182682 0.24389 0.522086 5.2807e+10
1.5 0 -1.5 0.244542 0.254314 0.474916 6.12295e+10
1 0.5 -1.5 0.285916 0.260483 0.449681 7.81666e+10
1.5 1 -1.5 0.360319 0.278908 0.393818 9.15792e+10
1 1.5 -1.5 0.415003 0.275995 0.371857 1.16486e+11
2 -1.5 -1.5 0.145087 0.219768 0.580627 3.45195e+10
2.5 -1 -1.5 0.193673 0.233761 0.526407 3.86282e+10
2 -0.5 -1.5 0.214582 0.242855 0.501317 4.82669e+10
2.5 0 -1.5 0.274145 0.260703 0.442984 5.48998e+10
2 0.5 -1.5 0.31113 0.273519 0.417728 7.08538e+10
2.5 1 -1.5 0.38079 0.301939 0.349987 8.06887e+10
2 1.5 -1.5 0.439241 0.30704 0.327299 1.05132e+11
-2.25 -0.75 -1.25 -0.0406458 0.39876 0.495491 1.29653e+10
-2.25 0.25 -1.25 0.0775093 0.473741 0.42402 1.76272e+10
-2.25 1.25 -1.25 0.24635 0.506948 0.357945 2.35952e+10
-1.75 -1.25 -1.25 -0.0673938 0.352397 0.537395 1.11555e+10
-1.25 -0.75 -1.25 -0.0236058 0.379355 0.504315 1.28596e+10
-1.75 -0.25 -1.25 0.0156928 0.42813 0.462211 1.52053e+10
-1.25 0.25 -1.25 0.070811 0.451452 0.423596 1.80728e+10
-1.75 0.75 -1.25 0.143095 0.494247 0.384672 2.11965e+10
-1.25 1.25 -1.25 0.209264 0.511469 0.339934 2.52797e+10
-0.75 -1.25 -1.25 -0.0419167 0.329068 0.549352 1.08007e+10
-0.25 -0.75 -1.25 -0.00662026 0.34996 0.511124 1.24209e+10
-0.75 -0.25 -1.25 0.020394 0.403417 0.466079 1.50411e+10
-0.25 0.25 -1.25 0.0615187 0.426981 0.421833 1.76901e+10
-0.75 0.75 -1.25 0.122019 0.475256 0.377973 2.1484e+10
-0.25 1.25 -1.25 0.168461 0.493958 0.326841 2.51328e+10
0.25 -1.25 -1.25 -0.0173386 0.299326 0.555935 1.02653e+10
0.75 -0.75 -1.25 0.0110117 0.315317 0.512734 1.16981e+10
0.25 -0.25 -1.25 0.0265822 0.370203 0.468079 1.43712e+10
0.75 0.25 -1.25 0.0558408 0.392156 0.418898 1.65553e+10
0.25 0.75 -1.25 0.101271 0.451197 0.370529 2.06509e+10
0.75 1.25 -1.25 0.133237 0.477428 0.311664 2.35873e+10
1.25 -1.25 -1.25 0.00811372 0.266323 0.554751 9.57482e+09
1.75 -0.75 -1.25 0.0299243 0.277342 0.506807 1.07352e+10
1.25 -0.25 -1.25 0.0356131 0.331724 0.46503 1.33076e+10
1.75 0.25 -1.25 0.0556885 0.352581 0.410468 1.49874e+10
1.25 0.75 -1.25 0.0823674 0.418791 0.361313 1.87979e+10
1.75 1.25 -1.25 0.109071 0.444823 0.296169 2.06738e+10
2.25 -1.25 -1.25 0.0370892 0.236792 0.542594 8.79744e+09
2.25 -0.25 -1.25 0.0471034 0.289675 0.454386 1.19326e+10
2.25 0.75 -1.25 0.079138 0.377682 0.347359 1.6529e+10
-2.5 -1.5 -1 -0.00808423 0.236738 0.567095 3.97955e+10
-2.5 -0.5 -1 0.0958294 0.256944 0.516303 5.0277e+10
-2.5 0.5 -1 0.239931 0.245998 0.474541 6.38596e+10
-2.5 1.5 -1 0.40652 0.204219 0.442603 7.30789e+10
-1.5 -1.5 -1 0.03298 0.239206 0.581178 3.93592e+10
-2 -1 -1 0.0571252 0.25069 0.545679 4.50124e+10
-1.5 -0.5 -1 0.126973 0.256254 0.520682 5.21563e+10
-2 0 -1 0.176427 0.256846 0.494019 5.90224e+10
-1.5 0.5 -1 0.256055 0.249229 0.468276 7.01258e+10
-2 1 -1 0.322935 0.229356 0.451525 7.55402e+10
-1.5 1.5 -1 0.401629 0.215151 0.424228 8.80763e+10
-0.5 -1.5 -1 0.0717985 0.235895 0.589972 3.8275e+10
-1 -1 -1 0.0934942 0.249066 0.553056 4.49436e+10
-0.5 -0.5 -1 0.15773 0.253882 0.521276 5.22e+10
-1 0 -1 0.198945 0.255363 0.492122 6.14571e+10
-0.5 0.5 -1 0.273639 0.252316 0.459348 7.25757e+10
-1 1 -1 0.33576 0.239157 0.438667 8.28982e+10
-0.5 1.5 -1 0.411228 0.235076 0.402811 9.51329e+10
0.5 -1.5 -1 0.109984 0.231432 0.590649 3.65402e+10
0 -1 -1 0.128632 0.244855 0.554599 4.37584e+10
0.5 -0.5 -1 0.189602 0.251916 0.515257 5.04116e+10
0 0 -1 0.225749 0.256402 0.485415 6.10118e+10
0.5 0.5 -1 0.295561 0.259945 0.443848 7.08807e+10
0 1 -1 0.347137 0.25188 0.420406 8.46048e+10
0.5 1.5 -1 0.415597 0.258069 0.37374 9.47048e+10
1.5 -1.5 -1 0.148119 0.230426 0.580336 3.42146e+10
1 -1 -1 0.164381 0.241534 0.547557 4.14285e+10
1.5 -0.5 -1 0.222075 0.252005 0.499704 4.69489e+10
1 0 -1 0.253536 0.259734 0.470604 5.79301e+10
1.5 0.5 -1 0.319533 0.27299 0.417833 6.5797e+10
1 1 -1 0.364754 0.27038 0.393679 8.07035e+10
1.5 1.5 -1 0.436175 0.295942 0.331856 8.88706e+10
2.5 -1.5 -1 0.18587 0.236477 0.556596 3.15092e+10
2 -1 -1 0.199435 0.243514 0.528603 3.81945e+10
2.5 -0.5 -1 0.253435 0.259722 0.470628 4.23928e+10
2 0 -1 0.282877 0.266615 0.444701 5.27953e+10
2.5 0.5 -1 0.346326 0.288929 0.380243 5.85197e+10
2 1 -1 0.387014 0.297638 0.35401 7.32832e+10
2.5 1.5 -1 0.447559 0.328966 0.282274 7.67609e+10
-2.25 -1.25 -0.75 -0.124675 0.409737 0.504237 1.02107e+10
-2.25 -0.25 -0.75 -0.0257351 0.490431 0.425931 1.31226e+10
-2.25 0.75 -0.75 0.116211 0.550574 0.349226 1.65303e+10
-1.25 -1.25 -0.75 -0.10145 0.3873 0.518719 1.00386e+10
-1.75 -0.75 -0.75 -0.0753181 0.441464 0.469773 1.15867e+10
-1.25 -0.25 -0.75 -0.0293985 0.468074 0.429603 1.33257e+10
-1.75 0.25 -0.75 0.0341373 0.515875 0.385199 1.52343e+10
-1.25 0.75 -0.75 0.089181 0.530088 0.341057 1.75528e+10
-1.75 1.25 -0.75 0.169147 0.5569 0.308289 1.87308e+10
-0.25 -1.25 -0.75 -0.0837193 0.355123 0.530496 9.64078e+09
-0.75 -0.75 -0.75 -0.0652044 0.411454 0.479365 1.13983e+10
-0.25 -0.25 -0.75 -0.0301335 0.432859 0.43471 1.29933e+10
-0.75 0.25 -0.75 0.0155633 0.490034 0.384015 1.5332e+10
-0.25 0.75 -0.75 0.0516888 0.507422 0.334218 1.74033e+10
-0.75 1.25 -0.75 0.133507 0.542499 0.29385 1.9612e+10
0.75 -1.25 -0.75 -0.0647812 0.315223 0.537273 9.04639e+09
0.25 -0.75 -0.75 -0.0550062 0.373342 0.486542 1.08643e+10
0.75 -0.25 -0.75 -0.0292294 0.390124 0.438012 1.21962e+10
0.25 0.25 -0.75 -1.49027e-07 0.451766 0.385125 1.46991e+10
0.75 0.75 -0.75 0.024161 0.471852 0.329684 1.62627e+10
0.25 1.25 -0.75 0.0890594 0.521784 0.280474 1.91089e+10
1.75 -1.25 -0.75 -0.0414105 0.27343 0.535909 8.32514e+09
1.25 -0.75 -0.75 -0.0430006 0.327405 0.489367 1.00447e+10
1.75 -0.25 -0.75 -0.0255583 0.339132 0.437326 1.10226e+10
1.25 0.25 -0.75 -0.0088962 0.406874 0.384361 1.34873e+10
1.75 0.75 -0.75 0.00655146 0.426045 0.324465 1.44642e+10
1.25 1.25 -0.75 0.0506584 0.491892 0.268777 1.72708e+10
2.25 -0.75 -0.75 -0.0250253 0.281491 0.483725 9.06014e+09
2.25 0.25 -0.75 -0.0128792 0.350089 0.380848 1.17975e+10
2.25 1.25 -0.75 0.031907 0.436901 0.261875 1.46309e+10
-2.5 -1 -0.5 0.0510566 0.250167 0.531276 3.69027e+10
-2.5 0 -0.5 0.177068 0.25905 0.479791 4.42123e+10
-2.5 1 -0.5 0.322407 0.230176 0.440025 4.90257e+10
-2 -1.5 -0.5 0.0260669 0.241392 0.56639 3.38096e+10
-1.5 -1 -0.5 0.0919595 0.253933 0.539369 3.8095e+10
-2 -0.5 -0.5 0.127021 0.258937 0.506551 4.20219e+10
-1.5 0 -0.5 0.202327 0.256591 0.47923 4.83253e+10
-2 0.5 -0.5 0.258102 0.248723 0.455394 5.07885e+10
-1.5 1 -0.5 0.33346 0.239317 0.426605 5.75383e+10
-2 1.5 -0.5 0.397667 0.216339 0.414629 5.35852e+10
-1 -1.5 -0.5 0.0681582 0.242645 0.577343 3.36553e+10
-0.5 -1 -0.5 0.128651 0.251845 0.54369 3.80515e+10
-1 -0.5 -0.5 0.159944 0.258317 0.508951 4.35269e+10
-0.5 0 -0.5 0.228795 0.258656 0.474549 4.99979e+10
-1 0.5 -0.5 0.275365 0.250811 0.447944 5.55726e+10
-0.5 1 -0.5 0.34577 0.244657 0.413375 6.2233e+10
-1 1.5 -0.5 0.4029 0.226949 0.39706 6.27046e+10
0 -1.5 -0.5 0.108119 0.240433 0.581865 3.27235e+10
0.5 -1 -0.5 0.165106 0.250061 0.540677 3.68534e+10
0 -0.5 -0.5 0.191641 0.257811 0.505913 4.33678e+10
0.5 0 -0.5 0.256056 0.26265 0.46366 4.91409e+10
0 0.5 -0.5 0.297146 0.25782 0.436091 5.66664e+10
0.5 1 -0.5 0.363253 0.259837 0.392219 6.22858e+10
0 1.5 -0.5 0.410943 0.246499 0.373024 6.68858e+10
1 -1.5 -0.5 0.147325 0.239675 0.57683 3.1111e+10
1.5 -1 -0.5 0.201253 0.251663 0.527375 3.45671e+10
1 -0.5 -0.5 0.224741 0.259055 0.494911 4.14303e+10
1.5 0 -0.5 0.285904 0.270014 0.443327 4.59412e+10
1 0.5 -0.5 0.320628 0.270098 0.415488 5.45198e+10
1.5 1 -0.5 0.383865 0.285484 0.359215 5.83752e+10
1 1.5 -0.5 0.422518 0.274703 0.339695 6.50233e+10
2 -1.5 -0.5 0.18608 0.244627 0.559485 2.89355e+10
2.5 -1 -0.5 0.236684 0.260943 0.500793 3.15128e+10
2 -0.5 -0.5 0.257171 0.265389 0.47234 3.80475e+10
2.5 0 -0.5 0.31427 0.28353 0.410085 4.10748e+10
2 0.5 -0.5 0.348052 0.287258 0.383884 4.96419e+10
2.5 1 -0.5 0.406973 0.309135 0.3178 5.13276e+10
2 1.5 -0.5 0.438896 0.307814 0.29661 5.90003e+10
-2.25 -0.75 -0.25 -0.11937 0.494374 0.438144 9.53183e+09
-2.25 0.25 -0.25 0.00481734 0.561143 0.356877 1.14247e+10
-2.25 1.25 -0.25 0.154233 0.588712 0.295326 1.20669e+10
-1.75 -1.25 -0.25 -0.149927 0.440958 0.487726 8.61254e+09
-1.25 -0.75 -0.25 -0.10896 0.468295 0.447443 9.60882e+09
-1.75 -0.25 -0.25 -0.0653063 0.522797 0.396976 1.0699e+10
-1.25 0.25 -0.25 -0.022958 0.542496 0.352203 1.19721e+10
-1.75 0.75 -0.25 0.0593937 0.575367 0.31494 1.26578e+10
-1.25 1.25 -0.25 0.110116 0.567587 0.276636 1.34713e+10
-0.75 -1.25 -0.25 -0.135543 0.410961 0.501902 8.39956e+09
-0.25 -0.75 -0.25 -0.107579 0.431602 0.457343 9.32595e+09
-0.75 -0.25 -0.25 -0.0736911 0.489621 0.402401 1.07414e+10
-0.25 0.25 -0.25 -0.0418633 0.503785 0.353886 1.18302e+10
-0.75 0.75 -0.25 0.0190642 0.552015 0.306001 1.30417e+10
-0.25 1.25 -0.25 0.0442165 0.552718 0.260967 1.36947e+10
0.25 -1.25 -0.25 -0.124665 0.369505 0.514154 7.96416e+09
0.75 -0.75 -0.25 -0.102844 0.382745 0.466134 8.72316e+09
0.25 -0.25 -0.25 -0.0805807 0.446487 0.408808 1.0285e+10
0.75 0.25 -0.25 -0.0579849 0.457634 0.356729 1.11102e+10
0.25 0.75 -0.25 -0.0179263 0.510411 0.303863 1.26622e+10
0.75 1.25 -0.25 -0.00537976 0.515335 0.253058 1.28259e+10
1.25 -1.25 -0.25 -0.108039 0.3202 0.521534 7.36559e+09
1.75 -0.75 -0.25 -0.0919029 0.327488 0.470174 7.9137e+09
1.25 -0.25 -0.25 -0.0837235 0.392067 0.414638 9.42498e+09
1.75 0.25 -0.25 -0.0697402 0.398445 0.360088 9.86681e+09
1.25 0.75 -0.25 -0.0435434 0.462809 0.30323 1.15323e+10
1.75 1.25 -0.25 -0.0352821 0.459612 0.250475 1.11526e+10
2.25 -1.25 -0.25 -0.0831464 0.270824 0.520098 6.66941e+09
2.25 -0.25 -0.25 -0.0794355 0.331524 0.416016 8.3083e+09
2.25 0.75 -0.25 -0.0589005 0.392763 0.306253 9.77526e+09
-2.5 -1.5 0 0.0135311 0.240419 0.550637 2.64422e+10
-2.5 -0.5 0 0.115619 0.2587 0.493243 3.00806e+10
-2.5 0.5 0 0.251118 0.255555 0.443372 3.20764e+10
-2.5 1.5 0 0.403214 0.21232 0.416278 2.9058e+10
-1.5 -1.5 0 0.0588983 0.246269 0.563382 2.70837e+10
-2 -1 0 0.0827863 0.255969 0.525177 2.91963e+10
-1.5 -0.5 0 0.155595 0.262252 0.495561 3.26884e+10
-2 0 0 0.195692 0.259365 0.466124 3.37355e+10
-1.5 0.5 0 0.268154 0.248763 0.438538 3.72034e+10
-2 1 0 0.324595 0.23593 0.420691 3.46753e+10
-1.5 1.5 0 0.394212 0.23618 0.390785 3.62919e+10
-0.5 -1.5 0 0.102243 0.247547 0.570761 2.69562e+10
-1 -1 0 0.123859 0.257091 0.531106 3.01505e+10
-0.5 -0.5 0 0.188896 0.261005 0.495686 3.36714e+10
-1 0 0 0.225439 0.259853 0.46379 3.64501e+10
-0.5 0.5 0 0.291936 0.255449 0.428524 4.01118e+10
-1 1 0 0.334823 0.240846 0.407195 4.02713e+10
-0.5 1.5 0 0.397502 0.23478 0.375315 4.09996e+10
0.5 -1.5 0 0.143504 0.247861 0.570451 2.60823e+10
0 -1 0 0.162073 0.256368 0.531821 2.99304e+10
0.5 -0.5 0 0.222644 0.262688 0.48871 3.31968e+10
0 0 0 0.252822 0.262757 0.456213 3.73722e+10
0.5 0.5 0 0.31379 0.263951 0.412984 4.03628e+10
0 1 0 0.353276 0.251508 0.390793 4.23431e+10
0.5 1.5 0 0.407886 0.2547 0.349474 4.18565e+10
1.5 -1.5 0 0.183572 0.251206 0.559387 2.46151e+10
1 -1 0 0.199574 0.257733 0.523689 2.87157e+10
1.5 -0.5 0 0.256676 0.268226 0.47185 3.12579e+10
1 0 0 0.283091 0.269652 0.440744 3.61645e+10
1.5 0.5 0 0.341519 0.280381 0.3874 3.79884e+10
1 1 0 0.370501 0.27088 0.364894 4.14136e+10
1.5 1.5 0 0.423834 0.285593 0.31253 3.96799e+10
2.5 -1.5 0 0.222574 0.262355 0.534644 2.26852e+10
2 -1 0 0.236518 0.265403 0.503593 2.66087e+10
2.5 -0.5 0 0.290029 0.281918 0.442031 2.81949e+10
2 0 0 0.313433 0.281968 0.414131 3.31273e+10
2.5 0.5 0 0.367638 0.298365 0.351245 3.35892e+10
2 1 0 0.397017 0.297055 0.32903 3.76798e+10
2.5 1.5 0 0.442555 0.315815 0.267711 3.43508e+10
-2.25 -1.25 0.25 -0.190962 0.486114 0.459412 6.81706e+09
-2.25 -0.25 0.25 -0.103038 0.56278 0.373722 7.76918e+09
-2.25 0.75 0.25 0.0429364 0.598767 0.306189 8.09281e+09
-1.25 -1.25 0.25 -0.177575 0.461033 0.473808 6.78839e+09
-1.75 -0.75 0.25 -0.145958 0.514595 0.420022 7.43161e+09
-1.25 -0.25 0.25 -0.104543 0.535959 0.375815 8.08039e+09
-1.75 0.25 0.25 -0.0479315 0.580621 0.331223 8.36775e+09
-1.25 0.75 0.25 -0.0185027 0.585121 0.291016 8.77913e+09
-1.75 1.25 0.25 0.0879473 0.60013 0.273632 8.25038e+09
-0.25 -1.25 0.25 -0.170771 0.422883 0.488459 6.53563e+09
-0.75 -0.75 0.25 -0.146703 0.482724 0.429555 7.38796e+09
-0.25 -0.25 0.25 -0.122594 0.497055 0.382247 7.95463e+09
-0.75 0.25 0.25 -0.0753751 0.54548 0.330861 8.62552e+09
-0.25 0.75 0.25 -0.0483332 0.543953 0.286546 8.84957e+09
-0.75 1.25 0.25 0.0315739 0.581234 0.251982 8.72078e+09
0.75 -1.25 0.25 -0.162686 0.371398 0.501943 6.10682e+09
0.25 -0.75 0.25 -0.152098 0.436193 0.441221 7.03706e+09
0.75 -0.25 0.25 -0.131489 0.441997 0.39156 7.4354e+09
0.25 0.25 0.25 -0.0988898 0.498143 0.334724 8.35047e+09
0.75 0.75 0.25 -0.0809897 0.49308 0.287502 8.34208e+09
0.25 1.25 0.25 -0.0316401 0.529201 0.246868 8.56311e+09
1.75 -1.25 0.25 -0.144199 0.314357 0.510011 5.55141e+09
1.25 -0.75 0.25 -0.147656 0.376534 0.452111 6.45165e+09
1.75 -0.25 0.25 -0.134197 0.376213 0.400177 6.63155e+09
1.25 0.25 0.25 -0.115331 0.439001 0.341415 7.59104e+09
1.75 0.75 0.25 -0.101921 0.42792 0.292056 7.27137e+09
1.25 1.25 0.25 -0.0701239 0.470121 0.245598 7.75745e+09
2.25 -0.75 0.25 -0.130814 0.313121 0.45726 5.72165e+09
2.25 0.25 0.25 -0.124314 0.364649 0.349126 6.50272e+09
2.25 1.25 0.25 -0.0877523 0.390665 0.247846 6.36875e+09
-2.5 -1 0.5 0.0657618 0.25391 0.512313 2.02429e+10
-2.5 0 0.5 0.175678 0.259977 0.457065 2.07316e+10
-2.5 1 0.5 0.333809 0.252065 0.415936 1.87554e+10
-2 -1.5 0.5 0.0439978 0.245834 0.549353 1.99584e+10
-1.5 -1 0.5 0.111225 0.258867 0.518806 2.17639e+10
-2 -0.5 0.5 0.140004 0.263816 0.483822 2.20343e+10
-1.5 0 0.5 0.215107 0.262404 0.454004 2.38986e+10
-2 0.5 0.5 0.257636 0.252649 0.431217 2.23299e+10
-1.5 1 0.5 0.324126 0.234327 0.40808 2.28969e+10
-2 1.5 0.5 0.405838 0.216801 0.402478 1.88093e+10
-1 -1.5 0.5 0.0906951 0.251081 0.558784 2.04582e+10
-0.5 -1 0.5 0.153986 0.260312 0.521986 2.23008e+10
-1 -0.5 0.5 0.180291 0.26334 0.485375 2.37315e+10
-0.5 0 0.5 0.243798 0.260306 0.450456 2.54874e+10
-1 0.5 0.5 0.280497 0.253523 0.424052 2.52052e+10
-0.5 1 0.5 0.343685 0.247344 0.39155 2.57789e+10
-1 1.5 0.5 0.394726 0.23546 0.380024 2.29422e+10
0 -1.5 0.5 0.135918 0.254372 0.561979 2.02441e+10
0.5 -1 0.5 0.19406 0.262193 0.518361 2.19014e+10
0 -0.5 0.5 0.215594 0.263498 0.482483 2.41246e+10
0.5 0 0.5 0.274296 0.264465 0.439589 2.57056e+10
0 0.5 0.5 0.303117 0.257606 0.412276 2.67245e+10
0.5 1 0.5 0.352831 0.258415 0.371477 2.64811e+10
0 1.5 0.5 0.39118 0.255173 0.3554 2.43156e+10
1 -1.5 0.5 0.178209 0.257188 0.556521 1.94325e+10
1.5 -1 0.5 0.232689 0.267304 0.504631 2.07616e+10
1 -0.5 0.5 0.251502 0.267351 0.47098 2.34461e+10
1.5 0 0.5 0.306827 0.275221 0.418765 2.43459e+10
1 0.5 0.5 0.328743 0.269659 0.392331 2.62386e+10
1.5 1 0.5 0.379102 0.28054 0.34218 2.51557e+10
1 1.5 0.5 0.402995 0.273076 0.326986 2.43782e+10
2 -1.5 0.5 0.219462 0.264834 0.539081 1.81527e+10
2.5 -1 0.5 0.270548 0.280399 0.477638 1.89424e+10
2 -0.5 0.5 0.28695 0.280217 0.447323 2.16805e+10
2.5 0 0.5 0.338961 0.295488 0.385523 2.17309e+10
2 0.5 0.5 0.358949 0.286873 0.36274 2.39813e+10
2.5 1 0.5 0.403131 0.298691 0.304867 2.18606e+10
2 1.5 0.5 0.420344 0.30674 0.285646 2.19409e+10
-2.25 -0.75 0.75 -0.180773 0.548368 0.400968 5.26114e+09
-2.25 0.25 0.75 -0.0807627 0.608104 0.324792 5.28432e+09
-2.25 1.25 0.75 0.120673 0.609367 0.284945 4.56174e+09
-1.75 -1.25 0.75 -0.214432 0.500993 0.449836 5.08337e+09
-1.25 -0.75 0.75 -0.178197 0.524197 0.407258 5.3884e+09
-1.75 -0.25 0.75 -0.132143 0.56918 0.359583 5.53885e+09
-1.25 0.25 0.75 -0.0941455 0.577172 0.318974 5.68659e+09
-1.75 0.75 0.75 -0.0202814 0.608316 0.290162 5.27979e+09
-1.25 1.25 0.75 -0.00130687 0.610618 0.258103 5.1555e+09
-0.75 -1.25 0.75 -0.20777 0.469058 0.46434 4.9966e+09
-0.25 -0.75 0.75 -0.187989 0.48256 0.418839 5.25034e+09
-0.75 -0.25 0.75 -0.15194 0.535117 0.363483 5.62925e+09
-0.25 0.25 0.75 -0.133633 0.537981 0.31946 5.7101e+09
-0.75 0.75 0.75 -0.0682009 0.574879 0.280126 5.6451e+09
-0.25 1.25 0.75 -0.0411772 0.560463 0.247413 5.20421e+09
0.25 -1.25 0.75 -0.204198 0.42131 0.480472 4.73778e+09
0.75 -0.75 0.75 -0.192811 0.423663 0.433239 4.90681e+09
0.25 -0.25 0.75 -0.174324 0.484491 0.372924 5.41434e+09
0.75 0.25 0.75 -0.153541 0.473114 0.328865 5.34079e+09
0.25 0.75 0.75 -0.115146 0.514959 0.282907 5.50402e+09
0.75 1.25 0.75 -0.0898236 0.500502 0.241255 4.92305e+09
1.25 -1.25 0.75 -0.195274 0.361614 0.495311 4.34843e+09
1.75 -0.75 0.75 -0.182796 0.357126 0.445451 4.39013e+09
1.25 -0.25 0.75 -0.180277 0.415455 0.386006 4.91437e+09
1.75 0.25 0.75 -0.167866 0.39843 0.339002 4.66642e+09
1.25 0.75 0.75 -0.137419 0.449769 0.286482 4.98592e+09
1.75 1.25 0.75 -0.119738 0.427444 0.239876 4.23343e+09
2.25 -1.25 0.75 -0.17201 0.295739 0.504223 3.87141e+09
2.25 -0.25 0.75 -0.167928 0.341819 0.39553 4.26095e+09
2.25 0.75 0.75 -0.162308 0.35659 0.29722 4.11633e+09
-2.5 -1.5 1 0.0254163 0.241651 0.536197 1.34541e+10
-2.5 -0.5 1 0.114898 0.257495 0.477686 1.33696e+10
-2.5 0.5 1 0.248214 0.261449 0.42926 1.17839e+10
-2.5 1.5 1 0.491602 0.232915 0.407347 9.06371e+09
-1.5 -1.5 1 0.0727623 0.249093 0.5478 1.42871e+10
-2 -1 1 0.0907009 0.254843 0.509318 1.42863e+10
-1.5 -0.5 1 0.162991 0.264223 0.477109 1.51858e+10
-2 0 1 0.196663 0.268338 0.447149 1.40532e+10
-1.5 0.5 1 0.275506 0.255574 0.422927 1.44638e+10
-2 1 1 0.347319 0.238741 0.412007 1.21351e+10
-1.5 1.5 1 0.408189 0.238556 0.391501 1.09243e+10
-0.5 -1.5 1 0.122719 0.257205 0.55309 1.45605e+10
-1 -1 1 0.138847 0.261179 0.512862 1.52463e+10
-0.5 -0.5 1 0.203096 0.262396 0.477436 1.6056e+10
-1 0 1 0.232742 0.25966 0.446778 1.58237e+10
-0.5 0.5 1 0.289891 0.250938 0.415304 1.59e+10
-1 1 1 0.33217 0.250736 0.395468 1.40207e+10
-0.5 1.5 1 0.392962 0.246361 0.372195 1.29846e+10
0.5 -1.5 1 0.169117 0.261776 0.551952 1.42718e+10
0 -1 1 0.183479 0.264497 0.512756 1.5411e+10
0.5 -0.5 1 0.241286 0.265523 0.470285 1.60398e+10
0 0 1 0.261064 0.258948 0.440054 1.64799e+10
0.5 0.5 1 0.312889 0.255687 0.401394 1.63943e+10
0 1 1 0.342465 0.249547 0.382338 1.52893e+10
0.5 1.5 1 0.396475 0.28012 0.340186 1.38414e+10
1.5 -1.5 1 0.213163 0.267935 0.540839 1.35558e+10
1 -1 1 0.22467 0.268055 0.504377 1.49461e+10
1.5 -0.5 1 0.278524 0.273284 0.453519 1.53189e+10
1 0 1 0.295806 0.264394 0.425814 1.6258e+10
1.5 0.5 1 0.347353 0.272134 0.376827 1.56472e+10
1 1 1 0.363986 0.272027 0.355606 1.53211e+10
1.5 1.5 1 0.40045 0.294068 0.308666 1.30394e+10
2.5 -1.5 1 0.255158 0.280607 0.516585 1.24994e+10
2 -1 1 0.266308 0.277754 0.484756 1.39353e+10
2.5 -0.5 1 0.317937 0.290575 0.424035 1.38481e+10
2 0 1 0.32982 0.285242 0.397553 1.50283e+10
2.5 0.5 1 0.373124 0.299665 0.339275 1.3781e+10
2 1 1 0.391336 0.287626 0.325166 1.38391e+10
2.5 1.5 1 0.423744 0.323775 0.266054 1.09368e+10
-2.25 -1.25 1.25 -0.246514 0.530437 0.432511 3.51381e+09
-2.25 -0.25 1.25 -0.161299 0.593527 0.356598 3.46772e+09
-2.25 0.75 1.25 -0.0208062 0.643382 0.300924 2.92852e+09
-1.25 -1.25 1.25 -0.240289 0.505846 0.44528 3.54934e+09
-1.75 -0.75 1.25 -0.208861 0.552926 0.394663 3.62453e+09
-1.25 -0.25 1.25 -0.169238 0.567862 0.353622 3.65301e+09
-1.75 0.25 1.25 -0.101699 0.603001 0.319488 3.43387e+09
-1.25 0.75 1.25 -0.0725083 0.597983 0.289672 3.26407e+09
-1.75 1.25 1.25 0.0626451 0.621487 0.281303 2.68647e+09
-0.25 -1.25 1.25 -0.235877 0.465329 0.461127 3.43273e+09
-0.75 -0.75 1.25 -0.215626 0.519094 0.402843 3.63082e+09
-0.25 -0.25 1.25 -0.202452 0.519557 0.361693 3.61011e+09
-0.75 0.25 1.25 -0.152802 0.560854 0.318267 3.57763e+09
-0.25 0.75 1.25 -0.128618 0.560024 0.280986 3.3123e+09
-0.75 1.25 1.25 -0.0244524 0.594905 0.255867 2.96768e+09
0.75 -1.25 1.25 -0.234155 0.40702 0.479499 3.19814e+09
0.25 -0.75 1.25 -0.224976 0.464377 0.417898 3.46685e+09
0.75 -0.25 1.25 -0.215829 0.451417 0.37594 3.38318e+09
0.25 0.25 1.25 -0.194531 0.505855 0.323762 3.46838e+09
0.75 0.75 1.25 -0.165999 0.482812 0.286483 3.10837e+09
0.25 1.25 1.25 -0.112437 0.532263 0.250908 2.92278e+09
1.75 -1.25 1.25 -0.216686 0.338286 0.49554 2.87308e+09
1.25 -0.75 1.25 -0.228198 0.399078 0.433666 3.15513e+09
1.75 -0.25 1.25 -0.213918 0.37992 0.387921 2.97235e+09
1.25 0.25 1.25 -0.202125 0.42405 0.336111 3.12456e+09
1.75 0.75 1.25 -0.183361 0.392108 0.293981 2.6564e+09
1.25 1.25 1.25 -0.15583 0.443931 0.2504 2.6214e+09
2.25 -0.75 1.25 -0.205943 0.319269 0.447841 2.74621e+09
2.25 0.25 1.25 -0.200397 0.341664 0.344373 2.64042e+09
2.25 1.25 1.25 -0.180234 0.334851 0.248416 2.10159e+09
-2.5 -1 1.5 0.0699594 0.245703 0.503608 8.54544e+09
-2.5 0 1.5 0.168688 0.259093 0.450742 7.39847e+09
-2.5 1 1.5 0.402569 0.247404 0.419945 5.42669e+09
-2 -1.5 1.5 0.0524688 0.242141 0.538722 9.16389e+09
-1.5 -1 1.5 0.11597 0.255076 0.507562 9.53097e+09
-2 -0.5 1.5 0.1379 0.257997 0.474812 8.77637e+09
-1.5 0 1.5 0.226279 0.267068 0.444487 8.97573e+09
-2 0.5 1.5 0.290164 0.277764 0.420816 7.50455e+09
-1.5 1 1.5 0.356001 0.237427 0.411117 7.0476e+09
-2 1.5 1.5 0.503881 0.188847 0.428982 5.02117e+09
-1 -1.5 1.5 0.103198 0.254361 0.545811 9.67679e+09
-0.5 -1 1.5 0.167687 0.264315 0.508222 1.00318e+10
-1 -0.5 1.5 0.188652 0.263004 0.473896 9.81166e+09
-0.5 0 1.5 0.244709 0.248811 0.44551 9.74038e+09
-1 0.5 1.5 0.2851 0.244883 0.423733 8.68941e+09
-0.5 1 1.5 0.344421 0.248181 0.396818 8.05124e+09
-1 1.5 1.5 0.43156 0.282279 0.382191 6.27074e+09
0 -1.5 1.5 0.155234 0.262985 0.547458 9.76121e+09
0.5 -1 1.5 0.211817 0.266384 0.504814 9.97398e+09
0 -0.5 1.5 0.225248 0.261632 0.471606 1.01238e+10
0.5 0 1.5 0.281218 0.260706 0.432338 9.88853e+09
0 0.5 1.5 0.300946 0.248513 0.411836 9.25827e+09
0.5 1 1.5 0.356886 0.265485 0.375326 8.44297e+09
0 1.5 1.5 0.409057 0.296267 0.359886 6.87637e+09
1 -1.5 1.5 0.202831 0.269918 0.541389 9.45821e+09
1.5 -1 1.5 0.256742 0.276712 0.490196 9.51384e+09
1 -0.5 1.5 0.266323 0.266306 0.460224 9.92878e+09
1.5 0 1.5 0.31867 0.26747 0.413974 9.53479e+09
1 0.5 1.5 0.336719 0.264161 0.391971 9.27713e+09
1.5 1 1.5 0.384126 0.281463 0.348031 8.09604e+09
1 1.5 1.5 0.420669 0.315429 0.328515 7.06162e+09
2 -1.5 1.5 0.24875 0.279114 0.524267 8.86727e+09
2.5 -1 1.5 0.300217 0.288792 0.464916 8.70785e+09
2 -0.5 1.5 0.310015 0.282741 0.436807 9.25648e+09
2.5 0 1.5 0.357926 0.295877 0.379684 8.53181e+09
2 0.5 1.5 0.365645 0.280091 0.363096 8.55129e+09
2.5 1 1.5 0.394437 0.30093 0.307883 6.97197e+09
2 1.5 1.5 0.408346 0.339597 0.289377 6.24669e+09
