449
-2.5 -1 -1.5 -0.393476 -0.0118614 0.493273 4.08081e+10
-2.5 0 -1.5 -0.315894 0.0392938 0.530994 3.95875e+10
-2.5 1 -1.5 -0.155003 0.0415834 0.593572 3.85058e+10
-2 -1.5 -1.5 -0.415409 0.0735411 0.470838 3.431e+10
-1.5 -1 -1.5 -0.393932 0.177985 0.46672 3.01864e+10
-2 -0.5 -1.5 -0.377328 0.120839 0.483859 3.48734e+10
-1.5 0 -1.5 -0.325489 0.236586 0.477984 3.23411e+10
-2 0.5 -1.5 -0.267263 0.171126 0.522646 3.57767e+10
-1.5 1 -1.5 -0.171126 0.267263 0.522646 3.57767e+10
-2 1.5 -1.5 -0.0415834 0.155003 0.593572 3.85058e+10
-1 -1.5 -1.5 -0.389138 0.219144 0.472027 2.5842e+10
-0.5 -1 -1.5 -0.34781 0.289763 0.472472 2.44767e+10
-1 -0.5 -1.5 -0.34525 0.270696 0.464423 2.83669e+10
-0.5 0 -1.5 -0.270696 0.34525 0.464423 2.83669e+10
-1 0.5 -1.5 -0.236586 0.325489 0.477984 3.23411e+10
-0.5 1 -1.5 -0.120839 0.377328 0.483859 3.48734e+10
-1 1.5 -1.5 -0.0392938 0.315894 0.530994 3.95875e+10
0 -1.5 -1.5 -0.340697 0.297515 0.496572 2.08794e+10
0.5 -1 -1.5 -0.297515 0.340697 0.496572 2.08794e+10
0 -0.5 -1.5 -0.289763 0.34781 0.472472 2.44767e+10
0.5 0 -1.5 -0.219144 0.389138 0.472027 2.5842e+10
0 0.5 -1.5 -0.177985 0.393932 0.46672 3.01864e+10
0.5 1 -1.5 -0.0735411 0.415409 0.470838 3.431e+10
0 1.5 -1.5 0.0118614 0.393476 0.493273 4.08081e+10
1 -1.5 -1.5 -0.296637 0.327152 0.532677 1.76372e+10
1.5 -1 -1.5 -0.259741 0.351348 0.528724 1.83806e+10
1 -0.5 -1.5 -0.245357 0.373492 0.494152 2.18973e+10
1.5 0 -1.5 -0.185261 0.396023 0.489664 2.40591e+10
1 0.5 -1.5 -0.139028 0.413182 0.471282 2.88243e+10
1.5 1 -1.5 -0.0503315 0.421516 0.47037 3.39018e+10
1 1.5 -1.5 0.038897 0.413601 0.475886 4.15967e+10
2 -1.5 -1.5 -0.264398 0.32526 0.572609 1.53196e+10
2.5 -1 -1.5 -0.234154 0.338601 0.562736 1.64278e+10
2 -0.5 -1.5 -0.216255 0.369824 0.521264 1.99343e+10
2.5 0 -1.5 -0.165467 0.382954 0.511027 2.2442e+10
2 0.5 -1.5 -0.117047 0.408979 0.483637 2.76254e+10
2.5 1 -1.5 -0.0418737 0.412454 0.47617 3.29544e+10
2 1.5 -1.5 0.0438789 0.415072 0.468962 4.16257e+10
-2.25 -0.75 -1.25 -0.0964815 -0.141424 0.614728 1.14841e+10
-2.25 0.25 -1.25 -0.0514299 -0.084342 0.632289 1.17688e+10
-2.25 1.25 -1.25 0.0324537 -0.0324537 0.662182 1.24473e+10
-1.75 -1.25 -1.25 -0.0906059 -0.124835 0.6078 9.77882e+09
-1.25 -0.75 -1.25 -0.0604343 -0.0519912 0.607095 8.74913e+09
-1.75 -0.25 -1.25 -0.0611786 -0.0609414 0.613933 1.01647e+10
-1.25 0.25 -1.25 -0.00817434 0.00817434 0.613756 9.75692e+09
-1.75 0.75 -1.25 0.0108965 -0.0108965 0.633101 1.12299e+10
-1.25 1.25 -1.25 0.084342 0.0514299 0.632289 1.17688e+10
-0.75 -1.25 -1.25 -0.049219 -0.0510512 0.613088 7.53398e+09
-0.25 -0.75 -1.25 -0.00527804 0.00527804 0.613533 7.27875e+09
-0.75 -0.25 -1.25 -0.011898 0.011898 0.607084 8.41906e+09
-0.25 0.25 -1.25 0.0519912 0.0604343 0.607095 8.74913e+09
-0.75 0.75 -1.25 0.0609414 0.0611786 0.613933 1.01647e+10
-0.25 1.25 -1.25 0.141424 0.0964815 0.614728 1.14841e+10
0.25 -1.25 -1.25 0.0070402 -0.0070402 0.631186 6.2859e+09
0.75 -0.75 -1.25 0.0563377 0.0337121 0.629911 6.47411e+09
0.25 -0.25 -1.25 0.0510512 0.049219 0.613088 7.53398e+09
0.75 0.25 -1.25 0.114131 0.0797661 0.611859 8.31205e+09
0.25 0.75 -1.25 0.124835 0.0906059 0.6078 9.77882e+09
0.75 1.25 -1.25 0.20484 0.109128 0.608592 1.16766e+10
1.25 -1.25 -1.25 0.0648089 0.0191232 0.655173 5.53283e+09
1.75 -0.75 -1.25 0.114637 0.0524456 0.648801 5.96133e+09
1.25 -0.25 -1.25 0.111603 0.0657011 0.626198 7.05255e+09
1.75 0.25 -1.25 0.171636 0.0921688 0.620121 8.08335e+09
1.25 0.75 -1.25 0.182517 0.10254 0.609558 9.70829e+09
1.75 1.25 -1.25 0.256107 0.119001 0.605018 1.19687e+10
2.25 -1.25 -1.25 0.121295 0.0410464 0.678193 5.02961e+09
2.25 -0.25 -1.25 0.168543 0.0817606 0.638642 6.72112e+09
2.25 0.75 -1.25 0.235363 0.1138 0.611509 9.70921e+09
-2.5 -1.5 -1 -0.29484 -0.0882778 0.521001 5.95014e+10
-2.5 -0.5 -1 -0.240679 -0.0592681 0.550219 5.58955e+10
-2.5 0.5 -1 -0.116703 -0.0466803 0.602249 5.06182e+10
-2.5 1.5 -1 0.22883 -0.22883 0.703085 4.11148e+10
-1.5 -1.5 -1 -0.311832 0.0837824 0.507422 4.37757e+10
-2 -1 -1 -0.296161 0.0231127 0.516641 4.99804e+10
-1.5 -0.5 -1 -0.269467 0.123001 0.514014 4.50732e+10
-2 0 -1 -0.222943 0.0582631 0.543908 4.96283e+10
-1.5 0.5 -1 -0.158029 0.158029 0.541857 4.77129e+10
-2 1 -1 -0.0585873 0.0585873 0.598917 4.84189e+10
-1.5 1.5 -1 0.0466803 0.116703 0.602249 5.06182e+10
-0.5 -1.5 -1 -0.281611 0.187718 0.519893 3.49028e+10
-1 -1 -1 -0.283149 0.16448 0.507815 3.9948e+10
-0.5 -0.5 -1 -0.232896 0.232896 0.508001 3.87214e+10
-1 0 -1 -0.209263 0.209263 0.513107 4.35211e+10
-0.5 0.5 -1 -0.123001 0.269467 0.514014 4.50732e+10
-1 1 -1 -0.0582631 0.222943 0.543908 4.96283e+10
-0.5 1.5 -1 0.0592681 0.240679 0.550219 5.58955e+10
0.5 -1.5 -1 -0.239001 0.239001 0.547565 2.9398e+10
0 -1 -1 -0.24099 0.24099 0.520897 3.39619e+10
0.5 -0.5 -1 -0.187718 0.281611 0.519893 3.49028e+10
0 0 -1 -0.16448 0.283149 0.507815 3.9948e+10
0.5 0.5 -1 -0.0837824 0.311832 0.507422 4.37757e+10
0 1 -1 -0.0231127 0.296161 0.516641 4.99804e+10
0.5 1.5 -1 0.0882778 0.29484 0.521001 5.95014e+10
1.5 -1.5 -1 -0.199746 0.255138 0.582191 2.56574e+10
1 -1 -1 -0.198256 0.271029 0.545815 3.00987e+10
1.5 -0.5 -1 -0.149387 0.294554 0.540729 3.22572e+10
1 0 -1 -0.124202 0.308686 0.517006 3.78071e+10
1.5 0.5 -1 -0.0515501 0.323163 0.512893 4.30232e+10
1 1 -1 0.00711999 0.320979 0.507373 5.08324e+10
1.5 1.5 -1 0.105947 0.31211 0.507568 6.2438e+10
2.5 -1.5 -1 -0.166454 0.251072 0.617589 2.28682e+10
2 -1 -1 -0.162549 0.274556 0.575139 2.72412e+10
2.5 -0.5 -1 -0.11829 0.289372 0.564204 3.00192e+10
2 0 -1 -0.0925162 0.310254 0.533008 3.6079e+10
2.5 0.5 -1 -0.0283027 0.317685 0.523324 4.19781e+10
2 1 -1 0.0289071 0.325065 0.507946 5.12812e+10
2.5 1.5 -1 0.113918 0.315675 0.501061 6.35212e+10
-2.25 -1.25 -0.75 -0.217763 -0.131595 0.563056 1.46708e+10
-2.25 -0.25 -0.75 -0.191754 -0.0624171 0.571117 1.38435e+10
-2.25 0.75 -0.75 -0.0798356 -0.0112846 0.599247 1.34307e+10
-1.25 -1.25 -0.75 -0.174749 -0.00981963 0.568455 1.11468e+10
-1.75 -0.75 -0.75 -0.19184 -0.0327055 0.56397 1.26009e+10
-1.25 -0.25 -0.75 -0.141258 0.0639039 0.563993 1.15673e+10
-1.75 0.25 -0.75 -0.133413 0.0457788 0.572543 1.26929e+10
-1.25 0.75 -0.75 -0.0457788 0.133413 0.572543 1.26929e+10
-1.75 1.25 -0.75 0.0112846 0.0798356 0.599247 1.34307e+10
-0.25 -1.25 -0.75 -0.111916 0.0603414 0.585857 9.18651e+09
-0.75 -0.75 -0.75 -0.130415 0.0669589 0.569049 1.03681e+10
-0.25 -0.25 -0.75 -0.0669589 0.130415 0.569049 1.03681e+10
-0.75 0.25 -0.75 -0.0639039 0.141258 0.563993 1.15673e+10
-0.25 0.75 -0.75 0.0327055 0.19184 0.56397 1.26009e+10
-0.75 1.25 -0.75 0.0624171 0.191754 0.571117 1.38435e+10
0.75 -1.25 -0.75 -0.0497262 0.0938114 0.611555 8.01953e+09
0.25 -0.75 -0.75 -0.0603414 0.111916 0.585857 9.18651e+09
0.75 -0.25 -0.75 0.000718762 0.152787 0.58373 9.75993e+09
0.25 0.25 -0.75 0.00981963 0.174749 0.568455 1.11468e+10
0.75 0.75 -0.75 0.0915074 0.205441 0.565784 1.27393e+10
0.25 1.25 -0.75 0.131595 0.217763 0.563056 1.46708e+10
1.75 -1.25 -0.75 0.00692295 0.111088 0.639382 7.24472e+09
1.25 -0.75 -0.75 0.000817642 0.1313 0.607813 8.44668e+09
1.75 -0.25 -0.75 0.0569138 0.163599 0.600099 9.34527e+09
1.25 0.25 -0.75 0.0679972 0.1851 0.578791 1.09609e+10
1.75 0.75 -0.75 0.139728 0.212004 0.570611 1.29403e+10
1.25 1.25 -0.75 0.177776 0.229161 0.560039 1.53786e+10
2.25 -0.75 -0.75 0.055238 0.142905 0.62872 7.91613e+09
2.25 0.25 -0.75 0.116981 0.191832 0.588583 1.08138e+10
2.25 1.25 -0.75 0.212638 0.231895 0.558992 1.59487e+10
-2.5 -1 -0.5 -0.22585 -0.115206 0.539796 6.46693e+10
-2.5 0 -0.5 -0.155312 -0.097068 0.573273 5.40495e+10
-2.5 1 -0.5 -0.0306321 -0.0669171 0.611697 3.56017e+10
-2 -1.5 -0.5 -0.263091 -0.034502 0.522646 5.98549e+10
-1.5 -1 -0.5 -0.247134 0.0607553 0.524399 5.25231e+10
-2 -0.5 -0.5 -0.217775 -0.00500442 0.53984 5.59371e+10
-1.5 0 -0.5 -0.173599 0.0945021 0.540277 5.17516e+10
-2 0.5 -0.5 -0.10882 0.0193107 0.573111 4.98252e+10
-1.5 1 -0.5 -0.0193107 0.10882 0.573111 4.98252e+10
-2 1.5 -0.5 0.0669171 0.0306321 0.611697 3.56017e+10
-1 -1.5 -0.5 -0.255872 0.102503 0.526885 4.75227e+10
-0.5 -1 -0.5 -0.220455 0.168721 0.528937 4.4727e+10
-1 -0.5 -0.5 -0.206914 0.143304 0.525496 4.89254e+10
-0.5 0 -0.5 -0.143304 0.206914 0.525496 4.89254e+10
-1 0.5 -0.5 -0.0945021 0.173599 0.540277 5.17516e+10
-0.5 1 -0.5 0.00500442 0.217775 0.53984 5.59371e+10
-1 1.5 -0.5 0.097068 0.155312 0.573273 5.40495e+10
0 -1.5 -0.5 -0.220746 0.179117 0.547495 3.99293e+10
0.5 -1 -0.5 -0.179117 0.220746 0.547495 3.99293e+10
0 -0.5 -0.5 -0.168721 0.220455 0.528937 4.4727e+10
0.5 0 -0.5 -0.102503 0.255872 0.526885 4.75227e+10
0 0.5 -0.5 -0.0607553 0.247134 0.524399 5.25231e+10
0.5 1 -0.5 0.034502 0.263091 0.522646 5.98549e+10
0 1.5 -0.5 0.115206 0.22585 0.539796 6.46693e+10
1 -1.5 -0.5 -0.179895 0.213204 0.577703 3.4951e+10
1.5 -1 -0.5 -0.13877 0.239235 0.573121 3.65311e+10
1 -0.5 -0.5 -0.126878 0.251408 0.544189 4.20401e+10
1.5 0 -0.5 -0.0647059 0.272163 0.537799 4.64244e+10
1 0.5 -0.5 -0.0244584 0.275967 0.522885 5.32775e+10
1.5 1 -0.5 0.0638841 0.280905 0.518287 6.27666e+10
1 1.5 -0.5 0.142148 0.257695 0.521988 7.22019e+10
2 -1.5 -0.5 -0.141409 0.222686 0.611041 3.13539e+10
2.5 -1 -0.5 -0.10194 0.240527 0.599924 3.37893e+10
2 -0.5 -0.5 -0.0894556 0.258924 0.564327 3.98164e+10
2.5 0 -0.5 -0.0321713 0.272012 0.552323 4.51125e+10
2 0.5 -0.5 0.00646911 0.282669 0.529416 5.35651e+10
2.5 1 -0.5 0.082638 0.281658 0.519162 6.4278e+10
2 1.5 -0.5 0.155327 0.269812 0.512392 7.7364e+10
-2.25 -0.75 -0.25 -0.301136 -0.0734413 0.524347 1.52493e+10
-2.25 0.25 -0.25 -0.230686 0.0121228 0.543973 1.31916e+10
-2.25 1.25 -0.25 -0.0153941 0.0153941 0.599754 1.07478e+10
-1.75 -1.25 -0.25 -0.290396 -0.0144128 0.525301 1.40907e+10
-1.25 -0.75 -0.25 -0.244666 0.0882647 0.528772 1.26364e+10
-1.75 -0.25 -0.25 -0.257712 0.0579465 0.527102 1.34053e+10
-1.25 0.25 -0.25 -0.17742 0.17742 0.527117 1.27382e+10
-1.75 0.75 -0.25 -0.135235 0.135235 0.547745 1.26726e+10
-1.25 1.25 -0.25 -0.0121228 0.230686 0.543973 1.31916e+10
-0.75 -1.25 -0.25 -0.220566 0.0985411 0.543592 1.15987e+10
-0.25 -0.75 -0.25 -0.165514 0.165514 0.544977 1.12458e+10
-0.75 -0.25 -0.25 -0.177493 0.177493 0.529382 1.21756e+10
-0.25 0.25 -0.25 -0.0882647 0.244666 0.528772 1.26364e+10
-0.75 0.75 -0.25 -0.0579465 0.257712 0.527102 1.34053e+10
-0.25 1.25 -0.25 0.0734413 0.301136 0.524347 1.52493e+10
0.25 -1.25 -0.25 -0.151674 0.151674 0.569562 1.0098e+10
0.75 -0.75 -0.25 -0.0984448 0.197471 0.567586 1.03688e+10
0.25 -0.25 -0.25 -0.0985411 0.220566 0.543592 1.15987e+10
0.75 0.25 -0.25 -0.020484 0.265005 0.538697 1.27029e+10
0.25 0.75 -0.25 0.0144128 0.290396 0.525301 1.40907e+10
0.75 1.25 -0.25 0.12162 0.325594 0.515393 1.66688e+10
1.25 -1.25 -0.25 -0.092114 0.174512 0.599597 9.09295e+09
1.75 -0.75 -0.25 -0.0435188 0.209985 0.591408 9.73857e+09
1.25 -0.25 -0.25 -0.0379267 0.237334 0.561151 1.1215e+10
1.75 0.25 -0.25 0.0291572 0.272256 0.549609 1.27493e+10
1.25 0.75 -0.25 0.0646246 0.301243 0.528606 1.47136e+10
1.75 1.25 -0.25 0.150395 0.327375 0.514027 1.78586e+10
2.25 -1.25 -0.25 -0.0396805 0.182711 0.628464 8.38035e+09
2.25 -0.25 -0.25 0.0103173 0.242691 0.577676 1.08961e+10
2.25 0.75 -0.25 0.0983191 0.30047 0.533613 1.51229e+10
-2.5 -1.5 0 -0.228079 -0.161249 0.521962 6.64104e+10
-2.5 -0.5 0 -0.173324 -0.131934 0.547883 5.3315e+10
-2.5 0.5 0 -0.0558424 -0.129138 0.588829 3.60263e+10
-2.5 1.5 0 0.255924 -0.255924 0.65927 1.80257e+10
-1.5 -1.5 0 -0.239553 0.0150076 0.524867 5.48383e+10
-2 -1 0 -0.216651 -0.0465452 0.528991 5.68931e+10
-1.5 -0.5 0 -0.186747 0.0542244 0.532363 5.09772e+10
-2 0 0 -0.141177 -0.0176284 0.552314 4.7262e+10
-1.5 0.5 0 -0.0733308 0.0733308 0.555129 4.52804e+10
-2 1 0 0.0194627 -0.0194627 0.591192 3.44791e+10
-1.5 1.5 0 0.129138 0.0558424 0.588829 3.60263e+10
-0.5 -1.5 0 -0.217068 0.123297 0.540252 4.65209e+10
-1 -1 0 -0.210991 0.0979804 0.528659 4.99022e+10
-0.5 -0.5 0 -0.163944 0.163944 0.529917 4.82665e+10
-1 0 0 -0.132318 0.132318 0.533744 4.89101e+10
-0.5 0.5 0 -0.0542244 0.186747 0.532363 5.09772e+10
-1 1 0 0.0176284 0.141177 0.552314 4.7262e+10
-0.5 1.5 0 0.131934 0.173324 0.547883 5.3315e+10
0.5 -1.5 0 -0.17875 0.17875 0.56652 4.09668e+10
0 -1 0 -0.176844 0.176844 0.541978 4.52421e+10
0.5 -0.5 0 -0.123297 0.217068 0.540252 4.65209e+10
0 0 0 -0.0979804 0.210991 0.528659 4.99022e+10
0.5 0.5 0 -0.0150076 0.239553 0.524867 5.48383e+10
0 1 0 0.0465452 0.216651 0.528991 5.68931e+10
0.5 1.5 0 0.161249 0.228079 0.521962 6.64104e+10
1.5 -1.5 0 -0.138119 0.20233 0.598064 3.70027e+10
1 -1 0 -0.135552 0.212663 0.564235 4.19538e+10
1.5 -0.5 0 -0.0823702 0.23825 0.557481 4.49749e+10
1 0 0 -0.0567456 0.244633 0.535104 5.04202e+10
1.5 0.5 0 0.022309 0.261438 0.526607 5.73175e+10
1 1 0 0.0826609 0.253758 0.517974 6.336e+10
1.5 1.5 0 0.184861 0.24529 0.511137 7.66691e+10
2.5 -1.5 0 -0.0987165 0.208765 0.629438 3.3956e+10
2 -1 0 -0.094994 0.225585 0.589663 3.93088e+10
2.5 -0.5 0 -0.0434331 0.243728 0.576352 4.33782e+10
2 0 0 -0.0189433 0.256232 0.546703 5.03331e+10
2.5 0.5 0 0.051513 0.264171 0.533178 5.85542e+10
2 1 0 0.107822 0.263049 0.516536 6.80075e+10
2.5 1.5 0 0.193777 0.253442 0.503274 8.32824e+10
-2.25 -1.25 0.25 -0.39278 -0.068884 0.48054 1.52453e+10
-2.25 -0.25 0.25 -0.340075 -0.00748647 0.499534 1.27498e+10
-2.25 0.75 0.25 -0.19109 0.074658 0.541091 9.496e+09
-1.25 -1.25 0.25 -0.324299 0.0998988 0.502104 1.28665e+10
-1.75 -0.75 0.25 -0.348446 0.0620976 0.490776 1.32587e+10
-1.25 -0.25 0.25 -0.274342 0.183183 0.495037 1.23563e+10
-1.75 0.25 0.25 -0.279101 0.149409 0.499942 1.1607e+10
-1.25 0.75 0.25 -0.149409 0.279101 0.499942 1.1607e+10
-1.75 1.25 0.25 -0.074658 0.19109 0.541091 9.496e+09
-0.25 -1.25 0.25 -0.245872 0.187282 0.529141 1.13024e+10
-0.75 -0.75 0.25 -0.262308 0.188654 0.50706 1.21096e+10
-0.25 -0.25 0.25 -0.188654 0.262308 0.50706 1.21096e+10
-0.75 0.25 0.25 -0.183183 0.274342 0.495037 1.23563e+10
-0.25 0.75 0.25 -0.0620976 0.348446 0.490776 1.32587e+10
-0.75 1.25 0.25 0.00748646 0.340075 0.499534 1.27498e+10
0.75 -1.25 0.25 -0.17978 0.226267 0.559973 1.02086e+10
0.25 -0.75 0.25 -0.187282 0.245872 0.529141 1.13024e+10
0.75 -0.25 0.25 -0.119437 0.29738 0.523745 1.19157e+10
0.25 0.25 0.25 -0.0998988 0.324299 0.502104 1.28665e+10
0.75 0.75 0.25 0.000665771 0.374371 0.49058 1.44978e+10
0.25 1.25 0.25 0.068884 0.39278 0.48054 1.52453e+10
1.75 -1.25 0.25 -0.124859 0.238898 0.591649 9.41976e+09
1.25 -0.75 0.25 -0.127669 0.269103 0.55381 1.06926e+10
1.75 -0.25 0.25 -0.0700958 0.308705 0.541012 1.17256e+10
1.25 0.25 0.25 -0.0439892 0.342841 0.511786 1.32311e+10
1.75 0.75 0.25 0.0384384 0.379599 0.493394 1.54276e+10
1.25 1.25 0.25 0.10736 0.409693 0.471932 1.7257e+10
2.25 -0.75 0.25 -0.07959 0.272903 0.577584 1.02174e+10
2.25 0.25 0.25 -0.00698902 0.343825 0.52194 1.34167e+10
2.25 1.25 0.25 0.11743 0.407074 0.468636 1.8599e+10
-2.5 -1 0.5 -0.193423 -0.148253 0.519925 4.76409e+10
-2.5 0 0.5 -0.106353 -0.126191 0.554169 3.15497e+10
-2.5 1 0.5 0.16926 -0.263512 0.629402 1.43546e+10
-2 -1.5 0.5 -0.226292 -0.081149 0.513971 5.29485e+10
-1.5 -1 0.5 -0.203348 0.0181646 0.521996 4.71803e+10
-2 -0.5 0.5 -0.164799 -0.0387196 0.530538 4.24668e+10
-1.5 0 0.5 -0.122506 0.0583262 0.533403 3.9387e+10
-2 0.5 0.5 -0.0438175 -0.0201711 0.56066 2.87698e+10
-1.5 1 0.5 0.0201711 0.0438175 0.56066 2.87698e+10
-2 1.5 0.5 0.263512 -0.16926 0.629402 1.43546e+10
-1 -1.5 0.5 -0.218066 0.059256 0.528177 4.72315e+10
-0.5 -1 0.5 -0.180642 0.12838 0.532014 4.47065e+10
-1 -0.5 0.5 -0.163118 0.102588 0.524994 4.43252e+10
-0.5 0 0.5 -0.102588 0.163118 0.524994 4.43252e+10
-1 0.5 0.5 -0.0583262 0.122506 0.533403 3.9387e+10
-0.5 1 0.5 0.0387196 0.164799 0.530538 4.24668e+10
-1 1.5 0.5 0.126191 0.106353 0.554169 3.15497e+10
0 -1.5 0.5 -0.185335 0.141669 0.551473 4.2418e+10
0.5 -1 0.5 -0.141669 0.185335 0.551473 4.2418e+10
0 -0.5 0.5 -0.12838 0.180642 0.532014 4.47065e+10
0.5 0 0.5 -0.059256 0.218066 0.528177 4.72315e+10
0 0.5 0.5 -0.0181646 0.203348 0.521996 4.71803e+10
0.5 1 0.5 0.081149 0.226292 0.513971 5.29485e+10
0 1.5 0.5 0.148253 0.193423 0.519925 4.76409e+10
1 -1.5 0.5 -0.145154 0.182146 0.581304 3.87587e+10
1.5 -1 0.5 -0.0993829 0.211855 0.575603 4.04224e+10
1 -0.5 0.5 -0.0859997 0.218634 0.546737 4.45109e+10
1.5 0 0.5 -0.0180393 0.242471 0.537203 4.88586e+10
1 0.5 0.5 0.0242913 0.241689 0.519906 5.24383e+10
1.5 1 0.5 0.121828 0.251578 0.508307 6.10079e+10
1 1.5 0.5 0.198178 0.232789 0.503076 6.22612e+10
2 -1.5 0.5 -0.103542 0.199715 0.612794 3.5915e+10
2.5 -1 0.5 -0.057603 0.221648 0.599732 3.86254e+10
2 -0.5 0.5 -0.0437847 0.235083 0.564416 4.38989e+10
2.5 0 0.5 0.0212432 0.250899 0.54865 4.95459e+10
2 0.5 0.5 0.0611937 0.255767 0.523814 5.5996e+10
2.5 1 0.5 0.142819 0.257048 0.507013 6.62856e+10
2 1.5 0.5 0.216409 0.245902 0.493309 7.30473e+10
-2.25 -0.75 0.75 -0.427603 -0.00294334 0.458883 1.13811e+10
-2.25 0.25 0.75 -0.32392 0.0703152 0.496024 8.20261e+09
-2.25 1.25 0.75 -0.0528517 0.0528517 0.559198 3.30377e+09
-1.75 -1.25 0.75 -0.419411 0.0626582 0.460245 1.24144e+10
-1.25 -0.75 0.75 -0.354706 0.174394 0.471681 1.14077e+10
-1.75 -0.25 0.75 -0.357605 0.151642 0.467444 1.04895e+10
-1.25 0.25 0.75 -0.260136 0.260136 0.472385 1.01419e+10
-1.75 0.75 0.75 -0.235654 0.235654 0.490884 8.0664e+09
-1.25 1.25 0.75 -0.0703152 0.32392 0.496024 8.20261e+09
-0.75 -1.25 0.75 -0.338678 0.193837 0.489312 1.13047e+10
-0.25 -0.75 0.75 -0.271103 0.271103 0.49309 1.10106e+10
-0.75 -0.25 0.75 -0.273099 0.273099 0.475271 1.10892e+10
-0.25 0.25 0.75 -0.174394 0.354706 0.471681 1.14077e+10
-0.75 0.75 0.75 -0.151642 0.357605 0.467444 1.04895e+10
-0.25 1.25 0.75 0.00294334 0.427603 0.458883 1.13811e+10
0.25 -1.25 0.75 -0.261558 0.261558 0.521017 1.03616e+10
0.75 -0.75 0.75 -0.202954 0.315254 0.517166 1.0606e+10
0.25 -0.25 0.75 -0.193837 0.338678 0.489312 1.13047e+10
0.75 0.25 0.75 -0.106426 0.396236 0.477847 1.22171e+10
0.25 0.75 0.75 -0.0626582 0.419411 0.460245 1.24144e+10
0.75 1.25 0.75 0.0603472 0.467778 0.439667 1.4293e+10
1.25 -1.25 0.75 -0.199768 0.286973 0.554125 9.6395e+09
1.75 -0.75 0.75 -0.150867 0.327704 0.54211 1.0252e+10
1.25 -0.25 0.75 -0.137713 0.364798 0.505458 1.13655e+10
1.75 0.25 0.75 -0.0673974 0.408535 0.485589 1.27395e+10
1.25 0.75 0.75 -0.0123287 0.444323 0.457529 1.38823e+10
1.75 1.25 0.75 0.0822464 0.476219 0.430109 1.63313e+10
2.25 -1.25 0.75 -0.151909 0.290746 0.585203 9.06326e+09
2.25 -0.25 0.75 -0.097323 0.365561 0.522304 1.13428e+10
2.25 0.75 0.75 0.00525448 0.444217 0.458326 1.4781e+10
-2.5 -1.5 1 -0.21362 -0.179257 0.496636 4.06297e+10
-2.5 -0.5 1 -0.148552 -0.126822 0.523471 2.59959e+10
-2.5 0.5 1 -0.0203422 -0.173534 0.576494 1.25334e+10
-2.5 1.5 1 0.209495 -0.209495 0.633635 6.28703e+09
-1.5 -1.5 1 -0.221823 -0.0154736 0.51086 4.10693e+10
-2 -1 1 -0.199598 -0.0651861 0.508478 3.59502e+10
-1.5 -0.5 1 -0.167879 0.0362522 0.514494 3.35482e+10
-2 0 1 -0.125145 -0.0148729 0.527044 2.4106e+10
-1.5 0.5 1 -0.0761345 0.0761345 0.527069 2.37596e+10
-2 1 1 0.0118258 -0.0118258 0.568969 1.24176e+10
-1.5 1.5 1 0.173534 0.0203422 0.576494 1.25334e+10
-0.5 -1.5 1 -0.195517 0.0959001 0.533384 3.89503e+10
-1 -1 1 -0.188373 0.0704953 0.518058 3.82007e+10
-0.5 -0.5 1 -0.138448 0.138448 0.520504 3.72802e+10
-1 0 1 -0.11436 0.11436 0.516521 3.28006e+10
-0.5 0.5 1 -0.0362522 0.167879 0.514494 3.35482e+10
-1 1 1 0.0148729 0.125145 0.527044 2.4106e+10
-0.5 1.5 1 0.126822 0.148552 0.523471 2.59959e+10
0.5 -1.5 1 -0.157297 0.157297 0.56203 3.65061e+10
0 -1 1 -0.152244 0.152244 0.536088 3.80645e+10
0.5 -0.5 1 -0.0959001 0.195517 0.533384 3.89503e+10
0 0 1 -0.0704953 0.188373 0.518058 3.82007e+10
0.5 0.5 1 0.0154736 0.221823 0.51086 4.10693e+10
0 1 1 0.0651861 0.199598 0.508478 3.59502e+10
0.5 1.5 1 0.179257 0.21362 0.496636 4.06297e+10
1.5 -1.5 1 -0.11486 0.188315 0.593445 3.4358e+10
1 -1 1 -0.109892 0.195204 0.55899 3.72734e+10
1.5 -0.5 1 -0.0514192 0.224716 0.550065 3.96533e+10
1 0 1 -0.0253948 0.226949 0.525428 4.17127e+10
1.5 0.5 1 0.0589073 0.246246 0.512433 4.66085e+10
1 1 1 0.115676 0.238302 0.498849 4.62098e+10
1.5 1.5 1 0.220319 0.243559 0.481133 5.34703e+10
2.5 -1.5 1 -0.0714261 0.20226 0.623546 3.25088e+10
2 -1 1 -0.0660863 0.215631 0.583318 3.63192e+10
2.5 -0.5 1 -0.00808423 0.236738 0.567095 3.97955e+10
2 0 1 0.0185334 0.245636 0.53563 4.38963e+10
2.5 0.5 1 0.0958294 0.256944 0.516303 5.0277e+10
2 1 1 0.149309 0.253386 0.494594 5.38854e+10
2.5 1.5 1 0.239931 0.245998 0.474541 6.38596e+10
-2.25 -1.25 1.25 -0.489419 0.0080871 0.423673 9.96922e+09
-2.25 -0.25 1.25 -0.418333 0.0719286 0.457433 7.00385e+09
-2.25 0.75 1.25 -0.201026 0.0453822 0.531212 4.29708e+09
-1.25 -1.25 1.25 -0.428927 0.166926 0.450583 9.9866e+09
-1.75 -0.75 1.25 -0.433171 0.123699 0.443104 9.04512e+09
-1.25 -0.25 1.25 -0.351105 0.245257 0.453228 8.66929e+09
-1.75 0.25 1.25 -0.317171 0.199363 0.471672 6.76549e+09
-1.25 0.75 1.25 -0.199363 0.317171 0.471672 6.76549e+09
-1.75 1.25 1.25 -0.0453822 0.201026 0.531212 4.29708e+09
-0.25 -1.25 1.25 -0.342878 0.274591 0.483045 9.50625e+09
-0.75 -0.75 1.25 -0.353926 0.26629 0.460776 9.50511e+09
-0.25 -0.25 1.25 -0.26629 0.353926 0.460776 9.50511e+09
-0.75 0.25 1.25 -0.245257 0.351105 0.453228 8.66929e+09
-0.25 0.75 1.25 -0.123699 0.433171 0.443104 9.04512e+09
-0.75 1.25 1.25 -0.0719286 0.418333 0.457433 7.00385e+09
0.75 -1.25 1.25 -0.269742 0.322153 0.516997 9.02059e+09
0.25 -0.75 1.25 -0.274591 0.342878 0.483045 9.50625e+09
0.75 -0.25 1.25 -0.199847 0.405488 0.473132 9.94951e+09
0.25 0.25 1.25 -0.166926 0.428927 0.450583 9.9866e+09
0.75 0.75 1.25 -0.062615 0.483637 0.431241 1.09923e+10
0.25 1.25 1.25 -0.0080871 0.489419 0.423673 9.96922e+09
1.75 -1.25 1.25 -0.215917 0.337153 0.549675 8.5822e+09
1.25 -0.75 1.25 -0.213744 0.372178 0.507475 9.39913e+09
1.75 -0.25 1.25 -0.153942 0.418379 0.488583 1.01841e+10
1.25 0.25 1.25 -0.119087 0.458907 0.453659 1.08659e+10
1.75 0.75 1.25 -0.0381612 0.500157 0.425435 1.22747e+10
1.25 1.25 1.25 0.0430633 0.522772 0.403634 1.24286e+10
2.25 -0.75 1.25 -0.171634 0.37491 0.53111 9.22108e+09
2.25 0.25 1.25 -0.090904 0.457695 0.461205 1.14073e+10
2.25 1.25 1.25 0.0418145 0.531938 0.388937 1.42517e+10
-2.5 -1 1.5 -0.210125 -0.159533 0.493296 2.10641e+10
-2.5 0 1.5 -0.174117 -0.106912 0.528923 1.11079e+10
-2.5 1 1.5 0.222695 -0.228254 0.620348 5.47567e+09
-2 -1.5 1.5 -0.228965 -0.0954939 0.48976 2.93547e+10
-1.5 -1 1.5 -0.206522 0.0032738 0.500329 2.72149e+10
-2 -0.5 1.5 -0.199691 -0.0388249 0.500991 1.9816e+10
-1.5 0 1.5 -0.126857 0.0509422 0.512402 1.99022e+10
-2 0.5 1.5 -0.0416732 -0.0419651 0.544692 1.24582e+10
-1.5 1 1.5 0.0419651 0.0416732 0.544692 1.24582e+10
-2 1.5 1.5 0.228254 -0.222695 0.620348 5.47567e+09
-1 -1.5 1.5 -0.210098 0.0394644 0.512201 3.11714e+10
-0.5 -1 1.5 -0.166405 0.110592 0.518949 3.00145e+10
-1 -0.5 1.5 -0.153556 0.0872067 0.508154 2.64153e+10
-0.5 0 1.5 -0.0872067 0.153556 0.508154 2.64153e+10
-1 0.5 1.5 -0.0509422 0.126857 0.512402 1.99022e+10
-0.5 1 1.5 0.0388249 0.199691 0.500991 1.9816e+10
-1 1.5 1.5 0.106912 0.174117 0.528923 1.11079e+10
0 -1.5 1.5 -0.17264 0.124392 0.54087 3.0873e+10
0.5 -1 1.5 -0.124392 0.17264 0.54087 3.0873e+10
0 -0.5 1.5 -0.110592 0.166405 0.518949 3.00145e+10
0.5 0 1.5 -0.0394644 0.210098 0.512201 3.11714e+10
0 0.5 1.5 -0.0032738 0.206522 0.500329 2.72149e+10
0.5 1 1.5 0.0954939 0.228965 0.48976 2.93547e+10
0 1.5 1.5 0.159533 0.210125 0.493296 2.10641e+10
1 -1.5 1.5 -0.130081 0.171777 0.572245 2.99016e+10
1.5 -1 1.5 -0.0791948 0.206179 0.56501 3.09936e+10
1 -0.5 1.5 -0.064146 0.211241 0.534089 3.20672e+10
1.5 0 1.5 0.00783237 0.237532 0.521542 3.4611e+10
1 0.5 1.5 0.0445765 0.235219 0.500647 3.37683e+10
1.5 1 1.5 0.138254 0.247634 0.483254 3.76422e+10
1 1.5 1.5 0.200155 0.233698 0.474428 3.25575e+10
2 -1.5 1.5 -0.085126 0.196598 0.603479 2.88116e+10
2.5 -1 1.5 -0.0333702 0.221996 0.588242 3.07505e+10
2 -0.5 1.5 -0.0183791 0.23233 0.551227 3.32796e+10
2.5 0 1.5 0.0510566 0.250167 0.531276 3.69027e+10
2 0.5 1.5 0.089251 0.253701 0.50293 3.85965e+10
2.5 1 1.5 0.177068 0.25905 0.479791 4.42123e+10
2 1.5 1.5 0.238605 0.248961 0.461443 4.30623e+10
