449
-2.5 -1 -1.5 -0.615477 -0.432476 0.137478 4.34733e+09
-2.5 0 -1.5 -0.385968 -0.524907 0.0972421 2.12167e+09
-2.5 1 -1.5 -0.0686436 -0.541242 0.114693 1.02751e+09
-2 -1.5 -1.5 -0.639008 -0.390143 0.17765 5.58727e+09
-1.5 -1 -1.5 -0.573899 -0.448028 0.185948 4.35409e+09
-2 -0.5 -1.5 -0.504668 -0.49116 0.1373 3.181e+09
-1.5 0 -1.5 -0.349422 -0.534448 0.132021 2.22318e+09
-2 0.5 -1.5 -0.20356 -0.546226 0.104726 1.51053e+09
-1.5 1 -1.5 -0.0246915 -0.546828 0.133355 1.13245e+09
-2 1.5 -1.5 0.0959454 -0.527411 0.164783 8.0618e+08
-1 -1.5 -1.5 -0.579178 -0.413889 0.233103 5.25406e+09
-0.5 -1 -1.5 -0.512689 -0.472987 0.236439 3.98031e+09
-1 -0.5 -1.5 -0.467338 -0.503528 0.183652 3.14013e+09
-0.5 0 -1.5 -0.318819 -0.552122 0.178602 2.23155e+09
-1 0.5 -1.5 -0.171896 -0.558028 0.138259 1.59859e+09
-0.5 1 -1.5 0.0061571 -0.5616 0.163623 1.21197e+09
-1 1.5 -1.5 0.132494 -0.532603 0.181955 8.94807e+08
0 -1.5 -1.5 -0.481449 -0.455001 0.279146 4.3638e+09
0.5 -1 -1.5 -0.402676 -0.52304 0.278325 3.30856e+09
0 -0.5 -1.5 -0.405424 -0.533187 0.233023 2.9025e+09
0.5 0 -1.5 -0.258574 -0.587421 0.227486 2.13478e+09
0 0.5 -1.5 -0.140906 -0.583781 0.181761 1.63968e+09
0.5 1 -1.5 0.049684 -0.584313 0.197846 1.25809e+09
0 1.5 -1.5 0.167605 -0.544818 0.204297 9.68102e+08
1 -1.5 -1.5 -0.310163 -0.509611 0.310158 3.22369e+09
1.5 -1 -1.5 -0.213083 -0.579742 0.306782 2.51806e+09
1 -0.5 -1.5 -0.286862 -0.586315 0.273528 2.50051e+09
1.5 0 -1.5 -0.121445 -0.625703 0.264503 1.89542e+09
1 0.5 -1.5 -0.0699907 -0.61378 0.223771 1.60106e+09
1.5 1 -1.5 0.141825 -0.591156 0.225282 1.28114e+09
1 1.5 -1.5 0.226002 -0.55172 0.222424 1.03953e+09
2 -1.5 -1.5 -0.0569033 -0.524146 0.335896 2.23664e+09
2.5 -1 -1.5 0.0568311 -0.566594 0.334813 1.8247e+09
2 -0.5 -1.5 -0.0712403 -0.620957 0.300688 1.97072e+09
2.5 0 -1.5 0.121804 -0.607991 0.29177 1.60274e+09
2 0.5 -1.5 0.093865 -0.61164 0.253986 1.50557e+09
2.5 1 -1.5 0.324611 -0.512797 0.247108 1.32558e+09
2 1.5 -1.5 0.344186 -0.502642 0.228956 1.13766e+09
-2.25 -0.75 -1.25 -0.699775 0.114112 0.375369 1.70669e+09
-2.25 0.25 -1.25 -0.607313 0.0285258 0.383535 7.45568e+08
-2.25 1.25 -1.25 -0.491391 -0.00669184 0.434799 3.68927e+08
-1.75 -1.25 -1.25 -0.643593 0.198506 0.395024 2.13935e+09
-1.25 -0.75 -1.25 -0.59819 0.168528 0.428818 1.56128e+09
-1.75 -0.25 -1.25 -0.618628 0.0933568 0.402954 1.12186e+09
-1.25 0.25 -1.25 -0.522832 0.085138 0.432467 7.54063e+08
-1.75 0.75 -1.25 -0.503077 0.0340729 0.422306 5.18578e+08
-1.25 1.25 -1.25 -0.404788 0.0543484 0.474707 3.80743e+08
-0.75 -1.25 -1.25 -0.509736 0.236753 0.435476 1.72485e+09
-0.25 -0.75 -1.25 -0.474233 0.213381 0.47619 1.31377e+09
-0.75 -0.25 -1.25 -0.528473 0.146308 0.458172 1.07993e+09
-0.25 0.25 -1.25 -0.446876 0.135345 0.490153 7.5499e+08
-0.75 0.75 -1.25 -0.425899 0.0906389 0.472051 5.32446e+08
-0.25 1.25 -1.25 -0.335879 0.115134 0.529307 3.94992e+08
0.25 -1.25 -1.25 -0.350352 0.265914 0.47398 1.32178e+09
0.75 -0.75 -1.25 -0.332833 0.248094 0.523216 1.06465e+09
0.25 -0.25 -1.25 -0.423093 0.199705 0.515508 9.84004e+08
0.75 0.25 -1.25 -0.360335 0.198664 0.562878 7.30962e+08
0.25 0.75 -1.25 -0.359236 0.144453 0.537654 5.41572e+08
0.75 1.25 -1.25 -0.287598 0.162701 0.59215 4.1866e+08
1.25 -1.25 -1.25 -0.181326 0.301738 0.517304 1.00656e+09
1.75 -0.75 -1.25 -0.191606 0.277415 0.576485 8.24561e+08
1.25 -0.25 -1.25 -0.307616 0.242215 0.578156 8.52388e+08
1.75 0.25 -1.25 -0.28012 0.240598 0.629783 6.97103e+08
1.25 0.75 -1.25 -0.300548 0.203198 0.611939 5.65496e+08
1.75 1.25 -1.25 -0.257831 0.21156 0.651803 4.77805e+08
2.25 -1.25 -1.25 -0.0790365 0.3409 0.581932 7.87705e+08
2.25 -0.25 -1.25 -0.202085 0.260597 0.632831 6.99459e+08
2.25 0.75 -1.25 -0.260697 0.24232 0.668034 6.09216e+08
-2.5 -1.5 -1 -0.588995 -0.434561 0.266829 1.28877e+10
-2.5 -0.5 -1 -0.350888 -0.533752 0.232499 6.10247e+09
-2.5 0.5 -1 -0.0482158 -0.55279 0.242219 2.96497e+09
-2.5 1.5 -1 0.186373 -0.517063 0.314811 1.699e+09
-1.5 -1.5 -1 -0.577801 -0.420261 0.324379 1.31677e+10
-2 -1 -1 -0.491797 -0.486186 0.272682 9.32543e+09
-1.5 -0.5 -1 -0.353594 -0.528547 0.270859 6.40684e+09
-2 0 -1 -0.191999 -0.552992 0.240072 4.31951e+09
-1.5 0.5 -1 -0.0413959 -0.560512 0.254585 3.23862e+09
-2 1 -1 0.0851233 -0.546198 0.271707 2.33398e+09
-1.5 1.5 -1 0.196623 -0.531815 0.307297 1.91438e+09
-0.5 -1.5 -1 -0.542871 -0.418198 0.379635 1.2088e+10
-1 -1 -1 -0.487588 -0.475872 0.324288 9.28548e+09
-0.5 -0.5 -1 -0.356955 -0.531661 0.316123 6.46945e+09
-1 0 -1 -0.198311 -0.558647 0.269721 4.56212e+09
-0.5 0.5 -1 -0.0405547 -0.574556 0.275673 3.44642e+09
-1 1 -1 0.0945508 -0.55692 0.277567 2.55703e+09
-0.5 1.5 -1 0.212113 -0.542255 0.306207 2.10709e+09
0.5 -1.5 -1 -0.449626 -0.445886 0.419856 9.69095e+09
0 -1 -1 -0.448196 -0.486356 0.373374 8.57834e+09
0.5 -0.5 -1 -0.320575 -0.553772 0.361704 6.21754e+09
0 0 -1 -0.19695 -0.577087 0.307035 4.70441e+09
0.5 0.5 -1 -0.0178316 -0.594279 0.303096 3.55055e+09
0 1 -1 0.110388 -0.57064 0.289883 2.72724e+09
0.5 1.5 -1 0.243645 -0.548727 0.307987 2.29542e+09
1.5 -1.5 -1 -0.27769 -0.484126 0.444455 6.85233e+09
1 -1 -1 -0.35008 -0.522506 0.411124 7.1934e+09
1.5 -0.5 -1 -0.207648 -0.584355 0.396681 5.3401e+09
1 0 -1 -0.151552 -0.600935 0.346688 4.56843e+09
1.5 0.5 -1 0.0493767 -0.60743 0.332398 3.54715e+09
1 1 -1 0.155638 -0.579824 0.305881 2.87088e+09
1.5 1.5 -1 0.310898 -0.528562 0.311588 2.51695e+09
2.5 -1.5 -1 -0.0353835 -0.457804 0.462957 4.56145e+09
2 -1 -1 -0.155397 -0.545764 0.434853 5.25454e+09
2.5 -0.5 -1 0.0142439 -0.568228 0.421053 4.15648e+09
2 0 -1 -0.0128205 -0.607221 0.377362 4.10376e+09
2.5 0.5 -1 0.210566 -0.560037 0.360387 3.44263e+09
2 1 -1 0.252981 -0.55515 0.323417 3.02124e+09
2.5 1.5 -1 0.432643 -0.432643 0.320392 2.85776e+09
-2.25 -1.25 -0.75 -0.648907 0.178932 0.508666 4.84179e+09
-2.25 -0.25 -0.75 -0.576764 0.0975158 0.523386 2.06995e+09
-2.25 0.75 -0.75 -0.498797 0.0591842 0.548097 1.04426e+09
-1.25 -1.25 -0.75 -0.554041 0.230866 0.557071 4.45104e+09
-1.75 -0.75 -0.75 -0.580574 0.156837 0.538437 3.15145e+09
-1.25 -0.25 -0.75 -0.502047 0.144077 0.559591 2.10074e+09
-1.75 0.25 -0.75 -0.495873 0.0978009 0.547401 1.44756e+09
-1.25 0.75 -0.75 -0.419238 0.103631 0.57304 1.06643e+09
-1.75 1.25 -0.75 -0.423213 0.0745237 0.581762 7.97354e+08
-0.25 -1.25 -0.75 -0.441409 0.262582 0.589966 3.66703e+09
-0.75 -0.75 -0.75 -0.500014 0.200152 0.579653 3.04819e+09
-0.25 -0.25 -0.75 -0.4371 0.17456 0.594628 2.11601e+09
-0.75 0.25 -0.75 -0.426381 0.136072 0.577366 1.48122e+09
-0.25 0.75 -0.75 -0.348574 0.142019 0.603392 1.08984e+09
-0.75 1.25 -0.75 -0.346427 0.119764 0.604857 8.21434e+08
0.75 -1.25 -0.75 -0.317212 0.29053 0.616742 2.97331e+09
0.25 -0.75 -0.75 -0.402161 0.235846 0.613307 2.74321e+09
0.75 -0.25 -0.75 -0.349225 0.217587 0.639434 2.01415e+09
0.25 0.25 -0.75 -0.36018 0.163761 0.615931 1.4862e+09
0.75 0.75 -0.75 -0.29116 0.164315 0.639929 1.12556e+09
0.25 1.25 -0.75 -0.285328 0.152877 0.631439 8.607e+08
1.75 -1.25 -0.75 -0.215897 0.31958 0.649637 2.32389e+09
1.25 -0.75 -0.75 -0.294979 0.264979 0.650072 2.33332e+09
1.75 -0.25 -0.75 -0.268463 0.24375 0.680758 1.85533e+09
1.25 0.25 -0.75 -0.291653 0.202135 0.66357 1.51202e+09
1.75 0.75 -0.75 -0.247579 0.194011 0.684034 1.23218e+09
1.25 1.25 -0.75 -0.24108 0.168293 0.662093 9.27505e+08
2.25 -0.75 -0.75 -0.211956 0.284517 0.682962 1.89485e+09
2.25 0.25 -0.75 -0.245723 0.231111 0.704393 1.56462e+09
2.25 1.25 -0.75 -0.214161 0.195361 0.696891 1.0991e+09
-2.5 -1 -0.5 -0.364271 -0.544423 0.326078 2.00149e+10
-2.5 0 -0.5 -0.061747 -0.583742 0.323933 9.58527e+09
-2.5 1 -0.5 0.170164 -0.558922 0.365153 5.49505e+09
-2 -1.5 -0.5 -0.529147 -0.469165 0.370029 3.1424e+10
-1.5 -1 -0.5 -0.404118 -0.517881 0.371908 2.09019e+10
-2 -0.5 -0.5 -0.22244 -0.568499 0.333752 1.38883e+10
-1.5 0 -0.5 -0.0902326 -0.587435 0.338766 1.02701e+10
-2 0.5 -0.5 0.0526921 -0.585631 0.339844 7.4674e+09
-1.5 1 -0.5 0.154739 -0.579438 0.356737 6.04219e+09
-2 1.5 -0.5 0.248963 -0.545066 0.389516 4.59523e+09
-1 -1.5 -0.5 -0.551179 -0.432163 0.426884 3.1466e+10
-0.5 -1 -0.5 -0.434109 -0.500772 0.419889 2.10969e+10
-1 -0.5 -0.5 -0.264586 -0.56098 0.36696 1.45048e+10
-0.5 0 -0.5 -0.118415 -0.593989 0.360125 1.07515e+10
-1 0.5 -0.5 0.0350222 -0.596368 0.344859 7.9942e+09
-0.5 1 -0.5 0.151485 -0.592261 0.353197 6.46285e+09
-1 1.5 -0.5 0.243679 -0.565802 0.374004 5.05844e+09
0 -1.5 -0.5 -0.524442 -0.420863 0.476342 2.83244e+10
0.5 -1 -0.5 -0.414476 -0.501605 0.465503 1.99056e+10
0 -0.5 -0.5 -0.286819 -0.564886 0.404432 1.48739e+10
0.5 0 -0.5 -0.113496 -0.603987 0.387761 1.08322e+10
0 0.5 -0.5 0.029082 -0.607229 0.356154 8.30487e+09
0.5 1 -0.5 0.170229 -0.599746 0.354701 6.82117e+09
0 1.5 -0.5 0.256689 -0.57525 0.362172 5.49199e+09
1 -1.5 -0.5 -0.436196 -0.439334 0.511393 2.18585e+10
1.5 -1 -0.5 -0.316479 -0.517525 0.499596 1.5793e+10
1 -0.5 -0.5 -0.266319 -0.572153 0.447122 1.41428e+10
1.5 0 -0.5 -0.0722489 -0.61288 0.421916 1.05003e+10
1 0.5 -0.5 0.0626758 -0.612939 0.373473 8.45777e+09
1.5 1 -0.5 0.234306 -0.581231 0.363774 7.15812e+09
1 1.5 -0.5 0.301504 -0.564304 0.355078 5.94745e+09
2 -1.5 -0.5 -0.246945 -0.456655 0.52743 1.40456e+10
2.5 -1 -0.5 -0.0966892 -0.499202 0.51596 1.08701e+10
2 -0.5 -0.5 -0.141329 -0.573453 0.47782 1.16871e+10
2.5 0 -0.5 0.0753675 -0.573778 0.453342 9.33249e+09
2 0.5 -0.5 0.14027 -0.597798 0.399197 8.53776e+09
2.5 1 -0.5 0.345851 -0.507971 0.385592 7.63247e+09
2 1.5 -0.5 0.386659 -0.503489 0.359205 6.54898e+09
-2.25 -0.75 -0.25 -0.554095 0.104524 0.609042 6.26857e+09
-2.25 0.25 -0.25 -0.493462 0.0707678 0.618838 3.16569e+09
-2.25 1.25 -0.25 -0.440663 0.0522253 0.641093 1.83149e+09
-1.75 -1.25 -0.25 -0.567091 0.159663 0.619008 9.70282e+09
-1.25 -0.75 -0.25 -0.494746 0.147967 0.640168 6.32501e+09
-1.75 -0.25 -0.25 -0.488067 0.105148 0.62711 4.35453e+09
-1.25 0.25 -0.25 -0.426073 0.105587 0.639851 3.16933e+09
-1.75 0.75 -0.25 -0.431711 0.0787522 0.636998 2.38496e+09
-1.25 1.25 -0.25 -0.370058 0.092552 0.654456 1.86905e+09
-0.75 -1.25 -0.25 -0.499237 0.20337 0.653464 9.33599e+09
-0.25 -0.75 -0.25 -0.443134 0.176247 0.665873 6.35459e+09
-0.75 -0.25 -0.25 -0.432044 0.136762 0.649903 4.39735e+09
-0.25 0.25 -0.25 -0.361753 0.133664 0.660668 3.16592e+09
-0.75 0.75 -0.25 -0.361371 0.112356 0.653177 2.39716e+09
-0.25 1.25 -0.25 -0.303738 0.120934 0.663834 1.91611e+09
0.25 -1.25 -0.25 -0.410528 0.240735 0.675014 8.14609e+09
0.75 -0.75 -0.25 -0.360758 0.214398 0.693711 5.92696e+09
0.25 -0.25 -0.25 -0.376011 0.150073 0.675879 4.32352e+09
0.75 0.25 -0.25 -0.303646 0.142143 0.682656 3.16333e+09
0.25 0.75 -0.25 -0.300581 0.133158 0.668138 2.43842e+09
0.75 1.25 -0.25 -0.245321 0.138685 0.675218 2.00235e+09
1.25 -1.25 -0.25 -0.330947 0.273619 0.696604 6.8278e+09
1.75 -0.75 -0.25 -0.293913 0.243028 0.718088 5.22653e+09
1.25 -0.25 -0.25 -0.30221 0.184886 0.705968 4.25457e+09
1.75 0.25 -0.25 -0.249406 0.168029 0.713818 3.32388e+09
1.25 0.75 -0.25 -0.248268 0.137951 0.687724 2.52035e+09
1.75 1.25 -0.25 -0.199611 0.143709 0.690986 2.16823e+09
2.25 -1.25 -0.25 -0.285235 0.310171 0.709849 5.49948e+09
2.25 -0.25 -0.25 -0.256235 0.224532 0.733579 4.22876e+09
2.25 0.75 -0.25 -0.204747 0.161836 0.718756 2.81937e+09
-2.5 -1.5 0 -0.439635 -0.544362 0.372595 7.30822e+10
-2.5 -0.5 0 -0.126969 -0.625325 0.35918 3.38264e+10
-2.5 0.5 0 0.12819 -0.6218 0.379429 1.90146e+10
-2.5 1.5 0 0.304584 -0.561786 0.430059 1.19401e+10
-1.5 -1.5 0 -0.509168 -0.485799 0.430678 7.64457e+10
-2 -1 0 -0.309839 -0.579233 0.382547 4.9184e+10
-1.5 -0.5 0 -0.184797 -0.615028 0.38363 3.54825e+10
-2 0 0 -0.0164733 -0.637887 0.369245 2.57966e+10
-1.5 0.5 0 0.0882002 -0.640287 0.37762 2.03993e+10
-2 1 0 0.209018 -0.611812 0.395367 1.55694e+10
-1.5 1.5 0 0.280045 -0.596996 0.40922 1.31319e+10
-0.5 -1.5 0 -0.545354 -0.447984 0.482296 7.66325e+10
-1 -1 0 -0.379514 -0.548621 0.425567 5.09349e+10
-0.5 -0.5 0 -0.237457 -0.603161 0.414536 3.65735e+10
-1 0 0 -0.059021 -0.639304 0.382283 2.6949e+10
-0.5 0.5 0 0.0648006 -0.649048 0.380151 2.11697e+10
-1 1 0 0.185298 -0.633077 0.384658 1.66661e+10
-0.5 1.5 0 0.274227 -0.615781 0.390458 1.41821e+10
0.5 -1.5 0 -0.529547 -0.423513 0.532822 6.81556e+10
0 -1 0 -0.410909 -0.531244 0.469714 5.1714e+10
0.5 -0.5 0 -0.241033 -0.596201 0.44947 3.55884e+10
0 0 0 -0.0870194 -0.639311 0.40162 2.71923e+10
0.5 0.5 0 0.0666274 -0.652835 0.388555 2.15634e+10
0 1 0 0.184231 -0.642037 0.377766 1.74795e+10
0.5 1.5 0 0.298002 -0.614313 0.375824 1.51479e+10
1.5 -1.5 0 -0.423631 -0.439192 0.562166 4.57807e+10
1 -1 0 -0.41105 -0.510077 0.521424 4.68593e+10
1.5 -0.5 0 -0.232531 -0.58841 0.495033 3.30246e+10
1 0 0 -0.0621808 -0.635145 0.426686 2.64626e+10
1.5 0.5 0 0.12791 -0.631053 0.405929 2.14135e+10
1 1 0 0.221795 -0.631763 0.377555 1.81184e+10
1.5 1.5 0 0.365363 -0.575801 0.369651 1.62704e+10
2.5 -1.5 0 -0.174766 -0.448714 0.560893 2.66191e+10
2 -1 0 -0.272044 -0.511506 0.547826 3.29673e+10
2.5 -0.5 0 -0.0747217 -0.549375 0.525788 2.51618e+10
2 0 0 -0.0134991 -0.619613 0.464285 2.53417e+10
2.5 0.5 0 0.222564 -0.572377 0.438766 2.12945e+10
2 1 0 0.31311 -0.571601 0.391196 1.87039e+10
2.5 1.5 0 0.463945 -0.463945 0.385801 1.78077e+10
-2.25 -1.25 0.25 -0.558195 0.0186315 0.606854 2.72836e+10
-2.25 -0.25 0.25 -0.474532 -0.00738918 0.614713 1.34035e+10
-2.25 0.75 0.25 -0.405882 -0.0218113 0.627516 7.54154e+09
-1.25 -1.25 0.25 -0.527488 0.0630407 0.637708 2.73104e+10
-1.75 -0.75 0.25 -0.491307 0.0228805 0.624991 1.85623e+10
-1.25 -0.25 0.25 -0.427011 0.0226707 0.636406 1.32196e+10
-1.75 0.25 0.25 -0.41183 -0.00206203 0.628863 9.87412e+09
-1.25 0.75 0.25 -0.346482 0.00760127 0.640857 7.53303e+09
-1.75 1.25 0.25 -0.345548 -0.00608766 0.643924 5.94017e+09
-0.25 -1.25 0.25 -0.492875 0.100434 0.66749 2.72333e+10
-0.75 -0.75 0.25 -0.458834 0.0568343 0.650117 1.85644e+10
-0.25 -0.25 0.25 -0.378657 0.0480937 0.658314 1.29419e+10
-0.75 0.25 0.25 -0.355471 0.0247018 0.645488 9.70438e+09
-0.25 0.75 0.25 -0.29027 0.0284462 0.650472 7.51271e+09
-0.75 1.25 0.25 -0.285958 0.0199009 0.64984 6.02067e+09
0.75 -1.25 0.25 -0.431114 0.145068 0.69311 2.45713e+10
0.25 -0.75 0.25 -0.418726 0.0662488 0.67704 1.77752e+10
0.75 -0.25 0.25 -0.329804 0.0529347 0.679318 1.25387e+10
0.25 0.25 0.25 -0.30787 0.041828 0.661047 9.60842e+09
0.75 0.75 0.25 -0.233069 0.0407173 0.661744 7.53125e+09
0.25 1.25 0.25 -0.224755 0.0392686 0.654153 6.11948e+09
1.75 -1.25 0.25 -0.385049 0.188298 0.707414 2.02583e+10
1.25 -0.75 0.25 -0.36201 0.09947 0.702101 1.674e+10
1.75 -0.25 0.25 -0.280001 0.0817004 0.707406 1.24236e+10
1.25 0.25 0.25 -0.255144 0.0479617 0.680312 9.53466e+09
1.75 0.75 0.25 -0.181247 0.0515175 0.678879 7.77962e+09
1.25 1.25 0.25 -0.166584 0.055807 0.662198 6.39963e+09
2.25 -0.75 0.25 -0.310919 0.177892 0.72327 1.54854e+10
2.25 0.25 0.25 -0.203093 0.075886 0.709084 1.00033e+10
2.25 1.25 0.25 -0.118956 0.0794316 0.677401 7.06188e+09
-2.5 -1 0.5 -0.350201 -0.333304 0.452406 9.75951e+10
-2.5 0 0.5 -0.131178 -0.395655 0.455411 5.22946e+10
-2.5 1 0.5 0.0412487 -0.392586 0.48378 3.14137e+10
-2 -1.5 0.5 -0.487287 -0.247764 0.482126 1.4181e+11
-1.5 -1 0.5 -0.381311 -0.304379 0.485565 9.78898e+10
-2 -0.5 0.5 -0.247446 -0.370231 0.460655 7.09806e+10
-1.5 0 0.5 -0.143788 -0.396819 0.465973 5.34707e+10
-2 0.5 0.5 -0.041156 -0.407528 0.466935 4.08415e+10
-1.5 1 0.5 0.0418737 -0.412454 0.47617 3.29544e+10
-2 1.5 0.5 0.107493 -0.390436 0.498488 2.6125e+10
-1 -1.5 0.5 -0.521646 -0.213216 0.52353 1.40172e+11
-0.5 -1 0.5 -0.40661 -0.274696 0.522166 9.68748e+10
-1 -0.5 0.5 -0.26792 -0.351279 0.484875 7.09721e+10
-0.5 0 0.5 -0.153238 -0.389812 0.481429 5.29058e+10
-1 0.5 0.5 -0.0438789 -0.415072 0.468962 4.16257e+10
-0.5 1 0.5 0.0503315 -0.421516 0.47037 3.39018e+10
-1 1.5 0.5 0.117047 -0.408979 0.483637 2.76254e+10
0 -1.5 0.5 -0.517973 -0.1758 0.56727 1.29442e+11
0.5 -1 0.5 -0.397392 -0.229056 0.567496 8.78168e+10
0 -0.5 0.5 -0.284441 -0.332748 0.515491 6.82463e+10
0.5 0 0.5 -0.151466 -0.379897 0.503544 5.13095e+10
0 0.5 0.5 -0.038897 -0.413601 0.475886 4.15967e+10
0.5 1 0.5 0.0735411 -0.415409 0.470838 3.431e+10
0 1.5 0.5 0.139028 -0.413182 0.471282 2.88243e+10
1 -1.5 0.5 -0.522613 -0.10362 0.621694 1.0693e+11
1.5 -1 0.5 -0.405999 -0.164104 0.619641 7.36566e+10
1 -0.5 0.5 -0.263756 -0.293972 0.554887 6.20187e+10
1.5 0 0.5 -0.115346 -0.326397 0.542364 4.78183e+10
1 0.5 0.5 -0.0118614 -0.393476 0.493273 4.08081e+10
1.5 1 0.5 0.120839 -0.377328 0.483859 3.48734e+10
1 1.5 0.5 0.177985 -0.393932 0.46672 3.01864e+10
2 -1.5 0.5 -0.390648 -0.0272503 0.644778 6.40062e+10
2.5 -1 0.5 -0.300008 -0.0478725 0.653476 4.92783e+10
2 -0.5 0.5 -0.265429 -0.205037 0.612232 5.45662e+10
2.5 0 0.5 -0.112165 -0.208431 0.60213 4.36953e+10
2 0.5 0.5 0.0392938 -0.315894 0.530994 3.95875e+10
2.5 1 0.5 0.171126 -0.267263 0.522646 3.57767e+10
2 1.5 0.5 0.236586 -0.325489 0.477984 3.23411e+10
-2.25 -0.75 0.75 -0.472234 -0.140785 0.56559 2.88104e+10
-2.25 0.25 0.75 -0.364628 -0.141387 0.585166 1.57794e+10
-2.25 1.25 0.75 -0.28141 -0.127277 0.609267 9.62038e+09
-1.75 -1.25 0.75 -0.531366 -0.11802 0.567881 3.99149e+10
-1.25 -0.75 0.75 -0.458348 -0.112866 0.588644 2.77191e+10
-1.75 -0.25 0.75 -0.401801 -0.134559 0.584262 2.06963e+10
-1.25 0.25 0.75 -0.326406 -0.128784 0.597111 1.54144e+10
-1.75 0.75 0.75 -0.298403 -0.129389 0.600187 1.21459e+10
-1.25 1.25 0.75 -0.235363 -0.1138 0.611509 9.70921e+09
-0.75 -1.25 0.75 -0.534194 -0.0721196 0.598776 3.87145e+10
-0.25 -0.75 0.75 -0.435847 -0.0917604 0.611749 2.64783e+10
-0.75 -0.25 0.75 -0.372091 -0.118504 0.600887 1.98461e+10
-0.25 0.25 0.75 -0.292727 -0.117496 0.607118 1.48813e+10
-0.75 0.75 0.75 -0.256107 -0.119001 0.605018 1.19687e+10
-0.25 1.25 0.75 -0.182517 -0.10254 0.609558 9.70829e+09
0.25 -1.25 0.75 -0.495069 -0.0651526 0.629849 3.43381e+10
0.75 -0.75 0.75 -0.391511 -0.0891905 0.632823 2.38018e+10
0.25 -0.25 0.75 -0.353117 -0.100228 0.619543 1.907e+10
0.75 0.25 0.75 -0.246491 -0.112794 0.617845 1.41686e+10
0.25 0.75 0.75 -0.20484 -0.109128 0.608592 1.16766e+10
0.75 1.25 0.75 -0.124835 -0.0906059 0.6078 9.77882e+09
1.25 -1.25 0.75 -0.475778 -0.0109933 0.660068 3.03355e+10
1.75 -0.75 0.75 -0.355253 -0.033141 0.666949 2.08645e+10
1.25 -0.25 0.75 -0.302749 -0.0843392 0.640285 1.77056e+10
1.75 0.25 0.75 -0.193074 -0.0899386 0.63635 1.35893e+10
1.25 0.75 0.75 -0.141424 -0.0964815 0.614728 1.14841e+10
1.75 1.25 0.75 -0.0609414 -0.0611786 0.613933 1.01647e+10
2.25 -1.25 0.75 -0.370073 0.0265933 0.658357 1.89054e+10
2.25 -0.25 0.75 -0.24214 -0.0312775 0.670553 1.62705e+10
2.25 0.75 0.75 -0.084342 -0.0514299 0.632289 1.17688e+10
-2.5 -1.5 1 -0.513539 -0.176126 0.47925 2.05892e+11
-2.5 -0.5 1 -0.303109 -0.274946 0.47933 1.09086e+11
-2.5 0.5 1 -0.119551 -0.309311 0.497558 6.30378e+10
-2.5 1.5 1 0.00909186 -0.303819 0.533632 4.02752e+10
-1.5 -1.5 1 -0.53974 -0.130169 0.519327 1.97813e+11
-2 -1 1 -0.414847 -0.218615 0.492521 1.47074e+11
-1.5 -0.5 1 -0.309204 -0.254859 0.501307 1.06903e+11
-2 0 1 -0.205858 -0.297816 0.492022 8.18898e+10
-1.5 0.5 1 -0.113918 -0.315675 0.501061 6.35212e+10
-2 1 1 -0.0418612 -0.316925 0.51149 5.05776e+10
-1.5 1.5 1 0.0283027 -0.317685 0.523324 4.19781e+10
-0.5 -1.5 1 -0.54164 -0.0797868 0.562091 1.79323e+11
-1 -1 1 -0.430793 -0.177419 0.52689 1.40545e+11
-0.5 -0.5 1 -0.319614 -0.228362 0.528235 1.00528e+11
-1 0 1 -0.205381 -0.288257 0.505681 7.97945e+10
-0.5 0.5 1 -0.105947 -0.31211 0.507568 6.2438e+10
-1 1 1 -0.0289071 -0.325065 0.507946 5.12812e+10
-0.5 1.5 1 0.0515501 -0.323163 0.512893 4.30232e+10
0.5 -1.5 1 -0.566836 0.048151 0.627432 1.38691e+11
0 -1 1 -0.442236 -0.141941 0.56513 1.2409e+11
0.5 -0.5 1 -0.324169 -0.198806 0.561799 9.1297e+10
0 0 1 -0.207526 -0.271081 0.525929 7.60134e+10
0.5 0.5 1 -0.0882778 -0.29484 0.521001 5.95014e+10
0 1 1 -0.00711999 -0.320979 0.507373 5.08324e+10
0.5 1.5 1 0.0837824 -0.311832 0.507422 4.37757e+10
1.5 -1.5 1 -0.499863 0.223636 0.671715 8.4457e+10
1 -1 1 -0.449461 -0.0415744 0.619479 1.00961e+11
1.5 -0.5 1 -0.311472 -0.101935 0.614174 7.4395e+10
1 0 1 -0.187764 -0.228004 0.557115 6.88769e+10
1.5 0.5 1 -0.0592681 -0.240679 0.550219 5.58955e+10
1 1 1 0.0231127 -0.296161 0.516641 4.99804e+10
1.5 1.5 1 0.123001 -0.269467 0.514014 4.50732e+10
2.5 -1.5 1 -0.439647 0.316229 0.679387 5.42011e+10
2 -1 1 -0.448286 0.195673 0.688967 6.46722e+10
2.5 -0.5 1 -0.378695 0.185031 0.699891 5.1292e+10
2 0 1 -0.17137 -0.117689 0.610292 5.89241e+10
2.5 0.5 1 -0.0466803 -0.116703 0.602249 5.06182e+10
2 1 1 0.0582631 -0.222943 0.543908 4.96283e+10
2.5 1.5 1 0.158029 -0.158029 0.541857 4.77129e+10
-2.25 -1.25 1.25 -0.514991 -0.263483 0.478952 4.88119e+10
-2.25 -0.25 1.25 -0.358955 -0.259042 0.520327 2.69715e+10
-2.25 0.75 1.25 -0.238106 -0.234006 0.554888 1.61523e+10
-1.25 -1.25 1.25 -0.533825 -0.221467 0.50869 4.52186e+10
-1.75 -0.75 1.25 -0.432204 -0.255748 0.510873 3.49074e+10
-1.25 -0.25 1.25 -0.347673 -0.25442 0.532812 2.56125e+10
-1.75 0.25 1.25 -0.284142 -0.247982 0.542002 2.03906e+10
-1.25 0.75 1.25 -0.212638 -0.231895 0.558992 1.59487e+10
-1.75 1.25 1.25 -0.177772 -0.214795 0.573724 1.29992e+10
-0.25 -1.25 1.25 -0.534239 -0.194061 0.537034 4.05244e+10
-0.75 -0.75 1.25 -0.442278 -0.243228 0.529283 3.23281e+10
-0.25 -0.25 1.25 -0.344934 -0.239596 0.549361 2.38783e+10
-0.75 0.25 1.25 -0.265653 -0.242406 0.550442 1.94997e+10
-0.25 0.75 1.25 -0.177776 -0.229161 0.560039 1.53786e+10
-0.75 1.25 1.25 -0.139728 -0.212004 0.570611 1.29403e+10
0.75 -1.25 1.25 -0.512152 -0.123627 0.576604 3.11262e+10
0.25 -0.75 1.25 -0.443164 -0.198807 0.561269 2.96904e+10
0.75 -0.25 1.25 -0.319822 -0.236213 0.565778 2.1242e+10
0.25 0.25 1.25 -0.234627 -0.236306 0.558449 1.81433e+10
0.75 0.75 1.25 -0.131595 -0.217763 0.563056 1.46708e+10
0.25 1.25 1.25 -0.0915074 -0.205441 0.565784 1.27393e+10
1.75 -1.25 1.25 -0.432139 -0.123062 0.601593 1.1832e+10
1.25 -0.75 1.25 -0.398607 -0.133125 0.596017 2.33083e+10
1.75 -0.25 1.25 -0.26439 -0.172805 0.596477 1.77965e+10
1.25 0.25 1.25 -0.170244 -0.226066 0.566851 1.63652e+10
1.75 0.75 1.25 -0.0624171 -0.191754 0.571117 1.38435e+10
1.25 1.25 1.25 -0.0327055 -0.19184 0.56397 1.26009e+10
2.25 -0.75 1.25 -0.342863 -0.0945191 0.622465 9.86554e+09
2.25 0.25 1.25 -0.114052 -0.158101 0.591789 1.47613e+10
2.25 1.25 1.25 0.0457788 -0.133413 0.572543 1.26929e+10
-2.5 -1 1.5 -0.452813 -0.198152 0.472184 1.76557e+11
-2.5 0 1.5 -0.251978 -0.255385 0.490824 1.02233e+11
-2.5 1 1.5 -0.100445 -0.27673 0.520257 6.40201e+10
-2 -1.5 1.5 -0.56551 -0.124202 0.486509 2.21292e+11
-1.5 -1 1.5 -0.456499 -0.157775 0.502619 1.62136e+11
-2 -0.5 1.5 -0.348635 -0.22236 0.490741 1.30405e+11
-1.5 0 1.5 -0.250355 -0.251674 0.502375 9.8525e+10
-2 0.5 1.5 -0.164125 -0.272817 0.50596 7.97466e+10
-1.5 1 1.5 -0.082638 -0.281658 0.519162 6.4278e+10
-2 1.5 1.5 -0.031057 -0.277512 0.537672 5.29189e+10
-1 -1.5 1.5 -0.562921 -0.0847716 0.520844 1.84232e+11
-0.5 -1 1.5 -0.469613 -0.140095 0.53004 1.34315e+11
-1 -0.5 1.5 -0.355244 -0.203782 0.511359 1.19372e+11
-0.5 0 1.5 -0.249062 -0.231908 0.520084 9.18722e+10
-1 0.5 1.5 -0.155327 -0.269812 0.512392 7.7364e+10
-0.5 1 1.5 -0.0638841 -0.280905 0.518287 6.27666e+10
-1 1.5 1.5 -0.00646911 -0.282669 0.529416 5.35651e+10
0 -1.5 1.5 -0.571055 -0.0986733 0.546693 1.16159e+11
0.5 -1 1.5 -0.474346 -0.0710856 0.573399 1.0572e+11
0 -0.5 1.5 -0.362063 -0.163941 0.543343 1.0542e+11
0.5 0 1.5 -0.24276 -0.204958 0.542992 8.00756e+10
0 0.5 1.5 -0.142148 -0.257695 0.521988 7.22019e+10
0.5 1 1.5 -0.034502 -0.263091 0.522646 5.98549e+10
0 1.5 1.5 0.0244584 -0.275967 0.522885 5.32775e+10
1 -1.5 1.5 -0.550499 0.127718 0.624204 6.75408e+10
1.5 -1 1.5 -0.484315 0.0940031 0.636988 5.29029e+10
1 -0.5 1.5 -0.350083 -0.104564 0.580064 7.92946e+10
1.5 0 1.5 -0.222016 -0.145365 0.576266 6.27171e+10
1 0.5 1.5 -0.115206 -0.22585 0.539796 6.46693e+10
1.5 1 1.5 -0.00500442 -0.217775 0.53984 5.59371e+10
1 1.5 1.5 0.0607553 -0.247134 0.524399 5.25231e+10
2 -1.5 1.5 -0.465607 0.219583 0.651285 3.70231e+10
2.5 -1 1.5 -0.394078 0.209875 0.666872 2.91709e+10
2 -0.5 1.5 -0.380536 -0.00589763 0.63145 4.40411e+10
2.5 0 1.5 -0.208424 -0.0612811 0.615944 3.81065e+10
2 0.5 1.5 -0.097068 -0.155312 0.573273 5.40495e+10
2.5 1 1.5 0.0193107 -0.10882 0.573111 4.98252e+10
2 1.5 1.5 0.0945021 -0.173599 0.540277 5.17516e+10
