449
-2.5 -1 -1.5 0.156369 -0.607737 0.306796 2.70483e+09
-2.5 0 -1.5 0.207354 -0.535651 0.293748 1.7673e+09
-2.5 1 -1.5 0.250962 -0.46499 0.276529 1.12803e+09
-2 -1.5 -1.5 0.146246 -0.617271 0.341389 4.05153e+09
-1.5 -1 -1.5 0.179631 -0.542455 0.36691 3.88221e+09
-2 -0.5 -1.5 0.194884 -0.537309 0.331393 2.63547e+09
-1.5 0 -1.5 0.21912 -0.454006 0.35402 2.45719e+09
-2 0.5 -1.5 0.236966 -0.458424 0.316131 1.6755e+09
-1.5 1 -1.5 0.251741 -0.371954 0.336912 1.53277e+09
-2 1.5 -1.5 0.270749 -0.385424 0.297548 1.04798e+09
-1 -1.5 -1.5 0.160593 -0.552522 0.398495 5.62054e+09
-0.5 -1 -1.5 0.166083 -0.460138 0.417403 5.01001e+09
-1 -0.5 -1.5 0.196029 -0.453632 0.388692 3.54657e+09
-0.5 0 -1.5 0.192523 -0.353396 0.405543 3.11117e+09
-1 0.5 -1.5 0.226465 -0.360338 0.373659 2.20583e+09
-0.5 1 -1.5 0.215605 -0.260333 0.389907 1.92474e+09
-1 1.5 -1.5 0.250154 -0.279928 0.355574 1.36414e+09
0 -1.5 -1.5 0.12726 -0.476498 0.434857 6.8298e+09
0.5 -1 -1.5 0.0868753 -0.375139 0.435616 5.65106e+09
0 -0.5 -1.5 0.147102 -0.356111 0.4286 4.2759e+09
0.5 0 -1.5 0.103021 -0.245443 0.432515 3.5423e+09
0 0.5 -1.5 0.168095 -0.246145 0.417322 2.65032e+09
0.5 1 -1.5 0.124283 -0.13738 0.424457 2.21962e+09
0 1.5 -1.5 0.187003 -0.159279 0.402744 1.6507e+09
1 -1.5 -1.5 0.00406396 -0.416273 0.414104 6.95109e+09
1.5 -1 -1.5 -0.0998793 -0.338106 0.389897 5.52099e+09
1 -0.5 -1.5 0.0155234 -0.271024 0.426725 4.54989e+09
1.5 0 -1.5 -0.0808717 -0.169134 0.411242 3.61217e+09
1 0.5 -1.5 0.037002 -0.133497 0.4304 2.88634e+09
1.5 1 -1.5 -0.0436717 -0.0267493 0.425033 2.34772e+09
1 1.5 -1.5 0.0653418 -0.0340164 0.428234 1.85224e+09
2 -1.5 -1.5 -0.217899 -0.447658 0.334692 6.37479e+09
2.5 -1 -1.5 -0.330269 -0.416079 0.318778 5.16054e+09
2 -0.5 -1.5 -0.221993 -0.271769 0.365841 4.37485e+09
2.5 0 -1.5 -0.340879 -0.210471 0.348852 3.47709e+09
2 0.5 -1.5 -0.189398 -0.0740111 0.394906 2.87313e+09
2.5 1 -1.5 -0.294237 0.0128716 0.382858 2.31789e+09
2 1.5 -1.5 -0.128442 0.0687066 0.419634 1.93163e+09
-2.25 -0.75 -1.25 0.581934 -0.636717 0.331121 1.91736e+09
-2.25 0.25 -1.25 0.610597 -0.614863 0.312575 1.29871e+09
-2.25 1.25 -1.25 0.630844 -0.597132 0.292893 8.36347e+08
-1.75 -1.25 -1.25 0.588022 -0.605144 0.378533 2.78099e+09
-1.25 -0.75 -1.25 0.623393 -0.540948 0.411022 2.72757e+09
-1.75 -0.25 -1.25 0.617477 -0.58085 0.36265 1.90737e+09
-1.25 0.25 -1.25 0.642593 -0.522555 0.395087 1.79235e+09
-1.75 0.75 -1.25 0.636988 -0.563326 0.344441 1.23723e+09
-1.25 1.25 -1.25 0.652621 -0.511754 0.37731 1.12152e+09
-0.75 -1.25 -1.25 0.627321 -0.496031 0.455095 3.73914e+09
-0.25 -0.75 -1.25 0.649593 -0.418882 0.483984 3.35879e+09
-0.75 -0.25 -1.25 0.647109 -0.474231 0.442848 2.51591e+09
-0.25 0.25 -1.25 0.657751 -0.408519 0.472952 2.19163e+09
-0.75 0.75 -1.25 0.655872 -0.464689 0.427357 1.59709e+09
-0.25 1.25 -1.25 0.656951 -0.40927 0.45923 1.36195e+09
0.25 -1.25 -1.25 0.648885 -0.358729 0.511157 4.11412e+09
0.75 -0.75 -1.25 0.651725 -0.271651 0.524858 3.31612e+09
0.25 -0.25 -1.25 0.657153 -0.343429 0.508942 2.83597e+09
0.75 0.25 -1.25 0.649751 -0.272614 0.531157 2.28238e+09
0.25 0.75 -1.25 0.655071 -0.346169 0.501607 1.82278e+09
0.75 1.25 -1.25 0.639065 -0.290151 0.529119 1.46733e+09
1.25 -1.25 -1.25 0.628654 -0.200903 0.499362 3.23406e+09
1.75 -0.75 -1.25 0.587586 -0.124631 0.48692 2.36018e+09
1.25 -0.25 -1.25 0.636021 -0.191562 0.533962 2.54838e+09
1.75 0.25 -1.25 0.601316 -0.123329 0.541953 1.89609e+09
1.25 0.75 -1.25 0.627472 -0.209767 0.551893 1.77616e+09
1.75 1.25 -1.25 0.591294 -0.160231 0.57276 1.36136e+09
2.25 -1.25 -1.25 0.47235 -0.157222 0.413456 2.03005e+09
2.25 -0.25 -1.25 0.524883 -0.0765775 0.484954 1.72401e+09
2.25 0.75 -1.25 0.550652 -0.0732898 0.553633 1.39855e+09
-2.5 -1.5 -1 -0.00634126 -0.626332 0.279226 5.99144e+09
-2.5 -0.5 -1 0.0468094 -0.553434 0.275323 3.95343e+09
-2.5 0.5 -1 0.0949697 -0.477768 0.264649 2.53422e+09
-2.5 1.5 -1 0.135829 -0.403425 0.249067 1.58771e+09
-1.5 -1.5 -1 0.0123684 -0.59971 0.341915 9.36026e+09
-2 -1 -1 0.0299906 -0.573859 0.309937 6.09305e+09
-1.5 -0.5 -1 0.0540546 -0.508603 0.339889 5.90583e+09
-2 0 -1 0.0758443 -0.490464 0.303274 3.87777e+09
-1.5 0.5 -1 0.0921079 -0.416882 0.330216 3.64909e+09
-2 1 -1 0.115946 -0.408023 0.29037 2.41504e+09
-1.5 1.5 -1 0.124092 -0.330573 0.315069 2.22465e+09
-0.5 -1.5 -1 0.00412255 -0.56673 0.402805 1.34753e+10
-1 -1 -1 0.0298203 -0.533736 0.37356 8.95164e+09
-0.5 -0.5 -1 0.0303894 -0.456269 0.401686 8.15609e+09
-1 0 -1 0.063621 -0.432069 0.367758 5.47512e+09
-0.5 0.5 -1 0.0577058 -0.346298 0.392504 4.88335e+09
-1 1 -1 0.0944357 -0.334799 0.355197 3.31247e+09
-0.5 1.5 -1 0.0828065 -0.247506 0.377747 2.92764e+09
0.5 -1.5 -1 -0.044254 -0.538664 0.448561 1.7414e+10
0 -1 -1 -0.00632547 -0.491999 0.42992 1.20443e+10
0.5 -0.5 -1 -0.0376427 -0.40898 0.450557 1.02855e+10
0 0 -1 0.0132147 -0.369314 0.425207 7.12569e+09
0.5 0.5 -1 -0.0201997 -0.275952 0.444139 6.04218e+09
0 1 -1 0.0369208 -0.254558 0.413816 4.2349e+09
0.5 1.5 -1 0.00373649 -0.161028 0.431355 3.61504e+09
1.5 -1.5 -1 -0.151541 -0.53393 0.454065 1.89997e+10
1 -1 -1 -0.090976 -0.467002 0.463715 1.4525e+10
1.5 -0.5 -1 -0.157069 -0.393862 0.472272 1.17302e+10
1 0 -1 -0.087074 -0.320566 0.465388 8.50897e+09
1.5 0.5 -1 -0.149967 -0.227709 0.474407 6.90337e+09
1 1 -1 -0.0662227 -0.179302 0.458314 5.03724e+09
1.5 1.5 -1 -0.118639 -0.0838775 0.46815 4.18562e+09
2.5 -1.5 -1 -0.295629 -0.566326 0.422544 1.72602e+10
2 -1 -1 -0.229982 -0.485177 0.455941 1.5104e+10
2.5 -0.5 -1 -0.315936 -0.432748 0.454843 1.17237e+10
2 0 -1 -0.238126 -0.316626 0.47419 9.25175e+09
2.5 0.5 -1 -0.324176 -0.233952 0.471865 7.24138e+09
2 1 -1 -0.218356 -0.132663 0.478669 5.57196e+09
2.5 1.5 -1 -0.281735 -0.0369246 0.479743 4.53275e+09
-2.25 -1.25 -0.75 0.512664 -0.696523 0.272007 3.79109e+09
-2.25 -0.25 -0.75 0.547562 -0.672151 0.258076 2.64329e+09
-2.25 0.75 -0.75 0.574114 -0.649981 0.240956 1.73838e+09
-1.25 -1.25 -0.75 0.54765 -0.629828 0.358036 5.83119e+09
-1.75 -0.75 -0.75 0.548599 -0.652569 0.308448 3.96602e+09
-1.25 -0.25 -0.75 0.57588 -0.604355 0.346837 3.9106e+09
-1.75 0.25 -0.75 0.575712 -0.629324 0.293858 2.62738e+09
-1.25 0.75 -0.75 0.594143 -0.584975 0.330912 2.4741e+09
-1.75 1.25 -0.75 0.594204 -0.609806 0.276309 1.65169e+09
-0.25 -1.25 -0.75 0.567941 -0.542714 0.447545 7.9595e+09
-0.75 -0.75 -0.75 0.573776 -0.575092 0.398795 5.686e+09
-0.25 -0.25 -0.75 0.587766 -0.519733 0.438236 5.21258e+09
-0.75 0.25 -0.75 0.59229 -0.555008 0.385376 3.64062e+09
-0.25 0.75 -0.75 0.59753 -0.505552 0.423151 3.21013e+09
-0.75 1.25 -0.75 0.602344 -0.540013 0.368368 2.21486e+09
0.75 -1.25 -0.75 0.564304 -0.439933 0.524413 9.01592e+09
0.25 -0.75 -0.75 0.579058 -0.4803 0.486569 7.13722e+09
0.75 -0.25 -0.75 0.576544 -0.419904 0.521592 6.00716e+09
0.25 0.25 -0.75 0.589507 -0.465077 0.475475 4.50674e+09
0.75 0.75 -0.75 0.579847 -0.411565 0.511248 3.72754e+09
0.25 1.25 -0.75 0.591999 -0.456734 0.460292 2.71371e+09
1.75 -1.25 -0.75 0.512832 -0.336943 0.554136 7.20361e+09
1.25 -0.75 -0.75 0.55598 -0.373914 0.553515 7.27525e+09
1.75 -0.25 -0.75 0.534188 -0.310401 0.579388 5.61046e+09
1.25 0.25 -0.75 0.561899 -0.361422 0.554377 4.83201e+09
1.75 0.75 -0.75 0.535437 -0.308263 0.584597 3.77025e+09
1.25 1.25 -0.75 0.558769 -0.362709 0.544956 2.99748e+09
2.25 -0.75 -0.75 0.469821 -0.286013 0.570873 5.31499e+09
2.25 0.25 -0.75 0.497407 -0.254284 0.602272 4.17774e+09
2.25 1.25 -0.75 0.498552 -0.265797 0.612298 2.91286e+09
-2.5 -1 -0.5 -0.116293 -0.55524 0.253743 9.25072e+09
-2.5 0 -0.5 -0.0664251 -0.477873 0.250711 5.99956e+09
-2.5 1 -0.5 -0.0218272 -0.398487 0.240536 3.78324e+09
-2 -1.5 -0.5 -0.133064 -0.592403 0.283503 1.46434e+10
-1.5 -1 -0.5 -0.107084 -0.5465 0.319488 1.4799e+10
-2 -0.5 -0.5 -0.0865337 -0.50868 0.286544 9.41443e+09
-1.5 0 -0.5 -0.0672863 -0.451329 0.319061 9.15704e+09
-2 0.5 -0.5 -0.043339 -0.421513 0.280851 5.88865e+09
-1.5 1 -0.5 -0.0308702 -0.356001 0.310244 5.55533e+09
-2 1.5 -0.5 -0.00602032 -0.335489 0.268419 3.60568e+09
-1 -1.5 -0.5 -0.126251 -0.591621 0.3489 2.33417e+10
-0.5 -1 -0.5 -0.118048 -0.53762 0.386303 2.22487e+10
-1 -0.5 -0.5 -0.0929109 -0.489664 0.354479 1.4251e+10
-0.5 0 -0.5 -0.0915577 -0.422695 0.386997 1.31057e+10
-1 0.5 -0.5 -0.0595637 -0.384213 0.350043 8.5368e+09
-0.5 1 -0.5 -0.0635931 -0.308348 0.378665 7.67088e+09
-1 1.5 -0.5 -0.02949 -0.28267 0.338121 5.06494e+09
0 -1.5 -0.5 -0.138833 -0.593923 0.413525 3.48528e+10
0.5 -1 -0.5 -0.153022 -0.537443 0.447907 3.11247e+10
0 -0.5 -0.5 -0.124472 -0.473797 0.420065 2.01585e+10
0.5 0 -0.5 -0.145265 -0.400492 0.449364 1.74635e+10
0 0.5 -0.5 -0.102984 -0.346222 0.416187 1.15759e+10
0.5 1 -0.5 -0.125376 -0.262599 0.441828 9.94899e+09
0 1.5 -0.5 -0.0782547 -0.226602 0.404552 6.72014e+09
1 -1.5 -0.5 -0.171535 -0.606403 0.467918 4.75767e+10
1.5 -1 -0.5 -0.208618 -0.556852 0.49455 3.96635e+10
1 -0.5 -0.5 -0.18354 -0.473278 0.476525 2.64421e+10
1.5 0 -0.5 -0.226898 -0.401892 0.499916 2.1719e+10
1 0.5 -0.5 -0.177796 -0.319131 0.474241 1.46792e+10
1.5 1 -0.5 -0.217272 -0.230751 0.493592 1.21238e+10
1 1.5 -0.5 -0.154477 -0.17498 0.462995 8.42884e+09
2 -1.5 -0.5 -0.234739 -0.624861 0.492421 5.31731e+10
2.5 -1 -0.5 -0.288878 -0.581641 0.508234 4.08575e+10
2 -0.5 -0.5 -0.258395 -0.503107 0.515512 3.18323e+10
2.5 0 -0.5 -0.322583 -0.436747 0.527236 2.45735e+10
2 0.5 -0.5 -0.27931 -0.320885 0.516411 1.74193e+10
2.5 1 -0.5 -0.332703 -0.229916 0.52623 1.38202e+10
2 1.5 -0.5 -0.256391 -0.13734 0.507262 9.97005e+09
-2.25 -0.75 -0.25 0.465388 -0.719084 0.208602 5.37884e+09
-2.25 0.25 -0.25 0.500592 -0.693382 0.195876 3.64199e+09
-2.25 1.25 -0.25 0.52686 -0.669031 0.179444 2.33196e+09
-1.75 -1.25 -0.25 0.457505 -0.71329 0.256804 8.17601e+09
-1.25 -0.75 -0.25 0.487232 -0.675326 0.300706 8.45763e+09
-1.75 -0.25 -0.25 0.49529 -0.685286 0.248262 5.58259e+09
-1.25 0.25 -0.25 0.51675 -0.648507 0.289625 5.47874e+09
-1.75 0.75 -0.25 0.523006 -0.659964 0.234149 3.58992e+09
-1.25 1.25 -0.25 0.536824 -0.624311 0.27363 3.35804e+09
-0.75 -1.25 -0.25 0.475422 -0.663897 0.352437 1.2584e+10
-0.25 -0.75 -0.25 0.493953 -0.618412 0.40081 1.21882e+10
-0.75 -0.25 -0.25 0.507425 -0.634558 0.345466 8.25436e+09
-0.25 0.25 -0.25 0.517051 -0.592358 0.38914 7.5941e+09
-0.75 0.75 -0.25 0.528688 -0.60978 0.331162 5.08665e+09
-0.25 1.25 -0.25 0.531745 -0.568087 0.372651 4.48421e+09
0.25 -1.25 -0.25 0.474663 -0.601323 0.453854 1.73977e+10
0.75 -0.75 -0.25 0.477912 -0.55107 0.501108 1.55483e+10
0.25 -0.25 -0.25 0.50072 -0.572306 0.446527 1.10803e+10
0.75 0.25 -0.25 0.497652 -0.523234 0.48969 9.47241e+09
0.25 0.75 -0.25 0.517319 -0.547105 0.43163 6.60391e+09
0.75 1.25 -0.25 0.508271 -0.500793 0.473085 5.53172e+09
1.25 -1.25 -0.25 0.447468 -0.531576 0.548447 2.0284e+10
1.75 -0.75 -0.25 0.435579 -0.475596 0.589352 1.63155e+10
1.25 -0.25 -0.25 0.470731 -0.498334 0.544174 1.29952e+10
1.75 0.25 -0.25 0.454661 -0.444463 0.585007 1.0438e+10
1.25 0.75 -0.25 0.485207 -0.473128 0.531114 7.7848e+09
1.75 1.25 -0.25 0.463125 -0.427048 0.568471 6.2647e+09
2.25 -1.25 -0.25 0.376761 -0.46123 0.611736 1.62215e+10
2.25 -0.25 -0.25 0.416706 -0.414738 0.62696 1.25799e+10
2.25 0.75 -0.25 0.429213 -0.395574 0.620702 8.18405e+09
-2.5 -1.5 0 -0.273362 -0.548733 0.232113 2.22076e+10
-2.5 -0.5 0 -0.223807 -0.470809 0.236303 1.46548e+10
-2.5 0.5 0 -0.177127 -0.387691 0.231596 9.34925e+09
-2.5 1.5 0 -0.135886 -0.303391 0.220092 5.80562e+09
-1.5 -1.5 0 -0.25652 -0.571021 0.296837 3.77412e+10
-2 -1 0 -0.241291 -0.517361 0.268507 2.34435e+10
-1.5 -0.5 0 -0.217512 -0.475211 0.30523 2.35656e+10
-2 0 0 -0.197156 -0.427448 0.269883 1.48168e+10
-1.5 0.5 0 -0.179149 -0.374509 0.303254 1.4348e+10
-2 1 0 -0.156479 -0.335191 0.26269 9.12402e+09
-1.5 1.5 0 -0.144666 -0.274045 0.293216 8.57428e+09
-0.5 -1.5 0 -0.249282 -0.595941 0.364554 6.09853e+10
-1 -1 0 -0.236112 -0.53172 0.336982 3.77273e+10
-0.5 -0.5 0 -0.226049 -0.4826 0.375607 3.58996e+10
-1 0 0 -0.203099 -0.423166 0.341132 2.26251e+10
-0.5 0.5 0 -0.198635 -0.360865 0.374988 2.07851e+10
-1 1 0 -0.170415 -0.31207 0.335355 1.33423e+10
-0.5 1.5 0 -0.171122 -0.24075 0.365669 1.19967e+10
0.5 -1.5 0 -0.249048 -0.627691 0.431497 9.34471e+10
0 -1 0 -0.243456 -0.552412 0.405981 5.75766e+10
0.5 -0.5 0 -0.250263 -0.498846 0.443426 5.1467e+10
0 0 0 -0.227031 -0.422858 0.411305 3.25347e+10
0.5 0.5 0 -0.23906 -0.351561 0.443556 2.82885e+10
0 1 0 -0.204174 -0.288225 0.406281 1.8402e+10
0.5 1.5 0 -0.216998 -0.208802 0.434402 1.59303e+10
1.5 -1.5 0 -0.249783 -0.664921 0.49005 1.32119e+11
1 -1 0 -0.259656 -0.584328 0.470356 8.26176e+10
1.5 -0.5 0 -0.284949 -0.531466 0.503485 6.92115e+10
1 0 0 -0.269845 -0.43361 0.476371 4.38792e+10
1.5 0.5 0 -0.298409 -0.358087 0.504387 3.63428e+10
1 1 0 -0.25872 -0.2715 0.471832 2.39899e+10
1.5 1.5 0 -0.279948 -0.184407 0.494544 2.00822e+10
2.5 -1.5 0 -0.283964 -0.674769 0.518074 1.38294e+11
2 -1 0 -0.274549 -0.627184 0.522434 1.08967e+11
2.5 -0.5 0 -0.311989 -0.582075 0.548016 8.59662e+10
2 0 0 -0.321499 -0.469311 0.530694 5.60597e+10
2.5 0.5 0 -0.365375 -0.393859 0.549522 4.4087e+10
2 1 0 -0.329851 -0.271373 0.525596 2.95342e+10
2.5 1.5 0 -0.357782 -0.171625 0.539967 2.39406e+10
-2.25 -1.25 0.25 0.308794 -0.749265 0.154233 1.45931e+10
-2.25 -0.25 0.25 0.36143 -0.717575 0.144133 1.01693e+10
-2.25 0.75 0.25 0.402299 -0.684856 0.129165 6.66294e+09
-1.25 -1.25 0.25 0.32615 -0.730606 0.248372 2.4214e+10
-1.75 -0.75 0.25 0.346258 -0.723962 0.196494 1.57576e+10
-1.25 -0.25 0.25 0.376292 -0.692774 0.241642 1.60403e+10
-1.75 0.25 0.25 0.391353 -0.68905 0.185089 1.0369e+10
-1.25 0.75 0.25 0.412242 -0.656938 0.227807 1.00224e+10
-1.75 1.25 0.25 0.423858 -0.654859 0.169047 6.46104e+09
-0.25 -1.25 0.25 0.329296 -0.700115 0.35392 3.71507e+10
-0.75 -0.75 0.25 0.356064 -0.696282 0.298275 2.45902e+10
-0.25 -0.25 0.25 0.37483 -0.659237 0.347786 2.35946e+10
-0.75 0.25 0.25 0.396287 -0.658321 0.287559 1.54511e+10
-0.25 0.75 0.25 0.406803 -0.61854 0.333246 1.40396e+10
-0.75 1.25 0.25 0.424232 -0.619734 0.271467 9.17652e+09
0.75 -1.25 0.25 0.308944 -0.662517 0.464037 5.1796e+10
0.25 -0.75 0.25 0.346314 -0.660264 0.407388 3.54686e+10
0.75 -0.25 0.25 0.352495 -0.615212 0.457435 3.15996e+10
0.25 0.25 0.25 0.383505 -0.616787 0.39564 2.12508e+10
0.75 0.75 0.25 0.383122 -0.567328 0.44233 1.80979e+10
0.25 1.25 0.25 0.408314 -0.572528 0.378886 1.21304e+10
1.75 -1.25 0.25 0.261403 -0.619153 0.566348 6.10215e+10
1.25 -0.75 0.25 0.311533 -0.615566 0.515936 4.54724e+10
1.75 -0.25 0.25 0.305863 -0.559692 0.563543 3.71576e+10
1.25 0.25 0.25 0.349939 -0.562264 0.504946 2.64378e+10
1.75 0.75 0.25 0.337338 -0.510201 0.54917 2.15752e+10
1.25 1.25 0.25 0.373123 -0.517408 0.48666 1.50266e+10
2.25 -0.75 0.25 0.253384 -0.560526 0.6124 4.76205e+10
2.25 0.25 0.25 0.290631 -0.507129 0.607237 2.97226e+10
2.25 1.25 0.25 0.319396 -0.456521 0.586993 1.73277e+10
-2.5 -1 0.5 0.174088 -0.662984 0.210006 3.57461e+10
-2.5 0 0.5 0.229552 -0.625552 0.203779 2.44359e+10
-2.5 1 0.5 0.273294 -0.586429 0.191834 1.5841e+10
-2 -1.5 0.5 0.147437 -0.68016 0.247809 5.57468e+10
-1.5 -1 0.5 0.181687 -0.654624 0.289896 5.9534e+10
-2 -0.5 0.5 0.208431 -0.638746 0.247874 3.82174e+10
-1.5 0 0.5 0.235501 -0.607608 0.287511 3.86552e+10
-2 0.5 0.5 0.256835 -0.596082 0.240144 2.47905e+10
-1.5 1 0.5 0.276064 -0.561439 0.277503 2.39149e+10
-2 1.5 0.5 0.292956 -0.553455 0.227029 1.53542e+10
-1 -1.5 0.5 0.148233 -0.674103 0.328729 9.22656e+10
-0.5 -1 0.5 0.173082 -0.640229 0.375863 9.25851e+10
-1 -0.5 0.5 0.208033 -0.621925 0.333153 5.99994e+10
-0.5 0 0.5 0.225132 -0.584411 0.375554 5.72349e+10
-1 0.5 0.5 0.253941 -0.571393 0.327278 3.7095e+10
-0.5 1 0.5 0.263573 -0.528635 0.366502 3.37786e+10
-1 1.5 0.5 0.28686 -0.520676 0.315255 2.19728e+10
0 -1.5 0.5 0.129702 -0.663783 0.41377 1.41716e+11
0.5 -1 0.5 0.1411 -0.626158 0.461467 1.33236e+11
0 -0.5 0.5 0.187966 -0.602032 0.421012 8.77133e+10
0.5 0 0.5 0.193227 -0.556768 0.463252 7.80763e+10
0 0.5 0.5 0.233051 -0.539999 0.416323 5.15778e+10
0.5 1 0.5 0.231342 -0.487959 0.455676 4.43378e+10
0 1.5 0.5 0.264012 -0.479188 0.405202 2.94636e+10
1 -1.5 0.5 0.085114 -0.658083 0.493478 1.99609e+11
1.5 -1 0.5 0.0802781 -0.617732 0.536466 1.72434e+11
1 -0.5 0.5 0.142176 -0.58177 0.504725 1.16911e+11
1.5 0 0.5 0.132292 -0.528126 0.544092 9.67367e+10
1 0.5 0.5 0.188349 -0.502887 0.502989 6.59549e+10
1.5 1 0.5 0.175407 -0.446979 0.539255 5.43585e+10
1 1.5 0.5 0.221712 -0.433672 0.492423 3.72124e+10
2 -1.5 0.5 0.0106212 -0.663129 0.551694 2.45983e+11
2.5 -1 0.5 -0.0169097 -0.622948 0.582882 1.94269e+11
2 -0.5 0.5 0.0627974 -0.568493 0.573597 1.39404e+11
2.5 0 0.5 0.0353157 -0.51959 0.605071 1.09879e+11
2 0.5 0.5 0.114072 -0.472982 0.579017 7.80384e+10
2.5 1 0.5 0.0940233 -0.411108 0.607368 6.1768e+10
2 1.5 0.5 0.159939 -0.386785 0.56995 4.4183e+10
-2.25 -0.75 0.75 0.122116 -0.672358 0.138515 1.09174e+10
-2.25 0.25 0.75 0.183662 -0.62763 0.124411 7.3009e+09
-2.25 1.25 0.75 0.230655 -0.580513 0.107187 4.64166e+09
-1.75 -1.25 0.75 0.0949642 -0.69366 0.186812 1.6987e+10
-1.25 -0.75 0.75 0.135874 -0.666223 0.230153 1.76901e+10
-1.75 -0.25 0.75 0.162534 -0.645931 0.177512 1.13846e+10
-1.25 0.25 0.75 0.193368 -0.613433 0.219045 1.12642e+10
-1.75 0.75 0.75 0.214429 -0.596162 0.162879 7.2414e+09
-1.25 1.25 0.75 0.23557 -0.558378 0.203402 6.83071e+09
-0.75 -1.25 0.75 0.103032 -0.688922 0.281347 2.73602e+10
-0.25 -0.75 0.75 0.133204 -0.654864 0.330268 2.69301e+10
-0.75 -0.25 0.75 0.166557 -0.632818 0.275153 1.74582e+10
-0.25 0.25 0.75 0.18678 -0.593277 0.319833 1.63082e+10
-0.75 0.75 0.75 0.214108 -0.574564 0.261552 1.05739e+10
-0.25 1.25 0.75 0.224543 -0.526262 0.305205 9.42009e+09
0.25 -1.25 0.75 0.0931924 -0.67996 0.382684 4.12417e+10
0.75 -0.75 0.75 0.111365 -0.641292 0.432474 3.8193e+10
0.25 -0.25 0.75 0.152646 -0.615287 0.37736 2.50373e+10
0.75 0.25 0.75 0.161546 -0.563825 0.423313 2.17965e+10
0.25 0.75 0.75 0.196503 -0.543083 0.364623 1.43733e+10
0.75 1.25 0.75 0.194177 -0.486672 0.408843 1.22034e+10
1.25 -1.25 0.75 0.0640871 -0.670916 0.481828 5.73917e+10
1.75 -0.75 0.75 0.069348 -0.620915 0.529553 4.83515e+10
1.25 -0.25 0.75 0.118848 -0.589647 0.479548 3.27724e+10
1.75 0.25 0.75 0.112647 -0.533364 0.523394 2.69731e+10
1.25 0.75 0.75 0.157295 -0.50634 0.467541 1.82259e+10
1.75 1.25 0.75 0.14905 -0.446848 0.507552 1.505e+10
2.25 -1.25 0.75 0.021857 -0.65074 0.56666 6.7203e+10
2.25 -0.25 0.75 0.0614193 -0.568938 0.571725 3.92212e+10
2.25 0.75 0.75 0.102314 -0.474959 0.562336 2.18993e+10
-2.5 -1.5 1 0.353708 -0.797838 0.176942 4.65447e+10
-2.5 -0.5 1 0.40535 -0.77208 0.173159 3.39669e+10
-2.5 0.5 1 0.449468 -0.744942 0.163019 2.3039e+10
-2.5 1.5 1 0.484939 -0.71871 0.148562 1.47298e+10
-1.5 -1.5 1 0.357812 -0.782447 0.262305 7.99e+10
-2 -1 1 0.384635 -0.776877 0.218671 5.23665e+10
-1.5 -0.5 1 0.413337 -0.749451 0.262959 5.51759e+10
-2 0 1 0.433979 -0.74718 0.213313 3.57892e+10
-1.5 0.5 1 0.457475 -0.719087 0.255033 3.56134e+10
-2 1 1 0.473411 -0.719169 0.201694 2.29647e+10
-1.5 1.5 1 0.492213 -0.690727 0.2416 2.16966e+10
-0.5 -1.5 1 0.351574 -0.75635 0.356324 1.26205e+11
-1 -1 1 0.386349 -0.752271 0.311081 8.41336e+10
-0.5 -0.5 1 0.408012 -0.718983 0.35971 8.33787e+10
-1 0 1 0.436116 -0.718829 0.308012 5.48051e+10
-0.5 0.5 1 0.452915 -0.685627 0.352156 5.13152e+10
-1 1 1 0.475419 -0.688304 0.296999 3.34989e+10
-0.5 1.5 1 0.48855 -0.653418 0.339345 2.98439e+10
0.5 -1.5 1 0.324883 -0.724434 0.452373 1.81441e+11
0 -1 1 0.371524 -0.720449 0.408629 1.24665e+11
0.5 -0.5 1 0.384413 -0.682861 0.457125 1.15464e+11
0 0 1 0.423219 -0.683423 0.406086 7.76804e+10
0.5 0.5 1 0.434562 -0.641919 0.450802 6.77368e+10
0 1 1 0.465219 -0.647517 0.395729 4.5268e+10
0.5 1.5 1 0.47048 -0.607499 0.438622 3.83313e+10
1.5 -1.5 1 0.270465 -0.693567 0.53746 2.29202e+11
1 -1 1 0.334251 -0.685635 0.502466 1.66708e+11
1.5 -0.5 1 0.342121 -0.637969 0.548107 1.40504e+11
1 0 1 0.394464 -0.638012 0.502702 9.92384e+10
1.5 0.5 1 0.395975 -0.591714 0.545562 8.13743e+10
1 1 1 0.438234 -0.598593 0.493926 5.65239e+10
1.5 1.5 1 0.435839 -0.556612 0.533692 4.63818e+10
2.5 -1.5 1 0.169725 -0.663298 0.589483 2.31023e+11
2 -1 1 0.272855 -0.645016 0.581025 1.87886e+11
2.5 -0.5 1 0.26434 -0.598502 0.618343 1.47265e+11
2 0 1 0.340078 -0.590092 0.589473 1.12718e+11
2.5 0.5 1 0.330951 -0.54425 0.626172 8.91015e+10
2 1 1 0.391201 -0.547368 0.584323 6.5717e+10
2.5 1.5 1 0.387696 -0.498867 0.6168 5.22689e+10
-2.25 -1.25 1.25 -0.0850674 -0.606595 0.202399 5.37963e+09
-2.25 -0.25 1.25 -0.00408044 -0.554818 0.190991 3.67873e+09
-2.25 0.75 1.25 0.0620753 -0.498096 0.175285 2.39426e+09
-1.25 -1.25 1.25 -0.0748207 -0.603217 0.283574 8.76275e+09
-1.75 -0.75 1.25 -0.0363447 -0.577219 0.238708 5.68726e+09
-1.25 -0.25 1.25 0.00226462 -0.539338 0.277392 5.70466e+09
-1.75 0.25 1.25 0.0353097 -0.517114 0.226998 3.70248e+09
-1.25 0.75 1.25 0.0648794 -0.472692 0.264573 3.5506e+09
-1.75 1.25 1.25 0.0922951 -0.454285 0.211374 2.30646e+09
-0.25 -1.25 1.25 -0.0837832 -0.597886 0.367871 1.33922e+10
-0.75 -0.75 1.25 -0.0376177 -0.565854 0.325075 8.75679e+09
-0.25 -0.25 1.25 -0.0104022 -0.522747 0.36529 8.31945e+09
-0.75 0.25 1.25 0.0308529 -0.495014 0.316366 5.44505e+09
-0.25 0.75 1.25 0.0499456 -0.441174 0.355555 4.92918e+09
-0.75 1.25 1.25 0.084595 -0.419612 0.303484 3.24262e+09
0.75 -1.25 1.25 -0.108724 -0.601011 0.444196 1.92555e+10
0.25 -0.75 1.25 -0.0582469 -0.557657 0.409074 1.26734e+10
0.75 -0.25 1.25 -0.0398658 -0.507644 0.447376 1.12574e+10
0.25 0.25 1.25 0.00813451 -0.469568 0.404336 7.45938e+09
0.75 0.75 1.25 0.0117057 -0.406373 0.443604 6.39163e+09
0.25 1.25 1.25 0.055485 -0.37861 0.395598 4.28014e+09
1.75 -1.25 1.25 -0.122867 -0.617807 0.499289 2.57257e+10
1.25 -0.75 1.25 -0.0879472 -0.558096 0.480969 1.70198e+10
1.75 -0.25 1.25 -0.0897375 -0.505044 0.516892 1.42581e+10
1.25 0.25 1.25 -0.0387146 -0.446841 0.485315 9.51781e+09
1.75 0.75 1.25 -0.047856 -0.382467 0.51951 7.83762e+09
1.25 1.25 1.25 0.00520201 -0.34122 0.480236 5.35454e+09
2.25 -0.75 1.25 -0.119217 -0.585039 0.534214 2.2048e+10
2.25 0.25 1.25 -0.0997816 -0.443299 0.547406 1.15034e+10
2.25 1.25 1.25 -0.0452041 -0.317669 0.547861 6.45816e+09
-2.5 -1 1.5 0.319063 -0.782022 0.213756 2.17186e+10
-2.5 0 1.5 0.376993 -0.751156 0.210246 1.52803e+10
-2.5 1 1.5 0.42518 -0.719655 0.200297 1.00664e+10
-2 -1.5 1.5 0.289258 -0.789303 0.252229 3.3038e+10
-1.5 -1 1.5 0.324076 -0.761358 0.297825 3.5762e+10
-2 -0.5 1.5 0.353802 -0.755888 0.255229 2.35012e+10
-1.5 0 1.5 0.383844 -0.724686 0.297982 2.39253e+10
-2 0.5 1.5 0.407314 -0.722082 0.249694 1.55806e+10
-1.5 1 1.5 0.431904 -0.68995 0.289622 1.50311e+10
-2 1.5 1.5 0.450329 -0.689546 0.23801 9.74423e+09
-1 -1.5 1.5 0.28652 -0.768122 0.336478 5.36055e+10
-0.5 -1 1.5 0.314983 -0.732789 0.386068 5.42706e+10
-1 -0.5 1.5 0.353537 -0.728004 0.344019 3.63273e+10
-0.5 0 1.5 0.376093 -0.692002 0.388483 3.47897e+10
-1 0.5 1.5 0.407603 -0.690537 0.340195 2.30005e+10
-0.5 1 1.5 0.426115 -0.652329 0.3814 2.0859e+10
-1 1.5 1.5 0.451102 -0.654189 0.329575 1.37328e+10
0 -1.5 1.5 0.266841 -0.739973 0.421544 7.91986e+10
0.5 -1 1.5 0.2854 -0.7019 0.469334 7.50979e+10
0 -0.5 1.5 0.335838 -0.695353 0.432531 5.17435e+10
0.5 0 1.5 0.352503 -0.652995 0.47546 4.61202e+10
0 0.5 1.5 0.393783 -0.651486 0.430757 3.12932e+10
0.5 1 1.5 0.404877 -0.606736 0.471653 2.66559e+10
0 1.5 1.5 0.438179 -0.610539 0.422035 1.80016e+10
1 -1.5 1.5 0.224117 -0.712913 0.494469 1.05208e+11
1.5 -1 1.5 0.23737 -0.670942 0.535493 9.23094e+10
1 -0.5 1.5 0.300734 -0.658721 0.512057 6.62959e+10
1.5 0 1.5 0.307577 -0.610081 0.551534 5.46044e+10
1 0.5 1.5 0.362157 -0.60568 0.51615 3.86855e+10
1.5 1 1.5 0.363863 -0.558275 0.553606 3.14702e+10
1 1.5 1.5 0.408282 -0.561963 0.510213 2.20501e+10
2 -1.5 1.5 0.162339 -0.690168 0.541037 1.26262e+11
2.5 -1 1.5 0.148911 -0.646607 0.570316 1.007e+11
2 -0.5 1.5 0.238041 -0.623401 0.571668 7.45341e+10
2.5 0 1.5 0.229542 -0.573281 0.601957 5.78888e+10
2 0.5 1.5 0.306551 -0.560376 0.586713 4.3475e+10
2.5 1 1.5 0.307016 -0.510963 0.617167 3.49323e+10
2 1.5 1.5 0.363871 -0.510966 0.586463 2.54816e+10
