449
-2.5 -1 -1.5 0.567547 0.215625 0.110821 2.59891e+09
-2.5 0 -1.5 0.550536 0.244173 0.0610329 1.32998e+09
-2.5 1 -1.5 0.533148 0.266242 0.0144147 6.46457e+08
-2 -1.5 -1.5 0.593848 0.23098 0.136517 4.12477e+09
-1.5 -1 -1.5 0.597796 0.276878 0.108693 3.35679e+09
-2 -0.5 -1.5 0.572468 0.261372 0.0864387 2.1175e+09
-1.5 0 -1.5 0.571544 0.304023 0.0610321 1.66075e+09
-2 0.5 -1.5 0.550751 0.286355 0.038954 1.04163e+09
-1.5 1 -1.5 0.547504 0.324473 0.0155036 7.86306e+08
-2 1.5 -1.5 0.531263 0.303735 -0.0054239 4.83937e+08
-1 -1.5 -1.5 0.626667 0.290672 0.127087 5.30892e+09
-0.5 -1 -1.5 0.622887 0.333428 0.0944786 4.14306e+09
-1 -0.5 -1.5 0.595575 0.319678 0.0798039 2.62921e+09
-0.5 0 -1.5 0.589463 0.358052 0.0492867 1.99077e+09
-1 0.5 -1.5 0.566936 0.3424 0.0340692 1.25796e+09
-0.5 1 -1.5 0.560432 0.376108 0.00539241 9.22198e+08
-1 1.5 -1.5 0.542515 0.35826 -0.00937638 5.72369e+08
0 -1.5 -1.5 0.653254 0.345143 0.104343 6.50563e+09
0.5 -1 -1.5 0.643267 0.383282 0.0662094 4.87808e+09
0 -0.5 -1.5 0.615011 0.37167 0.0602621 3.12608e+09
0.5 0 -1.5 0.60497 0.404784 0.0241846 2.29082e+09
0 0.5 -1.5 0.581318 0.391501 0.0169215 1.46214e+09
0.5 1 -1.5 0.572481 0.420195 -0.0171423 1.04345e+09
0 1.5 -1.5 0.553346 0.405426 -0.0247507 6.54387e+08
1 -1.5 -1.5 0.673318 0.39293 0.0664929 7.55824e+09
1.5 -1 -1.5 0.658331 0.425715 0.0225961 5.45865e+09
1 -0.5 -1.5 0.63097 0.416123 0.0263058 3.55431e+09
1.5 0 -1.5 0.617759 0.443669 -0.0153047 2.52653e+09
1 0.5 -1.5 0.594131 0.432856 -0.0136628 1.6352e+09
1.5 1 -1.5 0.583365 0.456424 -0.0528956 1.13827e+09
1 1.5 -1.5 0.563833 0.444779 -0.0524241 7.23303e+08
2 -1.5 -1.5 0.685105 0.434225 0.0125751 8.26331e+09
2.5 -1 -1.5 0.665743 0.461438 -0.0367161 5.76375e+09
2 -0.5 -1.5 0.642293 0.452945 -0.0228238 3.84971e+09
2.5 0 -1.5 0.626079 0.475026 -0.0694598 2.65973e+09
2 0.5 -1.5 0.604502 0.466381 -0.0582914 1.75612e+09
2.5 1 -1.5 0.591693 0.484961 -0.102133 1.19425e+09
2 1.5 -1.5 0.573196 0.476297 -0.0928966 7.72045e+08
-2.25 -0.75 -1.25 0.774158 -0.339937 0.0143116 1.107e+09
-2.25 0.25 -1.25 0.768589 -0.318469 -0.0385822 5.38003e+08
-2.25 1.25 -1.25 0.762722 -0.298645 -0.0883324 2.51299e+08
-1.75 -1.25 -1.25 0.775582 -0.331419 0.047196 1.6851e+09
-1.25 -0.75 -1.25 0.769097 -0.300545 0.0212426 1.24103e+09
-1.75 -0.25 -1.25 0.768427 -0.310654 -0.00758505 8.20991e+08
-1.25 0.25 -1.25 0.757394 -0.283288 -0.031594 5.88553e+08
-1.75 0.75 -1.25 0.759335 -0.292276 -0.0589548 3.87095e+08
-1.25 1.25 -1.25 0.746995 -0.266733 -0.0823236 2.70036e+08
-0.75 -1.25 -1.25 0.770668 -0.287828 0.0473149 1.85801e+09
-0.25 -0.75 -1.25 0.757108 -0.257106 0.014622 1.31458e+09
-0.75 -0.25 -1.25 0.756658 -0.271663 -0.00684316 8.84535e+08
-0.25 0.25 -1.25 0.739916 -0.243927 -0.0379867 6.14618e+08
-0.75 0.75 -1.25 0.742623 -0.256881 -0.0586653 4.10344e+08
-0.25 1.25 -1.25 0.725795 -0.23024 -0.0891529 2.79208e+08
0.25 -1.25 -1.25 0.758894 -0.23909 0.0319949 1.93049e+09
0.75 -0.75 -1.25 0.738981 -0.207648 -0.00876216 1.32478e+09
0.25 -0.25 -1.25 0.738698 -0.227673 -0.0210597 9.08441e+08
0.75 0.25 -1.25 0.717244 -0.198722 -0.059974 6.16491e+08
0.25 0.75 -1.25 0.720577 -0.216354 -0.0725051 4.18241e+08
0.75 1.25 -1.25 0.700298 -0.187885 -0.110225 2.7918e+08
1.25 -1.25 -1.25 0.740796 -0.183204 -0.00209991 1.90236e+09
1.75 -0.75 -1.25 0.715422 -0.150735 -0.0511099 1.27665e+09
1.25 -0.25 -1.25 0.715591 -0.177019 -0.052504 8.9469e+08
1.75 0.25 -1.25 0.690483 -0.146636 -0.0989049 5.9645e+08
1.25 0.75 -1.25 0.694413 -0.169461 -0.101889 4.1185e+08
1.75 1.25 -1.25 0.671673 -0.13907 -0.146294 2.70829e+08
2.25 -1.25 -1.25 0.716168 -0.119332 -0.056813 1.78381e+09
2.25 -0.25 -1.25 0.688012 -0.119113 -0.102284 8.47462e+08
2.25 0.75 -1.25 0.665099 -0.115966 -0.147408 3.92734e+08
-2.5 -1.5 -1 0.500753 0.325273 0.115225 6.68799e+09
-2.5 -0.5 -1 0.474779 0.35167 0.0620437 3.44717e+09
-2.5 0.5 -1 0.44895 0.373089 0.011319 1.69779e+09
-2.5 1.5 -1 0.424096 0.385921 -0.0366421 7.83835e+08
-1.5 -1.5 -1 0.541425 0.382857 0.109061 8.7739e+09
-2 -1 -1 0.506161 0.368148 0.0875469 5.50502e+09
-1.5 -0.5 -1 0.505837 0.408589 0.0589425 4.35778e+09
-2 0 -1 0.475806 0.392016 0.0368348 2.73055e+09
-1.5 0.5 -1 0.473287 0.428525 0.0100593 2.08551e+09
-2 1 -1 0.447442 0.409135 -0.0120692 1.29011e+09
-1.5 1.5 -1 0.443848 0.44088 -0.0370905 9.42399e+08
-0.5 -1.5 -1 0.576492 0.435088 0.0895918 1.09728e+10
-1 -1 -1 0.539365 0.423024 0.0767995 6.92327e+09
-0.5 -0.5 -1 0.533704 0.459103 0.0429206 5.27723e+09
-1 0 -1 0.501948 0.44505 0.0287045 3.33075e+09
-0.5 0.5 -1 0.496243 0.476773 -0.00354586 2.46551e+09
-1 1 -1 0.468858 0.460508 -0.0186221 1.53827e+09
-0.5 1.5 -1 0.463597 0.487953 -0.0491344 1.09511e+09
0.5 -1.5 -1 0.606174 0.479278 0.0546717 1.30467e+10
0 -1 -1 0.568606 0.470623 0.0518311 8.31645e+09
0.5 -0.5 -1 0.558963 0.501082 0.0121726 6.11946e+09
0 0 -1 0.526273 0.490259 0.00703966 3.90211e+09
0.5 0.5 -1 0.518297 0.51637 -0.0308866 2.80637e+09
0 1 -1 0.489896 0.503683 -0.037818 1.76978e+09
0.5 1.5 -1 0.483534 0.526212 -0.0737809 1.23065e+09
1.5 -1.5 -1 0.62932 0.514306 0.00306669 1.46698e+10
1 -1 -1 0.593791 0.509103 0.0110455 9.52094e+09
1.5 -0.5 -1 0.58089 0.533491 -0.0343162 6.77876e+09
1 0 -1 0.548811 0.526297 -0.0294304 4.38794e+09
1.5 0.5 -1 0.53884 0.546589 -0.0727558 3.07229e+09
1 1 -1 0.510453 0.537803 -0.0706058 1.96458e+09
1.5 1.5 -1 0.502999 0.555218 -0.111629 1.33667e+09
2.5 -1.5 -1 0.642658 0.541052 -0.0652429 1.54531e+10
2 -1 -1 0.613081 0.538111 -0.0461482 1.03334e+10
2.5 -0.5 -1 0.596952 0.556526 -0.0965499 7.13413e+09
2 0 -1 0.568157 0.552733 -0.0811941 4.72291e+09
2.5 0.5 -1 0.55587 0.567364 -0.129206 3.22444e+09
2 1 -1 0.529332 0.562538 -0.117391 2.10087e+09
2.5 1.5 -1 0.520318 0.574859 -0.162781 1.40039e+09
-2.25 -1.25 -0.75 0.750427 -0.219679 -0.0204832 3.42367e+09
-2.25 -0.25 -0.75 0.733575 -0.199346 -0.0774234 1.67324e+09
-2.25 0.75 -0.75 0.71523 -0.182765 -0.131528 7.87049e+08
-1.25 -1.25 -0.75 0.749929 -0.162883 -0.0136907 3.89207e+09
-1.75 -0.75 -0.75 0.741128 -0.18271 -0.0442296 2.56224e+09
-1.25 -0.25 -0.75 0.725772 -0.147652 -0.0696213 1.84825e+09
-1.75 0.25 -0.75 0.7198 -0.166502 -0.0991942 1.21303e+09
-1.25 0.75 -0.75 0.701882 -0.135241 -0.124105 8.5153e+08
-1.75 1.25 -0.75 0.699502 -0.153786 -0.153556 5.51621e+08
-0.25 -1.25 -0.75 0.742342 -0.0998915 -0.0211679 4.16564e+09
-0.75 -0.75 -0.75 0.733219 -0.12564 -0.0433629 2.788e+09
-0.25 -0.25 -0.75 0.711778 -0.0901394 -0.0758752 1.94384e+09
-0.75 0.25 -0.75 0.705977 -0.114218 -0.0980116 1.29474e+09
-0.25 0.75 -0.75 0.683375 -0.0819625 -0.130184 8.85061e+08
-0.75 1.25 -0.75 0.681314 -0.104996 -0.153021 5.80722e+08
0.75 -1.25 -0.75 0.729018 -0.0307973 -0.0468326 4.23315e+09
0.25 -0.75 -0.75 0.719413 -0.0624627 -0.058485 2.88517e+09
0.75 -0.25 -0.75 0.69338 -0.0268537 -0.0990081 1.96182e+09
0.25 0.25 -0.75 0.687392 -0.0560782 -0.11191 1.32701e+09
0.75 0.75 -0.75 0.661618 -0.0230875 -0.151633 8.89422e+08
0.25 1.25 -0.75 0.659402 -0.0503456 -0.166413 5.9127e+08
1.75 -1.25 -0.75 0.710952 0.0423739 -0.0933094 4.11121e+09
1.25 -0.75 -0.75 0.701341 0.00599202 -0.092452 2.86143e+09
1.75 -0.25 -0.75 0.672158 0.0405051 -0.140757 1.91047e+09
1.25 0.25 -0.75 0.665929 0.00713903 -0.142772 1.3142e+09
1.75 0.75 -0.75 0.638315 0.0397896 -0.189512 8.67824e+08
1.25 1.25 -0.75 0.635639 0.00928531 -0.194882 5.85034e+08
2.25 -0.75 -0.75 0.679762 0.0767986 -0.146531 2.7299e+09
2.25 0.25 -0.75 0.642806 0.0728866 -0.19137 1.26138e+09
2.25 1.25 -0.75 0.611333 0.071509 -0.238848 5.63826e+08
-2.5 -1 -0.5 0.651885 -0.0967948 0.0528266 8.60291e+09
-2.5 0 -0.5 0.631766 -0.0793783 0.000886601 4.21366e+09
-2.5 1 -0.5 0.610476 -0.0666735 -0.047254 1.96643e+09
-2 -1.5 -0.5 0.664863 -0.0752714 0.0835115 1.33577e+10
-1.5 -1 -0.5 0.654024 -0.0354877 0.0574198 1.01229e+10
-2 -0.5 -0.5 0.641974 -0.0586828 0.0305575 6.55689e+09
-1.5 0 -0.5 0.626651 -0.0226426 0.0075234 4.80898e+09
-2 0.5 -0.5 0.6177 -0.0452752 -0.0186719 3.09624e+09
-1.5 1 -0.5 0.599978 -0.0135108 -0.0399217 2.1934e+09
-2 1.5 -0.5 0.594052 -0.0374343 -0.0650468 1.38299e+09
-1 -1.5 -0.5 0.668235 -0.00905412 0.0807164 1.55222e+10
-0.5 -1 -0.5 0.650534 0.0298881 0.0497318 1.12524e+10
-1 -0.5 -0.5 0.637502 0.00215324 0.030597 7.38931e+09
-0.5 0 -0.5 0.617246 0.037283 0.00202178 5.2309e+09
-1 0.5 -0.5 0.607657 0.0110299 -0.017281 3.4123e+09
-0.5 1 -0.5 0.586466 0.0424447 -0.0443894 2.3493e+09
-1 1.5 -0.5 0.579816 0.0160399 -0.0633086 1.49911e+09
0 -1.5 -0.5 0.66604 0.0611443 0.0640053 1.69933e+10
0.5 -1 -0.5 0.643146 0.0980431 0.0269703 1.18744e+10
0 -0.5 -0.5 0.628997 0.0660942 0.0170935 7.92336e+09
0.5 0 -0.5 0.605491 0.0995491 -0.0177797 5.44987e+09
0 0.5 -0.5 0.594944 0.0699591 -0.0288788 3.60709e+09
0.5 1 -0.5 0.571802 0.100588 -0.0622081 2.42651e+09
0 1.5 -0.5 0.564057 0.0720608 -0.0738193 1.56865e+09
1 -1.5 -0.5 0.659695 0.13335 0.0306341 1.76006e+10
1.5 -1 -0.5 0.633253 0.166967 -0.0128876 1.19379e+10
1 -0.5 -0.5 0.618293 0.13182 -0.0121097 8.12111e+09
1.5 0 -0.5 0.592988 0.162758 -0.0533781 5.45652e+09
1 0.5 -0.5 0.581391 0.130595 -0.0550267 3.67189e+09
1.5 1 -0.5 0.557502 0.159842 -0.0944192 2.42329e+09
1 1.5 -0.5 0.548441 0.129874 -0.0976472 1.58953e+09
2 -1.5 -0.5 0.649583 0.204735 -0.0210571 1.72674e+10
2.5 -1 -0.5 0.620727 0.233913 -0.0706526 1.14271e+10
2 -0.5 -0.5 0.606409 0.197278 -0.0582921 7.97166e+09
2.5 0 -0.5 0.58017 0.224763 -0.105398 5.25094e+09
2 0.5 -0.5 0.568155 0.191388 -0.0966451 3.60586e+09
2.5 1 -0.5 0.544173 0.218421 -0.141484 2.34082e+09
2 1.5 -0.5 0.534071 0.188137 -0.135431 1.56196e+09
-2.25 -0.75 -0.25 0.654386 0.0311517 -0.0508173 2.20387e+09
-2.25 0.25 -0.25 0.629834 0.0540011 -0.104998 1.06479e+09
-2.25 1.25 -0.25 0.607626 0.0713921 -0.15875 4.91465e+08
-1.75 -1.25 -0.25 0.669887 0.0565037 -0.0163847 3.39527e+09
-1.25 -0.75 -0.25 0.65575 0.10622 -0.0409001 2.5209e+09
-1.75 -0.25 -0.25 0.641757 0.0787906 -0.0714388 1.64512e+09
-1.25 0.25 -0.25 0.625536 0.123868 -0.0947215 1.18796e+09
-1.75 0.75 -0.25 0.615416 0.0968887 -0.125142 7.69509e+08
-1.25 1.25 -0.25 0.599293 0.137247 -0.1491 5.38439e+08
-0.75 -1.25 -0.25 0.672012 0.136747 -0.0140975 3.83627e+09
-0.25 -0.75 -0.25 0.652875 0.184655 -0.0457383 2.745e+09
-0.75 -0.25 -0.25 0.637977 0.152992 -0.0680048 1.81391e+09
-0.25 0.25 -0.25 0.618592 0.196268 -0.0986249 1.27281e+09
-0.75 0.75 -0.25 0.607639 0.165995 -0.12168 8.34016e+08
-0.25 1.25 -0.25 0.589614 0.20518 -0.15274 5.70451e+08
0.25 -1.25 -0.25 0.670353 0.218846 -0.0289161 4.12101e+09
0.75 -0.75 -0.25 0.648394 0.262318 -0.0688494 2.86611e+09
0.25 -0.25 -0.25 0.632176 0.22841 -0.0806895 1.9197e+09
0.75 0.25 -0.25 0.611504 0.267808 -0.119157 1.3177e+09
0.25 0.75 -0.25 0.599169 0.23593 -0.133088 8.73871e+08
0.75 1.25 -0.25 0.580776 0.272246 -0.171285 5.87264e+08
1.25 -1.25 -0.25 0.666913 0.297341 -0.0642416 4.23532e+09
1.75 -0.75 -0.25 0.64347 0.33381 -0.112255 2.8809e+09
1.25 -0.25 -0.25 0.626449 0.30066 -0.111871 1.96088e+09
1.75 0.25 -0.25 0.605485 0.334101 -0.157674 1.32247e+09
1.25 0.75 -0.25 0.591875 0.303065 -0.160938 8.89016e+08
1.75 1.25 -0.25 0.573833 0.334698 -0.205621 5.88902e+08
2.25 -1.25 -0.25 0.661162 0.366225 -0.121264 4.16783e+09
2.25 -0.25 -0.25 0.620838 0.364719 -0.162381 1.93564e+09
2.25 0.75 -0.25 0.585962 0.363163 -0.205798 8.79113e+08
-2.5 -1.5 0 0.799277 -0.337754 0.0367862 1.30308e+10
-2.5 -0.5 0 0.789234 -0.331927 -0.020485 6.41483e+09
-2.5 0.5 0 0.775329 -0.328413 -0.0723225 3.02921e+09
-2.5 1.5 0 0.759986 -0.326967 -0.120929 1.35622e+09
-1.5 -1.5 0 0.802083 -0.300874 0.0410296 1.47728e+10
-2 -1 0 0.795344 -0.318295 0.0113861 9.78194e+09
-1.5 -0.5 0 0.784518 -0.304294 -0.0137283 7.01409e+09
-2 0 0 0.779633 -0.317903 -0.0419825 4.63806e+09
-1.5 0.5 0 0.764478 -0.308332 -0.0646389 3.22409e+09
-2 1 0 0.761914 -0.318842 -0.0918373 2.11123e+09
-1.5 1.5 0 0.74403 -0.312549 -0.113596 1.41415e+09
-0.5 -1.5 0 0.796435 -0.265188 0.034348 1.54678e+10
-1 -1 0 0.790071 -0.28698 0.0119237 1.04816e+10
-0.5 -0.5 0 0.771475 -0.277786 -0.0179225 7.17255e+09
-1 0 0 0.76765 -0.294869 -0.03982 4.84461e+09
-0.5 0.5 0 0.745723 -0.288512 -0.0678549 3.24468e+09
-1 1 0 0.744588 -0.301904 -0.0894285 2.16514e+09
-0.5 1.5 0 0.720662 -0.297091 -0.116902 1.40662e+09
0.5 -1.5 0 0.781479 -0.229359 0.0144455 1.50168e+10
0 -1 0 0.77605 -0.256272 0.000418926 1.04626e+10
0.5 -0.5 0 0.749798 -0.250297 -0.0348864 6.89666e+09
0 0 0 0.747441 -0.271603 -0.0494572 4.77261e+09
0.5 0.5 0 0.719133 -0.266505 -0.0832563 3.10378e+09
0 1 0 0.719671 -0.28348 -0.098405 2.11465e+09
0.5 1.5 0 0.690181 -0.278059 -0.131644 1.34063e+09
1.5 -1.5 0 0.756522 -0.190472 -0.0203563 1.35952e+10
1 -1 0 0.752847 -0.223593 -0.0248961 9.7842e+09
1.5 -0.5 0 0.71951 -0.21845 -0.065817 6.26978e+09
1 0 0 0.719075 -0.245178 -0.0721409 4.45843e+09
1.5 0.5 0 0.68517 -0.238963 -0.111584 2.83484e+09
1 1 0 0.687542 -0.260637 -0.119536 1.97587e+09
1.5 1.5 0 0.653261 -0.252345 -0.158189 1.22862e+09
2.5 -1.5 0 0.721016 -0.145081 -0.0709679 1.15315e+10
2 -1 0 0.720318 -0.185318 -0.0651285 8.6175e+09
2.5 -0.5 0 0.681062 -0.178514 -0.111321 5.41016e+09
2 0 0 0.683063 -0.211918 -0.10857 3.96672e+09
2.5 0.5 0 0.644762 -0.202415 -0.153156 2.47955e+09
2 1 0 0.649018 -0.230008 -0.153176 1.77212e+09
2.5 1.5 0 0.611006 -0.21688 -0.196621 1.08511e+09
-2.25 -1.25 0.25 0.595521 0.194392 0.0431283 1.36714e+09
-2.25 -0.25 0.25 0.577617 0.220184 -0.0110634 6.85474e+08
-2.25 0.75 0.25 0.562686 0.240722 -0.0622112 3.30682e+08
-1.25 -1.25 0.25 0.606208 0.27979 0.0520112 1.61593e+09
-1.75 -0.75 0.25 0.590704 0.248692 0.0220285 1.05545e+09
-1.25 -0.25 0.25 0.582216 0.298633 -0.000828181 7.85543e+08
-1.75 0.25 0.25 0.571014 0.268958 -0.0300885 5.11997e+08
-1.25 0.75 0.25 0.56332 0.312924 -0.0518236 3.70409e+08
-1.75 1.25 0.25 0.557686 0.283201 -0.0805281 2.38911e+08
-0.25 -1.25 0.25 0.612872 0.363729 0.0454932 1.81032e+09
-0.75 -0.75 0.25 0.596165 0.330201 0.0247346 1.19635e+09
-0.25 -0.25 0.25 0.584903 0.374847 -0.00529762 8.6059e+08
-0.75 0.25 0.25 0.572518 0.343329 -0.0264504 5.67355e+08
-0.25 0.75 0.25 0.563575 0.382547 -0.0552248 3.99489e+08
-0.75 1.25 0.25 0.556656 0.351845 -0.0766869 2.60478e+08
0.75 -1.25 0.25 0.618399 0.440768 0.0195917 1.93159e+09
0.25 -0.75 0.25 0.600296 0.407492 0.010506 1.29457e+09
0.75 -0.25 0.25 0.588275 0.444754 -0.027346 9.05825e+08
0.25 0.25 0.25 0.574276 0.413512 -0.038398 6.04829e+08
0.75 0.75 0.25 0.565502 0.44649 -0.0743892 4.16611e+08
0.25 1.25 0.25 0.556856 0.416496 -0.0870039 2.74854e+08
1.75 -1.25 0.25 0.623308 0.505789 -0.02788 1.96626e+09
1.25 -0.75 0.25 0.605002 0.475799 -0.0233801 1.34267e+09
1.75 -0.25 0.25 0.592912 0.504375 -0.0685534 9.18115e+08
1.25 0.25 0.25 0.577833 0.475911 -0.0678234 6.2255e+08
1.75 0.75 0.25 0.569498 0.501622 -0.110429 4.20944e+08
1.25 1.25 0.25 0.55938 0.474314 -0.112766 2.81498e+08
2.25 -0.75 0.25 0.609263 0.531193 -0.0777991 1.33437e+09
2.25 0.25 0.25 0.582463 0.527279 -0.115421 6.18958e+08
2.25 1.25 0.25 0.563604 0.522563 -0.154523 2.79967e+08
-2.5 -1 0.5 0.796837 -0.265249 0.0449347 5.07105e+09
-2.5 0 0.5 0.786221 -0.258217 -0.00910061 2.46103e+09
-2.5 1 0.5 0.773433 -0.253467 -0.0582338 1.14362e+09
-2 -1.5 0.5 0.803875 -0.245328 0.0755303 7.70622e+09
-1.5 -1 0.5 0.797679 -0.221841 0.0465055 5.63686e+09
-2 -0.5 0.5 0.79167 -0.241951 0.019846 3.74457e+09
-1.5 0 0.5 0.780379 -0.223607 -0.00540337 2.65174e+09
-2 0.5 0.5 0.776551 -0.240029 -0.0308484 1.75398e+09
-1.5 1 0.5 0.76227 -0.225786 -0.0538758 1.20411e+09
-2 1.5 0.5 0.76133 -0.2396 -0.0780281 7.84294e+08
-1 -1.5 0.5 0.804258 -0.197058 0.0702049 8.38964e+09
-0.5 -1 0.5 0.789786 -0.178766 0.0372071 5.82384e+09
-1 -0.5 0.5 0.784809 -0.203472 0.0175088 3.95617e+09
-0.5 0 0.5 0.766478 -0.18908 -0.0124191 2.68764e+09
-1 0.5 0.5 0.764052 -0.209215 -0.031794 1.81399e+09
-0.5 1 0.5 0.743808 -0.197309 -0.0599848 1.20457e+09
-1 1.5 0.5 0.744365 -0.214203 -0.0788233 7.98588e+08
0 -1.5 0.5 0.795235 -0.148489 0.0528798 8.4484e+09
0.5 -1 0.5 0.77273 -0.13433 0.0153069 5.62024e+09
0 -0.5 0.5 0.769417 -0.164463 0.0035499 3.91905e+09
0.5 0 0.5 0.744586 -0.152383 -0.0314292 2.57637e+09
0 0.5 0.5 0.743954 -0.177038 -0.0439423 1.77875e+09
0.5 1 0.5 0.718406 -0.165576 -0.0773791 1.15054e+09
0 1.5 0.5 0.720642 -0.186261 -0.0902575 7.77653e+08
1 -1.5 0.5 0.776158 -0.097617 0.0219064 7.90916e+09
1.5 -1 0.5 0.746362 -0.0856127 -0.0203566 5.09475e+09
1 -0.5 0.5 0.745497 -0.122264 -0.0232588 3.66079e+09
1.5 0 0.5 0.715119 -0.110336 -0.0631817 2.34751e+09
1 0.5 0.5 0.716661 -0.14065 -0.0680747 1.66203e+09
1.5 1 0.5 0.686769 -0.127533 -0.106429 1.05342e+09
1 1.5 0.5 0.690766 -0.153 -0.112712 7.27158e+08
2 -1.5 0.5 0.746551 -0.041592 -0.023762 6.91978e+09
2.5 -1 0.5 0.710787 -0.02956 -0.070381 4.356e+09
2 -0.5 0.5 0.713396 -0.0735652 -0.0636186 3.23974e+09
2.5 0 0.5 0.678833 -0.0597973 -0.108001 2.03977e+09
2 0.5 0.5 0.682944 -0.0968251 -0.10455 1.48535e+09
2.5 1 0.5 0.649913 -0.0803192 -0.147206 9.2679e+08
2 1.5 0.5 0.655674 -0.111515 -0.146253 6.54757e+08
-2.25 -0.75 0.75 0.603712 0.258415 0.1151 6.51627e+08
-2.25 0.25 0.75 0.598859 0.280859 0.0613891 3.26151e+08
-2.25 1.25 0.75 0.600115 0.29552 0.0110666 1.57007e+08
-1.75 -1.25 0.75 0.612894 0.28953 0.14576 9.98181e+08
-1.25 -0.75 0.75 0.611599 0.341925 0.117081 7.62871e+08
-1.75 -0.25 0.75 0.604134 0.310394 0.0907971 5.00463e+08
-1.25 0.25 0.75 0.602044 0.355849 0.0644132 3.71167e+08
-1.75 0.75 0.75 0.59928 0.325401 0.0390567 2.42593e+08
-1.25 1.25 0.75 0.600176 0.363178 0.0143335 1.7494e+08
-0.75 -1.25 0.75 0.621034 0.375874 0.139065 1.1558e+09
-0.25 -0.75 0.75 0.615646 0.420774 0.103315 8.48031e+08
-0.75 -0.25 0.75 0.607644 0.387514 0.0862304 5.63153e+08
-0.25 0.25 0.75 0.603357 0.42602 0.0529428 4.04151e+08
-0.75 0.75 0.75 0.599899 0.394429 0.0355786 2.67314e+08
-0.25 1.25 0.75 0.599723 0.426249 0.00438471 1.87726e+08
0.25 -1.25 0.75 0.625731 0.455639 0.114156 1.26736e+09
0.75 -0.75 0.75 0.618589 0.4914 0.070999 8.98261e+08
0.25 -0.25 0.75 0.609787 0.45834 0.0652369 6.05309e+08
0.75 0.25 0.75 0.604966 0.488994 0.0250811 4.22673e+08
0.25 0.75 0.75 0.600475 0.457725 0.0173816 2.83351e+08
0.75 1.25 0.75 0.600279 0.483098 -0.020015 1.94667e+08
1.25 -1.25 0.75 0.628955 0.52482 0.0685478 1.3188e+09
1.75 -0.75 0.75 0.621021 0.550881 0.0188756 9.07982e+08
1.25 -0.25 0.75 0.612203 0.520137 0.0260906 6.23409e+08
1.75 0.25 0.75 0.607265 0.542689 -0.0200698 4.25429e+08
1.25 0.75 0.75 0.602131 0.51341 -0.0166836 2.89782e+08
1.75 1.25 0.75 0.601957 0.532175 -0.0594913 1.95429e+08
2.25 -1.25 0.75 0.62953 0.580828 0.00193703 1.30051e+09
2.25 -0.25 0.75 0.614074 0.570839 -0.0315549 6.1536e+08
2.25 0.75 0.75 0.604141 0.559846 -0.0669438 2.86144e+08
-2.5 -1.5 1 0.813231 -0.203305 0.128427 4.20369e+09
-2.5 -0.5 1 0.808603 -0.193445 0.0715311 2.10537e+09
-2.5 0.5 1 0.800369 -0.185433 0.0204461 1.0116e+09
-2.5 1.5 1 0.791935 -0.179799 -0.0259258 4.64228e+08
-1.5 -1.5 1 0.81954 -0.142896 0.122145 4.7622e+09
-2 -1 1 0.813947 -0.170578 0.0982685 3.1833e+09
-1.5 -0.5 1 0.807727 -0.143205 0.0686718 2.30192e+09
-2 0 1 0.803822 -0.166216 0.0457119 1.53509e+09
-1.5 0.5 1 0.793801 -0.143775 0.0194539 1.07709e+09
-2 1 1 0.792379 -0.163218 -0.00233697 7.12882e+08
-1.5 1.5 1 0.780869 -0.144767 -0.0264038 4.84697e+08
-0.5 -1.5 1 0.815966 -0.0822249 0.104573 4.98158e+09
-1 -1 1 0.811859 -0.115537 0.0885875 3.4097e+09
-0.5 -0.5 1 0.798008 -0.0931328 0.0549866 2.35345e+09
-1 0 1 0.795788 -0.120712 0.0388072 1.60364e+09
-0.5 0.5 1 0.779474 -0.101892 0.00802044 1.0844e+09
-1 1 1 0.779792 -0.125052 -0.00793021 7.31678e+08
-0.5 1.5 1 0.763033 -0.108608 -0.0368691 4.82925e+08
0.5 -1.5 1 0.801651 -0.0203055 0.0742169 4.82855e+09
0 -1 1 0.800116 -0.060022 0.0671299 3.40109e+09
0.5 -0.5 1 0.779262 -0.0413627 0.0293266 2.2617e+09
0 0 1 0.779446 -0.0743468 0.0207209 1.57981e+09
0.5 0.5 1 0.75761 -0.0574924 -0.0145976 1.03773e+09
0 1 1 0.7601 -0.0851728 -0.0240873 7.1532e+08
0.5 1.5 1 0.738859 -0.0689195 -0.0576726 4.61209e+08
1.5 -1.5 1 0.775993 0.0451598 0.030177 4.35885e+09
1 -1 1 0.778375 -0.0018478 0.0328556 3.17606e+09
1.5 -0.5 1 0.751603 0.0149995 -0.00890289 2.0537e+09
1 0 1 0.75499 -0.0244699 -0.0092196 1.47544e+09
1.5 0.5 1 0.728724 -0.00759275 -0.0486709 9.48042e+08
1 1 1 0.733787 -0.0408575 -0.0511172 6.69123e+08
1.5 1.5 1 0.709029 -0.0229311 -0.088787 4.23656e+08
2.5 -1.5 1 0.738577 0.116574 -0.027858 3.67948e+09
2 -1 1 0.746578 0.0618523 -0.0147244 2.78996e+09
2.5 -0.5 1 0.715414 0.0787962 -0.0598504 1.768e+09
2 0 1 0.722919 0.031992 -0.0512407 1.31164e+09
2.5 0.5 1 0.69356 0.0505523 -0.0941491 8.29009e+08
2 1 1 0.701594 0.0107619 -0.0889878 6.00756e+08
2.5 1.5 1 0.674406 0.0317632 -0.129965 3.75038e+08
-2.25 -1.25 1.25 0.643612 0.250716 0.242911 6.2769e+08
-2.25 -0.25 1.25 0.649154 0.275944 0.185106 3.26753e+08
-2.25 0.75 1.25 0.656157 0.294271 0.130835 1.6388e+08
-1.25 -1.25 1.25 0.650882 0.343517 0.236612 7.53079e+08
-1.75 -0.75 1.25 0.649563 0.308216 0.212839 4.97545e+08
-1.25 -0.25 1.25 0.651198 0.358179 0.180939 3.79153e+08
-1.75 0.25 1.25 0.652664 0.325457 0.157508 2.50148e+08
-1.25 0.75 1.25 0.654779 0.366841 0.127827 1.85272e+08
-1.75 1.25 1.25 0.66137 0.334394 0.105041 1.21774e+08
-0.25 -1.25 1.25 0.652173 0.430682 0.213237 8.52821e+08
-0.75 -0.75 1.25 0.65116 0.393102 0.200021 5.70743e+08
-0.25 -0.25 1.25 0.649615 0.434427 0.161381 4.18351e+08
-0.75 0.25 1.25 0.651144 0.399971 0.146953 2.79532e+08
-0.25 0.75 1.25 0.651531 0.433677 0.111017 2.00558e+08
-0.75 1.25 1.25 0.657853 0.399993 0.096042 1.33461e+08
0.75 -1.25 1.25 0.650508 0.508691 0.170008 9.12183e+08
0.25 -0.75 1.25 0.64959 0.470632 0.169674 6.20846e+08
0.75 -0.25 1.25 0.646888 0.502614 0.124616 4.4005e+08
0.25 0.25 1.25 0.648181 0.467737 0.120981 2.98534e+08
0.75 0.75 1.25 0.648196 0.493638 0.0792764 2.08502e+08
0.25 1.25 1.25 0.653992 0.459674 0.0734781 1.40715e+08
1.75 -1.25 1.25 0.646646 0.575108 0.106046 9.21076e+08
1.25 -0.75 1.25 0.646783 0.538449 0.120261 6.41402e+08
1.75 -0.25 1.25 0.643636 0.561252 0.0700064 4.41873e+08
1.25 0.25 1.25 0.645162 0.527418 0.0786063 3.05466e+08
1.75 0.75 1.25 0.645056 0.545857 0.0321681 2.08554e+08
1.25 1.25 1.25 0.650603 0.512706 0.0367447 1.43081e+08
2.25 -0.75 1.25 0.642025 0.595147 0.0518694 6.28914e+08
2.25 0.25 1.25 0.641481 0.578085 0.019774 2.99652e+08
2.25 1.25 1.25 0.647043 0.558468 -0.0142602 1.40441e+08
-2.5 -1 1.5 0.83074 -0.138176 0.158208 1.88876e+09
-2.5 0 1.5 0.828514 -0.128432 0.104513 9.40606e+08
-2.5 1 1.5 0.824114 -0.120481 0.055629 4.49701e+08
-2 -1.5 1.5 0.834577 -0.107488 0.181831 2.82984e+09
-1.5 -1 1.5 0.833615 -0.0718846 0.147094 2.10092e+09
-2 -0.5 1.5 0.831122 -0.102552 0.12733 1.41393e+09
-1.5 0 1.5 0.825412 -0.0724011 0.0965512 1.01515e+09
-2 0.5 1.5 0.824583 -0.0983236 0.0773152 6.80035e+08
-1.5 1 1.5 0.816311 -0.0730083 0.0493672 4.7464e+08
-2 1.5 1.5 0.818281 -0.0953232 0.030814 3.14745e+08
-1 -1.5 1.5 0.835612 -0.0354734 0.162859 3.08011e+09
-0.5 -1 1.5 0.826214 -0.00581464 0.124641 2.17131e+09
-1 -0.5 1.5 0.826121 -0.0418853 0.112622 1.49552e+09
-0.5 0 1.5 0.813496 -0.0167326 0.0779117 1.03023e+09
-1 0.5 1.5 0.814928 -0.0470857 0.0652738 7.04639e+08
-0.5 1 1.5 0.801017 -0.0253973 0.0330305 4.75929e+08
-1 1.5 1.5 0.805012 -0.051407 0.0200545 3.21503e+08
0 -1.5 1.5 0.825086 0.0368451 0.131537 3.09842e+09
0.5 -1 1.5 0.807914 0.0612379 0.089949 2.0936e+09
0 -0.5 1.5 0.811394 0.0190247 0.0864673 1.48218e+09
0.5 0 1.5 0.792676 0.0404836 0.0480305 9.88128e+08
0 0.5 1.5 0.79716 0.00490492 0.0425883 6.92002e+08
0.5 1 1.5 0.778449 0.0245639 0.0063972 4.5552e+08
0 1.5 1.5 0.784967 -0.00591441 -0.000558261 3.14086e+08
1 -1.5 1.5 0.80215 0.110912 0.0871854 2.89206e+09
1.5 -1 1.5 0.778396 0.131667 0.0427941 1.89246e+09
1 -0.5 1.5 0.786752 0.0824024 0.0484573 1.38339e+09
1.5 0 1.5 0.763145 0.102006 0.00689915 8.99794e+08
1 0.5 1.5 0.771489 0.0601808 0.00913738 6.47151e+08
1.5 1 1.5 0.749048 0.0795822 -0.0303217 4.17721e+08
1 1.5 1.5 0.758542 0.0436471 -0.0308699 2.94615e+08
2 -1.5 1.5 0.766281 0.189009 0.0298042 2.51578e+09
2.5 -1 1.5 0.737675 0.207935 -0.0165262 1.6093e+09
2 -0.5 1.5 0.752341 0.151028 -0.00128248 1.22102e+09
2.5 0 1.5 0.725362 0.170429 -0.0451178 7.80062e+08
2 0.5 1.5 0.738385 0.12152 -0.0348026 5.7827e+08
2.5 1 1.5 0.713429 0.142014 -0.0766605 3.67779e+08
2 1.5 1.5 0.726322 0.0997502 -0.0704396 2.6603e+08
