449
-2.5 -1 -1.5 0.128651 0.251845 0.54369 3.80515e+10
-2.5 0 -1.5 0.228795 0.258656 0.474549 4.99979e+10
-2.5 1 -1.5 0.34577 0.244657 0.413375 6.2233e+10
-2 -1.5 -1.5 0.108119 0.240433 0.581865 3.27235e+10
-1.5 -1 -1.5 0.165106 0.250061 0.540677 3.68534e+10
-2 -0.5 -1.5 0.191641 0.257811 0.505913 4.33678e+10
-1.5 0 -1.5 0.256056 0.26265 0.46366 4.91409e+10
-2 0.5 -1.5 0.297146 0.25782 0.436091 5.66664e+10
-1.5 1 -1.5 0.363253 0.259837 0.392219 6.22858e+10
-2 1.5 -1.5 0.410943 0.246499 0.373024 6.68858e+10
-1 -1.5 -1.5 0.147325 0.239675 0.57683 3.1111e+10
-0.5 -1 -1.5 0.201253 0.251663 0.527375 3.45671e+10
-1 -0.5 -1.5 0.224741 0.259055 0.494911 4.14303e+10
-0.5 0 -1.5 0.285904 0.270014 0.443327 4.59412e+10
-1 0.5 -1.5 0.320628 0.270098 0.415488 5.45198e+10
-0.5 1 -1.5 0.383865 0.285484 0.359215 5.83752e+10
-1 1.5 -1.5 0.422518 0.274703 0.339695 6.50233e+10
0 -1.5 -1.5 0.18608 0.244627 0.559485 2.89355e+10
0.5 -1 -1.5 0.236684 0.260943 0.500793 3.15128e+10
0 -0.5 -1.5 0.257171 0.265389 0.47234 3.80475e+10
0.5 0 -1.5 0.31427 0.28353 0.410085 4.10748e+10
0 0.5 -1.5 0.348052 0.287258 0.383884 4.96419e+10
0.5 1 -1.5 0.406973 0.309135 0.3178 5.13276e+10
0 1.5 -1.5 0.438896 0.307814 0.29661 5.90003e+10
1 -1.5 -1.5 0.223536 0.257922 0.527748 2.64473e+10
1.5 -1 -1.5 0.269476 0.279385 0.459335 2.80862e+10
1 -0.5 -1.5 0.288713 0.280247 0.43568 3.37797e+10
1.5 0 -1.5 0.339535 0.302292 0.364047 3.51743e+10
1 0.5 -1.5 0.368581 0.306386 0.340586 4.28265e+10
1.5 1 -1.5 0.41262 0.331989 0.265264 4.14988e+10
1 1.5 -1.5 0.452994 0.334335 0.247031 4.82442e+10
2 -1.5 -1.5 0.260736 0.278138 0.481414 2.38547e+10
2.5 -1 -1.5 0.300387 0.304137 0.40428 2.45003e+10
2 -0.5 -1.5 0.313379 0.303044 0.384893 2.90713e+10
2.5 0 -1.5 0.349994 0.326608 0.305641 2.87656e+10
2 0.5 -1.5 0.383039 0.323947 0.287587 3.46737e+10
2.5 1 -1.5 0.416925 0.33288 0.214156 3.07065e+10
2 1.5 -1.5 0.4446 0.343248 0.19305 3.54437e+10
-2.25 -0.75 -1.25 -0.107579 0.431602 0.457343 9.32595e+09
-2.25 0.25 -1.25 -0.0418633 0.503785 0.353886 1.18302e+10
-2.25 1.25 -1.25 0.0442165 0.552718 0.260967 1.36947e+10
-1.75 -1.25 -1.25 -0.124665 0.369505 0.514154 7.96416e+09
-1.25 -0.75 -1.25 -0.102844 0.382745 0.466134 8.72316e+09
-1.75 -0.25 -1.25 -0.0805807 0.446487 0.408808 1.0285e+10
-1.25 0.25 -1.25 -0.0579849 0.457634 0.356729 1.11102e+10
-1.75 0.75 -1.25 -0.0179263 0.510411 0.303863 1.26622e+10
-1.25 1.25 -1.25 -0.00537976 0.515335 0.253058 1.28259e+10
-0.75 -1.25 -1.25 -0.108039 0.3202 0.521534 7.36559e+09
-0.25 -0.75 -1.25 -0.0919029 0.327488 0.470174 7.9137e+09
-0.75 -0.25 -1.25 -0.0837235 0.392067 0.414638 9.42498e+09
-0.25 0.25 -1.25 -0.0697402 0.398445 0.360088 9.86681e+09
-0.75 0.75 -1.25 -0.0435434 0.462809 0.30323 1.15323e+10
-0.25 1.25 -1.25 -0.0352821 0.459612 0.250475 1.11526e+10
0.25 -1.25 -1.25 -0.0831464 0.270824 0.520098 6.66941e+09
0.75 -0.75 -1.25 -0.0700426 0.27298 0.465315 6.97529e+09
0.25 -0.25 -1.25 -0.0794355 0.331524 0.416016 8.3083e+09
0.75 0.25 -1.25 -0.0698087 0.329436 0.360518 8.34989e+09
0.25 0.75 -1.25 -0.0589005 0.392763 0.306253 9.77526e+09
0.75 1.25 -1.25 -0.0451474 0.366802 0.255115 8.81371e+09
1.25 -1.25 -1.25 -0.0503893 0.228998 0.506049 5.92641e+09
1.75 -0.75 -1.25 -0.0399243 0.227983 0.447644 5.98667e+09
1.25 -0.25 -1.25 -0.0593151 0.268156 0.409754 7.03892e+09
1.75 0.25 -1.25 -0.049911 0.251343 0.355004 6.67494e+09
1.25 0.75 -1.25 -0.0504379 0.315343 0.304156 7.80699e+09
1.75 1.25 -1.25 -0.0152779 0.272698 0.24874 6.54837e+09
2.25 -1.25 -1.25 -0.0063498 0.196251 0.477468 5.17952e+09
2.25 -0.25 -1.25 -0.0322908 0.219237 0.389116 5.74711e+09
2.25 0.75 -1.25 -0.0285875 0.215727 0.300857 5.73737e+09
-2.5 -1.5 -1 0.102243 0.247547 0.570761 2.69562e+10
-2.5 -0.5 -1 0.188896 0.261005 0.495686 3.36714e+10
-2.5 0.5 -1 0.291936 0.255449 0.428524 4.01118e+10
-2.5 1.5 -1 0.397502 0.23478 0.375315 4.09996e+10
-1.5 -1.5 -1 0.143504 0.247861 0.570451 2.60823e+10
-2 -1 -1 0.162073 0.256368 0.531821 2.99304e+10
-1.5 -0.5 -1 0.222644 0.262688 0.48871 3.31968e+10
-2 0 -1 0.252822 0.262757 0.456213 3.73722e+10
-1.5 0.5 -1 0.31379 0.263951 0.412984 4.03628e+10
-2 1 -1 0.353276 0.251508 0.390793 4.23431e+10
-1.5 1.5 -1 0.407886 0.2547 0.349474 4.18565e+10
-0.5 -1.5 -1 0.183572 0.251206 0.559387 2.46151e+10
-1 -1 -1 0.199574 0.257733 0.523689 2.87157e+10
-0.5 -0.5 -1 0.256676 0.268226 0.47185 3.12579e+10
-1 0 -1 0.283091 0.269652 0.440744 3.61645e+10
-0.5 0.5 -1 0.341519 0.280381 0.3874 3.79884e+10
-1 1 -1 0.370501 0.27088 0.364894 4.14136e+10
-0.5 1.5 -1 0.423834 0.285593 0.31253 3.96799e+10
0.5 -1.5 -1 0.222574 0.262355 0.534644 2.26852e+10
0 -1 -1 0.236518 0.265403 0.503593 2.66087e+10
0.5 -0.5 -1 0.290029 0.281918 0.442031 2.81949e+10
0 0 -1 0.313433 0.281968 0.414131 3.31273e+10
0.5 0.5 -1 0.367638 0.298365 0.351245 3.35892e+10
0 1 -1 0.397017 0.297055 0.32903 3.76798e+10
0.5 1.5 -1 0.442555 0.315815 0.267711 3.43508e+10
1.5 -1.5 -1 0.260269 0.282923 0.49515 2.05142e+10
1 -1 -1 0.271143 0.281441 0.469329 2.39172e+10
1.5 -0.5 -1 0.318698 0.301184 0.398736 2.44856e+10
1 0 -1 0.342609 0.300396 0.375002 2.88209e+10
1.5 0.5 -1 0.390516 0.31845 0.304109 2.77774e+10
1 1 -1 0.412171 0.316935 0.284158 3.17613e+10
1.5 1.5 -1 0.437459 0.343883 0.210183 2.65268e+10
2.5 -1.5 -1 0.299334 0.302934 0.442888 1.82321e+10
2 -1 -1 0.303406 0.306941 0.420819 2.0932e+10
2.5 -0.5 -1 0.342435 0.331349 0.341774 2.04476e+10
2 0 -1 0.361484 0.319788 0.324066 2.38408e+10
2.5 0.5 -1 0.393725 0.33192 0.248498 2.1441e+10
2 1 -1 0.426108 0.331553 0.232107 2.43381e+10
2.5 1.5 -1 0.444074 0.318982 0.170033 1.78761e+10
-2.25 -1.25 -0.75 -0.170771 0.422883 0.488459 6.53563e+09
-2.25 -0.25 -0.75 -0.122594 0.497055 0.382247 7.95463e+09
-2.25 0.75 -0.75 -0.0483332 0.543953 0.286546 8.84957e+09
-1.25 -1.25 -0.75 -0.162686 0.371398 0.501943 6.10682e+09
-1.75 -0.75 -0.75 -0.152098 0.436193 0.441221 7.03706e+09
-1.25 -0.25 -0.75 -0.131489 0.441997 0.39156 7.4354e+09
-1.75 0.25 -0.75 -0.0988898 0.498143 0.334724 8.35047e+09
-1.25 0.75 -0.75 -0.0809897 0.49308 0.287502 8.34208e+09
-1.75 1.25 -0.75 -0.0316401 0.529201 0.246868 8.56311e+09
-0.25 -1.25 -0.75 -0.144199 0.314357 0.510011 5.55141e+09
-0.75 -0.75 -0.75 -0.147656 0.376534 0.452111 6.45165e+09
-0.25 -0.25 -0.75 -0.134197 0.376213 0.400177 6.63155e+09
-0.75 0.25 -0.75 -0.115331 0.439001 0.341415 7.59104e+09
-0.25 0.75 -0.75 -0.101921 0.42792 0.292056 7.27137e+09
-0.75 1.25 -0.75 -0.0701239 0.470121 0.245598 7.75745e+09
0.75 -1.25 -0.75 -0.11665 0.259089 0.508219 4.92618e+09
0.25 -0.75 -0.75 -0.130814 0.313121 0.45726 5.72165e+09
0.75 -0.25 -0.75 -0.117366 0.304339 0.403718 5.6642e+09
0.25 0.25 -0.75 -0.124314 0.364649 0.349126 6.50272e+09
0.75 0.75 -0.75 -0.116239 0.338615 0.299698 5.89936e+09
0.25 1.25 -0.75 -0.0877523 0.390665 0.247846 6.36875e+09
1.75 -1.25 -0.75 -0.074072 0.214811 0.492159 4.28186e+09
1.25 -0.75 -0.75 -0.105348 0.252027 0.452683 4.8997e+09
1.75 -0.25 -0.75 -0.0946975 0.232696 0.398195 4.61417e+09
1.25 0.25 -0.75 -0.102118 0.277875 0.35267 5.26164e+09
1.75 0.75 -0.75 -0.0820637 0.228892 0.302813 4.42747e+09
1.25 1.25 -0.75 -0.0797904 0.299123 0.243738 4.81198e+09
2.25 -0.75 -0.75 -0.0591962 0.207735 0.431472 4.07791e+09
2.25 0.25 -0.75 -0.0805083 0.195354 0.344887 3.99294e+09
2.25 1.25 -0.75 -0.0341096 0.161283 0.241635 3.26554e+09
-2.5 -1 -0.5 0.153986 0.260312 0.521986 2.23008e+10
-2.5 0 -0.5 0.243798 0.260306 0.450456 2.54874e+10
-2.5 1 -0.5 0.343685 0.247344 0.39155 2.57789e+10
-2 -1.5 -0.5 0.135918 0.254372 0.561979 2.02441e+10
-1.5 -1 -0.5 0.19406 0.262193 0.518361 2.19014e+10
-2 -0.5 -0.5 0.215594 0.263498 0.482483 2.41246e+10
-1.5 0 -0.5 0.274296 0.264465 0.439589 2.57056e+10
-2 0.5 -0.5 0.303117 0.257606 0.412276 2.67245e+10
-1.5 1 -0.5 0.352831 0.258415 0.371477 2.64811e+10
-2 1.5 -0.5 0.39118 0.255173 0.3554 2.43156e+10
-1 -1.5 -0.5 0.178209 0.257188 0.556521 1.94325e+10
-0.5 -1 -0.5 0.232689 0.267304 0.504631 2.07616e+10
-1 -0.5 -0.5 0.251502 0.267351 0.47098 2.34461e+10
-0.5 0 -0.5 0.306827 0.275221 0.418765 2.43459e+10
-1 0.5 -0.5 0.328743 0.269659 0.392331 2.62386e+10
-0.5 1 -0.5 0.379102 0.28054 0.34218 2.51557e+10
-1 1.5 -0.5 0.402995 0.273076 0.326986 2.43782e+10
0 -1.5 -0.5 0.219462 0.264834 0.539081 1.81527e+10
0.5 -1 -0.5 0.270548 0.280399 0.477638 1.89424e+10
0 -0.5 -0.5 0.28695 0.280217 0.447323 2.16805e+10
0.5 0 -0.5 0.338961 0.295488 0.385523 2.17309e+10
0 0.5 -0.5 0.358949 0.286873 0.36274 2.39813e+10
0.5 1 -0.5 0.403131 0.298691 0.304867 2.18606e+10
0 1.5 -0.5 0.420344 0.30674 0.285646 2.19409e+10
1 -1.5 -0.5 0.258537 0.283769 0.506546 1.65279e+10
1.5 -1 -0.5 0.304017 0.305203 0.435736 1.6712e+10
1 -0.5 -0.5 0.320335 0.296887 0.41148 1.91275e+10
1.5 0 -0.5 0.366727 0.310101 0.342698 1.83013e+10
1 0.5 -0.5 0.386104 0.311521 0.320618 2.03925e+10
1.5 1 -0.5 0.426681 0.328183 0.253272 1.74347e+10
1 1.5 -0.5 0.431102 0.316003 0.241826 1.80659e+10
2 -1.5 -0.5 0.298223 0.307799 0.46063 1.47282e+10
2.5 -1 -0.5 0.339513 0.331461 0.382534 1.42833e+10
2 -0.5 -0.5 0.346027 0.325336 0.361191 1.61363e+10
2.5 0 -0.5 0.382062 0.34263 0.284484 1.44719e+10
2 0.5 -0.5 0.406241 0.317575 0.273274 1.61074e+10
2.5 1 -0.5 0.429726 0.312229 0.205698 1.26314e+10
2 1.5 -0.5 0.440009 0.352492 0.180815 1.29657e+10
-2.25 -0.75 -0.25 -0.187989 0.48256 0.418839 5.25034e+09
-2.25 0.25 -0.25 -0.133633 0.537981 0.31946 5.7101e+09
-2.25 1.25 -0.25 -0.0411772 0.560463 0.247413 5.20421e+09
-1.75 -1.25 -0.25 -0.204198 0.42131 0.480472 4.73778e+09
-1.25 -0.75 -0.25 -0.192811 0.423663 0.433239 4.90681e+09
-1.75 -0.25 -0.25 -0.174324 0.484491 0.372924 5.41434e+09
-1.25 0.25 -0.25 -0.153541 0.473114 0.328865 5.34079e+09
-1.75 0.75 -0.25 -0.115146 0.514959 0.282907 5.50402e+09
-1.25 1.25 -0.25 -0.0898236 0.500502 0.241255 4.92305e+09
-0.75 -1.25 -0.25 -0.195274 0.361614 0.495311 4.34843e+09
-0.25 -0.75 -0.25 -0.182796 0.357126 0.445451 4.39013e+09
-0.75 -0.25 -0.25 -0.180277 0.415455 0.386006 4.91437e+09
-0.25 0.25 -0.25 -0.167866 0.39843 0.339002 4.66642e+09
-0.75 0.75 -0.25 -0.137419 0.449769 0.286482 4.98592e+09
-0.25 1.25 -0.25 -0.119738 0.427444 0.239876 4.23343e+09
0.25 -1.25 -0.25 -0.17201 0.295739 0.504223 3.87141e+09
0.75 -0.75 -0.25 -0.159852 0.283176 0.45186 3.77969e+09
0.25 -0.25 -0.25 -0.167928 0.341819 0.39553 4.26095e+09
0.75 0.25 -0.25 -0.148723 0.314589 0.345841 3.85975e+09
0.25 0.75 -0.25 -0.162308 0.35659 0.29722 4.11633e+09
0.75 1.25 -0.25 -0.165138 0.306364 0.247566 3.27059e+09
1.25 -1.25 -0.25 -0.136033 0.240134 0.500036 3.35685e+09
1.75 -0.75 -0.25 -0.120758 0.225353 0.442823 3.13947e+09
1.25 -0.25 -0.25 -0.144906 0.253876 0.401236 3.49061e+09
1.75 0.25 -0.25 -0.127392 0.203143 0.351544 2.96228e+09
1.25 0.75 -0.25 -0.119929 0.264667 0.294872 3.20757e+09
1.75 1.25 -0.25 -0.103276 0.193514 0.233262 2.3546e+09
2.25 -1.25 -0.25 -0.0818985 0.188479 0.482614 2.81727e+09
2.25 -0.25 -0.25 -0.098355 0.198571 0.38363 2.72697e+09
2.25 0.75 -0.25 -0.107144 0.125385 0.297285 2.23739e+09
-2.5 -1.5 0 0.122719 0.257205 0.55309 1.45605e+10
-2.5 -0.5 0 0.203096 0.262396 0.477436 1.6056e+10
-2.5 0.5 0 0.289891 0.250938 0.415304 1.59e+10
-2.5 1.5 0 0.392962 0.246361 0.372195 1.29846e+10
-1.5 -1.5 0 0.169117 0.261776 0.551952 1.42718e+10
-2 -1 0 0.183479 0.264497 0.512756 1.5411e+10
-1.5 -0.5 0 0.241286 0.265523 0.470285 1.60398e+10
-2 0 0 0.261064 0.258948 0.440054 1.64799e+10
-1.5 0.5 0 0.312889 0.255687 0.401394 1.63943e+10
-2 1 0 0.342465 0.249547 0.382338 1.52893e+10
-1.5 1.5 0 0.396475 0.28012 0.340186 1.38414e+10
-0.5 -1.5 0 0.213163 0.267935 0.540839 1.35558e+10
-1 -1 0 0.22467 0.268055 0.504377 1.49461e+10
-0.5 -0.5 0 0.278524 0.273284 0.453519 1.53189e+10
-1 0 0 0.295806 0.264394 0.425814 1.6258e+10
-0.5 0.5 0 0.347353 0.272134 0.376827 1.56472e+10
-1 1 0 0.363986 0.272027 0.355606 1.53211e+10
-0.5 1.5 0 0.40045 0.294068 0.308666 1.30394e+10
0.5 -1.5 0 0.255158 0.280607 0.516585 1.24994e+10
0 -1 0 0.266308 0.277754 0.484756 1.39353e+10
0.5 -0.5 0 0.317937 0.290575 0.424035 1.38481e+10
0 0 0 0.32982 0.285242 0.397553 1.50283e+10
0.5 0.5 0 0.373124 0.299665 0.339275 1.3781e+10
0 1 0 0.391336 0.287626 0.325166 1.38391e+10
0.5 1.5 0 0.423744 0.323775 0.266054 1.09368e+10
1.5 -1.5 0 0.296152 0.306856 0.476759 1.11949e+10
1 -1 0 0.303483 0.29776 0.450448 1.24777e+10
1.5 -0.5 0 0.348072 0.313548 0.381282 1.18842e+10
1 0 0 0.365753 0.303639 0.360678 1.30021e+10
1.5 0.5 0 0.408846 0.313281 0.296105 1.12571e+10
1 1 0 0.403832 0.324598 0.274665 1.14645e+10
1.5 1.5 0 0.422999 0.358542 0.203287 8.44705e+09
2.5 -1.5 0 0.338354 0.33034 0.425683 9.77354e+09
2 -1 0 0.338946 0.32927 0.40243 1.07505e+10
2.5 -0.5 0 0.377881 0.349132 0.325943 9.68346e+09
2 0 0 0.386279 0.325546 0.310301 1.05207e+10
2.5 0.5 0 0.412732 0.336677 0.236814 8.33559e+09
2 1 0 0.441807 0.324349 0.229798 8.6102e+09
2.5 1.5 0 0.435984 0.392571 0.146112 5.46991e+09
-2.25 -1.25 0.25 -0.235877 0.465329 0.461127 3.43273e+09
-2.25 -0.25 0.25 -0.202452 0.519557 0.361693 3.61011e+09
-2.25 0.75 0.25 -0.128618 0.560024 0.280986 3.3123e+09
-1.25 -1.25 0.25 -0.234155 0.40702 0.479499 3.19814e+09
-1.75 -0.75 0.25 -0.224976 0.464377 0.417898 3.46685e+09
-1.25 -0.25 0.25 -0.215829 0.451417 0.37594 3.38318e+09
-1.75 0.25 0.25 -0.194531 0.505855 0.323762 3.46838e+09
-1.25 0.75 0.25 -0.165999 0.482812 0.286483 3.10837e+09
-1.75 1.25 0.25 -0.112437 0.532263 0.250908 2.92278e+09
-0.25 -1.25 0.25 -0.216686 0.338286 0.49554 2.87308e+09
-0.75 -0.75 0.25 -0.228198 0.399078 0.433666 3.15513e+09
-0.25 -0.25 0.25 -0.213918 0.37992 0.387921 2.97235e+09
-0.75 0.25 0.25 -0.202125 0.42405 0.336111 3.12456e+09
-0.25 0.75 0.25 -0.183361 0.392108 0.293981 2.6564e+09
-0.75 1.25 0.25 -0.15583 0.443931 0.2504 2.6214e+09
0.75 -1.25 0.25 -0.186497 0.269376 0.502751 2.49632e+09
0.25 -0.75 0.25 -0.205943 0.319269 0.447841 2.74621e+09
0.75 -0.25 0.25 -0.187303 0.287496 0.399853 2.47599e+09
0.25 0.25 0.25 -0.200397 0.341664 0.344373 2.64042e+09
0.75 0.75 0.25 -0.184322 0.302229 0.291333 2.13132e+09
0.25 1.25 0.25 -0.180234 0.334851 0.248416 2.10159e+09
1.75 -1.25 0.25 -0.140759 0.212131 0.495608 2.09065e+09
1.25 -0.75 0.25 -0.170719 0.243772 0.450349 2.29528e+09
1.75 -0.25 0.25 -0.149087 0.204642 0.395037 1.95906e+09
1.25 0.25 0.25 -0.160504 0.231028 0.351567 2.0735e+09
1.75 0.75 0.25 -0.130891 0.1602 0.290201 1.55416e+09
1.25 1.25 0.25 -0.176193 0.233247 0.223887 1.55529e+09
2.25 -0.75 0.25 -0.119023 0.191319 0.434052 1.81193e+09
2.25 0.25 0.25 -0.119864 0.154837 0.329186 1.50475e+09
2.25 1.25 0.25 -0.110224 0.0745244 0.201936 1.00124e+09
-2.5 -1 0.5 0.167687 0.264315 0.508222 1.00318e+10
-2.5 0 0.5 0.244709 0.248811 0.44551 9.74038e+09
-2.5 1 0.5 0.344421 0.248181 0.396818 8.05124e+09
-2 -1.5 0.5 0.155234 0.262985 0.547458 9.76121e+09
-1.5 -1 0.5 0.211817 0.266384 0.504814 9.97398e+09
-2 -0.5 0.5 0.225248 0.261632 0.471606 1.01238e+10
-1.5 0 0.5 0.281218 0.260706 0.432338 9.88853e+09
-2 0.5 0.5 0.300946 0.248513 0.411836 9.25827e+09
-1.5 1 0.5 0.356886 0.265485 0.375326 8.44297e+09
-2 1.5 0.5 0.409057 0.296267 0.359886 6.87637e+09
-1 -1.5 0.5 0.202831 0.269918 0.541389 9.45821e+09
-0.5 -1 0.5 0.256742 0.276712 0.490196 9.51384e+09
-1 -0.5 0.5 0.266323 0.266306 0.460224 9.92878e+09
-0.5 0 0.5 0.31867 0.26747 0.413974 9.53479e+09
-1 0.5 0.5 0.336719 0.264161 0.391971 9.27713e+09
-0.5 1 0.5 0.384126 0.281463 0.348031 8.09604e+09
-1 1.5 0.5 0.420669 0.315429 0.328515 7.06162e+09
0 -1.5 0.5 0.24875 0.279114 0.524267 8.86727e+09
0.5 -1 0.5 0.300217 0.288792 0.464916 8.70785e+09
0 -0.5 0.5 0.310015 0.282741 0.436807 9.25648e+09
0.5 0 0.5 0.357926 0.295877 0.379684 8.53181e+09
0 0.5 0.5 0.365645 0.280091 0.363096 8.55129e+09
0.5 1 0.5 0.394437 0.30093 0.307883 6.97197e+09
0 1.5 0.5 0.408346 0.339597 0.289377 6.24669e+09
1 -1.5 0.5 0.293031 0.298818 0.492781 8.02957e+09
1.5 -1 0.5 0.339055 0.316997 0.423589 7.60539e+09
1 -0.5 0.5 0.348477 0.301242 0.402045 8.1584e+09
1.5 0 0.5 0.390714 0.311672 0.337384 7.13514e+09
1 0.5 0.5 0.395286 0.319059 0.317673 7.2298e+09
1.5 1 0.5 0.421804 0.356443 0.24962 5.49888e+09
1 1.5 0.5 0.396891 0.385858 0.223537 5.02118e+09
2 -1.5 0.5 0.336401 0.330413 0.446489 7.03825e+09
2.5 -1 0.5 0.377524 0.354033 0.370416 6.3535e+09
2 -0.5 0.5 0.379712 0.33419 0.35217 6.76736e+09
2.5 0 0.5 0.412662 0.352676 0.278066 5.47598e+09
2 0.5 0.5 0.422657 0.319866 0.269637 5.6356e+09
2.5 1 0.5 0.408508 0.36219 0.183607 3.774e+09
2 1.5 0.5 0.409026 0.430227 0.170554 3.36075e+09
-2.25 -0.75 0.75 -0.246713 0.501138 0.408047 2.27361e+09
-2.25 0.25 0.75 -0.204437 0.538127 0.327175 2.0532e+09
-2.25 1.25 0.75 -0.0770263 0.590084 0.26868 1.56034e+09
-1.75 -1.25 0.75 -0.262045 0.445959 0.466803 2.2044e+09
-1.25 -0.75 0.75 -0.258991 0.433253 0.426509 2.11698e+09
-1.75 -0.25 0.75 -0.238413 0.485355 0.372022 2.15446e+09
-1.25 0.25 0.75 -0.229115 0.464175 0.335993 1.93658e+09
-1.75 0.75 0.75 -0.199809 0.52417 0.296442 1.81867e+09
-1.25 1.25 0.75 -0.136289 0.516976 0.251289 1.44434e+09
-0.75 -1.25 0.75 -0.251133 0.382656 0.485324 2.00855e+09
-0.25 -0.75 0.75 -0.243612 0.362057 0.44118 1.87614e+09
-0.75 -0.25 0.75 -0.255784 0.411863 0.386564 1.94208e+09
-0.25 0.25 0.75 -0.228515 0.372236 0.346861 1.65905e+09
-0.75 0.75 0.75 -0.211175 0.423872 0.300207 1.6155e+09
-0.25 1.25 0.75 -0.2085 0.411718 0.241442 1.22584e+09
0.25 -1.25 0.75 -0.227877 0.305198 0.501372 1.75889e+09
0.75 -0.75 0.75 -0.211819 0.272142 0.454256 1.57885e+09
0.25 -0.25 0.75 -0.232803 0.324975 0.398138 1.6515e+09
0.75 0.25 0.75 -0.213888 0.283312 0.347207 1.34023e+09
0.25 0.75 0.75 -0.221639 0.308118 0.304621 1.34226e+09
0.75 1.25 0.75 -0.235972 0.270146 0.22826 9.3935e+08
1.25 -1.25 0.75 -0.185682 0.233609 0.504767 1.48174e+09
1.75 -0.75 0.75 -0.164912 0.201658 0.447229 1.26393e+09
1.25 -0.25 0.75 -0.186483 0.216957 0.405345 1.33159e+09
1.75 0.25 0.75 -0.157172 0.152816 0.341227 1.02063e+09
1.25 0.75 0.75 -0.203215 0.219711 0.282675 1.00756e+09
1.75 1.25 0.75 -0.197291 0.144297 0.191354 6.45658e+08
2.25 -1.25 0.75 -0.129559 0.176804 0.490882 1.18205e+09
2.25 -0.25 0.75 -0.138937 0.165003 0.377507 9.78426e+08
2.25 0.75 0.75 -0.150853 0.0686491 0.255891 6.81713e+08
-2.5 -1.5 1 0.136709 0.259547 0.544683 6.19985e+09
-2.5 -0.5 1 0.210032 0.255572 0.47599 5.94075e+09
-2.5 0.5 1 0.287738 0.228203 0.432382 4.8598e+09
-2.5 1.5 1 0.483986 0.265781 0.40456 3.17111e+09
-1.5 -1.5 1 0.188748 0.267766 0.542935 6.17318e+09
-2 -1 1 0.195974 0.262826 0.50671 6.19869e+09
-1.5 -0.5 1 0.250298 0.260434 0.468471 5.9758e+09
-2 0 1 0.260823 0.248742 0.444765 5.5907e+09
-1.5 0.5 1 0.327603 0.267587 0.406929 5.00994e+09
-2 1 1 0.36783 0.255422 0.401177 4.17965e+09
-1.5 1.5 1 0.494903 0.345442 0.360671 3.40728e+09
-0.5 -1.5 1 0.23857 0.278159 0.530938 5.89686e+09
-1 -1 1 0.242481 0.271743 0.497481 6.05245e+09
-0.5 -0.5 1 0.296909 0.276755 0.449767 5.71672e+09
-1 0 1 0.308295 0.264676 0.427763 5.51997e+09
-0.5 0.5 1 0.36741 0.278456 0.386039 4.89136e+09
-1 1 1 0.413806 0.313432 0.36445 4.29437e+09
-0.5 1.5 1 0.46757 0.380226 0.326662 3.1514e+09
0.5 -1.5 1 0.287244 0.29279 0.506957 5.42961e+09
0 -1 1 0.291921 0.286267 0.476686 5.67024e+09
0.5 -0.5 1 0.344299 0.294081 0.421711 5.20871e+09
0 0 1 0.352794 0.279448 0.402961 5.15144e+09
0.5 0.5 1 0.390987 0.294044 0.351569 4.28328e+09
0 1 1 0.405075 0.322224 0.333635 3.87092e+09
0.5 1.5 1 0.443992 0.445693 0.258219 2.66199e+09
1.5 -1.5 1 0.334875 0.318556 0.468571 4.80731e+09
1 -1 1 0.337888 0.303209 0.445264 5.05403e+09
1.5 -0.5 1 0.383533 0.316346 0.380699 4.4376e+09
1 0 1 0.38832 0.315697 0.36131 4.46042e+09
1.5 0.5 1 0.423032 0.354989 0.294518 3.4709e+09
1 1 1 0.406874 0.365242 0.27738 3.17319e+09
1.5 1.5 1 0.411901 0.463717 0.193188 1.94285e+09
2.5 -1.5 1 0.379264 0.356326 0.41522 4.09514e+09
2 -1 1 0.378866 0.339458 0.397099 4.2813e+09
2.5 -0.5 1 0.415789 0.365516 0.322766 3.51238e+09
2 0 1 0.420466 0.332192 0.311963 3.56841e+09
2.5 0.5 1 0.431428 0.369626 0.231733 2.49022e+09
2 1 1 0.44424 0.434026 0.21846 2.26985e+09
2.5 1.5 1 0.373308 0.489658 0.074293 1.08105e+09
-2.25 -1.25 1.25 -0.281021 0.482611 0.458018 1.4225e+09
-2.25 -0.25 1.25 -0.244843 0.518917 0.376197 1.26717e+09
-2.25 0.75 1.25 -0.161921 0.558451 0.31441 9.39892e+08
-1.25 -1.25 1.25 -0.275122 0.417518 0.479912 1.32235e+09
-1.75 -0.75 1.25 -0.277311 0.466021 0.424534 1.32545e+09
-1.25 -0.25 1.25 -0.277125 0.445479 0.389232 1.17924e+09
-1.75 0.25 1.25 -0.228585 0.501604 0.344515 1.10633e+09
-1.25 0.75 1.25 -0.199626 0.504418 0.298969 9.01877e+08
-1.75 1.25 1.25 -0.0989232 0.559405 0.281294 7.32768e+08
-0.25 -1.25 1.25 -0.259896 0.34848 0.497165 1.17316e+09
-0.75 -0.75 1.25 -0.269258 0.399372 0.439495 1.19965e+09
-0.25 -0.25 1.25 -0.257039 0.361384 0.400035 1.03126e+09
-0.75 0.25 1.25 -0.275293 0.425084 0.349646 9.83627e+08
-0.25 0.75 1.25 -0.236506 0.379946 0.303253 7.53252e+08
-0.75 1.25 1.25 -0.186956 0.469657 0.252697 6.31292e+08
0.75 -1.25 1.25 -0.224829 0.264697 0.510023 9.90749e+08
0.25 -0.75 1.25 -0.250399 0.31834 0.452055 1.02888e+09
0.75 -0.25 1.25 -0.233159 0.269705 0.404949 8.33333e+08
0.25 0.25 1.25 -0.247379 0.292978 0.361894 8.22647e+08
0.75 0.75 1.25 -0.251732 0.26315 0.285768 5.90162e+08
0.25 1.25 1.25 -0.244215 0.333959 0.230958 5.10547e+08
1.75 -1.25 1.25 -0.169614 0.193226 0.504823 8.01174e+08
1.25 -0.75 1.25 -0.200369 0.212841 0.460478 8.3694e+08
1.75 -0.25 1.25 -0.172129 0.156668 0.394375 6.45484e+08
1.25 0.25 1.25 -0.216759 0.204558 0.342655 6.33183e+08
1.75 0.75 1.25 -0.20284 0.126299 0.245641 4.07424e+08
1.25 1.25 1.25 -0.247841 0.208451 0.177712 3.84635e+08
2.25 -0.75 1.25 -0.146983 0.165193 0.433106 6.23006e+08
2.25 0.25 1.25 -0.166191 0.0929477 0.300199 4.3651e+08
2.25 1.25 1.25 -0.327382 0.0412108 0.0918608 1.67013e+08
-2.5 -1 1.5 0.181682 0.257238 0.511029 3.57619e+09
-2.5 0 1.5 0.254786 0.224251 0.465716 2.93915e+09
-2.5 1 1.5 0.462624 0.265988 0.432579 1.92153e+09
-2 -1.5 1.5 0.173955 0.261716 0.546074 3.75458e+09
-1.5 -1 1.5 0.228782 0.264486 0.506813 3.60193e+09
-2 -0.5 1.5 0.236526 0.248294 0.481057 3.36014e+09
-1.5 0 1.5 0.298162 0.257874 0.445839 2.991e+09
-2 0.5 1.5 0.323242 0.252265 0.431529 2.54376e+09
-1.5 1 1.5 0.415384 0.335753 0.38209 2.02592e+09
-2 1.5 1.5 0.543677 0.245797 0.41235 1.23017e+09
-1 -1.5 1.5 0.225232 0.270767 0.540234 3.68563e+09
-0.5 -1 1.5 0.279076 0.280193 0.490788 3.44753e+09
-1 -0.5 1.5 0.283047 0.272986 0.464178 3.29757e+09
-0.5 0 1.5 0.346432 0.302217 0.41603 2.87317e+09
-1 0.5 1.5 0.381868 0.300024 0.404449 2.51124e+09
-0.5 1 1.5 0.457474 0.356128 0.375267 1.87933e+09
-1 1.5 1.5 0.447553 0.388325 0.362372 1.32098e+09
0 -1.5 1.5 0.278642 0.289481 0.520029 3.45051e+09
0.5 -1 1.5 0.333394 0.301609 0.46297 3.1508e+09
0 -0.5 1.5 0.335892 0.289796 0.441102 3.08878e+09
0.5 0 1.5 0.387097 0.292311 0.394668 2.58431e+09
0 0.5 1.5 0.406805 0.313914 0.377736 2.31337e+09
0.5 1 1.5 0.448436 0.411673 0.320904 1.60434e+09
0 1.5 1.5 0.498825 0.419161 0.285364 1.08738e+09
1 -1.5 1.5 0.331116 0.311548 0.488607 3.10272e+09
1.5 -1 1.5 0.381819 0.320612 0.426138 2.72152e+09
1 -0.5 1.5 0.384691 0.317313 0.405362 2.70155e+09
1.5 0 1.5 0.427881 0.35853 0.339877 2.12846e+09
1 0.5 1.5 0.415377 0.355012 0.326306 1.93817e+09
1.5 1 1.5 0.443343 0.472956 0.245235 1.23493e+09
1 1.5 1.5 0.448643 0.477479 0.194374 8.84574e+08
2 -1.5 1.5 0.380869 0.340864 0.442941 2.67582e+09
2.5 -1 1.5 0.421414 0.373339 0.367652 2.20946e+09
2 -0.5 1.5 0.424452 0.341047 0.35732 2.20974e+09
2.5 0 1.5 0.446959 0.387079 0.277751 1.58365e+09
2 0.5 1.5 0.46555 0.448531 0.26564 1.44885e+09
2.5 1 1.5 0.436839 0.480466 0.132752 7.16863e+08
2 1.5 1.5 0.354772 0.506631 0.116428 5.89179e+08
