449
-2.5 -1 -1.5 -0.685884 -0.493679 -0.112773 1.57316e+09
-2.5 0 -1.5 -0.677469 -0.523346 -0.087455 2.81937e+09
-2.5 1 -1.5 -0.653847 -0.564684 -0.0562609 4.58863e+09
-2 -1.5 -1.5 -0.712225 -0.452655 -0.0833477 1.25011e+09
-1.5 -1 -1.5 -0.739419 -0.426119 -0.0312007 1.88528e+09
-2 -0.5 -1.5 -0.717794 -0.468079 -0.0578629 2.38813e+09
-1.5 0 -1.5 -0.748891 -0.43586 -0.00206982 3.56761e+09
-2 0.5 -1.5 -0.713881 -0.492565 -0.0290064 4.22289e+09
-1.5 1 -1.5 -0.748649 -0.453789 0.0304329 6.17864e+09
-2 1.5 -1.5 -0.694656 -0.528287 0.0057764 6.67299e+09
-1 -1.5 -1.5 -0.747798 -0.395185 -0.00924406 1.40498e+09
-0.5 -1 -1.5 -0.769957 -0.362735 0.0395433 2.06853e+09
-1 -0.5 -1.5 -0.765762 -0.393462 0.0213045 2.79879e+09
-0.5 0 -1.5 -0.790264 -0.353861 0.0736729 4.07302e+09
-1 0.5 -1.5 -0.77813 -0.396147 0.054087 5.21821e+09
-0.5 1 -1.5 -0.803966 -0.348405 0.110107 7.41933e+09
-1 1.5 -1.5 -0.780059 -0.406434 0.0902642 8.75241e+09
0 -1.5 -1.5 -0.765927 -0.340519 0.0521995 1.46239e+09
0.5 -1 -1.5 -0.783002 -0.302754 0.0962211 2.09287e+09
0 -0.5 -1.5 -0.79046 -0.323904 0.0878057 2.98655e+09
0.5 0 -1.5 -0.807976 -0.278136 0.135164 4.20748e+09
0 0.5 -1.5 -0.811502 -0.306788 0.12548 5.77596e+09
0.5 1 -1.5 -0.827501 -0.252351 0.176441 7.91752e+09
0 1.5 -1.5 -0.824228 -0.292838 0.165563 1.01544e+10
1 -1.5 -1.5 -0.771487 -0.287048 0.0992659 1.42314e+09
1.5 -1 -1.5 -0.783327 -0.244351 0.137734 1.97281e+09
1 -0.5 -1.5 -0.797439 -0.258563 0.139072 2.92423e+09
1.5 0 -1.5 -0.807516 -0.207811 0.180598 3.9659e+09
1 0.5 -1.5 -0.820674 -0.225422 0.181423 5.74454e+09
1.5 1 -1.5 -0.826216 -0.166675 0.226591 7.53514e+09
1 1.5 -1.5 -0.835756 -0.191731 0.226393 1.0383e+10
2 -1.5 -1.5 -0.768231 -0.232741 0.131822 1.30715e+09
2.5 -1 -1.5 -0.774406 -0.185359 0.164563 1.7502e+09
2 -0.5 -1.5 -0.791279 -0.19544 0.174712 2.65709e+09
2.5 0 -1.5 -0.793251 -0.140751 0.210327 3.45479e+09
2 0.5 -1.5 -0.811029 -0.151163 0.220893 5.18188e+09
2.5 1 -1.5 -0.805416 -0.0903754 0.260193 6.46662e+09
2 1.5 -1.5 -0.82194 -0.104054 0.270709 9.40018e+09
-2.25 -0.75 -1.25 -0.660361 -0.112844 -0.0454983 4.6419e+08
-2.25 0.25 -1.25 -0.637299 -0.15787 -0.000172349 7.82712e+08
-2.25 1.25 -1.25 -0.5966 -0.210672 0.0592977 1.20187e+09
-1.75 -1.25 -1.25 -0.700359 -0.0445185 -0.0236882 3.94476e+08
-1.25 -0.75 -1.25 -0.72628 -0.00606995 0.0362152 6.02765e+08
-1.75 -0.25 -1.25 -0.692312 -0.0744433 0.018396 7.0969e+08
-1.25 0.25 -1.25 -0.722036 -0.0310789 0.0834183 1.07419e+09
-1.75 0.75 -1.25 -0.674118 -0.113891 0.0695539 1.17967e+09
-1.25 1.25 -1.25 -0.707547 -0.0626383 0.140059 1.74946e+09
-0.75 -1.25 -1.25 -0.746736 0.0477596 0.0501957 4.83565e+08
-0.25 -0.75 -1.25 -0.765043 0.088691 0.105442 7.30064e+08
-0.75 -0.25 -1.25 -0.749701 0.036199 0.0964113 9.12589e+08
-0.25 0.25 -1.25 -0.768919 0.0830367 0.15578 1.36501e+09
-0.75 0.75 -1.25 -0.747678 0.0180921 0.148312 1.60387e+09
-0.25 1.25 -1.25 -0.766762 0.073825 0.211636 2.34801e+09
0.25 -1.25 -1.25 -0.77401 0.128024 0.108942 5.56054e+08
0.75 -0.75 -1.25 -0.785052 0.170129 0.157391 8.25918e+08
0.25 -0.25 -1.25 -0.779451 0.13313 0.159326 1.08969e+09
0.75 0.25 -1.25 -0.788068 0.181734 0.210858 1.60111e+09
0.25 0.75 -1.25 -0.781769 0.135099 0.213128 2.00697e+09
0.75 1.25 -1.25 -0.785632 0.192761 0.267479 2.87688e+09
1.25 -1.25 -1.25 -0.789367 0.196418 0.149919 6.02261e+08
1.75 -0.75 -1.25 -0.793985 0.23895 0.190332 8.75613e+08
1.25 -0.25 -1.25 -0.791099 0.215508 0.203238 1.20826e+09
1.75 0.25 -1.25 -0.790211 0.264681 0.245973 1.73019e+09
1.25 0.75 -1.25 -0.788661 0.234923 0.259333 2.29963e+09
1.75 1.25 -1.25 -0.778738 0.292612 0.304621 3.19434e+09
2.25 -1.25 -1.25 -0.797945 0.254583 0.17302 6.16945e+08
2.25 -0.25 -1.25 -0.792749 0.284613 0.227608 1.24682e+09
2.25 0.75 -1.25 -0.780245 0.317747 0.285675 2.4026e+09
-2.5 -1.5 -1 -0.635267 -0.508269 -0.216357 1.81314e+09
-2.5 -0.5 -1 -0.637337 -0.528931 -0.19782 3.45027e+09
-2.5 0.5 -1 -0.627564 -0.559988 -0.176367 6.1037e+09
-2.5 1.5 -1 -0.600525 -0.602957 -0.149013 9.78927e+09
-1.5 -1.5 -1 -0.677744 -0.467 -0.130286 2.12408e+09
-2 -1 -1 -0.665726 -0.492864 -0.162118 2.79315e+09
-1.5 -0.5 -1 -0.696221 -0.472251 -0.10672 4.25292e+09
-2 0 -1 -0.67273 -0.509533 -0.140497 5.29478e+09
-1.5 0.5 -1 -0.707803 -0.483653 -0.0818755 8.00937e+09
-2 1 -1 -0.668217 -0.535886 -0.116123 9.26854e+09
-1.5 1.5 -1 -0.708007 -0.504006 -0.0544145 1.37787e+10
-0.5 -1.5 -1 -0.700116 -0.427 -0.0540664 2.29513e+09
-1 -1 -1 -0.703706 -0.445783 -0.0775606 3.20328e+09
-0.5 -0.5 -1 -0.729271 -0.418957 -0.0246732 4.75904e+09
-1 0 -1 -0.726261 -0.445567 -0.0506474 6.38337e+09
-0.5 0.5 -1 -0.755041 -0.41203 0.00560246 9.40537e+09
-1 1 -1 -0.741679 -0.450427 -0.022481 1.18833e+10
-0.5 1.5 -1 -0.772903 -0.40937 0.0371689 1.71697e+10
0.5 -1.5 -1 -0.707862 -0.386346 0.00909813 2.30854e+09
0 -1 -1 -0.721668 -0.400361 -0.0047484 3.37302e+09
0.5 -0.5 -1 -0.742272 -0.367881 0.0438573 4.864e+09
0 0 -1 -0.753691 -0.385787 0.0278948 6.94124e+09
0.5 0.5 -1 -0.77577 -0.34582 0.0797642 9.88857e+09
0 1 -1 -0.781254 -0.371185 0.0615954 1.35228e+10
0.5 1.5 -1 -0.80296 -0.323328 0.117047 1.88183e+10
1.5 -1.5 -1 -0.705765 -0.342883 0.0577542 2.18416e+09
1 -1 -1 -0.725131 -0.35451 0.053672 3.29412e+09
1.5 -0.5 -1 -0.740611 -0.316775 0.0969012 4.59118e+09
1 0 -1 -0.760806 -0.329088 0.0913923 6.85227e+09
1.5 0.5 -1 -0.775605 -0.284056 0.137721 9.37358e+09
1 1 -1 -0.793734 -0.299242 0.13075 1.36641e+10
1.5 1.5 -1 -0.805247 -0.247329 0.18089 1.8151e+10
2.5 -1.5 -1 -0.69717 -0.294805 0.0917327 1.96063e+09
2 -1 -1 -0.718617 -0.305898 0.0968373 3.01736e+09
2.5 -0.5 -1 -0.728424 -0.263218 0.134285 4.05152e+09
2 0 -1 -0.752717 -0.273104 0.138665 6.21758e+09
2.5 0.5 -1 -0.759316 -0.224277 0.179138 8.12581e+09
2 1 -1 -0.784456 -0.233807 0.182974 1.23543e+10
2.5 1.5 -1 -0.784789 -0.180628 0.22745 1.55472e+10
-2.25 -1.25 -0.75 -0.609268 -0.0637378 -0.197815 5.05825e+08
-2.25 -0.25 -0.75 -0.60413 -0.0946571 -0.166372 9.11928e+08
-2.25 0.75 -0.75 -0.589541 -0.132294 -0.12692 1.52489e+09
-1.25 -1.25 -0.75 -0.670095 0.0204316 -0.109714 6.35321e+08
-1.75 -0.75 -0.75 -0.644578 -0.0319372 -0.136302 7.84008e+08
-1.25 -0.25 -0.75 -0.679639 0.00313319 -0.0728525 1.20728e+09
-1.75 0.25 -0.75 -0.645061 -0.059408 -0.0997269 1.40579e+09
-1.25 0.75 -0.75 -0.685015 -0.0192827 -0.0309192 2.14929e+09
-1.75 1.25 -0.75 -0.636769 -0.0909228 -0.0543628 2.3234e+09
-0.25 -1.25 -0.75 -0.711861 0.0971411 -0.0333805 7.48687e+08
-0.75 -0.75 -0.75 -0.699998 0.055144 -0.0500241 9.74985e+08
-0.25 -0.25 -0.75 -0.728281 0.0926196 0.00986948 1.48483e+09
-0.75 0.25 -0.75 -0.713182 0.0419645 -0.00830835 1.84489e+09
-0.25 0.75 -0.75 -0.743335 0.0849525 0.0562447 2.79072e+09
-0.75 1.25 -0.75 -0.721963 0.026195 0.0388602 3.24908e+09
0.75 -1.25 -0.75 -0.740674 0.164755 0.0263435 8.32838e+08
0.25 -0.75 -0.75 -0.735995 0.133157 0.0215765 1.13406e+09
0.75 -0.25 -0.75 -0.757161 0.171457 0.0751054 1.70066e+09
0.25 0.25 -0.75 -0.753244 0.133257 0.0689841 2.23941e+09
0.75 0.75 -0.75 -0.77264 0.177407 0.126346 3.33078e+09
0.25 1.25 -0.75 -0.767528 0.132412 0.119624 4.15866e+09
1.75 -1.25 -0.75 -0.761313 0.222932 0.0674247 8.79642e+08
1.25 -0.75 -0.75 -0.759127 0.200807 0.0743373 1.24049e+09
1.75 -0.25 -0.75 -0.773335 0.238916 0.119729 1.82154e+09
1.25 0.25 -0.75 -0.773377 0.212481 0.126399 2.51545e+09
1.75 0.75 -0.75 -0.782328 0.256563 0.175029 3.64506e+09
1.25 1.25 -0.75 -0.7838 0.225249 0.18131 4.84934e+09
2.25 -0.75 -0.75 -0.774153 0.258462 0.107275 1.28193e+09
2.25 0.25 -0.75 -0.78125 0.279584 0.16226 2.6208e+09
2.25 1.25 -0.75 -0.781563 0.303719 0.221254 5.12051e+09
-2.5 -1 -0.5 -0.593725 -0.551077 -0.292525 4.30222e+09
-2.5 0 -0.5 -0.594159 -0.571848 -0.277067 8.05532e+09
-2.5 1 -0.5 -0.580133 -0.60382 -0.258389 1.39891e+10
-2 -1.5 -0.5 -0.611264 -0.532282 -0.253026 3.36272e+09
-1.5 -1 -0.5 -0.639206 -0.521468 -0.197628 5.16939e+09
-2 -0.5 -0.5 -0.626421 -0.541463 -0.235792 6.67872e+09
-1.5 0 -0.5 -0.659343 -0.52666 -0.177481 1.02623e+10
-2 0.5 -0.5 -0.632188 -0.558596 -0.217744 1.24877e+10
-1.5 1 -0.5 -0.670392 -0.539017 -0.156517 1.91157e+10
-2 1.5 -0.5 -0.624183 -0.586439 -0.196624 2.15211e+10
-1 -1.5 -0.5 -0.637613 -0.508743 -0.164615 3.78342e+09
-0.5 -1 -0.5 -0.661248 -0.492448 -0.110901 5.68211e+09
-1 -0.5 -0.5 -0.667334 -0.50574 -0.14129 7.85552e+09
-0.5 0 -0.5 -0.695398 -0.484338 -0.0844601 1.17746e+10
-1 0.5 -0.5 -0.69221 -0.505823 -0.11802 1.55664e+10
-0.5 1 -0.5 -0.72441 -0.478166 -0.0578635 2.32119e+10
-1 1.5 -0.5 -0.70808 -0.512206 -0.0938585 2.87529e+10
0 -1.5 -0.5 -0.646058 -0.483155 -0.0869253 3.94386e+09
0.5 -1 -0.5 -0.665743 -0.461438 -0.0367161 5.76375e+09
0 -0.5 -0.5 -0.684904 -0.470879 -0.0572428 8.40602e+09
0.5 0 -0.5 -0.708085 -0.443404 -0.00407515 1.22127e+10
0 0.5 -0.5 -0.722855 -0.456567 -0.0275762 1.73462e+10
0.5 1 -0.5 -0.748685 -0.422023 0.0290102 2.49857e+10
0 1.5 -0.5 -0.754791 -0.443232 0.00258075 3.38225e+10
1 -1.5 -0.5 -0.642293 -0.452945 -0.0228238 3.84971e+09
1.5 -1 -0.5 -0.658331 -0.425715 0.0225961 5.45865e+09
1 -0.5 -0.5 -0.685105 -0.434225 0.0125751 8.26331e+09
1.5 0 -0.5 -0.70325 -0.401141 0.0606434 1.1576e+10
1 0.5 -0.5 -0.729848 -0.409651 0.0482825 1.73455e+10
1.5 1 -0.5 -0.748668 -0.369859 0.0997229 2.39311e+10
1 1.5 -0.5 -0.771247 -0.380992 0.0851342 3.49389e+10
2 -1.5 -0.5 -0.63097 -0.416123 0.0263058 3.55431e+09
2.5 -1 -0.5 -0.643267 -0.383282 0.0662094 4.87808e+09
2 -0.5 -0.5 -0.673318 -0.39293 0.0664929 7.55824e+09
2.5 0 -0.5 -0.685829 -0.354674 0.108808 1.01706e+10
2 0.5 -0.5 -0.718715 -0.362357 0.107416 1.57575e+10
2.5 1 -0.5 -0.72945 -0.318954 0.153104 2.06918e+10
2 1.5 -0.5 -0.762439 -0.325298 0.150397 3.18127e+10
-2.25 -0.75 -0.25 -0.571031 -0.101333 -0.323164 1.04497e+09
-2.25 0.25 -0.25 -0.576567 -0.127903 -0.297689 1.867e+09
-2.25 1.25 -0.25 -0.574996 -0.156404 -0.264214 3.08548e+09
-1.75 -1.25 -0.25 -0.598161 -0.0541967 -0.285347 8.58183e+08
-1.25 -0.75 -0.25 -0.63646 -0.0258518 -0.222606 1.33231e+09
-1.75 -0.25 -0.25 -0.614152 -0.0741628 -0.258688 1.6283e+09
-1.25 0.25 -0.25 -0.657952 -0.0432171 -0.191223 2.52379e+09
-1.75 0.75 -0.25 -0.626414 -0.0972106 -0.22821 2.89925e+09
-1.25 1.25 -0.25 -0.676398 -0.0616128 -0.154903 4.47321e+09
-0.75 -1.25 -0.25 -0.648597 0.0172094 -0.192514 1.03422e+09
-0.25 -0.75 -0.25 -0.682906 0.0486954 -0.131544 1.58794e+09
-0.75 -0.25 -0.25 -0.675085 0.00543871 -0.158041 2.05662e+09
-0.25 0.25 -0.25 -0.712831 0.0398204 -0.0922729 3.15527e+09
-0.75 0.75 -0.25 -0.701158 -0.0083095 -0.121329 3.88798e+09
-0.25 1.25 -0.25 -0.74161 0.0305826 -0.0498612 5.9406e+09
0.25 -1.25 -0.25 -0.686106 0.0865493 -0.112951 1.17732e+09
0.75 -0.75 -0.25 -0.716168 0.119332 -0.056813 1.78381e+09
0.25 -0.25 -0.25 -0.716315 0.0824127 -0.0704488 2.42158e+09
0.75 0.25 -0.25 -0.747069 0.118422 -0.00999892 3.66195e+09
0.25 0.75 -0.25 -0.74775 0.0773122 -0.0261225 4.8025e+09
0.75 1.25 -0.25 -0.777164 0.117877 0.0395183 7.22132e+09
1.25 -1.25 -0.25 -0.715422 0.150735 -0.0511099 1.27665e+09
1.75 -0.75 -0.25 -0.740796 0.183204 -0.00209991 1.90236e+09
1.25 -0.25 -0.25 -0.743871 0.153645 -0.00217091 2.67747e+09
1.75 0.25 -0.25 -0.767111 0.189684 0.0503861 3.96642e+09
1.25 0.75 -0.25 -0.772808 0.156781 0.0490654 5.4696e+09
1.75 1.25 -0.25 -0.790846 0.197494 0.106341 8.00853e+09
2.25 -1.25 -0.25 -0.738981 0.207648 -0.00876216 1.32478e+09
2.25 -0.25 -0.25 -0.762229 0.216888 0.0442987 2.79438e+09
2.25 0.75 -0.25 -0.783508 0.227666 0.100669 5.75826e+09
-2.5 -1.5 0 -0.559786 -0.58954 -0.358342 5.55995e+09
-2.5 -0.5 0 -0.566954 -0.60144 -0.346201 1.08346e+10
-2.5 0.5 0 -0.561282 -0.623163 -0.332977 1.98337e+10
-2.5 1.5 0 -0.537859 -0.657414 -0.31509 3.35704e+10
-1.5 -1.5 0 -0.59235 -0.581582 -0.26203 6.52834e+09
-2 -1 0 -0.588611 -0.587595 -0.302185 8.67385e+09
-1.5 -0.5 0 -0.617636 -0.581309 -0.244387 1.34092e+10
-2 0 0 -0.600941 -0.59653 -0.287823 1.69298e+10
-1.5 0.5 0 -0.635254 -0.586434 -0.227375 2.62161e+10
-2 1 0 -0.600912 -0.61496 -0.27238 3.10032e+10
-1.5 1.5 0 -0.6411 -0.600517 -0.209188 4.79213e+10
-0.5 -1.5 0 -0.60271 -0.571674 -0.173324 7.07069e+09
-1 -1 0 -0.61649 -0.574303 -0.205736 9.97544e+09
-0.5 -0.5 0 -0.64088 -0.56221 -0.148816 1.50583e+10
-1 0 0 -0.646891 -0.569977 -0.185285 2.05159e+10
-0.5 0.5 0 -0.676303 -0.55283 -0.125265 3.09916e+10
-1 1 0 -0.66978 -0.570266 -0.165216 4.01193e+10
-0.5 1.5 0 -0.70409 -0.547162 -0.101746 6.04157e+10
0.5 -1.5 0 -0.596952 -0.556526 -0.0965499 7.13413e+09
0 -1 0 -0.62254 -0.55894 -0.119104 1.05363e+10
0.5 -0.5 0 -0.642658 -0.541052 -0.0652429 1.54531e+10
0 0 0 -0.665473 -0.544635 -0.0916727 2.2411e+10
0.5 0.5 0 -0.689971 -0.520959 -0.0346917 3.27754e+10
0 1 0 -0.705524 -0.529135 -0.0647196 4.60507e+10
0.5 1.5 0 -0.733735 -0.49844 -0.00397062 6.6943e+10
1.5 -1.5 0 -0.58089 -0.533491 -0.0343162 6.77876e+09
1 -1 0 -0.613081 -0.538111 -0.0461482 1.03334e+10
1.5 -0.5 0 -0.62932 -0.514306 0.00306669 1.46698e+10
1 0 0 -0.662792 -0.517463 -0.0121168 2.22435e+10
1.5 0.5 0 -0.68225 -0.487881 0.0400177 3.12862e+10
1 1 0 -0.713638 -0.49083 0.0218414 4.6871e+10
1.5 1.5 0 -0.735153 -0.454539 0.077831 6.51026e+10
2.5 -1.5 0 -0.558963 -0.501082 0.0121726 6.11946e+09
2 -1 0 -0.593791 -0.509103 0.0110455 9.52094e+09
2.5 -0.5 0 -0.606174 -0.479278 0.0546717 1.30467e+10
2 0 0 -0.644987 -0.484834 0.0508617 2.03356e+10
2.5 0.5 0 -0.65883 -0.44996 0.0972366 2.73778e+10
2 1 0 -0.699768 -0.452599 0.0911185 4.27387e+10
2.5 1.5 0 -0.713478 -0.412865 0.141404 5.62616e+10
-2.25 -1.25 0.25 -0.56519 -0.260995 -0.4065 1.77815e+09
-2.25 -0.25 0.25 -0.580244 -0.283094 -0.387162 3.36867e+09
-2.25 0.75 0.25 -0.58795 -0.310478 -0.365228 5.98463e+09
-1.25 -1.25 0.25 -0.617135 -0.207359 -0.308391 2.17446e+09
-1.75 -0.75 0.25 -0.60573 -0.244017 -0.345352 2.78508e+09
-1.25 -0.25 0.25 -0.64729 -0.222976 -0.281705 4.33915e+09
-1.75 0.25 0.25 -0.626816 -0.264689 -0.322452 5.27788e+09
-1.25 0.75 0.25 -0.674219 -0.241348 -0.254251 8.23018e+09
-1.75 1.25 0.25 -0.641655 -0.289191 -0.295882 9.3688e+09
-0.25 -1.25 0.25 -0.653183 -0.145357 -0.219711 2.49864e+09
-0.75 -0.75 0.25 -0.654338 -0.183561 -0.246785 3.3661e+09
-0.25 -0.25 0.25 -0.691997 -0.155661 -0.184119 5.17972e+09
-0.75 0.25 0.25 -0.689378 -0.197367 -0.215821 6.72589e+09
-0.25 0.75 0.25 -0.730902 -0.166817 -0.14815 1.0366e+10
-0.75 1.25 0.25 -0.721257 -0.212594 -0.18291 1.2762e+10
0.75 -1.25 0.25 -0.679762 -0.0767986 -0.146531 2.7299e+09
0.25 -0.75 0.25 -0.687322 -0.115416 -0.160872 3.81782e+09
0.75 -0.25 0.25 -0.721065 -0.081759 -0.102575 5.79071e+09
0.25 0.25 0.25 -0.72912 -0.123374 -0.120893 7.9203e+09
0.75 0.75 0.25 -0.764011 -0.0865537 -0.0577276 1.20116e+10
0.25 1.25 0.25 -0.769984 -0.131079 -0.0793302 1.58521e+10
1.75 -1.25 0.25 -0.701341 -0.00599202 -0.092452 2.86143e+09
1.25 -0.75 0.25 -0.710952 -0.0423739 -0.0933094 4.11121e+09
1.75 -0.25 0.25 -0.74046 -0.00492552 -0.0420725 6.12708e+09
1.25 0.25 0.25 -0.752865 -0.0443024 -0.0453898 8.70343e+09
1.75 0.75 0.25 -0.780602 -0.00313874 0.0102555 1.29046e+10
1.25 1.25 0.25 -0.794344 -0.0452708 0.00480013 1.79832e+10
2.25 -0.75 0.25 -0.729018 0.0307973 -0.0468326 4.23315e+09
2.25 0.25 0.25 -0.766325 0.0354983 0.00690869 8.99767e+09
2.25 1.25 0.25 -0.801836 0.0413303 0.0643776 1.87184e+10
-2.5 -1 0.5 -0.529177 -0.40014 -0.332505 6.94176e+09
-2.5 0 0.5 -0.537817 -0.428176 -0.319325 1.30734e+10
-2.5 1 0.5 -0.534889 -0.463326 -0.304392 2.31914e+10
-2 -1.5 0.5 -0.542899 -0.366472 -0.291074 5.56437e+09
-1.5 -1 0.5 -0.574527 -0.351494 -0.23452 8.79593e+09
-2 -0.5 0.5 -0.564489 -0.388187 -0.27501 1.10591e+10
-1.5 0 0.5 -0.601334 -0.372944 -0.216093 1.75414e+10
-2 0.5 0.5 -0.578943 -0.415777 -0.259831 2.09204e+10
-1.5 1 0.5 -0.621845 -0.399225 -0.19838 3.33599e+10
-2 1.5 0.5 -0.583147 -0.449666 -0.242907 3.72882e+10
-1 -1.5 0.5 -0.573212 -0.316663 -0.200258 6.65277e+09
-0.5 -1 0.5 -0.6029 -0.296036 -0.145486 1.03538e+10
-1 -0.5 0.5 -0.607519 -0.333513 -0.17728 1.38165e+10
-0.5 0 0.5 -0.641741 -0.311932 -0.119725 2.15607e+10
-1 0.5 0.5 -0.639572 -0.353788 -0.156082 2.76865e+10
-0.5 1 0.5 -0.678577 -0.330069 -0.095313 4.34079e+10
-1 1.5 0.5 -0.66586 -0.377767 -0.135278 5.29032e+10
0 -1.5 0.5 -0.592514 -0.25977 -0.121516 7.47604e+09
0.5 -1 0.5 -0.620727 -0.233913 -0.0706526 1.14271e+10
0 -0.5 0.5 -0.633761 -0.272192 -0.0910718 1.59773e+10
0.5 0 0.5 -0.665257 -0.244575 -0.037365 2.44183e+10
0 0.5 0.5 -0.676612 -0.286168 -0.0621987 3.33751e+10
0.5 1 0.5 -0.710902 -0.255684 -0.00492866 5.10781e+10
0 1.5 0.5 -0.717013 -0.301155 -0.0340331 6.73561e+10
1 -1.5 0.5 -0.606409 -0.197278 -0.0582921 7.97166e+09
1.5 -1 0.5 -0.633253 -0.166967 -0.0128876 1.19379e+10
1 -0.5 0.5 -0.649583 -0.204735 -0.0210571 1.72674e+10
1.5 0 0.5 -0.678008 -0.171775 0.02708 2.57304e+10
1 0.5 0.5 -0.696242 -0.212706 0.0154267 3.68505e+10
1.5 1 0.5 -0.7249 -0.176366 0.067358 5.4613e+10
1 1.5 0.5 -0.742663 -0.220226 0.05209 7.68245e+10
2 -1.5 0.5 -0.618293 -0.13182 -0.0121097 8.12111e+09
2.5 -1 0.5 -0.643146 -0.0980431 0.0269703 1.18744e+10
2 -0.5 0.5 -0.659695 -0.13335 0.0306341 1.76006e+10
2.5 0 0.5 -0.684121 -0.0961887 0.0723998 2.54342e+10
2 0.5 0.5 -0.704288 -0.134816 0.0738549 3.76197e+10
2.5 1 0.5 -0.726165 -0.0941396 0.119749 5.35338e+10
2 1.5 0.5 -0.748859 -0.135923 0.118839 7.87869e+10
-2.25 -0.75 0.75 -0.574349 -0.494705 -0.392428 2.7882e+09
-2.25 0.25 0.75 -0.577457 -0.516199 -0.377124 5.18451e+09
-2.25 1.25 0.75 -0.566562 -0.54599 -0.35902 8.97855e+09
-1.75 -1.25 0.75 -0.591821 -0.473636 -0.350676 2.21057e+09
-1.25 -0.75 0.75 -0.622574 -0.463139 -0.290984 3.42557e+09
-1.75 -0.25 0.75 -0.609725 -0.487365 -0.331995 4.35516e+09
-1.25 0.25 0.75 -0.645582 -0.475209 -0.269029 6.76189e+09
-1.75 0.75 0.75 -0.61831 -0.507044 -0.313679 8.10787e+09
-1.25 1.25 0.75 -0.659641 -0.492238 -0.246825 1.2597e+10
-0.75 -1.25 0.75 -0.621594 -0.440306 -0.256896 2.55771e+09
-0.25 -0.75 0.75 -0.648831 -0.421498 -0.19832 3.8999e+09
-0.75 -0.25 0.75 -0.653843 -0.447779 -0.229748 5.27115e+09
-0.25 0.25 0.75 -0.685505 -0.426719 -0.167312 8.04978e+09
-0.75 0.75 0.75 -0.68175 -0.457346 -0.203785 1.04267e+10
-0.25 1.25 0.75 -0.717692 -0.432774 -0.136678 1.59385e+10
0.25 -1.25 0.75 -0.636292 -0.394032 -0.175801 2.7818e+09
0.75 -0.75 0.75 -0.661162 -0.366225 -0.121264 4.16783e+09
0.25 -0.25 0.75 -0.676692 -0.397076 -0.13957 5.89541e+09
0.75 0.25 0.75 -0.704767 -0.36626 -0.0811604 8.824e+09
0.25 0.75 0.75 -0.717095 -0.399069 -0.104155 1.2181e+10
0.75 1.25 0.75 -0.747619 -0.364046 -0.0408621 1.82045e+10
1.25 -1.25 0.75 -0.64347 -0.33381 -0.112255 2.8809e+09
1.75 -0.75 0.75 -0.666913 -0.297341 -0.0642416 4.23532e+09
1.25 -0.25 0.75 -0.68657 -0.332352 -0.0680237 6.17665e+09
1.75 0.25 0.75 -0.71161 -0.29197 -0.0165763 9.0287e+09
1.25 0.75 0.75 -0.732128 -0.328441 -0.023649 1.30369e+10
1.75 1.25 0.75 -0.757215 -0.283552 0.0325653 1.89034e+10
2.25 -1.25 0.75 -0.648394 -0.262318 -0.0688494 2.86611e+09
2.25 -0.25 0.75 -0.690242 -0.255001 -0.0187517 6.13481e+09
2.25 0.75 0.75 -0.734732 -0.245168 0.0328254 1.29458e+10
-2.5 -1.5 1 -0.520577 -0.00196947 -0.328688 2.54294e+09
-2.5 -0.5 1 -0.544376 -0.0408122 -0.307458 4.80315e+09
-2.5 0.5 1 -0.565736 -0.0874257 -0.286838 8.65001e+09
-2.5 1.5 1 -0.584427 -0.139897 -0.263295 1.48506e+10
-1.5 -1.5 1 -0.581843 0.0668576 -0.244774 3.453e+09
-2 -1 1 -0.567117 0.0147781 -0.273398 4.17785e+09
-1.5 -0.5 1 -0.615963 0.027964 -0.21757 6.8593e+09
-2 0 1 -0.596515 -0.0287839 -0.250438 7.93174e+09
-1.5 0.5 1 -0.651 -0.0200516 -0.192365 1.31405e+10
-2 1 1 -0.624957 -0.0801636 -0.227838 1.44373e+10
-1.5 1.5 1 -0.685544 -0.0762186 -0.167139 2.42392e+10
-0.5 -1.5 1 -0.635103 0.127963 -0.171345 4.43675e+09
-1 -1 1 -0.627761 0.080756 -0.190874 5.63651e+09
-0.5 -0.5 1 -0.674446 0.0908534 -0.137286 9.18181e+09
-1 0 1 -0.666287 0.0375994 -0.161423 1.12698e+10
-0.5 0.5 1 -0.716397 0.0439782 -0.105104 1.85283e+10
-1 1 1 -0.70592 -0.0145674 -0.133403 2.184e+10
-0.5 1.5 1 -0.758308 -0.0113579 -0.0735816 3.63292e+10
0.5 -1.5 1 -0.681062 0.178514 -0.111321 5.41016e+09
0 -1 1 -0.678615 0.138134 -0.120665 7.17022e+09
0.5 -0.5 1 -0.721016 0.145081 -0.0709679 1.15315e+10
0 0 1 -0.720427 0.0976912 -0.0841461 1.49273e+10
0.5 0.5 1 -0.763492 0.102493 -0.0314322 2.41665e+10
0 1 1 -0.763727 0.0481907 -0.0486107 3.04106e+10
0.5 1.5 1 -0.805209 0.0523729 0.0082964 4.95375e+10
1.5 -1.5 1 -0.71951 0.21845 -0.065817 6.26978e+09
1 -1 1 -0.720318 0.185318 -0.0651285 8.6175e+09
1.5 -0.5 1 -0.756522 0.190472 -0.0203562 1.35952e+10
1 0 1 -0.760423 0.150159 -0.0222247 1.84201e+10
1.5 0.5 1 -0.794575 0.155441 0.0258289 2.90761e+10
1 1 1 -0.801003 0.10735 0.0211142 3.87466e+10
1.5 1.5 1 -0.830445 0.114845 0.0740404 6.09201e+10
2.5 -1.5 1 -0.749798 0.250297 -0.0348864 6.89666e+09
2 -1 1 -0.752847 0.223593 -0.0248961 9.7842e+09
2.5 -0.5 1 -0.781479 0.229359 0.0144455 1.50168e+10
2 0 1 -0.787759 0.196025 0.0232569 2.11467e+10
2.5 0.5 1 -0.812118 0.204335 0.0662769 3.21638e+10
2 1 1 -0.821276 0.163396 0.0737532 4.49454e+10
2.5 1.5 1 -0.838703 0.176284 0.122401 6.71349e+10
-2.25 -1.25 1.25 -0.561509 -0.618199 -0.339309 9.36494e+08
-2.25 -0.25 1.25 -0.55595 -0.637892 -0.330521 1.78344e+09
-2.25 0.75 1.25 -0.534142 -0.666047 -0.323279 3.18681e+09
-1.25 -1.25 1.25 -0.595254 -0.59971 -0.240478 1.12687e+09
-1.75 -0.75 1.25 -0.584824 -0.616883 -0.282634 1.4602e+09
-1.25 -0.25 1.25 -0.608108 -0.611843 -0.224098 2.26162e+09
-1.75 0.25 1.25 -0.583522 -0.635784 -0.271943 2.78502e+09
-1.25 0.75 1.25 -0.611166 -0.629409 -0.210958 4.31865e+09
-1.75 1.25 1.25 -0.566082 -0.66278 -0.263171 4.97186e+09
-0.25 -1.25 1.25 -0.608473 -0.572019 -0.151381 1.26315e+09
-0.75 -0.75 1.25 -0.614288 -0.591628 -0.183328 1.7289e+09
-0.25 -0.25 1.25 -0.633642 -0.578856 -0.125339 2.6295e+09
-0.75 0.25 1.25 -0.631501 -0.602299 -0.163938 3.47602e+09
-0.25 0.75 1.25 -0.655146 -0.587228 -0.102469 5.29055e+09
-0.75 1.25 1.25 -0.639035 -0.617701 -0.147789 6.63424e+09
0.75 -1.25 1.25 -0.609263 -0.531193 -0.0777991 1.33437e+09
0.25 -0.75 1.25 -0.624262 -0.555859 -0.0965535 1.9014e+09
0.75 -0.25 1.25 -0.640834 -0.533937 -0.0420984 2.82936e+09
0.25 0.25 1.25 -0.653447 -0.56042 -0.0669017 3.95725e+09
0.75 0.75 1.25 -0.673618 -0.535199 -0.00849576 5.87317e+09
0.25 1.25 1.25 -0.678985 -0.565398 -0.0401259 7.94502e+09
1.75 -1.25 1.25 -0.605002 -0.475799 -0.0233801 1.34267e+09
1.25 -0.75 1.25 -0.623308 -0.505789 -0.02788 1.96626e+09
1.75 -0.25 1.25 -0.638348 -0.4737 0.020425 2.85325e+09
1.25 0.25 1.25 -0.658066 -0.505236 0.0114789 4.14933e+09
1.75 0.75 1.25 -0.675322 -0.468938 0.0637066 5.9662e+09
1.25 1.25 1.25 -0.693577 -0.502217 0.0493539 8.54903e+09
2.25 -0.75 1.25 -0.618399 -0.440768 0.0195917 1.93159e+09
2.25 0.25 1.25 -0.653652 -0.434261 0.0667144 4.05785e+09
2.25 1.25 1.25 -0.691211 -0.424895 0.114313 8.345e+09
-2.5 -1 1.5 -0.544747 -0.185598 -0.298579 1.92025e+09
-2.5 0 1.5 -0.550849 -0.23164 -0.284932 3.4958e+09
-2.5 1 1.5 -0.548789 -0.281779 -0.272482 6.04957e+09
-2 -1.5 1.5 -0.570802 -0.126549 -0.263965 1.64145e+09
-1.5 -1 1.5 -0.611273 -0.108325 -0.211904 2.67853e+09
-2 -0.5 1.5 -0.587511 -0.169102 -0.245752 3.1467e+09
-1.5 0 1.5 -0.63276 -0.154894 -0.191909 5.16268e+09
-2 0.5 1.5 -0.599438 -0.219037 -0.230762 5.76891e+09
-1.5 1 1.5 -0.650541 -0.20841 -0.175022 9.55908e+09
-2 1.5 1.5 -0.604863 -0.272912 -0.217066 1.00951e+10
-1 -1.5 1.5 -0.626434 -0.0517188 -0.185132 2.17244e+09
-0.5 -1 1.5 -0.666012 -0.0354277 -0.134672 3.51718e+09
-1 -0.5 1.5 -0.653522 -0.0928713 -0.159418 4.36554e+09
-0.5 0 1.5 -0.696675 -0.0798927 -0.106678 7.10982e+09
-1 0.5 1.5 -0.679586 -0.142903 -0.137207 8.48422e+09
-0.5 1 1.5 -0.726218 -0.132585 -0.0817069 1.3948e+10
-1 1.5 1.5 -0.702227 -0.199383 -0.117778 1.58873e+10
0 -1.5 1.5 -0.673659 0.0157343 -0.117741 2.72287e+09
0.5 -1 1.5 -0.710787 0.02956 -0.070381 4.356e+09
0 -0.5 1.5 -0.705968 -0.0218407 -0.0844668 5.67552e+09
0.5 0 1.5 -0.744845 -0.0100547 -0.0345665 9.11765e+09
0 0.5 1.5 -0.739117 -0.0686675 -0.0537358 1.15557e+10
0.5 1 1.5 -0.778551 -0.0577199 -0.000461865 1.86679e+10
0 1.5 1.5 -0.770075 -0.122499 -0.0253103 2.2844e+10
1 -1.5 1.5 -0.713396 0.0735652 -0.0636186 3.23974e+09
1.5 -1 1.5 -0.746362 0.0856127 -0.0203566 5.09475e+09
1 -0.5 1.5 -0.746551 0.041592 -0.023762 6.91978e+09
1.5 0 1.5 -0.779147 0.0534425 0.0222574 1.08776e+10
1 0.5 1.5 -0.780597 0.00147004 0.0151746 1.45266e+10
1.5 1 1.5 -0.8109 0.0148087 0.065135 2.2783e+10
1 1.5 1.5 -0.812361 -0.0449256 0.0534933 2.97364e+10
2 -1.5 1.5 -0.745497 0.122264 -0.0232588 3.66079e+09
2.5 -1 1.5 -0.77273 0.13433 0.0153069 5.62024e+09
2 -0.5 1.5 -0.776158 0.097617 0.0219064 7.90916e+09
2.5 0 1.5 -0.800965 0.111587 0.0635497 1.20453e+10
2 0.5 1.5 -0.806512 0.0671562 0.0680634 1.6804e+10
2.5 1 1.5 -0.826642 0.0847777 0.114282 2.52354e+10
2 1.5 1.5 -0.833544 0.0320417 0.115901 3.47591e+10
