449
-2.5 -1 -1.5 -0.0489089 -0.197087 0.707137 2.21367e+10
-2.5 0 -1.5 -0.0188458 -0.161365 0.793331 1.8292e+10
-2.5 1 -1.5 -0.000886303 -0.122154 0.873202 1.58e+10
-2 -1.5 -1.5 -0.0484599 -0.212436 0.662703 2.54234e+10
-1.5 -1 -1.5 -0.00450896 -0.194415 0.698696 2.33807e+10
-2 -0.5 -1.5 -0.00964577 -0.177702 0.746598 2.05792e+10
-1.5 0 -1.5 0.0257043 -0.156542 0.778608 1.94199e+10
-2 0.5 -1.5 0.0135524 -0.139416 0.827949 1.73906e+10
-1.5 1 -1.5 0.0427468 -0.116873 0.852285 1.67917e+10
-2 1.5 -1.5 0.0267539 -0.0992741 0.899058 1.53224e+10
-1 -1.5 -1.5 -0.00449825 -0.211301 0.651636 2.66437e+10
-0.5 -1 -1.5 0.0400298 -0.190943 0.678183 2.4701e+10
-1 -0.5 -1.5 0.0348246 -0.173778 0.727943 2.18778e+10
-0.5 0 -1.5 0.069398 -0.15117 0.748551 2.08966e+10
-1 0.5 -1.5 0.0571356 -0.134153 0.801151 1.86558e+10
-0.5 1 -1.5 0.0851371 -0.110524 0.812787 1.82776e+10
-1 1.5 -1.5 0.0691987 -0.0936456 0.864835 1.64937e+10
0 -1.5 -1.5 0.0400614 -0.207448 0.631096 2.7746e+10
0.5 -1 -1.5 0.0845088 -0.1832 0.647966 2.61638e+10
0 -0.5 -1.5 0.0788542 -0.167699 0.696862 2.34455e+10
0.5 0 -1.5 0.112408 -0.141662 0.706514 2.28326e+10
0 0.5 -1.5 0.0997031 -0.126643 0.759196 2.04141e+10
0.5 1 -1.5 0.126643 -0.0997031 0.759196 2.04141e+10
0 1.5 -1.5 0.110524 -0.0851371 0.812787 1.82776e+10
1 -1.5 -1.5 0.085126 -0.196598 0.603479 2.88116e+10
1.5 -1 -1.5 0.128855 -0.165476 0.611395 2.788e+10
1 -0.5 -1.5 0.122479 -0.154954 0.656693 2.53979e+10
1.5 0 -1.5 0.154954 -0.122479 0.656693 2.53979e+10
1 0.5 -1.5 0.141662 -0.112408 0.706514 2.28326e+10
1.5 1 -1.5 0.167699 -0.0788542 0.696862 2.34455e+10
1 1.5 -1.5 0.15117 -0.069398 0.748551 2.08966e+10
2 -1.5 -1.5 0.130081 -0.171777 0.572245 2.99016e+10
2.5 -1 -1.5 0.171777 -0.130081 0.572245 2.99016e+10
2 -0.5 -1.5 0.165476 -0.128855 0.611395 2.788e+10
2.5 0 -1.5 0.196598 -0.085126 0.603479 2.88116e+10
2 0.5 -1.5 0.1832 -0.0845088 0.647966 2.61638e+10
2.5 1 -1.5 0.207448 -0.0400614 0.631096 2.7746e+10
2 1.5 -1.5 0.190943 -0.0400298 0.678183 2.4701e+10
-2.25 -0.75 -1.25 0.143126 -0.237311 0.709554 5.05479e+09
-2.25 0.25 -1.25 0.130826 -0.185555 0.799623 4.25463e+09
-2.25 1.25 -1.25 0.109879 -0.139188 0.878969 3.72649e+09
-1.75 -1.25 -1.25 0.160694 -0.283093 0.654054 5.77418e+09
-1.25 -0.75 -1.25 0.17792 -0.267369 0.687993 5.40142e+09
-1.75 -0.25 -1.25 0.157062 -0.225134 0.74509 4.76924e+09
-1.25 0.25 -1.25 0.169456 -0.213153 0.772253 4.5619e+09
-1.75 0.75 -1.25 0.141168 -0.175813 0.828259 4.09327e+09
-1.25 1.25 -1.25 0.150136 -0.166804 0.846239 3.99522e+09
-0.75 -1.25 -1.25 0.191746 -0.312744 0.630459 6.1434e+09
-0.25 -0.75 -1.25 0.212737 -0.292039 0.655443 5.79417e+09
-0.75 -0.25 -1.25 0.193668 -0.251758 0.713857 5.13256e+09
-0.25 0.25 -1.25 0.208258 -0.23668 0.730122 4.9702e+09
-0.75 0.75 -1.25 0.180583 -0.201803 0.789334 4.43623e+09
-0.25 1.25 -1.25 0.19111 -0.19111 0.795166 4.39412e+09
0.25 -1.25 -1.25 0.22534 -0.33387 0.598921 6.51877e+09
0.75 -0.75 -1.25 0.252865 -0.30657 0.614343 6.24812e+09
0.25 -0.25 -1.25 0.232612 -0.271634 0.671124 5.58378e+09
0.75 0.25 -1.25 0.251941 -0.251941 0.676477 5.51358e+09
0.25 0.75 -1.25 0.222324 -0.222324 0.735678 4.9159e+09
0.75 1.25 -1.25 0.23668 -0.208258 0.730122 4.9702e+09
1.25 -1.25 -1.25 0.267701 -0.340673 0.56157 6.91287e+09
1.75 -0.75 -1.25 0.304335 -0.304335 0.566857 6.80095e+09
1.25 -0.25 -1.25 0.279614 -0.279614 0.619601 6.15797e+09
1.75 0.25 -1.25 0.30657 -0.252865 0.614343 6.24812e+09
1.25 0.75 -1.25 0.271634 -0.232612 0.671124 5.58378e+09
1.75 1.25 -1.25 0.292039 -0.212737 0.655443 5.79417e+09
2.25 -1.25 -1.25 0.324977 -0.324977 0.520039 7.35732e+09
2.25 -0.25 -1.25 0.340673 -0.267701 0.56157 6.91287e+09
2.25 0.75 -1.25 0.33387 -0.22534 0.598921 6.51877e+09
-2.5 -1.5 -1 -0.0835185 -0.222411 0.656609 2.07606e+10
-2.5 -0.5 -1 -0.0424491 -0.188531 0.745496 1.70637e+10
-2.5 0.5 -1 -0.0162326 -0.149109 0.831455 1.45742e+10
-2.5 1.5 -1 0.00013459 -0.106842 0.906314 1.29543e+10
-1.5 -1.5 -1 -0.0379331 -0.218996 0.651402 2.17143e+10
-2 -1 -1 -0.0376259 -0.203727 0.698501 1.92111e+10
-1.5 -0.5 -1 0.00439298 -0.182098 0.734053 1.79887e+10
-2 0 -1 -0.00432288 -0.165654 0.784004 1.6111e+10
-1.5 0.5 -1 0.0302183 -0.141547 0.813282 1.54259e+10
-2 1 -1 0.0160518 -0.124379 0.862728 1.40324e+10
-1.5 1.5 -1 0.0456602 -0.0991657 0.882251 1.37061e+10
-0.5 -1.5 -1 0.00869036 -0.214149 0.635813 2.24623e+10
-1 -1 -1 0.00907812 -0.19848 0.684018 2.01507e+10
-0.5 -0.5 -1 0.0508276 -0.175075 0.70882 1.90444e+10
-1 0 -1 0.0420314 -0.158465 0.761112 1.71163e+10
-0.5 0.5 -1 0.0755849 -0.133057 0.778037 1.65966e+10
-1 1 -1 0.0614366 -0.116397 0.83158 1.50152e+10
-0.5 1.5 -1 0.0899089 -0.0899089 0.837802 1.48787e+10
0.5 -1.5 -1 0.0551865 -0.205285 0.611677 2.30172e+10
0 -1 -1 0.0556766 -0.190854 0.65848 2.10813e+10
0.5 -0.5 -1 0.0968329 -0.1636 0.672656 2.02711e+10
0 0 -1 0.0876305 -0.148973 0.724336 1.83901e+10
0.5 0.5 -1 0.120043 -0.120043 0.729621 1.81748e+10
0 1 -1 0.105649 -0.105649 0.783798 1.64245e+10
0.5 1.5 -1 0.133057 -0.0755849 0.778037 1.65966e+10
1.5 -1.5 -1 0.102395 -0.185783 0.581925 2.34192e+10
1 -1 -1 0.102119 -0.176241 0.624689 2.20446e+10
1.5 -0.5 -1 0.142052 -0.142052 0.62915 2.17297e+10
1 0 -1 0.132473 -0.132473 0.677493 2.00066e+10
1.5 0.5 -1 0.1636 -0.0968329 0.672656 2.02711e+10
1 1 -1 0.148973 -0.0876305 0.724336 1.83901e+10
1.5 1.5 -1 0.175075 -0.0508276 0.70882 1.90444e+10
2.5 -1.5 -1 0.147985 -0.147985 0.54998 2.35795e+10
2 -1 -1 0.147664 -0.147664 0.586112 2.30595e+10
2.5 -0.5 -1 0.185783 -0.102395 0.581925 2.34192e+10
2 0 -1 0.176241 -0.102119 0.624689 2.20446e+10
2.5 0.5 -1 0.205285 -0.0551865 0.611677 2.30172e+10
2 1 -1 0.190854 -0.0556766 0.65848 2.10813e+10
2.5 1.5 -1 0.214149 -0.00869036 0.635813 2.24623e+10
-2.25 -1.25 -0.75 0.182811 -0.291499 0.651718 4.66196e+09
-2.25 -0.25 -0.75 0.172462 -0.231386 0.748704 3.91365e+09
-2.25 0.75 -0.75 0.150053 -0.178588 0.836667 3.39647e+09
-1.25 -1.25 -0.75 0.212 -0.328545 0.629918 4.97054e+09
-1.75 -0.75 -0.75 0.196238 -0.2786 0.69012 4.39867e+09
-1.25 -0.25 -0.75 0.2085 -0.265396 0.721013 4.19104e+09
-1.75 0.25 -0.75 0.181818 -0.221514 0.780758 3.75297e+09
-1.25 0.75 -0.75 0.189736 -0.212406 0.803265 3.64235e+09
-1.75 1.25 -0.75 0.155939 -0.171815 0.860071 3.31035e+09
-0.25 -1.25 -0.75 0.24118 -0.357182 0.60027 5.26288e+09
-0.75 -0.75 -0.75 0.228743 -0.310604 0.660126 4.70245e+09
-0.25 -0.25 -0.75 0.24459 -0.29297 0.681292 4.51839e+09
-0.75 0.25 -0.75 0.219597 -0.252773 0.742707 4.04816e+09
-0.25 0.75 -0.75 0.230204 -0.241059 0.753935 3.97521e+09
-0.75 1.25 -0.75 0.196955 -0.204286 0.814895 3.58594e+09
0.75 -1.25 -0.75 0.276614 -0.373569 0.564691 5.52938e+09
0.25 -0.75 -0.75 0.263948 -0.333231 0.621339 5.02722e+09
0.75 -0.25 -0.75 0.286527 -0.309457 0.632275 4.90637e+09
0.25 0.25 -0.75 0.260146 -0.276089 0.692262 4.42427e+09
0.75 0.75 -0.75 0.276089 -0.260146 0.692262 4.42427e+09
0.25 1.25 -0.75 0.241059 -0.230204 0.753935 3.97521e+09
1.75 -1.25 -0.75 0.325784 -0.369511 0.524896 5.77617e+09
1.25 -0.75 -0.75 0.308855 -0.341093 0.575846 5.37767e+09
1.75 -0.25 -0.75 0.341093 -0.308855 0.575846 5.37767e+09
1.25 0.25 -0.75 0.309457 -0.286527 0.632275 4.90637e+09
1.75 0.75 -0.75 0.333231 -0.263948 0.621339 5.02722e+09
1.25 1.25 -0.75 0.29297 -0.24459 0.681292 4.51839e+09
2.25 -0.75 -0.75 0.369511 -0.325784 0.524896 5.77617e+09
2.25 0.25 -0.75 0.373569 -0.276614 0.564691 5.52938e+09
2.25 1.25 -0.75 0.357182 -0.24118 0.60027 5.26288e+09
-2.5 -1 -0.5 -0.072046 -0.215454 0.694869 1.49723e+10
-2.5 0 -0.5 -0.0362353 -0.177223 0.78541 1.27433e+10
-2.5 1 -0.5 -0.0128854 -0.134439 0.868437 1.12201e+10
-2 -1.5 -0.5 -0.0722475 -0.228725 0.648166 1.67528e+10
-1.5 -1 -0.5 -0.0232707 -0.207889 0.686868 1.56429e+10
-2 -0.5 -0.5 -0.0277268 -0.192708 0.736711 1.40899e+10
-1.5 0 -0.5 0.0127949 -0.167865 0.770357 1.34066e+10
-2 0.5 -0.5 0.00123021 -0.15134 0.821457 1.22019e+10
-1.5 1 -0.5 0.035574 -0.124521 0.846664 1.18364e+10
-2 1.5 -0.5 0.0197923 -0.107128 0.895091 1.09272e+10
-1 -1.5 -0.5 -0.0236945 -0.222324 0.637982 1.72927e+10
-0.5 -1 -0.5 0.0256122 -0.199595 0.666642 1.62387e+10
-1 -0.5 -0.5 0.0211707 -0.184071 0.717991 1.47859e+10
-0.5 0 -0.5 0.0610322 -0.15769 0.739773 1.42112e+10
-1 0.5 -0.5 0.0494874 -0.141385 0.793898 1.29467e+10
-0.5 1 -0.5 0.0827439 -0.113144 0.80602 1.27168e+10
-1 1.5 -0.5 0.0671764 -0.0966126 0.859632 1.16532e+10
0 -1.5 -0.5 0.0250238 -0.213585 0.618126 1.75809e+10
0.5 -1 -0.5 0.074178 -0.186829 0.636617 1.67453e+10
0 -0.5 -0.5 0.0695847 -0.173109 0.686699 1.55342e+10
0.5 0 -0.5 0.108526 -0.142772 0.697065 1.51854e+10
0 0.5 -0.5 0.0966842 -0.128651 0.751007 1.39248e+10
0.5 1 -0.5 0.128651 -0.0966842 0.751007 1.39248e+10
0 1.5 -0.5 0.113144 -0.0827439 0.80602 1.27168e+10
1 -1.5 -0.5 0.0735246 -0.198447 0.590985 1.76169e+10
1.5 -1 -0.5 0.122337 -0.163456 0.599979 1.71567e+10
1 -0.5 -0.5 0.117421 -0.154663 0.646202 1.63351e+10
1.5 0 -0.5 0.154663 -0.117421 0.646202 1.63351e+10
1 0.5 -0.5 0.142772 -0.108526 0.697065 1.51854e+10
1.5 1 -0.5 0.173109 -0.0695847 0.686699 1.55342e+10
1 1.5 -0.5 0.15769 -0.0610322 0.739773 1.42112e+10
2 -1.5 -0.5 0.122257 -0.168203 0.559872 1.73664e+10
2.5 -1 -0.5 0.168203 -0.122257 0.559872 1.73664e+10
2 -0.5 -0.5 0.163456 -0.122337 0.599979 1.71567e+10
2.5 0 -0.5 0.198447 -0.0735246 0.590985 1.76169e+10
2 0.5 -0.5 0.186829 -0.074178 0.636617 1.67453e+10
2.5 1 -0.5 0.213585 -0.0250238 0.618126 1.75809e+10
2 1.5 -0.5 0.199595 -0.0256122 0.666642 1.62387e+10
-2.25 -0.75 -0.25 0.210397 -0.282748 0.69317 3.40039e+09
-2.25 0.25 -0.25 0.190224 -0.222768 0.788989 2.94708e+09
-2.25 1.25 -0.25 0.157525 -0.168925 0.87213 2.63043e+09
-1.75 -1.25 -0.25 0.229242 -0.336874 0.630713 3.80878e+09
-1.25 -0.75 -0.25 0.242352 -0.32188 0.665456 3.63503e+09
-1.75 -0.25 -0.25 0.219856 -0.271798 0.728462 3.26418e+09
-1.25 0.25 -0.25 0.227874 -0.261106 0.755094 3.15946e+09
-1.75 0.75 -0.25 0.195354 -0.215341 0.816326 2.86646e+09
-1.25 1.25 -0.25 0.199602 -0.209029 0.833368 2.81604e+09
-0.75 -1.25 -0.25 0.256052 -0.372603 0.602549 4.0416e+09
-0.25 -0.75 -0.25 0.274099 -0.351773 0.628811 3.8713e+09
-0.75 -0.25 -0.25 0.25452 -0.306738 0.691669 3.5002e+09
-0.25 0.25 -0.25 0.266468 -0.292246 0.70805 3.41524e+09
-0.75 0.75 -0.25 0.235241 -0.251363 0.771717 3.09376e+09
-0.25 1.25 -0.25 0.242819 -0.242819 0.777379 3.07136e+09
0.25 -1.25 -0.25 0.285559 -0.396297 0.568745 4.23492e+09
0.75 -0.75 -0.25 0.312402 -0.368189 0.585536 4.10051e+09
0.25 -0.25 -0.25 0.292307 -0.331081 0.645237 3.76338e+09
0.75 0.25 -0.25 0.311188 -0.311188 0.650864 3.72618e+09
0.25 0.75 -0.25 0.27883 -0.27883 0.713646 3.38623e+09
0.75 1.25 -0.25 0.292246 -0.266468 0.70805 3.41524e+09
1.25 -1.25 -0.25 0.326251 -0.403811 0.530758 4.37204e+09
1.75 -0.75 -0.25 0.365139 -0.365139 0.536803 4.31678e+09
1.25 -0.25 -0.25 0.339972 -0.339972 0.591321 4.05341e+09
1.75 0.25 -0.25 0.368189 -0.312402 0.585536 4.10051e+09
1.25 0.75 -0.25 0.331081 -0.292307 0.645237 3.76338e+09
1.75 1.25 -0.25 0.351773 -0.274099 0.628811 3.8713e+09
2.25 -1.25 -0.25 0.384552 -0.384552 0.489741 4.44999e+09
2.25 -0.25 -0.25 0.403811 -0.326251 0.530758 4.37204e+09
2.25 0.75 -0.25 0.396297 -0.285559 0.568745 4.23492e+09
-2.5 -1.5 0 -0.10792 -0.240171 0.642309 1.22546e+10
-2.5 -0.5 0 -0.0619514 -0.205048 0.73601 1.0535e+10
-2.5 0.5 0 -0.0303784 -0.163262 0.82545 9.25664e+09
-2.5 1.5 0 -0.00886454 -0.117333 0.902841 8.38378e+09
-1.5 -1.5 0 -0.0572621 -0.231317 0.637981 1.26615e+10
-2 -1 0 -0.0574347 -0.218795 0.686941 1.15734e+10
-1.5 -0.5 0 -0.0106225 -0.194353 0.724429 1.09922e+10
-2 0 0 -0.0188311 -0.17902 0.776203 1.00649e+10
-1.5 0.5 0 0.0208679 -0.151382 0.806489 9.7174e+09
-2 1 0 0.00698923 -0.134686 0.857634 8.97807e+09
-1.5 1.5 0 0.041741 -0.105106 0.877652 8.80923e+09
-0.5 -1.5 0 -0.00644927 -0.221957 0.62301 1.28423e+10
-1 -1 0 -0.00622947 -0.208883 0.672683 1.1962e+10
-0.5 -0.5 0 0.0403219 -0.182909 0.69882 1.14411e+10
-1 0 0 0.032144 -0.167519 0.752661 1.05612e+10
-0.5 0.5 0 0.0709959 -0.138153 0.770241 1.02999e+10
-1 1 0 0.0573208 -0.122073 0.825332 9.50699e+09
-0.5 1.5 0 0.090877 -0.090877 0.831728 9.43702e+09
0.5 -1.5 0 0.0441772 -0.208817 0.599327 1.27574e+10
0 -1 0 0.0446411 -0.197073 0.647096 1.22374e+10
0.5 -0.5 0 0.0907479 -0.166677 0.662218 1.18691e+10
0 0 0 0.0823411 -0.15314 0.715145 1.11241e+10
0.5 0.5 0 0.119776 -0.119776 0.720697 1.10184e+10
0 1 0 0.106151 -0.106151 0.776211 1.02132e+10
0.5 1.5 0 0.138153 -0.0709959 0.770241 1.02999e+10
1.5 -1.5 0 0.0946853 -0.185225 0.570159 1.23756e+10
1 -1 0 0.0952643 -0.177511 0.613393 1.23516e+10
1.5 -0.5 0 0.139652 -0.139652 0.618227 1.22151e+10
1 0 0 0.131316 -0.131316 0.667382 1.17455e+10
1.5 0.5 0 0.166677 -0.0907479 0.662218 1.18691e+10
1 1 0 0.15314 -0.0823411 0.715145 1.11241e+10
1.5 1.5 0 0.182909 -0.0403219 0.69882 1.14411e+10
2.5 -1.5 0 0.142952 -0.142952 0.538684 1.15969e+10
2 -1 0 0.14382 -0.14382 0.574757 1.2231e+10
2.5 -0.5 0 0.185225 -0.0946853 0.570159 1.23756e+10
2 0 0 0.177511 -0.0952643 0.613393 1.23516e+10
2.5 0.5 0 0.208817 -0.0441772 0.599327 1.27574e+10
2 1 0 0.197073 -0.0446411 0.647096 1.22374e+10
2.5 1.5 0 0.221957 0.00644927 0.62301 1.28423e+10
-2.25 -1.25 0.25 0.242244 -0.337567 0.633721 2.7664e+09
-2.25 -0.25 0.25 0.2277 -0.271546 0.73668 2.42529e+09
-2.25 0.75 0.25 0.196694 -0.211521 0.828638 2.16478e+09
-1.25 -1.25 0.25 0.26916 -0.380406 0.60669 2.94981e+09
-1.75 -0.75 0.25 0.252754 -0.325924 0.672165 2.67718e+09
-1.25 -0.25 0.25 0.261803 -0.313237 0.702696 2.59783e+09
-1.75 0.25 0.25 0.233012 -0.262727 0.767513 2.36391e+09
-1.25 0.75 0.25 0.237409 -0.254536 0.78897 2.31901e+09
-1.75 1.25 0.25 0.19855 -0.206571 0.850461 2.13066e+09
-0.25 -1.25 0.25 0.295081 -0.411359 0.574024 3.09863e+09
-0.75 -0.75 0.25 0.282962 -0.363274 0.637247 2.85077e+09
-0.25 -0.25 0.25 0.297105 -0.345435 0.658667 2.77589e+09
-0.75 0.25 0.25 0.270299 -0.300725 0.723985 2.53901e+09
-0.25 0.75 0.25 0.279145 -0.28923 0.734945 2.50815e+09
-0.75 1.25 0.25 0.241946 -0.247551 0.800003 2.29548e+09
0.75 -1.25 0.25 0.327506 -0.426482 0.538013 3.18877e+09
0.25 -0.75 0.25 0.316344 -0.38719 0.595903 3.00748e+09
0.75 -0.25 0.25 0.33902 -0.362778 0.607221 2.95891e+09
0.25 0.25 0.25 0.311969 -0.328056 0.669727 2.73658e+09
0.75 0.75 0.25 0.328056 -0.311969 0.669727 2.73658e+09
0.25 1.25 0.25 0.28923 -0.279145 0.734945 2.50815e+09
1.75 -1.25 0.25 0.376744 -0.421745 0.499043 3.20391e+09
1.25 -0.75 0.25 0.360382 -0.393999 0.549691 3.13149e+09
1.75 -0.25 0.25 0.393999 -0.360382 0.549691 3.13149e+09
1.25 0.25 0.25 0.362778 -0.33902 0.607221 2.95891e+09
1.75 0.75 0.25 0.38719 -0.316344 0.595903 3.00748e+09
1.25 1.25 0.25 0.345435 -0.297105 0.658667 2.77589e+09
2.25 -0.75 0.25 0.421745 -0.376744 0.499043 3.20391e+09
2.25 0.25 0.25 0.426482 -0.327506 0.538013 3.18877e+09
2.25 1.25 0.25 0.411359 -0.295081 0.574024 3.09863e+09
-2.5 -1 0.5 -0.0937577 -0.230521 0.684491 8.16571e+09
-2.5 0 0.5 -0.0532609 -0.191794 0.778454 7.24904e+09
-2.5 1 0.5 -0.0246982 -0.146863 0.864 6.56334e+09
-2 -1.5 0.5 -0.0927986 -0.241351 0.636114 8.81889e+09
-1.5 -1 0.5 -0.0400965 -0.21853 0.676771 8.42713e+09
-2 -0.5 0.5 -0.044854 -0.205581 0.728136 7.83012e+09
-1.5 0 0.5 0.000503527 -0.178381 0.762814 7.55539e+09
-2 0.5 0.5 -0.0107721 -0.162997 0.815474 7.02415e+09
-1.5 1 0.5 0.0288006 -0.132449 0.84123 6.87017e+09
-2 1.5 0.5 0.0131542 -0.115432 0.891216 6.43764e+09
-1 -1.5 0.5 -0.0391573 -0.229504 0.626771 8.94716e+09
-0.5 -1 0.5 0.0131097 -0.206194 0.656434 8.58227e+09
-1 -0.5 0.5 0.00860016 -0.192936 0.709001 8.10092e+09
-0.5 0 0.5 0.0535555 -0.163654 0.731447 7.8742e+09
-1 0.5 0.5 0.0424272 -0.148592 0.786933 7.36659e+09
-0.5 1 0.5 0.080922 -0.116161 0.7993 7.27261e+09
-1 1.5 0.5 0.0656431 -0.100059 0.854443 6.7934e+09
0 -1.5 0.5 0.0129322 -0.217792 0.607078 8.8781e+09
0.5 -1 0.5 0.0660404 -0.189738 0.626218 8.604e+09
0 -0.5 0.5 0.0616992 -0.177367 0.677232 8.32269e+09
0.5 0 0.5 0.105315 -0.143732 0.687919 8.18842e+09
0 0.5 0.5 0.094297 -0.130814 0.742956 7.76025e+09
0.5 1 0.5 0.130814 -0.094297 0.742956 7.76025e+09
0 1.5 0.5 0.116161 -0.080922 0.7993 7.27261e+09
1 -1.5 0.5 0.0659839 -0.198321 0.580585 8.54673e+09
1.5 -1 0.5 0.117656 -0.161778 0.589849 8.39246e+09
1 -0.5 0.5 0.113572 -0.154761 0.636144 8.45586e+09
1.5 0 0.5 0.154761 -0.113572 0.636144 8.45586e+09
1 0.5 0.5 0.143732 -0.105315 0.687919 8.18842e+09
1.5 1 0.5 0.177367 -0.0616992 0.677232 8.32269e+09
1 1.5 0.5 0.163654 -0.0535555 0.731447 7.8742e+09
2 -1.5 0.5 0.11562 -0.164716 0.550628 7.87548e+09
2.5 -1 0.5 0.164716 -0.11562 0.550628 7.87548e+09
2 -0.5 0.5 0.161778 -0.117656 0.589849 8.39246e+09
2.5 0 0.5 0.198321 -0.0659839 0.580585 8.54673e+09
2 0.5 0.5 0.189738 -0.0660404 0.626218 8.604e+09
2.5 1 0.5 0.217792 -0.0129322 0.607078 8.8781e+09
2 1.5 0.5 0.206194 -0.0131097 0.656434 8.58227e+09
-2.25 -0.75 0.75 0.260159 -0.322888 0.680955 1.87629e+09
-2.25 0.25 0.75 0.233715 -0.258001 0.780297 1.69555e+09
-2.25 1.25 0.75 0.192891 -0.19766 0.866113 1.55408e+09
-1.75 -1.25 0.75 0.278757 -0.380416 0.613697 2.04516e+09
-1.25 -0.75 0.75 0.289535 -0.366862 0.647644 2.00642e+09
-1.75 -0.25 0.75 0.266468 -0.313132 0.714868 1.84479e+09
-1.25 0.25 0.75 0.271767 -0.302772 0.740249 1.81621e+09
-1.75 0.75 0.75 0.23586 -0.25143 0.805813 1.67408e+09
-1.25 1.25 0.75 0.23794 -0.245631 0.821648 1.65945e+09
-0.75 -1.25 0.75 0.303831 -0.418811 0.581729 2.15905e+09
-0.25 -0.75 0.75 0.32026 -0.39934 0.607528 2.11514e+09
-0.75 -0.25 0.75 0.299729 -0.351987 0.673155 1.96951e+09
-0.25 0.25 0.75 0.310474 -0.336914 0.689076 1.94414e+09
-0.75 0.75 0.75 0.277286 -0.292883 0.756027 1.79673e+09
-0.25 1.25 0.75 0.284214 -0.284214 0.76139 1.78998e+09
0.25 -1.25 0.75 0.331066 -0.441723 0.546664 2.22985e+09
0.75 -0.75 0.75 0.357641 -0.414189 0.563333 2.195e+09
0.25 -0.25 0.75 0.338076 -0.378103 0.623812 2.08446e+09
0.75 0.25 0.75 0.357451 -0.357451 0.629329 2.07375e+09
0.25 0.75 0.75 0.322853 -0.322853 0.694481 1.93555e+09
0.75 1.25 0.75 0.336914 -0.310474 0.689076 1.94414e+09
1.25 -1.25 0.75 0.368994 -0.446057 0.510191 2.23198e+09
1.75 -0.75 0.75 0.408615 -0.408615 0.51587 2.22245e+09
1.25 -0.25 0.75 0.385732 -0.385732 0.568986 2.18301e+09
1.75 0.25 0.75 0.414189 -0.357641 0.563333 2.195e+09
1.25 0.75 0.75 0.378103 -0.338076 0.623812 2.08446e+09
1.75 1.25 0.75 0.39934 -0.32026 0.607528 2.11514e+09
2.25 -1.25 0.75 0.427029 -0.427029 0.472223 2.14909e+09
2.25 -0.25 0.75 0.446057 -0.368994 0.510191 2.23198e+09
2.25 0.75 0.75 0.441723 -0.331066 0.546664 2.22985e+09
-2.5 -1.5 1 -0.130779 -0.250698 0.633181 5.84285e+09
-2.5 -0.5 1 -0.0819847 -0.217801 0.728954 5.34318e+09
-2.5 0.5 1 -0.0456767 -0.176344 0.820359 4.89422e+09
-2.5 1.5 1 -0.0188011 -0.127581 0.899627 4.55038e+09
-1.5 -1.5 1 -0.0742332 -0.237175 0.629555 5.94328e+09
-2 -1 1 -0.0765504 -0.228415 0.678988 5.6768e+09
-1.5 -0.5 1 -0.0257796 -0.203125 0.717144 5.51359e+09
-2 0 1 -0.0341981 -0.190186 0.769949 5.20077e+09
-1.5 0.5 1 0.0104574 -0.159977 0.800685 5.0908e+09
-2 1 1 -0.00316886 -0.144434 0.853103 4.80161e+09
-1.5 1.5 1 0.0369165 -0.110571 0.873425 4.74529e+09
-0.5 -1.5 1 -0.019193 -0.223381 0.614931 5.90037e+09
-1 -1 1 -0.0206441 -0.214366 0.664732 5.76966e+09
-0.5 -0.5 1 0.0298396 -0.187301 0.691093 5.62936e+09
-1 0 1 0.0215806 -0.174519 0.74571 5.38607e+09
-0.5 0.5 1 0.0655624 -0.141992 0.763406 5.30889e+09
-1 1 1 0.0521926 -0.126852 0.819748 5.02436e+09
-0.5 1.5 1 0.0909692 -0.0909692 0.826196 5.00272e+09
0.5 -1.5 1 0.033684 -0.208541 0.591307 5.69628e+09
0 -1 1 0.0344842 -0.198242 0.639034 5.76035e+09
0.5 -0.5 1 0.0842841 -0.166656 0.653983 5.66363e+09
0 0 1 0.0765298 -0.155244 0.707409 5.54144e+09
0.5 0.5 1 0.118344 -0.118344 0.712897 5.51041e+09
0 1 1 0.105708 -0.105708 0.769377 5.28308e+09
0.5 1.5 1 0.141992 -0.0655624 0.763406 5.30889e+09
1.5 -1.5 1 0.0871968 -0.180512 0.563318 5.22367e+09
1 -1 1 0.0883068 -0.176964 0.604935 5.60304e+09
1.5 -0.5 1 0.13655 -0.13655 0.609519 5.56608e+09
1 0 1 0.128545 -0.128545 0.659005 5.62815e+09
1.5 0.5 1 0.166656 -0.0842841 0.653983 5.66363e+09
1 1 1 0.155244 -0.0765298 0.707409 5.54144e+09
1.5 1.5 1 0.187301 -0.0298396 0.691093 5.62936e+09
2.5 -1.5 1 0.132778 -0.132778 0.534644 4.45806e+09
2 -1 1 0.138319 -0.138319 0.567497 5.18019e+09
2.5 -0.5 1 0.180512 -0.0871968 0.563318 5.22367e+09
2 0 1 0.176964 -0.0883068 0.604935 5.60304e+09
2.5 0.5 1 0.208541 -0.033684 0.591307 5.69628e+09
2 1 1 0.198242 -0.0344842 0.639034 5.76035e+09
2.5 1.5 1 0.223381 0.019193 0.614931 5.90037e+09
-2.25 -1.25 1.25 0.285822 -0.372194 0.624601 1.34404e+09
-2.25 -0.25 1.25 0.266236 -0.306275 0.728689 1.2527e+09
-2.25 0.75 1.25 0.229133 -0.242167 0.822352 1.16374e+09
-1.25 -1.25 1.25 0.310236 -0.417199 0.593203 1.43232e+09
-1.75 -0.75 1.25 0.293942 -0.363511 0.660565 1.34597e+09
-1.25 -0.25 1.25 0.300665 -0.352019 0.689113 1.34045e+09
-1.75 0.25 1.25 0.26932 -0.298616 0.75723 1.24862e+09
-1.25 0.75 1.25 0.272374 -0.290626 0.77702 1.24314e+09
-1.75 1.25 1.25 0.229798 -0.237632 0.842222 1.1601e+09
-0.25 -1.25 1.25 0.33545 -0.449777 0.558085 1.4856e+09
-0.75 -0.75 1.25 0.322202 -0.402082 0.621774 1.42598e+09
-0.25 -0.25 1.25 0.334738 -0.384841 0.641841 1.41714e+09
-0.75 0.25 1.25 0.307482 -0.339645 0.708971 1.33316e+09
-0.25 0.75 1.25 0.316266 -0.327285 0.719227 1.32867e+09
-0.75 1.25 1.25 0.276688 -0.282956 0.787221 1.23975e+09
0.75 -1.25 1.25 0.366036 -0.462606 0.522649 1.4971e+09
0.25 -0.75 1.25 0.355798 -0.427071 0.578462 1.47826e+09
0.75 -0.25 1.25 0.378432 -0.402862 0.589039 1.47208e+09
0.25 0.25 1.25 0.349767 -0.366786 0.652235 1.41195e+09
0.75 0.75 1.25 0.366786 -0.349767 0.652235 1.41195e+09
0.25 1.25 1.25 0.327285 -0.316266 0.719227 1.32867e+09
1.75 -1.25 1.25 0.410821 -0.453556 0.487852 1.44095e+09
1.25 -0.75 1.25 0.398344 -0.431636 0.533296 1.49265e+09
1.75 -0.25 1.25 0.431636 -0.398344 0.533296 1.49265e+09
1.25 0.25 1.25 0.402862 -0.378432 0.589039 1.47208e+09
1.75 0.75 1.25 0.427071 -0.355798 0.578462 1.47826e+09
1.25 1.25 1.25 0.384841 -0.334738 0.641841 1.41714e+09
2.25 -0.75 1.25 0.453556 -0.410821 0.487852 1.44095e+09
2.25 0.25 1.25 0.462606 -0.366036 0.522649 1.4971e+09
2.25 1.25 1.25 0.449777 -0.33545 0.558085 1.4856e+09
-2.5 -1 1.5 -0.116417 -0.238469 0.67934 3.65277e+09
-2.5 0 1.5 -0.0723371 -0.203573 0.773503 3.44731e+09
-2.5 1 1.5 -0.0386307 -0.1579 0.86026 3.24585e+09
-2 -1.5 1.5 -0.113431 -0.244685 0.631648 3.76351e+09
-1.5 -1 1.5 -0.0571797 -0.222319 0.671796 3.71823e+09
-2 -0.5 1.5 -0.063212 -0.213524 0.72298 3.60227e+09
-1.5 0 1.5 -0.0136568 -0.185274 0.757639 3.55247e+09
-2 0.5 1.5 -0.0249808 -0.172537 0.810868 3.40073e+09
-1.5 1 1.5 0.0196212 -0.138625 0.836824 3.36662e+09
-2 1.5 1.5 0.00451852 -0.122431 0.887842 3.21493e+09
-1 -1.5 1.5 -0.0541474 -0.228043 0.622696 3.7408e+09
-0.5 -1 1.5 0.000373035 -0.204761 0.651597 3.70366e+09
-1 -0.5 1.5 -0.0051658 -0.196726 0.703578 3.67068e+09
-0.5 0 1.5 0.0438156 -0.166445 0.725549 3.63737e+09
-1 0.5 1.5 0.0328334 -0.153101 0.78169 3.51695e+09
-0.5 1 1.5 0.0764357 -0.116798 0.793979 3.49884e+09
-1 1.5 1.5 0.0619009 -0.101702 0.850129 3.34977e+09
0 -1.5 1.5 0.00104006 -0.209902 0.603728 3.61691e+09
0.5 -1 1.5 0.0550374 -0.185027 0.621156 3.58901e+09
0 -0.5 1.5 0.0519939 -0.17663 0.671399 3.67348e+09
0.5 0 1.5 0.0992656 -0.14158 0.681417 3.65279e+09
0 0.5 1.5 0.0892657 -0.130607 0.736739 3.61862e+09
0.5 1 1.5 0.130607 -0.0892657 0.736739 3.61862e+09
0 1.5 1.5 0.116798 -0.0764357 0.793979 3.49884e+09
1 -1.5 1.5 0.051078 -0.194117 0.576559 3.35256e+09
1.5 -1 1.5 0.108283 -0.158105 0.584428 3.3402e+09
1 -0.5 1.5 0.105537 -0.150205 0.630028 3.56868e+09
1.5 0 1.5 0.150205 -0.105537 0.630028 3.56868e+09
1 0.5 1.5 0.14158 -0.0992656 0.681417 3.65279e+09
1.5 1 1.5 0.17663 -0.0519939 0.671399 3.67348e+09
1 1.5 1.5 0.166445 -0.0438156 0.725549 3.63737e+09
2 -1.5 1.5 0.100837 -0.152274 0.549433 2.85459e+09
2.5 -1 1.5 0.152274 -0.100837 0.549433 2.85459e+09
2 -0.5 1.5 0.158105 -0.108283 0.584428 3.3402e+09
2.5 0 1.5 0.194117 -0.051078 0.576559 3.35256e+09
2 0.5 1.5 0.185027 -0.0550374 0.621156 3.58901e+09
2.5 1 1.5 0.209902 -0.00104006 0.603728 3.61691e+09
2 1.5 1.5 0.204761 -0.000373035 0.651597 3.70366e+09
