449
-2.5 -1 -1.5 -0.372741 -0.677137 0.174954 2.77186e+11
-2.5 0 -1.5 -0.291353 -0.716691 0.262134 3.39166e+11
-2.5 1 -1.5 -0.212505 -0.734767 0.33932 3.63283e+11
-2 -1.5 -1.5 -0.368422 -0.609492 0.191042 2.1455e+11
-1.5 -1 -1.5 -0.325136 -0.542677 0.277377 1.88396e+11
-2 -0.5 -1.5 -0.309156 -0.621889 0.26677 2.65625e+11
-1.5 0 -1.5 -0.275988 -0.543221 0.340269 2.16136e+11
-2 0.5 -1.5 -0.243795 -0.640862 0.33753 2.9996e+11
-1.5 1 -1.5 -0.221725 -0.534484 0.39609 2.25778e+11
-2 1.5 -1.5 -0.183637 -0.631827 0.398127 2.8621e+11
-1 -1.5 -1.5 -0.333034 -0.45387 0.291091 1.31588e+11
-0.5 -1 -1.5 -0.302506 -0.376313 0.364039 1.08126e+11
-1 -0.5 -1.5 -0.298489 -0.455505 0.348725 1.52716e+11
-0.5 0 -1.5 -0.279655 -0.358316 0.406919 1.20406e+11
-1 0.5 -1.5 -0.259576 -0.437674 0.397404 1.65797e+11
-0.5 1 -1.5 -0.255132 -0.344374 0.443004 1.29433e+11
-1 1.5 -1.5 -0.222347 -0.43711 0.440389 1.74722e+11
0 -1.5 -1.5 -0.278945 -0.31415 0.388795 7.70935e+10
0.5 -1 -1.5 -0.258165 -0.240454 0.448397 6.39244e+10
0 -0.5 -1.5 -0.278306 -0.2921 0.424617 8.7349e+10
0.5 0 -1.5 -0.262494 -0.215086 0.474478 7.10116e+10
0 0.5 -1.5 -0.267538 -0.271523 0.455051 9.56737e+10
0.5 1 -1.5 -0.266223 -0.195061 0.491176 7.67221e+10
0 1.5 -1.5 -0.261645 -0.260109 0.475843 1.01461e+11
1 -1.5 -1.5 -0.23846 -0.200119 0.471021 4.77417e+10
1.5 -1 -1.5 -0.223915 -0.141995 0.523741 4.08439e+10
1 -0.5 -1.5 -0.243838 -0.172548 0.498876 5.33489e+10
1.5 0 -1.5 -0.236263 -0.112503 0.540824 4.49842e+10
1 0.5 -1.5 -0.256362 -0.146952 0.513609 5.84145e+10
1.5 1 -1.5 -0.252839 -0.0837934 0.546152 4.85597e+10
1 1.5 -1.5 -0.267476 -0.122498 0.519717 6.20767e+10
2 -1.5 -1.5 -0.204893 -0.123452 0.548242 3.20091e+10
2.5 -1 -1.5 -0.1949 -0.077544 0.598242 2.81832e+10
2 -0.5 -1.5 -0.214828 -0.0897336 0.569474 3.52294e+10
2.5 0 -1.5 -0.207815 -0.0420744 0.610537 3.06669e+10
2 0.5 -1.5 -0.230856 -0.0576562 0.577323 3.83177e+10
2.5 1 -1.5 -0.224879 -0.00841737 0.61048 3.31147e+10
2 1.5 -1.5 -0.248524 -0.0267176 0.5749 4.10523e+10
-2.25 -0.75 -1.25 -0.51302 -0.498527 0.153204 5.51585e+10
-2.25 0.25 -1.25 -0.468624 -0.568054 0.220275 6.73113e+10
-2.25 1.25 -1.25 -0.405381 -0.623756 0.283918 7.27085e+10
-1.75 -1.25 -1.25 -0.501847 -0.378569 0.176731 4.20358e+10
-1.25 -0.75 -1.25 -0.449615 -0.364352 0.265939 3.9427e+10
-1.75 -0.25 -1.25 -0.497313 -0.429909 0.229677 5.28698e+10
-1.25 0.25 -1.25 -0.443127 -0.392294 0.307946 4.51153e+10
-1.75 0.75 -1.25 -0.466494 -0.483521 0.279161 5.91508e+10
-1.25 1.25 -1.25 -0.418371 -0.425592 0.349862 4.81447e+10
-0.75 -1.25 -1.25 -0.400374 -0.320281 0.302408 3.0012e+10
-0.25 -0.75 -1.25 -0.360088 -0.287785 0.375912 2.53172e+10
-0.75 -0.25 -1.25 -0.403179 -0.333967 0.342126 3.39083e+10
-0.25 0.25 -1.25 -0.362108 -0.285165 0.409101 2.76813e+10
-0.75 0.75 -1.25 -0.39369 -0.341645 0.378729 3.68001e+10
-0.25 1.25 -1.25 -0.3614 -0.294061 0.434161 2.95303e+10
0.25 -1.25 -1.25 -0.302115 -0.250004 0.410942 1.86271e+10
0.75 -0.75 -1.25 -0.274727 -0.223779 0.46885 1.58044e+10
0.25 -0.25 -1.25 -0.320284 -0.246869 0.439953 2.08959e+10
0.75 0.25 -1.25 -0.291983 -0.211845 0.490403 1.73073e+10
0.25 0.75 -1.25 -0.329113 -0.241639 0.462314 2.25321e+10
0.75 1.25 -1.25 -0.304931 -0.196045 0.503297 1.82935e+10
1.25 -1.25 -1.25 -0.242682 -0.218899 0.491734 1.22552e+10
1.75 -0.75 -1.25 -0.227437 -0.191222 0.541736 1.05539e+10
1.25 -0.25 -1.25 -0.254976 -0.194709 0.517505 1.33796e+10
1.75 0.25 -1.25 -0.238988 -0.161761 0.559355 1.13436e+10
1.25 0.75 -1.25 -0.271545 -0.173084 0.531093 1.43464e+10
1.75 1.25 -1.25 -0.252831 -0.131741 0.566273 1.19831e+10
2.25 -1.25 -1.25 -0.210076 -0.193503 0.563613 8.46973e+09
2.25 -0.25 -1.25 -0.214286 -0.160925 0.586559 9.11751e+09
2.25 0.75 -1.25 -0.223059 -0.126018 0.597311 9.68346e+09
-2.5 -1.5 -1 -0.401701 -0.656618 0.125476 1.62195e+11
-2.5 -0.5 -1 -0.32783 -0.706199 0.212083 2.12054e+11
-2.5 0.5 -1 -0.249458 -0.736609 0.291018 2.41117e+11
-2.5 1.5 -1 -0.222532 -0.701594 0.347615 1.90716e+11
-1.5 -1.5 -1 -0.362702 -0.550275 0.216965 1.59792e+11
-2 -1 -1 -0.345961 -0.625055 0.210634 1.97598e+11
-1.5 -0.5 -1 -0.30647 -0.562677 0.287996 1.9032e+11
-2 0 -1 -0.274549 -0.649496 0.286751 2.31848e+11
-1.5 0.5 -1 -0.255296 -0.559716 0.345037 2.04971e+11
-2 1 -1 -0.228287 -0.64407 0.342966 2.2816e+11
-1.5 1.5 -1 -0.20107 -0.549514 0.397433 2.02268e+11
-0.5 -1.5 -1 -0.308929 -0.422623 0.323784 1.06653e+11
-1 -1 -1 -0.323368 -0.486645 0.298902 1.45275e+11
-0.5 -0.5 -1 -0.292259 -0.405074 0.368699 1.22613e+11
-1 0 -1 -0.282482 -0.475739 0.352417 1.62663e+11
-0.5 0.5 -1 -0.258836 -0.383417 0.41114 1.32476e+11
-1 1 -1 -0.236533 -0.463453 0.400267 1.69845e+11
-0.5 1.5 -1 -0.234504 -0.381058 0.443475 1.38683e+11
0.5 -1.5 -1 -0.269392 -0.294618 0.41525 6.74907e+10
0 -1 -1 -0.281637 -0.346395 0.392531 9.06233e+10
0.5 -0.5 -1 -0.260023 -0.269199 0.45132 7.58217e+10
0 0 -1 -0.267553 -0.320041 0.428408 1.0048e+11
0.5 0.5 -1 -0.25745 -0.244942 0.474802 8.27234e+10
0 1 -1 -0.252717 -0.303674 0.456005 1.07569e+11
0.5 1.5 -1 -0.255864 -0.224254 0.489175 8.66656e+10
1.5 -1.5 -1 -0.232269 -0.200537 0.498788 4.46991e+10
1 -1 -1 -0.247794 -0.228507 0.474928 5.77396e+10
1.5 -0.5 -1 -0.234479 -0.168658 0.525137 4.9508e+10
1 0 -1 -0.248305 -0.200972 0.499085 6.36713e+10
1.5 0.5 -1 -0.242237 -0.138007 0.538425 5.36835e+10
1 1 -1 -0.254367 -0.173837 0.511149 6.81674e+10
1.5 1.5 -1 -0.252161 -0.107291 0.541785 5.6682e+10
2.5 -1.5 -1 -0.207502 -0.135713 0.577365 3.16274e+10
2 -1 -1 -0.219034 -0.147735 0.551826 3.91326e+10
2.5 -0.5 -1 -0.209072 -0.0990465 0.599107 3.44127e+10
2 0 -1 -0.226029 -0.11346 0.568215 4.26695e+10
2.5 0.5 -1 -0.218184 -0.0626627 0.607065 3.70841e+10
2 1 -1 -0.236812 -0.079799 0.572899 4.56836e+10
2.5 1.5 -1 -0.229544 -0.0273112 0.604145 3.94897e+10
-2.25 -1.25 -0.75 -0.517716 -0.383644 0.0874293 3.02803e+10
-2.25 -0.25 -0.75 -0.494806 -0.459815 0.152267 3.98257e+10
-2.25 0.75 -0.75 -0.466203 -0.539051 0.210186 4.53476e+10
-1.25 -1.25 -0.75 -0.497155 -0.269477 0.192229 3.15278e+10
-1.75 -0.75 -0.75 -0.534405 -0.322817 0.153869 3.65557e+10
-1.25 -0.25 -0.75 -0.502003 -0.313892 0.229896 3.75257e+10
-1.75 0.25 -0.75 -0.519945 -0.397945 0.20057 4.35608e+10
-1.25 0.75 -0.75 -0.494361 -0.349529 0.267898 4.13955e+10
-1.75 1.25 -0.75 -0.488302 -0.451469 0.253195 4.65935e+10
-0.25 -1.25 -0.75 -0.390871 -0.176804 0.324224 2.21918e+10
-0.75 -0.75 -0.75 -0.467837 -0.242324 0.270745 2.95955e+10
-0.25 -0.25 -0.75 -0.424754 -0.197181 0.345676 2.57861e+10
-0.75 0.25 -0.75 -0.474408 -0.261755 0.301681 3.321e+10
-0.25 0.75 -0.75 -0.433655 -0.212811 0.368644 2.80485e+10
-0.75 1.25 -0.75 -0.465793 -0.29793 0.332094 3.53495e+10
0.75 -1.25 -0.75 -0.301588 -0.141811 0.428702 1.52933e+10
0.25 -0.75 -0.75 -0.357678 -0.156292 0.391221 1.96629e+10
0.75 -0.25 -0.75 -0.329745 -0.129755 0.449011 1.69723e+10
0.25 0.25 -0.75 -0.385324 -0.162863 0.409055 2.19144e+10
0.75 0.75 -0.75 -0.358612 -0.127071 0.459267 1.84285e+10
0.25 1.25 -0.75 -0.40373 -0.170962 0.421494 2.33423e+10
1.75 -1.25 -0.75 -0.239717 -0.117403 0.514978 1.06181e+10
1.25 -0.75 -0.75 -0.279998 -0.117778 0.484343 1.3354e+10
1.75 -0.25 -0.75 -0.264248 -0.0928647 0.532191 1.1616e+10
1.25 0.25 -0.75 -0.30838 -0.101019 0.497193 1.45362e+10
1.75 0.75 -0.75 -0.290168 -0.0683185 0.538946 1.24282e+10
1.25 1.25 -0.75 -0.335809 -0.0861906 0.501439 1.54344e+10
2.25 -0.75 -0.75 -0.229285 -0.0945018 0.564163 9.39616e+09
2.25 0.25 -0.75 -0.250327 -0.0640239 0.575371 1.01051e+10
2.25 1.25 -0.75 -0.272274 -0.0335166 0.576402 1.06977e+10
-2.5 -1 -0.5 -0.406903 -0.591354 0.143854 9.54518e+10
-2.5 0 -0.5 -0.345891 -0.638958 0.224223 1.14322e+11
-2.5 1 -0.5 -0.301267 -0.67906 0.286548 1.21062e+11
-2 -1.5 -0.5 -0.404689 -0.571821 0.145479 1.13999e+11
-1.5 -1 -0.5 -0.349639 -0.550968 0.230025 1.35741e+11
-2 -0.5 -0.5 -0.333072 -0.603745 0.225132 1.40779e+11
-1.5 0 -0.5 -0.297369 -0.559835 0.291309 1.55414e+11
-2 0.5 -0.5 -0.290738 -0.627747 0.284207 1.5456e+11
-1.5 1 -0.5 -0.242597 -0.547506 0.345844 1.54027e+11
-2 1.5 -0.5 -0.222255 -0.600456 0.34531 1.38757e+11
-1 -1.5 -0.5 -0.340418 -0.503207 0.252234 1.12786e+11
-0.5 -1 -0.5 -0.30704 -0.439241 0.327299 1.05132e+11
-1 -0.5 -0.5 -0.309005 -0.494868 0.304988 1.33354e+11
-0.5 0 -0.5 -0.275995 -0.415003 0.371857 1.16486e+11
-1 0.5 -0.5 -0.259268 -0.478662 0.356441 1.41419e+11
-0.5 1 -0.5 -0.241676 -0.402629 0.410314 1.22241e+11
-1 1.5 -0.5 -0.217022 -0.477337 0.39918 1.42278e+11
0 -1.5 -0.5 -0.301939 -0.38079 0.349987 8.06887e+10
0.5 -1 -0.5 -0.273519 -0.31113 0.417728 7.08538e+10
0 -0.5 -0.5 -0.278908 -0.360319 0.393818 9.15792e+10
0.5 0 -0.5 -0.260483 -0.285916 0.449681 7.81666e+10
0 0.5 -0.5 -0.25872 -0.337234 0.426761 9.90979e+10
0.5 1 -0.5 -0.254765 -0.263229 0.468956 8.30574e+10
0 1.5 -0.5 -0.244859 -0.325578 0.449201 1.02349e+11
1 -1.5 -0.5 -0.260703 -0.274145 0.442984 5.48998e+10
1.5 -1 -0.5 -0.242855 -0.214582 0.501317 4.82669e+10
1 -0.5 -0.5 -0.254314 -0.244542 0.474916 6.12295e+10
1.5 0 -0.5 -0.24389 -0.182682 0.522086 5.2807e+10
1 0.5 -0.5 -0.252846 -0.217117 0.494146 6.6269e+10
1.5 1 -0.5 -0.248379 -0.151022 0.53155 5.60948e+10
1 1.5 -0.5 -0.254395 -0.189474 0.503448 6.89745e+10
2 -1.5 -0.5 -0.233761 -0.193673 0.526407 3.86282e+10
2.5 -1 -0.5 -0.219768 -0.145087 0.580627 3.45195e+10
2 -0.5 -0.5 -0.231042 -0.159367 0.551532 4.23871e+10
2.5 0 -0.5 -0.221001 -0.1078 0.596519 3.7284e+10
2 0.5 -0.5 -0.236063 -0.124331 0.563066 4.55898e+10
2.5 1 -0.5 -0.227584 -0.0705559 0.600057 3.96765e+10
2 1.5 -0.5 -0.243177 -0.0897344 0.564501 4.79002e+10
-2.25 -0.75 -0.25 -0.528856 -0.349113 0.0833136 2.10271e+10
-2.25 0.25 -0.25 -0.51663 -0.448654 0.145686 2.59623e+10
-2.25 1.25 -0.25 -0.505562 -0.518467 0.204258 2.8942e+10
-1.75 -1.25 -0.25 -0.505168 -0.227317 0.11622 2.17159e+10
-1.25 -0.75 -0.25 -0.530786 -0.206501 0.175313 2.56414e+10
-1.75 -0.25 -0.25 -0.509578 -0.294368 0.159255 2.72462e+10
-1.25 0.25 -0.25 -0.543115 -0.25734 0.205829 2.98682e+10
-1.75 0.75 -0.25 -0.52381 -0.365246 0.196422 3.1159e+10
-1.25 1.25 -0.25 -0.523805 -0.310091 0.246355 3.14283e+10
-0.75 -1.25 -0.25 -0.465315 -0.116838 0.228104 2.10326e+10
-0.25 -0.75 -0.25 -0.444823 -0.109071 0.296169 2.06738e+10
-0.75 -0.25 -0.25 -0.512035 -0.162848 0.243283 2.5752e+10
-0.25 0.25 -0.25 -0.477428 -0.133237 0.311664 2.35873e+10
-0.75 0.75 -0.25 -0.518963 -0.200495 0.269031 2.82584e+10
-0.25 1.25 -0.25 -0.493958 -0.168461 0.326841 2.51328e+10
0.25 -1.25 -0.25 -0.377682 -0.079138 0.347359 1.6529e+10
0.75 -0.75 -0.25 -0.352581 -0.0556885 0.410468 1.49874e+10
0.25 -0.25 -0.25 -0.418791 -0.0823674 0.361313 1.87979e+10
0.75 0.25 -0.25 -0.392156 -0.0558408 0.418898 1.65553e+10
0.25 0.75 -0.25 -0.451197 -0.101271 0.370529 2.06509e+10
0.75 1.25 -0.25 -0.426981 -0.0615187 0.421833 1.76901e+10
1.25 -1.25 -0.25 -0.289675 -0.0471034 0.454386 1.19326e+10
1.75 -0.75 -0.25 -0.277342 -0.0299243 0.506807 1.07352e+10
1.25 -0.25 -0.25 -0.331724 -0.0356131 0.46503 1.33076e+10
1.75 0.25 -0.25 -0.315317 -0.0110117 0.512734 1.16981e+10
1.25 0.75 -0.25 -0.370203 -0.0265822 0.468079 1.43712e+10
1.75 1.25 -0.25 -0.34996 0.00662026 0.511124 1.24209e+10
2.25 -1.25 -0.25 -0.236792 -0.0370892 0.542594 8.79744e+09
2.25 -0.25 -0.25 -0.266323 -0.00811372 0.554751 9.57482e+09
2.25 0.75 -0.25 -0.299326 0.0173386 0.555935 1.02653e+10
-2.5 -1.5 0 -0.495201 -0.517808 0.0596334 4.83985e+10
-2.5 -0.5 0 -0.442947 -0.583154 0.148614 6.12362e+10
-2.5 0.5 0 -0.385456 -0.638275 0.227697 6.96996e+10
-2.5 1.5 0 -0.222304 -0.712245 0.320749 6.11659e+10
-1.5 -1.5 0 -0.362392 -0.529963 0.193313 7.82352e+10
-2 -1 0 -0.382779 -0.534915 0.169361 7.41292e+10
-1.5 -0.5 0 -0.313663 -0.530247 0.25306 9.61054e+10
-2 0 0 -0.338656 -0.572778 0.235811 8.75327e+10
-1.5 0.5 0 -0.272608 -0.536005 0.304977 1.02555e+11
-2 1 0 -0.292931 -0.593086 0.29336 8.91386e+10
-1.5 1.5 0 -0.211455 -0.532202 0.357177 9.83621e+10
-0.5 -1.5 0 -0.328966 -0.447559 0.282274 7.67609e+10
-1 -1 0 -0.323321 -0.49838 0.266054 8.99783e+10
-0.5 -0.5 0 -0.295942 -0.436175 0.331856 8.88706e+10
-1 0 0 -0.282894 -0.485263 0.315486 1.00806e+11
-0.5 0.5 0 -0.258069 -0.415597 0.37374 9.47048e+10
-1 1 0 -0.232248 -0.474923 0.363076 1.0212e+11
-0.5 1.5 0 -0.235076 -0.411228 0.402811 9.51329e+10
0.5 -1.5 0 -0.288929 -0.346326 0.380243 5.85197e+10
0 -1 0 -0.297638 -0.387014 0.35401 7.32832e+10
0.5 -0.5 0 -0.27299 -0.319533 0.417833 6.5797e+10
0 0 0 -0.27038 -0.364754 0.393679 8.07035e+10
0.5 0.5 0 -0.259945 -0.295561 0.443848 7.08807e+10
0 1 0 -0.25188 -0.347137 0.420406 8.46048e+10
0.5 1.5 0 -0.252316 -0.273639 0.459348 7.25757e+10
1.5 -1.5 0 -0.259722 -0.253435 0.470628 4.23928e+10
1 -1 0 -0.266615 -0.282877 0.444701 5.27953e+10
1.5 -0.5 0 -0.252005 -0.222075 0.499704 4.69489e+10
1 0 0 -0.259734 -0.253536 0.470604 5.79301e+10
1.5 0.5 0 -0.251916 -0.189602 0.515257 5.04116e+10
1 1 0 -0.256402 -0.225749 0.485415 6.10118e+10
1.5 1.5 0 -0.253882 -0.15773 0.521276 5.22e+10
2.5 -1.5 0 -0.236477 -0.18587 0.556596 3.15092e+10
2 -1 0 -0.243514 -0.199435 0.528603 3.81945e+10
2.5 -0.5 0 -0.230426 -0.148119 0.580336 3.42146e+10
2 0 0 -0.241534 -0.164381 0.547557 4.14285e+10
2.5 0.5 0 -0.231432 -0.109984 0.590649 3.65402e+10
2 1 0 -0.244855 -0.128632 0.554599 4.37584e+10
2.5 1.5 0 -0.235895 -0.0717985 0.589972 3.8275e+10
-2.25 -1.25 0.25 -0.557571 -0.158077 0.00552599 1.06816e+10
-2.25 -0.25 0.25 -0.586988 -0.305729 0.072337 1.42344e+10
-2.25 0.75 0.25 -0.592863 -0.409462 0.137411 1.69692e+10
-1.25 -1.25 0.25 -0.468637 -0.0749678 0.159798 1.42381e+10
-1.75 -0.75 0.25 -0.509243 -0.190321 0.120192 1.4723e+10
-1.25 -0.25 0.25 -0.524236 -0.119614 0.17834 1.81696e+10
-1.75 0.25 0.25 -0.54356 -0.268701 0.157907 1.79134e+10
-1.25 0.75 0.25 -0.55391 -0.18626 0.200689 2.03912e+10
-1.75 1.25 0.25 -0.538842 -0.345102 0.200187 1.91632e+10
-0.25 -1.25 0.25 -0.436901 -0.031907 0.261875 1.46309e+10
-0.75 -0.75 0.25 -0.485342 -0.0770416 0.21395 1.68561e+10
-0.25 -0.25 0.25 -0.491892 -0.0506584 0.268777 1.72708e+10
-0.75 0.25 0.25 -0.52745 -0.112689 0.227139 1.97651e+10
-0.25 0.75 0.25 -0.521784 -0.0890594 0.280474 1.91089e+10
-0.75 1.25 0.25 -0.541564 -0.174539 0.24758 2.08861e+10
0.75 -1.25 0.25 -0.350089 0.0128792 0.380848 1.17975e+10
0.25 -0.75 0.25 -0.426045 -0.00655146 0.324465 1.44642e+10
0.75 -0.25 0.25 -0.406874 0.0088962 0.384361 1.34873e+10
0.25 0.25 0.25 -0.471852 -0.024161 0.329684 1.62627e+10
0.75 0.75 0.25 -0.451766 1.49189e-07 0.385125 1.46991e+10
0.25 1.25 0.25 -0.507422 -0.0516888 0.334218 1.74033e+10
1.75 -1.25 0.25 -0.281491 0.0250253 0.483725 9.06014e+09
1.25 -0.75 0.25 -0.339132 0.0255583 0.437326 1.10226e+10
1.75 -0.25 0.25 -0.327405 0.0430006 0.489367 1.00447e+10
1.25 0.25 0.25 -0.390124 0.0292294 0.438012 1.21962e+10
1.75 0.75 0.25 -0.373342 0.0550062 0.486542 1.08643e+10
1.25 1.25 0.25 -0.432859 0.0301335 0.43471 1.29933e+10
2.25 -0.75 0.25 -0.27343 0.0414105 0.535909 8.32514e+09
2.25 0.25 0.25 -0.315223 0.0647812 0.537273 9.04639e+09
2.25 1.25 0.25 -0.355123 0.0837193 0.530496 9.64078e+09
-2.5 -1 0.5 -0.479611 -0.592169 0.0807994 2.88744e+10
-2.5 0 0.5 -0.397887 -0.659789 0.180665 3.44467e+10
-2.5 1 0.5 -0.30234 -0.703193 0.265113 3.51684e+10
-2 -1.5 0.5 -0.439658 -0.522776 0.126332 3.65219e+10
-1.5 -1 0.5 -0.334889 -0.509043 0.219011 5.15677e+10
-2 -0.5 0.5 -0.385583 -0.572602 0.201883 4.63339e+10
-1.5 0 0.5 -0.29342 -0.522952 0.274357 5.89678e+10
-2 0.5 0.5 -0.323179 -0.607678 0.269412 5.07253e+10
-1.5 1 0.5 -0.259516 -0.519639 0.31894 5.7695e+10
-2 1.5 0.5 -0.293221 -0.595694 0.318812 4.2842e+10
-1 -1.5 0.5 -0.339851 -0.475823 0.227328 5.24375e+10
-0.5 -1 0.5 -0.307814 -0.438896 0.29661 5.90003e+10
-1 -0.5 0.5 -0.300647 -0.473895 0.281602 6.22806e+10
-0.5 0 0.5 -0.274703 -0.422518 0.339695 6.50233e+10
-1 0.5 0.5 -0.266207 -0.465022 0.324142 6.57675e+10
-0.5 1 0.5 -0.246499 -0.410943 0.373024 6.68858e+10
-1 1.5 0.5 -0.237289 -0.471691 0.359444 6.4472e+10
0 -1.5 0.5 -0.309135 -0.406973 0.3178 5.13276e+10
0.5 -1 0.5 -0.287258 -0.348052 0.383884 4.96419e+10
0 -0.5 0.5 -0.285484 -0.383865 0.359215 5.83752e+10
0.5 0 0.5 -0.270098 -0.320628 0.415488 5.45198e+10
0 0.5 0.5 -0.259837 -0.363253 0.392219 6.22858e+10
0.5 1 0.5 -0.25782 -0.297146 0.436091 5.66664e+10
0 1.5 0.5 -0.244657 -0.34577 0.413375 6.2233e+10
1 -1.5 0.5 -0.28353 -0.31427 0.410085 4.10748e+10
1.5 -1 0.5 -0.265389 -0.257171 0.47234 3.80475e+10
1 -0.5 0.5 -0.270014 -0.285904 0.443327 4.59412e+10
1.5 0 0.5 -0.259055 -0.224741 0.494911 4.14303e+10
1 0.5 0.5 -0.26265 -0.256056 0.46366 4.91409e+10
1.5 1 0.5 -0.257811 -0.191641 0.505913 4.33678e+10
1 1.5 0.5 -0.258656 -0.228795 0.474549 4.99979e+10
2 -1.5 0.5 -0.260943 -0.236684 0.500793 3.15128e+10
2.5 -1 0.5 -0.244627 -0.18608 0.559485 2.89355e+10
2 -0.5 0.5 -0.251663 -0.201253 0.527375 3.45671e+10
2.5 0 0.5 -0.239675 -0.147325 0.57683 3.1111e+10
2 0.5 0.5 -0.250061 -0.165106 0.540677 3.68534e+10
2.5 1 0.5 -0.240433 -0.108119 0.581865 3.27235e+10
2 1.5 0.5 -0.251845 -0.128651 0.54369 3.80515e+10
-2.25 -0.75 0.75 -0.617387 -0.111885 0.0127969 4.4773e+09
-2.25 0.25 0.75 -0.654366 -0.261359 0.0849443 5.57521e+09
-2.25 1.25 0.75 -0.620211 -0.376168 0.163068 5.89876e+09
-1.75 -1.25 0.75 -0.475283 -0.0707966 0.0767061 7.11786e+09
-1.25 -0.75 0.75 -0.471285 -0.0609548 0.154626 9.88397e+09
-1.75 -0.25 0.75 -0.532088 -0.149443 0.119133 9.11905e+09
-1.25 0.25 0.75 -0.525165 -0.120589 0.175081 1.18105e+10
-1.75 0.75 0.75 -0.561941 -0.257081 0.159951 1.04479e+10
-1.25 1.25 0.75 -0.549878 -0.203926 0.203722 1.25661e+10
-0.75 -1.25 0.75 -0.438219 -0.00390349 0.197345 9.7162e+09
-0.25 -0.75 0.75 -0.459612 0.0352821 0.250475 1.11526e+10
-0.75 -0.25 0.75 -0.507569 -0.0302464 0.204213 1.19231e+10
-0.25 0.25 0.75 -0.515335 0.00537976 0.253058 1.28259e+10
-0.75 0.75 0.75 -0.548345 -0.0854432 0.217793 1.33287e+10
-0.25 1.25 0.75 -0.552718 -0.0442165 0.260967 1.36947e+10
0.25 -1.25 0.75 -0.392763 0.0589005 0.306253 9.77526e+09
0.75 -0.75 0.75 -0.398445 0.0697402 0.360088 9.86681e+09
0.25 -0.25 0.75 -0.462809 0.0435434 0.30323 1.15323e+10
0.75 0.25 0.75 -0.457634 0.0579849 0.356729 1.11102e+10
0.25 0.75 0.75 -0.510411 0.0179263 0.303863 1.26622e+10
0.75 1.25 0.75 -0.503785 0.0418633 0.353886 1.18302e+10
1.25 -1.25 0.75 -0.331524 0.0794355 0.416016 8.3083e+09
1.75 -0.75 0.75 -0.327488 0.0919029 0.470174 7.9137e+09
1.25 -0.25 0.75 -0.392067 0.0837235 0.414638 9.42498e+09
1.75 0.25 0.75 -0.382745 0.102844 0.466134 8.72316e+09
1.25 0.75 0.75 -0.446487 0.0805807 0.408808 1.0285e+10
1.75 1.25 0.75 -0.431602 0.107579 0.457343 9.32595e+09
2.25 -1.25 0.75 -0.270824 0.0831464 0.520098 6.66941e+09
2.25 -0.25 0.75 -0.3202 0.108039 0.521534 7.36559e+09
2.25 0.75 0.75 -0.369505 0.124665 0.514154 7.96416e+09
-2.5 -1.5 1 -0.572998 -0.467643 0.00155404 1.29072e+10
-2.5 -0.5 1 -0.492328 -0.575205 0.113874 1.57771e+10
-2.5 0.5 1 -0.400484 -0.650196 0.210431 1.74799e+10
-2.5 1.5 1 -0.290265 -0.706363 0.293111 1.59712e+10
-1.5 -1.5 1 -0.400331 -0.448133 0.163089 2.52488e+10
-2 -1 1 -0.471 -0.463694 0.138713 1.97594e+10
-1.5 -0.5 1 -0.36135 -0.484493 0.227809 3.10182e+10
-2 0 1 -0.416075 -0.52624 0.21715 2.32602e+10
-1.5 0.5 1 -0.335315 -0.512753 0.275178 3.36947e+10
-2 1 1 -0.371406 -0.570007 0.27834 2.41685e+10
-1.5 1.5 1 -0.286625 -0.522221 0.324525 3.17169e+10
-0.5 -1.5 1 -0.315815 -0.442555 0.267711 3.43508e+10
-1 -1 1 -0.315627 -0.455913 0.252337 3.45716e+10
-0.5 -0.5 1 -0.285593 -0.423834 0.31253 3.96799e+10
-1 0 1 -0.282294 -0.456437 0.299555 3.86229e+10
-0.5 0.5 1 -0.2547 -0.407886 0.349474 4.18565e+10
-1 1 1 -0.254968 -0.44945 0.335934 3.88652e+10
-0.5 1.5 1 -0.23478 -0.397502 0.375315 4.09996e+10
0.5 -1.5 1 -0.298365 -0.367638 0.351245 3.35892e+10
0 -1 1 -0.297055 -0.397017 0.32903 3.76798e+10
0.5 -0.5 1 -0.280381 -0.341519 0.3874 3.79884e+10
0 0 1 -0.27088 -0.370501 0.364894 4.14136e+10
0.5 0.5 1 -0.263951 -0.31379 0.412984 4.03628e+10
0 1 1 -0.251508 -0.353276 0.390793 4.23431e+10
0.5 1.5 1 -0.255449 -0.291936 0.428524 4.01118e+10
1.5 -1.5 1 -0.281918 -0.290029 0.442031 2.81949e+10
1 -1 1 -0.281968 -0.313433 0.414131 3.31273e+10
1.5 -0.5 1 -0.268226 -0.256676 0.47185 3.12579e+10
1 0 1 -0.269652 -0.283091 0.440744 3.61645e+10
1.5 0.5 1 -0.262688 -0.222644 0.48871 3.31968e+10
1 1 1 -0.262757 -0.252822 0.456213 3.73722e+10
1.5 1.5 1 -0.261005 -0.188896 0.495686 3.36714e+10
2.5 -1.5 1 -0.262355 -0.222574 0.534644 2.26852e+10
2 -1 1 -0.265403 -0.236518 0.503593 2.66087e+10
2.5 -0.5 1 -0.251206 -0.183572 0.559387 2.46151e+10
2 0 1 -0.257733 -0.199574 0.523689 2.87157e+10
2.5 0.5 1 -0.247861 -0.143504 0.570451 2.60823e+10
2 1 1 -0.256368 -0.162073 0.531821 2.99304e+10
2.5 1.5 1 -0.247547 -0.102243 0.570761 2.69562e+10
-2.25 -1.25 1.25 -0.497581 0.140234 -0.0313227 1.94028e+09
-2.25 -0.25 1.25 -0.644243 -0.0468865 0.0346723 2.60957e+09
-2.25 0.75 1.25 -0.667659 -0.213419 0.116602 2.96304e+09
-1.25 -1.25 1.25 -0.424333 0.0292918 0.136064 4.90734e+09
-1.75 -0.75 1.25 -0.552368 -0.0660273 0.0660983 4.53844e+09
-1.25 -0.25 1.25 -0.507423 -0.0381548 0.161096 6.27751e+09
-1.75 0.25 1.25 -0.605142 -0.185383 0.11595 5.48772e+09
-1.25 0.75 1.25 -0.570671 -0.11339 0.18317 7.10831e+09
-1.75 1.25 1.25 -0.614527 -0.30446 0.17275 6.12259e+09
-0.25 -1.25 1.25 -0.390665 0.0877523 0.247846 6.36875e+09
-0.75 -0.75 1.25 -0.446725 0.0792213 0.200345 6.50784e+09
-0.25 -0.25 1.25 -0.470121 0.0701239 0.245598 7.75745e+09
-0.75 0.25 1.25 -0.518934 0.0283215 0.207329 7.65416e+09
-0.25 0.75 1.25 -0.529201 0.0316401 0.246868 8.56311e+09
-0.75 1.25 1.25 -0.57303 -0.0404507 0.21879 8.17244e+09
0.75 -1.25 1.25 -0.364649 0.124314 0.349126 6.50272e+09
0.25 -0.75 1.25 -0.42792 0.101921 0.292056 7.27137e+09
0.75 -0.25 1.25 -0.439001 0.115331 0.341415 7.59104e+09
0.25 0.25 1.25 -0.49308 0.0809897 0.287502 8.34208e+09
0.75 0.75 1.25 -0.498143 0.0988898 0.334724 8.35047e+09
0.25 1.25 1.25 -0.543953 0.0483332 0.286546 8.84957e+09
1.75 -1.25 1.25 -0.313121 0.130814 0.45726 5.72165e+09
1.25 -0.75 1.25 -0.376213 0.134197 0.400177 6.63155e+09
1.75 -0.25 1.25 -0.376534 0.147656 0.452111 6.45165e+09
1.25 0.25 1.25 -0.441997 0.131489 0.39156 7.4354e+09
1.75 0.75 1.25 -0.436193 0.152098 0.441221 7.03706e+09
1.25 1.25 1.25 -0.497055 0.122594 0.382247 7.95463e+09
2.25 -0.75 1.25 -0.314357 0.144199 0.510011 5.55141e+09
2.25 0.25 1.25 -0.371398 0.162686 0.501943 6.10682e+09
2.25 1.25 1.25 -0.422883 0.170771 0.488459 6.53563e+09
-2.5 -1 1.5 -0.601312 -0.482244 0.0271494 7.17901e+09
-2.5 0 1.5 -0.509359 -0.607323 0.14176 8.36729e+09
-2.5 1 1.5 -0.391743 -0.692267 0.239786 8.5958e+09
-2 -1.5 1.5 -0.538036 -0.460153 0.0583802 8.52111e+09
-1.5 -1 1.5 -0.41387 -0.483919 0.202412 1.45523e+10
-2 -0.5 1.5 -0.463036 -0.552062 0.161269 1.05205e+10
-1.5 0 1.5 -0.361686 -0.519265 0.267699 1.68217e+10
-2 0.5 1.5 -0.382997 -0.62096 0.246198 1.17286e+10
-1.5 1 1.5 -0.311683 -0.563493 0.315816 1.73833e+10
-2 1.5 1.5 -0.265713 -0.661163 0.323924 1.11638e+10
-1 -1.5 1.5 -0.361599 -0.447816 0.216964 1.71254e+10
-0.5 -1 1.5 -0.30674 -0.420344 0.285646 2.19409e+10
-1 -0.5 1.5 -0.3056 -0.450295 0.277049 2.01706e+10
-0.5 0 1.5 -0.273076 -0.402995 0.326986 2.43782e+10
-1 0.5 1.5 -0.278773 -0.457103 0.318726 2.1469e+10
-0.5 1 1.5 -0.255173 -0.39118 0.3554 2.43156e+10
-1 1.5 1.5 -0.257922 -0.447124 0.348368 1.99826e+10
0 -1.5 1.5 -0.298691 -0.403131 0.304867 2.18606e+10
0.5 -1 1.5 -0.286873 -0.358949 0.36274 2.39813e+10
0 -0.5 1.5 -0.28054 -0.379102 0.34218 2.51557e+10
0.5 0 1.5 -0.269659 -0.328743 0.392331 2.62386e+10
0 0.5 1.5 -0.258415 -0.352831 0.371477 2.64811e+10
0.5 1 1.5 -0.257606 -0.303117 0.412276 2.67245e+10
0 1.5 1.5 -0.247344 -0.343685 0.39155 2.57789e+10
1 -1.5 1.5 -0.295488 -0.338961 0.385523 2.17309e+10
1.5 -1 1.5 -0.280217 -0.28695 0.447323 2.16805e+10
1 -0.5 1.5 -0.275221 -0.306827 0.418765 2.43459e+10
1.5 0 1.5 -0.267351 -0.251502 0.47098 2.34461e+10
1 0.5 1.5 -0.264465 -0.274296 0.439589 2.57056e+10
1.5 1 1.5 -0.263498 -0.215594 0.482483 2.41246e+10
1 1.5 1.5 -0.260306 -0.243798 0.450456 2.54874e+10
2 -1.5 1.5 -0.280399 -0.270548 0.477638 1.89424e+10
2.5 -1 1.5 -0.264834 -0.219462 0.539081 1.81527e+10
2 -0.5 1.5 -0.267304 -0.232689 0.504631 2.07616e+10
2.5 0 1.5 -0.257188 -0.178209 0.556521 1.94325e+10
2 0.5 1.5 -0.262193 -0.19406 0.518361 2.19014e+10
2.5 1 1.5 -0.254372 -0.135918 0.561979 2.02441e+10
2 1.5 1.5 -0.260312 -0.153986 0.521986 2.23008e+10
