449
-2.5 -1 -1.5 0.646535 -0.155071 0.543352 2.22722e+10
-2.5 0 -1.5 0.664793 -0.195516 0.531357 1.85908e+10
-2.5 1 -1.5 0.695056 -0.225311 0.49421 1.53836e+10
-2 -1.5 -1.5 0.673753 -0.0849188 0.522248 3.31198e+10
-1.5 -1 -1.5 0.713191 -0.0665131 0.494235 3.68534e+10
-2 -0.5 -1.5 0.689751 -0.132135 0.517387 2.58573e+10
-1.5 0 -1.5 0.734237 -0.100202 0.485945 2.96853e+10
-2 0.5 -1.5 0.711099 -0.165049 0.498499 2.14282e+10
-1.5 1 -1.5 0.747907 -0.13175 0.462276 2.28502e+10
-2 1.5 -1.5 0.735792 -0.192085 0.455989 1.6449e+10
-1 -1.5 -1.5 0.712947 0.00745449 0.470677 5.36631e+10
-0.5 -1 -1.5 0.768719 0.0214332 0.438214 6.01824e+10
-1 -0.5 -1.5 0.75914 -0.0359331 0.461851 4.19399e+10
-0.5 0 -1.5 0.783832 -0.000257058 0.426339 4.19422e+10
-1 0.5 -1.5 0.764708 -0.0661013 0.451723 3.09913e+10
-0.5 1 -1.5 0.795641 -0.0257639 0.410545 3.13495e+10
-1 1.5 -1.5 0.783229 -0.0924817 0.419337 2.31955e+10
0 -1.5 -1.5 0.72881 0.0742883 0.426787 8.38967e+10
0.5 -1 -1.5 0.774965 0.113323 0.373224 7.60158e+10
0 -0.5 -1.5 0.79443 0.060433 0.396475 5.7258e+10
0.5 0 -1.5 0.818739 0.106423 0.351555 5.44286e+10
0 0.5 -1.5 0.809437 0.0428632 0.385533 4.13695e+10
0.5 1 -1.5 0.830521 0.0949808 0.339725 3.94136e+10
0 1.5 -1.5 0.821825 0.0221986 0.363841 3.00315e+10
1 -1.5 -1.5 0.697496 0.226867 0.353761 1.11248e+11
1.5 -1 -1.5 0.7638 0.210428 0.302154 8.82681e+10
1 -0.5 -1.5 0.810865 0.159781 0.319601 7.01303e+10
1.5 0 -1.5 0.831245 0.226778 0.263077 6.45842e+10
1 0.5 -1.5 0.83586 0.16548 0.303141 5.07637e+10
1.5 1 -1.5 0.837319 0.219588 0.252425 4.28293e+10
1 1.5 -1.5 0.839487 0.14444 0.29093 3.42462e+10
2 -1.5 -1.5 0.67906 0.301267 0.286548 1.21062e+11
2.5 -1 -1.5 0.747835 0.303759 0.222568 9.56198e+10
2 -0.5 -1.5 0.806933 0.270575 0.233047 7.90086e+10
2.5 0 -1.5 0.804756 0.341018 0.159999 6.36307e+10
2 0.5 -1.5 0.826989 0.287459 0.204842 5.25237e+10
2.5 1 -1.5 0.810234 0.34419 0.146761 4.00195e+10
2 1.5 -1.5 0.82971 0.269355 0.199346 3.38779e+10
-2.25 -0.75 -1.25 0.475293 0.224821 0.554069 3.83115e+09
-2.25 0.25 -1.25 0.450525 0.137101 0.595568 2.95476e+09
-2.25 1.25 -1.25 0.480433 0.0820506 0.591176 2.35947e+09
-1.75 -1.25 -1.25 0.562905 0.305401 0.476244 6.10706e+09
-1.25 -0.75 -1.25 0.581437 0.309696 0.474183 6.26076e+09
-1.75 -0.25 -1.25 0.510747 0.229468 0.547126 4.22514e+09
-1.25 0.25 -1.25 0.550978 0.257214 0.533981 4.74307e+09
-1.75 0.75 -1.25 0.505102 0.166865 0.576579 3.3297e+09
-1.25 1.25 -1.25 0.546583 0.20386 0.555353 3.52655e+09
-0.75 -1.25 -1.25 0.631076 0.357493 0.396585 9.67422e+09
-0.25 -0.75 -1.25 0.653276 0.395116 0.382837 1.01152e+10
-0.75 -0.25 -1.25 0.610775 0.338186 0.465506 6.95524e+09
-0.25 0.25 -1.25 0.618204 0.371174 0.453705 6.83746e+09
-0.75 0.75 -1.25 0.575237 0.290109 0.519129 4.90792e+09
-0.25 1.25 -1.25 0.602395 0.334748 0.494485 4.99916e+09
0.25 -1.25 -1.25 0.623739 0.434945 0.303937 1.30214e+10
0.75 -0.75 -1.25 0.641852 0.480061 0.279776 1.20233e+10
0.25 -0.25 -1.25 0.651257 0.436071 0.368534 9.37722e+09
0.75 0.25 -1.25 0.650221 0.486386 0.346748 8.85845e+09
0.25 0.75 -1.25 0.628127 0.415887 0.432999 6.75114e+09
0.75 1.25 -1.25 0.634017 0.470063 0.404957 6.57389e+09
1.25 -1.25 -1.25 0.555308 0.503432 0.216402 1.39285e+10
1.75 -0.75 -1.25 0.579876 0.559259 0.174491 1.25346e+10
1.25 -0.25 -1.25 0.637462 0.540243 0.250162 1.07377e+10
1.75 0.25 -1.25 0.619498 0.612855 0.217048 1.01259e+10
1.25 0.75 -1.25 0.639899 0.546478 0.319929 8.42632e+09
1.75 1.25 -1.25 0.626073 0.59983 0.283613 7.49657e+09
2.25 -1.25 -1.25 0.463879 0.554729 0.140579 1.42406e+10
2.25 -0.25 -1.25 0.549163 0.649433 0.117463 1.08639e+10
2.25 0.75 -1.25 0.595371 0.67095 0.175504 8.78068e+09
-2.5 -1.5 -1 0.636445 -0.109357 0.537903 1.34168e+10
-2.5 -0.5 -1 0.672248 -0.149558 0.536708 1.13961e+10
-2.5 0.5 -1 0.691644 -0.171682 0.52792 9.57461e+09
-2.5 1.5 -1 0.719456 -0.189207 0.496586 7.7974e+09
-1.5 -1.5 -1 0.704895 -0.0296696 0.485749 2.42802e+10
-2 -1 -1 0.697824 -0.0883019 0.51061 1.62844e+10
-1.5 -0.5 -1 0.73877 -0.0529324 0.482119 1.81768e+10
-2 0 -1 0.715504 -0.112244 0.509631 1.30983e+10
-1.5 0.5 -1 0.754938 -0.0663206 0.478003 1.45748e+10
-2 1 -1 0.7343 -0.129596 0.495344 1.07172e+10
-1.5 1.5 -1 0.769253 -0.0850085 0.458947 1.12234e+10
-0.5 -1.5 -1 0.725467 0.0686532 0.429627 3.67151e+10
-1 -1 -1 0.748552 0.00299224 0.454452 2.57261e+10
-0.5 -0.5 -1 0.792487 0.0516813 0.416758 2.77729e+10
-1 0 -1 0.777651 -0.00373624 0.448687 2.00005e+10
-0.5 0.5 -1 0.800321 0.0466289 0.412948 1.99428e+10
-1 1 -1 0.783738 -0.0193982 0.443191 1.50346e+10
-0.5 1.5 -1 0.809747 0.0342535 0.402082 1.49453e+10
0.5 -1.5 -1 0.730177 0.132574 0.383708 5.46828e+10
0 -1 -1 0.786161 0.0974912 0.390904 3.88652e+10
0.5 -0.5 -1 0.80953 0.15802 0.341488 3.49095e+10
0 0 -1 0.812723 0.10744 0.376056 2.65392e+10
0.5 0.5 -1 0.827938 0.174885 0.33032 2.51744e+10
0 1 -1 0.820152 0.106025 0.371516 1.94909e+10
0.5 1.5 -1 0.830756 0.167122 0.327069 1.8051e+10
1.5 -1.5 -1 0.712245 0.222304 0.320749 6.11659e+10
1 -1 -1 0.777588 0.197096 0.319655 4.62364e+10
1.5 -0.5 -1 0.803645 0.280269 0.253369 4.03002e+10
1 0 -1 0.825678 0.234587 0.28723 3.21319e+10
1.5 0.5 -1 0.822704 0.314022 0.232022 2.83383e+10
1 1 -1 0.830693 0.244213 0.283046 2.28026e+10
1.5 1.5 -1 0.821378 0.304153 0.233855 1.89861e+10
2.5 -1.5 -1 0.638275 0.385456 0.227697 6.96996e+10
2 -1 -1 0.755406 0.303757 0.23983 5.03051e+10
2.5 -0.5 -1 0.764548 0.391948 0.155681 4.08818e+10
2 0 -1 0.80072 0.367301 0.184815 3.42829e+10
2.5 0.5 -1 0.773008 0.447974 0.115273 2.70151e+10
2 1 -1 0.803202 0.382689 0.175707 2.28256e+10
2.5 1.5 -1 0.773666 0.438759 0.121712 1.71557e+10
-2.25 -1.25 -0.75 0.463158 0.26729 0.552254 2.45299e+09
-2.25 -0.25 -0.75 0.466952 0.153705 0.619401 1.95669e+09
-2.25 0.75 -0.75 0.483992 0.0732915 0.639108 1.60036e+09
-1.25 -1.25 -0.75 0.583972 0.361477 0.451167 4.42088e+09
-1.75 -0.75 -0.75 0.523825 0.265996 0.546733 2.83521e+09
-1.25 -0.25 -0.75 0.559923 0.273344 0.540182 3.03667e+09
-1.75 0.25 -0.75 0.515668 0.170575 0.603679 2.18105e+09
-1.25 0.75 -0.75 0.556623 0.21108 0.583595 2.41225e+09
-1.75 1.25 -0.75 0.534355 0.116919 0.614583 1.76744e+09
-0.25 -1.25 -0.75 0.608723 0.432485 0.357308 6.34652e+09
-0.75 -0.75 -0.75 0.599481 0.365536 0.452674 4.32267e+09
-0.25 -0.25 -0.75 0.622893 0.403141 0.443324 4.61082e+09
-0.75 0.25 -0.75 0.590774 0.311659 0.525831 3.32894e+09
-0.25 0.75 -0.75 0.608851 0.352214 0.503731 3.37612e+09
-0.75 1.25 -0.75 0.585732 0.257089 0.559116 2.51448e+09
0.75 -1.25 -0.75 0.559894 0.52139 0.259047 7.79545e+09
0.25 -0.75 -0.75 0.626253 0.477729 0.345886 6.19571e+09
0.75 -0.25 -0.75 0.634141 0.516958 0.321379 5.73114e+09
0.25 0.25 -0.75 0.632535 0.442318 0.422028 4.49597e+09
0.75 0.75 -0.75 0.629312 0.497636 0.39368 4.34674e+09
0.25 1.25 -0.75 0.618414 0.407242 0.47557 3.37222e+09
1.75 -1.25 -0.75 0.46281 0.585768 0.167448 8.0363e+09
1.25 -0.75 -0.75 0.592063 0.575437 0.224011 7.1363e+09
1.75 -0.25 -0.75 0.568892 0.63551 0.17976 6.05048e+09
1.25 0.25 -0.75 0.62009 0.577977 0.288987 5.30829e+09
1.75 0.75 -0.75 0.594996 0.643887 0.251353 4.98942e+09
1.25 1.25 -0.75 0.616914 0.558433 0.359938 4.15032e+09
2.25 -0.75 -0.75 0.477603 0.656937 0.101745 6.94047e+09
2.25 0.25 -0.75 0.532285 0.712354 0.127947 5.49373e+09
2.25 1.25 -0.75 0.568088 0.697193 0.207052 4.39481e+09
-2.5 -1 -0.5 0.667979 -0.125827 0.5378 6.87083e+09
-2.5 0 -0.5 0.702485 -0.136633 0.533534 5.98501e+09
-2.5 1 -0.5 0.721335 -0.142904 0.524145 5.06459e+09
-2 -1.5 -0.5 0.67221 -0.0676254 0.510466 9.88149e+09
-1.5 -1 -0.5 0.737882 -0.031043 0.478634 1.15333e+10
-2 -0.5 -0.5 0.725958 -0.0822921 0.506305 8.20542e+09
-1.5 0 -0.5 0.76493 -0.0297132 0.475236 9.13083e+09
-2 0.5 -0.5 0.743171 -0.0856396 0.504133 6.79227e+09
-1.5 1 -0.5 0.776595 -0.0274862 0.471242 7.37764e+09
-2 1.5 -0.5 0.759108 -0.0902809 0.490888 5.5312e+09
-1 -1.5 -0.5 0.728531 0.0226481 0.452357 1.68554e+10
-0.5 -1 -0.5 0.772305 0.067656 0.417845 1.68848e+10
-1 -0.5 -0.5 0.778102 0.0209954 0.445004 1.2358e+10
-0.5 0 -0.5 0.809778 0.0926448 0.405179 1.30088e+10
-1 0.5 -0.5 0.79556 0.0350864 0.44025 9.79735e+09
-0.5 1 -0.5 0.81403 0.100385 0.401383 9.80166e+09
-1 1.5 -0.5 0.801147 0.0317389 0.434417 7.53662e+09
0 -1.5 -0.5 0.727901 0.1212 0.396254 2.3515e+10
0.5 -1 -0.5 0.788238 0.182134 0.3478 2.25957e+10
0 -0.5 -0.5 0.811051 0.141958 0.372454 1.71501e+10
0.5 0 -0.5 0.825841 0.224693 0.318369 1.61503e+10
0 0.5 -0.5 0.824326 0.166274 0.360411 1.2651e+10
0.5 1 -0.5 0.826392 0.244693 0.313788 1.1892e+10
0 1.5 -0.5 0.823962 0.169483 0.35941 9.43579e+09
1 -1.5 -0.5 0.70849 0.21922 0.335619 3.01186e+10
1.5 -1 -0.5 0.774373 0.300295 0.262835 2.69936e+10
1 -0.5 -0.5 0.811645 0.270891 0.282873 2.06142e+10
1.5 0 -0.5 0.803535 0.369909 0.216617 1.78789e+10
1 0.5 -0.5 0.821368 0.313996 0.263281 1.47097e+10
1.5 1 -0.5 0.800221 0.397676 0.207671 1.27611e+10
1 1.5 -0.5 0.816121 0.317652 0.266502 1.05785e+10
2 -1.5 -0.5 0.703193 0.30234 0.265113 3.51684e+10
2.5 -1 -0.5 0.720079 0.414204 0.168441 2.73719e+10
2 -0.5 -0.5 0.769918 0.403946 0.184212 2.1847e+10
2.5 0 -0.5 0.733107 0.507882 0.0983354 1.73408e+10
2 0.5 -0.5 0.772212 0.465331 0.147319 1.4977e+10
2.5 1 -0.5 0.724401 0.543489 0.0808337 1.16782e+10
2 1.5 -0.5 0.767739 0.464773 0.153518 1.02334e+10
-2.25 -0.75 -0.25 0.47001 0.166309 0.632565 1.23152e+09
-2.25 0.25 -0.25 0.509519 0.0689304 0.658907 1.06105e+09
-2.25 1.25 -0.25 0.540573 0.0205049 0.653182 8.94804e+08
-1.75 -1.25 -0.25 0.508004 0.302326 0.541092 1.77952e+09
-1.25 -0.75 -0.25 0.565657 0.300404 0.534569 1.99074e+09
-1.75 -0.25 -0.25 0.535577 0.17985 0.611999 1.42201e+09
-1.25 0.25 -0.25 0.578257 0.208415 0.590099 1.55607e+09
-1.75 0.75 -0.25 0.556478 0.107126 0.632207 1.18017e+09
-1.25 1.25 -0.25 0.589169 0.163445 0.604359 1.28584e+09
-0.75 -1.25 -0.25 0.585624 0.414268 0.428128 2.97789e+09
-0.25 -0.75 -0.25 0.60788 0.419138 0.427225 2.78421e+09
-0.75 -0.25 -0.25 0.600376 0.316473 0.522143 2.07129e+09
-0.25 0.25 -0.25 0.62167 0.365704 0.498055 2.22238e+09
-0.75 0.75 -0.25 0.605307 0.261989 0.563136 1.69482e+09
-0.25 1.25 -0.25 0.618421 0.320836 0.5316 1.7434e+09
0.25 -1.25 -0.25 0.581788 0.501425 0.320028 3.90128e+09
0.75 -0.75 -0.25 0.584648 0.545322 0.303271 3.47414e+09
0.25 -0.25 -0.25 0.624246 0.46384 0.408204 2.84857e+09
0.75 0.25 -0.25 0.626324 0.516969 0.372019 2.78755e+09
0.25 0.75 -0.25 0.628637 0.420759 0.464026 2.24219e+09
0.75 1.25 -0.25 0.618864 0.486265 0.427161 2.20104e+09
1.25 -1.25 -0.25 0.499421 0.592605 0.219552 4.23282e+09
1.75 -0.75 -0.25 0.493715 0.666636 0.165937 3.85233e+09
1.25 -0.25 -0.25 0.589741 0.602585 0.264902 3.32113e+09
1.75 0.25 -0.25 0.559925 0.667504 0.211079 3.01166e+09
1.25 0.75 -0.25 0.606092 0.582171 0.328862 2.66097e+09
1.75 1.25 -0.25 0.576239 0.647201 0.284244 2.51129e+09
2.25 -1.25 -0.25 0.343132 0.651536 0.109976 4.30823e+09
2.25 -0.25 -0.25 0.464828 0.728596 0.0969049 3.26679e+09
2.25 0.75 -0.25 0.517658 0.734065 0.155146 2.78838e+09
-2.5 -1.5 0 0.662885 -0.112625 0.538639 4.39772e+09
-2.5 -0.5 0 0.705708 -0.125688 0.535355 3.64689e+09
-2.5 0.5 0 0.734114 -0.113462 0.526432 3.23487e+09
-2.5 1.5 0 0.749795 -0.107084 0.515423 2.74006e+09
-1.5 -1.5 0 0.704187 -0.0251877 0.485247 6.94695e+09
-2 -1 0 0.713448 -0.0794372 0.511657 4.92812e+09
-1.5 -0.5 0 0.770109 -0.0175032 0.473546 5.70042e+09
-2 0 0 0.756014 -0.0637745 0.500238 4.27909e+09
-1.5 0.5 0 0.788871 0.00525226 0.465827 4.71442e+09
-2 1 0 0.769214 -0.0501682 0.494659 3.60966e+09
-1.5 1.5 0 0.795311 0.0177994 0.459959 3.84536e+09
-0.5 -1.5 0 0.748041 0.0729603 0.42383 1.10556e+10
-1 -1 0 0.770599 0.0277638 0.44761 7.75602e+09
-0.5 -0.5 0 0.806138 0.102222 0.406626 7.89249e+09
-1 0 0 0.803203 0.0561565 0.435213 6.11476e+09
-0.5 0.5 0 0.822358 0.142721 0.391191 6.36321e+09
-1 1 0 0.810414 0.0818346 0.427928 4.97774e+09
-0.5 1.5 0 0.819855 0.157361 0.387192 4.95545e+09
0.5 -1.5 0 0.740862 0.184607 0.36153 1.42746e+10
0 -1 0 0.789335 0.145189 0.381392 1.03278e+10
0.5 -0.5 0 0.815296 0.241872 0.323864 9.89422e+09
0 0 0 0.826221 0.197276 0.355026 7.98898e+09
0.5 0.5 0 0.823749 0.296003 0.297255 7.66409e+09
0 1 0 0.825061 0.228732 0.343665 6.2255e+09
0.5 1.5 0 0.813746 0.310503 0.296351 5.79065e+09
1.5 -1.5 0 0.706363 0.290265 0.293111 1.59712e+10
1 -1 0 0.779221 0.270045 0.303543 1.25165e+10
1.5 -0.5 0 0.784859 0.395783 0.221174 1.13642e+10
1 0 0 0.811688 0.354263 0.253908 9.30229e+09
1.5 0.5 0 0.778126 0.458537 0.183675 8.13043e+09
1 1 0 0.801364 0.388739 0.24029 6.95523e+09
1.5 1.5 0 0.765955 0.468301 0.185506 5.97791e+09
2.5 -1.5 0 0.650196 0.400484 0.210431 1.74799e+10
2 -1 0 0.739962 0.412518 0.202856 1.39773e+10
2.5 -0.5 0 0.696971 0.538378 0.101879 1.1109e+10
2 0 0 0.742942 0.510791 0.135743 9.44534e+09
2.5 0.5 0 0.673001 0.611375 0.0487441 7.52622e+09
2 1 0 0.726241 0.54874 0.115072 6.79256e+09
2.5 1.5 0 0.667547 0.614746 0.0532547 5.29683e+09
-2.25 -1.25 0.25 0.471979 0.21101 0.631159 8.16847e+08
-2.25 -0.25 0.25 0.52969 0.0585002 0.670017 6.70687e+08
-2.25 0.75 0.25 0.572978 0.00756803 0.658998 6.01027e+08
-1.25 -1.25 0.25 0.540828 0.333494 0.528643 1.22344e+09
-1.75 -0.75 0.25 0.537187 0.18443 0.619778 8.74033e+08
-1.25 -0.25 0.25 0.595501 0.208902 0.590637 9.87175e+08
-1.75 0.25 0.25 0.586029 0.0974481 0.63444 7.67385e+08
-1.25 0.75 0.25 0.618417 0.151047 0.599968 8.42645e+08
-1.75 1.25 0.25 0.606393 0.0645544 0.62691 6.61108e+08
-0.25 -1.25 0.25 0.577046 0.468023 0.408808 1.84415e+09
-0.75 -0.75 0.25 0.597604 0.338627 0.515802 1.31387e+09
-0.25 -0.25 0.25 0.628383 0.36267 0.488309 1.33191e+09
-0.75 0.25 0.25 0.62796 0.251448 0.556214 1.06276e+09
-0.25 0.75 0.25 0.637715 0.320365 0.518559 1.14365e+09
-0.75 1.25 0.25 0.631313 0.222067 0.566808 9.07501e+08
0.75 -1.25 0.25 0.529439 0.586307 0.285404 2.28624e+09
0.25 -0.75 0.25 0.603718 0.475388 0.393168 1.68335e+09
0.75 -0.25 0.25 0.609288 0.524979 0.35564 1.64767e+09
0.25 0.25 0.25 0.635569 0.423973 0.448608 1.40082e+09
0.75 0.75 0.25 0.622423 0.495802 0.400667 1.4144e+09
0.25 1.25 0.25 0.630466 0.394136 0.478756 1.16773e+09
1.75 -1.25 0.25 0.412621 0.653671 0.174771 2.27315e+09
1.25 -0.75 0.25 0.54043 0.608652 0.256768 1.89518e+09
1.75 -0.25 0.25 0.512915 0.683947 0.189216 1.81274e+09
1.25 0.25 0.25 0.590099 0.596057 0.300569 1.63416e+09
1.75 0.75 0.25 0.550486 0.666686 0.238437 1.54811e+09
1.25 1.25 0.25 0.592848 0.569666 0.351945 1.37386e+09
2.25 -0.75 0.25 0.371981 0.726932 0.0891576 1.90741e+09
2.25 0.25 0.25 0.464514 0.750224 0.110587 1.64948e+09
2.25 1.25 0.25 0.504484 0.730511 0.180448 1.44517e+09
-2.5 -1 0.5 0.704306 -0.123488 0.540369 2.2592e+09
-2.5 0 0.5 0.742748 -0.106981 0.525008 2.00087e+09
-2.5 1 0.5 0.762184 -0.0790955 0.512985 1.78652e+09
-2 -1.5 0.5 0.702731 -0.0729894 0.517661 3.12646e+09
-1.5 -1 0.5 0.754632 -0.0274434 0.484693 3.37657e+09
-2 -0.5 0.5 0.754937 -0.0685116 0.50463 2.57749e+09
-1.5 0 0.5 0.798068 0.0145308 0.462148 2.93241e+09
-2 0.5 0.5 0.782653 -0.0305005 0.487535 2.29895e+09
-1.5 1 0.5 0.806425 0.050325 0.450034 2.50042e+09
-2 1.5 0.5 0.78958 -0.00667646 0.479541 1.95687e+09
-1 -1.5 0.5 0.735057 0.0204031 0.462117 4.61851e+09
-0.5 -1 0.5 0.795107 0.102049 0.417431 4.84957e+09
-1 -0.5 0.5 0.80429 0.0579093 0.438946 3.73614e+09
-0.5 0 0.5 0.826797 0.153128 0.388221 3.86769e+09
-1 0.5 0.5 0.820027 0.103808 0.418331 3.13907e+09
-0.5 1 0.5 0.824914 0.199544 0.371647 3.23891e+09
-1 1.5 0.5 0.817165 0.134337 0.410639 2.6017e+09
0 -1.5 0.5 0.759777 0.14523 0.397941 6.54015e+09
0.5 -1 0.5 0.798358 0.238892 0.338034 6.0418e+09
0 -0.5 0.5 0.822001 0.198565 0.361233 4.74894e+09
0.5 0 0.5 0.820355 0.315608 0.295057 4.64553e+09
0 0.5 0.5 0.827098 0.260982 0.331849 3.92635e+09
0.5 1 0.5 0.805814 0.363603 0.272969 3.76845e+09
0 1.5 0.5 0.813963 0.289347 0.323788 3.15005e+09
1 -1.5 0.5 0.748657 0.269625 0.321567 7.98117e+09
1.5 -1 0.5 0.75855 0.386844 0.246388 6.66852e+09
1 -0.5 0.5 0.799817 0.357421 0.266309 5.50351e+09
1.5 0 0.5 0.760417 0.489928 0.178093 5.02335e+09
1 0.5 0.5 0.788669 0.432772 0.222297 4.38186e+09
1.5 1 0.5 0.734859 0.531987 0.151452 3.86323e+09
1 1.5 0.5 0.768857 0.452227 0.216642 3.40616e+09
2 -1.5 0.5 0.692267 0.391743 0.239786 8.5958e+09
2.5 -1 0.5 0.668061 0.527494 0.137451 6.75251e+09
2 -0.5 0.5 0.719158 0.525785 0.146027 5.72957e+09
2.5 0 0.5 0.628613 0.648945 0.0373373 4.69715e+09
2 0.5 0.5 0.687717 0.600549 0.08915 4.27342e+09
2.5 1 0.5 0.600754 0.683389 0.00665538 3.44274e+09
2 1.5 0.5 0.67178 0.608521 0.0871221 3.22446e+09
-2.25 -0.75 0.75 0.538778 0.0689719 0.6793 4.26113e+08
-2.25 0.25 0.75 0.605223 -0.0114937 0.655653 3.86449e+08
-2.25 1.25 0.75 0.629537 -0.0205687 0.630889 3.48824e+08
-1.75 -1.25 0.75 0.524853 0.230712 0.622085 5.659e+08
-1.25 -0.75 0.75 0.597916 0.208845 0.593684 5.93858e+08
-1.75 -0.25 0.75 0.606638 0.0804648 0.636077 4.7346e+08
-1.25 0.25 0.75 0.646303 0.134523 0.590849 5.32713e+08
-1.75 0.75 0.75 0.641005 0.0485019 0.614486 4.34566e+08
-1.25 1.25 0.75 0.654602 0.120927 0.578226 4.7296e+08
-0.75 -1.25 0.75 0.573587 0.366845 0.509139 7.96865e+08
-0.25 -0.75 0.75 0.61755 0.377793 0.484294 8.12186e+08
-0.75 -0.25 0.75 0.641402 0.244712 0.552054 6.50973e+08
-0.25 0.25 0.75 0.658214 0.303273 0.501023 6.92038e+08
-0.75 0.75 0.75 0.660235 0.205091 0.546451 5.7893e+08
-0.25 1.25 0.75 0.650593 0.290858 0.507845 6.16741e+08
0.25 -1.25 0.75 0.547702 0.51469 0.385896 1.04368e+09
0.75 -0.75 0.75 0.579891 0.538066 0.346654 9.78823e+08
0.25 -0.25 0.75 0.638711 0.415734 0.434903 8.15123e+08
0.75 0.25 0.75 0.6237 0.489293 0.375775 8.36699e+08
0.25 0.75 0.75 0.64498 0.387177 0.45172 7.34342e+08
0.75 1.25 0.75 0.614747 0.474106 0.403534 7.47065e+08
1.25 -1.25 0.75 0.463364 0.638819 0.250644 1.19688e+09
1.75 -0.75 0.75 0.455752 0.675371 0.184305 9.97766e+08
1.25 -0.25 0.75 0.57013 0.590544 0.28265 9.20778e+08
1.75 0.25 0.75 0.521652 0.67247 0.203285 9.13958e+08
1.25 0.75 0.75 0.584896 0.575035 0.313335 8.47897e+08
1.75 1.25 0.75 0.535867 0.652693 0.252623 8.1767e+08
2.25 -1.25 0.75 0.274065 0.728794 0.104329 1.17878e+09
2.25 -0.25 0.75 0.402278 0.748265 0.0823024 9.29382e+08
2.25 0.75 0.75 0.460354 0.743579 0.123701 8.6718e+08
-2.5 -1.5 1 0.687025 -0.126063 0.55558 1.36078e+09
-2.5 -0.5 1 0.744867 -0.110967 0.530013 1.22264e+09
-2.5 0.5 1 0.773015 -0.0714954 0.506735 1.12336e+09
-2.5 1.5 1 0.783155 -0.0360782 0.494487 1.00038e+09
-1.5 -1.5 1 0.737739 -0.0253546 0.499447 2.08019e+09
-2 -1 1 0.748768 -0.0723429 0.516193 1.56551e+09
-1.5 -0.5 1 0.796895 0.00281946 0.46976 1.73725e+09
-2 0 1 0.788752 -0.0343117 0.486832 1.39986e+09
-1.5 0.5 1 0.816605 0.0607269 0.4415 1.56287e+09
-2 1 1 0.801373 0.01407 0.468124 1.2626e+09
-1.5 1.5 1 0.814406 0.101886 0.429588 1.35307e+09
-0.5 -1.5 1 0.770544 0.0925284 0.433773 2.89829e+09
-1 -1 1 0.793132 0.0449089 0.453214 2.19339e+09
-0.5 -0.5 1 0.826467 0.147379 0.397391 2.29583e+09
-1 0 1 0.826242 0.104665 0.417641 1.89992e+09
-0.5 0.5 1 0.830748 0.214328 0.361287 1.9879e+09
-1 1 1 0.824803 0.159569 0.395166 1.66274e+09
-0.5 1.5 1 0.815553 0.257201 0.348636 1.69283e+09
0.5 -1.5 1 0.763577 0.216179 0.369137 3.53485e+09
0 -1 1 0.8094 0.187145 0.380619 2.80846e+09
0.5 -0.5 1 0.817073 0.314396 0.304466 2.7405e+09
0 0 1 0.829735 0.266303 0.330382 2.32846e+09
0.5 0.5 1 0.801434 0.388444 0.259888 2.29681e+09
0 1 1 0.811959 0.324609 0.303909 2.00513e+09
0.5 1.5 1 0.77548 0.422777 0.247054 1.91137e+09
1.5 -1.5 1 0.728776 0.374222 0.277538 4.0926e+09
1 -1 1 0.785512 0.353554 0.285901 3.27548e+09
1.5 -0.5 1 0.74755 0.490753 0.19104 2.8912e+09
1 0 1 0.781565 0.444992 0.220934 2.57823e+09
1.5 0.5 1 0.710045 0.568453 0.131557 2.37328e+09
1 1 1 0.748473 0.498978 0.188443 2.16315e+09
1.5 1.5 1 0.683054 0.585219 0.122109 1.90944e+09
2.5 -1.5 1 0.638835 0.510608 0.177234 4.13736e+09
2 -1 1 0.697749 0.516717 0.175902 3.38278e+09
2.5 -0.5 1 0.600554 0.652748 0.0535354 2.75861e+09
2 0 1 0.658875 0.623819 0.082287 2.54664e+09
2.5 0.5 1 0.540328 0.723108 -0.0237495 2.12989e+09
2 1 1 0.6204 0.661525 0.0471852 2.04528e+09
2.5 1.5 1 0.531352 0.723641 -0.0254254 1.66618e+09
-2.25 -1.25 1.25 0.529735 0.0899423 0.692513 2.62731e+08
-2.25 -0.25 1.25 0.626656 -0.0226793 0.655194 2.43767e+08
-2.25 0.75 1.25 0.665111 -0.0379308 0.611421 2.2867e+08
-1.25 -1.25 1.25 0.578157 0.245591 0.600047 3.7021e+08
-1.75 -0.75 1.25 0.611252 0.0865361 0.643933 2.92932e+08
-1.25 -0.25 1.25 0.666793 0.114171 0.584811 3.2086e+08
-1.75 0.25 1.25 0.671694 0.0251881 0.599784 2.72586e+08
-1.25 0.75 1.25 0.686816 0.100679 0.552263 3.02712e+08
-1.75 1.25 1.25 0.679632 0.0348457 0.573279 2.52159e+08
-0.25 -1.25 1.25 0.586531 0.402585 0.483298 4.84942e+08
-0.75 -0.75 1.25 0.644068 0.241659 0.551941 3.84302e+08
-0.25 -0.25 1.25 0.670418 0.289312 0.490548 4.10696e+08
-0.75 0.25 1.25 0.685644 0.183088 0.527272 3.54683e+08
-0.25 0.75 1.25 0.67565 0.27001 0.474163 3.80983e+08
-0.75 1.25 1.25 0.678163 0.187933 0.512718 3.25992e+08
0.75 -1.25 1.25 0.536613 0.545121 0.35286 5.64272e+08
0.25 -0.75 1.25 0.625722 0.417702 0.430672 4.77889e+08
0.75 -0.25 1.25 0.621567 0.478441 0.35685 4.81343e+08
0.25 0.25 1.25 0.661569 0.36626 0.423877 4.31653e+08
0.75 0.75 1.25 0.622403 0.461711 0.363093 4.50442e+08
0.25 1.25 1.25 0.642377 0.367768 0.430537 4.00997e+08
1.75 -1.25 1.25 0.366585 0.677122 0.187216 5.89003e+08
1.25 -0.75 1.25 0.532745 0.593007 0.27307 5.30612e+08
1.75 -0.25 1.25 0.492201 0.657658 0.175701 4.98771e+08
1.25 0.25 1.25 0.580249 0.560878 0.277459 4.83939e+08
1.75 0.75 1.25 0.514766 0.652392 0.202145 4.87292e+08
1.25 1.25 1.25 0.569243 0.556773 0.307911 4.55984e+08
2.25 -0.75 1.25 0.333846 0.732347 0.0751434 5.16207e+08
2.25 0.25 1.25 0.416024 0.737581 0.0748352 4.89279e+08
2.25 1.25 1.25 0.449086 0.727757 0.132479 4.67648e+08
-2.5 -1 1.5 0.737335 -0.118919 0.544738 7.27967e+08
-2.5 0 1.5 0.77796 -0.0760876 0.507487 6.87562e+08
-2.5 1 1.5 0.793255 -0.0251065 0.483602 6.39151e+08
-2 -1.5 1.5 0.732958 -0.0764917 0.534179 9.25473e+08
-1.5 -1 1.5 0.789178 -0.00645938 0.486834 1.02514e+09
-2 -0.5 1.5 0.78848 -0.0434045 0.49599 8.36663e+08
-1.5 0 1.5 0.82192 0.0522553 0.442282 9.32151e+08
-2 0.5 1.5 0.80969 0.0144969 0.461269 7.79063e+08
-1.5 1 1.5 0.822865 0.116011 0.415224 8.55298e+08
-2 1.5 1.5 0.810232 0.065369 0.445317 7.03548e+08
-1 -1.5 1.5 0.771565 0.0355129 0.47682 1.28187e+09
-0.5 -1 1.5 0.819597 0.132995 0.414535 1.32942e+09
-1 -0.5 1.5 0.827224 0.0913092 0.427088 1.10699e+09
-0.5 0 1.5 0.836127 0.210969 0.36155 1.17276e+09
-1 0.5 1.5 0.832081 0.164174 0.386664 1.01234e+09
-0.5 1 1.5 0.818218 0.277194 0.330262 1.05432e+09
-1 1.5 1.5 0.817325 0.217012 0.36974 8.97948e+08
0 -1.5 1.5 0.789929 0.173283 0.403604 1.64668e+09
0.5 -1 1.5 0.809928 0.294954 0.327442 1.55575e+09
0 -0.5 1.5 0.831068 0.25609 0.341137 1.34667e+09
0.5 0 1.5 0.801638 0.392226 0.257464 1.33944e+09
0 0.5 1.5 0.813797 0.335774 0.29191 1.20012e+09
0.5 1 1.5 0.764902 0.452286 0.22302 1.18151e+09
0 1.5 1.5 0.784395 0.382513 0.275376 1.0508e+09
1 -1.5 1.5 0.764635 0.330422 0.316895 1.88329e+09
1.5 -1 1.5 0.736129 0.477807 0.216334 1.65765e+09
1 -0.5 1.5 0.777388 0.442587 0.230433 1.48051e+09
1.5 0 1.5 0.695008 0.578081 0.125635 1.36297e+09
1 0.5 1.5 0.736125 0.518564 0.171643 1.28439e+09
1.5 1 1.5 0.647578 0.623444 0.0885632 1.18328e+09
1 1.5 1.5 0.699837 0.549379 0.157268 1.10462e+09
2 -1.5 1.5 0.679717 0.481091 0.223964 1.95e+09
2.5 -1 1.5 0.582075 0.638017 0.0863026 1.58918e+09
2 -0.5 1.5 0.641151 0.622685 0.0941298 1.45334e+09
2.5 0 1.5 0.496938 0.734005 -0.0335147 1.23936e+09
2 0.5 1.5 0.5791 0.688062 0.0212274 1.22218e+09
2.5 1 1.5 0.456413 0.759224 -0.0720955 1.03648e+09
2 1.5 1.5 0.555217 0.696236 0.0145432 1.02493e+09
