449
-2.5 -1 -1.5 0.271769 0.221993 0.365841 4.37485e+09
-2.5 0 -1.5 0.271024 -0.0155234 0.426725 4.54989e+09
-2.5 1 -1.5 0.356111 -0.147102 0.4286 4.2759e+09
-2 -1.5 -1.5 0.416079 0.330269 0.318778 5.16054e+09
-1.5 -1 -1.5 0.447658 0.217899 0.334692 6.37479e+09
-2 -0.5 -1.5 0.338106 0.0998793 0.389897 5.52099e+09
-1.5 0 -1.5 0.416273 -0.00406396 0.414104 6.95109e+09
-2 0.5 -1.5 0.375139 -0.0868753 0.435616 5.65106e+09
-1.5 1 -1.5 0.476498 -0.12726 0.434857 6.8298e+09
-2 1.5 -1.5 0.460138 -0.166083 0.417403 5.01001e+09
-1 -1.5 -1.5 0.550548 0.299119 0.279586 6.79515e+09
-0.5 -1 -1.5 0.571809 0.202964 0.295318 8.15894e+09
-1 -0.5 -1.5 0.487764 0.101804 0.361915 7.85538e+09
-0.5 0 -1.5 0.545002 0.00422312 0.393365 9.76276e+09
-1 0.5 -1.5 0.503536 -0.0740126 0.430424 8.64854e+09
-0.5 1 -1.5 0.589593 -0.103115 0.431594 1.03772e+10
-1 1.5 -1.5 0.568519 -0.136276 0.422538 7.89298e+09
0 -1.5 -1.5 0.638253 0.282418 0.224965 7.68493e+09
0.5 -1 -1.5 0.653749 0.204842 0.242491 8.96687e+09
0 -0.5 -1.5 0.600234 0.103974 0.326662 9.83012e+09
0.5 0 -1.5 0.644236 0.0277723 0.364243 1.20627e+10
0 0.5 -1.5 0.614864 -0.0513685 0.414535 1.2066e+10
0.5 1 -1.5 0.683734 -0.061889 0.414858 1.42494e+10
0 1.5 -1.5 0.665457 -0.0972236 0.416432 1.17182e+10
1 -1.5 -1.5 0.693436 0.279987 0.162791 7.74188e+09
1.5 -1 -1.5 0.699222 0.222934 0.186214 8.72653e+09
1 -0.5 -1.5 0.674594 0.129458 0.282209 1.06078e+10
1.5 0 -1.5 0.707986 0.0810626 0.326721 1.2835e+10
1 0.5 -1.5 0.698696 -0.00413442 0.387146 1.47064e+10
1.5 1 -1.5 0.751751 0.00603857 0.385025 1.70975e+10
1 1.5 -1.5 0.742705 -0.0388514 0.395727 1.56794e+10
2 -1.5 -1.5 0.71607 0.278629 0.106872 7.16667e+09
2.5 -1 -1.5 0.697899 0.24507 0.137603 7.6503e+09
2 -0.5 -1.5 0.707528 0.177159 0.236886 1.00401e+10
2.5 0 -1.5 0.728409 0.16276 0.289055 1.19685e+10
2 0.5 -1.5 0.74954 0.0749287 0.350804 1.5489e+10
2.5 1 -1.5 0.788405 0.105462 0.344423 1.78505e+10
2 1.5 -1.5 0.794774 0.0451797 0.360756 1.84043e+10
-2.25 -0.75 -1.25 0.124631 -0.587586 0.48692 2.36018e+09
-2.25 0.25 -1.25 0.271651 -0.651725 0.524858 3.31612e+09
-2.25 1.25 -1.25 0.418882 -0.649593 0.483984 3.35879e+09
-1.75 -1.25 -1.25 0.157222 -0.47235 0.413456 2.03005e+09
-1.25 -0.75 -1.25 0.183806 -0.55083 0.429521 2.71748e+09
-1.75 -0.25 -1.25 0.200903 -0.628654 0.499362 3.23406e+09
-1.25 0.25 -1.25 0.296308 -0.641442 0.508619 4.29751e+09
-1.75 0.75 -1.25 0.358729 -0.648885 0.511157 4.11412e+09
-1.25 1.25 -1.25 0.448649 -0.628178 0.489997 4.77256e+09
-0.75 -1.25 -1.25 0.301861 -0.43319 0.377039 2.41614e+09
-0.25 -0.75 -1.25 0.302285 -0.510534 0.39193 2.98743e+09
-0.75 -0.25 -1.25 0.253777 -0.603298 0.46082 3.68578e+09
-0.25 0.25 -1.25 0.359408 -0.612521 0.487668 4.90926e+09
-0.75 0.75 -1.25 0.401091 -0.625899 0.505849 5.35219e+09
-0.25 1.25 -1.25 0.50141 -0.589253 0.488277 6.09699e+09
0.25 -1.25 -1.25 0.465219 -0.399919 0.345751 2.71288e+09
0.75 -0.75 -1.25 0.44251 -0.475667 0.36394 3.07577e+09
0.25 -0.25 -1.25 0.354963 -0.563705 0.432201 3.84958e+09
0.75 0.25 -1.25 0.45052 -0.561765 0.46919 5.01683e+09
0.25 0.75 -1.25 0.471972 -0.581435 0.493517 6.09802e+09
0.75 1.25 -1.25 0.571549 -0.527498 0.478347 6.84786e+09
1.25 -1.25 -1.25 0.610872 -0.384517 0.318446 2.96521e+09
1.75 -0.75 -1.25 0.565901 -0.456949 0.349103 3.11368e+09
1.25 -0.25 -1.25 0.466118 -0.517425 0.413777 3.73396e+09
1.75 0.25 -1.25 0.53614 -0.49316 0.457599 4.68737e+09
1.25 0.75 -1.25 0.553357 -0.512623 0.479634 6.17204e+09
1.75 1.25 -1.25 0.641848 -0.440214 0.46325 6.83179e+09
2.25 -1.25 -1.25 0.716598 -0.379347 0.285841 3.15598e+09
2.25 -0.25 -1.25 0.552632 -0.472015 0.409869 3.4824e+09
2.25 0.75 -1.25 0.620897 -0.418147 0.467175 5.64066e+09
-2.5 -1.5 -1 0.432748 0.315936 0.454843 1.17237e+10
-2.5 -0.5 -1 0.393862 0.157069 0.472272 1.17302e+10
-2.5 0.5 -1 0.40898 0.0376427 0.450557 1.02855e+10
-2.5 1.5 -1 0.456269 -0.0303894 0.401686 8.15609e+09
-1.5 -1.5 -1 0.566326 0.295629 0.422544 1.72602e+10
-2 -1 -1 0.485177 0.229982 0.455941 1.5104e+10
-1.5 -0.5 -1 0.53393 0.151541 0.454065 1.89997e+10
-2 0 -1 0.467002 0.090976 0.463715 1.4525e+10
-1.5 0.5 -1 0.538664 0.044254 0.448561 1.7414e+10
-2 1 -1 0.491999 0.00632547 0.42992 1.20443e+10
-1.5 1.5 -1 0.56673 -0.00412255 0.402805 1.34753e+10
-0.5 -1.5 -1 0.636509 0.293569 0.373097 2.11915e+10
-1 -1 -1 0.599383 0.221989 0.421013 2.19058e+10
-0.5 -0.5 -1 0.634667 0.150766 0.420741 2.71277e+10
-1 0 -1 0.58813 0.0879086 0.448235 2.33562e+10
-0.5 0.5 -1 0.645067 0.0516116 0.432767 2.75656e+10
-1 1 -1 0.605918 0.0219841 0.424767 1.99033e+10
-0.5 1.5 -1 0.665189 0.0232519 0.392742 2.14532e+10
0.5 -1.5 -1 0.675165 0.317774 0.30873 2.22752e+10
0 -1 -1 0.668345 0.231032 0.371109 2.65946e+10
0.5 -0.5 -1 0.700106 0.176824 0.371568 3.27422e+10
0 0 -1 0.677632 0.0996909 0.416234 3.29677e+10
0.5 0.5 -1 0.722865 0.0799419 0.398701 3.80932e+10
0 1 -1 0.697906 0.0441839 0.405016 3.04995e+10
0.5 1.5 -1 0.742817 0.0599983 0.368115 3.15197e+10
1.5 -1.5 -1 0.687384 0.358828 0.238372 2.14064e+10
1 -1 -1 0.705155 0.274151 0.30534 2.77098e+10
1.5 -0.5 -1 0.732636 0.237815 0.30634 3.37114e+10
1 0 -1 0.735404 0.143966 0.366354 3.92168e+10
1.5 0.5 -1 0.771333 0.138908 0.347487 4.46032e+10
1 1 -1 0.763505 0.0881326 0.367427 4.09187e+10
1.5 1.5 -1 0.795363 0.117357 0.326093 4.06698e+10
2.5 -1.5 -1 0.665315 0.397793 0.171845 1.89537e+10
2 -1 -1 0.708814 0.332851 0.233236 2.58826e+10
2.5 -0.5 -1 0.727413 0.316427 0.236188 3.06143e+10
2 0 -1 0.761556 0.219496 0.302509 3.98404e+10
2.5 0.5 -1 0.789576 0.227103 0.283563 4.49535e+10
2 1 -1 0.801669 0.159378 0.313657 4.70488e+10
2.5 1.5 -1 0.820608 0.199684 0.267109 4.51376e+10
-2.25 -1.25 -0.75 0.286013 -0.469821 0.570873 5.31499e+09
-2.25 -0.25 -0.75 0.373914 -0.55598 0.553515 7.27525e+09
-2.25 0.75 -0.75 0.4803 -0.579058 0.486569 7.13722e+09
-1.25 -1.25 -0.75 0.360063 -0.42682 0.533124 6.32557e+09
-1.75 -0.75 -0.75 0.336943 -0.512832 0.554136 7.20361e+09
-1.25 -0.25 -0.75 0.401056 -0.538584 0.537716 9.58159e+09
-1.75 0.25 -0.75 0.439933 -0.564304 0.524413 9.01592e+09
-1.25 0.75 -0.75 0.510412 -0.556505 0.488884 1.04252e+10
-1.75 1.25 -0.75 0.542714 -0.567941 0.447545 7.9595e+09
-0.25 -1.25 -0.75 0.464999 -0.390528 0.503678 7.44129e+09
-0.75 -0.75 -0.75 0.389521 -0.477698 0.519777 8.35898e+09
-0.25 -0.25 -0.75 0.458294 -0.50455 0.509493 1.10215e+10
-0.75 0.25 -0.75 0.479757 -0.539364 0.51369 1.1957e+10
-0.25 0.75 -0.75 0.560704 -0.518254 0.477152 1.35509e+10
-0.75 1.25 -0.75 0.581145 -0.533634 0.44673 1.11635e+10
0.75 -1.25 -0.75 0.582417 -0.348366 0.463489 8.01376e+09
0.25 -0.75 -0.75 0.482583 -0.434431 0.485667 9.00611e+09
0.75 -0.25 -0.75 0.541354 -0.453448 0.473788 1.13788e+10
0.25 0.25 -0.75 0.545132 -0.49487 0.487335 1.36797e+10
0.75 0.75 -0.75 0.625851 -0.460612 0.450499 1.52993e+10
0.25 1.25 -0.75 0.63401 -0.482695 0.432931 1.40237e+10
1.75 -1.25 -0.75 0.690707 -0.313021 0.414067 8.70756e+09
1.25 -0.75 -0.75 0.584733 -0.389232 0.444461 9.1687e+09
1.75 -0.25 -0.75 0.616021 -0.398502 0.432219 1.08858e+10
1.25 0.25 -0.75 0.616568 -0.43397 0.451912 1.38735e+10
1.75 0.75 -0.75 0.686645 -0.387049 0.414516 1.53082e+10
1.25 1.25 -0.75 0.6922 -0.412884 0.404373 1.53469e+10
2.25 -0.75 -0.75 0.670114 -0.350246 0.395696 9.09368e+09
2.25 0.25 -0.75 0.672564 -0.362668 0.410052 1.27195e+10
2.25 1.25 -0.75 0.74013 -0.32571 0.362944 1.47531e+10
-2.5 -1 -0.5 0.503107 0.258395 0.515512 3.18323e+10
-2.5 0 -0.5 0.473278 0.18354 0.476525 2.64421e+10
-2.5 1 -0.5 0.473797 0.124472 0.420065 2.01585e+10
-2 -1.5 -0.5 0.581641 0.288878 0.508234 4.08575e+10
-1.5 -1 -0.5 0.624861 0.234739 0.492421 5.31731e+10
-2 -0.5 -0.5 0.556852 0.208618 0.49455 3.96635e+10
-1.5 0 -0.5 0.606403 0.171535 0.467918 4.75767e+10
-2 0.5 -0.5 0.537443 0.153022 0.447907 3.11247e+10
-1.5 1 -0.5 0.593923 0.138833 0.413525 3.48528e+10
-2 1.5 -0.5 0.53762 0.118048 0.386303 2.22487e+10
-1 -1.5 -0.5 0.657808 0.286318 0.467157 5.6945e+10
-0.5 -1 -0.5 0.694158 0.236595 0.450638 7.42715e+10
-1 -0.5 -0.5 0.662943 0.190145 0.471336 6.61497e+10
-0.5 0 -0.5 0.700694 0.163929 0.442499 7.79462e+10
-1 0.5 -0.5 0.652216 0.152119 0.434168 5.40456e+10
-0.5 1 -0.5 0.692755 0.150998 0.393271 5.7656e+10
-1 1.5 -0.5 0.642208 0.141342 0.374007 3.68945e+10
0 -1.5 -0.5 0.682463 0.318107 0.409495 6.33943e+10
0.5 -1 -0.5 0.72653 0.278443 0.390063 8.42218e+10
0 -0.5 -0.5 0.727755 0.200979 0.428156 9.21186e+10
0.5 0 -0.5 0.759072 0.188882 0.394772 1.06451e+11
0 0.5 -0.5 0.734933 0.160166 0.402897 8.50147e+10
0.5 1 -0.5 0.763801 0.173846 0.356078 8.63583e+10
0 1.5 -0.5 0.726478 0.165939 0.347844 5.79308e+10
1 -1.5 -0.5 0.682105 0.384445 0.336566 6.23254e+10
1.5 -1 -0.5 0.72955 0.355258 0.311886 8.31749e+10
1 -0.5 -0.5 0.759743 0.255674 0.362893 1.04568e+11
1.5 0 -0.5 0.787312 0.251056 0.326526 1.20138e+11
1 0.5 -0.5 0.785561 0.197688 0.350546 1.12838e+11
1.5 1 -0.5 0.805172 0.22223 0.299247 1.10287e+11
1 1.5 -0.5 0.785139 0.20163 0.305061 8.19969e+10
2 -1.5 -0.5 0.657059 0.451383 0.261823 5.73296e+10
2.5 -1 -0.5 0.700304 0.437582 0.23061 7.43357e+10
2 -0.5 -0.5 0.76282 0.338541 0.282256 1.02923e+11
2.5 0 -0.5 0.787305 0.338084 0.245348 1.17498e+11
2 0.5 -0.5 0.808418 0.264991 0.280471 1.26332e+11
2.5 1 -0.5 0.818508 0.297127 0.224328 1.19489e+11
2 1.5 -0.5 0.81514 0.259774 0.242759 9.93149e+10
-2.25 -0.75 -0.25 0.475596 -0.435579 0.589352 1.63155e+10
-2.25 0.25 -0.25 0.55107 -0.477912 0.501108 1.55483e+10
-2.25 1.25 -0.25 0.618412 -0.493953 0.40081 1.21882e+10
-1.75 -1.25 -0.25 0.46123 -0.376761 0.611736 1.62215e+10
-1.25 -0.75 -0.25 0.513001 -0.404314 0.576792 2.17269e+10
-1.75 -0.25 -0.25 0.531576 -0.447468 0.548447 2.0284e+10
-1.25 0.25 -0.25 0.586488 -0.447526 0.501269 2.33681e+10
-1.75 0.75 -0.25 0.601323 -0.474663 0.453854 1.73977e+10
-1.25 1.25 -0.25 0.652168 -0.458334 0.401927 1.81731e+10
-0.75 -1.25 -0.25 0.518286 -0.332683 0.58481 1.92805e+10
-0.25 -0.75 -0.25 0.561585 -0.361549 0.547139 2.48408e+10
-0.75 -0.25 -0.25 0.571737 -0.41516 0.535843 2.73518e+10
-0.25 0.25 -0.25 0.636614 -0.403062 0.481462 3.0819e+10
-0.75 0.75 -0.25 0.642691 -0.433864 0.446353 2.48915e+10
-0.25 1.25 -0.25 0.696669 -0.407413 0.38841 2.47696e+10
0.25 -1.25 -0.25 0.595154 -0.28743 0.551522 2.16832e+10
0.75 -0.75 -0.25 0.637708 -0.303161 0.503401 2.61772e+10
0.25 -0.25 -0.25 0.632549 -0.362873 0.499762 3.12329e+10
0.75 0.25 -0.25 0.698874 -0.341145 0.440076 3.49656e+10
0.25 0.75 -0.25 0.696293 -0.37797 0.420402 3.17497e+10
0.75 1.25 -0.25 0.745631 -0.342964 0.357572 3.00184e+10
1.25 -1.25 -0.25 0.68606 -0.230935 0.499643 2.33281e+10
1.75 -0.75 -0.25 0.711367 -0.24416 0.445962 2.66011e+10
1.25 -0.25 -0.25 0.698133 -0.298915 0.449507 3.20149e+10
1.75 0.25 -0.25 0.753127 -0.273187 0.387042 3.55166e+10
1.25 0.75 -0.25 0.751656 -0.307412 0.374888 3.49836e+10
1.75 1.25 -0.25 0.789357 -0.264979 0.305504 3.12275e+10
2.25 -1.25 -0.25 0.762424 -0.173199 0.430279 2.38513e+10
2.25 -0.25 -0.25 0.748542 -0.234217 0.386086 2.97743e+10
2.25 0.75 -0.25 0.794682 -0.229158 0.313459 3.38737e+10
-2.5 -1.5 0 0.582075 0.311989 0.548016 8.59662e+10
-2.5 -0.5 0 0.531466 0.284949 0.503485 6.92115e+10
-2.5 0.5 0 0.498846 0.250263 0.443426 5.1467e+10
-2.5 1.5 0 0.4826 0.226049 0.375607 3.58996e+10
-1.5 -1.5 0 0.674769 0.283964 0.518074 1.38294e+11
-2 -1 0 0.627184 0.274549 0.522434 1.08967e+11
-1.5 -0.5 0 0.664921 0.249783 0.49005 1.32119e+11
-2 0 0 0.584328 0.259656 0.470356 8.26176e+10
-1.5 0.5 0 0.627691 0.249048 0.431497 9.34471e+10
-2 1 0 0.552412 0.243456 0.405981 5.75766e+10
-1.5 1.5 0 0.595941 0.249282 0.364554 6.09853e+10
-0.5 -1.5 0 0.713392 0.302631 0.470559 1.77436e+11
-1 -1 0 0.71521 0.246217 0.493017 1.82581e+11
-0.5 -0.5 0 0.745356 0.231759 0.45786 2.21222e+11
-1 0 0 0.696862 0.240732 0.450448 1.50676e+11
-0.5 0.5 0 0.724092 0.245934 0.403873 1.60339e+11
-1 1 0 0.663198 0.252648 0.387339 9.94107e+10
-0.5 1.5 0 0.69132 0.268671 0.339784 9.99025e+10
0.5 -1.5 0 0.696191 0.382949 0.400613 1.75144e+11
0 -1 0 0.753928 0.271632 0.442062 2.39763e+11
0.5 -0.5 0 0.783074 0.265882 0.400605 2.88672e+11
0 0 0 0.768676 0.239124 0.410958 2.40946e+11
0.5 0.5 0 0.786623 0.259767 0.356996 2.42905e+11
0 1 0 0.746016 0.263474 0.352664 1.6069e+11
0.5 1.5 0 0.760816 0.291412 0.299097 1.51519e+11
1.5 -1.5 0 0.664483 0.472825 0.322279 1.65985e+11
1 -1 0 0.756261 0.349947 0.367755 2.48274e+11
1.5 -0.5 0 0.791035 0.341964 0.321784 3.08452e+11
1 0 0 0.802559 0.281592 0.347452 3.09114e+11
1.5 0.5 0 0.814436 0.308926 0.288332 3.02376e+11
1 1 0 0.798092 0.290112 0.299431 2.2905e+11
1.5 1.5 0 0.801249 0.328935 0.239523 2.01348e+11
2.5 -1.5 0 0.60107 0.555455 0.246461 1.44156e+11
2 -1 0 0.734553 0.442825 0.28313 2.35925e+11
2.5 -0.5 0 0.772512 0.4358 0.233216 2.94781e+11
2 0 0 0.811112 0.353491 0.266816 3.37262e+11
2.5 0.5 0 0.815853 0.383986 0.201844 3.20783e+11
2 1 0 0.817178 0.346126 0.224863 2.71078e+11
2.5 1.5 0 0.809689 0.389746 0.159328 2.24581e+11
-2.25 -1.25 0.25 0.560526 -0.253384 0.6124 4.76205e+10
-2.25 -0.25 0.25 0.615566 -0.311533 0.515936 4.54724e+10
-2.25 0.75 0.25 0.660264 -0.346314 0.407388 3.54686e+10
-1.25 -1.25 0.25 0.615532 -0.201173 0.599333 6.47292e+10
-1.75 -0.75 0.25 0.619153 -0.261403 0.566348 6.10215e+10
-1.25 -0.25 0.25 0.66832 -0.261578 0.513825 7.14636e+10
-1.75 0.25 0.25 0.662517 -0.308944 0.464037 5.1796e+10
-1.25 0.75 0.25 0.705167 -0.294536 0.406518 5.46848e+10
-1.75 1.25 0.25 0.700115 -0.329296 0.35392 3.71507e+10
-0.25 -1.25 0.25 0.655894 -0.1415 0.567095 7.23527e+10
-0.75 -0.75 0.25 0.66924 -0.21256 0.551552 8.46907e+10
-0.25 -0.25 0.25 0.720254 -0.201183 0.488606 9.61275e+10
-0.75 0.25 0.25 0.71265 -0.250134 0.452452 7.6471e+10
-0.25 0.75 0.25 0.75775 -0.224546 0.386014 7.70853e+10
-0.75 1.25 0.25 0.746899 -0.266367 0.345616 5.44003e+10
0.75 -1.25 0.25 0.705331 -0.0882495 0.524287 7.99271e+10
0.25 -0.75 0.25 0.715479 -0.146715 0.510506 9.51966e+10
0.75 -0.25 0.25 0.774933 -0.123984 0.437225 1.10553e+11
0.25 0.25 0.25 0.769313 -0.176376 0.417178 1.00403e+11
0.75 0.75 0.25 0.808241 -0.143646 0.344715 9.65184e+10
0.25 1.25 0.25 0.794629 -0.189116 0.319476 7.24111e+10
1.75 -1.25 0.25 0.762168 -0.0231367 0.461827 8.41319e+10
1.25 -0.75 0.25 0.765176 -0.0725089 0.454633 9.92138e+10
1.75 -0.25 0.25 0.815349 -0.049198 0.376464 1.15535e+11
1.25 0.25 0.25 0.817311 -0.0934553 0.360487 1.13318e+11
1.75 0.75 0.25 0.844829 -0.0534941 0.280122 1.02735e+11
1.25 1.25 0.25 0.834705 -0.101726 0.271513 8.44451e+10
2.25 -0.75 0.25 0.793868 0.00779372 0.382995 9.10607e+10
2.25 0.25 0.25 0.848653 -0.0069961 0.287315 1.12507e+11
2.25 1.25 0.25 0.857402 -0.00682119 0.19954 8.39611e+10
-2.5 -1 0.5 0.568493 -0.0627974 0.573597 1.39404e+11
-2.5 0 0.5 0.58177 -0.142176 0.504725 1.16911e+11
-2.5 1 0.5 0.602032 -0.187966 0.421012 8.77133e+10
-2 -1.5 0.5 0.622948 0.0169097 0.582882 1.94269e+11
-1.5 -1 0.5 0.663129 -0.0106211 0.551694 2.45983e+11
-2 -0.5 0.5 0.617732 -0.0802781 0.536466 1.72434e+11
-1.5 0 0.5 0.658083 -0.085114 0.493478 1.99609e+11
-2 0.5 0.5 0.626158 -0.1411 0.461467 1.33236e+11
-1.5 1 0.5 0.663783 -0.129702 0.41377 1.41716e+11
-2 1.5 0.5 0.640229 -0.173082 0.375863 9.25851e+10
-1 -1.5 0.5 0.6939 0.0646072 0.543629 2.94927e+11
-0.5 -1 0.5 0.731956 0.0459789 0.511019 3.84265e+11
-1 -0.5 0.5 0.694939 -0.0223932 0.51168 2.88829e+11
-0.5 0 0.5 0.725162 -0.0217521 0.462712 3.12137e+11
-1 0.5 0.5 0.693063 -0.0784552 0.444063 2.1392e+11
-0.5 1 0.5 0.726018 -0.059881 0.389668 2.15293e+11
-1 1.5 0.5 0.697958 -0.107429 0.362753 1.41923e+11
0 -1.5 0.5 0.705238 0.128612 0.490092 3.29777e+11
0.5 -1 0.5 0.755546 0.115035 0.45091 4.39949e+11
0 -0.5 0.5 0.75522 0.0414416 0.465384 4.22337e+11
0.5 0 0.5 0.781438 0.0494633 0.409767 4.32198e+11
0 0.5 0.5 0.755523 -0.00773331 0.406416 3.16144e+11
0.5 1 0.5 0.779551 0.0177476 0.347065 2.98945e+11
0 1.5 0.5 0.751978 -0.0309724 0.333831 2.02781e+11
1 -1.5 0.5 0.680948 0.207742 0.422442 3.09994e+11
1.5 -1 0.5 0.76886 0.199513 0.374693 4.5337e+11
1 -0.5 0.5 0.78763 0.114351 0.398732 4.92146e+11
1.5 0 0.5 0.810169 0.129663 0.338339 4.9611e+11
1 0.5 0.5 0.802446 0.0705515 0.348747 4.12586e+11
1.5 1 0.5 0.814713 0.102273 0.284196 3.61114e+11
1 1.5 0.5 0.79374 0.052442 0.28645 2.60614e+11
2 -1.5 0.5 0.66928 0.281761 0.351735 2.9679e+11
2.5 -1 0.5 0.749698 0.296143 0.290517 4.12021e+11
2 -0.5 0.5 0.808507 0.207998 0.317402 5.35825e+11
2.5 0 0.5 0.822225 0.227195 0.249442 5.1103e+11
2 0.5 0.5 0.823524 0.157041 0.27132 4.49242e+11
2.5 1 0.5 0.824186 0.194101 0.20109 3.67529e+11
2 1.5 0.5 0.815931 0.141667 0.218471 2.90613e+11
-2.25 -0.75 0.75 0.620915 -0.069348 0.529553 4.83515e+10
-2.25 0.25 0.75 0.641292 -0.111365 0.432474 3.8193e+10
-2.25 1.25 0.75 0.654864 -0.133204 0.330268 2.69301e+10
-1.75 -1.25 0.75 0.65074 -0.021857 0.56666 6.7203e+10
-1.25 -0.75 0.75 0.701831 -0.0175326 0.519768 8.28383e+10
-1.75 -0.25 0.75 0.670916 -0.0640871 0.481828 5.73917e+10
-1.25 0.25 0.75 0.70751 -0.0483266 0.429317 6.21806e+10
-1.75 0.75 0.75 0.67996 -0.0931924 0.382684 4.12417e+10
-1.25 1.25 0.75 0.714168 -0.0640672 0.329393 4.20013e+10
-0.75 -1.25 0.75 0.709799 0.021042 0.543458 9.78272e+10
-0.25 -0.75 0.75 0.755063 0.0474739 0.485039 1.15328e+11
-0.75 -0.25 0.75 0.734314 -0.000529472 0.464519 8.95735e+10
-0.25 0.25 0.75 0.766521 0.0255366 0.402764 9.17182e+10
-0.75 0.75 0.75 0.741098 -0.0204649 0.371415 6.34455e+10
-0.25 1.25 0.75 0.770292 0.0186845 0.311849 6.1364e+10
0.25 -1.25 0.75 0.727192 0.0758384 0.498977 1.05502e+11
0.75 -0.75 0.75 0.777594 0.116762 0.427044 1.25584e+11
0.25 -0.25 0.75 0.785162 0.0728239 0.420033 1.20221e+11
0.75 0.25 0.75 0.814035 0.107971 0.351195 1.2017e+11
0.25 0.75 0.75 0.795584 0.062848 0.337985 8.94852e+10
0.75 1.25 0.75 0.812839 0.108982 0.27345 8.04395e+10
1.25 -1.25 0.75 0.74569 0.151816 0.436981 1.1303e+11
1.75 -0.75 0.75 0.798165 0.185651 0.362516 1.34798e+11
1.25 -0.25 0.75 0.81559 0.153573 0.353725 1.37781e+11
1.75 0.25 0.75 0.832494 0.198123 0.277454 1.29824e+11
1.25 0.75 0.75 0.830374 0.151569 0.280993 1.09143e+11
1.75 1.25 0.75 0.835155 0.204053 0.209867 9.12143e+10
2.25 -1.25 0.75 0.753152 0.224604 0.363923 1.0987e+11
2.25 -0.25 0.75 0.826218 0.245386 0.272043 1.40825e+11
2.25 0.75 0.75 0.837346 0.249604 0.199466 1.11158e+11
-2.5 -1.5 1 0.598502 -0.26434 0.618343 1.47265e+11
-2.5 -0.5 1 0.637969 -0.342121 0.548107 1.40504e+11
-2.5 0.5 1 0.682861 -0.384413 0.457125 1.15464e+11
-2.5 1.5 1 0.718983 -0.408012 0.35971 8.33787e+10
-1.5 -1.5 1 0.663298 -0.169725 0.589483 2.31023e+11
-2 -1 1 0.645016 -0.272855 0.581025 1.87886e+11
-1.5 -0.5 1 0.693567 -0.270465 0.53746 2.29202e+11
-2 0 1 0.685635 -0.334251 0.502466 1.66708e+11
-1.5 0.5 1 0.724434 -0.324883 0.452373 1.81441e+11
-2 1 1 0.720449 -0.371524 0.408629 1.24665e+11
-1.5 1.5 1 0.75635 -0.351574 0.356324 1.26205e+11
-0.5 -1.5 1 0.721722 -0.0313244 0.536537 3.61682e+11
-1 -1 1 0.705824 -0.188418 0.554899 2.90567e+11
-0.5 -0.5 1 0.742893 -0.196092 0.508324 3.2891e+11
-1 0 1 0.732211 -0.266519 0.487183 2.52874e+11
-0.5 0.5 1 0.771329 -0.253297 0.429118 2.59693e+11
-1 1 1 0.762525 -0.307533 0.396649 1.84646e+11
-0.5 1.5 1 0.798145 -0.280619 0.338486 1.76461e+11
0.5 -1.5 1 0.730575 0.031689 0.487255 3.93282e+11
0 -1 1 0.751331 -0.0977867 0.50845 3.88705e+11
0.5 -0.5 1 0.78964 -0.11169 0.456442 4.115e+11
0 0 1 0.781924 -0.188956 0.450239 3.43396e+11
0.5 0.5 1 0.820832 -0.166935 0.385609 3.36872e+11
0 1 1 0.808972 -0.228251 0.366947 2.50456e+11
0.5 1.5 1 0.836384 -0.199987 0.304768 2.2127e+11
1.5 -1.5 1 0.710684 0.155074 0.402736 3.88578e+11
1 -1 1 0.781741 -0.0211773 0.447461 4.2553e+11
1.5 -0.5 1 0.82829 -0.0236715 0.388719 4.54853e+11
1 0 1 0.829883 -0.0974794 0.39256 4.1633e+11
1.5 0.5 1 0.858022 -0.0761183 0.323794 3.77604e+11
1 1 1 0.848503 -0.141307 0.319375 2.99588e+11
1.5 1.5 1 0.86523 -0.114066 0.252613 2.4208e+11
2.5 -1.5 1 0.708034 0.231624 0.330156 3.75756e+11
2 -1 1 0.803007 0.137766 0.356494 5.05946e+11
2.5 -0.5 1 0.848438 0.09427 0.300865 4.6832e+11
2 0 1 0.861047 -0.00763953 0.318736 4.34128e+11
2.5 0.5 1 0.879289 0.0166599 0.243069 3.62491e+11
2 1 1 0.874814 -0.0508218 0.252343 3.07447e+11
2.5 1.5 1 0.877923 -0.0269947 0.181908 2.26682e+11
-2.25 -1.25 1.25 0.585039 0.119217 0.534214 2.2048e+10
-2.25 -0.25 1.25 0.558096 0.0879472 0.480969 1.70198e+10
-2.25 0.75 1.25 0.557657 0.0582469 0.409074 1.26734e+10
-1.25 -1.25 1.25 0.669759 0.137248 0.496826 3.69019e+10
-1.75 -0.75 1.25 0.617807 0.122867 0.499289 2.57257e+10
-1.25 -0.25 1.25 0.64993 0.151083 0.464834 2.89028e+10
-1.75 0.25 1.25 0.601011 0.108724 0.444196 1.92555e+10
-1.25 0.75 1.25 0.636106 0.133093 0.402388 2.03776e+10
-1.75 1.25 1.25 0.597886 0.0837832 0.367871 1.33922e+10
-0.25 -1.25 1.25 0.712708 0.184754 0.444117 4.98054e+10
-0.75 -0.75 1.25 0.694772 0.172917 0.463585 4.14628e+10
-0.25 -0.25 1.25 0.716241 0.218154 0.423134 4.30029e+10
-0.75 0.25 1.25 0.678276 0.178882 0.42319 3.05118e+10
-0.25 0.75 1.25 0.705387 0.210858 0.373841 3.0697e+10
-0.75 1.25 1.25 0.668341 0.165887 0.355175 2.05113e+10
0.75 -1.25 1.25 0.719779 0.242239 0.386304 5.45255e+10
0.25 -0.75 1.25 0.738072 0.238262 0.401589 5.44642e+10
0.75 -0.25 1.25 0.755578 0.283794 0.351547 5.47254e+10
0.25 0.25 1.25 0.738849 0.250758 0.373678 4.35548e+10
0.75 0.75 1.25 0.752291 0.29735 0.321349 4.135e+10
0.25 1.25 1.25 0.724832 0.255475 0.322827 2.91498e+10
1.75 -1.25 1.25 0.725745 0.306826 0.318118 9.91183e+10
1.25 -0.75 1.25 0.740753 0.306229 0.323104 5.79188e+10
1.75 -0.25 1.25 0.752861 0.365112 0.266974 5.79267e+10
1.25 0.25 1.25 0.764801 0.335917 0.300078 5.25652e+10
1.75 0.75 1.25 0.766278 0.389182 0.242631 4.69664e+10
1.25 1.25 1.25 0.757811 0.34715 0.265412 3.64942e+10
2.25 -0.75 1.25 0.734282 0.370116 0.240156 5.98164e+10
2.25 0.25 1.25 0.751264 0.434493 0.205604 5.2739e+10
2.25 1.25 1.25 0.758967 0.443154 0.180559 3.87965e+10
-2.5 -1 1.5 0.623401 -0.238041 0.571668 7.45341e+10
-2.5 0 1.5 0.658721 -0.300734 0.512057 6.62959e+10
-2.5 1 1.5 0.695353 -0.335838 0.432531 5.17435e+10
-2 -1.5 1.5 0.646607 -0.148911 0.570316 1.007e+11
-1.5 -1 1.5 0.690168 -0.162339 0.541037 1.26262e+11
-2 -0.5 1.5 0.670942 -0.23737 0.535493 9.23094e+10
-1.5 0 1.5 0.712913 -0.224117 0.494469 1.05208e+11
-2 0.5 1.5 0.7019 -0.2854 0.469334 7.50979e+10
-1.5 1 1.5 0.739973 -0.266841 0.421544 7.91986e+10
-2 1.5 1.5 0.732789 -0.314983 0.386068 5.42706e+10
-1 -1.5 1.5 0.702261 -0.0714215 0.533007 1.74949e+11
-0.5 -1 1.5 0.738296 -0.0743602 0.494345 1.84887e+11
-1 -0.5 1.5 0.72827 -0.152861 0.502697 1.4097e+11
-0.5 0 1.5 0.763983 -0.140739 0.457408 1.507e+11
-1 0.5 1.5 0.750438 -0.208417 0.446746 1.11731e+11
-0.5 1 1.5 0.787747 -0.183922 0.392292 1.1189e+11
-1 1.5 1.5 0.776787 -0.239952 0.368968 7.86449e+10
0 -1.5 1.5 0.728016 0.0621521 0.472602 2.55218e+11
0.5 -1 1.5 0.769876 0.02481 0.433504 2.39358e+11
0 -0.5 1.5 0.775311 -0.0661868 0.451004 1.91961e+11
0.5 0 1.5 0.811594 -0.0507655 0.399177 1.96673e+11
0 0.5 1.5 0.80052 -0.11972 0.403099 1.5262e+11
0.5 1 1.5 0.83029 -0.0881903 0.345001 1.42579e+11
0 1.5 1.5 0.81863 -0.151033 0.335667 1.04008e+11
1 -1.5 1.5 0.722303 0.133987 0.414922 2.7872e+11
1.5 -1 1.5 0.788826 0.0848141 0.372836 2.7726e+11
1 -0.5 1.5 0.812576 0.0225512 0.384453 2.42039e+11
1.5 0 1.5 0.840516 0.0488305 0.326072 2.2306e+11
1 0.5 1.5 0.839477 -0.0207092 0.341368 1.84368e+11
1.5 1 1.5 0.857262 0.0115856 0.279425 1.57729e+11
1 1.5 1.5 0.849581 -0.0550537 0.284952 1.21597e+11
2 -1.5 1.5 0.734767 0.212505 0.33932 3.63283e+11
2.5 -1 1.5 0.775506 0.243164 0.278542 3.2081e+11
2 -0.5 1.5 0.824359 0.11135 0.305831 2.53345e+11
2.5 0 1.5 0.848536 0.145246 0.237143 2.17801e+11
2 0.5 1.5 0.858421 0.0796664 0.262554 1.91914e+11
2.5 1 1.5 0.86307 0.11282 0.195584 1.49638e+11
2 1.5 1.5 0.863603 0.0441594 0.21547 1.22845e+11
