449
-2.5 -1 -1.5 -0.293477 -0.297792 0.499748 1.2183e+10
-2.5 0 -1.5 -0.275957 -0.256721 0.559585 1.31425e+10
-2.5 1 -1.5 -0.259156 -0.211211 0.60401 1.41243e+10
-2 -1.5 -1.5 -0.292341 -0.294813 0.507867 1.16506e+10
-1.5 -1 -1.5 -0.263521 -0.261165 0.58658 1.16913e+10
-2 -0.5 -1.5 -0.268092 -0.259318 0.577437 1.21777e+10
-1.5 0 -1.5 -0.24112 -0.22112 0.651166 1.19227e+10
-2 0.5 -1.5 -0.250562 -0.215364 0.631379 1.2799e+10
-1.5 1 -1.5 -0.22513 -0.174734 0.698686 1.23247e+10
-2 1.5 -1.5 -0.23604 -0.167855 0.668427 1.35084e+10
-1 -1.5 -1.5 -0.261165 -0.263521 0.58658 1.16913e+10
-0.5 -1 -1.5 -0.227035 -0.233439 0.661446 1.14846e+10
-1 -0.5 -1.5 -0.233439 -0.227035 0.661446 1.14846e+10
-0.5 0 -1.5 -0.202834 -0.192953 0.732121 1.11534e+10
-1 0.5 -1.5 -0.213503 -0.183531 0.720637 1.15432e+10
-0.5 1 -1.5 -0.185422 -0.146942 0.785444 1.11102e+10
-1 1.5 -1.5 -0.199255 -0.135442 0.761352 1.17998e+10
0 -1.5 -1.5 -0.22112 -0.24112 0.651166 1.19227e+10
0.5 -1 -1.5 -0.183531 -0.213503 0.720637 1.15432e+10
0 -0.5 -1.5 -0.192953 -0.202834 0.732121 1.11534e+10
0.5 0 -1.5 -0.159299 -0.172101 0.798095 1.07665e+10
0 0.5 -1.5 -0.172101 -0.159299 0.798095 1.07665e+10
0.5 1 -1.5 -0.141451 -0.126392 0.858104 1.03734e+10
0 1.5 -1.5 -0.156819 -0.111717 0.844446 1.06769e+10
1 -1.5 -1.5 -0.174734 -0.22513 0.698686 1.23247e+10
1.5 -1 -1.5 -0.135442 -0.199255 0.761352 1.17998e+10
1 -0.5 -1.5 -0.146942 -0.185422 0.785444 1.11102e+10
1.5 0 -1.5 -0.111717 -0.156819 0.844446 1.06769e+10
1 0.5 -1.5 -0.126392 -0.141451 0.858104 1.03734e+10
1.5 1 -1.5 -0.0944015 -0.111114 0.910111 1.00224e+10
1 1.5 -1.5 -0.111114 -0.0944015 0.910111 1.00224e+10
2 -1.5 -1.5 -0.125899 -0.212571 0.728192 1.28439e+10
2.5 -1 -1.5 -0.0858586 -0.1876 0.782759 1.2206e+10
2 -0.5 -1.5 -0.0979074 -0.172409 0.818485 1.12858e+10
2.5 0 -1.5 -0.0623117 -0.144828 0.868152 1.08352e+10
2 0.5 -1.5 -0.0779822 -0.127961 0.895639 1.02931e+10
2.5 1 -1.5 -0.0458579 -0.0992638 0.936616 9.98972e+09
2 1.5 -1.5 -0.0635138 -0.0813807 0.951709 9.74385e+09
-2.25 -0.75 -1.25 -0.0963692 0.013496 0.606734 2.5113e+09
-2.25 0.25 -1.25 -0.144361 0.0715068 0.641808 2.76102e+09
-2.25 1.25 -1.25 -0.195632 0.123091 0.658932 3.02221e+09
-1.75 -1.25 -1.25 -0.0607216 -0.026369 0.618137 2.41902e+09
-1.25 -0.75 -1.25 -0.0540936 -0.0142542 0.681957 2.48164e+09
-1.75 -0.25 -1.25 -0.0956652 0.0281042 0.668841 2.5724e+09
-1.25 0.25 -1.25 -0.0931536 0.0394286 0.728162 2.5748e+09
-1.75 0.75 -1.25 -0.142993 0.082779 0.699555 2.75239e+09
-1.25 1.25 -1.25 -0.139454 0.092679 0.754534 2.7046e+09
-0.75 -1.25 -1.25 -0.0142542 -0.0540936 0.681957 2.48164e+09
-0.25 -0.75 -1.25 -0.00438163 -0.0478716 0.742657 2.4879e+09
-0.75 -0.25 -1.25 -0.0478716 -0.00438163 0.742657 2.4879e+09
-0.25 0.25 -1.25 -0.0416643 0.00408413 0.800071 2.46038e+09
-0.75 0.75 -1.25 -0.0890431 0.0490976 0.784572 2.54104e+09
-0.25 1.25 -1.25 -0.0841144 0.0576351 0.837139 2.48884e+09
0.25 -1.25 -1.25 0.0394286 -0.0931536 0.728162 2.5748e+09
0.75 -0.75 -1.25 0.0490976 -0.0890431 0.784572 2.54104e+09
0.25 -0.25 -1.25 0.00408413 -0.0416643 0.800071 2.46038e+09
0.75 0.25 -1.25 0.0116968 -0.0355115 0.853445 2.41501e+09
0.25 0.75 -1.25 -0.0355115 0.0116968 0.853445 2.41501e+09
0.75 1.25 -1.25 -0.030449 0.0175045 0.900895 2.36401e+09
1.25 -1.25 -1.25 0.092679 -0.139454 0.754534 2.7046e+09
1.75 -0.75 -1.25 0.101488 -0.134634 0.805823 2.638e+09
1.25 -0.25 -1.25 0.0576351 -0.0841144 0.837139 2.48884e+09
1.75 0.25 -1.25 0.0640663 -0.0794491 0.883979 2.43148e+09
1.25 0.75 -1.25 0.0175045 -0.030449 0.900895 2.36401e+09
1.75 1.25 -1.25 0.0212777 -0.026925 0.940397 2.31666e+09
2.25 -1.25 -1.25 0.141371 -0.186484 0.762086 2.86506e+09
2.25 -0.25 -1.25 0.108333 -0.129482 0.851651 2.56739e+09
2.25 0.75 -1.25 0.0681903 -0.0757848 0.923026 2.37882e+09
-2.5 -1.5 -1 -0.322068 -0.331776 0.456415 8.52675e+09
-2.5 -0.5 -1 -0.299801 -0.296384 0.524081 9.34368e+09
-2.5 0.5 -1 -0.281018 -0.251813 0.576656 1.01477e+10
-2.5 1.5 -1 -0.262564 -0.203906 0.613528 1.09434e+10
-1.5 -1.5 -1 -0.295653 -0.295653 0.541509 8.68747e+09
-2 -1 -1 -0.296492 -0.295694 0.537112 8.85415e+09
-1.5 -0.5 -1 -0.267595 -0.258665 0.614796 8.90945e+09
-2 0 -1 -0.273645 -0.255192 0.600064 9.37935e+09
-1.5 0.5 -1 -0.246455 -0.213977 0.671986 9.23922e+09
-2 1 -1 -0.256002 -0.207639 0.646038 9.95515e+09
-1.5 1.5 -1 -0.230849 -0.164329 0.710813 9.63886e+09
-0.5 -1.5 -1 -0.258665 -0.267595 0.614796 8.90945e+09
-1 -1 -1 -0.262818 -0.262818 0.619839 8.7507e+09
-0.5 -0.5 -1 -0.229073 -0.229073 0.694166 8.65641e+09
-1 0 -1 -0.237349 -0.221228 0.6885 8.8036e+09
-0.5 0.5 -1 -0.206631 -0.183944 0.757686 8.59786e+09
-1 1 -1 -0.218717 -0.17346 0.739385 8.99053e+09
-0.5 1.5 -1 -0.189827 -0.134272 0.80164 8.68982e+09
0.5 -1.5 -1 -0.213977 -0.246455 0.671986 9.23922e+09
0 -1 -1 -0.221228 -0.237349 0.6885 8.8036e+09
0.5 -0.5 -1 -0.183944 -0.206631 0.757686 8.59786e+09
0 0 -1 -0.195101 -0.195101 0.763981 8.46555e+09
0.5 0.5 -1 -0.16127 -0.16127 0.828356 8.22037e+09
0 1 -1 -0.175395 -0.147434 0.821506 8.33845e+09
0.5 1.5 -1 -0.143767 -0.111804 0.878318 8.08003e+09
1.5 -1.5 -1 -0.164329 -0.230849 0.710813 9.63886e+09
1 -1 -1 -0.17346 -0.218717 0.739385 8.99053e+09
1.5 -0.5 -1 -0.134272 -0.189827 0.80164 8.68982e+09
1 0 -1 -0.147434 -0.175395 0.821506 8.33845e+09
1.5 0.5 -1 -0.111804 -0.143767 0.878318 8.08003e+09
1 1 -1 -0.127695 -0.127695 0.885622 7.97456e+09
1.5 1.5 -1 -0.0947147 -0.0947147 0.933434 7.76229e+09
2.5 -1.5 -1 -0.113329 -0.21715 0.731763 1.00775e+10
2 -1 -1 -0.122524 -0.204131 0.77072 9.27091e+09
2.5 -0.5 -1 -0.0824554 -0.175873 0.824267 8.91343e+09
2 0 -1 -0.0965019 -0.159936 0.857159 8.39418e+09
2.5 0.5 -1 -0.0603915 -0.129667 0.903569 8.14141e+09
2 1 -1 -0.0773116 -0.112214 0.925768 7.85757e+09
2.5 1.5 -1 -0.044106 -0.0810046 0.961532 7.68974e+09
-2.25 -1.25 -0.75 -0.0692714 0.00360334 0.590902 1.69118e+09
-2.25 -0.25 -0.75 -0.114895 0.0660843 0.635418 1.90063e+09
-2.25 0.75 -0.75 -0.174846 0.124392 0.656881 2.11844e+09
-1.25 -1.25 -0.75 -0.0256778 -0.0256778 0.662616 1.78264e+09
-1.75 -0.75 -0.75 -0.0682743 0.0190359 0.656033 1.81192e+09
-1.25 -0.25 -0.75 -0.0665252 0.0299352 0.717005 1.87448e+09
-1.75 0.25 -0.75 -0.117843 0.0778546 0.694214 1.96559e+09
-1.25 0.75 -0.75 -0.117046 0.087461 0.750377 1.98524e+09
-1.75 1.25 -0.75 -0.174465 0.133819 0.711662 2.13327e+09
-0.25 -1.25 -0.75 0.0299352 -0.0665252 0.717005 1.87448e+09
-0.75 -0.75 -0.75 -0.0180555 -0.0180555 0.724697 1.84398e+09
-0.25 -0.25 -0.75 -0.0118547 -0.0118547 0.78276 1.86719e+09
-0.75 0.25 -0.75 -0.0632205 0.038447 0.774555 1.89665e+09
-0.25 0.75 -0.75 -0.0589203 0.046289 0.828511 1.89271e+09
-0.75 1.25 -0.75 -0.114251 0.0959357 0.803179 1.97641e+09
0.75 -1.25 -0.75 0.087461 -0.117046 0.750377 1.98524e+09
0.25 -0.75 -0.75 0.038447 -0.0632205 0.774555 1.89665e+09
0.75 -0.25 -0.75 0.046289 -0.0589203 0.828511 1.89271e+09
0.25 0.25 -0.75 -0.00561891 -0.00561891 0.83714 1.86504e+09
0.75 0.75 -0.75 -0.000940652 -0.000940652 0.886126 1.84811e+09
0.25 1.25 -0.75 -0.0551309 0.0517985 0.877171 1.87394e+09
1.75 -1.25 -0.75 0.141989 -0.171657 0.763152 2.11617e+09
1.25 -0.75 -0.75 0.0959357 -0.114251 0.803179 1.97641e+09
1.75 -0.25 -0.75 0.101944 -0.110724 0.851028 1.95198e+09
1.25 0.25 -0.75 0.0517985 -0.0551309 0.877171 1.87394e+09
1.75 0.75 -0.75 0.0548958 -0.0524811 0.918837 1.84968e+09
1.25 1.25 -0.75 0.00184119 0.00184119 0.928022 1.82563e+09
2.25 -0.75 -0.75 0.148238 -0.167314 0.81003 2.08198e+09
2.25 0.25 -0.75 0.10542 -0.107561 0.892118 1.92222e+09
2.25 1.25 -0.75 0.0559229 -0.0512307 0.951836 1.82674e+09
-2.5 -1 -0.5 -0.327673 -0.333895 0.48443 6.19956e+09
-2.5 0 -0.5 -0.304101 -0.293718 0.545784 6.84583e+09
-2.5 1 -0.5 -0.282778 -0.244973 0.590973 7.47535e+09
-2 -1.5 -0.5 -0.330059 -0.331316 0.492165 6.01139e+09
-1.5 -1 -0.5 -0.298592 -0.296185 0.573252 6.26375e+09
-2 -0.5 -0.5 -0.300558 -0.294499 0.56391 6.46375e+09
-1.5 0 -0.5 -0.271104 -0.253945 0.640141 6.55552e+09
-2 0.5 -0.5 -0.277755 -0.249132 0.619505 6.93578e+09
-1.5 1 -0.5 -0.25125 -0.204732 0.688955 6.87525e+09
-2 1.5 -0.5 -0.259803 -0.198179 0.657144 7.38992e+09
-1 -1.5 -0.5 -0.296185 -0.298592 0.573252 6.26375e+09
-0.5 -1 -0.5 -0.259554 -0.265286 0.65087 6.35624e+09
-1 -0.5 -0.5 -0.265286 -0.259554 0.65087 6.35624e+09
-0.5 0 -0.5 -0.231558 -0.222106 0.724193 6.33297e+09
-1 0.5 -0.5 -0.241195 -0.212911 0.712081 6.5178e+09
-0.5 1 -0.5 -0.210091 -0.172668 0.779128 6.39143e+09
-1 1.5 -0.5 -0.222893 -0.161556 0.753839 6.7216e+09
0 -1.5 -0.5 -0.253945 -0.271104 0.640141 6.55552e+09
0.5 -1 -0.5 -0.212911 -0.241195 0.712081 6.5178e+09
0 -0.5 -0.5 -0.222106 -0.231558 0.724193 6.33297e+09
0.5 0 -0.5 -0.18486 -0.197431 0.792437 6.22224e+09
0 0.5 -0.5 -0.197431 -0.18486 0.792437 6.22224e+09
0.5 1 -0.5 -0.162783 -0.147803 0.854381 6.08016e+09
0 1.5 -0.5 -0.177761 -0.133168 0.840095 6.23343e+09
1 -1.5 -0.5 -0.204732 -0.25125 0.688955 6.87525e+09
1.5 -1 -0.5 -0.161556 -0.222893 0.753839 6.7216e+09
1 -0.5 -0.5 -0.172668 -0.210091 0.779128 6.39143e+09
1.5 0 -0.5 -0.133168 -0.177761 0.840095 6.23343e+09
1 0.5 -0.5 -0.147803 -0.162783 0.854381 6.08016e+09
1.5 1 -0.5 -0.111291 -0.128124 0.907861 5.94078e+09
1 1.5 -0.5 -0.128124 -0.111291 0.907861 5.94078e+09
2 -1.5 -0.5 -0.152366 -0.234508 0.719112 7.20009e+09
2.5 -1 -0.5 -0.1077 -0.206677 0.7758 6.96894e+09
2 -0.5 -0.5 -0.119525 -0.192692 0.812998 6.53342e+09
2.5 0 -0.5 -0.0790588 -0.161463 0.864171 6.35141e+09
2 0.5 -0.5 -0.0947435 -0.144882 0.892771 6.07947e+09
2.5 1 -0.5 -0.0577615 -0.111902 0.934737 5.95067e+09
2 1.5 -0.5 -0.0756846 -0.0938465 0.950457 5.82337e+09
-2.25 -0.75 -0.25 -0.0845325 0.0504226 0.625071 1.21662e+09
-2.25 0.25 -0.25 -0.146799 0.113337 0.655365 1.38748e+09
-2.25 1.25 -0.25 -0.211622 0.172207 0.664671 1.56212e+09
-1.75 -1.25 -0.25 -0.0422499 0.00334776 0.638358 1.18318e+09
-1.25 -0.75 -0.25 -0.0387106 0.0130739 0.702764 1.27743e+09
-1.75 -0.25 -0.25 -0.0903611 0.0634316 0.686769 1.31521e+09
-1.25 0.25 -0.25 -0.0912101 0.0731531 0.744734 1.37451e+09
-1.75 0.75 -0.25 -0.150587 0.124551 0.711579 1.45089e+09
-1.25 1.25 -0.25 -0.150771 0.133917 0.764586 1.48097e+09
-0.75 -1.25 -0.25 0.0130739 -0.0387106 0.702764 1.27743e+09
-0.25 -0.75 -0.25 0.0193698 -0.0353837 0.761681 1.33561e+09
-0.75 -0.25 -0.25 -0.0353837 0.0193698 0.761681 1.33561e+09
-0.25 0.25 -0.25 -0.030476 0.0267866 0.817181 1.36649e+09
-0.75 0.75 -0.25 -0.0893544 0.0823808 0.799292 1.40469e+09
-0.25 1.25 -0.25 -0.0869525 0.0881873 0.848724 1.41472e+09
0.25 -1.25 -0.25 0.0731531 -0.0912101 0.744734 1.37451e+09
0.75 -0.75 -0.25 0.0823808 -0.0893544 0.799292 1.40469e+09
0.25 -0.25 -0.25 0.0267866 -0.030476 0.817181 1.36649e+09
0.75 0.25 -0.25 0.0318604 -0.0267525 0.867305 1.37774e+09
0.25 0.75 -0.25 -0.0267525 0.0318604 0.867305 1.37774e+09
0.75 1.25 -0.25 -0.0244971 0.0344943 0.91089 1.37766e+09
1.25 -1.25 -0.25 0.133917 -0.150771 0.764586 1.48097e+09
1.75 -0.75 -0.25 0.140081 -0.148625 0.81308 1.48856e+09
1.25 -0.25 -0.25 0.0881873 -0.0869525 0.848724 1.41472e+09
1.75 0.25 -0.25 0.0912018 -0.0847346 0.89191 1.41274e+09
1.25 0.75 -0.25 0.0344943 -0.0244971 0.91089 1.37766e+09
1.75 1.25 -0.25 0.0351835 -0.0237246 0.94666 1.3724e+09
2.25 -1.25 -0.25 0.186494 -0.21022 0.763696 1.59675e+09
2.25 -0.25 -0.25 0.143573 -0.145623 0.85569 1.48294e+09
2.25 0.75 -0.25 0.0919831 -0.0834332 0.927391 1.40568e+09
-2.5 -1.5 0 -0.363213 -0.370303 0.440487 3.81325e+09
-2.5 -0.5 0 -0.330472 -0.33522 0.510897 4.32029e+09
-2.5 0.5 0 -0.304472 -0.288582 0.5653 4.8122e+09
-2.5 1.5 0 -0.282626 -0.236598 0.60276 5.23485e+09
-1.5 -1.5 0 -0.334074 -0.334074 0.527021 4.11232e+09
-2 -1 0 -0.33282 -0.33356 0.522969 4.16721e+09
-1.5 -0.5 0 -0.300082 -0.294694 0.602924 4.3851e+09
-2 0 0 -0.302219 -0.291738 0.588355 4.55809e+09
-1.5 0.5 0 -0.274416 -0.246828 0.662104 4.65554e+09
-2 1 0 -0.280765 -0.240819 0.635568 4.91309e+09
-1.5 1.5 0 -0.253946 -0.194068 0.702266 4.90162e+09
-0.5 -1.5 0 -0.294694 -0.300082 0.602924 4.3851e+09
-1 -1 0 -0.297993 -0.297993 0.607882 4.32346e+09
-0.5 -0.5 0 -0.260929 -0.260929 0.684909 4.42798e+09
-1 0 0 -0.267702 -0.253658 0.679055 4.4863e+09
-0.5 0.5 0 -0.234111 -0.212893 0.750593 4.48393e+09
-1 1 0 -0.244285 -0.202865 0.731674 4.64724e+09
-0.5 1.5 0 -0.212055 -0.159319 0.796072 4.58628e+09
0.5 -1.5 0 -0.246828 -0.274416 0.662104 4.65554e+09
0 -1 0 -0.253658 -0.267702 0.679055 4.4863e+09
0.5 -0.5 0 -0.212893 -0.234111 0.750593 4.48393e+09
0 0 0 -0.223579 -0.223579 0.757159 4.42847e+09
0.5 0.5 0 -0.18561 -0.18561 0.823736 4.38126e+09
0 1 0 -0.198994 -0.172169 0.816618 4.43324e+09
0.5 1.5 0 -0.163224 -0.131786 0.875171 4.36368e+09
1.5 -1.5 0 -0.194068 -0.253946 0.702266 4.90162e+09
1 -1 0 -0.202865 -0.244285 0.731674 4.64724e+09
1.5 -0.5 0 -0.159319 -0.212055 0.796072 4.58628e+09
1 0 0 -0.172169 -0.198994 0.816618 4.43324e+09
1.5 0.5 0 -0.131786 -0.163224 0.875171 4.36368e+09
1 1 0 -0.147516 -0.147516 0.882754 4.31614e+09
1.5 1.5 0 -0.109842 -0.109842 0.931768 4.24893e+09
2.5 -1.5 0 -0.13864 -0.23483 0.724262 5.13566e+09
2 -1 0 -0.147831 -0.224583 0.764194 4.82654e+09
2.5 -0.5 0 -0.102714 -0.193388 0.819339 4.7263e+09
2 0 0 -0.116606 -0.178585 0.853271 4.50411e+09
2.5 0.5 0 -0.0754413 -0.14441 0.900821 4.42206e+09
2 1 0 -0.0923909 -0.127288 0.923811 4.29268e+09
2.5 1.5 0 -0.0541148 -0.0914301 0.96033 4.23611e+09
-2.25 -1.25 0.25 -0.0589567 0.0295576 0.605586 7.1436e+08
-2.25 -0.25 0.25 -0.11564 0.0910385 0.650344 8.45247e+08
-2.25 0.75 0.25 -0.184739 0.157244 0.668196 9.76593e+08
-1.25 -1.25 0.25 -0.010732 -0.010732 0.68269 8.0729e+08
-1.75 -0.75 0.25 -0.0624757 0.0426558 0.674875 8.16704e+08
-1.25 -0.25 0.25 -0.0641526 0.0497137 0.735432 8.92206e+08
-1.75 0.25 0.25 -0.122964 0.104726 0.70965 9.25256e+08
-1.25 0.75 0.25 -0.125079 0.117386 0.76529 9.78592e+08
-1.75 1.25 0.25 -0.190135 0.168624 0.721534 1.03489e+09
-0.25 -1.25 0.25 0.0497137 -0.0641526 0.735432 8.92206e+08
-0.75 -0.75 0.25 -0.00795875 -0.00795875 0.74377 8.81079e+08
-0.25 -0.25 0.25 -0.000572443 -0.000572444 0.801916 9.31899e+08
-0.75 0.25 0.25 -0.0617383 0.0598741 0.792663 9.43774e+08
-0.25 0.75 0.25 -0.0596516 0.0661006 0.843853 9.7503e+08
-0.75 1.25 0.25 -0.124866 0.124204 0.815348 1.01087e+09
0.75 -1.25 0.25 0.117386 -0.125079 0.76529 9.78592e+08
0.25 -0.75 0.25 0.0598741 -0.0617383 0.792663 9.43774e+08
0.75 -0.25 0.25 0.0661006 -0.0596516 0.843853 9.7503e+08
0.25 0.25 0.25 0.00430867 0.00430867 0.853717 9.62756e+08
0.75 0.75 0.25 0.00669184 0.00669184 0.89874 9.8037e+08
0.25 1.25 0.25 -0.0578649 0.0691201 0.888684 9.92386e+08
1.75 -1.25 0.25 0.175683 -0.190673 0.770497 1.06906e+09
1.25 -0.75 0.25 0.124204 -0.124866 0.815348 1.01087e+09
1.75 -0.25 0.25 0.127889 -0.123317 0.85963 1.02772e+09
1.25 0.25 0.25 0.0691201 -0.0578649 0.888684 9.92386e+08
1.75 0.75 0.25 0.0702074 -0.0568154 0.926444 1.00108e+09
1.25 1.25 0.25 0.00765504 0.00765504 0.936634 9.89471e+08
2.25 -0.75 0.25 0.179964 -0.188727 0.814156 1.08555e+09
2.25 0.25 0.25 0.129144 -0.1216 0.89702 1.03544e+09
2.25 1.25 0.25 0.0691632 -0.0570646 0.955877 1.00438e+09
-2.5 -1 0.5 -0.363427 -0.376116 0.471675 2.53068e+09
-2.5 0 0.5 -0.328209 -0.334691 0.535938 2.90987e+09
-2.5 1 0.5 -0.304152 -0.281365 0.58214 3.21945e+09
-2 -1.5 0.5 -0.371387 -0.373942 0.477726 2.48736e+09
-1.5 -1 0.5 -0.335126 -0.335462 0.56058 2.74506e+09
-2 -0.5 0.5 -0.33062 -0.335802 0.55232 2.80602e+09
-1.5 0 0.5 -0.301868 -0.290631 0.629654 2.98078e+09
-2 0.5 0.5 -0.30445 -0.285851 0.609557 3.09064e+09
-1.5 1 0.5 -0.275791 -0.238577 0.6806 3.17202e+09
-2 1.5 0.5 -0.279644 -0.231828 0.649356 3.32127e+09
-1 -1.5 0.5 -0.335462 -0.335126 0.56058 2.74506e+09
-0.5 -1 0.5 -0.295026 -0.299673 0.640193 2.92002e+09
-1 -0.5 0.5 -0.299673 -0.295026 0.640193 2.92002e+09
-0.5 0 0.5 -0.262936 -0.254457 0.71577 2.99092e+09
-1 0.5 0.5 -0.269903 -0.246201 0.703554 3.05419e+09
-0.5 1 0.5 -0.235006 -0.201658 0.772943 3.07562e+09
-1 1.5 0.5 -0.244604 -0.191047 0.747483 3.19371e+09
0 -1.5 0.5 -0.290631 -0.301868 0.629654 2.98078e+09
0.5 -1 0.5 -0.246201 -0.269903 0.703554 3.05419e+09
0 -0.5 0.5 -0.254457 -0.262936 0.71577 2.99092e+09
0.5 0 0.5 -0.213075 -0.22442 0.786457 3.01202e+09
0 0.5 0.5 -0.22442 -0.213075 0.786457 3.01202e+09
0.5 1 0.5 -0.18536 -0.171188 0.85045 3.00582e+09
0 1.5 0.5 -0.199057 -0.157051 0.835807 3.06535e+09
1 -1.5 0.5 -0.238577 -0.275791 0.6806 3.17202e+09
1.5 -1 0.5 -0.191047 -0.244604 0.747483 3.19371e+09
1 -0.5 0.5 -0.201658 -0.235006 0.772943 3.07562e+09
1.5 0 0.5 -0.157051 -0.199057 0.835807 3.06535e+09
1 0.5 0.5 -0.171188 -0.18536 0.85045 3.00582e+09
1.5 1 0.5 -0.129736 -0.1461 0.90539 2.98199e+09
1 1.5 0.5 -0.1461 -0.129736 0.90539 2.98199e+09
2 -1.5 0.5 -0.18189 -0.25269 0.712716 3.34706e+09
2.5 -1 0.5 -0.132171 -0.223296 0.770528 3.32734e+09
2 -0.5 0.5 -0.143848 -0.21178 0.808219 3.17777e+09
2.5 0 0.5 -0.0980528 -0.177355 0.860581 3.144e+09
2 0.5 0.5 -0.11345 -0.162128 0.889863 3.03786e+09
2.5 1 0.5 -0.0711525 -0.124737 0.932741 3.00913e+09
2 1.5 0.5 -0.088973 -0.106986 0.948965 2.95679e+09
-2.25 -0.75 0.75 -0.0832882 0.0665137 0.638246 4.7196e+08
-2.25 0.25 0.75 -0.154245 0.129551 0.668169 5.67828e+08
-2.25 1.25 0.75 -0.224933 0.195996 0.675526 6.61954e+08
-1.75 -1.25 0.75 -0.0353956 0.0140225 0.65299 4.65574e+08
-1.25 -0.75 0.75 -0.0403516 0.016773 0.718231 5.37837e+08
-1.75 -0.25 0.75 -0.0940933 0.0753179 0.702271 5.48188e+08
-1.25 0.25 0.75 -0.0967297 0.0905323 0.762488 6.07589e+08
-1.75 0.75 0.75 -0.162467 0.148286 0.726201 6.30501e+08
-1.25 1.25 0.75 -0.165739 0.15668 0.777135 6.76022e+08
-0.75 -1.25 0.75 0.016773 -0.0403516 0.718231 5.37837e+08
-0.25 -0.75 0.75 0.0291031 -0.0343351 0.780972 5.94971e+08
-0.75 -0.25 0.75 -0.0343351 0.0291031 0.780972 5.94971e+08
-0.25 0.25 0.75 -0.0305169 0.0362859 0.835196 6.35378e+08
-0.75 0.75 0.75 -0.0979159 0.09886 0.815079 6.49597e+08
-0.25 1.25 0.75 -0.0972512 0.103216 0.861077 6.78229e+08
0.25 -1.25 0.75 0.0905323 -0.0967297 0.762488 6.07589e+08
0.75 -0.75 0.75 0.09886 -0.0979159 0.815079 6.49597e+08
0.25 -0.25 0.75 0.0362859 -0.0305169 0.835196 6.35378e+08
0.75 0.25 0.75 0.0391304 -0.028509 0.881576 6.63352e+08
0.25 0.75 0.75 -0.028509 0.0391304 0.881576 6.63352e+08
0.75 1.25 0.75 -0.0269803 0.0411002 0.92128 6.82193e+08
1.25 -1.25 0.75 0.15668 -0.165739 0.777135 6.76022e+08
1.75 -0.75 0.75 0.162251 -0.166181 0.822307 7.06041e+08
1.25 -0.25 0.75 0.103216 -0.0972512 0.861077 6.78229e+08
1.75 0.25 0.75 0.1056 -0.0961742 0.900425 6.97146e+08
1.25 0.75 0.75 0.0411002 -0.0269803 0.92128 6.82193e+08
1.75 1.25 0.75 0.0407114 -0.0269488 0.953094 6.93768e+08
2.25 -1.25 0.75 0.211537 -0.233028 0.768817 7.45417e+08
2.25 -0.25 0.75 0.164792 -0.164745 0.861106 7.25639e+08
2.25 0.75 0.75 0.105337 -0.0953769 0.932123 7.08556e+08
-2.5 -1.5 1 -0.407789 -0.420597 0.427493 1.35459e+09
-2.5 -0.5 1 -0.35397 -0.385256 0.502234 1.63298e+09
-2.5 0.5 1 -0.329551 -0.32995 0.557548 1.86555e+09
-2.5 1.5 1 -0.297843 -0.275206 0.598644 2.04828e+09
-1.5 -1.5 1 -0.375504 -0.375504 0.514287 1.59031e+09
-2 -1 1 -0.368418 -0.379298 0.510941 1.5998e+09
-1.5 -0.5 1 -0.337046 -0.334959 0.591234 1.79476e+09
-2 0 1 -0.332484 -0.334418 0.578115 1.82715e+09
-1.5 0.5 1 -0.302982 -0.285807 0.652821 1.941e+09
-2 1 1 -0.301589 -0.280253 0.628548 1.99793e+09
-1.5 1.5 1 -0.272144 -0.228955 0.696667 2.07676e+09
-0.5 -1.5 1 -0.334959 -0.337046 0.591234 1.79476e+09
-1 -1 1 -0.337294 -0.337294 0.595845 1.78209e+09
-0.5 -0.5 1 -0.297369 -0.297369 0.674462 1.88335e+09
-1 0 1 -0.301765 -0.290891 0.668907 1.89981e+09
-0.5 0.5 1 -0.262722 -0.246071 0.743042 1.96275e+09
-1 1 1 -0.268502 -0.237319 0.724699 2.01079e+09
-0.5 1.5 1 -0.233779 -0.188206 0.790753 2.04399e+09
0.5 -1.5 1 -0.285807 -0.302982 0.652821 1.941e+09
0 -1 1 -0.290891 -0.301765 0.668907 1.89981e+09
0.5 -0.5 1 -0.246071 -0.262722 0.743042 1.96275e+09
0 0 1 -0.255212 -0.255212 0.749392 1.94394e+09
0.5 0.5 1 -0.212339 -0.212339 0.818381 1.97896e+09
0 1 1 -0.223719 -0.199976 0.811252 1.99674e+09
0.5 1.5 1 -0.183658 -0.154378 0.871443 2.00562e+09
1.5 -1.5 1 -0.228955 -0.272144 0.696667 2.07676e+09
1 -1 1 -0.237319 -0.268502 0.724699 2.01079e+09
1.5 -0.5 1 -0.188206 -0.233779 0.790753 2.04399e+09
1 0 1 -0.199976 -0.223719 0.811252 1.99674e+09
1.5 0.5 1 -0.154378 -0.183658 0.871443 2.00562e+09
1 1 1 -0.169349 -0.169349 0.879147 1.98829e+09
1.5 1.5 1 -0.126446 -0.126446 0.929484 1.98856e+09
2.5 -1.5 1 -0.168205 -0.248262 0.72021 2.18529e+09
2 -1 1 -0.177471 -0.241728 0.759378 2.11234e+09
2.5 -0.5 1 -0.126705 -0.20876 0.815299 2.12126e+09
2 0 1 -0.139968 -0.196996 0.849307 2.05267e+09
2.5 0.5 1 -0.0930756 -0.15889 0.897895 2.05045e+09
2 1 1 -0.109449 -0.143087 0.921328 2.00495e+09
2.5 1.5 1 -0.0657763 -0.102069 0.958614 1.99817e+09
-2.25 -1.25 1.25 -0.0529469 0.0323971 0.606453 2.38892e+08
-2.25 -0.25 1.25 -0.119532 0.0936534 0.659428 3.02378e+08
-2.25 0.75 1.25 -0.194533 0.171799 0.682241 3.67585e+08
-1.25 -1.25 1.25 -0.0200037 -0.0200038 0.689106 2.96121e+08
-1.75 -0.75 1.25 -0.0741488 0.0348937 0.680511 2.98066e+08
-1.25 -0.25 1.25 -0.0719562 0.0550733 0.751621 3.50741e+08
-1.75 0.25 1.25 -0.130988 0.115404 0.725328 3.58005e+08
-1.25 0.75 1.25 -0.137938 0.126123 0.780186 4.0158e+08
-1.75 1.25 1.25 -0.203136 0.181412 0.734986 4.15779e+08
-0.25 -1.25 1.25 0.0550733 -0.0719562 0.751621 3.50741e+08
-0.75 -0.75 1.25 -0.00794065 -0.00794065 0.761312 3.47551e+08
-0.25 -0.25 1.25 -0.00141532 -0.00141532 0.820323 3.88202e+08
-0.75 0.25 1.25 -0.0703719 0.0661566 0.810142 3.91651e+08
-0.25 0.75 1.25 -0.0694758 0.0702278 0.858455 4.2332e+08
-0.75 1.25 1.25 -0.139729 0.133518 0.827938 4.35036e+08
0.75 -1.25 1.25 0.126123 -0.137938 0.780186 4.0158e+08
0.25 -0.75 1.25 0.0661566 -0.0703719 0.810142 3.91651e+08
0.75 -0.25 1.25 0.0702278 -0.0694758 0.858455 4.2332e+08
0.25 0.25 1.25 0.000862805 0.000862805 0.868793 4.19075e+08
0.75 0.75 1.25 0.00412303 0.00412303 0.910793 4.42651e+08
0.25 1.25 1.25 -0.0680125 0.0744668 0.900039 4.4703e+08
1.75 -1.25 1.25 0.191207 -0.208478 0.781187 4.51498e+08
1.25 -0.75 1.25 0.133518 -0.139729 0.827938 4.35036e+08
1.75 -0.25 1.25 0.138443 -0.140158 0.868614 4.59723e+08
1.25 0.25 1.25 0.0744668 -0.0680125 0.900039 4.4703e+08
1.75 0.75 1.25 0.0751287 -0.0669855 0.933807 4.63356e+08
1.25 1.25 1.25 0.00499708 0.00499708 0.944728 4.58637e+08
2.25 -0.75 1.25 0.195945 -0.209649 0.820682 4.7846e+08
2.25 0.25 1.25 0.139884 -0.138634 0.902227 4.76627e+08
2.25 1.25 1.25 0.0748924 -0.0666362 0.959844 4.74397e+08
-2.5 -1 1.5 -0.396609 -0.431597 0.459839 8.33786e+08
-2.5 0 1.5 -0.360153 -0.387925 0.527136 1.00478e+09
-2.5 1 1.5 -0.320217 -0.330149 0.578624 1.13413e+09
-2 -1.5 1.5 -0.412401 -0.422905 0.46474 8.34328e+08
-1.5 -1 1.5 -0.380317 -0.383162 0.546776 1.00382e+09
-2 -0.5 1.5 -0.373049 -0.383307 0.539561 1.00717e+09
-1.5 0 1.5 -0.339024 -0.334533 0.617702 1.11708e+09
-2 0.5 1.5 -0.331734 -0.333699 0.600541 1.12645e+09
-1.5 1 1.5 -0.296698 -0.280681 0.674071 1.21926e+09
-2 1.5 1.5 -0.292494 -0.274345 0.646701 1.23638e+09
-1 -1.5 1.5 -0.383162 -0.380317 0.546776 1.00382e+09
-0.5 -1 1.5 -0.3388 -0.341234 0.626863 1.10695e+09
-1 -0.5 1.5 -0.341234 -0.3388 0.626863 1.10695e+09
-0.5 0 1.5 -0.297492 -0.292287 0.705494 1.18221e+09
-1 0.5 1.5 -0.298016 -0.286263 0.694605 1.19824e+09
-0.5 1 1.5 -0.260482 -0.235324 0.766017 1.25361e+09
-1 1.5 1.5 -0.264535 -0.226688 0.74184 1.27652e+09
0 -1.5 1.5 -0.334533 -0.339024 0.617702 1.11708e+09
0.5 -1 1.5 -0.286263 -0.298016 0.694605 1.19824e+09
0 -0.5 1.5 -0.292287 -0.297492 0.705494 1.18221e+09
0.5 0 1.5 -0.244921 -0.254428 0.778932 1.23773e+09
0 0.5 1.5 -0.254428 -0.244921 0.778932 1.23773e+09
0.5 1 1.5 -0.210625 -0.197812 0.844849 1.26601e+09
0 1.5 1.5 -0.220796 -0.185177 0.83042 1.28348e+09
1 -1.5 1.5 -0.280681 -0.296698 0.674071 1.21926e+09
1.5 -1 1.5 -0.226688 -0.264535 0.74184 1.27652e+09
1 -0.5 1.5 -0.235324 -0.260482 0.766017 1.25361e+09
1.5 0 1.5 -0.185177 -0.220796 0.83042 1.28348e+09
1 0.5 1.5 -0.197812 -0.210625 0.844849 1.26601e+09
1.5 1 1.5 -0.150632 -0.166154 0.901554 1.28354e+09
1 1.5 1.5 -0.166154 -0.150632 0.901554 1.28354e+09
2 -1.5 1.5 -0.218971 -0.265031 0.70955 1.30067e+09
2.5 -1 1.5 -0.162902 -0.235955 0.766985 1.33948e+09
2 -0.5 1.5 -0.173487 -0.229516 0.803432 1.31033e+09
2.5 0 1.5 -0.121271 -0.192102 0.856727 1.3291e+09
2 0.5 1.5 -0.135391 -0.179899 0.885931 1.3012e+09
2.5 1 1.5 -0.0874849 -0.137248 0.929844 1.3077e+09
2 1.5 1.5 -0.104348 -0.121335 0.946263 1.28893e+09
