449
-2.5 -1 -1.5 -0.678832 -0.564528 -0.0129933 5.1667e+08
-2.5 0 -1.5 -0.633126 -0.62004 0.0272447 8.12947e+08
-2.5 1 -1.5 -0.560077 -0.686463 0.0820811 1.13114e+09
-2 -1.5 -1.5 -0.735964 -0.493763 0.00805347 4.5279e+08
-1.5 -1 -1.5 -0.764153 -0.459961 0.0615732 6.74362e+08
-2 -0.5 -1.5 -0.711869 -0.533302 0.0434514 7.68475e+08
-1.5 0 -1.5 -0.743687 -0.494681 0.101576 1.1177e+09
-2 0.5 -1.5 -0.669732 -0.585316 0.0888212 1.17197e+09
-1.5 1 -1.5 -0.703979 -0.541939 0.152803 1.63074e+09
-2 1.5 -1.5 -0.59769 -0.648715 0.15085 1.54109e+09
-1 -1.5 -1.5 -0.79701 -0.401032 0.0782963 5.5337e+08
-0.5 -1 -1.5 -0.818918 -0.359283 0.128805 8.07647e+08
-1 -0.5 -1.5 -0.79086 -0.41911 0.115999 9.84552e+08
-0.5 0 -1.5 -0.814741 -0.370292 0.170902 1.4004e+09
-1 0.5 -1.5 -0.77288 -0.447663 0.16097 1.57748e+09
-0.5 1 -1.5 -0.797599 -0.391453 0.221158 2.13757e+09
-1 1.5 -1.5 -0.733752 -0.488925 0.218853 2.16094e+09
0 -1.5 -1.5 -0.833865 -0.313802 0.137961 6.24036e+08
0.5 -1 -1.5 -0.848842 -0.26526 0.183878 8.88422e+08
0 -0.5 -1.5 -0.837977 -0.310102 0.17922 1.15154e+09
0.5 0 -1.5 -0.852568 -0.252844 0.229131 1.59289e+09
0 0.5 -1.5 -0.834088 -0.312817 0.22581 1.92412e+09
0.5 1 -1.5 -0.846753 -0.246399 0.280206 2.52473e+09
0 1.5 -1.5 -0.815479 -0.325579 0.281578 2.74098e+09
1 -1.5 -1.5 -0.851818 -0.233003 0.184011 6.52315e+08
1.5 -1 -1.5 -0.859583 -0.178811 0.224351 9.01966e+08
1 -0.5 -1.5 -0.859593 -0.209234 0.228931 1.23073e+09
1.5 0 -1.5 -0.864236 -0.145479 0.272843 1.64658e+09
1 0.5 -1.5 -0.86069 -0.187285 0.278139 2.11821e+09
1.5 1 -1.5 -0.859969 -0.113774 0.325765 2.67645e+09
1 1.5 -1.5 -0.850191 -0.171242 0.33336 3.11755e+09
2 -1.5 -1.5 -0.855537 -0.158199 0.215476 6.3655e+08
2.5 -1 -1.5 -0.855952 -0.0993854 0.24987 8.51633e+08
2 -0.5 -1.5 -0.861741 -0.117416 0.263366 1.20831e+09
2.5 0 -1.5 -0.856209 -0.0490632 0.300968 1.55604e+09
2 0.5 -1.5 -0.860541 -0.0743337 0.315356 2.1075e+09
2.5 1 -1.5 -0.846026 0.00319075 0.356 2.5522e+09
2 1.5 -1.5 -0.847789 -0.0332431 0.371076 3.16943e+09
-2.25 -0.75 -1.25 -0.642535 -0.375827 0.111999 1.58602e+08
-2.25 0.25 -1.25 -0.567351 -0.460426 0.179761 2.38335e+08
-2.25 1.25 -1.25 -0.457409 -0.550902 0.268007 3.24652e+08
-1.75 -1.25 -1.25 -0.718767 -0.27315 0.121288 1.47514e+08
-1.25 -0.75 -1.25 -0.741871 -0.234611 0.184965 2.21065e+08
-1.75 -0.25 -1.25 -0.671931 -0.340641 0.179863 2.36325e+08
-1.25 0.25 -1.25 -0.698917 -0.299285 0.249435 3.46215e+08
-1.75 0.75 -1.25 -0.60012 -0.423194 0.254856 3.44997e+08
-1.25 1.25 -1.25 -0.629674 -0.377695 0.331814 4.85297e+08
-0.75 -1.25 -1.25 -0.785939 -0.146808 0.191452 1.95088e+08
-0.25 -0.75 -1.25 -0.799105 -0.101509 0.250851 2.895e+08
-0.75 -0.25 -1.25 -0.761822 -0.190601 0.249329 3.26594e+08
-0.25 0.25 -1.25 -0.7769 -0.139895 0.31326 4.73135e+08
-0.75 0.75 -1.25 -0.721721 -0.250378 0.319529 4.95366e+08
-0.25 1.25 -1.25 -0.738111 -0.192472 0.388678 6.85248e+08
0.25 -1.25 -1.25 -0.820226 -0.0321166 0.25078 2.42081e+08
0.75 -0.75 -1.25 -0.822828 0.0182989 0.303748 3.54265e+08
0.25 -0.25 -1.25 -0.807174 -0.0504768 0.30913 4.22509e+08
0.75 0.25 -1.25 -0.808314 0.0073176 0.365107 6.02554e+08
0.25 0.75 -1.25 -0.78507 -0.0812968 0.375394 6.66765e+08
0.75 1.25 -1.25 -0.783844 -0.0137421 0.434297 9.0313e+08
1.25 -1.25 -1.25 -0.831279 0.0688258 0.295029 2.81154e+08
1.75 -0.75 -1.25 -0.824315 0.122864 0.340141 4.03685e+08
1.25 -0.25 -1.25 -0.818924 0.0743894 0.354102 5.08181e+08
1.75 0.25 -1.25 -0.806666 0.136819 0.400904 7.09023e+08
1.25 0.75 -1.25 -0.80038 0.0726691 0.417588 8.31761e+08
1.75 1.25 -1.25 -0.780822 0.145993 0.465485 1.09627e+09
2.25 -1.25 -1.25 -0.828703 0.156106 0.322421 3.05506e+08
2.25 -0.25 -1.25 -0.809973 0.182195 0.381721 5.65602e+08
2.25 0.75 -1.25 -0.78392 0.205788 0.443415 9.51713e+08
-2.5 -1.5 -1 -0.658576 -0.54303 -0.115069 5.90068e+08
-2.5 -0.5 -1 -0.627841 -0.58943 -0.0872714 1.00771e+09
-2.5 0.5 -1 -0.577116 -0.648288 -0.0499358 1.56202e+09
-2.5 1.5 -1 -0.496213 -0.716748 0.00260793 2.13169e+09
-1.5 -1.5 -1 -0.732784 -0.463197 -0.0355738 7.51832e+08
-2 -1 -1 -0.691473 -0.519744 -0.0614322 9.01583e+08
-1.5 -0.5 -1 -0.724223 -0.490381 -0.00615467 1.35782e+09
-2 0 -1 -0.665538 -0.562915 -0.0298179 1.51637e+09
-1.5 0.5 -1 -0.702573 -0.528958 0.0296381 2.23409e+09
-2 1 -1 -0.619072 -0.618541 0.0118956 2.28115e+09
-1.5 1.5 -1 -0.659455 -0.580053 0.0763476 3.21838e+09
-0.5 -1.5 -1 -0.78105 -0.38748 0.036596 8.81079e+08
-1 -1 -1 -0.760637 -0.432216 0.0168617 1.12911e+09
-0.5 -0.5 -1 -0.787258 -0.394581 0.069899 1.66647e+09
-1 0 -1 -0.755907 -0.453899 0.0503371 2.00688e+09
-0.5 0.5 -1 -0.785283 -0.409346 0.10755 2.89278e+09
-1 1 -1 -0.737618 -0.486505 0.090617 3.19744e+09
-0.5 1.5 -1 -0.768755 -0.434793 0.152554 4.39601e+09
0.5 -1.5 -1 -0.80868 -0.316696 0.0968614 9.53345e+08
0 -1 -1 -0.803166 -0.349684 0.0858027 1.29431e+09
0.5 -0.5 -1 -0.822956 -0.304927 0.13469 1.86186e+09
0 0 -1 -0.811458 -0.349404 0.123063 2.40486e+09
0.5 0.5 -1 -0.831639 -0.296078 0.175898 3.36915e+09
0 1 -1 -0.810628 -0.356068 0.164956 4.03077e+09
0.5 1.5 -1 -0.829634 -0.294014 0.222002 5.36423e+09
1.5 -1.5 -1 -0.820708 -0.250369 0.142929 9.59328e+08
1 -1 -1 -0.824786 -0.272999 0.141348 1.36357e+09
1.5 -0.5 -1 -0.837398 -0.222301 0.184834 1.90179e+09
1 0 -1 -0.838917 -0.252601 0.182866 2.6073e+09
1.5 0.5 -1 -0.849102 -0.192606 0.23005 3.5266e+09
1 1 -1 -0.845704 -0.234563 0.227996 4.53867e+09
1.5 1.5 -1 -0.851066 -0.165696 0.278916 5.8068e+09
2.5 -1.5 -1 -0.821312 -0.186989 0.174397 9.0583e+08
2 -1 -1 -0.830628 -0.201563 0.181817 1.3305e+09
2.5 -0.5 -1 -0.835766 -0.146004 0.219336 1.79104e+09
2 0 -1 -0.844694 -0.164404 0.227122 2.56954e+09
2.5 0.5 -1 -0.844434 -0.0998366 0.268171 3.33527e+09
2 1 -1 -0.851116 -0.125655 0.276038 4.56142e+09
2.5 1.5 -1 -0.84227 -0.0534871 0.32045 5.57575e+09
-2.25 -1.25 -0.75 -0.631241 -0.269391 -0.022885 1.7858e+08
-2.25 -0.25 -0.75 -0.577629 -0.337999 0.0275875 2.88001e+08
-2.25 0.75 -0.75 -0.497781 -0.418623 0.0954755 4.25819e+08
-1.25 -1.25 -0.75 -0.719692 -0.148883 0.0560307 2.42997e+08
-1.75 -0.75 -0.75 -0.662668 -0.235559 0.0404533 2.72695e+08
-1.25 -0.25 -0.75 -0.693028 -0.196999 0.106077 4.12263e+08
-1.75 0.25 -0.75 -0.613989 -0.302021 0.0973771 4.32712e+08
-1.25 0.75 -0.75 -0.648804 -0.259103 0.169683 6.39934e+08
-1.75 1.25 -0.75 -0.537862 -0.378498 0.173361 6.21676e+08
-0.25 -1.25 -0.75 -0.774396 -0.0386673 0.127683 3.1003e+08
-0.75 -0.75 -0.75 -0.743525 -0.108887 0.11743 3.68371e+08
-0.25 -0.25 -0.75 -0.764298 -0.0640356 0.179268 5.52102e+08
-0.75 0.25 -0.75 -0.720853 -0.152521 0.173044 6.15093e+08
-0.25 0.75 -0.75 -0.744302 -0.1009 0.240052 9.01144e+08
-0.75 1.25 -0.75 -0.680188 -0.207744 0.243118 9.25617e+08
0.75 -1.25 -0.75 -0.803033 0.0584594 0.186131 3.70369e+08
0.25 -0.75 -0.75 -0.789043 0.00576766 0.184493 4.64957e+08
0.75 -0.25 -0.75 -0.798986 0.0549722 0.240005 6.87861e+08
0.25 0.25 -0.75 -0.780276 -0.0132742 0.24037 8.14814e+08
0.75 0.75 -0.75 -0.789341 0.0443741 0.299391 1.17667e+09
0.25 1.25 -0.75 -0.760984 -0.0409255 0.305528 1.28617e+09
1.75 -1.25 -0.75 -0.814551 0.141985 0.22796 4.14563e+08
1.25 -0.75 -0.75 -0.808615 0.105832 0.236259 5.47105e+08
1.75 -0.25 -0.75 -0.80833 0.157774 0.283745 7.9449e+08
1.25 0.25 -0.75 -0.802366 0.109815 0.293095 9.98625e+08
1.75 0.75 -0.75 -0.796987 0.170883 0.342781 1.41137e+09
1.25 1.25 -0.75 -0.788898 0.109625 0.355058 1.6465e+09
2.25 -0.75 -0.75 -0.812251 0.191184 0.27011 5.99992e+08
2.25 0.25 -0.75 -0.800299 0.214864 0.327851 1.12655e+09
2.25 1.25 -0.75 -0.7803 0.238226 0.388458 1.91915e+09
-2.5 -1 -0.5 -0.603787 -0.56487 -0.199276 1.1987e+09
-2.5 0 -0.5 -0.569909 -0.613392 -0.17446 2.016e+09
-2.5 1 -0.5 -0.513391 -0.673849 -0.139609 3.0687e+09
-2 -1.5 -0.5 -0.65388 -0.513628 -0.166316 1.02329e+09
-1.5 -1 -0.5 -0.685884 -0.493679 -0.112773 1.57316e+09
-2 -0.5 -0.5 -0.640529 -0.547094 -0.144365 1.85028e+09
-1.5 0 -0.5 -0.677469 -0.523346 -0.087455 2.81937e+09
-2 0.5 -0.5 -0.611858 -0.59269 -0.116527 3.07094e+09
-1.5 1 -0.5 -0.653847 -0.564684 -0.0562609 4.58863e+09
-2 1.5 -0.5 -0.560436 -0.650201 -0.0785798 4.54668e+09
-1 -1.5 -0.5 -0.712225 -0.452655 -0.0833477 1.25011e+09
-0.5 -1 -0.5 -0.739419 -0.426119 -0.0312007 1.88528e+09
-1 -0.5 -0.5 -0.717794 -0.468079 -0.0578629 2.38813e+09
-0.5 0 -0.5 -0.748891 -0.43586 -0.00206982 3.56761e+09
-1 0.5 -0.5 -0.713881 -0.492565 -0.0290064 4.22289e+09
-0.5 1 -0.5 -0.748649 -0.453789 0.0304329 6.17864e+09
-1 1.5 -0.5 -0.694656 -0.528287 0.0057764 6.67299e+09
0 -1.5 -0.5 -0.747798 -0.395185 -0.00924406 1.40498e+09
0.5 -1 -0.5 -0.769957 -0.362735 0.0395433 2.06853e+09
0 -0.5 -0.5 -0.765762 -0.393462 0.0213045 2.79879e+09
0.5 0 -0.5 -0.790264 -0.353861 0.0736729 4.07302e+09
0 0.5 -0.5 -0.77813 -0.396147 0.054087 5.21821e+09
0.5 1 -0.5 -0.803966 -0.348405 0.110107 7.41933e+09
0 1.5 -0.5 -0.780059 -0.406434 0.0902642 8.75241e+09
1 -1.5 -0.5 -0.765927 -0.340519 0.0521995 1.46239e+09
1.5 -1 -0.5 -0.783002 -0.302754 0.0962211 2.09287e+09
1 -0.5 -0.5 -0.79046 -0.323904 0.0878057 2.98655e+09
1.5 0 -0.5 -0.807976 -0.278136 0.135164 4.20748e+09
1 0.5 -0.5 -0.811502 -0.306788 0.12548 5.77596e+09
1.5 1 -0.5 -0.827501 -0.252351 0.176441 7.91752e+09
1 1.5 -0.5 -0.824228 -0.292838 0.165563 1.01544e+10
2 -1.5 -0.5 -0.771487 -0.287048 0.0992659 1.42314e+09
2.5 -1 -0.5 -0.783327 -0.244351 0.137734 1.97281e+09
2 -0.5 -0.5 -0.797439 -0.258563 0.139072 2.92423e+09
2.5 0 -0.5 -0.807516 -0.207811 0.180598 3.9659e+09
2 0.5 -0.5 -0.820674 -0.225422 0.181423 5.74454e+09
2.5 1 -0.5 -0.826216 -0.166675 0.226591 7.53514e+09
2 1.5 -0.5 -0.835756 -0.191731 0.226393 1.0383e+10
-2.25 -0.75 -0.25 -0.560706 -0.228239 -0.132138 3.33654e+08
-2.25 0.25 -0.25 -0.509007 -0.290967 -0.0858894 5.30975e+08
-2.25 1.25 -0.25 -0.431594 -0.358301 -0.0211383 7.7022e+08
-1.75 -1.25 -0.25 -0.627568 -0.147168 -0.107316 3.01204e+08
-1.25 -0.75 -0.25 -0.660361 -0.112844 -0.0454983 4.6419e+08
-1.75 -0.25 -0.25 -0.599046 -0.195631 -0.0677234 5.13316e+08
-1.25 0.25 -0.25 -0.637299 -0.15787 -0.000172349 7.82712e+08
-1.75 0.75 -0.25 -0.552856 -0.254616 -0.0150324 8.04489e+08
-1.25 1.25 -0.25 -0.5966 -0.210672 0.0592977 1.20187e+09
-0.75 -1.25 -0.25 -0.700359 -0.0445185 -0.0236882 3.94476e+08
-0.25 -0.75 -0.25 -0.72628 -0.00606995 0.0362152 6.02765e+08
-0.75 -0.25 -0.25 -0.692312 -0.0744433 0.018396 7.0969e+08
-0.25 0.25 -0.25 -0.722036 -0.0310789 0.0834183 1.07419e+09
-0.75 0.75 -0.25 -0.674118 -0.113891 0.0695539 1.17967e+09
-0.25 1.25 -0.25 -0.707547 -0.0626383 0.140059 1.74946e+09
0.25 -1.25 -0.25 -0.746736 0.0477596 0.0501957 4.83565e+08
0.75 -0.75 -0.25 -0.765043 0.088691 0.105442 7.30064e+08
0.25 -0.25 -0.25 -0.749701 0.036199 0.0964113 9.12589e+08
0.75 0.25 -0.25 -0.768919 0.0830367 0.15578 1.36501e+09
0.25 0.75 -0.25 -0.747678 0.0180921 0.148312 1.60387e+09
0.75 1.25 -0.25 -0.766762 0.073825 0.211636 2.34801e+09
1.25 -1.25 -0.25 -0.77401 0.128024 0.108942 5.56054e+08
1.75 -0.75 -0.25 -0.785052 0.170129 0.157391 8.25918e+08
1.25 -0.25 -0.25 -0.779451 0.13313 0.159326 1.08969e+09
1.75 0.25 -0.25 -0.788068 0.181734 0.210858 1.60111e+09
1.25 0.75 -0.25 -0.781769 0.135099 0.213128 2.00697e+09
1.75 1.25 -0.25 -0.785632 0.192761 0.267479 2.87688e+09
2.25 -1.25 -0.25 -0.789367 0.196418 0.149919 6.02261e+08
2.25 -0.25 -0.25 -0.791099 0.215508 0.203238 1.20826e+09
2.25 0.75 -0.25 -0.788661 0.234923 0.259333 2.29963e+09
-2.5 -1.5 0 -0.567434 -0.55205 -0.306778 1.42005e+09
-2.5 -0.5 0 -0.547072 -0.588856 -0.290339 2.53958e+09
-2.5 0.5 0 -0.508494 -0.638169 -0.267432 4.18649e+09
-2.5 1.5 0 -0.445065 -0.69844 -0.233047 6.24154e+09
-1.5 -1.5 0 -0.635267 -0.508269 -0.216357 1.81314e+09
-2 -1 0 -0.602132 -0.542799 -0.253377 2.22356e+09
-1.5 -0.5 0 -0.637337 -0.528931 -0.19782 3.45027e+09
-2 0 0 -0.58701 -0.577289 -0.234586 3.95904e+09
-1.5 0.5 0 -0.627564 -0.559988 -0.176367 6.1037e+09
-2 1 0 -0.554077 -0.624047 -0.20964 6.45591e+09
-1.5 1.5 0 -0.600525 -0.602957 -0.149013 9.78927e+09
-0.5 -1.5 0 -0.677744 -0.467 -0.130286 2.12408e+09
-1 -1 0 -0.665726 -0.492864 -0.162118 2.79315e+09
-0.5 -0.5 0 -0.696221 -0.472251 -0.10672 4.25292e+09
-1 0 0 -0.67273 -0.509533 -0.140497 5.29478e+09
-0.5 0.5 0 -0.707803 -0.483653 -0.0818755 8.00937e+09
-1 1 0 -0.668217 -0.535886 -0.116123 9.26854e+09
-0.5 1.5 0 -0.708007 -0.504006 -0.0544145 1.37787e+10
0.5 -1.5 0 -0.700116 -0.427 -0.0540664 2.29513e+09
0 -1 0 -0.703706 -0.445783 -0.0775606 3.20328e+09
0.5 -0.5 0 -0.729271 -0.418957 -0.0246732 4.75904e+09
0 0 0 -0.726261 -0.445567 -0.0506474 6.38337e+09
0.5 0.5 0 -0.755041 -0.41203 0.00560246 9.40537e+09
0 1 0 -0.741679 -0.450427 -0.022481 1.18833e+10
0.5 1.5 0 -0.772903 -0.40937 0.0371689 1.71697e+10
1.5 -1.5 0 -0.707862 -0.386346 0.00909813 2.30854e+09
1 -1 0 -0.721668 -0.400361 -0.0047484 3.37302e+09
1.5 -0.5 0 -0.742272 -0.367881 0.0438573 4.864e+09
1 0 0 -0.753691 -0.385787 0.0278948 6.94124e+09
1.5 0.5 0 -0.77577 -0.34582 0.0797642 9.88857e+09
1 1 0 -0.781254 -0.371185 0.0615954 1.35228e+10
1.5 1.5 0 -0.80296 -0.323328 0.117047 1.88183e+10
2.5 -1.5 0 -0.705765 -0.342883 0.0577542 2.18416e+09
2 -1 0 -0.725131 -0.35451 0.053672 3.29412e+09
2.5 -0.5 0 -0.740611 -0.316775 0.0969012 4.59118e+09
2 0 0 -0.760806 -0.329088 0.0913923 6.85227e+09
2.5 0.5 0 -0.775605 -0.284056 0.137721 9.37358e+09
2 1 0 -0.793734 -0.299242 0.13075 1.36641e+10
2.5 1.5 0 -0.805247 -0.247329 0.18089 1.8151e+10
-2.25 -1.25 0.25 -0.52398 -0.153004 -0.290158 3.76391e+08
-2.25 -0.25 0.25 -0.496686 -0.197342 -0.260997 6.39692e+08
-2.25 0.75 0.25 -0.453515 -0.248186 -0.219733 1.00198e+09
-1.25 -1.25 0.25 -0.609268 -0.0637378 -0.197815 5.05825e+08
-1.75 -0.75 0.25 -0.563503 -0.125613 -0.230021 5.87619e+08
-1.25 -0.25 0.25 -0.60413 -0.0946571 -0.166372 9.11928e+08
-1.75 0.25 0.25 -0.542447 -0.167511 -0.196063 9.91327e+08
-1.25 0.75 0.25 -0.589541 -0.132294 -0.12692 1.52489e+09
-1.75 1.25 0.25 -0.506282 -0.21312 -0.148929 1.53206e+09
-0.25 -1.25 0.25 -0.670095 0.0204316 -0.109714 6.35321e+08
-0.75 -0.75 0.25 -0.644578 -0.0319372 -0.136302 7.84008e+08
-0.25 -0.25 0.25 -0.679639 0.00313319 -0.0728525 1.20728e+09
-0.75 0.25 0.25 -0.645061 -0.059408 -0.0997269 1.40579e+09
-0.25 0.75 0.25 -0.685015 -0.0192827 -0.0309192 2.14929e+09
-0.75 1.25 0.25 -0.636769 -0.0909228 -0.0543628 2.3234e+09
0.75 -1.25 0.25 -0.711861 0.0971411 -0.0333805 7.48687e+08
0.25 -0.75 0.25 -0.699998 0.055144 -0.0500241 9.74985e+08
0.75 -0.25 0.25 -0.728281 0.0926196 0.00986948 1.48483e+09
0.25 0.25 0.25 -0.713182 0.0419645 -0.00830835 1.84489e+09
0.75 0.75 0.25 -0.743335 0.0849525 0.0562447 2.79072e+09
0.25 1.25 0.25 -0.721963 0.026195 0.0388602 3.24908e+09
1.75 -1.25 0.25 -0.740674 0.164755 0.0263435 8.32838e+08
1.25 -0.75 0.25 -0.735995 0.133157 0.0215765 1.13406e+09
1.75 -0.25 0.25 -0.757161 0.171457 0.0751054 1.70066e+09
1.25 0.25 0.25 -0.753244 0.133257 0.0689841 2.23941e+09
1.75 0.75 0.25 -0.77264 0.177407 0.126346 3.33078e+09
1.25 1.25 0.25 -0.767528 0.132412 0.119624 4.15866e+09
2.25 -0.75 0.25 -0.759127 0.200807 0.0743373 1.24049e+09
2.25 0.25 0.25 -0.773377 0.212481 0.126399 2.51545e+09
2.25 1.25 0.25 -0.7838 0.225249 0.18131 4.84934e+09
-2.5 -1 0.5 -0.519663 -0.583146 -0.388501 3.26434e+09
-2.5 0 0.5 -0.494575 -0.620161 -0.373361 5.70631e+09
-2.5 1 0.5 -0.448391 -0.669711 -0.350065 9.18015e+09
-2 -1.5 0.5 -0.561384 -0.556302 -0.347318 2.74725e+09
-1.5 -1 0.5 -0.593725 -0.551077 -0.292525 4.30222e+09
-2 -0.5 0.5 -0.556611 -0.579734 -0.334086 5.14723e+09
-1.5 0 0.5 -0.594159 -0.571848 -0.277067 8.05532e+09
-2 0.5 0.5 -0.536829 -0.614696 -0.317417 8.97571e+09
-1.5 1 0.5 -0.580133 -0.60382 -0.258389 1.39891e+10
-2 1.5 0.5 -0.496652 -0.662134 -0.293003 1.43176e+10
-1 -1.5 0.5 -0.611264 -0.532282 -0.253026 3.36272e+09
-0.5 -1 0.5 -0.639206 -0.521468 -0.197628 5.16939e+09
-1 -0.5 0.5 -0.626421 -0.541463 -0.235792 6.67872e+09
-0.5 0 0.5 -0.659343 -0.52666 -0.177481 1.02623e+10
-1 0.5 0.5 -0.632188 -0.558596 -0.217744 1.24877e+10
-0.5 1 0.5 -0.670392 -0.539017 -0.156517 1.91157e+10
-1 1.5 0.5 -0.624183 -0.586439 -0.196624 2.15211e+10
0 -1.5 0.5 -0.637613 -0.508743 -0.164615 3.78342e+09
0.5 -1 0.5 -0.661248 -0.492448 -0.110901 5.68211e+09
0 -0.5 0.5 -0.667334 -0.50574 -0.14129 7.85552e+09
0.5 0 0.5 -0.695398 -0.484338 -0.0844601 1.17746e+10
0 0.5 0.5 -0.69221 -0.505823 -0.11802 1.55664e+10
0.5 1 0.5 -0.72441 -0.478166 -0.0578635 2.32119e+10
0 1.5 0.5 -0.70808 -0.512206 -0.0938585 2.87529e+10
1 -1.5 0.5 -0.646058 -0.483155 -0.0869253 3.94386e+09
1.5 -1 0.5 -0.665743 -0.461438 -0.0367161 5.76375e+09
1 -0.5 0.5 -0.684904 -0.470879 -0.0572428 8.40602e+09
1.5 0 0.5 -0.708085 -0.443404 -0.00407515 1.22127e+10
1 0.5 0.5 -0.722855 -0.456567 -0.0275762 1.73462e+10
1.5 1 0.5 -0.748685 -0.422023 0.0290102 2.49857e+10
1 1.5 0.5 -0.754791 -0.443232 0.00258075 3.38225e+10
2 -1.5 0.5 -0.642293 -0.452945 -0.0228238 3.84971e+09
2.5 -1 0.5 -0.658331 -0.425715 0.0225961 5.45865e+09
2 -0.5 0.5 -0.685105 -0.434225 0.0125751 8.26331e+09
2.5 0 0.5 -0.70325 -0.401141 0.0606434 1.1576e+10
2 0.5 0.5 -0.729848 -0.409651 0.0482825 1.73455e+10
2.5 1 0.5 -0.748668 -0.369859 0.0997229 2.39311e+10
2 1.5 0.5 -0.771247 -0.380992 0.0851342 3.49389e+10
-2.25 -0.75 0.75 -0.481761 -0.175931 -0.423655 7.62122e+08
-2.25 0.25 0.75 -0.46469 -0.212227 -0.399253 1.27532e+09
-2.25 1.25 0.75 -0.435852 -0.249629 -0.361637 1.96027e+09
-1.75 -1.25 0.75 -0.529237 -0.125142 -0.384337 6.67091e+08
-1.25 -0.75 0.75 -0.571031 -0.101333 -0.323164 1.04497e+09
-1.75 -0.25 0.75 -0.528157 -0.153968 -0.362891 1.19582e+09
-1.25 0.25 0.75 -0.576567 -0.127903 -0.297689 1.867e+09
-1.75 0.75 0.75 -0.518482 -0.187082 -0.334562 1.98951e+09
-1.25 1.25 0.75 -0.574996 -0.156404 -0.264214 3.08548e+09
-0.75 -1.25 0.75 -0.598161 -0.0541967 -0.285347 8.58183e+08
-0.25 -0.75 0.75 -0.63646 -0.0258518 -0.222606 1.33231e+09
-0.75 -0.25 0.75 -0.614152 -0.0741628 -0.258688 1.6283e+09
-0.25 0.25 0.75 -0.657952 -0.0432171 -0.191223 2.52379e+09
-0.75 0.75 0.75 -0.626414 -0.0972106 -0.22821 2.89925e+09
-0.25 1.25 0.75 -0.676398 -0.0616128 -0.154903 4.47321e+09
0.25 -1.25 0.75 -0.648597 0.0172094 -0.192514 1.03422e+09
0.75 -0.75 0.75 -0.682906 0.0486954 -0.131544 1.58794e+09
0.25 -0.25 0.75 -0.675085 0.00543871 -0.158041 2.05662e+09
0.75 0.25 0.75 -0.712831 0.0398204 -0.0922729 3.15527e+09
0.25 0.75 0.75 -0.701158 -0.0083095 -0.121329 3.88798e+09
0.75 1.25 0.75 -0.74161 0.0305826 -0.0498612 5.9406e+09
1.25 -1.25 0.75 -0.686106 0.0865493 -0.112951 1.17732e+09
1.75 -0.75 0.75 -0.716168 0.119332 -0.056813 1.78381e+09
1.25 -0.25 0.75 -0.716315 0.0824127 -0.0704488 2.42158e+09
1.75 0.25 0.75 -0.747069 0.118422 -0.00999892 3.66195e+09
1.25 0.75 0.75 -0.74775 0.0773122 -0.0261225 4.8025e+09
1.75 1.25 0.75 -0.777164 0.117877 0.0395183 7.22132e+09
2.25 -1.25 0.75 -0.715422 0.150735 -0.0511099 1.27665e+09
2.25 -0.25 0.75 -0.743871 0.153645 -0.00217091 2.67747e+09
2.25 0.75 0.75 -0.772808 0.156781 0.0490654 5.4696e+09
-2.5 -1.5 1 -0.499872 -0.598785 -0.455702 4.34271e+09
-2.5 -0.5 1 -0.484047 -0.624826 -0.445273 7.93768e+09
-2.5 0.5 1 -0.449399 -0.663362 -0.429652 1.34865e+10
-2.5 1.5 1 -0.390157 -0.714376 -0.402727 2.10561e+10
-1.5 -1.5 1 -0.559786 -0.58954 -0.358342 5.55995e+09
-2 -1 1 -0.533275 -0.601962 -0.402229 6.88251e+09
-1.5 -0.5 1 -0.566954 -0.60144 -0.346201 1.08346e+10
-2 0 1 -0.522338 -0.62615 -0.390674 1.25861e+10
-1.5 0.5 1 -0.561282 -0.623163 -0.332977 1.98337e+10
-2 1 1 -0.492926 -0.66293 -0.374244 2.13584e+10
-1.5 1.5 1 -0.537859 -0.657414 -0.31509 3.35704e+10
-0.5 -1.5 1 -0.59235 -0.581582 -0.26203 6.52834e+09
-1 -1 1 -0.588611 -0.587595 -0.302185 8.67385e+09
-0.5 -0.5 1 -0.617636 -0.581309 -0.244387 1.34092e+10
-1 0 1 -0.600941 -0.59653 -0.287823 1.69298e+10
-0.5 0.5 1 -0.635254 -0.586434 -0.227375 2.62161e+10
-1 1 1 -0.600912 -0.61496 -0.27238 3.10032e+10
-0.5 1.5 1 -0.6411 -0.600517 -0.209188 4.79213e+10
0.5 -1.5 1 -0.60271 -0.571674 -0.173324 7.07069e+09
0 -1 1 -0.61649 -0.574303 -0.205736 9.97544e+09
0.5 -0.5 1 -0.64088 -0.56221 -0.148816 1.50583e+10
0 0 1 -0.646891 -0.569977 -0.185285 2.05159e+10
0.5 0.5 1 -0.676303 -0.55283 -0.125265 3.09916e+10
0 1 1 -0.66978 -0.570266 -0.165216 4.01193e+10
0.5 1.5 1 -0.70409 -0.547162 -0.101746 6.04157e+10
1.5 -1.5 1 -0.596952 -0.556526 -0.0965499 7.13413e+09
1 -1 1 -0.62254 -0.55894 -0.119104 1.05363e+10
1.5 -0.5 1 -0.642658 -0.541052 -0.0652429 1.54531e+10
1 0 1 -0.665473 -0.544635 -0.0916727 2.2411e+10
1.5 0.5 1 -0.689971 -0.520959 -0.0346917 3.27754e+10
1 1 1 -0.705524 -0.529135 -0.0647196 4.60507e+10
1.5 1.5 1 -0.733735 -0.49844 -0.00397062 6.6943e+10
2.5 -1.5 1 -0.58089 -0.533491 -0.0343162 6.77876e+09
2 -1 1 -0.613081 -0.538111 -0.0461482 1.03334e+10
2.5 -0.5 1 -0.62932 -0.514306 0.00306669 1.46698e+10
2 0 1 -0.662792 -0.517463 -0.0121168 2.22435e+10
2.5 0.5 1 -0.68225 -0.487881 0.0400177 3.12862e+10
2 1 1 -0.713638 -0.49083 0.0218414 4.6871e+10
2.5 1.5 1 -0.735153 -0.454539 0.077831 6.51026e+10
-2.25 -1.25 1.25 -0.491293 -0.307548 -0.505702 1.35335e+09
-2.25 -0.25 1.25 -0.485701 -0.337978 -0.48948 2.40986e+09
-2.25 0.75 1.25 -0.467819 -0.375709 -0.466463 3.9801e+09
-1.25 -1.25 1.25 -0.56519 -0.260995 -0.4065 1.77815e+09
-1.75 -0.75 1.25 -0.535026 -0.297148 -0.448244 2.14033e+09
-1.25 -0.25 1.25 -0.580244 -0.283094 -0.387162 3.36867e+09
-1.75 0.25 1.25 -0.535798 -0.326514 -0.429746 3.80546e+09
-1.25 0.75 1.25 -0.58795 -0.310478 -0.365228 5.98463e+09
-1.75 1.25 1.25 -0.52575 -0.361666 -0.403676 6.2636e+09
-0.25 -1.25 1.25 -0.617135 -0.207359 -0.308391 2.17446e+09
-0.75 -0.75 1.25 -0.60573 -0.244017 -0.345352 2.78508e+09
-0.25 -0.25 1.25 -0.64729 -0.222976 -0.281705 4.33915e+09
-0.75 0.25 1.25 -0.626816 -0.264689 -0.322452 5.27788e+09
-0.25 0.75 1.25 -0.674219 -0.241348 -0.254251 8.23018e+09
-0.75 1.25 1.25 -0.641655 -0.289191 -0.295882 9.3688e+09
0.75 -1.25 1.25 -0.653183 -0.145357 -0.219711 2.49864e+09
0.25 -0.75 1.25 -0.654338 -0.183561 -0.246785 3.3661e+09
0.75 -0.25 1.25 -0.691997 -0.155661 -0.184119 5.17972e+09
0.25 0.25 1.25 -0.689378 -0.197367 -0.215821 6.72589e+09
0.75 0.75 1.25 -0.730902 -0.166817 -0.14815 1.0366e+10
0.25 1.25 1.25 -0.721257 -0.212594 -0.18291 1.2762e+10
1.75 -1.25 1.25 -0.679762 -0.0767986 -0.146531 2.7299e+09
1.25 -0.75 1.25 -0.687322 -0.115416 -0.160872 3.81782e+09
1.75 -0.25 1.25 -0.721065 -0.081759 -0.102575 5.79071e+09
1.25 0.25 1.25 -0.72912 -0.123374 -0.120893 7.9203e+09
1.75 0.75 1.25 -0.764011 -0.0865537 -0.0577276 1.20116e+10
1.25 1.25 1.25 -0.769984 -0.131079 -0.0793302 1.58521e+10
2.25 -0.75 1.25 -0.710952 -0.0423739 -0.0933094 4.11121e+09
2.25 0.25 1.25 -0.752865 -0.0443024 -0.0453898 8.70343e+09
2.25 1.25 1.25 -0.794344 -0.0452708 0.00480013 1.79832e+10
-2.5 -1 1.5 -0.461135 -0.443213 -0.431412 5.06249e+09
-2.5 0 1.5 -0.446133 -0.478561 -0.418547 8.92015e+09
-2.5 1 1.5 -0.413501 -0.521431 -0.398697 1.4662e+10
-2 -1.5 1.5 -0.495293 -0.409441 -0.388288 4.33678e+09
-1.5 -1 1.5 -0.529177 -0.40014 -0.332505 6.94176e+09
-2 -0.5 1.5 -0.498596 -0.437102 -0.376588 8.14703e+09
-1.5 0 1.5 -0.537817 -0.428176 -0.319325 1.30734e+10
-2 0.5 1.5 -0.489202 -0.47271 -0.363 1.43928e+10
-1.5 1 1.5 -0.534889 -0.463326 -0.304392 2.31914e+10
-2 1.5 1.5 -0.463572 -0.515207 -0.342797 2.37149e+10
-1 -1.5 1.5 -0.542899 -0.366472 -0.291074 5.56437e+09
-0.5 -1 1.5 -0.574527 -0.351494 -0.23452 8.79593e+09
-1 -0.5 1.5 -0.564489 -0.388187 -0.27501 1.10591e+10
-0.5 0 1.5 -0.601334 -0.372944 -0.216093 1.75414e+10
-1 0.5 1.5 -0.578943 -0.415777 -0.259831 2.09204e+10
-0.5 1 1.5 -0.621845 -0.399225 -0.19838 3.33599e+10
-1 1.5 1.5 -0.583147 -0.449666 -0.242907 3.72882e+10
0 -1.5 1.5 -0.573212 -0.316663 -0.200258 6.65277e+09
0.5 -1 1.5 -0.6029 -0.296036 -0.145486 1.03538e+10
0 -0.5 1.5 -0.607519 -0.333513 -0.17728 1.38165e+10
0.5 0 1.5 -0.641741 -0.311932 -0.119725 2.15607e+10
0 0.5 1.5 -0.639572 -0.353788 -0.156082 2.76865e+10
0.5 1 1.5 -0.678577 -0.330069 -0.095313 4.34079e+10
0 1.5 1.5 -0.66586 -0.377767 -0.135278 5.29032e+10
1 -1.5 1.5 -0.592514 -0.25977 -0.121516 7.47604e+09
1.5 -1 1.5 -0.620727 -0.233913 -0.0706526 1.14271e+10
1 -0.5 1.5 -0.633761 -0.272192 -0.0910718 1.59773e+10
1.5 0 1.5 -0.665257 -0.244575 -0.037365 2.44183e+10
1 0.5 1.5 -0.676612 -0.286168 -0.0621987 3.33751e+10
1.5 1 1.5 -0.710902 -0.255684 -0.00492866 5.10781e+10
1 1.5 1.5 -0.717013 -0.301155 -0.0340331 6.73561e+10
2 -1.5 1.5 -0.606409 -0.197278 -0.0582921 7.97166e+09
2.5 -1 1.5 -0.633253 -0.166967 -0.0128876 1.19379e+10
2 -0.5 1.5 -0.649583 -0.204735 -0.0210571 1.72674e+10
2.5 0 1.5 -0.678008 -0.171775 0.02708 2.57304e+10
2 0.5 1.5 -0.696242 -0.212706 0.0154267 3.68505e+10
2.5 1 1.5 -0.7249 -0.176366 0.067358 5.4613e+10
2 1.5 1.5 -0.742663 -0.220226 0.05209 7.68245e+10
