449
-2.5 -1 -1.5 0.567953 -0.0765997 0.340714 6.77016e+09
-2.5 0 -1.5 0.537683 -0.101653 0.347233 5.9823e+09
-2.5 1 -1.5 0.485237 -0.132132 0.359397 5.16126e+09
-2 -1.5 -1.5 0.583742 0.061747 0.323933 9.58527e+09
-1.5 -1 -1.5 0.577412 0.193677 0.306712 1.29758e+10
-2 -0.5 -1.5 0.574306 0.0360177 0.314922 8.69719e+09
-1.5 0 -1.5 0.575451 0.15892 0.286643 1.15568e+10
-2 0.5 -1.5 0.549672 0.00402863 0.312464 7.62956e+09
-1.5 1 -1.5 0.556571 0.114117 0.27505 1.00189e+10
-2 1.5 -1.5 0.498359 -0.0390953 0.318141 6.52808e+09
-1 -1.5 -1.5 0.544423 0.364271 0.326078 2.00149e+10
-0.5 -1 -1.5 0.509297 0.491758 0.312925 2.87582e+10
-1 -0.5 -1.5 0.561778 0.326498 0.286949 1.79733e+10
-0.5 0 -1.5 0.542286 0.442311 0.262036 2.5481e+10
-1 0.5 -1.5 0.569068 0.275056 0.256117 1.5721e+10
-0.5 1 -1.5 0.563964 0.379481 0.220289 2.19227e+10
-1 1.5 -1.5 0.558556 0.214846 0.235383 1.34299e+10
0 -1.5 -1.5 0.420551 0.616243 0.357617 4.45019e+10
0.5 -1 -1.5 0.384445 0.682105 0.336566 6.23254e+10
0 -0.5 -1.5 0.476658 0.590695 0.29047 4.14956e+10
0.5 0 -1.5 0.451383 0.657059 0.261823 5.73296e+10
0 0.5 -1.5 0.525358 0.53871 0.229151 3.63232e+10
0.5 1 -1.5 0.517745 0.596644 0.190018 4.86233e+10
0 1.5 -1.5 0.56632 0.460382 0.174694 3.04894e+10
1 -1.5 -1.5 0.278443 0.72653 0.390063 8.42218e+10
1.5 -1 -1.5 0.255674 0.759743 0.362893 1.04568e+11
1 -0.5 -1.5 0.355258 0.72955 0.311886 8.31749e+10
1.5 0 -1.5 0.338541 0.76282 0.282256 1.02923e+11
1 0.5 -1.5 0.437582 0.700304 0.23061 7.43357e+10
1.5 1 -1.5 0.434827 0.729414 0.197837 8.99094e+10
1 1.5 -1.5 0.52518 0.625432 0.151778 6.01263e+10
2 -1.5 -1.5 0.188882 0.759072 0.394772 1.06451e+11
2.5 -1 -1.5 0.197688 0.785561 0.350546 1.12838e+11
2 -0.5 -1.5 0.251056 0.787312 0.326526 1.20138e+11
2.5 0 -1.5 0.264991 0.808418 0.280471 1.26332e+11
2 0.5 -1.5 0.338084 0.787305 0.245348 1.17498e+11
2.5 1 -1.5 0.359346 0.800139 0.195234 1.211e+11
2 1.5 -1.5 0.446923 0.746386 0.156409 1.00276e+11
-2.25 -0.75 -1.25 -0.0272593 0.560418 0.591541 3.12882e+09
-2.25 0.25 -1.25 0.0248399 0.622932 0.553097 3.0516e+09
-2.25 1.25 -1.25 0.0790463 0.674885 0.501674 2.91999e+09
-1.75 -1.25 -1.25 -0.0653941 0.554815 0.598326 4.34863e+09
-1.25 -0.75 -1.25 -0.0594795 0.625699 0.565795 6.34266e+09
-1.75 -0.25 -1.25 -0.0180556 0.623999 0.557667 4.33897e+09
-1.25 0.25 -1.25 -0.0151908 0.686392 0.514289 6.16996e+09
-1.75 0.75 -1.25 0.0360841 0.683302 0.505047 4.2006e+09
-1.25 1.25 -1.25 0.041815 0.7387 0.447657 5.87035e+09
-0.75 -1.25 -1.25 -0.105175 0.633559 0.57503 9.75534e+09
-0.25 -0.75 -1.25 -0.126134 0.690345 0.539211 1.45053e+10
-0.75 -0.25 -1.25 -0.066019 0.687115 0.527434 9.27707e+09
-0.25 0.25 -1.25 -0.0667739 0.750532 0.472442 1.35685e+10
-0.75 0.75 -1.25 -0.0115779 0.741416 0.461873 8.69916e+09
-0.25 1.25 -1.25 -0.00373244 0.796438 0.393941 1.23486e+10
0.25 -1.25 -1.25 -0.209928 0.659716 0.550167 1.96945e+10
0.75 -0.75 -1.25 -0.230935 0.68606 0.499643 2.33281e+10
0.25 -0.25 -1.25 -0.151315 0.740487 0.486821 2.05442e+10
0.75 0.25 -1.25 -0.173199 0.762424 0.430279 2.38513e+10
0.25 0.75 -1.25 -0.0838985 0.800634 0.407365 1.9166e+10
0.75 1.25 -1.25 -0.112679 0.814125 0.344891 2.16293e+10
1.25 -1.25 -1.25 -0.303161 0.637708 0.503401 2.61772e+10
1.75 -0.75 -1.25 -0.298915 0.698133 0.449507 3.20149e+10
1.25 -0.25 -1.25 -0.24416 0.711367 0.445962 2.66011e+10
1.75 0.25 -1.25 -0.234217 0.748542 0.386086 2.97743e+10
1.25 0.75 -1.25 -0.182979 0.763573 0.37232 2.40454e+10
1.75 1.25 -1.25 -0.162016 0.781345 0.308065 2.49618e+10
2.25 -1.25 -1.25 -0.341145 0.698874 0.440076 3.49656e+10
2.25 -0.25 -1.25 -0.273187 0.753127 0.387042 3.55166e+10
2.25 0.75 -1.25 -0.194177 0.79143 0.315606 3.13426e+10
-2.5 -1.5 -1 0.6218 -0.12819 0.379429 1.90146e+10
-2.5 -0.5 -1 0.587584 -0.178771 0.385447 1.71555e+10
-2.5 0.5 -1 0.534755 -0.230271 0.395318 1.50699e+10
-2.5 1.5 -1 0.45308 -0.283432 0.409185 1.29766e+10
-1.5 -1.5 -1 0.625325 0.126969 0.35918 3.38264e+10
-2 -1 -1 0.625416 -0.0383593 0.361578 2.38762e+10
-1.5 -0.5 -1 0.62706 0.0667552 0.338753 3.12274e+10
-2 0 -1 0.599448 -0.0964737 0.357813 2.14488e+10
-1.5 0.5 -1 0.615293 0.00145276 0.323375 2.77512e+10
-2 1 -1 0.553043 -0.156654 0.359538 1.86685e+10
-1.5 1.5 -1 0.57641 -0.0701573 0.317419 2.38055e+10
-0.5 -1.5 -1 0.544362 0.439635 0.372595 7.30822e+10
-1 -1 -1 0.60968 0.25058 0.342926 4.68243e+10
-0.5 -0.5 -1 0.592299 0.378521 0.319627 6.62453e+10
-1 0 -1 0.629039 0.183138 0.309019 4.21522e+10
-0.5 0.5 -1 0.625511 0.297251 0.2743 5.81432e+10
-1 1 -1 0.630399 0.108552 0.282812 3.68447e+10
-0.5 1.5 -1 0.642472 0.211995 0.237048 4.9692e+10
0.5 -1.5 -1 0.382949 0.696191 0.400613 1.75144e+11
0 -1 -1 0.508448 0.562175 0.352741 1.08832e+11
0.5 -0.5 -1 0.472825 0.664483 0.322279 1.65985e+11
0 0 -1 0.572265 0.496348 0.288759 9.70592e+10
0.5 0.5 -1 0.555455 0.60107 0.246461 1.44156e+11
0 1 -1 0.62588 0.407613 0.230653 8.28051e+10
0.5 1.5 -1 0.634383 0.503928 0.172757 1.18872e+11
1.5 -1.5 -1 0.265882 0.783074 0.400605 2.88672e+11
1 -1 -1 0.349947 0.756261 0.367755 2.48274e+11
1.5 -0.5 -1 0.341964 0.791035 0.321784 3.08452e+11
1 0 -1 0.442825 0.734553 0.28313 2.35925e+11
1.5 0.5 -1 0.4358 0.772512 0.233216 2.94781e+11
1 1 -1 0.545802 0.670348 0.194701 1.9851e+11
1.5 1.5 -1 0.548184 0.707153 0.136243 2.42628e+11
2.5 -1.5 -1 0.259767 0.786623 0.356996 2.42905e+11
2 -1 -1 0.281592 0.802559 0.347452 3.09114e+11
2.5 -0.5 -1 0.308926 0.814436 0.288332 3.02376e+11
2 0 -1 0.353491 0.811112 0.266816 3.37262e+11
2.5 0.5 -1 0.383986 0.815853 0.201844 3.20783e+11
2 1 -1 0.450766 0.786681 0.171492 3.14802e+11
2.5 1.5 -1 0.483213 0.779528 0.100319 2.86382e+11
-2.25 -1.25 -0.75 0.0331275 0.466235 0.608849 9.92193e+09
-2.25 -0.25 -0.75 0.0714837 0.513956 0.582106 9.68314e+09
-2.25 0.75 -0.75 0.111842 0.560892 0.543248 9.29072e+09
-1.25 -1.25 -0.75 0.0133028 0.535066 0.596424 1.87034e+10
-1.75 -0.75 -0.75 0.0423393 0.52189 0.587575 1.33328e+10
-1.25 -0.25 -0.75 0.0536732 0.586106 0.55492 1.86086e+10
-1.75 0.25 -0.75 0.0864714 0.569264 0.547994 1.29297e+10
-1.25 0.75 -0.75 0.107643 0.632977 0.498442 1.78274e+10
-1.75 1.25 -0.75 0.133705 0.613965 0.49366 1.23005e+10
-0.25 -1.25 -0.75 -0.0234105 0.641387 0.574 4.26571e+10
-0.75 -0.75 -0.75 0.0198792 0.608332 0.56405 2.74475e+10
-0.25 -0.25 -0.75 0.0301253 0.671649 0.519121 3.95412e+10
-0.75 0.25 -0.75 0.0660455 0.651612 0.508239 2.63608e+10
-0.25 0.75 -0.75 0.0907039 0.706366 0.450593 3.6547e+10
-0.75 1.25 -0.75 0.125267 0.689805 0.438854 2.47018e+10
0.75 -1.25 -0.75 -0.0882495 0.705331 0.524287 7.99271e+10
0.25 -0.75 -0.75 -0.0209195 0.704596 0.526843 6.19748e+10
0.75 -0.25 -0.75 -0.0231367 0.762168 0.461827 8.41319e+10
0.25 0.25 -0.75 0.0509084 0.747701 0.455243 5.80883e+10
0.75 0.75 -0.75 0.0497561 0.797765 0.38298 7.81654e+10
0.25 1.25 -0.75 0.121617 0.767295 0.375263 5.07782e+10
1.75 -1.25 -0.75 -0.123984 0.774933 0.437225 1.10553e+11
1.25 -0.75 -0.75 -0.0725089 0.765176 0.454633 9.92138e+10
1.75 -0.25 -0.75 -0.049198 0.815349 0.376464 1.15535e+11
1.25 0.25 -0.75 0.00779372 0.793868 0.382995 9.10607e+10
1.75 0.75 -0.75 0.0434428 0.837233 0.292095 1.02197e+11
1.25 1.25 -0.75 0.0845281 0.806873 0.297638 7.70498e+10
2.25 -0.75 -0.75 -0.0934553 0.817311 0.360487 1.13318e+11
2.25 0.25 -0.75 -0.0069961 0.848653 0.287315 1.12507e+11
2.25 1.25 -0.75 0.0927419 0.853772 0.192435 9.40299e+10
-2.5 -1 -0.5 0.390081 0.0335823 0.466674 3.89179e+10
-2.5 0 -0.5 0.365864 0.0295096 0.46582 3.59212e+10
-2.5 1 -0.5 0.332588 0.0289532 0.461499 3.23467e+10
-2 -1.5 -0.5 0.395655 0.131178 0.455411 5.22946e+10
-1.5 -1 -0.5 0.375505 0.224295 0.441153 6.87351e+10
-2 -0.5 -0.5 0.382621 0.114488 0.446619 4.93064e+10
-1.5 0 -0.5 0.37596 0.206872 0.419463 6.44839e+10
-2 0.5 -0.5 0.367445 0.108143 0.434824 4.51724e+10
-1.5 1 -0.5 0.376914 0.200076 0.393839 5.84907e+10
-2 1.5 -0.5 0.342244 0.105192 0.419863 4.0257e+10
-1 -1.5 -0.5 0.333304 0.350201 0.452406 9.75951e+10
-0.5 -1 -0.5 0.301688 0.461149 0.432617 1.41667e+11
-1 -0.5 -0.5 0.357219 0.329791 0.417865 9.43357e+10
-0.5 0 -0.5 0.352828 0.440942 0.380248 1.31775e+11
-1 0.5 -0.5 0.380972 0.310637 0.379403 8.71171e+10
-0.5 1 -0.5 0.390295 0.415931 0.32947 1.19069e+11
-1 1.5 -0.5 0.394624 0.298352 0.341747 7.76097e+10
0 -1.5 -0.5 0.212238 0.585983 0.462211 2.16165e+11
0.5 -1 -0.5 0.207742 0.680948 0.422442 3.09994e+11
0 -0.5 -0.5 0.29029 0.571061 0.396846 2.02726e+11
0.5 0 -0.5 0.281761 0.66928 0.351735 2.9679e+11
0 0.5 -0.5 0.344149 0.545994 0.336577 1.84841e+11
0.5 1 -0.5 0.352714 0.633328 0.278123 2.58316e+11
0 1.5 -0.5 0.399255 0.508996 0.271772 1.60419e+11
1 -1.5 -0.5 0.115035 0.755546 0.45091 4.39949e+11
1.5 -1 -0.5 0.114351 0.78763 0.398732 4.92146e+11
1 -0.5 -0.5 0.199513 0.76886 0.374693 4.5337e+11
1.5 0 -0.5 0.207998 0.808507 0.317402 5.35825e+11
1 0.5 -0.5 0.296143 0.749698 0.290517 4.12021e+11
1.5 1 -0.5 0.311732 0.79061 0.222046 4.77136e+11
1 1.5 -0.5 0.38834 0.704009 0.200432 3.39173e+11
2 -1.5 -0.5 0.0494633 0.781438 0.409767 4.32198e+11
2.5 -1 -0.5 0.0705515 0.802446 0.348747 4.12586e+11
2 -0.5 -0.5 0.129663 0.810169 0.338339 4.9611e+11
2.5 0 -0.5 0.157041 0.823524 0.27132 4.49242e+11
2 0.5 -0.5 0.227195 0.822225 0.249442 5.1103e+11
2.5 1 -0.5 0.25765 0.821274 0.175659 4.26673e+11
2 1.5 -0.5 0.332876 0.794855 0.146053 4.3085e+11
-2.25 -0.75 -0.25 0.158898 0.397973 0.567722 1.57211e+10
-2.25 0.25 -0.25 0.176276 0.428544 0.54278 1.51929e+10
-2.25 1.25 -0.25 0.195767 0.457933 0.505398 1.42657e+10
-1.75 -1.25 -0.25 0.150156 0.430454 0.565661 2.12196e+10
-1.25 -0.75 -0.25 0.165813 0.487858 0.538101 2.87574e+10
-1.75 -0.25 -0.25 0.174208 0.448935 0.539424 2.06457e+10
-1.25 0.25 -0.25 0.198636 0.504231 0.498216 2.74977e+10
-1.75 0.75 -0.25 0.199325 0.475477 0.50157 1.96008e+10
-1.25 1.25 -0.25 0.23681 0.529817 0.444417 2.59093e+10
-0.75 -1.25 -0.25 0.153998 0.538987 0.537408 4.05354e+10
-0.25 -0.75 -0.25 0.160796 0.618736 0.494512 5.798e+10
-0.75 -0.25 -0.25 0.182853 0.558709 0.495474 3.9927e+10
-0.25 0.25 -0.25 0.207529 0.632962 0.434688 5.62024e+10
-0.75 0.75 -0.25 0.234184 0.578698 0.437149 3.79646e+10
-0.25 1.25 -0.25 0.259782 0.633603 0.368491 5.11687e+10
0.25 -1.25 -0.25 0.10087 0.677029 0.506312 8.63871e+10
0.75 -0.75 -0.25 0.151816 0.74569 0.436981 1.1303e+11
0.25 -0.25 -0.25 0.200744 0.686859 0.430077 8.23469e+10
0.75 0.25 -0.25 0.224604 0.753152 0.363923 1.0987e+11
0.25 0.75 -0.25 0.262517 0.674982 0.362094 7.36041e+10
0.75 1.25 -0.25 0.298373 0.733919 0.281257 9.40664e+10
1.25 -1.25 -0.25 0.116762 0.777594 0.427044 1.25584e+11
1.75 -0.75 -0.25 0.153573 0.81559 0.353725 1.37781e+11
1.25 -0.25 -0.25 0.185651 0.798165 0.362516 1.34798e+11
1.75 0.25 -0.25 0.245386 0.826218 0.272043 1.40825e+11
1.25 0.75 -0.25 0.268685 0.783099 0.279672 1.15858e+11
1.75 1.25 -0.25 0.346064 0.79967 0.172011 1.17609e+11
2.25 -1.25 -0.25 0.107971 0.814035 0.351195 1.2017e+11
2.25 -0.25 -0.25 0.198123 0.832494 0.277454 1.29824e+11
2.25 0.75 -0.25 0.298723 0.829357 0.183694 1.23482e+11
-2.5 -1.5 0 0.309311 0.119551 0.497558 6.30378e+10
-2.5 -0.5 0 0.300289 0.129856 0.492648 6.06945e+10
-2.5 0.5 0 0.286681 0.142989 0.483876 5.63929e+10
-2.5 1.5 0 0.273345 0.160265 0.466646 5.10555e+10
-1.5 -1.5 0 0.274946 0.303109 0.47933 1.09086e+11
-2 -1 0 0.296972 0.204173 0.480397 8.10452e+10
-1.5 -0.5 0 0.280662 0.29217 0.458428 1.05747e+11
-2 0 0 0.294987 0.208074 0.465744 7.67684e+10
-1.5 0.5 0 0.294327 0.295457 0.429474 9.88862e+10
-2 1 0 0.292625 0.220388 0.444582 7.04243e+10
-1.5 1.5 0 0.305673 0.310086 0.395159 8.96712e+10
-0.5 -1.5 0 0.176126 0.513539 0.47925 2.05892e+11
-1 -1 0 0.24524 0.399025 0.46216 1.47487e+11
-0.5 -0.5 0 0.227026 0.502478 0.430676 2.04828e+11
-1 0 0 0.270126 0.389352 0.425338 1.41162e+11
-0.5 0.5 0 0.281472 0.498185 0.374788 1.94189e+11
-1 1 0 0.306427 0.396837 0.37987 1.30957e+11
-0.5 1.5 0 0.329146 0.493064 0.316713 1.74428e+11
0.5 -1.5 0 0.031689 0.730575 0.487255 3.93282e+11
0 -1 0 0.15056 0.611587 0.450393 2.93053e+11
0.5 -0.5 0 0.155074 0.710684 0.402736 3.88578e+11
0 0 0 0.237462 0.613595 0.380266 2.84851e+11
0.5 0.5 0 0.231624 0.708034 0.330156 3.75756e+11
0 1 0 0.298018 0.596518 0.314245 2.59883e+11
0.5 1.5 0 0.309163 0.680936 0.248717 3.21575e+11
1.5 -1.5 0 -0.11169 0.78964 0.456442 4.115e+11
1 -1 0 -0.0211773 0.781741 0.447461 4.2553e+11
1.5 -0.5 0 -0.0236715 0.82829 0.388719 4.54853e+11
1 0 0 0.137766 0.803007 0.356494 5.05946e+11
1.5 0.5 0 0.09427 0.848438 0.300865 4.6832e+11
1 1 0 0.231944 0.788957 0.271179 4.49027e+11
1.5 1.5 0 0.191467 0.842685 0.203155 3.91977e+11
2.5 -1.5 0 -0.166935 0.820832 0.385609 3.36872e+11
2 -1 0 -0.0974794 0.829883 0.39256 4.1633e+11
2.5 -0.5 0 -0.0761183 0.858022 0.323794 3.77604e+11
2 0 0 -0.00763953 0.861047 0.318736 4.34128e+11
2.5 0.5 0 0.0166599 0.879289 0.243069 3.62491e+11
2 1 0 0.0977687 0.872858 0.225241 3.96929e+11
2.5 1.5 0 0.114856 0.87587 0.146146 2.96616e+11
-2.25 -1.25 0.25 0.250865 0.29947 0.532076 2.06516e+10
-2.25 -0.25 0.25 0.253878 0.321213 0.51641 2.03667e+10
-2.25 0.75 0.25 0.256639 0.3378 0.49263 1.92529e+10
-1.25 -1.25 0.25 0.269812 0.436224 0.490081 3.66016e+10
-1.75 -0.75 0.25 0.268727 0.365596 0.501622 2.7043e+10
-1.25 -0.25 0.25 0.29356 0.417343 0.460287 3.5249e+10
-1.75 0.25 0.25 0.276891 0.368684 0.47631 2.59595e+10
-1.25 0.75 0.25 0.316519 0.415373 0.421157 3.30782e+10
-1.75 1.25 0.25 0.286498 0.380462 0.440306 2.40755e+10
-0.25 -1.25 0.25 0.28909 0.587164 0.431628 6.56182e+10
-0.75 -0.75 0.25 0.299628 0.500551 0.444521 4.876e+10
-0.25 -0.25 0.25 0.326545 0.578162 0.384774 6.48382e+10
-0.75 0.25 0.25 0.336053 0.47461 0.401343 4.59624e+10
-0.25 0.75 0.25 0.37427 0.567937 0.32883 6.19119e+10
-0.75 1.25 0.25 0.371296 0.47099 0.350021 4.27852e+10
0.75 -1.25 0.25 0.242239 0.719779 0.386304 5.45255e+10
0.25 -0.75 0.25 0.26668 0.671448 0.387141 8.66798e+10
0.75 -0.25 0.25 0.306826 0.725745 0.318118 9.91183e+10
0.25 0.25 0.25 0.344291 0.658503 0.315977 8.60007e+10
0.75 0.75 0.25 0.378945 0.693016 0.240356 9.01251e+10
0.25 1.25 0.25 0.400217 0.616346 0.247213 7.42148e+10
1.75 -1.25 0.25 0.283794 0.755578 0.351547 5.47254e+10
1.25 -0.75 0.25 0.306229 0.740753 0.323104 5.79188e+10
1.75 -0.25 0.25 0.365112 0.752861 0.266974 5.79267e+10
1.25 0.25 0.25 0.370116 0.734282 0.240156 5.98164e+10
1.75 0.75 0.25 0.462454 0.72414 0.162622 5.54656e+10
1.25 1.25 0.25 0.436623 0.68213 0.153573 4.92836e+10
2.25 -0.75 0.25 0.335917 0.764801 0.300078 5.25652e+10
2.25 0.25 0.25 0.434493 0.751264 0.205604 5.2739e+10
2.25 1.25 0.25 0.536707 0.703834 0.0916143 4.65837e+10
-2.5 -1 0.5 0.270162 0.177052 0.500449 7.96703e+10
-2.5 0 0.5 0.266223 0.195061 0.491176 7.67221e+10
-2.5 1 0.5 0.262494 0.215086 0.474478 7.10116e+10
-2 -1.5 0.5 0.255385 0.251978 0.490824 1.02233e+11
-1.5 -1 0.5 0.238221 0.345871 0.469777 1.34607e+11
-2 -0.5 0.5 0.261645 0.260109 0.475843 1.01461e+11
-1.5 0 0.5 0.255132 0.344374 0.443004 1.29433e+11
-2 0.5 0.5 0.267538 0.271523 0.455051 9.56737e+10
-1.5 1 0.5 0.279655 0.358316 0.406919 1.20406e+11
-2 1.5 0.5 0.278306 0.2921 0.424617 8.7349e+10
-1 -1.5 0.5 0.198152 0.452813 0.472184 1.76557e+11
-0.5 -1 0.5 0.174678 0.54401 0.445498 2.30001e+11
-1 -0.5 0.5 0.222347 0.43711 0.440389 1.74722e+11
-0.5 0 0.5 0.221725 0.534484 0.39609 2.25778e+11
-1 0.5 0.5 0.259576 0.437674 0.397404 1.65797e+11
-0.5 1 0.5 0.275988 0.543221 0.340269 2.16136e+11
-1 1.5 0.5 0.298489 0.455505 0.348725 1.52716e+11
0 -1.5 0.5 0.102068 0.653944 0.459364 2.7585e+11
0.5 -1 0.5 0.133987 0.722303 0.414922 2.7872e+11
0 -0.5 0.5 0.183637 0.631827 0.398127 2.8621e+11
0.5 0 0.5 0.212505 0.734767 0.33932 3.63283e+11
0 0.5 0.5 0.243795 0.640862 0.33753 2.9996e+11
0.5 1 0.5 0.291353 0.716691 0.262134 3.39166e+11
0 1.5 0.5 0.309156 0.621889 0.26677 2.65625e+11
1 -1.5 0.5 0.02481 0.769876 0.433504 2.39358e+11
1.5 -1 0.5 0.0225512 0.812576 0.384453 2.42039e+11
1 -0.5 0.5 0.0848141 0.788826 0.372836 2.7726e+11
1.5 0 0.5 0.11135 0.824359 0.305831 2.53345e+11
1 0.5 0.5 0.243164 0.775506 0.278542 3.2081e+11
1.5 1 0.5 0.22013 0.813313 0.211461 2.41266e+11
1 1.5 0.5 0.329582 0.746475 0.188343 2.76607e+11
2 -1.5 0.5 -0.0507655 0.811594 0.399177 1.96673e+11
2.5 -1 0.5 -0.0207092 0.839477 0.341368 1.84368e+11
2 -0.5 0.5 0.0488305 0.840516 0.326072 2.2306e+11
2.5 0 0.5 0.0796664 0.858421 0.262554 1.91914e+11
2 0.5 0.5 0.145246 0.848536 0.237143 2.17801e+11
2.5 1 0.5 0.180896 0.853202 0.166449 1.70915e+11
2 1.5 0.5 0.247919 0.827262 0.134602 1.83305e+11
-2.25 -0.75 0.75 0.336564 0.236942 0.476703 2.34319e+10
-2.25 0.25 0.75 0.329113 0.241639 0.462314 2.25321e+10
-2.25 1.25 0.75 0.320284 0.246869 0.439953 2.08959e+10
-1.75 -1.25 0.75 0.365092 0.300845 0.451517 2.9922e+10
-1.25 -0.75 0.75 0.386247 0.376374 0.407291 3.85273e+10
-1.75 -0.25 0.75 0.3614 0.294061 0.434161 2.95303e+10
-1.25 0.25 0.75 0.39369 0.341645 0.378729 3.68001e+10
-1.75 0.75 0.75 0.362108 0.285165 0.409101 2.76813e+10
-1.25 1.25 0.75 0.403179 0.333967 0.342126 3.39083e+10
-0.75 -1.25 0.75 0.377159 0.480624 0.389765 5.00203e+10
-0.25 -0.75 0.75 0.413353 0.533272 0.332921 6.03065e+10
-0.75 -0.25 0.75 0.418371 0.425592 0.349862 4.81447e+10
-0.25 0.25 0.75 0.466494 0.483521 0.279161 5.91508e+10
-0.75 0.75 0.75 0.443127 0.392294 0.307946 4.51153e+10
-0.25 1.25 0.75 0.497313 0.429909 0.229677 5.28698e+10
0.25 -1.25 0.75 0.290013 0.661241 0.358226 6.50033e+10
0.75 -0.75 0.75 0.343051 0.680041 0.300456 3.96897e+10
0.25 -0.25 0.75 0.405381 0.623756 0.283918 7.27085e+10
0.75 0.25 0.75 0.413822 0.668981 0.225812 6.80295e+10
0.25 0.75 0.75 0.468624 0.568054 0.220275 6.73113e+10
0.75 1.25 0.75 0.484879 0.606008 0.142769 5.77773e+10
1.25 -1.25 0.75 0.358219 0.710885 0.319713 3.57073e+10
1.75 -0.75 0.75 0.413459 0.721781 0.278241 3.48905e+10
1.25 -0.25 0.75 0.43439 0.676611 0.231887 3.79271e+10
1.75 0.25 0.75 0.496142 0.688529 0.175789 3.45048e+10
1.25 0.75 0.75 0.510179 0.61101 0.129868 3.46347e+10
1.75 1.25 0.75 0.58843 0.607439 0.0568739 2.99553e+10
2.25 -1.25 0.75 0.382143 0.71089 0.33476 2.81931e+10
2.25 -0.25 0.75 0.476054 0.706869 0.235896 3.07828e+10
2.25 0.75 0.75 0.575649 0.659414 0.11769 2.86936e+10
-2.5 -1.5 1 0.255731 0.206713 0.49722 8.68738e+10
-2.5 -0.5 1 0.255864 0.224254 0.489175 8.66656e+10
-2.5 0.5 1 0.25745 0.244942 0.474802 8.27234e+10
-2.5 1.5 1 0.260023 0.269199 0.45132 7.58217e+10
-1.5 -1.5 1 0.212329 0.380113 0.467899 1.35251e+11
-2 -1 1 0.244036 0.292948 0.474026 1.09476e+11
-1.5 -0.5 1 0.234504 0.381058 0.443475 1.38683e+11
-2 0 1 0.252717 0.303674 0.456005 1.07569e+11
-1.5 0.5 1 0.258836 0.383417 0.41114 1.32476e+11
-2 1 1 0.267553 0.320041 0.428408 1.0048e+11
-1.5 1.5 1 0.292259 0.405074 0.368699 1.22613e+11
-0.5 -1.5 1 0.153139 0.572951 0.439984 1.96428e+11
-1 -1 1 0.19923 0.471903 0.43887 1.7316e+11
-0.5 -0.5 1 0.20107 0.549514 0.397433 2.02268e+11
-1 0 1 0.236533 0.463453 0.400267 1.69845e+11
-0.5 0.5 1 0.255296 0.559716 0.345037 2.04971e+11
-1 1 1 0.282482 0.475739 0.352417 1.62663e+11
-0.5 1.5 1 0.30647 0.562677 0.287996 1.9032e+11
0.5 -1.5 1 0.149869 0.717432 0.409434 1.72186e+11
0 -1 1 0.158211 0.630004 0.401664 2.04188e+11
0.5 -0.5 1 0.222532 0.701594 0.347615 1.90716e+11
0 0 1 0.228287 0.64407 0.342966 2.2816e+11
0.5 0.5 1 0.249458 0.736609 0.291018 2.41117e+11
0 1 1 0.274549 0.649496 0.286751 2.31848e+11
0.5 1.5 1 0.32783 0.706199 0.212083 2.12054e+11
1.5 -1.5 1 0.04976 0.79884 0.385597 1.16729e+11
1 -1 1 0.128456 0.77446 0.362761 1.4851e+11
1.5 -0.5 1 0.147947 0.823181 0.308065 1.44813e+11
1 0 1 0.180277 0.783839 0.301466 1.74113e+11
1.5 0.5 1 0.240892 0.813049 0.21974 1.44684e+11
1 1 1 0.269901 0.772816 0.217708 1.69029e+11
1.5 1.5 1 0.337714 0.777971 0.119707 1.24813e+11
2.5 -1.5 1 0.0207281 0.824742 0.360858 8.83124e+10
2 -1 1 0.0870433 0.831339 0.334777 1.13817e+11
2.5 -0.5 1 0.13054 0.843939 0.281135 9.86501e+10
2 0 1 0.192238 0.835232 0.247085 1.2032e+11
2.5 0.5 1 0.240772 0.835925 0.184051 9.49891e+10
2 1 1 0.298157 0.811812 0.144596 1.10002e+11
2.5 1.5 1 0.348122 0.791278 0.0743032 7.74689e+10
-2.25 -1.25 1.25 0.421196 0.182351 0.429679 2.37387e+10
-2.25 -0.25 1.25 0.40373 0.170962 0.421494 2.33423e+10
-2.25 0.75 1.25 0.385324 0.162863 0.409055 2.19144e+10
-1.25 -1.25 1.25 0.467047 0.331939 0.354468 3.5526e+10
-1.75 -0.75 1.25 0.441638 0.241986 0.385509 2.92774e+10
-1.25 -0.25 1.25 0.465793 0.29793 0.332094 3.53495e+10
-1.75 0.25 1.25 0.433655 0.212811 0.368644 2.80485e+10
-1.25 0.75 1.25 0.474408 0.261755 0.301681 3.321e+10
-1.75 1.25 1.25 0.424754 0.197181 0.345676 2.57861e+10
-0.25 -1.25 1.25 0.401153 0.512156 0.315364 4.4178e+10
-0.75 -0.75 1.25 0.470009 0.40963 0.308774 4.21273e+10
-0.25 -0.25 1.25 0.488302 0.451469 0.253195 4.65935e+10
-0.75 0.25 1.25 0.494361 0.349529 0.267898 4.13955e+10
-0.25 0.75 1.25 0.519945 0.397945 0.20057 4.35608e+10
-0.75 1.25 1.25 0.502003 0.313892 0.229896 3.75257e+10
0.75 -1.25 1.25 0.389126 0.636257 0.288531 2.30576e+10
0.25 -0.75 1.25 0.409598 0.591213 0.274662 4.49698e+10
0.75 -0.25 1.25 0.449114 0.593566 0.222172 2.50204e+10
0.25 0.25 1.25 0.466203 0.539051 0.210186 4.53476e+10
0.75 0.75 1.25 0.544263 0.530479 0.129043 2.38569e+10
0.25 1.25 1.25 0.494806 0.459815 0.152267 3.98257e+10
1.75 -1.25 1.25 0.440712 0.677785 0.311996 1.79102e+10
1.25 -0.75 1.25 0.467345 0.651192 0.243696 2.14443e+10
1.75 -0.25 1.25 0.54776 0.650788 0.202571 2.05135e+10
1.25 0.25 1.25 0.530659 0.575657 0.155009 2.13094e+10
1.75 0.75 1.25 0.641266 0.575379 0.0777917 1.93582e+10
1.25 1.25 1.25 0.590953 0.472471 0.0501563 1.81766e+10
2.25 -0.75 1.25 0.501288 0.675332 0.284703 1.73187e+10
2.25 0.25 1.25 0.608037 0.63439 0.157428 1.75489e+10
2.25 1.25 1.25 0.706521 0.537389 0.0133891 1.53638e+10
-2.5 -1 1.5 0.250644 0.244127 0.480722 8.38403e+10
-2.5 0 1.5 0.254765 0.263229 0.468956 8.30574e+10
-2.5 1 1.5 0.260483 0.285916 0.449681 7.81666e+10
-2 -1.5 1.5 0.234561 0.313838 0.464325 9.92963e+10
-1.5 -1 1.5 0.223537 0.401143 0.435292 1.21293e+11
-2 -0.5 1.5 0.244859 0.325578 0.449201 1.02349e+11
-1.5 0 1.5 0.241676 0.402629 0.410314 1.22241e+11
-2 0.5 1.5 0.25872 0.337234 0.426761 9.90979e+10
-1.5 1 1.5 0.275995 0.415003 0.371857 1.16486e+11
-2 1.5 1.5 0.278908 0.360319 0.393818 9.15792e+10
-1 -1.5 1.5 0.18069 0.48584 0.43128 1.31348e+11
-0.5 -1 1.5 0.175801 0.548063 0.398236 1.46865e+11
-1 -0.5 1.5 0.217022 0.477337 0.39918 1.42278e+11
-0.5 0 1.5 0.242597 0.547506 0.345844 1.54027e+11
-1 0.5 1.5 0.259268 0.478662 0.356441 1.41419e+11
-0.5 1 1.5 0.297369 0.559835 0.291309 1.55414e+11
-1 1.5 1.5 0.309005 0.494868 0.304988 1.33354e+11
0 -1.5 1.5 0.171061 0.650342 0.394805 1.30405e+11
0.5 -1 1.5 0.226867 0.697496 0.353761 1.11248e+11
0 -0.5 1.5 0.222255 0.600456 0.34531 1.38757e+11
0.5 0 1.5 0.301267 0.67906 0.286548 1.21062e+11
0 0.5 1.5 0.290738 0.627747 0.284207 1.5456e+11
0.5 1 1.5 0.345891 0.638958 0.224223 1.14322e+11
0 1.5 1.5 0.333072 0.603745 0.225132 1.40779e+11
1 -1.5 1.5 0.113323 0.774965 0.373224 7.60158e+10
1.5 -1 1.5 0.159781 0.810865 0.319601 7.01303e+10
1 -0.5 1.5 0.210428 0.7638 0.302154 8.82681e+10
1.5 0 1.5 0.270575 0.806933 0.233047 7.90086e+10
1 0.5 1.5 0.303759 0.747835 0.222568 9.56198e+10
1.5 1 1.5 0.378455 0.768133 0.130875 7.53183e+10
1 1.5 1.5 0.387611 0.70027 0.130151 8.40369e+10
2 -1.5 1.5 0.106423 0.818739 0.351555 5.44286e+10
2.5 -1 1.5 0.16548 0.83586 0.303141 5.07637e+10
2 -0.5 1.5 0.226778 0.831245 0.263077 6.45842e+10
2.5 0 1.5 0.287459 0.826989 0.204842 5.25237e+10
2 0.5 1.5 0.341018 0.804756 0.159999 6.36307e+10
2.5 1 1.5 0.406784 0.779287 0.0906716 4.64807e+10
2 1.5 1.5 0.453015 0.738869 0.0443124 5.36709e+10
