449
-2.5 -1 -1.5 -0.0583383 -0.874797 0.307654 2.96168e+08
-2.5 0 -1.5 0.0244861 -0.858782 0.315081 2.73633e+08
-2.5 1 -1.5 0.099704 -0.83513 0.311612 2.39029e+08
-2 -1.5 -1.5 -0.0839577 -0.874798 0.326098 3.96698e+08
-1.5 -1 -1.5 -0.0108975 -0.86186 0.362743 5.013e+08
-2 -0.5 -1.5 0.0116947 -0.86091 0.340239 3.77634e+08
-1.5 0 -1.5 0.0877923 -0.837852 0.370459 4.60604e+08
-2 0.5 -1.5 0.097 -0.836481 0.341874 3.36991e+08
-1.5 1 -1.5 0.174328 -0.804346 0.366289 3.96263e+08
-2 1.5 -1.5 0.173288 -0.80537 0.333348 2.84024e+08
-1 -1.5 -1.5 -0.0466945 -0.860112 0.382379 6.31073e+08
-0.5 -1 -1.5 0.0367988 -0.838532 0.42017 7.41218e+08
-1 -0.5 -1.5 0.068894 -0.838916 0.396629 6.02287e+08
-0.5 0 -1.5 0.155053 -0.803995 0.426505 6.81685e+08
-1 0.5 -1.5 0.169295 -0.803831 0.397656 5.33305e+08
-0.5 1 -1.5 0.255465 -0.757072 0.42048 5.82195e+08
-1 1.5 -1.5 0.255469 -0.760845 0.387648 4.42346e+08
0 -1.5 -1.5 -0.0119817 -0.833717 0.442181 8.43519e+08
0.5 -1 -1.5 0.0856763 -0.801605 0.477529 8.84643e+08
0 -0.5 -1.5 0.128261 -0.80418 0.452621 8.12187e+08
0.5 0 -1.5 0.228591 -0.754795 0.476022 8.2293e+08
0 0.5 -1.5 0.247418 -0.755065 0.450047 7.21081e+08
0.5 1 -1.5 0.346109 -0.689879 0.463384 7.09276e+08
0 1.5 -1.5 0.345584 -0.695788 0.43659 5.9647e+08
1 -1.5 -1.5 0.0247402 -0.789507 0.505496 8.68036e+08
1.5 -1 -1.5 0.149873 -0.74518 0.528326 7.81177e+08
1 -0.5 -1.5 0.196547 -0.753866 0.500295 8.48366e+08
1.5 0 -1.5 0.324185 -0.687646 0.500693 7.43056e+08
1 0.5 -1.5 0.339286 -0.687673 0.48416 7.67641e+08
1.5 1 -1.5 0.461221 -0.599275 0.467358 6.60602e+08
1 1.5 -1.5 0.451029 -0.605698 0.460647 6.48277e+08
2 -1.5 -1.5 0.090934 -0.713749 0.569598 6.44465e+08
2.5 -1 -1.5 0.277384 -0.658536 0.550118 4.99823e+08
2 -0.5 -1.5 0.301493 -0.683169 0.51912 6.40934e+08
2.5 0 -1.5 0.480643 -0.601793 0.452895 4.88669e+08
2 0.5 -1.5 0.470194 -0.599328 0.462971 5.99474e+08
2.5 1 -1.5 0.6262 -0.485562 0.364833 4.54348e+08
2 1.5 -1.5 0.591002 -0.485334 0.411846 5.29671e+08
-2.25 -0.75 -1.25 0.114704 -0.813604 0.449002 1.50167e+08
-2.25 0.25 -1.25 0.207943 -0.791439 0.454832 1.52881e+08
-2.25 1.25 -1.25 0.288659 -0.768651 0.447176 1.45575e+08
-1.75 -1.25 -1.25 0.0689126 -0.809053 0.471439 1.88059e+08
-1.25 -0.75 -1.25 0.135677 -0.779554 0.510521 2.4736e+08
-1.75 -0.25 -1.25 0.179306 -0.784059 0.484335 1.99494e+08
-1.25 0.25 -1.25 0.248598 -0.745349 0.514694 2.54171e+08
-1.75 0.75 -1.25 0.274199 -0.755297 0.482218 1.96612e+08
-1.25 1.25 -1.25 0.343642 -0.709884 0.50498 2.41502e+08
-0.75 -1.25 -1.25 0.0732179 -0.776443 0.533275 2.87897e+08
-0.25 -0.75 -1.25 0.148921 -0.737841 0.569716 3.51195e+08
-0.75 -0.25 -1.25 0.208229 -0.739746 0.543909 3.09901e+08
-0.25 0.25 -1.25 0.286504 -0.687879 0.570081 3.65117e+08
-0.75 0.75 -1.25 0.322083 -0.695969 0.539364 3.07278e+08
-0.25 1.25 -1.25 0.399215 -0.634285 0.557019 3.48854e+08
0.25 -1.25 -1.25 0.066458 -0.736066 0.592877 3.65692e+08
0.75 -0.75 -1.25 0.156007 -0.688281 0.620299 3.93216e+08
0.25 -0.25 -1.25 0.232653 -0.686062 0.596834 3.981e+08
0.75 0.25 -1.25 0.32615 -0.618867 0.609636 4.136e+08
0.25 0.75 -1.25 0.370752 -0.621975 0.586291 3.99654e+08
0.75 1.25 -1.25 0.4616 -0.539702 0.587775 4.02741e+08
1.25 -1.25 -1.25 0.0545969 -0.687605 0.643023 3.52309e+08
1.75 -0.75 -1.25 0.174564 -0.637106 0.641587 3.18105e+08
1.25 -0.25 -1.25 0.261143 -0.625166 0.627103 3.81965e+08
1.75 0.25 -1.25 0.387345 -0.544546 0.598012 3.33871e+08
1.25 0.75 -1.25 0.431962 -0.533463 0.599334 3.90506e+08
1.75 1.25 -1.25 0.551595 -0.426309 0.551727 3.35119e+08
2.25 -1.25 -1.25 0.0793359 -0.641359 0.662061 2.48562e+08
2.25 -0.25 -1.25 0.327936 -0.575803 0.587335 2.58578e+08
2.25 0.75 -1.25 0.536515 -0.443972 0.508294 2.65268e+08
-2.5 -1.5 -1 -0.146076 -0.873764 0.253251 4.43491e+08
-2.5 -0.5 -1 -0.0658358 -0.867714 0.271735 4.20676e+08
-2.5 0.5 -1 0.00832091 -0.852289 0.277678 3.76383e+08
-2.5 1.5 -1 0.0779687 -0.830151 0.273346 3.19646e+08
-1.5 -1.5 -1 -0.109946 -0.872367 0.304277 7.97281e+08
-2 -1 -1 -0.0829019 -0.871282 0.289711 5.90048e+08
-1.5 -0.5 -1 -0.0128716 -0.861181 0.324477 7.55508e+08
-2 0 -1 0.00106724 -0.857041 0.302241 5.4075e+08
-1.5 0.5 -1 0.0738342 -0.837633 0.331021 6.66615e+08
-2 1 -1 0.0777494 -0.833783 0.30276 4.66422e+08
-1.5 1.5 -1 0.151751 -0.805768 0.326267 5.5294e+08
-0.5 -1.5 -1 -0.074745 -0.862538 0.359562 1.281e+09
-1 -1 -1 -0.0369052 -0.863658 0.343654 1.01282e+09
-0.5 -0.5 -1 0.0429806 -0.844439 0.380759 1.21996e+09
-1 0 -1 0.063434 -0.841397 0.35732 9.23256e+08
-0.5 0.5 -1 0.145022 -0.809779 0.387614 1.06759e+09
-1 1 -1 0.151454 -0.807536 0.357872 7.82454e+08
-0.5 1.5 -1 0.232517 -0.764809 0.382089 8.68898e+08
0.5 -1.5 -1 -0.0432106 -0.840088 0.419862 1.70618e+09
0 -1 -1 0.00867083 -0.845206 0.40114 1.50797e+09
0.5 -0.5 -1 0.0995889 -0.81429 0.437902 1.64739e+09
0 0 -1 0.128929 -0.81239 0.414359 1.37886e+09
0.5 0.5 -1 0.220144 -0.76507 0.441991 1.44903e+09
0 1 -1 0.230642 -0.764133 0.413953 1.15922e+09
0.5 1.5 -1 0.318838 -0.702152 0.433776 1.17576e+09
1.5 -1.5 -1 -0.0113332 -0.797504 0.486207 1.69524e+09
1 -1 -1 0.0536507 -0.812005 0.46012 1.77623e+09
1.5 -0.5 -1 0.162372 -0.76728 0.487604 1.67564e+09
1 0 -1 0.198148 -0.767172 0.46581 1.65277e+09
1.5 0.5 -1 0.304531 -0.70068 0.477784 1.51481e+09
1 1 -1 0.315782 -0.699705 0.45935 1.40746e+09
1.5 1.5 -1 0.414151 -0.612783 0.459683 1.26222e+09
2.5 -1.5 -1 0.0527817 -0.717835 0.555602 1.15564e+09
2 -1 -1 0.11217 -0.756852 0.513789 1.48637e+09
2.5 -0.5 -1 0.258872 -0.698224 0.504425 1.17951e+09
2 0 -1 0.284675 -0.702841 0.490719 1.43129e+09
2.5 0.5 -1 0.417413 -0.615079 0.450118 1.12049e+09
2 1 -1 0.416961 -0.610614 0.462376 1.27174e+09
2.5 1.5 -1 0.526154 -0.492211 0.402799 9.90359e+08
-2.25 -1.25 -0.75 0.0871173 -0.833088 0.381083 2.08774e+08
-2.25 -0.25 -0.75 0.177921 -0.819287 0.396601 2.19736e+08
-2.25 0.75 -0.75 0.256619 -0.802208 0.397118 2.16411e+08
-1.25 -1.25 -0.75 0.101208 -0.810657 0.442806 3.62631e+08
-1.75 -0.75 -0.75 0.147187 -0.814358 0.421363 2.89323e+08
-1.25 -0.25 -0.75 0.212556 -0.787148 0.457436 3.87908e+08
-1.75 0.25 -0.75 0.240282 -0.793256 0.42857 2.95742e+08
-1.25 0.75 -0.75 0.306755 -0.758445 0.456499 3.82994e+08
-1.75 1.25 -0.75 0.31978 -0.770737 0.421664 2.81272e+08
-0.25 -1.25 -0.75 0.107713 -0.781281 0.506621 5.57482e+08
-0.75 -0.75 -0.75 0.169734 -0.783857 0.483294 4.81428e+08
-0.25 -0.25 -0.75 0.244439 -0.745448 0.518445 6.07343e+08
-0.75 0.25 -0.75 0.282913 -0.749745 0.488917 4.97862e+08
-0.25 0.75 -0.75 0.357549 -0.700256 0.515283 6.04431e+08
-0.75 1.25 -0.75 0.376536 -0.713253 0.48042 4.72442e+08
0.75 -1.25 -0.75 0.105994 -0.741545 0.572869 6.99466e+08
0.25 -0.75 -0.75 0.187009 -0.744331 0.545678 6.83508e+08
0.75 -0.25 -0.75 0.274723 -0.691871 0.575818 7.74039e+08
0.25 0.25 -0.75 0.32501 -0.693169 0.546885 7.17597e+08
0.75 0.75 -0.75 0.411253 -0.624476 0.565871 7.83103e+08
0.25 1.25 -0.75 0.435541 -0.636664 0.535356 6.86129e+08
1.75 -1.25 -0.75 0.103821 -0.686523 0.639308 6.4086e+08
1.25 -0.75 -0.75 0.201914 -0.692817 0.60464 7.4563e+08
1.75 -0.25 -0.75 0.313833 -0.62469 0.614941 7.09384e+08
1.25 0.25 -0.75 0.372102 -0.620811 0.591693 7.96498e+08
1.75 0.75 -0.75 0.48048 -0.527358 0.583457 7.37486e+08
1.25 1.25 -0.75 0.502995 -0.53645 0.570367 7.81183e+08
2.25 -0.75 -0.75 0.234767 -0.63035 0.642683 5.5923e+08
2.25 0.25 -0.75 0.445015 -0.533837 0.585559 6.0039e+08
2.25 1.25 -0.75 0.598404 -0.406941 0.53499 6.15252e+08
-2.5 -1 -0.5 -0.158199 -0.855537 0.215476 6.3655e+08
-2.5 0 -0.5 -0.0879352 -0.848711 0.233056 5.84523e+08
-2.5 1 -0.5 -0.0203961 -0.834012 0.238554 5.08653e+08
-2 -1.5 -0.5 -0.178811 -0.859583 0.224351 9.01966e+08
-1.5 -1 -0.5 -0.117416 -0.861741 0.263366 1.20831e+09
-2 -0.5 -0.5 -0.0993854 -0.855952 0.24987 8.51633e+08
-1.5 0 -0.5 -0.0339973 -0.849416 0.2828 1.09903e+09
-2 0.5 -0.5 -0.0254055 -0.841688 0.261716 7.54445e+08
-1.5 1 -0.5 0.04272 -0.826498 0.289039 9.35528e+08
-2 1.5 -0.5 0.0449511 -0.819539 0.262138 6.32094e+08
-1 -1.5 -0.5 -0.145479 -0.864236 0.272843 1.64658e+09
-0.5 -1 -0.5 -0.0743337 -0.860541 0.315356 2.1075e+09
-1 -0.5 -0.5 -0.0490632 -0.856209 0.300968 1.55604e+09
-0.5 0 -0.5 0.0253199 -0.84065 0.337008 1.9088e+09
-1 0.5 -0.5 0.0371916 -0.833764 0.31433 1.35765e+09
-0.5 1 -0.5 0.112716 -0.806706 0.344323 1.59284e+09
-1 1.5 -0.5 0.11516 -0.801044 0.315152 1.10711e+09
0 -1.5 -0.5 -0.113774 -0.859969 0.325765 2.67645e+09
0.5 -1 -0.5 -0.0332431 -0.847789 0.371076 3.16943e+09
0 -0.5 -0.5 0.00319075 -0.846026 0.356 2.5522e+09
0.5 0 -0.5 0.085506 -0.818106 0.393596 2.89099e+09
0 0.5 -0.5 0.104136 -0.812606 0.37094 2.20963e+09
0.5 1 -0.5 0.185211 -0.769589 0.401367 2.39382e+09
0 1.5 -0.5 0.19048 -0.765945 0.372112 1.76262e+09
1 -1.5 -0.5 -0.0878902 -0.841646 0.383734 3.56052e+09
1.5 -1 -0.5 0.0031682 -0.818457 0.427793 3.69859e+09
1 -0.5 -0.5 0.0530144 -0.821492 0.411943 3.46815e+09
1.5 0 -0.5 0.143378 -0.778415 0.444012 3.46626e+09
1 0.5 -0.5 0.170555 -0.774157 0.425597 3.03242e+09
1.5 1 -0.5 0.255539 -0.711392 0.447449 2.92686e+09
1 1.5 -0.5 0.265757 -0.709072 0.425635 2.41355e+09
2 -1.5 -0.5 -0.0662771 -0.799693 0.446331 3.42298e+09
2.5 -1 -0.5 0.044172 -0.76346 0.473826 2.95023e+09
2 -0.5 -0.5 0.101265 -0.778179 0.458265 3.45693e+09
2.5 0 -0.5 0.203105 -0.718729 0.462006 2.91455e+09
2 0.5 -0.5 0.234971 -0.715732 0.459571 3.14859e+09
2.5 1 -0.5 0.320579 -0.630455 0.446452 2.61408e+09
2 1.5 -0.5 0.335691 -0.626582 0.452021 2.59819e+09
-2.25 -0.75 -0.25 0.156106 -0.828703 0.322421 3.05506e+08
-2.25 0.25 -0.25 0.231306 -0.819815 0.333414 3.11136e+08
-2.25 1.25 -0.25 0.296648 -0.808821 0.33005 2.97756e+08
-1.75 -1.25 -0.25 0.122864 -0.824315 0.340141 4.03685e+08
-1.25 -0.75 -0.25 0.182195 -0.809973 0.381721 5.65602e+08
-1.75 -0.25 -0.25 0.212499 -0.813953 0.359137 4.27834e+08
-1.25 0.25 -0.25 0.273464 -0.791336 0.392127 5.81344e+08
-1.75 0.75 -0.25 0.288993 -0.799038 0.362117 4.22344e+08
-1.25 1.25 -0.25 0.350243 -0.770104 0.387642 5.52746e+08
-0.75 -1.25 -0.25 0.136819 -0.806666 0.400904 7.09023e+08
-0.25 -0.75 -0.25 0.205788 -0.78392 0.443415 9.51713e+08
-0.75 -0.25 -0.25 0.246974 -0.786438 0.419322 7.6631e+08
-0.25 0.25 -0.25 0.316758 -0.751655 0.452784 9.92268e+08
-0.75 0.75 -0.25 0.338618 -0.759097 0.421543 7.58871e+08
-0.25 1.25 -0.25 0.406967 -0.715374 0.447705 9.41042e+08
0.25 -1.25 -0.25 0.145993 -0.780822 0.465485 1.09627e+09
0.75 -0.75 -0.25 0.227349 -0.746654 0.507538 1.35471e+09
0.25 -0.25 -0.25 0.280957 -0.748232 0.481021 1.21152e+09
0.75 0.25 -0.25 0.361626 -0.696899 0.512636 1.43892e+09
0.25 0.75 -0.25 0.390552 -0.703408 0.481894 1.21178e+09
0.75 1.25 -0.25 0.466932 -0.63948 0.505733 1.37791e+09
1.25 -1.25 -0.25 0.151891 -0.740314 0.53593 1.36272e+09
1.75 -0.75 -0.25 0.252654 -0.69049 0.571754 1.445e+09
1.25 -0.25 -0.25 0.316846 -0.694539 0.541246 1.53733e+09
1.75 0.25 -0.25 0.414739 -0.620774 0.561101 1.57182e+09
1.25 0.75 -0.25 0.446915 -0.627042 0.535684 1.56959e+09
1.75 1.25 -0.25 0.535435 -0.535694 0.545147 1.55466e+09
2.25 -1.25 -0.25 0.168084 -0.671604 0.612685 1.19045e+09
2.25 -0.25 -0.25 0.368006 -0.616753 0.585264 1.35161e+09
2.25 0.75 -0.25 0.520042 -0.521399 0.556752 1.43282e+09
-2.5 -1.5 0 -0.250369 -0.820708 0.142929 9.59328e+08
-2.5 -0.5 0 -0.186989 -0.821312 0.174397 9.0583e+08
-2.5 0.5 0 -0.124582 -0.813496 0.192254 8.09173e+08
-2.5 1.5 0 -0.0614274 -0.799169 0.198278 6.87916e+08
-1.5 -1.5 0 -0.222301 -0.837398 0.184834 1.90179e+09
-2 -1 0 -0.201563 -0.830628 0.181817 1.3305e+09
-1.5 -0.5 0 -0.146004 -0.835766 0.219336 1.79104e+09
-2 0 0 -0.133679 -0.824785 0.207442 1.21413e+09
-1.5 0.5 0 -0.0742013 -0.822082 0.239086 1.57204e+09
-2 1 0 -0.0673173 -0.810129 0.219779 1.04542e+09
-1.5 1.5 0 -0.00485962 -0.799179 0.246155 1.29909e+09
-0.5 -1.5 0 -0.192606 -0.849102 0.23005 3.5266e+09
-1 -1 0 -0.164404 -0.844694 0.227122 2.56954e+09
-0.5 -0.5 0 -0.0998366 -0.844434 0.268171 3.33527e+09
-1 0 0 -0.084029 -0.834026 0.255533 2.32363e+09
-0.5 0.5 0 -0.0168356 -0.822998 0.290557 2.88158e+09
-1 1 0 -0.00948892 -0.810944 0.269583 1.95249e+09
-0.5 1.5 0 0.0586399 -0.788967 0.299146 2.30957e+09
0.5 -1.5 0 -0.165696 -0.851066 0.278916 5.8068e+09
0 -1 0 -0.125655 -0.851116 0.276038 4.56142e+09
0.5 -0.5 0 -0.0534871 -0.84227 0.32045 5.57575e+09
0 0 0 -0.0300808 -0.834064 0.307932 4.11878e+09
0.5 0.5 0 0.042365 -0.810949 0.345965 4.79137e+09
0 1 0 0.0534221 -0.80014 0.324375 3.38734e+09
0.5 1.5 0 0.123663 -0.762998 0.356402 3.74745e+09
1.5 -1.5 0 -0.147916 -0.836938 0.33103 7.74223e+09
1 -1 0 -0.0913756 -0.844875 0.32775 6.95209e+09
1.5 -0.5 0 -0.0145222 -0.824417 0.372276 7.67169e+09
1 0 0 0.021108 -0.819884 0.362166 6.36381e+09
1.5 0.5 0 0.0942646 -0.781562 0.398636 6.71204e+09
1 1 0 0.114012 -0.772613 0.380942 5.20595e+09
1.5 1.5 0 0.180302 -0.716914 0.410297 5.25523e+09
2.5 -1.5 0 -0.142753 -0.794439 0.38068 7.25724e+09
2 -1 0 -0.0684516 -0.819389 0.377274 8.08829e+09
2.5 -0.5 0 0.00970988 -0.785054 0.408494 7.57651e+09
2 0 0 0.0606315 -0.787474 0.407891 7.71043e+09
2.5 0.5 0 0.127146 -0.73273 0.426831 7.03668e+09
2 1 0 0.160605 -0.725373 0.425366 6.50444e+09
2.5 1.5 0 0.212002 -0.650019 0.435767 5.79943e+09
-2.25 -1.25 0.25 0.141985 -0.814551 0.22796 4.14563e+08
-2.25 -0.25 0.25 0.21322 -0.81663 0.252321 4.35936e+08
-2.25 0.75 0.25 0.274519 -0.8142 0.260419 4.31984e+08
-1.25 -1.25 0.25 0.157774 -0.80833 0.283745 7.9449e+08
-1.75 -0.75 0.25 0.191184 -0.812251 0.27011 5.99992e+08
-1.25 -0.25 0.25 0.244634 -0.803333 0.308913 8.49414e+08
-1.75 0.25 0.25 0.263535 -0.8079 0.286161 6.14487e+08
-1.25 0.75 0.25 0.317619 -0.792036 0.316746 8.41812e+08
-1.75 1.25 0.25 0.325499 -0.800148 0.286598 5.89267e+08
-0.25 -1.25 0.25 0.170883 -0.796987 0.342781 1.41137e+09
-0.75 -0.75 0.25 0.214864 -0.800299 0.327851 1.12655e+09
-0.25 -0.25 0.25 0.277169 -0.782382 0.368265 1.54455e+09
-0.75 0.25 0.25 0.302509 -0.785955 0.344272 1.16636e+09
-0.25 0.75 0.25 0.364341 -0.758104 0.376618 1.53628e+09
-0.75 1.25 0.25 0.375205 -0.767273 0.344683 1.11e+09
0.75 -1.25 0.25 0.182688 -0.775806 0.406387 2.19996e+09
0.25 -0.75 0.25 0.238226 -0.7803 0.388458 1.91915e+09
0.75 -0.25 0.25 0.311194 -0.749452 0.429842 2.47118e+09
0.25 0.25 0.25 0.344068 -0.752216 0.405143 2.0211e+09
0.75 0.75 0.25 0.414233 -0.707416 0.438676 2.48737e+09
0.25 1.25 0.25 0.428938 -0.717767 0.406633 1.91708e+09
1.75 -1.25 0.25 0.19808 -0.73485 0.476956 2.72619e+09
1.25 -0.75 0.25 0.263174 -0.746461 0.452416 2.75009e+09
1.75 -0.25 0.25 0.350394 -0.697077 0.490966 3.14113e+09
1.25 0.25 0.25 0.388555 -0.701511 0.466261 2.95884e+09
1.75 0.75 0.25 0.46851 -0.633771 0.495478 3.23766e+09
1.25 1.25 0.25 0.485643 -0.645912 0.468284 2.83954e+09
2.25 -0.75 0.25 0.299393 -0.685478 0.516759 2.89336e+09
2.25 0.25 0.25 0.443011 -0.624058 0.516665 3.20785e+09
2.25 1.25 0.25 0.548135 -0.54416 0.512863 3.19896e+09
-2.5 -1 0.5 -0.287048 -0.771487 0.0992659 1.42314e+09
-2.5 0 0.5 -0.232741 -0.768231 0.131822 1.30715e+09
-2.5 1 0.5 -0.175783 -0.75852 0.150812 1.1413e+09
-2 -1.5 0.5 -0.302754 -0.783002 0.0962211 2.09287e+09
-1.5 -1 0.5 -0.258563 -0.797439 0.139072 2.92423e+09
-2 -0.5 0.5 -0.244351 -0.783327 0.137734 1.97281e+09
-1.5 0 0.5 -0.19544 -0.791279 0.174712 2.65709e+09
-2 0.5 0.5 -0.185359 -0.774406 0.164563 1.7502e+09
-1.5 1 0.5 -0.132328 -0.775172 0.195856 2.2656e+09
-2 1.5 0.5 -0.124088 -0.758307 0.17818 1.47242e+09
-1 -1.5 0.5 -0.278136 -0.807976 0.135164 4.20748e+09
-0.5 -1 0.5 -0.225422 -0.820674 0.181423 5.74454e+09
-1 -0.5 0.5 -0.207811 -0.807516 0.180598 3.9659e+09
-0.5 0 0.5 -0.151163 -0.811029 0.220893 5.18188e+09
-1 0.5 0.5 -0.140751 -0.793251 0.210327 3.45479e+09
-0.5 1 0.5 -0.081686 -0.786783 0.244915 4.30403e+09
-1 1.5 0.5 -0.0747513 -0.768185 0.226079 2.81719e+09
0 -1.5 0.5 -0.252351 -0.827501 0.176441 7.91752e+09
0.5 -1 0.5 -0.191731 -0.835756 0.226393 1.0383e+10
0 -0.5 0.5 -0.166675 -0.826216 0.226591 7.53514e+09
0.5 0 0.5 -0.104054 -0.82194 0.270709 9.40018e+09
0 0.5 0.5 -0.0903754 -0.805416 0.260193 6.46662e+09
0.5 1 0.5 -0.0284181 -0.788062 0.298575 7.64116e+09
0 1.5 0.5 -0.0207383 -0.769296 0.278791 5.09922e+09
1 -1.5 0.5 -0.230876 -0.836155 0.220019 1.3208e+10
1.5 -1 0.5 -0.165539 -0.83673 0.272584 1.60763e+10
1 -0.5 0.5 -0.127516 -0.833479 0.275028 1.28688e+10
1.5 0 0.5 -0.0637626 -0.81813 0.321321 1.48916e+10
1 0.5 0.5 -0.0410536 -0.805256 0.313452 1.10414e+10
1.5 1 0.5 0.0175711 -0.774113 0.353643 1.21107e+10
1 1.5 0.5 0.0305977 -0.756696 0.335575 8.48902e+09
2 -1.5 0.5 -0.222702 -0.826314 0.263933 1.7723e+10
2.5 -1 0.5 -0.15897 -0.815245 0.312045 1.87887e+10
2 -0.5 0.5 -0.101457 -0.823391 0.32101 1.80269e+10
2.5 0 0.5 -0.0451797 -0.794774 0.360756 1.84043e+10
2 0.5 0.5 -0.00596033 -0.787988 0.362878 1.59298e+10
2.5 1 0.5 0.0388514 -0.742705 0.395727 1.56794e+10
2 1.5 0.5 0.065945 -0.727443 0.38902 1.23495e+10
-2.25 -0.75 0.75 0.196418 -0.789367 0.149919 6.02261e+08
-2.25 0.25 0.75 0.254583 -0.797945 0.17302 6.16945e+08
-2.25 1.25 0.75 0.304992 -0.802291 0.179915 5.98939e+08
-1.75 -1.25 0.75 0.170129 -0.785052 0.157391 8.25918e+08
-1.25 -0.75 0.75 0.215508 -0.791099 0.203238 1.20826e+09
-1.75 -0.25 0.75 0.23895 -0.793985 0.190332 8.75613e+08
-1.25 0.25 0.75 0.284613 -0.792749 0.227608 1.24682e+09
-1.75 0.75 0.75 0.297333 -0.796858 0.205238 8.72692e+08
-1.25 1.25 0.75 0.343087 -0.789193 0.234647 1.20015e+09
-0.75 -1.25 0.75 0.181734 -0.788068 0.210858 1.60111e+09
-0.25 -0.75 0.75 0.234923 -0.788661 0.259333 2.29963e+09
-0.75 -0.25 0.75 0.264681 -0.790211 0.245973 1.73019e+09
-0.25 0.25 0.75 0.317747 -0.780245 0.285675 2.4026e+09
-0.75 0.75 0.75 0.333701 -0.783765 0.261968 1.72446e+09
-0.25 1.25 0.75 0.385951 -0.765077 0.294305 2.29135e+09
0.25 -1.25 0.75 0.192761 -0.785632 0.267479 2.87688e+09
0.75 -0.75 0.75 0.255793 -0.777533 0.318402 3.97009e+09
0.25 -0.25 0.75 0.292612 -0.778738 0.304621 3.19434e+09
0.75 0.25 0.75 0.353992 -0.7557 0.347224 4.2296e+09
0.25 0.75 0.75 0.374178 -0.758974 0.323092 3.19529e+09
0.75 1.25 0.75 0.432636 -0.724411 0.359255 4.01467e+09
1.25 -1.25 0.75 0.206063 -0.772166 0.328807 4.53461e+09
1.75 -0.75 0.75 0.281232 -0.750728 0.381228 5.75803e+09
1.25 -0.25 0.75 0.32314 -0.754341 0.365983 5.18239e+09
1.75 0.25 0.75 0.392967 -0.713259 0.41005 6.27294e+09
1.25 0.75 0.75 0.417422 -0.717236 0.38775 5.25359e+09
1.75 1.25 0.75 0.480299 -0.66186 0.425955 6.03324e+09
2.25 -1.25 0.75 0.229651 -0.73589 0.396246 5.65865e+09
2.25 -0.25 0.75 0.360351 -0.708117 0.427667 6.65463e+09
2.25 0.75 0.75 0.46252 -0.652413 0.448819 6.91177e+09
-2.5 -1.5 1 -0.386346 -0.707862 0.00909813 2.30854e+09
-2.5 -0.5 1 -0.342883 -0.705765 0.0577542 2.18416e+09
-2.5 0.5 1 -0.294805 -0.69717 0.0917327 1.96063e+09
-2.5 1.5 1 -0.241097 -0.6838 0.111799 1.67899e+09
-1.5 -1.5 1 -0.367881 -0.742272 0.0438573 4.864e+09
-2 -1 1 -0.35451 -0.725131 0.053672 3.29412e+09
-1.5 -0.5 1 -0.316775 -0.740611 0.0969012 4.59118e+09
-2 0 1 -0.305898 -0.718617 0.0968373 3.01736e+09
-1.5 0.5 1 -0.263218 -0.728424 0.134285 4.05152e+09
-2 1 1 -0.25277 -0.705021 0.12515 2.61575e+09
-1.5 1.5 1 -0.205664 -0.708158 0.157024 3.37491e+09
-0.5 -1.5 1 -0.34582 -0.77577 0.0797642 9.88857e+09
-1 -1 1 -0.329088 -0.760806 0.0913923 6.85227e+09
-0.5 -0.5 1 -0.284056 -0.775605 0.137721 9.37358e+09
-1 0 1 -0.273104 -0.752717 0.138665 6.21758e+09
-0.5 0.5 1 -0.224277 -0.759316 0.179138 8.12581e+09
-1 1 1 -0.215417 -0.73313 0.17028 5.25659e+09
-0.5 1.5 1 -0.164065 -0.730258 0.205281 6.54475e+09
0.5 -1.5 1 -0.323328 -0.80296 0.117047 1.88183e+10
0 -1 1 -0.299242 -0.793734 0.13075 1.36641e+10
0.5 -0.5 1 -0.247329 -0.805247 0.18089 1.8151e+10
0 0 1 -0.233807 -0.784456 0.182974 1.23543e+10
0.5 0.5 1 -0.180628 -0.784789 0.22745 1.55472e+10
0 1 1 -0.172197 -0.75788 0.218724 1.01677e+10
0.5 1.5 1 -0.119961 -0.745864 0.257816 1.20876e+10
1.5 -1.5 1 -0.306888 -0.817964 0.155538 3.17262e+10
1 -1 1 -0.270032 -0.817632 0.171824 2.50818e+10
1.5 -0.5 1 -0.214548 -0.822513 0.225697 3.16239e+10
1 0 1 -0.192804 -0.807687 0.230297 2.29401e+10
1.5 0.5 1 -0.139819 -0.79874 0.278761 2.73133e+10
1 1 1 -0.128124 -0.774156 0.271314 1.85197e+10
1.5 1.5 1 -0.0809775 -0.750794 0.314214 2.07411e+10
2.5 -1.5 1 -0.307994 -0.812173 0.192533 4.29555e+10
2 -1 1 -0.25128 -0.82584 0.213046 3.94147e+10
2.5 -0.5 1 -0.199684 -0.820608 0.267109 4.51376e+10
2 0 1 -0.161668 -0.815391 0.277804 3.72699e+10
2.5 0.5 1 -0.117357 -0.795363 0.326093 4.06698e+10
2 1 1 -0.0936333 -0.777056 0.325306 3.04014e+10
2.5 1.5 1 -0.0599983 -0.742817 0.368115 3.15197e+10
-2.25 -1.25 1.25 0.164755 -0.740674 0.0263435 8.32838e+08
-2.25 -0.25 1.25 0.222932 -0.761313 0.0674247 8.79642e+08
-2.25 0.75 1.25 0.272782 -0.776257 0.0901772 8.84653e+08
-1.25 -1.25 1.25 0.171457 -0.757161 0.0751054 1.70066e+09
-1.75 -0.75 1.25 0.200807 -0.759127 0.0743373 1.24049e+09
-1.25 -0.25 1.25 0.238916 -0.773335 0.119729 1.82154e+09
-1.75 0.25 1.25 0.258462 -0.774153 0.107275 1.28193e+09
-1.25 0.75 1.25 0.296139 -0.781585 0.144145 1.82985e+09
-1.75 1.25 1.25 0.307974 -0.783312 0.12191 1.25295e+09
-0.25 -1.25 1.25 0.177407 -0.77264 0.126346 3.33078e+09
-0.75 -0.75 1.25 0.212481 -0.773377 0.126399 2.51545e+09
-0.25 -0.25 1.25 0.256563 -0.782328 0.175029 3.64506e+09
-0.75 0.25 1.25 0.279584 -0.78125 0.16226 2.6208e+09
-0.25 0.75 1.25 0.323078 -0.780701 0.202352 3.65966e+09
-0.75 1.25 1.25 0.336442 -0.781652 0.178564 2.53633e+09
0.75 -1.25 1.25 0.184391 -0.782645 0.180896 6.05354e+09
0.25 -0.75 1.25 0.225249 -0.7838 0.18131 4.84934e+09
0.75 -0.25 1.25 0.276514 -0.783891 0.233912 6.83008e+09
0.25 0.25 1.25 0.303719 -0.781563 0.221254 5.12051e+09
0.75 0.75 1.25 0.353435 -0.768715 0.266095 6.87538e+09
0.25 1.25 1.25 0.369208 -0.769601 0.241159 4.89786e+09
1.75 -1.25 1.25 0.195957 -0.781915 0.241032 9.68945e+09
1.25 -0.75 1.25 0.240295 -0.785341 0.239787 8.49081e+09
1.75 -0.25 1.25 0.29869 -0.772402 0.296721 1.12529e+10
1.25 0.25 1.25 0.330276 -0.770191 0.284948 9.15605e+09
1.75 0.75 1.25 0.384734 -0.74073 0.335372 1.14828e+10
1.25 1.25 1.25 0.404332 -0.742039 0.310838 8.69381e+09
2.25 -0.75 1.25 0.260587 -0.771563 0.303736 1.255e+10
2.25 0.25 1.25 0.357336 -0.741554 0.352025 1.37945e+10
2.25 1.25 1.25 0.436882 -0.694932 0.385144 1.32764e+10
-2.5 -1 1.5 -0.452945 -0.642293 -0.0228238 3.84971e+09
-2.5 0 1.5 -0.416123 -0.63097 0.0263058 3.55431e+09
-2.5 1 1.5 -0.37167 -0.615011 0.0602621 3.12608e+09
-2 -1.5 1.5 -0.461438 -0.665743 -0.0367161 5.76375e+09
-1.5 -1 1.5 -0.434225 -0.685105 0.0125751 8.26331e+09
-2 -0.5 1.5 -0.425715 -0.658331 0.0225961 5.45865e+09
-1.5 0 1.5 -0.39293 -0.673318 0.0664929 7.55824e+09
-2 0.5 1.5 -0.383282 -0.643267 0.0662094 4.87808e+09
-1.5 1 1.5 -0.345143 -0.653254 0.104343 6.50563e+09
-2 1.5 1.5 -0.333428 -0.622887 0.0944786 4.14306e+09
-1 -1.5 1.5 -0.443404 -0.708085 -0.00407515 1.22127e+10
-0.5 -1 1.5 -0.409651 -0.729848 0.0482825 1.73455e+10
-1 -0.5 1.5 -0.401141 -0.70325 0.0606434 1.1576e+10
-0.5 0 1.5 -0.362357 -0.718715 0.107416 1.57575e+10
-1 0.5 1.5 -0.354674 -0.685829 0.108808 1.01706e+10
-0.5 1 1.5 -0.311852 -0.693846 0.14979 1.32159e+10
-1 1.5 1.5 -0.302453 -0.658948 0.140968 8.38516e+09
0 -1.5 1.5 -0.422023 -0.748685 0.0290102 2.49857e+10
0.5 -1 1.5 -0.380992 -0.771247 0.0851342 3.49389e+10
0 -0.5 1.5 -0.369859 -0.748668 0.0997229 2.39311e+10
0.5 0 1.5 -0.325298 -0.762439 0.150397 3.18127e+10
0 0.5 1.5 -0.318954 -0.72945 0.153104 2.06918e+10
0.5 1 1.5 -0.273199 -0.733012 0.198143 2.59939e+10
0 1.5 1.5 -0.266432 -0.694911 0.189946 1.64622e+10
1 -1.5 1.5 -0.401376 -0.781518 0.063052 4.77611e+10
1.5 -1 1.5 -0.354332 -0.802134 0.123441 6.46596e+10
1 -0.5 1.5 -0.33494 -0.788321 0.140848 4.69971e+10
1.5 0 1.5 -0.286812 -0.797442 0.196289 6.0168e+10
1 0.5 1.5 -0.278558 -0.768733 0.200621 4.03679e+10
1.5 1 1.5 -0.233425 -0.765414 0.250573 4.84738e+10
1 1.5 1.5 -0.228494 -0.727081 0.24293 3.09968e+10
2 -1.5 1.5 -0.388643 -0.800789 0.0983949 8.08398e+10
2.5 -1 1.5 -0.340574 -0.815758 0.162432 1.02399e+11
2 -0.5 1.5 -0.305563 -0.81398 0.183577 8.28575e+10
2.5 0 1.5 -0.259774 -0.81514 0.242759 9.93149e+10
2 0.5 1.5 -0.240774 -0.796641 0.251308 7.2609e+10
2.5 1 1.5 -0.20163 -0.785139 0.305061 8.19969e+10
2 1.5 1.5 -0.194421 -0.751274 0.299931 5.47292e+10
