449
-2.5 -1 -1.5 -0.670392 -0.539017 -0.156517 1.91157e+10
-2.5 0 -1.5 -0.668203 -0.561505 -0.132603 3.24909e+10
-2.5 1 -1.5 -0.647347 -0.596052 -0.102205 4.83143e+10
-2 -1.5 -1.5 -0.69221 -0.505823 -0.11802 1.55664e+10
-1.5 -1 -1.5 -0.72441 -0.478166 -0.0578635 2.32119e+10
-2 -0.5 -1.5 -0.70808 -0.512206 -0.0938585 2.87529e+10
-1.5 0 -1.5 -0.743927 -0.477635 -0.0302425 4.21958e+10
-2 0.5 -1.5 -0.71063 -0.528407 -0.0668689 4.77234e+10
-1.5 1 -1.5 -0.748837 -0.487702 5.13284e-05 6.73559e+10
-2 1.5 -1.5 -0.692641 -0.558089 -0.0340216 6.70825e+10
-1 -1.5 -1.5 -0.722855 -0.456567 -0.0275762 1.73462e+10
-0.5 -1 -1.5 -0.748685 -0.422023 0.0290102 2.49857e+10
-1 -0.5 -1.5 -0.754791 -0.443232 0.00258075 3.38225e+10
-0.5 0 -1.5 -0.781518 -0.401376 0.063052 4.77611e+10
-1 0.5 -1.5 -0.775797 -0.435739 0.0339498 5.98204e+10
-0.5 1 -1.5 -0.800789 -0.388643 0.0983949 8.08398e+10
-1 1.5 -1.5 -0.7791 -0.442073 0.0675092 8.97322e+10
0 -1.5 -1.5 -0.729848 -0.409651 0.0482825 1.73455e+10
0.5 -1 -1.5 -0.748668 -0.369859 0.0997229 2.39311e+10
0 -0.5 -1.5 -0.771247 -0.380992 0.0851342 3.49389e+10
0.5 0 -1.5 -0.788321 -0.33494 0.140848 4.69971e+10
0 0.5 -1.5 -0.802134 -0.354332 0.123441 6.46596e+10
0.5 1 -1.5 -0.81398 -0.305563 0.183577 8.28575e+10
0 1.5 -1.5 -0.815758 -0.340574 0.162432 1.02399e+11
1 -1.5 -1.5 -0.718715 -0.362357 0.107416 1.57575e+10
1.5 -1 -1.5 -0.72945 -0.318954 0.153104 2.06918e+10
1 -0.5 -1.5 -0.762439 -0.325298 0.150397 3.18127e+10
1.5 0 -1.5 -0.768733 -0.278558 0.200621 4.03679e+10
1 0.5 -1.5 -0.797442 -0.286812 0.196289 6.0168e+10
1.5 1 -1.5 -0.796641 -0.240774 0.251308 7.2609e+10
1 1.5 -1.5 -0.81514 -0.259774 0.242759 9.93149e+10
2 -1.5 -1.5 -0.693846 -0.311852 0.14979 1.32159e+10
2.5 -1 -1.5 -0.694911 -0.266432 0.189946 1.64622e+10
2 -0.5 -1.5 -0.733012 -0.273199 0.198143 2.59939e+10
2.5 0 -1.5 -0.727081 -0.228494 0.24293 3.09968e+10
2 0.5 -1.5 -0.765414 -0.233425 0.250573 4.84738e+10
2.5 1 -1.5 -0.751274 -0.194421 0.299931 5.47292e+10
2 1.5 -1.5 -0.785139 -0.20163 0.305061 8.19969e+10
-2.25 -0.75 -1.25 -0.676398 -0.0616128 -0.154903 4.47321e+09
-2.25 0.25 -1.25 -0.690001 -0.0770641 -0.108151 7.24052e+09
-2.25 1.25 -1.25 -0.69957 -0.0805805 -0.0433335 1.03954e+10
-1.75 -1.25 -1.25 -0.701158 -0.0083095 -0.121329 3.88798e+09
-1.25 -0.75 -1.25 -0.74161 0.0305826 -0.0498612 5.9406e+09
-1.75 -0.25 -1.25 -0.72415 -0.0210351 -0.0786049 6.84064e+09
-1.25 0.25 -1.25 -0.766142 0.0244079 -0.000492188 1.0316e+10
-1.75 0.75 -1.25 -0.741896 -0.0283497 -0.0244862 1.08628e+10
-1.25 1.25 -1.25 -0.78355 0.0255757 0.0610681 1.58623e+10
-0.75 -1.25 -1.25 -0.74775 0.0773122 -0.0261225 4.8025e+09
-0.25 -0.75 -1.25 -0.777164 0.117877 0.0395183 7.22132e+09
-0.75 -0.25 -1.25 -0.776243 0.0733604 0.0221308 8.96102e+09
-0.25 0.25 -1.25 -0.801494 0.119606 0.0937198 1.32264e+10
-0.75 0.75 -1.25 -0.798142 0.0741034 0.0782471 1.51913e+10
-0.25 1.25 -1.25 -0.815898 0.126392 0.156921 2.14704e+10
0.25 -1.25 -1.25 -0.772808 0.156781 0.0490654 5.4696e+09
0.75 -0.75 -1.25 -0.790846 0.197494 0.106341 8.00853e+09
0.25 -0.25 -1.25 -0.798003 0.161309 0.104006 1.06411e+10
0.75 0.25 -1.25 -0.807244 0.207018 0.167325 1.51637e+10
0.25 0.75 -1.25 -0.813872 0.168219 0.164536 1.88167e+10
0.75 1.25 -1.25 -0.810317 0.217439 0.234969 2.52407e+10
1.25 -1.25 -1.25 -0.783508 0.227666 0.100669 5.75826e+09
1.75 -0.75 -1.25 -0.790681 0.267716 0.14917 8.10136e+09
1.25 -0.25 -1.25 -0.798522 0.240362 0.162094 1.13565e+10
1.75 0.25 -1.25 -0.793493 0.284848 0.217361 1.5347e+10
1.25 0.75 -1.25 -0.802232 0.253972 0.230255 2.05156e+10
1.75 1.25 -1.25 -0.78157 0.300369 0.293744 2.58809e+10
2.25 -1.25 -1.25 -0.784699 0.289569 0.129899 5.60375e+09
2.25 -0.25 -1.25 -0.786542 0.309667 0.197109 1.0888e+10
2.25 0.75 -1.25 -0.774474 0.329554 0.273379 1.94569e+10
-2.5 -1.5 -1 -0.635254 -0.586434 -0.227375 2.62161e+10
-2.5 -0.5 -1 -0.6411 -0.600517 -0.209188 4.79213e+10
-2.5 0.5 -1 -0.631078 -0.626426 -0.186496 7.97369e+10
-2.5 1.5 -1 -0.600307 -0.664827 -0.154073 1.16277e+11
-1.5 -1.5 -1 -0.676303 -0.55283 -0.125265 3.09916e+10
-2 -1 -1 -0.66978 -0.570266 -0.165216 4.01193e+10
-1.5 -0.5 -1 -0.70409 -0.547162 -0.101746 6.04157e+10
-2 0 -1 -0.681345 -0.578807 -0.143785 7.28846e+10
-1.5 0.5 -1 -0.720482 -0.549146 -0.0765728 1.08284e+11
-2 1 -1 -0.677363 -0.598938 -0.117785 1.1877e+11
-1.5 1.5 -1 -0.72032 -0.563594 -0.0466402 1.70247e+11
-0.5 -1.5 -1 -0.689971 -0.520959 -0.0346917 3.27754e+10
-1 -1 -1 -0.705524 -0.529135 -0.0647196 4.60507e+10
-0.5 -0.5 -1 -0.733735 -0.49844 -0.00397062 6.6943e+10
-1 0 -1 -0.737212 -0.516567 -0.0373328 8.89681e+10
-0.5 0.5 -1 -0.767462 -0.478744 0.027765 1.27002e+11
-1 1 -1 -0.756472 -0.51183 -0.00788878 1.5553e+11
-0.5 1.5 -1 -0.786417 -0.468921 0.061954 2.12922e+11
0.5 -1.5 -1 -0.68225 -0.487881 0.0400177 3.12862e+10
0 -1 -1 -0.713638 -0.49083 0.0218414 4.6871e+10
0.5 -0.5 -1 -0.735153 -0.454539 0.077831 6.51026e+10
0 0 -1 -0.759493 -0.460999 0.0568193 9.44926e+10
0.5 0.5 -1 -0.780771 -0.41824 0.117664 1.28263e+11
0 1 -1 -0.792494 -0.43536 0.0933923 1.7372e+11
0.5 1.5 -1 -0.809689 -0.389746 0.159328 2.24581e+11
1.5 -1.5 -1 -0.65883 -0.44996 0.0972366 2.73778e+10
1 -1 -1 -0.699768 -0.452599 0.0911185 4.27387e+10
1.5 -0.5 -1 -0.713478 -0.412865 0.141404 5.62616e+10
1 0 -1 -0.752612 -0.413424 0.133406 8.70681e+10
1.5 0.5 -1 -0.763793 -0.370092 0.188835 1.11024e+11
1 1 -1 -0.795274 -0.372978 0.17864 1.65574e+11
1.5 1.5 -1 -0.801249 -0.328935 0.239523 2.01348e+11
2.5 -1.5 -1 -0.623734 -0.405 0.137144 2.23025e+10
2 -1 -1 -0.668971 -0.410822 0.142477 3.55486e+10
2.5 -0.5 -1 -0.673093 -0.369633 0.1871 4.41694e+10
2 0 -1 -0.721128 -0.371093 0.191283 7.07454e+10
2.5 0.5 -1 -0.720673 -0.330648 0.241081 8.43059e+10
2 1 -1 -0.766833 -0.328099 0.244203 1.33823e+11
2.5 1.5 -1 -0.760816 -0.291412 0.299097 1.51519e+11
-2.25 -1.25 -0.75 -0.674219 -0.241348 -0.254251 8.23018e+09
-2.25 -0.25 -0.75 -0.695641 -0.262063 -0.221887 1.45833e+10
-2.25 0.75 -0.75 -0.710117 -0.283477 -0.178109 2.35673e+10
-1.25 -1.25 -0.75 -0.730902 -0.166817 -0.14815 1.0366e+10
-1.75 -0.75 -0.75 -0.721257 -0.212594 -0.18291 1.2762e+10
-1.25 -0.25 -0.75 -0.765826 -0.178043 -0.109042 1.96318e+10
-1.75 0.25 -0.75 -0.747552 -0.22854 -0.143751 2.25122e+10
-1.25 0.75 -0.75 -0.793978 -0.188272 -0.0622978 3.42672e+10
-1.75 1.25 -0.75 -0.766253 -0.243157 -0.0916498 3.58044e+10
-0.25 -1.25 -0.75 -0.764011 -0.0865537 -0.0577276 1.20116e+10
-0.75 -0.75 -0.75 -0.769984 -0.131079 -0.0793302 1.58521e+10
-0.25 -0.25 -0.75 -0.804041 -0.0901455 -0.0100606 2.39369e+10
-0.75 0.25 -0.75 -0.804991 -0.137552 -0.0334465 2.98016e+10
-0.25 0.75 -0.75 -0.835438 -0.0917657 0.0431869 4.41917e+10
-0.75 1.25 -0.75 -0.831011 -0.141863 0.0216349 5.08602e+10
0.75 -1.25 -0.75 -0.780602 -0.00313874 0.0102555 1.29046e+10
0.25 -0.75 -0.75 -0.794344 -0.0452708 0.00480013 1.79832e+10
0.75 -0.25 -0.75 -0.817479 -4.6989e-05 0.0664795 2.6348e+10
0.25 0.25 -0.75 -0.83016 -0.0446165 0.0592134 3.53629e+10
0.75 0.75 -0.75 -0.845452 0.00403274 0.128656 5.03466e+10
0.25 1.25 -0.75 -0.85391 -0.0426624 0.120674 6.29274e+10
1.75 -1.25 -0.75 -0.786279 0.0786581 0.0538609 1.29163e+10
1.25 -0.75 -0.75 -0.801836 0.0413303 0.0643776 1.87184e+10
1.75 -0.25 -0.75 -0.814084 0.0883435 0.117702 2.62227e+10
1.25 0.25 -0.75 -0.830753 0.0480209 0.127775 3.72587e+10
1.75 0.75 -0.75 -0.831807 0.0973918 0.189876 4.99585e+10
1.25 1.25 -0.75 -0.847314 0.0537406 0.19918 6.76875e+10
2.25 -0.75 -0.75 -0.798003 0.124096 0.0997172 1.79098e+10
2.25 0.25 -0.75 -0.815172 0.136789 0.171626 3.49222e+10
2.25 1.25 -0.75 -0.819618 0.145664 0.253824 6.25595e+10
-2.5 -1 -0.5 -0.621845 -0.399225 -0.19838 3.33599e+10
-2.5 0 -0.5 -0.633312 -0.430864 -0.178792 5.96967e+10
-2.5 1 -0.5 -0.633437 -0.466924 -0.153009 9.85588e+10
-2 -1.5 -0.5 -0.639572 -0.353788 -0.156082 2.76865e+10
-1.5 -1 -0.5 -0.678577 -0.330069 -0.095313 4.34079e+10
-2 -0.5 -0.5 -0.66586 -0.377767 -0.135278 5.29032e+10
-1.5 0 -0.5 -0.7095 -0.350616 -0.0707783 8.30927e+10
-2 0.5 -0.5 -0.683738 -0.405953 -0.112277 9.47382e+10
-1.5 1 -0.5 -0.731619 -0.3743 -0.0434699 1.47813e+11
-2 1.5 -0.5 -0.690074 -0.437573 -0.0827844 1.5462e+11
-1 -1.5 -0.5 -0.676612 -0.286168 -0.0621987 3.33751e+10
-0.5 -1 -0.5 -0.710902 -0.255684 -0.00492866 5.10781e+10
-1 -0.5 -0.5 -0.717013 -0.301155 -0.0340331 6.73561e+10
-0.5 0 -0.5 -0.752753 -0.266713 0.0277081 1.02767e+11
-1 0.5 -0.5 -0.750356 -0.317298 -0.00497801 1.28309e+11
-0.5 1 -0.5 -0.785324 -0.278369 0.0622171 1.92449e+11
-1 1.5 -0.5 -0.773256 -0.336594 0.0276428 2.23645e+11
0 -1.5 -0.5 -0.696242 -0.212706 0.0154267 3.68505e+10
0.5 -1 -0.5 -0.7249 -0.176366 0.067358 5.4613e+10
0 -0.5 -0.5 -0.742663 -0.220226 0.05209 7.68245e+10
0.5 0 -0.5 -0.769387 -0.180238 0.109176 1.12478e+11
0 0.5 -0.5 -0.783079 -0.227257 0.0901182 1.52558e+11
0.5 1 -0.5 -0.805042 -0.184566 0.15359 2.17044e+11
0 1.5 -0.5 -0.811017 -0.236033 0.130945 2.75397e+11
1 -1.5 -0.5 -0.704288 -0.134816 0.0738549 3.76197e+10
1.5 -1 -0.5 -0.726165 -0.0941396 0.119749 5.35338e+10
1 -0.5 -0.5 -0.748859 -0.135923 0.118839 7.87869e+10
1.5 0 -0.5 -0.765445 -0.0925606 0.170627 1.09288e+11
1 0.5 -0.5 -0.788296 -0.137167 0.166931 1.58143e+11
1.5 1 -0.5 -0.796813 -0.0934903 0.226029 2.10162e+11
1 1.5 -0.5 -0.815931 -0.141667 0.218471 2.90613e+11
2 -1.5 -0.5 -0.704383 -0.0556717 0.112943 3.57609e+10
2.5 -1 -0.5 -0.718019 -0.0125603 0.153206 4.84271e+10
2 -0.5 -0.5 -0.741059 -0.0506995 0.16563 7.33194e+10
2.5 0 -0.5 -0.746538 -0.00619514 0.212545 9.54278e+10
2 0.5 -0.5 -0.772152 -0.0483298 0.22362 1.43716e+11
2.5 1 -0.5 -0.767641 -0.00604616 0.278189 1.77064e+11
2 1.5 -0.5 -0.79374 -0.052442 0.28645 2.60614e+11
-2.25 -0.75 -0.25 -0.659641 -0.492238 -0.246825 1.2597e+10
-2.25 0.25 -0.25 -0.661518 -0.515263 -0.220711 2.16912e+10
-2.25 1.25 -0.25 -0.648338 -0.541941 -0.184268 3.35392e+10
-1.75 -1.25 -0.25 -0.68175 -0.457346 -0.203785 1.04267e+10
-1.25 -0.75 -0.25 -0.717692 -0.432774 -0.136678 1.59385e+10
-1.75 -0.25 -0.25 -0.700832 -0.470655 -0.176868 1.9402e+10
-1.25 0.25 -0.25 -0.740642 -0.441074 -0.10435 2.95063e+10
-1.75 0.75 -0.25 -0.708301 -0.488151 -0.145296 3.31365e+10
-1.25 1.25 -0.25 -0.751881 -0.451513 -0.0665343 4.95802e+10
-0.75 -1.25 -0.25 -0.717095 -0.399069 -0.104155 1.2181e+10
-0.25 -0.75 -0.25 -0.747619 -0.364046 -0.0408621 1.82045e+10
-0.75 -0.25 -0.25 -0.752319 -0.400509 -0.0682935 2.40674e+10
-0.25 0.25 -0.25 -0.783892 -0.360055 0.000730601 3.56717e+10
-0.75 0.75 -0.25 -0.777099 -0.402696 -0.0299811 4.39909e+10
-0.25 1.25 -0.25 -0.807552 -0.356087 0.0456102 6.3524e+10
0.25 -1.25 -0.25 -0.732128 -0.328441 -0.023649 1.30369e+10
0.75 -0.75 -0.25 -0.757215 -0.283552 0.0325653 1.89034e+10
0.25 -0.25 -0.25 -0.775458 -0.32139 0.0220387 2.67082e+10
0.75 0.25 -0.25 -0.79841 -0.271932 0.0843653 3.80855e+10
0.25 0.75 -0.25 -0.810091 -0.312139 0.0699806 5.13476e+10
0.75 1.25 -0.25 -0.8281 -0.25902 0.139491 7.06518e+10
1.25 -1.25 -0.25 -0.734732 -0.245168 0.0328254 1.29458e+10
1.75 -0.75 -0.25 -0.753762 -0.192883 0.0804597 1.80447e+10
1.25 -0.25 -0.25 -0.777863 -0.232495 0.0875341 2.66471e+10
1.75 0.25 -0.25 -0.7914 -0.177249 0.141973 3.60331e+10
1.25 0.75 -0.25 -0.813774 -0.217782 0.146515 5.2028e+10
1.75 1.25 -0.25 -0.818948 -0.162099 0.209425 6.70025e+10
2.25 -1.25 -0.25 -0.729676 -0.154207 0.0648641 1.20166e+10
2.25 -0.25 -0.25 -0.766043 -0.136939 0.127306 2.4149e+10
2.25 0.75 -0.25 -0.795293 -0.120713 0.197111 4.60725e+10
-2.5 -1.5 0 -0.651 -0.0200516 -0.192365 1.31405e+10
-2.5 -0.5 0 -0.685544 -0.0762186 -0.167139 2.42392e+10
-2.5 0.5 0 -0.717406 -0.139741 -0.138763 4.28921e+10
-2.5 1.5 0 -0.743821 -0.208448 -0.103327 7.25147e+10
-1.5 -1.5 0 -0.716397 0.0439782 -0.105104 1.85283e+10
-2 -1 0 -0.70592 -0.0145674 -0.133403 2.184e+10
-1.5 -0.5 0 -0.758308 -0.0113579 -0.0735816 3.63292e+10
-2 0 0 -0.74405 -0.0747071 -0.104802 4.0843e+10
-1.5 0.5 0 -0.79624 -0.0731613 -0.0406404 6.8609e+10
-2 1 0 -0.776802 -0.141025 -0.0726109 7.31105e+10
-1.5 1.5 0 -0.82505 -0.138355 -0.00327991 1.22718e+11
-0.5 -1.5 0 -0.763492 0.102493 -0.0314322 2.41665e+10
-1 -1 0 -0.763727 0.0481907 -0.0486107 3.04106e+10
-0.5 -0.5 0 -0.805209 0.0523729 0.0082964 4.95375e+10
-1 0 0 -0.804578 -0.00818242 -0.0126866 6.0104e+10
-0.5 0.5 0 -0.841406 -0.00210909 0.0497773 9.77416e+10
-1 1 0 -0.838207 -0.0682511 0.0258315 1.13393e+11
-0.5 1.5 0 -0.867204 -0.0575393 0.0951841 1.8054e+11
0.5 -1.5 0 -0.794575 0.155441 0.0258289 2.90761e+10
0 -1 0 -0.801003 0.10735 0.0211142 3.87466e+10
0.5 -0.5 0 -0.830445 0.114845 0.0740404 6.09201e+10
0 0 0 -0.837966 0.0592428 0.0661417 7.9234e+10
0.5 0.5 0 -0.859835 0.0711364 0.125664 1.22429e+11
0 1 0 -0.866395 0.00920438 0.11446 1.534e+11
0.5 1.5 0 -0.877923 0.0269947 0.181908 2.26682e+11
1.5 -1.5 0 -0.812118 0.204335 0.0662769 3.21638e+10
1 -1 0 -0.821276 0.163396 0.0737532 4.49454e+10
1.5 -0.5 0 -0.838703 0.176284 0.122401 6.71349e+10
1 0 0 -0.849831 0.127293 0.128154 9.25568e+10
1.5 0.5 0 -0.857648 0.146216 0.184397 1.33369e+11
1 1 0 -0.869251 0.0895025 0.187655 1.78901e+11
1.5 1.5 0 -0.86523 0.114066 0.252613 2.4208e+11
2.5 -1.5 0 -0.818219 0.25148 0.0910046 3.25616e+10
2 -1 0 -0.827947 0.217564 0.109586 4.72631e+10
2.5 -0.5 0 -0.833918 0.237137 0.154281 6.61189e+10
2 0 0 -0.845424 0.195613 0.172806 9.53094e+10
2.5 0.5 0 -0.840613 0.22124 0.2258 1.26596e+11
2 1 0 -0.853002 0.171424 0.243455 1.79007e+11
2.5 1.5 0 -0.836384 0.199987 0.304768 2.2127e+11
-2.25 -1.25 0.25 -0.611166 -0.629409 -0.210958 4.31865e+09
-2.25 -0.25 0.25 -0.598531 -0.654422 -0.200005 7.68502e+09
-2.25 0.75 0.25 -0.564792 -0.685892 -0.188755 1.24031e+10
-1.25 -1.25 0.25 -0.655146 -0.587228 -0.102469 5.29055e+09
-1.75 -0.75 0.25 -0.639035 -0.617701 -0.147789 6.63424e+09
-1.25 -0.25 0.25 -0.667087 -0.599303 -0.0828113 1.00559e+10
-1.75 0.25 0.25 -0.631492 -0.639474 -0.134044 1.17166e+10
-1.25 0.75 0.25 -0.664397 -0.616236 -0.0658395 1.74932e+10
-1.75 1.25 0.25 -0.604204 -0.665407 -0.120542 1.85217e+10
-0.25 -1.25 0.25 -0.673618 -0.535199 -0.00849576 5.87317e+09
-0.75 -0.75 0.25 -0.678985 -0.565398 -0.0401259 7.94502e+09
-0.25 -0.25 0.25 -0.702473 -0.535643 0.0225236 1.17036e+10
-0.75 0.25 0.25 -0.694782 -0.572812 -0.0166187 1.49438e+10
-0.25 0.75 0.25 -0.720798 -0.537429 0.0499967 2.15626e+10
-0.75 1.25 0.25 -0.695739 -0.583465 0.00368942 2.52925e+10
0.75 -1.25 0.25 -0.675322 -0.468938 0.0637066 5.9662e+09
0.25 -0.75 0.25 -0.693577 -0.502217 0.0493539 8.54903e+09
0.75 -0.25 0.25 -0.712012 -0.461168 0.106207 1.2103e+10
0.25 0.25 0.25 -0.724333 -0.497456 0.0848701 1.67616e+10
0.75 0.75 0.25 -0.742537 -0.451587 0.146363 2.30519e+10
0.25 1.25 0.25 -0.743054 -0.493667 0.116063 2.98015e+10
1.75 -1.25 0.25 -0.667716 -0.387459 0.110887 5.61432e+09
1.25 -0.75 0.25 -0.691211 -0.424895 0.114313 8.345e+09
1.75 -0.25 0.25 -0.703491 -0.374085 0.16341 1.12321e+10
1.25 0.25 0.25 -0.72681 -0.412941 0.161866 1.64731e+10
1.75 0.75 0.25 -0.735194 -0.359872 0.216492 2.1267e+10
1.25 1.25 0.25 -0.754447 -0.40017 0.20665 2.99933e+10
2.25 -0.75 0.25 -0.678171 -0.33432 0.153325 7.48121e+09
2.25 0.25 0.25 -0.709255 -0.31888 0.211573 1.43697e+10
2.25 1.25 0.25 -0.734758 -0.305903 0.270301 2.57651e+10
-2.5 -1 0.5 -0.650541 -0.20841 -0.175022 9.55908e+09
-2.5 0 0.5 -0.662716 -0.265709 -0.159332 1.69501e+10
-2.5 1 0.5 -0.668753 -0.321942 -0.141048 2.87839e+10
-2 -1.5 0.5 -0.679586 -0.142903 -0.137207 8.48422e+09
-1.5 -1 0.5 -0.726218 -0.132585 -0.0817069 1.3948e+10
-2 -0.5 0.5 -0.702227 -0.199383 -0.117778 1.58873e+10
-1.5 0 0.5 -0.751566 -0.190503 -0.058966 2.63746e+10
-2 0.5 0.5 -0.718963 -0.258643 -0.0992311 2.8521e+10
-1.5 1 0.5 -0.769546 -0.248799 -0.0365602 4.76251e+10
-2 1.5 0.5 -0.728194 -0.314405 -0.077672 4.88837e+10
-1 -1.5 0.5 -0.739117 -0.0686675 -0.0537358 1.15557e+10
-0.5 -1 0.5 -0.778551 -0.0577199 -0.000461865 1.86679e+10
-1 -0.5 0.5 -0.770075 -0.122499 -0.0253103 2.2844e+10
-0.5 0 0.5 -0.808195 -0.110415 0.0322808 3.69563e+10
-1 0.5 0.5 -0.79514 -0.179299 0.0016548 4.33378e+10
-0.5 1 0.5 -0.829788 -0.163378 0.0643708 6.93907e+10
-1 1.5 0.5 -0.810653 -0.233336 0.0288775 7.75475e+10
0 -1.5 0.5 -0.780597 0.00147004 0.0151746 1.45266e+10
0.5 -1 0.5 -0.8109 0.0148087 0.065135 2.2783e+10
0 -0.5 0.5 -0.812361 -0.0449256 0.0534933 2.97364e+10
0.5 0 0.5 -0.838111 -0.0281727 0.108644 4.61079e+10
0 0.5 0.5 -0.837848 -0.0941446 0.0914731 5.82285e+10
0.5 1 0.5 -0.856887 -0.0723218 0.152527 8.75894e+10
0 1.5 0.5 -0.853081 -0.141546 0.129136 1.05856e+11
1 -1.5 0.5 -0.806512 0.0671562 0.0680634 1.6804e+10
1.5 -1 0.5 -0.826642 0.0847777 0.114282 2.52354e+10
1 -0.5 0.5 -0.833544 0.0320417 0.115901 3.47591e+10
1.5 0 0.5 -0.84664 0.0547292 0.168153 5.07632e+10
1 0.5 0.5 -0.853796 -0.00596909 0.165506 6.83598e+10
1.5 1 0.5 -0.857815 0.0223556 0.224436 9.49477e+10
1 1.5 0.5 -0.863603 -0.0441594 0.21547 1.22845e+11
2 -1.5 0.5 -0.818981 0.129505 0.10522 1.78194e+10
2.5 -1 0.5 -0.828575 0.152875 0.147765 2.52756e+10
2 -0.5 0.5 -0.837772 0.10787 0.161697 3.63101e+10
2.5 0 0.5 -0.838504 0.136963 0.211038 4.92754e+10
2 0.5 0.5 -0.848684 0.083466 0.22247 6.97091e+10
2.5 1 0.5 -0.839105 0.116677 0.278722 8.87523e+10
2 1.5 0.5 -0.849581 0.0550537 0.284952 1.21597e+11
-2.25 -0.75 0.75 -0.569043 -0.708831 -0.17551 3.66216e+09
-2.25 0.25 0.75 -0.521103 -0.746302 -0.182136 6.06226e+09
-2.25 1.25 0.75 -0.440414 -0.783011 -0.195418 8.86857e+09
-1.75 -1.25 0.75 -0.611471 -0.671837 -0.115802 3.09911e+09
-1.25 -0.75 0.75 -0.63038 -0.660052 -0.0535656 4.69058e+09
-1.75 -0.25 0.75 -0.591628 -0.700975 -0.11403 5.57616e+09
-1.25 0.25 0.75 -0.614562 -0.686816 -0.0504805 8.31842e+09
-1.75 0.75 0.75 -0.548278 -0.735957 -0.121357 9.04866e+09
-1.25 1.25 0.75 -0.576201 -0.717245 -0.0590298 1.30781e+10
-0.75 -1.25 0.75 -0.646094 -0.624001 -0.00436117 3.65861e+09
-0.25 -0.75 0.75 -0.661376 -0.601694 0.0572981 5.3794e+09
-0.75 -0.25 0.75 -0.649301 -0.641729 0.0100808 6.96053e+09
-0.25 0.25 0.75 -0.667599 -0.61567 0.0741192 1.0037e+10
-0.75 0.75 0.75 -0.637281 -0.664818 0.0139912 1.20395e+10
-0.25 1.25 0.75 -0.658633 -0.633866 0.0773462 1.66933e+10
0.25 -1.25 0.75 -0.658978 -0.564619 0.0902717 3.91543e+09
0.75 -0.75 0.75 -0.670367 -0.530718 0.147633 5.53677e+09
0.25 -0.25 0.75 -0.675831 -0.571669 0.118807 7.69149e+09
0.75 0.25 0.75 -0.688074 -0.533693 0.178977 1.0578e+10
0.25 0.75 0.75 -0.684057 -0.581343 0.136945 1.39009e+10
0.75 1.25 0.75 -0.697349 -0.538974 0.19643 1.8253e+10
1.25 -1.25 0.75 -0.658588 -0.490554 0.161836 3.83472e+09
1.75 -0.75 0.75 -0.665282 -0.445136 0.212205 5.16851e+09
1.25 -0.25 0.75 -0.67931 -0.488977 0.203418 7.53797e+09
1.75 0.25 0.75 -0.683577 -0.440518 0.256813 9.76653e+09
1.25 0.75 0.75 -0.696281 -0.488612 0.236404 1.38214e+10
1.75 1.25 0.75 -0.698244 -0.438859 0.289757 1.69683e+10
2.25 -1.25 0.75 -0.650284 -0.40228 0.208132 3.47173e+09
2.25 -0.25 0.75 -0.666907 -0.393154 0.260411 6.64168e+09
2.25 0.75 0.75 -0.68056 -0.388132 0.307205 1.1919e+10
-2.5 -1.5 1 -0.626358 -0.333576 -0.173581 3.97366e+09
-2.5 -0.5 1 -0.617988 -0.391588 -0.170091 6.97375e+09
-2.5 0.5 1 -0.599001 -0.445022 -0.170326 1.16355e+10
-2.5 1.5 1 -0.574867 -0.482463 -0.16688 1.87168e+10
-1.5 -1.5 1 -0.704132 -0.247395 -0.0805316 5.66612e+09
-2 -1 1 -0.670127 -0.319649 -0.121199 6.49165e+09
-1.5 -0.5 1 -0.714131 -0.30569 -0.0671764 1.05895e+10
-2 0 1 -0.667702 -0.378798 -0.116007 1.14875e+10
-1.5 0.5 1 -0.716148 -0.363956 -0.0595009 1.88369e+10
-2 1 1 -0.656272 -0.431211 -0.114188 1.93654e+10
-1.5 1.5 1 -0.709835 -0.411873 -0.0544713 3.18539e+10
-0.5 -1.5 1 -0.76105 -0.16306 0.00108467 7.46638e+09
-1 -1 1 -0.743516 -0.232407 -0.0278137 9.14888e+09
-0.5 -0.5 1 -0.780047 -0.215917 0.0260868 1.46243e+10
-1 0 1 -0.755885 -0.290008 -0.0114483 1.71402e+10
-0.5 0.5 1 -0.79253 -0.270478 0.0459878 2.72164e+10
-1 1 1 -0.760011 -0.344528 -0.000661295 3.0384e+10
-0.5 1.5 1 -0.796171 -0.318619 0.060002 4.73453e+10
0.5 -1.5 1 -0.799754 -0.0824327 0.0682698 9.05639e+09
0 -1 1 -0.793392 -0.145849 0.0524036 1.17849e+10
0.5 -0.5 1 -0.820198 -0.125344 0.104726 1.81954e+10
0 0 1 -0.811174 -0.195982 0.0813068 2.2894e+10
0.5 0.5 1 -0.834536 -0.17107 0.137784 3.4546e+10
0 1 1 -0.821421 -0.245508 0.104789 4.1676e+10
0.5 1.5 1 -0.840583 -0.213868 0.164138 6.02429e+10
1.5 -1.5 1 -0.822381 -0.00546018 0.120258 1.0074e+10
1 -1 1 -0.823092 -0.0613754 0.11719 1.379e+10
1.5 -0.5 1 -0.83886 -0.035447 0.167144 2.02431e+10
1 0 1 -0.839285 -0.0999909 0.158236 2.70789e+10
1.5 0.5 1 -0.848802 -0.0687524 0.212935 3.81473e+10
1 1 1 -0.848233 -0.140069 0.195133 4.92536e+10
1.5 1.5 1 -0.850732 -0.102599 0.252795 6.50389e+10
2.5 -1.5 1 -0.830715 0.0691041 0.157411 1.02352e+10
2 -1 1 -0.835539 0.0210013 0.166261 1.45908e+10
2.5 -0.5 1 -0.839702 0.053286 0.213514 2.00812e+10
2 0 1 -0.845281 -0.00368129 0.218403 2.81842e+10
2.5 0.5 1 -0.841062 0.0335687 0.270927 3.66483e+10
2 1 1 -0.847363 -0.0317359 0.268516 4.99853e+10
2.5 1.5 1 -0.835001 0.00829418 0.323552 6.03352e+10
-2.25 -1.25 1.25 -0.559191 -0.740456 -0.137023 1.80384e+09
-2.25 -0.25 1.25 -0.501954 -0.782694 -0.157526 3.03612e+09
-2.25 0.75 1.25 -0.406909 -0.82563 -0.195538 4.54066e+09
-1.25 -1.25 1.25 -0.615098 -0.691479 -0.0122889 2.26722e+09
-1.75 -0.75 1.25 -0.573799 -0.735658 -0.0791741 2.73448e+09
-1.25 -0.25 1.25 -0.588519 -0.725968 -0.0192162 4.05927e+09
-1.75 0.25 1.25 -0.519275 -0.777662 -0.10249 4.50874e+09
-1.25 0.75 1.25 -0.537336 -0.766726 -0.0461727 6.48436e+09
-1.75 1.25 1.25 -0.427646 -0.817545 -0.147514 6.49053e+09
-0.25 -1.25 1.25 -0.644529 -0.631918 0.101624 2.57207e+09
-0.75 -0.75 1.25 -0.626697 -0.677025 0.0492815 3.34835e+09
-0.25 -0.25 1.25 -0.637843 -0.655953 0.111649 4.80347e+09
-0.75 0.25 1.25 -0.603226 -0.710078 0.041836 5.84605e+09
-0.25 0.75 1.25 -0.617481 -0.686766 0.101998 8.0763e+09
-0.75 1.25 1.25 -0.556194 -0.747734 0.00944239 8.92963e+09
0.75 -1.25 1.25 -0.656468 -0.558979 0.196012 2.64436e+09
0.25 -0.75 1.25 -0.652554 -0.605983 0.162684 3.66121e+09
0.75 -0.25 1.25 -0.658946 -0.572364 0.222777 5.01507e+09
0.25 0.25 1.25 -0.647809 -0.627438 0.173151 6.62211e+09
0.75 0.75 1.25 -0.655881 -0.591137 0.231399 8.67585e+09
0.25 1.25 1.25 -0.63139 -0.654694 0.158428 1.05917e+10
1.75 -1.25 1.25 -0.658287 -0.471312 0.265792 2.48719e+09
1.25 -0.75 1.25 -0.660395 -0.52055 0.25267 3.59213e+09
1.75 -0.25 1.25 -0.660738 -0.474395 0.306852 4.65325e+09
1.25 0.25 1.25 -0.66239 -0.531159 0.280119 6.53883e+09
1.75 0.75 1.25 -0.66122 -0.483611 0.332774 8.03506e+09
1.25 1.25 1.25 -0.661365 -0.547309 0.283621 1.06963e+10
2.25 -0.75 1.25 -0.656802 -0.420756 0.315475 3.20173e+09
2.25 0.25 1.25 -0.655215 -0.422116 0.357376 5.69464e+09
2.25 1.25 1.25 -0.653807 -0.43267 0.37906 9.25583e+09
-2.5 -1 1.5 -0.58323 -0.50099 -0.170279 3.08609e+09
-2.5 0 1.5 -0.540649 -0.560546 -0.187161 5.02094e+09
-2.5 1 1.5 -0.48353 -0.600292 -0.209727 7.7573e+09
-2 -1.5 1.5 -0.645153 -0.422241 -0.116554 2.85816e+09
-1.5 -1 1.5 -0.682931 -0.406257 -0.0671452 4.57035e+09
-2 -0.5 1.5 -0.624841 -0.486315 -0.122308 4.95997e+09
-1.5 0 1.5 -0.667895 -0.469799 -0.0718898 7.93127e+09
-2 0.5 1.5 -0.590374 -0.544504 -0.139008 8.10037e+09
-1.5 1 1.5 -0.641657 -0.523885 -0.0870897 1.29798e+10
-2 1.5 1.5 -0.548332 -0.579028 -0.157763 1.27322e+10
-1 -1.5 1.5 -0.722137 -0.327692 -0.023795 3.94795e+09
-0.5 -1 1.5 -0.755565 -0.309146 0.0269229 6.21166e+09
-1 -0.5 1.5 -0.720717 -0.388773 -0.0159002 7.25101e+09
-0.5 0 1.5 -0.756401 -0.36808 0.0370453 1.13188e+10
-1 0.5 1.5 -0.710217 -0.449513 -0.0191529 1.25193e+10
-0.5 1 1.5 -0.749351 -0.423261 0.035377 1.92739e+10
-1 1.5 1.5 -0.691865 -0.49573 -0.0314404 2.04572e+10
0 -1.5 1.5 -0.778245 -0.23512 0.0572998 5.02758e+09
0.5 -1 1.5 -0.804488 -0.21276 0.107592 7.68841e+09
0 -0.5 1.5 -0.786028 -0.287656 0.0790072 9.59831e+09
0.5 0 1.5 -0.811365 -0.261602 0.132158 1.43846e+10
0 0.5 1.5 -0.787687 -0.342401 0.0911871 1.71646e+10
0.5 1 1.5 -0.812665 -0.310203 0.145532 2.48875e+10
0 1.5 1.5 -0.783339 -0.389172 0.0907299 2.85482e+10
1 -1.5 1.5 -0.815611 -0.145653 0.124625 5.87471e+09
1.5 -1 1.5 -0.832622 -0.117969 0.173277 8.6114e+09
1 -0.5 1.5 -0.825185 -0.185927 0.158881 1.13961e+10
1.5 0 1.5 -0.838478 -0.153365 0.210843 1.61243e+10
1 0.5 1.5 -0.829688 -0.229635 0.185702 2.05744e+10
1.5 1 1.5 -0.839407 -0.190427 0.238926 2.75853e+10
1 1.5 1.5 -0.82971 -0.269355 0.199346 3.38779e+10
2 -1.5 1.5 -0.83595 -0.0586113 0.17749 6.27161e+09
2.5 -1 1.5 -0.842514 -0.0243954 0.223709 8.69482e+09
2 -0.5 1.5 -0.842101 -0.0845699 0.222724 1.20601e+10
2.5 0 1.5 -0.842502 -0.045029 0.272785 1.58974e+10
2 0.5 1.5 -0.842784 -0.114296 0.263023 2.14192e+10
2.5 1 1.5 -0.837154 -0.069672 0.314571 2.63867e+10
2 1.5 1.5 -0.839487 -0.14444 0.29093 3.42462e+10
