449
-2.5 -1 -1.5 0.330269 0.416079 0.318778 5.16054e+09
-2.5 0 -1.5 0.299119 0.550548 0.279586 6.79515e+09
-2.5 1 -1.5 0.282418 0.638253 0.224965 7.68493e+09
-2 -1.5 -1.5 0.221993 0.271769 0.365841 4.37485e+09
-1.5 -1 -1.5 0.0998793 0.338106 0.389897 5.52099e+09
-2 -0.5 -1.5 0.217899 0.447658 0.334692 6.37479e+09
-1.5 0 -1.5 0.101804 0.487764 0.361915 7.85538e+09
-2 0.5 -1.5 0.202964 0.571809 0.295318 8.15894e+09
-1.5 1 -1.5 0.103974 0.600234 0.326662 9.83012e+09
-2 1.5 -1.5 0.204842 0.653749 0.242491 8.96687e+09
-1 -1.5 -1.5 -0.0155234 0.271024 0.426725 4.54989e+09
-0.5 -1 -1.5 -0.0868753 0.375139 0.435616 5.65106e+09
-1 -0.5 -1.5 -0.00406396 0.416273 0.414104 6.95109e+09
-0.5 0 -1.5 -0.0740126 0.503536 0.430424 8.64854e+09
-1 0.5 -1.5 0.00422312 0.545002 0.393365 9.76276e+09
-0.5 1 -1.5 -0.0513685 0.614864 0.414535 1.2066e+10
-1 1.5 -1.5 0.0277723 0.644236 0.364243 1.20627e+10
0 -1.5 -1.5 -0.147102 0.356111 0.4286 4.2759e+09
0.5 -1 -1.5 -0.166083 0.460138 0.417403 5.01001e+09
0 -0.5 -1.5 -0.12726 0.476498 0.434857 6.8298e+09
0.5 0 -1.5 -0.136276 0.568519 0.422538 7.89298e+09
0 0.5 -1.5 -0.103115 0.589593 0.431594 1.03772e+10
0.5 1 -1.5 -0.0972236 0.665457 0.416432 1.17182e+10
0 1.5 -1.5 -0.061889 0.683734 0.414858 1.42494e+10
1 -1.5 -1.5 -0.196029 0.453632 0.388692 3.54657e+09
1.5 -1 -1.5 -0.179631 0.542455 0.36691 3.88221e+09
1 -0.5 -1.5 -0.160593 0.552522 0.398495 5.62054e+09
1.5 0 -1.5 -0.134257 0.630338 0.37322 5.98422e+09
1 0.5 -1.5 -0.118941 0.646852 0.399869 8.61243e+09
1.5 1 -1.5 -0.0816217 0.709777 0.369972 8.83238e+09
1 1.5 -1.5 -0.065945 0.727443 0.38902 1.23495e+10
2 -1.5 -1.5 -0.194884 0.537309 0.331393 2.63547e+09
2.5 -1 -1.5 -0.156369 0.607737 0.306796 2.70483e+09
2 -0.5 -1.5 -0.146246 0.617271 0.341389 4.05153e+09
2.5 0 -1.5 -0.0998079 0.676881 0.313687 4.01456e+09
2 0.5 -1.5 -0.0918604 0.69238 0.34378 6.02166e+09
2.5 1 -1.5 -0.0385625 0.738423 0.311935 5.70979e+09
2 1.5 -1.5 -0.0305977 0.756696 0.335575 8.48902e+09
-2.25 -0.75 -1.25 -0.47235 0.157222 0.413456 2.03005e+09
-2.25 0.25 -1.25 -0.43319 0.301861 0.377039 2.41614e+09
-2.25 1.25 -1.25 -0.399919 0.465219 0.345751 2.71288e+09
-1.75 -1.25 -1.25 -0.587586 0.124631 0.48692 2.36018e+09
-1.25 -0.75 -1.25 -0.628654 0.200903 0.499362 3.23406e+09
-1.75 -0.25 -1.25 -0.55083 0.183806 0.429521 2.71748e+09
-1.25 0.25 -1.25 -0.603298 0.253777 0.46082 3.68578e+09
-1.75 0.75 -1.25 -0.510534 0.302285 0.39193 2.98743e+09
-1.25 1.25 -1.25 -0.563705 0.354963 0.432201 3.84958e+09
-0.75 -1.25 -1.25 -0.651725 0.271651 0.524858 3.31612e+09
-0.25 -0.75 -1.25 -0.648885 0.358729 0.511157 4.11412e+09
-0.75 -0.25 -1.25 -0.641442 0.296308 0.508619 4.29751e+09
-0.25 0.25 -1.25 -0.625899 0.401091 0.505849 5.35219e+09
-0.75 0.75 -1.25 -0.612521 0.359408 0.487668 4.90926e+09
-0.25 1.25 -1.25 -0.581435 0.471972 0.493517 6.09802e+09
0.25 -1.25 -1.25 -0.649593 0.418882 0.483984 3.35879e+09
0.75 -0.75 -1.25 -0.627321 0.496031 0.455095 3.73914e+09
0.25 -0.25 -1.25 -0.628178 0.448649 0.489997 4.77256e+09
0.75 0.25 -1.25 -0.592498 0.534769 0.461688 5.13071e+09
0.25 0.75 -1.25 -0.589253 0.50141 0.488277 6.09699e+09
0.75 1.25 -1.25 -0.539005 0.589459 0.460267 6.34363e+09
1.25 -1.25 -1.25 -0.623393 0.540948 0.411022 2.72757e+09
1.75 -0.75 -1.25 -0.588022 0.605144 0.378533 2.78099e+09
1.25 -0.25 -1.25 -0.592009 0.570311 0.42315 3.89172e+09
1.75 0.25 -1.25 -0.546598 0.636889 0.390266 3.78196e+09
1.25 0.75 -1.25 -0.545366 0.611568 0.429216 5.11023e+09
1.75 1.25 -1.25 -0.490791 0.675298 0.394739 4.70762e+09
2.25 -1.25 -1.25 -0.581934 0.636717 0.331121 1.91736e+09
2.25 -0.25 -1.25 -0.543807 0.662692 0.347033 2.6614e+09
2.25 0.75 -1.25 -0.494855 0.692239 0.357747 3.42367e+09
-2.5 -1.5 -1 0.315936 0.432748 0.454843 1.17237e+10
-2.5 -0.5 -1 0.295629 0.566326 0.422544 1.72602e+10
-2.5 0.5 -1 0.293569 0.636509 0.373097 2.11915e+10
-2.5 1.5 -1 0.317774 0.675165 0.30873 2.22752e+10
-1.5 -1.5 -1 0.157069 0.393862 0.472272 1.17302e+10
-2 -1 -1 0.229982 0.485177 0.455941 1.5104e+10
-1.5 -0.5 -1 0.151541 0.53393 0.454065 1.89997e+10
-2 0 -1 0.221989 0.599383 0.421013 2.19058e+10
-1.5 0.5 -1 0.150766 0.634667 0.420741 2.71277e+10
-2 1 -1 0.231032 0.668345 0.371109 2.65946e+10
-1.5 1.5 -1 0.176824 0.700106 0.371568 3.27422e+10
-0.5 -1.5 -1 0.0376427 0.40898 0.450557 1.02855e+10
-1 -1 -1 0.090976 0.467002 0.463715 1.4525e+10
-0.5 -0.5 -1 0.044254 0.538664 0.448561 1.7414e+10
-1 0 -1 0.0879086 0.58813 0.448235 2.33562e+10
-0.5 0.5 -1 0.0516116 0.645067 0.432767 2.75656e+10
-1 1 -1 0.0996909 0.677632 0.416234 3.29677e+10
-0.5 1.5 -1 0.0799419 0.722865 0.398701 3.80932e+10
0.5 -1.5 -1 -0.0303894 0.456269 0.401686 8.15609e+09
0 -1 -1 0.00632547 0.491999 0.42992 1.20443e+10
0.5 -0.5 -1 -0.00412255 0.56673 0.402805 1.34753e+10
0 0 -1 0.0219841 0.605918 0.424767 1.99033e+10
0.5 0.5 -1 0.0232519 0.665189 0.392742 2.14532e+10
0 1 -1 0.0441839 0.697906 0.405016 3.04995e+10
0.5 1.5 -1 0.0599983 0.742817 0.368115 3.15197e+10
1.5 -1.5 -1 -0.0540546 0.508603 0.339889 5.90583e+09
1 -1 -1 -0.0298203 0.533736 0.37356 8.95164e+09
1.5 -0.5 -1 -0.0123684 0.59971 0.341915 9.36026e+09
1 0 -1 0.00541009 0.630866 0.370203 1.42954e+10
1.5 0.5 -1 0.0320012 0.682791 0.334225 1.4344e+10
1 1 -1 0.0443961 0.714141 0.355155 2.17689e+10
1.5 1.5 -1 0.0809775 0.750794 0.314214 2.07411e+10
2.5 -1.5 -1 -0.0468094 0.553434 0.275323 3.95343e+09
2 -1 -1 -0.0299906 0.573859 0.309937 6.09305e+09
2.5 -0.5 -1 0.00634126 0.626332 0.279226 5.99144e+09
2 0 -1 0.0195061 0.652752 0.308418 9.2954e+09
2.5 0.5 -1 0.0622551 0.691876 0.27422 8.73818e+09
2 1 -1 0.0716806 0.721206 0.296467 1.35704e+10
2.5 1.5 -1 0.119961 0.745864 0.257816 1.20876e+10
-2.25 -1.25 -0.75 -0.469821 0.286013 0.570873 5.31499e+09
-2.25 -0.25 -0.75 -0.42682 0.360063 0.533124 6.32557e+09
-2.25 0.75 -0.75 -0.390528 0.464999 0.503678 7.44129e+09
-1.25 -1.25 -0.75 -0.55598 0.373914 0.553515 7.27525e+09
-1.75 -0.75 -0.75 -0.512832 0.336943 0.554136 7.20361e+09
-1.25 -0.25 -0.75 -0.538584 0.401056 0.537716 9.58159e+09
-1.75 0.25 -0.75 -0.477698 0.389521 0.519777 8.35898e+09
-1.25 0.75 -0.75 -0.50455 0.458294 0.509493 1.10215e+10
-1.75 1.25 -0.75 -0.434431 0.482583 0.485667 9.00611e+09
-0.25 -1.25 -0.75 -0.579058 0.4803 0.486569 7.13722e+09
-0.75 -0.75 -0.75 -0.564304 0.439933 0.524413 9.01592e+09
-0.25 -0.25 -0.75 -0.556505 0.510412 0.488884 1.04252e+10
-0.75 0.25 -0.75 -0.539364 0.479757 0.51369 1.1957e+10
-0.25 0.75 -0.75 -0.518254 0.560704 0.477152 1.35509e+10
-0.75 1.25 -0.75 -0.49487 0.545132 0.487335 1.36797e+10
0.75 -1.25 -0.75 -0.573776 0.575092 0.398795 5.686e+09
0.25 -0.75 -0.75 -0.567941 0.542714 0.447545 7.9595e+09
0.75 -0.25 -0.75 -0.543307 0.605089 0.405171 8.29795e+09
0.25 0.25 -0.75 -0.533634 0.581145 0.44673 1.11635e+10
0.75 0.75 -0.75 -0.49817 0.646428 0.401688 1.11061e+10
0.25 1.25 -0.75 -0.482695 0.63401 0.432931 1.40237e+10
1.75 -1.25 -0.75 -0.548599 0.652569 0.308448 3.96602e+09
1.25 -0.75 -0.75 -0.54765 0.629828 0.358036 5.83119e+09
1.75 -0.25 -0.75 -0.511647 0.680055 0.318179 5.61734e+09
1.25 0.25 -0.75 -0.507448 0.662606 0.36221 8.09064e+09
1.75 0.75 -0.75 -0.464108 0.710504 0.320419 7.3455e+09
1.25 1.25 -0.75 -0.453787 0.700974 0.356142 1.02257e+10
2.25 -0.75 -0.75 -0.512664 0.696523 0.272007 3.79109e+09
2.25 0.25 -0.75 -0.469403 0.7217 0.280586 5.06226e+09
2.25 1.25 -0.75 -0.416958 0.746388 0.28016 6.20063e+09
-2.5 -1 -0.5 0.288878 0.581641 0.508234 4.08575e+10
-2.5 0 -0.5 0.286318 0.657808 0.467157 5.6945e+10
-2.5 1 -0.5 0.318107 0.682463 0.409495 6.33943e+10
-2 -1.5 -0.5 0.258395 0.503107 0.515512 3.18323e+10
-1.5 -1 -0.5 0.208618 0.556852 0.49455 3.96635e+10
-2 -0.5 -0.5 0.234739 0.624861 0.492421 5.31731e+10
-1.5 0 -0.5 0.190145 0.662943 0.471336 6.61497e+10
-2 0.5 -0.5 0.236595 0.694158 0.450638 7.42715e+10
-1.5 1 -0.5 0.200979 0.727755 0.428156 9.21186e+10
-2 1.5 -0.5 0.278443 0.72653 0.390063 8.42218e+10
-1 -1.5 -0.5 0.18354 0.473278 0.476525 2.64421e+10
-0.5 -1 -0.5 0.153022 0.537443 0.447907 3.11247e+10
-1 -0.5 -0.5 0.171535 0.606403 0.467918 4.75767e+10
-0.5 0 -0.5 0.152119 0.652216 0.434168 5.40456e+10
-1 0.5 -0.5 0.163929 0.700694 0.442499 7.79462e+10
-0.5 1 -0.5 0.160166 0.734933 0.402897 8.50147e+10
-1 1.5 -0.5 0.188882 0.759072 0.394772 1.06451e+11
0 -1.5 -0.5 0.124472 0.473797 0.420065 2.01585e+10
0.5 -1 -0.5 0.118048 0.53762 0.386303 2.22487e+10
0 -0.5 -0.5 0.138833 0.593923 0.413525 3.48528e+10
0.5 0 -0.5 0.141342 0.642208 0.374007 3.68945e+10
0 0.5 -0.5 0.150998 0.692755 0.393271 5.7656e+10
0.5 1 -0.5 0.165939 0.726478 0.347844 5.79308e+10
0 1.5 -0.5 0.173846 0.763801 0.356078 8.63583e+10
1 -1.5 -0.5 0.0929109 0.489664 0.354479 1.4251e+10
1.5 -1 -0.5 0.107084 0.5465 0.319488 1.4799e+10
1 -0.5 -0.5 0.126251 0.591621 0.3489 2.33417e+10
1.5 0 -0.5 0.147857 0.635153 0.309612 2.32504e+10
1 0.5 -0.5 0.158878 0.681435 0.331459 3.6938e+10
1.5 1 -0.5 0.188995 0.710048 0.287508 3.48806e+10
1 1.5 -0.5 0.194421 0.751274 0.299931 5.47292e+10
2 -1.5 -0.5 0.0865337 0.50868 0.286544 9.41443e+09
2.5 -1 -0.5 0.116293 0.55524 0.253743 9.25072e+09
2 -0.5 -0.5 0.133064 0.592403 0.283503 1.46434e+10
2.5 0 -0.5 0.168774 0.626204 0.247572 1.37609e+10
2 0.5 -0.5 0.180628 0.666961 0.269747 2.1919e+10
2.5 1 -0.5 0.221438 0.686578 0.229829 1.95205e+10
2 1.5 -0.5 0.228494 0.727081 0.24293 3.09968e+10
-2.25 -0.75 -0.25 -0.376761 0.46123 0.611736 1.62215e+10
-2.25 0.25 -0.25 -0.332683 0.518286 0.58481 1.92805e+10
-2.25 1.25 -0.25 -0.28743 0.595154 0.551522 2.16832e+10
-1.75 -1.25 -0.25 -0.435579 0.475596 0.589352 1.63155e+10
-1.25 -0.75 -0.25 -0.447468 0.531576 0.548447 2.0284e+10
-1.75 -0.25 -0.25 -0.404314 0.513001 0.576792 2.17269e+10
-1.25 0.25 -0.25 -0.41516 0.571737 0.535843 2.73518e+10
-1.75 0.75 -0.25 -0.361549 0.561585 0.547139 2.48408e+10
-1.25 1.25 -0.25 -0.362873 0.632549 0.499762 3.12329e+10
-0.75 -1.25 -0.25 -0.477912 0.55107 0.501108 1.55483e+10
-0.25 -0.75 -0.25 -0.474663 0.601323 0.453854 1.73977e+10
-0.75 -0.25 -0.25 -0.447526 0.586488 0.501269 2.33681e+10
-0.25 0.25 -0.25 -0.433864 0.642691 0.446353 2.48915e+10
-0.75 0.75 -0.25 -0.403062 0.636614 0.481462 3.0819e+10
-0.25 1.25 -0.25 -0.37797 0.696293 0.420402 3.17497e+10
0.25 -1.25 -0.25 -0.493953 0.618412 0.40081 1.21882e+10
0.75 -0.75 -0.25 -0.475422 0.663897 0.352437 1.2584e+10
0.25 -0.25 -0.25 -0.458334 0.652168 0.401927 1.81731e+10
0.75 0.25 -0.25 -0.430076 0.700642 0.348572 1.78103e+10
0.25 0.75 -0.25 -0.407413 0.696669 0.38841 2.47696e+10
0.75 1.25 -0.25 -0.371604 0.741714 0.33056 2.28705e+10
1.25 -1.25 -0.25 -0.487232 0.675326 0.300706 8.45763e+09
1.75 -0.75 -0.25 -0.457505 0.71329 0.256804 8.17601e+09
1.25 -0.25 -0.25 -0.446183 0.706799 0.303907 1.22279e+10
1.75 0.25 -0.25 -0.409868 0.742277 0.257366 1.11177e+10
1.25 0.75 -0.25 -0.393676 0.740907 0.296385 1.62704e+10
1.75 1.25 -0.25 -0.352473 0.769913 0.24591 1.37846e+10
2.25 -1.25 -0.25 -0.465388 0.719084 0.208602 5.37884e+09
2.25 -0.25 -0.25 -0.421638 0.744524 0.215516 7.41977e+09
2.25 0.75 -0.25 -0.369846 0.767572 0.213231 9.42158e+09
-2.5 -1.5 0 0.311989 0.582075 0.548016 8.59662e+10
-2.5 -0.5 0 0.283964 0.674769 0.518074 1.38294e+11
-2.5 0.5 0 0.302631 0.713392 0.470559 1.77436e+11
-2.5 1.5 0 0.382949 0.696191 0.400613 1.75144e+11
-1.5 -1.5 0 0.284949 0.531466 0.503485 6.92115e+10
-2 -1 0 0.274549 0.627184 0.522434 1.08967e+11
-1.5 -0.5 0 0.249783 0.664921 0.49005 1.32119e+11
-2 0 0 0.246217 0.71521 0.493017 1.82581e+11
-1.5 0.5 0 0.231759 0.745356 0.45786 2.21222e+11
-2 1 0 0.271632 0.753928 0.442062 2.39763e+11
-1.5 1.5 0 0.265882 0.783074 0.400605 2.88672e+11
-0.5 -1.5 0 0.250263 0.498846 0.443426 5.1467e+10
-1 -1 0 0.259656 0.584328 0.470356 8.26176e+10
-0.5 -0.5 0 0.249048 0.627691 0.431497 9.34471e+10
-1 0 0 0.240732 0.696862 0.450448 1.50676e+11
-0.5 0.5 0 0.245934 0.724092 0.403873 1.60339e+11
-1 1 0 0.239124 0.768676 0.410958 2.40946e+11
-0.5 1.5 0 0.259767 0.786623 0.356996 2.42905e+11
0.5 -1.5 0 0.226049 0.4826 0.375607 3.58996e+10
0 -1 0 0.243456 0.552412 0.405981 5.75766e+10
0.5 -0.5 0 0.249282 0.595941 0.364554 6.09853e+10
0 0 0 0.252648 0.663198 0.387339 9.94107e+10
0.5 0.5 0 0.268671 0.69132 0.339784 9.99025e+10
0 1 0 0.263474 0.746016 0.352664 1.6069e+11
0.5 1.5 0 0.291412 0.760816 0.299097 1.51519e+11
1.5 -1.5 0 0.217512 0.475211 0.30523 2.35656e+10
1 -1 0 0.236112 0.53172 0.336982 3.77273e+10
1.5 -0.5 0 0.25652 0.571021 0.296837 3.77412e+10
1 0 0 0.266616 0.630432 0.32077 6.1253e+10
1.5 0.5 0 0.294074 0.654976 0.276225 5.81911e+10
1 1 0 0.295356 0.710829 0.290738 9.46663e+10
1.5 1.5 0 0.330648 0.720673 0.241081 8.43059e+10
2.5 -1.5 0 0.223807 0.470809 0.236303 1.46548e+10
2 -1 0 0.241291 0.517361 0.268507 2.34435e+10
2.5 -0.5 0 0.273362 0.548733 0.232113 2.22076e+10
2 0 0 0.28613 0.599664 0.256528 3.58349e+10
2.5 0.5 0 0.322851 0.617242 0.216577 3.2214e+10
2 1 0 0.329519 0.668963 0.231612 5.21448e+10
2.5 1.5 0 0.369633 0.673093 0.1871 4.41694e+10
-2.25 -1.25 0.25 -0.253384 0.560526 0.6124 4.76205e+10
-2.25 -0.25 0.25 -0.201173 0.615532 0.599333 6.47292e+10
-2.25 0.75 0.25 -0.1415 0.655894 0.567095 7.23527e+10
-1.25 -1.25 0.25 -0.311533 0.615566 0.515936 4.54724e+10
-1.75 -0.75 0.25 -0.261403 0.619153 0.566348 6.10215e+10
-1.25 -0.25 0.25 -0.261578 0.66832 0.513825 7.14636e+10
-1.75 0.25 0.25 -0.21256 0.66924 0.551552 8.46907e+10
-1.25 0.75 0.25 -0.201183 0.720254 0.488606 9.61275e+10
-1.75 1.25 0.25 -0.146715 0.715479 0.510506 9.51966e+10
-0.25 -1.25 0.25 -0.346314 0.660264 0.407388 3.54686e+10
-0.75 -0.75 0.25 -0.308944 0.662517 0.464037 5.1796e+10
-0.25 -0.25 0.25 -0.294536 0.705167 0.406518 5.46848e+10
-0.75 0.25 0.25 -0.250134 0.71265 0.452452 7.6471e+10
-0.25 0.75 0.25 -0.224546 0.75775 0.386014 7.70853e+10
-0.75 1.25 0.25 -0.176376 0.769313 0.417178 1.00403e+11
0.75 -1.25 0.25 -0.356064 0.696282 0.298275 2.45902e+10
0.25 -0.75 0.25 -0.329296 0.700115 0.35392 3.71507e+10
0.75 -0.25 0.25 -0.299919 0.738023 0.298704 3.67176e+10
0.25 0.25 0.25 -0.266367 0.746899 0.345616 5.44003e+10
0.75 0.75 0.25 -0.228843 0.781109 0.285521 5.06242e+10
0.25 1.25 0.25 -0.189116 0.794629 0.319476 7.24111e+10
1.75 -1.25 0.25 -0.346258 0.723962 0.196494 1.57576e+10
1.25 -0.75 0.25 -0.32615 0.730606 0.248372 2.4214e+10
1.75 -0.25 0.25 -0.288087 0.758616 0.200753 2.24252e+10
1.25 0.25 0.25 -0.26172 0.769086 0.245086 3.40455e+10
1.75 0.75 0.25 -0.217825 0.789828 0.194224 2.93744e+10
1.25 1.25 0.25 -0.184679 0.804101 0.227437 4.3615e+10
2.25 -0.75 0.25 -0.308794 0.749265 0.154233 1.45931e+10
2.25 0.25 0.25 -0.245088 0.777207 0.156415 1.9407e+10
2.25 1.25 0.25 -0.171037 0.799506 0.146017 2.3649e+10
-2.5 -1 0.5 0.0169097 0.622948 0.582882 1.94269e+11
-2.5 0 0.5 0.0646072 0.6939 0.543629 2.94927e+11
-2.5 1 0.5 0.128612 0.705238 0.490092 3.29777e+11
-2 -1.5 0.5 -0.0627974 0.568493 0.573597 1.39404e+11
-1.5 -1 0.5 -0.0802781 0.617732 0.536466 1.72434e+11
-2 -0.5 0.5 -0.0106212 0.663129 0.551694 2.45983e+11
-1.5 0 0.5 -0.0223932 0.694939 0.51168 2.88829e+11
-2 0.5 0.5 0.0459789 0.731956 0.511019 3.84265e+11
-1.5 1 0.5 0.0414416 0.75522 0.465384 4.22337e+11
-2 1.5 0.5 0.115035 0.755546 0.45091 4.39949e+11
-1 -1.5 0.5 -0.142176 0.58177 0.504725 1.16911e+11
-0.5 -1 0.5 -0.1411 0.626158 0.461467 1.33236e+11
-1 -0.5 0.5 -0.085114 0.658083 0.493478 1.99609e+11
-0.5 0 0.5 -0.0784552 0.693063 0.444063 2.1392e+11
-1 0.5 0.5 -0.0217521 0.725162 0.462712 3.12137e+11
-0.5 1 0.5 -0.00773331 0.755523 0.406416 3.16144e+11
-1 1.5 0.5 0.0494633 0.781438 0.409767 4.32198e+11
0 -1.5 0.5 -0.187966 0.602032 0.421012 8.77133e+10
0.5 -1 0.5 -0.173082 0.640229 0.375863 9.25851e+10
0 -0.5 0.5 -0.129702 0.663783 0.41377 1.41716e+11
0.5 0 0.5 -0.107429 0.697958 0.362753 1.41923e+11
0 0.5 0.5 -0.059881 0.726018 0.389668 2.15293e+11
0.5 1 0.5 -0.0309724 0.751978 0.333831 2.02781e+11
0 1.5 0.5 0.0177476 0.779551 0.347065 2.98945e+11
1 -1.5 0.5 -0.208033 0.621925 0.333153 5.99994e+10
1.5 -1 0.5 -0.181687 0.654624 0.289896 5.9534e+10
1 -0.5 0.5 -0.148233 0.674103 0.328729 9.22656e+10
1.5 0 0.5 -0.114776 0.700624 0.282077 8.65353e+10
1 0.5 0.5 -0.0757294 0.724767 0.311385 1.33378e+11
1.5 1 0.5 -0.0369326 0.741175 0.261148 1.16769e+11
1 1.5 0.5 0.00604616 0.767641 0.278189 1.77064e+11
2 -1.5 0.5 -0.208431 0.638746 0.247874 3.82174e+10
2.5 -1 0.5 -0.174088 0.662984 0.210006 3.57461e+10
2 -0.5 0.5 -0.147437 0.68016 0.247809 5.57468e+10
2.5 0 0.5 -0.107596 0.696077 0.207979 4.90305e+10
2 0.5 0.5 -0.0750573 0.717028 0.237203 7.59397e+10
2.5 1 0.5 -0.0317267 0.722713 0.194339 6.24477e+10
2 1.5 0.5 0.00619514 0.746538 0.212545 9.54278e+10
-2.25 -0.75 0.75 -0.021857 0.65074 0.56666 6.7203e+10
-2.25 0.25 0.75 0.021042 0.709799 0.543458 9.78272e+10
-2.25 1.25 0.75 0.0758384 0.727192 0.498977 1.05502e+11
-1.75 -1.25 0.75 -0.069348 0.620915 0.529553 4.83515e+10
-1.25 -0.75 0.75 -0.0640871 0.670916 0.481828 5.73917e+10
-1.75 -0.25 0.75 -0.0175326 0.701831 0.519768 8.28383e+10
-1.25 0.25 0.75 -0.000529472 0.734314 0.464519 8.95735e+10
-1.75 0.75 0.75 0.0474739 0.755063 0.485039 1.15328e+11
-1.25 1.25 0.75 0.0728239 0.785162 0.420033 1.20221e+11
-0.75 -1.25 0.75 -0.111365 0.641292 0.432474 3.8193e+10
-0.25 -0.75 0.75 -0.0931924 0.67996 0.382684 4.12417e+10
-0.75 -0.25 0.75 -0.0483266 0.70751 0.429317 6.21806e+10
-0.25 0.25 0.75 -0.0204649 0.741098 0.371415 6.34455e+10
-0.75 0.75 0.75 0.0255366 0.766521 0.402764 9.17182e+10
-0.25 1.25 0.75 0.062848 0.795584 0.337985 8.94852e+10
0.25 -1.25 0.75 -0.133204 0.654864 0.330268 2.69301e+10
0.75 -0.75 0.75 -0.103032 0.688922 0.281347 2.73602e+10
0.25 -0.25 0.75 -0.0640672 0.714168 0.329393 4.20013e+10
0.75 0.25 0.75 -0.0236828 0.743173 0.275629 4.04948e+10
0.25 0.75 0.75 0.0186845 0.770292 0.311849 6.1364e+10
0.75 1.25 0.75 0.0665713 0.788313 0.25373 5.51259e+10
1.25 -1.25 0.75 -0.135874 0.666223 0.230153 1.76901e+10
1.75 -0.75 0.75 -0.0949642 0.69366 0.186812 1.6987e+10
1.25 -0.25 0.75 -0.0620702 0.717281 0.233075 2.63196e+10
1.75 0.25 0.75 -0.0129078 0.7357 0.187707 2.37376e+10
1.25 0.75 0.75 0.0252526 0.761608 0.224113 3.64529e+10
1.75 1.25 0.75 0.0799485 0.769102 0.174821 3.06267e+10
2.25 -1.25 0.75 -0.122116 0.672358 0.138515 1.09174e+10
2.25 -0.25 0.75 -0.0463027 0.711802 0.146935 1.5346e+10
2.25 0.75 0.75 0.0416009 0.743449 0.14516 2.00457e+10
-2.5 -1.5 1 -0.26434 0.598502 0.618343 1.47265e+11
-2.5 -0.5 1 -0.169725 0.663298 0.589483 2.31023e+11
-2.5 0.5 1 -0.0313244 0.721722 0.536537 3.61682e+11
-2.5 1.5 1 0.031689 0.730575 0.487255 3.93282e+11
-1.5 -1.5 1 -0.342121 0.637969 0.548107 1.40504e+11
-2 -1 1 -0.272855 0.645016 0.581025 1.87886e+11
-1.5 -0.5 1 -0.270465 0.693567 0.53746 2.29202e+11
-2 0 1 -0.188418 0.705824 0.554899 2.90567e+11
-1.5 0.5 1 -0.196092 0.742893 0.508324 3.2891e+11
-2 1 1 -0.0977867 0.751331 0.50845 3.88705e+11
-1.5 1.5 1 -0.11169 0.78964 0.456442 4.115e+11
-0.5 -1.5 1 -0.384413 0.682861 0.457125 1.15464e+11
-1 -1 1 -0.334251 0.685635 0.502466 1.66708e+11
-0.5 -0.5 1 -0.324883 0.724434 0.452373 1.81441e+11
-1 0 1 -0.266519 0.732211 0.487183 2.52874e+11
-0.5 0.5 1 -0.253297 0.771329 0.429118 2.59693e+11
-1 1 1 -0.188956 0.781924 0.450239 3.43396e+11
-0.5 1.5 1 -0.166935 0.820832 0.385609 3.36872e+11
0.5 -1.5 1 -0.408012 0.718983 0.35971 8.33787e+10
0 -1 1 -0.371524 0.720449 0.408629 1.24665e+11
0.5 -0.5 1 -0.351574 0.75635 0.356324 1.26205e+11
0 0 1 -0.307533 0.762525 0.396649 1.84646e+11
0.5 0.5 1 -0.280619 0.798145 0.338486 1.76461e+11
0 1 1 -0.228251 0.808972 0.366947 2.50456e+11
0.5 1.5 1 -0.199987 0.836384 0.304768 2.2127e+11
1.5 -1.5 1 -0.413337 0.749451 0.262959 5.51759e+10
1 -1 1 -0.386349 0.752271 0.311081 8.41336e+10
1.5 -0.5 1 -0.357812 0.782447 0.262305 7.99e+10
1 0 1 -0.32357 0.789353 0.302829 1.20086e+11
1.5 0.5 1 -0.292774 0.814175 0.250931 1.06119e+11
1 1 1 -0.250681 0.824566 0.281278 1.5571e+11
1.5 1.5 1 -0.22124 0.840613 0.2258 1.26596e+11
2.5 -1.5 1 -0.40535 0.77208 0.173159 3.39669e+10
2 -1 1 -0.384635 0.776877 0.218671 5.23665e+10
2.5 -0.5 1 -0.353708 0.797838 0.176942 4.65447e+10
2 0 1 -0.326754 0.805363 0.215641 7.07944e+10
2.5 0.5 1 -0.296896 0.819314 0.171639 5.83562e+10
2 1 1 -0.262928 0.82927 0.201312 8.68506e+10
2.5 1.5 1 -0.237137 0.833918 0.154281 6.61189e+10
-2.25 -1.25 1.25 0.119217 0.585039 0.534214 2.2048e+10
-2.25 -0.25 1.25 0.137248 0.669759 0.496826 3.69019e+10
-2.25 0.75 1.25 0.184754 0.712708 0.444117 4.98054e+10
-1.25 -1.25 1.25 0.0879472 0.558096 0.480969 1.70198e+10
-1.75 -0.75 1.25 0.122867 0.617807 0.499289 2.57257e+10
-1.25 -0.25 1.25 0.151083 0.64993 0.464834 2.89028e+10
-1.75 0.25 1.25 0.172917 0.694772 0.463585 4.14628e+10
-1.25 0.75 1.25 0.218154 0.716241 0.423134 4.30029e+10
-1.75 1.25 1.25 0.238262 0.738072 0.401589 5.44642e+10
-0.25 -1.25 1.25 0.0582469 0.557657 0.409074 1.26734e+10
-0.75 -0.75 1.25 0.108724 0.601011 0.444196 1.92555e+10
-0.25 -0.25 1.25 0.133093 0.636106 0.402388 2.03776e+10
-0.75 0.25 1.25 0.178882 0.678276 0.42319 3.05118e+10
-0.25 0.75 1.25 0.210858 0.705387 0.373841 3.0697e+10
-0.75 1.25 1.25 0.250758 0.738849 0.373678 4.35548e+10
0.75 -1.25 1.25 0.0376177 0.565854 0.325075 8.75679e+09
0.25 -0.75 1.25 0.0837832 0.597886 0.367871 1.33922e+10
0.75 -0.25 1.25 0.118884 0.633562 0.323473 1.34501e+10
0.25 0.25 1.25 0.165887 0.668341 0.355175 2.05113e+10
0.75 0.75 1.25 0.210977 0.692515 0.307285 1.94966e+10
0.25 1.25 1.25 0.255475 0.724832 0.322827 2.91498e+10
1.75 -1.25 1.25 0.0363447 0.577219 0.238708 5.68726e+09
1.25 -0.75 1.25 0.0748207 0.603217 0.283574 8.76275e+09
1.75 -0.25 1.25 0.122856 0.63198 0.24351 8.30603e+09
1.25 0.25 1.25 0.165572 0.660762 0.279463 1.27742e+10
1.75 0.75 1.25 0.219543 0.676714 0.236766 1.13676e+10
1.25 1.25 1.25 0.263075 0.705962 0.259476 1.73004e+10
2.25 -0.75 1.25 0.0850674 0.606595 0.202399 5.37963e+09
2.25 0.25 1.25 0.17806 0.649533 0.20574 7.40363e+09
2.25 1.25 1.25 0.277152 0.682043 0.194936 9.49367e+09
-2.5 -1 1.5 -0.148911 0.646607 0.570316 1.007e+11
-2.5 0 1.5 -0.0714215 0.702261 0.533007 1.74949e+11
-2.5 1 1.5 0.0621521 0.728016 0.472602 2.55218e+11
-2 -1.5 1.5 -0.238041 0.623401 0.571668 7.45341e+10
-1.5 -1 1.5 -0.23737 0.670942 0.535493 9.23094e+10
-2 -0.5 1.5 -0.162339 0.690168 0.541037 1.26262e+11
-1.5 0 1.5 -0.152861 0.72827 0.502697 1.4097e+11
-2 0.5 1.5 -0.0743602 0.738296 0.494345 1.84887e+11
-1.5 1 1.5 -0.0661868 0.775311 0.451004 1.91961e+11
-2 1.5 1.5 0.02481 0.769876 0.433504 2.39358e+11
-1 -1.5 1.5 -0.300734 0.658721 0.512057 6.62959e+10
-0.5 -1 1.5 -0.2854 0.7019 0.469334 7.50979e+10
-1 -0.5 1.5 -0.224117 0.712913 0.494469 1.05208e+11
-0.5 0 1.5 -0.208417 0.750438 0.446746 1.11731e+11
-1 0.5 1.5 -0.140739 0.763983 0.457408 1.507e+11
-0.5 1 1.5 -0.11972 0.80052 0.403099 1.5262e+11
-1 1.5 1.5 -0.0507655 0.811594 0.399177 1.96673e+11
0 -1.5 1.5 -0.335838 0.695353 0.432531 5.17435e+10
0.5 -1 1.5 -0.314983 0.732789 0.386068 5.42706e+10
0 -0.5 1.5 -0.266841 0.739973 0.421544 7.91986e+10
0.5 0 1.5 -0.239952 0.776787 0.368968 7.86449e+10
0 0.5 1.5 -0.183922 0.787747 0.392292 1.1189e+11
0.5 1 1.5 -0.151033 0.81863 0.335667 1.04008e+11
0 1.5 1.5 -0.0881903 0.83029 0.345001 1.42579e+11
1 -1.5 1.5 -0.353537 0.728004 0.344019 3.63273e+10
1.5 -1 1.5 -0.324076 0.761358 0.297825 3.5762e+10
1 -0.5 1.5 -0.28652 0.768122 0.336478 5.36055e+10
1.5 0 1.5 -0.251926 0.797694 0.286724 4.95484e+10
1 0.5 1.5 -0.205982 0.807483 0.315348 7.28305e+10
1.5 1 1.5 -0.170645 0.828266 0.262471 6.22859e+10
1 1.5 1.5 -0.116677 0.839105 0.278722 8.87523e+10
2 -1.5 1.5 -0.353802 0.755888 0.255229 2.35012e+10
2.5 -1 1.5 -0.319063 0.782022 0.213756 2.17186e+10
2 -0.5 1.5 -0.289258 0.789303 0.252229 3.3038e+10
2.5 0 1.5 -0.253301 0.808851 0.208596 2.8462e+10
2 0.5 1.5 -0.216066 0.81808 0.238416 4.25173e+10
2.5 1 1.5 -0.182156 0.828461 0.192025 3.39004e+10
2 1.5 1.5 -0.136963 0.838504 0.211038 4.92754e+10
