449
-2.5 -1 -1.5 0.385776 -0.390124 0.624042 1.01828e+10
-2.5 0 -1.5 0.417493 -0.416228 0.581617 7.38444e+09
-2.5 1 -1.5 0.451271 -0.449489 0.52468 5.56157e+09
-2 -1.5 -1.5 0.349696 -0.359429 0.658852 1.36383e+10
-1.5 -1 -1.5 0.359429 -0.349696 0.658852 1.36383e+10
-2 -0.5 -1.5 0.390124 -0.385776 0.624042 1.01828e+10
-1.5 0 -1.5 0.406 -0.38981 0.615559 1.09154e+10
-2 0.5 -1.5 0.42939 -0.422392 0.572313 7.87117e+09
-1.5 1 -1.5 0.452917 -0.431298 0.554313 8.86546e+09
-2 1.5 -1.5 0.471488 -0.458863 0.50553 6.20897e+09
-1 -1.5 -1.5 0.322903 -0.303274 0.680763 1.7598e+10
-0.5 -1 -1.5 0.356554 -0.295553 0.674517 1.91166e+10
-1 -0.5 -1.5 0.381645 -0.349682 0.651406 1.47153e+10
-0.5 0 -1.5 0.416613 -0.354044 0.636686 1.69336e+10
-1 0.5 -1.5 0.434108 -0.397206 0.599019 1.24165e+10
-0.5 1 -1.5 0.472625 -0.404486 0.574851 1.47856e+10
-1 1.5 -1.5 0.486785 -0.439148 0.528563 1.04172e+10
0 -1.5 -1.5 0.330079 -0.208829 0.675821 2.44738e+10
0.5 -1 -1.5 0.394078 -0.209875 0.666872 2.91709e+10
0 -0.5 -1.5 0.402579 -0.295959 0.662004 2.23172e+10
0.5 0 -1.5 0.456413 -0.301575 0.642275 2.75181e+10
0 0.5 -1.5 0.461158 -0.360286 0.614472 2.04774e+10
0.5 1 -1.5 0.510966 -0.363871 0.586463 2.54816e+10
0 1.5 -1.5 0.517447 -0.408206 0.544818 1.80723e+10
1 -1.5 -1.5 0.380536 0.00589763 0.63145 4.40411e+10
1.5 -1 -1.5 0.484315 -0.0940031 0.636988 5.29029e+10
1 -0.5 -1.5 0.465607 -0.219583 0.651285 3.70231e+10
1.5 0 -1.5 0.523644 -0.230452 0.630501 4.76043e+10
1 0.5 -1.5 0.510963 -0.307016 0.617167 3.49323e+10
1.5 1 -1.5 0.560376 -0.306551 0.586713 4.3475e+10
1 1.5 -1.5 0.558275 -0.363863 0.553606 3.14702e+10
2 -1.5 -1.5 0.350083 0.104564 0.580064 7.92946e+10
2.5 -1 -1.5 0.474346 0.0710856 0.573399 1.0572e+11
2 -0.5 -1.5 0.550499 -0.127718 0.624204 6.75408e+10
2.5 0 -1.5 0.599187 -0.122863 0.592268 7.84487e+10
2 0.5 -1.5 0.573281 -0.229542 0.601957 5.78888e+10
2.5 1 -1.5 0.623401 -0.238041 0.571668 7.45341e+10
2 1.5 -1.5 0.610081 -0.307577 0.551534 5.46044e+10
-2.25 -0.75 -1.25 -0.0166768 0.0166768 0.606827 1.40193e+09
-2.25 0.25 -1.25 0.0162917 -0.00221951 0.580394 1.03183e+09
-2.25 1.25 -1.25 0.0525173 -0.045273 0.536356 7.82019e+08
-1.75 -1.25 -1.25 -0.025764 0.025764 0.616403 1.94732e+09
-1.25 -0.75 -1.25 0.0135848 0.0514526 0.613921 2.00623e+09
-1.75 -0.25 -1.25 0.00723891 0.0273109 0.604006 1.44156e+09
-1.25 0.25 -1.25 0.0452342 0.0268285 0.595718 1.56231e+09
-1.75 0.75 -1.25 0.0443393 -0.0107533 0.570738 1.11144e+09
-1.25 1.25 -1.25 0.0851431 -0.0230187 0.555162 1.24461e+09
-0.75 -1.25 -1.25 0.0576292 0.0550289 0.606971 2.88335e+09
-0.25 -0.75 -1.25 0.122157 0.0828359 0.59995 3.15924e+09
-0.75 -0.25 -1.25 0.0655197 0.0626222 0.606825 2.19026e+09
-0.25 0.25 -1.25 0.118982 0.0727912 0.596686 2.4731e+09
-0.75 0.75 -1.25 0.0925418 0.02251 0.582744 1.76042e+09
-0.25 1.25 -1.25 0.154463 0.0124338 0.562955 2.06282e+09
0.25 -1.25 -1.25 0.187071 0.104118 0.586122 4.83499e+09
0.75 -0.75 -1.25 0.266298 0.148888 0.577954 5.41322e+09
0.25 -0.25 -1.25 0.178017 0.119342 0.591995 3.52035e+09
0.75 0.25 -1.25 0.256362 0.124057 0.57795 4.24563e+09
0.25 0.75 -1.25 0.18872 0.0676854 0.579632 2.93986e+09
0.75 1.25 -1.25 0.25965 0.0667077 0.55813 3.54395e+09
1.25 -1.25 -1.25 0.413392 0.162389 0.571482 9.84957e+09
1.75 -0.75 -1.25 0.512396 0.179738 0.552456 1.22313e+10
1.25 -0.25 -1.25 0.369993 0.174613 0.565712 6.62256e+09
1.75 0.25 -1.25 0.457911 0.168004 0.545134 8.25655e+09
1.25 0.75 -1.25 0.332662 0.125201 0.559134 5.19751e+09
1.75 1.25 -1.25 0.383708 0.119464 0.539032 6.25914e+09
2.25 -1.25 -1.25 0.417644 0.277747 0.518279 2.31255e+10
2.25 -0.25 -1.25 0.562099 0.201549 0.526365 1.38643e+10
2.25 0.75 -1.25 0.481988 0.157542 0.523431 9.61636e+09
-2.5 -1.5 -1 0.338572 -0.355889 0.651925 6.46667e+09
-2.5 -0.5 -1 0.371456 -0.371456 0.629575 4.61092e+09
-2.5 0.5 -1 0.402993 -0.403971 0.590159 3.45419e+09
-2.5 1.5 -1 0.438104 -0.441086 0.535043 2.67553e+09
-1.5 -1.5 -1 0.308752 -0.308752 0.668387 8.35454e+09
-2 -1 -1 0.341574 -0.341574 0.655511 6.23729e+09
-1.5 -0.5 -1 0.355889 -0.338572 0.651925 6.46667e+09
-2 0 -1 0.379529 -0.373525 0.625551 4.7702e+09
-1.5 0.5 -1 0.400201 -0.380966 0.613794 5.25863e+09
-2 1 -1 0.419063 -0.413533 0.577294 3.78278e+09
-1.5 1.5 -1 0.446889 -0.422689 0.556931 4.34475e+09
-0.5 -1.5 -1 0.314503 -0.247868 0.664017 1.23257e+10
-1 -1 -1 0.333181 -0.297229 0.665199 8.67514e+09
-0.5 -0.5 -1 0.369164 -0.296763 0.655986 9.67652e+09
-1 0 -1 0.383013 -0.342589 0.641433 7.17535e+09
-0.5 0.5 -1 0.420804 -0.346498 0.624719 8.36343e+09
-1 1 -1 0.432475 -0.388315 0.595091 6.09168e+09
-0.5 1.5 -1 0.475238 -0.39286 0.570018 7.34252e+09
0.5 -1.5 -1 0.371805 -0.183829 0.647252 2.08867e+10
0 -1 -1 0.36277 -0.241407 0.655898 1.37578e+10
0.5 -0.5 -1 0.415921 -0.225951 0.640871 1.53912e+10
0 0 -1 0.41397 -0.294528 0.641315 1.12617e+10
0.5 0.5 -1 0.471656 -0.295738 0.620687 1.40074e+10
0 1 -1 0.469744 -0.349489 0.601637 1.02316e+10
0.5 1.5 -1 0.520737 -0.347293 0.573736 1.26517e+10
1.5 -1.5 -1 0.354765 0.157293 0.559722 4.04379e+10
1 -1 -1 0.42716 -0.130286 0.621918 2.20365e+10
1.5 -0.5 -1 0.506804 -0.13569 0.608452 2.74999e+10
1 0 -1 0.485688 -0.227537 0.623407 1.9398e+10
1.5 0.5 -1 0.548895 -0.222736 0.598825 2.43358e+10
1 1 -1 0.527745 -0.291913 0.594818 1.75219e+10
1.5 1.5 -1 0.576517 -0.289899 0.565327 2.17489e+10
2.5 -1.5 -1 0.386093 0.148134 0.534483 7.43586e+10
2 -1 -1 0.503991 0.0643159 0.569227 4.81491e+10
2.5 -0.5 -1 0.590147 -0.0400707 0.567892 5.61053e+10
2 0 -1 0.58327 -0.140645 0.58695 3.57611e+10
2.5 0.5 -1 0.621651 -0.154361 0.562568 4.3678e+10
2 1 -1 0.594111 -0.225848 0.571743 3.00056e+10
2.5 1.5 -1 0.642425 -0.217512 0.543324 3.70052e+10
-2.25 -1.25 -0.75 -0.0460613 0.0294018 0.656662 1.04184e+09
-2.25 -0.25 -0.75 -0.0124119 0.0149279 0.657519 7.56876e+08
-2.25 0.75 -0.75 0.0206376 -0.0357852 0.637207 5.73049e+08
-1.25 -1.25 -0.75 -0.0288222 0.0682131 0.635846 1.4528e+09
-1.75 -0.75 -0.75 -0.0294018 0.0460613 0.656662 1.04184e+09
-1.25 -0.25 -0.75 0.000693023 0.0503919 0.653919 1.09949e+09
-1.75 0.25 -0.75 0.00456072 0.00626777 0.653898 7.96731e+08
-1.25 0.75 -0.75 0.0368996 -0.00730024 0.646484 8.76746e+08
-1.75 1.25 -0.75 0.0451952 -0.0568217 0.627543 6.27714e+08
-0.25 -1.25 -0.75 0.0690807 0.149843 0.606489 2.31811e+09
-0.75 -0.75 -0.75 0.0204919 0.0928802 0.633075 1.53571e+09
-0.25 -0.25 -0.75 0.0844452 0.107693 0.627505 1.70226e+09
-0.75 0.25 -0.75 0.044454 0.0488373 0.648383 1.21422e+09
-0.25 0.75 -0.75 0.0955704 0.0378336 0.639497 1.39431e+09
-0.75 1.25 -0.75 0.082574 -0.0247157 0.634343 1.00118e+09
0.75 -1.25 -0.75 0.295115 0.215608 0.553043 4.49128e+09
0.25 -0.75 -0.75 0.184659 0.17837 0.593933 2.59515e+09
0.75 -0.25 -0.75 0.233949 0.169072 0.582358 2.93266e+09
0.25 0.25 -0.75 0.139706 0.104321 0.620919 1.95758e+09
0.75 0.75 -0.75 0.209306 0.110152 0.611533 2.32088e+09
0.25 1.25 -0.75 0.160889 0.031555 0.625768 1.64775e+09
1.75 -1.25 -0.75 0.41657 0.256001 0.513111 1.38009e+10
1.25 -0.75 -0.75 0.375358 0.226308 0.537224 5.01303e+09
1.75 -0.25 -0.75 0.415936 0.231068 0.530013 5.58864e+09
1.25 0.25 -0.75 0.304621 0.193823 0.574763 3.42242e+09
1.75 0.75 -0.75 0.367359 0.186824 0.562921 4.16657e+09
1.25 1.25 -0.75 0.276368 0.103289 0.597127 2.80952e+09
2.25 -0.75 -0.75 0.547838 0.267899 0.491994 1.12368e+10
2.25 0.25 -0.75 0.480397 0.255525 0.520929 6.86464e+09
2.25 1.25 -0.75 0.417812 0.172827 0.549369 4.91161e+09
-2.5 -1 -0.5 0.337465 -0.342687 0.664871 3.01264e+09
-2.5 0 -0.5 0.366562 -0.367044 0.64645 2.22886e+09
-2.5 1 -0.5 0.397693 -0.405243 0.609614 1.73114e+09
-2 -1.5 -0.5 0.306517 -0.320741 0.670321 4.08593e+09
-1.5 -1 -0.5 0.320741 -0.306517 0.670321 4.08593e+09
-2 -0.5 -0.5 0.342687 -0.337465 0.664871 3.01264e+09
-1.5 0 -0.5 0.360177 -0.340792 0.658101 3.22465e+09
-2 0.5 -0.5 0.377812 -0.374682 0.638916 2.37858e+09
-1.5 1 -0.5 0.402355 -0.383292 0.624496 2.68356e+09
-2 1.5 -0.5 0.417582 -0.416271 0.593847 1.9411e+09
-1 -1.5 -0.5 0.303322 -0.275104 0.664297 5.88482e+09
-0.5 -1 -0.5 0.343234 -0.26176 0.658134 6.2956e+09
-1 -0.5 -0.5 0.347237 -0.303459 0.664141 4.37977e+09
-0.5 0 -0.5 0.386462 -0.301705 0.652168 4.95211e+09
-1 0.5 -0.5 0.390901 -0.345366 0.645127 3.6523e+09
-0.5 1 -0.5 0.432415 -0.349109 0.62649 4.34187e+09
-1 1.5 -0.5 0.438827 -0.389426 0.603942 3.16649e+09
0 -1.5 -0.5 0.339683 -0.199395 0.643491 9.29669e+09
0.5 -1 -0.5 0.411347 -0.179975 0.627817 1.0515e+10
0 -0.5 -0.5 0.394486 -0.249822 0.645063 7.00977e+09
0.5 0 -0.5 0.444151 -0.248697 0.628634 8.19153e+09
0 0.5 -0.5 0.433117 -0.302675 0.63538 5.89305e+09
0.5 1 -0.5 0.490189 -0.295274 0.61399 7.27149e+09
0 1.5 -0.5 0.483254 -0.346062 0.602899 5.32163e+09
1 -1.5 -0.5 0.412025 -0.119678 0.60987 1.77612e+10
1.5 -1 -0.5 0.480039 -0.112361 0.5928 2.0188e+10
1 -0.5 -0.5 0.46186 -0.183508 0.610218 1.21971e+10
1.5 0 -0.5 0.531744 -0.161929 0.589793 1.43208e+10
1 0.5 -0.5 0.508054 -0.23514 0.608932 1.00248e+10
1.5 1 -0.5 0.566624 -0.227778 0.584969 1.25918e+10
1 1.5 -0.5 0.545057 -0.287586 0.588337 9.07787e+09
2 -1.5 -0.5 0.396903 0.151011 0.527422 4.15767e+10
2.5 -1 -0.5 0.498274 0.191742 0.503013 4.25658e+10
2 -0.5 -0.5 0.544962 -0.0678937 0.561689 2.17493e+10
2.5 0 -0.5 0.613719 -0.080501 0.545107 2.67334e+10
2 0.5 -0.5 0.596305 -0.161448 0.568424 1.82491e+10
2.5 1 -0.5 0.646535 -0.155071 0.543352 2.22722e+10
2 1.5 -0.5 0.616798 -0.217534 0.558923 1.55045e+10
-2.25 -0.75 -0.25 -0.0154101 0.0154101 0.715095 5.6205e+08
-2.25 0.25 -0.25 0.0189372 -0.0365677 0.716917 4.24339e+08
-2.25 1.25 -0.25 0.0576662 -0.109058 0.696645 3.31098e+08
-1.75 -1.25 -0.25 -0.0474503 0.0474503 0.692881 7.67384e+08
-1.25 -0.75 -0.25 -0.0220009 0.0618759 0.693023 7.86931e+08
-1.75 -0.25 -0.25 -0.00680295 0.0113011 0.714868 5.76496e+08
-1.25 0.25 -0.25 0.019817 -0.000607427 0.712642 6.20255e+08
-1.75 0.75 -0.25 0.0346454 -0.058918 0.712883 4.55979e+08
-1.25 1.25 -0.25 0.0674904 -0.0838541 0.704777 5.10356e+08
-0.75 -1.25 -0.25 -0.0256548 0.126861 0.659159 1.12746e+09
-0.25 -0.75 -0.25 0.0576087 0.153255 0.651772 1.21154e+09
-0.75 -0.25 -0.25 0.0231772 0.0666846 0.690849 8.45832e+08
-0.25 0.25 -0.25 0.0742731 0.0593115 0.687016 9.511e+08
-0.75 0.75 -0.25 0.0603442 -0.0187904 0.707424 6.96943e+08
-0.25 1.25 -0.25 0.115983 -0.0361202 0.69762 8.06524e+08
0.25 -1.25 -0.25 0.130658 0.219152 0.588578 1.91523e+09
0.75 -0.75 -0.25 0.222753 0.258201 0.580065 2.18207e+09
0.25 -0.25 -0.25 0.127544 0.157661 0.644757 1.3586e+09
0.75 0.25 -0.25 0.202605 0.145031 0.634731 1.55735e+09
0.25 0.75 -0.25 0.137357 0.0469462 0.679844 1.10062e+09
0.75 1.25 -0.25 0.204051 0.0367975 0.669807 1.31064e+09
1.25 -1.25 -0.25 0.376174 0.313972 0.512137 4.13883e+09
1.75 -0.75 -0.25 0.440992 0.318392 0.49503 4.66363e+09
1.25 -0.25 -0.25 0.33178 0.244201 0.566646 2.48039e+09
1.75 0.25 -0.25 0.358745 0.228233 0.56193 2.82051e+09
1.25 0.75 -0.25 0.26319 0.135132 0.628786 1.84741e+09
1.75 1.25 -0.25 0.327169 0.130385 0.622812 2.19828e+09
2.25 -1.25 -0.25 0.413603 0.370146 0.458033 1.23417e+10
2.25 -0.25 -0.25 0.500211 0.296657 0.482621 5.06497e+09
2.25 0.75 -0.25 0.411604 0.236485 0.564763 3.28698e+09
-2.5 -1.5 0 0.319155 -0.33826 0.68333 2.08482e+09
-2.5 -0.5 0 0.345853 -0.345853 0.685459 1.49593e+09
-2.5 0.5 0 0.371702 -0.377016 0.668296 1.15296e+09
-2.5 1.5 0 0.403393 -0.41704 0.632001 9.28169e+08
-1.5 -1.5 0 0.302167 -0.302167 0.676429 2.84172e+09
-2 -1 0 0.323506 -0.323506 0.686238 2.01708e+09
-1.5 -0.5 0 0.33826 -0.319155 0.68333 2.08482e+09
-2 0 0 0.352966 -0.34832 0.68218 1.54615e+09
-1.5 0.5 0 0.374203 -0.353737 0.672225 1.69909e+09
-2 1 0 0.386869 -0.386709 0.657363 1.26392e+09
-1.5 1.5 0 0.415665 -0.394334 0.639991 1.45683e+09
-0.5 -1.5 0 0.308072 -0.238718 0.656922 4.17584e+09
-1 -1 0 0.328152 -0.287792 0.67358 2.93359e+09
-0.5 -0.5 0 0.370685 -0.277616 0.66337 3.20349e+09
-1 0 0 0.368075 -0.318177 0.673948 2.28873e+09
-0.5 0.5 0 0.408798 -0.318475 0.658929 2.64764e+09
-1 1 0 0.408416 -0.358195 0.656243 1.96744e+09
-0.5 1.5 0 0.454096 -0.356572 0.635273 2.36747e+09
0.5 -1.5 0 0.363046 -0.155147 0.620375 7.36117e+09
0 -1 0 0.37186 -0.221036 0.644903 4.62994e+09
0.5 -0.5 0 0.433159 -0.215044 0.627564 5.34511e+09
0 0 0 0.419371 -0.273381 0.647761 3.6737e+09
0.5 0.5 0 0.476835 -0.263647 0.628217 4.3751e+09
0 1 0 0.46012 -0.31292 0.639407 3.1903e+09
0.5 1.5 0 0.516009 -0.301957 0.616152 3.94947e+09
1.5 -1.5 0 0.453796 -0.0431702 0.570982 1.50242e+10
1 -1 0 0.439437 -0.139132 0.603037 8.34209e+09
1.5 -0.5 0 0.523406 -0.127028 0.579074 9.83059e+09
1 0 0 0.500626 -0.204191 0.605665 6.31324e+09
1.5 0.5 0 0.559705 -0.195403 0.584533 7.63658e+09
1 1 0 0.535683 -0.25114 0.606465 5.39786e+09
1.5 1.5 0 0.591812 -0.232122 0.583141 6.70419e+09
2.5 -1.5 0 0.384307 0.174659 0.491368 3.38314e+10
2 -1 0 0.522893 -0.0573971 0.555248 1.71542e+10
2.5 -0.5 0 0.589044 -0.0617349 0.537084 1.95294e+10
2 0 0 0.578546 -0.129098 0.557913 1.15298e+10
2.5 0.5 0 0.636445 -0.109357 0.537903 1.34168e+10
2 1 0 0.618208 -0.175032 0.563429 9.40972e+09
2.5 1.5 0 0.672248 -0.149558 0.536708 1.13961e+10
-2.25 -1.25 0.25 -0.00687224 0.00211538 0.758189 4.22159e+08
-2.25 -0.25 0.25 0.0358477 -0.0440006 0.773945 3.16014e+08
-2.25 0.75 0.25 0.0752172 -0.117276 0.769582 2.47679e+08
-1.25 -1.25 0.25 -0.0370666 0.0634058 0.725394 5.83685e+08
-1.75 -0.75 0.25 -0.00211538 0.00687224 0.758189 4.22159e+08
-1.25 -0.25 0.25 0.0197691 0.00265136 0.759205 4.41091e+08
-1.75 0.25 0.25 0.0448777 -0.0622344 0.773267 3.31398e+08
-1.25 0.75 0.25 0.0731659 -0.086321 0.769099 3.64352e+08
-1.75 1.25 0.25 0.0953848 -0.146971 0.762812 2.71569e+08
-0.25 -1.25 0.25 0.00247186 0.17131 0.658789 8.66959e+08
-0.75 -0.75 0.25 0.00520228 0.0839492 0.726821 6.03607e+08
-0.25 -0.25 0.25 0.0650335 0.0857059 0.723859 6.62436e+08
-0.75 0.25 0.25 0.0599213 -0.0116116 0.756926 4.85055e+08
-0.25 0.75 0.25 0.116033 -0.03047 0.75043 5.51905e+08
-0.75 1.25 0.25 0.119432 -0.109938 0.760153 4.14548e+08
0.75 -1.25 0.25 0.1938 0.32049 0.564616 1.6302e+09
0.25 -0.75 0.25 0.0910739 0.205068 0.657035 9.58469e+08
0.75 -0.25 0.25 0.188675 0.202884 0.651097 1.08346e+09
0.25 0.25 0.25 0.136589 0.0732584 0.717078 7.48826e+08
0.75 0.75 0.25 0.20507 0.0535215 0.708063 8.69908e+08
0.25 1.25 0.25 0.180871 -0.0485368 0.739132 6.45097e+08
1.75 -1.25 0.25 0.393326 0.421221 0.47023 3.60311e+09
1.25 -0.75 0.25 0.292988 0.31502 0.555833 1.79719e+09
1.75 -0.25 0.25 0.362786 0.317878 0.550771 2.06801e+09
1.25 0.25 0.25 0.261816 0.182096 0.646471 1.24469e+09
1.75 0.75 0.25 0.334425 0.158128 0.638492 1.45137e+09
1.25 1.25 0.25 0.279497 0.0401631 0.696151 1.03101e+09
2.25 -0.75 0.25 0.490208 0.385986 0.452068 4.05162e+09
2.25 0.25 0.25 0.440985 0.284227 0.542733 2.30265e+09
2.25 1.25 0.25 0.396592 0.151329 0.636357 1.68097e+09
-2.5 -1 0.5 0.340609 -0.34521 0.706155 1.05147e+09
-2.5 0 0.5 0.361412 -0.362187 0.706521 7.91478e+08
-2.5 1 0.5 0.38656 -0.394787 0.687419 6.3524e+08
-2 -1.5 0.5 0.318738 -0.329734 0.695414 1.43608e+09
-1.5 -1 0.5 0.329734 -0.318738 0.695414 1.43608e+09
-2 -0.5 0.5 0.34521 -0.340609 0.706155 1.05147e+09
-1.5 0 0.5 0.362875 -0.339813 0.699957 1.11615e+09
-2 0.5 0.5 0.372451 -0.367425 0.699655 8.41805e+08
-1.5 1 0.5 0.398183 -0.372381 0.685737 9.48245e+08
-2 1.5 0.5 0.40677 -0.403242 0.672658 7.13015e+08
-1 -1.5 0.5 0.301272 -0.285291 0.677691 1.98408e+09
-0.5 -1 0.5 0.338677 -0.266001 0.67215 2.08494e+09
-1 -0.5 0.5 0.356166 -0.309459 0.689561 1.51548e+09
-0.5 0 0.5 0.399716 -0.303959 0.675618 1.70407e+09
-1 0.5 0.5 0.395932 -0.340073 0.68653 1.25762e+09
-0.5 1 0.5 0.441517 -0.335648 0.667462 1.48293e+09
-1 1.5 0.5 0.437233 -0.371994 0.666109 1.11659e+09
0 -1.5 0.5 0.305451 -0.210646 0.645211 3.08072e+09
0.5 -1 0.5 0.389615 -0.190339 0.631659 3.47591e+09
0 -0.5 0.5 0.399378 -0.255371 0.657177 2.36437e+09
0.5 0 0.5 0.468229 -0.24479 0.635236 2.79013e+09
0 0.5 0.5 0.45403 -0.295418 0.655803 2.00167e+09
0.5 1 0.5 0.51185 -0.28239 0.632639 2.42786e+09
0 1.5 0.5 0.494521 -0.32463 0.644338 1.80578e+09
1 -1.5 0.5 0.371522 -0.105093 0.59289 5.66465e+09
1.5 -1 0.5 0.477502 -0.0971224 0.57527 6.64906e+09
1 -0.5 0.5 0.475811 -0.178849 0.609496 4.09925e+09
1.5 0 0.5 0.549241 -0.170327 0.584998 4.91629e+09
1 0.5 0.5 0.53255 -0.233985 0.610858 3.36986e+09
1.5 1 0.5 0.594993 -0.211802 0.586505 4.12379e+09
1 1.5 0.5 0.570951 -0.259994 0.608133 3.00293e+09
2 -1.5 0.5 0.459497 0.0214459 0.534433 1.239e+10
2.5 -1 0.5 0.559393 0.00277877 0.519677 1.41004e+10
2 -0.5 0.5 0.554392 -0.0899148 0.555426 7.71373e+09
2.5 0 0.5 0.627604 -0.0858186 0.532274 9.12194e+09
2 0.5 0.5 0.615186 -0.154435 0.560015 5.88583e+09
2.5 1 0.5 0.667979 -0.125827 0.5378 6.87083e+09
2 1.5 0.5 0.649881 -0.179525 0.562895 5.00562e+09
-2.25 -0.75 0.75 0.0601745 -0.0601745 0.814831 2.36759e+08
-2.25 0.25 0.75 0.104218 -0.125777 0.818872 1.85008e+08
-2.25 1.25 0.75 0.148841 -0.203629 0.802872 1.5016e+08
-1.75 -1.25 0.75 0.00450597 -0.00450597 0.792936 3.14321e+08
-1.25 -0.75 0.75 0.0270616 0.00158534 0.793746 3.19394e+08
-1.75 -0.25 0.75 0.0666012 -0.0691173 0.814823 2.41814e+08
-1.25 0.25 0.75 0.0912322 -0.0881541 0.812708 2.59277e+08
-1.75 0.75 0.75 0.119603 -0.151496 0.814465 1.98629e+08
-1.25 1.25 0.75 0.155435 -0.177167 0.804662 2.21891e+08
-0.75 -1.25 0.75 -0.0146762 0.0895349 0.737837 4.33236e+08
-0.25 -0.75 0.75 0.0392594 0.0992035 0.7418 4.59708e+08
-0.75 -0.25 0.75 0.0646868 -0.00627191 0.793822 3.40745e+08
-0.25 0.25 0.75 0.123912 -0.0209093 0.789259 3.79153e+08
-0.75 0.75 0.75 0.13689 -0.109898 0.805471 2.89781e+08
-0.25 1.25 0.75 0.196766 -0.129988 0.791739 3.33941e+08
0.25 -1.25 0.75 0.0560552 0.225013 0.645708 6.91368e+08
0.75 -0.75 0.75 0.143278 0.253632 0.652262 7.41359e+08
0.25 -0.25 0.75 0.116239 0.100338 0.743376 5.08111e+08
0.75 0.25 0.75 0.200678 0.0824986 0.737329 5.85753e+08
0.25 0.75 0.75 0.193949 -0.0409289 0.777944 4.36603e+08
0.75 1.25 0.75 0.271119 -0.0570377 0.760037 5.10825e+08
1.25 -1.25 0.75 0.220482 0.381518 0.537537 1.32075e+09
1.75 -0.75 0.75 0.348244 0.390289 0.528144 1.50399e+09
1.25 -0.25 0.75 0.239007 0.246113 0.6516 8.50968e+08
1.75 0.25 0.75 0.32942 0.218928 0.646009 9.74523e+08
1.25 0.75 0.75 0.287725 0.059782 0.723991 6.80724e+08
1.75 1.25 0.75 0.369766 0.0456472 0.705931 7.94005e+08
2.25 -1.25 0.75 0.408331 0.464443 0.431638 2.93807e+09
2.25 -0.25 0.75 0.403855 0.364646 0.527056 1.60221e+09
2.25 0.75 0.75 0.411437 0.186195 0.637147 1.10967e+09
-2.5 -1.5 1 0.340544 -0.360769 0.715125 7.6197e+08
-2.5 -0.5 1 0.363336 -0.363336 0.726456 5.61835e+08
-2.5 0.5 1 0.38315 -0.382978 0.721605 4.43586e+08
-2.5 1.5 1 0.40973 -0.412841 0.698084 3.69599e+08
-1.5 -1.5 1 0.320206 -0.320206 0.703661 9.92553e+08
-2 -1 1 0.346704 -0.346704 0.71843 7.42784e+08
-1.5 -0.5 1 0.360769 -0.340544 0.715125 7.6197e+08
-2 0 1 0.37183 -0.36238 0.72297 5.78069e+08
-1.5 0.5 1 0.39446 -0.362816 0.711908 6.31197e+08
-2 1 1 0.399927 -0.387587 0.710196 4.84442e+08
-1.5 1.5 1 0.431402 -0.387827 0.691894 5.56257e+08
-0.5 -1.5 1 0.310878 -0.267182 0.674969 1.44988e+09
-1 -1 1 0.339842 -0.309147 0.700443 1.0136e+09
-0.5 -0.5 1 0.377815 -0.301912 0.68979 1.10013e+09
-1 0 1 0.390628 -0.336496 0.704157 8.29746e+08
-0.5 0.5 1 0.43838 -0.327802 0.685284 9.5524e+08
-1 1 1 0.432799 -0.358854 0.693623 7.26529e+08
-0.5 1.5 1 0.481502 -0.348306 0.670001 8.68754e+08
0.5 -1.5 1 0.329007 -0.19761 0.626125 2.43579e+09
0 -1 1 0.353019 -0.255031 0.665778 1.53366e+09
0.5 -0.5 1 0.428779 -0.23495 0.649137 1.7474e+09
0 0 1 0.439407 -0.288708 0.670414 1.27044e+09
0.5 0.5 1 0.507349 -0.274277 0.643968 1.53146e+09
0 1 1 0.494644 -0.314294 0.660586 1.14443e+09
0.5 1.5 1 0.553897 -0.291515 0.633231 1.4011e+09
1.5 -1.5 1 0.37938 -0.0619666 0.564207 4.36158e+09
1 -1 1 0.409877 -0.160665 0.613563 2.60046e+09
1.5 -0.5 1 0.50926 -0.146334 0.593579 3.09188e+09
1 0 1 0.511866 -0.22051 0.623346 2.10882e+09
1.5 0.5 1 0.588695 -0.199827 0.593343 2.57467e+09
1 1 1 0.573783 -0.251152 0.614963 1.87501e+09
1.5 1.5 1 0.634112 -0.216247 0.586523 2.29012e+09
2.5 -1.5 1 0.442967 0.163396 0.492525 1.07644e+10
2 -1 1 0.494363 -0.056359 0.550933 5.04946e+09
2.5 -0.5 1 0.586154 -0.0550503 0.531365 5.88487e+09
2 0 1 0.594323 -0.13412 0.56746 3.73288e+09
2.5 0.5 1 0.662885 -0.112625 0.538639 4.39772e+09
2 1 1 0.652785 -0.169251 0.563717 3.1002e+09
2.5 1.5 1 0.705708 -0.125688 0.535355 3.64689e+09
-2.25 -1.25 1.25 0.0811796 -0.0875602 0.845226 1.77487e+08
-2.25 -0.25 1.25 0.136459 -0.140341 0.851534 1.38255e+08
-2.25 0.75 1.25 0.182006 -0.208355 0.840926 1.12477e+08
-1.25 -1.25 1.25 0.0209182 0.00162952 0.814036 2.29032e+08
-1.75 -0.75 1.25 0.0875602 -0.0811796 0.845226 1.77487e+08
-1.25 -0.25 1.25 0.111149 -0.091767 0.843565 1.85273e+08
-1.75 0.25 1.25 0.149678 -0.157491 0.848104 1.44781e+08
-1.25 0.75 1.25 0.183629 -0.179258 0.839074 1.58391e+08
-1.75 1.25 1.25 0.207322 -0.23231 0.830112 1.22986e+08
-0.25 -1.25 1.25 0.0146613 0.135761 0.746732 3.27639e+08
-0.75 -0.75 1.25 0.0593082 0.00182693 0.815349 2.37791e+08
-0.25 -0.25 1.25 0.12014 -0.0123259 0.813918 2.57298e+08
-0.75 0.25 1.25 0.156516 -0.110449 0.837108 2.01993e+08
-0.25 0.75 1.25 0.218322 -0.129746 0.823413 2.29195e+08
-0.75 1.25 1.25 0.234862 -0.198478 0.822972 1.79571e+08
0.75 -1.25 1.25 0.138803 0.30998 0.631194 5.49158e+08
0.25 -0.75 1.25 0.0959571 0.131144 0.748895 3.45941e+08
0.75 -0.25 1.25 0.178281 0.114343 0.750744 3.86418e+08
0.25 0.25 1.25 0.194752 -0.0317396 0.806272 2.91907e+08
0.75 0.75 1.25 0.28117 -0.0494958 0.789388 3.38601e+08
0.25 1.25 1.25 0.291642 -0.143526 0.801692 2.65737e+08
1.75 -1.25 1.25 0.281573 0.453513 0.498849 1.06722e+09
1.25 -0.75 1.25 0.21432 0.295156 0.633829 5.84858e+08
1.75 -0.25 1.25 0.292967 0.280222 0.645342 6.39231e+08
1.25 0.25 1.25 0.272463 0.093787 0.745792 4.42555e+08
1.75 0.75 1.25 0.372824 0.0713029 0.724463 5.15163e+08
1.25 1.25 1.25 0.370815 -0.0595069 0.761095 3.95733e+08
2.25 -0.75 1.25 0.360439 0.440158 0.503166 1.14486e+09
2.25 0.25 1.25 0.387269 0.247798 0.639531 7.27277e+08
2.25 1.25 1.25 0.459869 0.0558592 0.698555 5.92515e+08
-2.5 -1 1.5 0.367278 -0.375781 0.735852 4.0589e+08
-2.5 0 1.5 0.387865 -0.383243 0.739062 3.16457e+08
-2.5 1 1.5 0.409707 -0.401291 0.726858 2.612e+08
-2 -1.5 1.5 0.343928 -0.355873 0.727316 5.22104e+08
-1.5 -1 1.5 0.355873 -0.343928 0.727316 5.22104e+08
-2 -0.5 1.5 0.375781 -0.367278 0.735852 4.0589e+08
-1.5 0 1.5 0.395126 -0.363876 0.727377 4.28759e+08
-2 0.5 1.5 0.402487 -0.382689 0.730703 3.34883e+08
-1.5 1 1.5 0.43218 -0.379178 0.714159 3.74407e+08
-2 1.5 1.5 0.43354 -0.401422 0.710681 2.91349e+08
-1 -1.5 1.5 0.32698 -0.310129 0.709717 7.06873e+08
-0.5 -1 1.5 0.354644 -0.303438 0.701515 7.34256e+08
-1 -0.5 1.5 0.379617 -0.339183 0.718826 5.49387e+08
-0.5 0 1.5 0.425704 -0.329664 0.701397 6.13993e+08
-1 0.5 1.5 0.432169 -0.35682 0.710215 4.79656e+08
-0.5 1 1.5 0.482774 -0.343376 0.685588 5.63167e+08
-1 1.5 1.5 0.474851 -0.369188 0.690894 4.37679e+08
0 -1.5 1.5 0.327909 -0.249893 0.668978 1.07726e+09
0.5 -1 1.5 0.391895 -0.232334 0.653938 1.15279e+09
0 -0.5 1.5 0.409137 -0.291153 0.685625 8.07023e+08
0.5 0 1.5 0.480424 -0.275542 0.661963 9.45881e+08
0 0.5 1.5 0.48689 -0.314191 0.675655 7.24819e+08
0.5 1 1.5 0.55359 -0.288939 0.644615 8.82016e+08
0 1.5 1.5 0.540046 -0.320649 0.656516 6.80824e+08
1 -1.5 1.5 0.384715 -0.149369 0.60743 1.8721e+09
1.5 -1 1.5 0.453331 -0.146449 0.592825 2.05313e+09
1 -0.5 1.5 0.46618 -0.218711 0.636501 1.30272e+09
1.5 0 1.5 0.553919 -0.194071 0.612261 1.55763e+09
1 0.5 1.5 0.559044 -0.249173 0.631226 1.15225e+09
1.5 1 1.5 0.633344 -0.213267 0.594378 1.416e+09
1 1.5 1.5 0.618262 -0.252754 0.610721 1.08136e+09
2 -1.5 1.5 0.437034 -0.0856025 0.555501 3.75055e+09
2.5 -1 1.5 0.500051 -0.037604 0.531737 3.71869e+09
2 -0.5 1.5 0.53601 -0.121111 0.578215 2.26931e+09
2.5 0 1.5 0.63399 -0.102333 0.548407 2.73101e+09
2 0.5 1.5 0.639135 -0.163854 0.576012 1.90538e+09
2.5 1 1.5 0.704306 -0.123488 0.540369 2.2592e+09
2 1.5 1.5 0.693471 -0.166877 0.559456 1.70385e+09
