449
-2.5 -1 -1.5 -0.664566 -0.467263 0.382169 2.48821e+09
-2.5 0 -1.5 -0.461694 -0.463648 0.531621 1.56451e+09
-2.5 1 -1.5 -0.114898 -0.151995 0.669839 7.336e+08
-2 -1.5 -1.5 -0.768049 -0.350288 0.355124 3.03125e+09
-1.5 -1 -1.5 -0.765723 -0.261151 0.421459 3.06233e+09
-2 -0.5 -1.5 -0.657007 -0.371201 0.463528 2.31769e+09
-1.5 0 -1.5 -0.631316 -0.238807 0.5302 1.89294e+09
-2 0.5 -1.5 -0.417154 -0.271505 0.607993 1.19223e+09
-1.5 1 -1.5 -0.399145 0.0184216 0.578579 8.73935e+08
-2 1.5 -1.5 -0.200389 0.257842 0.530282 5.84412e+08
-1 -1.5 -1.5 -0.819266 -0.163819 0.398096 3.53572e+09
-0.5 -1 -1.5 -0.799693 -0.0662771 0.446331 3.42298e+09
-1 -0.5 -1.5 -0.747268 -0.152772 0.47675 2.72607e+09
-0.5 0 -1.5 -0.71402 -0.0189044 0.499755 2.16261e+09
-1 0.5 -1.5 -0.598157 -0.0534303 0.542158 1.4065e+09
-0.5 1 -1.5 -0.589603 0.164845 0.427406 1.03889e+09
-1 1.5 -1.5 -0.485459 0.304887 0.350375 7.11445e+08
0 -1.5 -1.5 -0.818457 0.0031682 0.427793 3.69859e+09
0.5 -1 -1.5 -0.778179 0.101265 0.458265 3.45693e+09
0 -0.5 -1.5 -0.76346 0.044172 0.473826 2.95023e+09
0.5 0 -1.5 -0.71125 0.163354 0.457764 2.30793e+09
0 0.5 -1.5 -0.674716 0.134265 0.449685 1.60164e+09
0.5 1 -1.5 -0.650102 0.256143 0.282477 1.2057e+09
0 1.5 -1.5 -0.644293 0.295519 0.163027 8.67531e+08
1 -1.5 -1.5 -0.778415 0.143378 0.444012 3.46626e+09
1.5 -1 -1.5 -0.715732 0.234971 0.459571 3.14859e+09
1 -0.5 -1.5 -0.718729 0.203105 0.462006 2.91455e+09
1.5 0 -1.5 -0.639543 0.295792 0.418613 2.26419e+09
1 0.5 -1.5 -0.649246 0.266878 0.365695 1.71821e+09
1.5 1 -1.5 -0.594775 0.29456 0.182343 1.30931e+09
1 1.5 -1.5 -0.661588 0.251176 0.0323005 1.01788e+09
2 -1.5 -1.5 -0.711392 0.255539 0.447449 2.92686e+09
2.5 -1 -1.5 -0.626582 0.335691 0.452021 2.59819e+09
2 -0.5 -1.5 -0.630455 0.320579 0.446452 2.61408e+09
2.5 0 -1.5 -0.521307 0.381761 0.388186 2.02114e+09
2 0.5 -1.5 -0.546544 0.344581 0.30615 1.6906e+09
2.5 1 -1.5 -0.460955 0.295768 0.130328 1.29505e+09
2 1.5 -1.5 -0.571265 0.191708 -0.0318724 1.10129e+09
-2.25 -0.75 -1.25 -0.537653 -0.294422 0.619563 7.80201e+08
-2.25 0.25 -1.25 -0.313205 -0.18393 0.788123 5.41933e+08
-2.25 1.25 -1.25 -0.142387 0.355102 0.764122 3.38176e+08
-1.75 -1.25 -1.25 -0.668746 -0.169754 0.560185 9.64553e+08
-1.25 -0.75 -1.25 -0.650985 -0.0629696 0.628017 9.9015e+08
-1.75 -0.25 -1.25 -0.52031 -0.162532 0.705027 7.45515e+08
-1.25 0.25 -1.25 -0.492696 0.0323757 0.758368 6.2658e+08
-1.75 0.75 -1.25 -0.309329 0.113294 0.818651 4.47822e+08
-1.25 1.25 -1.25 -0.389887 0.468193 0.672165 3.7738e+08
-0.75 -1.25 -1.25 -0.715762 0.052529 0.573055 1.22325e+09
-0.25 -0.75 -1.25 -0.671604 0.168084 0.612685 1.19045e+09
-0.75 -0.25 -1.25 -0.614511 0.0776014 0.67522 8.84384e+08
-0.25 0.25 -1.25 -0.567272 0.261291 0.666899 7.01195e+08
-0.75 0.75 -1.25 -0.483426 0.297403 0.714394 4.91587e+08
-0.25 1.25 -1.25 -0.536882 0.54319 0.497593 4.04848e+08
0.25 -1.25 -1.25 -0.69049 0.252654 0.571754 1.445e+09
0.75 -0.75 -1.25 -0.616753 0.368006 0.585264 1.35161e+09
0.25 -0.25 -1.25 -0.605493 0.308177 0.617179 1.01169e+09
0.75 0.25 -1.25 -0.522251 0.465813 0.550846 7.72643e+08
0.25 0.75 -1.25 -0.531146 0.464021 0.545334 5.29115e+08
0.75 1.25 -1.25 -0.538601 0.585142 0.285092 4.23579e+08
1.25 -1.25 -1.25 -0.620774 0.414739 0.561101 1.57182e+09
1.75 -0.75 -1.25 -0.521399 0.520042 0.556752 1.43282e+09
1.25 -0.25 -1.25 -0.516241 0.495925 0.556335 1.1161e+09
1.75 0.25 -1.25 -0.390774 0.618903 0.455645 8.37525e+08
1.25 0.75 -1.25 -0.439478 0.596843 0.373937 5.67436e+08
1.75 1.25 -1.25 -0.391721 0.612255 0.104511 4.38896e+08
2.25 -1.25 -1.25 -0.535694 0.535435 0.545147 1.55466e+09
2.25 -0.25 -1.25 -0.392823 0.626427 0.511904 1.16999e+09
2.25 0.75 -1.25 -0.257963 0.68735 0.262975 6.04052e+08
-2.5 -1.5 -1 -0.725432 -0.473384 0.210984 5.42279e+09
-2.5 -0.5 -1 -0.626077 -0.518461 0.293956 4.84045e+09
-2.5 0.5 -1 -0.409845 -0.502244 0.405271 2.84004e+09
-2.5 1.5 -1 -0.154116 -0.158763 0.402035 1.36413e+09
-1.5 -1.5 -1 -0.808037 -0.303619 0.276166 6.88547e+09
-2 -1 -1 -0.743476 -0.404395 0.279089 6.17968e+09
-1.5 -0.5 -1 -0.74575 -0.324456 0.342525 6.23043e+09
-2 0 -1 -0.62174 -0.43002 0.364962 4.46256e+09
-1.5 0.5 -1 -0.600617 -0.311642 0.405718 3.6277e+09
-2 1 -1 -0.388285 -0.315207 0.423602 2.20241e+09
-1.5 1.5 -1 -0.434699 -0.0895141 0.311541 1.78689e+09
-0.5 -1.5 -1 -0.836938 -0.147916 0.33103 7.74223e+09
-1 -1 -1 -0.809274 -0.226032 0.333845 7.50063e+09
-0.5 -0.5 -1 -0.794439 -0.142753 0.38068 7.25724e+09
-1 0 -1 -0.730627 -0.232339 0.388503 5.5093e+09
-0.5 0.5 -1 -0.703096 -0.131325 0.390617 4.40057e+09
-1 1 -1 -0.585112 -0.164692 0.368382 2.79765e+09
-0.5 1.5 -1 -0.614714 -0.0428281 0.222278 2.31435e+09
0.5 -1.5 -1 -0.824417 -0.0145222 0.372276 7.67169e+09
0 -1 -1 -0.819389 -0.0684516 0.377274 8.08829e+09
0.5 -0.5 -1 -0.785054 0.00970988 0.408494 7.57651e+09
0 0 -1 -0.763373 -0.0585842 0.402152 6.25239e+09
0.5 0.5 -1 -0.721272 0.0118593 0.376351 4.9778e+09
0 1 -1 -0.680051 -0.044544 0.315962 3.42864e+09
0.5 1.5 -1 -0.684058 -0.0185139 0.171378 2.86713e+09
1.5 -1.5 -1 -0.781562 0.0942646 0.398636 6.71204e+09
1 -1 -1 -0.787474 0.0606315 0.407891 7.71043e+09
1.5 -0.5 -1 -0.73273 0.127146 0.426831 7.03668e+09
1 0 -1 -0.734429 0.0766645 0.411442 6.42679e+09
1.5 0.5 -1 -0.67269 0.11258 0.370814 5.11236e+09
1 1 -1 -0.681581 0.0388351 0.287993 3.91622e+09
1.5 1.5 -1 -0.660788 -0.0069481 0.160171 3.25687e+09
2.5 -1.5 -1 -0.716914 0.180302 0.410297 5.25523e+09
2 -1 -1 -0.725373 0.160605 0.425366 6.50444e+09
2.5 -0.5 -1 -0.650019 0.212002 0.435767 5.79943e+09
2 0 -1 -0.660728 0.172566 0.418433 5.89854e+09
2.5 0.5 -1 -0.576733 0.17497 0.371916 4.66433e+09
2 1 -1 -0.612975 0.0879559 0.281988 4.01979e+09
2.5 1.5 -1 -0.573715 -0.00983003 0.174044 3.30562e+09
-2.25 -1.25 -0.75 -0.631115 -0.188725 0.41558 1.54618e+09
-2.25 -0.25 -0.75 -0.486792 -0.177496 0.547938 1.39296e+09
-2.25 0.75 -0.75 -0.276607 0.074898 0.652544 9.33695e+08
-1.25 -1.25 -0.75 -0.720768 0.0140097 0.452339 2.14227e+09
-1.75 -0.75 -0.75 -0.635999 -0.0904928 0.492853 1.80453e+09
-1.25 -0.25 -0.75 -0.615799 0.0360787 0.560433 1.84529e+09
-1.75 0.25 -0.75 -0.467634 -0.00177123 0.621078 1.32535e+09
-1.25 0.75 -0.75 -0.450929 0.239113 0.628638 1.143e+09
-1.75 1.25 -0.75 -0.356259 0.400891 0.570631 8.51891e+08
-0.25 -1.25 -0.75 -0.73485 0.19808 0.476956 2.72619e+09
-0.75 -0.75 -0.75 -0.698969 0.117484 0.510559 2.37888e+09
-0.25 -0.25 -0.75 -0.650686 0.240368 0.550921 2.30002e+09
-0.75 0.25 -0.75 -0.572138 0.199453 0.596978 1.64086e+09
-0.25 0.75 -0.75 -0.52774 0.386269 0.559529 1.34084e+09
-0.75 1.25 -0.75 -0.494524 0.476357 0.506738 1.0044e+09
0.75 -1.25 -0.75 -0.697077 0.350394 0.490966 3.14113e+09
0.25 -0.75 -0.75 -0.685478 0.299393 0.516759 2.89336e+09
0.75 -0.25 -0.75 -0.608972 0.410513 0.533741 2.68326e+09
0.25 0.25 -0.75 -0.578092 0.379248 0.550969 1.94384e+09
0.75 0.75 -0.75 -0.500804 0.505596 0.480664 1.5227e+09
0.25 1.25 -0.75 -0.528368 0.522332 0.419784 1.12612e+09
1.75 -1.25 -0.75 -0.633771 0.46851 0.495478 3.23766e+09
1.25 -0.75 -0.75 -0.624058 0.443011 0.516665 3.20785e+09
1.75 -0.25 -0.75 -0.525122 0.536552 0.51961 2.89935e+09
1.25 0.25 -0.75 -0.507527 0.520351 0.50889 2.19833e+09
1.75 0.75 -0.75 -0.396486 0.598045 0.423699 1.67229e+09
1.25 1.25 -0.75 -0.457873 0.55897 0.337136 1.21391e+09
2.25 -0.75 -0.75 -0.54416 0.548135 0.512863 3.19896e+09
2.25 0.25 -0.75 -0.401258 0.618798 0.486343 2.34625e+09
2.25 1.25 -0.75 -0.31211 0.596077 0.288005 1.27207e+09
-2.5 -1 -0.5 -0.687363 -0.52471 0.117574 1.13966e+10
-2.5 0 -0.5 -0.584062 -0.570333 0.180268 9.93147e+09
-2.5 1 -0.5 -0.381581 -0.543752 0.233691 5.76189e+09
-2 -1.5 -0.5 -0.763883 -0.428451 0.132209 1.23712e+10
-1.5 -1 -0.5 -0.785388 -0.366849 0.194293 1.51709e+10
-2 -0.5 -0.5 -0.712115 -0.464636 0.182754 1.31891e+10
-1.5 0 -0.5 -0.719221 -0.398491 0.239542 1.34346e+10
-2 0.5 -0.5 -0.585907 -0.494769 0.232982 9.25992e+09
-1.5 1 -0.5 -0.576735 -0.402968 0.244326 7.81468e+09
-2 1.5 -0.5 -0.40395 -0.397917 0.206758 4.8733e+09
-1 -1.5 -0.5 -0.822221 -0.28838 0.208386 1.51032e+10
-0.5 -1 -0.5 -0.826314 -0.222702 0.263933 1.7723e+10
-1 -0.5 -0.5 -0.792524 -0.301535 0.251463 1.67665e+10
-0.5 0 -0.5 -0.782754 -0.238125 0.295257 1.64087e+10
-1 0.5 -0.5 -0.708435 -0.330251 0.272515 1.20542e+10
-0.5 1 -0.5 -0.690018 -0.270549 0.260737 1.00508e+10
-1 1.5 -0.5 -0.586131 -0.312379 0.192639 6.6081e+09
0 -1.5 -0.5 -0.83673 -0.165539 0.272584 1.60763e+10
0.5 -1 -0.5 -0.823391 -0.101457 0.32101 1.80269e+10
0 -0.5 -0.5 -0.815245 -0.15897 0.312045 1.87887e+10
0.5 0 -0.5 -0.788405 -0.105462 0.344423 1.78505e+10
0 0.5 -0.5 -0.758108 -0.186599 0.311621 1.44004e+10
0.5 1 -0.5 -0.728409 -0.16276 0.289055 1.19685e+10
0 1.5 -0.5 -0.683533 -0.238836 0.202532 8.49308e+09
1 -1.5 -0.5 -0.81813 -0.0637626 0.321321 1.48916e+10
1.5 -1 -0.5 -0.787988 -0.00596033 0.362878 1.59298e+10
1 -0.5 -0.5 -0.794774 -0.0451797 0.360756 1.84043e+10
1.5 0 -0.5 -0.751751 -0.00603857 0.385025 1.70975e+10
1 0.5 -0.5 -0.74954 -0.0749287 0.350804 1.5489e+10
1.5 1 -0.5 -0.707986 -0.0810626 0.326721 1.2835e+10
1 1.5 -0.5 -0.707528 -0.177159 0.236886 1.00401e+10
2 -1.5 -0.5 -0.774113 0.0175711 0.353643 1.21107e+10
2.5 -1 -0.5 -0.727443 0.065945 0.38902 1.23495e+10
2 -0.5 -0.5 -0.742705 0.0388514 0.395727 1.56794e+10
2.5 0 -0.5 -0.683734 0.061889 0.414858 1.42494e+10
2 0.5 -0.5 -0.698696 0.00413442 0.387146 1.47064e+10
2.5 1 -0.5 -0.644236 -0.0277723 0.364243 1.20627e+10
2 1.5 -0.5 -0.674594 -0.129458 0.282209 1.06078e+10
-2.25 -0.75 -0.25 -0.610279 -0.105348 0.303934 2.96429e+09
-2.25 0.25 -0.25 -0.492451 -0.0233841 0.407346 2.64562e+09
-2.25 1.25 -0.25 -0.432306 0.295774 0.394093 1.93501e+09
-1.75 -1.25 -0.25 -0.701372 -0.0184127 0.285634 3.40341e+09
-1.25 -0.75 -0.25 -0.710868 0.071106 0.355002 4.29948e+09
-1.75 -0.25 -0.25 -0.625766 0.00412052 0.379642 3.52822e+09
-1.25 0.25 -0.25 -0.612917 0.142363 0.439252 3.66829e+09
-1.75 0.75 -0.25 -0.501838 0.175155 0.447417 2.62312e+09
-1.25 1.25 -0.25 -0.545179 0.373832 0.408873 2.52103e+09
-0.75 -1.25 -0.25 -0.754308 0.143224 0.339325 4.67559e+09
-0.25 -0.75 -0.25 -0.73589 0.229651 0.396246 5.65865e+09
-0.75 -0.25 -0.25 -0.695089 0.175713 0.415516 4.84605e+09
-0.25 0.25 -0.25 -0.650592 0.293672 0.455754 4.73257e+09
-0.75 0.75 -0.25 -0.584615 0.301579 0.457066 3.38288e+09
-0.25 1.25 -0.25 -0.584331 0.42783 0.40957 3.05737e+09
0.25 -1.25 -0.25 -0.750728 0.281232 0.381228 5.75803e+09
0.75 -0.75 -0.25 -0.708117 0.360351 0.427667 6.65463e+09
0.25 -0.25 -0.25 -0.691708 0.323433 0.44246 6.06293e+09
0.75 0.25 -0.25 -0.620897 0.418147 0.467175 5.64066e+09
0.25 0.75 -0.25 -0.590516 0.407129 0.455986 4.11145e+09
0.75 1.25 -0.25 -0.552632 0.472015 0.409869 3.4824e+09
1.25 -1.25 -0.25 -0.713259 0.392967 0.41005 6.27294e+09
1.75 -0.75 -0.25 -0.652413 0.46252 0.448819 6.91177e+09
1.25 -0.25 -0.25 -0.641848 0.440214 0.46325 6.83179e+09
1.75 0.25 -0.25 -0.553357 0.512623 0.479634 6.17204e+09
1.25 0.75 -0.25 -0.53614 0.49316 0.457599 4.68737e+09
1.75 1.25 -0.25 -0.466118 0.517425 0.413777 3.73396e+09
2.25 -1.25 -0.25 -0.66186 0.480299 0.425955 6.03324e+09
2.25 -0.25 -0.25 -0.571549 0.527498 0.478347 6.84786e+09
2.25 0.75 -0.25 -0.45052 0.561765 0.46919 5.01683e+09
-2.5 -1.5 0 -0.690838 -0.535852 -0.0217656 2.06863e+10
-2.5 -0.5 0 -0.644405 -0.579949 0.0192289 2.51449e+10
-2.5 0.5 0 -0.541149 -0.625174 0.0674306 2.18598e+10
-2.5 1.5 0 -0.36631 -0.602381 0.0962538 1.32285e+10
-1.5 -1.5 0 -0.777434 -0.415787 0.0708746 2.74833e+10
-2 -1 0 -0.729498 -0.48974 0.0431714 2.80419e+10
-1.5 -0.5 0 -0.758121 -0.43809 0.10711 3.52263e+10
-2 0 0 -0.676388 -0.530724 0.0829793 2.98183e+10
-1.5 0.5 0 -0.688548 -0.480703 0.136961 3.10102e+10
-2 1 0 -0.551027 -0.566886 0.110892 2.10102e+10
-1.5 1.5 0 -0.553556 -0.505587 0.123446 1.87527e+10
-0.5 -1.5 0 -0.817964 -0.306888 0.155538 3.17262e+10
-1 -1 0 -0.801006 -0.362279 0.132978 3.57971e+10
-0.5 -0.5 0 -0.812173 -0.307994 0.192533 4.29555e+10
-1 0 0 -0.771493 -0.386528 0.166023 3.97914e+10
-0.5 0.5 0 -0.767148 -0.343065 0.211613 3.96842e+10
-1 1 0 -0.682767 -0.436736 0.168577 2.86229e+10
-0.5 1.5 0 -0.67203 -0.406772 0.172589 2.50052e+10
0.5 -1.5 0 -0.822513 -0.214548 0.225697 3.16239e+10
0 -1 0 -0.82584 -0.25128 0.213046 3.94147e+10
0.5 -0.5 0 -0.820608 -0.199684 0.267109 4.51376e+10
0 0 0 -0.808304 -0.259798 0.24516 4.64782e+10
0.5 0.5 0 -0.789576 -0.227103 0.283563 4.49535e+10
0 1 0 -0.749051 -0.317571 0.234524 3.56839e+10
0.5 1.5 0 -0.727413 -0.316427 0.236188 3.06143e+10
1.5 -1.5 0 -0.79874 -0.139819 0.278761 2.73133e+10
1 -1 0 -0.815391 -0.161668 0.277804 3.72699e+10
1.5 -0.5 0 -0.795363 -0.117357 0.326093 4.06698e+10
1 0 0 -0.801669 -0.159378 0.313657 4.70488e+10
1.5 0.5 0 -0.771333 -0.138908 0.347487 4.46032e+10
1 1 0 -0.761556 -0.219496 0.302509 3.98404e+10
1.5 1.5 0 -0.732636 -0.237815 0.30634 3.37114e+10
2.5 -1.5 0 -0.750794 -0.0809775 0.314214 2.07411e+10
2 -1 0 -0.777056 -0.0936333 0.325306 3.04014e+10
2.5 -0.5 0 -0.742817 -0.0599983 0.368115 3.15197e+10
2 0 0 -0.763505 -0.0881326 0.367427 4.09187e+10
2.5 0.5 0 -0.722865 -0.0799419 0.398701 3.80932e+10
2 1 0 -0.735404 -0.143966 0.366354 3.92168e+10
2.5 1.5 0 -0.700106 -0.176824 0.371568 3.27422e+10
-2.25 -1.25 0.25 -0.666416 -0.0579914 0.0862575 5.00209e+09
-2.25 -0.25 0.25 -0.635058 -0.0414505 0.169191 6.00248e+09
-2.25 0.75 0.25 -0.593688 0.0702899 0.245074 5.61274e+09
-1.25 -1.25 0.25 -0.752191 0.0757508 0.169222 7.35256e+09
-1.75 -0.75 0.25 -0.70791 0.0131781 0.16581 6.98411e+09
-1.25 -0.25 0.25 -0.731825 0.0947442 0.24225 9.10679e+09
-1.75 0.25 0.25 -0.66976 0.0612324 0.247134 7.43511e+09
-1.25 0.75 0.25 -0.677207 0.179474 0.307472 8.05461e+09
-1.75 1.25 0.25 -0.644659 0.216628 0.27826 6.05828e+09
-0.25 -1.25 0.25 -0.781915 0.195957 0.241032 9.68945e+09
-0.75 -0.75 0.25 -0.767058 0.145268 0.240571 9.95921e+09
-0.25 -0.25 0.25 -0.760419 0.219523 0.307995 1.23565e+10
-0.75 0.25 0.25 -0.729087 0.185465 0.311 1.0568e+10
-0.25 0.75 0.25 -0.700347 0.276872 0.361689 1.06045e+10
-0.75 1.25 0.25 -0.680807 0.283259 0.334236 7.96212e+09
0.75 -1.25 0.25 -0.772402 0.29869 0.296721 1.12529e+10
0.25 -0.75 0.25 -0.771563 0.260587 0.303736 1.255e+10
0.75 -0.25 0.25 -0.74013 0.32571 0.362944 1.47531e+10
0.25 0.25 0.25 -0.727831 0.295555 0.36742 1.34912e+10
0.75 0.75 0.25 -0.672564 0.362668 0.410052 1.27195e+10
0.25 1.25 0.25 -0.66887 0.341791 0.385511 9.71638e+09
1.75 -1.25 0.25 -0.74073 0.384734 0.335372 1.14828e+10
1.25 -0.75 0.25 -0.741554 0.357336 0.352025 1.37945e+10
1.75 -0.25 0.25 -0.6922 0.412884 0.404373 1.53469e+10
1.25 0.25 0.25 -0.686645 0.387049 0.414516 1.53082e+10
1.75 0.75 0.25 -0.616568 0.43397 0.451912 1.38735e+10
1.25 1.25 0.25 -0.616021 0.398502 0.432219 1.08858e+10
2.25 -0.75 0.25 -0.694932 0.436882 0.385144 1.32764e+10
2.25 0.25 0.25 -0.625851 0.460612 0.450499 1.52993e+10
2.25 1.25 0.25 -0.541354 0.453448 0.473788 1.13788e+10
-2.5 -1 0.5 -0.647347 -0.596052 -0.102205 4.83143e+10
-2.5 0 0.5 -0.597204 -0.642187 -0.0610192 5.87141e+10
-2.5 1 0.5 -0.491088 -0.688521 -0.00767112 5.14302e+10
-2 -1.5 0.5 -0.71063 -0.528407 -0.0668689 4.77234e+10
-1.5 -1 0.5 -0.748837 -0.487702 5.13284e-05 6.73559e+10
-2 -0.5 0.5 -0.692641 -0.558089 -0.0340216 6.70825e+10
-1.5 0 0.5 -0.728085 -0.515691 0.0347989 8.64441e+10
-2 0.5 0.5 -0.635781 -0.60382 0.00666223 7.15064e+10
-1.5 1 0.5 -0.650555 -0.568624 0.0675782 7.55071e+10
-2 1.5 0.5 -0.50309 -0.64772 0.0456139 5.05391e+10
-1 -1.5 0.5 -0.775797 -0.435739 0.0339498 5.98204e+10
-0.5 -1 0.5 -0.800789 -0.388643 0.0983949 8.08398e+10
-1 -0.5 0.5 -0.7791 -0.442073 0.0675092 8.97322e+10
-0.5 0 0.5 -0.797195 -0.396905 0.133868 1.10081e+11
-1 0.5 0.5 -0.747121 -0.475867 0.100611 9.96879e+10
-0.5 1 0.5 -0.746386 -0.446923 0.156409 1.00276e+11
-1 1.5 0.5 -0.644055 -0.542528 0.114655 7.02295e+10
0 -1.5 0.5 -0.802134 -0.354332 0.123441 6.46596e+10
0.5 -1 0.5 -0.81398 -0.305563 0.183577 8.28575e+10
0 -0.5 0.5 -0.815758 -0.340574 0.162432 1.02399e+11
0.5 0 0.5 -0.818508 -0.297127 0.224328 1.19489e+11
0 0.5 0.5 -0.800139 -0.359346 0.195234 1.211e+11
0.5 1 0.5 -0.787305 -0.338084 0.245348 1.17498e+11
0 1.5 0.5 -0.729414 -0.434827 0.197837 8.99094e+10
1 -1.5 0.5 -0.797442 -0.286812 0.196289 6.0168e+10
1.5 -1 0.5 -0.796641 -0.240774 0.251308 7.2609e+10
1 -0.5 0.5 -0.81514 -0.259774 0.242759 9.93149e+10
1.5 0 0.5 -0.805172 -0.22223 0.299247 1.10287e+11
1 0.5 0.5 -0.808418 -0.264991 0.280471 1.26332e+11
1.5 1 0.5 -0.787312 -0.251056 0.326526 1.20138e+11
1 1.5 0.5 -0.76282 -0.338541 0.282256 1.02923e+11
2 -1.5 0.5 -0.765414 -0.233425 0.250573 4.84738e+10
2.5 -1 0.5 -0.751274 -0.194421 0.299931 5.47292e+10
2 -0.5 0.5 -0.785139 -0.20163 0.305061 8.19969e+10
2.5 0 0.5 -0.763801 -0.173846 0.356078 8.63583e+10
2 0.5 0.5 -0.785561 -0.197688 0.350546 1.12838e+11
2.5 1 0.5 -0.759072 -0.188882 0.394772 1.06451e+11
2 1.5 0.5 -0.759743 -0.255674 0.362893 1.04568e+11
-2.25 -0.75 0.75 -0.69957 -0.0805805 -0.0433335 1.03954e+10
-2.25 0.25 0.75 -0.712793 -0.0559888 0.0443319 1.28504e+10
-2.25 1.25 0.75 -0.738469 0.0135389 0.131361 1.29613e+10
-1.75 -1.25 0.75 -0.741896 -0.0283497 -0.0244862 1.08628e+10
-1.25 -0.75 0.75 -0.78355 0.0255757 0.0610681 1.58623e+10
-1.75 -0.25 0.75 -0.754397 -0.0207578 0.0482211 1.49616e+10
-1.25 0.25 0.75 -0.790688 0.0435828 0.141191 2.02513e+10
-1.75 0.75 0.75 -0.762141 0.0199718 0.139223 1.67691e+10
-1.25 1.25 0.75 -0.780674 0.0923033 0.221868 1.89611e+10
-0.75 -1.25 0.75 -0.798142 0.0741034 0.0782471 1.51913e+10
-0.25 -0.75 0.75 -0.815898 0.126392 0.156921 2.14704e+10
-0.75 -0.25 0.75 -0.809386 0.0825869 0.147455 2.20677e+10
-0.25 0.25 0.75 -0.813265 0.139957 0.233446 2.81191e+10
-0.75 0.75 0.75 -0.798899 0.108242 0.230772 2.43231e+10
-0.25 1.25 0.75 -0.781345 0.162016 0.308065 2.49618e+10
0.25 -1.25 0.75 -0.813872 0.168219 0.164536 1.88167e+10
0.75 -0.75 0.75 -0.810317 0.217439 0.234969 2.52407e+10
0.25 -0.25 0.75 -0.815541 0.178805 0.235461 2.83376e+10
0.75 0.25 0.75 -0.794682 0.229158 0.313459 3.38737e+10
0.25 0.75 0.75 -0.79143 0.194177 0.315606 3.13426e+10
0.75 1.25 0.75 -0.748542 0.234217 0.386086 2.97743e+10
1.25 -1.25 0.75 -0.802232 0.253972 0.230255 2.05156e+10
1.75 -0.75 0.75 -0.78157 0.300369 0.293744 2.58809e+10
1.25 -0.25 0.75 -0.789357 0.264979 0.305504 3.12275e+10
1.75 0.25 0.75 -0.751656 0.307412 0.374888 3.49836e+10
1.25 0.75 0.75 -0.753127 0.273187 0.387042 3.55166e+10
1.75 1.25 0.75 -0.698133 0.298915 0.449507 3.20149e+10
2.25 -1.25 0.75 -0.774474 0.329554 0.273379 1.94569e+10
2.25 -0.25 0.75 -0.745631 0.342964 0.357572 3.00184e+10
2.25 0.75 0.75 -0.698874 0.341145 0.440076 3.49656e+10
-2.5 -1.5 1 -0.631078 -0.626426 -0.186496 7.97369e+10
-2.5 -0.5 1 -0.600307 -0.664827 -0.154073 1.16277e+11
-2.5 0.5 1 -0.539678 -0.713287 -0.104839 1.40255e+11
-2.5 1.5 1 -0.414648 -0.760434 -0.0308318 1.20881e+11
-1.5 -1.5 1 -0.720482 -0.549146 -0.0765728 1.08284e+11
-2 -1 1 -0.677363 -0.598938 -0.117785 1.1877e+11
-1.5 -0.5 1 -0.72032 -0.563594 -0.0466402 1.70247e+11
-2 0 1 -0.65088 -0.633215 -0.0821035 1.64392e+11
-1.5 0.5 1 -0.69156 -0.597608 -0.00714873 2.15535e+11
-2 1 1 -0.582451 -0.683718 -0.029869 1.73677e+11
-1.5 1.5 1 -0.591077 -0.660533 0.0433045 1.80068e+11
-0.5 -1.5 1 -0.767462 -0.478744 0.027765 1.27002e+11
-1 -1 1 -0.756472 -0.51183 -0.00788878 1.5553e+11
-0.5 -0.5 1 -0.786417 -0.468921 0.061954 2.12922e+11
-1 0 1 -0.755995 -0.52314 0.0264833 2.30466e+11
-0.5 0.5 1 -0.779528 -0.483213 0.100319 2.86382e+11
-1 1 1 -0.71314 -0.566165 0.0678712 2.49337e+11
-0.5 1.5 1 -0.707153 -0.548184 0.136243 2.42628e+11
0.5 -1.5 1 -0.780771 -0.41824 0.117664 1.28263e+11
0 -1 1 -0.792494 -0.43536 0.0933923 1.7372e+11
0.5 -0.5 1 -0.809689 -0.389746 0.159328 2.24581e+11
0 0 1 -0.807017 -0.424601 0.132366 2.72802e+11
0.5 0.5 1 -0.815853 -0.383986 0.201844 3.20783e+11
0 1 1 -0.786681 -0.450766 0.171492 3.14802e+11
0.5 1.5 1 -0.772512 -0.4358 0.233216 2.94781e+11
1.5 -1.5 1 -0.763793 -0.370092 0.188835 1.11024e+11
1 -1 1 -0.795274 -0.372978 0.17864 1.65574e+11
1.5 -0.5 1 -0.801249 -0.328935 0.239523 2.01348e+11
1 0 1 -0.817178 -0.346126 0.224863 2.71078e+11
1.5 0.5 1 -0.814436 -0.308926 0.288332 3.02376e+11
1 1 1 -0.811112 -0.353491 0.266816 3.37262e+11
1.5 1.5 1 -0.791035 -0.341964 0.321784 3.08452e+11
2.5 -1.5 1 -0.720673 -0.330648 0.241081 8.43059e+10
2 -1 1 -0.766833 -0.328099 0.244203 1.33823e+11
2.5 -0.5 1 -0.760816 -0.291412 0.299097 1.51519e+11
2 0 1 -0.798092 -0.290112 0.299431 2.2905e+11
2.5 0.5 1 -0.786623 -0.259767 0.356996 2.42905e+11
2 1 1 -0.802559 -0.281592 0.347452 3.09114e+11
2.5 1.5 1 -0.783074 -0.265882 0.400605 2.88672e+11
-2.25 -1.25 1.25 -0.710117 -0.283477 -0.178109 2.35673e+10
-2.25 -0.25 1.25 -0.719639 -0.298059 -0.113052 3.38483e+10
-2.25 0.75 1.25 -0.732185 -0.291994 -0.0177547 4.20676e+10
-1.25 -1.25 1.25 -0.793978 -0.188272 -0.0622978 3.42672e+10
-1.75 -0.75 1.25 -0.766253 -0.243157 -0.0916498 3.58044e+10
-1.25 -0.25 1.25 -0.812492 -0.195846 -0.000875621 5.28774e+10
-1.75 0.25 1.25 -0.778702 -0.247846 -0.0159088 4.95034e+10
-1.25 0.75 1.25 -0.819696 -0.191695 0.0879716 6.76685e+10
-1.75 1.25 1.25 -0.783445 -0.226489 0.0921801 5.51303e+10
-0.25 -1.25 1.25 -0.835438 -0.0917657 0.0431869 4.41917e+10
-0.75 -0.75 1.25 -0.831011 -0.141863 0.0216349 5.08602e+10
-0.25 -0.25 1.25 -0.854741 -0.0918569 0.10767 7.21941e+10
-0.75 0.25 1.25 -0.843811 -0.144551 0.0938636 7.41057e+10
-0.25 0.75 1.25 -0.853772 -0.0927419 0.192435 9.40299e+10
-0.75 1.25 1.25 -0.830944 -0.135132 0.195118 8.02075e+10
0.75 -1.25 1.25 -0.845452 0.00403274 0.128656 5.03466e+10
0.25 -0.75 1.25 -0.85391 -0.0426624 0.120674 6.29274e+10
0.75 -0.25 1.25 -0.857402 0.00682119 0.19954 8.39611e+10
0.25 0.25 1.25 -0.861393 -0.0416565 0.196173 9.50588e+10
0.75 0.75 1.25 -0.848653 0.0069961 0.287315 1.12507e+11
0.25 1.25 1.25 -0.837233 -0.0434428 0.292095 1.02197e+11
1.75 -1.25 1.25 -0.831807 0.0973918 0.189876 4.99585e+10
1.25 -0.75 1.25 -0.847314 0.0537406 0.19918 6.76875e+10
1.75 -0.25 1.25 -0.834705 0.101726 0.271513 8.44451e+10
1.25 0.25 1.25 -0.844829 0.0534941 0.280122 1.02735e+11
1.75 0.75 1.25 -0.817311 0.0934553 0.360487 1.13318e+11
1.25 1.25 1.25 -0.815349 0.049198 0.376464 1.15535e+11
2.25 -0.75 1.25 -0.819618 0.145664 0.253824 6.25595e+10
2.25 0.25 1.25 -0.808241 0.143646 0.344715 9.65184e+10
2.25 1.25 1.25 -0.774933 0.123984 0.437225 1.10553e+11
-2.5 -1 1.5 -0.633437 -0.466924 -0.153009 9.85588e+10
-2.5 0 1.5 -0.622145 -0.504296 -0.115245 1.46888e+11
-2.5 1 1.5 -0.593547 -0.541274 -0.0591032 1.90145e+11
-2 -1.5 1.5 -0.683738 -0.405953 -0.112277 9.47382e+10
-1.5 -1 1.5 -0.731619 -0.3743 -0.0434699 1.47813e+11
-2 -0.5 1.5 -0.690074 -0.437573 -0.0827844 1.5462e+11
-1.5 0 1.5 -0.739876 -0.401901 -0.00909881 2.34392e+11
-2 0.5 1.5 -0.68172 -0.472084 -0.0407808 2.21845e+11
-1.5 1 1.5 -0.723523 -0.439999 0.0386411 3.098e+11
-2 1.5 1.5 -0.635851 -0.517419 0.0218051 2.54132e+11
-1 -1.5 1.5 -0.750356 -0.317298 -0.00497801 1.28309e+11
-0.5 -1 1.5 -0.785324 -0.278369 0.0622171 1.92449e+11
-1 -0.5 1.5 -0.773256 -0.336594 0.0276428 2.23645e+11
-0.5 0 1.5 -0.80451 -0.295901 0.100942 3.21398e+11
-1 0.5 1.5 -0.776904 -0.364536 0.0677496 3.34553e+11
-0.5 1 1.5 -0.794855 -0.332876 0.146053 4.3085e+11
-1 1.5 1.5 -0.736556 -0.415626 0.120191 3.70391e+11
0 -1.5 1.5 -0.783079 -0.227257 0.0901182 1.52558e+11
0.5 -1 1.5 -0.805042 -0.184566 0.15359 2.17044e+11
0 -0.5 1.5 -0.811017 -0.236033 0.130945 2.75397e+11
0.5 0 1.5 -0.824186 -0.194101 0.20109 3.67529e+11
0 0.5 1.5 -0.821274 -0.25765 0.175659 4.26673e+11
0.5 1 1.5 -0.822225 -0.227195 0.249442 5.1103e+11
0 1.5 1.5 -0.79061 -0.311732 0.222046 4.77136e+11
1 -1.5 1.5 -0.788296 -0.137167 0.166931 1.58143e+11
1.5 -1 1.5 -0.796813 -0.0934903 0.226029 2.10162e+11
1 -0.5 1.5 -0.815931 -0.141667 0.218471 2.90613e+11
1.5 0 1.5 -0.814713 -0.102273 0.284196 3.61114e+11
1 0.5 1.5 -0.823524 -0.157041 0.27132 4.49242e+11
1.5 1 1.5 -0.810169 -0.129663 0.338339 4.9611e+11
1 1.5 1.5 -0.808507 -0.207998 0.317402 5.35825e+11
2 -1.5 1.5 -0.772152 -0.0483298 0.22362 1.43716e+11
2.5 -1 1.5 -0.767641 -0.00604616 0.278189 1.77064e+11
2 -0.5 1.5 -0.79374 -0.052442 0.28645 2.60614e+11
2.5 0 1.5 -0.779551 -0.0177476 0.347065 2.98945e+11
2 0.5 1.5 -0.802446 -0.0705515 0.348747 4.12586e+11
2.5 1 1.5 -0.781438 -0.0494633 0.409767 4.32198e+11
2 1.5 1.5 -0.78763 -0.114351 0.398732 4.92146e+11
