449
-2.5 -1 -1.5 -0.168554 0.135783 0.729421 8.20916e+09
-2.5 0 -1.5 -0.155117 0.176224 0.647419 1.08489e+10
-2.5 1 -1.5 -0.1117 0.223782 0.569481 1.53979e+10
-2 -1.5 -1.5 -0.14883 0.0953165 0.768642 7.07521e+09
-1.5 -1 -1.5 -0.132766 0.0934832 0.721177 7.63867e+09
-2 -0.5 -1.5 -0.148517 0.133218 0.686289 8.96426e+09
-1.5 0 -1.5 -0.122271 0.132465 0.639969 9.89435e+09
-2 0.5 -1.5 -0.123757 0.175452 0.605971 1.21641e+10
-1.5 1 -1.5 -0.0861152 0.177069 0.561245 1.38026e+10
-2 1.5 -1.5 -0.0667766 0.226093 0.52902 1.78325e+10
-1 -1.5 -1.5 -0.110099 0.0549282 0.750068 6.74142e+09
-0.5 -1 -1.5 -0.0921218 0.0570948 0.694858 7.27271e+09
-1 -0.5 -1.5 -0.110918 0.0939874 0.670094 8.32297e+09
-0.5 0 -1.5 -0.0837757 0.0968423 0.61578 9.14556e+09
-1 0.5 -1.5 -0.0901943 0.133937 0.590539 1.10307e+10
-0.5 1 -1.5 -0.0528536 0.137864 0.537907 1.24184e+10
-1 1.5 -1.5 -0.0425025 0.182107 0.512652 1.58546e+10
0 -1.5 -1.5 -0.0681923 0.0219947 0.712476 6.62892e+09
0.5 -1 -1.5 -0.0494905 0.0291719 0.650436 7.15077e+09
0 -0.5 -1.5 -0.0693029 0.0617003 0.636164 7.90393e+09
0.5 0 -1.5 -0.0425237 0.0678628 0.574473 8.64733e+09
0 0.5 -1.5 -0.0521219 0.101652 0.55849 1.0129e+10
0.5 1 -1.5 -0.0181141 0.107365 0.498762 1.12979e+10
0 1.5 -1.5 -0.0125444 0.143865 0.482259 1.41082e+10
1 -1.5 -1.5 -0.0262761 -0.000248301 0.657708 6.796e+09
1.5 -1 -1.5 -0.00893185 0.0123427 0.590572 7.34495e+09
1 -0.5 -1.5 -0.0273314 0.0379561 0.585259 7.75932e+09
1.5 0 -1.5 -0.00353824 0.0462949 0.517891 8.45766e+09
1 0.5 -1.5 -0.0137912 0.073929 0.510584 9.51413e+09
1.5 1 -1.5 0.0136099 0.0783537 0.445281 1.05014e+10
1 1.5 -1.5 0.0145873 0.113011 0.437014 1.26602e+10
2 -1.5 -1.5 0.0123427 -0.00893185 0.590572 7.34495e+09
2.5 -1 -1.5 0.0248999 0.00930406 0.521195 7.96996e+09
2 -0.5 -1.5 0.00930406 0.0248999 0.521195 7.96996e+09
2.5 0 -1.5 0.0259022 0.0348662 0.450719 8.64794e+09
2 0.5 -1.5 0.0191791 0.0519417 0.449352 9.23027e+09
2.5 1 -1.5 0.0365853 0.0538164 0.380292 1.00429e+10
2 1.5 -1.5 0.0343789 0.0812623 0.378924 1.15928e+10
-2.25 -0.75 -1.25 0.314385 0.175101 0.698112 3.33778e+09
-2.25 0.25 -1.25 0.357083 0.182773 0.628184 4.54683e+09
-2.25 1.25 -1.25 0.399196 0.187098 0.566899 6.66241e+09
-1.75 -1.25 -1.25 0.308916 0.193303 0.718314 2.89763e+09
-1.25 -0.75 -1.25 0.346324 0.221048 0.659696 3.2308e+09
-1.75 -0.25 -1.25 0.352599 0.200271 0.644556 3.77267e+09
-1.25 0.25 -1.25 0.388214 0.221206 0.588382 4.29934e+09
-1.75 0.75 -1.25 0.394232 0.201619 0.577494 5.28118e+09
-1.25 1.25 -1.25 0.428795 0.218354 0.522628 6.18831e+09
-0.75 -1.25 -1.25 0.336565 0.242769 0.672687 2.8621e+09
-0.25 -0.75 -1.25 0.370276 0.268397 0.606653 3.17584e+09
-0.75 -0.25 -1.25 0.381067 0.244483 0.598151 3.62766e+09
-0.25 0.25 -1.25 0.412824 0.263885 0.533156 4.09463e+09
-0.75 0.75 -1.25 0.420854 0.238808 0.528665 4.93099e+09
-0.25 1.25 -1.25 0.448784 0.253105 0.46514 5.67781e+09
0.25 -1.25 -1.25 0.355637 0.292205 0.613065 2.8978e+09
0.75 -0.75 -1.25 0.384904 0.315422 0.540137 3.2003e+09
0.25 -0.25 -1.25 0.400739 0.289601 0.537129 3.53807e+09
0.75 0.25 -1.25 0.426566 0.305211 0.464367 3.94645e+09
0.25 0.75 -1.25 0.440066 0.278514 0.464742 4.63417e+09
0.75 1.25 -1.25 0.460559 0.286746 0.393416 5.23377e+09
1.25 -1.25 -1.25 0.364471 0.34068 0.541889 3.03965e+09
1.75 -0.75 -1.25 0.387331 0.360809 0.463711 3.34281e+09
1.25 -0.25 -1.25 0.409707 0.332913 0.463873 3.53605e+09
1.75 0.25 -1.25 0.428303 0.34267 0.385156 3.88931e+09
1.25 0.75 -1.25 0.445605 0.313418 0.389123 4.3866e+09
1.75 1.25 -1.25 0.454174 0.312817 0.311976 4.83117e+09
2.25 -1.25 -1.25 0.360809 0.387331 0.463711 3.34281e+09
2.25 -0.25 -1.25 0.40399 0.373922 0.382932 3.65839e+09
2.25 0.75 -1.25 0.437181 0.342262 0.305096 4.22866e+09
-2.5 -1.5 -1 -0.0590398 0.130385 0.769424 1.23679e+10
-2.5 -0.5 -1 -0.0434302 0.162407 0.687897 1.58258e+10
-2.5 0.5 -1 -0.00620421 0.195366 0.610159 2.16493e+10
-2.5 1.5 -1 0.0590799 0.230993 0.537906 3.18856e+10
-1.5 -1.5 -1 -0.0202464 0.111852 0.754394 1.17377e+10
-2 -1 -1 -0.0345981 0.136733 0.723277 1.34239e+10
-1.5 -0.5 -1 -0.0053219 0.144252 0.673297 1.47146e+10
-2 0 -1 -0.0098726 0.167992 0.642816 1.75947e+10
-1.5 0.5 -1 0.0284286 0.174684 0.594469 1.97526e+10
-2 1 -1 0.0377202 0.200945 0.566749 2.47611e+10
-1.5 1.5 -1 0.0871041 0.209684 0.518572 2.86235e+10
-0.5 -1.5 -1 0.0204843 0.098916 0.721168 1.14169e+10
-1 -1 -1 0.00549197 0.121379 0.700105 1.27204e+10
-0.5 -0.5 -1 0.0350535 0.132584 0.642099 1.38793e+10
-1 0 -1 0.0281887 0.15325 0.619879 1.62604e+10
-0.5 0.5 -1 0.0654441 0.164296 0.562735 1.80919e+10
-1 1 -1 0.0713448 0.183688 0.542091 2.23672e+10
-0.5 1.5 -1 0.118065 0.195319 0.485249 2.55126e+10
0.5 -1.5 -1 0.0606365 0.0934782 0.670445 1.1479e+10
0 -1 -1 0.0465127 0.112523 0.659457 1.23412e+10
0.5 -0.5 -1 0.0751977 0.127642 0.594024 1.34034e+10
0 0 -1 0.0677619 0.145427 0.580452 1.52281e+10
0.5 0.5 -1 0.102389 0.158969 0.515447 1.67672e+10
0 1 -1 0.105338 0.177095 0.501833 2.02304e+10
0.5 1.5 -1 0.144632 0.190641 0.43747 2.2664e+10
1.5 -1.5 -1 0.0974028 0.0974028 0.605289 1.20664e+10
1 -1 -1 0.0855263 0.11129 0.602457 1.2391e+10
1.5 -0.5 -1 0.111255 0.12918 0.531222 1.34085e+10
1 0 -1 0.10525 0.142966 0.525352 1.45967e+10
1.5 0.5 -1 0.134269 0.156115 0.454392 1.58901e+10
1 1 -1 0.136136 0.171398 0.447781 1.84722e+10
1.5 1.5 -1 0.165141 0.181781 0.377852 2.02621e+10
2.5 -1.5 -1 0.12918 0.111255 0.531222 1.34085e+10
2 -1 -1 0.118901 0.118901 0.533124 1.303e+10
2.5 -0.5 -1 0.138224 0.138224 0.458835 1.40613e+10
2 0 -1 0.135457 0.144564 0.457835 1.45002e+10
2.5 0.5 -1 0.15551 0.154836 0.383392 1.55729e+10
2 1 -1 0.159324 0.165068 0.381982 1.7197e+10
2.5 1.5 -1 0.176045 0.170196 0.30838 1.83666e+10
-2.25 -1.25 -0.75 0.207252 0.165173 0.731844 4.08296e+09
-2.25 -0.25 -0.75 0.239213 0.181845 0.656183 5.32131e+09
-2.25 0.75 -0.75 0.272014 0.196836 0.587692 7.41726e+09
-1.25 -1.25 -0.75 0.242204 0.196967 0.697021 3.97675e+09
-1.75 -0.75 -0.75 0.241636 0.188138 0.677866 4.53253e+09
-1.25 -0.25 -0.75 0.274125 0.207445 0.621515 5.0696e+09
-1.75 0.25 -0.75 0.272603 0.198735 0.605371 6.04171e+09
-1.25 0.75 -0.75 0.303308 0.212996 0.551853 6.89718e+09
-1.75 1.25 -0.75 0.304556 0.210986 0.538953 8.63976e+09
-0.25 -1.25 -0.75 0.270315 0.230528 0.647141 3.94823e+09
-0.75 -0.75 -0.75 0.273714 0.218576 0.635747 4.39294e+09
-0.25 -0.25 -0.75 0.302618 0.236681 0.571713 4.8696e+09
-0.75 0.25 -0.75 0.304137 0.223689 0.562507 5.69625e+09
-0.25 0.75 -0.75 0.330899 0.237259 0.50024 6.4158e+09
-0.75 1.25 -0.75 0.330519 0.225821 0.494581 7.90014e+09
0.75 -1.25 -0.75 0.289415 0.264343 0.584024 4.02835e+09
0.25 -0.75 -0.75 0.298074 0.250664 0.579012 4.33354e+09
0.75 -0.25 -0.75 0.322421 0.266599 0.507834 4.75842e+09
0.25 0.25 -0.75 0.328055 0.251008 0.504686 5.40352e+09
0.75 0.75 -0.75 0.3473 0.25951 0.435614 5.97261e+09
0.25 1.25 -0.75 0.351361 0.24683 0.435446 7.20607e+09
1.75 -1.25 -0.75 0.297877 0.297877 0.511039 4.27658e+09
1.25 -0.75 -0.75 0.31196 0.282244 0.510166 4.39417e+09
1.75 -0.25 -0.75 0.329342 0.294089 0.43389 4.77448e+09
1.25 0.25 -0.75 0.341382 0.276161 0.434475 5.20393e+09
1.75 0.75 -0.75 0.352394 0.276859 0.360238 5.6268e+09
1.25 1.25 -0.75 0.3568 0.260297 0.365585 6.52675e+09
2.25 -0.75 -0.75 0.312694 0.312694 0.433696 4.6376e+09
2.25 0.25 -0.75 0.339845 0.297738 0.356337 5.13231e+09
2.25 1.25 -0.75 0.350558 0.26622 0.286711 5.9588e+09
-2.5 -1 -0.5 0.00392589 0.157462 0.724549 1.89854e+10
-2.5 0 -0.5 0.0357265 0.186394 0.644218 2.5006e+10
-2.5 1 -0.5 0.0897336 0.214828 0.569474 3.52294e+10
-2 -1.5 -0.5 0.0145301 0.138058 0.759018 1.65004e+10
-1.5 -1 -0.5 0.0440348 0.150801 0.706882 1.79201e+10
-2 -0.5 -0.5 0.0368806 0.168072 0.676811 2.08732e+10
-1.5 0 -0.5 0.0737806 0.179148 0.625692 2.31416e+10
-2 0.5 -0.5 0.077544 0.1949 0.598242 2.81832e+10
-1.5 1 -0.5 0.123452 0.204893 0.548242 3.20091e+10
-2 1.5 -0.5 0.141995 0.223915 0.523741 4.08439e+10
-1 -1.5 -0.5 0.0553331 0.133471 0.732286 1.5896e+10
-0.5 -1 -0.5 0.0850912 0.149536 0.672435 1.71955e+10
-1 -0.5 -0.5 0.0770602 0.164431 0.651017 1.95962e+10
-0.5 0 -0.5 0.112947 0.179451 0.5914 2.15309e+10
-1 0.5 -0.5 0.114027 0.191738 0.570774 2.58135e+10
-0.5 1 -0.5 0.157224 0.20702 0.511194 2.89163e+10
-1 1.5 -0.5 0.173831 0.2184 0.492746 3.65798e+10
0 -1.5 -0.5 0.0959304 0.134548 0.687962 1.57076e+10
0.5 -1 -0.5 0.124831 0.15434 0.621208 1.69157e+10
0 -0.5 -0.5 0.117262 0.166985 0.608729 1.86706e+10
0.5 0 -0.5 0.150836 0.185602 0.541138 2.03083e+10
0 0.5 -0.5 0.150939 0.196203 0.527672 2.37225e+10
0.5 1 -0.5 0.189294 0.213503 0.460149 2.60969e+10
0 1.5 -0.5 0.201447 0.22433 0.446947 3.23854e+10
1 -1.5 -0.5 0.133543 0.143138 0.627666 1.60793e+10
1.5 -1 -0.5 0.159902 0.166286 0.555435 1.72615e+10
1 -0.5 -0.5 0.154718 0.174874 0.550633 1.82403e+10
1.5 0 -0.5 0.183748 0.194434 0.476882 1.96261e+10
1 0.5 -0.5 0.184021 0.203904 0.470178 2.20409e+10
1.5 1 -0.5 0.213725 0.219593 0.396737 2.37381e+10
1 1.5 -0.5 0.224411 0.229809 0.389293 2.85018e+10
2 -1.5 -0.5 0.166286 0.159902 0.555435 1.72615e+10
2.5 -1 -0.5 0.188229 0.185073 0.480072 1.84938e+10
2 -0.5 -0.5 0.185073 0.188229 0.480072 1.84938e+10
2.5 0 -0.5 0.206097 0.206079 0.402828 1.96872e+10
2 0.5 -0.5 0.209025 0.210257 0.401106 2.09679e+10
2.5 1 -0.5 0.227906 0.220031 0.324327 2.20414e+10
2 1.5 -0.5 0.236592 0.231607 0.321416 2.51478e+10
-2.25 -0.75 -0.25 0.142528 0.175911 0.688514 5.60264e+09
-2.25 0.25 -0.25 0.165019 0.198415 0.612536 7.4536e+09
-2.25 1.25 -0.25 0.191222 0.227437 0.541736 1.05539e+10
-1.75 -1.25 -0.25 0.151325 0.171811 0.714922 4.88289e+09
-1.25 -0.75 -0.25 0.180264 0.189612 0.657984 5.37012e+09
-1.75 -0.25 -0.25 0.172382 0.191629 0.636494 6.24037e+09
-1.25 0.25 -0.25 0.200176 0.204706 0.582383 6.98198e+09
-1.75 0.75 -0.25 0.193503 0.210076 0.563613 8.46973e+09
-1.25 1.25 -0.25 0.21889 0.221473 0.511136 9.64016e+09
-0.75 -1.25 -0.25 0.186782 0.189746 0.675908 4.77148e+09
-0.25 -0.75 -0.25 0.212878 0.206846 0.612229 5.20966e+09
-0.75 -0.25 -0.25 0.207276 0.204589 0.598776 5.92663e+09
-0.25 0.25 -0.25 0.231427 0.217196 0.536984 6.54172e+09
-0.75 0.75 -0.25 0.225184 0.21651 0.525329 7.82128e+09
-0.25 1.25 -0.25 0.246157 0.227151 0.465045 8.73766e+09
0.25 -1.25 -0.25 0.215086 0.209223 0.62231 4.75721e+09
0.75 -0.75 -0.25 0.236807 0.224889 0.552795 5.14932e+09
0.25 -0.25 -0.25 0.236183 0.22102 0.545935 5.68627e+09
0.75 0.25 -0.25 0.255475 0.231439 0.47721 6.1807e+09
0.25 0.75 -0.25 0.251382 0.226931 0.472667 7.19202e+09
0.75 1.25 -0.25 0.262409 0.230946 0.407617 7.8064e+09
1.25 -1.25 -0.25 0.233694 0.229212 0.55671 4.8877e+09
1.75 -0.75 -0.25 0.24903 0.242372 0.483093 5.24476e+09
1.25 -0.25 -0.25 0.254472 0.236274 0.480862 5.55014e+09
1.75 0.25 -0.25 0.265539 0.240788 0.407846 5.92051e+09
1.25 0.75 -0.25 0.267338 0.235074 0.407674 6.64136e+09
1.75 1.25 -0.25 0.26798 0.229665 0.339128 6.97417e+09
2.25 -1.25 -0.25 0.242372 0.24903 0.483093 5.24476e+09
2.25 -0.25 -0.25 0.257888 0.249029 0.40815 5.57478e+09
2.25 0.75 -0.25 0.26828 0.236222 0.335234 6.18883e+09
-2.5 -1.5 0 0.0262342 0.153031 0.76132 2.0084e+10
-2.5 -0.5 0 0.0533233 0.182825 0.678082 2.5493e+10
-2.5 0.5 0 0.0990465 0.209072 0.599107 3.44127e+10
-2.5 1.5 0 0.168658 0.234479 0.525137 4.9508e+10
-1.5 -1.5 0 0.067554 0.152504 0.741933 1.92048e+10
-2 -1 0 0.0582337 0.167657 0.711848 2.1821e+10
-1.5 -0.5 0 0.0936787 0.182418 0.658503 2.38941e+10
-2 0 0 0.0928292 0.19494 0.629512 2.83145e+10
-1.5 0.5 0 0.135713 0.207502 0.577365 3.16274e+10
-2 1 0 0.147735 0.219034 0.551826 3.91326e+10
-1.5 1.5 0 0.200537 0.232269 0.498788 4.46991e+10
-0.5 -1.5 0 0.109236 0.156262 0.705131 1.87234e+10
-1 -1 0 0.0997647 0.169732 0.684453 2.07842e+10
-0.5 -0.5 0 0.134466 0.187888 0.623146 2.25675e+10
-1 0 0 0.132028 0.197846 0.601515 2.628e+10
-0.5 0.5 0 0.172633 0.215205 0.540118 2.89568e+10
-1 1 0 0.181595 0.222627 0.520286 3.54392e+10
-0.5 1.5 0 0.229877 0.24159 0.457196 3.96901e+10
0.5 -1.5 0 0.148853 0.166027 0.651435 1.8744e+10
0 -1 0 0.140938 0.1767 0.640409 2.01307e+10
0.5 -0.5 0 0.173919 0.198298 0.571623 2.16424e+10
0 0 0 0.170805 0.207586 0.55768 2.4521e+10
0.5 0.5 0 0.207356 0.228716 0.487872 2.65733e+10
0 1 0 0.214387 0.234996 0.473748 3.18524e+10
0.5 1.5 0 0.254623 0.255688 0.40282 3.46787e+10
1.5 -1.5 0 0.183644 0.183644 0.583408 1.94853e+10
1 -1 0 0.178675 0.189792 0.580432 2.00141e+10
1.5 -0.5 0 0.208045 0.213477 0.505595 2.12996e+10
1 0 0 0.206628 0.22045 0.498841 2.31957e+10
1.5 0.5 0 0.236579 0.241399 0.422796 2.46325e+10
1 1 0 0.241676 0.249589 0.414333 2.8508e+10
1.5 1.5 0 0.27009 0.268147 0.337878 3.00037e+10
2.5 -1.5 0 0.213477 0.208045 0.505595 2.12996e+10
2 -1 0 0.209917 0.209917 0.507825 2.06858e+10
2.5 -0.5 0 0.233672 0.233672 0.429252 2.1781e+10
2 0 0 0.234568 0.235119 0.427721 2.24761e+10
2.5 0.5 0 0.254631 0.25181 0.34815 2.33671e+10
2 1 0 0.260079 0.258827 0.344634 2.57149e+10
2.5 1.5 0 0.273671 0.271555 0.265468 2.60011e+10
-2.25 -1.25 0.25 0.0659326 0.16597 0.72539 5.46095e+09
-2.25 -0.25 0.25 0.0780803 0.195969 0.642873 6.9683e+09
-2.25 0.75 0.25 0.0945018 0.229285 0.564163 9.39616e+09
-1.25 -1.25 0.25 0.105971 0.168756 0.698129 5.26661e+09
-1.75 -0.75 0.25 0.0915113 0.18048 0.672525 5.97504e+09
-1.25 -0.25 0.25 0.116318 0.192712 0.617335 6.56492e+09
-1.75 0.25 0.25 0.103659 0.206833 0.592397 7.7602e+09
-1.25 0.75 0.25 0.126477 0.216446 0.539481 8.64413e+09
-1.75 1.25 0.25 0.117403 0.239717 0.514978 1.06181e+10
-0.25 -1.25 0.25 0.142302 0.174274 0.655202 5.15641e+09
-0.75 -0.75 0.25 0.130153 0.182945 0.638496 5.7224e+09
-0.25 -0.25 0.25 0.152246 0.195108 0.576582 6.21332e+09
-0.75 0.25 0.25 0.13868 0.203115 0.559966 7.21033e+09
-0.25 0.75 0.25 0.157503 0.212563 0.499933 7.87779e+09
-0.75 1.25 0.25 0.146475 0.226835 0.482876 9.58759e+09
0.75 -1.25 0.25 0.170553 0.181201 0.598575 5.15521e+09
0.25 -0.75 0.25 0.163305 0.187892 0.589701 5.54625e+09
0.75 -0.25 0.25 0.180978 0.198673 0.521967 5.93444e+09
0.25 0.25 0.25 0.171068 0.205246 0.51231 6.7116e+09
0.75 0.75 0.25 0.185074 0.212303 0.446194 7.16454e+09
0.25 1.25 0.25 0.170755 0.220031 0.437789 8.4947e+09
1.75 -1.25 0.25 0.189005 0.189005 0.531343 5.32588e+09
1.25 -0.75 0.25 0.186086 0.192815 0.528784 5.47805e+09
1.75 -0.25 0.25 0.196482 0.199658 0.457494 5.75991e+09
1.25 0.25 0.25 0.193541 0.205432 0.452624 6.2791e+09
1.75 0.75 0.25 0.197009 0.205292 0.383664 6.50642e+09
1.25 1.25 0.25 0.189436 0.212278 0.380642 7.46991e+09
2.25 -0.75 0.25 0.197248 0.197248 0.459432 5.58643e+09
2.25 0.25 0.25 0.198304 0.198907 0.386482 5.94497e+09
2.25 1.25 0.25 0.189442 0.1972 0.316861 6.49423e+09
-2.5 -1 0.5 0.0607567 0.179395 0.713826 2.38314e+10
-2.5 0 0.5 0.0995442 0.207156 0.630236 3.08905e+10
-2.5 1 0.5 0.159367 0.231042 0.551532 4.23871e+10
-2 -1.5 0.5 0.0686609 0.16505 0.748584 2.08914e+10
-1.5 -1 0.5 0.102899 0.183091 0.69371 2.25997e+10
-2 -0.5 0.5 0.0984 0.194953 0.66313 2.60939e+10
-1.5 0 0.5 0.139077 0.210395 0.608771 2.87156e+10
-2 0.5 0.5 0.145087 0.219768 0.580627 3.45195e+10
-1.5 1 0.5 0.193673 0.233761 0.526407 3.86282e+10
-2 1.5 0.5 0.214582 0.242855 0.501317 4.82669e+10
-1 -1.5 0.5 0.111475 0.170189 0.719804 2.01663e+10
-0.5 -1 0.5 0.145351 0.190844 0.657403 2.16667e+10
-1 -0.5 0.5 0.139716 0.201457 0.634936 2.45444e+10
-0.5 0 0.5 0.178506 0.220973 0.57204 2.6654e+10
-1 0.5 0.5 0.182262 0.226917 0.550173 3.16238e+10
-0.5 1 0.5 0.227319 0.246416 0.485972 3.473e+10
-1 1.5 0.5 0.245147 0.252272 0.465455 4.3149e+10
0 -1.5 0.5 0.153329 0.17966 0.673789 1.98532e+10
0.5 -1 0.5 0.186024 0.203296 0.604653 2.11256e+10
0 -0.5 0.5 0.180912 0.21253 0.590911 2.32568e+10
0.5 0 0.5 0.216928 0.235659 0.519924 2.48519e+10
0 0.5 0.5 0.218188 0.242803 0.504195 2.88359e+10
0.5 1 0.5 0.256469 0.266744 0.431258 3.08882e+10
0 1.5 0.5 0.272126 0.268783 0.415808 3.77629e+10
1 -1.5 0.5 0.191074 0.196186 0.611759 2.00915e+10
1.5 -1 0.5 0.220859 0.222815 0.537076 2.11603e+10
1 -0.5 0.5 0.219031 0.227672 0.531294 2.23661e+10
1.5 0 0.5 0.250259 0.251716 0.453982 2.34498e+10
1 0.5 0.5 0.251143 0.259489 0.44456 2.62975e+10
1.5 1 0.5 0.280334 0.282216 0.365677 2.72687e+10
1 1.5 0.5 0.290115 0.291155 0.353927 3.23263e+10
2 -1.5 0.5 0.222815 0.220859 0.537076 2.11603e+10
2.5 -1 0.5 0.248382 0.249101 0.458638 2.20692e+10
2 -0.5 0.5 0.249101 0.248382 0.458638 2.20692e+10
2.5 0 0.5 0.273274 0.27088 0.377323 2.26171e+10
2 0.5 0.5 0.276783 0.273659 0.373591 2.41368e+10
2.5 1 0.5 0.294082 0.291048 0.291705 2.41331e+10
2 1.5 0.5 0.299614 0.301418 0.28491 2.73395e+10
-2.25 -0.75 0.75 0.00934645 0.189265 0.678967 6.15752e+09
-2.25 0.25 0.75 0.0160704 0.228106 0.59295 7.94942e+09
-2.25 1.25 0.75 0.0299243 0.277342 0.506807 1.07352e+10
-1.75 -1.25 0.75 0.0291413 0.165969 0.712874 5.40158e+09
-1.25 -0.75 0.75 0.0503652 0.177504 0.657077 5.83707e+09
-1.75 -0.25 0.75 0.0311798 0.19949 0.627217 6.72809e+09
-1.25 0.25 0.75 0.0518133 0.207956 0.573206 7.35003e+09
-1.75 0.75 0.75 0.0370892 0.236792 0.542594 8.79744e+09
-1.25 1.25 0.75 0.0546273 0.245795 0.488934 9.67137e+09
-0.75 -1.25 0.75 0.0706523 0.157803 0.681705 5.21147e+09
-0.25 -0.75 0.75 0.0907808 0.169277 0.61987 5.57437e+09
-0.75 -0.25 0.75 0.0708719 0.187618 0.598881 6.3049e+09
-0.25 0.25 0.75 0.0887359 0.196662 0.538417 6.77014e+09
-0.75 0.75 0.75 0.0693365 0.215462 0.516754 7.97918e+09
-0.25 1.25 0.75 0.0827641 0.222369 0.457642 8.53397e+09
0.25 -1.25 0.75 0.108167 0.152004 0.635279 5.10203e+09
0.75 -0.75 0.75 0.124398 0.162419 0.568915 5.38022e+09
0.25 -0.25 0.75 0.108501 0.17908 0.555871 5.92758e+09
0.75 0.25 0.75 0.122218 0.186275 0.49014 6.22529e+09
0.25 0.75 0.75 0.102525 0.20452 0.475805 7.17288e+09
0.75 1.25 0.75 0.110899 0.210296 0.411595 7.41218e+09
1.25 -1.25 0.75 0.136505 0.148174 0.576183 5.1047e+09
1.75 -0.75 0.75 0.146009 0.155668 0.507524 5.28943e+09
1.25 -0.25 0.75 0.136561 0.169419 0.501069 5.60553e+09
1.75 0.25 0.75 0.14271 0.171584 0.432668 5.72084e+09
1.25 0.75 0.75 0.129797 0.189559 0.42356 6.39242e+09
1.75 1.25 0.75 0.12602 0.185137 0.358852 6.31785e+09
2.25 -1.25 0.75 0.155668 0.146009 0.507524 5.28943e+09
2.25 -0.25 0.75 0.149486 0.157528 0.438578 5.37306e+09
2.25 0.75 0.75 0.13829 0.165523 0.366112 5.64442e+09
-2.5 -1.5 1 0.0635758 0.174535 0.751556 2.09036e+10
-2.5 -0.5 1 0.0968967 0.205122 0.66444 2.60548e+10
-2.5 0.5 1 0.148119 0.230426 0.580336 3.42146e+10
-2.5 1.5 1 0.222075 0.252005 0.499704 4.69489e+10
-1.5 -1.5 1 0.107547 0.180624 0.731009 2.00338e+10
-2 -1 1 0.0999007 0.193262 0.699549 2.25681e+10
-1.5 -0.5 1 0.138871 0.211747 0.643327 2.44882e+10
-2 0 1 0.140065 0.220675 0.612589 2.86447e+10
-1.5 0.5 1 0.18587 0.236477 0.556596 3.15092e+10
-2 1 1 0.199435 0.243514 0.528603 3.81945e+10
-1.5 1.5 1 0.253435 0.259722 0.470628 4.23928e+10
-0.5 -1.5 1 0.151359 0.189827 0.693218 1.94818e+10
-1 -1 1 0.143404 0.201577 0.671038 2.14988e+10
-0.5 -0.5 1 0.181138 0.223091 0.606957 2.30611e+10
-1 0 1 0.179972 0.230682 0.583012 2.65775e+10
-0.5 0.5 1 0.22256 0.251375 0.517751 2.86967e+10
-1 1 1 0.233927 0.254396 0.495175 3.44828e+10
-0.5 1.5 1 0.283082 0.276128 0.42696 3.73063e+10
0.5 -1.5 1 0.192409 0.204189 0.638487 1.93282e+10
0 -1 1 0.186369 0.213144 0.626212 2.06989e+10
0.5 -0.5 1 0.22244 0.237387 0.554845 2.18528e+10
0 0 1 0.220045 0.246051 0.538259 2.45986e+10
0.5 0.5 1 0.258392 0.271004 0.46439 2.59405e+10
0 1 1 0.264978 0.274987 0.446608 3.06326e+10
0.5 1.5 1 0.303488 0.300624 0.369803 3.19656e+10
1.5 -1.5 1 0.227151 0.227151 0.568843 1.97277e+10
1 -1 1 0.225443 0.230294 0.565335 2.02554e+10
1.5 -0.5 1 0.25798 0.256382 0.487966 2.09733e+10
1 0 1 0.257863 0.262484 0.478895 2.28055e+10
1.5 0.5 1 0.289799 0.287197 0.398814 2.33411e+10
1 1 1 0.293038 0.296841 0.385691 2.67966e+10
1.5 1.5 1 0.32009 0.321351 0.303642 2.66235e+10
2.5 -1.5 1 0.256382 0.25798 0.487966 2.09733e+10
2 -1 1 0.256086 0.256086 0.490943 2.03645e+10
2.5 -0.5 1 0.282719 0.282719 0.409482 2.06256e+10
2 0 1 0.287628 0.280973 0.406887 2.13067e+10
2.5 0.5 1 0.311396 0.302451 0.323157 2.09621e+10
2 1 1 0.314688 0.309867 0.315818 2.30818e+10
2.5 1.5 1 0.326425 0.327936 0.232501 2.16399e+10
-2.25 -1.25 1.25 -0.041792 0.179146 0.719539 5.20575e+09
-2.25 -0.25 1.25 -0.0460716 0.222639 0.628509 6.44748e+09
-2.25 0.75 1.25 -0.0414105 0.27343 0.535909 8.32514e+09
-1.25 -1.25 1.25 0.00120677 0.158488 0.700817 4.96118e+09
-1.75 -0.75 1.25 -0.0244088 0.188672 0.667457 5.58847e+09
-1.25 -0.25 1.25 -0.00670756 0.196835 0.612591 5.9981e+09
-1.75 0.25 1.25 -0.027908 0.230137 0.577062 6.9941e+09
-1.25 0.75 1.25 -0.0115062 0.236152 0.523037 7.53273e+09
-1.75 1.25 1.25 -0.0250253 0.281491 0.483725 9.06014e+09
-0.25 -1.25 1.25 0.044943 0.139764 0.666003 4.77697e+09
-0.75 -0.75 1.25 0.0189907 0.167708 0.642575 5.27482e+09
-0.25 -0.25 1.25 0.0363495 0.176079 0.581837 5.57476e+09
-0.75 0.25 1.25 0.0100351 0.203918 0.55524 6.39834e+09
-0.25 0.75 1.25 0.0237431 0.209991 0.495619 6.72692e+09
-0.75 1.25 1.25 0.00148481 0.240522 0.466547 7.97724e+09
0.75 -1.25 1.25 0.0842986 0.124362 0.616212 4.66539e+09
0.25 -0.75 1.25 0.0618165 0.148705 0.602727 5.00496e+09
0.75 -0.25 1.25 0.0758267 0.155459 0.537807 5.17628e+09
0.25 0.25 1.25 0.051006 0.183194 0.519047 5.81379e+09
0.75 0.75 1.25 0.0612192 0.187097 0.455109 5.91724e+09
0.25 1.25 1.25 0.0330382 0.213784 0.434363 6.88102e+09
1.75 -1.25 1.25 0.11268 0.11268 0.554637 4.65804e+09
1.25 -0.75 1.25 0.0962602 0.131369 0.550196 4.79029e+09
1.75 -0.25 1.25 0.10358 0.133831 0.483811 4.81196e+09
1.25 0.25 1.25 0.0853055 0.158318 0.472132 5.23432e+09
1.75 0.75 1.25 0.0890839 0.155993 0.406497 5.10191e+09
1.25 1.25 1.25 0.0656049 0.186032 0.390923 5.77664e+09
2.25 -0.75 1.25 0.116528 0.116528 0.488292 4.66301e+09
2.25 0.25 1.25 0.104933 0.130581 0.4179 4.66908e+09
2.25 1.25 1.25 0.0816672 0.143425 0.34373 4.68813e+09
-2.5 -1 1.5 0.0932219 0.201835 0.701674 2.0965e+10
-2.5 0 1.5 0.137511 0.229549 0.613032 2.63864e+10
-2.5 1 1.5 0.201253 0.251663 0.527375 3.45671e+10
-2 -1.5 1.5 0.0998299 0.189135 0.738281 1.85945e+10
-1.5 -1 1.5 0.137833 0.210377 0.680935 1.9901e+10
-2 -0.5 1.5 0.134643 0.220262 0.648174 2.26831e+10
-1.5 0 1.5 0.1783 0.238575 0.590378 2.45626e+10
-2 0.5 1.5 0.18608 0.244627 0.559485 2.89355e+10
-1.5 1 1.5 0.236684 0.260943 0.500793 3.15128e+10
-2 1.5 1.5 0.257171 0.265389 0.47234 3.80475e+10
-1 -1.5 1.5 0.14537 0.19853 0.708967 1.79183e+10
-0.5 -1 1.5 0.182512 0.221888 0.644156 1.90017e+10
-1 -0.5 1.5 0.17776 0.231741 0.619257 2.13069e+10
-0.5 0 1.5 0.219038 0.254037 0.552993 2.26915e+10
-1 0.5 1.5 0.223536 0.257922 0.527748 2.64473e+10
-0.5 1 1.5 0.269476 0.279385 0.459335 2.80862e+10
-1 1.5 1.5 0.288713 0.280247 0.43568 3.37797e+10
0 -1.5 1.5 0.189363 0.211354 0.662274 1.75186e+10
0.5 -1 1.5 0.225019 0.236737 0.590966 1.83242e+10
0 -0.5 1.5 0.220981 0.245779 0.574991 2.00374e+10
0.5 0 1.5 0.259936 0.270769 0.500993 2.08562e+10
0 0.5 1.5 0.260736 0.278138 0.481414 2.38547e+10
0.5 1 1.5 0.300387 0.304137 0.40428 2.45003e+10
0 1.5 1.5 0.313379 0.303044 0.384893 2.90713e+10
1 -1.5 1.5 0.228163 0.230913 0.59917 1.7477e+10
1.5 -1 1.5 0.260639 0.2591 0.522419 1.79279e+10
1 -0.5 1.5 0.261262 0.262459 0.515219 1.89039e+10
1.5 0 1.5 0.295946 0.287903 0.435188 1.90889e+10
1 0.5 1.5 0.296984 0.296627 0.422106 2.12419e+10
1.5 1 1.5 0.328482 0.321528 0.339359 2.08907e+10
1 1.5 1.5 0.334082 0.32971 0.322731 2.42013e+10
2 -1.5 1.5 0.2591 0.260639 0.522419 1.79279e+10
2.5 -1 1.5 0.286152 0.291885 0.441721 1.79938e+10
2 -0.5 1.5 0.291885 0.286152 0.441721 1.79938e+10
2.5 0 1.5 0.319463 0.310165 0.357901 1.74842e+10
2 0.5 1.5 0.326033 0.311323 0.351794 1.86536e+10
2.5 1 1.5 0.347985 0.331189 0.266802 1.72431e+10
2 1.5 1.5 0.350033 0.343082 0.255339 1.93129e+10
