449
-2.5 -1 -1.5 -0.302506 -0.376313 0.364039 1.08126e+11
-2.5 0 -1.5 -0.279655 -0.358316 0.406919 1.20406e+11
-2.5 1 -1.5 -0.255132 -0.344374 0.443004 1.29433e+11
-2 -1.5 -1.5 -0.278945 -0.31415 0.388795 7.70935e+10
-1.5 -1 -1.5 -0.258165 -0.240454 0.448397 6.39244e+10
-2 -0.5 -1.5 -0.278306 -0.2921 0.424617 8.7349e+10
-1.5 0 -1.5 -0.262494 -0.215086 0.474478 7.10116e+10
-2 0.5 -1.5 -0.267538 -0.271523 0.455051 9.56737e+10
-1.5 1 -1.5 -0.266223 -0.195061 0.491176 7.67221e+10
-2 1.5 -1.5 -0.261645 -0.260109 0.475843 1.01461e+11
-1 -1.5 -1.5 -0.23846 -0.200119 0.471021 4.77417e+10
-0.5 -1 -1.5 -0.223915 -0.141995 0.523741 4.08439e+10
-1 -0.5 -1.5 -0.243838 -0.172548 0.498876 5.33489e+10
-0.5 0 -1.5 -0.236263 -0.112503 0.540824 4.49842e+10
-1 0.5 -1.5 -0.256362 -0.146952 0.513609 5.84145e+10
-0.5 1 -1.5 -0.252839 -0.0837934 0.546152 4.85597e+10
-1 1.5 -1.5 -0.267476 -0.122498 0.519717 6.20767e+10
0 -1.5 -1.5 -0.204893 -0.123452 0.548242 3.20091e+10
0.5 -1 -1.5 -0.1949 -0.077544 0.598242 2.81832e+10
0 -0.5 -1.5 -0.214828 -0.0897336 0.569474 3.52294e+10
0.5 0 -1.5 -0.207815 -0.0420744 0.610537 3.06669e+10
0 0.5 -1.5 -0.230856 -0.0576562 0.577323 3.83177e+10
0.5 1 -1.5 -0.224879 -0.00841737 0.61048 3.31147e+10
0 1.5 -1.5 -0.248524 -0.0267176 0.5749 4.10523e+10
1 -1.5 -1.5 -0.179148 -0.0737806 0.625692 2.31416e+10
1.5 -1 -1.5 -0.168072 -0.0368806 0.676811 2.08732e+10
1 -0.5 -1.5 -0.186394 -0.0357265 0.644218 2.5006e+10
1.5 0 -1.5 -0.177831 0.00158093 0.687062 2.24135e+10
1 0.5 -1.5 -0.200571 0.00057027 0.648452 2.70234e+10
1.5 1 -1.5 -0.192256 0.0376669 0.683236 2.41875e+10
1 1.5 -1.5 -0.217145 0.0346633 0.640765 2.91495e+10
2 -1.5 -1.5 -0.150801 -0.0440348 0.706882 1.79201e+10
2.5 -1 -1.5 -0.138058 -0.0145301 0.759018 1.65004e+10
2 -0.5 -1.5 -0.157462 -0.00392589 0.724549 1.89854e+10
2.5 0 -1.5 -0.147044 0.0246041 0.768225 1.74624e+10
2 0.5 -1.5 -0.168755 0.0339056 0.726383 2.0357e+10
2.5 1 -1.5 -0.159194 0.0612343 0.760881 1.87845e+10
2 1.5 -1.5 -0.182736 0.0692816 0.713854 2.20499e+10
-2.25 -0.75 -1.25 -0.360088 -0.287785 0.375912 2.53172e+10
-2.25 0.25 -1.25 -0.362108 -0.285165 0.409101 2.76813e+10
-2.25 1.25 -1.25 -0.3614 -0.294061 0.434161 2.95303e+10
-1.75 -1.25 -1.25 -0.302115 -0.250004 0.410942 1.86271e+10
-1.25 -0.75 -1.25 -0.274727 -0.223779 0.46885 1.58044e+10
-1.75 -0.25 -1.25 -0.320284 -0.246869 0.439953 2.08959e+10
-1.25 0.25 -1.25 -0.291983 -0.211845 0.490403 1.73073e+10
-1.75 0.75 -1.25 -0.329113 -0.241639 0.462314 2.25321e+10
-1.25 1.25 -1.25 -0.304931 -0.196045 0.503297 1.82935e+10
-0.75 -1.25 -1.25 -0.242682 -0.218899 0.491734 1.22552e+10
-0.25 -0.75 -1.25 -0.227437 -0.191222 0.541736 1.05539e+10
-0.75 -0.25 -1.25 -0.254976 -0.194709 0.517505 1.33796e+10
-0.25 0.25 -1.25 -0.238988 -0.161761 0.559355 1.13436e+10
-0.75 0.75 -1.25 -0.271545 -0.173084 0.531093 1.43464e+10
-0.25 1.25 -1.25 -0.252831 -0.131741 0.566273 1.19831e+10
0.25 -1.25 -1.25 -0.210076 -0.193503 0.563613 8.46973e+09
0.75 -0.75 -1.25 -0.198415 -0.165019 0.612536 7.4536e+09
0.25 -0.25 -1.25 -0.214286 -0.160925 0.586559 9.11751e+09
0.75 0.25 -1.25 -0.199965 -0.128047 0.628557 7.92834e+09
0.25 0.75 -1.25 -0.223059 -0.126018 0.597311 9.68346e+09
0.75 1.25 -1.25 -0.205054 -0.0892042 0.63271 8.37702e+09
1.25 -1.25 -1.25 -0.191629 -0.172382 0.636494 6.24037e+09
1.75 -0.75 -1.25 -0.175911 -0.142528 0.688514 5.60264e+09
1.25 -0.25 -1.25 -0.184334 -0.134072 0.659332 6.59395e+09
1.75 0.25 -1.25 -0.167008 -0.102159 0.704048 5.89194e+09
1.25 0.75 -1.25 -0.182845 -0.0941213 0.668434 6.97573e+09
1.75 1.25 -1.25 -0.162557 -0.0602249 0.705385 6.23891e+09
2.25 -1.25 -1.25 -0.171811 -0.151325 0.714922 4.88289e+09
2.25 -0.25 -1.25 -0.15713 -0.111876 0.738107 5.07357e+09
2.25 0.75 -1.25 -0.146527 -0.0702811 0.745439 5.34024e+09
-2.5 -1.5 -1 -0.308929 -0.422623 0.323784 1.06653e+11
-2.5 -0.5 -1 -0.292259 -0.405074 0.368699 1.22613e+11
-2.5 0.5 -1 -0.258836 -0.383417 0.41114 1.32476e+11
-2.5 1.5 -1 -0.234504 -0.381058 0.443475 1.38683e+11
-1.5 -1.5 -1 -0.269392 -0.294618 0.41525 6.74907e+10
-2 -1 -1 -0.281637 -0.346395 0.392531 9.06233e+10
-1.5 -0.5 -1 -0.260023 -0.269199 0.45132 7.58217e+10
-2 0 -1 -0.267553 -0.320041 0.428408 1.0048e+11
-1.5 0.5 -1 -0.25745 -0.244942 0.474802 8.27234e+10
-2 1 -1 -0.252717 -0.303674 0.456005 1.07569e+11
-1.5 1.5 -1 -0.255864 -0.224254 0.489175 8.66656e+10
-0.5 -1.5 -1 -0.232269 -0.200537 0.498788 4.46991e+10
-1 -1 -1 -0.247794 -0.228507 0.474928 5.77396e+10
-0.5 -0.5 -1 -0.234479 -0.168658 0.525137 4.9508e+10
-1 0 -1 -0.248305 -0.200972 0.499085 6.36713e+10
-0.5 0.5 -1 -0.242237 -0.138007 0.538425 5.36835e+10
-1 1 -1 -0.254367 -0.173837 0.511149 6.81674e+10
-0.5 1.5 -1 -0.252161 -0.107291 0.541785 5.6682e+10
0.5 -1.5 -1 -0.207502 -0.135713 0.577365 3.16274e+10
0 -1 -1 -0.219034 -0.147735 0.551826 3.91326e+10
0.5 -0.5 -1 -0.209072 -0.0990465 0.599107 3.44127e+10
0 0 -1 -0.226029 -0.11346 0.568215 4.26695e+10
0.5 0.5 -1 -0.218184 -0.0626627 0.607065 3.70841e+10
0 1 -1 -0.236812 -0.079799 0.572899 4.56836e+10
0.5 1.5 -1 -0.229544 -0.0273112 0.604145 3.94897e+10
1.5 -1.5 -1 -0.182418 -0.0936787 0.658503 2.38941e+10
1 -1 -1 -0.19494 -0.0928292 0.629512 2.83145e+10
1.5 -0.5 -1 -0.182825 -0.0533233 0.678082 2.5493e+10
1 0 -1 -0.199402 -0.0543777 0.642671 3.04757e+10
1.5 0.5 -1 -0.188744 -0.014266 0.683055 2.72932e+10
1 1 -1 -0.209016 -0.0169903 0.642784 3.26606e+10
1.5 1.5 -1 -0.19781 0.023378 0.675029 2.92692e+10
2.5 -1.5 -1 -0.152504 -0.067554 0.741933 1.92048e+10
2 -1 -1 -0.167657 -0.0582337 0.711848 2.1821e+10
2.5 -0.5 -1 -0.153031 -0.0262342 0.76132 2.0084e+10
2 0 -1 -0.170282 -0.0177576 0.723181 2.31694e+10
2.5 0.5 -1 -0.157161 0.0136027 0.763785 2.13295e+10
2 1 -1 -0.176774 0.0210741 0.719518 2.48117e+10
2.5 1.5 -1 -0.163567 0.0517491 0.750545 2.29658e+10
-2.25 -1.25 -0.75 -0.390871 -0.176804 0.324224 2.21918e+10
-2.25 -0.25 -0.75 -0.424754 -0.197181 0.345676 2.57861e+10
-2.25 0.75 -0.75 -0.433655 -0.212811 0.368644 2.80485e+10
-1.25 -1.25 -0.75 -0.301588 -0.141811 0.428702 1.52933e+10
-1.75 -0.75 -0.75 -0.357678 -0.156292 0.391221 1.96629e+10
-1.25 -0.25 -0.75 -0.329745 -0.129755 0.449011 1.69723e+10
-1.75 0.25 -0.75 -0.385324 -0.162863 0.409055 2.19144e+10
-1.25 0.75 -0.75 -0.358612 -0.127071 0.459267 1.84285e+10
-1.75 1.25 -0.75 -0.40373 -0.170962 0.421494 2.33423e+10
-0.25 -1.25 -0.75 -0.239717 -0.117403 0.514978 1.06181e+10
-0.75 -0.75 -0.75 -0.279998 -0.117778 0.484343 1.3354e+10
-0.25 -0.25 -0.75 -0.264248 -0.0928647 0.532191 1.1616e+10
-0.75 0.25 -0.75 -0.30838 -0.101019 0.497193 1.45362e+10
-0.25 0.75 -0.75 -0.290168 -0.0683185 0.538946 1.24282e+10
-0.75 1.25 -0.75 -0.335809 -0.0861906 0.501439 1.54344e+10
0.75 -1.25 -0.75 -0.206833 -0.103659 0.592397 7.7602e+09
0.25 -0.75 -0.75 -0.229285 -0.0945018 0.564163 9.39616e+09
0.75 -0.25 -0.75 -0.218359 -0.0679536 0.610302 8.31398e+09
0.25 0.25 -0.75 -0.250327 -0.0640239 0.575371 1.01051e+10
0.75 0.75 -0.75 -0.235371 -0.03314 0.615534 8.84869e+09
0.25 1.25 -0.75 -0.272274 -0.0335166 0.576402 1.06977e+10
1.75 -1.25 -0.75 -0.18048 -0.0915113 0.672525 5.97504e+09
1.25 -0.75 -0.75 -0.195969 -0.0780803 0.642873 6.9683e+09
1.75 -0.25 -0.75 -0.182708 -0.0514469 0.691213 6.28955e+09
1.25 0.25 -0.75 -0.20524 -0.0397367 0.654189 7.39839e+09
1.75 0.75 -0.75 -0.18943 -0.0115018 0.695378 6.65675e+09
1.25 1.25 -0.75 -0.21811 -0.00193679 0.652876 7.84606e+09
2.25 -0.75 -0.75 -0.16597 -0.0659326 0.72539 5.46095e+09
2.25 0.25 -0.75 -0.166939 -0.0250464 0.736588 5.73226e+09
2.25 1.25 -0.75 -0.171314 0.0158799 0.732341 6.08239e+09
-2.5 -1 -0.5 -0.30704 -0.439241 0.327299 1.05132e+11
-2.5 0 -0.5 -0.275995 -0.415003 0.371857 1.16486e+11
-2.5 1 -0.5 -0.241676 -0.402629 0.410314 1.22241e+11
-2 -1.5 -0.5 -0.301939 -0.38079 0.349987 8.06887e+10
-1.5 -1 -0.5 -0.273519 -0.31113 0.417728 7.08538e+10
-2 -0.5 -0.5 -0.278908 -0.360319 0.393818 9.15792e+10
-1.5 0 -0.5 -0.260483 -0.285916 0.449681 7.81666e+10
-2 0.5 -0.5 -0.25872 -0.337234 0.426761 9.90979e+10
-1.5 1 -0.5 -0.254765 -0.263229 0.468956 8.30574e+10
-2 1.5 -0.5 -0.244859 -0.325578 0.449201 1.02349e+11
-1 -1.5 -0.5 -0.260703 -0.274145 0.442984 5.48998e+10
-0.5 -1 -0.5 -0.242855 -0.214582 0.501317 4.82669e+10
-1 -0.5 -0.5 -0.254314 -0.244542 0.474916 6.12295e+10
-0.5 0 -0.5 -0.24389 -0.182682 0.522086 5.2807e+10
-1 0.5 -0.5 -0.252846 -0.217117 0.494146 6.6269e+10
-0.5 1 -0.5 -0.248379 -0.151022 0.53155 5.60948e+10
-1 1.5 -0.5 -0.254395 -0.189474 0.503448 6.89745e+10
0 -1.5 -0.5 -0.233761 -0.193673 0.526407 3.86282e+10
0.5 -1 -0.5 -0.219768 -0.145087 0.580627 3.45195e+10
0 -0.5 -0.5 -0.231042 -0.159367 0.551532 4.23871e+10
0.5 0 -0.5 -0.221001 -0.1078 0.596519 3.7284e+10
0 0.5 -0.5 -0.236063 -0.124331 0.563066 4.55898e+10
0.5 1 -0.5 -0.227584 -0.0705559 0.600057 3.96765e+10
0 1.5 -0.5 -0.243177 -0.0897344 0.564501 4.79002e+10
1 -1.5 -0.5 -0.210395 -0.139077 0.608771 2.87156e+10
1.5 -1 -0.5 -0.194953 -0.0984 0.66313 2.60939e+10
1 -0.5 -0.5 -0.207156 -0.0995442 0.630236 3.08905e+10
1.5 0 -0.5 -0.194119 -0.0575545 0.676291 2.78124e+10
1 0.5 -0.5 -0.210274 -0.0603935 0.637878 3.30301e+10
1.5 1 -0.5 -0.197808 -0.0175302 0.675712 2.96326e+10
1 1.5 -0.5 -0.216711 -0.0217744 0.633667 3.50315e+10
2 -1.5 -0.5 -0.183091 -0.102899 0.69371 2.25997e+10
2.5 -1 -0.5 -0.16505 -0.0686609 0.748584 2.08914e+10
2 -0.5 -0.5 -0.179395 -0.0607567 0.713826 2.38314e+10
2.5 0 -0.5 -0.16333 -0.0265423 0.760259 2.19658e+10
2 0.5 -0.5 -0.179972 -0.0195277 0.718506 2.53141e+10
2.5 1 -0.5 -0.164516 0.0144308 0.755616 2.33787e+10
2 1.5 -0.5 -0.183238 0.0207734 0.70904 2.70396e+10
-2.25 -0.75 -0.25 -0.444823 -0.109071 0.296169 2.06738e+10
-2.25 0.25 -0.25 -0.477428 -0.133237 0.311664 2.35873e+10
-2.25 1.25 -0.25 -0.493958 -0.168461 0.326841 2.51328e+10
-1.75 -1.25 -0.25 -0.377682 -0.079138 0.347359 1.6529e+10
-1.25 -0.75 -0.25 -0.352581 -0.0556885 0.410468 1.49874e+10
-1.75 -0.25 -0.25 -0.418791 -0.0823674 0.361313 1.87979e+10
-1.25 0.25 -0.25 -0.392156 -0.0558408 0.418898 1.65553e+10
-1.75 0.75 -0.25 -0.451197 -0.101271 0.370529 2.06509e+10
-1.25 1.25 -0.25 -0.426981 -0.0615187 0.421833 1.76901e+10
-0.75 -1.25 -0.25 -0.289675 -0.0471034 0.454386 1.19326e+10
-0.25 -0.75 -0.25 -0.277342 -0.0299243 0.506807 1.07352e+10
-0.75 -0.25 -0.25 -0.331724 -0.0356131 0.46503 1.33076e+10
-0.25 0.25 -0.25 -0.315317 -0.0110117 0.512734 1.16981e+10
-0.75 0.75 -0.25 -0.370203 -0.0265822 0.468079 1.43712e+10
-0.25 1.25 -0.25 -0.34996 0.00662026 0.511124 1.24209e+10
0.25 -1.25 -0.25 -0.236792 -0.0370892 0.542594 8.79744e+09
0.75 -0.75 -0.25 -0.228106 -0.0160704 0.59295 7.94942e+09
0.25 -0.25 -0.25 -0.266323 -0.00811372 0.554751 9.57482e+09
0.75 0.25 -0.25 -0.25434 0.0167637 0.599536 8.53126e+09
0.25 0.75 -0.25 -0.299326 0.0173386 0.555935 1.02653e+10
0.75 1.25 -0.25 -0.282161 0.0469953 0.595388 9.06631e+09
1.25 -1.25 -0.25 -0.19949 -0.0311798 0.627217 6.72809e+09
1.75 -0.75 -0.25 -0.189265 -0.00934645 0.678967 6.15752e+09
1.25 -0.25 -0.25 -0.217862 0.00686306 0.640814 7.18268e+09
1.75 0.25 -0.25 -0.205526 0.029864 0.685963 6.52743e+09
1.25 0.75 -0.25 -0.240358 0.042314 0.641358 7.64892e+09
1.75 1.25 -0.25 -0.224345 0.0671685 0.679486 6.93871e+09
2.25 -1.25 -0.25 -0.165969 -0.0291413 0.712874 5.40158e+09
2.25 -0.25 -0.25 -0.177083 0.0122149 0.727916 5.66324e+09
2.25 0.75 -0.25 -0.1913 0.0520915 0.727308 5.99372e+09
-2.5 -1.5 0 -0.328966 -0.447559 0.282274 7.67609e+10
-2.5 -0.5 0 -0.295942 -0.436175 0.331856 8.88706e+10
-2.5 0.5 0 -0.258069 -0.415597 0.37374 9.47048e+10
-2.5 1.5 0 -0.235076 -0.411228 0.402811 9.51329e+10
-1.5 -1.5 0 -0.288929 -0.346326 0.380243 5.85197e+10
-2 -1 0 -0.297638 -0.387014 0.35401 7.32832e+10
-1.5 -0.5 0 -0.27299 -0.319533 0.417833 6.5797e+10
-2 0 0 -0.27038 -0.364754 0.393679 8.07035e+10
-1.5 0.5 0 -0.259945 -0.295561 0.443848 7.08807e+10
-2 1 0 -0.25188 -0.347137 0.420406 8.46048e+10
-1.5 1.5 0 -0.252316 -0.273639 0.459348 7.25757e+10
-0.5 -1.5 0 -0.259722 -0.253435 0.470628 4.23928e+10
-1 -1 0 -0.266615 -0.282877 0.444701 5.27953e+10
-0.5 -0.5 0 -0.252005 -0.222075 0.499704 4.69489e+10
-1 0 0 -0.259734 -0.253536 0.470604 5.79301e+10
-0.5 0.5 0 -0.251916 -0.189602 0.515257 5.04116e+10
-1 1 0 -0.256402 -0.225749 0.485415 6.10118e+10
-0.5 1.5 0 -0.253882 -0.15773 0.521276 5.22e+10
0.5 -1.5 0 -0.236477 -0.18587 0.556596 3.15092e+10
0 -1 0 -0.243514 -0.199435 0.528603 3.81945e+10
0.5 -0.5 0 -0.230426 -0.148119 0.580336 3.42146e+10
0 0 0 -0.241534 -0.164381 0.547557 4.14285e+10
0.5 0.5 0 -0.231432 -0.109984 0.590649 3.65402e+10
0 1 0 -0.244855 -0.128632 0.554599 4.37584e+10
0.5 1.5 0 -0.235895 -0.0717985 0.589972 3.8275e+10
1.5 -1.5 0 -0.211747 -0.138871 0.643327 2.44882e+10
1 -1 0 -0.220675 -0.140065 0.612589 2.86447e+10
1.5 -0.5 0 -0.205122 -0.0968967 0.66444 2.60548e+10
1 0 0 -0.217677 -0.0998207 0.627673 3.06615e+10
1.5 0.5 0 -0.203848 -0.0551733 0.671165 2.76726e+10
1 1 0 -0.219865 -0.0596835 0.629888 3.24768e+10
1.5 1.5 0 -0.205554 -0.0135846 0.665104 2.92818e+10
2.5 -1.5 0 -0.180624 -0.107547 0.731009 2.00338e+10
2 -1 0 -0.193262 -0.0999007 0.699549 2.25681e+10
2.5 -0.5 0 -0.174535 -0.0635758 0.751556 2.09036e+10
2 0 0 -0.188877 -0.0568899 0.712317 2.38441e+10
2.5 0.5 0 -0.171364 -0.0203005 0.75538 2.20513e+10
2 1 0 -0.188034 -0.0143899 0.710298 2.52868e+10
2.5 1.5 0 -0.170084 0.0222682 0.743629 2.348e+10
-2.25 -1.25 0.25 -0.436901 -0.031907 0.261875 1.46309e+10
-2.25 -0.25 0.25 -0.491892 -0.0506584 0.268777 1.72708e+10
-2.25 0.75 0.25 -0.521784 -0.0890594 0.280474 1.91089e+10
-1.25 -1.25 0.25 -0.350089 0.0128792 0.380848 1.17975e+10
-1.75 -0.75 0.25 -0.426045 -0.00655146 0.324465 1.44642e+10
-1.25 -0.25 0.25 -0.406874 0.0088962 0.384361 1.34873e+10
-1.75 0.25 0.25 -0.471852 -0.024161 0.329684 1.62627e+10
-1.25 0.75 0.25 -0.451766 1.49189e-07 0.385125 1.46991e+10
-1.75 1.25 0.25 -0.507422 -0.0516888 0.334218 1.74033e+10
-0.25 -1.25 0.25 -0.281491 0.0250253 0.483725 9.06014e+09
-0.75 -0.75 0.25 -0.339132 0.0255583 0.437326 1.10226e+10
-0.25 -0.25 0.25 -0.327405 0.0430006 0.489367 1.00447e+10
-0.75 0.25 0.25 -0.390124 0.0292294 0.438012 1.21962e+10
-0.25 0.75 0.25 -0.373342 0.0550062 0.486542 1.08643e+10
-0.75 1.25 0.25 -0.432859 0.0301335 0.43471 1.29933e+10
0.75 -1.25 0.25 -0.230137 0.027908 0.577062 6.9941e+09
0.25 -0.75 0.25 -0.27343 0.0414105 0.535909 8.32514e+09
0.75 -0.25 0.25 -0.264307 0.0607156 0.584895 7.58588e+09
0.25 0.25 0.25 -0.315223 0.0647812 0.537273 9.04639e+09
0.75 0.75 0.25 -0.30101 0.088302 0.58155 8.13553e+09
0.25 1.25 0.25 -0.355123 0.0837193 0.530496 9.64078e+09
1.75 -1.25 0.25 -0.188672 0.0244088 0.667457 5.58847e+09
1.25 -0.75 0.25 -0.222639 0.0460716 0.628509 6.44748e+09
1.75 -0.25 0.25 -0.213202 0.0643083 0.677237 5.94339e+09
1.25 0.25 0.25 -0.25331 0.0807705 0.630837 6.90997e+09
1.75 0.75 0.25 -0.240514 0.10042 0.673219 6.33057e+09
1.25 1.25 0.25 -0.284889 0.111484 0.621873 7.36082e+09
2.25 -0.75 0.25 -0.179146 0.041792 0.719539 5.20575e+09
2.25 0.25 0.25 -0.202116 0.0819616 0.722464 5.50646e+09
2.25 1.25 0.25 -0.226196 0.119508 0.710806 5.86314e+09
-2.5 -1 0.5 -0.307814 -0.438896 0.29661 5.90003e+10
-2.5 0 0.5 -0.274703 -0.422518 0.339695 6.50233e+10
-2.5 1 0.5 -0.246499 -0.410943 0.373024 6.68858e+10
-2 -1.5 0.5 -0.309135 -0.406973 0.3178 5.13276e+10
-1.5 -1 0.5 -0.287258 -0.348052 0.383884 4.96419e+10
-2 -0.5 0.5 -0.285484 -0.383865 0.359215 5.83752e+10
-1.5 0 0.5 -0.270098 -0.320628 0.415488 5.45198e+10
-2 0.5 0.5 -0.259837 -0.363253 0.392219 6.22858e+10
-1.5 1 0.5 -0.25782 -0.297146 0.436091 5.66664e+10
-2 1.5 0.5 -0.244657 -0.34577 0.413375 6.2233e+10
-1 -1.5 0.5 -0.28353 -0.31427 0.410085 4.10748e+10
-0.5 -1 0.5 -0.265389 -0.257171 0.47234 3.80475e+10
-1 -0.5 0.5 -0.270014 -0.285904 0.443327 4.59412e+10
-0.5 0 0.5 -0.259055 -0.224741 0.494911 4.14303e+10
-1 0.5 0.5 -0.26265 -0.256056 0.46366 4.91409e+10
-0.5 1 0.5 -0.257811 -0.191641 0.505913 4.33678e+10
-1 1.5 0.5 -0.258656 -0.228795 0.474549 4.99979e+10
0 -1.5 0.5 -0.260943 -0.236684 0.500793 3.15128e+10
0.5 -1 0.5 -0.244627 -0.18608 0.559485 2.89355e+10
0 -0.5 0.5 -0.251663 -0.201253 0.527375 3.45671e+10
0.5 0 0.5 -0.239675 -0.147325 0.57683 3.1111e+10
0 0.5 0.5 -0.250061 -0.165106 0.540677 3.68534e+10
0.5 1 0.5 -0.240433 -0.108119 0.581865 3.27235e+10
0 1.5 0.5 -0.251845 -0.128651 0.54369 3.80515e+10
1 -1.5 0.5 -0.238575 -0.1783 0.590378 2.45626e+10
1.5 -1 0.5 -0.220262 -0.134643 0.648174 2.26831e+10
1 -0.5 0.5 -0.229549 -0.137511 0.613032 2.63864e+10
1.5 0 0.5 -0.214167 -0.0916425 0.662253 2.40828e+10
1 0.5 0.5 -0.227203 -0.0962212 0.621839 2.80079e+10
1.5 1 0.5 -0.212436 -0.0484599 0.662703 2.54234e+10
1 1.5 0.5 -0.228037 -0.0543585 0.618956 2.93145e+10
2 -1.5 0.5 -0.210377 -0.137833 0.680935 1.9901e+10
2.5 -1 0.5 -0.189135 -0.0998299 0.738281 1.85945e+10
2 -0.5 0.5 -0.201835 -0.0932219 0.701674 2.0965e+10
2.5 0 0.5 -0.182315 -0.0545206 0.750522 1.94895e+10
2 0.5 0.5 -0.197087 -0.0489089 0.707137 2.21367e+10
2.5 1 0.5 -0.177702 -0.00964577 0.746598 2.05792e+10
2 1.5 0.5 -0.194415 -0.00450896 0.698696 2.33807e+10
-2.25 -0.75 0.75 -0.459612 0.0352821 0.250475 1.11526e+10
-2.25 0.25 0.75 -0.515335 0.00537976 0.253058 1.28259e+10
-2.25 1.25 0.75 -0.552718 -0.0442165 0.260967 1.36947e+10
-1.75 -1.25 0.75 -0.392763 0.0589005 0.306253 9.77526e+09
-1.25 -0.75 0.75 -0.398445 0.0697402 0.360088 9.86681e+09
-1.75 -0.25 0.75 -0.462809 0.0435434 0.30323 1.15323e+10
-1.25 0.25 0.75 -0.457634 0.0579849 0.356729 1.11102e+10
-1.75 0.75 0.75 -0.510411 0.0179263 0.303863 1.26622e+10
-1.25 1.25 0.75 -0.503785 0.0418633 0.353886 1.18302e+10
-0.75 -1.25 0.75 -0.331524 0.0794355 0.416016 8.3083e+09
-0.25 -0.75 0.75 -0.327488 0.0919029 0.470174 7.9137e+09
-0.75 -0.25 0.75 -0.392067 0.0837235 0.414638 9.42498e+09
-0.25 0.25 0.75 -0.382745 0.102844 0.466134 8.72316e+09
-0.75 0.75 0.75 -0.446487 0.0805807 0.408808 1.0285e+10
-0.25 1.25 0.75 -0.431602 0.107579 0.457343 9.32595e+09
0.25 -1.25 0.75 -0.270824 0.0831464 0.520098 6.66941e+09
0.75 -0.75 0.75 -0.265891 0.0981003 0.572344 6.25428e+09
0.25 -0.25 0.75 -0.3202 0.108039 0.521534 7.36559e+09
0.75 0.25 0.75 -0.310307 0.12543 0.569558 6.78608e+09
0.25 0.75 0.75 -0.369505 0.124665 0.514154 7.96416e+09
0.75 1.25 0.75 -0.352813 0.146253 0.558138 7.24619e+09
1.25 -1.25 0.75 -0.220757 0.0776647 0.617678 5.38532e+09
1.75 -0.75 0.75 -0.213907 0.0916998 0.669467 5.05861e+09
1.25 -0.25 0.75 -0.258383 0.11333 0.621699 5.81937e+09
1.75 0.25 0.75 -0.24873 0.128265 0.667769 5.41015e+09
1.25 0.75 0.75 -0.297804 0.142794 0.613983 6.24231e+09
1.75 1.25 0.75 -0.283093 0.160694 0.654054 5.77418e+09
2.25 -1.25 0.75 -0.174235 0.063707 0.711773 4.48067e+09
2.25 -0.25 0.75 -0.205428 0.105488 0.718042 4.74804e+09
2.25 0.75 0.75 -0.237311 0.143126 0.709554 5.05479e+09
-2.5 -1.5 1 -0.315815 -0.442555 0.267711 3.43508e+10
-2.5 -0.5 1 -0.285593 -0.423834 0.31253 3.96799e+10
-2.5 0.5 1 -0.2547 -0.407886 0.349474 4.18565e+10
-2.5 1.5 1 -0.23478 -0.397502 0.375315 4.09996e+10
-1.5 -1.5 1 -0.298365 -0.367638 0.351245 3.35892e+10
-2 -1 1 -0.297055 -0.397017 0.32903 3.76798e+10
-1.5 -0.5 1 -0.280381 -0.341519 0.3874 3.79884e+10
-2 0 1 -0.27088 -0.370501 0.364894 4.14136e+10
-1.5 0.5 1 -0.263951 -0.31379 0.412984 4.03628e+10
-2 1 1 -0.251508 -0.353276 0.390793 4.23431e+10
-1.5 1.5 1 -0.255449 -0.291936 0.428524 4.01118e+10
-0.5 -1.5 1 -0.281918 -0.290029 0.442031 2.81949e+10
-1 -1 1 -0.281968 -0.313433 0.414131 3.31273e+10
-0.5 -0.5 1 -0.268226 -0.256676 0.47185 3.12579e+10
-1 0 1 -0.269652 -0.283091 0.440744 3.61645e+10
-0.5 0.5 1 -0.262688 -0.222644 0.48871 3.31968e+10
-1 1 1 -0.262757 -0.252822 0.456213 3.73722e+10
-0.5 1.5 1 -0.261005 -0.188896 0.495686 3.36714e+10
0.5 -1.5 1 -0.262355 -0.222574 0.534644 2.26852e+10
0 -1 1 -0.265403 -0.236518 0.503593 2.66087e+10
0.5 -0.5 1 -0.251206 -0.183572 0.559387 2.46151e+10
0 0 1 -0.257733 -0.199574 0.523689 2.87157e+10
0.5 0.5 1 -0.247861 -0.143504 0.570451 2.60823e+10
0 1 1 -0.256368 -0.162073 0.531821 2.99304e+10
0.5 1.5 1 -0.247547 -0.102243 0.570761 2.69562e+10
1.5 -1.5 1 -0.238648 -0.172321 0.627912 1.8474e+10
1 -1 1 -0.244857 -0.17454 0.594462 2.11791e+10
1.5 -0.5 1 -0.227849 -0.128065 0.649428 1.96557e+10
1 0 1 -0.237753 -0.132363 0.610132 2.25908e+10
1.5 0.5 1 -0.222411 -0.0835185 0.656609 2.07606e+10
1 1 1 -0.235576 -0.0893168 0.613015 2.37119e+10
1.5 1.5 1 -0.218996 -0.0379331 0.651402 2.17143e+10
2.5 -1.5 1 -0.206119 -0.136675 0.720678 1.55705e+10
2 -1 1 -0.217849 -0.129878 0.686966 1.73251e+10
2.5 -0.5 1 -0.196297 -0.0894404 0.741407 1.62537e+10
2 0 1 -0.209399 -0.0838808 0.699999 1.82596e+10
2.5 0.5 1 -0.188531 -0.0424491 0.745496 1.70637e+10
2 1 1 -0.203727 -0.0376259 0.698501 1.92111e+10
2.5 1.5 1 -0.182098 0.00439298 0.734053 1.79887e+10
-2.25 -1.25 1.25 -0.390665 0.0877523 0.247846 6.36875e+09
-2.25 -0.25 1.25 -0.470121 0.0701239 0.245598 7.75745e+09
-2.25 0.75 1.25 -0.529201 0.0316401 0.246868 8.56311e+09
-1.25 -1.25 1.25 -0.364649 0.124314 0.349126 6.50272e+09
-1.75 -0.75 1.25 -0.42792 0.101921 0.292056 7.27137e+09
-1.25 -0.25 1.25 -0.439001 0.115331 0.341415 7.59104e+09
-1.75 0.25 1.25 -0.49308 0.0809897 0.287502 8.34208e+09
-1.25 0.75 1.25 -0.498143 0.0988898 0.334724 8.35047e+09
-1.75 1.25 1.25 -0.543953 0.0483332 0.286546 8.84957e+09
-0.25 -1.25 1.25 -0.313121 0.130814 0.45726 5.72165e+09
-0.75 -0.75 1.25 -0.376213 0.134197 0.400177 6.63155e+09
-0.25 -0.25 1.25 -0.376534 0.147656 0.452111 6.45165e+09
-0.75 0.25 1.25 -0.441997 0.131489 0.39156 7.4354e+09
-0.25 0.75 1.25 -0.436193 0.152098 0.441221 7.03706e+09
-0.75 1.25 1.25 -0.497055 0.122594 0.382247 7.95463e+09
0.75 -1.25 1.25 -0.259246 0.128066 0.562696 4.79511e+09
0.25 -0.75 1.25 -0.314357 0.144199 0.510011 5.55141e+09
0.75 -0.25 1.25 -0.310349 0.157306 0.560459 5.27602e+09
0.25 0.25 1.25 -0.371398 0.162686 0.501943 6.10682e+09
0.75 0.75 1.25 -0.360964 0.177388 0.548878 5.70326e+09
0.25 1.25 1.25 -0.422883 0.170771 0.488459 6.53563e+09
1.75 -1.25 1.25 -0.208338 0.111563 0.663139 4.03773e+09
1.25 -0.75 1.25 -0.255976 0.139092 0.614583 4.58542e+09
1.75 -0.25 1.25 -0.249874 0.15018 0.663584 4.34785e+09
1.25 0.25 1.25 -0.302594 0.169592 0.607897 4.96401e+09
1.75 0.75 1.25 -0.291499 0.182811 0.651718 4.66196e+09
1.25 1.25 1.25 -0.345974 0.194254 0.592163 5.31097e+09
2.25 -0.75 1.25 -0.202118 0.122567 0.714456 3.85653e+09
2.25 0.25 1.25 -0.241265 0.161559 0.708913 4.11663e+09
2.25 1.25 1.25 -0.2786 0.196238 0.69012 4.39867e+09
-2.5 -1 1.5 -0.30674 -0.420344 0.285646 2.19409e+10
-2.5 0 1.5 -0.273076 -0.402995 0.326986 2.43782e+10
-2.5 1 1.5 -0.255173 -0.39118 0.3554 2.43156e+10
-2 -1.5 1.5 -0.298691 -0.403131 0.304867 2.18606e+10
-1.5 -1 1.5 -0.286873 -0.358949 0.36274 2.39813e+10
-2 -0.5 1.5 -0.28054 -0.379102 0.34218 2.51557e+10
-1.5 0 1.5 -0.269659 -0.328743 0.392331 2.62386e+10
-2 0.5 1.5 -0.258415 -0.352831 0.371477 2.64811e+10
-1.5 1 1.5 -0.257606 -0.303117 0.412276 2.67245e+10
-2 1.5 1.5 -0.247344 -0.343685 0.39155 2.57789e+10
-1 -1.5 1.5 -0.295488 -0.338961 0.385523 2.17309e+10
-0.5 -1 1.5 -0.280217 -0.28695 0.447323 2.16805e+10
-1 -0.5 1.5 -0.275221 -0.306827 0.418765 2.43459e+10
-0.5 0 1.5 -0.267351 -0.251502 0.47098 2.34461e+10
-1 0.5 1.5 -0.264465 -0.274296 0.439589 2.57056e+10
-0.5 1 1.5 -0.263498 -0.215594 0.482483 2.41246e+10
-1 1.5 1.5 -0.260306 -0.243798 0.450456 2.54874e+10
0 -1.5 1.5 -0.280399 -0.270548 0.477638 1.89424e+10
0.5 -1 1.5 -0.264834 -0.219462 0.539081 1.81527e+10
0 -0.5 1.5 -0.267304 -0.232689 0.504631 2.07616e+10
0.5 0 1.5 -0.257188 -0.178209 0.556521 1.94325e+10
0 0.5 1.5 -0.262193 -0.19406 0.518361 2.19014e+10
0.5 1 1.5 -0.254372 -0.135918 0.561979 2.02441e+10
0 1.5 1.5 -0.260312 -0.153986 0.521986 2.23008e+10
1 -1.5 1.5 -0.263252 -0.211728 0.572412 1.59127e+10
1.5 -1 1.5 -0.244191 -0.165164 0.633061 1.51038e+10
1 -0.5 1.5 -0.250732 -0.168675 0.595283 1.70987e+10
1.5 0 1.5 -0.234895 -0.119359 0.6472 1.60001e+10
1 0.5 1.5 -0.245216 -0.124469 0.604246 1.80477e+10
1.5 1 1.5 -0.228725 -0.0722475 0.648166 1.67528e+10
1 1.5 1.5 -0.241057 -0.078193 0.602289 1.86607e+10
2 -1.5 1.5 -0.23604 -0.167855 0.668427 1.35084e+10
2.5 -1 1.5 -0.212571 -0.125899 0.728192 1.28439e+10
2 -0.5 1.5 -0.22425 -0.120002 0.68917 1.42484e+10
2.5 0 1.5 -0.201834 -0.0768132 0.740523 1.34404e+10
2 0.5 1.5 -0.215454 -0.072046 0.694869 1.49723e+10
2.5 1 1.5 -0.192708 -0.0277268 0.736711 1.40899e+10
2 1.5 1.5 -0.207889 -0.0232707 0.686868 1.56429e+10
