449
-2.5 -1 -1.5 -0.180896 -0.853202 0.166449 1.70915e+11
-2.5 0 -1.5 -0.0796664 -0.858421 0.262554 1.91914e+11
-2.5 1 -1.5 0.0207092 -0.839477 0.341368 1.84368e+11
-2 -1.5 -1.5 -0.247919 -0.827262 0.134602 1.83305e+11
-1.5 -1 -1.5 -0.22013 -0.813313 0.211461 2.41266e+11
-2 -0.5 -1.5 -0.145246 -0.848536 0.237143 2.17801e+11
-1.5 0 -1.5 -0.11135 -0.824359 0.305831 2.53345e+11
-2 0.5 -1.5 -0.0488305 -0.840516 0.326072 2.2306e+11
-1.5 1 -1.5 -0.0225512 -0.812576 0.384453 2.42039e+11
-2 1.5 -1.5 0.0507655 -0.811594 0.399177 1.96673e+11
-1 -1.5 -1.5 -0.329582 -0.746475 0.188343 2.76607e+11
-0.5 -1 -1.5 -0.291353 -0.716691 0.262134 3.39166e+11
-1 -0.5 -1.5 -0.243164 -0.775506 0.278542 3.2081e+11
-0.5 0 -1.5 -0.212505 -0.734767 0.33932 3.63283e+11
-1 0.5 -1.5 -0.0848141 -0.788826 0.372836 2.7726e+11
-0.5 1 -1.5 -0.133987 -0.722303 0.414922 2.7872e+11
-1 1.5 -1.5 -0.02481 -0.769876 0.433504 2.39358e+11
0 -1.5 -1.5 -0.309156 -0.621889 0.26677 2.65625e+11
0.5 -1 -1.5 -0.275988 -0.543221 0.340269 2.16136e+11
0 -0.5 -1.5 -0.243795 -0.640862 0.33753 2.9996e+11
0.5 0 -1.5 -0.221725 -0.534484 0.39609 2.25778e+11
0 0.5 -1.5 -0.183637 -0.631827 0.398127 2.8621e+11
0.5 1 -1.5 -0.174678 -0.54401 0.445498 2.30001e+11
0 1.5 -1.5 -0.102068 -0.653944 0.459364 2.7585e+11
1 -1.5 -1.5 -0.298489 -0.455505 0.348725 1.52716e+11
1.5 -1 -1.5 -0.279655 -0.358316 0.406919 1.20406e+11
1 -0.5 -1.5 -0.259576 -0.437674 0.397404 1.65797e+11
1.5 0 -1.5 -0.255132 -0.344374 0.443004 1.29433e+11
1 0.5 -1.5 -0.222347 -0.43711 0.440389 1.74722e+11
1.5 1 -1.5 -0.238221 -0.345871 0.469777 1.34607e+11
1 1.5 -1.5 -0.198152 -0.452813 0.472184 1.76557e+11
2 -1.5 -1.5 -0.278306 -0.2921 0.424617 8.7349e+10
2.5 -1 -1.5 -0.262494 -0.215086 0.474478 7.10116e+10
2 -0.5 -1.5 -0.267538 -0.271523 0.455051 9.56737e+10
2.5 0 -1.5 -0.266223 -0.195061 0.491176 7.67221e+10
2 0.5 -1.5 -0.261645 -0.260109 0.475843 1.01461e+11
2.5 1 -1.5 -0.270162 -0.177052 0.500449 7.96703e+10
2 1.5 -1.5 -0.255385 -0.251978 0.490824 1.02233e+11
-2.25 -0.75 -1.25 -0.575649 -0.659414 0.11769 2.86936e+10
-2.25 0.25 -1.25 -0.476054 -0.706869 0.235896 3.07828e+10
-2.25 1.25 -1.25 -0.382143 -0.71089 0.33476 2.81931e+10
-1.75 -1.25 -1.25 -0.58843 -0.607439 0.0568739 2.99553e+10
-1.25 -0.75 -1.25 -0.510179 -0.61101 0.129868 3.46347e+10
-1.75 -0.25 -1.25 -0.496142 -0.688529 0.175789 3.45048e+10
-1.25 0.25 -1.25 -0.43439 -0.676611 0.231887 3.79271e+10
-1.75 0.75 -1.25 -0.413459 -0.721781 0.278241 3.48905e+10
-1.25 1.25 -1.25 -0.358219 -0.710885 0.319713 3.57073e+10
-0.75 -1.25 -1.25 -0.484879 -0.606008 0.142769 5.77773e+10
-0.25 -0.75 -1.25 -0.468624 -0.568054 0.220275 6.73113e+10
-0.75 -0.25 -1.25 -0.413822 -0.668981 0.225812 6.80295e+10
-0.25 0.25 -1.25 -0.405381 -0.623756 0.283918 7.27085e+10
-0.75 0.75 -1.25 -0.343051 -0.680041 0.300456 3.96897e+10
-0.25 1.25 -1.25 -0.290013 -0.661241 0.358226 6.50033e+10
0.25 -1.25 -1.25 -0.497313 -0.429909 0.229677 5.28698e+10
0.75 -0.75 -1.25 -0.443127 -0.392294 0.307946 4.51153e+10
0.25 -0.25 -1.25 -0.466494 -0.483521 0.279161 5.91508e+10
0.75 0.25 -1.25 -0.418371 -0.425592 0.349862 4.81447e+10
0.25 0.75 -1.25 -0.413353 -0.533272 0.332921 6.03065e+10
0.75 1.25 -1.25 -0.377159 -0.480624 0.389765 5.00203e+10
1.25 -1.25 -1.25 -0.403179 -0.333967 0.342126 3.39083e+10
1.75 -0.75 -1.25 -0.362108 -0.285165 0.409101 2.76813e+10
1.25 -0.25 -1.25 -0.39369 -0.341645 0.378729 3.68001e+10
1.75 0.25 -1.25 -0.3614 -0.294061 0.434161 2.95303e+10
1.25 0.75 -1.25 -0.386247 -0.376374 0.407291 3.85273e+10
1.75 1.25 -1.25 -0.365092 -0.300845 0.451517 2.9922e+10
2.25 -1.25 -1.25 -0.320284 -0.246869 0.439953 2.08959e+10
2.25 -0.25 -1.25 -0.329113 -0.241639 0.462314 2.25321e+10
2.25 0.75 -1.25 -0.336564 -0.236942 0.476703 2.34319e+10
-2.5 -1.5 -1 -0.348122 -0.791278 0.0743032 7.74689e+10
-2.5 -0.5 -1 -0.240772 -0.835925 0.184051 9.49891e+10
-2.5 0.5 -1 -0.13054 -0.843939 0.281135 9.86501e+10
-2.5 1.5 -1 -0.0207281 -0.824742 0.360858 8.83124e+10
-1.5 -1.5 -1 -0.337714 -0.777971 0.119707 1.24813e+11
-2 -1 -1 -0.298157 -0.811812 0.144596 1.10002e+11
-1.5 -0.5 -1 -0.240892 -0.813049 0.21974 1.44684e+11
-2 0 -1 -0.192238 -0.835232 0.247085 1.2032e+11
-1.5 0.5 -1 -0.147947 -0.823181 0.308065 1.44813e+11
-2 1 -1 -0.0870433 -0.831339 0.334777 1.13817e+11
-1.5 1.5 -1 -0.04976 -0.79884 0.385597 1.16729e+11
-0.5 -1.5 -1 -0.32783 -0.706199 0.212083 2.12054e+11
-1 -1 -1 -0.269901 -0.772816 0.217708 1.69029e+11
-0.5 -0.5 -1 -0.249458 -0.736609 0.291018 2.41117e+11
-1 0 -1 -0.180277 -0.783839 0.301466 1.74113e+11
-0.5 0.5 -1 -0.222532 -0.701594 0.347615 1.90716e+11
-1 1 -1 -0.128456 -0.77446 0.362761 1.4851e+11
-0.5 1.5 -1 -0.149869 -0.717432 0.409434 1.72186e+11
0.5 -1.5 -1 -0.30647 -0.562677 0.287996 1.9032e+11
0 -1 -1 -0.274549 -0.649496 0.286751 2.31848e+11
0.5 -0.5 -1 -0.255296 -0.559716 0.345037 2.04971e+11
0 0 -1 -0.228287 -0.64407 0.342966 2.2816e+11
0.5 0.5 -1 -0.20107 -0.549514 0.397433 2.02268e+11
0 1 -1 -0.158211 -0.630004 0.401664 2.04188e+11
0.5 1.5 -1 -0.153139 -0.572951 0.439984 1.96428e+11
1.5 -1.5 -1 -0.292259 -0.405074 0.368699 1.22613e+11
1 -1 -1 -0.282482 -0.475739 0.352417 1.62663e+11
1.5 -0.5 -1 -0.258836 -0.383417 0.41114 1.32476e+11
1 0 -1 -0.236533 -0.463453 0.400267 1.69845e+11
1.5 0.5 -1 -0.234504 -0.381058 0.443475 1.38683e+11
1 1 -1 -0.19923 -0.471903 0.43887 1.7316e+11
1.5 1.5 -1 -0.212329 -0.380113 0.467899 1.35251e+11
2.5 -1.5 -1 -0.260023 -0.269199 0.45132 7.58217e+10
2 -1 -1 -0.267553 -0.320041 0.428408 1.0048e+11
2.5 -0.5 -1 -0.25745 -0.244942 0.474802 8.27234e+10
2 0 -1 -0.252717 -0.303674 0.456005 1.07569e+11
2.5 0.5 -1 -0.255864 -0.224254 0.489175 8.66656e+10
2 1 -1 -0.244036 -0.292948 0.474026 1.09476e+11
2.5 1.5 -1 -0.255731 -0.206713 0.49722 8.68738e+10
-2.25 -1.25 -0.75 -0.706521 -0.537389 0.0133891 1.53638e+10
-2.25 -0.25 -0.75 -0.608037 -0.63439 0.157428 1.75489e+10
-2.25 0.75 -0.75 -0.501288 -0.675332 0.284703 1.73187e+10
-1.25 -1.25 -0.75 -0.590953 -0.472471 0.0501563 1.81766e+10
-1.75 -0.75 -0.75 -0.641266 -0.575379 0.0777917 1.93582e+10
-1.25 -0.25 -0.75 -0.530659 -0.575657 0.155009 2.13094e+10
-1.75 0.25 -0.75 -0.54776 -0.650788 0.202571 2.05135e+10
-1.25 0.75 -0.75 -0.467345 -0.651192 0.243696 2.14443e+10
-1.75 1.25 -0.75 -0.440712 -0.677785 0.311996 1.79102e+10
-0.25 -1.25 -0.75 -0.494806 -0.459815 0.152267 3.98257e+10
-0.75 -0.75 -0.75 -0.544263 -0.530479 0.129043 2.38569e+10
-0.25 -0.25 -0.75 -0.466203 -0.539051 0.210186 4.53476e+10
-0.75 0.25 -0.75 -0.449114 -0.593566 0.222172 2.50204e+10
-0.25 0.75 -0.75 -0.409598 -0.591213 0.274662 4.49698e+10
-0.75 1.25 -0.75 -0.389126 -0.636257 0.288531 2.30576e+10
0.75 -1.25 -0.75 -0.502003 -0.313892 0.229896 3.75257e+10
0.25 -0.75 -0.75 -0.519945 -0.397945 0.20057 4.35608e+10
0.75 -0.25 -0.75 -0.494361 -0.349529 0.267898 4.13955e+10
0.25 0.25 -0.75 -0.488302 -0.451469 0.253195 4.65935e+10
0.75 0.75 -0.75 -0.470009 -0.40963 0.308774 4.21273e+10
0.25 1.25 -0.75 -0.401153 -0.512156 0.315364 4.4178e+10
1.75 -1.25 -0.75 -0.424754 -0.197181 0.345676 2.57861e+10
1.25 -0.75 -0.75 -0.474408 -0.261755 0.301681 3.321e+10
1.75 -0.25 -0.75 -0.433655 -0.212811 0.368644 2.80485e+10
1.25 0.25 -0.75 -0.465793 -0.29793 0.332094 3.53495e+10
1.75 0.75 -0.75 -0.441638 -0.241986 0.385509 2.92774e+10
1.25 1.25 -0.75 -0.467047 -0.331939 0.354468 3.5526e+10
2.25 -0.75 -0.75 -0.385324 -0.162863 0.409055 2.19144e+10
2.25 0.25 -0.75 -0.40373 -0.170962 0.421494 2.33423e+10
2.25 1.25 -0.75 -0.421196 -0.182351 0.429679 2.37387e+10
-2.5 -1 -0.5 -0.406784 -0.779287 0.0906716 4.64807e+10
-2.5 0 -0.5 -0.287459 -0.826989 0.204842 5.25237e+10
-2.5 1 -0.5 -0.16548 -0.83586 0.303141 5.07637e+10
-2 -1.5 -0.5 -0.453015 -0.738869 0.0443124 5.36709e+10
-1.5 -1 -0.5 -0.378455 -0.768133 0.130875 7.53183e+10
-2 -0.5 -0.5 -0.341018 -0.804756 0.159999 6.36307e+10
-1.5 0 -0.5 -0.270575 -0.806933 0.233047 7.90086e+10
-2 0.5 -0.5 -0.226778 -0.831245 0.263077 6.45842e+10
-1.5 1 -0.5 -0.159781 -0.810865 0.319601 7.01303e+10
-2 1.5 -0.5 -0.106423 -0.818739 0.351555 5.44286e+10
-1 -1.5 -0.5 -0.387611 -0.70027 0.130151 8.40369e+10
-0.5 -1 -0.5 -0.345891 -0.638958 0.224223 1.14322e+11
-1 -0.5 -0.5 -0.303759 -0.747835 0.222568 9.56198e+10
-0.5 0 -0.5 -0.301267 -0.67906 0.286548 1.21062e+11
-1 0.5 -0.5 -0.210428 -0.7638 0.302154 8.82681e+10
-0.5 1 -0.5 -0.226867 -0.697496 0.353761 1.11248e+11
-1 1.5 -0.5 -0.113323 -0.774965 0.373224 7.60158e+10
0 -1.5 -0.5 -0.333072 -0.603745 0.225132 1.40779e+11
0.5 -1 -0.5 -0.297369 -0.559835 0.291309 1.55414e+11
0 -0.5 -0.5 -0.290738 -0.627747 0.284207 1.5456e+11
0.5 0 -0.5 -0.242597 -0.547506 0.345844 1.54027e+11
0 0.5 -0.5 -0.222255 -0.600456 0.34531 1.38757e+11
0.5 1 -0.5 -0.175801 -0.548063 0.398236 1.46865e+11
0 1.5 -0.5 -0.171061 -0.650342 0.394805 1.30405e+11
1 -1.5 -0.5 -0.309005 -0.494868 0.304988 1.33354e+11
1.5 -1 -0.5 -0.275995 -0.415003 0.371857 1.16486e+11
1 -0.5 -0.5 -0.259268 -0.478662 0.356441 1.41419e+11
1.5 0 -0.5 -0.241676 -0.402629 0.410314 1.22241e+11
1 0.5 -0.5 -0.217022 -0.477337 0.39918 1.42278e+11
1.5 1 -0.5 -0.223537 -0.401143 0.435292 1.21293e+11
1 1.5 -0.5 -0.18069 -0.48584 0.43128 1.31348e+11
2 -1.5 -0.5 -0.278908 -0.360319 0.393818 9.15792e+10
2.5 -1 -0.5 -0.260483 -0.285916 0.449681 7.81666e+10
2 -0.5 -0.5 -0.25872 -0.337234 0.426761 9.90979e+10
2.5 0 -0.5 -0.254765 -0.263229 0.468956 8.30574e+10
2 0.5 -0.5 -0.244859 -0.325578 0.449201 1.02349e+11
2.5 1 -0.5 -0.250644 -0.244127 0.480722 8.38403e+10
2 1.5 -0.5 -0.234561 -0.313838 0.464325 9.92963e+10
-2.25 -0.75 -0.25 -0.725506 -0.524733 0.0617327 9.5932e+09
-2.25 0.25 -0.25 -0.612855 -0.619498 0.217048 1.01259e+10
-2.25 1.25 -0.25 -0.486386 -0.650221 0.346748 8.85845e+09
-1.75 -1.25 -0.25 -0.732328 -0.420139 -0.0290806 9.66502e+09
-1.25 -0.75 -0.25 -0.638323 -0.490764 0.0647097 1.17488e+10
-1.75 -0.25 -0.25 -0.649433 -0.549163 0.117463 1.08639e+10
-1.25 0.25 -0.25 -0.559259 -0.579876 0.174491 1.25346e+10
-1.75 0.75 -0.25 -0.540243 -0.637462 0.250162 1.07377e+10
-1.25 1.25 -0.25 -0.480061 -0.641852 0.279776 1.20233e+10
-0.75 -1.25 -0.25 -0.558725 -0.36653 0.0670753 1.23675e+10
-0.25 -0.75 -0.25 -0.51663 -0.448654 0.145686 2.59623e+10
-0.75 -0.25 -0.25 -0.554729 -0.463879 0.140579 1.42406e+10
-0.25 0.25 -0.25 -0.505562 -0.518467 0.204258 2.8942e+10
-0.75 0.75 -0.25 -0.503432 -0.555308 0.216402 1.39285e+10
-0.25 1.25 -0.25 -0.456883 -0.587642 0.264603 2.79156e+10
0.25 -1.25 -0.25 -0.509578 -0.294368 0.159255 2.72462e+10
0.75 -0.75 -0.25 -0.543115 -0.25734 0.205829 2.98682e+10
0.25 -0.25 -0.25 -0.52381 -0.365246 0.196422 3.1159e+10
0.75 0.25 -0.25 -0.523805 -0.310091 0.246355 3.14283e+10
0.25 0.75 -0.25 -0.477012 -0.43331 0.255415 3.03938e+10
0.75 1.25 -0.25 -0.513515 -0.347933 0.278615 2.98355e+10
1.25 -1.25 -0.25 -0.512035 -0.162848 0.243283 2.5752e+10
1.75 -0.75 -0.25 -0.477428 -0.133237 0.311664 2.35873e+10
1.25 -0.25 -0.25 -0.518963 -0.200495 0.269031 2.82584e+10
1.75 0.25 -0.25 -0.493958 -0.168461 0.326841 2.51328e+10
1.25 0.75 -0.25 -0.51584 -0.2618 0.294218 2.90398e+10
1.75 1.25 -0.25 -0.511469 -0.209264 0.339934 2.52797e+10
2.25 -1.25 -0.25 -0.418791 -0.0823674 0.361313 1.87979e+10
2.25 -0.25 -0.25 -0.451197 -0.101271 0.370529 2.06509e+10
2.25 0.75 -0.25 -0.475256 -0.122019 0.377973 2.1484e+10
-2.5 -1.5 0 -0.565394 -0.671522 -0.0140725 2.16662e+10
-2.5 -0.5 0 -0.447974 -0.773008 0.115273 2.70151e+10
-2.5 0.5 0 -0.314022 -0.822704 0.232022 2.83383e+10
-2.5 1.5 0 -0.174885 -0.827938 0.33032 2.51744e+10
-1.5 -1.5 0 -0.504285 -0.681859 0.03903 3.57502e+10
-2 -1 0 -0.489216 -0.732089 0.0660807 3.12776e+10
-1.5 -0.5 0 -0.391948 -0.764548 0.155681 4.08818e+10
-2 0 0 -0.367301 -0.80072 0.184815 3.42829e+10
-1.5 0.5 0 -0.280269 -0.803645 0.253369 4.03002e+10
-2 1 0 -0.234587 -0.825678 0.28723 3.21319e+10
-1.5 1.5 0 -0.15802 -0.80953 0.341488 3.49095e+10
-0.5 -1.5 0 -0.442947 -0.583154 0.148614 6.12362e+10
-1 -1 0 -0.412392 -0.696574 0.142924 4.9296e+10
-0.5 -0.5 0 -0.385456 -0.638275 0.227697 6.96996e+10
-1 0 0 -0.303757 -0.755406 0.23983 5.03051e+10
-0.5 0.5 0 -0.222304 -0.712245 0.320749 6.11659e+10
-1 1 0 -0.197096 -0.777588 0.319655 4.62364e+10
-0.5 1.5 0 -0.132574 -0.730177 0.383708 5.46828e+10
0.5 -1.5 0 -0.313663 -0.530247 0.25306 9.61054e+10
0 -1 0 -0.338656 -0.572778 0.235811 8.75327e+10
0.5 -0.5 0 -0.272608 -0.536005 0.304977 1.02555e+11
0 0 0 -0.292931 -0.593086 0.29336 8.91386e+10
0.5 0.5 0 -0.211455 -0.532202 0.357177 9.83621e+10
0 1 0 -0.189462 -0.654666 0.369165 8.29519e+10
0.5 1.5 0 -0.18845 -0.567529 0.39116 8.38893e+10
1.5 -1.5 0 -0.295942 -0.436175 0.331856 8.88706e+10
1 -1 0 -0.282894 -0.485263 0.315486 1.00806e+11
1.5 -0.5 0 -0.258069 -0.415597 0.37374 9.47048e+10
1 0 0 -0.232248 -0.474923 0.363076 1.0212e+11
1.5 0.5 0 -0.235076 -0.411228 0.402811 9.51329e+10
1 1 0 -0.2137 -0.474672 0.390714 9.66412e+10
1.5 1.5 0 -0.215151 -0.401629 0.424228 8.80763e+10
2.5 -1.5 0 -0.27299 -0.319533 0.417833 6.5797e+10
2 -1 0 -0.27038 -0.364754 0.393679 8.07035e+10
2.5 -0.5 0 -0.259945 -0.295561 0.443848 7.08807e+10
2 0 0 -0.25188 -0.347137 0.420406 8.46048e+10
2.5 0.5 0 -0.252316 -0.273639 0.459348 7.25757e+10
2 1 0 -0.239157 -0.33576 0.438667 8.28982e+10
2.5 1.5 0 -0.249229 -0.256055 0.468276 7.01258e+10
-2.25 -1.25 0.25 -0.810781 -0.37525 -0.0554657 4.88623e+09
-2.25 -0.25 0.25 -0.712354 -0.532285 0.127947 5.49373e+09
-2.25 0.75 0.25 -0.577977 -0.62009 0.288987 5.30829e+09
-1.25 -1.25 0.25 -0.706852 -0.315816 -0.0318859 6.04854e+09
-1.75 -0.75 0.25 -0.735623 -0.43773 0.0256427 5.62201e+09
-1.25 -0.25 0.25 -0.656937 -0.477603 0.101745 6.94047e+09
-1.75 0.25 0.25 -0.63551 -0.568892 0.17976 6.05048e+09
-1.25 0.75 0.25 -0.575437 -0.592063 0.224011 7.1363e+09
-1.75 1.25 0.25 -0.516958 -0.634141 0.321379 5.73114e+09
-0.25 -1.25 0.25 -0.586988 -0.305729 0.072337 1.42344e+10
-0.75 -0.75 0.25 -0.611075 -0.333327 0.0711102 7.38348e+09
-0.25 -0.25 0.25 -0.592863 -0.409462 0.137411 1.69692e+10
-0.75 0.25 0.25 -0.585768 -0.46281 0.167448 8.0363e+09
-0.25 0.75 0.25 -0.559712 -0.511221 0.20919 1.08307e+10
-0.75 1.25 0.25 -0.52139 -0.559894 0.259047 7.79545e+09
0.75 -1.25 0.25 -0.524236 -0.119614 0.17834 1.81696e+10
0.25 -0.75 0.25 -0.54356 -0.268701 0.157907 1.79134e+10
0.75 -0.25 0.25 -0.55391 -0.18626 0.200689 2.03912e+10
0.25 0.25 0.25 -0.538842 -0.345102 0.200187 1.91632e+10
0.75 0.75 0.25 -0.544637 -0.276486 0.23228 2.04942e+10
0.25 1.25 0.25 -0.497155 -0.453085 0.247908 1.78428e+10
1.75 -1.25 0.25 -0.491892 -0.0506584 0.268777 1.72708e+10
1.25 -0.75 0.25 -0.52745 -0.112689 0.227139 1.97651e+10
1.75 -0.25 0.25 -0.521784 -0.0890594 0.280474 1.91089e+10
1.25 0.25 0.25 -0.541564 -0.174539 0.24758 2.08861e+10
1.75 0.75 0.25 -0.542499 -0.133507 0.29385 1.9612e+10
1.25 1.25 0.25 -0.554099 -0.233441 0.270143 2.03266e+10
2.25 -0.75 0.25 -0.471852 -0.024161 0.329684 1.62627e+10
2.25 0.25 0.25 -0.507422 -0.0516888 0.334218 1.74033e+10
2.25 1.25 0.25 -0.530088 -0.089181 0.341057 1.75528e+10
-2.5 -1 0.5 -0.600216 -0.667422 0.012992 1.30077e+10
-2.5 0 0.5 -0.465331 -0.772212 0.147319 1.4977e+10
-2.5 1 0.5 -0.313996 -0.821368 0.263281 1.47097e+10
-2 -1.5 0.5 -0.626592 -0.603757 -0.0360623 1.43764e+10
-1.5 -1 0.5 -0.528366 -0.683979 0.0665129 2.03839e+10
-2 -0.5 0.5 -0.507882 -0.733107 0.0983354 1.73408e+10
-1.5 0 0.5 -0.403946 -0.769918 0.184212 2.1847e+10
-2 0.5 0.5 -0.369909 -0.803535 0.216617 1.78789e+10
-1.5 1 0.5 -0.270891 -0.811645 0.282873 2.06142e+10
-2 1.5 0.5 -0.224693 -0.825841 0.318369 1.61503e+10
-1 -1.5 0.5 -0.516963 -0.635701 0.0595653 2.43468e+10
-0.5 -1 0.5 -0.397887 -0.659789 0.180665 3.44467e+10
-1 -0.5 0.5 -0.414204 -0.720079 0.168441 2.73719e+10
-0.5 0 0.5 -0.30234 -0.703193 0.265113 3.51684e+10
-1 0.5 0.5 -0.300295 -0.774373 0.262835 2.69936e+10
-0.5 1 0.5 -0.21922 -0.70849 0.335619 3.01186e+10
-1 1.5 0.5 -0.182134 -0.788238 0.3478 2.25957e+10
0 -1.5 0.5 -0.385583 -0.572602 0.201883 4.63339e+10
0.5 -1 0.5 -0.29342 -0.522952 0.274357 5.89678e+10
0 -0.5 0.5 -0.323179 -0.607678 0.269412 5.07253e+10
0.5 0 0.5 -0.259516 -0.519639 0.31894 5.7695e+10
0 0.5 0.5 -0.293221 -0.595694 0.318812 4.2842e+10
0.5 1 0.5 -0.240045 -0.551703 0.351066 5.4688e+10
0 1.5 0.5 -0.248556 -0.634383 0.36844 3.88686e+10
1 -1.5 0.5 -0.300647 -0.473895 0.281602 6.22806e+10
1.5 -1 0.5 -0.274703 -0.422518 0.339695 6.50233e+10
1 -0.5 0.5 -0.266207 -0.465022 0.324142 6.57675e+10
1.5 0 0.5 -0.246499 -0.410943 0.373024 6.68858e+10
1 0.5 0.5 -0.237289 -0.471691 0.359444 6.4472e+10
1.5 1 0.5 -0.226949 -0.4029 0.39706 6.27046e+10
1 1.5 0.5 -0.203897 -0.463218 0.390037 5.65457e+10
2 -1.5 0.5 -0.285484 -0.383865 0.359215 5.83752e+10
2.5 -1 0.5 -0.270098 -0.320628 0.415488 5.45198e+10
2 -0.5 0.5 -0.259837 -0.363253 0.392219 6.22858e+10
2.5 0 0.5 -0.25782 -0.297146 0.436091 5.66664e+10
2 0.5 0.5 -0.244657 -0.34577 0.413375 6.2233e+10
2.5 1 0.5 -0.250811 -0.275365 0.447944 5.55726e+10
2 1.5 0.5 -0.239317 -0.33346 0.426605 5.75383e+10
-2.25 -0.75 0.75 -0.79429 -0.412957 0.0204004 2.86646e+09
-2.25 0.25 0.75 -0.667504 -0.559925 0.211079 3.01166e+09
-2.25 1.25 0.75 -0.516969 -0.626324 0.372019 2.78755e+09
-1.75 -1.25 0.75 -0.805282 -0.263615 -0.0903711 2.88437e+09
-1.25 -0.75 0.75 -0.744331 -0.329766 0.0129551 3.58661e+09
-1.75 -0.25 0.75 -0.728596 -0.464828 0.0969049 3.26679e+09
-1.25 0.25 0.75 -0.666636 -0.493715 0.165937 3.85233e+09
-1.75 0.75 0.75 -0.602585 -0.589741 0.264902 3.32113e+09
-1.25 1.25 0.75 -0.545322 -0.584648 0.303271 3.47414e+09
-0.75 -1.25 0.75 -0.637772 -0.170807 0.0112012 3.62667e+09
-0.25 -0.75 0.75 -0.654366 -0.261359 0.0849443 5.57521e+09
-0.75 -0.25 0.75 -0.651536 -0.343132 0.109976 4.30823e+09
-0.25 0.25 0.75 -0.620211 -0.376168 0.163068 5.89876e+09
-0.75 0.75 0.75 -0.592605 -0.499421 0.219552 4.23282e+09
-0.25 1.25 0.75 -0.585742 -0.453717 0.228954 5.3333e+09
0.25 -1.25 0.75 -0.532088 -0.149443 0.119133 9.11905e+09
0.75 -0.75 0.75 -0.525165 -0.120589 0.175081 1.18105e+10
0.25 -0.25 0.75 -0.561941 -0.257081 0.159951 1.04479e+10
0.75 0.25 0.75 -0.549878 -0.203926 0.203722 1.25661e+10
0.25 0.75 0.75 -0.554104 -0.387661 0.210521 1.05588e+10
0.75 1.25 0.75 -0.557381 -0.280635 0.242814 1.20117e+10
1.25 -1.25 0.75 -0.507569 -0.0302464 0.204213 1.19231e+10
1.75 -0.75 0.75 -0.515335 0.00537976 0.253058 1.28259e+10
1.25 -0.25 0.75 -0.548345 -0.0854432 0.217793 1.33287e+10
1.75 0.25 0.75 -0.552718 -0.0442165 0.260967 1.36947e+10
1.25 0.75 0.75 -0.571288 -0.151095 0.237101 1.35548e+10
1.75 1.25 0.75 -0.567587 -0.110116 0.276636 1.34713e+10
2.25 -1.25 0.75 -0.462809 0.0435434 0.30323 1.15323e+10
2.25 -0.25 0.75 -0.510411 0.0179263 0.303863 1.26622e+10
2.25 0.75 0.75 -0.552015 -0.0190642 0.306001 1.30417e+10
-2.5 -1.5 1 -0.727547 -0.49929 -0.102739 5.89994e+09
-2.5 -0.5 1 -0.611375 -0.673001 0.0487441 7.52622e+09
-2.5 0.5 1 -0.458537 -0.778126 0.183675 8.13043e+09
-2.5 1.5 1 -0.296003 -0.823749 0.297255 7.66409e+09
-1.5 -1.5 1 -0.656417 -0.548628 -0.0314017 9.54047e+09
-2 -1 1 -0.649045 -0.609844 -0.00344708 8.37275e+09
-1.5 -0.5 1 -0.538378 -0.696971 0.101879 1.1109e+10
-2 0 1 -0.510791 -0.742942 0.135743 9.44534e+09
-1.5 0.5 1 -0.395783 -0.784859 0.221174 1.13642e+10
-2 1 1 -0.354263 -0.811688 0.253908 9.30229e+09
-1.5 1.5 1 -0.241872 -0.815296 0.323864 9.89422e+09
-0.5 -1.5 1 -0.492328 -0.575205 0.113874 1.57771e+10
-1 -1 1 -0.537029 -0.645328 0.0911694 1.33698e+10
-0.5 -0.5 1 -0.400484 -0.650196 0.210431 1.74799e+10
-1 0 1 -0.412518 -0.739962 0.202856 1.39773e+10
-0.5 0.5 1 -0.290265 -0.706363 0.293111 1.59712e+10
-1 1 1 -0.270045 -0.779221 0.303543 1.25165e+10
-0.5 1.5 1 -0.184607 -0.740862 0.36153 1.42746e+10
0.5 -1.5 1 -0.36135 -0.484493 0.227809 3.10182e+10
0 -1 1 -0.416075 -0.52624 0.21715 2.32602e+10
0.5 -0.5 1 -0.335315 -0.512753 0.275178 3.36947e+10
0 0 1 -0.371406 -0.570007 0.27834 2.41685e+10
0.5 0.5 1 -0.286625 -0.522221 0.324525 3.17169e+10
0 1 1 -0.220912 -0.664106 0.35396 2.05449e+10
0.5 1.5 1 -0.198951 -0.602642 0.383293 2.78599e+10
1.5 -1.5 1 -0.285593 -0.423834 0.31253 3.96799e+10
1 -1 1 -0.282294 -0.456437 0.299555 3.86229e+10
1.5 -0.5 1 -0.2547 -0.407886 0.349474 4.18565e+10
1 0 1 -0.254968 -0.44945 0.335934 3.88652e+10
1.5 0.5 1 -0.23478 -0.397502 0.375315 4.09996e+10
1 1 1 -0.224201 -0.461794 0.367626 3.57047e+10
1.5 1.5 1 -0.23618 -0.394212 0.390785 3.62919e+10
2.5 -1.5 1 -0.280381 -0.341519 0.3874 3.79884e+10
2 -1 1 -0.27088 -0.370501 0.364894 4.14136e+10
2.5 -0.5 1 -0.263951 -0.31379 0.412984 4.03628e+10
2 0 1 -0.251508 -0.353276 0.390793 4.23431e+10
2.5 0.5 1 -0.255449 -0.291936 0.428524 4.01118e+10
2 1 1 -0.240846 -0.334823 0.407195 4.02713e+10
2.5 1.5 1 -0.248763 -0.268154 0.438538 3.72034e+10
-2.25 -1.25 1.25 -0.846663 -0.247861 -0.113938 1.47175e+09
-2.25 -0.25 1.25 -0.750224 -0.464514 0.110587 1.64948e+09
-2.25 0.75 1.25 -0.596057 -0.590099 0.300569 1.63416e+09
-1.25 -1.25 1.25 -0.766009 -0.139 -0.0901389 1.68941e+09
-1.75 -0.75 1.25 -0.798059 -0.320344 -0.0123626 1.68769e+09
-1.25 -0.25 1.25 -0.726932 -0.371981 0.0891576 1.90741e+09
-1.75 0.25 1.25 -0.683947 -0.512915 0.189216 1.81274e+09
-1.25 0.75 1.25 -0.608652 -0.54043 0.256768 1.89518e+09
-1.75 1.25 1.25 -0.524979 -0.609288 0.35564 1.64767e+09
-0.25 -1.25 1.25 -0.644243 -0.0468865 0.0346723 2.60957e+09
-0.75 -0.75 1.25 -0.704586 -0.237589 0.0462993 2.13407e+09
-0.25 -0.25 1.25 -0.667659 -0.213419 0.116602 2.96304e+09
-0.75 0.25 1.25 -0.653671 -0.412621 0.174771 2.27315e+09
-0.25 0.75 1.25 -0.637433 -0.379907 0.206949 2.9158e+09
-0.75 1.25 1.25 -0.586307 -0.529439 0.285404 2.28624e+09
0.75 -1.25 1.25 -0.507423 -0.0381548 0.161096 6.27751e+09
0.25 -0.75 1.25 -0.605142 -0.185383 0.11595 5.48772e+09
0.75 -0.25 1.25 -0.570671 -0.11339 0.18317 7.10831e+09
0.25 0.25 1.25 -0.614527 -0.30446 0.17275 6.12259e+09
0.75 0.75 1.25 -0.589853 -0.212555 0.215836 7.11085e+09
0.25 1.25 1.25 -0.63919 -0.416197 0.222912 4.01598e+09
1.75 -1.25 1.25 -0.470121 0.0701239 0.245598 7.75745e+09
1.25 -0.75 1.25 -0.518934 0.0283215 0.207329 7.65416e+09
1.75 -0.25 1.25 -0.529201 0.0316401 0.246868 8.56311e+09
1.25 0.25 1.25 -0.57303 -0.0404507 0.21879 8.17244e+09
1.75 0.75 1.25 -0.581234 -0.0315739 0.251982 8.72078e+09
1.25 1.25 1.25 -0.581679 -0.158321 0.242546 8.05573e+09
2.25 -0.75 1.25 -0.49308 0.0809897 0.287502 8.34208e+09
2.25 0.25 1.25 -0.543953 0.0483332 0.286546 8.84957e+09
2.25 1.25 1.25 -0.585121 0.0185027 0.291016 8.77913e+09
-2.5 -1 1.5 -0.736864 -0.512811 -0.0663227 3.60196e+09
-2.5 0 1.5 -0.600549 -0.687717 0.08915 4.27342e+09
-2.5 1 1.5 -0.432772 -0.788669 0.222297 4.38186e+09
-2 -1.5 1.5 -0.757325 -0.42065 -0.116587 3.78638e+09
-1.5 -1 1.5 -0.664946 -0.567294 0.00845296 5.21158e+09
-2 -0.5 1.5 -0.648945 -0.628613 0.0373373 4.69715e+09
-1.5 0 1.5 -0.525785 -0.719158 0.146027 5.72957e+09
-2 0.5 1.5 -0.489928 -0.760417 0.178093 5.02335e+09
-1.5 1 1.5 -0.357421 -0.799817 0.266309 5.50351e+09
-2 1.5 1.5 -0.315608 -0.820355 0.295057 4.64553e+09
-1 -1.5 1.5 -0.64606 -0.519027 0.0107692 5.97567e+09
-0.5 -1 1.5 -0.509359 -0.607323 0.14176 8.36729e+09
-1 -0.5 1.5 -0.527494 -0.668061 0.137451 6.75251e+09
-0.5 0 1.5 -0.391743 -0.692267 0.239786 8.5958e+09
-1 0.5 1.5 -0.386844 -0.75855 0.246388 6.66852e+09
-0.5 1 1.5 -0.269625 -0.748657 0.321567 7.98117e+09
-1 1.5 1.5 -0.238892 -0.798358 0.338034 6.0418e+09
0 -1.5 1.5 -0.463036 -0.552062 0.161269 1.05205e+10
0.5 -1 1.5 -0.361686 -0.519265 0.267699 1.68217e+10
0 -0.5 1.5 -0.382997 -0.62096 0.246198 1.17286e+10
0.5 0 1.5 -0.311683 -0.563493 0.315816 1.73833e+10
0 0.5 1.5 -0.265713 -0.661163 0.323924 1.11638e+10
0.5 1 1.5 -0.285201 -0.539755 0.35776 1.41363e+10
0 1.5 1.5 -0.180687 -0.672957 0.384398 8.93915e+09
1 -1.5 1.5 -0.3056 -0.450295 0.277049 2.01706e+10
1.5 -1 1.5 -0.273076 -0.402995 0.326986 2.43782e+10
1 -0.5 1.5 -0.278773 -0.457103 0.318726 2.1469e+10
1.5 0 1.5 -0.255173 -0.39118 0.3554 2.43156e+10
1 0.5 1.5 -0.257922 -0.447124 0.348368 1.99826e+10
1.5 1 1.5 -0.23546 -0.394726 0.380024 2.29422e+10
1 1.5 1.5 -0.259333 -0.507216 0.370555 1.81806e+10
2 -1.5 1.5 -0.28054 -0.379102 0.34218 2.51557e+10
2.5 -1 1.5 -0.269659 -0.328743 0.392331 2.62386e+10
2 -0.5 1.5 -0.258415 -0.352831 0.371477 2.64811e+10
2.5 0 1.5 -0.257606 -0.303117 0.412276 2.67245e+10
2 0.5 1.5 -0.247344 -0.343685 0.39155 2.57789e+10
2.5 1 1.5 -0.253523 -0.280497 0.424052 2.52052e+10
2 1.5 1.5 -0.234327 -0.324126 0.40808 2.28969e+10
