449
-2.5 -1 -1.5 0.676246 0.286341 0.0293618 4.86583e+09
-2.5 0 -1.5 0.632639 0.263402 0.111048 6.11154e+09
-2.5 1 -1.5 0.690018 0.270549 0.260737 1.00508e+10
-2 -1.5 -1.5 0.639572 0.310512 0.0210369 3.6516e+09
-1.5 -1 -1.5 0.582643 0.246527 0.0161195 3.6973e+09
-2 -0.5 -1.5 0.603331 0.250044 0.0452095 4.7042e+09
-1.5 0 -1.5 0.491453 0.278373 0.117524 4.537e+09
-2 0.5 -1.5 0.586131 0.312379 0.192639 6.6081e+09
-1.5 1 -1.5 0.576735 0.402968 0.244326 7.81468e+09
-2 1.5 -1.5 0.708435 0.330251 0.272515 1.20542e+10
-1 -1.5 -1.5 0.541975 0.257756 0.0156341 2.76766e+09
-0.5 -1 -1.5 0.430951 0.175814 0.034201 2.6173e+09
-1 -0.5 -1.5 0.448026 0.212699 0.0598132 3.3881e+09
-0.5 0 -1.5 0.265194 0.289428 0.158135 3.21786e+09
-1 0.5 -1.5 0.40395 0.397917 0.206758 4.8733e+09
-0.5 1 -1.5 0.381581 0.543752 0.233691 5.76189e+09
-1 1.5 -1.5 0.585907 0.494769 0.232982 9.25992e+09
0 -1.5 -1.5 0.407934 0.169633 0.0361412 1.99424e+09
0.5 -1 -1.5 0.236201 0.0692894 0.0844115 1.80178e+09
0 -0.5 -1.5 0.220066 0.154173 0.111793 2.33966e+09
0.5 0 -1.5 -0.0201307 0.288196 0.215818 2.27754e+09
0 0.5 -1.5 0.1443 0.478539 0.233279 3.50734e+09
0.5 1 -1.5 0.118684 0.655471 0.22198 4.10704e+09
0 1.5 -1.5 0.384264 0.6531 0.193341 6.62677e+09
1 -1.5 -1.5 0.251266 0.0405268 0.082902 1.39255e+09
1.5 -1 -1.5 0.0258937 -0.0651908 0.151506 1.24291e+09
1 -0.5 -1.5 -0.0411631 0.0710596 0.181868 1.62884e+09
1.5 0 -1.5 -0.297563 0.248704 0.25942 1.65128e+09
1 0.5 -1.5 -0.14774 0.516393 0.251795 2.52951e+09
1.5 1 -1.5 -0.171721 0.691086 0.207594 2.84562e+09
1 1.5 -1.5 0.115904 0.762655 0.15837 4.46404e+09
2 -1.5 -1.5 0.0964508 -0.109131 0.133327 9.71517e+08
2.5 -1 -1.5 -0.161161 -0.188501 0.197302 8.86228e+08
2 -0.5 -1.5 -0.278407 -0.0191863 0.236931 1.17301e+09
2.5 0 -1.5 -0.504534 0.178223 0.270966 1.2288e+09
2 0.5 -1.5 -0.408938 0.478609 0.25352 1.82543e+09
2.5 1 -1.5 -0.434568 0.629222 0.199284 1.9154e+09
2 1.5 -1.5 -0.18015 0.783228 0.138469 2.85968e+09
-2.25 -0.75 -1.25 0.863613 -0.274481 0.167993 3.03091e+09
-2.25 0.25 -1.25 0.653188 -0.451304 0.308303 2.64706e+09
-2.25 1.25 -1.25 0.584615 -0.301579 0.457066 3.38288e+09
-1.75 -1.25 -1.25 0.911633 -0.158563 0.123126 2.6312e+09
-1.25 -0.75 -1.25 0.86218 -0.285202 0.10152 2.4704e+09
-1.75 -0.25 -1.25 0.77141 -0.399558 0.189418 2.59891e+09
-1.25 0.25 -1.25 0.602959 -0.446509 0.285825 2.13752e+09
-1.75 0.75 -1.25 0.545179 -0.373832 0.408873 2.52103e+09
-1.25 1.25 -1.25 0.501838 -0.175155 0.447417 2.62312e+09
-0.75 -1.25 -1.25 0.907352 -0.158406 0.049427 2.0824e+09
-0.25 -0.75 -1.25 0.822443 -0.308853 0.0406201 1.76976e+09
-0.75 -0.25 -1.25 0.722267 -0.421035 0.143796 1.96854e+09
-0.25 0.25 -1.25 0.477279 -0.421044 0.26234 1.55208e+09
-0.75 0.75 -1.25 0.432306 -0.295774 0.394093 1.93501e+09
-0.25 1.25 -1.25 0.341368 -0.0363372 0.412165 1.90317e+09
0.25 -1.25 -1.25 0.879681 -0.164281 -0.0194787 1.48663e+09
0.75 -0.75 -1.25 0.742195 -0.336553 -0.00939555 1.1619e+09
0.25 -0.25 -1.25 0.608481 -0.437133 0.108713 1.3327e+09
0.75 0.25 -1.25 0.287367 -0.364036 0.230687 1.05979e+09
0.25 0.75 -1.25 0.248251 -0.193005 0.356688 1.38243e+09
0.75 1.25 -1.25 0.123063 0.0828784 0.346027 1.29743e+09
1.25 -1.25 -1.25 0.824854 -0.179302 -0.073277 9.72572e+08
1.75 -0.75 -1.25 0.614075 -0.357374 -0.0394962 7.24096e+08
1.25 -0.25 -1.25 0.444794 -0.429871 0.0774173 8.65805e+08
1.75 0.25 -1.25 0.0838752 -0.291659 0.177388 7.10269e+08
1.25 0.75 -1.25 0.0343024 -0.0980817 0.287806 9.45851e+08
1.75 1.25 -1.25 -0.105919 0.144808 0.258031 8.38918e+08
2.25 -1.25 -1.25 0.739957 -0.192896 -0.10773 6.0813e+08
2.25 -0.25 -1.25 0.249746 -0.389674 0.0501557 5.57479e+08
2.25 0.75 -1.25 -0.159406 -0.0478021 0.201034 6.23445e+08
-2.5 -1.5 -1 0.509628 0.468722 0.128265 8.88726e+09
-2.5 -0.5 -1 0.598606 0.434533 0.115843 1.55026e+10
-2.5 0.5 -1 0.67203 0.406772 0.172589 2.50052e+10
-2.5 1.5 -1 0.767148 0.343065 0.211613 3.96842e+10
-1.5 -1.5 -1 0.415954 0.45694 0.104653 7.19242e+09
-2 -1 -1 0.519471 0.455471 0.096411 1.08649e+10
-1.5 -0.5 -1 0.476167 0.46051 0.0818754 1.16841e+10
-2 0 -1 0.570848 0.456168 0.11482 1.68813e+10
-1.5 0.5 -1 0.553556 0.505587 0.123446 1.87527e+10
-2 1 -1 0.682767 0.436736 0.168577 2.86229e+10
-1.5 1.5 -1 0.688548 0.480703 0.136961 3.10102e+10
-0.5 -1.5 -1 0.283552 0.413321 0.101876 5.52078e+09
-1 -1 -1 0.384221 0.445947 0.0786445 8.11955e+09
-0.5 -0.5 -1 0.289448 0.465005 0.080406 8.20786e+09
-1 0 -1 0.410305 0.512442 0.0901798 1.21747e+10
-0.5 0.5 -1 0.36631 0.602381 0.0962538 1.32285e+10
-1 1 -1 0.551027 0.566886 0.110892 2.10102e+10
-0.5 1.5 -1 0.541149 0.625174 0.0674306 2.18598e+10
0.5 -1.5 -1 0.12846 0.327919 0.125837 4.05501e+09
0 -1 -1 0.20015 0.398447 0.093918 5.74234e+09
0.5 -0.5 -1 0.0519128 0.433788 0.115019 5.61222e+09
0 0 -1 0.179545 0.551843 0.0985321 8.36283e+09
0.5 0.5 -1 0.113336 0.671532 0.0930675 8.98712e+09
0 1 -1 0.345912 0.688052 0.0694027 1.43677e+10
0.5 1.5 -1 0.317186 0.74875 0.0156061 1.40731e+10
1.5 -1.5 -1 -0.0342902 0.194057 0.175999 2.90859e+09
1 -1 -1 -0.00998394 0.299278 0.144313 3.96748e+09
1.5 -0.5 -1 -0.199529 0.350204 0.177357 3.84522e+09
1 0 -1 -0.0911909 0.545254 0.133118 5.70146e+09
1.5 0.5 -1 -0.167547 0.671763 0.111968 5.96997e+09
1 1 -1 0.0773446 0.76141 0.0513547 9.2883e+09
1.5 1.5 -1 0.0349898 0.811122 -0.0032203 8.44986e+09
2.5 -1.5 -1 -0.176852 0.0410593 0.225285 2.07261e+09
2 -1 -1 -0.207306 0.1677 0.20824 2.76641e+09
2.5 -0.5 -1 -0.403862 0.232811 0.234524 2.70479e+09
2 0 -1 -0.345334 0.476652 0.181782 3.92129e+09
2.5 0.5 -1 -0.420004 0.585922 0.152261 3.89863e+09
2 1 -1 -0.212357 0.748918 0.0669088 5.75242e+09
2.5 1.5 -1 -0.2579 0.783513 0.0212989 4.87797e+09
-2.25 -1.25 -0.75 0.867071 -0.082051 0.272089 5.86641e+09
-2.25 -0.25 -0.75 0.802271 -0.251142 0.270902 7.54465e+09
-2.25 0.75 -0.75 0.680807 -0.283259 0.334236 7.96212e+09
-1.25 -1.25 -0.75 0.884492 -0.0477598 0.183167 4.99749e+09
-1.75 -0.75 -0.75 0.864303 -0.149473 0.217062 6.65998e+09
-1.25 -0.25 -0.75 0.803142 -0.230942 0.19583 5.97139e+09
-1.75 0.25 -0.75 0.722915 -0.287118 0.272256 6.6439e+09
-1.25 0.75 -0.75 0.644659 -0.216628 0.27826 6.05828e+09
-1.75 1.25 -0.75 0.677207 -0.179474 0.307472 8.05461e+09
-0.25 -1.25 -0.75 0.878654 -0.0168896 0.0962251 3.87045e+09
-0.75 -0.75 -0.75 0.857441 -0.131454 0.134665 5.00291e+09
-0.25 -0.25 -0.75 0.752734 -0.215139 0.1288 4.07681e+09
-0.75 0.25 -0.75 0.678186 -0.24921 0.210581 4.86444e+09
-0.25 0.75 -0.75 0.546158 -0.128451 0.217838 4.16761e+09
-0.75 1.25 -0.75 0.593688 -0.0702899 0.245074 5.61274e+09
0.75 -1.25 -0.75 0.844794 0.00645146 0.0215161 2.6699e+09
0.25 -0.75 -0.75 0.817764 -0.114359 0.0618466 3.39837e+09
0.75 -0.25 -0.75 0.656386 -0.18982 0.074565 2.59982e+09
0.25 0.25 -0.75 0.567909 -0.192125 0.156911 3.20069e+09
0.75 0.75 -0.75 0.390825 -0.0397958 0.155942 2.67161e+09
0.25 1.25 -0.75 0.441652 0.0387057 0.17733 3.58666e+09
1.75 -1.25 -0.75 0.782902 0.027609 -0.0330134 1.70472e+09
1.25 -0.75 -0.75 0.733569 -0.109038 0.00963389 2.0971e+09
1.75 -0.25 -0.75 0.499257 -0.157588 0.0450055 1.55733e+09
1.25 0.25 -0.75 0.416092 -0.125691 0.106781 2.01616e+09
1.75 0.75 -0.75 0.2049 0.0192013 0.102291 1.61851e+09
1.25 1.25 -0.75 0.240634 0.11401 0.113616 2.14137e+09
2.25 -0.75 -0.75 0.618103 -0.0944194 -0.017055 1.27593e+09
2.25 0.25 -0.75 0.238841 -0.0758072 0.0740599 1.22674e+09
2.25 1.25 -0.75 0.033386 0.13901 0.0694953 1.23205e+09
-2.5 -1 -0.5 0.460382 0.56632 0.174694 3.04894e+10
-2.5 0 -0.5 0.625432 0.52518 0.151778 6.01263e+10
-2.5 1 -0.5 0.746386 0.446923 0.156409 1.00276e+11
-2 -1.5 -0.5 0.295516 0.569114 0.187873 1.83915e+10
-1.5 -1 -0.5 0.343169 0.590648 0.133559 2.4472e+10
-2 -0.5 -0.5 0.495557 0.578155 0.127581 3.89584e+10
-1.5 0 -0.5 0.500214 0.607598 0.0870058 4.53597e+10
-2 0.5 -0.5 0.644055 0.542528 0.114655 7.02295e+10
-1.5 1 -0.5 0.650555 0.568624 0.0675782 7.55071e+10
-2 1.5 -0.5 0.747121 0.475867 0.100611 9.96879e+10
-1 -1.5 -0.5 0.176937 0.548831 0.167911 1.50191e+10
-0.5 -1 -0.5 0.179491 0.582012 0.115898 1.8379e+10
-1 -0.5 -0.5 0.342867 0.620527 0.0873 2.88385e+10
-0.5 0 -0.5 0.316866 0.675559 0.0481124 3.17265e+10
-1 0.5 -0.5 0.50309 0.64772 0.0456139 5.05391e+10
-0.5 1 -0.5 0.491088 0.688521 -0.00767112 5.14302e+10
-1 1.5 -0.5 0.635781 0.60382 0.00666223 7.15064e+10
0 -1.5 -0.5 0.0313483 0.49642 0.167075 1.17882e+10
0.5 -1 -0.5 -0.0180471 0.531258 0.130392 1.31804e+10
0 -0.5 -0.5 0.131276 0.633021 0.078724 2.0158e+10
0.5 0 -0.5 0.0751922 0.707971 0.0433995 2.12177e+10
0 0.5 -0.5 0.293771 0.736252 0.00334291 3.35497e+10
0.5 1 -0.5 0.25733 0.781523 -0.0532358 3.18401e+10
0 1.5 -0.5 0.452347 0.725763 -0.0710595 4.53698e+10
1 -1.5 -0.5 -0.12618 0.393032 0.192446 8.88016e+09
1.5 -1 -0.5 -0.227375 0.4233 0.180054 9.245e+09
1 -0.5 -0.5 -0.111543 0.59452 0.108349 1.36897e+10
1.5 0 -0.5 -0.188076 0.677322 0.0782273 1.38308e+10
1 0.5 -0.5 0.030217 0.774166 -0.00253941 2.113e+10
1.5 1 -0.5 -0.025679 0.809503 -0.0508233 1.84851e+10
1 1.5 -0.5 0.19982 0.809906 -0.110461 2.61985e+10
2 -1.5 -0.5 -0.274247 0.258617 0.235679 6.54282e+09
2.5 -1 -0.5 -0.402878 0.286117 0.239921 6.48306e+09
2 -0.5 -0.5 -0.342635 0.49106 0.169008 9.23727e+09
2.5 0 -0.5 -0.425598 0.563216 0.146182 8.80861e+09
2 0.5 -0.5 -0.248073 0.73024 0.0404383 1.27786e+10
2.5 1 -0.5 -0.30904 0.748694 0.00824332 1.03846e+10
2 1.5 -0.5 -0.0895844 0.823566 -0.0942001 1.43539e+10
-2.25 -0.75 -0.25 0.837953 -0.0224793 0.317354 1.67276e+10
-2.25 0.25 -0.25 0.792455 -0.126966 0.287912 2.0024e+10
-2.25 1.25 -0.25 0.798899 -0.108242 0.230772 2.43231e+10
-1.75 -1.25 -0.25 0.82609 0.0499628 0.3027 1.09754e+10
-1.25 -0.75 -0.25 0.853801 0.0232237 0.218684 1.36523e+10
-1.75 -0.25 -0.25 0.834295 -0.0640299 0.252387 1.748e+10
-1.25 0.25 -0.25 0.788224 -0.07394 0.198704 1.51074e+10
-1.75 0.75 -0.25 0.780674 -0.0923033 0.221868 1.89611e+10
-1.25 1.25 -0.25 0.762141 -0.0199718 0.139223 1.67691e+10
-0.75 -1.25 -0.25 0.841426 0.106045 0.198146 9.38346e+09
-0.25 -0.75 -0.25 0.833437 0.0667106 0.127321 9.62029e+09
-0.75 -0.25 -0.25 0.819111 -0.0172579 0.161263 1.24529e+10
-0.25 0.25 -0.25 0.73322 -0.00807663 0.114302 9.84721e+09
-0.75 0.75 -0.25 0.738469 -0.0135389 0.131361 1.29613e+10
-0.25 1.25 -0.25 0.666408 0.0725424 0.0471834 1.02352e+10
0.25 -1.25 -0.25 0.827553 0.16103 0.102748 7.16185e+09
0.75 -0.75 -0.25 0.777737 0.109315 0.0505724 6.19176e+09
0.25 -0.25 -0.25 0.76444 0.0338611 0.0815932 7.96426e+09
0.75 0.25 -0.25 0.641146 0.0683465 0.044363 6.10055e+09
0.25 0.75 -0.25 0.639532 0.0712608 0.0512678 7.9602e+09
0.75 1.25 -0.25 0.515727 0.150141 -0.0229983 5.7952e+09
1.25 -1.25 -0.25 0.771348 0.208756 0.0249723 4.66972e+09
1.75 -0.75 -0.25 0.684805 0.149686 0.00201508 3.66475e+09
1.25 -0.25 -0.25 0.648797 0.0850063 0.0291393 4.55329e+09
1.75 0.25 -0.25 0.488368 0.126416 0.0118357 3.43945e+09
1.25 0.75 -0.25 0.488764 0.135842 -0.00261984 4.47791e+09
1.75 1.25 -0.25 0.325319 0.195561 -0.0532759 3.11746e+09
2.25 -1.25 -0.25 0.688809 0.235867 -0.0181518 2.88883e+09
2.25 -0.25 -0.25 0.520233 0.126887 0.0131 2.65835e+09
2.25 0.75 -0.25 0.304583 0.162417 -0.00689149 2.41328e+09
-2.5 -1.5 0 0.211995 0.642472 0.237048 4.9692e+10
-2.5 -0.5 0 0.503928 0.634383 0.172757 1.18872e+11
-2.5 0.5 0 0.707153 0.548184 0.136243 2.42628e+11
-2.5 1.5 0 0.779528 0.483213 0.100319 2.86382e+11
-1.5 -1.5 0 0.102687 0.631002 0.21217 4.10824e+10
-2 -1 0 0.306048 0.665104 0.179232 6.92308e+10
-1.5 -0.5 0 0.380503 0.696788 0.109452 9.49089e+10
-2 0 0 0.563434 0.644636 0.109518 1.5553e+11
-1.5 0.5 0 0.591077 0.660533 0.0433045 1.80068e+11
-2 1 0 0.71314 0.566165 0.0678712 2.49337e+11
-1.5 1.5 0 0.69156 0.597608 -0.00714873 2.15535e+11
-0.5 -1.5 0 -0.0407889 0.580982 0.20374 3.32232e+10
-1 -1 0 0.164951 0.676057 0.143702 5.54168e+10
-0.5 -0.5 0 0.196014 0.731183 0.0706106 6.85485e+10
-1 0 0 0.411345 0.729204 0.0401673 1.14245e+11
-0.5 0.5 0 0.414648 0.760434 -0.0308318 1.20881e+11
-1 1 0 0.582451 0.683718 -0.029869 1.73677e+11
-0.5 1.5 0 0.539678 0.713287 -0.104839 1.40255e+11
0.5 -1.5 0 -0.187394 0.496991 0.21061 2.61819e+10
0 -1 0 -0.0133931 0.658835 0.128074 4.24601e+10
0.5 -0.5 0 -0.0286247 0.73229 0.0618737 4.81788e+10
0 0 0 0.191775 0.785872 0.00103344 7.62377e+10
0.5 0.5 0 0.168728 0.822459 -0.0687201 7.32434e+10
0 1 0 0.375942 0.786474 -0.103502 1.05512e+11
0.5 1.5 0 0.314177 0.80713 -0.169431 8.01057e+10
1.5 -1.5 0 -0.334856 0.394428 0.231822 2.02753e+10
1 -1 0 -0.219362 0.581452 0.150128 3.02277e+10
1.5 -0.5 0 -0.277455 0.658537 0.10241 3.1743e+10
1 0 0 -0.0560725 0.79347 8.33501e-06 4.90945e+10
1.5 0.5 0 -0.11262 0.815739 -0.0496762 4.20189e+10
1 1 0 0.10886 0.840672 -0.127772 5.89768e+10
1.5 1.5 0 0.0386058 0.847401 -0.177253 4.28144e+10
2.5 -1.5 0 -0.462743 0.252955 0.269218 1.4968e+10
2 -1 0 -0.411572 0.467918 0.1973 2.1506e+10
2.5 -0.5 0 -0.480417 0.536242 0.168524 2.06908e+10
2 0 0 -0.325717 0.709241 0.0584163 2.9313e+10
2.5 0.5 0 -0.38773 0.715275 0.0339991 2.31359e+10
2 1 0 -0.182298 0.818121 -0.0862704 3.1618e+10
2.5 1.5 0 -0.246968 0.811835 -0.11515 2.22245e+10
-2.25 -1.25 0.25 0.72651 0.151135 0.37133 3.26652e+10
-2.25 -0.25 0.25 0.80912 0.121627 0.290853 6.46978e+10
-2.25 0.75 0.25 0.830944 0.135132 0.195118 8.02075e+10
-1.25 -1.25 0.25 0.738749 0.194659 0.278617 2.8827e+10
-1.75 -0.75 0.25 0.772961 0.186632 0.280631 4.2923e+10
-1.25 -0.25 0.25 0.787947 0.181635 0.193747 4.75487e+10
-1.75 0.25 0.25 0.792935 0.163054 0.200226 5.91713e+10
-1.25 0.75 0.25 0.783445 0.226489 0.0921801 5.51303e+10
-1.75 1.25 0.25 0.819696 0.191695 0.0879716 6.76685e+10
-0.25 -1.25 0.25 0.716283 0.26456 0.181115 2.27573e+10
-0.75 -0.75 0.25 0.768218 0.221504 0.180661 3.46228e+10
-0.25 -0.25 0.25 0.713649 0.253916 0.102769 3.06305e+10
-0.75 0.25 0.25 0.737551 0.239852 0.0995736 4.04117e+10
-0.25 0.75 0.25 0.676004 0.320408 -0.0064664 3.29252e+10
-0.75 1.25 0.25 0.732185 0.291994 -0.0177547 4.20676e+10
0.75 -1.25 0.25 0.678611 0.30656 0.0851642 1.68083e+10
0.25 -0.75 0.25 0.706044 0.267043 0.0978507 2.34089e+10
0.75 -0.25 0.25 0.590941 0.323447 0.0297544 1.82428e+10
0.25 0.25 0.25 0.637875 0.323093 0.0158388 2.53463e+10
0.75 0.75 0.25 0.518277 0.391216 -0.0691697 1.81852e+10
0.25 1.25 0.25 0.579688 0.381197 -0.102756 2.32973e+10
1.75 -1.25 0.25 0.575749 0.343919 0.0255324 1.06454e+10
1.25 -0.75 0.25 0.577458 0.327422 0.0341322 1.38531e+10
1.75 -0.25 0.25 0.441079 0.370514 0.00146335 1.06115e+10
1.25 0.25 0.25 0.459051 0.392664 -0.032904 1.37805e+10
1.75 0.75 0.25 0.302906 0.424687 -0.0773489 9.36903e+09
1.25 1.25 0.25 0.382016 0.435899 -0.140748 1.22487e+10
2.25 -0.75 0.25 0.411989 0.345166 0.020431 7.74777e+09
2.25 0.25 0.25 0.26474 0.389868 -0.0110056 7.25802e+09
2.25 1.25 0.25 0.152712 0.445841 -0.114111 6.24588e+09
-2.5 -1 0.5 0.508996 0.399255 0.271772 1.60419e+11
-2.5 0 0.5 0.704009 0.38834 0.200432 3.39173e+11
-2.5 1 0.5 0.794855 0.332876 0.146053 4.3085e+11
-2 -1.5 0.5 0.390152 0.418282 0.278652 1.0263e+11
-1.5 -1 0.5 0.469344 0.446943 0.204697 1.35138e+11
-2 -0.5 0.5 0.581762 0.427813 0.197431 2.15362e+11
-1.5 0 0.5 0.627379 0.477781 0.109218 2.58677e+11
-2 0.5 0.5 0.736556 0.415626 0.120191 3.70391e+11
-1.5 1 0.5 0.723523 0.439999 0.0386411 3.098e+11
-2 1.5 0.5 0.776904 0.364536 0.0677496 3.34553e+11
-1 -1.5 0.5 0.334718 0.407978 0.237865 8.38791e+10
-0.5 -1 0.5 0.380596 0.456178 0.15309 1.05952e+11
-1 -0.5 0.5 0.515382 0.491612 0.119381 1.70358e+11
-0.5 0 0.5 0.502203 0.551686 0.0316252 1.73477e+11
-1 0.5 0.5 0.635851 0.517419 0.0218051 2.54132e+11
-0.5 1 0.5 0.593547 0.541274 -0.0591032 1.90145e+11
-1 1.5 0.5 0.68172 0.472084 -0.0407808 2.21845e+11
0 -1.5 0.5 0.272835 0.415611 0.18728 6.69263e+10
0.5 -1 0.5 0.266926 0.488229 0.100472 7.76448e+10
0 -0.5 0.5 0.377093 0.543227 0.0580967 1.17048e+11
0.5 0 0.5 0.345975 0.616739 -0.0297066 1.08461e+11
0 0.5 0.5 0.472488 0.583319 -0.0524597 1.43452e+11
0.5 1 0.5 0.398852 0.608055 -0.1211 1.00183e+11
0 1.5 0.5 0.524536 0.567595 -0.131513 1.27293e+11
1 -1.5 0.5 0.165491 0.380898 0.159307 5.05899e+10
1.5 -1 0.5 0.0898006 0.483962 0.0860622 5.12956e+10
1 -0.5 0.5 0.191913 0.564913 0.0287629 7.33093e+10
1.5 0 0.5 0.125168 0.598692 -0.0272118 5.74979e+10
1 0.5 0.5 0.268256 0.631545 -0.0891175 7.83334e+10
1.5 1 0.5 0.166255 0.633342 -0.13151 5.12739e+10
1 1.5 0.5 0.307844 0.623181 -0.178078 6.51493e+10
2 -1.5 0.5 0.0351511 0.379776 0.132999 3.60364e+10
2.5 -1 0.5 -0.0891249 0.41563 0.113567 3.1577e+10
2 -0.5 0.5 0.00189813 0.560894 0.034356 4.40895e+10
2.5 0 0.5 -0.0902927 0.538181 0.0264816 3.05646e+10
2 0.5 0.5 0.0239456 0.594849 -0.0545801 3.89033e+10
2.5 1 0.5 -0.0799436 0.576915 -0.0695855 2.50731e+10
2 1.5 0.5 0.065491 0.627628 -0.165089 3.25362e+10
-2.25 -0.75 0.75 0.646772 0.326405 0.28364 6.22608e+10
-2.25 0.25 0.75 0.744872 0.357264 0.184076 9.17504e+10
-2.25 1.25 0.75 0.782818 0.404886 0.0752972 9.66924e+10
-1.75 -1.25 0.75 0.624141 0.312507 0.288657 4.47778e+10
-1.25 -0.75 0.75 0.626053 0.37208 0.192083 5.26787e+10
-1.75 -0.25 0.75 0.685612 0.368445 0.19023 7.14583e+10
-1.25 0.25 0.75 0.664821 0.44962 0.0811444 6.47961e+10
-1.75 0.75 0.75 0.732703 0.446453 0.0658162 8.53348e+10
-1.25 1.25 0.75 0.684327 0.508187 -0.0351427 6.4292e+10
-0.75 -1.25 0.75 0.551436 0.347231 0.218609 3.4204e+10
-0.25 -0.75 0.75 0.550506 0.386624 0.126546 3.61545e+10
-0.75 -0.25 0.75 0.600621 0.426254 0.100309 4.81257e+10
-0.25 0.25 0.75 0.51766 0.52544 -0.00703352 3.89519e+10
-0.75 0.75 0.75 0.603279 0.542102 -0.0362752 5.22654e+10
-0.25 1.25 0.75 0.520856 0.602185 -0.131344 3.74354e+10
0.25 -1.25 0.75 0.494539 0.366925 0.136777 2.61446e+10
0.75 -0.75 0.75 0.417338 0.428769 0.0565738 2.21651e+10
0.25 -0.25 0.75 0.446666 0.501577 0.0256924 2.92659e+10
0.75 0.25 0.75 0.309017 0.5982 -0.0653755 2.19196e+10
0.25 0.75 0.75 0.405875 0.606156 -0.102806 2.83262e+10
0.75 1.25 0.75 0.294855 0.65557 -0.181082 1.95992e+10
1.25 -1.25 0.75 0.392181 0.362809 0.0857357 1.67919e+10
1.75 -0.75 0.75 0.201576 0.46117 0.0351837 1.24875e+10
1.25 -0.25 0.75 0.246726 0.519665 -0.00517896 1.64176e+10
1.75 0.25 0.75 0.0654837 0.566818 -0.0436238 1.12228e+10
1.25 0.75 0.75 0.16652 0.640145 -0.125638 1.50602e+10
1.75 1.25 0.75 0.0436918 0.663137 -0.173084 1.0158e+10
2.25 -1.25 0.75 0.217226 0.382178 0.0511165 9.77462e+09
2.25 -0.25 0.75 0.00237028 0.504181 0.0204369 8.73453e+09
2.25 0.75 0.75 -0.0875569 0.585037 -0.0675787 7.60758e+09
-2.5 -1.5 1 0.493064 0.329146 0.316713 1.74428e+11
-2.5 -0.5 1 0.680936 0.309163 0.248717 3.21575e+11
-2.5 0.5 1 0.842685 0.191467 0.203155 3.91977e+11
-2.5 1.5 1 0.87587 0.114856 0.146146 2.96616e+11
-1.5 -1.5 1 0.482208 0.351062 0.260936 1.4528e+11
-2 -1 1 0.576039 0.363778 0.239452 2.21414e+11
-1.5 -0.5 1 0.64623 0.394054 0.156939 2.62309e+11
-2 0 1 0.756847 0.325324 0.174877 3.5942e+11
-1.5 0.5 1 0.807571 0.287266 0.0979895 2.8347e+11
-2 1 1 0.855481 0.193432 0.1217 3.00845e+11
-1.5 1.5 1 0.837908 0.202707 0.0422983 2.00919e+11
-0.5 -1.5 1 0.442376 0.387676 0.193199 1.16248e+11
-1 -1 1 0.55125 0.383563 0.177089 1.74136e+11
-0.5 -0.5 1 0.61484 0.422958 0.0868641 1.83361e+11
-1 0 1 0.695102 0.406792 0.0794777 2.5113e+11
-0.5 0.5 1 0.737572 0.356562 0.00131617 1.68652e+11
-1 1 1 0.800434 0.28109 0.0170653 1.91099e+11
-0.5 1.5 1 0.759125 0.280992 -0.0579287 1.16205e+11
0.5 -1.5 1 0.39538 0.379281 0.14274 8.5596e+10
0 -1 1 0.483011 0.435717 0.100468 1.27301e+11
0.5 -0.5 1 0.498136 0.482326 0.0152258 1.11744e+11
0 0 1 0.670828 0.411654 -0.00145641 1.35687e+11
0.5 0.5 1 0.643317 0.40442 -0.0728421 8.58305e+10
0 1 1 0.703355 0.346839 -0.0715348 1.02109e+11
0.5 1.5 1 0.636692 0.330017 -0.13383 5.8661e+10
1.5 -1.5 1 0.285686 0.419723 0.0836512 5.84881e+10
1 -1 1 0.415529 0.463649 0.0442671 8.22798e+10
1.5 -0.5 1 0.463132 0.492516 -0.038827 5.62185e+10
1 0 1 0.549849 0.45725 -0.0596942 7.09002e+10
1.5 0.5 1 0.498733 0.4202 -0.099846 4.05613e+10
1 1 1 0.573867 0.377875 -0.124685 4.928e+10
1.5 1.5 1 0.483843 0.337215 -0.165809 2.7667e+10
2.5 -1.5 1 0.212492 0.427608 0.0525054 3.62905e+10
2 -1 1 0.260105 0.481819 0.0188836 4.73007e+10
2.5 -0.5 1 0.329789 0.461591 -0.0214899 2.77124e+10
2 0 1 0.427933 0.455009 -0.0674408 3.33047e+10
2.5 0.5 1 0.357786 0.373384 -0.0663392 1.85656e+10
2 1 1 0.415307 0.359167 -0.121971 2.26439e+10
2.5 1.5 1 0.317647 0.296336 -0.137291 1.27851e+10
-2.25 -1.25 1.25 0.539437 0.423024 0.26197 5.42548e+10
-2.25 -0.25 1.25 0.629873 0.453925 0.155296 7.17801e+10
-2.25 0.75 1.25 0.645586 0.550413 0.0550756 4.33655e+10
-1.25 -1.25 1.25 0.465267 0.434546 0.201552 4.12003e+10
-1.75 -0.75 1.25 0.56534 0.470811 0.163297 6.11883e+10
-1.25 -0.25 1.25 0.539245 0.503479 0.0717581 4.9476e+10
-1.75 0.25 1.25 0.595169 0.517262 0.0566113 3.67901e+10
-1.25 0.75 1.25 0.505936 0.63404 -0.0490591 2.87301e+10
-1.75 1.25 1.25 0.597006 0.632161 -0.0261938 3.3653e+10
-0.25 -1.25 1.25 0.4194 0.446465 0.128584 3.16692e+10
-0.75 -0.75 1.25 0.498099 0.466765 0.103578 4.01448e+10
-0.25 -0.25 1.25 0.384391 0.526912 0.00788835 1.76407e+10
-0.75 0.25 1.25 0.431685 0.583548 -0.0321918 2.25678e+10
-0.25 0.75 1.25 0.29228 0.69361 -0.129292 1.65519e+10
-0.75 1.25 1.25 0.433466 0.711155 -0.1341 2.12991e+10
0.75 -1.25 1.25 0.334807 0.414744 0.086479 1.9107e+10
0.25 -0.75 1.25 0.360776 0.472193 0.0458941 2.39889e+10
0.75 -0.25 1.25 0.177194 0.521397 -0.0201873 1.00432e+10
0.25 0.25 1.25 0.196576 0.633718 -0.0866816 1.28063e+10
0.75 0.75 1.25 0.0447116 0.702776 -0.160645 8.94105e+09
0.25 1.25 1.25 0.201452 0.750509 -0.203301 1.18238e+10
1.75 -1.25 1.25 0.172541 0.391234 0.0597639 1.07426e+10
1.25 -0.75 1.25 0.157109 0.450844 0.028611 7.81429e+09
1.75 -0.25 1.25 -0.113899 0.485892 -0.00496023 5.31192e+09
1.25 0.25 1.25 -0.0718427 0.593205 -0.0821194 6.81507e+09
1.75 0.75 1.25 -0.216831 0.632308 -0.126583 4.6858e+09
1.25 1.25 1.25 -0.0568739 0.735693 -0.214246 6.20126e+09
2.25 -0.75 1.25 -0.0486982 0.363635 0.0629149 4.2273e+09
2.25 0.25 1.25 -0.311998 0.499439 -0.0248354 3.56462e+09
2.25 1.25 1.25 -0.311583 0.653769 -0.154693 3.19837e+09
-2.5 -1 1.5 0.621889 0.309156 0.26677 2.65625e+11
-2.5 0 1.5 0.746475 0.329582 0.188343 2.76607e+11
-2.5 1 1.5 0.827262 0.247919 0.134602 1.83305e+11
-2 -1.5 1.5 0.542677 0.325136 0.277377 1.88396e+11
-1.5 -1 1.5 0.609492 0.368422 0.191042 2.1455e+11
-2 -0.5 1.5 0.677137 0.372741 0.174954 2.77186e+11
-1.5 0 1.5 0.693906 0.406598 0.0936068 2.08581e+11
-2 0.5 1.5 0.779706 0.31064 0.110479 1.90982e+11
-1.5 1 1.5 0.768567 0.337877 0.0292325 1.2739e+11
-2 1.5 1.5 0.811608 0.277984 0.0606134 1.27295e+11
-1 -1.5 1.5 0.518046 0.375312 0.203638 1.52738e+11
-0.5 -1 1.5 0.56187 0.422826 0.109138 1.57611e+11
-1 -0.5 1.5 0.657585 0.417023 0.100811 2.01459e+11
-0.5 0 1.5 0.643136 0.44133 0.00742627 1.13701e+11
-1 0.5 1.5 0.703479 0.399235 0.00957136 1.24782e+11
-0.5 1 1.5 0.667012 0.41245 -0.0693179 7.48568e+10
-1 1.5 1.5 0.729676 0.35898 -0.0457914 7.97173e+10
0 -1.5 1.5 0.490206 0.386381 0.143217 1.13918e+11
0.5 -1 1.5 0.486335 0.462746 0.0450765 9.5545e+10
0 -0.5 1.5 0.506894 0.456354 0.0313913 1.02574e+11
0.5 0 1.5 0.51172 0.471187 -0.058036 5.76727e+10
0 0.5 1.5 0.602654 0.449736 -0.0733533 6.67017e+10
0.5 1 1.5 0.528207 0.444498 -0.13724 3.76377e+10
0 1.5 1.5 0.600345 0.416529 -0.136366 4.30713e+10
1 -1.5 1.5 0.392713 0.429668 0.0744065 7.439e+10
1.5 -1 1.5 0.294055 0.444367 0.022691 4.53902e+10
1 -0.5 1.5 0.43994 0.501705 -0.0395006 4.99978e+10
1.5 0 1.5 0.376403 0.483573 -0.0884945 2.73658e+10
1 0.5 1.5 0.448721 0.464163 -0.118653 3.20747e+10
1.5 1 1.5 0.353971 0.424484 -0.15624 1.75116e+10
1 1.5 1.5 0.433944 0.424138 -0.18752 2.0864e+10
2 -1.5 1.5 0.281622 0.455765 0.0348751 4.25448e+10
2.5 -1 1.5 0.201738 0.474198 -0.000628606 2.02888e+10
2 -0.5 1.5 0.279039 0.46343 -0.0356416 2.34719e+10
2.5 0 1.5 0.226251 0.401885 -0.0464756 1.23899e+10
2 0.5 1.5 0.289363 0.419511 -0.108212 1.46981e+10
2.5 1 1.5 0.185731 0.342736 -0.113347 8.01013e+09
2 1.5 1.5 0.247177 0.37706 -0.182309 9.6767e+09
