449
-2.5 -1 -1.5 0.375505 0.224295 0.441153 6.87351e+10
-2.5 0 -1.5 0.37596 0.206872 0.419463 6.44839e+10
-2.5 1 -1.5 0.376914 0.200076 0.393839 5.84907e+10
-2 -1.5 -1.5 0.333304 0.350201 0.452406 9.75951e+10
-1.5 -1 -1.5 0.301688 0.461149 0.432617 1.41667e+11
-2 -0.5 -1.5 0.357219 0.329791 0.417865 9.43357e+10
-1.5 0 -1.5 0.352828 0.440942 0.380248 1.31775e+11
-2 0.5 -1.5 0.380972 0.310637 0.379403 8.71171e+10
-1.5 1 -1.5 0.390295 0.415931 0.32947 1.19069e+11
-2 1.5 -1.5 0.394624 0.298352 0.341747 7.76097e+10
-1 -1.5 -1.5 0.212238 0.585983 0.462211 2.16165e+11
-0.5 -1 -1.5 0.207742 0.680948 0.422442 3.09994e+11
-1 -0.5 -1.5 0.29029 0.571061 0.396846 2.02726e+11
-0.5 0 -1.5 0.281761 0.66928 0.351735 2.9679e+11
-1 0.5 -1.5 0.344149 0.545994 0.336577 1.84841e+11
-0.5 1 -1.5 0.352714 0.633328 0.278123 2.58316e+11
-1 1.5 -1.5 0.399255 0.508996 0.271772 1.60419e+11
0 -1.5 -1.5 0.115035 0.755546 0.45091 4.39949e+11
0.5 -1 -1.5 0.114351 0.78763 0.398732 4.92146e+11
0 -0.5 -1.5 0.199513 0.76886 0.374693 4.5337e+11
0.5 0 -1.5 0.207998 0.808507 0.317402 5.35825e+11
0 0.5 -1.5 0.296143 0.749698 0.290517 4.12021e+11
0.5 1 -1.5 0.311732 0.79061 0.222046 4.77136e+11
0 1.5 -1.5 0.38834 0.704009 0.200432 3.39173e+11
1 -1.5 -1.5 0.0494633 0.781438 0.409767 4.32198e+11
1.5 -1 -1.5 0.0705515 0.802446 0.348747 4.12586e+11
1 -0.5 -1.5 0.129663 0.810169 0.338339 4.9611e+11
1.5 0 -1.5 0.157041 0.823524 0.27132 4.49242e+11
1 0.5 -1.5 0.227195 0.822225 0.249442 5.1103e+11
1.5 1 -1.5 0.25765 0.821274 0.175659 4.26673e+11
1 1.5 -1.5 0.332876 0.794855 0.146053 4.3085e+11
2 -1.5 -1.5 0.0177476 0.779551 0.347065 2.98945e+11
2.5 -1 -1.5 0.052442 0.79374 0.28645 2.60614e+11
2 -0.5 -1.5 0.102273 0.814713 0.284196 3.61114e+11
2.5 0 -1.5 0.141667 0.815931 0.218471 2.90613e+11
2 0.5 -1.5 0.194101 0.824186 0.20109 3.67529e+11
2.5 1 -1.5 0.236033 0.811017 0.130945 2.75397e+11
2 1.5 -1.5 0.295901 0.80451 0.100942 3.21398e+11
-2.25 -0.75 -1.25 0.165813 0.487858 0.538101 2.87574e+10
-2.25 0.25 -1.25 0.198636 0.504231 0.498216 2.74977e+10
-2.25 1.25 -1.25 0.23681 0.529817 0.444417 2.59093e+10
-1.75 -1.25 -1.25 0.153998 0.538987 0.537408 4.05354e+10
-1.25 -0.75 -1.25 0.160796 0.618736 0.494512 5.798e+10
-1.75 -0.25 -1.25 0.182853 0.558709 0.495474 3.9927e+10
-1.25 0.25 -1.25 0.207529 0.632962 0.434688 5.62024e+10
-1.75 0.75 -1.25 0.234184 0.578698 0.437149 3.79646e+10
-1.25 1.25 -1.25 0.259782 0.633603 0.368491 5.11687e+10
-0.75 -1.25 -1.25 0.10087 0.677029 0.506312 8.63871e+10
-0.25 -0.75 -1.25 0.151816 0.74569 0.436981 1.1303e+11
-0.75 -0.25 -1.25 0.200744 0.686859 0.430077 8.23469e+10
-0.25 0.25 -1.25 0.224604 0.753152 0.363923 1.0987e+11
-0.75 0.75 -1.25 0.262517 0.674982 0.362094 7.36041e+10
-0.25 1.25 -1.25 0.298373 0.733919 0.281257 9.40664e+10
0.25 -1.25 -1.25 0.116762 0.777594 0.427044 1.25584e+11
0.75 -0.75 -1.25 0.153573 0.81559 0.353725 1.37781e+11
0.25 -0.25 -1.25 0.185651 0.798165 0.362516 1.34798e+11
0.75 0.25 -1.25 0.245386 0.826218 0.272043 1.40825e+11
0.25 0.75 -1.25 0.268685 0.783099 0.279672 1.15858e+11
0.75 1.25 -1.25 0.346064 0.79967 0.172011 1.17609e+11
1.25 -1.25 -1.25 0.107971 0.814035 0.351195 1.2017e+11
1.75 -0.75 -1.25 0.151569 0.830374 0.280993 1.09143e+11
1.25 -0.25 -1.25 0.198123 0.832494 0.277454 1.29824e+11
1.75 0.25 -1.25 0.249604 0.837346 0.199466 1.11158e+11
1.25 0.75 -1.25 0.298723 0.829357 0.183694 1.23482e+11
1.75 1.25 -1.25 0.353631 0.816142 0.0980983 9.80364e+10
2.25 -1.25 -1.25 0.108982 0.812839 0.27345 8.04395e+10
2.25 -0.25 -1.25 0.204053 0.835155 0.209867 9.12143e+10
2.25 0.75 -1.25 0.303762 0.828768 0.122032 8.72042e+10
-2.5 -1.5 -1 0.274946 0.303109 0.47933 1.09086e+11
-2.5 -0.5 -1 0.280662 0.29217 0.458428 1.05747e+11
-2.5 0.5 -1 0.294327 0.295457 0.429474 9.88862e+10
-2.5 1.5 -1 0.305673 0.310086 0.395159 8.96712e+10
-1.5 -1.5 -1 0.176126 0.513539 0.47925 2.05892e+11
-2 -1 -1 0.24524 0.399025 0.46216 1.47487e+11
-1.5 -0.5 -1 0.227026 0.502478 0.430676 2.04828e+11
-2 0 -1 0.270126 0.389352 0.425338 1.41162e+11
-1.5 0.5 -1 0.281472 0.498185 0.374788 1.94189e+11
-2 1 -1 0.306427 0.396837 0.37987 1.30957e+11
-1.5 1.5 -1 0.329146 0.493064 0.316713 1.74428e+11
-0.5 -1.5 -1 0.031689 0.730575 0.487255 3.93282e+11
-1 -1 -1 0.15056 0.611587 0.450393 2.93053e+11
-0.5 -0.5 -1 0.155074 0.710684 0.402736 3.88578e+11
-1 0 -1 0.237462 0.613595 0.380266 2.84851e+11
-0.5 0.5 -1 0.231624 0.708034 0.330156 3.75756e+11
-1 1 -1 0.298018 0.596518 0.314245 2.59883e+11
-0.5 1.5 -1 0.309163 0.680936 0.248717 3.21575e+11
0.5 -1.5 -1 -0.11169 0.78964 0.456442 4.115e+11
0 -1 -1 -0.0211773 0.781741 0.447461 4.2553e+11
0.5 -0.5 -1 -0.0236715 0.82829 0.388719 4.54853e+11
0 0 -1 0.137766 0.803007 0.356494 5.05946e+11
0.5 0.5 -1 0.09427 0.848438 0.300865 4.6832e+11
0 1 -1 0.231944 0.788957 0.271179 4.49027e+11
0.5 1.5 -1 0.191467 0.842685 0.203155 3.91977e+11
1.5 -1.5 -1 -0.166935 0.820832 0.385609 3.36872e+11
1 -1 -1 -0.0974794 0.829883 0.39256 4.1633e+11
1.5 -0.5 -1 -0.0761183 0.858022 0.323794 3.77604e+11
1 0 -1 -0.00763953 0.861047 0.318736 4.34128e+11
1.5 0.5 -1 0.0166599 0.879289 0.243069 3.62491e+11
1 1 -1 0.0977687 0.872858 0.225241 3.96929e+11
1.5 1.5 -1 0.114856 0.87587 0.146146 2.96616e+11
2.5 -1.5 -1 -0.199987 0.836384 0.304768 2.2127e+11
2 -1 -1 -0.141307 0.848503 0.319375 2.99588e+11
2.5 -0.5 -1 -0.114066 0.86523 0.252613 2.4208e+11
2 0 -1 -0.0508218 0.874814 0.252343 3.07447e+11
2.5 0.5 -1 -0.0269947 0.877923 0.181908 2.26682e+11
2 1 -1 0.0401557 0.881488 0.167614 2.68878e+11
2.5 1.5 -1 0.0575393 0.867204 0.0951841 1.8054e+11
-2.25 -1.25 -0.75 0.269812 0.436224 0.490081 3.66016e+10
-2.25 -0.25 -0.75 0.29356 0.417343 0.460287 3.5249e+10
-2.25 0.75 -0.75 0.316519 0.415373 0.421157 3.30782e+10
-1.25 -1.25 -0.75 0.28909 0.587164 0.431628 6.56182e+10
-1.75 -0.75 -0.75 0.299628 0.500551 0.444521 4.876e+10
-1.25 -0.25 -0.75 0.326545 0.578162 0.384774 6.48382e+10
-1.75 0.25 -0.75 0.336053 0.47461 0.401343 4.59624e+10
-1.25 0.75 -0.75 0.37427 0.567937 0.32883 6.19119e+10
-1.75 1.25 -0.75 0.371296 0.47099 0.350021 4.27852e+10
-0.25 -1.25 -0.75 0.242239 0.719779 0.386304 5.45255e+10
-0.75 -0.75 -0.75 0.26668 0.671448 0.387141 8.66798e+10
-0.25 -0.25 -0.75 0.306826 0.725745 0.318118 9.91183e+10
-0.75 0.25 -0.75 0.344291 0.658503 0.315977 8.60007e+10
-0.25 0.75 -0.75 0.378945 0.693016 0.240356 9.01251e+10
-0.75 1.25 -0.75 0.400217 0.616346 0.247213 7.42148e+10
0.75 -1.25 -0.75 0.283794 0.755578 0.351547 5.47254e+10
0.25 -0.75 -0.75 0.306229 0.740753 0.323104 5.79188e+10
0.75 -0.25 -0.75 0.365112 0.752861 0.266974 5.79267e+10
0.25 0.25 -0.75 0.370116 0.734282 0.240156 5.98164e+10
0.75 0.75 -0.75 0.462454 0.72414 0.162622 5.54656e+10
0.25 1.25 -0.75 0.436623 0.68213 0.153573 4.92836e+10
1.75 -1.25 -0.75 0.29735 0.752291 0.321349 4.135e+10
1.25 -0.75 -0.75 0.335917 0.764801 0.300078 5.25652e+10
1.75 -0.25 -0.75 0.389182 0.766278 0.242631 4.69664e+10
1.25 0.25 -0.75 0.434493 0.751264 0.205604 5.2739e+10
1.75 0.75 -0.75 0.490391 0.743075 0.140941 4.48417e+10
1.25 1.25 -0.75 0.536707 0.703834 0.0916143 4.65837e+10
2.25 -0.75 -0.75 0.34715 0.757811 0.265412 3.64942e+10
2.25 0.25 -0.75 0.443154 0.758967 0.180559 3.87965e+10
2.25 1.25 -0.75 0.541294 0.722955 0.0731693 3.48478e+10
-2.5 -1 -0.5 0.238221 0.345871 0.469777 1.34607e+11
-2.5 0 -0.5 0.255132 0.344374 0.443004 1.29433e+11
-2.5 1 -0.5 0.279655 0.358316 0.406919 1.20406e+11
-2 -1.5 -0.5 0.198152 0.452813 0.472184 1.76557e+11
-1.5 -1 -0.5 0.174678 0.54401 0.445498 2.30001e+11
-2 -0.5 -0.5 0.222347 0.43711 0.440389 1.74722e+11
-1.5 0 -0.5 0.221725 0.534484 0.39609 2.25778e+11
-2 0.5 -0.5 0.259576 0.437674 0.397404 1.65797e+11
-1.5 1 -0.5 0.275988 0.543221 0.340269 2.16136e+11
-2 1.5 -0.5 0.298489 0.455505 0.348725 1.52716e+11
-1 -1.5 -0.5 0.102068 0.653944 0.459364 2.7585e+11
-0.5 -1 -0.5 0.133987 0.722303 0.414922 2.7872e+11
-1 -0.5 -0.5 0.183637 0.631827 0.398127 2.8621e+11
-0.5 0 -0.5 0.212505 0.734767 0.33932 3.63283e+11
-1 0.5 -0.5 0.243795 0.640862 0.33753 2.9996e+11
-0.5 1 -0.5 0.291353 0.716691 0.262134 3.39166e+11
-1 1.5 -0.5 0.309156 0.621889 0.26677 2.65625e+11
0 -1.5 -0.5 0.02481 0.769876 0.433504 2.39358e+11
0.5 -1 -0.5 0.0225512 0.812576 0.384453 2.42039e+11
0 -0.5 -0.5 0.0848141 0.788826 0.372836 2.7726e+11
0.5 0 -0.5 0.11135 0.824359 0.305831 2.53345e+11
0 0.5 -0.5 0.243164 0.775506 0.278542 3.2081e+11
0.5 1 -0.5 0.22013 0.813313 0.211461 2.41266e+11
0 1.5 -0.5 0.329582 0.746475 0.188343 2.76607e+11
1 -1.5 -0.5 -0.0507655 0.811594 0.399177 1.96673e+11
1.5 -1 -0.5 -0.0207092 0.839477 0.341368 1.84368e+11
1 -0.5 -0.5 0.0488305 0.840516 0.326072 2.2306e+11
1.5 0 -0.5 0.0796664 0.858421 0.262554 1.91914e+11
1 0.5 -0.5 0.145246 0.848536 0.237143 2.17801e+11
1.5 1 -0.5 0.180896 0.853202 0.166449 1.70915e+11
1 1.5 -0.5 0.247919 0.827262 0.134602 1.83305e+11
2 -1.5 -0.5 -0.0881903 0.83029 0.345001 1.42579e+11
2.5 -1 -0.5 -0.0550537 0.849581 0.284952 1.21597e+11
2 -0.5 -0.5 0.0115856 0.857262 0.279425 1.57729e+11
2.5 0 -0.5 0.0441594 0.863603 0.21547 1.22845e+11
2 0.5 -0.5 0.11282 0.86307 0.195584 1.49638e+11
2.5 1 -0.5 0.141546 0.853081 0.129136 1.05856e+11
2 1.5 -0.5 0.21115 0.839311 0.0967842 1.20005e+11
-2.25 -0.75 -0.25 0.386247 0.376374 0.407291 3.85273e+10
-2.25 0.25 -0.25 0.39369 0.341645 0.378729 3.68001e+10
-2.25 1.25 -0.25 0.403179 0.333967 0.342126 3.39083e+10
-1.75 -1.25 -0.25 0.377159 0.480624 0.389765 5.00203e+10
-1.25 -0.75 -0.25 0.413353 0.533272 0.332921 6.03065e+10
-1.75 -0.25 -0.25 0.418371 0.425592 0.349862 4.81447e+10
-1.25 0.25 -0.25 0.466494 0.483521 0.279161 5.91508e+10
-1.75 0.75 -0.25 0.443127 0.392294 0.307946 4.51153e+10
-1.25 1.25 -0.25 0.497313 0.429909 0.229677 5.28698e+10
-0.75 -1.25 -0.25 0.290013 0.661241 0.358226 6.50033e+10
-0.25 -0.75 -0.25 0.343051 0.680041 0.300456 3.96897e+10
-0.75 -0.25 -0.25 0.405381 0.623756 0.283918 7.27085e+10
-0.25 0.25 -0.25 0.413822 0.668981 0.225812 6.80295e+10
-0.75 0.75 -0.25 0.468624 0.568054 0.220275 6.73113e+10
-0.25 1.25 -0.25 0.484879 0.606008 0.142769 5.77773e+10
0.25 -1.25 -0.25 0.358219 0.710885 0.319713 3.57073e+10
0.75 -0.75 -0.25 0.413459 0.721781 0.278241 3.48905e+10
0.25 -0.25 -0.25 0.43439 0.676611 0.231887 3.79271e+10
0.75 0.25 -0.25 0.496142 0.688529 0.175789 3.45048e+10
0.25 0.75 -0.25 0.510179 0.61101 0.129868 3.46347e+10
0.75 1.25 -0.25 0.58843 0.607439 0.0568739 2.99553e+10
1.25 -1.25 -0.25 0.382143 0.71089 0.33476 2.81931e+10
1.75 -0.75 -0.25 0.436958 0.708979 0.296895 2.58008e+10
1.25 -0.25 -0.25 0.476054 0.706869 0.235896 3.07828e+10
1.75 0.25 -0.25 0.540923 0.693625 0.189861 2.68093e+10
1.25 0.75 -0.25 0.575649 0.659414 0.11769 2.86936e+10
1.75 1.25 -0.25 0.643152 0.631888 0.0616837 2.359e+10
2.25 -1.25 -0.25 0.388345 0.693063 0.337545 1.94872e+10
2.25 -0.25 -0.25 0.489927 0.705707 0.250424 2.24501e+10
2.25 0.75 -0.25 0.592928 0.677885 0.136829 2.18893e+10
-2.5 -1.5 0 0.212329 0.380113 0.467899 1.35251e+11
-2.5 -0.5 0 0.234504 0.381058 0.443475 1.38683e+11
-2.5 0.5 0 0.258836 0.383417 0.41114 1.32476e+11
-2.5 1.5 0 0.292259 0.405074 0.368699 1.22613e+11
-1.5 -1.5 0 0.153139 0.572951 0.439984 1.96428e+11
-2 -1 0 0.19923 0.471903 0.43887 1.7316e+11
-1.5 -0.5 0 0.20107 0.549514 0.397433 2.02268e+11
-2 0 0 0.236533 0.463453 0.400267 1.69845e+11
-1.5 0.5 0 0.255296 0.559716 0.345037 2.04971e+11
-2 1 0 0.282482 0.475739 0.352417 1.62663e+11
-1.5 1.5 0 0.30647 0.562677 0.287996 1.9032e+11
-0.5 -1.5 0 0.149869 0.717432 0.409434 1.72186e+11
-1 -1 0 0.158211 0.630004 0.401664 2.04188e+11
-0.5 -0.5 0 0.222532 0.701594 0.347615 1.90716e+11
-1 0 0 0.228287 0.64407 0.342966 2.2816e+11
-0.5 0.5 0 0.249458 0.736609 0.291018 2.41117e+11
-1 1 0 0.274549 0.649496 0.286751 2.31848e+11
-0.5 1.5 0 0.32783 0.706199 0.212083 2.12054e+11
0.5 -1.5 0 0.04976 0.79884 0.385597 1.16729e+11
0 -1 0 0.128456 0.77446 0.362761 1.4851e+11
0.5 -0.5 0 0.147947 0.823181 0.308065 1.44813e+11
0 0 0 0.180277 0.783839 0.301466 1.74113e+11
0.5 0.5 0 0.240892 0.813049 0.21974 1.44684e+11
0 1 0 0.269901 0.772816 0.217708 1.69029e+11
0.5 1.5 0 0.337714 0.777971 0.119707 1.24813e+11
1.5 -1.5 0 0.0207281 0.824742 0.360858 8.83124e+10
1 -1 0 0.0870433 0.831339 0.334777 1.13817e+11
1.5 -0.5 0 0.13054 0.843939 0.281135 9.86501e+10
1 0 0 0.192238 0.835232 0.247085 1.2032e+11
1.5 0.5 0 0.240772 0.835925 0.184051 9.49891e+10
1 1 0 0.298157 0.811812 0.144596 1.10002e+11
1.5 1.5 0 0.348122 0.791278 0.0743032 7.74689e+10
2.5 -1.5 0 -0.00829418 0.835001 0.323552 6.03352e+10
2 -1 0 0.0617286 0.8422 0.308891 7.88824e+10
2.5 -0.5 0 0.102599 0.850732 0.252795 6.50389e+10
2 0 0 0.174313 0.848118 0.223496 8.0377e+10
2.5 0.5 0 0.213868 0.840583 0.164138 6.02429e+10
2 1 0 0.284869 0.822442 0.121461 6.97671e+10
2.5 1.5 0 0.318619 0.796171 0.060002 4.73453e+10
-2.25 -1.25 0.25 0.467047 0.331939 0.354468 3.5526e+10
-2.25 -0.25 0.25 0.465793 0.29793 0.332094 3.53495e+10
-2.25 0.75 0.25 0.474408 0.261755 0.301681 3.321e+10
-1.25 -1.25 0.25 0.401153 0.512156 0.315364 4.4178e+10
-1.75 -0.75 0.25 0.470009 0.40963 0.308774 4.21273e+10
-1.25 -0.25 0.25 0.488302 0.451469 0.253195 4.65935e+10
-1.75 0.25 0.25 0.494361 0.349529 0.267898 4.13955e+10
-1.25 0.75 0.25 0.519945 0.397945 0.20057 4.35608e+10
-1.75 1.25 0.25 0.502003 0.313892 0.229896 3.75257e+10
-0.25 -1.25 0.25 0.389126 0.636257 0.288531 2.30576e+10
-0.75 -0.75 0.25 0.409598 0.591213 0.274662 4.49698e+10
-0.25 -0.25 0.25 0.449114 0.593566 0.222172 2.50204e+10
-0.75 0.25 0.25 0.466203 0.539051 0.210186 4.53476e+10
-0.25 0.75 0.25 0.544263 0.530479 0.129043 2.38569e+10
-0.75 1.25 0.25 0.494806 0.459815 0.152267 3.98257e+10
0.75 -1.25 0.25 0.440712 0.677785 0.311996 1.79102e+10
0.25 -0.75 0.25 0.467345 0.651192 0.243696 2.14443e+10
0.75 -0.25 0.25 0.54776 0.650788 0.202571 2.05135e+10
0.25 0.25 0.25 0.530659 0.575657 0.155009 2.13094e+10
0.75 0.75 0.25 0.641266 0.575379 0.0777917 1.93582e+10
0.25 1.25 0.25 0.590953 0.472471 0.0501563 1.81766e+10
1.75 -1.25 0.25 0.446085 0.664038 0.361965 1.35942e+10
1.25 -0.75 0.25 0.501288 0.675332 0.284703 1.73187e+10
1.75 -0.25 0.25 0.558111 0.660344 0.249476 1.52619e+10
1.25 0.25 0.25 0.608037 0.63439 0.157428 1.75489e+10
1.75 0.75 0.25 0.669982 0.604267 0.11064 1.45643e+10
1.25 1.25 0.25 0.706521 0.537389 0.0133891 1.53638e+10
2.25 -0.75 0.25 0.497739 0.663544 0.327576 1.2371e+10
2.25 0.25 0.25 0.611963 0.645685 0.208002 1.30812e+10
2.25 1.25 0.25 0.717255 0.57745 0.0621231 1.1696e+10
-2.5 -1 0.5 0.223537 0.401143 0.435292 1.21293e+11
-2.5 0 0.5 0.241676 0.402629 0.410314 1.22241e+11
-2.5 1 0.5 0.275995 0.415003 0.371857 1.16486e+11
-2 -1.5 0.5 0.18069 0.48584 0.43128 1.31348e+11
-1.5 -1 0.5 0.175801 0.548063 0.398236 1.46865e+11
-2 -0.5 0.5 0.217022 0.477337 0.39918 1.42278e+11
-1.5 0 0.5 0.242597 0.547506 0.345844 1.54027e+11
-2 0.5 0.5 0.259268 0.478662 0.356441 1.41419e+11
-1.5 1 0.5 0.297369 0.559835 0.291309 1.55414e+11
-2 1.5 0.5 0.309005 0.494868 0.304988 1.33354e+11
-1 -1.5 0.5 0.171061 0.650342 0.394805 1.30405e+11
-0.5 -1 0.5 0.226867 0.697496 0.353761 1.11248e+11
-1 -0.5 0.5 0.222255 0.600456 0.34531 1.38757e+11
-0.5 0 0.5 0.301267 0.67906 0.286548 1.21062e+11
-1 0.5 0.5 0.290738 0.627747 0.284207 1.5456e+11
-0.5 1 0.5 0.345891 0.638958 0.224223 1.14322e+11
-1 1.5 0.5 0.333072 0.603745 0.225132 1.40779e+11
0 -1.5 0.5 0.113323 0.774965 0.373224 7.60158e+10
0.5 -1 0.5 0.159781 0.810865 0.319601 7.01303e+10
0 -0.5 0.5 0.210428 0.7638 0.302154 8.82681e+10
0.5 0 0.5 0.270575 0.806933 0.233047 7.90086e+10
0 0.5 0.5 0.303759 0.747835 0.222568 9.56198e+10
0.5 1 0.5 0.378455 0.768133 0.130875 7.53183e+10
0 1.5 0.5 0.387611 0.70027 0.130151 8.40369e+10
1 -1.5 0.5 0.106423 0.818739 0.351555 5.44286e+10
1.5 -1 0.5 0.16548 0.83586 0.303141 5.07637e+10
1 -0.5 0.5 0.226778 0.831245 0.263077 6.45842e+10
1.5 0 0.5 0.287459 0.826989 0.204842 5.25237e+10
1 0.5 0.5 0.341018 0.804756 0.159999 6.36307e+10
1.5 1 0.5 0.406784 0.779287 0.0906716 4.64807e+10
1 1.5 0.5 0.453015 0.738869 0.0443124 5.36709e+10
2 -1.5 0.5 0.0949808 0.830521 0.339725 3.94136e+10
2.5 -1 0.5 0.14444 0.839487 0.29093 3.42462e+10
2 -0.5 0.5 0.219588 0.837319 0.252425 4.28293e+10
2.5 0 0.5 0.269355 0.82971 0.199346 3.38779e+10
2 0.5 0.5 0.34419 0.810234 0.146761 4.00195e+10
2.5 1 0.5 0.389172 0.783339 0.0907299 2.85482e+10
2 1.5 0.5 0.457843 0.738816 0.0276429 3.14515e+10
-2.25 -0.75 0.75 0.51584 0.2618 0.294218 2.90398e+10
-2.25 0.25 0.75 0.518963 0.200495 0.269031 2.82584e+10
-2.25 1.25 0.75 0.512035 0.162848 0.243283 2.5752e+10
-1.75 -1.25 0.75 0.513515 0.347933 0.278615 2.98355e+10
-1.25 -0.75 0.75 0.477012 0.43331 0.255415 3.03938e+10
-1.75 -0.25 0.75 0.523805 0.310091 0.246355 3.14283e+10
-1.25 0.25 0.75 0.52381 0.365246 0.196422 3.1159e+10
-1.75 0.75 0.75 0.543115 0.25734 0.205829 2.98682e+10
-1.25 1.25 0.75 0.509578 0.294368 0.159255 2.72462e+10
-0.75 -1.25 0.75 0.456883 0.587642 0.264603 2.79156e+10
-0.25 -0.75 0.75 0.503432 0.555308 0.216402 1.39285e+10
-0.75 -0.25 0.75 0.505562 0.518467 0.204258 2.8942e+10
-0.25 0.25 0.75 0.554729 0.463879 0.140579 1.42406e+10
-0.75 0.75 0.75 0.51663 0.448654 0.145686 2.59623e+10
-0.25 1.25 0.75 0.558725 0.36653 0.0670753 1.23675e+10
0.25 -1.25 0.75 0.480061 0.641852 0.279776 1.20233e+10
0.75 -0.75 0.75 0.540243 0.637462 0.250162 1.07377e+10
0.25 -0.25 0.75 0.559259 0.579876 0.174491 1.25346e+10
0.75 0.25 0.75 0.649433 0.549163 0.117463 1.08639e+10
0.25 0.75 0.75 0.638323 0.490764 0.0647097 1.17488e+10
0.75 1.25 0.75 0.732328 0.420139 -0.0290806 9.66502e+09
1.25 -1.25 0.75 0.486386 0.650221 0.346748 8.85845e+09
1.75 -0.75 0.75 0.546478 0.639899 0.319929 8.42632e+09
1.25 -0.25 0.75 0.612855 0.619498 0.217048 1.01259e+10
1.75 0.25 0.75 0.67095 0.595371 0.175504 8.78068e+09
1.25 0.75 0.75 0.725506 0.524733 0.0617327 9.5932e+09
1.75 1.25 0.75 0.778695 0.484024 0.00524521 7.76506e+09
2.25 -1.25 0.75 0.470063 0.634017 0.404957 6.57389e+09
2.25 -0.25 0.75 0.59983 0.626073 0.283613 7.49657e+09
2.25 0.75 0.75 0.720093 0.567033 0.130242 7.30241e+09
-2.5 -1.5 1 0.215151 0.401629 0.424228 8.80763e+10
-2.5 -0.5 1 0.235076 0.411228 0.402811 9.51329e+10
-2.5 0.5 1 0.258069 0.415597 0.37374 9.47048e+10
-2.5 1.5 1 0.295942 0.436175 0.331856 8.88706e+10
-1.5 -1.5 1 0.18845 0.567529 0.39116 8.38893e+10
-2 -1 1 0.2137 0.474672 0.390714 9.66412e+10
-1.5 -0.5 1 0.211455 0.532202 0.357177 9.83621e+10
-2 0 1 0.232248 0.474923 0.363076 1.0212e+11
-1.5 0.5 1 0.272608 0.536005 0.304977 1.02555e+11
-2 1 1 0.282894 0.485263 0.315486 1.00806e+11
-1.5 1.5 1 0.313663 0.530247 0.25306 9.61054e+10
-0.5 -1.5 1 0.132574 0.730177 0.383708 5.46828e+10
-1 -1 1 0.189462 0.654666 0.369165 8.29519e+10
-0.5 -0.5 1 0.222304 0.712245 0.320749 6.11659e+10
-1 0 1 0.292931 0.593086 0.29336 8.91386e+10
-0.5 0.5 1 0.385456 0.638275 0.227697 6.96996e+10
-1 1 1 0.338656 0.572778 0.235811 8.75327e+10
-0.5 1.5 1 0.442947 0.583154 0.148614 6.12362e+10
0.5 -1.5 1 0.15802 0.80953 0.341488 3.49095e+10
0 -1 1 0.197096 0.777588 0.319655 4.62364e+10
0.5 -0.5 1 0.280269 0.803645 0.253369 4.03002e+10
0 0 1 0.303757 0.755406 0.23983 5.03051e+10
0.5 0.5 1 0.391948 0.764548 0.155681 4.08818e+10
0 1 1 0.412392 0.696574 0.142924 4.9296e+10
0.5 1.5 1 0.504285 0.681859 0.03903 3.57502e+10
1.5 -1.5 1 0.174885 0.827938 0.33032 2.51744e+10
1 -1 1 0.234587 0.825678 0.28723 3.21319e+10
1.5 -0.5 1 0.314022 0.822704 0.232022 2.83383e+10
1 0 1 0.367301 0.80072 0.184815 3.42829e+10
1.5 0.5 1 0.447974 0.773008 0.115273 2.70151e+10
1 1 1 0.489216 0.732089 0.0660807 3.12776e+10
1.5 1.5 1 0.565394 0.671522 -0.0140725 2.16662e+10
2.5 -1.5 1 0.167122 0.830756 0.327069 1.8051e+10
2 -1 1 0.244213 0.830693 0.283046 2.28026e+10
2.5 -0.5 1 0.304153 0.821378 0.233855 1.89861e+10
2 0 1 0.382689 0.803202 0.175707 2.28256e+10
2.5 0.5 1 0.438759 0.773666 0.121712 1.71557e+10
2 1 1 0.512867 0.728751 0.0510921 1.9398e+10
2.5 1.5 1 0.559628 0.67815 -0.0065072 1.31337e+10
-2.25 -1.25 1.25 0.554099 0.233441 0.270143 2.03266e+10
-2.25 -0.25 1.25 0.541564 0.174539 0.24758 2.08861e+10
-2.25 0.75 1.25 0.52745 0.112689 0.227139 1.97651e+10
-1.25 -1.25 1.25 0.497155 0.453085 0.247908 1.78428e+10
-1.75 -0.75 1.25 0.544637 0.276486 0.23228 2.04942e+10
-1.25 -0.25 1.25 0.538842 0.345102 0.200187 1.91632e+10
-1.75 0.25 1.25 0.55391 0.18626 0.200689 2.03912e+10
-1.25 0.75 1.25 0.54356 0.268701 0.157907 1.79134e+10
-1.75 1.25 1.25 0.524236 0.119614 0.17834 1.81696e+10
-0.25 -1.25 1.25 0.52139 0.559894 0.259047 7.79545e+09
-0.75 -0.75 1.25 0.559712 0.511221 0.20919 1.08307e+10
-0.25 -0.25 1.25 0.585768 0.46281 0.167448 8.0363e+09
-0.75 0.25 1.25 0.592863 0.409462 0.137411 1.69692e+10
-0.25 0.75 1.25 0.611075 0.333327 0.0711102 7.38348e+09
-0.75 1.25 1.25 0.586988 0.305729 0.072337 1.42344e+10
0.75 -1.25 1.25 0.516958 0.634141 0.321379 5.73114e+09
0.25 -0.75 1.25 0.575437 0.592063 0.224011 7.1363e+09
0.75 -0.25 1.25 0.63551 0.568892 0.17976 6.05048e+09
0.25 0.25 1.25 0.656937 0.477603 0.101745 6.94047e+09
0.75 0.75 1.25 0.735623 0.43773 0.0256427 5.62201e+09
0.25 1.25 1.25 0.706852 0.315816 -0.0318859 6.04854e+09
1.75 -1.25 1.25 0.497636 0.629312 0.39368 4.34674e+09
1.25 -0.75 1.25 0.577977 0.62009 0.288987 5.30829e+09
1.75 -0.25 1.25 0.643887 0.594996 0.251353 4.98942e+09
1.25 0.25 1.25 0.712354 0.532285 0.127947 5.49373e+09
1.75 0.75 1.25 0.771541 0.494741 0.0746121 4.83514e+09
1.25 1.25 1.25 0.810781 0.37525 -0.0554657 4.88623e+09
2.25 -0.75 1.25 0.558433 0.616914 0.359938 4.15032e+09
2.25 0.25 1.25 0.697193 0.568088 0.207052 4.39481e+09
2.25 1.25 1.25 0.810501 0.45836 0.0211818 3.96913e+09
-2.5 -1 1.5 0.226949 0.4029 0.39706 6.27046e+10
-2.5 0 1.5 0.246499 0.410943 0.373024 6.68858e+10
-2.5 1 1.5 0.274703 0.422518 0.339695 6.50233e+10
-2 -1.5 1.5 0.203897 0.463218 0.390037 5.65457e+10
-1.5 -1 1.5 0.240045 0.551703 0.351066 5.4688e+10
-2 -0.5 1.5 0.237289 0.471691 0.359444 6.4472e+10
-1.5 0 1.5 0.259516 0.519639 0.31894 5.7695e+10
-2 0.5 1.5 0.266207 0.465022 0.324142 6.57675e+10
-1.5 1 1.5 0.29342 0.522952 0.274357 5.89678e+10
-2 1.5 1.5 0.300647 0.473895 0.281602 6.22806e+10
-1 -1.5 1.5 0.248556 0.634383 0.36844 3.88686e+10
-0.5 -1 1.5 0.21922 0.70849 0.335619 3.01186e+10
-1 -0.5 1.5 0.293221 0.595694 0.318812 4.2842e+10
-0.5 0 1.5 0.30234 0.703193 0.265113 3.51684e+10
-1 0.5 1.5 0.323179 0.607678 0.269412 5.07253e+10
-0.5 1 1.5 0.397887 0.659789 0.180665 3.44467e+10
-1 1.5 1.5 0.385583 0.572602 0.201883 4.63339e+10
0 -1.5 1.5 0.182134 0.788238 0.3478 2.25957e+10
0.5 -1 1.5 0.270891 0.811645 0.282873 2.06142e+10
0 -0.5 1.5 0.300295 0.774373 0.262835 2.69936e+10
0.5 0 1.5 0.403946 0.769918 0.184212 2.1847e+10
0 0.5 1.5 0.414204 0.720079 0.168441 2.73719e+10
0.5 1 1.5 0.528366 0.683979 0.0665129 2.03839e+10
0 1.5 1.5 0.516963 0.635701 0.0595653 2.43468e+10
1 -1.5 1.5 0.224693 0.825841 0.318369 1.61503e+10
1.5 -1 1.5 0.313996 0.821368 0.263281 1.47097e+10
1 -0.5 1.5 0.369909 0.803535 0.216617 1.78789e+10
1.5 0 1.5 0.465331 0.772212 0.147319 1.4977e+10
1 0.5 1.5 0.507882 0.733107 0.0983354 1.73408e+10
1.5 1 1.5 0.600216 0.667422 0.012992 1.30077e+10
1 1.5 1.5 0.626592 0.603757 -0.0360623 1.43764e+10
2 -1.5 1.5 0.244693 0.826392 0.313788 1.1892e+10
2.5 -1 1.5 0.317652 0.816121 0.266502 1.05785e+10
2 -0.5 1.5 0.397676 0.800221 0.207671 1.27611e+10
2.5 0 1.5 0.464773 0.767739 0.153518 1.02334e+10
2 0.5 1.5 0.543489 0.724401 0.0808337 1.16782e+10
2.5 1 1.5 0.599456 0.669993 0.0216287 8.42858e+09
2 1.5 1.5 0.664782 0.590368 -0.061616 8.99006e+09
