449
-2.5 -1 -1.5 -0.27283 -0.717145 -0.0400593 2.04546e+09
-2.5 0 -1.5 -0.189009 -0.766281 0.0298042 2.51578e+09
-2.5 1 -1.5 -0.110912 -0.80215 0.0871854 2.89206e+09
-2 -1.5 -1.5 -0.344929 -0.687766 -0.073103 2.48492e+09
-1.5 -1 -1.5 -0.327692 -0.722137 -0.023795 3.94795e+09
-2 -0.5 -1.5 -0.254598 -0.74849 0.00809796 3.22484e+09
-1.5 0 -1.5 -0.23512 -0.778245 0.0572998 5.02758e+09
-2 0.5 -1.5 -0.168803 -0.792861 0.0768196 3.88358e+09
-1.5 1 -1.5 -0.145653 -0.815611 0.124625 5.87471e+09
-2 1.5 -1.5 -0.0870846 -0.821927 0.13203 4.32672e+09
-1 -1.5 -1.5 -0.406257 -0.682931 -0.0671452 4.57035e+09
-0.5 -1 -1.5 -0.388773 -0.720717 -0.0159002 7.25101e+09
-1 -0.5 -1.5 -0.309146 -0.755565 0.0269229 6.21166e+09
-0.5 0 -1.5 -0.287656 -0.786028 0.0790072 9.59831e+09
-1 0.5 -1.5 -0.21276 -0.804488 0.107592 7.68841e+09
-0.5 1 -1.5 -0.185927 -0.825185 0.158881 1.13961e+10
-1 1.5 -1.5 -0.117969 -0.832622 0.173277 8.6114e+09
0 -1.5 -1.5 -0.469799 -0.667895 -0.0718898 7.93127e+09
0.5 -1 -1.5 -0.449513 -0.710217 -0.0191529 1.25193e+10
0 -0.5 -1.5 -0.36808 -0.756401 0.0370453 1.13188e+10
0.5 0 -1.5 -0.342401 -0.787687 0.0911871 1.71646e+10
0 0.5 -1.5 -0.261602 -0.811365 0.132158 1.43846e+10
0.5 1 -1.5 -0.229635 -0.829688 0.185702 2.05744e+10
0 1.5 -1.5 -0.153365 -0.838478 0.210843 1.61243e+10
1 -1.5 -1.5 -0.523885 -0.641657 -0.0870897 1.29798e+10
1.5 -1 -1.5 -0.49573 -0.691865 -0.0314404 2.04572e+10
1 -0.5 -1.5 -0.423261 -0.749351 0.035377 1.92739e+10
1.5 0 -1.5 -0.389172 -0.783339 0.0907299 2.85482e+10
1 0.5 -1.5 -0.310203 -0.812665 0.145532 2.48875e+10
1.5 1 -1.5 -0.269355 -0.82971 0.199346 3.38779e+10
1 1.5 -1.5 -0.190427 -0.839407 0.238926 2.75853e+10
2 -1.5 -1.5 -0.548919 -0.615703 -0.0979462 2.08735e+10
2.5 -1 -1.5 -0.507807 -0.682122 -0.0302517 3.40806e+10
2 -0.5 -1.5 -0.457843 -0.738816 0.0276429 3.14515e+10
2.5 0 -1.5 -0.406784 -0.779287 0.0906716 4.64807e+10
2 0.5 -1.5 -0.34419 -0.810234 0.146761 4.00195e+10
2.5 1 -1.5 -0.287459 -0.826989 0.204842 5.25237e+10
2 1.5 -1.5 -0.219588 -0.837319 0.252425 4.28293e+10
-2.25 -0.75 -1.25 -0.656074 -0.63658 0.0849674 8.71107e+08
-2.25 0.25 -1.25 -0.591308 -0.654457 0.18226 9.29365e+08
-2.25 1.25 -1.25 -0.51381 -0.66528 0.259367 9.19781e+08
-1.75 -1.25 -1.25 -0.701446 -0.611225 0.0303605 1.12724e+09
-1.25 -0.75 -1.25 -0.68869 -0.617302 0.0901588 1.65374e+09
-1.75 -0.25 -1.25 -0.638711 -0.640429 0.144537 1.26851e+09
-1.25 0.25 -1.25 -0.614745 -0.643656 0.204825 1.79577e+09
-1.75 0.75 -1.25 -0.562722 -0.656204 0.239992 1.30532e+09
-1.25 1.25 -1.25 -0.526118 -0.65669 0.296843 1.7682e+09
-0.75 -1.25 -1.25 -0.741576 -0.577154 0.0178096 2.02375e+09
-0.25 -0.75 -1.25 -0.728639 -0.585533 0.07645 2.89344e+09
-0.75 -0.25 -1.25 -0.669993 -0.622853 0.151052 2.35634e+09
-0.25 0.25 -1.25 -0.64443 -0.627573 0.211557 3.22826e+09
-0.75 0.75 -1.25 -0.583301 -0.645712 0.264543 2.44813e+09
-0.25 1.25 -1.25 -0.543978 -0.645818 0.321912 3.1824e+09
0.25 -1.25 -1.25 -0.788953 -0.519675 -0.0200354 3.26589e+09
0.75 -0.75 -1.25 -0.775843 -0.531337 0.0322341 4.47359e+09
0.25 -0.25 -1.25 -0.709408 -0.593742 0.134735 3.97164e+09
0.75 0.25 -1.25 -0.682638 -0.602322 0.190293 5.18634e+09
0.25 0.75 -1.25 -0.611358 -0.631217 0.269503 4.21e+09
0.75 1.25 -1.25 -0.570421 -0.633808 0.322303 5.18225e+09
1.25 -1.25 -1.25 -0.834117 -0.424877 -0.092986 4.57114e+09
1.75 -0.75 -1.25 -0.814274 -0.447431 -0.04698 6.02516e+09
1.25 -0.25 -1.25 -0.754264 -0.545823 0.0826418 5.84651e+09
1.75 0.25 -1.25 -0.720093 -0.567033 0.130242 7.30241e+09
1.25 0.75 -1.25 -0.646527 -0.612806 0.240455 6.40588e+09
1.75 1.25 -1.25 -0.59983 -0.626073 0.283613 7.49657e+09
2.25 -1.25 -1.25 -0.841829 -0.303763 -0.175765 5.81315e+09
2.25 -0.25 -1.25 -0.778695 -0.484024 0.00524521 7.76506e+09
2.25 0.75 -1.25 -0.67095 -0.595371 0.175504 8.78068e+09
-2.5 -1.5 -1 -0.418476 -0.673162 -0.0625733 1.16811e+09
-2.5 -0.5 -1 -0.326863 -0.736624 0.0169553 1.49208e+09
-2.5 0.5 -1 -0.239621 -0.785591 0.0862547 1.78056e+09
-2.5 1.5 -1 -0.156064 -0.820297 0.143904 1.98013e+09
-1.5 -1.5 -1 -0.482756 -0.65613 -0.061665 2.11769e+09
-2 -1 -1 -0.401495 -0.702886 -0.0165377 1.82627e+09
-1.5 -0.5 -1 -0.383228 -0.732699 0.0310983 2.82588e+09
-2 0 -1 -0.3073 -0.763522 0.0640854 2.2948e+09
-1.5 0.5 -1 -0.285111 -0.788362 0.112456 3.46679e+09
-2 1 -1 -0.216279 -0.807219 0.132995 2.66846e+09
-1.5 1.5 -1 -0.188659 -0.824691 0.18054 3.88916e+09
-0.5 -1.5 -1 -0.552426 -0.62648 -0.0752106 3.59332e+09
-1 -1 -1 -0.466061 -0.689081 -0.0147365 3.29144e+09
-0.5 -0.5 -1 -0.446659 -0.721858 0.0339379 5.03635e+09
-1 0 -1 -0.362377 -0.761221 0.0802176 4.2988e+09
-0.5 0.5 -1 -0.337382 -0.786799 0.130422 6.366e+09
-1 1 -1 -0.258772 -0.809503 0.161807 5.09485e+09
-0.5 1.5 -1 -0.226862 -0.825328 0.211616 7.19312e+09
0.5 -1.5 -1 -0.617465 -0.580417 -0.106694 5.66993e+09
0 -1 -1 -0.534292 -0.664215 -0.0284436 5.52876e+09
0.5 -0.5 -1 -0.51102 -0.702138 0.0202738 8.33182e+09
0 0 -1 -0.422852 -0.752886 0.0838762 7.51544e+09
0.5 0.5 -1 -0.392801 -0.780708 0.134186 1.08107e+10
0 1 -1 -0.306677 -0.807854 0.180948 9.06184e+09
0.5 1.5 -1 -0.268526 -0.823012 0.230969 1.22183e+10
1.5 -1.5 -1 -0.65553 -0.52698 -0.144514 8.64645e+09
1 -1 -1 -0.593296 -0.627861 -0.0589162 8.68986e+09
1.5 -0.5 -1 -0.559628 -0.67815 -0.0065072 1.31337e+10
1 0 -1 -0.480251 -0.739064 0.0703651 1.21955e+10
1.5 0.5 -1 -0.438759 -0.773666 0.121712 1.71557e+10
1 1 -1 -0.354085 -0.804059 0.18411 1.47878e+10
1.5 1.5 -1 -0.304153 -0.821378 0.233855 1.89861e+10
2.5 -1.5 -1 -0.644563 -0.508472 -0.145575 1.42299e+10
2 -1 -1 -0.61785 -0.598714 -0.0840455 1.37817e+10
2.5 -0.5 -1 -0.565394 -0.671522 -0.0140725 2.16662e+10
2 0 -1 -0.512867 -0.728751 0.0510921 1.9398e+10
2.5 0.5 -1 -0.447974 -0.773008 0.115273 2.70151e+10
2 1 -1 -0.382689 -0.803202 0.175707 2.28256e+10
2.5 1.5 -1 -0.314022 -0.822704 0.232022 2.83383e+10
-2.25 -1.25 -0.75 -0.699394 -0.610787 0.0708931 5.73751e+08
-2.25 -0.25 -0.75 -0.633282 -0.639986 0.182442 6.41709e+08
-2.25 0.75 -0.75 -0.554618 -0.659019 0.275954 6.61477e+08
-1.25 -1.25 -0.75 -0.743283 -0.571913 0.0560969 1.02837e+09
-1.75 -0.75 -0.75 -0.687123 -0.61279 0.128678 8.35513e+08
-1.25 -0.25 -0.75 -0.669206 -0.614232 0.187539 1.18212e+09
-1.75 0.25 -0.75 -0.61014 -0.639795 0.241079 9.03246e+08
-1.25 0.75 -0.75 -0.579623 -0.638923 0.299244 1.22594e+09
-1.75 1.25 -0.75 -0.51915 -0.657272 0.331681 8.93538e+08
-0.25 -1.25 -0.75 -0.794217 -0.512845 0.013319 1.67023e+09
-0.75 -0.75 -0.75 -0.73124 -0.575578 0.112358 1.45895e+09
-0.25 -0.25 -0.75 -0.713404 -0.57927 0.168556 1.98966e+09
-0.75 0.25 -0.75 -0.644664 -0.615199 0.246193 1.61002e+09
-0.25 0.75 -0.75 -0.612641 -0.615937 0.302818 2.09165e+09
-0.75 1.25 -0.75 -0.541029 -0.637161 0.355292 1.59014e+09
0.75 -1.25 -0.75 -0.846113 -0.418834 -0.0697033 2.38033e+09
0.25 -0.75 -0.75 -0.783241 -0.519315 0.0631539 2.27471e+09
0.75 -0.25 -0.75 -0.765465 -0.528563 0.112211 2.96136e+09
0.25 0.25 -0.75 -0.688598 -0.583872 0.22293 2.58682e+09
0.75 0.75 -0.75 -0.655159 -0.591191 0.273604 3.1897e+09
0.25 1.25 -0.75 -0.572366 -0.617049 0.355303 2.57258e+09
1.75 -1.25 -0.75 -0.87395 -0.283438 -0.180032 3.05557e+09
1.25 -0.75 -0.75 -0.833785 -0.432872 -0.0271752 3.11971e+09
1.75 -0.25 -0.75 -0.810501 -0.45836 0.0211818 3.96913e+09
1.25 0.25 -0.75 -0.737859 -0.544091 0.160141 3.6861e+09
1.75 0.75 -0.75 -0.697193 -0.568088 0.207052 4.39481e+09
1.25 1.25 -0.75 -0.611421 -0.602803 0.319366 3.72846e+09
2.25 -0.75 -0.75 -0.853848 -0.322571 -0.123945 4.00006e+09
2.25 0.25 -0.75 -0.771541 -0.494741 0.0746121 4.83514e+09
2.25 1.25 -0.75 -0.643887 -0.594996 0.251353 4.98942e+09
-2.5 -1 -0.5 -0.453524 -0.683937 -0.00856522 8.9295e+08
-2.5 0 -0.5 -0.361617 -0.747354 0.0703191 1.10581e+09
-2.5 1 -0.5 -0.272159 -0.795793 0.139586 1.2763e+09
-2 -1.5 -0.5 -0.534244 -0.632151 -0.0536026 1.03943e+09
-1.5 -1 -0.5 -0.51987 -0.66031 -0.0107071 1.58571e+09
-2 -0.5 -0.5 -0.437119 -0.710207 0.0360851 1.35998e+09
-1.5 0 -0.5 -0.41841 -0.736148 0.0821932 2.03667e+09
-2 0.5 -0.5 -0.341117 -0.770403 0.116646 1.64912e+09
-1.5 1 -0.5 -0.316822 -0.791149 0.163921 2.3981e+09
-2 1.5 -0.5 -0.246128 -0.813216 0.18586 1.84517e+09
-1 -1.5 -0.5 -0.607342 -0.591836 -0.072256 1.73689e+09
-0.5 -1 -0.5 -0.592834 -0.623665 -0.0311526 2.60993e+09
-1 -0.5 -0.5 -0.503217 -0.689241 0.0337907 2.38045e+09
-0.5 0 -0.5 -0.482868 -0.71813 0.0795187 3.4911e+09
-1 0.5 -0.5 -0.396045 -0.760701 0.129367 2.97547e+09
-0.5 1 -0.5 -0.368402 -0.782799 0.176898 4.19891e+09
-1 1.5 -0.5 -0.287266 -0.808384 0.211555 3.36592e+09
0 -1.5 -0.5 -0.680776 -0.53078 -0.11403 2.67064e+09
0.5 -1 -0.5 -0.66302 -0.570729 -0.0744754 3.96911e+09
0 -0.5 -0.5 -0.574263 -0.65751 0.0117762 3.84507e+09
0.5 0 -0.5 -0.549255 -0.693255 0.0564783 5.52537e+09
0 0.5 -0.5 -0.456934 -0.746217 0.12584 4.9595e+09
0.5 1 -0.5 -0.422789 -0.772836 0.172231 6.75747e+09
0 1.5 -0.5 -0.333506 -0.801485 0.224007 5.65772e+09
1 -1.5 -0.5 -0.735187 -0.45044 -0.173949 3.86988e+09
1.5 -1 -0.5 -0.707153 -0.514645 -0.124226 5.90767e+09
1 -0.5 -0.5 -0.637338 -0.617296 -0.0297593 5.83114e+09
1.5 0 -0.5 -0.599456 -0.669993 0.0216287 8.42858e+09
1 0.5 -0.5 -0.514337 -0.730575 0.103303 7.6929e+09
1.5 1 -0.5 -0.464773 -0.767739 0.153518 1.02334e+10
1 1.5 -0.5 -0.377025 -0.796915 0.218984 8.72776e+09
2 -1.5 -0.5 -0.742029 -0.389598 -0.21006 5.82564e+09
2.5 -1 -0.5 -0.6974 -0.498222 -0.130385 9.38719e+09
2 -0.5 -0.5 -0.664782 -0.590368 -0.061616 8.99006e+09
2.5 0 -0.5 -0.600216 -0.667422 0.012992 1.30077e+10
2 0.5 -0.5 -0.543489 -0.724401 0.0808337 1.16782e+10
2.5 1 -0.5 -0.465331 -0.772212 0.147319 1.4977e+10
2 1.5 -0.5 -0.397676 -0.800221 0.207671 1.27611e+10
-2.25 -0.75 -0.25 -0.67899 -0.608405 0.162431 4.29809e+08
-2.25 0.25 -0.25 -0.599944 -0.63571 0.270105 4.6324e+08
-2.25 1.25 -0.25 -0.50806 -0.65631 0.356961 4.60442e+08
-1.75 -1.25 -0.25 -0.737404 -0.567578 0.092175 5.30707e+08
-1.25 -0.75 -0.25 -0.725301 -0.567674 0.145821 7.4719e+08
-1.75 -0.25 -0.25 -0.661231 -0.606791 0.218701 6.03913e+08
-1.25 0.25 -0.25 -0.636935 -0.605048 0.274565 8.18241e+08
-1.75 0.75 -0.25 -0.570031 -0.632774 0.325696 6.26202e+08
-1.25 1.25 -0.25 -0.532005 -0.629897 0.379058 8.11133e+08
-0.75 -1.25 -0.25 -0.789898 -0.509178 0.0485624 8.64807e+08
-0.25 -0.75 -0.25 -0.779064 -0.511791 0.0959638 1.17129e+09
-0.75 -0.25 -0.25 -0.707545 -0.567982 0.199287 1.01303e+09
-0.25 0.25 -0.25 -0.682936 -0.569703 0.25126 1.31275e+09
-0.75 0.75 -0.25 -0.605115 -0.603872 0.328471 1.06031e+09
-0.25 1.25 -0.25 -0.564728 -0.604391 0.378698 1.30526e+09
0.25 -1.25 -0.25 -0.844557 -0.421362 -0.0368681 1.25128e+09
0.75 -0.75 -0.25 -0.834331 -0.430021 0.00314411 1.63135e+09
0.25 -0.25 -0.25 -0.762008 -0.517158 0.143053 1.51944e+09
0.75 0.25 -0.25 -0.736276 -0.528478 0.190004 1.88506e+09
0.25 0.75 -0.25 -0.649832 -0.574869 0.300487 1.61779e+09
0.75 1.25 -0.25 -0.606256 -0.585584 0.34627 1.89205e+09
1.25 -1.25 -0.25 -0.883118 -0.290512 -0.159837 1.62691e+09
1.75 -0.75 -0.25 -0.870733 -0.316072 -0.112373 2.08419e+09
1.25 -0.25 -0.25 -0.815533 -0.448122 0.0486348 2.05347e+09
1.75 0.25 -0.25 -0.783545 -0.478357 0.100223 2.46914e+09
1.25 0.75 -0.25 -0.698619 -0.548675 0.237299 2.2331e+09
1.75 1.25 -0.25 -0.647201 -0.576239 0.284244 2.51129e+09
2.25 -1.25 -0.25 -0.87414 -0.123427 -0.270952 1.95918e+09
2.25 -0.25 -0.25 -0.843616 -0.357279 -0.0521064 2.51532e+09
2.25 0.75 -0.25 -0.734065 -0.517658 0.155146 2.78838e+09
-2.5 -1.5 0 -0.565997 -0.610571 -0.0446802 5.31656e+08
-2.5 -0.5 0 -0.474293 -0.688205 0.0409871 6.82169e+08
-2.5 0.5 0 -0.38286 -0.750875 0.119611 8.16676e+08
-2.5 1.5 0 -0.291456 -0.798315 0.188723 9.08993e+08
-1.5 -1.5 0 -0.63927 -0.563307 -0.065558 8.80603e+08
-2 -1 0 -0.55442 -0.634384 -0.00528562 7.98153e+08
-1.5 -0.5 0 -0.540875 -0.659251 0.0353451 1.17834e+09
-2 0 0 -0.458336 -0.711323 0.0841766 1.00693e+09
-1.5 0.5 0 -0.439198 -0.734003 0.128245 1.45181e+09
-2 1 0 -0.361366 -0.7706 0.164662 1.17465e+09
-1.5 1.5 0 -0.335068 -0.788202 0.209936 1.63639e+09
-0.5 -1.5 0 -0.715432 -0.493246 -0.112015 1.33676e+09
-1 -1 0 -0.628341 -0.589239 -0.0294006 1.29764e+09
-0.5 -0.5 0 -0.614346 -0.61776 0.00809135 1.87427e+09
-1 0 0 -0.524305 -0.684939 0.0769421 1.7008e+09
-0.5 0.5 0 -0.503044 -0.711348 0.119128 2.38471e+09
-1 1 0 -0.415398 -0.755711 0.17261 2.02866e+09
-0.5 1.5 0 -0.384919 -0.776004 0.216645 2.72255e+09
0.5 -1.5 0 -0.779692 -0.395133 -0.184972 1.8776e+09
0 -1 0 -0.703481 -0.524297 -0.0799304 1.93549e+09
0.5 -0.5 0 -0.685838 -0.563046 -0.0432718 2.76532e+09
0 0 0 -0.595321 -0.649617 0.0472609 2.64421e+09
0.5 0.5 0 -0.567943 -0.685603 0.0889854 3.62767e+09
0 1 0 -0.474508 -0.738512 0.161707 3.22444e+09
0.5 1.5 0 -0.435029 -0.7661 0.205109 4.16469e+09
1.5 -1.5 0 -0.805942 -0.291227 -0.253949 2.60946e+09
1 -1 0 -0.762215 -0.444397 -0.147835 2.74438e+09
1.5 -0.5 0 -0.733597 -0.511112 -0.0966291 4.00035e+09
1 0 0 -0.658362 -0.611265 0.000467486 3.89015e+09
1.5 0.5 0 -0.614746 -0.667547 0.0532547 5.29683e+09
1 1 0 -0.52725 -0.72538 0.134752 4.78893e+09
1.5 1.5 0 -0.468301 -0.765955 0.185506 5.97791e+09
2.5 -1.5 0 -0.777149 -0.255582 -0.253088 3.90336e+09
2 -1 0 -0.777721 -0.386767 -0.188512 3.97388e+09
2.5 -0.5 0 -0.727547 -0.49929 -0.102739 5.89994e+09
2 0 0 -0.685766 -0.590622 -0.0304981 5.65179e+09
2.5 0.5 0 -0.611375 -0.673001 0.0487441 7.52622e+09
2 1 0 -0.54874 -0.726241 0.115072 6.79256e+09
2.5 1.5 0 -0.458537 -0.778126 0.183675 8.13043e+09
-2.25 -1.25 0.25 -0.727996 -0.561945 0.124342 2.77285e+08
-2.25 -0.25 0.25 -0.650661 -0.598377 0.24407 3.12978e+08
-2.25 0.75 0.25 -0.559312 -0.625049 0.344763 3.24703e+08
-1.25 -1.25 0.25 -0.780847 -0.504868 0.0823988 4.52199e+08
-1.75 -0.75 0.25 -0.715554 -0.559241 0.175171 3.87537e+08
-1.25 -0.25 0.25 -0.697488 -0.556909 0.225402 5.22665e+08
-1.75 0.25 0.25 -0.626533 -0.594577 0.296578 4.22067e+08
-1.25 0.75 0.25 -0.594927 -0.591967 0.346837 5.45994e+08
-1.75 1.25 0.25 -0.52217 -0.621331 0.394666 4.20195e+08
-0.25 -1.25 0.25 -0.836178 -0.424387 -0.000749167 6.61936e+08
-0.75 -0.75 0.25 -0.769387 -0.504403 0.127119 6.09256e+08
-0.25 -0.25 0.25 -0.751805 -0.506672 0.171367 7.88016e+08
-0.75 0.25 0.25 -0.67258 -0.556385 0.273956 6.75704e+08
-0.25 0.75 0.25 -0.639168 -0.55989 0.319919 8.33352e+08
-0.75 1.25 0.25 -0.554683 -0.59207 0.393369 6.73481e+08
0.75 -1.25 0.25 -0.880097 -0.306381 -0.125928 8.73015e+08
0.25 -0.75 0.25 -0.825641 -0.429194 0.0367268 8.59103e+08
0.75 -0.25 0.25 -0.807276 -0.442176 0.0788196 1.07399e+09
0.25 0.25 0.25 -0.72587 -0.514728 0.215546 9.75877e+08
0.75 0.75 0.25 -0.688435 -0.531856 0.260379 1.15358e+09
0.25 1.25 0.25 -0.595116 -0.569935 0.362849 9.77637e+08
1.75 -1.25 0.25 -0.886962 -0.144231 -0.261165 1.054e+09
1.25 -0.75 0.25 -0.869069 -0.323992 -0.0849781 1.10388e+09
1.75 -0.25 0.25 -0.846793 -0.356905 -0.0316821 1.32375e+09
1.25 0.25 0.25 -0.776973 -0.467106 0.12696 1.28222e+09
1.75 0.75 0.25 -0.730511 -0.504484 0.180448 1.44517e+09
1.25 1.25 0.25 -0.636681 -0.558905 0.305962 1.29462e+09
2.25 -0.75 0.25 -0.874315 -0.185952 -0.199695 1.26828e+09
2.25 0.25 0.25 -0.807439 -0.406137 0.034321 1.49945e+09
2.25 1.25 0.25 -0.666686 -0.550486 0.238437 1.54811e+09
-2.5 -1 0.5 -0.575567 -0.611623 0.000782758 4.13859e+08
-2.5 0 0.5 -0.486183 -0.687774 0.086179 5.13079e+08
-2.5 1 0.5 -0.395027 -0.74921 0.164463 5.92419e+08
-2 -1.5 0.5 -0.655825 -0.540214 -0.0569186 4.60712e+08
-1.5 -1 0.5 -0.647847 -0.56093 -0.0247117 6.68375e+08
-2 -0.5 0.5 -0.564913 -0.632637 0.038127 6.02374e+08
-1.5 0 0.5 -0.551739 -0.65476 0.0759901 8.57582e+08
-2 0.5 0.5 -0.47022 -0.708132 0.127322 7.30926e+08
-1.5 1 0.5 -0.450226 -0.728439 0.168541 1.01153e+09
-2 1.5 0.5 -0.372187 -0.766335 0.207341 8.18787e+08
-1 -1.5 0.5 -0.730448 -0.46593 -0.104124 6.96769e+08
-0.5 -1 0.5 -0.722517 -0.488929 -0.0779284 9.89024e+08
-1 -0.5 0.5 -0.6375 -0.5841 0.00814217 9.49993e+08
-0.5 0 0.5 -0.623351 -0.610942 0.0421643 1.31926e+09
-1 0.5 0.5 -0.534723 -0.678362 0.114182 1.18809e+09
-0.5 1 0.5 -0.51158 -0.70406 0.152776 1.59283e+09
-1 1.5 0.5 -0.424343 -0.748725 0.209388 1.35021e+09
0 -1.5 0.5 -0.796632 -0.360234 -0.181554 9.67242e+08
0.5 -1 0.5 -0.786335 -0.39419 -0.155497 1.36635e+09
0 -0.5 0.5 -0.710734 -0.518989 -0.0484358 1.38155e+09
0.5 0 0.5 -0.691832 -0.559246 -0.0126939 1.8969e+09
0 0.5 0.5 -0.602608 -0.643053 0.078554 1.78427e+09
0.5 1 0.5 -0.570653 -0.681406 0.119081 2.33229e+09
0 1.5 0.5 -0.478777 -0.732274 0.192374 2.05129e+09
1 -1.5 0.5 -0.832963 -0.22975 -0.271323 1.28191e+09
1.5 -1 0.5 -0.818573 -0.299159 -0.225332 1.84625e+09
1 -0.5 0.5 -0.768964 -0.445967 -0.117048 1.91634e+09
1.5 0 0.5 -0.73738 -0.516541 -0.0630161 2.62518e+09
1 0.5 0.5 -0.660036 -0.611026 0.0321393 2.53239e+09
1.5 1 0.5 -0.608521 -0.67178 0.0871221 3.22446e+09
1 1.5 0.5 -0.521992 -0.724777 0.165088 2.90641e+09
2 -1.5 0.5 -0.822229 -0.126048 -0.318787 1.72184e+09
2.5 -1 0.5 -0.803771 -0.264359 -0.228745 2.5717e+09
2 -0.5 0.5 -0.789851 -0.397182 -0.156119 2.61787e+09
2.5 0 0.5 -0.736864 -0.512811 -0.0663227 3.60196e+09
2 0.5 0.5 -0.683389 -0.600754 0.00665538 3.44274e+09
2.5 1 0.5 -0.600549 -0.687717 0.08915 4.27342e+09
2 1.5 0.5 -0.531987 -0.734859 0.151452 3.86323e+09
-2.25 -0.75 0.75 -0.704681 -0.549669 0.199977 2.03085e+08
-2.25 0.25 0.75 -0.6162 -0.583196 0.313082 2.20263e+08
-2.25 1.25 0.75 -0.513885 -0.611059 0.40415 2.2019e+08
-1.75 -1.25 0.75 -0.76988 -0.498822 0.113118 2.38369e+08
-1.25 -0.75 0.75 -0.757686 -0.495804 0.154987 3.19564e+08
-1.75 -0.25 0.75 -0.686395 -0.545223 0.246779 2.72575e+08
-1.25 0.25 0.75 -0.661347 -0.542846 0.291449 3.51729e+08
-1.75 0.75 0.75 -0.585175 -0.579398 0.359386 2.84543e+08
-1.25 1.25 0.75 -0.545703 -0.578974 0.401657 3.51808e+08
-0.75 -1.25 0.75 -0.824806 -0.42485 0.0347744 3.51849e+08
-0.25 -0.75 0.75 -0.813228 -0.426505 0.0694993 4.54862e+08
-0.75 -0.25 0.75 -0.739383 -0.495469 0.195851 4.12276e+08
-0.25 0.25 0.75 -0.712853 -0.500757 0.236086 5.10274e+08
-0.75 0.75 0.75 -0.627916 -0.544854 0.333204 4.34423e+08
-0.25 1.25 0.75 -0.583969 -0.55398 0.371644 5.11982e+08
0.25 -1.25 0.75 -0.871317 -0.320705 -0.0864339 4.70193e+08
0.75 -0.75 0.75 -0.859133 -0.332925 -0.0508764 5.89895e+08
0.25 -0.25 0.75 -0.793937 -0.435424 0.107537 5.66334e+08
0.75 0.25 0.75 -0.763201 -0.455664 0.150545 6.74502e+08
0.25 0.75 0.75 -0.675094 -0.515086 0.276387 6.03834e+08
0.75 1.25 0.75 -0.622968 -0.5406 0.317117 6.80042e+08
1.25 -1.25 0.75 -0.888082 -0.175925 -0.230419 5.73551e+08
1.75 -0.75 0.75 -0.876111 -0.207264 -0.180816 6.87139e+08
1.25 -0.25 0.75 -0.83669 -0.359246 -0.00455141 7.05463e+08
1.75 0.25 0.75 -0.799162 -0.402229 0.0535392 7.99241e+08
1.25 0.75 0.75 -0.716915 -0.489519 0.198839 7.62051e+08
1.75 1.25 0.75 -0.652693 -0.535867 0.252623 8.1767e+08
2.25 -1.25 0.75 -0.85099 0.00920514 -0.353929 6.31586e+08
2.25 -0.25 0.75 -0.852703 -0.258466 -0.110478 7.86098e+08
2.25 0.75 0.75 -0.743579 -0.460354 0.123701 8.6718e+08
-2.5 -1.5 1 -0.663378 -0.52193 -0.0474448 2.45797e+08
-2.5 -0.5 1 -0.580071 -0.609815 0.0418516 3.14653e+08
-2.5 0.5 1 -0.492511 -0.684278 0.126913 3.76239e+08
-2.5 1.5 1 -0.40092 -0.744413 0.204476 4.18467e+08
-1.5 -1.5 1 -0.734616 -0.446513 -0.0930555 3.7206e+08
-2 -1 1 -0.657734 -0.538293 -0.0181474 3.52101e+08
-1.5 -0.5 1 -0.65011 -0.556705 0.011088 4.94038e+08
-2 0 1 -0.569717 -0.628469 0.0766224 4.42748e+08
-1.5 0.5 1 -0.556178 -0.648848 0.111298 6.07002e+08
-2 1 1 -0.475888 -0.702623 0.165275 5.16062e+08
-1.5 1.5 1 -0.454181 -0.721796 0.203072 6.84915e+08
-0.5 -1.5 1 -0.798392 -0.340193 -0.169433 5.16511e+08
-1 -1 1 -0.729235 -0.463079 -0.0710339 5.20361e+08
-0.5 -0.5 1 -0.721099 -0.485444 -0.0471183 7.14616e+08
-1 0 1 -0.639526 -0.578533 0.0407983 6.77312e+08
-0.5 0.5 1 -0.623821 -0.605748 0.0722627 9.04947e+08
-1 1 1 -0.537576 -0.671938 0.146116 8.07246e+08
-0.5 1.5 1 -0.510785 -0.698736 0.181802 1.03541e+09
0.5 -1.5 1 -0.836297 -0.201048 -0.267068 6.719e+08
0 -1 1 -0.791736 -0.362072 -0.151347 7.12353e+08
0.5 -0.5 1 -0.780865 -0.399144 -0.123878 9.70646e+08
0 0 1 -0.707917 -0.517147 -0.0184428 9.6269e+08
0.5 0.5 1 -0.685086 -0.561157 0.0182261 1.26336e+09
0 1 1 -0.599093 -0.640213 0.107385 1.1718e+09
0.5 1.5 1 -0.560139 -0.68224 0.147854 1.45578e+09
1.5 -1.5 1 -0.831846 -0.0543524 -0.349447 8.47149e+08
1 -1 1 -0.828577 -0.245192 -0.238463 9.27945e+08
1.5 -0.5 1 -0.813906 -0.31883 -0.188912 1.26225e+09
1 0 1 -0.760642 -0.455663 -0.0826336 1.29432e+09
1.5 0.5 1 -0.723641 -0.531352 -0.0254254 1.66618e+09
1 1 1 -0.646314 -0.617682 0.0649524 1.59404e+09
1.5 1.5 1 -0.585219 -0.683054 0.122109 1.90944e+09
2.5 -1.5 1 -0.792139 0.0236644 -0.354755 1.09092e+09
2 -1 1 -0.82935 -0.152963 -0.286869 1.18612e+09
2.5 -0.5 1 -0.811418 -0.291212 -0.193841 1.64553e+09
2 0 1 -0.782978 -0.420479 -0.11636 1.67473e+09
2.5 0.5 1 -0.723108 -0.540328 -0.0237495 2.12989e+09
2 1 1 -0.661525 -0.6204 0.0471852 2.04528e+09
2.5 1.5 1 -0.568453 -0.710045 0.131557 2.37328e+09
-2.25 -1.25 1.25 -0.758529 -0.491259 0.140063 1.26528e+08
-2.25 -0.25 1.25 -0.675817 -0.533099 0.263896 1.43417e+08
-2.25 0.75 1.25 -0.577091 -0.566381 0.367615 1.49682e+08
-1.25 -1.25 1.25 -0.812475 -0.422451 0.0676573 1.87815e+08
-1.75 -0.75 1.25 -0.74578 -0.486117 0.179073 1.68819e+08
-1.25 -0.25 1.25 -0.727009 -0.483595 0.216416 2.1729e+08
-1.75 0.25 1.25 -0.651012 -0.529177 0.30469 1.84747e+08
-1.25 0.75 1.25 -0.618133 -0.529787 0.342085 2.28539e+08
-1.75 1.25 1.25 -0.539001 -0.565308 0.405717 1.85467e+08
-0.25 -1.25 1.25 -0.860094 -0.33025 -0.0464288 2.53784e+08
-0.75 -0.75 1.25 -0.799882 -0.421412 0.0995284 2.41949e+08
-0.25 -0.25 1.25 -0.779633 -0.426879 0.133249 3.00521e+08
-0.75 0.25 1.25 -0.700229 -0.486474 0.252324 2.68959e+08
-0.25 0.75 1.25 -0.662652 -0.49812 0.287316 3.19128e+08
-0.75 1.25 1.25 -0.575181 -0.537701 0.37564 2.70689e+08
0.75 -1.25 1.25 -0.883534 -0.204596 -0.189596 3.13476e+08
0.25 -0.75 1.25 -0.8463 -0.338164 -0.0156122 3.16816e+08
0.75 -0.25 1.25 -0.822418 -0.358697 0.0237587 3.78697e+08
0.25 0.25 1.25 -0.748312 -0.442821 0.170341 3.57997e+08
0.75 0.75 1.25 -0.70205 -0.472333 0.211407 4.06516e+08
0.25 1.25 1.25 -0.611211 -0.521275 0.321704 3.61645e+08
1.75 -1.25 1.25 -0.861859 -0.0391949 -0.333147 3.49924e+08
1.25 -0.75 1.25 -0.868985 -0.228872 -0.148995 3.75311e+08
1.75 -0.25 1.25 -0.843553 -0.27188 -0.0915998 4.2851e+08
1.25 0.25 1.25 -0.784155 -0.39528 0.0728576 4.30795e+08
1.75 0.75 1.25 -0.727757 -0.449086 0.132479 4.67648e+08
1.25 1.25 1.25 -0.637897 -0.516154 0.256803 4.3957e+08
2.25 -0.75 1.25 -0.854375 -0.0864926 -0.267906 4.02042e+08
2.25 0.25 1.25 -0.801434 -0.336167 -0.0160763 4.67911e+08
2.25 1.25 1.25 -0.652392 -0.514766 0.202145 4.87292e+08
-2.5 -1 1.5 -0.662275 -0.520664 -0.0104982 1.88132e+08
-2.5 0 1.5 -0.581628 -0.606322 0.0785936 2.32298e+08
-2.5 1 1.5 -0.494963 -0.679303 0.16304 2.67693e+08
-2 -1.5 1.5 -0.733625 -0.433087 -0.0805352 2.01418e+08
-1.5 -1 1.5 -0.729946 -0.44478 -0.0612281 2.78516e+08
-2 -0.5 1.5 -0.6567 -0.535084 0.0161219 2.61197e+08
-1.5 0 1.5 -0.648666 -0.552453 0.0425211 3.54375e+08
-2 0.5 1.5 -0.570826 -0.623522 0.110417 3.15629e+08
-1.5 1 1.5 -0.555809 -0.643578 0.141973 4.16736e+08
-2 1.5 1.5 -0.476788 -0.696746 0.198153 3.53317e+08
-1 -1.5 1.5 -0.793881 -0.329778 -0.153049 2.81097e+08
-0.5 -1 1.5 -0.788889 -0.343181 -0.140005 3.81301e+08
-1 -0.5 1.5 -0.724035 -0.461011 -0.0412493 3.77614e+08
-0.5 0 1.5 -0.714332 -0.485147 -0.0180946 5.01475e+08
-1 0.5 1.5 -0.636551 -0.574796 0.0698948 4.68774e+08
-0.5 1 1.5 -0.61725 -0.604384 0.100106 6.02115e+08
-1 1.5 1.5 -0.53396 -0.667825 0.174038 5.32279e+08
0 -1.5 1.5 -0.830161 -0.192959 -0.250239 3.64964e+08
0.5 -1 1.5 -0.824011 -0.218789 -0.233707 4.90167e+08
0 -0.5 1.5 -0.781049 -0.368539 -0.120549 5.09135e+08
0.5 0 1.5 -0.767108 -0.411153 -0.0902045 6.65284e+08
0 0.5 1.5 -0.697444 -0.520764 0.0114009 6.49284e+08
0.5 1 1.5 -0.668212 -0.569878 0.0498649 8.12331e+08
0 1.5 1.5 -0.586277 -0.642593 0.135033 7.45486e+08
1 -1.5 1.5 -0.825245 -0.0324256 -0.349052 4.48829e+08
1.5 -1 1.5 -0.825792 -0.0931198 -0.311839 6.00157e+08
1 -0.5 1.5 -0.815094 -0.269556 -0.200887 6.47039e+08
1.5 0 1.5 -0.797167 -0.349462 -0.147311 8.33788e+08
1 0.5 1.5 -0.74142 -0.473857 -0.0455877 8.4292e+08
1.5 1 1.5 -0.696236 -0.555217 0.0145432 1.02493e+09
1 1.5 1.5 -0.620525 -0.631431 0.0985836 9.72099e+08
2 -1.5 1.5 -0.780934 0.111011 -0.406323 5.35809e+08
2.5 -1 1.5 -0.804335 -0.0248273 -0.323576 7.31095e+08
2 -0.5 1.5 -0.822755 -0.195937 -0.245917 7.91938e+08
2.5 0 1.5 -0.798878 -0.336676 -0.151164 1.01491e+09
2 0.5 1.5 -0.759224 -0.456413 -0.0720955 1.03648e+09
2.5 1 1.5 -0.688062 -0.5791 0.0212274 1.22218e+09
2 1.5 1.5 -0.623444 -0.647578 0.0885632 1.18328e+09
