449
-2.5 -1 -1.5 0.259774 0.81514 0.242759 9.93149e+10
-2.5 0 -1.5 0.340574 0.815758 0.162432 1.02399e+11
-2.5 1 -1.5 0.442073 0.7791 0.0675092 8.97322e+10
-2 -1.5 -1.5 0.240774 0.796641 0.251308 7.2609e+10
-1.5 -1 -1.5 0.286812 0.797442 0.196289 6.0168e+10
-2 -0.5 -1.5 0.305563 0.81398 0.183577 8.28575e+10
-1.5 0 -1.5 0.354332 0.802134 0.123441 6.46596e+10
-2 0.5 -1.5 0.388643 0.800789 0.0983949 8.08398e+10
-1.5 1 -1.5 0.435739 0.775797 0.0339498 5.98204e+10
-2 1.5 -1.5 0.487702 0.748837 5.13283e-05 6.73559e+10
-1 -1.5 -1.5 0.278558 0.768733 0.200621 4.03679e+10
-0.5 -1 -1.5 0.325298 0.762439 0.150397 3.18127e+10
-1 -0.5 -1.5 0.33494 0.788321 0.140848 4.69971e+10
-0.5 0 -1.5 0.380992 0.771247 0.0851342 3.49389e+10
-1 0.5 -1.5 0.401376 0.781518 0.063052 4.77611e+10
-0.5 1 -1.5 0.443232 0.754791 0.00258075 3.38225e+10
-1 1.5 -1.5 0.477635 0.743927 -0.0302425 4.21958e+10
0 -1.5 -1.5 0.318954 0.72945 0.153104 2.06918e+10
0.5 -1 -1.5 0.362357 0.718715 0.107416 1.57575e+10
0 -0.5 -1.5 0.369859 0.748668 0.0997229 2.39311e+10
0.5 0 -1.5 0.409651 0.729848 0.0482825 1.73455e+10
0 0.5 -1.5 0.422023 0.748685 0.0290102 2.49857e+10
0.5 1 -1.5 0.456567 0.722855 -0.0275762 1.73462e+10
0 1.5 -1.5 0.478166 0.72441 -0.0578635 2.32119e+10
1 -1.5 -1.5 0.354674 0.685829 0.108808 1.01706e+10
1.5 -1 -1.5 0.39293 0.673318 0.0664929 7.55824e+09
1 -0.5 -1.5 0.401141 0.70325 0.0606434 1.1576e+10
1.5 0 -1.5 0.434225 0.685105 0.0125751 8.26331e+09
1 0.5 -1.5 0.443404 0.708085 -0.00407515 1.22127e+10
1.5 1 -1.5 0.470879 0.684904 -0.0572428 8.40602e+09
1 1.5 -1.5 0.484338 0.695398 -0.0844601 1.17746e+10
2 -1.5 -1.5 0.383282 0.643267 0.0662094 4.87808e+09
2.5 -1 -1.5 0.416123 0.63097 0.0263058 3.55431e+09
2 -0.5 -1.5 0.425715 0.658331 0.0225961 5.45865e+09
2.5 0 -1.5 0.452945 0.642293 -0.0228238 3.84971e+09
2 0.5 -1.5 0.461438 0.665743 -0.0367161 5.76375e+09
2.5 1 -1.5 0.483155 0.646058 -0.0869253 3.94386e+09
2 1.5 -1.5 0.492448 0.661248 -0.110901 5.68211e+09
-2.25 -0.75 -1.25 -0.217439 0.810317 0.234969 2.52407e+10
-2.25 0.25 -1.25 -0.126392 0.815898 0.156921 2.14704e+10
-2.25 1.25 -1.25 -0.0255757 0.78355 0.0610681 1.58623e+10
-1.75 -1.25 -1.25 -0.253972 0.802232 0.230255 2.05156e+10
-1.25 -0.75 -1.25 -0.207018 0.807244 0.167325 1.51637e+10
-1.75 -0.25 -1.25 -0.168219 0.813872 0.164536 1.88167e+10
-1.25 0.25 -1.25 -0.119606 0.801494 0.0937198 1.32264e+10
-1.75 0.75 -1.25 -0.0741033 0.798142 0.0782471 1.51913e+10
-1.25 1.25 -1.25 -0.0244079 0.766142 -0.000492189 1.0316e+10
-0.75 -1.25 -1.25 -0.240362 0.798522 0.162094 1.13565e+10
-0.25 -0.75 -1.25 -0.197494 0.790846 0.106341 8.00853e+09
-0.75 -0.25 -1.25 -0.161309 0.798003 0.104006 1.06411e+10
-0.25 0.25 -1.25 -0.117877 0.777164 0.0395183 7.22132e+09
-0.75 0.75 -1.25 -0.0733604 0.776243 0.0221308 8.96102e+09
-0.25 1.25 -1.25 -0.0305826 0.74161 -0.0498612 5.9406e+09
0.25 -1.25 -1.25 -0.227666 0.783508 0.100669 5.75826e+09
0.75 -0.75 -1.25 -0.189684 0.767111 0.0503861 3.96642e+09
0.25 -0.25 -1.25 -0.156781 0.772808 0.0490654 5.4696e+09
0.75 0.25 -1.25 -0.118422 0.747069 -0.00999892 3.66195e+09
0.25 0.75 -1.25 -0.0773122 0.74775 -0.0261225 4.8025e+09
0.75 1.25 -1.25 -0.0398204 0.712831 -0.0922729 3.15527e+09
1.25 -1.25 -1.25 -0.216888 0.762229 0.0442987 2.79438e+09
1.75 -0.75 -1.25 -0.183204 0.740796 -0.00209991 1.90236e+09
1.25 -0.25 -1.25 -0.153645 0.743871 -0.00217091 2.67747e+09
1.75 0.25 -1.25 -0.119332 0.716168 -0.056813 1.78381e+09
1.25 0.75 -1.25 -0.0824127 0.716315 -0.0704488 2.42158e+09
1.75 1.25 -1.25 -0.0486954 0.682906 -0.131544 1.58794e+09
2.25 -1.25 -1.25 -0.207648 0.738981 -0.00876216 1.32478e+09
2.25 -0.25 -1.25 -0.150735 0.715422 -0.0511099 1.27665e+09
2.25 0.75 -1.25 -0.0865493 0.686106 -0.112951 1.17732e+09
-2.5 -1.5 -1 0.328935 0.801249 0.239523 2.01348e+11
-2.5 -0.5 -1 0.389746 0.809689 0.159328 2.24581e+11
-2.5 0.5 -1 0.468921 0.786417 0.061954 2.12922e+11
-2.5 1.5 -1 0.563594 0.72032 -0.0466402 1.70247e+11
-1.5 -1.5 -1 0.370092 0.763793 0.188835 1.11024e+11
-2 -1 -1 0.372978 0.795274 0.17864 1.65574e+11
-1.5 -0.5 -1 0.41824 0.780771 0.117664 1.28263e+11
-2 0 -1 0.43536 0.792494 0.0933923 1.7372e+11
-1.5 0.5 -1 0.478744 0.767462 0.027765 1.27002e+11
-2 1 -1 0.51183 0.756472 -0.00788878 1.5553e+11
-1.5 1.5 -1 0.549146 0.720482 -0.0765728 1.08284e+11
-0.5 -1.5 -1 0.412865 0.713478 0.141404 5.62616e+10
-1 -1 -1 0.413424 0.752612 0.133406 8.70681e+10
-0.5 -0.5 -1 0.454539 0.735153 0.077831 6.51026e+10
-1 0 -1 0.460999 0.759493 0.0568193 9.44926e+10
-0.5 0.5 -1 0.49844 0.733735 -0.00397062 6.6943e+10
-1 1 -1 0.516567 0.737212 -0.0373328 8.89681e+10
-0.5 1.5 -1 0.547162 0.70409 -0.101746 6.04157e+10
0.5 -1.5 -1 0.44996 0.65883 0.0972366 2.73778e+10
0 -1 -1 0.452599 0.699768 0.0911185 4.27387e+10
0.5 -0.5 -1 0.487881 0.68225 0.0400177 3.12862e+10
0 0 -1 0.49083 0.713638 0.0218414 4.6871e+10
0.5 0.5 -1 0.520959 0.689971 -0.0346917 3.27754e+10
0 1 -1 0.529135 0.705524 -0.0647196 4.60507e+10
0.5 1.5 -1 0.55283 0.676303 -0.125265 3.09916e+10
1.5 -1.5 -1 0.479278 0.606174 0.0546717 1.30467e+10
1 -1 -1 0.484834 0.644987 0.0508617 2.03356e+10
1.5 -0.5 -1 0.514306 0.62932 0.00306669 1.46698e+10
1 0 -1 0.517463 0.662792 -0.0121168 2.22435e+10
1.5 0.5 -1 0.541052 0.642658 -0.0652429 1.54531e+10
1 1 -1 0.544635 0.665473 -0.0916727 2.2411e+10
1.5 1.5 -1 0.56221 0.64088 -0.148816 1.50583e+10
2.5 -1.5 -1 0.501082 0.558963 0.0121726 6.11946e+09
2 -1 -1 0.509103 0.593791 0.0110455 9.52094e+09
2.5 -0.5 -1 0.533491 0.58089 -0.0343162 6.77876e+09
2 0 -1 0.538111 0.613081 -0.0461482 1.03334e+10
2.5 0.5 -1 0.556526 0.596952 -0.0965499 7.13413e+09
2 1 -1 0.55894 0.62254 -0.119104 1.05363e+10
2.5 1.5 -1 0.571674 0.60271 -0.173324 7.07069e+09
-2.25 -1.25 -0.75 -0.0537406 0.847314 0.19918 6.76875e+10
-2.25 -0.25 -0.75 0.0426624 0.85391 0.120674 6.29274e+10
-2.25 0.75 -0.75 0.141863 0.831011 0.0216349 5.08602e+10
-1.25 -1.25 -0.75 -0.0480209 0.830753 0.127775 3.72587e+10
-1.75 -0.75 -0.75 -0.00403274 0.845452 0.128656 5.03466e+10
-1.25 -0.25 -0.75 0.0446165 0.83016 0.0592134 3.53629e+10
-1.75 0.25 -0.75 0.0917657 0.835438 0.0431869 4.41917e+10
-1.25 0.75 -0.75 0.137552 0.804991 -0.0334465 2.98016e+10
-1.75 1.25 -0.75 0.188272 0.793978 -0.0622978 3.42672e+10
-0.25 -1.25 -0.75 -0.0413303 0.801836 0.0643776 1.87184e+10
-0.75 -0.75 -0.75 4.69892e-05 0.817479 0.0664795 2.6348e+10
-0.25 -0.25 -0.75 0.0452708 0.794344 0.00480013 1.79832e+10
-0.75 0.25 -0.75 0.0901455 0.804041 -0.0100606 2.39369e+10
-0.25 0.75 -0.75 0.131079 0.769984 -0.0793302 1.58521e+10
-0.75 1.25 -0.75 0.178043 0.765826 -0.109042 1.96318e+10
0.75 -1.25 -0.75 -0.0354983 0.766325 0.00690869 8.99767e+09
0.25 -0.75 -0.75 0.00313874 0.780602 0.0102555 1.29046e+10
0.75 -0.25 -0.75 0.0443024 0.752865 -0.0453898 8.70343e+09
0.25 0.25 -0.75 0.0865537 0.764011 -0.0577276 1.20116e+10
0.75 0.75 -0.75 0.123374 0.72912 -0.120893 7.9203e+09
0.25 1.25 -0.75 0.166817 0.730902 -0.14815 1.0366e+10
1.75 -1.25 -0.75 -0.0307973 0.729018 -0.0468326 4.23315e+09
1.25 -0.75 -0.75 0.00492552 0.74046 -0.0420725 6.12708e+09
1.75 -0.25 -0.75 0.0423739 0.710952 -0.0933094 4.11121e+09
1.25 0.25 -0.75 0.081759 0.721065 -0.102575 5.79071e+09
1.75 0.75 -0.75 0.115416 0.687322 -0.160872 3.81782e+09
1.25 1.25 -0.75 0.155661 0.691997 -0.184119 5.17972e+09
2.25 -0.75 -0.75 0.00599202 0.701341 -0.092452 2.86143e+09
2.25 0.25 -0.75 0.0767986 0.679762 -0.146531 2.7299e+09
2.25 1.25 -0.75 0.145357 0.653183 -0.219711 2.49864e+09
-2.5 -1 -0.5 0.141667 0.815931 0.218471 2.90613e+11
-2.5 0 -0.5 0.236033 0.811017 0.130945 2.75397e+11
-2.5 1 -0.5 0.336594 0.773256 0.0276428 2.23645e+11
-2 -1.5 -0.5 0.0934903 0.796813 0.226029 2.10162e+11
-1.5 -1 -0.5 0.137167 0.788296 0.166931 1.58143e+11
-2 -0.5 -0.5 0.184566 0.805042 0.15359 2.17044e+11
-1.5 0 -0.5 0.227257 0.783079 0.0901182 1.52558e+11
-2 0.5 -0.5 0.278369 0.785324 0.0622171 1.92449e+11
-1.5 1 -0.5 0.317298 0.750356 -0.00497801 1.28309e+11
-2 1.5 -0.5 0.3743 0.731619 -0.0434699 1.47813e+11
-1 -1.5 -0.5 0.0925606 0.765445 0.170627 1.09288e+11
-0.5 -1 -0.5 0.135923 0.748859 0.118839 7.87869e+10
-1 -0.5 -0.5 0.180238 0.769387 0.109176 1.12478e+11
-0.5 0 -0.5 0.220226 0.742663 0.05209 7.68245e+10
-1 0.5 -0.5 0.266713 0.752753 0.0277081 1.02767e+11
-0.5 1 -0.5 0.301155 0.717013 -0.0340331 6.73561e+10
-1 1.5 -0.5 0.350616 0.7095 -0.0707783 8.30927e+10
0 -1.5 -0.5 0.0941396 0.726165 0.119749 5.35338e+10
0.5 -1 -0.5 0.134816 0.704288 0.0738549 3.76197e+10
0 -0.5 -0.5 0.176366 0.7249 0.067358 5.4613e+10
0.5 0 -0.5 0.212706 0.696242 0.0154267 3.68505e+10
0 0.5 -0.5 0.255684 0.710902 -0.00492866 5.10781e+10
0.5 1 -0.5 0.286168 0.676612 -0.0621987 3.33751e+10
0 1.5 -0.5 0.330069 0.678577 -0.095313 4.34079e+10
1 -1.5 -0.5 0.0961887 0.684121 0.0723998 2.54342e+10
1.5 -1 -0.5 0.13335 0.659695 0.0306341 1.76006e+10
1 -0.5 -0.5 0.171775 0.678008 0.02708 2.57304e+10
1.5 0 -0.5 0.204735 0.649583 -0.0210571 1.72674e+10
1 0.5 -0.5 0.244575 0.665257 -0.037365 2.44183e+10
1.5 1 -0.5 0.272192 0.633761 -0.0910718 1.59773e+10
1 1.5 -0.5 0.311932 0.641741 -0.119725 2.15607e+10
2 -1.5 -0.5 0.0980431 0.643146 0.0269703 1.18744e+10
2.5 -1 -0.5 0.13182 0.618293 -0.0121097 8.12111e+09
2 -0.5 -0.5 0.166967 0.633253 -0.0128876 1.19379e+10
2.5 0 -0.5 0.197278 0.606409 -0.0582921 7.97166e+09
2 0.5 -0.5 0.233913 0.620727 -0.0706526 1.14271e+10
2.5 1 -0.5 0.25977 0.592514 -0.121516 7.47604e+09
2 1.5 -0.5 0.296036 0.6029 -0.145486 1.03538e+10
-2.25 -0.75 -0.25 0.25902 0.8281 0.139491 7.06518e+10
-2.25 0.25 -0.25 0.356087 0.807552 0.0456102 6.3524e+10
-2.25 1.25 -0.25 0.451513 0.751881 -0.0665343 4.95802e+10
-1.75 -1.25 -0.25 0.217782 0.813774 0.146515 5.2028e+10
-1.25 -0.75 -0.25 0.271932 0.79841 0.0843653 3.80855e+10
-1.75 -0.25 -0.25 0.312139 0.810091 0.0699806 5.13476e+10
-1.25 0.25 -0.25 0.360055 0.783892 0.000730601 3.56717e+10
-1.75 0.75 -0.25 0.402696 0.777099 -0.0299811 4.39909e+10
-1.25 1.25 -0.25 0.441074 0.740642 -0.10435 2.95063e+10
-0.75 -1.25 -0.25 0.232495 0.777863 0.0875341 2.66471e+10
-0.25 -0.75 -0.25 0.283552 0.757215 0.0325653 1.89034e+10
-0.75 -0.25 -0.25 0.32139 0.775458 0.0220387 2.67082e+10
-0.25 0.25 -0.25 0.364046 0.747619 -0.0408621 1.82045e+10
-0.75 0.75 -0.25 0.400509 0.752319 -0.0682935 2.40674e+10
-0.25 1.25 -0.25 0.432774 0.717692 -0.136678 1.59385e+10
0.25 -1.25 -0.25 0.245168 0.734732 0.0328254 1.29458e+10
0.75 -0.75 -0.25 0.29197 0.71161 -0.0165763 9.0287e+09
0.25 -0.25 -0.25 0.328441 0.732128 -0.023649 1.30369e+10
0.75 0.25 -0.25 0.36626 0.704767 -0.0811604 8.824e+09
0.25 0.75 -0.25 0.399069 0.717095 -0.104155 1.2181e+10
0.75 1.25 -0.25 0.426719 0.685505 -0.167312 8.04978e+09
1.25 -1.25 -0.25 0.255001 0.690242 -0.0187517 6.13481e+09
1.75 -0.75 -0.25 0.297341 0.666913 -0.0642416 4.23532e+09
1.25 -0.25 -0.25 0.332352 0.68657 -0.0680237 6.17665e+09
1.75 0.25 -0.25 0.366225 0.661162 -0.121264 4.16783e+09
1.25 0.75 -0.25 0.397076 0.676692 -0.13957 5.89541e+09
1.75 1.25 -0.25 0.421498 0.648831 -0.19832 3.8999e+09
2.25 -1.25 -0.25 0.262318 0.648394 -0.0688494 2.86611e+09
2.25 -0.25 -0.25 0.33381 0.64347 -0.112255 2.8809e+09
2.25 0.75 -0.25 0.394032 0.636292 -0.175801 2.7818e+09
-2.5 -1.5 0 -0.114066 0.86523 0.252613 2.4208e+11
-2.5 -0.5 0 -0.0269947 0.877923 0.181908 2.26682e+11
-2.5 0.5 0 0.0575393 0.867204 0.0951841 1.8054e+11
-2.5 1.5 0 0.138355 0.82505 -0.00327991 1.22718e+11
-1.5 -1.5 0 -0.146216 0.857648 0.184397 1.33369e+11
-2 -1 0 -0.0895025 0.869251 0.187655 1.78901e+11
-1.5 -0.5 0 -0.0711364 0.859835 0.125664 1.22429e+11
-2 0 0 -0.00920438 0.866395 0.11446 1.534e+11
-1.5 0.5 0 0.00210909 0.841406 0.0497773 9.77416e+10
-2 1 0 0.0682511 0.838207 0.0258315 1.13393e+11
-1.5 1.5 0 0.0731613 0.79624 -0.0406404 6.8609e+10
-0.5 -1.5 0 -0.176284 0.838703 0.122401 6.71349e+10
-1 -1 0 -0.127293 0.849831 0.128154 9.25568e+10
-0.5 -0.5 0 -0.114845 0.830445 0.0740404 6.09201e+10
-1 0 0 -0.0592428 0.837966 0.0661417 7.9234e+10
-0.5 0.5 0 -0.0523729 0.805209 0.0082964 4.95375e+10
-1 1 0 0.00818242 0.804578 -0.0126866 6.0104e+10
-0.5 1.5 0 0.0113579 0.758308 -0.0735816 3.63292e+10
0.5 -1.5 0 -0.204335 0.812118 0.0662769 3.21638e+10
0 -1 0 -0.163396 0.821276 0.0737532 4.49454e+10
0.5 -0.5 0 -0.155441 0.794575 0.0258289 2.90761e+10
0 0 0 -0.10735 0.801003 0.0211142 3.87466e+10
0.5 0.5 0 -0.102493 0.763492 -0.0314322 2.41665e+10
0 1 0 -0.0481907 0.763727 -0.0486107 3.04106e+10
0.5 1.5 0 -0.0439782 0.716397 -0.105104 1.85283e+10
1.5 -1.5 0 -0.229359 0.781479 0.0144455 1.50168e+10
1 -1 0 -0.196025 0.787759 0.0232569 2.11467e+10
1.5 -0.5 0 -0.190472 0.756522 -0.0203563 1.35952e+10
1 0 0 -0.150159 0.760423 -0.0222247 1.84201e+10
1.5 0.5 0 -0.145081 0.721016 -0.0709679 1.15315e+10
1 1 0 -0.0976912 0.720427 -0.0841461 1.49273e+10
1.5 1.5 0 -0.0908534 0.674446 -0.137286 9.18181e+09
2.5 -1.5 0 -0.250297 0.749798 -0.0348864 6.89666e+09
2 -1 0 -0.223593 0.752847 -0.0248961 9.7842e+09
2.5 -0.5 0 -0.21845 0.71951 -0.065817 6.26978e+09
2 0 0 -0.185318 0.720318 -0.0651285 8.6175e+09
2.5 0.5 0 -0.178514 0.681062 -0.111321 5.41016e+09
2 1 0 -0.138134 0.678615 -0.120665 7.17022e+09
2.5 1.5 0 -0.127963 0.635103 -0.171345 4.43675e+09
-2.25 -1.25 0.25 0.40017 0.754447 0.20665 2.99933e+10
-2.25 -0.25 0.25 0.493667 0.743054 0.116063 2.98015e+10
-2.25 0.75 0.25 0.583465 0.695739 0.00368942 2.52925e+10
-1.25 -1.25 0.25 0.412941 0.72681 0.161866 1.64731e+10
-1.75 -0.75 0.25 0.451587 0.742537 0.146363 2.30519e+10
-1.25 -0.25 0.25 0.497456 0.724333 0.0848701 1.67616e+10
-1.75 0.25 0.25 0.537429 0.720798 0.0499967 2.15626e+10
-1.25 0.75 0.25 0.572812 0.694782 -0.0166187 1.49438e+10
-1.75 1.25 0.25 0.616236 0.664397 -0.0658395 1.74932e+10
-0.25 -1.25 0.25 0.424895 0.691211 0.114313 8.345e+09
-0.75 -0.75 0.25 0.461168 0.712012 0.106207 1.2103e+10
-0.25 -0.25 0.25 0.502217 0.693577 0.0493539 8.54903e+09
-0.75 0.25 0.25 0.535643 0.702473 0.0225236 1.17036e+10
-0.25 0.75 0.25 0.565398 0.678985 -0.0401259 7.94502e+09
-0.75 1.25 0.25 0.599303 0.667087 -0.0828113 1.00559e+10
0.75 -1.25 0.25 0.434261 0.653652 0.0667144 4.05785e+09
0.25 -0.75 0.25 0.468938 0.675322 0.0637066 5.9662e+09
0.75 -0.25 0.25 0.505236 0.658066 0.0114789 4.14933e+09
0.25 0.25 0.25 0.535199 0.673618 -0.00849576 5.87317e+09
0.75 0.75 0.25 0.56042 0.653447 -0.0669017 3.95725e+09
0.25 1.25 0.25 0.587228 0.655146 -0.102469 5.29055e+09
1.75 -1.25 0.25 0.440768 0.618399 0.0195917 1.93159e+09
1.25 -0.75 0.25 0.4737 0.638348 0.020425 2.85325e+09
1.75 -0.25 0.25 0.505789 0.623308 -0.02788 1.96626e+09
1.25 0.25 0.25 0.533937 0.640834 -0.0420984 2.82936e+09
1.75 0.75 0.25 0.555859 0.624262 -0.0965535 1.9014e+09
1.25 1.25 0.25 0.578856 0.633642 -0.125339 2.6295e+09
2.25 -0.75 0.25 0.475799 0.605002 -0.0233801 1.34267e+09
2.25 0.25 0.25 0.531193 0.609263 -0.0777991 1.33437e+09
2.25 1.25 0.25 0.572019 0.608473 -0.151381 1.26315e+09
-2.5 -1 0.5 0.0441594 0.863603 0.21547 1.22845e+11
-2.5 0 0.5 0.141546 0.853081 0.129136 1.05856e+11
-2.5 1 0.5 0.233336 0.810653 0.0288775 7.75475e+10
-2 -1.5 0.5 -0.0223556 0.857815 0.224436 9.49477e+10
-1.5 -1 0.5 0.00596909 0.853796 0.165506 6.83598e+10
-2 -0.5 0.5 0.0723218 0.856887 0.152527 8.75894e+10
-1.5 0 0.5 0.0941446 0.837848 0.0914731 5.82285e+10
-2 0.5 0.5 0.163378 0.829788 0.0643708 6.93907e+10
-1.5 1 0.5 0.179299 0.79514 0.0016548 4.33378e+10
-2 1.5 0.5 0.248799 0.769546 -0.0365602 4.76251e+10
-1 -1.5 0.5 -0.0547292 0.84664 0.168153 5.07632e+10
-0.5 -1 0.5 -0.0320417 0.833544 0.115901 3.47591e+10
-1 -0.5 0.5 0.0281727 0.838111 0.108644 4.61079e+10
-0.5 0 0.5 0.0449256 0.812361 0.0534933 2.97364e+10
-1 0.5 0.5 0.110415 0.808195 0.0322808 3.69563e+10
-0.5 1 0.5 0.122499 0.770075 -0.0253103 2.2844e+10
-1 1.5 0.5 0.190503 0.751566 -0.058966 2.63746e+10
0 -1.5 0.5 -0.0847777 0.826642 0.114282 2.52354e+10
0.5 -1 0.5 -0.0671562 0.806512 0.0680634 1.6804e+10
0 -0.5 0.5 -0.0148087 0.8109 0.065135 2.2783e+10
0.5 0 0.5 -0.00147004 0.780597 0.0151746 1.45266e+10
0 0.5 0.5 0.0577199 0.778551 -0.000461865 1.86679e+10
0.5 1 0.5 0.0686675 0.739117 -0.0537358 1.15557e+10
0 1.5 0.5 0.132585 0.726218 -0.0817069 1.3948e+10
1 -1.5 0.5 -0.111587 0.800965 0.0635497 1.20453e+10
1.5 -1 0.5 -0.097617 0.776158 0.0219064 7.90916e+09
1 -0.5 0.5 -0.0534425 0.779147 0.0222574 1.08776e+10
1.5 0 0.5 -0.041592 0.746551 -0.023762 6.91978e+09
1 0.5 0.5 0.0100547 0.744845 -0.0345665 9.11765e+09
1.5 1 0.5 0.0218407 0.705968 -0.0844668 5.67552e+09
1 1.5 0.5 0.0798927 0.696675 -0.106678 7.10982e+09
2 -1.5 0.5 -0.13433 0.77273 0.0153069 5.62024e+09
2.5 -1 0.5 -0.122264 0.745497 -0.0232588 3.66079e+09
2 -0.5 0.5 -0.0856127 0.746362 -0.0203566 5.09475e+09
2.5 0 0.5 -0.0735652 0.713396 -0.0636186 3.23974e+09
2 0.5 0.5 -0.02956 0.710787 -0.070381 4.356e+09
2.5 1 0.5 -0.0157343 0.673659 -0.117741 2.72287e+09
2 1.5 0.5 0.0354277 0.666012 -0.134672 3.51718e+09
-2.25 -0.75 0.75 0.538974 0.697349 0.19643 1.8253e+10
-2.25 0.25 0.75 0.633866 0.658633 0.0773462 1.66933e+10
-2.25 1.25 0.75 0.717245 0.576201 -0.0590298 1.30781e+10
-1.75 -1.25 0.75 0.488612 0.696281 0.236404 1.38214e+10
-1.25 -0.75 0.75 0.533693 0.688074 0.178977 1.0578e+10
-1.75 -0.25 0.75 0.581343 0.684057 0.136945 1.39009e+10
-1.25 0.25 0.75 0.61567 0.667599 0.0741192 1.0037e+10
-1.75 0.75 0.75 0.664818 0.637281 0.0139912 1.20395e+10
-1.25 1.25 0.75 0.686816 0.614562 -0.0504805 8.31842e+09
-0.75 -1.25 0.75 0.488977 0.67931 0.203418 7.53797e+09
-0.25 -0.75 0.75 0.530718 0.670367 0.147633 5.53677e+09
-0.75 -0.25 0.75 0.571669 0.675831 0.118807 7.69149e+09
-0.25 0.25 0.75 0.601694 0.661376 0.0572981 5.3794e+09
-0.75 0.75 0.75 0.641729 0.649301 0.0100808 6.96053e+09
-0.25 1.25 0.75 0.660052 0.63038 -0.0535656 4.69058e+09
0.25 -1.25 0.75 0.490554 0.658588 0.161836 3.83472e+09
0.75 -0.75 0.75 0.528182 0.649345 0.109629 2.7418e+09
0.25 -0.25 0.75 0.564619 0.658978 0.0902717 3.91543e+09
0.75 0.25 0.75 0.590761 0.646727 0.0321752 2.69331e+09
0.25 0.75 0.75 0.624001 0.646094 -0.00436117 3.65861e+09
0.75 1.25 0.75 0.63958 0.630728 -0.0653055 2.44001e+09
1.25 -1.25 0.75 0.491686 0.637374 0.116934 1.87677e+09
1.75 -0.75 0.75 0.52482 0.628955 0.0685478 1.3188e+09
1.25 -0.25 0.75 0.558018 0.639329 0.0561289 1.90735e+09
1.75 0.25 0.75 0.580828 0.62953 0.00193703 1.30051e+09
1.25 0.75 0.75 0.61001 0.634474 -0.0259255 1.81635e+09
1.75 1.25 0.75 0.623532 0.62247 -0.0834752 1.20756e+09
2.25 -1.25 0.75 0.4914 0.618589 0.070999 8.98261e+08
2.25 -0.25 0.75 0.550881 0.621021 0.0188756 9.07982e+08
2.25 0.75 0.75 0.59769 0.620307 -0.0523989 8.73583e+08
-2.5 -1.5 1 0.102599 0.850732 0.252795 6.50389e+10
-2.5 -0.5 1 0.213868 0.840583 0.164138 6.02429e+10
-2.5 0.5 1 0.318619 0.796171 0.060002 4.73453e+10
-2.5 1.5 1 0.411873 0.709835 -0.0544713 3.18539e+10
-1.5 -1.5 1 0.0687524 0.848802 0.212935 3.81473e+10
-2 -1 1 0.140069 0.848233 0.195133 4.92536e+10
-1.5 -0.5 1 0.17107 0.834536 0.137784 3.4546e+10
-2 0 1 0.245508 0.821421 0.104789 4.1676e+10
-1.5 0.5 1 0.270478 0.79253 0.0459878 2.72164e+10
-2 1 1 0.344528 0.760011 -0.000661296 3.0384e+10
-1.5 1.5 1 0.363956 0.716148 -0.0595009 1.88369e+10
-0.5 -1.5 1 0.035447 0.83886 0.167144 2.02431e+10
-1 -1 1 0.0999909 0.839285 0.158236 2.70789e+10
-0.5 -0.5 1 0.125344 0.820198 0.104726 1.81954e+10
-1 0 1 0.195982 0.811174 0.0813068 2.2894e+10
-0.5 0.5 1 0.215917 0.780047 0.0260868 1.46243e+10
-1 1 1 0.290008 0.755885 -0.0114483 1.71402e+10
-0.5 1.5 1 0.30569 0.714131 -0.0671764 1.05895e+10
0.5 -1.5 1 0.00546018 0.822381 0.120258 1.0074e+10
0 -1 1 0.0613754 0.823092 0.11719 1.379e+10
0.5 -0.5 1 0.0824327 0.799754 0.0682698 9.05639e+09
0 0 1 0.145849 0.793392 0.0524036 1.17849e+10
0.5 0.5 1 0.16306 0.76105 0.00108467 7.46638e+09
0 1 1 0.232407 0.743516 -0.0278137 9.14888e+09
0.5 1.5 1 0.247395 0.704132 -0.0805316 5.66612e+09
1.5 -1.5 1 -0.0203055 0.801651 0.0742169 4.82855e+09
1 -1 1 0.0269863 0.801905 0.075051 6.70674e+09
1.5 -0.5 1 0.0451598 0.775993 0.030177 4.35885e+09
1 0 1 0.100205 0.770875 0.020028 5.81195e+09
1.5 0.5 1 0.116574 0.738577 -0.027858 3.67948e+09
1 1 1 0.178868 0.725489 -0.0494821 4.67436e+09
1.5 1.5 1 0.194927 0.688803 -0.0994691 2.90921e+09
2.5 -1.5 1 -0.0413627 0.779262 0.0293266 2.2617e+09
2 -1 1 -0.0018478 0.778375 0.0328556 3.17606e+09
2.5 -0.5 1 0.0149995 0.751603 -0.00890288 2.0537e+09
2 0 1 0.0618523 0.746578 -0.0147244 2.78996e+09
2.5 0.5 1 0.0787962 0.715414 -0.0598504 1.768e+09
2 1 1 0.133232 0.704783 -0.0755851 2.31112e+09
2.5 1.5 1 0.15137 0.67095 -0.123192 1.44414e+09
-2.25 -1.25 1.25 0.547309 0.661365 0.283621 1.06963e+10
-2.25 -0.25 1.25 0.654694 0.63139 0.158428 1.05917e+10
-2.25 0.75 1.25 0.747734 0.556194 0.00944239 8.92963e+09
-1.25 -1.25 1.25 0.531159 0.66239 0.280119 6.53883e+09
-1.75 -0.75 1.25 0.591137 0.655881 0.231399 8.67585e+09
-1.25 -0.25 1.25 0.627438 0.647809 0.173151 6.62211e+09
-1.75 0.25 1.25 0.686766 0.617481 0.101998 8.0763e+09
-1.25 0.75 1.25 0.710078 0.603226 0.041836 5.84605e+09
-1.75 1.25 1.25 0.766726 0.537336 -0.0461727 6.48436e+09
-0.25 -1.25 1.25 0.52055 0.660395 0.25267 3.59213e+09
-0.75 -0.75 1.25 0.572364 0.658946 0.222777 5.01507e+09
-0.25 -0.25 1.25 0.605983 0.652554 0.162684 3.66121e+09
-0.75 0.25 1.25 0.655953 0.637843 0.111649 4.80347e+09
-0.25 0.75 1.25 0.677025 0.626697 0.0492815 3.34835e+09
-0.75 1.25 1.25 0.725968 0.588519 -0.0192162 4.05927e+09
0.75 -1.25 1.25 0.513973 0.655827 0.213773 1.84619e+09
0.25 -0.75 1.25 0.558979 0.656468 0.196012 2.64436e+09
0.75 -0.25 1.25 0.589412 0.650708 0.138137 1.87554e+09
0.25 0.25 1.25 0.631918 0.644529 0.101624 2.57207e+09
0.75 0.75 1.25 0.650831 0.635845 0.0409314 1.75652e+09
0.25 1.25 1.25 0.691479 0.615098 -0.0122889 2.26722e+09
1.75 -1.25 1.25 0.508691 0.650508 0.170008 9.12183e+08
1.25 -0.75 1.25 0.548388 0.651487 0.160246 1.32193e+09
1.75 -0.25 1.25 0.575108 0.646646 0.106046 9.21076e+08
1.25 0.25 1.25 0.612447 0.6443 0.0801108 1.29383e+09
1.75 0.75 1.25 0.62915 0.637825 0.0227028 8.74724e+08
1.25 1.25 1.25 0.663827 0.626949 -0.0185479 1.17565e+09
2.25 -0.75 1.25 0.538449 0.646783 0.120261 6.41402e+08
2.25 0.25 1.25 0.595147 0.642025 0.0518694 6.28914e+08
2.25 1.25 1.25 0.64068 0.631407 -0.0335972 5.82804e+08
-2.5 -1 1.5 0.269355 0.82971 0.199346 3.38779e+10
-2.5 0 1.5 0.389172 0.783339 0.0907299 2.85482e+10
-2.5 1 1.5 0.49573 0.691865 -0.0314404 2.04572e+10
-2 -1.5 1.5 0.190427 0.839407 0.238926 2.75853e+10
-1.5 -1 1.5 0.229635 0.829688 0.185702 2.05744e+10
-2 -0.5 1.5 0.310203 0.812665 0.145532 2.48875e+10
-1.5 0 1.5 0.342401 0.787687 0.0911871 1.71646e+10
-2 0.5 1.5 0.423261 0.749351 0.035377 1.92739e+10
-1.5 1 1.5 0.449513 0.710217 -0.0191529 1.25193e+10
-2 1.5 1.5 0.523885 0.641657 -0.0870897 1.29798e+10
-1 -1.5 1.5 0.153365 0.838478 0.210843 1.61243e+10
-0.5 -1 1.5 0.185927 0.825185 0.158881 1.13961e+10
-1 -0.5 1.5 0.261602 0.811365 0.132158 1.43846e+10
-0.5 0 1.5 0.287656 0.786028 0.0790072 9.59831e+09
-1 0.5 1.5 0.36808 0.756401 0.0370453 1.13188e+10
-0.5 1 1.5 0.388773 0.720717 -0.0159002 7.25101e+09
-1 1.5 1.5 0.469799 0.667895 -0.0718898 7.93127e+09
0 -1.5 1.5 0.117969 0.832622 0.173277 8.6114e+09
0.5 -1 1.5 0.145653 0.815611 0.124625 5.87471e+09
0 -0.5 1.5 0.21276 0.804488 0.107592 7.68841e+09
0.5 0 1.5 0.23512 0.778245 0.0572998 5.02758e+09
0 0.5 1.5 0.309146 0.755565 0.0269229 6.21166e+09
0.5 1 1.5 0.327692 0.722137 -0.023795 3.94795e+09
0 1.5 1.5 0.406257 0.682931 -0.0671452 4.57035e+09
1 -1.5 1.5 0.0870846 0.821927 0.13203 4.32672e+09
1.5 -1 1.5 0.110912 0.80215 0.0871854 2.89206e+09
1 -0.5 1.5 0.168803 0.792861 0.0768196 3.88358e+09
1.5 0 1.5 0.189009 0.766281 0.0298042 2.51578e+09
1 0.5 1.5 0.254598 0.74849 0.00809796 3.22484e+09
1.5 1 1.5 0.27283 0.717145 -0.0400593 2.04546e+09
1 1.5 1.5 0.344929 0.687766 -0.073103 2.48492e+09
2 -1.5 1.5 0.0612379 0.807914 0.089949 2.0936e+09
2.5 -1 1.5 0.0824024 0.786752 0.0484573 1.38339e+09
2 -0.5 1.5 0.131667 0.778396 0.0427941 1.89246e+09
2.5 0 1.5 0.151028 0.752341 -0.00128248 1.22102e+09
2 0.5 1.5 0.207935 0.737675 -0.0165262 1.6093e+09
2.5 1 1.5 0.226943 0.708497 -0.0622448 1.02115e+09
2 1.5 1.5 0.291092 0.685716 -0.0872337 1.28903e+09
