449
-2.5 -1 -1.5 -0.850926 -0.0586488 0.0173285 3.49265e+09
-2.5 0 -1.5 -0.770966 -0.337177 0.0529993 5.88972e+09
-2.5 1 -1.5 -0.630805 -0.561062 0.112669 9.24978e+09
-2 -1.5 -1.5 -0.826253 0.202602 0.0731055 2.50906e+09
-1.5 -1 -1.5 -0.783228 0.18015 0.138469 2.85968e+09
-2 -0.5 -1.5 -0.820049 -0.0952687 0.0854677 4.20441e+09
-1.5 0 -1.5 -0.762655 -0.115904 0.15837 4.46404e+09
-2 0.5 -1.5 -0.724105 -0.371088 0.124912 6.7052e+09
-1.5 1 -1.5 -0.6531 -0.384264 0.193341 6.62677e+09
-2 1.5 -1.5 -0.570333 -0.584062 0.180268 9.93147e+09
-1 -1.5 -1.5 -0.629222 0.434568 0.199284 1.9154e+09
-0.5 -1 -1.5 -0.478609 0.408938 0.25352 1.82543e+09
-1 -0.5 -1.5 -0.691086 0.171721 0.207594 2.84562e+09
-0.5 0 -1.5 -0.516393 0.14774 0.251795 2.52951e+09
-1 0.5 -1.5 -0.655471 -0.118684 0.22198 4.10704e+09
-0.5 1 -1.5 -0.478539 -0.1443 0.233279 3.50734e+09
-1 1.5 -1.5 -0.543752 -0.381581 0.233691 5.76189e+09
0 -1.5 -1.5 -0.178223 0.504534 0.270966 1.2288e+09
0.5 -1 -1.5 0.0191863 0.278407 0.236931 1.17301e+09
0 -0.5 -1.5 -0.248704 0.297563 0.25942 1.65128e+09
0.5 0 -1.5 -0.0710596 0.0411631 0.181868 1.62884e+09
0 0.5 -1.5 -0.288196 0.0201307 0.215818 2.27754e+09
0.5 1 -1.5 -0.154173 -0.220066 0.111793 2.33966e+09
0 1.5 -1.5 -0.289428 -0.265194 0.158135 3.21786e+09
1 -1.5 -1.5 0.188501 0.161161 0.197302 8.86228e+08
1.5 -1 -1.5 0.109131 -0.0964508 0.133327 9.71517e+08
1 -0.5 -1.5 0.0651908 -0.0258937 0.151506 1.24291e+09
1.5 0 -1.5 -0.0405268 -0.251266 0.082902 1.39255e+09
1 0.5 -1.5 -0.0692894 -0.236201 0.0844115 1.80178e+09
1.5 1 -1.5 -0.169633 -0.407934 0.0361412 1.99424e+09
1 1.5 -1.5 -0.175814 -0.430951 0.034201 2.6173e+09
2 -1.5 -1.5 0.108925 -0.124495 0.131555 7.59215e+08
2.5 -1 -1.5 -0.0425934 -0.193037 0.127721 7.93886e+08
2 -0.5 -1.5 -0.0423179 -0.237978 0.0995802 1.0603e+09
2.5 0 -1.5 -0.16525 -0.293877 0.100166 1.04343e+09
2 0.5 -1.5 -0.173572 -0.361946 0.0603627 1.46411e+09
2.5 1 -1.5 -0.258336 -0.400115 0.0753621 1.32405e+09
2 1.5 -1.5 -0.26577 -0.479852 0.0364927 1.95846e+09
-2.25 -0.75 -1.25 -0.397185 0.0231382 0.194231 8.95178e+08
-2.25 0.25 -1.25 -0.314816 -0.239697 0.266827 1.49001e+09
-2.25 1.25 -1.25 -0.170939 -0.46957 0.330448 2.36635e+09
-1.75 -1.25 -1.25 -0.302411 0.198033 0.195205 6.85139e+08
-1.25 -0.75 -1.25 -0.144808 0.105919 0.258031 8.38918e+08
-1.75 -0.25 -1.25 -0.275183 -0.044352 0.277437 1.12794e+09
-1.25 0.25 -1.25 -0.0828784 -0.123063 0.346027 1.29743e+09
-1.75 0.75 -1.25 -0.17497 -0.292698 0.352361 1.78085e+09
-1.25 1.25 -1.25 0.0363372 -0.341368 0.412165 1.90317e+09
-0.75 -1.25 -1.25 0.0478021 0.159406 0.201034 6.23445e+08
-0.25 -0.75 -1.25 0.291659 -0.0838752 0.177388 7.10269e+08
-0.75 -0.25 -1.25 0.0980817 -0.0343024 0.287806 9.45851e+08
-0.25 0.25 -1.25 0.364036 -0.287367 0.230687 1.05979e+09
-0.75 0.75 -1.25 0.193005 -0.248251 0.356688 1.38243e+09
-0.25 1.25 -1.25 0.421044 -0.477279 0.26234 1.55208e+09
0.25 -1.25 -1.25 0.389674 -0.249746 0.0501557 5.57479e+08
0.75 -0.75 -1.25 0.357374 -0.614075 -0.0394962 7.24096e+08
0.25 -0.25 -1.25 0.429871 -0.444794 0.0774173 8.65805e+08
0.75 0.25 -1.25 0.336553 -0.742195 -0.00939555 1.1619e+09
0.25 0.75 -1.25 0.437133 -0.608481 0.108713 1.3327e+09
0.75 1.25 -1.25 0.308853 -0.822443 0.0406201 1.76976e+09
1.25 -1.25 -1.25 0.192896 -0.739957 -0.10773 6.0813e+08
1.75 -0.75 -1.25 0.00553151 -0.8564 -0.098396 7.77335e+08
1.25 -0.25 -1.25 0.179302 -0.824854 -0.073277 9.72572e+08
1.75 0.25 -1.25 0.0215688 -0.897122 -0.0447965 1.15142e+09
1.25 0.75 -1.25 0.164281 -0.879681 -0.0194787 1.48663e+09
1.75 1.25 -1.25 0.0389057 -0.919512 0.0235195 1.57713e+09
2.25 -1.25 -1.25 -0.148875 -0.844758 -0.0956524 5.88202e+08
2.25 -0.25 -1.25 -0.109419 -0.884809 -0.0470901 8.38738e+08
2.25 0.75 -1.25 -0.0647704 -0.907348 0.019674 1.09226e+09
-2.5 -1.5 -1 -0.84614 0.0695918 -0.105694 5.05851e+09
-2.5 -0.5 -1 -0.812608 -0.214115 -0.104438 9.22216e+09
-2.5 0.5 -1 -0.714211 -0.461261 -0.0573564 1.59226e+10
-2.5 1.5 -1 -0.579949 -0.644405 0.0192289 2.51449e+10
-1.5 -1.5 -1 -0.783513 0.2579 0.0212989 4.87797e+09
-2 -1 -1 -0.835779 0.0166876 -0.0566454 6.81153e+09
-1.5 -0.5 -1 -0.811122 -0.0349898 -0.0032203 8.44986e+09
-2 0 -1 -0.788104 -0.270178 -0.04508 1.19999e+10
-1.5 0.5 -1 -0.74875 -0.317186 0.0156061 1.40731e+10
-2 1 -1 -0.674841 -0.509368 0.00687788 1.98416e+10
-1.5 1.5 -1 -0.625174 -0.541149 0.0674306 2.18598e+10
-0.5 -1.5 -1 -0.585922 0.420004 0.152261 3.89863e+09
-1 -1 -1 -0.748918 0.212357 0.0669088 5.75242e+09
-0.5 -0.5 -1 -0.671763 0.167547 0.111968 5.96997e+09
-1 0 -1 -0.76141 -0.0773446 0.0513547 9.2883e+09
-0.5 0.5 -1 -0.671532 -0.113336 0.0930675 8.98712e+09
-1 1 -1 -0.688052 -0.345912 0.0694027 1.43677e+10
-0.5 1.5 -1 -0.602381 -0.36631 0.0962538 1.32285e+10
0.5 -1.5 -1 -0.232811 0.403862 0.234524 2.70479e+09
0 -1 -1 -0.476652 0.345334 0.181782 3.92129e+09
0.5 -0.5 -1 -0.350204 0.199529 0.177357 3.84522e+09
0 0 -1 -0.545254 0.0911909 0.133118 5.70146e+09
0.5 0.5 -1 -0.433788 -0.0519128 0.115019 5.61222e+09
0 1 -1 -0.551843 -0.179545 0.0985321 8.36283e+09
0.5 1.5 -1 -0.465005 -0.289448 0.080406 8.20786e+09
1.5 -1.5 -1 -0.0410593 0.176852 0.225285 2.07261e+09
1 -1 -1 -0.1677 0.207306 0.20824 2.76641e+09
1.5 -0.5 -1 -0.194057 0.0342902 0.175999 2.90859e+09
1 0 -1 -0.299278 0.00998394 0.144313 3.96748e+09
1.5 0.5 -1 -0.327919 -0.12846 0.125837 4.05501e+09
1 1 -1 -0.398447 -0.20015 0.093918 5.74234e+09
1.5 1.5 -1 -0.413321 -0.283552 0.101876 5.52078e+09
2.5 -1.5 -1 -0.0423222 0.0816062 0.230142 1.6202e+09
2 -1 -1 -0.115904 0.0548801 0.205378 2.15355e+09
2.5 -0.5 -1 -0.174082 0.00494002 0.216076 2.02213e+09
2 0 -1 -0.253245 -0.0592482 0.169895 2.86763e+09
2.5 0.5 -1 -0.275589 -0.0912188 0.198786 2.44275e+09
2 1 -1 -0.359129 -0.182771 0.144731 3.67616e+09
2.5 1.5 -1 -0.362239 -0.176111 0.189176 2.90705e+09
-2.25 -1.25 -0.75 -0.313018 -0.00478359 -0.0128791 1.15715e+09
-2.25 -0.25 -0.75 -0.267708 -0.239297 0.0297806 2.0795e+09
-2.25 0.75 -0.75 -0.170582 -0.463243 0.0949032 3.6259e+09
-1.25 -1.25 -0.75 -0.13901 -0.033386 0.0694953 1.23205e+09
-1.75 -0.75 -0.75 -0.227773 -0.11054 0.052899 1.60672e+09
-1.25 -0.25 -0.75 -0.11401 -0.240634 0.113616 2.14137e+09
-1.75 0.25 -0.75 -0.170543 -0.338676 0.108062 2.82296e+09
-1.25 0.75 -0.75 -0.0387057 -0.441652 0.17733 3.58666e+09
-1.75 1.25 -0.75 -0.0660306 -0.536699 0.176666 4.74211e+09
-0.25 -1.25 -0.75 0.0758072 -0.238841 0.0740599 1.22674e+09
-0.75 -0.75 -0.75 -0.0192013 -0.2049 0.102291 1.61851e+09
-0.25 -0.25 -0.75 0.125691 -0.416092 0.106781 2.01616e+09
-0.75 0.25 -0.75 0.0397958 -0.390825 0.155942 2.67161e+09
-0.25 0.75 -0.75 0.192125 -0.567909 0.156911 3.20069e+09
-0.75 1.25 -0.75 0.128451 -0.546158 0.217838 4.16761e+09
0.75 -1.25 -0.75 0.0944194 -0.618103 -0.017055 1.27593e+09
0.25 -0.75 -0.75 0.157588 -0.499257 0.0450055 1.55733e+09
0.75 -0.25 -0.75 0.109038 -0.733569 0.00963389 2.0971e+09
0.25 0.25 -0.75 0.18982 -0.656386 0.074565 2.59982e+09
0.75 0.75 -0.75 0.114359 -0.817764 0.0618466 3.39837e+09
0.25 1.25 -0.75 0.215139 -0.752734 0.1288 4.07681e+09
1.75 -1.25 -0.75 -0.163579 -0.784239 -0.0496449 1.32535e+09
1.25 -0.75 -0.75 -0.027609 -0.782902 -0.0330134 1.70472e+09
1.75 -0.25 -0.75 -0.130394 -0.839186 0.00262664 1.98741e+09
1.25 0.25 -0.75 -0.00645146 -0.844794 0.0215161 2.6699e+09
1.75 0.75 -0.75 -0.0897745 -0.868921 0.0795516 2.736e+09
1.25 1.25 -0.75 0.0168896 -0.878654 0.0962251 3.87045e+09
2.25 -0.75 -0.75 -0.239054 -0.807736 0.00161872 1.41929e+09
2.25 0.25 -0.75 -0.170576 -0.838034 0.0799841 1.83499e+09
2.25 1.25 -0.75 -0.108412 -0.851362 0.17008 2.20245e+09
-2.5 -1 -0.5 -0.83175 -0.071095 -0.212431 1.36687e+10
-2.5 0 -0.5 -0.775831 -0.33282 -0.195143 2.53195e+10
-2.5 1 -0.5 -0.676015 -0.545228 -0.128321 4.36139e+10
-2 -1.5 -0.5 -0.826064 0.150599 -0.132464 1.03486e+10
-1.5 -1 -0.5 -0.823566 0.0895844 -0.0942001 1.43539e+10
-2 -0.5 -0.5 -0.825516 -0.134566 -0.163766 1.95027e+10
-1.5 0 -0.5 -0.809906 -0.19982 -0.110461 2.61985e+10
-2 0.5 -0.5 -0.755381 -0.395686 -0.134632 3.52703e+10
-1.5 1 -0.5 -0.725763 -0.452347 -0.0710595 4.53698e+10
-2 1.5 -0.5 -0.642187 -0.597204 -0.0610192 5.87141e+10
-1 -1.5 -0.5 -0.748694 0.30904 0.00824332 1.03846e+10
-0.5 -1 -0.5 -0.73024 0.248073 0.0404383 1.27786e+10
-1 -0.5 -0.5 -0.809503 0.025679 -0.0508233 1.84851e+10
-0.5 0 -0.5 -0.774166 -0.030217 -0.00253941 2.113e+10
-1 0.5 -0.5 -0.781523 -0.25733 -0.0532358 3.18401e+10
-0.5 1 -0.5 -0.736252 -0.293771 0.00334291 3.35497e+10
-1 1.5 -0.5 -0.688521 -0.491088 -0.00767112 5.14302e+10
0 -1.5 -0.5 -0.563216 0.425598 0.146182 8.80861e+09
0.5 -1 -0.5 -0.49106 0.342635 0.169008 9.23727e+09
0 -0.5 -0.5 -0.677322 0.188076 0.0782273 1.38308e+10
0.5 0 -0.5 -0.59452 0.111543 0.108349 1.36897e+10
0 0.5 -0.5 -0.707971 -0.0751922 0.0433995 2.12177e+10
0.5 1 -0.5 -0.633021 -0.131276 0.078724 2.0158e+10
0 1.5 -0.5 -0.675559 -0.316866 0.0481124 3.17265e+10
1 -1.5 -0.5 -0.286117 0.402878 0.239921 6.48306e+09
1.5 -1 -0.5 -0.258617 0.274247 0.235679 6.54282e+09
1 -0.5 -0.5 -0.4233 0.227375 0.180054 9.245e+09
1.5 0 -0.5 -0.393032 0.12618 0.192446 8.88016e+09
1 0.5 -0.5 -0.531258 0.0180471 0.130392 1.31804e+10
1.5 1 -0.5 -0.49642 -0.0313483 0.167075 1.17882e+10
1 1.5 -0.5 -0.582012 -0.179491 0.115898 1.8379e+10
2 -1.5 -0.5 -0.114006 0.284952 0.270776 4.76898e+09
2.5 -1 -0.5 -0.117629 0.226872 0.289942 4.37497e+09
2 -0.5 -0.5 -0.257526 0.193673 0.247177 6.17488e+09
2.5 0 -0.5 -0.227783 0.160873 0.288491 5.10227e+09
2 0.5 -0.5 -0.36375 0.0855377 0.231214 7.62696e+09
2.5 1 -0.5 -0.328324 0.0940523 0.286026 6.00103e+09
2 1.5 -0.5 -0.456965 -0.021118 0.223933 9.31325e+09
-2.25 -0.75 -0.25 -0.279399 -0.259248 -0.168435 2.74678e+09
-2.25 0.25 -0.25 -0.216152 -0.466115 -0.12995 5.09741e+09
-2.25 1.25 -0.25 -0.124199 -0.640176 -0.0503488 9.09311e+09
-1.75 -1.25 -0.25 -0.251906 -0.175592 -0.103772 2.13716e+09
-1.25 -0.75 -0.25 -0.195561 -0.325319 -0.0532759 3.11746e+09
-1.75 -0.25 -0.25 -0.218622 -0.382353 -0.0977213 4.02477e+09
-1.25 0.25 -0.25 -0.150141 -0.515727 -0.0229983 5.7952e+09
-1.75 0.75 -0.25 -0.149512 -0.570469 -0.042655 7.37607e+09
-1.25 1.25 -0.25 -0.0725424 -0.666408 0.0471834 1.02352e+10
-0.75 -1.25 -0.25 -0.162417 -0.304583 -0.00689149 2.41328e+09
-0.25 -0.75 -0.25 -0.126416 -0.488368 0.0118357 3.43945e+09
-0.75 -0.25 -0.25 -0.135842 -0.488764 -0.00261984 4.47791e+09
-0.25 0.25 -0.25 -0.0683465 -0.641146 0.044363 6.10055e+09
-0.75 0.75 -0.25 -0.0712608 -0.639532 0.0512678 7.9602e+09
-0.25 1.25 -0.25 0.00807663 -0.73322 0.114302 9.84721e+09
0.25 -1.25 -0.25 -0.126887 -0.520233 0.0131 2.65835e+09
0.75 -0.75 -0.25 -0.149686 -0.684805 0.00201508 3.66475e+09
0.25 -0.25 -0.25 -0.0850063 -0.648797 0.0291393 4.55329e+09
0.75 0.25 -0.25 -0.109315 -0.777737 0.0505724 6.19176e+09
0.25 0.75 -0.25 -0.0338611 -0.76444 0.0815932 7.96426e+09
0.75 1.25 -0.25 -0.0667106 -0.833437 0.127321 9.62029e+09
1.25 -1.25 -0.25 -0.235867 -0.688809 -0.0181518 2.88883e+09
1.75 -0.75 -0.25 -0.295179 -0.746871 0.0130571 3.4509e+09
1.25 -0.25 -0.25 -0.208756 -0.771348 0.0249723 4.66972e+09
1.75 0.25 -0.25 -0.240632 -0.79064 0.0923931 4.81183e+09
1.25 0.75 -0.25 -0.16103 -0.827553 0.102748 7.16185e+09
1.75 1.25 -0.25 -0.17239 -0.808615 0.194294 6.04422e+09
2.25 -1.25 -0.25 -0.370185 -0.702623 0.0054181 2.48685e+09
2.25 -0.25 -0.25 -0.294387 -0.740873 0.0982015 3.1452e+09
2.25 0.75 -0.25 -0.208775 -0.777456 0.194742 3.98791e+09
-2.5 -1.5 0 -0.840544 0.0861879 -0.256248 1.95944e+10
-2.5 -0.5 0 -0.82438 -0.181152 -0.281713 3.78735e+10
-2.5 0.5 0 -0.758423 -0.419667 -0.240754 6.97706e+10
-2.5 1.5 0 -0.664827 -0.600307 -0.154073 1.16277e+11
-1.5 -1.5 0 -0.811835 0.246968 -0.11515 2.22245e+10
-2 -1 0 -0.846341 0.0280282 -0.219735 2.94204e+10
-1.5 -0.5 0 -0.847401 -0.0386058 -0.177253 4.28144e+10
-2 0 0 -0.819673 -0.246343 -0.228609 5.62987e+10
-1.5 0.5 0 -0.80713 -0.314177 -0.169431 8.01057e+10
-2 1 0 -0.739626 -0.48188 -0.175339 1.0188e+11
-1.5 1.5 0 -0.713287 -0.539678 -0.104839 1.40255e+11
-0.5 -1.5 0 -0.715275 0.38773 0.0339991 2.31359e+10
-1 -1 0 -0.818121 0.182298 -0.0862704 3.1618e+10
-0.5 -0.5 0 -0.815739 0.11262 -0.0496762 4.20189e+10
-1 0 0 -0.840672 -0.10886 -0.127772 5.89768e+10
-0.5 0.5 0 -0.822459 -0.168728 -0.0687201 7.32434e+10
-1 1 0 -0.786474 -0.375942 -0.103502 1.05512e+11
-0.5 1.5 0 -0.760434 -0.414648 -0.0308318 1.20881e+11
0.5 -1.5 0 -0.536242 0.480417 0.168524 2.06908e+10
0 -1 0 -0.709241 0.325717 0.0584163 2.9313e+10
0.5 -0.5 0 -0.658537 0.277455 0.10241 3.1743e+10
0 0 0 -0.79347 0.0560725 8.33497e-06 4.90945e+10
0.5 0.5 0 -0.73229 0.0286247 0.0618737 4.81788e+10
0 1 0 -0.785872 -0.191775 0.00103344 7.62377e+10
0.5 1.5 0 -0.731183 -0.196014 0.0706106 6.85485e+10
1.5 -1.5 0 -0.252955 0.462743 0.269218 1.4968e+10
1 -1 0 -0.467918 0.411572 0.1973 2.1506e+10
1.5 -0.5 0 -0.394428 0.334856 0.231822 2.02753e+10
1 0 0 -0.581452 0.219362 0.150128 3.02277e+10
1.5 0.5 0 -0.496991 0.187394 0.21061 2.61819e+10
1 1 0 -0.658835 0.0133931 0.128074 4.24601e+10
1.5 1.5 0 -0.580982 0.0407889 0.20374 3.32232e+10
2.5 -1.5 0 -0.0297032 0.377944 0.329044 1.00933e+10
2 -1 0 -0.208321 0.379252 0.29047 1.40048e+10
2.5 -0.5 0 -0.154921 0.3314 0.334209 1.16288e+10
2 0 0 -0.308881 0.292147 0.286557 1.70265e+10
2.5 0.5 0 -0.252124 0.289686 0.342576 1.38284e+10
2 1 0 -0.428228 0.192658 0.274786 2.07597e+10
2.5 1.5 0 -0.385449 0.22925 0.3325 1.65447e+10
-2.25 -1.25 0.25 -0.496979 -0.139257 -0.255056 5.37353e+09
-2.25 -0.25 0.25 -0.462624 -0.365587 -0.264742 1.03867e+10
-2.25 0.75 0.25 -0.391822 -0.569283 -0.209956 1.94956e+10
-1.25 -1.25 0.25 -0.445841 -0.152712 -0.114111 6.24588e+09
-1.75 -0.75 0.25 -0.469706 -0.252267 -0.202708 8.13239e+09
-1.25 -0.25 0.25 -0.435899 -0.382016 -0.140748 1.22487e+10
-1.75 0.25 0.25 -0.427191 -0.471689 -0.188849 1.56927e+10
-1.25 0.75 0.25 -0.381197 -0.579688 -0.102756 2.32973e+10
-1.75 1.25 0.25 -0.347577 -0.655701 -0.118535 2.91988e+10
-0.25 -1.25 0.25 -0.389868 -0.26474 -0.0110056 7.25802e+09
-0.75 -0.75 0.25 -0.424687 -0.302906 -0.0773489 9.36903e+09
-0.25 -0.25 0.25 -0.392664 -0.459051 -0.032904 1.37805e+10
-0.75 0.25 0.25 -0.391216 -0.518277 -0.0691697 1.81852e+10
-0.25 0.75 0.25 -0.323093 -0.637875 0.0158388 2.53463e+10
-0.75 1.25 0.25 -0.320408 -0.676004 -0.0064664 3.29252e+10
0.75 -1.25 0.25 -0.345166 -0.411989 0.020431 7.74777e+09
0.25 -0.75 0.25 -0.370514 -0.441079 0.00146335 1.06115e+10
0.75 -0.25 0.25 -0.327422 -0.577458 0.0341322 1.38531e+10
0.25 0.25 0.25 -0.323447 -0.590941 0.0297544 1.82428e+10
0.75 0.75 0.25 -0.267043 -0.706044 0.0978507 2.34089e+10
0.25 1.25 0.25 -0.253916 -0.713649 0.102769 3.06305e+10
1.75 -1.25 0.25 -0.367206 -0.555245 0.0140977 7.7955e+09
1.25 -0.75 0.25 -0.343919 -0.575749 0.0255324 1.06454e+10
1.75 -0.25 0.25 -0.329935 -0.619664 0.0926727 1.12079e+10
1.25 0.25 0.25 -0.30656 -0.678611 0.0851642 1.68083e+10
1.75 0.75 0.25 -0.255797 -0.682768 0.185154 1.52244e+10
1.25 1.25 0.25 -0.26456 -0.716283 0.181115 2.27573e+10
2.25 -0.75 0.25 -0.323322 -0.585808 0.0940147 7.81362e+09
2.25 0.25 0.25 -0.271566 -0.639344 0.191897 9.89551e+09
2.25 1.25 0.25 -0.232612 -0.678053 0.273824 1.26016e+10
-2.5 -1 0.5 -0.63219 -0.13747 -0.271227 2.578e+10
-2.5 0 0.5 -0.60114 -0.365226 -0.255495 5.08195e+10
-2.5 1 0.5 -0.530284 -0.554648 -0.184589 9.35041e+10
-2 -1.5 0.5 -0.62061 0.0218802 -0.193698 2.04654e+10
-1.5 -1 0.5 -0.627628 -0.065491 -0.165089 3.25362e+10
-2 -0.5 0.5 -0.630078 -0.21787 -0.227504 4.11887e+10
-1.5 0 0.5 -0.623181 -0.307844 -0.178078 6.51493e+10
-2 0.5 0.5 -0.588091 -0.444796 -0.196505 8.12721e+10
-1.5 1 0.5 -0.567595 -0.524536 -0.131513 1.27293e+11
-2 1.5 0.5 -0.504296 -0.622145 -0.115245 1.46888e+11
-1 -1.5 0.5 -0.576915 0.0799436 -0.0695855 2.50731e+10
-0.5 -1 0.5 -0.594849 -0.0239456 -0.0545801 3.89033e+10
-1 -0.5 0.5 -0.633342 -0.166255 -0.13151 5.12739e+10
-0.5 0 0.5 -0.631545 -0.268256 -0.0891175 7.83334e+10
-1 0.5 0.5 -0.608055 -0.398852 -0.1211 1.00183e+11
-0.5 1 0.5 -0.583319 -0.472488 -0.0524597 1.43452e+11
-1 1.5 0.5 -0.541274 -0.593547 -0.0591032 1.90145e+11
0 -1.5 0.5 -0.538181 0.0902927 0.0264816 3.05646e+10
0.5 -1 0.5 -0.560894 -0.00189813 0.034356 4.40895e+10
0 -0.5 0.5 -0.598692 -0.125168 -0.0272118 5.74979e+10
0.5 0 0.5 -0.564913 -0.191913 0.0287629 7.33093e+10
0 0.5 0.5 -0.616739 -0.345975 -0.0297066 1.08461e+11
0.5 1 0.5 -0.543227 -0.377093 0.0580967 1.17048e+11
0 1.5 0.5 -0.551686 -0.502203 0.0316252 1.73477e+11
1 -1.5 0.5 -0.41563 0.0891249 0.113567 3.1577e+10
1.5 -1 0.5 -0.379776 -0.0351511 0.132999 3.60364e+10
1 -0.5 0.5 -0.483962 -0.0898006 0.0860622 5.12956e+10
1.5 0 0.5 -0.380898 -0.165491 0.159307 5.05899e+10
1 0.5 0.5 -0.488229 -0.266926 0.100472 7.76448e+10
1.5 1 0.5 -0.415611 -0.272835 0.18728 6.69263e+10
1 1.5 0.5 -0.456178 -0.380596 0.15309 1.05952e+11
2 -1.5 0.5 -0.282062 -0.00857361 0.166397 2.63621e+10
2.5 -1 0.5 -0.223597 -0.0609276 0.226106 2.36489e+10
2 -0.5 0.5 -0.311197 -0.0974662 0.195115 3.36765e+10
2.5 0 0.5 -0.254047 -0.106109 0.269849 2.95547e+10
2 0.5 0.5 -0.315648 -0.174074 0.238956 4.34203e+10
2.5 1 0.5 -0.278343 -0.144604 0.312069 3.62459e+10
2 1.5 0.5 -0.365985 -0.228584 0.269237 5.4316e+10
-2.25 -0.75 0.75 -0.699532 -0.112573 -0.300348 8.77995e+09
-2.25 0.25 0.75 -0.667159 -0.356797 -0.286536 1.69763e+10
-2.25 1.25 0.75 -0.596946 -0.557965 -0.211085 3.06532e+10
-1.75 -1.25 0.75 -0.676616 0.0559309 -0.210832 6.78209e+09
-1.25 -0.75 0.75 -0.663137 -0.0436918 -0.173084 1.0158e+10
-1.75 -0.25 0.75 -0.683669 -0.196801 -0.246206 1.32178e+10
-1.25 0.25 0.75 -0.65557 -0.294855 -0.181082 1.95992e+10
-1.75 0.75 0.75 -0.64246 -0.436939 -0.214097 2.55539e+10
-1.25 1.25 0.75 -0.602185 -0.520856 -0.131344 3.74354e+10
-0.75 -1.25 0.75 -0.585037 0.0875569 -0.0675787 7.60758e+09
-0.25 -0.75 0.75 -0.566818 -0.0654837 -0.0436238 1.12228e+10
-0.75 -0.25 0.75 -0.640145 -0.16652 -0.125638 1.50602e+10
-0.25 0.25 0.75 -0.5982 -0.309017 -0.0653755 2.19196e+10
-0.75 0.75 0.75 -0.606156 -0.405875 -0.102806 2.83262e+10
-0.25 1.25 0.75 -0.52544 -0.51766 -0.00703352 3.89519e+10
0.25 -1.25 0.75 -0.504181 -0.00237028 0.0204369 8.73453e+09
0.75 -0.75 0.75 -0.46117 -0.201576 0.0351837 1.24875e+10
0.25 -0.25 0.75 -0.519665 -0.246726 -0.00517896 1.64176e+10
0.75 0.25 0.75 -0.428769 -0.417338 0.0565738 2.21651e+10
0.25 0.75 0.75 -0.501577 -0.446666 0.0256924 2.92659e+10
0.75 1.25 0.75 -0.386624 -0.550506 0.126546 3.61545e+10
1.25 -1.25 0.75 -0.382178 -0.217226 0.0511165 9.77462e+09
1.75 -0.75 0.75 -0.336139 -0.357446 0.0922858 1.24675e+10
1.25 -0.25 0.75 -0.362809 -0.392181 0.0857357 1.67919e+10
1.75 0.25 0.75 -0.3102 -0.447241 0.169794 1.74605e+10
1.25 0.75 0.75 -0.366925 -0.494539 0.136777 2.61446e+10
1.75 1.25 0.75 -0.316037 -0.538291 0.22663 2.41432e+10
2.25 -1.25 0.75 -0.30336 -0.314829 0.108217 9.00934e+09
2.25 -0.25 0.75 -0.296323 -0.453114 0.167645 1.25802e+10
2.25 0.75 0.75 -0.275734 -0.490552 0.251393 1.59887e+10
-2.5 -1.5 1 -0.266466 -0.287976 -0.233916 9.09367e+09
-2.5 -0.5 1 -0.28087 -0.459513 -0.238636 1.8923e+10
-2.5 0.5 1 -0.260227 -0.61964 -0.188912 3.84451e+10
-2.5 1.5 1 -0.208448 -0.743821 -0.103327 7.25147e+10
-1.5 -1.5 1 -0.296336 -0.317647 -0.137291 1.27851e+10
-2 -1 1 -0.296601 -0.384572 -0.201389 1.56851e+10
-1.5 -0.5 1 -0.337215 -0.483843 -0.165809 2.7667e+10
-2 0 1 -0.305069 -0.551956 -0.188683 3.3173e+10
-1.5 0.5 1 -0.330017 -0.636692 -0.13383 5.8661e+10
-2 1 1 -0.273665 -0.696631 -0.126202 6.73386e+10
-1.5 1.5 1 -0.280992 -0.759125 -0.0579287 1.16205e+11
-0.5 -1.5 1 -0.373384 -0.357786 -0.0663392 1.85656e+10
-1 -1 1 -0.359167 -0.415307 -0.121971 2.26439e+10
-0.5 -0.5 1 -0.4202 -0.498733 -0.099846 4.05613e+10
-1 0 1 -0.377875 -0.573867 -0.124685 4.928e+10
-0.5 0.5 1 -0.40442 -0.643317 -0.0728421 8.58305e+10
-1 1 1 -0.346839 -0.703355 -0.0715348 1.02109e+11
-0.5 1.5 1 -0.356562 -0.737572 0.00131617 1.68652e+11
0.5 -1.5 1 -0.461591 -0.329789 -0.0214899 2.77124e+10
0 -1 1 -0.455009 -0.427933 -0.0674408 3.33047e+10
0.5 -0.5 1 -0.492516 -0.463132 -0.038827 5.62185e+10
0 0 1 -0.45725 -0.549849 -0.0596942 7.09002e+10
0.5 0.5 1 -0.482326 -0.498136 0.0152258 1.11744e+11
0 1 1 -0.411654 -0.670828 -0.00145641 1.35687e+11
0.5 1.5 1 -0.422958 -0.61484 0.0868641 1.83361e+11
1.5 -1.5 1 -0.427608 -0.212492 0.0525054 3.62905e+10
1 -1 1 -0.481819 -0.260105 0.0188836 4.73007e+10
1.5 -0.5 1 -0.419723 -0.285686 0.0836512 5.84881e+10
1 0 1 -0.463649 -0.415529 0.0442671 8.22798e+10
1.5 0.5 1 -0.379281 -0.39538 0.14274 8.5596e+10
1 1 1 -0.435717 -0.483011 0.100468 1.27301e+11
1.5 1.5 1 -0.387676 -0.442376 0.193199 1.16248e+11
2.5 -1.5 1 -0.306423 -0.188752 0.141675 3.03603e+10
2 -1 1 -0.338589 -0.231829 0.126324 4.15652e+10
2.5 -0.5 1 -0.283849 -0.24778 0.205333 4.11001e+10
2 0 1 -0.346331 -0.296616 0.172662 5.84113e+10
2.5 0.5 1 -0.295528 -0.282118 0.258601 5.29446e+10
2 1 1 -0.330335 -0.363048 0.231678 7.7479e+10
2.5 1.5 1 -0.295919 -0.310282 0.31228 6.57351e+10
-2.25 -1.25 1.25 -0.762366 0.184005 -0.283883 2.82932e+09
-2.25 -0.25 1.25 -0.790645 -0.0703207 -0.311057 5.47985e+09
-2.25 0.75 1.25 -0.771377 -0.31321 -0.267919 1.02658e+10
-1.25 -1.25 1.25 -0.653769 0.311583 -0.154693 3.19837e+09
-1.75 -0.75 1.25 -0.752784 0.130902 -0.253697 4.21996e+09
-1.25 -0.25 1.25 -0.735693 0.0568739 -0.214246 6.20126e+09
-1.75 0.25 1.25 -0.777909 -0.128761 -0.262499 8.14279e+09
-1.25 0.75 1.25 -0.750509 -0.201452 -0.203301 1.18238e+10
-1.75 1.25 1.25 -0.750426 -0.371091 -0.205082 1.50842e+10
-0.25 -1.25 1.25 -0.499439 0.311998 -0.0248354 3.56462e+09
-0.75 -0.75 1.25 -0.632308 0.216831 -0.126583 4.6858e+09
-0.25 -0.25 1.25 -0.593205 0.0718427 -0.0821194 6.81507e+09
-0.75 0.25 1.25 -0.702776 -0.0447116 -0.160645 8.94105e+09
-0.25 0.75 1.25 -0.633718 -0.196576 -0.0866816 1.28063e+10
-0.75 1.25 1.25 -0.69361 -0.29228 -0.129292 1.65519e+10
0.75 -1.25 1.25 -0.363635 0.0486982 0.0629149 4.2273e+09
0.25 -0.75 1.25 -0.485892 0.113899 -0.00496023 5.31192e+09
0.75 -0.25 1.25 -0.450844 -0.157109 0.028611 7.81429e+09
0.25 0.25 1.25 -0.521397 -0.177194 -0.0201873 1.00432e+10
0.75 0.75 1.25 -0.472193 -0.360776 0.0458941 2.39889e+10
0.25 1.25 1.25 -0.526912 -0.384391 0.00788835 1.76407e+10
1.75 -1.25 1.25 -0.326783 -0.19094 0.0843803 8.65491e+09
1.25 -0.75 1.25 -0.391234 -0.172541 0.0597639 1.07426e+10
1.75 -0.25 1.25 -0.376053 -0.271122 0.114708 1.52623e+10
1.25 0.25 1.25 -0.414744 -0.334807 0.086479 1.9107e+10
1.75 0.75 1.25 -0.35873 -0.354257 0.185083 2.19145e+10
1.25 1.25 1.25 -0.446465 -0.4194 0.128584 3.16692e+10
2.25 -0.75 1.25 -0.279032 -0.258699 0.160281 1.11215e+10
2.25 0.25 1.25 -0.31582 -0.343704 0.204896 1.65364e+10
2.25 1.25 1.25 -0.317946 -0.373611 0.271269 2.08997e+10
-2.5 -1 1.5 -0.3823 -0.236226 -0.264879 6.71184e+09
-2.5 0 1.5 -0.40054 -0.429786 -0.245906 1.38377e+10
-2.5 1 1.5 -0.374266 -0.600585 -0.176174 2.72265e+10
-2 -1.5 1.5 -0.340664 -0.142137 -0.202607 5.51174e+09
-1.5 -1 1.5 -0.37706 -0.247177 -0.182309 9.6767e+09
-2 -0.5 1.5 -0.39979 -0.333033 -0.229108 1.16876e+10
-1.5 0 1.5 -0.424138 -0.433944 -0.18752 2.0864e+10
-2 0.5 1.5 -0.410218 -0.517877 -0.194433 2.43372e+10
-1.5 1 1.5 -0.416529 -0.600345 -0.136366 4.30713e+10
-2 1.5 1.5 -0.37094 -0.671116 -0.113956 4.71257e+10
-1 -1.5 1.5 -0.342736 -0.185731 -0.113347 8.01013e+09
-0.5 -1 1.5 -0.419511 -0.289363 -0.108212 1.46981e+10
-1 -0.5 1.5 -0.424484 -0.353971 -0.15624 1.75116e+10
-0.5 0 1.5 -0.464163 -0.448721 -0.118653 3.20747e+10
-1 0.5 1.5 -0.444498 -0.528207 -0.13724 3.76377e+10
-0.5 1 1.5 -0.449736 -0.602654 -0.0733533 6.67017e+10
-1 1.5 1.5 -0.41245 -0.667012 -0.0693179 7.48568e+10
0 -1.5 1.5 -0.401885 -0.226251 -0.0464756 1.23899e+10
0.5 -1 1.5 -0.46343 -0.279039 -0.0356416 2.34719e+10
0 -0.5 1.5 -0.483573 -0.376403 -0.0884945 2.73658e+10
0.5 0 1.5 -0.501705 -0.43994 -0.0395006 4.99978e+10
0 0.5 1.5 -0.471187 -0.51172 -0.058036 5.76727e+10
0.5 1 1.5 -0.456354 -0.506894 0.0313913 1.02574e+11
0 1.5 1.5 -0.44133 -0.643136 0.00742627 1.13701e+11
1 -1.5 1.5 -0.474198 -0.201738 -0.000628606 2.02888e+10
1.5 -1 1.5 -0.455765 -0.281622 0.0348751 4.25448e+10
1 -0.5 1.5 -0.444367 -0.294055 0.022691 4.53902e+10
1.5 0 1.5 -0.429668 -0.392713 0.0744065 7.439e+10
1 0.5 1.5 -0.462746 -0.486335 0.0450765 9.5545e+10
1.5 1 1.5 -0.386381 -0.490206 0.143217 1.13918e+11
1 1.5 1.5 -0.422826 -0.56187 0.109138 1.57611e+11
2 -1.5 1.5 -0.398465 -0.21676 0.0649875 3.43882e+10
2.5 -1 1.5 -0.342219 -0.270488 0.137961 4.10434e+10
2 -0.5 1.5 -0.370273 -0.341507 0.114998 5.52937e+10
2.5 0 1.5 -0.314846 -0.346984 0.204107 5.69877e+10
2 0.5 1.5 -0.360584 -0.401533 0.171198 7.9819e+10
2.5 1 1.5 -0.317301 -0.369732 0.260556 7.4427e+10
2 1.5 1.5 -0.342578 -0.44593 0.234776 1.06771e+11
