449
-2.5 -1 -1.5 -0.124968 0.155682 0.89837 5.83716e+09
-2.5 0 -1.5 -0.17186 0.180613 0.858471 6.4773e+09
-2.5 1 -1.5 -0.210607 0.20478 0.802555 7.45331e+09
-2 -1.5 -1.5 -0.0854402 0.119928 0.939494 5.31064e+09
-1.5 -1 -1.5 -0.0975213 0.109473 0.950602 5.24249e+09
-2 -0.5 -1.5 -0.136052 0.146752 0.908891 5.75289e+09
-1.5 0 -1.5 -0.146752 0.136052 0.908891 5.75289e+09
-2 0.5 -1.5 -0.180613 0.17186 0.858471 6.4773e+09
-1.5 1 -1.5 -0.187351 0.162486 0.848681 6.58616e+09
-2 1.5 -1.5 -0.214189 0.198108 0.7936 7.59845e+09
-1 -1.5 -1.5 -0.0567968 0.0694968 0.980506 4.91775e+09
-0.5 -1 -1.5 -0.0694968 0.0567968 0.980506 4.91775e+09
-1 -0.5 -1.5 -0.109473 0.0975213 0.950602 5.24249e+09
-0.5 0 -1.5 -0.119928 0.0854402 0.939494 5.31064e+09
-1 0.5 -1.5 -0.155682 0.124968 0.89837 5.83716e+09
-0.5 1 -1.5 -0.161439 0.114679 0.877876 6.00744e+09
-1 1.5 -1.5 -0.190634 0.153635 0.829669 6.80671e+09
0 -1.5 -1.5 -0.027753 0.0147039 0.99614 4.75999e+09
0.5 -1 -1.5 -0.0399519 0.00215046 0.984404 4.81382e+09
0 -0.5 -1.5 -0.0810052 0.0442597 0.968985 4.97616e+09
0.5 0 -1.5 -0.0899994 0.0331169 0.946459 5.09366e+09
0 0.5 -1.5 -0.127521 0.074439 0.917809 5.44799e+09
0.5 1 -1.5 -0.131063 0.0654426 0.886569 5.65658e+09
0 1.5 -1.5 -0.162787 0.106033 0.848458 6.26707e+09
1 -1.5 -1.5 0.00215046 -0.0399519 0.984404 4.81382e+09
1.5 -1 -1.5 -0.00865152 -0.0500142 0.961439 4.922e+09
1 -0.5 -1.5 -0.0500142 -0.00865152 0.961439 4.922e+09
1.5 0 -1.5 -0.0568485 -0.0166629 0.928231 5.08549e+09
1 0.5 -1.5 -0.0953366 0.0243544 0.913927 5.27156e+09
1.5 1 -1.5 -0.096154 0.0186492 0.872777 5.51153e+09
1 1.5 -1.5 -0.129645 0.0590422 0.847178 5.93919e+09
2 -1.5 -1.5 0.0331169 -0.0899994 0.946459 5.09366e+09
2.5 -1 -1.5 0.0243544 -0.0953366 0.913927 5.27156e+09
2 -0.5 -1.5 -0.0166629 -0.0568485 0.928231 5.08549e+09
2.5 0 -1.5 -0.0211367 -0.0596455 0.886156 5.30551e+09
2 0.5 -1.5 -0.0596455 -0.0211367 0.886156 5.30551e+09
2.5 1 -1.5 -0.0579235 -0.0216475 0.836765 5.58347e+09
2 1.5 -1.5 -0.0919254 0.0163639 0.824566 5.81556e+09
-2.25 -0.75 -1.25 0.00149335 -0.0922809 0.921643 2.06552e+09
-2.25 0.25 -1.25 0.0535716 -0.0535716 0.893311 2.25902e+09
-2.25 1.25 -1.25 0.0999649 -0.014636 0.847332 2.5798e+09
-1.75 -1.25 -1.25 -0.0101367 -0.0828638 0.950329 1.90843e+09
-1.25 -0.75 -1.25 0.0361837 -0.0361837 0.95783 1.8899e+09
-1.75 -0.25 -1.25 0.046608 -0.046608 0.928806 2.04356e+09
-1.25 0.25 -1.25 0.0922809 -0.00149335 0.921643 2.06552e+09
-1.75 0.75 -1.25 0.0980372 -0.00993391 0.886599 2.28606e+09
-1.25 1.25 -1.25 0.142934 0.032511 0.86696 2.36835e+09
-0.75 -1.25 -1.25 0.0229502 -0.0229502 0.978445 1.79108e+09
-0.25 -0.75 -1.25 0.0703118 0.0242066 0.970723 1.80747e+09
-0.75 -0.25 -1.25 0.0828638 0.0101367 0.950329 1.90843e+09
-0.25 0.25 -1.25 0.129314 0.055525 0.928349 1.9645e+09
-0.75 0.75 -1.25 0.138006 0.0425802 0.900667 2.13216e+09
-0.25 1.25 -1.25 0.183142 0.0849686 0.867392 2.24549e+09
0.25 -1.25 -1.25 0.0555357 0.0397366 0.981331 1.75804e+09
0.75 -0.75 -1.25 0.102602 0.0866042 0.958366 1.80437e+09
0.25 -0.25 -1.25 0.117234 0.0705244 0.948082 1.85697e+09
0.75 0.25 -1.25 0.163005 0.115289 0.912046 1.94038e+09
0.25 0.75 -1.25 0.174853 0.0992954 0.893414 2.05936e+09
0.75 1.25 -1.25 0.218795 0.140615 0.847862 2.19476e+09
1.25 -1.25 -1.25 0.0866042 0.102602 0.958366 1.80437e+09
1.75 -0.75 -1.25 0.132008 0.148336 0.921789 1.88227e+09
1.25 -0.25 -1.25 0.148336 0.132008 0.921789 1.88227e+09
1.75 0.25 -1.25 0.192011 0.17519 0.873917 1.99251e+09
1.25 0.75 -1.25 0.206923 0.15771 0.864943 2.05878e+09
1.75 1.25 -1.25 0.248441 0.197058 0.809454 2.21322e+09
2.25 -1.25 -1.25 0.115289 0.163005 0.912046 1.94038e+09
2.25 -0.25 -1.25 0.17519 0.192011 0.873917 1.99251e+09
2.25 0.75 -1.25 0.233036 0.215498 0.817421 2.13575e+09
-2.5 -1.5 -1 -0.0905047 0.0787714 0.913423 9.41983e+09
-2.5 -0.5 -1 -0.115801 0.109333 0.887363 1.01963e+10
-2.5 0.5 -1 -0.138041 0.138041 0.842529 1.14312e+10
-2.5 1.5 -1 -0.152986 0.166915 0.783882 1.33096e+10
-1.5 -1.5 -1 -0.0601606 0.0564407 0.964514 8.54329e+09
-2 -1 -1 -0.0885292 0.0838006 0.930738 9.21224e+09
-1.5 -0.5 -1 -0.0866622 0.0866622 0.936612 9.14349e+09
-2 0 -1 -0.113226 0.113226 0.89289 1.01103e+10
-1.5 0.5 -1 -0.109333 0.115801 0.887363 1.01963e+10
-2 1 -1 -0.132532 0.141882 0.837426 1.15429e+10
-1.5 1.5 -1 -0.124103 0.145185 0.822436 1.18816e+10
-0.5 -1.5 -1 -0.0295846 0.0295846 0.992305 8.10398e+09
-1 -1 -1 -0.0586394 0.0586394 0.970645 8.48567e+09
-0.5 -0.5 -1 -0.0564407 0.0601606 0.964514 8.54329e+09
-1 0 -1 -0.0838006 0.0885292 0.930738 9.21224e+09
-0.5 0.5 -1 -0.0787714 0.0905047 0.913423 9.41983e+09
-1 1 -1 -0.102907 0.118173 0.871096 1.04569e+10
-0.5 1.5 -1 -0.09286 0.12116 0.845012 1.08984e+10
0.5 -1.5 -1 0.00152077 0.00152077 0.993399 8.02832e+09
0 -1 -1 -0.0278106 0.0310109 0.986014 8.1554e+09
0.5 -0.5 -1 -0.0245808 0.0331741 0.967437 8.31013e+09
0 0 -1 -0.0524279 0.0620949 0.94642 8.71695e+09
0.5 0.5 -1 -0.0455929 0.0653248 0.917261 9.00883e+09
0 1 -1 -0.0705268 0.0934444 0.885579 9.77009e+09
0.5 1.5 -1 -0.0582895 0.0978672 0.848638 1.02687e+10
1.5 -1.5 -1 0.0331741 -0.0245808 0.967437 8.31013e+09
1 -1 -1 0.00413167 0.00413167 0.974657 8.17697e+09
1.5 -0.5 -1 0.00876794 0.00876794 0.944397 8.4259e+09
1 0 -1 -0.0189252 0.0369806 0.937457 8.5695e+09
1.5 0.5 -1 -0.0101253 0.0430641 0.89748 8.93529e+09
1 1 -1 -0.035184 0.0704347 0.878454 9.42205e+09
1.5 1.5 -1 -0.0207425 0.0777204 0.83174 9.95981e+09
2.5 -1.5 -1 0.0653248 -0.0455929 0.917261 9.00883e+09
2 -1 -1 0.0369806 -0.0189252 0.937457 8.5695e+09
2.5 -0.5 -1 0.0430641 -0.0101253 0.89748 8.93529e+09
2 0 -1 0.0161075 0.0161075 0.904019 8.77648e+09
2.5 0.5 -1 0.0265457 0.0265457 0.855253 9.22965e+09
2 1 -1 0.00225158 0.0517747 0.84924 9.40895e+09
2.5 1.5 -1 0.0183457 0.0632081 0.794475 9.99076e+09
-2.25 -1.25 -0.75 -0.0440086 -0.0643337 0.925622 2.82615e+09
-2.25 -0.25 -0.75 -0.00899961 -0.0262523 0.904729 3.03053e+09
-2.25 0.75 -0.75 0.021827 0.0125321 0.863502 3.38128e+09
-1.25 -1.25 -0.75 -0.0103881 -0.0265142 0.967428 2.59414e+09
-1.75 -0.75 -0.75 -0.00844603 -0.0277211 0.940128 2.7717e+09
-1.25 -0.25 -0.75 0.0277211 0.00844603 0.940128 2.7717e+09
-1.75 0.25 -0.75 0.0262523 0.00899961 0.904729 3.03053e+09
-1.25 0.75 -0.75 0.0622139 0.0434705 0.891035 3.09654e+09
-1.75 1.25 -0.75 0.0572262 0.0458951 0.850836 3.46392e+09
-0.25 -1.25 -0.75 0.0232296 0.0141273 0.984691 2.49034e+09
-0.75 -0.75 -0.75 0.0265142 0.0103881 0.967428 2.59414e+09
-0.25 -0.25 -0.75 0.0636458 0.0468386 0.952343 2.64097e+09
-0.75 0.25 -0.75 0.0643337 0.0440086 0.925622 2.82615e+09
-0.25 0.75 -0.75 0.101148 0.0787143 0.89765 2.93632e+09
-0.75 1.25 -0.75 0.0987127 0.0769704 0.864666 3.2307e+09
0.75 -1.25 -0.75 0.0561231 0.0561231 0.975063 2.4972e+09
0.25 -0.75 -0.75 0.0606248 0.0511826 0.969265 2.53281e+09
0.75 -0.25 -0.75 0.0977308 0.0876072 0.939457 2.61819e+09
0.25 0.25 -0.75 0.100712 0.0825391 0.923219 2.73538e+09
0.75 0.75 -0.75 0.137287 0.116996 0.882049 2.87846e+09
0.25 1.25 -0.75 0.137758 0.112051 0.858205 3.10428e+09
1.75 -1.25 -0.75 0.0876072 0.0977308 0.939457 2.61819e+09
1.25 -0.75 -0.75 0.0930133 0.0930133 0.945031 2.57963e+09
1.75 -0.25 -0.75 0.128956 0.128956 0.902491 2.70385e+09
1.25 0.25 -0.75 0.134099 0.122919 0.897257 2.74706e+09
1.75 0.75 -0.75 0.169248 0.156543 0.845276 2.91978e+09
1.25 1.25 -0.75 0.172921 0.149577 0.831456 3.07127e+09
2.25 -0.75 -0.75 0.122919 0.134099 0.897257 2.74706e+09
2.25 0.25 -0.75 0.163426 0.163426 0.850049 2.87001e+09
2.25 1.25 -0.75 0.202765 0.187944 0.786205 3.13616e+09
-2.5 -1 -0.5 -0.0952877 0.0644337 0.904133 1.3316e+10
-2.5 0 -0.5 -0.107723 0.0970124 0.869861 1.45863e+10
-2.5 1 -0.5 -0.116515 0.128562 0.81878 1.65553e+10
-2 -1.5 -0.5 -0.0725882 0.0430388 0.941826 1.2214e+10
-1.5 -1 -0.5 -0.0633877 0.0538677 0.95438 1.20354e+10
-2 -0.5 -0.5 -0.0859797 0.0760369 0.916072 1.30984e+10
-1.5 0 -0.5 -0.0760369 0.0859797 0.916072 1.30984e+10
-2 0.5 -0.5 -0.0970124 0.107723 0.869861 1.45863e+10
-1.5 1 -0.5 -0.0842453 0.117444 0.858716 1.48624e+10
-2 1.5 -0.5 -0.10196 0.139214 0.808577 1.69155e+10
-1 -1.5 -0.5 -0.0401348 0.0308319 0.981879 1.13523e+10
-0.5 -1 -0.5 -0.0308319 0.0401348 0.981879 1.13523e+10
-1 -0.5 -0.5 -0.0538677 0.0633877 0.95438 1.20354e+10
-0.5 0 -0.5 -0.0430388 0.0725882 0.941826 1.2214e+10
-1 0.5 -0.5 -0.0644337 0.0952877 0.904133 1.3316e+10
-0.5 1 -0.5 -0.0501789 0.104803 0.880936 1.3756e+10
-1 1.5 -0.5 -0.0683773 0.127019 0.837108 1.54228e+10
0 -1.5 -0.5 -0.0072713 0.0164858 0.996266 1.10184e+10
0.5 -1 -0.5 0.00258448 0.0260049 0.983076 1.11614e+10
0 -0.5 -0.5 -0.0205522 0.0494221 0.968905 1.15068e+10
0.5 0 -0.5 -0.00838995 0.0595354 0.943622 1.18171e+10
0 0.5 -0.5 -0.0299561 0.0823101 0.917393 1.25735e+10
0.5 1 -0.5 -0.0138911 0.0931016 0.882393 1.3118e+10
0 1.5 -0.5 -0.0325197 0.115022 0.847803 1.44264e+10
1 -1.5 -0.5 0.0260049 0.00258448 0.983076 1.11614e+10
1.5 -1 -0.5 0.0366799 0.0139551 0.957356 1.14482e+10
1 -0.5 -0.5 0.0139551 0.0366799 0.957356 1.14482e+10
1.5 0 -0.5 0.0275033 0.0491343 0.920397 1.18793e+10
1 0.5 -0.5 0.00635377 0.0710611 0.907329 1.22846e+10
1.5 1 -0.5 0.0241069 0.0843041 0.861816 1.29109e+10
1 1.5 -0.5 0.00559807 0.105211 0.838623 1.38521e+10
2 -1.5 -0.5 0.0595354 -0.00838995 0.943622 1.18171e+10
2.5 -1 -0.5 0.0710611 0.00635377 0.907329 1.22846e+10
2 -0.5 -0.5 0.0491343 0.0275033 0.920397 1.18793e+10
2.5 0 -0.5 0.0637212 0.0436257 0.873978 1.24545e+10
2 0.5 -0.5 0.0436257 0.0637212 0.873978 1.24545e+10
2.5 1 -0.5 0.0624778 0.0805635 0.820059 1.31711e+10
2 1.5 -0.5 0.0450478 0.0993521 0.809039 1.3695e+10
-2.25 -0.75 -0.25 -0.0507656 -0.00412036 0.914121 3.60121e+09
-2.25 0.25 -0.25 -0.0342633 0.0342633 0.879535 3.93493e+09
-2.25 1.25 -0.25 -0.0198407 0.0734069 0.826926 4.47477e+09
-1.75 -1.25 -0.25 -0.042869 -0.0131174 0.947938 3.33056e+09
-1.25 -0.75 -0.25 -0.0150993 0.0150993 0.955328 3.30111e+09
-1.75 -0.25 -0.25 -0.0236351 0.0236351 0.921167 3.56616e+09
-1.25 0.25 -0.25 0.00412036 0.0507656 0.914121 3.60121e+09
-1.75 0.75 -0.25 -0.00690925 0.060795 0.872943 3.97816e+09
-1.25 1.25 -0.25 0.0214943 0.0866918 0.853662 4.10931e+09
-0.75 -1.25 -0.25 -0.00829444 0.00829444 0.979665 3.1297e+09
-0.25 -0.75 -0.25 0.0202557 0.0365713 0.972046 3.15561e+09
-0.75 -0.25 -0.25 0.0131174 0.042869 0.947938 3.33056e+09
-0.25 0.25 -0.25 0.0418682 0.0702614 0.926285 3.41933e+09
-0.75 0.75 -0.25 0.0326463 0.0773901 0.893496 3.70718e+09
-0.25 1.25 -0.25 0.0619146 0.10337 0.860802 3.88612e+09
0.25 -1.25 -0.25 0.0260459 0.0312176 0.984609 3.06966e+09
0.75 -0.75 -0.25 0.0548321 0.0597219 0.961934 3.14228e+09
0.25 -0.25 -0.25 0.0491225 0.064607 0.949709 3.23352e+09
0.75 0.25 -0.25 0.0782091 0.0922599 0.914172 3.36382e+09
0.25 0.75 -0.25 0.0710882 0.0971379 0.89189 3.5684e+09
0.75 1.25 -0.25 0.100518 0.123069 0.8471 3.77863e+09
1.25 -1.25 -0.25 0.0597219 0.0548321 0.961934 3.14228e+09
1.75 -0.75 -0.25 0.0880053 0.0836022 0.92583 3.26343e+09
1.25 -0.25 -0.25 0.0836022 0.0880053 0.92583 3.26343e+09
1.75 0.25 -0.25 0.112049 0.115725 0.878631 3.43262e+09
1.25 0.75 -0.25 0.10724 0.11915 0.867774 3.54646e+09
1.75 1.25 -0.25 0.135882 0.144778 0.813238 3.78057e+09
2.25 -1.25 -0.25 0.0922599 0.0782091 0.914172 3.36382e+09
2.25 -0.25 -0.25 0.115725 0.112049 0.878631 3.43262e+09
2.25 0.75 -0.25 0.139787 0.142438 0.82306 3.64842e+09
-2.5 -1.5 0 -0.0901533 0.0297638 0.912727 1.53246e+10
-2.5 -0.5 0 -0.0959572 0.0657401 0.889356 1.64373e+10
-2.5 0.5 0 -0.100301 0.100301 0.846558 1.82276e+10
-2.5 1.5 0 -0.0996589 0.134412 0.789325 2.09538e+10
-1.5 -1.5 0 -0.0557215 0.0268525 0.964582 1.39597e+10
-2 -1 0 -0.0760634 0.0467384 0.931588 1.49693e+10
-1.5 -0.5 0 -0.061871 0.061871 0.937997 1.48515e+10
-2 0 0 -0.0814988 0.0814988 0.89541 1.62914e+10
-1.5 0.5 0 -0.0657401 0.0959572 0.889356 1.64373e+10
-2 1 0 -0.0835016 0.115373 0.840946 1.84142e+10
-1.5 1.5 0 -0.0639471 0.129621 0.824467 1.89803e+10
-0.5 -1.5 0 -0.0209035 0.0209035 0.992454 1.32806e+10
-1 -1 0 -0.0415997 0.0415997 0.971249 1.38603e+10
-0.5 -0.5 0 -0.0268525 0.0557215 0.964582 1.39597e+10
-1 0 0 -0.0467384 0.0760634 0.931588 1.49693e+10
-0.5 0.5 0 -0.0297638 0.0901533 0.912727 1.53246e+10
-1 1 0 -0.0477235 0.109983 0.871558 1.68787e+10
-0.5 1.5 0 -0.0266501 0.124118 0.843098 1.76249e+10
0.5 -1.5 0 0.0143095 0.0143095 0.992865 1.31756e+10
0 -1 0 -0.00640929 0.0350795 0.985628 1.33696e+10
0.5 -0.5 0 0.00922569 0.049737 0.965511 1.36368e+10
0 0 0 -0.0106235 0.0700314 0.944943 1.42587e+10
0.5 0.5 0 0.00780687 0.0851212 0.913408 1.47588e+10
0 1 0 -0.0101902 0.104713 0.882497 1.59216e+10
0.5 1.5 0 0.0124534 0.119965 0.842609 1.67654e+10
1.5 -1.5 0 0.049737 0.00922569 0.965511 1.36368e+10
1 -1 0 0.0294217 0.0294217 0.972585 1.34325e+10
1.5 -0.5 0 0.0459807 0.0459807 0.939966 1.386e+10
1 0 0 0.0266832 0.0654889 0.933168 1.40821e+10
1.5 0.5 0 0.0464007 0.0826738 0.890292 1.47037e+10
1 1 0 0.0289028 0.101277 0.87168 1.54604e+10
1.5 1.5 0 0.052872 0.118555 0.821821 1.6362e+10
2.5 -1.5 0 0.0851212 0.00780687 0.913408 1.47588e+10
2 -1 0 0.0654889 0.0266832 0.933168 1.40821e+10
2.5 -0.5 0 0.0826738 0.0464007 0.890292 1.47037e+10
2 0 0 0.0643782 0.0643782 0.896697 1.44558e+10
2.5 0.5 0 0.0847635 0.0847635 0.844838 1.52142e+10
2 1 0 0.0685688 0.101392 0.838945 1.54971e+10
2.5 1.5 0 0.093187 0.121599 0.781138 1.64515e+10
-2.25 -1.25 0.25 -0.0752953 0.0130039 0.920592 3.90851e+09
-2.25 -0.25 0.25 -0.0718136 0.0513607 0.894021 4.19102e+09
-2.25 0.75 0.25 -0.0696172 0.0902071 0.846905 4.66068e+09
-1.25 -1.25 0.25 -0.0393967 0.0184881 0.966163 3.59884e+09
-1.75 -0.75 0.25 -0.0549596 0.0343133 0.934675 3.84083e+09
-1.25 -0.25 0.25 -0.0343133 0.0549596 0.934675 3.84083e+09
-1.75 0.25 0.25 -0.0513607 0.0718136 0.894021 4.19102e+09
-1.25 0.75 0.25 -0.0300813 0.0918403 0.880694 4.27346e+09
-1.75 1.25 0.25 -0.0480271 0.110268 0.834511 4.76411e+09
-0.25 -1.25 0.25 -0.00365917 0.0247631 0.986137 3.4568e+09
-0.75 -0.75 0.25 -0.0184881 0.0393967 0.966163 3.59884e+09
-0.25 -0.25 0.25 0.00291802 0.0601201 0.951532 3.65664e+09
-0.75 0.25 0.25 -0.0130039 0.0752953 0.920592 3.90851e+09
-0.25 0.75 0.25 0.0092593 0.0955089 0.893418 4.04452e+09
-0.75 1.25 0.25 -0.00763963 0.111636 0.855019 4.43989e+09
0.75 -1.25 0.25 0.0318963 0.0318963 0.977918 3.46012e+09
0.25 -0.75 0.25 0.017764 0.0458286 0.971178 3.50885e+09
0.75 -0.25 0.25 0.0397203 0.0670303 0.942252 3.61284e+09
0.25 0.25 0.25 0.0250743 0.0808387 0.923265 3.77238e+09
0.75 0.75 0.25 0.0480153 0.101448 0.883268 3.94578e+09
0.25 1.25 0.25 0.0325233 0.115452 0.855066 4.24947e+09
1.75 -1.25 0.25 0.0670303 0.0397203 0.942252 3.61284e+09
1.25 -0.75 0.25 0.0535243 0.0535243 0.948774 3.56023e+09
1.75 -0.25 0.25 0.0754364 0.0754364 0.907451 3.70932e+09
1.25 0.25 0.25 0.0622143 0.0882975 0.90126 3.76796e+09
1.75 0.75 0.25 0.0850179 0.1093 0.850746 3.97209e+09
1.25 1.25 0.25 0.0715399 0.12156 0.834089 4.17541e+09
2.25 -0.75 0.25 0.0882975 0.0622143 0.90126 3.76796e+09
2.25 0.25 0.25 0.0973557 0.0973557 0.856492 3.90503e+09
2.25 1.25 0.25 0.107814 0.129596 0.793377 4.22128e+09
-2.5 -1 0.5 -0.0937631 0.0379916 0.902526 1.69113e+10
-2.5 0 0.5 -0.0944757 0.0756335 0.869003 1.83608e+10
-2.5 1 0.5 -0.0924155 0.112237 0.818103 2.06029e+10
-2 -1.5 0.5 -0.0749661 0.0200598 0.940443 1.56099e+10
-1.5 -1 0.5 -0.0573032 0.0392655 0.953814 1.538e+10
-2 -0.5 0.5 -0.0761428 0.0578328 0.915287 1.66326e+10
-1.5 0 0.5 -0.0578328 0.0761428 0.915287 1.66326e+10
-2 0.5 0.5 -0.0756335 0.0944757 0.869003 1.83608e+10
-1.5 1 0.5 -0.0548168 0.112243 0.857038 1.87109e+10
-2 1.5 0.5 -0.0700782 0.130518 0.807089 2.10531e+10
-1 -1.5 0.5 -0.0380956 0.0201797 0.981555 1.45669e+10
-0.5 -1 0.5 -0.0201797 0.0380956 0.981555 1.45669e+10
-1 -0.5 0.5 -0.0392655 0.0573032 0.953814 1.538e+10
-0.5 0 0.5 -0.0200598 0.0749661 0.940443 1.56099e+10
-1 0.5 0.5 -0.0379916 0.0937631 0.902526 1.69113e+10
-0.5 1 0.5 -0.0158212 0.111338 0.877764 1.74725e+10
-1 1.5 0.5 -0.0311606 0.129583 0.833857 1.94193e+10
0 -1.5 0.5 -0.000800841 0.0186781 0.996094 1.41671e+10
0.5 -1 0.5 0.0176021 0.0367645 0.982094 1.43516e+10
0 -0.5 0.5 -0.00141937 0.0559223 0.967768 1.47662e+10
0.5 0 0.5 0.0188862 0.0742907 0.940952 1.51646e+10
0 0.5 0.5 0.00105871 0.0928913 0.914462 1.60708e+10
0.5 1 0.5 0.0246207 0.111398 0.87736 1.6763e+10
0 1.5 0.5 0.00922741 0.129131 0.842491 1.83213e+10
1 -1.5 0.5 0.0367645 0.0176021 0.982094 1.43516e+10
1.5 -1 0.5 0.0556989 0.0371949 0.954849 1.472e+10
1 -0.5 0.5 0.0371949 0.0556989 0.954849 1.472e+10
1.5 0 0.5 0.0584372 0.0758888 0.91583 1.52684e+10
1 0.5 0.5 0.04124 0.0935617 0.902588 1.57597e+10
1.5 1 0.5 0.0658947 0.113814 0.854705 1.65447e+10
1 1.5 0.5 0.0508825 0.130503 0.831173 1.76834e+10
2 -1.5 0.5 0.0742907 0.0188862 0.940952 1.51646e+10
2.5 -1 0.5 0.0935617 0.04124 0.902588 1.57597e+10
2 -0.5 0.5 0.0758888 0.0584372 0.91583 1.52684e+10
2.5 0 0.5 0.0974793 0.0815401 0.867063 1.59886e+10
2 0.5 0.5 0.0815401 0.0974793 0.867063 1.59886e+10
2.5 1 0.5 0.106512 0.120428 0.810749 1.68663e+10
2 1.5 0.5 0.0928896 0.13497 0.799496 1.75077e+10
-2.25 -0.75 0.75 -0.0940719 0.0641175 0.906064 4.15977e+09
-2.25 0.25 0.75 -0.103061 0.103061 0.865928 4.53464e+09
-2.25 1.25 0.75 -0.110631 0.143493 0.807829 5.12389e+09
-1.75 -1.25 0.75 -0.0708431 0.0410387 0.944476 3.85557e+09
-1.25 -0.75 0.75 -0.0561023 0.0561023 0.951558 3.82572e+09
-1.75 -0.25 0.75 -0.0792998 0.0792998 0.912844 4.12391e+09
-1.25 0.25 0.75 -0.0641175 0.0940719 0.906064 4.15977e+09
-1.75 0.75 0.75 -0.0874467 0.118194 0.859535 4.57914e+09
-1.25 1.25 0.75 -0.0707643 0.13331 0.840823 4.71328e+09
-0.75 -1.25 0.75 -0.0334193 0.0334193 0.979259 3.63171e+09
-0.25 -0.75 0.75 -0.0183687 0.0482558 0.971973 3.65773e+09
-0.75 -0.25 0.75 -0.0410387 0.0708431 0.944476 3.85557e+09
-0.25 0.25 0.75 -0.0251429 0.0856989 0.923708 3.94508e+09
-0.75 0.75 0.75 -0.047979 0.108886 0.886198 4.26757e+09
-0.25 1.25 0.75 -0.0304898 0.123869 0.854644 4.44753e+09
0.25 -1.25 0.75 0.0039339 0.0260509 0.986336 3.56029e+09
0.75 -0.75 0.75 0.019475 0.0413464 0.964642 3.63248e+09
0.25 -0.25 0.75 -0.00263547 0.0632995 0.95059 3.7356e+09
0.75 0.25 0.75 0.0141227 0.0787553 0.916505 3.86449e+09
0.25 0.75 0.75 -0.00803695 0.100842 0.890651 4.09382e+09
0.75 1.25 0.75 0.010346 0.116086 0.847482 4.3001e+09
1.25 -1.25 0.75 0.0413464 0.019475 0.964642 3.63248e+09
1.75 -0.75 0.75 0.0572257 0.0358186 0.930035 3.75165e+09
1.25 -0.25 0.75 0.0358186 0.0572257 0.930035 3.75165e+09
1.75 0.25 0.75 0.05298 0.0736383 0.884681 3.91523e+09
1.25 0.75 0.75 0.031968 0.0945061 0.871887 4.04214e+09
1.75 1.25 0.75 0.0506744 0.110149 0.81934 4.26409e+09
2.25 -1.25 0.75 0.0787553 0.0141227 0.916505 3.86449e+09
2.25 -0.25 0.75 0.0736383 0.05298 0.884681 3.91523e+09
2.25 0.75 0.75 0.0706878 0.0902448 0.83119 4.11836e+09
-2.5 -1.5 1 -0.0972549 0.0109318 0.909788 1.62017e+10
-2.5 -0.5 1 -0.0948093 0.0516219 0.886532 1.7257e+10
-2.5 0.5 1 -0.0910656 0.0910656 0.843319 1.8945e+10
-2.5 1.5 1 -0.0826675 0.129751 0.785197 2.14846e+10
-1.5 -1.5 1 -0.0583226 0.0162449 0.963422 1.48462e+10
-2 -1 1 -0.0767395 0.0343015 0.929629 1.58364e+10
-1.5 -0.5 1 -0.0559859 0.0559859 0.936373 1.57148e+10
-2 0 1 -0.0738719 0.0738719 0.892927 1.71071e+10
-1.5 0.5 1 -0.0516219 0.0948093 0.886532 1.7257e+10
-2 1 1 -0.0678686 0.112471 0.83736 1.91345e+10
-1.5 1.5 1 -0.0419778 0.132852 0.819855 1.97073e+10
-0.5 -1.5 1 -0.0188724 0.0188724 0.99219 1.41709e+10
-1 -1 1 -0.0375902 0.0375902 0.97042 1.47435e+10
-0.5 -0.5 1 -0.0162449 0.0583226 0.963422 1.48462e+10
-1 0 1 -0.0343015 0.0767395 0.929629 1.58364e+10
-0.5 0.5 1 -0.0109318 0.0972549 0.909788 1.62017e+10
-1 1 1 -0.0272391 0.115164 0.867732 1.77085e+10
-0.5 1.5 1 -7.23089e-05 0.135321 0.837684 1.84662e+10
0.5 -1.5 1 0.0209593 0.0209593 0.992476 1.407e+10
0 -1 1 0.00225519 0.0396895 0.985035 1.42627e+10
0.5 -0.5 1 0.0243531 0.0608309 0.963963 1.45376e+10
0 0 1 0.00641347 0.0790986 0.942821 1.51541e+10
0.5 0.5 1 0.0309519 0.100349 0.909785 1.56653e+10
0 1 1 0.0147294 0.11795 0.87802 1.68113e+10
0.5 1.5 1 0.0430169 0.138856 0.836182 1.76615e+10
1.5 -1.5 1 0.0608309 0.0243531 0.963963 1.45376e+10
1 -1 1 0.0425551 0.0425551 0.971243 1.43341e+10
1.5 -0.5 1 0.0652696 0.0652696 0.937148 1.47708e+10
1 0 1 0.047947 0.0827444 0.930138 1.49926e+10
1.5 0.5 1 0.0733369 0.105593 0.88541 1.56194e+10
1 1 1 0.0577033 0.122174 0.866172 1.63733e+10
1.5 1.5 1 0.0867644 0.144436 0.814229 1.72634e+10
2.5 -1.5 1 0.100349 0.0309519 0.909785 1.56653e+10
2 -1 1 0.0827444 0.047947 0.930138 1.49926e+10
2.5 -0.5 1 0.105593 0.0733369 0.88541 1.56194e+10
2 0 1 0.0893383 0.0893383 0.892035 1.53712e+10
2.5 0.5 1 0.114769 0.114769 0.838157 1.61176e+10
2 1 1 0.1006 0.129302 0.832031 1.64011e+10
2.5 1.5 1 0.129649 0.153706 0.772175 1.73124e+10
-2.25 -1.25 1.25 -0.10369 0.0725517 0.915167 3.89176e+09
-2.25 -0.25 1.25 -0.122972 0.112201 0.88308 4.16891e+09
-2.25 0.75 1.25 -0.140568 0.152555 0.830712 4.61153e+09
-1.25 -1.25 1.25 -0.0638934 0.053978 0.963971 3.60075e+09
-1.75 -0.75 1.25 -0.0934239 0.0832528 0.928557 3.83416e+09
-1.25 -0.25 1.25 -0.0832528 0.0934239 0.928557 3.83416e+09
-1.75 0.25 1.25 -0.112201 0.122972 0.88308 4.16891e+09
-1.25 0.75 1.25 -0.10087 0.133827 0.870299 4.2399e+09
-1.75 1.25 1.25 -0.128013 0.164638 0.818654 4.70121e+09
-0.25 -1.25 1.25 -0.0245567 0.0343907 0.986521 3.46309e+09
-0.75 -0.75 1.25 -0.053978 0.0638934 0.963971 3.60075e+09
-0.25 -0.25 1.25 -0.043584 0.0739269 0.950125 3.64935e+09
-0.75 0.25 1.25 -0.0725517 0.10369 0.915167 3.89176e+09
-0.25 0.75 1.25 -0.0606842 0.114454 0.889273 4.0064e+09
-0.75 1.25 1.25 -0.0883217 0.145127 0.845621 4.38159e+09
0.75 -1.25 1.25 0.0150137 0.0150137 0.980042 3.45932e+09
0.25 -0.75 1.25 -0.0143278 0.0444035 0.972391 3.50649e+09
0.75 -0.25 1.25 -0.00316001 0.055043 0.945013 3.59241e+09
0.25 0.25 1.25 -0.0321156 0.0845004 0.923318 3.74578e+09
0.75 0.75 1.25 -0.0191562 0.0957308 0.88524 3.88798e+09
0.25 1.25 1.25 -0.0472219 0.125749 0.852569 4.17634e+09
1.75 -1.25 1.25 0.055043 -0.00316001 0.945013 3.59241e+09
1.25 -0.75 1.25 0.025891 0.025891 0.952469 3.54179e+09
1.75 -0.25 1.25 0.0378243 0.0378243 0.913236 3.66265e+09
1.25 0.25 1.25 0.00931086 0.0665036 0.906075 3.71854e+09
1.75 0.75 1.25 0.0231075 0.0786263 0.857885 3.88035e+09
1.25 1.25 1.25 -0.00466451 0.107362 0.8382 4.07168e+09
2.25 -0.75 1.25 0.0665036 0.00931086 0.906075 3.71854e+09
2.25 0.25 1.25 0.0507561 0.0507561 0.864649 3.81725e+09
2.25 1.25 1.25 0.0379064 0.0909372 0.802982 4.07015e+09
-2.5 -1 1.5 -0.0992741 0.0267539 0.899058 1.53224e+10
-2.5 0 1.5 -0.0936456 0.0691987 0.864835 1.64937e+10
-2.5 1 1.5 -0.0851371 0.110524 0.812787 1.82776e+10
-2 -1.5 1.5 -0.0813223 0.00962688 0.9382 1.42403e+10
-1.5 -1 1.5 -0.0581067 0.0344301 0.952114 1.40434e+10
-2 -0.5 1.5 -0.0761361 0.0522039 0.912378 1.50838e+10
-1.5 0 1.5 -0.0522039 0.0761361 0.912378 1.50838e+10
-2 0.5 1.5 -0.0691987 0.0936456 0.864835 1.64937e+10
-1.5 1 1.5 -0.0427468 0.116873 0.852285 1.67917e+10
-2 1.5 1.5 -0.0571356 0.134153 0.801151 1.86558e+10
-1 -1.5 1.5 -0.0397125 0.0161405 0.980816 1.33599e+10
-0.5 -1 1.5 -0.0161405 0.0397125 0.980816 1.33599e+10
-1 -0.5 1.5 -0.0344301 0.0581067 0.952114 1.40434e+10
-0.5 0 1.5 -0.00962688 0.0813223 0.9382 1.42403e+10
-1 0.5 1.5 -0.0267539 0.0992741 0.899058 1.53224e+10
-0.5 1 1.5 0.000886303 0.122154 0.873202 1.58e+10
-1 1.5 1.5 -0.0135524 0.139416 0.827949 1.73906e+10
0 -1.5 1.5 0.00243698 0.0211081 0.995892 1.30214e+10
0.5 -1 1.5 0.0264404 0.0447905 0.981357 1.3179e+10
0 -0.5 1.5 0.00821745 0.0631185 0.966493 1.35303e+10
0.5 0 1.5 0.0339315 0.0868586 0.938644 1.38693e+10
0 0.5 1.5 0.0169209 0.104595 0.911166 1.4633e+10
0.5 1 1.5 0.0456317 0.128131 0.872566 1.52168e+10
0 1.5 1.5 0.0311547 0.144943 0.836349 1.6514e+10
1 -1.5 1.5 0.0447905 0.0264404 0.981357 1.3179e+10
1.5 -1 1.5 0.0691139 0.0514323 0.953085 1.3492e+10
1 -0.5 1.5 0.0514323 0.0691139 0.953085 1.3492e+10
1.5 0 1.5 0.0777502 0.0943582 0.912631 1.39537e+10
1 0.5 1.5 0.0613889 0.111169 0.898826 1.43709e+10
1.5 1 1.5 0.0907481 0.135969 0.849188 1.50199e+10
1 1.5 1.5 0.0766699 0.151774 0.824548 1.5978e+10
2 -1.5 1.5 0.0868586 0.0339315 0.938644 1.38693e+10
2.5 -1 1.5 0.111169 0.0613889 0.898826 1.43709e+10
2 -0.5 1.5 0.0943582 0.0777502 0.912631 1.39537e+10
2.5 0 1.5 0.120531 0.105494 0.862139 1.45484e+10
2 0.5 1.5 0.105494 0.120531 0.862139 1.45484e+10
2.5 1 1.5 0.134588 0.147464 0.80395 1.5248e+10
2 1.5 1.5 0.121982 0.161021 0.79206 1.57892e+10
