449
-2.5 -1 -1.5 0.101804 0.487764 0.361915 7.85538e+09
-2.5 0 -1.5 0.103974 0.600234 0.326662 9.83012e+09
-2.5 1 -1.5 0.129458 0.674594 0.282209 1.06078e+10
-2 -1.5 -1.5 -0.00406396 0.416273 0.414104 6.95109e+09
-1.5 -1 -1.5 -0.0740126 0.503536 0.430424 8.64854e+09
-2 -0.5 -1.5 0.00422312 0.545002 0.393365 9.76276e+09
-1.5 0 -1.5 -0.0513685 0.614864 0.414535 1.2066e+10
-2 0.5 -1.5 0.0277723 0.644236 0.364243 1.20627e+10
-1.5 1 -1.5 -0.00413442 0.698696 0.387146 1.47064e+10
-2 1.5 -1.5 0.0810626 0.707986 0.326721 1.2835e+10
-1 -1.5 -1.5 -0.12726 0.476498 0.434857 6.8298e+09
-0.5 -1 -1.5 -0.136276 0.568519 0.422538 7.89298e+09
-1 -0.5 -1.5 -0.103115 0.589593 0.431594 1.03772e+10
-0.5 0 -1.5 -0.0972236 0.665457 0.416432 1.17182e+10
-1 0.5 -1.5 -0.061889 0.683734 0.414858 1.42494e+10
-0.5 1 -1.5 -0.0388514 0.742705 0.395727 1.56794e+10
-1 1.5 -1.5 0.00603857 0.751751 0.385025 1.70975e+10
0 -1.5 -1.5 -0.160593 0.552522 0.398495 5.62054e+09
0.5 -1 -1.5 -0.134257 0.630338 0.37322 5.98422e+09
0 -0.5 -1.5 -0.118941 0.646852 0.399869 8.61243e+09
0.5 0 -1.5 -0.0816217 0.709777 0.369972 8.83238e+09
0 0.5 -1.5 -0.065945 0.727443 0.38902 1.23495e+10
0.5 1 -1.5 -0.0175711 0.774113 0.353643 1.21107e+10
0 1.5 -1.5 0.00596033 0.787988 0.362878 1.59298e+10
1 -1.5 -1.5 -0.146246 0.617271 0.341389 4.05153e+09
1.5 -1 -1.5 -0.0998079 0.676881 0.313687 4.01456e+09
1 -0.5 -1.5 -0.0918604 0.69238 0.34378 6.02166e+09
1.5 0 -1.5 -0.0385625 0.738423 0.311935 5.70979e+09
1 0.5 -1.5 -0.0305977 0.756696 0.335575 8.48902e+09
1.5 1 -1.5 0.0284181 0.788062 0.298575 7.64116e+09
1 1.5 -1.5 0.0410536 0.805256 0.313452 1.10414e+10
2 -1.5 -1.5 -0.107034 0.663993 0.281348 2.6457e+09
2.5 -1 -1.5 -0.0507784 0.705874 0.255735 2.45963e+09
2 -0.5 -1.5 -0.0447298 0.721126 0.284927 3.76593e+09
2.5 0 -1.5 0.0147196 0.750949 0.255682 3.34317e+09
2 0.5 -1.5 0.0207383 0.769296 0.278791 5.09922e+09
2.5 1 -1.5 0.081686 0.786783 0.244915 4.30403e+09
2 1.5 -1.5 0.0903754 0.805416 0.260193 6.46662e+09
-2.25 -0.75 -1.25 -0.603298 0.253777 0.46082 3.68578e+09
-2.25 0.25 -1.25 -0.563705 0.354963 0.432201 3.84958e+09
-2.25 1.25 -1.25 -0.517425 0.466118 0.413777 3.73396e+09
-1.75 -1.25 -1.25 -0.641442 0.296308 0.508619 4.29751e+09
-1.25 -0.75 -1.25 -0.625899 0.401091 0.505849 5.35219e+09
-1.75 -0.25 -1.25 -0.612521 0.359408 0.487668 4.90926e+09
-1.25 0.25 -1.25 -0.581435 0.471972 0.493517 6.09802e+09
-1.75 0.75 -1.25 -0.561765 0.45052 0.46919 5.01683e+09
-1.25 1.25 -1.25 -0.512623 0.553357 0.479634 6.17204e+09
-0.75 -1.25 -1.25 -0.628178 0.448649 0.489997 4.77256e+09
-0.25 -0.75 -1.25 -0.592498 0.534769 0.461688 5.13071e+09
-0.75 -0.25 -1.25 -0.589253 0.50141 0.488277 6.09699e+09
-0.25 0.25 -1.25 -0.539005 0.589459 0.460267 6.34363e+09
-0.75 0.75 -1.25 -0.527498 0.571549 0.478347 6.84786e+09
-0.25 1.25 -1.25 -0.46252 0.652413 0.448819 6.91177e+09
0.25 -1.25 -1.25 -0.592009 0.570311 0.42315 3.89172e+09
0.75 -0.75 -1.25 -0.546598 0.636889 0.390266 3.78196e+09
0.25 -0.25 -1.25 -0.545366 0.611568 0.429216 5.11023e+09
0.75 0.25 -1.25 -0.490791 0.675298 0.394739 4.70762e+09
0.25 0.75 -1.25 -0.480299 0.66186 0.425955 6.03324e+09
0.75 1.25 -1.25 -0.417422 0.717236 0.38775 5.25359e+09
1.25 -1.25 -1.25 -0.543807 0.662692 0.347033 2.6614e+09
1.75 -0.75 -1.25 -0.494309 0.71049 0.317353 2.38514e+09
1.25 -0.25 -1.25 -0.494855 0.692239 0.357747 3.42367e+09
1.75 0.25 -1.25 -0.440334 0.734938 0.325885 2.89012e+09
1.25 0.75 -1.25 -0.432636 0.724411 0.359255 4.01467e+09
1.75 1.25 -1.25 -0.374178 0.758974 0.323092 3.19529e+09
2.25 -1.25 -1.25 -0.49107 0.728112 0.275272 1.61827e+09
2.25 -0.25 -1.25 -0.442787 0.747287 0.289352 2.00416e+09
2.25 0.75 -1.25 -0.385951 0.765077 0.294305 2.29135e+09
-2.5 -1.5 -1 0.151541 0.53393 0.454065 1.89997e+10
-2.5 -0.5 -1 0.150766 0.634667 0.420741 2.71277e+10
-2.5 0.5 -1 0.176824 0.700106 0.371568 3.27422e+10
-2.5 1.5 -1 0.237815 0.732636 0.30634 3.37114e+10
-1.5 -1.5 -1 0.044254 0.538664 0.448561 1.7414e+10
-2 -1 -1 0.0879086 0.58813 0.448235 2.33562e+10
-1.5 -0.5 -1 0.0516116 0.645067 0.432767 2.75656e+10
-2 0 -1 0.0996909 0.677632 0.416234 3.29677e+10
-1.5 0.5 -1 0.0799419 0.722865 0.398701 3.80932e+10
-2 1 -1 0.143966 0.735404 0.366354 3.92168e+10
-1.5 1.5 -1 0.138908 0.771333 0.347487 4.46032e+10
-0.5 -1.5 -1 -0.00412255 0.56673 0.402805 1.34753e+10
-1 -1 -1 0.0219841 0.605918 0.424767 1.99033e+10
-0.5 -0.5 -1 0.0232519 0.665189 0.392742 2.14532e+10
-1 0 -1 0.0441839 0.697906 0.405016 3.04995e+10
-0.5 0.5 -1 0.0599983 0.742817 0.368115 3.15197e+10
-1 1 -1 0.0881326 0.763505 0.367427 4.09187e+10
-0.5 1.5 -1 0.117357 0.795363 0.326093 4.06698e+10
0.5 -1.5 -1 -0.0123684 0.59971 0.341915 9.36026e+09
0 -1 -1 0.00541009 0.630866 0.370203 1.42954e+10
0.5 -0.5 -1 0.0320012 0.682791 0.334225 1.4344e+10
0 0 -1 0.0443961 0.714141 0.355155 2.17689e+10
0.5 0.5 -1 0.0809775 0.750794 0.314214 2.07411e+10
0 1 -1 0.0936333 0.777056 0.325306 3.04014e+10
0.5 1.5 -1 0.139819 0.79874 0.278761 2.73133e+10
1.5 -1.5 -1 0.00634126 0.626332 0.279226 5.99144e+09
1 -1 -1 0.0195061 0.652752 0.308418 9.2954e+09
1.5 -0.5 -1 0.0622551 0.691876 0.27422 8.73818e+09
1 0 -1 0.0716806 0.721206 0.296467 1.35704e+10
1.5 0.5 -1 0.119961 0.745864 0.257816 1.20876e+10
1 1 -1 0.128124 0.774156 0.271314 1.85197e+10
1.5 1.5 -1 0.180628 0.784789 0.22745 1.55472e+10
2.5 -1.5 -1 0.0401231 0.641955 0.220118 3.57867e+09
2 -1 -1 0.0517079 0.665136 0.24857 5.59734e+09
2.5 -0.5 -1 0.102413 0.690589 0.218173 4.96302e+09
2 0 -1 0.111814 0.717243 0.239818 7.76675e+09
2.5 0.5 -1 0.164065 0.730258 0.205281 6.54475e+09
2 1 -1 0.172197 0.75788 0.218724 1.01677e+10
2.5 1.5 -1 0.224277 0.759316 0.179138 8.12581e+09
-2.25 -1.25 -0.75 -0.538584 0.401056 0.537716 9.58159e+09
-2.25 -0.25 -0.75 -0.50455 0.458294 0.509493 1.10215e+10
-2.25 0.75 -0.75 -0.453448 0.541354 0.473788 1.13788e+10
-1.25 -1.25 -0.75 -0.556505 0.510412 0.488884 1.04252e+10
-1.75 -0.75 -0.75 -0.539364 0.479757 0.51369 1.1957e+10
-1.25 -0.25 -0.75 -0.518254 0.560704 0.477152 1.35509e+10
-1.75 0.25 -0.75 -0.49487 0.545132 0.487335 1.36797e+10
-1.25 0.75 -0.75 -0.460612 0.625851 0.450499 1.52993e+10
-1.75 1.25 -0.75 -0.43397 0.616568 0.451912 1.38735e+10
-0.25 -1.25 -0.75 -0.543307 0.605089 0.405171 8.29795e+09
-0.75 -0.75 -0.75 -0.533634 0.581145 0.44673 1.11635e+10
-0.25 -0.25 -0.75 -0.49817 0.646428 0.401688 1.11061e+10
-0.75 0.25 -0.75 -0.482695 0.63401 0.432931 1.40237e+10
-0.25 0.75 -0.75 -0.436882 0.694932 0.385144 1.32764e+10
-0.75 1.25 -0.75 -0.412884 0.6922 0.404373 1.53469e+10
0.75 -1.25 -0.75 -0.511647 0.680055 0.318179 5.61734e+09
0.25 -0.75 -0.75 -0.507448 0.662606 0.36221 8.09064e+09
0.75 -0.25 -0.75 -0.464108 0.710504 0.320419 7.3455e+09
0.25 0.25 -0.75 -0.453787 0.700974 0.356142 1.02257e+10
0.75 0.75 -0.75 -0.404332 0.742039 0.310838 8.69381e+09
0.25 1.25 -0.75 -0.384734 0.74073 0.335372 1.14828e+10
1.75 -1.25 -0.75 -0.471526 0.732799 0.238569 3.40318e+09
1.25 -0.75 -0.75 -0.469403 0.7217 0.280586 5.06226e+09
1.75 -0.25 -0.75 -0.424379 0.752682 0.245338 4.26388e+09
1.25 0.25 -0.75 -0.416958 0.746388 0.28016 6.20063e+09
1.75 0.75 -0.75 -0.369208 0.769601 0.241159 4.89786e+09
1.25 1.25 -0.75 -0.353435 0.768715 0.266095 6.87538e+09
2.25 -0.75 -0.75 -0.428425 0.759588 0.207996 2.86741e+09
2.25 0.25 -0.75 -0.379433 0.772486 0.211768 3.37569e+09
2.25 1.25 -0.75 -0.323078 0.780701 0.202352 3.65966e+09
-2.5 -1 -0.5 0.190145 0.662943 0.471336 6.61497e+10
-2.5 0 -0.5 0.200979 0.727755 0.428156 9.21186e+10
-2.5 1 -0.5 0.255674 0.759743 0.362893 1.04568e+11
-2 -1.5 -0.5 0.171535 0.606403 0.467918 4.75767e+10
-1.5 -1 -0.5 0.152119 0.652216 0.434168 5.40456e+10
-2 -0.5 -0.5 0.163929 0.700694 0.442499 7.79462e+10
-1.5 0 -0.5 0.160166 0.734933 0.402897 8.50147e+10
-2 0.5 -0.5 0.188882 0.759072 0.394772 1.06451e+11
-1.5 1 -0.5 0.197688 0.785561 0.350546 1.12838e+11
-2 1.5 -0.5 0.251056 0.787312 0.326526 1.20138e+11
-1 -1.5 -0.5 0.138833 0.593923 0.413525 3.48528e+10
-0.5 -1 -0.5 0.141342 0.642208 0.374007 3.68945e+10
-1 -0.5 -0.5 0.150998 0.692755 0.393271 5.7656e+10
-0.5 0 -0.5 0.165939 0.726478 0.347844 5.79308e+10
-1 0.5 -0.5 0.173846 0.763801 0.356078 8.63583e+10
-0.5 1 -0.5 0.20163 0.785139 0.305061 8.19969e+10
-1 1.5 -0.5 0.22223 0.805172 0.299247 1.10287e+11
0 -1.5 -0.5 0.126251 0.591621 0.3489 2.33417e+10
0.5 -1 -0.5 0.147857 0.635153 0.309612 2.32504e+10
0 -0.5 -0.5 0.158878 0.681435 0.331459 3.6938e+10
0.5 0 -0.5 0.188995 0.710048 0.287508 3.48806e+10
0 0.5 -0.5 0.194421 0.751274 0.299931 5.47292e+10
0.5 1 -0.5 0.233425 0.765414 0.250573 4.84738e+10
0 1.5 -0.5 0.240774 0.796641 0.251308 7.2609e+10
1 -1.5 -0.5 0.133064 0.592403 0.283503 1.46434e+10
1.5 -1 -0.5 0.168774 0.626204 0.247572 1.37609e+10
1 -0.5 -0.5 0.180628 0.666961 0.269747 2.1919e+10
1.5 0 -0.5 0.221438 0.686578 0.229829 1.95205e+10
1 0.5 -0.5 0.228494 0.727081 0.24293 3.09968e+10
1.5 1 -0.5 0.273199 0.733012 0.198143 2.59939e+10
1 1.5 -0.5 0.278558 0.768733 0.200621 4.03679e+10
2 -1.5 -0.5 0.154561 0.589858 0.221488 8.65972e+09
2.5 -1 -0.5 0.19851 0.612388 0.189909 7.71096e+09
2 -0.5 -0.5 0.211236 0.647673 0.212003 1.22609e+10
2.5 0 -0.5 0.256923 0.657916 0.176635 1.03787e+10
2 0.5 -0.5 0.266432 0.694911 0.189946 1.64622e+10
2.5 1 -0.5 0.311852 0.693846 0.14979 1.32159e+10
2 1.5 -0.5 0.318954 0.72945 0.153104 2.06918e+10
-2.25 -0.75 -0.25 -0.41516 0.571737 0.535843 2.73518e+10
-2.25 0.25 -0.25 -0.362873 0.632549 0.499762 3.12329e+10
-2.25 1.25 -0.25 -0.298915 0.698133 0.449507 3.20149e+10
-1.75 -1.25 -0.25 -0.447526 0.586488 0.501269 2.33681e+10
-1.25 -0.75 -0.25 -0.433864 0.642691 0.446353 2.48915e+10
-1.75 -0.25 -0.25 -0.403062 0.636614 0.481462 3.0819e+10
-1.25 0.25 -0.25 -0.37797 0.696293 0.420402 3.17497e+10
-1.75 0.75 -0.25 -0.341145 0.698874 0.440076 3.49656e+10
-1.25 1.25 -0.25 -0.307412 0.751656 0.374888 3.49836e+10
-0.75 -1.25 -0.25 -0.458334 0.652168 0.401927 1.81731e+10
-0.25 -0.75 -0.25 -0.430076 0.700642 0.348572 1.78103e+10
-0.75 -0.25 -0.25 -0.407413 0.696669 0.38841 2.47696e+10
-0.25 0.25 -0.25 -0.371604 0.741714 0.33056 2.28705e+10
-0.75 0.75 -0.25 -0.342964 0.745631 0.357572 3.00184e+10
-0.25 1.25 -0.25 -0.300369 0.78157 0.293744 2.58809e+10
0.25 -1.25 -0.25 -0.446183 0.706799 0.303907 1.22279e+10
0.75 -0.75 -0.25 -0.409868 0.742277 0.257366 1.11177e+10
0.25 -0.25 -0.25 -0.393676 0.740907 0.296385 1.62704e+10
0.75 0.25 -0.25 -0.352473 0.769913 0.24591 1.37846e+10
0.25 0.75 -0.25 -0.329554 0.774474 0.273379 1.94569e+10
0.75 1.25 -0.25 -0.284848 0.793493 0.217361 1.5347e+10
1.25 -1.25 -0.25 -0.421638 0.744524 0.215516 7.41977e+09
1.75 -0.75 -0.25 -0.38292 0.766566 0.177111 6.30204e+09
1.25 -0.25 -0.25 -0.369846 0.767572 0.213231 9.42158e+09
1.75 0.25 -0.25 -0.329042 0.781722 0.171102 7.47492e+09
1.25 0.75 -0.25 -0.309667 0.786542 0.197109 1.0888e+10
1.75 1.25 -0.25 -0.267716 0.790681 0.14917 8.10136e+09
2.25 -1.25 -0.25 -0.392774 0.766114 0.138725 4.15762e+09
2.25 -0.25 -0.25 -0.344051 0.778546 0.140944 5.02859e+09
2.25 0.75 -0.25 -0.289569 0.784699 0.129899 5.60375e+09
-2.5 -1.5 0 0.249783 0.664921 0.49005 1.32119e+11
-2.5 -0.5 0 0.231759 0.745356 0.45786 2.21222e+11
-2.5 0.5 0 0.265882 0.783074 0.400605 2.88672e+11
-2.5 1.5 0 0.341964 0.791035 0.321784 3.08452e+11
-1.5 -1.5 0 0.249048 0.627691 0.431497 9.34471e+10
-2 -1 0 0.240732 0.696862 0.450448 1.50676e+11
-1.5 -0.5 0 0.245934 0.724092 0.403873 1.60339e+11
-2 0 0 0.239124 0.768676 0.410958 2.40946e+11
-1.5 0.5 0 0.259767 0.786623 0.356996 2.42905e+11
-2 1 0 0.281592 0.802559 0.347452 3.09114e+11
-1.5 1.5 0 0.308926 0.814436 0.288332 3.02376e+11
-0.5 -1.5 0 0.249282 0.595941 0.364554 6.09853e+10
-1 -1 0 0.252648 0.663198 0.387339 9.94107e+10
-0.5 -0.5 0 0.268671 0.69132 0.339784 9.99025e+10
-1 0 0 0.263474 0.746016 0.352664 1.6069e+11
-0.5 0.5 0 0.291412 0.760816 0.299097 1.51519e+11
-1 1 0 0.290112 0.798092 0.299431 2.2905e+11
-0.5 1.5 0 0.328935 0.801249 0.239523 2.01348e+11
0.5 -1.5 0 0.25652 0.571021 0.296837 3.77412e+10
0 -1 0 0.266616 0.630432 0.32077 6.1253e+10
0.5 -0.5 0 0.294074 0.654976 0.276225 5.81911e+10
0 0 0 0.295356 0.710829 0.290738 9.46663e+10
0.5 0.5 0 0.330648 0.720673 0.241081 8.43059e+10
0 1 0 0.328099 0.766833 0.244203 1.33823e+11
0.5 1.5 0 0.370092 0.763793 0.188835 1.11024e+11
1.5 -1.5 0 0.273362 0.548733 0.232113 2.22076e+10
1 -1 0 0.28613 0.599664 0.256528 3.58349e+10
1.5 -0.5 0 0.322851 0.617242 0.216577 3.2214e+10
1 0 0 0.329519 0.668963 0.231612 5.21448e+10
1.5 0.5 0 0.369633 0.673093 0.1871 4.41694e+10
1 1 0 0.371093 0.721128 0.191283 7.07454e+10
1.5 1.5 0 0.412865 0.713478 0.141404 5.62616e+10
2.5 -1.5 0 0.297714 0.525626 0.171632 1.24545e+10
2 -1 0 0.311691 0.568968 0.196416 1.99857e+10
2.5 -0.5 0 0.353392 0.579021 0.161183 1.71078e+10
2 0 0 0.363581 0.624666 0.176924 2.74628e+10
2.5 0.5 0 0.405 0.623734 0.137144 2.23025e+10
2 1 0 0.410822 0.668971 0.142477 3.55486e+10
2.5 1.5 0 0.44996 0.65883 0.0972366 2.73778e+10
-2.25 -1.25 0.25 -0.261578 0.66832 0.513825 7.14636e+10
-2.25 -0.25 0.25 -0.201183 0.720254 0.488606 9.61275e+10
-2.25 0.75 0.25 -0.123984 0.774933 0.437225 1.10553e+11
-1.25 -1.25 0.25 -0.294536 0.705167 0.406518 5.46848e+10
-1.75 -0.75 0.25 -0.250134 0.71265 0.452452 7.6471e+10
-1.25 -0.25 0.25 -0.224546 0.75775 0.386014 7.70853e+10
-1.75 0.25 0.25 -0.176376 0.769313 0.417178 1.00403e+11
-1.25 0.75 0.25 -0.143646 0.808241 0.344715 9.65184e+10
-1.75 1.25 0.25 -0.0934553 0.817311 0.360487 1.13318e+11
-0.25 -1.25 0.25 -0.299919 0.738023 0.298704 3.67176e+10
-0.75 -0.75 0.25 -0.266367 0.746899 0.345616 5.44003e+10
-0.25 -0.25 0.25 -0.228843 0.781109 0.285521 5.06242e+10
-0.75 0.25 0.25 -0.189116 0.794629 0.319476 7.24111e+10
-0.25 0.75 0.25 -0.145664 0.819618 0.253824 6.25595e+10
-0.75 1.25 0.25 -0.101726 0.834705 0.271513 8.44451e+10
0.75 -1.25 0.25 -0.288087 0.758616 0.200753 2.24252e+10
0.25 -0.75 0.25 -0.26172 0.769086 0.245086 3.40455e+10
0.75 -0.25 0.25 -0.217825 0.789828 0.194224 2.93744e+10
0.25 0.25 0.25 -0.184679 0.804101 0.227437 4.3615e+10
0.75 0.75 0.25 -0.136789 0.815172 0.171626 3.49222e+10
0.25 1.25 0.25 -0.0973918 0.831807 0.189876 4.99585e+10
1.75 -1.25 0.25 -0.267041 0.765992 0.115647 1.26746e+10
1.25 -0.75 0.25 -0.245088 0.777207 0.156415 1.9407e+10
1.75 -0.25 0.25 -0.199862 0.785559 0.11502 1.57253e+10
1.25 0.25 0.25 -0.171037 0.799506 0.146017 2.3649e+10
1.75 0.75 0.25 -0.124096 0.798003 0.0997172 1.79098e+10
1.25 1.25 0.25 -0.0883435 0.814084 0.117702 2.62227e+10
2.25 -0.75 0.25 -0.223606 0.773274 0.0802157 1.03385e+10
2.25 0.25 0.25 -0.154812 0.783618 0.0755522 1.20163e+10
2.25 1.25 0.25 -0.0786581 0.786279 0.0538609 1.29163e+10
-2.5 -1 0.5 -0.0223932 0.694939 0.51168 2.88829e+11
-2.5 0 0.5 0.0414416 0.75522 0.465384 4.22337e+11
-2.5 1 0.5 0.114351 0.78763 0.398732 4.92146e+11
-2 -1.5 0.5 -0.085114 0.658083 0.493478 1.99609e+11
-1.5 -1 0.5 -0.0784552 0.693063 0.444063 2.1392e+11
-2 -0.5 0.5 -0.0217521 0.725162 0.462712 3.12137e+11
-1.5 0 0.5 -0.00773331 0.755523 0.406416 3.16144e+11
-2 0.5 0.5 0.0494633 0.781438 0.409767 4.32198e+11
-1.5 1 0.5 0.0705515 0.802446 0.348747 4.12586e+11
-2 1.5 0.5 0.129663 0.810169 0.338339 4.9611e+11
-1 -1.5 0.5 -0.129702 0.663783 0.41377 1.41716e+11
-0.5 -1 0.5 -0.107429 0.697958 0.362753 1.41923e+11
-1 -0.5 0.5 -0.059881 0.726018 0.389668 2.15293e+11
-0.5 0 0.5 -0.0309724 0.751978 0.333831 2.02781e+11
-1 0.5 0.5 0.0177476 0.779551 0.347065 2.98945e+11
-0.5 1 0.5 0.052442 0.79374 0.28645 2.60614e+11
-1 1.5 0.5 0.102273 0.814713 0.284196 3.61114e+11
0 -1.5 0.5 -0.148233 0.674103 0.328729 9.22656e+10
0.5 -1 0.5 -0.114776 0.700624 0.282077 8.65353e+10
0 -0.5 0.5 -0.0757294 0.724767 0.311385 1.33378e+11
0.5 0 0.5 -0.0369326 0.741175 0.261148 1.16769e+11
0 0.5 0.5 0.00604616 0.767641 0.278189 1.77064e+11
0.5 1 0.5 0.0483298 0.772152 0.22362 1.43716e+11
0 1.5 0.5 0.0934903 0.796813 0.226029 2.10162e+11
1 -1.5 0.5 -0.147437 0.68016 0.247809 5.57468e+10
1.5 -1 0.5 -0.107596 0.696077 0.207979 4.90305e+10
1 -0.5 0.5 -0.0750573 0.717028 0.237203 7.59397e+10
1.5 0 0.5 -0.0317267 0.722713 0.194339 6.24477e+10
1 0.5 0.5 0.00619514 0.746538 0.212545 9.54278e+10
1.5 1 0.5 0.0506995 0.741059 0.16563 7.33194e+10
1 1.5 0.5 0.0925606 0.765445 0.170627 1.09288e+11
2 -1.5 0.5 -0.134717 0.678184 0.174775 3.15085e+10
2.5 -1 0.5 -0.0927079 0.683713 0.142036 2.61918e+10
2 -0.5 0.5 -0.0646874 0.701755 0.17043 4.05473e+10
2.5 0 0.5 -0.021121 0.697586 0.134631 3.17055e+10
2 0.5 0.5 0.0125603 0.718019 0.153206 4.84271e+10
2.5 1 0.5 0.0556717 0.704383 0.112943 3.57609e+10
2 1.5 0.5 0.0941396 0.726165 0.119749 5.35338e+10
-2.25 -0.75 0.75 -0.000529472 0.734314 0.464519 8.95735e+10
-2.25 0.25 0.75 0.0728239 0.785162 0.420033 1.20221e+11
-2.25 1.25 0.75 0.153573 0.81559 0.353725 1.37781e+11
-1.75 -1.25 0.75 -0.0483266 0.70751 0.429317 6.21806e+10
-1.25 -0.75 0.75 -0.0204649 0.741098 0.371415 6.34455e+10
-1.75 -0.25 0.75 0.0255366 0.766521 0.402764 9.17182e+10
-1.25 0.25 0.75 0.062848 0.795584 0.337985 8.94852e+10
-1.75 0.75 0.75 0.107971 0.814035 0.351195 1.2017e+11
-1.25 1.25 0.75 0.151569 0.830374 0.280993 1.09143e+11
-0.75 -1.25 0.75 -0.0640672 0.714168 0.329393 4.20013e+10
-0.25 -0.75 0.75 -0.0236828 0.743173 0.275629 4.04948e+10
-0.75 -0.25 0.75 0.0186845 0.770292 0.311849 6.1364e+10
-0.25 0.25 0.75 0.0665713 0.788313 0.25373 5.51259e+10
-0.75 0.75 0.75 0.108982 0.812839 0.27345 8.04395e+10
-0.25 1.25 0.75 0.162099 0.818948 0.209425 6.70025e+10
0.25 -1.25 0.75 -0.0620702 0.717281 0.233075 2.63196e+10
0.75 -0.75 0.75 -0.0129078 0.7357 0.187707 2.37376e+10
0.25 -0.25 0.75 0.0252526 0.761608 0.224113 3.64529e+10
0.75 0.25 0.75 0.0799485 0.769102 0.174821 3.06267e+10
0.25 0.75 0.75 0.120713 0.795293 0.197111 4.60725e+10
0.75 1.25 0.75 0.177249 0.7914 0.141973 3.60331e+10
1.25 -1.25 0.75 -0.0463027 0.711802 0.146935 1.5346e+10
1.75 -0.75 0.75 0.00730401 0.719706 0.110358 1.3021e+10
1.25 -0.25 0.75 0.0416009 0.743449 0.14516 2.00457e+10
1.75 0.25 0.75 0.0983041 0.740987 0.104668 1.59284e+10
1.25 0.75 0.75 0.136939 0.766043 0.127306 2.4149e+10
1.75 1.25 0.75 0.192883 0.753762 0.0804597 1.80447e+10
2.25 -1.25 0.75 -0.0222779 0.698186 0.0720524 8.41874e+09
2.25 -0.25 0.75 0.0629738 0.717794 0.0760784 1.04208e+10
2.25 0.75 0.75 0.154207 0.729676 0.0648641 1.20166e+10
-2.5 -1.5 1 -0.270465 0.693567 0.53746 2.29202e+11
-2.5 -0.5 1 -0.196092 0.742893 0.508324 3.2891e+11
-2.5 0.5 1 -0.11169 0.78964 0.456442 4.115e+11
-2.5 1.5 1 -0.0236715 0.82829 0.388719 4.54853e+11
-1.5 -1.5 1 -0.324883 0.724434 0.452373 1.81441e+11
-2 -1 1 -0.266519 0.732211 0.487183 2.52874e+11
-1.5 -0.5 1 -0.253297 0.771329 0.429118 2.59693e+11
-2 0 1 -0.188956 0.781924 0.450239 3.43396e+11
-1.5 0.5 1 -0.166935 0.820832 0.385609 3.36872e+11
-2 1 1 -0.0974794 0.829883 0.39256 4.1633e+11
-1.5 1.5 1 -0.0761183 0.858022 0.323794 3.77604e+11
-0.5 -1.5 1 -0.351574 0.75635 0.356324 1.26205e+11
-1 -1 1 -0.307533 0.762525 0.396649 1.84646e+11
-0.5 -0.5 1 -0.280619 0.798145 0.338486 1.76461e+11
-1 0 1 -0.228251 0.808972 0.366947 2.50456e+11
-0.5 0.5 1 -0.199987 0.836384 0.304768 2.2127e+11
-1 1 1 -0.141307 0.848503 0.319375 2.99588e+11
-0.5 1.5 1 -0.114066 0.86523 0.252613 2.4208e+11
0.5 -1.5 1 -0.357812 0.782447 0.262305 7.99e+10
0 -1 1 -0.32357 0.789353 0.302829 1.20086e+11
0.5 -0.5 1 -0.292774 0.814175 0.250931 1.06119e+11
0 0 1 -0.250681 0.824566 0.281278 1.5571e+11
0.5 0.5 1 -0.22124 0.840613 0.2258 1.26596e+11
0 1 1 -0.171424 0.853002 0.243455 1.79007e+11
0.5 1.5 1 -0.146216 0.857648 0.184397 1.33369e+11
1.5 -1.5 1 -0.353708 0.797838 0.176942 4.65447e+10
1 -1 1 -0.326754 0.805363 0.215641 7.07944e+10
1.5 -0.5 1 -0.296896 0.819314 0.171639 5.83562e+10
1 0 1 -0.262928 0.82927 0.201312 8.68506e+10
1.5 0.5 1 -0.237137 0.833918 0.154281 6.61189e+10
1 1 1 -0.195613 0.845424 0.172806 9.53094e+10
1.5 1.5 1 -0.176284 0.838703 0.122401 6.71349e+10
2.5 -1.5 1 -0.345656 0.802898 0.101951 2.5314e+10
2 -1 1 -0.324113 0.810622 0.138163 3.86407e+10
2.5 -0.5 1 -0.298604 0.814577 0.102047 3.00574e+10
2 0 1 -0.271164 0.823633 0.130272 4.49195e+10
2.5 0.5 1 -0.25148 0.818219 0.0910046 3.25616e+10
2 1 1 -0.217564 0.827947 0.109586 4.72631e+10
2.5 1.5 1 -0.204335 0.812118 0.0662769 3.21638e+10
-2.25 -1.25 1.25 0.151083 0.64993 0.464834 2.89028e+10
-2.25 -0.25 1.25 0.218154 0.716241 0.423134 4.30029e+10
-2.25 0.75 1.25 0.283794 0.755578 0.351547 5.47254e+10
-1.25 -1.25 1.25 0.133093 0.636106 0.402388 2.03776e+10
-1.75 -0.75 1.25 0.178882 0.678276 0.42319 3.05118e+10
-1.25 -0.25 1.25 0.210858 0.705387 0.373841 3.0697e+10
-1.75 0.25 1.25 0.250758 0.738849 0.373678 4.35548e+10
-1.25 0.75 1.25 0.29735 0.752291 0.321349 4.135e+10
-1.75 1.25 1.25 0.335917 0.764801 0.300078 5.25652e+10
-0.25 -1.25 1.25 0.118884 0.633562 0.323473 1.34501e+10
-0.75 -0.75 1.25 0.165887 0.668341 0.355175 2.05113e+10
-0.25 -0.25 1.25 0.210977 0.692515 0.307285 1.94966e+10
-0.75 0.25 1.25 0.255475 0.724832 0.322827 2.91498e+10
-0.25 0.75 1.25 0.305903 0.734758 0.270301 2.57651e+10
-0.75 1.25 1.25 0.34715 0.757811 0.265412 3.64942e+10
0.75 -1.25 1.25 0.122856 0.63198 0.24351 8.30603e+09
0.25 -0.75 1.25 0.165572 0.660762 0.279463 1.27742e+10
0.75 -0.25 1.25 0.219543 0.676714 0.236766 1.13676e+10
0.25 0.25 1.25 0.263075 0.705962 0.259476 1.73004e+10
0.75 0.75 1.25 0.31888 0.709255 0.211573 1.43697e+10
0.25 1.25 1.25 0.359872 0.735194 0.216492 2.1267e+10
1.75 -1.25 1.25 0.140656 0.625143 0.169151 4.80064e+09
1.25 -0.75 1.25 0.17806 0.649533 0.20574 7.40363e+09
1.75 -0.25 1.25 0.236757 0.656329 0.169634 6.21068e+09
1.25 0.25 1.25 0.277152 0.682043 0.194936 9.49367e+09
1.75 0.75 1.25 0.33432 0.678171 0.153325 7.48121e+09
1.25 1.25 1.25 0.374085 0.703491 0.16341 1.12321e+10
2.25 -0.75 1.25 0.199554 0.633092 0.1382 4.04265e+09
2.25 0.25 1.25 0.295136 0.653916 0.134177 4.92823e+09
2.25 1.25 1.25 0.387459 0.667716 0.110887 5.61432e+09
-2.5 -1 1.5 -0.152861 0.72827 0.502697 1.4097e+11
-2.5 0 1.5 -0.0661868 0.775311 0.451004 1.91961e+11
-2.5 1 1.5 0.0225512 0.812576 0.384453 2.42039e+11
-2 -1.5 1.5 -0.224117 0.712913 0.494469 1.05208e+11
-1.5 -1 1.5 -0.208417 0.750438 0.446746 1.11731e+11
-2 -0.5 1.5 -0.140739 0.763983 0.457408 1.507e+11
-1.5 0 1.5 -0.11972 0.80052 0.403099 1.5262e+11
-2 0.5 1.5 -0.0507655 0.811594 0.399177 1.96673e+11
-1.5 1 1.5 -0.0207092 0.839477 0.341368 1.84368e+11
-2 1.5 1.5 0.0488305 0.840516 0.326072 2.2306e+11
-1 -1.5 1.5 -0.266841 0.739973 0.421544 7.91986e+10
-0.5 -1 1.5 -0.239952 0.776787 0.368968 7.86449e+10
-1 -0.5 1.5 -0.183922 0.787747 0.392292 1.1189e+11
-0.5 0 1.5 -0.151033 0.81863 0.335667 1.04008e+11
-1 0.5 1.5 -0.0881903 0.83029 0.345001 1.42579e+11
-0.5 1 1.5 -0.0550537 0.849581 0.284952 1.21597e+11
-1 1.5 1.5 0.0115856 0.857262 0.279425 1.57729e+11
0 -1.5 1.5 -0.28652 0.768122 0.336478 5.36055e+10
0.5 -1 1.5 -0.251926 0.797694 0.286724 4.95484e+10
0 -0.5 1.5 -0.205982 0.807483 0.315348 7.28305e+10
0.5 0 1.5 -0.170645 0.828266 0.262471 6.22859e+10
0 0.5 1.5 -0.116677 0.839105 0.278722 8.87523e+10
0.5 1 1.5 -0.083466 0.848684 0.22247 6.97091e+10
0 1.5 1.5 -0.0223556 0.857815 0.224436 9.49477e+10
1 -1.5 1.5 -0.289258 0.789303 0.252229 3.3038e+10
1.5 -1 1.5 -0.253301 0.808851 0.208596 2.8462e+10
1 -0.5 1.5 -0.216066 0.81808 0.238416 4.25173e+10
1.5 0 1.5 -0.182156 0.828461 0.192025 3.39004e+10
1 0.5 1.5 -0.136963 0.838504 0.211038 4.92754e+10
1.5 1 1.5 -0.10787 0.837772 0.161697 3.63101e+10
1 1.5 1.5 -0.0547292 0.84664 0.168153 5.07632e+10
2 -1.5 1.5 -0.283334 0.80053 0.174659 1.87884e+10
2.5 -1 1.5 -0.249747 0.810408 0.138026 1.52171e+10
2 -0.5 1.5 -0.219438 0.819057 0.167197 2.28747e+10
2.5 0 1.5 -0.190151 0.819728 0.127911 1.72489e+10
2 0.5 1.5 -0.152875 0.828575 0.147765 2.52756e+10
2.5 1 1.5 -0.129505 0.818981 0.10522 1.78194e+10
2 1.5 1.5 -0.0847777 0.826642 0.114282 2.52354e+10
