449
-2.5 -1 -1.5 -0.447658 -0.217899 0.334692 6.37479e+09
-2.5 0 -1.5 -0.525933 -0.383256 0.277188 5.56243e+09
-2.5 1 -1.5 -0.512689 -0.472987 0.236439 3.98031e+09
-2 -1.5 -1.5 -0.338106 -0.0998793 0.389897 5.52099e+09
-1.5 -1 -1.5 -0.271769 -0.221993 0.365841 4.37485e+09
-2 -0.5 -1.5 -0.416079 -0.330269 0.318778 5.16054e+09
-1.5 0 -1.5 -0.376116 -0.426353 0.312943 4.11468e+09
-2 0.5 -1.5 -0.481449 -0.455001 0.279146 4.3638e+09
-1.5 1 -1.5 -0.402676 -0.52304 0.278325 3.30856e+09
-2 1.5 -1.5 -0.405424 -0.533187 0.233023 2.9025e+09
-1 -1.5 -1.5 -0.169134 -0.0808717 0.411242 3.61217e+09
-0.5 -1 -1.5 -0.0740111 -0.189398 0.394906 2.87313e+09
-1 -0.5 -1.5 -0.210471 -0.340879 0.348852 3.47709e+09
-0.5 0 -1.5 -0.141282 -0.444381 0.339503 2.77654e+09
-1 0.5 -1.5 -0.310163 -0.509611 0.310158 3.22369e+09
-0.5 1 -1.5 -0.213083 -0.579742 0.306782 2.51806e+09
-1 1.5 -1.5 -0.286862 -0.586315 0.273528 2.50051e+09
0 -1.5 -1.5 -0.0267493 -0.0436717 0.425033 2.34772e+09
0.5 -1 -1.5 0.0687066 -0.128442 0.419634 1.93163e+09
0 -0.5 -1.5 0.0128716 -0.294237 0.382858 2.31789e+09
0.5 0 -1.5 0.0942008 -0.37875 0.377709 1.90963e+09
0 0.5 -1.5 -0.0569033 -0.524146 0.335896 2.23664e+09
0.5 1 -1.5 0.0568311 -0.566594 0.334813 1.8247e+09
0 1.5 -1.5 -0.0712403 -0.620957 0.300688 1.97072e+09
1 -1.5 -1.5 0.0565733 -0.0017277 0.430421 1.55941e+09
1.5 -1 -1.5 0.12835 -0.0682331 0.432876 1.33916e+09
1 -0.5 -1.5 0.148588 -0.204575 0.417196 1.62546e+09
1.5 0 -1.5 0.212663 -0.261664 0.418622 1.41279e+09
1 0.5 -1.5 0.178858 -0.428886 0.378471 1.6177e+09
1.5 1 -1.5 0.26813 -0.439672 0.381534 1.43014e+09
1 1.5 -1.5 0.203792 -0.557919 0.33338 1.54861e+09
2 -1.5 -1.5 0.08261 0.0299649 0.427008 1.05542e+09
2.5 -1 -1.5 0.12413 -0.0271078 0.432913 9.45365e+08
2 -0.5 -1.5 0.17858 -0.126696 0.436407 1.18441e+09
2.5 0 -1.5 0.206987 -0.172452 0.440106 1.0866e+09
2 0.5 -1.5 0.261424 -0.295578 0.421883 1.27911e+09
2.5 1 -1.5 0.293549 -0.305858 0.424213 1.21417e+09
2 1.5 -1.5 0.351025 -0.412167 0.383681 1.33929e+09
-2.25 -0.75 -1.25 -0.157222 0.47235 0.413456 2.03005e+09
-2.25 0.25 -1.25 -0.34931 0.298589 0.425501 1.62579e+09
-2.25 1.25 -1.25 -0.474233 0.213381 0.47619 1.31377e+09
-1.75 -1.25 -1.25 -0.124631 0.587586 0.48692 2.36018e+09
-1.25 -0.75 -1.25 -0.0765775 0.524883 0.484954 1.72401e+09
-1.75 -0.25 -1.25 -0.164105 0.39582 0.430091 1.56884e+09
-1.25 0.25 -1.25 -0.174764 0.340416 0.46873 1.24917e+09
-1.75 0.75 -1.25 -0.350352 0.265914 0.47398 1.32178e+09
-1.25 1.25 -1.25 -0.332833 0.248094 0.523216 1.06465e+09
-0.75 -1.25 -1.25 -0.123329 0.601316 0.541953 1.89609e+09
-0.25 -0.75 -1.25 -0.0732898 0.550652 0.553633 1.39855e+09
-0.75 -0.25 -1.25 -0.0537555 0.456857 0.499978 1.28995e+09
-0.25 0.25 -1.25 -0.0539265 0.392975 0.531685 9.86324e+08
-0.75 0.75 -1.25 -0.181326 0.301738 0.517304 1.00656e+09
-0.25 1.25 -1.25 -0.191606 0.277415 0.576485 8.24561e+08
0.25 -1.25 -1.25 -0.160231 0.591294 0.57276 1.36136e+09
0.75 -0.75 -1.25 -0.132017 0.542706 0.595712 1.04776e+09
0.25 -0.25 -1.25 -0.0514836 0.489848 0.574795 1.04672e+09
0.75 0.25 -1.25 -0.0631213 0.426595 0.60915 8.20136e+08
0.25 0.75 -1.25 -0.0790365 0.3409 0.581932 7.87705e+08
0.75 1.25 -1.25 -0.116357 0.29762 0.634818 6.65366e+08
1.25 -1.25 -1.25 -0.218427 0.568704 0.581616 9.23331e+08
1.75 -0.75 -1.25 -0.213042 0.51719 0.606537 7.49783e+08
1.25 -0.25 -1.25 -0.130572 0.484543 0.622055 8.29415e+08
1.75 0.25 -1.25 -0.15606 0.419305 0.64844 6.87712e+08
1.25 0.75 -1.25 -0.100061 0.363234 0.647418 6.80975e+08
1.75 1.25 -1.25 -0.155621 0.296944 0.67718 6.02142e+08
2.25 -1.25 -1.25 -0.284436 0.541712 0.573163 6.2089e+08
2.25 -0.25 -1.25 -0.231215 0.457836 0.628498 6.34068e+08
2.25 0.75 -1.25 -0.206293 0.348202 0.668839 6.07837e+08
-2.5 -1.5 -1 -0.53393 -0.151541 0.454065 1.89997e+10
-2.5 -0.5 -1 -0.566326 -0.295629 0.422544 1.72602e+10
-2.5 0.5 -1 -0.542871 -0.418198 0.379635 1.2088e+10
-2.5 1.5 -1 -0.356955 -0.531661 0.316123 6.46945e+09
-1.5 -1.5 -1 -0.393862 -0.157069 0.472272 1.17302e+10
-2 -1 -1 -0.485177 -0.229982 0.455941 1.5104e+10
-1.5 -0.5 -1 -0.432748 -0.315936 0.454843 1.17237e+10
-2 0 -1 -0.521033 -0.369884 0.423391 1.31095e+10
-1.5 0.5 -1 -0.449626 -0.445886 0.419856 9.69095e+09
-2 1 -1 -0.448196 -0.486356 0.373374 8.57834e+09
-1.5 1.5 -1 -0.320575 -0.553772 0.361704 6.21754e+09
-0.5 -1.5 -1 -0.227709 -0.149967 0.474407 6.90337e+09
-1 -1 -1 -0.316626 -0.238126 0.47419 9.25175e+09
-0.5 -0.5 -1 -0.233952 -0.324176 0.471865 7.24138e+09
-1 0 -1 -0.365019 -0.402292 0.45103 8.96129e+09
-0.5 0.5 -1 -0.27769 -0.484126 0.444455 6.85233e+09
-1 1 -1 -0.35008 -0.522506 0.411124 7.1934e+09
-0.5 1.5 -1 -0.207648 -0.584355 0.396681 5.3401e+09
0.5 -1.5 -1 -0.0838775 -0.118639 0.46815 4.18562e+09
0 -1 -1 -0.132663 -0.218356 0.478669 5.57196e+09
0.5 -0.5 -1 -0.0369246 -0.281735 0.479743 4.53275e+09
0 0 -1 -0.143674 -0.402873 0.467668 5.69949e+09
0.5 0.5 -1 -0.0353835 -0.457804 0.462957 4.56145e+09
0 1 -1 -0.155397 -0.545764 0.434853 5.25454e+09
0.5 1.5 -1 0.0142439 -0.568228 0.421053 4.15648e+09
1.5 -1.5 -1 0.0097217 -0.0799178 0.455532 2.64061e+09
1 -1 -1 0.00581519 -0.169265 0.47467 3.51087e+09
1.5 -0.5 -1 0.0857084 -0.210714 0.479358 3.0148e+09
1 0 -1 0.0583904 -0.328595 0.479886 3.77731e+09
1.5 0.5 -1 0.150877 -0.350642 0.479775 3.27203e+09
1 1 -1 0.0961534 -0.476059 0.457169 3.78949e+09
1.5 1.5 -1 0.235988 -0.446028 0.452091 3.34625e+09
2.5 -1.5 -1 0.0548404 -0.0491952 0.437521 1.71647e+09
2 -1 -1 0.077144 -0.119048 0.463473 2.3142e+09
2.5 -0.5 -1 0.127618 -0.15019 0.469286 2.09124e+09
2 0 -1 0.15218 -0.237672 0.482795 2.681e+09
2.5 0.5 -1 0.202128 -0.246003 0.485015 2.48833e+09
2 1 -1 0.234404 -0.342117 0.479623 2.97969e+09
2.5 1.5 -1 0.301432 -0.301432 0.479477 2.88294e+09
-2.25 -1.25 -0.75 -0.336943 0.512832 0.554136 7.20361e+09
-2.25 -0.25 -0.75 -0.350068 0.369395 0.556515 4.84869e+09
-2.25 0.75 -0.75 -0.441409 0.262582 0.589966 3.66703e+09
-1.25 -1.25 -0.75 -0.310401 0.534188 0.579388 5.61046e+09
-1.75 -0.75 -0.75 -0.286013 0.469821 0.570873 5.31499e+09
-1.25 -0.25 -0.75 -0.250448 0.418433 0.593351 3.97677e+09
-1.75 0.25 -0.75 -0.339352 0.32441 0.58785 3.79177e+09
-1.25 0.75 -0.75 -0.317212 0.29053 0.616742 2.97331e+09
-1.75 1.25 -0.75 -0.402161 0.235846 0.613307 2.74321e+09
-0.25 -1.25 -0.75 -0.308263 0.535437 0.584597 3.77025e+09
-0.75 -0.75 -0.75 -0.254284 0.497407 0.602272 4.17774e+09
-0.25 -0.25 -0.75 -0.213117 0.448838 0.624538 3.08912e+09
-0.75 0.25 -0.75 -0.223417 0.366469 0.616826 2.98934e+09
-0.25 0.75 -0.75 -0.215897 0.31958 0.649637 2.32389e+09
-0.75 1.25 -0.75 -0.294979 0.264979 0.650072 2.33332e+09
0.75 -1.25 -0.75 -0.323359 0.527069 0.575783 2.38753e+09
0.25 -0.75 -0.75 -0.265797 0.498552 0.612298 2.91286e+09
0.75 -0.25 -0.75 -0.237392 0.453802 0.638305 2.27551e+09
0.25 0.25 -0.75 -0.193987 0.396693 0.651987 2.36963e+09
0.75 0.75 -0.75 -0.189472 0.349385 0.680488 1.91706e+09
0.25 1.25 -0.75 -0.211956 0.284517 0.682962 1.89485e+09
1.75 -1.25 -0.75 -0.347843 0.514175 0.557133 1.49962e+09
1.25 -0.75 -0.75 -0.295733 0.487398 0.603192 1.9184e+09
1.75 -0.25 -0.75 -0.283224 0.442706 0.62627 1.58572e+09
1.25 0.25 -0.75 -0.225595 0.40506 0.661841 1.83587e+09
1.75 0.75 -0.75 -0.235293 0.354006 0.680817 1.56373e+09
1.25 1.25 -0.75 -0.199727 0.304743 0.70366 1.63373e+09
2.25 -0.75 -0.75 -0.334596 0.474142 0.580576 1.26512e+09
2.25 0.25 -0.75 -0.289989 0.395387 0.643552 1.37707e+09
2.25 1.25 -0.75 -0.263674 0.305167 0.692012 1.43738e+09
-2.5 -1 -0.5 -0.624861 -0.234739 0.492421 5.31731e+10
-2.5 0 -0.5 -0.606753 -0.346119 0.477086 4.10497e+10
-2.5 1 -0.5 -0.434109 -0.500772 0.419889 2.10969e+10
-2 -1.5 -0.5 -0.556852 -0.208618 0.49455 3.96635e+10
-1.5 -1 -0.5 -0.503107 -0.258395 0.515512 3.18323e+10
-2 -0.5 -0.5 -0.581641 -0.288878 0.508234 4.08575e+10
-1.5 0 -0.5 -0.518432 -0.359627 0.514187 3.00107e+10
-2 0.5 -0.5 -0.524442 -0.420863 0.476342 2.83244e+10
-1.5 1 -0.5 -0.414476 -0.501605 0.465503 1.99056e+10
-2 1.5 -0.5 -0.286819 -0.564886 0.404432 1.48739e+10
-1 -1.5 -0.5 -0.401892 -0.226898 0.499916 2.1719e+10
-0.5 -1 -0.5 -0.320885 -0.27931 0.516411 1.74193e+10
-1 -0.5 -0.5 -0.436747 -0.322583 0.527236 2.45735e+10
-0.5 0 -0.5 -0.356181 -0.392454 0.531158 1.8617e+10
-1 0.5 -0.5 -0.436196 -0.439334 0.511393 2.18585e+10
-0.5 1 -0.5 -0.316479 -0.517525 0.499596 1.5793e+10
-1 1.5 -0.5 -0.266319 -0.572153 0.447122 1.41428e+10
0 -1.5 -0.5 -0.230751 -0.217272 0.493592 1.21238e+10
0.5 -1 -0.5 -0.13734 -0.256391 0.507262 9.97005e+09
0 -0.5 -0.5 -0.229916 -0.332703 0.52623 1.38202e+10
0.5 0 -0.5 -0.123976 -0.377701 0.529824 1.10274e+10
0 0.5 -0.5 -0.246945 -0.456655 0.52743 1.40456e+10
0.5 1 -0.5 -0.0966892 -0.499202 0.51596 1.08701e+10
0 1.5 -0.5 -0.141329 -0.573453 0.47782 1.16871e+10
1 -1.5 -0.5 -0.0870038 -0.184342 0.479305 7.12881e+09
1.5 -1 -0.5 -0.00201511 -0.209755 0.491164 6.10339e+09
1 -0.5 -0.5 -0.040193 -0.287742 0.515915 8.29555e+09
1.5 0 -0.5 0.0558731 -0.304971 0.520633 7.10704e+09
1 0.5 -0.5 -0.00354573 -0.402981 0.528595 9.05281e+09
1.5 1 -0.5 0.123593 -0.394737 0.525003 7.79688e+09
1 1.5 -0.5 0.0831361 -0.495338 0.501759 8.92535e+09
2 -1.5 -0.5 0.0124146 -0.14768 0.458969 4.3857e+09
2.5 -1 -0.5 0.0759544 -0.166129 0.469238 3.92073e+09
2 -0.5 -0.5 0.0749535 -0.226565 0.499227 5.36432e+09
2.5 0 -0.5 0.138723 -0.230241 0.504124 4.89097e+09
2 0.5 -0.5 0.143975 -0.301213 0.5227 6.35262e+09
2.5 1 -0.5 0.217752 -0.271919 0.523429 5.98681e+09
2 1.5 -0.5 0.244473 -0.341419 0.522176 7.17814e+09
-2.25 -0.75 -0.25 -0.46123 0.376761 0.611736 1.62215e+10
-2.25 0.25 -0.25 -0.456911 0.262706 0.651468 1.10001e+10
-2.25 1.25 -0.25 -0.443134 0.176247 0.665873 6.35459e+09
-1.75 -1.25 -0.25 -0.475596 0.435579 0.589352 1.63155e+10
-1.25 -0.75 -0.25 -0.414738 0.416706 0.62696 1.25799e+10
-1.75 -0.25 -0.25 -0.413114 0.344964 0.644191 1.22192e+10
-1.25 0.25 -0.25 -0.364668 0.311291 0.67154 9.06477e+09
-1.75 0.75 -0.25 -0.410528 0.240735 0.675014 8.14609e+09
-1.25 1.25 -0.25 -0.360758 0.214398 0.693711 5.92696e+09
-0.75 -1.25 -0.25 -0.444463 0.454661 0.585007 1.0438e+10
-0.25 -0.75 -0.25 -0.395574 0.429213 0.620702 8.18405e+09
-0.75 -0.25 -0.25 -0.362982 0.382205 0.657252 9.28454e+09
-0.25 0.25 -0.25 -0.322011 0.342243 0.684932 6.97387e+09
-0.75 0.75 -0.25 -0.330947 0.273619 0.696604 6.8278e+09
-0.25 1.25 -0.25 -0.293913 0.243028 0.718088 5.22653e+09
0.25 -1.25 -0.25 -0.427048 0.463125 0.568471 6.2647e+09
0.75 -0.75 -0.25 -0.38521 0.434848 0.600936 5.02269e+09
0.25 -0.25 -0.25 -0.35019 0.399057 0.651457 6.39846e+09
0.75 0.25 -0.25 -0.308734 0.366237 0.676239 5.03852e+09
0.25 0.75 -0.25 -0.285235 0.310171 0.709849 5.49948e+09
0.75 1.25 -0.25 -0.256021 0.282499 0.728222 4.4898e+09
1.25 -1.25 -0.25 -0.417662 0.465309 0.544858 3.72229e+09
1.75 -0.75 -0.25 -0.383381 0.437133 0.57263 3.08682e+09
1.25 -0.25 -0.25 -0.348316 0.403908 0.627471 4.07631e+09
1.75 0.25 -0.25 -0.324927 0.371647 0.647443 3.43762e+09
1.25 0.75 -0.25 -0.283265 0.331792 0.695319 4.13821e+09
1.75 1.25 -0.25 -0.27604 0.300846 0.708124 3.64587e+09
2.25 -1.25 -0.25 -0.415274 0.464327 0.515734 2.24384e+09
2.25 -0.25 -0.25 -0.361401 0.407207 0.593459 2.65066e+09
2.25 0.75 -0.25 -0.317627 0.342562 0.659971 3.0775e+09
-2.5 -1.5 0 -0.664921 -0.249783 0.49005 1.32119e+11
-2.5 -0.5 0 -0.674769 -0.283964 0.518074 1.38294e+11
-2.5 0.5 0 -0.545354 -0.447984 0.482296 7.66325e+10
-2.5 1.5 0 -0.237457 -0.603161 0.414536 3.65735e+10
-1.5 -1.5 0 -0.531466 -0.284949 0.503485 6.92115e+10
-2 -1 0 -0.627184 -0.274549 0.522434 1.08967e+11
-1.5 -0.5 0 -0.582075 -0.311989 0.548016 8.59662e+10
-2 0 0 -0.613412 -0.343094 0.531976 9.7849e+10
-1.5 0.5 0 -0.529547 -0.423513 0.532822 6.81556e+10
-2 1 0 -0.410909 -0.531244 0.469714 5.1714e+10
-1.5 1.5 0 -0.241033 -0.596201 0.44947 3.55884e+10
-0.5 -1.5 0 -0.358087 -0.298409 0.504387 3.63428e+10
-1 -1 0 -0.469311 -0.321499 0.530694 5.60597e+10
-0.5 -0.5 0 -0.393859 -0.365375 0.549522 4.4087e+10
-1 0 0 -0.519361 -0.369026 0.561313 6.39483e+10
-0.5 0.5 0 -0.423631 -0.439192 0.562166 4.57807e+10
-1 1 0 -0.41105 -0.510077 0.521424 4.68593e+10
-0.5 1.5 0 -0.232531 -0.58841 0.495033 3.30246e+10
0.5 -1.5 0 -0.184407 -0.279948 0.494544 2.00822e+10
0 -1 0 -0.271373 -0.329851 0.525596 2.95342e+10
0.5 -0.5 0 -0.171625 -0.357782 0.539967 2.39406e+10
0 0 0 -0.299565 -0.410477 0.56 3.42026e+10
0.5 0.5 0 -0.174766 -0.448714 0.560893 2.66191e+10
0 1 0 -0.272044 -0.511506 0.547826 3.29673e+10
0.5 1.5 0 -0.0747217 -0.549375 0.525788 2.51618e+10
1.5 -1.5 0 -0.0418804 -0.245066 0.476479 1.17322e+10
1 -1 0 -0.0914012 -0.297572 0.511505 1.68389e+10
1.5 -0.5 0 0.00396714 -0.306958 0.52296 1.43726e+10
1 0 0 -0.0588735 -0.374722 0.547674 1.97267e+10
1.5 0.5 0 0.0587258 -0.370761 0.550311 1.68754e+10
1 1 0 -0.0223019 -0.459955 0.554914 2.14587e+10
1.5 1.5 0 0.147855 -0.418674 0.546917 1.84507e+10
2.5 -1.5 0 0.058088 -0.210847 0.452596 7.16949e+09
2 -1 0 0.0388554 -0.253223 0.490168 1.02522e+10
2.5 -0.5 0 0.110242 -0.252686 0.499329 9.22662e+09
2 0 0 0.0941061 -0.302723 0.529762 1.2687e+10
2.5 0.5 0 0.172933 -0.279736 0.533123 1.17139e+10
2 1 0 0.17137 -0.33634 0.550354 1.52435e+10
2.5 1.5 0 0.267902 -0.267902 0.550121 1.47145e+10
-2.25 -1.25 0.25 -0.619153 0.261403 0.566348 6.10215e+10
-2.25 -0.25 0.25 -0.562382 0.185723 0.63943 4.90033e+10
-2.25 0.75 0.25 -0.492875 0.100434 0.66749 2.72333e+10
-1.25 -1.25 0.25 -0.559692 0.305863 0.563543 3.71576e+10
-1.75 -0.75 0.25 -0.560526 0.253384 0.6124 4.76205e+10
-1.25 -0.25 0.25 -0.503074 0.236233 0.652704 3.63291e+10
-1.75 0.25 0.25 -0.489695 0.16291 0.667733 3.35358e+10
-1.25 0.75 0.25 -0.431114 0.145068 0.69311 2.45713e+10
-1.75 1.25 0.25 -0.418726 0.0662488 0.67704 1.77752e+10
-0.25 -1.25 0.25 -0.510201 0.337338 0.54917 2.15752e+10
-0.75 -0.75 0.25 -0.507129 0.290631 0.607237 2.97226e+10
-0.25 -0.25 0.25 -0.45236 0.271902 0.643445 2.33327e+10
-0.75 0.25 0.25 -0.449302 0.208363 0.683996 2.6865e+10
-0.25 0.75 0.25 -0.385049 0.188298 0.707414 2.02583e+10
-0.75 1.25 0.25 -0.36201 0.09947 0.702101 1.674e+10
0.75 -1.25 0.25 -0.466008 0.357486 0.525657 1.23076e+10
0.25 -0.75 0.25 -0.456521 0.319396 0.586993 1.73277e+10
0.75 -0.25 0.25 -0.4001 0.300157 0.618205 1.38831e+10
0.25 0.25 0.25 -0.388832 0.254259 0.672148 1.80961e+10
0.75 0.75 0.25 -0.330001 0.234227 0.693035 1.43049e+10
0.25 1.25 0.25 -0.310919 0.177892 0.72327 1.54854e+10
1.75 -1.25 0.25 -0.427491 0.369995 0.497033 7.09692e+09
1.25 -0.75 0.25 -0.413086 0.339393 0.558515 1.00816e+10
1.75 -0.25 0.25 -0.364787 0.320603 0.584105 8.44927e+09
1.25 0.25 0.25 -0.346988 0.281466 0.641925 1.13827e+10
1.75 0.75 0.25 -0.306356 0.267055 0.657536 9.82801e+09
1.25 1.25 0.25 -0.283878 0.220973 0.707261 1.20296e+10
2.25 -0.75 0.25 -0.38359 0.351672 0.524169 6.05235e+09
2.25 0.25 0.25 -0.329014 0.304997 0.601178 7.41861e+09
2.25 1.25 0.25 -0.277758 0.264664 0.665324 9.07628e+09
-2.5 -1 0.5 -0.663129 0.0106212 0.551694 2.45983e+11
-2.5 0 0.5 -0.615163 -0.111614 0.560663 1.94086e+11
-2.5 1 0.5 -0.40661 -0.274696 0.522166 9.68748e+10
-2 -1.5 0.5 -0.617732 0.0802781 0.536466 1.72434e+11
-1.5 -1 0.5 -0.568493 0.0627974 0.573597 1.39404e+11
-2 -0.5 0.5 -0.622948 -0.0169097 0.582882 1.94269e+11
-1.5 0 0.5 -0.588485 -0.0558545 0.608324 1.50906e+11
-2 0.5 0.5 -0.517973 -0.1758 0.56727 1.29442e+11
-1.5 1 0.5 -0.397392 -0.229056 0.567496 8.78168e+10
-2 1.5 0.5 -0.284441 -0.332748 0.515491 6.82463e+10
-1 -1.5 0.5 -0.528126 0.132292 0.544092 9.67367e+10
-0.5 -1 0.5 -0.472982 0.114072 0.579017 7.80384e+10
-1 -0.5 0.5 -0.51959 0.0353157 0.605071 1.09879e+11
-0.5 0 0.5 -0.461853 0.00532106 0.628762 8.42837e+10
-1 0.5 0.5 -0.522613 -0.10362 0.621694 1.0693e+11
-0.5 1 0.5 -0.405999 -0.164104 0.619641 7.36566e+10
-1 1.5 0.5 -0.263756 -0.293972 0.554887 6.20187e+10
0 -1.5 0.5 -0.446979 0.175407 0.539255 5.43585e+10
0.5 -1 0.5 -0.386785 0.159939 0.56995 4.4183e+10
0 -0.5 0.5 -0.411108 0.0940233 0.607368 6.1768e+10
0.5 0 0.5 -0.339587 0.0742284 0.629075 4.88521e+10
0 0.5 0.5 -0.390648 -0.0272503 0.644778 6.40062e+10
0.5 1 0.5 -0.300008 -0.0478725 0.653476 4.92783e+10
0 1.5 0.5 -0.265429 -0.205037 0.612232 5.45662e+10
1 -1.5 0.5 -0.376814 0.208514 0.524492 3.08848e+10
1.5 -1 0.5 -0.318129 0.193576 0.551261 2.57396e+10
1 -0.5 0.5 -0.321794 0.143994 0.594768 3.60158e+10
1.5 0 0.5 -0.25811 0.130808 0.613129 3.01063e+10
1 0.5 0.5 -0.26301 0.0606979 0.643933 3.96086e+10
1.5 1 0.5 -0.191337 0.0599128 0.652696 3.39316e+10
1 1.5 0.5 -0.197015 -0.0456939 0.656294 4.01621e+10
2 -1.5 0.5 -0.320973 0.230453 0.503277 1.79716e+10
2.5 -1 0.5 -0.273079 0.215689 0.525515 1.55821e+10
2 -0.5 0.5 -0.263475 0.179423 0.571849 2.19683e+10
2.5 0 0.5 -0.219602 0.170695 0.585508 1.95679e+10
2 0.5 0.5 -0.203782 0.125676 0.624871 2.6403e+10
2.5 1 0.5 -0.161415 0.134997 0.63056 2.46155e+10
2 1.5 0.5 -0.1273 0.0815339 0.656591 3.12038e+10
-2.25 -0.75 0.75 -0.65074 0.021857 0.56666 6.7203e+10
-2.25 0.25 0.75 -0.568926 -0.0028323 0.618982 5.13698e+10
-2.25 1.25 0.75 -0.435847 -0.0917604 0.611749 2.64783e+10
-1.75 -1.25 0.75 -0.620915 0.069348 0.529553 4.83515e+10
-1.25 -0.75 0.75 -0.568938 0.0614193 0.571725 3.92212e+10
-1.75 -0.25 0.75 -0.607184 0.00124701 0.603272 5.1884e+10
-1.25 0.25 0.75 -0.553843 -0.00808488 0.638466 4.0909e+10
-1.75 0.75 0.75 -0.495069 -0.0651526 0.629849 3.43381e+10
-1.25 1.25 0.75 -0.391511 -0.0891905 0.632823 2.38018e+10
-0.75 -1.25 0.75 -0.533364 0.112647 0.523394 2.69731e+10
-0.25 -0.75 0.75 -0.474959 0.102314 0.562336 2.18993e+10
-0.75 -0.25 0.75 -0.516856 0.0509138 0.609975 3.15273e+10
-0.25 0.25 0.75 -0.445573 0.0434393 0.637302 2.41753e+10
-0.75 0.75 0.75 -0.475778 -0.0109933 0.660068 3.03355e+10
-0.25 1.25 0.75 -0.355253 -0.033141 0.666949 2.08645e+10
0.25 -1.25 0.75 -0.446848 0.14905 0.507552 1.505e+10
0.75 -0.75 0.75 -0.378876 0.139881 0.5409 1.22741e+10
0.25 -0.25 0.75 -0.403907 0.0926338 0.592919 1.74114e+10
0.75 0.25 0.75 -0.330545 0.0834289 0.617918 1.40593e+10
0.25 0.75 0.75 -0.370073 0.0265933 0.658357 1.89054e+10
0.75 1.25 0.75 -0.284116 0.0259138 0.67144 1.51745e+10
1.25 -1.25 0.75 -0.364233 0.176593 0.484978 8.49747e+09
1.75 -0.75 0.75 -0.300207 0.164739 0.514331 7.1534e+09
1.25 -0.25 0.75 -0.309086 0.129205 0.568186 1.01329e+10
1.75 0.25 0.75 -0.244152 0.124239 0.587312 8.69067e+09
1.25 0.75 0.75 -0.255494 0.084055 0.634516 1.18262e+10
1.75 1.25 0.75 -0.185848 0.0990657 0.643506 1.04702e+10
2.25 -1.25 0.75 -0.297613 0.19371 0.458439 4.96602e+09
2.25 -0.25 0.75 -0.243538 0.156341 0.53559 6.23514e+09
2.25 0.75 0.75 -0.190209 0.130223 0.598227 7.84276e+09
-2.5 -1.5 1 -0.693567 0.270465 0.53746 2.29202e+11
-2.5 -0.5 1 -0.663298 0.169725 0.589483 2.31023e+11
-2.5 0.5 1 -0.54164 -0.0797868 0.562091 1.79323e+11
-2.5 1.5 1 -0.319614 -0.228362 0.528235 1.00528e+11
-1.5 -1.5 1 -0.637969 0.342121 0.548107 1.40504e+11
-2 -1 1 -0.645016 0.272855 0.581025 1.87886e+11
-1.5 -0.5 1 -0.598502 0.26434 0.618343 1.47265e+11
-2 0 1 -0.615342 0.140298 0.616979 1.7696e+11
-1.5 0.5 1 -0.566836 0.048151 0.627432 1.38691e+11
-2 1 1 -0.442236 -0.141941 0.56513 1.2409e+11
-1.5 1.5 1 -0.324169 -0.198806 0.561799 9.1297e+10
-0.5 -1.5 1 -0.591714 0.395975 0.545562 8.13743e+10
-1 -1 1 -0.590092 0.340078 0.589473 1.12718e+11
-0.5 -0.5 1 -0.54425 0.330951 0.626172 8.91015e+10
-1 0 1 -0.553022 0.243816 0.649485 1.12455e+11
-0.5 0.5 1 -0.499863 0.223636 0.671715 8.4457e+10
-1 1 1 -0.449461 -0.0415744 0.619479 1.00961e+11
-0.5 1.5 1 -0.311472 -0.101935 0.614174 7.4395e+10
0.5 -1.5 1 -0.556612 0.435839 0.533692 4.63818e+10
0 -1 1 -0.547368 0.391201 0.584323 6.5717e+10
0.5 -0.5 1 -0.498867 0.387696 0.6168 5.22689e+10
0 0 1 -0.490986 0.325867 0.655457 6.89412e+10
0.5 0.5 1 -0.439647 0.316229 0.679387 5.42011e+10
0 1 1 -0.448286 0.195673 0.688967 6.46722e+10
0.5 1.5 1 -0.378695 0.185031 0.699891 5.1292e+10
1.5 -1.5 1 -0.52831 0.466452 0.514871 2.63134e+10
1 -1 1 -0.512602 0.432327 0.568196 3.76498e+10
1.5 -0.5 1 -0.471505 0.42504 0.597412 3.09179e+10
1 0 1 -0.452946 0.38018 0.643951 4.20991e+10
1.5 0.5 1 -0.414206 0.372856 0.66372 3.52822e+10
1 1 1 -0.391582 0.311016 0.696436 4.46002e+10
1.5 1.5 1 -0.351546 0.312273 0.706004 3.90672e+10
2.5 -1.5 1 -0.510832 0.486566 0.491266 1.52751e+10
2 -1 1 -0.491445 0.459404 0.545622 2.19635e+10
2.5 -0.5 1 -0.462894 0.450179 0.568954 1.89692e+10
2 0 1 -0.438722 0.416274 0.619182 2.63419e+10
2.5 0.5 1 -0.417727 0.409256 0.632416 2.37104e+10
2 1 1 -0.386938 0.368694 0.675439 3.1382e+10
2.5 1.5 1 -0.372182 0.372182 0.679312 3.00928e+10
-2.25 -1.25 1.25 -0.617807 -0.122867 0.499289 2.57257e+10
-2.25 -0.25 1.25 -0.642624 -0.122422 0.532013 3.22429e+10
-2.25 0.75 1.25 -0.534239 -0.194061 0.537034 4.05244e+10
-1.25 -1.25 1.25 -0.505044 -0.0897375 0.516892 1.42581e+10
-1.75 -0.75 1.25 -0.585039 -0.119217 0.534214 2.2048e+10
-1.25 -0.25 1.25 -0.523452 -0.122235 0.559861 1.74288e+10
-1.75 0.25 1.25 -0.606986 -0.125398 0.55441 2.67271e+10
-1.25 0.75 1.25 -0.512152 -0.123627 0.576604 3.11262e+10
-1.75 1.25 1.25 -0.443164 -0.198807 0.561269 2.96904e+10
-0.25 -1.25 1.25 -0.382467 -0.047856 0.51951 7.83762e+09
-0.75 -0.75 1.25 -0.443299 -0.0997816 0.547406 1.15034e+10
-0.25 -0.25 1.25 -0.387795 -0.0848954 0.572006 9.48865e+09
-0.75 0.25 1.25 -0.476747 -0.104288 0.581927 1.44154e+10
-0.25 0.75 1.25 -0.432139 -0.123062 0.601593 1.1832e+10
-0.75 1.25 1.25 -0.398607 -0.133125 0.596017 2.33083e+10
0.75 -1.25 1.25 -0.275154 0.00238523 0.511927 4.46204e+09
0.25 -0.75 1.25 -0.317669 -0.0452041 0.547861 6.45816e+09
0.75 -0.25 1.25 -0.239945 -0.0525754 0.572107 5.26878e+09
0.25 0.25 1.25 -0.314781 -0.0912188 0.592724 7.66553e+09
0.75 0.75 1.25 -0.231775 -0.0885465 0.60978 6.33402e+09
0.25 1.25 1.25 -0.342863 -0.0945191 0.622465 9.86554e+09
1.75 -1.25 1.25 -0.184414 0.0356172 0.497922 2.60022e+09
1.25 -0.75 1.25 -0.202789 -0.00636971 0.539311 3.71311e+09
1.75 -0.25 1.25 -0.136363 -0.0112235 0.560362 3.18234e+09
1.25 0.25 1.25 -0.163187 -0.0534244 0.590546 4.43026e+09
1.75 0.75 1.25 -0.091029 -0.041429 0.601452 3.898e+09
1.25 1.25 1.25 -0.130125 -0.0627478 0.617702 5.41641e+09
2.25 -0.75 1.25 -0.126109 0.0263918 0.521233 2.25913e+09
2.25 0.25 1.25 -0.0798452 -0.00807188 0.573865 2.84515e+09
2.25 1.25 1.25 -0.0308541 -0.0138398 0.607066 3.63555e+09
-2.5 -1 1.5 -0.690168 0.162339 0.541037 1.26262e+11
-2.5 0 1.5 -0.666481 -0.00980598 0.545964 1.55863e+11
-2.5 1 1.5 -0.469613 -0.140095 0.53004 1.34315e+11
-2 -1.5 1.5 -0.670942 0.23737 0.535493 9.23094e+10
-1.5 -1 1.5 -0.623401 0.238041 0.571668 7.45341e+10
-2 -0.5 1.5 -0.646607 0.148911 0.570316 1.007e+11
-1.5 0 1.5 -0.599187 0.122863 0.592268 7.84487e+10
-2 0.5 1.5 -0.571055 -0.0986733 0.546693 1.16159e+11
-1.5 1 1.5 -0.474346 -0.0710856 0.573399 1.0572e+11
-2 1.5 1.5 -0.362063 -0.163941 0.543343 1.0542e+11
-1 -1.5 1.5 -0.610081 0.307577 0.551534 5.46044e+10
-0.5 -1 1.5 -0.560376 0.306551 0.586713 4.3475e+10
-1 -0.5 1.5 -0.573281 0.229542 0.601957 5.78888e+10
-0.5 0 1.5 -0.523644 0.230452 0.630501 4.76043e+10
-1 0.5 1.5 -0.550499 0.127718 0.624204 6.75408e+10
-0.5 1 1.5 -0.484315 0.0940031 0.636988 5.29029e+10
-1 1.5 1.5 -0.350083 -0.104564 0.580064 7.92946e+10
0 -1.5 1.5 -0.558275 0.363863 0.553606 3.14702e+10
0.5 -1 1.5 -0.510966 0.363871 0.586463 2.54816e+10
0 -0.5 1.5 -0.510963 0.307016 0.617167 3.49323e+10
0.5 0 1.5 -0.456413 0.301575 0.642275 2.75181e+10
0 0.5 1.5 -0.465607 0.219583 0.651285 3.70231e+10
0.5 1 1.5 -0.394078 0.209875 0.666872 2.91709e+10
0 1.5 1.5 -0.380536 -0.00589763 0.63145 4.40411e+10
1 -1.5 1.5 -0.517447 0.408206 0.544818 1.80723e+10
1.5 -1 1.5 -0.472625 0.404486 0.574851 1.47856e+10
1 -0.5 1.5 -0.461158 0.360286 0.614472 2.04774e+10
1.5 0 1.5 -0.416613 0.354044 0.636686 1.69336e+10
1 0.5 1.5 -0.402579 0.295959 0.662004 2.23172e+10
1.5 1 1.5 -0.356554 0.295553 0.674517 1.91166e+10
1 1.5 1.5 -0.330079 0.208829 0.675821 2.44738e+10
2 -1.5 1.5 -0.486785 0.439148 0.528563 1.04172e+10
2.5 -1 1.5 -0.452917 0.431298 0.554313 8.86546e+09
2 -0.5 1.5 -0.434108 0.397206 0.599019 1.24165e+10
2.5 0 1.5 -0.406 0.38981 0.615559 1.09154e+10
2 0.5 1.5 -0.381645 0.349682 0.651406 1.47153e+10
2.5 1 1.5 -0.359429 0.349696 0.658852 1.36383e+10
2 1.5 1.5 -0.322903 0.303274 0.680763 1.7598e+10
