449
-2.5 -1 -1.5 -0.0308319 0.0401348 0.981879 1.13523e+10
-2.5 0 -1.5 -0.0430388 0.0725882 0.941826 1.2214e+10
-2.5 1 -1.5 -0.0501789 0.104803 0.880936 1.3756e+10
-2 -1.5 -1.5 -0.0072713 0.0164858 0.996266 1.10184e+10
-1.5 -1 -1.5 0.00258448 0.0260049 0.983076 1.11614e+10
-2 -0.5 -1.5 -0.0205522 0.0494221 0.968905 1.15068e+10
-1.5 0 -1.5 -0.00838995 0.0595354 0.943622 1.18171e+10
-2 0.5 -1.5 -0.0299561 0.0823101 0.917393 1.25735e+10
-1.5 1 -1.5 -0.0138911 0.0931016 0.882393 1.3118e+10
-2 1.5 -1.5 -0.0325197 0.115022 0.847803 1.44264e+10
-1 -1.5 -1.5 0.0260049 0.00258448 0.983076 1.11614e+10
-0.5 -1 -1.5 0.0366799 0.0139551 0.957356 1.14482e+10
-1 -0.5 -1.5 0.0139551 0.0366799 0.957356 1.14482e+10
-0.5 0 -1.5 0.0275033 0.0491343 0.920397 1.18793e+10
-1 0.5 -1.5 0.00635377 0.0710611 0.907329 1.22846e+10
-0.5 1 -1.5 0.0241069 0.0843041 0.861816 1.29109e+10
-1 1.5 -1.5 0.00559807 0.105211 0.838623 1.38521e+10
0 -1.5 -1.5 0.0595354 -0.00838995 0.943622 1.18171e+10
0.5 -1 -1.5 0.0710611 0.00635377 0.907329 1.22846e+10
0 -0.5 -1.5 0.0491343 0.0275033 0.920397 1.18793e+10
0.5 0 -1.5 0.0637212 0.0436257 0.873978 1.24545e+10
0 0.5 -1.5 0.0436257 0.0637212 0.873978 1.24545e+10
0.5 1 -1.5 0.0624778 0.0805635 0.820059 1.31711e+10
0 1.5 -1.5 0.0450478 0.0993521 0.809039 1.3695e+10
1 -1.5 -1.5 0.0931016 -0.0138911 0.882393 1.3118e+10
1.5 -1 -1.5 0.105211 0.00559807 0.838623 1.38521e+10
1 -0.5 -1.5 0.0843041 0.0241069 0.861816 1.29109e+10
1.5 0 -1.5 0.0993521 0.0450478 0.809039 1.3695e+10
1 0.5 -1.5 0.0805635 0.0624778 0.820059 1.31711e+10
1.5 1 -1.5 0.0995997 0.0839967 0.76037 1.40218e+10
1 1.5 -1.5 0.0839967 0.0995997 0.76037 1.40218e+10
2 -1.5 -1.5 0.126111 -0.0110151 0.806527 1.53378e+10
2.5 -1 -1.5 0.138058 0.0145301 0.759018 1.65004e+10
2 -0.5 -1.5 0.118686 0.0286994 0.788027 1.47788e+10
2.5 0 -1.5 0.133471 0.0553331 0.732286 1.5896e+10
2 0.5 -1.5 0.116146 0.0691078 0.750714 1.46309e+10
2.5 1 -1.5 0.134548 0.0959304 0.687962 1.57076e+10
2 1.5 -1.5 0.120606 0.107885 0.69607 1.49945e+10
-2.25 -0.75 -1.25 0.0202557 0.0365713 0.972046 3.15561e+09
-2.25 0.25 -1.25 0.0418682 0.0702614 0.926285 3.41933e+09
-2.25 1.25 -1.25 0.0619146 0.10337 0.860802 3.88612e+09
-1.75 -1.25 -1.25 0.0260459 0.0312176 0.984609 3.06966e+09
-1.25 -0.75 -1.25 0.0548321 0.0597219 0.961934 3.14228e+09
-1.75 -0.25 -1.25 0.0491225 0.064607 0.949709 3.23352e+09
-1.25 0.25 -1.25 0.0782091 0.0922599 0.914172 3.36382e+09
-1.75 0.75 -1.25 0.0710882 0.0971379 0.89189 3.5684e+09
-1.25 1.25 -1.25 0.100518 0.123069 0.8471 3.77863e+09
-0.75 -1.25 -1.25 0.0597219 0.0548321 0.961934 3.14228e+09
-0.25 -0.75 -1.25 0.0880053 0.0836022 0.92583 3.26343e+09
-0.75 -0.25 -1.25 0.0836022 0.0880053 0.92583 3.26343e+09
-0.25 0.25 -1.25 0.112049 0.115725 0.878631 3.43262e+09
-0.75 0.75 -1.25 0.10724 0.11915 0.867774 3.54646e+09
-0.25 1.25 -1.25 0.135882 0.144778 0.813238 3.78057e+09
0.25 -1.25 -1.25 0.0922599 0.0782091 0.914172 3.36382e+09
0.75 -0.75 -1.25 0.11915 0.10724 0.867774 3.54646e+09
0.25 -0.25 -1.25 0.115725 0.112049 0.878631 3.43262e+09
0.75 0.25 -1.25 0.142438 0.139787 0.82306 3.64842e+09
0.25 0.75 -1.25 0.139787 0.142438 0.82306 3.64842e+09
0.75 1.25 -1.25 0.166422 0.167701 0.76165 3.908e+09
1.25 -1.25 -1.25 0.123069 0.100518 0.8471 3.77863e+09
1.75 -0.75 -1.25 0.147487 0.129856 0.794636 4.0503e+09
1.25 -0.25 -1.25 0.144778 0.135882 0.813238 3.78057e+09
1.75 0.25 -1.25 0.168656 0.163798 0.753081 4.06394e+09
1.25 0.75 -1.25 0.167701 0.166422 0.76165 3.908e+09
1.75 1.25 -1.25 0.191015 0.191446 0.69626 4.20639e+09
2.25 -1.25 -1.25 0.151211 0.121573 0.768949 4.47225e+09
2.25 -0.25 -1.25 0.169858 0.158794 0.736982 4.3825e+09
2.25 0.75 -1.25 0.190308 0.190473 0.689131 4.392e+09
-2.5 -1.5 -1 -0.0209035 0.0209035 0.992454 1.32806e+10
-2.5 -0.5 -1 -0.0268525 0.0557215 0.964582 1.39597e+10
-2.5 0.5 -1 -0.0297638 0.0901533 0.912727 1.53246e+10
-2.5 1.5 -1 -0.0266501 0.124118 0.843098 1.76249e+10
-1.5 -1.5 -1 0.0143095 0.0143095 0.992865 1.31756e+10
-2 -1 -1 -0.00640929 0.0350795 0.985628 1.33696e+10
-1.5 -0.5 -1 0.00922569 0.049737 0.965511 1.36368e+10
-2 0 -1 -0.0106235 0.0700314 0.944943 1.42587e+10
-1.5 0.5 -1 0.00780687 0.0851212 0.913408 1.47588e+10
-2 1 -1 -0.0101902 0.104713 0.882497 1.59216e+10
-1.5 1.5 -1 0.0124534 0.119965 0.842609 1.67654e+10
-0.5 -1.5 -1 0.049737 0.00922569 0.965511 1.36368e+10
-1 -1 -1 0.0294217 0.0294217 0.972585 1.34325e+10
-0.5 -0.5 -1 0.0459807 0.0459807 0.939966 1.386e+10
-1 0 -1 0.0266832 0.0654889 0.933168 1.40821e+10
-0.5 0.5 -1 0.0464007 0.0826738 0.890292 1.47037e+10
-1 1 -1 0.0289028 0.101277 0.87168 1.54604e+10
-0.5 1.5 -1 0.052872 0.118555 0.821821 1.6362e+10
0.5 -1.5 -1 0.0851212 0.00780687 0.913408 1.47588e+10
0 -1 -1 0.0654889 0.0266832 0.933168 1.40821e+10
0.5 -0.5 -1 0.0826738 0.0464007 0.890292 1.47037e+10
0 0 -1 0.0643782 0.0643782 0.896697 1.44558e+10
0.5 0.5 -1 0.0847635 0.0847635 0.844838 1.52142e+10
0 1 -1 0.0685688 0.101392 0.838945 1.54971e+10
0.5 1.5 -1 0.093187 0.121599 0.781138 1.64515e+10
1.5 -1.5 -1 0.119965 0.0124534 0.842609 1.67654e+10
1 -1 -1 0.101277 0.0289028 0.87168 1.54604e+10
1.5 -0.5 -1 0.118555 0.052872 0.821821 1.6362e+10
1 0 -1 0.101392 0.0685688 0.838945 1.54971e+10
1.5 0.5 -1 0.121599 0.093187 0.781138 1.64515e+10
1 1 -1 0.107114 0.107114 0.786406 1.61234e+10
1.5 1.5 -1 0.131287 0.131287 0.722933 1.71607e+10
2.5 -1.5 -1 0.153031 0.0262342 0.76132 2.0084e+10
2 -1 -1 0.135914 0.0383683 0.79511 1.78602e+10
2.5 -0.5 -1 0.152504 0.067554 0.741933 1.92048e+10
2 0 -1 0.136903 0.0797197 0.765816 1.74563e+10
2.5 0.5 -1 0.156262 0.109236 0.705131 1.87234e+10
2 1 -1 0.143185 0.120081 0.718386 1.75449e+10
2.5 1.5 -1 0.166027 0.148853 0.651435 1.8744e+10
-2.25 -1.25 -0.75 -0.00365917 0.0247631 0.986137 3.4568e+09
-2.25 -0.25 -0.75 0.00291802 0.0601201 0.951532 3.65664e+09
-2.25 0.75 -0.75 0.0092593 0.0955089 0.893418 4.04452e+09
-1.25 -1.25 -0.75 0.0318963 0.0318963 0.977918 3.46012e+09
-1.75 -0.75 -0.75 0.017764 0.0458286 0.971178 3.50885e+09
-1.25 -0.25 -0.75 0.0397203 0.0670303 0.942252 3.61284e+09
-1.75 0.25 -0.75 0.0250743 0.0808387 0.923265 3.77238e+09
-1.25 0.75 -0.75 0.0480153 0.101448 0.883268 3.94578e+09
-1.75 1.25 -0.75 0.0325233 0.115452 0.855066 4.24947e+09
-0.25 -1.25 -0.75 0.0670303 0.0397203 0.942252 3.61284e+09
-0.75 -0.75 -0.75 0.0535243 0.0535243 0.948774 3.56023e+09
-0.25 -0.25 -0.75 0.0754364 0.0754364 0.907451 3.70932e+09
-0.75 0.25 -0.75 0.0622143 0.0882975 0.90126 3.76796e+09
-0.25 0.75 -0.75 0.0850179 0.1093 0.850746 3.97209e+09
-0.75 1.25 -0.75 0.0715399 0.12156 0.834089 4.17541e+09
0.75 -1.25 -0.75 0.101448 0.0480153 0.883268 3.94578e+09
0.25 -0.75 -0.75 0.0882975 0.0622143 0.90126 3.76796e+09
0.75 -0.25 -0.75 0.1093 0.0850179 0.850746 3.97209e+09
0.25 0.25 -0.75 0.0973557 0.0973557 0.856492 3.90503e+09
0.75 0.75 -0.75 0.118899 0.118899 0.798574 4.14308e+09
0.25 1.25 -0.75 0.107814 0.129596 0.793377 4.22128e+09
1.75 -1.25 -0.75 0.134656 0.0565751 0.808082 4.52305e+09
1.25 -0.75 -0.75 0.12156 0.0715399 0.834089 4.17541e+09
1.75 -0.25 -0.75 0.140686 0.0953851 0.778373 4.45817e+09
1.25 0.25 -0.75 0.129596 0.107814 0.793377 4.22128e+09
1.75 0.75 -0.75 0.148745 0.130218 0.731382 4.50907e+09
1.25 1.25 -0.75 0.139636 0.139636 0.735948 4.41669e+09
2.25 -0.75 -0.75 0.152573 0.0811665 0.755074 4.86354e+09
2.25 0.25 -0.75 0.158389 0.119219 0.718288 4.78849e+09
2.25 1.25 -0.75 0.16621 0.151532 0.66621 4.82528e+09
-2.5 -1 -0.5 -0.0201797 0.0380956 0.981555 1.45669e+10
-2.5 0 -0.5 -0.0200598 0.0749661 0.940443 1.56099e+10
-2.5 1 -0.5 -0.0158212 0.111338 0.877764 1.74725e+10
-2 -1.5 -0.5 -0.000800841 0.0186781 0.996094 1.41671e+10
-1.5 -1 -0.5 0.0176021 0.0367645 0.982094 1.43516e+10
-2 -0.5 -0.5 -0.00141937 0.0559223 0.967768 1.47662e+10
-1.5 0 -0.5 0.0188862 0.0742907 0.940952 1.51646e+10
-2 0.5 -0.5 0.00105871 0.0928913 0.914462 1.60708e+10
-1.5 1 -0.5 0.0246207 0.111398 0.87736 1.6763e+10
-2 1.5 -0.5 0.00922741 0.129131 0.842491 1.83213e+10
-1 -1.5 -0.5 0.0367645 0.0176021 0.982094 1.43516e+10
-0.5 -1 -0.5 0.0556989 0.0371949 0.954849 1.472e+10
-1 -0.5 -0.5 0.0371949 0.0556989 0.954849 1.472e+10
-0.5 0 -0.5 0.0584372 0.0758888 0.91583 1.52684e+10
-1 0.5 -0.5 0.04124 0.0935617 0.902588 1.57597e+10
-0.5 1 -0.5 0.0658947 0.113814 0.854705 1.65447e+10
-1 1.5 -0.5 0.0508825 0.130503 0.831173 1.76834e+10
0 -1.5 -0.5 0.0742907 0.0188862 0.940952 1.51646e+10
0.5 -1 -0.5 0.0935617 0.04124 0.902588 1.57597e+10
0 -0.5 -0.5 0.0758888 0.0584372 0.91583 1.52684e+10
0.5 0 -0.5 0.0974793 0.0815401 0.867063 1.59886e+10
0 0.5 -0.5 0.0815401 0.0974793 0.867063 1.59886e+10
0.5 1 -0.5 0.106512 0.120428 0.810749 1.68663e+10
0 1.5 -0.5 0.0928896 0.13497 0.799496 1.75077e+10
1 -1.5 -0.5 0.111398 0.0246207 0.87736 1.6763e+10
1.5 -1 -0.5 0.130503 0.0508825 0.831173 1.76834e+10
1 -0.5 -0.5 0.113814 0.0658947 0.854705 1.65447e+10
1.5 0 -0.5 0.13497 0.0928896 0.799496 1.75077e+10
1 0.5 -0.5 0.120428 0.106512 0.810749 1.68663e+10
1.5 1 -0.5 0.144614 0.133244 0.748784 1.7876e+10
1 1.5 -0.5 0.133244 0.144614 0.748784 1.7876e+10
2 -1.5 -0.5 0.147071 0.0373848 0.798733 1.94609e+10
2.5 -1 -0.5 0.16505 0.0686609 0.748584 2.08914e+10
2 -0.5 -0.5 0.150115 0.0798778 0.77806 1.88243e+10
2.5 0 -0.5 0.170189 0.111475 0.719804 2.01663e+10
2 0.5 -0.5 0.156925 0.122118 0.73882 1.86251e+10
2.5 1 -0.5 0.17966 0.153329 0.673789 1.98532e+10
2 1.5 -0.5 0.169915 0.161548 0.682336 1.89728e+10
-2.25 -0.75 -0.25 -0.0183687 0.0482558 0.971973 3.65773e+09
-2.25 0.25 -0.25 -0.0251429 0.0856989 0.923708 3.94508e+09
-2.25 1.25 -0.25 -0.0304898 0.123869 0.854644 4.44753e+09
-1.75 -1.25 -0.25 0.0039339 0.0260509 0.986336 3.56029e+09
-1.25 -0.75 -0.25 0.019475 0.0413464 0.964642 3.63248e+09
-1.75 -0.25 -0.25 -0.00263547 0.0632995 0.95059 3.7356e+09
-1.25 0.25 -0.25 0.0141227 0.0787553 0.916505 3.86449e+09
-1.75 0.75 -0.25 -0.00803695 0.100842 0.890651 4.09382e+09
-1.25 1.25 -0.25 0.010346 0.116086 0.847482 4.3001e+09
-0.75 -1.25 -0.25 0.0413464 0.019475 0.964642 3.63248e+09
-0.25 -0.75 -0.25 0.0572257 0.0358186 0.930035 3.75165e+09
-0.75 -0.25 -0.25 0.0358186 0.0572257 0.930035 3.75165e+09
-0.25 0.25 -0.25 0.05298 0.0736383 0.884681 3.91523e+09
-0.75 0.75 -0.25 0.031968 0.0945061 0.871887 4.04214e+09
-0.25 1.25 -0.25 0.0506744 0.110149 0.81934 4.26409e+09
0.25 -1.25 -0.25 0.0787553 0.0141227 0.916505 3.86449e+09
0.75 -0.75 -0.25 0.0945061 0.031968 0.871887 4.04214e+09
0.25 -0.25 -0.25 0.0736383 0.05298 0.884681 3.91523e+09
0.75 0.25 -0.25 0.0902448 0.0706878 0.83119 4.11836e+09
0.25 0.75 -0.25 0.0706878 0.0902448 0.83119 4.11836e+09
0.75 1.25 -0.25 0.08858 0.106613 0.77205 4.35324e+09
1.25 -1.25 -0.25 0.116086 0.010346 0.847482 4.3001e+09
1.75 -0.75 -0.25 0.130961 0.0297738 0.796793 4.56014e+09
1.25 -0.25 -0.25 0.110149 0.0506744 0.81934 4.26409e+09
1.75 0.25 -0.25 0.125211 0.0699527 0.761318 4.52307e+09
1.25 0.75 -0.25 0.106613 0.08858 0.77205 4.35324e+09
1.75 1.25 -0.25 0.1223 0.106218 0.709137 4.60829e+09
2.25 -1.25 -0.25 0.152953 0.00835172 0.765552 5.01874e+09
2.25 -0.25 -0.25 0.144973 0.0499894 0.740974 4.86743e+09
2.25 0.75 -0.25 0.13931 0.0894213 0.699618 4.80803e+09
-2.5 -1.5 0 -0.0188724 0.0188724 0.99219 1.41709e+10
-2.5 -0.5 0 -0.0162449 0.0583226 0.963422 1.48462e+10
-2.5 0.5 0 -0.0109318 0.0972549 0.909788 1.62017e+10
-2.5 1.5 0 -7.23089e-05 0.135321 0.837684 1.84662e+10
-1.5 -1.5 0 0.0209593 0.0209593 0.992476 1.407e+10
-2 -1 0 0.00225519 0.0396895 0.985035 1.42627e+10
-1.5 -0.5 0 0.0243531 0.0608309 0.963963 1.45376e+10
-2 0 0 0.00641347 0.0790986 0.942821 1.51541e+10
-1.5 0.5 0 0.0309519 0.100349 0.909785 1.56653e+10
-2 1 0 0.0147294 0.11795 0.87802 1.68113e+10
-1.5 1.5 0 0.0430169 0.138856 0.836182 1.76615e+10
-0.5 -1.5 0 0.0608309 0.0243531 0.963963 1.45376e+10
-1 -1 0 0.0425551 0.0425551 0.971243 1.43341e+10
-0.5 -0.5 0 0.0652696 0.0652696 0.937148 1.47708e+10
-1 0 0 0.047947 0.0827444 0.930138 1.49926e+10
-0.5 0.5 0 0.0733369 0.105593 0.88541 1.56194e+10
-1 1 0 0.0577033 0.122174 0.866172 1.63733e+10
-0.5 1.5 0 0.0867644 0.144436 0.814229 1.72634e+10
0.5 -1.5 0 0.100349 0.0309519 0.909785 1.56653e+10
0 -1 0 0.0827444 0.047947 0.930138 1.49926e+10
0.5 -0.5 0 0.105593 0.0733369 0.88541 1.56194e+10
0 0 0 0.0893383 0.0893383 0.892035 1.53712e+10
0.5 0.5 0 0.114769 0.114769 0.838157 1.61176e+10
0 1 0 0.1006 0.129302 0.832031 1.64011e+10
0.5 1.5 0 0.129649 0.153706 0.772175 1.73124e+10
1.5 -1.5 0 0.138856 0.0430169 0.836182 1.76615e+10
1 -1 0 0.122174 0.0577033 0.866172 1.63733e+10
1.5 -0.5 0 0.144436 0.0867644 0.814229 1.72634e+10
1 0 0 0.129302 0.1006 0.832031 1.64011e+10
1.5 0.5 0 0.153706 0.129649 0.772175 1.73124e+10
1 1 0 0.141429 0.141429 0.777701 1.69838e+10
1.5 1.5 0 0.169157 0.169157 0.712281 1.79273e+10
2.5 -1.5 0 0.174535 0.0635758 0.751556 2.09036e+10
2 -1 0 0.159775 0.0739974 0.786502 1.8742e+10
2.5 -0.5 0 0.180624 0.107547 0.731009 2.00338e+10
2 0 0 0.166991 0.118049 0.756081 1.83128e+10
2.5 0.5 0 0.189827 0.151359 0.693218 1.94818e+10
2 1 0 0.178671 0.160324 0.707425 1.83117e+10
2.5 1.5 0 0.204189 0.192409 0.638487 1.93282e+10
-2.25 -1.25 0.25 -0.0245567 0.0343907 0.986521 3.46309e+09
-2.25 -0.25 0.25 -0.043584 0.0739269 0.950125 3.64935e+09
-2.25 0.75 0.25 -0.0606842 0.114454 0.889273 4.0064e+09
-1.25 -1.25 0.25 0.0150137 0.0150137 0.980042 3.45932e+09
-1.75 -0.75 0.25 -0.0143278 0.0444035 0.972391 3.50649e+09
-1.25 -0.25 0.25 -0.00316001 0.055043 0.945013 3.59241e+09
-1.75 0.25 0.25 -0.0321156 0.0845004 0.923318 3.74578e+09
-1.25 0.75 0.25 -0.0191562 0.0957308 0.88524 3.88798e+09
-1.75 1.25 0.25 -0.0472219 0.125749 0.852569 4.17634e+09
-0.25 -1.25 0.25 0.055043 -0.00316001 0.945013 3.59241e+09
-0.75 -0.75 0.25 0.025891 0.025891 0.952469 3.54179e+09
-0.25 -0.25 0.25 0.0378243 0.0378243 0.913236 3.66265e+09
-0.75 0.25 0.25 0.00931086 0.0665036 0.906075 3.71854e+09
-0.25 0.75 0.25 0.0231075 0.0786263 0.857885 3.88035e+09
-0.75 1.25 0.25 -0.00466451 0.107362 0.8382 4.07168e+09
0.75 -1.25 0.25 0.0957308 -0.0191562 0.88524 3.88798e+09
0.25 -0.75 0.25 0.0665036 0.00931086 0.906075 3.71854e+09
0.75 -0.25 0.25 0.0786263 0.0231075 0.857885 3.88035e+09
0.25 0.25 0.25 0.0507561 0.0507561 0.864649 3.81725e+09
0.75 0.75 0.25 0.0642921 0.0642921 0.809258 3.99775e+09
0.25 1.25 0.25 0.0379064 0.0909372 0.802982 4.07015e+09
1.75 -1.25 0.25 0.137224 -0.0321783 0.807356 4.39763e+09
1.25 -0.75 0.25 0.107362 -0.00466451 0.8382 4.07168e+09
1.75 -0.25 0.25 0.118862 0.0110386 0.784717 4.28943e+09
1.25 0.25 0.25 0.0909372 0.0379064 0.802982 4.07015e+09
1.75 0.75 0.25 0.102953 0.0533844 0.743543 4.27647e+09
1.25 1.25 0.25 0.0780136 0.0780136 0.749265 4.19251e+09
2.25 -0.75 0.25 0.14829 -0.0159384 0.756113 4.66304e+09
2.25 0.25 0.25 0.129736 0.0276735 0.72689 4.53002e+09
2.25 1.25 0.25 0.114313 0.0691819 0.680996 4.48286e+09
-2.5 -1 0.5 -0.0161405 0.0397125 0.980816 1.33599e+10
-2.5 0 0.5 -0.00962688 0.0813223 0.9382 1.42403e+10
-2.5 1 0.5 0.000886303 0.122154 0.873202 1.58e+10
-2 -1.5 0.5 0.00243698 0.0211081 0.995892 1.30214e+10
-1.5 -1 0.5 0.0264404 0.0447905 0.981357 1.3179e+10
-2 -0.5 0.5 0.00821745 0.0631185 0.966493 1.35303e+10
-1.5 0 0.5 0.0339315 0.0868586 0.938644 1.38693e+10
-2 0.5 0.5 0.0169209 0.104595 0.911166 1.4633e+10
-1.5 1 0.5 0.0456317 0.128131 0.872566 1.52168e+10
-2 1.5 0.5 0.0311547 0.144943 0.836349 1.6514e+10
-1 -1.5 0.5 0.0447905 0.0264404 0.981357 1.3179e+10
-0.5 -1 0.5 0.0691139 0.0514323 0.953085 1.3492e+10
-1 -0.5 0.5 0.0514323 0.0691139 0.953085 1.3492e+10
-0.5 0 0.5 0.0777502 0.0943582 0.912631 1.39537e+10
-1 0.5 0.5 0.0613889 0.111169 0.898826 1.43709e+10
-0.5 1 0.5 0.0907481 0.135969 0.849188 1.50199e+10
-1 1.5 0.5 0.0766699 0.151774 0.824548 1.5978e+10
0 -1.5 0.5 0.0868586 0.0339315 0.938644 1.38693e+10
0.5 -1 0.5 0.111169 0.0613889 0.898826 1.43709e+10
0 -0.5 0.5 0.0943582 0.0777502 0.912631 1.39537e+10
0.5 0 0.5 0.120531 0.105494 0.862139 1.45484e+10
0 0.5 0.5 0.105494 0.120531 0.862139 1.45484e+10
0.5 1 0.5 0.134588 0.147464 0.80395 1.5248e+10
0 1.5 0.5 0.121982 0.161021 0.79206 1.57892e+10
1 -1.5 0.5 0.128131 0.0456317 0.872566 1.52168e+10
1.5 -1 0.5 0.151774 0.0766699 0.824548 1.5978e+10
1 -0.5 0.5 0.135969 0.0907481 0.849188 1.50199e+10
1.5 0 0.5 0.161021 0.121982 0.79206 1.57892e+10
1 0.5 0.5 0.147464 0.134588 0.80395 1.5248e+10
1.5 1 0.5 0.17494 0.164851 0.740063 1.60141e+10
1 1.5 0.5 0.164851 0.17494 0.740063 1.60141e+10
2 -1.5 0.5 0.16738 0.0641801 0.79063 1.74531e+10
2.5 -1 0.5 0.189135 0.0998299 0.738281 1.85945e+10
2 -0.5 0.5 0.175246 0.109985 0.769408 1.68909e+10
2.5 0 0.5 0.19853 0.14537 0.708967 1.79183e+10
2 0.5 0.5 0.186157 0.154925 0.729382 1.66411e+10
2.5 1 0.5 0.211354 0.189363 0.662274 1.75186e+10
2 1.5 0.5 0.202792 0.1961 0.671686 1.67893e+10
-2.25 -0.75 0.75 -0.0481702 0.0599933 0.971391 3.22717e+09
-2.25 0.25 0.75 -0.076405 0.102765 0.921095 3.45763e+09
-2.25 1.25 0.75 -0.100755 0.147632 0.848941 3.85414e+09
-1.75 -1.25 0.75 -0.0122944 0.0238497 0.98752 3.14461e+09
-1.25 -0.75 0.75 -0.00584082 0.0301985 0.967259 3.1949e+09
-1.75 -0.25 0.75 -0.041513 0.0664211 0.951391 3.28179e+09
-1.25 0.25 0.75 -0.0335077 0.0737534 0.919393 3.3708e+09
-1.75 0.75 0.75 -0.0679763 0.110438 0.889921 3.56163e+09
-1.25 1.25 0.75 -0.0576863 0.118907 0.848937 3.70233e+09
-0.75 -1.25 0.75 0.0301985 -0.00584082 0.967259 3.1949e+09
-0.25 -0.75 0.75 0.0375822 0.00182289 0.934823 3.27668e+09
-0.75 -0.25 0.75 0.00182289 0.0375822 0.934823 3.27668e+09
-0.25 0.25 0.75 0.0110175 0.0461882 0.892071 3.38606e+09
-0.75 0.75 0.75 -0.0237438 0.082044 0.877259 3.49041e+09
-0.25 1.25 0.75 -0.0122547 0.0909425 0.827311 3.63384e+09
0.25 -1.25 0.75 0.0737534 -0.0335077 0.919393 3.3708e+09
0.75 -0.75 0.75 0.082044 -0.0237438 0.877259 3.49041e+09
0.25 -0.25 0.75 0.0461882 0.0110175 0.892071 3.38606e+09
0.75 0.25 0.75 0.0558058 0.0216622 0.841323 3.51633e+09
0.25 0.75 0.75 0.0216622 0.0558058 0.841323 3.51633e+09
0.75 1.25 0.75 0.033273 0.0658549 0.784962 3.65709e+09
1.25 -1.25 0.75 0.118907 -0.0576863 0.848937 3.70233e+09
1.75 -0.75 0.75 0.127699 -0.0456203 0.80046 3.8729e+09
1.25 -0.25 0.75 0.0909425 -0.0122547 0.827311 3.63384e+09
1.75 0.25 0.75 0.0997938 0.000497841 0.771915 3.79062e+09
1.25 0.75 0.75 0.0658549 0.033273 0.784962 3.65709e+09
1.75 1.25 0.75 0.0758897 0.0455549 0.724808 3.79361e+09
2.25 -1.25 0.75 0.165811 -0.0772303 0.76308 4.24078e+09
2.25 -0.25 0.75 0.136151 -0.0323091 0.746802 4.06239e+09
2.25 0.75 0.75 0.108072 0.0142941 0.712837 3.94574e+09
-2.5 -1.5 1 -0.0187615 0.0187615 0.991799 1.14737e+10
-2.5 -0.5 1 -0.0108139 0.0632078 0.961921 1.19695e+10
-2.5 0.5 1 -0.00013459 0.106842 0.906314 1.29543e+10
-2.5 1.5 1 0.0162326 0.149109 0.831455 1.45742e+10
-1.5 -1.5 1 0.0261248 0.0261248 0.992175 1.13972e+10
-2 -1 1 0.00753858 0.0447323 0.984418 1.15399e+10
-1.5 -0.5 1 0.0347049 0.0708895 0.96268 1.17381e+10
-2 0 1 0.0169461 0.0889598 0.940651 1.21918e+10
-1.5 0.5 1 0.0464083 0.114932 0.906519 1.25583e+10
-2 1 1 0.0305374 0.132196 0.873405 1.33915e+10
-1.5 1.5 1 0.0636116 0.157447 0.829977 1.3992e+10
-0.5 -1.5 1 0.0708895 0.0347049 0.96268 1.17381e+10
-1 -1 1 0.0527647 0.0527647 0.970276 1.15874e+10
-0.5 -0.5 1 0.0802959 0.0802959 0.935106 1.18995e+10
-1 0 1 0.0631591 0.0975775 0.927776 1.20636e+10
-0.5 0.5 1 0.093104 0.124865 0.881601 1.25058e+10
-1 1 1 0.0778164 0.141144 0.861412 1.30585e+10
-0.5 1.5 1 0.111185 0.167288 0.807669 1.36692e+10
0.5 -1.5 1 0.114932 0.0464083 0.906519 1.25583e+10
0 -1 1 0.0975775 0.0631591 0.927776 1.20636e+10
0.5 -0.5 1 0.124865 0.093104 0.881601 1.25058e+10
0 0 1 0.108854 0.108854 0.88856 1.23228e+10
0.5 0.5 1 0.138336 0.138336 0.832975 1.28338e+10
0 1 1 0.124525 0.152536 0.826492 1.30415e+10
0.5 1.5 1 0.157306 0.180318 0.764713 1.36312e+10
1.5 -1.5 1 0.157447 0.0636116 0.829977 1.3992e+10
1 -1 1 0.141144 0.0778164 0.861412 1.30585e+10
1.5 -0.5 1 0.167288 0.111185 0.807669 1.36692e+10
1 0 1 0.152536 0.124525 0.826492 1.30415e+10
1.5 0.5 1 0.180318 0.157306 0.764713 1.36312e+10
1 1 1 0.168545 0.168545 0.770625 1.33932e+10
1.5 1.5 1 0.199241 0.199241 0.703189 1.39542e+10
2.5 -1.5 1 0.196297 0.0894404 0.741407 1.62537e+10
2 -1 1 0.182188 0.0990556 0.778351 1.47319e+10
2.5 -0.5 1 0.206119 0.136675 0.720678 1.55705e+10
2 0 1 0.193063 0.146403 0.747512 1.43506e+10
2.5 0.5 1 0.218507 0.183204 0.682444 1.5053e+10
2 1 1 0.208027 0.191213 0.697902 1.42276e+10
2.5 1.5 1 0.235522 0.226013 0.626808 1.47631e+10
-2.25 -1.25 1.25 -0.0409846 0.0435226 0.986533 2.74258e+09
-2.25 -0.25 1.25 -0.0793165 0.0887388 0.948632 2.87498e+09
-2.25 0.75 1.25 -0.114117 0.135837 0.885508 3.12332e+09
-1.25 -1.25 1.25 0.00397075 0.00397075 0.982058 2.73263e+09
-1.75 -0.75 1.25 -0.0381376 0.0464153 0.973497 2.7681e+09
-1.25 -0.25 1.25 -0.034276 0.0502047 0.948164 2.81783e+09
-1.75 0.25 1.25 -0.075158 0.0929861 0.92374 2.9315e+09
-1.25 0.75 1.25 -0.0693071 0.0983258 0.88817 3.01264e+09
-1.75 1.25 1.25 -0.107696 0.142109 0.850923 3.2221e+09
-0.25 -1.25 1.25 0.0502047 -0.034276 0.948164 2.81783e+09
-0.75 -0.75 1.25 0.00768695 0.00768695 0.956569 2.78014e+09
-0.25 -0.25 1.25 0.0128321 0.0128321 0.920098 2.8479e+09
-0.75 0.25 1.25 -0.0288022 0.0552127 0.91193 2.88888e+09
-0.25 0.75 1.25 -0.0213631 0.0614496 0.866704 2.97592e+09
-0.75 1.25 1.25 -0.0613445 0.104593 0.843831 3.11293e+09
0.75 -1.25 1.25 0.0983258 -0.0693071 0.88817 3.01264e+09
0.25 -0.75 1.25 0.0552127 -0.0288022 0.91193 2.88888e+09
0.75 -0.25 1.25 0.0614496 -0.0213631 0.866704 2.97592e+09
0.25 0.25 1.25 0.019613 0.019613 0.874548 2.93065e+09
0.75 0.75 1.25 0.0277923 0.0277923 0.822136 3.02004e+09
0.25 1.25 1.25 -0.0120979 0.0684732 0.814715 3.0704e+09
1.75 -1.25 1.25 0.149112 -0.0991883 0.807871 3.34546e+09
1.25 -0.75 1.25 0.104593 -0.0613445 0.843831 3.11293e+09
1.75 -0.25 1.25 0.111182 -0.0514461 0.79296 3.22338e+09
1.25 0.25 1.25 0.0684732 -0.0120979 0.814715 3.0704e+09
1.75 0.75 1.25 0.0754561 -0.00165968 0.758115 3.16004e+09
1.25 1.25 1.25 0.0366667 0.0366667 0.765008 3.10414e+09
2.25 -0.75 1.25 0.156072 -0.0889355 0.758587 3.48362e+09
2.25 0.25 1.25 0.117253 -0.0403076 0.73767 3.33091e+09
2.25 1.25 1.25 0.0819161 0.00997827 0.698266 3.22808e+09
-2.5 -1 1.5 -0.0140391 0.0425902 0.97993 9.67724e+09
-2.5 0 1.5 -0.00268085 0.0891981 0.935751 1.02405e+10
-2.5 1 1.5 0.0128854 0.134439 0.868437 1.12201e+10
-2 -1.5 1.5 0.00478866 0.0237359 0.995661 9.45586e+09
-1.5 -1 1.5 0.0337299 0.0523246 0.980743 9.55256e+09
-2 -0.5 1.5 0.0152892 0.0708655 0.965226 9.78207e+09
-1.5 0 1.5 0.0458579 0.0992638 0.936616 9.98972e+09
-2 0.5 1.5 0.0288046 0.117031 0.907949 1.04815e+10
-1.5 1 1.5 0.0623117 0.144828 0.868152 1.08352e+10
-2 1.5 1.5 0.0480911 0.161341 0.830303 1.16522e+10
-1 -1.5 1.5 0.0523246 0.0337299 0.980743 9.55256e+09
-0.5 -1 1.5 0.0813807 0.0635138 0.951709 9.74385e+09
-1 -0.5 1.5 0.0635138 0.0813807 0.951709 9.74385e+09
-0.5 0 1.5 0.0944015 0.111114 0.910111 1.00224e+10
-1 0.5 1.5 0.0779822 0.127961 0.895639 1.02931e+10
-0.5 1 1.5 0.111717 0.156819 0.844446 1.06769e+10
-1 1.5 1.5 0.0979074 0.172409 0.818485 1.12858e+10
0 -1.5 1.5 0.0992638 0.0458579 0.936616 9.98972e+09
0.5 -1 1.5 0.127961 0.0779822 0.895639 1.02931e+10
0 -0.5 1.5 0.111114 0.0944015 0.910111 1.00224e+10
0.5 0 1.5 0.141451 0.126392 0.858104 1.03734e+10
0 0.5 1.5 0.126392 0.141451 0.858104 1.03734e+10
0.5 1 1.5 0.159299 0.172101 0.798095 1.07665e+10
0 1.5 1.5 0.146942 0.185422 0.785444 1.11102e+10
1 -1.5 1.5 0.144828 0.0623117 0.868152 1.08352e+10
1.5 -1 1.5 0.172409 0.0979074 0.818485 1.12858e+10
1 -0.5 1.5 0.156819 0.111717 0.844446 1.06769e+10
1.5 0 1.5 0.185422 0.146942 0.785444 1.11102e+10
1 0.5 1.5 0.172101 0.159299 0.798095 1.07665e+10
1.5 1 1.5 0.202834 0.192953 0.732121 1.11534e+10
1 1.5 1.5 0.192953 0.202834 0.732121 1.11534e+10
2 -1.5 1.5 0.1876 0.0858586 0.782759 1.2206e+10
2.5 -1 1.5 0.212571 0.125899 0.728192 1.28439e+10
2 -0.5 1.5 0.199255 0.135442 0.761352 1.17998e+10
2.5 0 1.5 0.22513 0.174734 0.698686 1.23247e+10
2 0.5 1.5 0.213503 0.183531 0.720637 1.15432e+10
2.5 1 1.5 0.24112 0.22112 0.651166 1.19227e+10
2 1.5 1.5 0.233439 0.227035 0.661446 1.14846e+10
