449
-2.5 -1 -1.5 0.172194 -0.0956629 0.738791 2.05237e+10
-2.5 0 -1.5 0.159194 -0.0612343 0.760881 1.87845e+10
-2.5 1 -1.5 0.147044 -0.0246041 0.768225 1.74624e+10
-2 -1.5 -1.5 0.195627 -0.103275 0.689246 2.41311e+10
-1.5 -1 -1.5 0.207345 -0.0717987 0.667437 2.62075e+10
-2 -0.5 -1.5 0.182736 -0.0692816 0.713854 2.20499e+10
-1.5 0 -1.5 0.192256 -0.0376669 0.683236 2.41875e+10
-2 0.5 -1.5 0.168755 -0.0339056 0.726383 2.0357e+10
-1.5 1 -1.5 0.177831 -0.00158093 0.687062 2.24135e+10
-2 1.5 -1.5 0.157462 0.00392589 0.724549 1.89854e+10
-1 -1.5 -1.5 0.231832 -0.0677507 0.623628 3.13856e+10
-0.5 -1 -1.5 0.241711 -0.02367 0.600871 3.54624e+10
-1 -0.5 -1.5 0.217145 -0.0346633 0.640765 2.91495e+10
-0.5 0 -1.5 0.224879 0.00841737 0.61048 3.31147e+10
-1 0.5 -1.5 0.200571 -0.00057027 0.648452 2.70234e+10
-0.5 1 -1.5 0.207815 0.0420744 0.610537 3.06669e+10
-1 1.5 -1.5 0.186394 0.0357265 0.644218 2.5006e+10
0 -1.5 -1.5 0.262965 -0.00271952 0.565735 4.33286e+10
0.5 -1 -1.5 0.267156 0.0563608 0.544044 5.12204e+10
0 -0.5 -1.5 0.248524 0.0267176 0.5749 4.10523e+10
0.5 0 -1.5 0.252839 0.0837934 0.546152 4.85597e+10
0 0.5 -1.5 0.230856 0.0576562 0.577323 3.83177e+10
0.5 1 -1.5 0.236263 0.112503 0.540824 4.49842e+10
0 1.5 -1.5 0.214828 0.0897336 0.569474 3.52294e+10
1 -1.5 -1.5 0.27673 0.100445 0.520257 6.40201e+10
1.5 -1 -1.5 0.270162 0.177052 0.500449 7.96703e+10
1 -0.5 -1.5 0.267476 0.122498 0.519717 6.20767e+10
1.5 0 -1.5 0.266223 0.195061 0.491176 7.67221e+10
1 0.5 -1.5 0.256362 0.146952 0.513609 5.84145e+10
1.5 1 -1.5 0.262494 0.215086 0.474478 7.10116e+10
1 1.5 -1.5 0.243838 0.172548 0.498876 5.33489e+10
2 -1.5 -1.5 0.255385 0.251978 0.490824 1.02233e+11
2.5 -1 -1.5 0.238221 0.345871 0.469777 1.34607e+11
2 -0.5 -1.5 0.261645 0.260109 0.475843 1.01461e+11
2.5 0 -1.5 0.255132 0.344374 0.443004 1.29433e+11
2 0.5 -1.5 0.267538 0.271523 0.455051 9.56737e+10
2.5 1 -1.5 0.279655 0.358316 0.406919 1.20406e+11
2 1.5 -1.5 0.278306 0.2921 0.424617 8.7349e+10
-2.25 -0.75 -1.25 0.13953 0.0270942 0.737539 5.6939e+09
-2.25 0.25 -1.25 0.146527 0.0702811 0.745439 5.34024e+09
-2.25 1.25 -1.25 0.15713 0.111876 0.738107 5.07357e+09
-1.75 -1.25 -1.25 0.160143 0.0162795 0.693656 6.65611e+09
-1.25 -0.75 -1.25 0.18405 0.0523503 0.665318 7.38267e+09
-1.75 -0.25 -1.25 0.162557 0.0602249 0.705385 6.23891e+09
-1.25 0.25 -1.25 0.182845 0.0941213 0.668434 6.97573e+09
-1.75 0.75 -1.25 0.167008 0.102159 0.704048 5.89194e+09
-1.25 1.25 -1.25 0.184334 0.134072 0.659332 6.59395e+09
-0.75 -1.25 -1.25 0.210551 0.0486717 0.626658 8.81217e+09
-0.25 -0.75 -1.25 0.232996 0.0900913 0.597983 1.01669e+10
-0.75 -0.25 -1.25 0.205054 0.0892042 0.63271 8.37702e+09
-0.25 0.25 -1.25 0.223059 0.126018 0.597311 9.68346e+09
-0.75 0.75 -1.25 0.199965 0.128047 0.628557 7.92834e+09
-0.25 1.25 -1.25 0.214286 0.160925 0.586559 9.11751e+09
0.25 -1.25 -1.25 0.26339 0.0999474 0.565602 1.24164e+10
0.75 -0.75 -1.25 0.284601 0.148092 0.536707 1.49432e+10
0.25 -0.25 -1.25 0.252831 0.131741 0.566273 1.19831e+10
0.75 0.25 -1.25 0.271545 0.173084 0.531093 1.43464e+10
0.25 0.75 -1.25 0.238988 0.161761 0.559355 1.13436e+10
0.75 1.25 -1.25 0.254976 0.194709 0.517505 1.33796e+10
1.25 -1.25 -1.25 0.316545 0.180163 0.509448 1.86952e+10
1.75 -0.75 -1.25 0.336564 0.236942 0.476703 2.34319e+10
1.25 -0.25 -1.25 0.304931 0.196045 0.503297 1.82935e+10
1.75 0.25 -1.25 0.329113 0.241639 0.462314 2.25321e+10
1.25 0.75 -1.25 0.291983 0.211845 0.490403 1.73073e+10
1.75 1.25 -1.25 0.320284 0.246869 0.439953 2.08959e+10
2.25 -1.25 -1.25 0.365092 0.300845 0.451517 2.9922e+10
2.25 -0.25 -1.25 0.3614 0.294061 0.434161 2.95303e+10
2.25 0.75 -1.25 0.362108 0.285165 0.409101 2.76813e+10
-2.5 -1.5 -1 0.169527 -0.0887378 0.723737 2.50827e+10
-2.5 -0.5 -1 0.163567 -0.0517491 0.750545 2.29658e+10
-2.5 0.5 -1 0.157161 -0.0136027 0.763785 2.13295e+10
-2.5 1.5 -1 0.153031 0.0262342 0.76132 2.0084e+10
-1.5 -1.5 -1 0.205881 -0.0605699 0.656226 3.14522e+10
-2 -1 -1 0.184536 -0.058651 0.702538 2.67794e+10
-1.5 -0.5 -1 0.19781 -0.023378 0.675029 2.92692e+10
-2 0 -1 0.176774 -0.0210741 0.719518 2.48117e+10
-1.5 0.5 -1 0.188744 0.014266 0.683055 2.72932e+10
-2 1 -1 0.170282 0.0177576 0.723181 2.31694e+10
-1.5 1.5 -1 0.182825 0.0533233 0.678082 2.5493e+10
-0.5 -1.5 -1 0.239209 -0.00750478 0.59303 4.15876e+10
-1 -1 -1 0.219298 -0.0193352 0.632248 3.48282e+10
-0.5 -0.5 -1 0.229544 0.0273112 0.604145 3.94897e+10
-1 0 -1 0.209016 0.0169903 0.642784 3.26606e+10
-0.5 0.5 -1 0.218184 0.0626627 0.607065 3.70841e+10
-1 1 -1 0.199402 0.0543777 0.642671 3.04757e+10
-0.5 1.5 -1 0.209072 0.0990465 0.599107 3.44127e+10
0.5 -1.5 -1 0.260261 0.0784807 0.539052 5.82783e+10
0 -1 -1 0.247705 0.0467552 0.568889 4.79956e+10
0.5 -0.5 -1 0.252161 0.107291 0.541785 5.6682e+10
0 0 -1 0.236812 0.079799 0.572899 4.56836e+10
0.5 0.5 -1 0.242237 0.138007 0.538425 5.36835e+10
0 1 -1 0.226029 0.11346 0.568215 4.26695e+10
0.5 1.5 -1 0.234479 0.168658 0.525137 4.9508e+10
1.5 -1.5 -1 0.255731 0.206713 0.49722 8.68738e+10
1 -1 -1 0.259628 0.148428 0.515982 7.03695e+10
1.5 -0.5 -1 0.255864 0.224254 0.489175 8.66656e+10
1 0 -1 0.254367 0.173837 0.511149 6.81674e+10
1.5 0.5 -1 0.25745 0.244942 0.474802 8.27234e+10
1 1 -1 0.248305 0.200972 0.499085 6.36713e+10
1.5 1.5 -1 0.260023 0.269199 0.45132 7.58217e+10
2.5 -1.5 -1 0.212329 0.380113 0.467899 1.35251e+11
2 -1 -1 0.244036 0.292948 0.474026 1.09476e+11
2.5 -0.5 -1 0.234504 0.381058 0.443475 1.38683e+11
2 0 -1 0.252717 0.303674 0.456005 1.07569e+11
2.5 0.5 -1 0.258836 0.383417 0.41114 1.32476e+11
2 1 -1 0.267553 0.320041 0.428408 1.0048e+11
2.5 1.5 -1 0.292259 0.405074 0.368699 1.22613e+11
-2.25 -1.25 -0.75 0.177012 -0.0574079 0.713891 6.52939e+09
-2.25 -0.25 -0.75 0.171314 -0.0158799 0.732341 6.08239e+09
-2.25 0.75 -0.75 0.166939 0.0250464 0.736588 5.73226e+09
-1.25 -1.25 -0.75 0.230424 -0.0366945 0.640756 8.30939e+09
-1.75 -0.75 -0.75 0.198465 -0.028422 0.686289 7.08012e+09
-1.25 -0.25 -0.75 0.21811 0.00193679 0.652876 7.84606e+09
-1.75 0.25 -0.75 0.18943 0.0115018 0.695378 6.65675e+09
-1.25 0.75 -0.75 0.20524 0.0397367 0.654189 7.39839e+09
-1.75 1.25 -0.75 0.182708 0.0514469 0.691213 6.28955e+09
-0.25 -1.25 -0.75 0.291654 0.00263565 0.56954 1.11647e+10
-0.75 -0.75 -0.75 0.252552 -0.00194158 0.610538 9.33607e+09
-0.25 -0.25 -0.75 0.272274 0.0335166 0.576402 1.06977e+10
-0.75 0.25 -0.75 0.235371 0.03314 0.615534 8.84869e+09
-0.25 0.75 -0.75 0.250327 0.0640239 0.575371 1.01051e+10
-0.75 1.25 -0.75 0.218359 0.0679536 0.610302 8.31398e+09
0.75 -1.25 -0.75 0.356385 0.0715255 0.500823 1.58855e+10
0.25 -0.75 -0.75 0.314364 0.0446827 0.537628 1.30254e+10
0.75 -0.25 -0.75 0.335809 0.0861906 0.501439 1.54344e+10
0.25 0.25 -0.75 0.290168 0.0683185 0.538946 1.24282e+10
0.75 0.75 -0.75 0.30838 0.101019 0.497193 1.45362e+10
0.25 1.25 -0.75 0.264248 0.0928647 0.532191 1.1616e+10
1.75 -1.25 -0.75 0.421196 0.182351 0.429679 2.37387e+10
1.25 -0.75 -0.75 0.379874 0.121896 0.464738 1.91974e+10
1.75 -0.25 -0.75 0.40373 0.170962 0.421494 2.33423e+10
1.25 0.25 -0.75 0.358612 0.127071 0.459267 1.84285e+10
1.75 0.75 -0.75 0.385324 0.162863 0.409055 2.19144e+10
1.25 1.25 -0.75 0.329745 0.129755 0.449011 1.69723e+10
2.25 -0.75 -0.75 0.441638 0.241986 0.385509 2.92774e+10
2.25 0.25 -0.75 0.433655 0.212811 0.368644 2.80485e+10
2.25 1.25 -0.75 0.424754 0.197181 0.345676 2.57861e+10
-2.5 -1 -0.5 0.166715 -0.0544137 0.736232 2.51731e+10
-2.5 0 -0.5 0.164516 -0.0144308 0.755616 2.33787e+10
-2.5 1 -0.5 0.16333 0.0265423 0.760259 2.19658e+10
-2 -1.5 -0.5 0.185972 -0.0607607 0.687436 2.90542e+10
-1.5 -1 -0.5 0.20282 -0.0220662 0.663248 3.15394e+10
-2 -0.5 -0.5 0.183238 -0.0207734 0.70904 2.70396e+10
-1.5 0 -0.5 0.197808 0.0175302 0.675712 2.96326e+10
-2 0.5 -0.5 0.179972 0.0195277 0.718506 2.53141e+10
-1.5 1 -0.5 0.194119 0.0575545 0.676291 2.78124e+10
-2 1.5 -0.5 0.179395 0.0607567 0.713826 2.38314e+10
-1 -1.5 -0.5 0.221952 -0.0170148 0.620085 3.68807e+10
-0.5 -1 -0.5 0.234717 0.0337825 0.594113 4.15688e+10
-1 -0.5 -0.5 0.216711 0.0217744 0.633667 3.50315e+10
-0.5 0 -0.5 0.227584 0.0705559 0.600057 3.96765e+10
-1 0.5 -0.5 0.210274 0.0603935 0.637878 3.30301e+10
-0.5 1 -0.5 0.221001 0.1078 0.596519 3.7284e+10
-1 1.5 -0.5 0.207156 0.0995442 0.630236 3.08905e+10
0 -1.5 -0.5 0.249063 0.0555249 0.558748 4.9214e+10
0.5 -1 -0.5 0.253769 0.119862 0.532825 5.77583e+10
0 -0.5 -0.5 0.243177 0.0897344 0.564501 4.79002e+10
0.5 0 -0.5 0.248379 0.151022 0.53155 5.60948e+10
0 0.5 -0.5 0.236063 0.124331 0.563066 4.55898e+10
0.5 1 -0.5 0.24389 0.182682 0.522086 5.2807e+10
0 1.5 -0.5 0.231042 0.159367 0.551532 4.23871e+10
1 -1.5 -0.5 0.256918 0.165457 0.506717 6.89299e+10
1.5 -1 -0.5 0.250644 0.244127 0.480722 8.38403e+10
1 -0.5 -0.5 0.254395 0.189474 0.503448 6.89745e+10
1.5 0 -0.5 0.254765 0.263229 0.468956 8.30574e+10
1 0.5 -0.5 0.252846 0.217117 0.494146 6.6269e+10
1.5 1 -0.5 0.260483 0.285916 0.449681 7.81666e+10
1 1.5 -0.5 0.254314 0.244542 0.474916 6.12295e+10
2 -1.5 -0.5 0.234561 0.313838 0.464325 9.92963e+10
2.5 -1 -0.5 0.223537 0.401143 0.435292 1.21293e+11
2 -0.5 -0.5 0.244859 0.325578 0.449201 1.02349e+11
2.5 0 -0.5 0.241676 0.402629 0.410314 1.22241e+11
2 0.5 -0.5 0.25872 0.337234 0.426761 9.90979e+10
2.5 1 -0.5 0.275995 0.415003 0.371857 1.16486e+11
2 1.5 -0.5 0.278908 0.360319 0.393818 9.15792e+10
-2.25 -0.75 -0.25 0.206781 -0.0909889 0.7123 6.39906e+09
-2.25 0.25 -0.25 0.1913 -0.0520915 0.727308 5.99372e+09
-2.25 1.25 -0.25 0.177083 -0.0122149 0.727916 5.66324e+09
-1.75 -1.25 -0.25 0.242059 -0.104335 0.661294 7.39668e+09
-1.25 -0.75 -0.25 0.262948 -0.0761257 0.630924 8.11273e+09
-1.75 -0.25 -0.25 0.224345 -0.0671685 0.679486 6.93871e+09
-1.25 0.25 -0.25 0.240358 -0.042314 0.641358 7.64892e+09
-1.75 0.75 -0.25 0.205526 -0.029864 0.685963 6.52743e+09
-1.25 1.25 -0.25 0.217862 -0.00686306 0.640814 7.18268e+09
-0.75 -1.25 -0.25 0.306032 -0.0771118 0.583128 9.5229e+09
-0.25 -0.75 -0.25 0.329068 -0.0419167 0.549352 1.08007e+10
-0.75 -0.25 -0.25 0.282161 -0.0469953 0.595388 9.06631e+09
-0.25 0.25 -0.25 0.299326 -0.0173386 0.555935 1.02653e+10
-0.75 0.75 -0.25 0.25434 -0.0167637 0.599536 8.53126e+09
-0.25 1.25 -0.25 0.266323 0.00811372 0.554751 9.57482e+09
0.25 -1.25 -0.25 0.379355 -0.0236058 0.504315 1.28596e+10
0.75 -0.75 -0.25 0.403417 0.020394 0.466079 1.50411e+10
0.25 -0.25 -0.25 0.34996 -0.00662026 0.511124 1.24209e+10
0.75 0.25 -0.25 0.370203 0.0265822 0.468079 1.43712e+10
0.25 0.75 -0.25 0.315317 0.0110117 0.512734 1.16981e+10
0.75 1.25 -0.25 0.331724 0.0356131 0.46503 1.33076e+10
1.25 -1.25 -0.25 0.451452 0.070811 0.423596 1.80728e+10
1.75 -0.75 -0.25 0.475256 0.122019 0.377973 2.1484e+10
1.25 -0.25 -0.25 0.426981 0.0615187 0.421833 1.76901e+10
1.75 0.25 -0.25 0.451197 0.101271 0.370529 2.06509e+10
1.25 0.75 -0.25 0.392156 0.0558408 0.418898 1.65553e+10
1.75 1.25 -0.25 0.418791 0.0823674 0.361313 1.87979e+10
2.25 -1.25 -0.25 0.511469 0.209264 0.339934 2.52797e+10
2.25 -0.25 -0.25 0.493958 0.168461 0.326841 2.51328e+10
2.25 0.75 -0.25 0.477428 0.133237 0.311664 2.35873e+10
-2.5 -1.5 0 0.16835 -0.0642758 0.718218 2.52489e+10
-2.5 -0.5 0 0.170084 -0.0222682 0.743629 2.348e+10
-2.5 0.5 0 0.171364 0.0203005 0.75538 2.20513e+10
-2.5 1.5 0 0.174535 0.0635758 0.751556 2.09036e+10
-1.5 -1.5 0 0.206349 -0.0285028 0.648447 3.08682e+10
-2 -1 0 0.188157 -0.0279121 0.695162 2.68926e+10
-1.5 -0.5 0 0.205554 0.0135846 0.665104 2.92818e+10
-2 0 0 0.188034 0.0143899 0.710298 2.52868e+10
-1.5 0.5 0 0.203848 0.0551733 0.671165 2.76726e+10
-2 1 0 0.188877 0.0568899 0.712317 2.38441e+10
-1.5 1.5 0 0.205122 0.0968967 0.66444 2.60548e+10
-0.5 -1.5 0 0.239206 0.03298 0.581178 3.93592e+10
-1 -1 0 0.223287 0.0191941 0.621514 3.40167e+10
-0.5 -0.5 0 0.235895 0.0717985 0.589972 3.8275e+10
-1 0 0 0.219865 0.0596835 0.629888 3.24768e+10
-0.5 0.5 0 0.231432 0.109984 0.590649 3.65402e+10
-1 1 0 0.217677 0.0998207 0.627673 3.06615e+10
-0.5 1.5 0 0.230426 0.148119 0.580336 3.42146e+10
0.5 -1.5 0 0.256254 0.126973 0.520682 5.21563e+10
0 -1 0 0.249066 0.0934942 0.553056 4.49436e+10
0.5 -0.5 0 0.253882 0.15773 0.521276 5.22e+10
0 0 0 0.244855 0.128632 0.554599 4.37584e+10
0.5 0.5 0 0.251916 0.189602 0.515257 5.04116e+10
0 1 0 0.241534 0.164381 0.547557 4.14285e+10
0.5 1.5 0 0.252005 0.222075 0.499704 4.69489e+10
1.5 -1.5 0 0.249229 0.256055 0.468276 7.01258e+10
1 -1 0 0.255363 0.198945 0.492122 6.14571e+10
1.5 -0.5 0 0.252316 0.273639 0.459348 7.25757e+10
1 0 0 0.256402 0.225749 0.485415 6.10118e+10
1.5 0.5 0 0.259945 0.295561 0.443848 7.08807e+10
1 1 0 0.259734 0.253536 0.470604 5.79301e+10
1.5 1.5 0 0.27299 0.319533 0.417833 6.5797e+10
2.5 -1.5 0 0.215151 0.401629 0.424228 8.80763e+10
2 -1 0 0.239157 0.33576 0.438667 8.28982e+10
2.5 -0.5 0 0.235076 0.411228 0.402811 9.51329e+10
2 0 0 0.25188 0.347137 0.420406 8.46048e+10
2.5 0.5 0 0.258069 0.415597 0.37374 9.47048e+10
2 1 0 0.27038 0.364754 0.393679 8.07035e+10
2.5 1.5 0 0.295942 0.436175 0.331856 8.88706e+10
-2.25 -1.25 0.25 0.248483 -0.155979 0.686254 6.28403e+09
-2.25 -0.25 0.25 0.226196 -0.119508 0.710806 5.86314e+09
-2.25 0.75 0.25 0.202116 -0.0819616 0.722464 5.50646e+09
-1.25 -1.25 0.25 0.312075 -0.141617 0.604144 7.78517e+09
-1.75 -0.75 0.25 0.267003 -0.134455 0.657406 6.74207e+09
-1.25 -0.25 0.25 0.284889 -0.111484 0.621873 7.36082e+09
-1.75 0.25 0.25 0.240514 -0.10042 0.673219 6.33057e+09
-1.25 0.75 0.25 0.25331 -0.0807705 0.630837 6.90997e+09
-1.75 1.25 0.25 0.213202 -0.0643083 0.677237 5.94339e+09
-0.25 -1.25 0.25 0.3873 -0.10145 0.518719 1.00386e+10
-0.75 -0.75 0.25 0.334626 -0.112517 0.569864 8.60571e+09
-0.25 -0.25 0.25 0.355123 -0.0837193 0.530496 9.64078e+09
-0.75 0.25 0.25 0.30101 -0.088302 0.58155 8.13553e+09
-0.25 0.75 0.25 0.315223 -0.0647812 0.537273 9.04639e+09
-0.75 1.25 0.25 0.264307 -0.0607156 0.584895 7.58588e+09
0.75 -1.25 0.25 0.468074 -0.0293985 0.429603 1.33257e+10
0.25 -0.75 0.25 0.411454 -0.0652044 0.479365 1.13983e+10
0.75 -0.25 0.25 0.432859 -0.0301335 0.43471 1.29933e+10
0.25 0.25 0.25 0.373342 -0.0550062 0.486542 1.08643e+10
0.75 0.75 0.25 0.390124 -0.0292294 0.438012 1.21962e+10
0.25 1.25 0.25 0.327405 -0.0430006 0.489367 1.00447e+10
1.75 -1.25 0.25 0.530088 0.089181 0.341057 1.75528e+10
1.25 -0.75 0.25 0.490034 0.0155633 0.384015 1.5332e+10
1.75 -0.25 0.25 0.507422 0.0516888 0.334218 1.74033e+10
1.25 0.25 0.25 0.451766 -1.49127e-07 0.385125 1.46991e+10
1.75 0.75 0.25 0.471852 0.024161 0.329684 1.62627e+10
1.25 1.25 0.25 0.406874 -0.0088962 0.384361 1.34873e+10
2.25 -0.75 0.25 0.542499 0.133507 0.29385 1.9612e+10
2.25 0.25 0.25 0.521784 0.0890594 0.280474 1.91089e+10
2.25 1.25 0.25 0.491892 0.0506584 0.268777 1.72708e+10
-2.5 -1 0.5 0.173778 -0.0348246 0.727943 2.18778e+10
-2.5 0 0.5 0.177702 0.00964577 0.746598 2.05792e+10
-2.5 1 0.5 0.182315 0.0545206 0.750522 1.94895e+10
-2 -1.5 0.5 0.190943 -0.0400298 0.678183 2.4701e+10
-1.5 -1 0.5 0.211301 0.00449825 0.651636 2.66437e+10
-2 -0.5 0.5 0.194415 0.00450896 0.698696 2.33807e+10
-1.5 0 0.5 0.212436 0.0484599 0.662703 2.54234e+10
-2 0.5 0.5 0.197087 0.0489089 0.707137 2.21367e+10
-1.5 1 0.5 0.214167 0.0916425 0.662253 2.40828e+10
-2 1.5 0.5 0.201835 0.0932219 0.701674 2.0965e+10
-1 -1.5 0.5 0.227521 0.011058 0.607033 3.02202e+10
-0.5 -1 0.5 0.242645 0.0681582 0.577343 3.36553e+10
-1 -0.5 0.5 0.228037 0.0543585 0.618956 2.93145e+10
-0.5 0 0.5 0.240433 0.108119 0.581865 3.27235e+10
-1 0.5 0.5 0.227203 0.0962212 0.621839 2.80079e+10
-0.5 1 0.5 0.239675 0.147325 0.57683 3.1111e+10
-1 1.5 0.5 0.229549 0.137511 0.613032 2.63864e+10
0 -1.5 0.5 0.253933 0.0919595 0.539369 3.8095e+10
0.5 -1 0.5 0.258317 0.159944 0.508951 4.35269e+10
0 -0.5 0.5 0.251845 0.128651 0.54369 3.80515e+10
0.5 0 0.5 0.257811 0.191641 0.505913 4.33678e+10
0 0.5 0.5 0.250061 0.165106 0.540677 3.68534e+10
0.5 1 0.5 0.259055 0.224741 0.494911 4.14303e+10
0 1.5 0.5 0.251663 0.201253 0.527375 3.45671e+10
1 -1.5 0.5 0.256591 0.202327 0.47923 4.83253e+10
1.5 -1 0.5 0.250811 0.275365 0.447944 5.55726e+10
1 -0.5 0.5 0.258656 0.228795 0.474549 4.99979e+10
1.5 0 0.5 0.25782 0.297146 0.436091 5.66664e+10
1 0.5 0.5 0.26265 0.256056 0.46366 4.91409e+10
1.5 1 0.5 0.270098 0.320628 0.415488 5.45198e+10
1 1.5 0.5 0.270014 0.285904 0.443327 4.59412e+10
2 -1.5 0.5 0.239317 0.33346 0.426605 5.75383e+10
2.5 -1 0.5 0.226949 0.4029 0.39706 6.27046e+10
2 -0.5 0.5 0.244657 0.34577 0.413375 6.2233e+10
2.5 0 0.5 0.246499 0.410943 0.373024 6.68858e+10
2 0.5 0.5 0.259837 0.363253 0.392219 6.22858e+10
2.5 1 0.5 0.274703 0.422518 0.339695 6.50233e+10
2 1.5 0.5 0.285484 0.383865 0.359215 5.83752e+10
-2.25 -0.75 0.75 0.267369 -0.17792 0.687993 5.40142e+09
-2.25 0.25 0.75 0.237311 -0.143126 0.709554 5.05479e+09
-2.25 1.25 0.75 0.205428 -0.105488 0.718042 4.74804e+09
-1.75 -1.25 0.75 0.312744 -0.191746 0.630459 6.1434e+09
-1.25 -0.75 0.75 0.33338 -0.16925 0.59745 6.63092e+09
-1.75 -0.25 0.75 0.283093 -0.160694 0.654054 5.77418e+09
-1.25 0.25 0.75 0.297804 -0.142794 0.613983 6.24231e+09
-1.75 0.75 0.75 0.24873 -0.128265 0.667769 5.41015e+09
-1.25 1.25 0.75 0.258383 -0.11333 0.621699 5.81937e+09
-0.75 -1.25 0.75 0.386888 -0.166275 0.541393 7.60025e+09
-0.25 -0.75 0.75 0.410961 -0.135543 0.501902 8.39956e+09
-0.75 -0.25 0.75 0.352813 -0.146253 0.558138 7.24619e+09
-0.25 0.25 0.75 0.369505 -0.124665 0.514154 7.96416e+09
-0.75 0.75 0.75 0.310307 -0.12543 0.569558 6.78608e+09
-0.25 1.25 0.75 0.3202 -0.108039 0.521534 7.36559e+09
0.25 -1.25 0.75 0.468295 -0.10896 0.447443 9.60882e+09
0.75 -0.75 0.75 0.489621 -0.0736911 0.402401 1.07414e+10
0.25 -0.25 0.75 0.431602 -0.107579 0.457343 9.32595e+09
0.75 0.25 0.75 0.446487 -0.0805807 0.408808 1.0285e+10
0.25 0.75 0.75 0.382745 -0.102844 0.466134 8.72316e+09
0.75 1.25 0.75 0.392067 -0.0837235 0.414638 9.42498e+09
1.25 -1.25 0.75 0.542496 -0.022958 0.352203 1.19721e+10
1.75 -0.75 0.75 0.552015 0.0190642 0.306001 1.30417e+10
1.25 -0.25 0.75 0.503785 -0.0418633 0.353886 1.18302e+10
1.75 0.25 0.75 0.510411 -0.0179263 0.303863 1.26622e+10
1.25 0.75 0.75 0.457634 -0.0579849 0.356729 1.11102e+10
1.75 1.25 0.75 0.462809 -0.0435434 0.30323 1.15323e+10
2.25 -1.25 0.75 0.567587 0.110116 0.276636 1.34713e+10
2.25 -0.25 0.75 0.552718 0.0442165 0.260967 1.36947e+10
2.25 0.75 0.75 0.515335 -0.00537976 0.253058 1.28259e+10
-2.5 -1.5 1 0.175075 -0.0508276 0.70882 1.90444e+10
-2.5 -0.5 1 0.182098 -0.00439298 0.734053 1.79887e+10
-2.5 0.5 1 0.188531 0.0424491 0.745496 1.70637e+10
-2.5 1.5 1 0.196297 0.0894404 0.741407 1.62537e+10
-1.5 -1.5 1 0.214149 -0.00869036 0.635813 2.24623e+10
-2 -1 1 0.19848 -0.00907812 0.684018 2.01507e+10
-1.5 -0.5 1 0.218996 0.0379331 0.651402 2.17143e+10
-2 0 1 0.203727 0.0376259 0.698501 1.92111e+10
-1.5 0.5 1 0.222411 0.0835185 0.656609 2.07606e+10
-2 1 1 0.209399 0.0838808 0.699999 1.82596e+10
-1.5 1.5 1 0.227849 0.128065 0.649428 1.96557e+10
-0.5 -1.5 1 0.246269 0.0588983 0.563382 2.70837e+10
-1 -1 1 0.233457 0.0444669 0.605915 2.44308e+10
-0.5 -0.5 1 0.247547 0.102243 0.570761 2.69562e+10
-1 0 1 0.235576 0.0893168 0.613015 2.37119e+10
-0.5 0.5 1 0.247861 0.143504 0.570451 2.60823e+10
-1 1 1 0.237753 0.132363 0.610132 2.25908e+10
-0.5 1.5 1 0.251206 0.183572 0.559387 2.46151e+10
0.5 -1.5 1 0.262252 0.155595 0.495561 3.26884e+10
0 -1 1 0.257091 0.123859 0.531106 3.01505e+10
0.5 -0.5 1 0.261005 0.188896 0.495686 3.36714e+10
0 0 1 0.256368 0.162073 0.531821 2.99304e+10
0.5 0.5 1 0.262688 0.222644 0.48871 3.31968e+10
0 1 1 0.257733 0.199574 0.523689 2.87157e+10
0.5 1.5 1 0.268226 0.256676 0.47185 3.12579e+10
1.5 -1.5 1 0.248763 0.268154 0.438538 3.72034e+10
1 -1 1 0.259853 0.225439 0.46379 3.64501e+10
1.5 -0.5 1 0.255449 0.291936 0.428524 4.01118e+10
1 0 1 0.262757 0.252822 0.456213 3.73722e+10
1.5 0.5 1 0.263951 0.31379 0.412984 4.03628e+10
1 1 1 0.269652 0.283091 0.440744 3.61645e+10
1.5 1.5 1 0.280381 0.341519 0.3874 3.79884e+10
2.5 -1.5 1 0.23618 0.394212 0.390785 3.62919e+10
2 -1 1 0.240846 0.334823 0.407195 4.02713e+10
2.5 -0.5 1 0.23478 0.397502 0.375315 4.09996e+10
2 0 1 0.251508 0.353276 0.390793 4.23431e+10
2.5 0.5 1 0.2547 0.407886 0.349474 4.18565e+10
2 1 1 0.27088 0.370501 0.364894 4.14136e+10
2.5 1.5 1 0.285593 0.423834 0.31253 3.96799e+10
-2.25 -1.25 1.25 0.310604 -0.228743 0.660126 4.70245e+09
-2.25 -0.25 1.25 0.2786 -0.196238 0.69012 4.39867e+09
-2.25 0.75 1.25 0.241265 -0.161559 0.708913 4.11663e+09
-1.25 -1.25 1.25 0.380871 -0.217742 0.570086 5.60561e+09
-1.75 -0.75 1.25 0.328545 -0.212 0.629918 4.97054e+09
-1.25 -0.25 1.25 0.345974 -0.194254 0.592163 5.31097e+09
-1.75 0.25 1.25 0.291499 -0.182811 0.651718 4.66196e+09
-1.25 0.75 1.25 0.302594 -0.169592 0.607897 4.96401e+09
-1.75 1.25 1.25 0.249874 -0.15018 0.663584 4.34785e+09
-0.25 -1.25 1.25 0.461033 -0.177575 0.473808 6.78839e+09
-0.75 -0.75 1.25 0.403363 -0.193462 0.532158 6.04025e+09
-0.25 -0.25 1.25 0.422883 -0.170771 0.488459 6.53563e+09
-0.75 0.25 1.25 0.360964 -0.177388 0.548878 5.70326e+09
-0.25 0.75 1.25 0.371398 -0.162686 0.501943 6.10682e+09
-0.75 1.25 1.25 0.310349 -0.157306 0.560459 5.27602e+09
0.75 -1.25 1.25 0.535959 -0.104543 0.375815 8.08039e+09
0.25 -0.75 1.25 0.482724 -0.146703 0.429555 7.38796e+09
0.75 -0.25 1.25 0.497055 -0.122594 0.382247 7.95463e+09
0.25 0.25 1.25 0.436193 -0.152098 0.441221 7.03706e+09
0.75 0.75 1.25 0.441997 -0.131489 0.39156 7.4354e+09
0.25 1.25 1.25 0.376534 -0.147656 0.452111 6.45165e+09
1.75 -1.25 1.25 0.585121 -0.0185027 0.291016 8.77913e+09
1.25 -0.75 1.25 0.54548 -0.0753751 0.330861 8.62552e+09
1.75 -0.25 1.25 0.543953 -0.0483332 0.286546 8.84957e+09
1.25 0.25 1.25 0.498143 -0.0988898 0.334724 8.35047e+09
1.75 0.75 1.25 0.49308 -0.0809897 0.287502 8.34208e+09
1.25 1.25 1.25 0.439001 -0.115331 0.341415 7.59104e+09
2.25 -0.75 1.25 0.581234 0.0315739 0.251982 8.72078e+09
2.25 0.25 1.25 0.529201 -0.0316401 0.246868 8.56311e+09
2.25 1.25 1.25 0.470121 -0.0701239 0.245598 7.75745e+09
-2.5 -1 1.5 0.184071 -0.0211707 0.717991 1.47859e+10
-2.5 0 1.5 0.192708 0.0277268 0.736711 1.40899e+10
-2.5 1 1.5 0.201834 0.0768132 0.740523 1.34404e+10
-2 -1.5 1.5 0.199595 -0.0256122 0.666642 1.62387e+10
-1.5 -1 1.5 0.222324 0.0236945 0.637982 1.72927e+10
-2 -0.5 1.5 0.207889 0.0232707 0.686868 1.56429e+10
-1.5 0 1.5 0.228725 0.0722475 0.648166 1.67528e+10
-2 0.5 1.5 0.215454 0.072046 0.694869 1.49723e+10
-1.5 1 1.5 0.234895 0.119359 0.6472 1.60001e+10
-2 1.5 1.5 0.22425 0.120002 0.68917 1.42484e+10
-1 -1.5 1.5 0.234912 0.0300194 0.591743 1.88349e+10
-0.5 -1 1.5 0.251081 0.0906951 0.558784 2.04582e+10
-1 -0.5 1.5 0.241057 0.078193 0.602289 1.86607e+10
-0.5 0 1.5 0.254372 0.135918 0.561979 2.02441e+10
-1 0.5 1.5 0.245216 0.124469 0.604246 1.80477e+10
-0.5 1 1.5 0.257188 0.178209 0.556521 1.94325e+10
-1 1.5 1.5 0.250732 0.168675 0.595283 1.70987e+10
0 -1.5 1.5 0.258867 0.111225 0.518806 2.17639e+10
0.5 -1 1.5 0.26334 0.180291 0.485375 2.37315e+10
0 -0.5 1.5 0.260312 0.153986 0.521986 2.23008e+10
0.5 0 1.5 0.263498 0.215594 0.482483 2.41246e+10
0 0.5 1.5 0.262193 0.19406 0.518361 2.19014e+10
0.5 1 1.5 0.267351 0.251502 0.47098 2.34461e+10
0 1.5 1.5 0.267304 0.232689 0.504631 2.07616e+10
1 -1.5 1.5 0.262404 0.215107 0.454004 2.38986e+10
1.5 -1 1.5 0.253523 0.280497 0.424052 2.52052e+10
1 -0.5 1.5 0.260306 0.243798 0.450456 2.54874e+10
1.5 0 1.5 0.257606 0.303117 0.412276 2.67245e+10
1 0.5 1.5 0.264465 0.274296 0.439589 2.57056e+10
1.5 1 1.5 0.269659 0.328743 0.392331 2.62386e+10
1 1.5 1.5 0.275221 0.306827 0.418765 2.43459e+10
2 -1.5 1.5 0.234327 0.324126 0.40808 2.28969e+10
2.5 -1 1.5 0.23546 0.394726 0.380024 2.29422e+10
2 -0.5 1.5 0.247344 0.343685 0.39155 2.57789e+10
2.5 0 1.5 0.255173 0.39118 0.3554 2.43156e+10
2 0.5 1.5 0.258415 0.352831 0.371477 2.64811e+10
2.5 1 1.5 0.273076 0.402995 0.326986 2.43782e+10
2 1.5 1.5 0.28054 0.379102 0.34218 2.51557e+10
