449
-2.5 -1 -1.5 -0.384213 -0.0595637 0.350043 8.5368e+09
-2.5 0 -1.5 -0.346222 -0.102984 0.416187 1.15759e+10
-2.5 1 -1.5 -0.319131 -0.177796 0.474241 1.46792e+10
-2 -1.5 -1.5 -0.356001 -0.0308702 0.310244 5.55533e+09
-1.5 -1 -1.5 -0.28267 -0.02949 0.338121 5.06494e+09
-2 -0.5 -1.5 -0.308348 -0.0635931 0.378665 7.67088e+09
-1.5 0 -1.5 -0.226602 -0.0782547 0.404552 6.72014e+09
-2 0.5 -1.5 -0.262599 -0.125376 0.441828 9.94899e+09
-1.5 1 -1.5 -0.17498 -0.154477 0.462995 8.42884e+09
-2 1.5 -1.5 -0.230751 -0.217272 0.493592 1.21238e+10
-1 -1.5 -1.5 -0.265554 -0.000808809 0.295529 3.32795e+09
-0.5 -1 -1.5 -0.191776 -0.0059103 0.321331 3.00198e+09
-1 -0.5 -1.5 -0.204591 -0.0385794 0.36401 4.5084e+09
-0.5 0 -1.5 -0.126208 -0.0555246 0.387044 3.96364e+09
-1 0.5 -1.5 -0.143113 -0.100153 0.426834 5.81153e+09
-0.5 1 -1.5 -0.0621531 -0.124592 0.444937 5.02035e+09
-1 1.5 -1.5 -0.0870038 -0.184342 0.479305 7.12881e+09
0 -1.5 -1.5 -0.184981 0.0209365 0.277263 1.98494e+09
0.5 -1 -1.5 -0.116707 0.0101358 0.30135 1.7892e+09
0 -0.5 -1.5 -0.118569 -0.0193273 0.344942 2.67518e+09
0.5 0 -1.5 -0.0503 -0.0380435 0.365519 2.37988e+09
0 0.5 -1.5 -0.0519504 -0.0765928 0.406502 3.48034e+09
0.5 1 -1.5 0.0142503 -0.0986192 0.422223 3.08615e+09
0 1.5 -1.5 0.0124146 -0.14768 0.458969 4.3857e+09
1 -1.5 -1.5 -0.118489 0.0344181 0.256787 1.18752e+09
1.5 -1 -1.5 -0.0602247 0.0190595 0.279153 1.07817e+09
1 -0.5 -1.5 -0.0537336 -0.00675042 0.322888 1.60916e+09
1.5 0 -1.5 0.000204284 -0.0272553 0.341252 1.45783e+09
1 0.5 -1.5 0.00917021 -0.0593184 0.382657 2.13525e+09
1.5 1 -1.5 0.0560628 -0.0802973 0.396053 1.95074e+09
1 1.5 -1.5 0.068219 -0.118629 0.434193 2.7929e+09
2 -1.5 -1.5 -0.0685652 0.0407824 0.234663 7.17051e+08
2.5 -1 -1.5 -0.0232882 0.0220754 0.254986 6.59997e+08
2 -0.5 -1.5 -0.0109445 -0.00058173 0.298576 9.84992e+08
2.5 0 -1.5 0.0261839 -0.0217828 0.314263 9.13033e+08
2 0.5 -1.5 0.0416582 -0.0485917 0.355878 1.34228e+09
2.5 1 -1.5 0.0683671 -0.0671034 0.36609 1.26511e+09
2 1.5 -1.5 0.0877625 -0.0972562 0.405274 1.82865e+09
-2.25 -0.75 -1.25 -0.60978 0.528688 0.331162 5.08665e+09
-2.25 0.25 -1.25 -0.547105 0.517319 0.43163 6.60391e+09
-2.25 1.25 -1.25 -0.473128 0.485207 0.531114 7.7848e+09
-1.75 -1.25 -1.25 -0.624311 0.536824 0.27363 3.35804e+09
-1.25 -0.75 -1.25 -0.585872 0.542256 0.314004 2.99432e+09
-1.75 -0.25 -1.25 -0.568087 0.531745 0.372651 4.48421e+09
-1.25 0.25 -1.25 -0.525278 0.525749 0.413794 3.81585e+09
-1.75 0.75 -1.25 -0.500793 0.508271 0.473085 5.53172e+09
-1.25 1.25 -1.25 -0.457437 0.489962 0.511305 4.54608e+09
-0.75 -1.25 -1.25 -0.600656 0.549699 0.256245 1.97722e+09
-0.25 -0.75 -1.25 -0.564075 0.548966 0.296343 1.72575e+09
-0.75 -0.25 -1.25 -0.546286 0.539021 0.354669 2.58264e+09
-0.25 0.25 -1.25 -0.508274 0.527362 0.393529 2.19061e+09
-0.75 0.75 -1.25 -0.484615 0.510905 0.452455 3.19005e+09
-0.25 1.25 -1.25 -0.447134 0.489646 0.486886 2.65845e+09
0.25 -1.25 -1.25 -0.578994 0.556175 0.239078 1.14286e+09
0.75 -0.75 -1.25 -0.546179 0.550144 0.277862 9.93042e+08
0.25 -0.25 -1.25 -0.528684 0.540234 0.335235 1.4825e+09
0.75 0.25 -1.25 -0.496013 0.525125 0.370835 1.2706e+09
0.25 0.75 -1.25 -0.473181 0.509269 0.428639 1.85312e+09
0.75 1.25 -1.25 -0.443619 0.486813 0.458381 1.5873e+09
1.25 -1.25 -1.25 -0.561064 0.557537 0.221517 6.60209e+08
1.75 -0.75 -1.25 -0.533152 0.547933 0.25755 5.78584e+08
1.25 -0.25 -1.25 -0.515916 0.537859 0.313767 8.61092e+08
1.75 0.25 -1.25 -0.49068 0.521037 0.344723 7.55338e+08
1.25 0.75 -1.25 -0.468659 0.505511 0.40128 1.10221e+09
1.75 1.25 -1.25 -0.450637 0.483682 0.424571 9.82913e+08
2.25 -1.25 -1.25 -0.547959 0.555689 0.202222 3.86226e+08
2.25 -0.25 -1.25 -0.509935 0.533827 0.288829 5.12625e+08
2.25 0.75 -1.25 -0.473893 0.50195 0.368561 6.79798e+08
-2.5 -1.5 -1 -0.374509 -0.179149 0.303254 1.4348e+10
-2.5 -0.5 -1 -0.360865 -0.198635 0.374988 2.07851e+10
-2.5 0.5 -1 -0.351561 -0.23906 0.443556 2.82885e+10
-2.5 1.5 -1 -0.358087 -0.298409 0.504387 3.63428e+10
-1.5 -1.5 -1 -0.274045 -0.144666 0.293216 8.57428e+09
-2 -1 -1 -0.31207 -0.170415 0.335355 1.33423e+10
-1.5 -0.5 -1 -0.24075 -0.171122 0.365669 1.19967e+10
-2 0 -1 -0.288225 -0.204174 0.406281 1.8402e+10
-1.5 0.5 -1 -0.208802 -0.216998 0.434402 1.59303e+10
-2 1 -1 -0.2715 -0.25872 0.471832 2.39899e+10
-1.5 1.5 -1 -0.184407 -0.279948 0.494544 2.00822e+10
-0.5 -1.5 -1 -0.178879 -0.116942 0.277941 5.07168e+09
-1 -1 -1 -0.205367 -0.141964 0.322653 7.81071e+09
-0.5 -0.5 -1 -0.132971 -0.146825 0.350271 6.97576e+09
-1 0 -1 -0.16437 -0.179204 0.39352 1.0564e+10
-0.5 0.5 -1 -0.0868656 -0.190514 0.417583 9.21983e+09
-1 1 -1 -0.125855 -0.231959 0.457927 1.36516e+10
-0.5 1.5 -1 -0.0418804 -0.245066 0.476479 1.17322e+10
0.5 -1.5 -1 -0.0949302 -0.0967281 0.259432 2.99807e+09
0 -1 -1 -0.110723 -0.119603 0.305404 4.58387e+09
0.5 -0.5 -1 -0.0439349 -0.127352 0.330395 4.10869e+09
0 0 -1 -0.0609831 -0.155958 0.374801 6.17767e+09
0.5 0.5 -1 0.00727996 -0.1667 0.395534 5.48401e+09
0 1 -1 -0.011315 -0.201867 0.437307 8.06953e+09
0.5 1.5 -1 0.058088 -0.210847 0.452596 7.16949e+09
1.5 -1.5 -1 -0.0261673 -0.0834357 0.238586 1.78453e+09
1 -1 -1 -0.0329379 -0.10354 0.284876 2.71517e+09
1.5 -0.5 -1 0.0237361 -0.113972 0.307394 2.462e+09
1 0 -1 0.0181011 -0.137889 0.352055 3.68952e+09
1.5 0.5 -1 0.0717484 -0.149184 0.369825 3.35265e+09
1 1 -1 0.0678925 -0.176916 0.412142 4.93366e+09
1.5 1.5 -1 0.116813 -0.183697 0.424254 4.54243e+09
2.5 -1.5 -1 0.0254404 -0.0763076 0.21573 1.07587e+09
2 -1 -1 0.025828 -0.0937676 0.261877 1.63201e+09
2.5 -0.5 -1 0.0691043 -0.106328 0.281606 1.50653e+09
2 0 -1 0.0717233 -0.126045 0.326203 2.25609e+09
2.5 0.5 -1 0.108075 -0.137043 0.340436 2.1066e+09
2 1 -1 0.113591 -0.158446 0.383066 3.11052e+09
2.5 1.5 -1 0.142109 -0.16234 0.391211 2.96578e+09
-2.25 -1.25 -0.75 -0.656938 0.412242 0.227807 1.00224e+10
-2.25 -0.25 -0.75 -0.61854 0.406803 0.333246 1.40396e+10
-2.25 0.75 -0.75 -0.567328 0.383122 0.44233 1.80979e+10
-1.25 -1.25 -0.75 -0.620103 0.437101 0.210834 5.95652e+09
-1.75 -0.75 -0.75 -0.619734 0.424232 0.271467 9.17652e+09
-1.25 -0.25 -0.75 -0.577007 0.427476 0.315998 8.02615e+09
-1.75 0.25 -0.75 -0.572528 0.408314 0.378886 1.21304e+10
-1.25 0.75 -0.75 -0.5252 0.40063 0.423019 1.02196e+10
-1.75 1.25 -0.75 -0.517408 0.373123 0.48666 1.50266e+10
-0.25 -1.25 -0.75 -0.582871 0.452745 0.19386 3.43461e+09
-0.75 -0.75 -0.75 -0.580478 0.441975 0.254245 5.26572e+09
-0.25 -0.25 -0.75 -0.538851 0.438546 0.297601 4.54543e+09
-0.75 0.25 -0.75 -0.532481 0.421967 0.359791 6.84896e+09
-0.25 0.75 -0.75 -0.486882 0.410229 0.400138 5.78268e+09
-0.75 1.25 -0.75 -0.476604 0.386946 0.462818 8.50842e+09
0.75 -1.25 -0.75 -0.548364 0.460923 0.177131 1.96522e+09
0.25 -0.75 -0.75 -0.544161 0.451312 0.236688 2.99619e+09
0.75 -0.25 -0.75 -0.504763 0.443572 0.277485 2.59e+09
0.25 0.25 -0.75 -0.496342 0.428791 0.338276 3.88556e+09
0.75 0.75 -0.75 -0.454575 0.414836 0.374334 3.33335e+09
0.25 1.25 -0.75 -0.441494 0.394655 0.435412 4.89669e+09
1.75 -1.25 -0.75 -0.518111 0.464142 0.159415 1.13229e+09
1.25 -0.75 -0.75 -0.512036 0.455202 0.217857 1.71633e+09
1.75 -0.25 -0.75 -0.477079 0.444964 0.254724 1.50499e+09
1.25 0.25 -0.75 -0.466483 0.431418 0.314068 2.24764e+09
1.75 0.75 -0.75 -0.433406 0.416982 0.344089 1.98806e+09
1.25 1.25 -0.75 -0.418182 0.398802 0.403656 2.9179e+09
2.25 -0.75 -0.75 -0.486295 0.455873 0.196343 1.00234e+09
2.25 0.25 -0.75 -0.447074 0.432296 0.285204 1.34354e+09
2.25 1.25 -0.75 -0.409713 0.403682 0.365233 1.81723e+09
-2.5 -1 -0.5 -0.571393 0.253941 0.327278 3.7095e+10
-2.5 0 -0.5 -0.539999 0.233051 0.416323 5.15778e+10
-2.5 1 -0.5 -0.502887 0.188349 0.502989 6.59549e+10
-2 -1.5 -0.5 -0.561439 0.276064 0.277503 2.39149e+10
-1.5 -1 -0.5 -0.520676 0.28686 0.315255 2.19728e+10
-2 -0.5 -0.5 -0.528635 0.263573 0.366502 3.37786e+10
-1.5 0 -0.5 -0.479188 0.264012 0.405202 2.94636e+10
-2 0.5 -0.5 -0.487959 0.231342 0.455676 4.43378e+10
-1.5 1 -0.5 -0.433672 0.221712 0.492423 3.72124e+10
-2 1.5 -0.5 -0.446979 0.175407 0.539255 5.43585e+10
-1 -1.5 -0.5 -0.51481 0.304596 0.263425 1.42195e+10
-0.5 -1 -0.5 -0.471005 0.30792 0.300698 1.26941e+10
-1 -0.5 -0.5 -0.474046 0.288898 0.353239 1.9405e+10
-0.5 0 -0.5 -0.42516 0.2833 0.390083 1.67583e+10
-1 0.5 -0.5 -0.427438 0.256653 0.442072 2.51107e+10
-0.5 1 -0.5 -0.374216 0.244878 0.475076 2.11942e+10
-1 1.5 -0.5 -0.376814 0.208514 0.524492 3.08848e+10
0 -1.5 -0.5 -0.469131 0.322466 0.248098 8.26146e+09
0.5 -1 -0.5 -0.426113 0.319725 0.284691 7.29484e+09
0 -0.5 -0.5 -0.425067 0.303823 0.337445 1.10914e+10
0.5 0 -0.5 -0.378825 0.29442 0.371674 9.61143e+09
0 0.5 -0.5 -0.375504 0.272719 0.423784 1.43453e+10
0.5 1 -0.5 -0.32697 0.258893 0.453111 1.23388e+10
0 1.5 -0.5 -0.320973 0.230453 0.503277 1.79716e+10
1 -1.5 -0.5 -0.427665 0.332062 0.232124 4.77465e+09
1.5 -1 -0.5 -0.387746 0.325118 0.266984 4.22491e+09
1 -0.5 -0.5 -0.383117 0.311535 0.319305 6.39094e+09
1.5 0 -0.5 -0.342425 0.299519 0.350238 5.62484e+09
1 0.5 -0.5 -0.334433 0.2814 0.401902 8.36867e+09
1.5 1 -0.5 -0.296214 0.266956 0.426473 7.4286e+09
1 1.5 -0.5 -0.284394 0.244054 0.476645 1.08354e+10
2 -1.5 -0.5 -0.392329 0.335923 0.214898 2.78016e+09
2.5 -1 -0.5 -0.35802 0.326308 0.246709 2.49277e+09
2 -0.5 -0.5 -0.350396 0.314255 0.298443 3.75469e+09
2.5 0 -0.5 -0.319041 0.301555 0.324468 3.39278e+09
2 0.5 -0.5 -0.307888 0.285823 0.375632 5.04016e+09
2.5 1 -0.5 -0.28313 0.27377 0.393608 4.65244e+09
2 1.5 -0.5 -0.268355 0.254658 0.443696 6.81037e+09
-2.25 -0.75 -0.25 -0.574564 0.214108 0.261552 1.05739e+10
-2.25 0.25 -0.25 -0.543083 0.196503 0.364623 1.43733e+10
-2.25 1.25 -0.25 -0.50634 0.157295 0.467541 1.82259e+10
-1.75 -1.25 -0.25 -0.558378 0.23557 0.203402 6.83071e+09
-1.25 -0.75 -0.25 -0.512311 0.246738 0.245932 6.14336e+09
-1.75 -0.25 -0.25 -0.526262 0.224543 0.305205 9.42009e+09
-1.25 0.25 -0.25 -0.47205 0.223847 0.349181 8.10645e+09
-1.75 0.75 -0.25 -0.486672 0.194177 0.408843 1.22034e+10
-1.25 1.25 -0.25 -0.428245 0.186636 0.449668 1.02231e+10
-0.75 -1.25 -0.25 -0.500401 0.264078 0.187279 3.9905e+09
-0.25 -0.75 -0.25 -0.4519 0.266282 0.230318 3.51196e+09
-0.75 -0.25 -0.25 -0.460834 0.247525 0.289503 5.34974e+09
-0.25 0.25 -0.25 -0.407359 0.241503 0.331354 4.59304e+09
-0.75 0.75 -0.25 -0.415779 0.216956 0.390629 6.87908e+09
-0.25 1.25 -0.25 -0.356012 0.206478 0.427432 5.80784e+09
0.25 -1.25 -0.25 -0.444471 0.280973 0.17192 2.29588e+09
0.75 -0.75 -0.25 -0.397459 0.277302 0.213909 2.0121e+09
0.25 -0.25 -0.25 -0.401577 0.261354 0.272346 3.04759e+09
0.75 0.25 -0.25 -0.350371 0.251512 0.311018 2.63788e+09
0.25 0.75 -0.25 -0.351904 0.231112 0.369263 3.92961e+09
0.75 1.25 -0.25 -0.298813 0.217994 0.401571 3.40399e+09
1.25 -1.25 -0.25 -0.394339 0.289966 0.156237 1.32311e+09
1.75 -0.75 -0.25 -0.351171 0.282166 0.195553 1.16829e+09
1.25 -0.25 -0.25 -0.350364 0.26836 0.25304 1.75985e+09
1.75 0.25 -0.25 -0.306759 0.256044 0.287015 1.55688e+09
1.25 0.75 -0.25 -0.302213 0.23858 0.344309 2.31075e+09
1.75 1.25 -0.25 -0.262586 0.226107 0.369728 2.07941e+09
2.25 -1.25 -0.25 -0.352314 0.293352 0.138718 7.72458e+08
2.25 -0.25 -0.25 -0.311751 0.270779 0.229937 1.04278e+09
2.25 0.75 -0.25 -0.271395 0.243654 0.313218 1.41203e+09
-2.5 -1.5 0 -0.719087 0.457475 0.255033 3.56134e+10
-2.5 -0.5 0 -0.685627 0.452915 0.352156 5.13152e+10
-2.5 0.5 0 -0.641919 0.434562 0.450802 6.77368e+10
-2.5 1.5 0 -0.591714 0.395975 0.545562 8.13743e+10
-1.5 -1.5 0 -0.690727 0.492213 0.2416 2.16966e+10
-2 -1 0 -0.688304 0.475419 0.296999 3.34989e+10
-1.5 -0.5 0 -0.653418 0.48855 0.339345 2.98439e+10
-2 0 0 -0.647517 0.465219 0.395729 4.5268e+10
-1.5 0.5 0 -0.607499 0.47048 0.438622 3.83313e+10
-2 1 0 -0.598593 0.438234 0.493926 5.65239e+10
-1.5 1.5 0 -0.556612 0.435839 0.533692 4.63818e+10
-0.5 -1.5 0 -0.663291 0.519052 0.226445 1.26625e+10
-1 -1 0 -0.658821 0.506116 0.282713 1.94991e+10
-0.5 -0.5 0 -0.625164 0.513891 0.324577 1.69113e+10
-1 0 0 -0.616666 0.495135 0.381782 2.55929e+10
-0.5 0.5 0 -0.58032 0.495872 0.422415 2.15563e+10
-1 1 0 -0.568279 0.469778 0.478953 3.18875e+10
-0.5 1.5 0 -0.52831 0.466452 0.514871 2.63134e+10
0.5 -1.5 0 -0.638512 0.538166 0.211409 7.24286e+09
0 -1 0 -0.632519 0.527946 0.267662 1.10953e+10
0.5 -0.5 0 -0.601761 0.53134 0.308342 9.55577e+09
0 0 0 -0.591661 0.515974 0.365316 1.44087e+10
0.5 0.5 0 -0.558603 0.514036 0.402939 1.22144e+10
0 1 0 -0.543977 0.493091 0.459342 1.80426e+10
0.5 1.5 0 -0.510832 0.486566 0.491266 1.52751e+10
1.5 -1.5 0 -0.617384 0.551157 0.196163 4.13783e+09
1 -1 0 -0.610365 0.542854 0.251883 6.30153e+09
1.5 -0.5 0 -0.583059 0.543171 0.290143 5.46262e+09
1 0 0 -0.571702 0.530458 0.346398 8.19519e+09
1.5 0.5 0 -0.544745 0.525809 0.379807 7.1064e+09
1 1 0 -0.528737 0.508329 0.435736 1.0472e+10
1.5 1.5 0 -0.506054 0.500121 0.461217 9.24633e+09
2.5 -1.5 0 -0.60038 0.559672 0.179396 2.39344e+09
2 -1 0 -0.592611 0.552763 0.234424 3.62306e+09
2.5 -0.5 0 -0.570599 0.550687 0.268373 3.20485e+09
2 0 0 -0.558705 0.539751 0.323928 4.7862e+09
2.5 0.5 0 -0.540159 0.533892 0.350523 4.30195e+09
2 1 0 -0.524279 0.518676 0.405959 6.33343e+09
2.5 1.5 0 -0.512285 0.511789 0.422585 5.87673e+09
-2.25 -1.25 0.25 -0.472692 0.0648794 0.264573 3.5506e+09
-2.25 -0.25 0.25 -0.441174 0.0499456 0.355555 4.92918e+09
-2.25 0.75 0.25 -0.406373 0.0117057 0.443604 6.39163e+09
-1.25 -1.25 0.25 -0.402758 0.112617 0.249718 2.12315e+09
-1.75 -0.75 0.25 -0.419612 0.084595 0.303484 3.24262e+09
-1.25 -0.25 0.25 -0.359159 0.0917094 0.343864 2.84955e+09
-1.75 0.25 0.25 -0.37861 0.055485 0.395598 4.28014e+09
-1.25 0.75 0.25 -0.314723 0.0509411 0.433924 3.63841e+09
-1.75 1.25 0.25 -0.34122 0.00520201 0.480236 5.35454e+09
-0.25 -1.25 0.25 -0.334521 0.144623 0.235399 1.24112e+09
-0.75 -0.75 0.25 -0.345083 0.121082 0.290093 1.88566e+09
-0.25 -0.25 0.25 -0.286512 0.119531 0.330227 1.64142e+09
-0.75 0.25 0.25 -0.297619 0.0887432 0.383315 2.45299e+09
-0.25 0.75 0.25 -0.236542 0.0822079 0.419376 2.09666e+09
-0.75 1.25 0.25 -0.250503 0.0455876 0.468137 3.0719e+09
0.75 -1.25 0.25 -0.274409 0.164388 0.221014 7.21689e+08
0.25 -0.75 0.25 -0.279236 0.14441 0.27586 1.0913e+09
0.75 -0.25 0.25 -0.225689 0.137771 0.314171 9.52963e+08
0.25 0.25 0.25 -0.229115 0.112661 0.367624 1.41877e+09
0.75 0.75 0.25 -0.174547 0.100807 0.400825 1.23245e+09
0.25 1.25 0.25 -0.176487 0.0710732 0.45107 1.79983e+09
1.75 -1.25 0.25 -0.225157 0.175144 0.205328 4.22529e+08
1.25 -0.75 0.25 -0.224696 0.158356 0.259877 6.36165e+08
1.75 -0.25 0.25 -0.179607 0.146544 0.295028 5.63569e+08
1.25 0.25 0.25 -0.176087 0.125715 0.348517 8.36425e+08
1.75 0.75 0.25 -0.135335 0.110747 0.376619 7.48425e+08
1.25 1.25 0.25 -0.128764 0.0867497 0.427672 1.09338e+09
2.25 -0.75 0.25 -0.184176 0.163915 0.240971 3.775e+08
2.25 0.25 0.25 -0.143283 0.131347 0.32406 5.08199e+08
2.25 1.25 0.25 -0.106905 0.0971793 0.396377 6.90392e+08
-2.5 -1 0.5 -0.690537 0.407603 0.340195 2.30005e+10
-2.5 0 0.5 -0.651486 0.393783 0.430757 3.12932e+10
-2.5 1 0.5 -0.60568 0.362157 0.51615 3.86855e+10
-2 -1.5 0.5 -0.68995 0.431904 0.289622 1.50311e+10
-1.5 -1 0.5 -0.654189 0.451102 0.329575 1.37328e+10
-2 -0.5 0.5 -0.652329 0.426115 0.3814 2.0859e+10
-1.5 0 0.5 -0.610539 0.438179 0.422035 1.80016e+10
-2 0.5 0.5 -0.606736 0.404877 0.471653 2.66559e+10
-1.5 1 0.5 -0.561963 0.408282 0.510213 2.20501e+10
-2 1.5 0.5 -0.558275 0.363863 0.553606 3.14702e+10
-1 -1.5 0.5 -0.656207 0.470115 0.276646 8.96341e+09
-0.5 -1 0.5 -0.620309 0.483738 0.316144 7.90431e+09
-1 -0.5 0.5 -0.615399 0.463976 0.369709 1.19873e+10
-0.5 0 0.5 -0.576331 0.469832 0.409022 1.01835e+10
-1 0.5 0.5 -0.568586 0.442899 0.461135 1.51028e+10
-0.5 1 0.5 -0.527145 0.443068 0.496987 1.2537e+10
-1 1.5 0.5 -0.517447 0.408206 0.544818 1.80723e+10
0 -1.5 0.5 -0.624686 0.498598 0.262237 5.17582e+09
0.5 -1 0.5 -0.591209 0.506525 0.301366 4.49455e+09
0 -0.5 0.5 -0.584086 0.490651 0.355449 6.79184e+09
0.5 0 0.5 -0.548756 0.49208 0.392758 5.77442e+09
0 0.5 0.5 -0.537992 0.470525 0.44575 8.55795e+09
0.5 1 0.5 -0.50156 0.466729 0.478518 7.20912e+09
0 1.5 0.5 -0.486785 0.439148 0.528563 1.04172e+10
1 -1.5 0.5 -0.597349 0.518341 0.247358 2.95732e+09
1.5 -1 0.5 -0.567571 0.521656 0.285117 2.56843e+09
1 -0.5 0.5 -0.558739 0.508844 0.339008 3.86338e+09
1.5 0 0.5 -0.528877 0.506266 0.373283 3.3324e+09
1 0.5 0.5 -0.515797 0.488753 0.426415 4.92481e+09
1.5 1 0.5 -0.488927 0.481326 0.454398 4.288e+09
1 1.5 0.5 -0.471488 0.458863 0.50553 6.20897e+09
2 -1.5 0.5 -0.57508 0.531157 0.231474 1.69915e+09
2.5 -1 0.5 -0.550513 0.530627 0.266272 1.49547e+09
2 -0.5 0.5 -0.540491 0.520032 0.319764 2.23868e+09
2.5 0 0.5 -0.518785 0.514394 0.348913 1.98704e+09
2 0.5 0.5 -0.504764 0.499615 0.40197 2.93065e+09
2.5 1 0.5 -0.489088 0.491127 0.422645 2.66603e+09
2 1.5 0.5 -0.47124 0.472171 0.474428 3.872e+09
-2.25 -0.75 0.75 -0.401118 0.0287273 0.406095 2.58581e+09
-2.25 0.25 0.75 -0.354433 -0.00359633 0.479284 3.40804e+09
-2.25 1.25 0.75 -0.321555 -0.0610184 0.533852 4.25108e+09
-1.75 -1.25 0.75 -0.387041 0.0676182 0.360739 1.71106e+09
-1.25 -0.75 0.75 -0.322297 0.0860363 0.396628 1.53514e+09
-1.75 -0.25 0.75 -0.334539 0.0456576 0.441209 2.29585e+09
-1.25 0.25 0.75 -0.266565 0.0490859 0.475041 1.98407e+09
-1.75 0.75 0.75 -0.285963 -0.00203288 0.51049 2.91125e+09
-1.25 1.25 0.75 -0.221017 -0.00729442 0.538504 2.45312e+09
-0.75 -1.25 0.75 -0.314663 0.118608 0.348207 1.01925e+09
-0.25 -0.75 0.75 -0.251823 0.125511 0.384554 8.99525e+08
-0.75 -0.25 0.75 -0.256502 0.091294 0.432056 1.34126e+09
-0.25 0.25 0.75 -0.19441 0.0873941 0.464945 1.15632e+09
-0.75 0.75 0.75 -0.202193 0.0444301 0.505861 1.69151e+09
-0.25 1.25 0.75 -0.140116 0.0364962 0.53291 1.44051e+09
0.25 -1.25 0.75 -0.250275 0.152996 0.334484 5.99124e+08
0.75 -0.75 0.75 -0.194639 0.150974 0.369874 5.26886e+08
0.25 -0.25 0.75 -0.192797 0.1225 0.41893 7.8354e+08
0.75 0.25 0.75 -0.139418 0.112303 0.449916 6.8198e+08
0.25 0.75 0.75 -0.13676 0.0778765 0.494175 9.96064e+08
0.75 1.25 0.75 -0.087657 0.0621954 0.518573 8.69804e+08
1.25 -1.25 0.75 -0.198394 0.173965 0.319124 3.52038e+08
1.75 -0.75 0.75 -0.152908 0.164168 0.352428 3.12063e+08
1.25 -0.25 0.75 -0.145326 0.140752 0.402209 4.62967e+08
1.75 0.25 0.75 -0.105728 0.123401 0.429882 4.11635e+08
1.25 0.75 0.75 -0.0953798 0.0954008 0.476126 6.01184e+08
1.75 1.25 0.75 -0.0650635 0.0758438 0.495738 5.44133e+08
2.25 -1.25 0.75 -0.161267 0.183392 0.301502 2.0911e+08
2.25 -0.25 0.75 -0.117241 0.14695 0.381217 2.79668e+08
2.25 0.75 0.75 -0.0795117 0.102539 0.450963 3.74958e+08
-2.5 -1.5 1 -0.700592 0.365258 0.350126 1.07388e+10
-2.5 -0.5 1 -0.662279 0.35677 0.432155 1.49092e+10
-2.5 0.5 1 -0.618732 0.332729 0.506978 1.88449e+10
-2.5 1.5 1 -0.576517 0.289899 0.565327 2.17489e+10
-1.5 -1.5 1 -0.660532 0.418575 0.342599 6.5953e+09
-2 -1 1 -0.660679 0.391296 0.389201 9.97951e+09
-1.5 -0.5 1 -0.616865 0.411052 0.427373 8.79574e+09
-2 0 1 -0.616185 0.376105 0.470501 1.29954e+10
-1.5 0.5 1 -0.568571 0.387501 0.506801 1.08878e+10
-2 1 1 -0.569246 0.343479 0.541949 1.55656e+10
-1.5 1.5 1 -0.520737 0.347293 0.573736 1.26517e+10
-0.5 -1.5 1 -0.622123 0.460379 0.331003 3.87841e+09
-1 -1 1 -0.619193 0.43876 0.380285 5.87067e+09
-0.5 -0.5 1 -0.576719 0.451425 0.417447 5.04399e+09
-1 0 1 -0.571703 0.42308 0.464313 7.46701e+09
-0.5 0.5 1 -0.527523 0.428126 0.49897 6.22316e+09
-1 1 1 -0.521888 0.392035 0.540276 8.95977e+09
-0.5 1.5 1 -0.475238 0.39286 0.570018 7.34252e+09
0.5 -1.5 1 -0.587935 0.490872 0.317543 2.23169e+09
0 -1 1 -0.582383 0.473689 0.368114 3.36911e+09
0.5 -0.5 1 -0.543795 0.479905 0.404071 2.87526e+09
0 0 1 -0.535309 0.457015 0.452905 4.25532e+09
0.5 0.5 1 -0.496132 0.456857 0.485341 3.57743e+09
0 1 1 -0.484773 0.428185 0.530223 5.16691e+09
0.5 1.5 1 -0.446889 0.422689 0.556931 4.34475e+09
1.5 -1.5 1 -0.559756 0.5115 0.302775 1.28042e+09
1 -1 1 -0.552109 0.497794 0.353751 1.92535e+09
1.5 -0.5 1 -0.519231 0.49834 0.387667 1.65603e+09
1 0 1 -0.5079 0.479948 0.437386 2.44584e+09
1.5 0.5 1 -0.477552 0.474194 0.466425 2.10588e+09
1 1 1 -0.462309 0.450991 0.513364 3.04541e+09
1.5 1.5 1 -0.438104 0.441086 0.535043 2.67553e+09
2.5 -1.5 1 -0.538899 0.523803 0.286084 7.43349e+08
2 -1 1 -0.529645 0.512758 0.337043 1.11283e+09
2.5 -0.5 1 -0.504963 0.508237 0.367308 9.77844e+08
2 0 1 -0.491901 0.493066 0.417446 1.44095e+09
2.5 0.5 1 -0.473143 0.483572 0.440869 1.28795e+09
2 1 1 -0.456322 0.46425 0.489112 1.86652e+09
2.5 1.5 1 -0.4459 0.453357 0.503601 1.72544e+09
-2.25 -1.25 1.25 -0.415998 0.0574126 0.471688 1.40073e+09
-2.25 -0.25 1.25 -0.353634 0.0340606 0.538855 1.86665e+09
-2.25 0.75 1.25 -0.298644 -0.0202613 0.585496 2.33488e+09
-1.25 -1.25 1.25 -0.343622 0.127788 0.463483 8.56024e+08
-1.75 -0.75 1.25 -0.346147 0.0860215 0.50491 1.27079e+09
-1.25 -0.25 1.25 -0.27346 0.100365 0.537034 1.11779e+09
-1.75 0.25 1.25 -0.279954 0.0459694 0.568298 1.62424e+09
-1.25 0.75 1.25 -0.208879 0.0447666 0.59452 1.38585e+09
-1.75 1.25 1.25 -0.228813 -0.0240054 0.607317 1.97188e+09
-0.25 -1.25 1.25 -0.276499 0.179121 0.452022 5.12432e+08
-0.75 -0.75 1.25 -0.27334 0.144146 0.497122 7.60576e+08
-0.25 -0.25 1.25 -0.20638 0.146977 0.528522 6.62926e+08
-0.75 0.25 1.25 -0.203806 0.101334 0.566328 9.64186e+08
-0.25 0.75 1.25 -0.140411 0.0933065 0.591655 8.253e+08
-0.75 1.25 1.25 -0.14263 0.036742 0.616765 1.17249e+09
0.75 -1.25 1.25 -0.221088 0.212836 0.437645 3.04117e+08
0.25 -0.75 1.25 -0.212807 0.183576 0.484836 4.50987e+08
0.75 -0.25 1.25 -0.156483 0.1766 0.514475 3.94049e+08
0.25 0.25 1.25 -0.146414 0.139328 0.556283 5.73543e+08
0.75 0.75 1.25 -0.0962703 0.122889 0.579595 4.99384e+08
0.25 1.25 1.25 -0.0855232 0.0782888 0.612382 7.11723e+08
1.75 -1.25 1.25 -0.181034 0.231092 0.420494 1.81082e+08
1.25 -0.75 1.25 -0.168412 0.206742 0.468679 2.68163e+08
1.75 -0.25 1.25 -0.12649 0.190117 0.495753 2.37632e+08
1.25 0.25 1.25 -0.110648 0.159737 0.539887 3.46223e+08
1.75 0.75 1.25 -0.0793484 0.134926 0.55984 3.09901e+08
1.25 1.25 1.25 -0.0607595 0.099125 0.59737 4.43732e+08
2.25 -0.75 1.25 -0.142659 0.215147 0.448824 1.61756e+08
2.25 0.25 1.25 -0.0988496 0.165151 0.517458 2.14207e+08
2.25 1.25 1.25 -0.0647026 0.107298 0.573463 2.85793e+08
-2.5 -1 1.5 -0.679998 0.322769 0.445241 7.43395e+09
-2.5 0 1.5 -0.637369 0.306439 0.511279 9.54365e+09
-2.5 1 1.5 -0.5967 0.27567 0.56 1.11965e+10
-2 -1.5 1.5 -0.677521 0.359538 0.408246 5.01957e+09
-1.5 -1 1.5 -0.631905 0.387541 0.444756 4.52008e+09
-2 -0.5 1.5 -0.632871 0.350789 0.481896 6.63045e+09
-1.5 0 1.5 -0.583052 0.371192 0.516563 5.64947e+09
-2 0.5 1.5 -0.586418 0.327125 0.544593 8.03177e+09
-1.5 1 1.5 -0.535057 0.339333 0.575257 6.57314e+09
-2 1.5 1.5 -0.545057 0.287586 0.588337 9.07787e+09
-1 -1.5 1.5 -0.632966 0.417368 0.402678 3.03571e+09
-0.5 -1 1.5 -0.587407 0.437901 0.43812 2.64753e+09
-1 -0.5 1.5 -0.584017 0.407927 0.480045 3.89812e+09
-0.5 0 1.5 -0.536407 0.420154 0.513559 3.27172e+09
-1 0.5 1.5 -0.533207 0.383373 0.548937 4.68145e+09
-0.5 1 1.5 -0.484484 0.389132 0.578365 3.83813e+09
-1 1.5 1.5 -0.483254 0.346062 0.602899 5.32163e+09
0 -1.5 1.5 -0.591927 0.461915 0.392905 1.77622e+09
0.5 -1 1.5 -0.549615 0.47464 0.427507 1.52661e+09
0 -0.5 1.5 -0.542384 0.450316 0.472341 2.24945e+09
0.5 0 1.5 -0.499952 0.45523 0.504297 1.89129e+09
0 0.5 1.5 -0.490832 0.425299 0.544423 2.71689e+09
0.5 1 1.5 -0.449612 0.423999 0.57164 2.26873e+09
0 1.5 1.5 -0.438827 0.389426 0.603942 3.16649e+09
1 -1.5 1.5 -0.557138 0.493923 0.380551 1.02562e+09
1.5 -1 1.5 -0.520665 0.499243 0.413793 8.82311e+08
1 -0.5 1.5 -0.510236 0.479639 0.460244 1.29876e+09
1.5 0 1.5 -0.47633 0.477358 0.489755 1.11016e+09
1 0.5 1.5 -0.462613 0.453151 0.532817 1.59828e+09
1.5 1 1.5 -0.434389 0.444593 0.556358 1.38119e+09
1 1.5 1.5 -0.417582 0.416271 0.593847 1.9411e+09
2 -1.5 1.5 -0.530631 0.51471 0.365977 5.94332e+08
2.5 -1 1.5 -0.502504 0.513137 0.396651 5.18806e+08
2 -0.5 1.5 -0.489812 0.49717 0.444013 7.62387e+08
2.5 0 1.5 -0.467579 0.488647 0.469333 6.71597e+08
2 0.5 1.5 -0.451343 0.468583 0.514325 9.68823e+08
2.5 1 1.5 -0.437745 0.455902 0.532068 8.76232e+08
2 1.5 1.5 -0.418055 0.432319 0.573238 1.24039e+09
