449
-2.5 -1 -1.5 0.0799436 -0.576915 -0.0695855 2.50731e+10
-2.5 0 -1.5 0.0902927 -0.538181 0.0264816 3.05646e+10
-2.5 1 -1.5 0.0891249 -0.41563 0.113567 3.1577e+10
-2 -1.5 -1.5 -0.065491 -0.627628 -0.165089 3.25362e+10
-1.5 -1 -1.5 -0.166255 -0.633342 -0.13151 5.12739e+10
-2 -0.5 -1.5 -0.0239456 -0.594849 -0.0545801 3.89033e+10
-1.5 0 -1.5 -0.125168 -0.598692 -0.0272118 5.74979e+10
-2 0.5 -1.5 -0.00189813 -0.560894 0.034356 4.40895e+10
-1.5 1 -1.5 -0.0898006 -0.483962 0.0860622 5.12956e+10
-2 1.5 -1.5 -0.0351511 -0.379776 0.132999 3.60364e+10
-1 -1.5 -1.5 -0.307844 -0.623181 -0.178078 6.51493e+10
-0.5 -1 -1.5 -0.398852 -0.608055 -0.1211 1.00183e+11
-1 -0.5 -1.5 -0.268256 -0.631545 -0.0891175 7.83334e+10
-0.5 0 -1.5 -0.345975 -0.616739 -0.0297066 1.08461e+11
-1 0.5 -1.5 -0.191913 -0.564913 0.0287629 7.33093e+10
-0.5 1 -1.5 -0.266926 -0.488229 0.100472 7.76448e+10
-1 1.5 -1.5 -0.165491 -0.380898 0.159307 5.05899e+10
0 -1.5 -1.5 -0.524536 -0.567595 -0.131513 1.27293e+11
0.5 -1 -1.5 -0.593547 -0.541274 -0.0591032 1.90145e+11
0 -0.5 -1.5 -0.472488 -0.583319 -0.0524597 1.43452e+11
0.5 0 -1.5 -0.502203 -0.551686 0.0316252 1.73477e+11
0 0.5 -1.5 -0.377093 -0.543227 0.0580967 1.17048e+11
0.5 1 -1.5 -0.380596 -0.456178 0.15309 1.05952e+11
0 1.5 -1.5 -0.272835 -0.415611 0.18728 6.69263e+10
1 -1.5 -1.5 -0.68172 -0.472084 -0.0407808 2.21845e+11
1.5 -1 -1.5 -0.723523 -0.439999 0.0386411 3.098e+11
1 -0.5 -1.5 -0.635851 -0.517419 0.0218051 2.54132e+11
1.5 0 -1.5 -0.627379 -0.477781 0.109218 2.58677e+11
1 0.5 -1.5 -0.515382 -0.491612 0.119381 1.70358e+11
1.5 1 -1.5 -0.469344 -0.446943 0.204697 1.35138e+11
1 1.5 -1.5 -0.334718 -0.407978 0.237865 8.38791e+10
2 -1.5 -1.5 -0.776904 -0.364536 0.0677496 3.34553e+11
2.5 -1 -1.5 -0.794855 -0.332876 0.146053 4.3085e+11
2 -0.5 -1.5 -0.736556 -0.415626 0.120191 3.70391e+11
2.5 0 -1.5 -0.704009 -0.38834 0.200432 3.39173e+11
2 0.5 -1.5 -0.581762 -0.427813 0.197431 2.15362e+11
2.5 1 -1.5 -0.508996 -0.399255 0.271772 1.60419e+11
2 1.5 -1.5 -0.390152 -0.418282 0.278652 1.0263e+11
-2.25 -0.75 -1.25 0.0875569 -0.585037 -0.0675787 7.60758e+09
-2.25 0.25 -1.25 -0.00237028 -0.504181 0.0204369 8.73453e+09
-2.25 1.25 -1.25 -0.217226 -0.382178 0.0511165 9.77462e+09
-1.75 -1.25 -1.25 -0.0436918 -0.663137 -0.173084 1.0158e+10
-1.25 -0.75 -1.25 -0.16652 -0.640145 -0.125638 1.50602e+10
-1.75 -0.25 -1.25 -0.0654837 -0.566818 -0.0436238 1.12228e+10
-1.25 0.25 -1.25 -0.246726 -0.519665 -0.00517896 1.64176e+10
-1.75 0.75 -1.25 -0.201576 -0.46117 0.0351837 1.24875e+10
-1.25 1.25 -1.25 -0.392181 -0.362809 0.0857357 1.67919e+10
-0.75 -1.25 -1.25 -0.294855 -0.65557 -0.181082 1.95992e+10
-0.25 -0.75 -1.25 -0.405875 -0.606156 -0.102806 2.83262e+10
-0.75 -0.25 -1.25 -0.309017 -0.5982 -0.0653755 2.19196e+10
-0.25 0.25 -1.25 -0.446666 -0.501577 0.0256924 2.92659e+10
-0.75 0.75 -1.25 -0.417338 -0.428769 0.0565738 2.21651e+10
-0.25 1.25 -1.25 -0.494539 -0.366925 0.136777 2.61446e+10
0.25 -1.25 -1.25 -0.520856 -0.602185 -0.131344 3.74354e+10
0.75 -0.75 -1.25 -0.603279 -0.542102 -0.0362752 5.22654e+10
0.25 -0.25 -1.25 -0.51766 -0.52544 -0.00703352 3.89519e+10
0.75 0.25 -1.25 -0.600621 -0.426254 0.100309 4.81257e+10
0.25 0.75 -1.25 -0.550506 -0.386624 0.126546 3.61545e+10
0.75 1.25 -1.25 -0.551436 -0.347231 0.218609 3.4204e+10
1.25 -1.25 -1.25 -0.684327 -0.508187 -0.0351427 6.4292e+10
1.75 -0.75 -1.25 -0.732703 -0.446453 0.0658162 8.53348e+10
1.25 -0.25 -1.25 -0.664821 -0.44962 0.0811444 6.47961e+10
1.75 0.25 -1.25 -0.685612 -0.368445 0.19023 7.14583e+10
1.25 0.75 -1.25 -0.626053 -0.37208 0.192083 5.26787e+10
1.75 1.25 -1.25 -0.624141 -0.312507 0.288657 4.47778e+10
2.25 -1.25 -1.25 -0.782818 -0.404886 0.0752972 9.66924e+10
2.25 -0.25 -1.25 -0.744872 -0.357264 0.184076 9.17504e+10
2.25 0.75 -1.25 -0.646772 -0.326405 0.28364 6.22608e+10
-2.5 -1.5 -1 -0.317647 -0.296336 -0.137291 1.27851e+10
-2.5 -0.5 -1 -0.357786 -0.373384 -0.0663392 1.85656e+10
-2.5 0.5 -1 -0.329789 -0.461591 -0.0214899 2.77124e+10
-2.5 1.5 -1 -0.212492 -0.427608 0.0525054 3.62905e+10
-1.5 -1.5 -1 -0.483843 -0.337215 -0.165809 2.7667e+10
-2 -1 -1 -0.415307 -0.359167 -0.121971 2.26439e+10
-1.5 -0.5 -1 -0.498733 -0.4202 -0.099846 4.05613e+10
-2 0 -1 -0.427933 -0.455009 -0.0674408 3.33047e+10
-1.5 0.5 -1 -0.463132 -0.492516 -0.038827 5.62185e+10
-2 1 -1 -0.260105 -0.481819 0.0188836 4.73007e+10
-1.5 1.5 -1 -0.285686 -0.419723 0.0836512 5.84881e+10
-0.5 -1.5 -1 -0.636692 -0.330017 -0.13383 5.8661e+10
-1 -1 -1 -0.573867 -0.377875 -0.124685 4.928e+10
-0.5 -0.5 -1 -0.643317 -0.40442 -0.0728421 8.58305e+10
-1 0 -1 -0.549849 -0.45725 -0.0596942 7.09002e+10
-0.5 0.5 -1 -0.498136 -0.482326 0.0152258 1.11744e+11
-1 1 -1 -0.415529 -0.463649 0.0442671 8.22798e+10
-0.5 1.5 -1 -0.39538 -0.379281 0.14274 8.5596e+10
0.5 -1.5 -1 -0.759125 -0.280992 -0.0579287 1.16205e+11
0 -1 -1 -0.703355 -0.346839 -0.0715348 1.02109e+11
0.5 -0.5 -1 -0.737572 -0.356562 0.00131617 1.68652e+11
0 0 -1 -0.670828 -0.411654 -0.00145641 1.35687e+11
0.5 0.5 -1 -0.61484 -0.422958 0.0868641 1.83361e+11
0 1 -1 -0.483011 -0.435717 0.100468 1.27301e+11
0.5 1.5 -1 -0.442376 -0.387676 0.193199 1.16248e+11
1.5 -1.5 -1 -0.837908 -0.202707 0.0422983 2.00919e+11
1 -1 -1 -0.800434 -0.28109 0.0170653 1.91099e+11
1.5 -0.5 -1 -0.807571 -0.287266 0.0979895 2.8347e+11
1 0 -1 -0.695102 -0.406792 0.0794777 2.5113e+11
1.5 0.5 -1 -0.64623 -0.394054 0.156939 2.62309e+11
1 1 -1 -0.55125 -0.383563 0.177089 1.74136e+11
1.5 1.5 -1 -0.482208 -0.351062 0.260936 1.4528e+11
2.5 -1.5 -1 -0.87587 -0.114856 0.146146 2.96616e+11
2 -1 -1 -0.855481 -0.193432 0.1217 3.00845e+11
2.5 -0.5 -1 -0.842685 -0.191467 0.203155 3.91977e+11
2 0 -1 -0.756847 -0.325324 0.174877 3.5942e+11
2.5 0.5 -1 -0.680936 -0.309163 0.248717 3.21575e+11
2 1 -1 -0.576039 -0.363778 0.239452 2.21414e+11
2.5 1.5 -1 -0.493064 -0.329146 0.316713 1.74428e+11
-2.25 -1.25 -0.75 0.311583 -0.653769 -0.154693 3.19837e+09
-2.25 -0.25 -0.75 0.311998 -0.499439 -0.0248354 3.56462e+09
-2.25 0.75 -0.75 0.0486982 -0.363635 0.0629149 4.2273e+09
-1.25 -1.25 -0.75 0.0568739 -0.735693 -0.214246 6.20126e+09
-1.75 -0.75 -0.75 0.216831 -0.632308 -0.126583 4.6858e+09
-1.25 -0.25 -0.75 0.0718427 -0.593205 -0.0821194 6.81507e+09
-1.75 0.25 -0.75 0.113899 -0.485892 -0.00496023 5.31192e+09
-1.25 0.75 -0.75 -0.157109 -0.450844 0.028611 7.81429e+09
-1.75 1.25 -0.75 -0.172541 -0.391234 0.0597639 1.07426e+10
-0.25 -1.25 -0.75 -0.201452 -0.750509 -0.203301 1.18238e+10
-0.75 -0.75 -0.75 -0.0447116 -0.702776 -0.160645 8.94105e+09
-0.25 -0.25 -0.75 -0.196576 -0.633718 -0.0866816 1.28063e+10
-0.75 0.25 -0.75 -0.177194 -0.521397 -0.0201873 1.00432e+10
-0.25 0.75 -0.75 -0.360776 -0.472193 0.0458941 2.39889e+10
-0.75 1.25 -0.75 -0.334807 -0.414744 0.086479 1.9107e+10
0.75 -1.25 -0.75 -0.433466 -0.711155 -0.1341 2.12991e+10
0.25 -0.75 -0.75 -0.29228 -0.69361 -0.129292 1.65519e+10
0.75 -0.25 -0.75 -0.431685 -0.583548 -0.0321918 2.25678e+10
0.25 0.25 -0.75 -0.384391 -0.526912 0.00788835 1.76407e+10
0.75 0.75 -0.75 -0.498099 -0.466765 0.103578 4.01448e+10
0.25 1.25 -0.75 -0.4194 -0.446465 0.128584 3.16692e+10
1.75 -1.25 -0.75 -0.597006 -0.632161 -0.0261938 3.3653e+10
1.25 -0.75 -0.75 -0.505936 -0.63404 -0.0490591 2.87301e+10
1.75 -0.25 -0.75 -0.595169 -0.517262 0.0566113 3.67901e+10
1.25 0.25 -0.75 -0.539245 -0.503479 0.0717581 4.9476e+10
1.75 0.75 -0.75 -0.56534 -0.470811 0.163297 6.11883e+10
1.25 1.25 -0.75 -0.465267 -0.434546 0.201552 4.12003e+10
2.25 -0.75 -0.75 -0.645586 -0.550413 0.0550756 4.33655e+10
2.25 0.25 -0.75 -0.629873 -0.453925 0.155296 7.17801e+10
2.25 1.25 -0.75 -0.539437 -0.423024 0.26197 5.42548e+10
-2.5 -1 -0.5 -0.185731 -0.342736 -0.113347 8.01013e+09
-2.5 0 -0.5 -0.226251 -0.401885 -0.0464756 1.23899e+10
-2.5 1 -0.5 -0.201738 -0.474198 -0.000628606 2.02888e+10
-2 -1.5 -0.5 -0.247177 -0.37706 -0.182309 9.6767e+09
-1.5 -1 -0.5 -0.353971 -0.424484 -0.15624 1.75116e+10
-2 -0.5 -0.5 -0.289363 -0.419511 -0.108212 1.46981e+10
-1.5 0 -0.5 -0.376403 -0.483573 -0.0884945 2.73658e+10
-2 0.5 -0.5 -0.279039 -0.46343 -0.0356416 2.34719e+10
-1.5 1 -0.5 -0.294055 -0.444367 0.022691 4.53902e+10
-2 1.5 -0.5 -0.281622 -0.455765 0.0348751 4.25448e+10
-1 -1.5 -0.5 -0.433944 -0.424138 -0.18752 2.0864e+10
-0.5 -1 -0.5 -0.528207 -0.444498 -0.13724 3.76377e+10
-1 -0.5 -0.5 -0.448721 -0.464163 -0.118653 3.20747e+10
-0.5 0 -0.5 -0.51172 -0.471187 -0.058036 5.76727e+10
-1 0.5 -0.5 -0.43994 -0.501705 -0.0395006 4.99978e+10
-0.5 1 -0.5 -0.486335 -0.462746 0.0450765 9.5545e+10
-1 1.5 -0.5 -0.392713 -0.429668 0.0744065 7.439e+10
0 -1.5 -0.5 -0.600345 -0.416529 -0.136366 4.30713e+10
0.5 -1 -0.5 -0.667012 -0.41245 -0.0693179 7.48568e+10
0 -0.5 -0.5 -0.602654 -0.449736 -0.0733533 6.67017e+10
0.5 0 -0.5 -0.643136 -0.44133 0.00742627 1.13701e+11
0 0.5 -0.5 -0.506894 -0.456354 0.0313913 1.02574e+11
0.5 1 -0.5 -0.56187 -0.422826 0.109138 1.57611e+11
0 1.5 -0.5 -0.490206 -0.386381 0.143217 1.13918e+11
1 -1.5 -0.5 -0.729676 -0.35898 -0.0457914 7.97173e+10
1.5 -1 -0.5 -0.768567 -0.337877 0.0292325 1.2739e+11
1 -0.5 -0.5 -0.703479 -0.399235 0.00957136 1.24782e+11
1.5 0 -0.5 -0.693906 -0.406598 0.0936068 2.08581e+11
1 0.5 -0.5 -0.657585 -0.417023 0.100811 2.01459e+11
1.5 1 -0.5 -0.609492 -0.368422 0.191042 2.1455e+11
1 1.5 -0.5 -0.518046 -0.375312 0.203638 1.52738e+11
2 -1.5 -0.5 -0.811608 -0.277984 0.0606134 1.27295e+11
2.5 -1 -0.5 -0.827262 -0.247919 0.134602 1.83305e+11
2 -0.5 -0.5 -0.779706 -0.31064 0.110479 1.90982e+11
2.5 0 -0.5 -0.746475 -0.329582 0.188343 2.76607e+11
2 0.5 -0.5 -0.677137 -0.372741 0.174954 2.77186e+11
2.5 1 -0.5 -0.621889 -0.309156 0.26677 2.65625e+11
2 1.5 -0.5 -0.542677 -0.325136 0.277377 1.88396e+11
-2.25 -0.75 -0.25 0.498962 -0.464336 -0.120755 1.94829e+09
-2.25 0.25 -0.25 0.315319 -0.292813 0.0249634 2.33896e+09
-2.25 1.25 -0.25 0.02952 -0.33405 0.0628703 3.22023e+09
-1.75 -1.25 -0.25 0.376907 -0.634759 -0.230352 2.55508e+09
-1.25 -0.75 -0.25 0.274104 -0.598657 -0.192665 3.70949e+09
-1.75 -0.25 -0.25 0.342021 -0.448858 -0.0927311 2.86263e+09
-1.25 0.25 -0.25 0.114958 -0.497052 -0.058385 4.67996e+09
-1.75 0.75 -0.25 0.0200772 -0.347534 0.0392379 4.04511e+09
-1.25 1.25 -0.25 -0.170292 -0.374649 0.0644597 1.03517e+10
-0.75 -1.25 -0.25 0.114493 -0.736694 -0.271084 4.88231e+09
-0.25 -0.75 -0.25 -0.00373576 -0.689323 -0.209647 6.99835e+09
-0.75 -0.25 -0.25 0.0858437 -0.568778 -0.128473 5.63094e+09
-0.25 0.25 -0.25 -0.17754 -0.496035 -0.0361968 9.0328e+09
-0.75 0.75 -0.25 -0.140807 -0.454448 0.00360315 7.08586e+09
-0.25 1.25 -0.25 -0.272736 -0.426984 0.0969264 1.93035e+10
0.25 -1.25 -0.25 -0.157062 -0.769179 -0.236776 9.09478e+09
0.75 -0.75 -0.25 -0.265911 -0.707001 -0.159528 1.30826e+10
0.25 -0.25 -0.25 -0.185179 -0.64475 -0.126148 1.08314e+10
0.75 0.25 -0.25 -0.349543 -0.546329 -0.0161189 1.53433e+10
0.25 0.75 -0.25 -0.333591 -0.474325 0.0426326 2.20877e+10
0.75 1.25 -0.25 -0.344872 -0.486736 0.121681 3.19197e+10
1.25 -1.25 -0.25 -0.387303 -0.738756 -0.140271 1.52756e+10
1.75 -0.75 -0.25 -0.473053 -0.66519 -0.0576936 2.17095e+10
1.25 -0.25 -0.25 -0.387542 -0.611124 -0.0531987 1.92221e+10
1.75 0.25 -0.25 -0.50401 -0.537063 0.0598858 4.19206e+10
1.25 0.75 -0.25 -0.433632 -0.519801 0.0882139 3.82744e+10
1.75 1.25 -0.25 -0.378569 -0.501847 0.176731 4.20358e+10
2.25 -1.25 -0.25 -0.556144 -0.6705 -0.0141092 2.29194e+10
2.25 -0.25 -0.25 -0.506433 -0.56998 0.035904 2.70048e+10
2.25 0.75 -0.25 -0.498527 -0.51302 0.153204 5.51585e+10
-2.5 -1.5 0 0.0264612 -0.332497 -0.180911 3.37905e+09
-2.5 -0.5 0 -0.0589394 -0.321439 -0.0895414 5.22792e+09
-2.5 0.5 0 -0.130545 -0.413666 -0.0343608 9.24067e+09
-2.5 1.5 0 -0.154492 -0.376255 0.0421413 1.90796e+10
-1.5 -1.5 0 -0.167241 -0.449942 -0.230192 7.21671e+09
-2 -1 0 -0.0988508 -0.388036 -0.169684 6.12766e+09
-1.5 -0.5 0 -0.226188 -0.459627 -0.148455 1.16843e+10
-2 0 0 -0.169676 -0.423765 -0.0864379 1.02258e+10
-1.5 0.5 0 -0.27336 -0.496711 -0.065399 2.08693e+10
-2 1 0 -0.224146 -0.498597 -0.0336918 1.94539e+10
-1.5 1.5 0 -0.352624 -0.414481 0.0496082 4.12322e+10
-0.5 -1.5 0 -0.377676 -0.508753 -0.214142 1.53449e+10
-1 -1 0 -0.289246 -0.483561 -0.191915 1.33266e+10
-0.5 -0.5 0 -0.408061 -0.507755 -0.138988 2.52981e+10
-1 0 0 -0.350347 -0.516203 -0.112775 2.31661e+10
-0.5 0.5 0 -0.455925 -0.508012 -0.0441219 4.51892e+10
-1 1 0 -0.339032 -0.421154 0.0292818 4.2127e+10
-0.5 1.5 0 -0.453902 -0.413292 0.0881939 7.70194e+10
0.5 -1.5 0 -0.562152 -0.496969 -0.142941 3.01836e+10
0 -1 0 -0.482747 -0.511388 -0.15397 2.80863e+10
0.5 -0.5 0 -0.575759 -0.497766 -0.0795702 5.18638e+10
0 0 0 -0.504327 -0.503081 -0.065633 4.82907e+10
0.5 0.5 0 -0.524087 -0.443536 0.0491584 8.90948e+10
0 1 0 -0.524151 -0.421965 0.0724259 8.81748e+10
0.5 1.5 0 -0.533542 -0.387737 0.153094 1.21277e+11
1.5 -1.5 0 -0.701065 -0.436167 -0.0387774 5.22965e+10
1 -1 0 -0.638766 -0.471366 -0.0703786 5.24083e+10
1.5 -0.5 0 -0.701653 -0.431539 0.0143025 8.84181e+10
1 0 0 -0.6403 -0.461106 0.0143545 9.30781e+10
1.5 0.5 0 -0.656618 -0.401701 0.125476 1.62195e+11
1 1 0 -0.588565 -0.414748 0.125214 1.51498e+11
1.5 1.5 0 -0.550275 -0.362702 0.216965 1.59792e+11
2.5 -1.5 0 -0.791278 -0.348122 0.0743032 7.74689e+10
2 -1 0 -0.748833 -0.397588 0.0352948 8.39608e+10
2.5 -0.5 0 -0.777971 -0.337714 0.119707 1.24813e+11
2 0 0 -0.733681 -0.353815 0.120694 1.37344e+11
2.5 0.5 0 -0.706199 -0.32783 0.212083 2.12054e+11
2 1 0 -0.625055 -0.345961 0.210634 1.97598e+11
2.5 1.5 0 -0.562677 -0.30647 0.287996 1.9032e+11
-2.25 -1.25 0.25 0.64798 -0.422614 -0.223836 1.09451e+09
-2.25 -0.25 0.25 0.550679 -0.170394 -0.05704 1.26638e+09
-2.25 0.75 0.25 0.302005 -0.217445 0.0373944 1.79235e+09
-1.25 -1.25 0.25 0.44092 -0.587772 -0.31096 2.05259e+09
-1.75 -0.75 0.25 0.554807 -0.388632 -0.203413 1.59029e+09
-1.25 -0.25 0.25 0.385496 -0.421893 -0.161954 2.47329e+09
-1.75 0.25 0.25 0.343323 -0.24703 -0.0248845 2.114e+09
-1.25 0.75 0.25 -0.0247936 -0.317895 0.0112494 3.55627e+09
-1.75 1.25 0.25 0.0495589 -0.265845 0.0616694 2.93664e+09
-0.25 -1.25 0.25 0.156009 -0.729451 -0.332504 3.88267e+09
-0.75 -0.75 0.25 0.320634 -0.560855 -0.260967 3.02374e+09
-0.25 -0.25 0.25 0.123696 -0.547756 -0.179426 4.76253e+09
-0.75 0.25 0.25 0.135167 -0.480905 -0.10739 4.00745e+09
-0.25 0.75 0.25 -0.0846903 -0.43529 -0.0114578 6.24435e+09
-0.75 1.25 0.25 -0.144181 -0.355698 0.0649742 9.42585e+09
0.75 -1.25 0.25 -0.129928 -0.784982 -0.264331 6.91119e+09
0.25 -0.75 0.25 0.0261291 -0.704192 -0.263207 5.79339e+09
0.75 -0.25 0.25 -0.152684 -0.662207 -0.159802 8.82908e+09
0.25 0.25 0.25 -0.181199 -0.475092 -0.054579 7.51109e+09
0.75 0.75 0.25 -0.281769 -0.48732 0.0321825 1.8747e+10
0.25 1.25 0.25 -0.247126 -0.424608 0.0964779 1.70602e+10
1.75 -1.25 0.25 -0.368221 -0.774355 -0.136567 1.11782e+10
1.25 -0.75 0.25 -0.237914 -0.733923 -0.177857 1.01523e+10
1.75 -0.25 0.25 -0.361277 -0.619341 -0.0474095 1.41406e+10
1.25 0.25 0.25 -0.281003 -0.567896 -0.0302202 1.24097e+10
1.75 0.75 0.25 -0.383644 -0.517716 0.0874293 3.02803e+10
1.25 1.25 0.25 -0.28081 -0.506489 0.113869 2.80659e+10
2.25 -0.75 0.25 -0.443443 -0.715396 -0.0547645 1.55686e+10
2.25 0.25 0.25 -0.430472 -0.576314 0.0505717 1.9092e+10
2.25 1.25 0.25 -0.322817 -0.534405 0.153869 3.65557e+10
-2.5 -1 0.5 0.169457 -0.242065 -0.153895 2.18106e+09
-2.5 0 0.5 0.0147611 -0.29842 -0.0688548 3.83346e+09
-2.5 1 0.5 -0.0749547 -0.411027 -0.0207894 7.81335e+09
-2 -1.5 0.5 0.135445 -0.379509 -0.251411 2.55304e+09
-1.5 -1 0.5 -0.0140576 -0.434626 -0.22515 4.74282e+09
-2 -0.5 0.5 0.0197228 -0.347399 -0.1451 4.19852e+09
-1.5 0 0.5 -0.129957 -0.469605 -0.130007 8.66826e+09
-2 0.5 0.5 -0.107363 -0.459145 -0.0809406 8.24269e+09
-1.5 1 0.5 -0.260939 -0.494588 -0.0471774 1.73269e+10
-2 1.5 0.5 -0.210001 -0.349824 0.042649 1.72337e+10
-1 -1.5 0.5 -0.0860788 -0.523674 -0.281044 5.39912e+09
-0.5 -1 0.5 -0.230925 -0.550061 -0.228012 1.02063e+10
-1 -0.5 0.5 -0.177198 -0.509915 -0.1871 9.46517e+09
-0.5 0 0.5 -0.339359 -0.549582 -0.132005 1.93721e+10
-1 0.5 0.5 -0.281971 -0.512152 -0.0847137 1.80529e+10
-0.5 1 0.5 -0.372032 -0.408296 0.0390988 3.62853e+10
-1 1.5 0.5 -0.406731 -0.387676 0.0672595 3.73006e+10
0 -1.5 0.5 -0.325214 -0.590837 -0.240585 1.11812e+10
0.5 -1 0.5 -0.448941 -0.578002 -0.168828 2.07958e+10
0 -0.5 0.5 -0.378491 -0.562802 -0.160137 1.99592e+10
0.5 0 0.5 -0.500339 -0.531288 -0.067654 3.83328e+10
0 0.5 0.5 -0.472641 -0.509185 -0.0375426 3.77633e+10
0.5 1 0.5 -0.543993 -0.40849 0.0945453 7.38358e+10
0 1.5 0.5 -0.49048 -0.391658 0.109717 6.93313e+10
1 -1.5 0.5 -0.529368 -0.574243 -0.148275 2.08285e+10
1.5 -1 0.5 -0.619474 -0.534553 -0.0703181 3.6194e+10
1 -0.5 0.5 -0.560348 -0.543294 -0.0824164 3.85737e+10
1.5 0 0.5 -0.629572 -0.474395 0.024636 6.59768e+10
1 0.5 0.5 -0.52844 -0.450729 0.0616837 6.89647e+10
1.5 1 0.5 -0.571821 -0.404689 0.145479 1.13999e+11
1 1.5 0.5 -0.543679 -0.382616 0.169226 1.06244e+11
2 -1.5 0.5 -0.682122 -0.507807 -0.0302517 3.40806e+10
2.5 -1 0.5 -0.738869 -0.453015 0.0443124 5.36709e+10
2 -0.5 0.5 -0.690487 -0.477539 0.0188103 5.9794e+10
2.5 0 0.5 -0.70027 -0.387611 0.130151 8.40369e+10
2 0.5 0.5 -0.591354 -0.406903 0.143854 9.54518e+10
2.5 1 0.5 -0.603745 -0.333072 0.225132 1.40779e+11
2 1.5 0.5 -0.550968 -0.349639 0.230025 1.35741e+11
-2.25 -0.75 0.75 0.735409 -0.0714839 -0.161399 7.22181e+08
-2.25 0.25 0.75 0.530644 0.00704505 -0.0135558 9.48731e+08
-2.25 1.25 0.75 0.0791867 -0.096421 0.0760924 1.45948e+09
-1.75 -1.25 0.75 0.695187 -0.345793 -0.315585 9.13433e+08
-1.25 -0.75 0.75 0.598922 -0.342039 -0.285461 1.36619e+09
-1.75 -0.25 0.75 0.594377 -0.107261 -0.12625 1.13001e+09
-1.25 0.25 0.75 0.351711 -0.208672 -0.0798698 1.79862e+09
-1.75 0.75 0.75 0.310339 -0.179439 -0.00802386 1.55878e+09
-1.25 1.25 0.75 0.0713922 -0.205451 0.0542595 2.5626e+09
-0.75 -1.25 0.75 0.473317 -0.560026 -0.390712 1.70174e+09
-0.25 -0.75 0.75 0.351544 -0.558927 -0.330354 2.5493e+09
-0.75 -0.25 0.75 0.422657 -0.399471 -0.232384 2.09725e+09
-0.25 0.25 0.75 0.155912 -0.465676 -0.148579 3.29608e+09
-0.75 0.75 0.75 -0.00834424 -0.28507 -0.00793292 3.07103e+09
-0.25 1.25 0.75 -0.109608 -0.344878 0.0573773 8.04037e+09
0.25 -1.25 0.75 0.166808 -0.742239 -0.379155 3.15302e+09
0.75 -0.75 0.75 0.0420736 -0.72956 -0.29669 4.62777e+09
0.25 -0.25 0.75 0.141981 -0.551089 -0.2271 3.82431e+09
0.75 0.25 0.75 -0.134188 -0.489098 -0.0747621 5.98493e+09
0.25 0.75 0.75 -0.0378928 -0.417442 -0.0268739 5.12796e+09
0.75 1.25 0.75 -0.207709 -0.434911 0.0884474 1.38739e+10
1.25 -1.25 0.75 -0.120284 -0.812511 -0.270498 5.26184e+09
1.75 -0.75 0.75 -0.216806 -0.75911 -0.176223 7.21509e+09
1.25 -0.25 0.75 -0.127894 -0.680376 -0.170014 6.68146e+09
1.75 0.25 0.75 -0.229354 -0.529554 -0.00685344 9.06572e+09
1.25 0.75 0.75 -0.230468 -0.512515 0.016722 1.45158e+10
1.75 1.25 0.75 -0.227317 -0.505168 0.11622 2.17159e+10
2.25 -1.25 0.75 -0.36255 -0.804577 -0.10805 7.84728e+09
2.25 -0.25 0.75 -0.35135 -0.670169 -0.0496458 9.49579e+09
2.25 0.75 0.75 -0.349113 -0.528856 0.0833136 2.10271e+10
-2.5 -1.5 1 0.429163 -0.197174 -0.240418 9.4857e+08
-2.5 -0.5 1 0.230599 -0.148292 -0.118027 1.55229e+09
-2.5 0.5 1 0.0504284 -0.294845 -0.0509473 3.05789e+09
-2.5 1.5 1 -0.0826338 -0.425963 -0.0217518 6.60208e+09
-1.5 -1.5 1 0.235279 -0.431586 -0.321683 1.95421e+09
-2 -1 1 0.270741 -0.263669 -0.222926 1.7098e+09
-1.5 -0.5 1 0.0891757 -0.393408 -0.198239 3.39913e+09
-2 0 1 0.0711949 -0.340028 -0.122548 3.22892e+09
-1.5 0.5 1 -0.0957229 -0.490068 -0.116252 7.02077e+09
-2 1 1 -0.0791917 -0.432221 -0.0540182 6.78842e+09
-1.5 1.5 1 -0.24802 -0.340139 0.0473739 1.4655e+10
-0.5 -1.5 1 -0.0180929 -0.599638 -0.327147 4.06193e+09
-1 -1 1 0.0595814 -0.495325 -0.277345 3.7041e+09
-0.5 -0.5 1 -0.136726 -0.565448 -0.220261 7.49217e+09
-1 0 1 -0.101074 -0.509757 -0.164794 7.11584e+09
-0.5 0.5 1 -0.289932 -0.530577 -0.0948975 1.47468e+10
-1 1 1 -0.291219 -0.492021 -0.0510431 1.45245e+10
-0.5 1.5 1 -0.441498 -0.372553 0.0869199 3.11967e+10
0.5 -1.5 1 -0.286485 -0.666457 -0.258992 8.06841e+09
0 -1 1 -0.185798 -0.619894 -0.257949 7.73156e+09
0.5 -0.5 1 -0.35685 -0.615802 -0.172493 1.49637e+10
0 0 1 -0.32943 -0.585304 -0.143366 1.52661e+10
0.5 0.5 1 -0.476211 -0.524062 -0.0292935 2.9043e+10
0 1 1 -0.389359 -0.416119 0.0484703 2.90426e+10
0.5 1.5 1 -0.501201 -0.387162 0.127727 5.57553e+10
1.5 -1.5 1 -0.508472 -0.644563 -0.145575 1.42299e+10
1 -1 1 -0.426956 -0.638441 -0.174141 1.47193e+10
1.5 -0.5 1 -0.551764 -0.583298 -0.0745095 2.60126e+10
1 0 1 -0.49377 -0.568084 -0.065633 2.8101e+10
1.5 0.5 1 -0.517808 -0.495201 0.0596334 4.83985e+10
1 1 1 -0.538069 -0.421003 0.109974 5.46e+10
1.5 1.5 1 -0.529963 -0.362392 0.193313 7.82352e+10
2.5 -1.5 1 -0.671522 -0.565394 -0.0140725 2.16662e+10
2 -1 1 -0.60761 -0.589318 -0.0600078 2.36666e+10
2.5 -0.5 1 -0.681859 -0.504285 0.03903 3.57502e+10
2 0 1 -0.620723 -0.497097 0.0373101 4.12756e+10
2.5 0.5 1 -0.583154 -0.442947 0.148614 6.12362e+10
2 1 1 -0.534915 -0.382779 0.169361 7.41292e+10
2.5 1.5 1 -0.530247 -0.313663 0.25306 9.61054e+10
-2.25 -1.25 1.25 0.837514 -0.039615 -0.270085 4.28605e+08
-2.25 -0.25 1.25 0.701954 0.186019 -0.0986004 5.35302e+08
-2.25 0.75 1.25 0.355616 0.163779 0.0448576 7.30204e+08
-1.25 -1.25 1.25 0.708915 -0.315309 -0.405528 7.88174e+08
-1.75 -0.75 1.25 0.762706 -0.0130706 -0.24548 6.40247e+08
-1.25 -0.25 1.25 0.620471 -0.0682029 -0.204023 9.5976e+08
-1.75 0.25 1.25 0.549847 0.0591471 -0.0793782 8.14647e+08
-1.25 0.75 1.25 0.325641 -0.148951 -0.0523021 1.31042e+09
-1.75 1.25 1.25 0.0702258 -0.059119 0.0575347 1.28846e+09
-0.25 -1.25 1.25 0.466688 -0.572962 -0.456766 1.425e+09
-0.75 -0.75 1.25 0.615655 -0.337311 -0.369839 1.1612e+09
-0.25 -0.25 1.25 0.438785 -0.40207 -0.298009 1.69083e+09
-0.75 0.25 1.25 0.373671 -0.184818 -0.1354 1.47436e+09
-0.25 0.75 1.25 0.0232885 -0.267721 -0.0287238 2.48817e+09
-0.75 1.25 1.25 0.109011 -0.168892 0.0372515 2.15326e+09
0.75 -1.25 1.25 0.150849 -0.768438 -0.396973 2.44284e+09
0.25 -0.75 1.25 0.349949 -0.585151 -0.385149 2.0434e+09
0.75 -0.25 1.25 0.160609 -0.584796 -0.263135 2.94221e+09
0.25 0.25 1.25 0.17952 -0.476736 -0.185258 2.59228e+09
0.75 0.75 1.25 0.00602161 -0.435582 -0.0465508 3.99302e+09
0.25 1.25 1.25 -0.0611986 -0.351676 0.0434359 6.3889e+09
1.75 -1.25 1.25 -0.138925 -0.83764 -0.246487 3.71737e+09
1.25 -0.75 1.25 0.0440122 -0.750849 -0.300645 3.31076e+09
1.75 -0.25 1.25 -0.0921734 -0.696421 -0.164074 4.58738e+09
1.25 0.25 1.25 -0.0660827 -0.527531 -0.0904977 4.43684e+09
1.75 0.75 1.25 -0.158077 -0.557571 0.00552599 1.06816e+10
1.25 1.25 1.25 -0.146492 -0.458264 0.0791135 1.03938e+10
2.25 -0.75 1.25 -0.232136 -0.784546 -0.145495 4.62805e+09
2.25 0.25 1.25 -0.175803 -0.580625 -0.0121457 5.86549e+09
2.25 1.25 1.25 -0.190321 -0.509243 0.120192 1.4723e+10
-2.5 -1 1.5 0.492181 -0.00902735 -0.192119 6.59095e+08
-2.5 0 1.5 0.230912 -0.0961895 -0.0806465 1.1835e+09
-2.5 1 1.5 0.0431994 -0.329361 -0.0556121 2.54724e+09
-2 -1.5 1.5 0.530141 -0.22003 -0.322001 7.46759e+08
-1.5 -1 1.5 0.359677 -0.306405 -0.287761 1.35063e+09
-2 -0.5 1.5 0.312805 -0.175081 -0.178309 1.25478e+09
-1.5 0 1.5 0.118482 -0.380023 -0.16786 2.6151e+09
-2 0.5 1.5 0.0871047 -0.329891 -0.0975745 2.54785e+09
-1.5 1 1.5 -0.0888315 -0.454346 -0.0793807 5.59488e+09
-2 1.5 1.5 -0.11659 -0.438788 -0.0434167 5.63376e+09
-1 -1.5 1.5 0.31175 -0.492196 -0.38288 1.51645e+09
-0.5 -1 1.5 0.118091 -0.559171 -0.320704 2.84482e+09
-1 -0.5 1.5 0.149096 -0.444539 -0.245158 2.67321e+09
-0.5 0 1.5 -0.0794427 -0.554283 -0.190424 5.53365e+09
-1 0.5 1.5 -0.0909089 -0.518434 -0.140135 5.63951e+09
-0.5 1 1.5 -0.307759 -0.504481 -0.0487589 1.14764e+10
-1 1.5 1.5 -0.271494 -0.351203 0.0512026 1.17854e+10
0 -1.5 1.5 0.0284027 -0.669269 -0.360018 3.03785e+09
0.5 -1 1.5 -0.157037 -0.680009 -0.274114 5.58063e+09
0 -0.5 1.5 -0.10657 -0.6196 -0.242075 5.62467e+09
0.5 0 1.5 -0.319057 -0.624291 -0.144173 1.11782e+10
0 0.5 1.5 -0.290977 -0.561535 -0.0989323 1.12657e+10
0.5 1 1.5 -0.388559 -0.4514 0.0528216 2.15248e+10
0 1.5 1.5 -0.453816 -0.378604 0.104099 2.40994e+10
1 -1.5 1.5 -0.263229 -0.730679 -0.263806 5.71087e+09
1.5 -1 1.5 -0.413727 -0.691832 -0.166558 9.8425e+09
1 -0.5 1.5 -0.348098 -0.66009 -0.169672 1.02869e+10
1.5 0 1.5 -0.501656 -0.59674 -0.0515609 1.80687e+10
1 0.5 1.5 -0.466328 -0.558887 -0.0204891 2.07324e+10
1.5 1 1.5 -0.522776 -0.439658 0.126332 3.65219e+10
1 1.5 1.5 -0.488588 -0.390456 0.14549 3.99533e+10
2 -1.5 1.5 -0.498222 -0.6974 -0.130385 9.38719e+09
2.5 -1 1.5 -0.603757 -0.626592 -0.0360623 1.43764e+10
2 -0.5 1.5 -0.545008 -0.623766 -0.0576039 1.61668e+10
2.5 0 1.5 -0.635701 -0.516963 0.0595653 2.43468e+10
2 0.5 1.5 -0.592169 -0.479611 0.0807994 2.88744e+10
2.5 1 1.5 -0.572602 -0.385583 0.201883 4.63339e+10
2 1.5 1.5 -0.509043 -0.334889 0.219011 5.15677e+10
