449
-2.5 -1 -1.5 0.683169 -0.301493 0.51912 6.40934e+08
-2.5 0 -1.5 0.753866 -0.196547 0.500295 8.48366e+08
-2.5 1 -1.5 0.80418 -0.128261 0.452621 8.12187e+08
-2 -1.5 -1.5 0.658536 -0.277384 0.550118 4.99823e+08
-1.5 -1 -1.5 0.713749 -0.090934 0.569598 6.44465e+08
-2 -0.5 -1.5 0.74518 -0.149873 0.528326 7.81177e+08
-1.5 0 -1.5 0.789507 -0.0247402 0.505496 8.68036e+08
-2 0.5 -1.5 0.801605 -0.0856763 0.477529 8.84643e+08
-1.5 1 -1.5 0.833717 0.0119817 0.442181 8.43519e+08
-2 1.5 -1.5 0.838532 -0.0367988 0.42017 7.41218e+08
-1 -1.5 -1.5 0.634527 -0.0329985 0.634639 4.85895e+08
-0.5 -1 -1.5 0.676069 0.144711 0.6021 6.08341e+08
-1 -0.5 -1.5 0.754781 0.0545645 0.543962 7.63853e+08
-0.5 0 -1.5 0.780915 0.169341 0.4966 8.18345e+08
-1 0.5 -1.5 0.818232 0.0803679 0.465816 8.74262e+08
-0.5 1 -1.5 0.833399 0.170913 0.417709 8.024e+08
-1 1.5 -1.5 0.852547 0.0990896 0.399925 7.4173e+08
0 -1.5 -1.5 0.526677 0.221177 0.684337 4.49025e+08
0.5 -1 -1.5 0.566402 0.379686 0.606143 5.38458e+08
0 -0.5 -1.5 0.704387 0.274545 0.541627 6.93094e+08
0.5 0 -1.5 0.717592 0.373245 0.471586 7.09758e+08
0 0.5 -1.5 0.793107 0.2633 0.439821 7.9126e+08
0.5 1 -1.5 0.793203 0.342673 0.379534 6.97456e+08
0 1.5 -1.5 0.837111 0.250104 0.365539 6.79532e+08
1 -1.5 -1.5 0.349332 0.448161 0.685268 3.9351e+08
1.5 -1 -1.5 0.392345 0.584665 0.577008 4.46221e+08
1 -0.5 -1.5 0.589232 0.489121 0.517567 5.83234e+08
1.5 0 -1.5 0.594355 0.569251 0.430545 5.67045e+08
1 0.5 -1.5 0.716927 0.452148 0.399948 6.55888e+08
1.5 1 -1.5 0.705061 0.517246 0.329636 5.55021e+08
1 1.5 -1.5 0.783527 0.410635 0.318353 5.69442e+08
2 -1.5 -1.5 0.126811 0.616501 0.636697 3.25729e+08
2.5 -1 -1.5 0.170194 0.733014 0.517555 3.45913e+08
2 -0.5 -1.5 0.412987 0.673924 0.471987 4.5551e+08
2.5 0 -1.5 0.413484 0.735991 0.376357 4.19117e+08
2 0.5 -1.5 0.584945 0.63121 0.348558 4.99866e+08
2.5 1 -1.5 0.565099 0.680477 0.271892 4.06713e+08
2 1.5 -1.5 0.68494 0.571465 0.261524 4.37864e+08
-2.25 -0.75 -1.25 0.637106 -0.174564 0.641587 3.18105e+08
-2.25 0.25 -1.25 0.688281 -0.156007 0.620299 3.93216e+08
-2.25 1.25 -1.25 0.737841 -0.148921 0.569716 3.51195e+08
-1.75 -1.25 -1.25 0.641359 -0.0793359 0.662061 2.48562e+08
-1.25 -0.75 -1.25 0.669878 0.062892 0.670655 2.929e+08
-1.75 -0.25 -1.25 0.687605 -0.0545969 0.643023 3.52309e+08
-1.25 0.25 -1.25 0.726282 0.0411509 0.6156 3.49018e+08
-1.75 0.75 -1.25 0.736066 -0.066458 0.592877 3.65692e+08
-1.25 1.25 -1.25 0.770389 0.0117353 0.553319 3.11473e+08
-0.75 -1.25 -1.25 0.614354 0.167356 0.711718 2.34783e+08
-0.25 -0.75 -1.25 0.623963 0.292417 0.677627 2.60163e+08
-0.75 -0.25 -1.25 0.694675 0.16792 0.641993 3.08968e+08
-0.25 0.25 -1.25 0.711417 0.249324 0.594386 2.91606e+08
-0.75 0.75 -1.25 0.752983 0.120789 0.572587 3.12152e+08
-0.25 1.25 -1.25 0.768517 0.189035 0.520705 2.56687e+08
0.25 -1.25 -1.25 0.501418 0.379191 0.726253 2.13793e+08
0.75 -0.75 -1.25 0.502321 0.488459 0.660341 2.20384e+08
0.25 -0.25 -1.25 0.631106 0.381171 0.622774 2.5803e+08
0.75 0.25 -1.25 0.630887 0.448113 0.558432 2.30499e+08
0.25 0.75 -1.25 0.718558 0.315756 0.537083 2.4984e+08
0.75 1.25 -1.25 0.716717 0.37151 0.474443 1.98489e+08
1.25 -1.25 -1.25 0.326079 0.541959 0.70463 1.83675e+08
1.75 -0.75 -1.25 0.3216 0.637651 0.619329 1.75662e+08
1.25 -0.25 -1.25 0.49799 0.563763 0.586539 2.04335e+08
1.75 0.25 -1.25 0.485958 0.618591 0.510429 1.72692e+08
1.25 0.75 -1.25 0.622489 0.501194 0.489702 1.88991e+08
1.75 1.25 -1.25 0.607227 0.544362 0.418888 1.45315e+08
2.25 -1.25 -1.25 0.112092 0.650942 0.649208 1.46726e+08
2.25 -0.25 -1.25 0.309471 0.701955 0.534593 1.52606e+08
2.25 0.75 -1.25 0.467268 0.660255 0.434022 1.35829e+08
-2.5 -1.5 -1 0.698224 -0.258872 0.504425 1.17951e+09
-2.5 -0.5 -1 0.76728 -0.162372 0.487604 1.67564e+09
-2.5 0.5 -1 0.81429 -0.0995889 0.437902 1.64739e+09
-2.5 1.5 -1 0.844439 -0.0429806 0.380759 1.21996e+09
-1.5 -1.5 -1 0.717835 -0.0527817 0.555602 1.15564e+09
-2 -1 -1 0.756852 -0.11217 0.513789 1.48637e+09
-1.5 -0.5 -1 0.797504 0.0113332 0.486207 1.69524e+09
-2 0 -1 0.812005 -0.0536507 0.46012 1.77623e+09
-1.5 0.5 -1 0.840088 0.0432106 0.419862 1.70618e+09
-2 1 -1 0.845206 -0.00867083 0.40114 1.50797e+09
-1.5 1.5 -1 0.862538 0.074745 0.359562 1.281e+09
-0.5 -1.5 -1 0.658586 0.184366 0.589192 1.05915e+09
-1 -1 -1 0.755138 0.094455 0.525341 1.42221e+09
-0.5 -0.5 -1 0.777211 0.209615 0.470701 1.56458e+09
-1 0 -1 0.821792 0.115717 0.440787 1.73361e+09
-0.5 0.5 -1 0.831756 0.205798 0.387465 1.59917e+09
-1 1 -1 0.854125 0.130039 0.373215 1.50023e+09
-0.5 1.5 -1 0.856576 0.207699 0.323412 1.22539e+09
0.5 -1.5 -1 0.518747 0.421799 0.591318 9.11444e+08
0 -1 -1 0.685421 0.318969 0.518555 1.25599e+09
0.5 -0.5 -1 0.695517 0.41808 0.439187 1.31894e+09
0 0 -1 0.784392 0.303102 0.407274 1.5334e+09
0.5 0.5 -1 0.778648 0.381548 0.341715 1.35534e+09
0 1 -1 0.829726 0.284455 0.330968 1.35094e+09
0.5 1.5 -1 0.818231 0.352965 0.27337 1.06417e+09
1.5 -1.5 -1 0.31133 0.622372 0.555966 7.36713e+08
1 -1 -1 0.544025 0.535955 0.489024 1.02623e+09
1.5 -0.5 -1 0.547739 0.615349 0.392301 1.01938e+09
1 0 -1 0.690004 0.495688 0.360622 1.23211e+09
1.5 0.5 -1 0.67229 0.55871 0.285479 1.04322e+09
1 1 -1 0.762741 0.448145 0.276505 1.10188e+09
1.5 1.5 -1 0.739473 0.504412 0.212497 8.40324e+08
2.5 -1.5 -1 0.0599792 0.753445 0.488117 5.58895e+08
2 -1 -1 0.337826 0.715311 0.437633 7.77633e+08
2.5 -0.5 -1 0.338705 0.775461 0.334179 7.2722e+08
2 0 -1 0.534344 0.674628 0.304207 9.05378e+08
2.5 0.5 -1 0.509433 0.720426 0.223844 7.35762e+08
2 1 -1 0.64607 0.610317 0.214022 8.18625e+08
2.5 1.5 -1 0.614466 0.65219 0.146121 6.06998e+08
-2.25 -1.25 -0.75 0.63035 -0.234767 0.642683 5.5923e+08
-2.25 -0.25 -0.75 0.692817 -0.201914 0.60464 7.4563e+08
-2.25 0.75 -0.75 0.744331 -0.187009 0.545678 6.83508e+08
-1.25 -1.25 -0.75 0.654117 0.0103453 0.689549 5.03923e+08
-1.75 -0.75 -0.75 0.686523 -0.103821 0.639308 6.4086e+08
-1.25 -0.25 -0.75 0.726537 0.00141784 0.604704 6.47789e+08
-1.75 0.25 -0.75 0.741545 -0.105994 0.572869 6.99466e+08
-1.25 0.75 -0.75 0.773855 -0.0223677 0.529282 5.9535e+08
-1.75 1.25 -0.75 0.781281 -0.107713 0.506621 5.57482e+08
-0.25 -1.25 -0.75 0.583724 0.253572 0.70959 4.38583e+08
-0.75 -0.75 -0.75 0.681413 0.129549 0.648205 5.49331e+08
-0.25 -0.25 -0.75 0.696879 0.220951 0.588871 5.27554e+08
-0.75 0.25 -0.75 0.75106 0.0886056 0.554965 5.83402e+08
-0.25 0.75 -0.75 0.761937 0.162692 0.497408 4.78759e+08
-0.75 1.25 -0.75 0.792508 0.0511612 0.4785 4.69757e+08
0.75 -1.25 -0.75 0.427527 0.461839 0.694016 3.6391e+08
0.25 -0.75 -0.75 0.592983 0.356718 0.635508 4.47667e+08
0.75 -0.25 -0.75 0.590655 0.432407 0.556127 4.05177e+08
0.25 0.25 -0.75 0.699588 0.294521 0.52216 4.54068e+08
0.75 0.75 -0.75 0.691413 0.355317 0.452039 3.59697e+08
0.25 1.25 -0.75 0.761707 0.226173 0.435207 3.66909e+08
1.75 -1.25 -0.75 0.210875 0.614844 0.6424 2.83499e+08
1.25 -0.75 -0.75 0.426582 0.549846 0.598663 3.45163e+08
1.75 -0.25 -0.75 0.413245 0.611292 0.506769 2.94296e+08
1.25 0.25 -0.75 0.577236 0.490998 0.476088 3.32982e+08
1.75 0.75 -0.75 0.555703 0.537605 0.396521 2.55217e+08
1.25 1.25 -0.75 0.675069 0.405982 0.380212 2.68667e+08
2.25 -0.75 -0.75 0.203756 0.689387 0.538213 2.50385e+08
2.25 0.25 -0.75 0.390846 0.656464 0.418711 2.31649e+08
2.25 1.25 -0.75 0.528944 0.574999 0.318225 1.8631e+08
-2.5 -1 -0.5 0.778179 -0.101265 0.458265 3.45693e+09
-2.5 0 -0.5 0.821492 -0.0530144 0.411943 3.46815e+09
-2.5 1 -0.5 0.846026 -0.00319075 0.356 2.5522e+09
-2 -1.5 -0.5 0.76346 -0.044172 0.473826 2.95023e+09
-1.5 -1 -0.5 0.799693 0.0662771 0.446331 3.42298e+09
-2 -0.5 -0.5 0.818457 -0.0031682 0.427793 3.69859e+09
-1.5 0 -0.5 0.841646 0.0878902 0.383734 3.56052e+09
-2 0.5 -0.5 0.847789 0.0332431 0.371076 3.16943e+09
-1.5 1 -0.5 0.859969 0.113774 0.325765 2.67645e+09
-2 1.5 -0.5 0.860541 0.0743337 0.315356 2.1075e+09
-1 -1.5 -0.5 0.747268 0.152772 0.47675 2.72607e+09
-0.5 -1 -0.5 0.765723 0.261151 0.421459 3.06233e+09
-1 -0.5 -0.5 0.819266 0.163819 0.398096 3.53572e+09
-0.5 0 -0.5 0.823691 0.249829 0.34131 3.26448e+09
-1 0.5 -0.5 0.850191 0.171242 0.33336 3.11755e+09
-0.5 1 -0.5 0.846753 0.246399 0.280206 2.52473e+09
-1 1.5 -0.5 0.86069 0.187285 0.278139 2.11821e+09
0 -1.5 -0.5 0.657007 0.371201 0.463528 2.31769e+09
0.5 -1 -0.5 0.664566 0.467263 0.382169 2.48821e+09
0 -0.5 -0.5 0.768049 0.350288 0.355124 3.03125e+09
0.5 0 -0.5 0.756249 0.425413 0.286582 2.67758e+09
0 0.5 -0.5 0.815479 0.325579 0.281578 2.74098e+09
0.5 1 -0.5 0.797599 0.391453 0.221158 2.13757e+09
0 1.5 -0.5 0.834088 0.312817 0.22581 1.92412e+09
1 -1.5 -0.5 0.489359 0.581566 0.429234 1.82437e+09
1.5 -1 -0.5 0.491677 0.65929 0.330143 1.84805e+09
1 -0.5 -0.5 0.6542 0.541491 0.300937 2.34326e+09
1.5 0 -0.5 0.630318 0.600945 0.223728 1.97944e+09
1 0.5 -0.5 0.733752 0.488925 0.218853 2.16094e+09
1.5 1 -0.5 0.703979 0.541939 0.152803 1.63074e+09
1 1.5 -0.5 0.77288 0.447663 0.16097 1.57748e+09
2 -1.5 -0.5 0.254421 0.74731 0.375623 1.33481e+09
2.5 -1 -0.5 0.254938 0.805998 0.27137 1.26662e+09
2 -0.5 -0.5 0.473919 0.714987 0.240536 1.64974e+09
2.5 0 -0.5 0.443562 0.756464 0.159627 1.33578e+09
2 0.5 -0.5 0.59769 0.648715 0.15085 1.54109e+09
2.5 1 -0.5 0.560077 0.686463 0.0820811 1.13114e+09
2 1.5 -0.5 0.669732 0.585316 0.0888212 1.17197e+09
-2.25 -0.75 -0.25 0.69049 -0.252654 0.571754 1.445e+09
-2.25 0.25 -0.25 0.746654 -0.227349 0.507538 1.35471e+09
-2.25 1.25 -0.25 0.78392 -0.205788 0.443415 9.51713e+08
-1.75 -1.25 -0.25 0.671604 -0.168084 0.612685 1.19045e+09
-1.25 -0.75 -0.25 0.715762 -0.052529 0.573055 1.22325e+09
-1.75 -0.25 -0.25 0.740314 -0.151891 0.53593 1.36272e+09
-1.25 0.25 -0.25 0.770135 -0.0636662 0.488517 1.1552e+09
-1.75 0.75 -0.25 0.780822 -0.145993 0.465485 1.09627e+09
-1.25 1.25 -0.25 0.80038 -0.0726691 0.417588 8.31761e+08
-0.75 -1.25 -0.25 0.650985 0.0629696 0.628017 9.9015e+08
-0.25 -0.75 -0.25 0.668746 0.169754 0.560185 9.64553e+08
-0.75 -0.25 -0.25 0.739131 0.0432734 0.517835 1.10552e+09
-0.25 0.25 -0.25 0.745175 0.124041 0.455333 9.02382e+08
-0.75 0.75 -0.25 0.783844 0.0137421 0.434297 9.0313e+08
-0.25 1.25 -0.25 0.78507 0.0812968 0.375394 6.66765e+08
0.25 -1.25 -0.25 0.537653 0.294422 0.619563 7.80201e+08
0.75 -0.75 -0.25 0.535951 0.387268 0.528807 7.13792e+08
0.25 -0.25 -0.25 0.668136 0.253983 0.485842 8.31385e+08
0.75 0.25 -0.25 0.653528 0.322082 0.409249 6.54936e+08
0.25 0.75 -0.25 0.738111 0.192472 0.388678 6.85248e+08
0.75 1.25 -0.25 0.721721 0.250378 0.319529 4.95366e+08
1.25 -1.25 -0.25 0.340325 0.491858 0.58014 5.80265e+08
1.75 -0.75 -0.25 0.327006 0.569169 0.476469 4.98444e+08
1.25 -0.25 -0.25 0.51821 0.456326 0.439535 5.86631e+08
1.75 0.25 -0.25 0.490482 0.509468 0.352429 4.475e+08
1.25 0.75 -0.25 0.629674 0.377695 0.331814 4.85297e+08
1.75 1.25 -0.25 0.60012 0.423194 0.254856 3.44997e+08
2.25 -1.25 -0.25 0.0879897 0.627492 0.509778 4.05685e+08
2.25 -0.25 -0.25 0.301353 0.623268 0.379193 3.9221e+08
2.25 0.75 -0.25 0.457409 0.550902 0.268007 3.24652e+08
-2.5 -1.5 0 0.785054 -0.00970988 0.408494 7.57651e+09
-2.5 -0.5 0 0.824417 0.0145222 0.372276 7.67169e+09
-2.5 0.5 0 0.84227 0.0534871 0.32045 5.57575e+09
-2.5 1.5 0 0.844434 0.0998366 0.268171 3.33527e+09
-1.5 -1.5 0 0.794439 0.142753 0.38068 7.25724e+09
-2 -1 0 0.819389 0.0684516 0.377274 8.08829e+09
-1.5 -0.5 0 0.836938 0.147916 0.33103 7.74223e+09
-2 0 0 0.844875 0.0913756 0.32775 6.95209e+09
-1.5 0.5 0 0.851066 0.165696 0.278916 5.8068e+09
-2 1 0 0.851116 0.125655 0.276038 4.56142e+09
-1.5 1.5 0 0.849102 0.192606 0.23005 3.5266e+09
-0.5 -1.5 0 0.74575 0.324456 0.342525 6.23043e+09
-1 -1 0 0.809274 0.226032 0.333845 7.50063e+09
-0.5 -0.5 0 0.808037 0.303619 0.276166 6.88547e+09
-1 0 0 0.83944 0.22402 0.277926 6.71073e+09
-0.5 0.5 0 0.829634 0.294014 0.222002 5.36423e+09
-1 1 0 0.845704 0.234563 0.227996 4.53867e+09
-0.5 1.5 0 0.831639 0.296078 0.175898 3.36915e+09
0.5 -1.5 0 0.626077 0.518461 0.293956 4.84045e+09
0 -1 0 0.743476 0.404395 0.279089 6.17968e+09
0.5 -0.5 0 0.725432 0.473384 0.210984 5.42279e+09
0 0 0 0.793342 0.373638 0.214777 5.71628e+09
0.5 0.5 0 0.768755 0.434793 0.152554 4.39601e+09
0 1 0 0.810628 0.356068 0.164956 4.03077e+09
0.5 1.5 0 0.785283 0.409346 0.10755 2.89278e+09
1.5 -1.5 0 0.430362 0.696226 0.238729 3.43372e+09
1 -1 0 0.610258 0.587046 0.216863 4.5624e+09
1.5 -0.5 0 0.579536 0.641439 0.141733 3.82392e+09
1 0 0 0.695998 0.531855 0.142926 4.32437e+09
1.5 0.5 0 0.659455 0.580053 0.0763476 3.21838e+09
1 1 0 0.737618 0.486505 0.090617 3.19744e+09
1.5 1.5 0 0.702573 0.528958 0.0296381 2.23409e+09
2.5 -1.5 0 0.169991 0.821369 0.185467 2.25275e+09
2 -1 0 0.406403 0.747898 0.154832 3.06009e+09
2.5 -0.5 0 0.369464 0.784557 0.0779901 2.45656e+09
2 0 0 0.540016 0.684171 0.0702139 2.94185e+09
2.5 0.5 0 0.496213 0.716748 0.00260793 2.13169e+09
2 1 0 0.619072 0.618541 0.0118956 2.28115e+09
2.5 1.5 0 0.577116 0.648288 -0.0499358 1.56202e+09
-2.25 -1.25 0.25 0.685478 -0.299393 0.516759 2.89336e+09
-2.25 -0.25 0.25 0.746461 -0.263174 0.452416 2.75009e+09
-2.25 0.75 0.25 0.7803 -0.238226 0.388458 1.91915e+09
-1.25 -1.25 0.25 0.698969 -0.117484 0.510559 2.37888e+09
-1.75 -0.75 0.25 0.73485 -0.19808 0.476956 2.72619e+09
-1.25 -0.25 0.25 0.760666 -0.107955 0.425693 2.28969e+09
-1.75 0.25 0.25 0.775806 -0.182688 0.406387 2.19996e+09
-1.25 0.75 0.25 0.788898 -0.109625 0.355058 1.6465e+09
-1.75 1.25 0.25 0.796987 -0.170883 0.342781 1.41137e+09
-0.25 -1.25 0.25 0.635999 0.0904928 0.492853 1.80453e+09
-0.75 -0.75 0.25 0.720768 -0.0140097 0.452339 2.14227e+09
-0.25 -0.25 0.25 0.720808 0.0730755 0.386276 1.72945e+09
-0.75 0.25 0.25 0.767782 -0.0284461 0.367885 1.76633e+09
-0.25 0.75 0.25 0.760984 0.0409255 0.305528 1.28617e+09
-0.75 1.25 0.25 0.789341 -0.0443741 0.299391 1.17667e+09
0.75 -1.25 0.25 0.482591 0.298504 0.457365 1.27509e+09
0.25 -0.75 0.25 0.631115 0.188725 0.41558 1.54618e+09
0.75 -0.25 0.25 0.608522 0.266372 0.335236 1.20506e+09
0.25 0.25 0.25 0.70547 0.146317 0.315927 1.29628e+09
0.75 0.75 0.25 0.680188 0.207744 0.243118 9.25617e+08
0.25 1.25 0.25 0.744302 0.1009 0.240052 9.01144e+08
1.75 -1.25 0.25 0.251535 0.470814 0.400109 8.48311e+08
1.25 -0.75 0.25 0.457618 0.384798 0.365197 1.04111e+09
1.75 -0.25 0.25 0.421476 0.448885 0.274401 7.8743e+08
1.25 0.25 0.25 0.575784 0.328544 0.253884 8.83159e+08
1.75 0.75 0.25 0.537862 0.378498 0.173361 6.21676e+08
1.25 1.25 0.25 0.648804 0.259103 0.169683 6.39934e+08
2.25 -0.75 0.25 0.217734 0.542536 0.300919 6.63988e+08
2.25 0.25 0.25 0.38079 0.49745 0.18652 5.66673e+08
2.25 1.25 0.25 0.497781 0.418623 0.0954755 4.25819e+08
-2.5 -1 0.5 0.823391 0.101457 0.32101 1.80269e+10
-2.5 0 0.5 0.833479 0.127516 0.275028 1.28688e+10
-2.5 1 0.5 0.826216 0.166675 0.226591 7.53514e+09
-2 -1.5 0.5 0.815245 0.15897 0.312045 1.87887e+10
-1.5 -1 0.5 0.826314 0.222702 0.263933 1.7723e+10
-2 -0.5 0.5 0.83673 0.165539 0.272584 1.60763e+10
-1.5 0 0.5 0.836155 0.230876 0.220019 1.3208e+10
-2 0.5 0.5 0.835756 0.191731 0.226393 1.0383e+10
-1.5 1 0.5 0.827501 0.252351 0.176441 7.91752e+09
-2 1.5 0.5 0.820674 0.225422 0.181423 5.74454e+09
-1 -1.5 0.5 0.792524 0.301535 0.251463 1.67665e+10
-0.5 -1 0.5 0.785388 0.366849 0.194293 1.51709e+10
-1 -0.5 0.5 0.822221 0.28838 0.208386 1.51032e+10
-0.5 0 0.5 0.805647 0.350755 0.149863 1.1856e+10
-1 0.5 0.5 0.824228 0.292838 0.165563 1.01544e+10
-0.5 1 0.5 0.803966 0.348405 0.110107 7.41933e+09
-1 1.5 0.5 0.811502 0.306788 0.12548 5.77596e+09
0 -1.5 0.5 0.712115 0.464636 0.182754 1.31891e+10
0.5 -1 0.5 0.687363 0.52471 0.117574 1.13966e+10
0 -0.5 0.5 0.763883 0.428451 0.132209 1.23712e+10
0.5 0 0.5 0.732318 0.482809 0.0688863 9.33787e+09
0 0.5 0.5 0.780059 0.406434 0.0902642 8.75241e+09
0.5 1 0.5 0.748649 0.453789 0.0304329 6.17864e+09
0 1.5 0.5 0.77813 0.396147 0.054087 5.21821e+09
1 -1.5 0.5 0.561062 0.630805 0.112669 9.24978e+09
1.5 -1 0.5 0.522237 0.678581 0.0431564 7.62413e+09
1 -0.5 0.5 0.65052 0.576155 0.050936 8.92288e+09
1.5 0 0.5 0.606945 0.617941 -0.0148128 6.52149e+09
1 0.5 0.5 0.694656 0.528287 0.0057764 6.67299e+09
1.5 1 0.5 0.653847 0.564684 -0.0562609 4.58863e+09
1 1.5 0.5 0.713881 0.492565 -0.0290064 4.22289e+09
2 -1.5 0.5 0.337177 0.770966 0.0529993 5.88972e+09
2.5 -1 0.5 0.291572 0.802277 -0.015514 4.64895e+09
2 -0.5 0.5 0.475081 0.715069 -0.024437 5.76218e+09
2.5 0 0.5 0.424858 0.741488 -0.0888362 4.10712e+09
2 0.5 0.5 0.560436 0.650201 -0.0785798 4.54668e+09
2.5 1 0.5 0.513391 0.673849 -0.139609 3.0687e+09
2 1.5 0.5 0.611858 0.59269 -0.116527 3.07094e+09
-2.25 -0.75 0.75 0.750728 -0.281232 0.381228 5.75803e+09
-2.25 0.25 0.75 0.777533 -0.255793 0.318402 3.97009e+09
-2.25 1.25 0.75 0.788661 -0.234923 0.259333 2.29963e+09
-1.75 -1.25 0.75 0.73589 -0.229651 0.396246 5.65865e+09
-1.25 -0.75 0.75 0.754308 -0.143224 0.339325 4.67559e+09
-1.75 -0.25 0.75 0.772166 -0.206063 0.328807 4.53461e+09
-1.25 0.25 0.75 0.776163 -0.13656 0.27208 3.33737e+09
-1.75 0.75 0.75 0.785632 -0.192761 0.267479 2.87688e+09
-1.25 1.25 0.75 0.781769 -0.135099 0.213128 2.00697e+09
-0.75 -1.25 0.75 0.710868 -0.071106 0.355002 4.29948e+09
-0.25 -0.75 0.75 0.701372 0.0184127 0.285634 3.40341e+09
-0.75 -0.25 0.75 0.752023 -0.0654637 0.276503 3.54026e+09
-0.25 0.25 0.75 0.734786 0.00309854 0.209616 2.53383e+09
-0.75 0.75 0.75 0.766762 -0.073825 0.211636 2.34801e+09
-0.25 1.25 0.75 0.747678 -0.0180921 0.148312 1.60387e+09
0.25 -1.25 0.75 0.610279 0.105348 0.303934 2.96429e+09
0.75 -0.75 0.75 0.574761 0.191494 0.222715 2.26527e+09
0.25 -0.25 0.75 0.674813 0.094124 0.21176 2.50382e+09
0.75 0.25 0.75 0.638292 0.15769 0.135578 1.76032e+09
0.25 0.75 0.75 0.707547 0.0626383 0.140059 1.74946e+09
0.75 1.25 0.75 0.674118 0.113891 0.0695539 1.17967e+09
1.25 -1.25 0.75 0.42665 0.275973 0.243514 1.8922e+09
1.75 -0.75 0.75 0.37471 0.35322 0.154556 1.40753e+09
1.25 -0.25 0.75 0.529455 0.260098 0.139646 1.63357e+09
1.75 0.25 0.75 0.480595 0.314821 0.0575563 1.13556e+09
1.25 0.75 0.75 0.5966 0.210672 0.0592977 1.20187e+09
1.75 1.25 0.75 0.552856 0.254616 -0.0150324 8.04489e+08
2.25 -1.25 0.75 0.182025 0.40885 0.176289 1.14506e+09
2.25 -0.25 0.75 0.321484 0.411262 0.06754 1.00059e+09
2.25 0.75 0.75 0.431594 0.358301 -0.0211383 7.7022e+08
-2.5 -1.5 1 0.820608 0.199684 0.267109 4.51376e+10
-2.5 -0.5 1 0.822513 0.214548 0.225697 3.16239e+10
-2.5 0.5 1 0.805247 0.247329 0.18089 1.8151e+10
-2.5 1.5 1 0.775605 0.284056 0.137721 9.37358e+09
-1.5 -1.5 1 0.812173 0.307994 0.192533 4.29555e+10
-2 -1 1 0.82584 0.25128 0.213046 3.94147e+10
-1.5 -0.5 1 0.817964 0.306888 0.155538 3.17262e+10
-2 0 1 0.817632 0.270032 0.171824 2.50818e+10
-1.5 0.5 1 0.80296 0.323328 0.117047 1.88183e+10
-2 1 1 0.793734 0.299242 0.13075 1.36641e+10
-1.5 1.5 1 0.77577 0.34582 0.0797642 9.88857e+09
-0.5 -1.5 1 0.758121 0.43809 0.10711 3.52263e+10
-1 -1 1 0.801006 0.362279 0.132978 3.57971e+10
-0.5 -0.5 1 0.777434 0.415787 0.0708746 2.74833e+10
-1 0 1 0.799287 0.360883 0.0966419 2.39224e+10
-0.5 0.5 1 0.772903 0.40937 0.0371689 1.71697e+10
-1 1 1 0.781254 0.371185 0.0615954 1.35228e+10
-0.5 1.5 1 0.755041 0.41203 0.00560246 9.40537e+09
0.5 -1.5 1 0.644405 0.579949 0.0192289 2.51449e+10
0 -1 1 0.729498 0.48974 0.0431714 2.80419e+10
0.5 -0.5 1 0.690838 0.535852 -0.0217656 2.06863e+10
0 0 1 0.745271 0.463804 0.00813241 1.98773e+10
0.5 0.5 1 0.708007 0.504006 -0.0544145 1.37787e+10
0 1 1 0.741679 0.450427 -0.022481 1.18833e+10
0.5 1.5 1 0.707803 0.483653 -0.0818755 8.00937e+09
1.5 -1.5 1 0.461261 0.714211 -0.0573564 1.59226e+10
1 -1 1 0.599767 0.622768 -0.0463977 1.92027e+10
1.5 -0.5 1 0.549083 0.656798 -0.111118 1.37265e+10
1 0 1 0.64677 0.573774 -0.0861369 1.4486e+10
1.5 0.5 1 0.600525 0.602957 -0.149013 9.78927e+09
1 1 1 0.668217 0.535886 -0.116123 9.26854e+09
1.5 1.5 1 0.627564 0.559988 -0.176367 6.1037e+09
2.5 -1.5 1 0.214115 0.812608 -0.104438 9.22216e+09
2 -1 1 0.4059 0.743156 -0.120462 1.17471e+10
2.5 -0.5 1 0.349264 0.762496 -0.180657 8.20664e+09
2 0 1 0.496693 0.681729 -0.17363 9.39189e+09
2.5 0.5 1 0.445065 0.69844 -0.233047 6.24154e+09
2 1 1 0.554077 0.624047 -0.20964 6.45591e+09
2.5 1.5 1 0.508494 0.638169 -0.267432 4.18649e+09
-2.25 -1.25 1.25 0.771563 -0.260587 0.303736 1.255e+10
-2.25 -0.25 1.25 0.785341 -0.240295 0.239787 8.49081e+09
-2.25 0.75 1.25 0.7838 -0.225249 0.18131 4.84934e+09
-1.25 -1.25 1.25 0.767058 -0.145268 0.240571 9.95921e+09
-1.75 -0.75 1.25 0.781915 -0.195957 0.241032 9.68945e+09
-1.25 -0.25 1.25 0.774336 -0.134263 0.175796 6.98934e+09
-1.75 0.25 1.25 0.782645 -0.184391 0.180896 6.05354e+09
-1.25 0.75 1.25 0.767528 -0.132412 0.119624 4.15866e+09
-1.75 1.25 1.25 0.77264 -0.177407 0.126346 3.33078e+09
-0.25 -1.25 1.25 0.70791 -0.0131781 0.16581 6.98411e+09
-0.75 -0.75 1.25 0.752191 -0.0757508 0.169222 7.35256e+09
-0.25 -0.25 1.25 0.721996 -0.0128023 0.0954038 5.14917e+09
-0.75 0.25 1.25 0.752972 -0.0773844 0.108188 4.82937e+09
-0.25 0.75 1.25 0.721963 -0.026195 0.0388602 3.24908e+09
-0.75 1.25 1.25 0.743335 -0.0849525 0.0562447 2.79072e+09
0.75 -1.25 1.25 0.579894 0.125296 0.085706 4.43335e+09
0.25 -0.75 1.25 0.666416 0.0579914 0.0862575 5.00209e+09
0.75 -0.25 1.25 0.615562 0.118989 0.00580339 3.44502e+09
0.25 0.25 1.25 0.682024 0.042733 0.0203138 3.49345e+09
0.75 0.75 1.25 0.636769 0.0909228 -0.0543628 2.3234e+09
0.25 1.25 1.25 0.685015 0.0192827 -0.0309192 2.14929e+09
1.75 -1.25 1.25 0.384979 0.251337 0.0097443 2.61337e+09
1.25 -0.75 1.25 0.516508 0.194066 0.00108584 3.11801e+09
1.75 -0.25 1.25 0.452161 0.249959 -0.081383 2.12916e+09
1.25 0.25 1.25 0.560972 0.17039 -0.0732813 2.31591e+09
1.75 0.75 1.25 0.506282 0.21312 -0.148929 1.53206e+09
1.25 1.25 1.25 0.589541 0.132294 -0.12692 1.52489e+09
2.25 -0.75 1.25 0.310657 0.31436 -0.0735042 1.81922e+09
2.25 0.25 1.25 0.390665 0.294744 -0.159067 1.42582e+09
2.25 1.25 1.25 0.453515 0.248186 -0.219733 1.00198e+09
-2.5 -1 1.5 0.81398 0.305563 0.183577 8.28575e+10
-2.5 0 1.5 0.788321 0.33494 0.140848 4.69971e+10
-2.5 1 1.5 0.748668 0.369859 0.0997229 2.39311e+10
-2 -1.5 1.5 0.815758 0.340574 0.162432 1.02399e+11
-1.5 -1 1.5 0.800789 0.388643 0.0983949 8.08398e+10
-2 -0.5 1.5 0.802134 0.354332 0.123441 6.46596e+10
-1.5 0 1.5 0.781518 0.401376 0.063052 4.77611e+10
-2 0.5 1.5 0.771247 0.380992 0.0851342 3.49389e+10
-1.5 1 1.5 0.748685 0.422023 0.0290102 2.49857e+10
-2 1.5 1.5 0.729848 0.409651 0.0482825 1.73455e+10
-1 -1.5 1.5 0.7791 0.442073 0.0675092 8.97322e+10
-0.5 -1 1.5 0.748837 0.487702 5.13281e-05 6.73559e+10
-1 -0.5 1.5 0.775797 0.435739 0.0339498 5.98204e+10
-0.5 0 1.5 0.743927 0.477635 -0.0302425 4.21958e+10
-1 0.5 1.5 0.754791 0.443232 0.00258075 3.38225e+10
-0.5 1 1.5 0.72441 0.478166 -0.0578635 2.32119e+10
-1 1.5 1.5 0.722855 0.456567 -0.0275762 1.73462e+10
0 -1.5 1.5 0.692641 0.558089 -0.0340216 6.70825e+10
0.5 -1 1.5 0.647347 0.596052 -0.102205 4.83143e+10
0 -0.5 1.5 0.71063 0.528407 -0.0668689 4.77234e+10
0.5 0 1.5 0.668203 0.561505 -0.132603 3.24909e+10
0 0.5 1.5 0.70808 0.512206 -0.0938585 2.87529e+10
0.5 1 1.5 0.670392 0.539017 -0.156517 1.91157e+10
0 1.5 1.5 0.69221 0.505823 -0.11802 1.55664e+10
1 -1.5 1.5 0.545228 0.676015 -0.128321 4.36139e+10
1.5 -1 1.5 0.488059 0.701867 -0.19313 3.04455e+10
1 -0.5 1.5 0.597528 0.626271 -0.168544 3.31437e+10
1.5 0 1.5 0.546653 0.648057 -0.232344 2.20169e+10
1 0.5 1.5 0.624183 0.586439 -0.196624 2.15211e+10
1.5 1 1.5 0.580133 0.60382 -0.258389 1.39891e+10
1 1.5 1.5 0.632188 0.558596 -0.217744 1.24877e+10
2 -1.5 1.5 0.33282 0.775831 -0.195143 2.53195e+10
2.5 -1 1.5 0.270721 0.787552 -0.251608 1.73122e+10
2 -0.5 1.5 0.430624 0.719156 -0.25458 2.0435e+10
2.5 0 1.5 0.37542 0.728821 -0.312039 1.33763e+10
2 0.5 1.5 0.496652 0.662134 -0.293003 1.43176e+10
2.5 1 1.5 0.448391 0.669711 -0.350065 9.18015e+09
2 1.5 1.5 0.536829 0.614696 -0.317417 8.97571e+09
