449
-2.5 -1 -1.5 0.351279 0.26792 0.484875 7.09721e+10
-2.5 0 -1.5 0.370231 0.247446 0.460655 7.09806e+10
-2.5 1 -1.5 0.375505 0.224295 0.441153 6.87351e+10
-2 -1.5 -1.5 0.274696 0.40661 0.522166 9.68748e+10
-1.5 -1 -1.5 0.213216 0.521646 0.52353 1.40172e+11
-2 -0.5 -1.5 0.304379 0.381311 0.485565 9.78898e+10
-1.5 0 -1.5 0.247764 0.487287 0.482126 1.4181e+11
-2 0.5 -1.5 0.333304 0.350201 0.452406 9.75951e+10
-1.5 1 -1.5 0.301688 0.461149 0.432617 1.41667e+11
-2 1.5 -1.5 0.357219 0.329791 0.417865 9.43357e+10
-1 -1.5 -1.5 0.111614 0.615163 0.560663 1.94086e+11
-0.5 -1 -1.5 0.0646072 0.6939 0.543629 2.94927e+11
-1 -0.5 -1.5 0.157825 0.620232 0.515005 2.15491e+11
-0.5 0 -1.5 0.128612 0.705238 0.490092 3.29777e+11
-1 0.5 -1.5 0.212238 0.585983 0.462211 2.16165e+11
-0.5 1 -1.5 0.207742 0.680948 0.422442 3.09994e+11
-1 1.5 -1.5 0.29029 0.571061 0.396846 2.02726e+11
0 -1.5 -1.5 -0.0106212 0.663129 0.551694 2.45983e+11
0.5 -1 -1.5 -0.0223932 0.694939 0.51168 2.88829e+11
0 -0.5 -1.5 0.0459789 0.731956 0.511019 3.84265e+11
0.5 0 -1.5 0.0414416 0.75522 0.465384 4.22337e+11
0 0.5 -1.5 0.115035 0.755546 0.45091 4.39949e+11
0.5 1 -1.5 0.114351 0.78763 0.398732 4.92146e+11
0 1.5 -1.5 0.199513 0.76886 0.374693 4.5337e+11
1 -1.5 -1.5 -0.085114 0.658083 0.493478 1.99609e+11
1.5 -1 -1.5 -0.0784552 0.693063 0.444063 2.1392e+11
1 -0.5 -1.5 -0.0217521 0.725162 0.462712 3.12137e+11
1.5 0 -1.5 -0.00773331 0.755523 0.406416 3.16144e+11
1 0.5 -1.5 0.0494633 0.781438 0.409767 4.32198e+11
1.5 1 -1.5 0.0705515 0.802446 0.348747 4.12586e+11
1 1.5 -1.5 0.129663 0.810169 0.338339 4.9611e+11
2 -1.5 -1.5 -0.129702 0.663783 0.41377 1.41716e+11
2.5 -1 -1.5 -0.107429 0.697958 0.362753 1.41923e+11
2 -0.5 -1.5 -0.059881 0.726018 0.389668 2.15293e+11
2.5 0 -1.5 -0.0309724 0.751978 0.333831 2.02781e+11
2 0.5 -1.5 0.0177476 0.779551 0.347065 2.98945e+11
2.5 1 -1.5 0.052442 0.79374 0.28645 2.60614e+11
2 1.5 -1.5 0.102273 0.814713 0.284196 3.61114e+11
-2.25 -0.75 -1.25 0.112866 0.458348 0.588644 2.77191e+10
-2.25 0.25 -1.25 0.140785 0.472234 0.56559 2.88104e+10
-2.25 1.25 -1.25 0.165813 0.487858 0.538101 2.87574e+10
-1.75 -1.25 -1.25 0.0721196 0.534194 0.598776 3.87145e+10
-1.25 -0.75 -1.25 0.0844775 0.611679 0.572256 5.83844e+10
-1.75 -0.25 -1.25 0.11802 0.531366 0.567881 3.99149e+10
-1.25 0.25 -1.25 0.133716 0.599008 0.537021 5.85341e+10
-1.75 0.75 -1.25 0.153998 0.538987 0.537408 4.05354e+10
-1.25 1.25 -1.25 0.160796 0.618736 0.494512 5.798e+10
-0.75 -1.25 -1.25 0.0258908 0.655291 0.581898 7.53973e+10
-0.25 -0.75 -1.25 0.021042 0.709799 0.543458 9.78272e+10
-0.75 -0.25 -1.25 0.0634952 0.685119 0.547813 8.84412e+10
-0.25 0.25 -1.25 0.0758384 0.727192 0.498977 1.05502e+11
-0.75 0.75 -1.25 0.10087 0.677029 0.506312 8.63871e+10
-0.25 1.25 -1.25 0.151816 0.74569 0.436981 1.1303e+11
0.25 -1.25 -1.25 -0.0175326 0.701831 0.519768 8.28383e+10
0.75 -0.75 -1.25 -0.000529472 0.734314 0.464519 8.95735e+10
0.25 -0.25 -1.25 0.0474739 0.755063 0.485039 1.15328e+11
0.75 0.25 -1.25 0.0728239 0.785162 0.420033 1.20221e+11
0.25 0.75 -1.25 0.116762 0.777594 0.427044 1.25584e+11
0.75 1.25 -1.25 0.153573 0.81559 0.353725 1.37781e+11
1.25 -1.25 -1.25 -0.0483266 0.70751 0.429317 6.21806e+10
1.75 -0.75 -1.25 -0.0204649 0.741098 0.371415 6.34455e+10
1.25 -0.25 -1.25 0.0255366 0.766521 0.402764 9.17182e+10
1.75 0.25 -1.25 0.062848 0.795584 0.337985 8.94852e+10
1.25 0.75 -1.25 0.107971 0.814035 0.351195 1.2017e+11
1.75 1.25 -1.25 0.151569 0.830374 0.280993 1.09143e+11
2.25 -1.25 -1.25 -0.0640672 0.714168 0.329393 4.20013e+10
2.25 -0.25 -1.25 0.0186845 0.770292 0.311849 6.1364e+10
2.25 0.75 -1.25 0.108982 0.812839 0.27345 8.04395e+10
-2.5 -1.5 -1 0.228362 0.319614 0.528235 1.00528e+11
-2.5 -0.5 -1 0.254859 0.309204 0.501307 1.06903e+11
-2.5 0.5 -1 0.274946 0.303109 0.47933 1.09086e+11
-2.5 1.5 -1 0.280662 0.29217 0.458428 1.05747e+11
-1.5 -1.5 -1 0.0797868 0.54164 0.562091 1.79323e+11
-2 -1 -1 0.177419 0.430793 0.52689 1.40545e+11
-1.5 -0.5 -1 0.130169 0.53974 0.519327 1.97813e+11
-2 0 -1 0.218615 0.414847 0.492521 1.47074e+11
-1.5 0.5 -1 0.176126 0.513539 0.47925 2.05892e+11
-2 1 -1 0.24524 0.399025 0.46216 1.47487e+11
-1.5 1.5 -1 0.227026 0.502478 0.430676 2.04828e+11
-0.5 -1.5 -1 -0.169725 0.663298 0.589483 2.31023e+11
-1 -1 -1 0.0306312 0.63567 0.549376 2.50296e+11
-0.5 -0.5 -1 -0.0313244 0.721722 0.536537 3.61682e+11
-1 0 -1 0.0734109 0.638814 0.509263 2.84798e+11
-0.5 0.5 -1 0.031689 0.730575 0.487255 3.93282e+11
-1 1 -1 0.15056 0.611587 0.450393 2.93053e+11
-0.5 1.5 -1 0.155074 0.710684 0.402736 3.88578e+11
0.5 -1.5 -1 -0.270465 0.693567 0.53746 2.29202e+11
0 -1 -1 -0.188418 0.705824 0.554899 2.90567e+11
0.5 -0.5 -1 -0.196092 0.742893 0.508324 3.2891e+11
0 0 -1 -0.0977867 0.751331 0.50845 3.88705e+11
0.5 0.5 -1 -0.11169 0.78964 0.456442 4.115e+11
0 1 -1 -0.0211773 0.781741 0.447461 4.2553e+11
0.5 1.5 -1 -0.0236715 0.82829 0.388719 4.54853e+11
1.5 -1.5 -1 -0.324883 0.724434 0.452373 1.81441e+11
1 -1 -1 -0.266519 0.732211 0.487183 2.52874e+11
1.5 -0.5 -1 -0.253297 0.771329 0.429118 2.59693e+11
1 0 -1 -0.188956 0.781924 0.450239 3.43396e+11
1.5 0.5 -1 -0.166935 0.820832 0.385609 3.36872e+11
1 1 -1 -0.0974794 0.829883 0.39256 4.1633e+11
1.5 1.5 -1 -0.0761183 0.858022 0.323794 3.77604e+11
2.5 -1.5 -1 -0.351574 0.75635 0.356324 1.26205e+11
2 -1 -1 -0.307533 0.762525 0.396649 1.84646e+11
2.5 -0.5 -1 -0.280619 0.798145 0.338486 1.76461e+11
2 0 -1 -0.228251 0.808972 0.366947 2.50456e+11
2.5 0.5 -1 -0.199987 0.836384 0.304768 2.2127e+11
2 1 -1 -0.141307 0.848503 0.319375 2.99588e+11
2.5 1.5 -1 -0.114066 0.86523 0.252613 2.4208e+11
-2.25 -1.25 -0.75 0.243228 0.442278 0.529283 3.23281e+10
-2.25 -0.25 -0.75 0.255748 0.432204 0.510873 3.49074e+10
-2.25 0.75 -0.75 0.269812 0.436224 0.490081 3.66016e+10
-1.25 -1.25 -0.75 0.140498 0.613631 0.523859 5.63814e+10
-1.75 -0.75 -0.75 0.221467 0.533825 0.50869 4.52186e+10
-1.25 -0.25 -0.75 0.222082 0.622195 0.475112 6.37943e+10
-1.75 0.25 -0.75 0.263483 0.514991 0.478952 4.88119e+10
-1.25 0.75 -0.75 0.28909 0.587164 0.431628 6.56182e+10
-1.75 1.25 -0.75 0.299628 0.500551 0.444521 4.876e+10
-0.25 -1.25 -0.75 0.137248 0.669759 0.496826 3.69019e+10
-0.75 -0.75 -0.75 0.140067 0.690564 0.489406 7.46608e+10
-0.25 -0.25 -0.75 0.184754 0.712708 0.444117 4.98054e+10
-0.75 0.25 -0.75 0.189529 0.696631 0.443087 8.41854e+10
-0.25 0.75 -0.75 0.242239 0.719779 0.386304 5.45255e+10
-0.75 1.25 -0.75 0.26668 0.671448 0.387141 8.66798e+10
0.75 -1.25 -0.75 0.151083 0.64993 0.464834 2.89028e+10
0.25 -0.75 -0.75 0.172917 0.694772 0.463585 4.14628e+10
0.75 -0.25 -0.75 0.218154 0.716241 0.423134 4.30029e+10
0.25 0.25 -0.75 0.238262 0.738072 0.401589 5.44642e+10
0.75 0.75 -0.75 0.283794 0.755578 0.351547 5.47254e+10
0.25 1.25 -0.75 0.306229 0.740753 0.323104 5.79188e+10
1.75 -1.25 -0.75 0.133093 0.636106 0.402388 2.03776e+10
1.25 -0.75 -0.75 0.178882 0.678276 0.42319 3.05118e+10
1.75 -0.25 -0.75 0.210858 0.705387 0.373841 3.0697e+10
1.25 0.25 -0.75 0.250758 0.738849 0.373678 4.35548e+10
1.75 0.75 -0.75 0.29735 0.752291 0.321349 4.135e+10
1.25 1.25 -0.75 0.335917 0.764801 0.300078 5.25652e+10
2.25 -0.75 -0.75 0.165887 0.668341 0.355175 2.05113e+10
2.25 0.25 -0.75 0.255475 0.724832 0.322827 2.91498e+10
2.25 1.25 -0.75 0.34715 0.757811 0.265412 3.64942e+10
-2.5 -1 -0.5 0.203782 0.355244 0.511359 1.19372e+11
-2.5 0 -0.5 0.22236 0.348635 0.490741 1.30405e+11
-2.5 1 -0.5 0.238221 0.345871 0.469777 1.34607e+11
-2 -1.5 -0.5 0.140095 0.469613 0.53004 1.34315e+11
-1.5 -1 -0.5 0.0847716 0.562921 0.520844 1.84232e+11
-2 -0.5 -0.5 0.157775 0.456499 0.502619 1.62136e+11
-1.5 0 -0.5 0.124202 0.56551 0.486509 2.21292e+11
-2 0.5 -0.5 0.198152 0.452813 0.472184 1.76557e+11
-1.5 1 -0.5 0.174678 0.54401 0.445498 2.30001e+11
-2 1.5 -0.5 0.222347 0.43711 0.440389 1.74722e+11
-1 -1.5 -0.5 0.00980598 0.666481 0.545964 1.55863e+11
-0.5 -1 -0.5 -0.0714215 0.702261 0.533007 1.74949e+11
-1 -0.5 -0.5 0.0529256 0.663643 0.502112 2.46439e+11
-0.5 0 -0.5 0.0621521 0.728016 0.472602 2.55218e+11
-1 0.5 -0.5 0.102068 0.653944 0.459364 2.7585e+11
-0.5 1 -0.5 0.133987 0.722303 0.414922 2.7872e+11
-1 1.5 -0.5 0.183637 0.631827 0.398127 2.8621e+11
0 -1.5 -0.5 -0.162339 0.690168 0.541037 1.26262e+11
0.5 -1 -0.5 -0.152861 0.72827 0.502697 1.4097e+11
0 -0.5 -0.5 -0.0743602 0.738296 0.494345 1.84887e+11
0.5 0 -0.5 -0.0661868 0.775311 0.451004 1.91961e+11
0 0.5 -0.5 0.02481 0.769876 0.433504 2.39358e+11
0.5 1 -0.5 0.0225512 0.812576 0.384453 2.42039e+11
0 1.5 -0.5 0.0848141 0.788826 0.372836 2.7726e+11
1 -1.5 -0.5 -0.224117 0.712913 0.494469 1.05208e+11
1.5 -1 -0.5 -0.208417 0.750438 0.446746 1.11731e+11
1 -0.5 -0.5 -0.140739 0.763983 0.457408 1.507e+11
1.5 0 -0.5 -0.11972 0.80052 0.403099 1.5262e+11
1 0.5 -0.5 -0.0507655 0.811594 0.399177 1.96673e+11
1.5 1 -0.5 -0.0207092 0.839477 0.341368 1.84368e+11
1 1.5 -0.5 0.0488305 0.840516 0.326072 2.2306e+11
2 -1.5 -0.5 -0.266841 0.739973 0.421544 7.91986e+10
2.5 -1 -0.5 -0.239952 0.776787 0.368968 7.86449e+10
2 -0.5 -0.5 -0.183922 0.787747 0.392292 1.1189e+11
2.5 0 -0.5 -0.151033 0.81863 0.335667 1.04008e+11
2 0.5 -0.5 -0.0881903 0.83029 0.345001 1.42579e+11
2.5 1 -0.5 -0.0550537 0.849581 0.284952 1.21597e+11
2 1.5 -0.5 0.0115856 0.857262 0.279425 1.57729e+11
-2.25 -0.75 -0.25 0.357278 0.4201 0.452029 3.50638e+10
-2.25 0.25 -0.25 0.371101 0.400451 0.431989 3.83121e+10
-2.25 1.25 -0.25 0.386247 0.376374 0.407291 3.85273e+10
-1.75 -1.25 -0.25 0.315727 0.53281 0.4543 4.03368e+10
-1.25 -0.75 -0.25 0.25702 0.613263 0.436294 5.09309e+10
-1.75 -0.25 -0.25 0.344497 0.511134 0.4204 4.60429e+10
-1.25 0.25 -0.25 0.334762 0.578359 0.383962 5.68496e+10
-1.75 0.75 -0.25 0.377159 0.480624 0.389765 5.00203e+10
-1.25 1.25 -0.25 0.413353 0.533272 0.332921 6.03065e+10
-0.75 -1.25 -0.25 0.213002 0.675186 0.455832 2.80851e+10
-0.25 -0.75 -0.25 0.256479 0.676195 0.423825 2.86699e+10
-0.75 -0.25 -0.25 0.235821 0.684737 0.409739 5.93496e+10
-0.25 0.25 -0.25 0.29492 0.682431 0.360628 3.51691e+10
-0.75 0.75 -0.25 0.290013 0.661241 0.358226 6.50033e+10
-0.25 1.25 -0.25 0.343051 0.680041 0.300456 3.96897e+10
0.25 -1.25 -0.25 0.22177 0.642555 0.462321 2.01763e+10
0.75 -0.75 -0.25 0.256322 0.649828 0.439856 2.08505e+10
0.25 -0.25 -0.25 0.27779 0.70908 0.399284 3.03085e+10
0.75 0.25 -0.25 0.332397 0.699449 0.368504 2.82914e+10
0.25 0.75 -0.25 0.358219 0.710885 0.319713 3.57073e+10
0.75 1.25 -0.25 0.413459 0.721781 0.278241 3.48905e+10
1.25 -1.25 -0.25 0.218048 0.590099 0.464219 1.41867e+10
1.75 -0.75 -0.25 0.249131 0.618399 0.434744 1.46614e+10
1.25 -0.25 -0.25 0.298674 0.662538 0.414329 2.11307e+10
1.75 0.25 -0.25 0.339023 0.68283 0.378274 2.10133e+10
1.25 0.75 -0.25 0.382143 0.71089 0.33476 2.81931e+10
1.75 1.25 -0.25 0.436958 0.708979 0.296895 2.58008e+10
2.25 -1.25 -0.25 0.190906 0.580448 0.431194 9.88772e+09
2.25 -0.25 -0.25 0.287371 0.648713 0.396015 1.45974e+10
2.25 0.75 -0.25 0.388345 0.693063 0.337545 1.94872e+10
-2.5 -1.5 0 0.176842 0.377286 0.507137 1.01921e+11
-2.5 -0.5 0 0.198772 0.385911 0.486368 1.2263e+11
-2.5 0.5 0 0.212329 0.380113 0.467899 1.35251e+11
-2.5 1.5 0 0.234504 0.381058 0.443475 1.38683e+11
-1.5 -1.5 0 0.0881702 0.593975 0.508502 1.13768e+11
-2 -1 0 0.147986 0.49062 0.493391 1.30533e+11
-1.5 -0.5 0 0.117723 0.577729 0.473081 1.62107e+11
-2 0 0 0.166389 0.48249 0.468154 1.58471e+11
-1.5 0.5 0 0.153139 0.572951 0.439984 1.96428e+11
-2 1 0 0.19923 0.471903 0.43887 1.7316e+11
-1.5 1.5 0 0.20107 0.549514 0.397433 2.02268e+11
-0.5 -1.5 0 -0.0641288 0.687268 0.517493 7.38355e+10
-1 -1 0 0.0796305 0.677108 0.491954 1.22906e+11
-0.5 -0.5 0 0.00670928 0.721469 0.477793 1.23602e+11
-1 0 0 0.108522 0.656394 0.446181 1.84992e+11
-0.5 0.5 0 0.149869 0.717432 0.409434 1.72186e+11
-1 1 0 0.158211 0.630004 0.401664 2.04188e+11
-0.5 1.5 0 0.222532 0.701594 0.347615 1.90716e+11
0.5 -1.5 0 -0.132907 0.714374 0.50477 6.17008e+10
0 -1 0 -0.0627973 0.737793 0.489515 8.85737e+10
0.5 -0.5 0 -0.0409698 0.765953 0.451249 8.96138e+10
0 0 0 0.0250572 0.766215 0.4319 1.2159e+11
0.5 0.5 0 0.04976 0.79884 0.385597 1.16729e+11
0 1 0 0.128456 0.77446 0.362761 1.4851e+11
0.5 1.5 0 0.147947 0.823181 0.308065 1.44813e+11
1.5 -1.5 0 -0.177472 0.729464 0.470967 4.83162e+10
1 -1 0 -0.110154 0.747156 0.468662 6.58875e+10
1.5 -0.5 0 -0.0844055 0.780073 0.426104 6.79588e+10
1 0 0 -0.0155118 0.794616 0.409587 8.96488e+10
1.5 0.5 0 0.0207281 0.824742 0.360858 8.83124e+10
1 1 0 0.0870433 0.831339 0.334777 1.13817e+11
1.5 1.5 0 0.13054 0.843939 0.281135 9.86501e+10
2.5 -1.5 0 -0.209328 0.755186 0.411065 3.5506e+10
2 -1 0 -0.150433 0.766102 0.426281 4.99984e+10
2.5 -0.5 0 -0.114373 0.800722 0.375837 4.88702e+10
2 0 0 -0.0486071 0.81274 0.376132 6.69431e+10
2.5 0.5 0 -0.00829418 0.835001 0.323552 6.03352e+10
2 1 0 0.0617286 0.8422 0.308891 7.88824e+10
2.5 1.5 0 0.102599 0.850732 0.252795 6.50389e+10
-2.25 -1.25 0.25 0.422114 0.400728 0.408242 2.82343e+10
-2.25 -0.25 0.25 0.445003 0.383996 0.381005 3.35196e+10
-2.25 0.75 0.25 0.467047 0.331939 0.354468 3.5526e+10
-1.25 -1.25 0.25 0.287157 0.624458 0.417927 3.11322e+10
-1.75 -0.75 0.25 0.412387 0.49053 0.378815 3.49439e+10
-1.25 -0.25 0.25 0.349642 0.572719 0.363225 3.89461e+10
-1.75 0.25 0.25 0.433142 0.458506 0.34576 4.01781e+10
-1.25 0.75 0.25 0.401153 0.512156 0.315364 4.4178e+10
-1.75 1.25 0.25 0.470009 0.40963 0.308774 4.21273e+10
-0.25 -1.25 0.25 0.28007 0.630244 0.440365 1.35066e+10
-0.75 -0.75 0.25 0.31826 0.664378 0.3855 2.13735e+10
-0.25 -0.25 0.25 0.346829 0.65515 0.360236 1.95057e+10
-0.75 0.25 0.25 0.353647 0.645108 0.331899 4.25723e+10
-0.25 0.75 0.25 0.389126 0.636257 0.288531 2.30576e+10
-0.75 1.25 0.25 0.409598 0.591213 0.274662 4.49698e+10
0.75 -1.25 0.25 0.268329 0.585931 0.481483 9.74091e+09
0.25 -0.75 0.25 0.31572 0.657506 0.42316 1.49877e+10
0.75 -0.25 0.25 0.349365 0.657572 0.407249 1.44099e+10
0.25 0.25 0.25 0.390495 0.683393 0.338129 1.99986e+10
0.75 0.75 0.25 0.440712 0.677785 0.311996 1.79102e+10
0.25 1.25 0.25 0.467345 0.651192 0.243696 2.14443e+10
1.75 -1.25 0.25 0.230088 0.54816 0.506324 6.95205e+09
1.25 -0.75 0.25 0.298997 0.597577 0.468514 1.00005e+10
1.75 -0.25 0.25 0.336239 0.618186 0.448321 1.01398e+10
1.25 0.25 0.25 0.394189 0.657268 0.387881 1.38954e+10
1.75 0.75 0.25 0.446085 0.664038 0.361965 1.35942e+10
1.25 1.25 0.25 0.501288 0.675332 0.284703 1.73187e+10
2.25 -0.75 0.25 0.266107 0.585428 0.479497 7.15536e+09
2.25 0.25 0.25 0.38199 0.640754 0.417333 1.00287e+10
2.25 1.25 0.25 0.497739 0.663544 0.327576 1.2371e+10
-2.5 -1 0.5 0.191161 0.398975 0.47396 9.08876e+10
-2.5 0 0.5 0.202247 0.401351 0.456389 1.10242e+11
-2.5 1 0.5 0.223537 0.401143 0.435292 1.21293e+11
-2 -1.5 0.5 0.144141 0.49281 0.480334 7.77606e+10
-1.5 -1 0.5 0.122587 0.581801 0.462726 8.82363e+10
-2 -0.5 0.5 0.169614 0.494739 0.453368 1.09045e+11
-1.5 0 0.5 0.160381 0.575964 0.426697 1.22856e+11
-2 0.5 0.5 0.18069 0.48584 0.43128 1.31348e+11
-1.5 1 0.5 0.175801 0.548063 0.398236 1.46865e+11
-2 1.5 0.5 0.217022 0.477337 0.39918 1.42278e+11
-1 -1.5 0.5 -0.0018598 0.662941 0.503561 5.30383e+10
-0.5 -1 0.5 0.00745449 0.712947 0.470677 5.36631e+10
-1 -0.5 0.5 0.142715 0.67146 0.44276 8.91464e+10
-0.5 0 0.5 0.0742883 0.72881 0.426787 8.38967e+10
-1 0.5 0.5 0.171061 0.650342 0.394805 1.30405e+11
-0.5 1 0.5 0.226867 0.697496 0.353761 1.11248e+11
-1 1.5 0.5 0.222255 0.600456 0.34531 1.38757e+11
0 -1.5 0.5 -0.0665131 0.713191 0.494235 3.68534e+10
0.5 -1 0.5 -0.0359331 0.75914 0.461851 4.19399e+10
0 -0.5 0.5 0.0214332 0.768719 0.438214 6.01824e+10
0.5 0 0.5 0.060433 0.79443 0.396475 5.7258e+10
0 0.5 0.5 0.113323 0.774965 0.373224 7.60158e+10
0.5 1 0.5 0.159781 0.810865 0.319601 7.01303e+10
0 1.5 0.5 0.210428 0.7638 0.302154 8.82681e+10
1 -1.5 0.5 -0.100202 0.734237 0.485945 2.96853e+10
1.5 -1 0.5 -0.0661013 0.764708 0.451723 3.09913e+10
1 -0.5 0.5 -0.000257058 0.783832 0.426339 4.19422e+10
1.5 0 0.5 0.0428632 0.809437 0.385533 4.13695e+10
1 0.5 0.5 0.106423 0.818739 0.351555 5.44286e+10
1.5 1 0.5 0.16548 0.83586 0.303141 5.07637e+10
1 1.5 0.5 0.226778 0.831245 0.263077 6.45842e+10
2 -1.5 0.5 -0.13175 0.747907 0.462276 2.28502e+10
2.5 -1 0.5 -0.0924817 0.783229 0.419337 2.31955e+10
2 -0.5 0.5 -0.0257639 0.795641 0.410545 3.13495e+10
2.5 0 0.5 0.0221986 0.821825 0.363841 3.00315e+10
2 0.5 0.5 0.0949808 0.830521 0.339725 3.94136e+10
2.5 1 0.5 0.14444 0.839487 0.29093 3.42462e+10
2 1.5 0.5 0.219588 0.837319 0.252425 4.28293e+10
-2.25 -0.75 0.75 0.488103 0.360649 0.349806 2.3808e+10
-2.25 0.25 0.75 0.507414 0.309411 0.318774 2.75687e+10
-2.25 1.25 0.75 0.51584 0.2618 0.294218 2.90398e+10
-1.75 -1.25 0.75 0.402591 0.487766 0.37447 2.06115e+10
-1.25 -0.75 0.75 0.383821 0.589236 0.355034 2.30792e+10
-1.75 -0.25 0.75 0.477405 0.435453 0.320101 2.70825e+10
-1.25 0.25 0.75 0.437742 0.523973 0.300412 2.84502e+10
-1.75 0.75 0.75 0.513515 0.347933 0.278615 2.98355e+10
-1.25 1.25 0.75 0.477012 0.43331 0.255415 3.03938e+10
-0.75 -1.25 0.75 0.356268 0.613781 0.399371 1.00365e+10
-0.25 -0.75 0.75 0.357493 0.631076 0.396585 9.67422e+09
-0.75 -0.25 0.75 0.412618 0.624674 0.324953 1.48542e+10
-0.25 0.25 0.75 0.434945 0.623739 0.303937 1.30214e+10
-0.75 0.75 0.75 0.456883 0.587642 0.264603 2.79156e+10
-0.25 1.25 0.75 0.503432 0.555308 0.216402 1.39285e+10
0.25 -1.25 0.75 0.309696 0.581437 0.474183 6.26076e+09
0.75 -0.75 0.75 0.338186 0.610775 0.465506 6.95524e+09
0.25 -0.25 0.75 0.395116 0.653276 0.382837 1.01152e+10
0.75 0.25 0.75 0.436071 0.651257 0.368534 9.37722e+09
0.25 0.75 0.75 0.480061 0.641852 0.279776 1.20233e+10
0.75 1.25 0.75 0.540243 0.637462 0.250162 1.07377e+10
1.25 -1.25 0.75 0.257214 0.550978 0.533981 4.74307e+09
1.75 -0.75 0.75 0.290109 0.575237 0.519129 4.90792e+09
1.25 -0.25 0.75 0.371174 0.618204 0.453705 6.83746e+09
1.75 0.25 0.75 0.415887 0.628127 0.432999 6.75114e+09
1.25 0.75 0.75 0.486386 0.650221 0.346748 8.85845e+09
1.75 1.25 0.75 0.546478 0.639899 0.319929 8.42632e+09
2.25 -1.25 0.75 0.20386 0.546583 0.555353 3.52655e+09
2.25 -0.25 0.75 0.334748 0.602395 0.494485 4.99916e+09
2.25 0.75 0.75 0.470063 0.634017 0.404957 6.57389e+09
-2.5 -1.5 1 0.208258 0.410935 0.45953 5.40669e+10
-2.5 -0.5 1 0.204219 0.40652 0.442603 7.30789e+10
-2.5 0.5 1 0.215151 0.401629 0.424228 8.80763e+10
-2.5 1.5 1 0.235076 0.411228 0.402811 9.51329e+10
-1.5 -1.5 1 0.139377 0.614087 0.468728 3.99684e+10
-2 -1 1 0.177466 0.487428 0.441803 5.9931e+10
-1.5 -0.5 1 0.168089 0.568769 0.421912 6.3804e+10
-2 0 1 0.190555 0.48822 0.418016 8.17507e+10
-1.5 0.5 1 0.18845 0.567529 0.39116 8.38893e+10
-2 1 1 0.2137 0.474672 0.390714 9.66412e+10
-1.5 1.5 1 0.211455 0.532202 0.357177 9.83621e+10
-0.5 -1.5 1 -0.0296696 0.704895 0.485749 2.42802e+10
-1 -1 1 0.048309 0.669939 0.465051 3.84655e+10
-0.5 -0.5 1 0.0686532 0.725467 0.429627 3.67151e+10
-1 0 1 0.201748 0.656168 0.400202 6.10481e+10
-0.5 0.5 1 0.132574 0.730177 0.383708 5.46828e+10
-1 1 1 0.189462 0.654666 0.369165 8.29519e+10
-0.5 1.5 1 0.222304 0.712245 0.320749 6.11659e+10
0.5 -1.5 1 -0.0529324 0.73877 0.482119 1.81768e+10
0 -1 1 0.00299224 0.748552 0.454452 2.57261e+10
0.5 -0.5 1 0.0516813 0.792487 0.416758 2.77729e+10
0 0 1 0.0974912 0.786161 0.390904 3.88652e+10
0.5 0.5 1 0.15802 0.80953 0.341488 3.49095e+10
0 1 1 0.197096 0.777588 0.319655 4.62364e+10
0.5 1.5 1 0.280269 0.803645 0.253369 4.03002e+10
1.5 -1.5 1 -0.0663206 0.754938 0.478003 1.45748e+10
1 -1 1 -0.00373624 0.777651 0.448687 2.00005e+10
1.5 -0.5 1 0.0466289 0.800321 0.412948 1.99428e+10
1 0 1 0.10744 0.812723 0.376056 2.65392e+10
1.5 0.5 1 0.174885 0.827938 0.33032 2.51744e+10
1 1 1 0.234587 0.825678 0.28723 3.21319e+10
1.5 1.5 1 0.314022 0.822704 0.232022 2.83383e+10
2.5 -1.5 1 -0.0850085 0.769253 0.458947 1.12234e+10
2 -1 1 -0.0193982 0.783738 0.443191 1.50346e+10
2.5 -0.5 1 0.0342535 0.809747 0.402082 1.49453e+10
2 0 1 0.106025 0.820152 0.371516 1.94909e+10
2.5 0.5 1 0.167122 0.830756 0.327069 1.8051e+10
2 1 1 0.244213 0.830693 0.283046 2.28026e+10
2.5 1.5 1 0.304153 0.821378 0.233855 1.89861e+10
-2.25 -1.25 1.25 0.517537 0.340798 0.341134 1.43094e+10
-2.25 -0.25 1.25 0.535702 0.297028 0.301808 1.79407e+10
-2.25 0.75 1.25 0.554099 0.233441 0.270143 2.03266e+10
-1.25 -1.25 1.25 0.434137 0.583328 0.360247 7.58519e+09
-1.75 -0.75 1.25 0.472659 0.442868 0.324799 1.51517e+10
-1.25 -0.25 1.25 0.4705 0.536633 0.302461 1.58914e+10
-1.75 0.25 1.25 0.511935 0.365274 0.274169 1.89191e+10
-1.25 0.75 1.25 0.497155 0.453085 0.247908 1.78428e+10
-1.75 1.25 1.25 0.544637 0.276486 0.23228 2.04942e+10
-0.25 -1.25 1.25 0.361477 0.583972 0.451167 4.42088e+09
-0.75 -0.75 1.25 0.432876 0.591566 0.355555 7.02119e+09
-0.25 -0.25 1.25 0.432485 0.608723 0.357308 6.34652e+09
-0.75 0.25 1.25 0.496652 0.552179 0.275195 9.33735e+09
-0.25 0.75 1.25 0.52139 0.559894 0.259047 7.79545e+09
-0.75 1.25 1.25 0.559712 0.511221 0.20919 1.08307e+10
0.75 -1.25 1.25 0.273344 0.559923 0.540182 3.03667e+09
0.25 -0.75 1.25 0.365536 0.599481 0.452674 4.32267e+09
0.75 -0.25 1.25 0.403141 0.622893 0.443324 4.61082e+09
0.25 0.25 1.25 0.477729 0.626253 0.345886 6.19571e+09
0.75 0.75 1.25 0.516958 0.634141 0.321379 5.73114e+09
0.25 1.25 1.25 0.575437 0.592063 0.224011 7.1363e+09
1.75 -1.25 1.25 0.21108 0.556623 0.583595 2.41225e+09
1.25 -0.75 1.25 0.311659 0.590774 0.525831 3.32894e+09
1.75 -0.25 1.25 0.352214 0.608851 0.503731 3.37612e+09
1.25 0.25 1.25 0.442318 0.632535 0.422028 4.49597e+09
1.75 0.75 1.25 0.497636 0.629312 0.39368 4.34674e+09
1.25 1.25 1.25 0.577977 0.62009 0.288987 5.30829e+09
2.25 -0.75 1.25 0.257089 0.585732 0.559116 2.51448e+09
2.25 0.25 1.25 0.407242 0.618414 0.47557 3.37222e+09
2.25 1.25 1.25 0.558433 0.616914 0.359938 4.15032e+09
-2.5 -1 1.5 0.21979 0.411249 0.432598 4.13029e+10
-2.5 0 1.5 0.216339 0.397667 0.414629 5.35852e+10
-2.5 1 1.5 0.226949 0.4029 0.39706 6.27046e+10
-2 -1.5 1.5 0.173681 0.525429 0.445624 2.99535e+10
-1.5 -1 1.5 0.17958 0.602409 0.436786 2.88252e+10
-2 -0.5 1.5 0.205936 0.486624 0.41142 4.30752e+10
-1.5 0 1.5 0.208545 0.570151 0.390753 4.44536e+10
-2 0.5 1.5 0.203897 0.463218 0.390037 5.65457e+10
-1.5 1 1.5 0.240045 0.551703 0.351066 5.4688e+10
-2 1.5 1.5 0.237289 0.471691 0.359444 6.4472e+10
-1 -1.5 1.5 0.00617575 0.651003 0.47996 1.5065e+10
-0.5 -1 1.5 0.0226481 0.728531 0.452357 1.68554e+10
-1 -0.5 1.5 0.0926661 0.674051 0.432608 2.64271e+10
-0.5 0 1.5 0.1212 0.727901 0.396254 2.3515e+10
-1 0.5 1.5 0.248556 0.634383 0.36844 3.88686e+10
-0.5 1 1.5 0.21922 0.70849 0.335619 3.01186e+10
-1 1.5 1.5 0.293221 0.595694 0.318812 4.2842e+10
0 -1.5 1.5 -0.031043 0.737882 0.478634 1.15333e+10
0.5 -1 1.5 0.0209954 0.778102 0.445004 1.2358e+10
0 -0.5 1.5 0.067656 0.772305 0.417845 1.68848e+10
0.5 0 1.5 0.141958 0.811051 0.372454 1.71501e+10
0 0.5 1.5 0.182134 0.788238 0.3478 2.25957e+10
0.5 1 1.5 0.270891 0.811645 0.282873 2.06142e+10
0 1.5 1.5 0.300295 0.774373 0.262835 2.69936e+10
1 -1.5 1.5 -0.0297132 0.76493 0.475236 9.13083e+09
1.5 -1 1.5 0.0350864 0.79556 0.44025 9.79735e+09
1 -0.5 1.5 0.0926448 0.809778 0.405179 1.30088e+10
1.5 0 1.5 0.166274 0.824326 0.360411 1.2651e+10
1 0.5 1.5 0.224693 0.825841 0.318369 1.61503e+10
1.5 1 1.5 0.313996 0.821368 0.263281 1.47097e+10
1 1.5 1.5 0.369909 0.803535 0.216617 1.78789e+10
2 -1.5 1.5 -0.0274862 0.776595 0.471242 7.37764e+09
2.5 -1 1.5 0.0317389 0.801147 0.434417 7.53662e+09
2 -0.5 1.5 0.100385 0.81403 0.401383 9.80166e+09
2.5 0 1.5 0.169483 0.823962 0.35941 9.43579e+09
2 0.5 1.5 0.244693 0.826392 0.313788 1.1892e+10
2.5 1 1.5 0.317652 0.816121 0.266502 1.05785e+10
2 1.5 1.5 0.397676 0.800221 0.207671 1.27611e+10
