449
-2.5 -1 -1.5 0.0209365 -0.184981 0.277263 1.98494e+09
-2.5 0 -1.5 0.0344181 -0.118489 0.256787 1.18752e+09
-2.5 1 -1.5 0.0407824 -0.0685652 0.234663 7.17051e+08
-2 -1.5 -1.5 -0.0059103 -0.191776 0.321331 3.00198e+09
-1.5 -1 -1.5 -0.0193273 -0.118569 0.344942 2.67518e+09
-2 -0.5 -1.5 0.0101358 -0.116707 0.30135 1.7892e+09
-1.5 0 -1.5 -0.00675042 -0.0537336 0.322888 1.60916e+09
-2 0.5 -1.5 0.0190595 -0.0602247 0.279153 1.07817e+09
-1.5 1 -1.5 -0.00058173 -0.0109445 0.298576 9.84992e+08
-2 1.5 -1.5 0.0220754 -0.0232882 0.254986 6.59997e+08
-1 -1.5 -1.5 -0.0555246 -0.126208 0.387044 3.96364e+09
-0.5 -1 -1.5 -0.0765928 -0.0519504 0.406502 3.48034e+09
-1 -0.5 -1.5 -0.0380435 -0.0503 0.365519 2.37988e+09
-0.5 0 -1.5 -0.0593184 0.00917021 0.382657 2.13525e+09
-1 0.5 -1.5 -0.0272553 0.000204284 0.341252 1.45783e+09
-0.5 1 -1.5 -0.0485917 0.0416582 0.355878 1.34228e+09
-1 1.5 -1.5 -0.0217828 0.0261839 0.314263 9.13033e+08
0 -1.5 -1.5 -0.124592 -0.0621531 0.444937 5.02035e+09
0.5 -1 -1.5 -0.14768 0.0124146 0.458969 4.3857e+09
0 -0.5 -1.5 -0.0986192 0.0142503 0.422223 3.08615e+09
0.5 0 -1.5 -0.118629 0.068219 0.434193 2.7929e+09
0 0.5 -1.5 -0.0802973 0.0560628 0.396053 1.95074e+09
0.5 1 -1.5 -0.0972562 0.0877625 0.405274 1.82865e+09
0 1.5 -1.5 -0.0671034 0.0683671 0.36609 1.26511e+09
1 -1.5 -1.5 -0.209755 -0.00201511 0.491164 6.10339e+09
1.5 -1 -1.5 -0.226565 0.0749535 0.499227 5.36432e+09
1 -0.5 -1.5 -0.166129 0.0759544 0.469238 3.92073e+09
1.5 0 -1.5 -0.176002 0.124548 0.475932 3.61951e+09
1 0.5 -1.5 -0.132835 0.10683 0.442263 2.60081e+09
1.5 1 -1.5 -0.137423 0.12947 0.446319 2.5061e+09
1 1.5 -1.5 -0.10626 0.103967 0.409967 1.7681e+09
2 -1.5 -1.5 -0.304971 0.0558731 0.520633 7.10704e+09
2.5 -1 -1.5 -0.301213 0.143975 0.5227 6.35262e+09
2 -0.5 -1.5 -0.230241 0.138723 0.504124 4.89097e+09
2.5 0 -1.5 -0.217221 0.186507 0.506441 4.66053e+09
2 0.5 -1.5 -0.173665 0.156924 0.479232 3.47195e+09
2.5 1 -1.5 -0.156924 0.173665 0.479232 3.47195e+09
2 1.5 -1.5 -0.12947 0.137423 0.446319 2.5061e+09
-2.25 -0.75 -1.25 0.556175 -0.578994 0.239078 1.14286e+09
-2.25 0.25 -1.25 0.557537 -0.561064 0.221517 6.60209e+08
-2.25 1.25 -1.25 0.555689 -0.547959 0.202222 3.86226e+08
-1.75 -1.25 -1.25 0.548966 -0.564075 0.296343 1.72575e+09
-1.25 -0.75 -1.25 0.540234 -0.528684 0.335235 1.4825e+09
-1.75 -0.25 -1.25 0.550144 -0.546179 0.277862 9.93042e+08
-1.25 0.25 -1.25 0.537859 -0.515916 0.313767 8.61092e+08
-1.75 0.75 -1.25 0.547933 -0.533152 0.25755 5.78584e+08
-1.25 1.25 -1.25 0.533827 -0.509935 0.288829 5.12625e+08
-0.75 -1.25 -1.25 0.527362 -0.508274 0.393529 2.19061e+09
-0.25 -0.75 -1.25 0.509269 -0.473181 0.428639 1.85312e+09
-0.75 -0.25 -1.25 0.525125 -0.496013 0.370835 1.2706e+09
-0.25 0.25 -1.25 0.505511 -0.468659 0.40128 1.10221e+09
-0.75 0.75 -1.25 0.521037 -0.49068 0.344723 7.55338e+08
-0.25 1.25 -1.25 0.50195 -0.473893 0.368561 6.79798e+08
0.25 -1.25 -1.25 0.489646 -0.447134 0.486886 2.65845e+09
0.75 -0.75 -1.25 0.464327 -0.415274 0.515734 2.24384e+09
0.25 -0.25 -1.25 0.486813 -0.443619 0.458381 1.5873e+09
0.75 0.25 -1.25 0.462226 -0.424321 0.480969 1.40071e+09
0.25 0.75 -1.25 0.483682 -0.450637 0.424571 9.82913e+08
0.75 1.25 -1.25 0.463413 -0.444239 0.439086 9.12687e+08
1.25 -1.25 -1.25 0.437133 -0.383381 0.57263 3.08682e+09
1.75 -0.75 -1.25 0.407207 -0.361401 0.593459 2.65066e+09
1.25 -0.25 -1.25 0.437014 -0.394663 0.537484 1.95577e+09
1.75 0.25 -1.25 0.411941 -0.388038 0.550888 1.78906e+09
1.25 0.75 -1.25 0.439522 -0.417821 0.494959 1.29172e+09
1.75 1.25 -1.25 0.423541 -0.423541 0.49969 1.25599e+09
2.25 -1.25 -1.25 0.371647 -0.324927 0.647443 3.43762e+09
2.25 -0.25 -1.25 0.379918 -0.35456 0.606303 2.40108e+09
2.25 0.75 -1.25 0.394426 -0.394426 0.555421 1.73471e+09
-2.5 -1.5 -1 -0.116942 -0.178879 0.277941 5.07168e+09
-2.5 -0.5 -1 -0.0967281 -0.0949302 0.259432 2.99807e+09
-2.5 0.5 -1 -0.0834357 -0.0261673 0.238586 1.78453e+09
-2.5 1.5 -1 -0.0763076 0.0254404 0.21573 1.07587e+09
-1.5 -1.5 -1 -0.146825 -0.132971 0.350271 6.97576e+09
-2 -1 -1 -0.119603 -0.110723 0.305404 4.58387e+09
-1.5 -0.5 -1 -0.127352 -0.0439349 0.330395 4.10869e+09
-2 0 -1 -0.10354 -0.0329379 0.284876 2.71517e+09
-1.5 0.5 -1 -0.113972 0.0237361 0.307394 2.462e+09
-2 1 -1 -0.0937676 0.025828 0.261877 1.63201e+09
-1.5 1.5 -1 -0.106328 0.0691043 0.281606 1.50653e+09
-0.5 -1.5 -1 -0.190514 -0.0868656 0.417583 9.21983e+09
-1 -1 -1 -0.155958 -0.0609831 0.374801 6.17767e+09
-0.5 -0.5 -1 -0.1667 0.00727996 0.395534 5.48401e+09
-1 0 -1 -0.137889 0.0181011 0.352055 3.68952e+09
-0.5 0.5 -1 -0.149184 0.0717484 0.369825 3.35265e+09
-1 1 -1 -0.126045 0.0717233 0.326203 2.25609e+09
-0.5 1.5 -1 -0.137043 0.108075 0.340436 2.1066e+09
0.5 -1.5 -1 -0.245066 -0.0418804 0.476479 1.17322e+10
0 -1 -1 -0.201867 -0.011315 0.437307 8.06953e+09
0.5 -0.5 -1 -0.210847 0.058088 0.452596 7.16949e+09
0 0 -1 -0.176916 0.0678925 0.412142 4.93366e+09
0.5 0.5 -1 -0.183697 0.116813 0.424254 4.54243e+09
0 1 -1 -0.158446 0.113591 0.383066 3.11052e+09
0.5 1.5 -1 -0.16234 0.142109 0.391211 2.96578e+09
1.5 -1.5 -1 -0.306958 0.00396714 0.52296 1.43726e+10
1 -1 -1 -0.253223 0.0388554 0.490168 1.02522e+10
1.5 -0.5 -1 -0.252686 0.110242 0.499329 9.22662e+09
1 0 -1 -0.214311 0.116436 0.463395 6.5374e+09
1.5 0.5 -1 -0.208752 0.161074 0.469753 6.16548e+09
1 1 -1 -0.183654 0.152087 0.431577 4.3103e+09
1.5 1.5 -1 -0.173882 0.173882 0.434029 4.23347e+09
2.5 -1.5 -1 -0.370761 0.0587258 0.550311 1.68754e+10
2 -1 -1 -0.302723 0.0941061 0.529762 1.2687e+10
2.5 -0.5 -1 -0.279736 0.172933 0.533123 1.17139e+10
2 0 -1 -0.239581 0.168415 0.50447 8.62871e+09
2.5 0.5 -1 -0.211709 0.211709 0.506139 8.43286e+09
2 1 -1 -0.191578 0.191578 0.471857 6.04294e+09
2.5 1.5 -1 -0.161074 0.208752 0.469753 6.16548e+09
-2.25 -1.25 -0.75 0.452745 -0.582871 0.19386 3.43461e+09
-2.25 -0.25 -0.75 0.460923 -0.548364 0.177131 1.96522e+09
-2.25 0.75 -0.75 0.464142 -0.518111 0.159415 1.13229e+09
-1.25 -1.25 -0.75 0.438546 -0.538851 0.297601 4.54543e+09
-1.75 -0.75 -0.75 0.451312 -0.544161 0.236688 2.99619e+09
-1.25 -0.25 -0.75 0.443572 -0.504763 0.277485 2.59e+09
-1.75 0.25 -0.75 0.455202 -0.512036 0.217857 1.71633e+09
-1.25 0.75 -0.75 0.444964 -0.477079 0.254724 1.50499e+09
-1.75 1.25 -0.75 0.455873 -0.486295 0.196343 1.00234e+09
-0.25 -1.25 -0.75 0.410229 -0.486882 0.400138 5.78268e+09
-0.75 -0.75 -0.75 0.428791 -0.496342 0.338276 3.88556e+09
-0.25 -0.25 -0.75 0.414836 -0.454575 0.374334 3.33335e+09
-0.75 0.25 -0.75 0.431418 -0.466483 0.314068 2.24764e+09
-0.25 0.75 -0.75 0.416982 -0.433406 0.344089 1.98806e+09
-0.75 1.25 -0.75 0.432296 -0.447074 0.285204 1.34354e+09
0.75 -1.25 -0.75 0.369995 -0.427491 0.497033 7.09692e+09
0.25 -0.75 -0.75 0.394655 -0.441494 0.435412 4.89669e+09
0.75 -0.25 -0.75 0.377287 -0.401514 0.46378 4.23548e+09
0.25 0.25 -0.75 0.398802 -0.418182 0.403656 2.9179e+09
0.75 0.75 -0.75 0.384301 -0.392026 0.4241 2.64677e+09
0.25 1.25 -0.75 0.403682 -0.409713 0.365233 1.81723e+09
1.75 -1.25 -0.75 0.320603 -0.364787 0.584105 8.44927e+09
1.25 -0.75 -0.75 0.351672 -0.38359 0.524169 6.05235e+09
1.75 -0.25 -0.75 0.335877 -0.351565 0.542575 5.3843e+09
1.25 0.25 -0.75 0.361908 -0.372615 0.483312 3.80799e+09
1.75 0.75 -0.75 0.353638 -0.356598 0.493204 3.59843e+09
1.25 1.25 -0.75 0.376039 -0.377973 0.434543 2.5133e+09
2.25 -0.75 -0.75 0.304997 -0.329014 0.601178 7.41861e+09
2.25 0.25 -0.75 0.328239 -0.332942 0.551805 5.05816e+09
2.25 1.25 -0.75 0.356598 -0.353638 0.493204 3.59843e+09
-2.5 -1 -0.5 0.322466 -0.469131 0.248098 8.26146e+09
-2.5 0 -0.5 0.332062 -0.427665 0.232124 4.77465e+09
-2.5 1 -0.5 0.335923 -0.392329 0.214898 2.78016e+09
-2 -1.5 -0.5 0.30792 -0.471005 0.300698 1.26941e+10
-1.5 -1 -0.5 0.303823 -0.425067 0.337445 1.10914e+10
-2 -0.5 -0.5 0.319725 -0.426113 0.284691 7.29484e+09
-1.5 0 -0.5 0.311535 -0.383117 0.319305 6.39094e+09
-2 0.5 -0.5 0.325118 -0.387746 0.266984 4.22491e+09
-1.5 1 -0.5 0.314255 -0.350396 0.298443 3.75469e+09
-2 1.5 -0.5 0.326308 -0.35802 0.246709 2.49277e+09
-1 -1.5 -0.5 0.2833 -0.42516 0.390083 1.67583e+10
-0.5 -1 -0.5 0.272719 -0.375504 0.423784 1.43453e+10
-1 -0.5 -0.5 0.29442 -0.378825 0.371674 9.61143e+09
-0.5 0 -0.5 0.2814 -0.334433 0.401902 8.36867e+09
-1 0.5 -0.5 0.299519 -0.342425 0.350238 5.62484e+09
-0.5 1 -0.5 0.285823 -0.307888 0.375632 5.04016e+09
-1 1.5 -0.5 0.301555 -0.319041 0.324468 3.39278e+09
0 -1.5 -0.5 0.244878 -0.374216 0.475076 2.11942e+10
0.5 -1 -0.5 0.230453 -0.320973 0.503277 1.79716e+10
0 -0.5 -0.5 0.258893 -0.32697 0.453111 1.23388e+10
0.5 0 -0.5 0.244054 -0.284394 0.476645 1.08354e+10
0 0.5 -0.5 0.266956 -0.296214 0.426473 7.4286e+09
0.5 1 -0.5 0.254658 -0.268355 0.443696 6.81037e+09
0 1.5 -0.5 0.27377 -0.28313 0.393608 4.65244e+09
1 -1.5 -0.5 0.193576 -0.318129 0.551261 2.57396e+10
1.5 -1 -0.5 0.179423 -0.263475 0.571849 2.19683e+10
1 -0.5 -0.5 0.215689 -0.273079 0.525515 1.55821e+10
1.5 0 -0.5 0.20478 -0.236238 0.540633 1.40418e+10
1 0.5 -0.5 0.232058 -0.252643 0.492927 9.85587e+09
1.5 1 -0.5 0.22737 -0.233604 0.501218 9.37441e+09
1 1.5 -0.5 0.248677 -0.252569 0.452542 6.50499e+09
2 -1.5 -0.5 0.130808 -0.25811 0.613129 3.01063e+10
2.5 -1 -0.5 0.125676 -0.203782 0.624871 2.6403e+10
2 -0.5 -0.5 0.170695 -0.219602 0.585508 1.95679e+10
2.5 0 -0.5 0.172754 -0.188803 0.592284 1.84015e+10
2 0.5 -0.5 0.20255 -0.212524 0.548246 1.32889e+10
2.5 1 -0.5 0.212524 -0.20255 0.548246 1.32889e+10
2 1.5 -0.5 0.233604 -0.22737 0.501218 9.37441e+09
-2.25 -0.75 -0.25 0.280973 -0.444471 0.17192 2.29588e+09
-2.25 0.25 -0.25 0.289966 -0.394339 0.156237 1.32311e+09
-2.25 1.25 -0.25 0.293352 -0.352314 0.138718 7.72458e+08
-1.75 -1.25 -0.25 0.266282 -0.4519 0.230318 3.51196e+09
-1.25 -0.75 -0.25 0.261354 -0.401577 0.272346 3.04759e+09
-1.75 -0.25 -0.25 0.277302 -0.397459 0.213909 2.0121e+09
-1.25 0.25 -0.25 0.26836 -0.350364 0.25304 1.75985e+09
-1.75 0.75 -0.25 0.282166 -0.351171 0.195553 1.16829e+09
-1.25 1.25 -0.25 0.270779 -0.311751 0.229937 1.04278e+09
-0.75 -1.25 -0.25 0.241503 -0.407359 0.331354 4.59304e+09
-0.25 -0.75 -0.25 0.231112 -0.351904 0.369263 3.92961e+09
-0.75 -0.25 -0.25 0.251512 -0.350371 0.311018 2.63788e+09
-0.25 0.25 -0.25 0.23858 -0.302213 0.344309 2.31075e+09
-0.75 0.75 -0.25 0.256044 -0.306759 0.287015 1.55688e+09
-0.25 1.25 -0.25 0.243654 -0.271395 0.313218 1.41203e+09
0.25 -1.25 -0.25 0.206478 -0.356012 0.427432 5.80784e+09
0.75 -0.75 -0.25 0.19371 -0.297613 0.458439 4.96602e+09
0.25 -0.25 -0.25 0.217994 -0.298813 0.401571 3.40399e+09
0.75 0.25 -0.25 0.206025 -0.254355 0.425925 3.03611e+09
0.25 0.75 -0.25 0.226107 -0.262586 0.369728 2.07941e+09
0.75 1.25 -0.25 0.21867 -0.235026 0.385526 1.94265e+09
1.25 -1.25 -0.25 0.164739 -0.300207 0.514331 7.1534e+09
1.75 -0.75 -0.25 0.156341 -0.243538 0.53559 6.23514e+09
1.25 -0.25 -0.25 0.183031 -0.247582 0.481418 4.38359e+09
1.75 0.25 -0.25 0.179512 -0.2104 0.495308 4.04262e+09
1.25 0.75 -0.25 0.200037 -0.222491 0.44088 2.81976e+09
1.75 1.25 -0.25 0.204486 -0.204486 0.445937 2.74782e+09
2.25 -1.25 -0.25 0.124239 -0.244152 0.587312 8.69067e+09
2.25 -0.25 -0.25 0.15669 -0.199448 0.548159 5.69895e+09
2.25 0.75 -0.25 0.187609 -0.187609 0.499974 3.92903e+09
-2.5 -1.5 0 0.519052 -0.663291 0.226445 1.26625e+10
-2.5 -0.5 0 0.538166 -0.638512 0.211409 7.24286e+09
-2.5 0.5 0 0.551157 -0.617384 0.196163 4.13783e+09
-2.5 1.5 0 0.559672 -0.60038 0.179396 2.39344e+09
-1.5 -1.5 0 0.513891 -0.625164 0.324577 1.69113e+10
-2 -1 0 0.527946 -0.632519 0.267662 1.10953e+10
-1.5 -0.5 0 0.53134 -0.601761 0.308342 9.55577e+09
-2 0 0 0.542854 -0.610365 0.251883 6.30153e+09
-1.5 0.5 0 0.543171 -0.583059 0.290143 5.46262e+09
-2 1 0 0.552763 -0.592611 0.234424 3.62306e+09
-1.5 1.5 0 0.550687 -0.570599 0.268373 3.20485e+09
-0.5 -1.5 0 0.495872 -0.58032 0.422415 2.15563e+10
-1 -1 0 0.515974 -0.591661 0.365316 1.44087e+10
-0.5 -0.5 0 0.514036 -0.558603 0.402939 1.22144e+10
-1 0 0 0.530458 -0.571702 0.346398 8.19519e+09
-0.5 0.5 0 0.525809 -0.544745 0.379807 7.1064e+09
-1 1 0 0.539751 -0.558705 0.323928 4.7862e+09
-0.5 1.5 0 0.533892 -0.540159 0.350523 4.30195e+09
0.5 -1.5 0 0.466452 -0.52831 0.514871 2.63134e+10
0 -1 0 0.493091 -0.543977 0.459342 1.80426e+10
0.5 -0.5 0 0.486566 -0.510832 0.491266 1.52751e+10
0 0 0 0.508329 -0.528737 0.435736 1.0472e+10
0.5 0.5 0 0.500121 -0.506054 0.461217 9.24633e+09
0 1 0 0.518676 -0.524279 0.405959 6.33343e+09
0.5 1.5 0 0.511789 -0.512285 0.422585 5.87673e+09
1.5 -1.5 0 0.42504 -0.471505 0.597412 3.09179e+10
1 -1 0 0.459404 -0.491445 0.545622 2.19635e+10
1.5 -0.5 0 0.450179 -0.462894 0.568954 1.89692e+10
1 0 0 0.477603 -0.485522 0.515818 1.33481e+10
1.5 0.5 0 0.469285 -0.470588 0.531189 1.22244e+10
1 1 0 0.492331 -0.492801 0.477311 8.52673e+09
1.5 1.5 0 0.488802 -0.488802 0.482826 8.28884e+09
2.5 -1.5 0 0.372856 -0.414206 0.66372 3.52822e+10
2 -1 0 0.416274 -0.438722 0.619182 2.63419e+10
2.5 -0.5 0 0.409256 -0.417727 0.632416 2.37104e+10
2 0 0 0.441976 -0.445571 0.583382 1.72355e+10
2.5 0.5 0 0.43919 -0.43919 0.588289 1.66632e+10
2 1 0 0.465771 -0.465771 0.53644 1.18533e+10
2.5 1.5 0 0.470588 -0.469285 0.531189 1.22244e+10
-2.25 -1.25 0.25 0.144623 -0.334521 0.235399 1.24112e+09
-2.25 -0.25 0.25 0.164388 -0.274409 0.221014 7.21689e+08
-2.25 0.75 0.25 0.175144 -0.225157 0.205328 4.22529e+08
-1.25 -1.25 0.25 0.119531 -0.286512 0.330227 1.64142e+09
-1.75 -0.75 0.25 0.14441 -0.279236 0.27586 1.0913e+09
-1.25 -0.25 0.25 0.137771 -0.225689 0.314171 9.52963e+08
-1.75 0.25 0.25 0.158356 -0.224696 0.259877 6.36165e+08
-1.25 0.75 0.25 0.146544 -0.179607 0.295028 5.63569e+08
-1.75 1.25 0.25 0.163915 -0.184176 0.240971 3.775e+08
-0.25 -1.25 0.25 0.0822079 -0.236542 0.419376 2.09666e+09
-0.75 -0.75 0.25 0.112661 -0.229115 0.367624 1.41877e+09
-0.25 -0.25 0.25 0.100807 -0.174547 0.400825 1.23245e+09
-0.75 0.25 0.25 0.125715 -0.176087 0.348517 8.36425e+08
-0.25 0.75 0.25 0.110747 -0.135335 0.376619 7.48425e+08
-0.75 1.25 0.25 0.131347 -0.143283 0.32406 5.08199e+08
0.75 -1.25 0.25 0.0356172 -0.184414 0.497922 2.60022e+09
0.25 -0.75 0.25 0.0710732 -0.176487 0.45107 1.79983e+09
0.75 -0.25 0.25 0.0588435 -0.12493 0.476321 1.58139e+09
0.25 0.25 0.25 0.0867497 -0.128764 0.427672 1.09338e+09
0.75 0.75 0.25 0.0750292 -0.0955606 0.446308 1.00244e+09
0.25 1.25 0.25 0.0971793 -0.106905 0.396377 6.90392e+08
1.75 -1.25 0.25 -0.0112235 -0.136363 0.560362 3.18234e+09
1.25 -0.75 0.25 0.0263918 -0.126109 0.521233 2.25913e+09
1.75 -0.25 0.25 0.0225171 -0.0795757 0.536764 2.04029e+09
1.25 0.25 0.25 0.0502011 -0.0858623 0.493553 1.43985e+09
1.75 0.75 0.25 0.0494444 -0.0605475 0.502361 1.36929e+09
1.25 1.25 0.25 0.0701373 -0.0761035 0.455877 9.57195e+08
2.25 -0.75 0.25 -0.00807188 -0.0798452 0.573865 2.84515e+09
2.25 0.25 0.25 0.0278416 -0.0462665 0.544676 1.93061e+09
2.25 1.25 0.25 0.0605475 -0.0494444 0.502361 1.36929e+09
-2.5 -1 0.5 0.498598 -0.624686 0.262237 5.17582e+09
-2.5 0 0.5 0.518341 -0.597349 0.247358 2.95732e+09
-2.5 1 0.5 0.531157 -0.57508 0.231474 1.69915e+09
-2 -1.5 0.5 0.483738 -0.620309 0.316144 7.90431e+09
-1.5 -1 0.5 0.490651 -0.584086 0.355449 6.79184e+09
-2 -0.5 0.5 0.506525 -0.591209 0.301366 4.49455e+09
-1.5 0 0.5 0.508844 -0.558739 0.339008 3.86338e+09
-2 0.5 0.5 0.521656 -0.567571 0.285117 2.56843e+09
-1.5 1 0.5 0.520032 -0.540491 0.319764 2.23868e+09
-2 1.5 0.5 0.530627 -0.550513 0.266272 1.49547e+09
-1 -1.5 0.5 0.469832 -0.576331 0.409022 1.01835e+10
-0.5 -1 0.5 0.470525 -0.537992 0.44575 8.55795e+09
-1 -0.5 0.5 0.49208 -0.548756 0.392758 5.77442e+09
-0.5 0 0.5 0.488753 -0.515797 0.426415 4.92481e+09
-1 0.5 0.5 0.506266 -0.528877 0.373283 3.3324e+09
-0.5 1 0.5 0.499615 -0.504764 0.40197 2.93065e+09
-1 1.5 0.5 0.514394 -0.518785 0.348913 1.98704e+09
0 -1.5 0.5 0.443068 -0.527145 0.496987 1.2537e+10
0.5 -1 0.5 0.439148 -0.486785 0.528563 1.04172e+10
0 -0.5 0.5 0.466729 -0.50156 0.478518 7.20912e+09
0.5 0 0.5 0.458863 -0.471488 0.50553 6.20897e+09
0 0.5 0.5 0.481326 -0.488927 0.454398 4.288e+09
0.5 1 0.5 0.472171 -0.47124 0.474428 3.872e+09
0 1.5 0.5 0.491127 -0.489088 0.422645 2.66603e+09
1 -1.5 0.5 0.404486 -0.472625 0.574851 1.47856e+10
1.5 -1 0.5 0.397206 -0.434108 0.599019 1.24165e+10
1 -0.5 0.5 0.431298 -0.452917 0.554313 8.86546e+09
1.5 0 0.5 0.422392 -0.42939 0.572313 7.87117e+09
1 0.5 0.5 0.449489 -0.451271 0.52468 5.56157e+09
1.5 1 0.5 0.442401 -0.441956 0.534635 5.24377e+09
1 1.5 0.5 0.46493 -0.463633 0.484889 3.66713e+09
2 -1.5 0.5 0.354044 -0.416613 0.636686 1.69336e+10
2.5 -1 0.5 0.349682 -0.381645 0.651406 1.47153e+10
2 -0.5 0.5 0.38981 -0.406 0.615559 1.09154e+10
2.5 0 0.5 0.385776 -0.390124 0.624042 1.01828e+10
2 0.5 0.5 0.416228 -0.417493 0.581617 7.38444e+09
2.5 1 0.5 0.417493 -0.416228 0.581617 7.38444e+09
2 1.5 0.5 0.441956 -0.442401 0.534635 5.24377e+09
-2.25 -0.75 0.75 0.152996 -0.250275 0.334484 5.99124e+08
-2.25 0.25 0.75 0.173965 -0.198394 0.319124 3.52038e+08
-2.25 1.25 0.75 0.183392 -0.161267 0.301502 2.0911e+08
-1.75 -1.25 0.75 0.125511 -0.251823 0.384554 8.99525e+08
-1.25 -0.75 0.75 0.1225 -0.192797 0.41893 7.8354e+08
-1.75 -0.25 0.75 0.150974 -0.194639 0.369874 5.26886e+08
-1.25 0.25 0.75 0.140752 -0.145326 0.402209 4.62967e+08
-1.75 0.75 0.75 0.164168 -0.152908 0.352428 3.12063e+08
-1.25 1.25 0.75 0.14695 -0.117241 0.381217 2.79668e+08
-0.75 -1.25 0.75 0.0873941 -0.19441 0.464945 1.15632e+09
-0.25 -0.75 0.75 0.0778765 -0.13676 0.494175 9.96064e+08
-0.75 -0.25 0.75 0.112303 -0.139418 0.449916 6.8198e+08
-0.25 0.25 0.75 0.0954008 -0.0953798 0.476126 6.01184e+08
-0.75 0.75 0.75 0.123401 -0.105728 0.429882 4.11635e+08
-0.25 1.25 0.75 0.102539 -0.0795117 0.450963 3.74958e+08
0.25 -1.25 0.75 0.0364962 -0.140116 0.53291 1.44051e+09
0.75 -0.75 0.75 0.0230187 -0.0851431 0.555162 1.24461e+09
0.25 -0.25 0.75 0.0621954 -0.087657 0.518573 8.69804e+08
0.75 0.25 0.75 0.0452729 -0.0525173 0.536356 7.82019e+08
0.25 0.75 0.75 0.0758438 -0.0650635 0.495738 5.44133e+08
0.75 1.25 0.75 0.0583856 -0.0494052 0.507933 5.10161e+08
1.25 -1.25 0.75 -0.02251 -0.0925418 0.582744 1.76042e+09
1.75 -0.75 0.75 -0.0268285 -0.0452342 0.595718 1.56231e+09
1.25 -0.25 0.75 0.0107533 -0.0443393 0.570738 1.11144e+09
1.75 0.25 0.75 0.00221951 -0.0162917 0.580394 1.03183e+09
1.25 0.75 0.75 0.0312979 -0.0316083 0.547346 7.29801e+08
1.75 1.25 0.75 0.0253576 -0.0253576 0.551069 7.12485e+08
2.25 -1.25 0.75 -0.0626222 -0.0655197 0.606825 2.19026e+09
2.25 -0.25 0.75 -0.0273109 -0.00723891 0.604006 1.44156e+09
2.25 0.75 0.75 0.00287853 -0.00287853 0.583659 1.0055e+09
-2.5 -1.5 1 0.460379 -0.622123 0.331003 3.87841e+09
-2.5 -0.5 1 0.490872 -0.587935 0.317543 2.23169e+09
-2.5 0.5 1 0.5115 -0.559756 0.302775 1.28042e+09
-2.5 1.5 1 0.523803 -0.538899 0.286084 7.43349e+08
-1.5 -1.5 1 0.451425 -0.576719 0.417447 5.04399e+09
-2 -1 1 0.473689 -0.582383 0.368114 3.36911e+09
-1.5 -0.5 1 0.479905 -0.543795 0.404071 2.87526e+09
-2 0 1 0.497794 -0.552109 0.353751 1.92535e+09
-1.5 0.5 1 0.49834 -0.519231 0.387667 1.65603e+09
-2 1 1 0.512758 -0.529645 0.337043 1.11283e+09
-1.5 1.5 1 0.508237 -0.504963 0.367308 9.77844e+08
-0.5 -1.5 1 0.428126 -0.527523 0.49897 6.22316e+09
-1 -1 1 0.457015 -0.535309 0.452905 4.25532e+09
-0.5 -0.5 1 0.456857 -0.496132 0.485341 3.57743e+09
-1 0 1 0.479948 -0.5079 0.437386 2.44584e+09
-0.5 0.5 1 0.474194 -0.477552 0.466425 2.10588e+09
-1 1 1 0.493066 -0.491901 0.417446 1.44095e+09
-0.5 1.5 1 0.483572 -0.473143 0.440869 1.28795e+09
0.5 -1.5 1 0.39286 -0.475238 0.570018 7.34252e+09
0 -1 1 0.428185 -0.484773 0.530223 5.16691e+09
0.5 -0.5 1 0.422689 -0.446889 0.556931 4.34475e+09
0 0 1 0.450991 -0.462309 0.513364 3.04541e+09
0.5 0.5 1 0.441086 -0.438104 0.535043 2.67553e+09
0 1 1 0.46425 -0.456322 0.489112 1.86652e+09
0.5 1.5 1 0.453357 -0.4459 0.503601 1.72544e+09
1.5 -1.5 1 0.346498 -0.420804 0.624719 8.36343e+09
1 -1 1 0.388315 -0.432475 0.595091 6.09168e+09
1.5 -0.5 1 0.380966 -0.400201 0.613794 5.25863e+09
1 0 1 0.413533 -0.419063 0.577294 3.78278e+09
1.5 0.5 1 0.403971 -0.402993 0.590159 3.45419e+09
1 1 1 0.430467 -0.425314 0.548818 2.45861e+09
1.5 1.5 1 0.423707 -0.423707 0.553553 2.38729e+09
2.5 -1.5 1 0.296763 -0.369164 0.655986 9.67652e+09
2 -1 1 0.342589 -0.383013 0.641433 7.17535e+09
2.5 -0.5 1 0.338572 -0.355889 0.651925 6.46667e+09
2 0 1 0.373525 -0.379529 0.625551 4.7702e+09
2.5 0.5 1 0.371456 -0.371456 0.629575 4.61092e+09
2 1 1 0.398883 -0.398883 0.594571 3.3465e+09
2.5 1.5 1 0.402993 -0.403971 0.590159 3.45419e+09
-2.25 -1.25 1.25 0.179121 -0.276499 0.452022 5.12432e+08
-2.25 -0.25 1.25 0.212836 -0.221088 0.437645 3.04117e+08
-2.25 0.75 1.25 0.231092 -0.181034 0.420494 1.81082e+08
-1.25 -1.25 1.25 0.146977 -0.20638 0.528522 6.62926e+08
-1.75 -0.75 1.25 0.183576 -0.212807 0.484836 4.50987e+08
-1.25 -0.25 1.25 0.1766 -0.156483 0.514475 3.94049e+08
-1.75 0.25 1.25 0.206742 -0.168412 0.468679 2.68163e+08
-1.25 0.75 1.25 0.190117 -0.12649 0.495753 2.37632e+08
-1.75 1.25 1.25 0.215147 -0.142659 0.448824 1.61756e+08
-0.25 -1.25 1.25 0.0933065 -0.140411 0.591655 8.253e+08
-0.75 -0.75 1.25 0.139328 -0.146414 0.556283 5.73543e+08
-0.25 -0.25 1.25 0.122889 -0.0962703 0.579595 4.99384e+08
-0.75 0.25 1.25 0.159737 -0.110648 0.539887 3.46223e+08
-0.25 0.75 1.25 0.134926 -0.0793484 0.55984 3.09901e+08
-0.75 1.25 1.25 0.165151 -0.0988496 0.517458 2.14207e+08
0.75 -1.25 1.25 0.0247157 -0.082574 0.634343 1.00118e+09
0.25 -0.75 1.25 0.0782888 -0.0855232 0.612382 7.11723e+08
0.75 -0.25 1.25 0.0568217 -0.0451952 0.627543 6.27714e+08
0.25 0.25 1.25 0.099125 -0.0607595 0.59737 4.43732e+08
0.75 0.75 1.25 0.0737689 -0.0418461 0.60916 4.07131e+08
0.25 1.25 1.25 0.107298 -0.0647026 0.573463 2.85793e+08
1.75 -1.25 1.25 -0.0488373 -0.044454 0.648383 1.21422e+09
1.25 -0.75 1.25 0.00730024 -0.0368996 0.646484 8.76746e+08
1.75 -0.25 1.25 -0.00626777 -0.00456072 0.653898 7.96731e+08
1.25 0.25 1.25 0.0357852 -0.0206376 0.637207 5.73049e+08
1.75 0.75 1.25 0.0189675 -0.0124603 0.641993 5.45903e+08
1.25 1.25 1.25 0.0519045 -0.0396447 0.615089 3.88941e+08
2.25 -0.75 1.25 -0.0503919 -0.000693023 0.653919 1.09949e+09
2.25 0.25 1.25 -0.0149279 0.0124119 0.657519 7.56876e+08
2.25 1.25 1.25 0.0124603 -0.0189675 0.641993 5.45903e+08
-2.5 -1 1.5 0.461915 -0.591927 0.392905 1.77622e+09
-2.5 0 1.5 0.493923 -0.557138 0.380551 1.02562e+09
-2.5 1 1.5 0.51471 -0.530631 0.365977 5.94332e+08
-2 -1.5 1.5 0.437901 -0.587407 0.43812 2.64753e+09
-1.5 -1 1.5 0.450316 -0.542384 0.472341 2.24945e+09
-2 -0.5 1.5 0.47464 -0.549615 0.427507 1.52661e+09
-1.5 0 1.5 0.479639 -0.510236 0.460244 1.29876e+09
-2 0.5 1.5 0.499243 -0.520665 0.413793 8.82311e+08
-1.5 1 1.5 0.49717 -0.489812 0.444013 7.62387e+08
-2 1.5 1.5 0.513137 -0.502504 0.396651 5.18806e+08
-1 -1.5 1.5 0.420154 -0.536407 0.513559 3.27172e+09
-0.5 -1 1.5 0.425299 -0.490832 0.544423 2.71689e+09
-1 -0.5 1.5 0.45523 -0.499952 0.504297 1.89129e+09
-0.5 0 1.5 0.453151 -0.462613 0.532817 1.59828e+09
-1 0.5 1.5 0.477358 -0.47633 0.489755 1.11016e+09
-0.5 1 1.5 0.468583 -0.451343 0.514325 9.68823e+08
-1 1.5 1.5 0.488647 -0.467579 0.469333 6.71597e+08
0 -1.5 1.5 0.389132 -0.484484 0.578365 3.83813e+09
0.5 -1 1.5 0.389426 -0.438827 0.603942 3.16649e+09
0 -0.5 1.5 0.423999 -0.449612 0.57164 2.26873e+09
0.5 0 1.5 0.416271 -0.417582 0.593847 1.9411e+09
0 0.5 1.5 0.444593 -0.434389 0.556358 1.38119e+09
0.5 1 1.5 0.432319 -0.418055 0.573238 1.24039e+09
0 1.5 1.5 0.455902 -0.437745 0.532068 8.76232e+08
1 -1.5 1.5 0.349109 -0.432415 0.62649 4.34187e+09
1.5 -1 1.5 0.345366 -0.390901 0.645127 3.6523e+09
1 -0.5 1.5 0.383292 -0.402355 0.624496 2.68356e+09
1.5 0 1.5 0.374682 -0.377812 0.638916 2.37858e+09
1 0.5 1.5 0.405243 -0.397693 0.609614 1.73114e+09
1.5 1 1.5 0.394873 -0.390783 0.617872 1.62822e+09
1 1.5 1.5 0.420412 -0.414126 0.582105 1.17123e+09
2 -1.5 1.5 0.301705 -0.386462 0.652168 4.95211e+09
2.5 -1 1.5 0.303459 -0.347237 0.664141 4.37977e+09
2 -0.5 1.5 0.340792 -0.360177 0.658101 3.22465e+09
2.5 0 1.5 0.337465 -0.342687 0.664871 3.01264e+09
2 0.5 1.5 0.367044 -0.366562 0.64645 2.22886e+09
2.5 1 1.5 0.366562 -0.367044 0.64645 2.22886e+09
2 1.5 1.5 0.390783 -0.394873 0.617872 1.62822e+09
