449
-2.5 -1 -1.5 0.104564 0.350083 0.580064 7.92946e+10
-2.5 0 -1.5 0.163941 0.362063 0.543343 1.0542e+11
-2.5 1 -1.5 0.203782 0.355244 0.511359 1.19372e+11
-2 -1.5 -1.5 -0.0940031 0.484315 0.636988 5.29029e+10
-1.5 -1 -1.5 -0.127718 0.550499 0.624204 6.75408e+10
-2 -0.5 -1.5 0.0710856 0.474346 0.573399 1.0572e+11
-1.5 0 -1.5 0.0986733 0.571055 0.546693 1.16159e+11
-2 0.5 -1.5 0.140095 0.469613 0.53004 1.34315e+11
-1.5 1 -1.5 0.0847716 0.562921 0.520844 1.84232e+11
-2 1.5 -1.5 0.157775 0.456499 0.502619 1.62136e+11
-1 -1.5 -1.5 -0.230452 0.523644 0.630501 4.76043e+10
-0.5 -1 -1.5 -0.229542 0.573281 0.601957 5.78888e+10
-1 -0.5 -1.5 -0.122863 0.599187 0.592268 7.84487e+10
-0.5 0 -1.5 -0.148911 0.646607 0.570316 1.007e+11
-1 0.5 -1.5 0.00980598 0.666481 0.545964 1.55863e+11
-0.5 1 -1.5 -0.0714215 0.702261 0.533007 1.74949e+11
-1 1.5 -1.5 0.0529256 0.663643 0.502112 2.46439e+11
0 -1.5 -1.5 -0.306551 0.560376 0.586713 4.3475e+10
0.5 -1 -1.5 -0.307577 0.610081 0.551534 5.46044e+10
0 -0.5 -1.5 -0.238041 0.623401 0.571668 7.45341e+10
0.5 0 -1.5 -0.23737 0.670942 0.535493 9.23094e+10
0 0.5 -1.5 -0.162339 0.690168 0.541037 1.26262e+11
0.5 1 -1.5 -0.152861 0.72827 0.502697 1.4097e+11
0 1.5 -1.5 -0.0743602 0.738296 0.494345 1.84887e+11
1 -1.5 -1.5 -0.362157 0.60568 0.51615 3.86855e+10
1.5 -1 -1.5 -0.352503 0.652995 0.47546 4.61202e+10
1 -0.5 -1.5 -0.300734 0.658721 0.512057 6.62959e+10
1.5 0 -1.5 -0.2854 0.7019 0.469334 7.50979e+10
1 0.5 -1.5 -0.224117 0.712913 0.494469 1.05208e+11
1.5 1 -1.5 -0.208417 0.750438 0.446746 1.11731e+11
1 1.5 -1.5 -0.140739 0.763983 0.457408 1.507e+11
2 -1.5 -1.5 -0.393783 0.651486 0.430757 3.12932e+10
2.5 -1 -1.5 -0.376093 0.692002 0.388483 3.47897e+10
2 -0.5 -1.5 -0.335838 0.695353 0.432531 5.17435e+10
2.5 0 -1.5 -0.314983 0.732789 0.386068 5.42706e+10
2 0.5 -1.5 -0.266841 0.739973 0.421544 7.91986e+10
2.5 1 -1.5 -0.239952 0.776787 0.368968 7.86449e+10
2 1.5 -1.5 -0.183922 0.787747 0.392292 1.1189e+11
-2.25 -0.75 -1.25 0.277747 0.417644 0.518279 2.31255e+10
-2.25 0.25 -1.25 0.323723 0.429666 0.481039 2.99295e+10
-2.25 1.25 -1.25 0.357278 0.4201 0.452029 3.50638e+10
-1.75 -1.25 -1.25 0.179738 0.512396 0.552456 1.22313e+10
-1.25 -0.75 -1.25 0.201549 0.562099 0.526365 1.38643e+10
-1.75 -0.25 -1.25 0.194455 0.523779 0.516173 2.94491e+10
-1.25 0.25 -1.25 0.189957 0.628159 0.488034 3.84259e+10
-1.75 0.75 -1.25 0.315727 0.53281 0.4543 4.03368e+10
-1.25 1.25 -1.25 0.25702 0.613263 0.436294 5.09309e+10
-0.75 -1.25 -1.25 0.168004 0.457911 0.545134 8.25655e+09
-0.25 -0.75 -1.25 0.157542 0.481988 0.523431 9.61636e+09
-0.75 -0.25 -1.25 0.184391 0.588657 0.503727 1.56903e+10
-0.25 0.25 -1.25 0.199579 0.605272 0.486989 1.75715e+10
-0.75 0.75 -1.25 0.213002 0.675186 0.455832 2.80851e+10
-0.25 1.25 -1.25 0.256479 0.676195 0.423825 2.86699e+10
0.25 -1.25 -1.25 0.119464 0.383708 0.539032 6.25914e+09
0.75 -0.75 -1.25 0.124003 0.43905 0.518558 7.43103e+09
0.25 -0.25 -1.25 0.177223 0.515609 0.509551 1.11387e+10
0.75 0.25 -1.25 0.187772 0.563844 0.486199 1.31286e+10
0.25 0.75 -1.25 0.22177 0.642555 0.462321 2.01763e+10
0.75 1.25 -1.25 0.256322 0.649828 0.439856 2.08505e+10
1.25 -1.25 -1.25 0.0615403 0.386946 0.506887 5.03017e+09
1.75 -0.75 -1.25 0.0745339 0.452066 0.475764 5.80894e+09
1.25 -0.25 -1.25 0.134753 0.498032 0.491155 8.68916e+09
1.75 0.25 -1.25 0.160706 0.540673 0.464321 9.51643e+09
1.25 0.75 -1.25 0.218048 0.590099 0.464219 1.41867e+10
1.75 1.25 -1.25 0.249131 0.618399 0.434744 1.46614e+10
2.25 -1.25 -1.25 0.0187201 0.421514 0.445669 3.8844e+09
2.25 -0.25 -1.25 0.100471 0.50432 0.444861 6.35105e+09
2.25 0.75 -1.25 0.190906 0.580448 0.431194 9.88772e+09
-2.5 -1.5 -1 0.157293 0.354765 0.559722 4.04379e+10
-2.5 -0.5 -1 0.148134 0.386093 0.534483 7.43586e+10
-2.5 0.5 -1 0.176842 0.377286 0.507137 1.01921e+11
-2.5 1.5 -1 0.198772 0.385911 0.486368 1.2263e+11
-1.5 -1.5 -1 -0.13569 0.506804 0.608452 2.74999e+10
-2 -1 -1 0.0643159 0.503991 0.569227 4.81491e+10
-1.5 -0.5 -1 -0.0400707 0.590147 0.567892 5.61053e+10
-2 0 -1 0.11014 0.472812 0.524296 9.04899e+10
-1.5 0.5 -1 0.0881702 0.593975 0.508502 1.13768e+11
-2 1 -1 0.147986 0.49062 0.493391 1.30533e+11
-1.5 1.5 -1 0.117723 0.577729 0.473081 1.62107e+11
-0.5 -1.5 -1 -0.222736 0.548895 0.598825 2.43358e+10
-1 -1 -1 -0.140645 0.58327 0.58695 3.57611e+10
-0.5 -0.5 -1 -0.154361 0.621651 0.562568 4.3678e+10
-1 0 -1 -0.0667699 0.646969 0.548331 6.68042e+10
-0.5 0.5 -1 -0.0641288 0.687268 0.517493 7.38355e+10
-1 1 -1 0.0796305 0.677108 0.491954 1.22906e+11
-0.5 1.5 -1 0.00670928 0.721469 0.477793 1.23602e+11
0.5 -1.5 -1 -0.289899 0.576517 0.565327 2.17489e+10
0 -1 -1 -0.225848 0.594111 0.571743 3.00056e+10
0.5 -0.5 -1 -0.217512 0.642425 0.543324 3.70052e+10
0 0 -1 -0.146221 0.666349 0.536237 5.15382e+10
0.5 0.5 -1 -0.132907 0.714374 0.50477 6.17008e+10
0 1 -1 -0.0627973 0.737793 0.489515 8.85737e+10
0.5 1.5 -1 -0.0409698 0.765953 0.451249 8.96138e+10
1.5 -1.5 -1 -0.332729 0.618732 0.506978 1.88449e+10
1 -1 -1 -0.27996 0.626681 0.532862 2.66986e+10
1.5 -0.5 -1 -0.261695 0.67555 0.496092 3.14654e+10
1 0 -1 -0.20053 0.69115 0.508929 4.41884e+10
1.5 0.5 -1 -0.177472 0.729464 0.470967 4.83162e+10
1 1 -1 -0.110154 0.747156 0.468662 6.58875e+10
1.5 1.5 -1 -0.0844055 0.780073 0.426104 6.79588e+10
2.5 -1.5 -1 -0.35677 0.662279 0.432155 1.49092e+10
2 -1 -1 -0.313837 0.666638 0.468984 2.18961e+10
2.5 -0.5 -1 -0.289226 0.708679 0.428566 2.38613e+10
2 0 -1 -0.237889 0.716853 0.456268 3.44579e+10
2.5 0.5 -1 -0.209328 0.755186 0.411065 3.5506e+10
2 1 -1 -0.150433 0.766102 0.426281 4.99984e+10
2.5 1.5 -1 -0.114373 0.800722 0.375837 4.88702e+10
-2.25 -1.25 -0.75 0.256001 0.41657 0.513111 1.38009e+10
-2.25 -0.25 -0.75 0.376615 0.408343 0.446668 2.09843e+10
-2.25 0.75 -0.75 0.422114 0.400728 0.408242 2.82343e+10
-1.25 -1.25 -0.75 0.231068 0.415936 0.530013 5.58864e+09
-1.75 -0.75 -0.75 0.267899 0.547838 0.491994 1.12368e+10
-1.25 -0.25 -0.75 0.248281 0.604796 0.475251 1.26436e+10
-1.75 0.25 -0.75 0.320983 0.51943 0.435935 2.63494e+10
-1.25 0.75 -0.75 0.287157 0.624458 0.417927 3.11322e+10
-1.75 1.25 -0.75 0.412387 0.49053 0.378815 3.49439e+10
-0.25 -1.25 -0.75 0.186824 0.367359 0.562921 4.16657e+09
-0.75 -0.75 -0.75 0.255525 0.480397 0.520929 6.86464e+09
-0.25 -0.25 -0.75 0.241665 0.53463 0.504578 7.89757e+09
-0.75 0.25 -0.75 0.270875 0.611017 0.450594 1.32483e+10
-0.25 0.75 -0.75 0.28007 0.630244 0.440365 1.35066e+10
-0.75 1.25 -0.75 0.31826 0.664378 0.3855 2.13735e+10
0.75 -1.25 -0.75 0.0963424 0.339723 0.580902 3.34515e+09
0.25 -0.75 -0.75 0.172827 0.417812 0.549369 4.91161e+09
0.75 -0.25 -0.75 0.18178 0.461666 0.540979 5.66113e+09
0.25 0.25 -0.75 0.247857 0.547364 0.495664 8.50488e+09
0.75 0.75 -0.75 0.268329 0.585931 0.481483 9.74091e+09
0.25 1.25 -0.75 0.31572 0.657506 0.42316 1.49877e+10
1.75 -1.25 -0.75 0.0294969 0.370247 0.560678 2.7116e+09
1.25 -0.75 -0.75 0.103853 0.403043 0.563675 3.90786e+09
1.75 -0.25 -0.75 0.124968 0.466584 0.539984 4.46236e+09
1.25 0.25 -0.75 0.201194 0.514138 0.523492 6.51707e+09
1.75 0.75 -0.75 0.230088 0.54816 0.506324 6.95205e+09
1.25 1.25 -0.75 0.298997 0.597577 0.468514 1.00005e+10
2.25 -0.75 -0.75 0.0534094 0.439037 0.532135 3.05765e+09
2.25 0.25 -0.75 0.155802 0.515942 0.515644 4.79811e+09
2.25 1.25 -0.75 0.266107 0.585428 0.479497 7.15536e+09
-2.5 -1 -0.5 0.151011 0.396903 0.527422 4.15767e+10
-2.5 0 -0.5 0.193411 0.392659 0.490042 6.40799e+10
-2.5 1 -0.5 0.191161 0.398975 0.47396 9.08876e+10
-2 -1.5 -0.5 -0.112361 0.480039 0.5928 2.0188e+10
-1.5 -1 -0.5 -0.0678937 0.544962 0.561689 2.17493e+10
-2 -0.5 -0.5 0.191742 0.498274 0.503013 4.25658e+10
-1.5 0 -0.5 0.0933341 0.614539 0.507272 5.15703e+10
-2 0.5 -0.5 0.144141 0.49281 0.480334 7.77606e+10
-1.5 1 -0.5 0.122587 0.581801 0.462726 8.82363e+10
-2 1.5 -0.5 0.169614 0.494739 0.453368 1.09045e+11
-1 -1.5 -0.5 -0.161929 0.531744 0.589793 1.43208e+10
-0.5 -1 -0.5 -0.161448 0.596305 0.568424 1.82491e+10
-1 -0.5 -0.5 -0.080501 0.613719 0.545107 2.67334e+10
-0.5 0 -0.5 -0.0849188 0.673753 0.522248 3.31198e+10
-1 0.5 -0.5 -0.0018598 0.662941 0.503561 5.30383e+10
-0.5 1 -0.5 0.00745449 0.712947 0.470677 5.36631e+10
-1 1.5 -0.5 0.142715 0.67146 0.44276 8.91464e+10
0 -1.5 -0.5 -0.227778 0.566624 0.584969 1.25918e+10
0.5 -1 -0.5 -0.217534 0.616798 0.558923 1.55045e+10
0 -0.5 -0.5 -0.155071 0.646535 0.543352 2.22722e+10
0.5 0 -0.5 -0.132135 0.689751 0.517387 2.58573e+10
0 0.5 -0.5 -0.0665131 0.713191 0.494235 3.68534e+10
0.5 1 -0.5 -0.0359331 0.75914 0.461851 4.19399e+10
0 1.5 -0.5 0.0214332 0.768719 0.438214 6.01824e+10
1 -1.5 -0.5 -0.27567 0.5967 0.56 1.11965e+10
1.5 -1 -0.5 -0.25438 0.647352 0.529107 1.34403e+10
1 -0.5 -0.5 -0.195516 0.664793 0.531357 1.85908e+10
1.5 0 -0.5 -0.165049 0.711099 0.498499 2.14282e+10
1 0.5 -0.5 -0.100202 0.734237 0.485945 2.96853e+10
1.5 1 -0.5 -0.0661013 0.764708 0.451723 3.09913e+10
1 1.5 -0.5 -0.000257058 0.783832 0.426339 4.19422e+10
2 -1.5 -0.5 -0.306439 0.637369 0.511279 9.54365e+09
2.5 -1 -0.5 -0.278133 0.685305 0.475084 1.08116e+10
2 -0.5 -0.5 -0.225311 0.695056 0.49421 1.53836e+10
2.5 0 -0.5 -0.192085 0.735792 0.455989 1.6449e+10
2 0.5 -0.5 -0.13175 0.747907 0.462276 2.28502e+10
2.5 1 -0.5 -0.0924817 0.783229 0.419337 2.31955e+10
2 1.5 -0.5 -0.0257639 0.795641 0.410545 3.13495e+10
-2.25 -0.75 -0.25 0.370146 0.413603 0.458033 1.23417e+10
-2.25 0.25 -0.25 0.463721 0.383143 0.386855 1.82793e+10
-2.25 1.25 -0.25 0.488103 0.360649 0.349806 2.3808e+10
-1.75 -1.25 -0.25 0.318392 0.440992 0.49503 4.66363e+09
-1.25 -0.75 -0.25 0.296657 0.500211 0.482621 5.06497e+09
-1.75 -0.25 -0.25 0.340693 0.551148 0.434033 1.47046e+10
-1.25 0.25 -0.25 0.354379 0.607325 0.409989 1.02939e+10
-1.75 0.75 -0.25 0.402591 0.487766 0.37447 2.06115e+10
-1.25 1.25 -0.25 0.383821 0.589236 0.355034 2.30792e+10
-0.75 -1.25 -0.25 0.228233 0.358745 0.56193 2.82051e+09
-0.25 -0.75 -0.25 0.236485 0.411604 0.564763 3.28698e+09
-0.75 -0.25 -0.25 0.290263 0.51888 0.482793 5.37855e+09
-0.25 0.25 -0.25 0.305401 0.562905 0.476244 6.10706e+09
-0.75 0.75 -0.25 0.356268 0.613781 0.399371 1.00365e+10
-0.25 1.25 -0.25 0.357493 0.631076 0.396585 9.67422e+09
0.25 -1.25 -0.25 0.130385 0.327169 0.622812 2.19828e+09
0.75 -0.75 -0.25 0.125178 0.393764 0.608347 2.58099e+09
0.25 -0.25 -0.25 0.224821 0.475293 0.554069 3.83115e+09
0.75 0.25 -0.25 0.229468 0.510747 0.547126 4.22514e+09
0.25 0.75 -0.25 0.309696 0.581437 0.474183 6.26076e+09
0.75 1.25 -0.25 0.338186 0.610775 0.465506 6.95524e+09
1.25 -1.25 -0.25 0.0318574 0.348166 0.63727 1.83921e+09
1.75 -0.75 -0.25 0.0491533 0.417101 0.61628 2.11324e+09
1.25 -0.25 -0.25 0.137101 0.450525 0.595568 2.95476e+09
1.75 0.25 -0.25 0.166865 0.505102 0.576579 3.3297e+09
1.25 0.75 -0.25 0.257214 0.550978 0.533981 4.74307e+09
1.75 1.25 -0.25 0.290109 0.575237 0.519129 4.90792e+09
2.25 -1.25 -0.25 -0.0262226 0.402426 0.61223 1.50021e+09
2.25 -0.25 -0.25 0.0820506 0.480433 0.591176 2.35947e+09
2.25 0.75 -0.25 0.20386 0.546583 0.555353 3.52655e+09
-2.5 -1.5 0 -0.0431702 0.453796 0.570982 1.50242e+10
-2.5 -0.5 0 0.174659 0.384307 0.491368 3.38314e+10
-2.5 0.5 0 0.208258 0.410935 0.45953 5.40669e+10
-2.5 1.5 0 0.204219 0.40652 0.442603 7.30789e+10
-1.5 -1.5 0 -0.127028 0.523406 0.579074 9.83059e+09
-2 -1 0 -0.0573971 0.522893 0.555248 1.71542e+10
-1.5 -0.5 0 -0.0617349 0.589044 0.537084 1.95294e+10
-2 0 0 0.155556 0.538651 0.476432 3.96819e+10
-1.5 0.5 0 0.139377 0.614087 0.468728 3.99684e+10
-2 1 0 0.177466 0.487428 0.441803 5.9931e+10
-1.5 1.5 0 0.168089 0.568769 0.421912 6.3804e+10
-0.5 -1.5 0 -0.195403 0.559705 0.584533 7.63658e+09
-1 -1 0 -0.129098 0.578546 0.557913 1.15298e+10
-0.5 -0.5 0 -0.109357 0.636445 0.537903 1.34168e+10
-1 0 0 -0.0374317 0.634421 0.510186 2.05394e+10
-0.5 0.5 0 -0.0296696 0.704895 0.485749 2.42802e+10
-1 1 0 0.048309 0.669939 0.465051 3.84655e+10
-0.5 1.5 0 0.0686532 0.725467 0.429627 3.67151e+10
0.5 -1.5 0 -0.232122 0.591812 0.583141 6.70419e+09
0 -1 0 -0.175032 0.618208 0.563429 9.40972e+09
0.5 -0.5 0 -0.149558 0.672248 0.536708 1.13961e+10
0 0 0 -0.0883019 0.697824 0.51061 1.62844e+10
0.5 0.5 0 -0.0529324 0.73877 0.482119 1.81768e+10
0 1 0 0.00299224 0.748552 0.454452 2.57261e+10
0.5 1.5 0 0.0516813 0.792487 0.416758 2.77729e+10
1.5 -1.5 0 -0.261263 0.624122 0.561764 5.96045e+09
1 -1 0 -0.206889 0.644448 0.556249 8.16511e+09
1.5 -0.5 0 -0.171682 0.691644 0.52792 9.57461e+09
1 0 0 -0.112244 0.715504 0.509631 1.30983e+10
1.5 0.5 0 -0.0663206 0.754938 0.478003 1.45748e+10
1 1 0 -0.00373624 0.777651 0.448687 2.00005e+10
1.5 1.5 0 0.0466289 0.800321 0.412948 1.99428e+10
2.5 -1.5 0 -0.280165 0.663275 0.518803 5.01504e+09
2 -1 0 -0.228504 0.674066 0.530904 6.99256e+09
2.5 -0.5 0 -0.189207 0.719456 0.496586 7.7974e+09
2 0 0 -0.129596 0.7343 0.495344 1.07172e+10
2.5 0.5 0 -0.0850085 0.769253 0.458947 1.12234e+10
2 1 0 -0.0193982 0.783738 0.443191 1.50346e+10
2.5 1.5 0 0.0342535 0.809747 0.402082 1.49453e+10
-2.25 -1.25 0.25 0.421221 0.393326 0.47023 3.60311e+09
-2.25 -0.25 0.25 0.469214 0.391983 0.399263 1.01815e+10
-2.25 0.75 0.25 0.517537 0.340798 0.341134 1.43094e+10
-1.25 -1.25 0.25 0.317878 0.362786 0.550771 2.06801e+09
-1.75 -0.75 0.25 0.385986 0.490208 0.452068 4.05162e+09
-1.25 -0.25 0.25 0.382135 0.508205 0.441637 4.20156e+09
-1.75 0.25 0.25 0.427367 0.534347 0.380379 1.15824e+10
-1.25 0.75 0.25 0.434137 0.583328 0.360247 7.58519e+09
-1.75 1.25 0.25 0.472659 0.442868 0.324799 1.51517e+10
-0.25 -1.25 0.25 0.158128 0.334425 0.638492 1.45137e+09
-0.75 -0.75 0.25 0.284227 0.440985 0.542733 2.30265e+09
-0.25 -0.25 0.25 0.26729 0.463158 0.552254 2.45299e+09
-0.75 0.25 0.25 0.355704 0.548036 0.45096 4.15665e+09
-0.25 0.75 0.25 0.361477 0.583972 0.451167 4.42088e+09
-0.75 1.25 0.25 0.432876 0.591566 0.355555 7.02119e+09
0.75 -1.25 0.25 0.0373453 0.351401 0.683096 1.21373e+09
0.25 -0.75 0.25 0.151329 0.396592 0.636357 1.68097e+09
0.75 -0.25 0.25 0.153705 0.466952 0.619401 1.95669e+09
0.25 0.25 0.25 0.265996 0.523825 0.546733 2.83521e+09
0.75 0.75 0.25 0.273344 0.559923 0.540182 3.03667e+09
0.25 1.25 0.25 0.365536 0.599481 0.452674 4.32267e+09
1.75 -1.25 0.25 -0.0410396 0.402838 0.676953 1.04254e+09
1.25 -0.75 0.25 0.0471675 0.424318 0.660848 1.41343e+09
1.75 -0.25 0.25 0.0732915 0.483992 0.639108 1.60036e+09
1.25 0.25 0.25 0.170575 0.515668 0.603679 2.18105e+09
1.75 0.75 0.25 0.21108 0.556623 0.583595 2.41225e+09
1.25 1.25 0.25 0.311659 0.590774 0.525831 3.32894e+09
2.25 -0.75 0.25 -0.00976896 0.468601 0.650361 1.17641e+09
2.25 0.25 0.25 0.116919 0.534355 0.614583 1.76744e+09
2.25 1.25 0.25 0.257089 0.585732 0.559116 2.51448e+09
-2.5 -1 0.5 0.0214459 0.459497 0.534433 1.239e+10
-2.5 0 0.5 0.200933 0.406794 0.461148 2.7045e+10
-2.5 1 0.5 0.21979 0.411249 0.432598 4.13029e+10
-2 -1.5 0.5 -0.0971224 0.477502 0.57527 6.64906e+09
-1.5 -1 0.5 -0.0899148 0.554392 0.555426 7.71373e+09
-2 -0.5 0.5 0.00277877 0.559393 0.519677 1.41004e+10
-1.5 0 0.5 -0.0217655 0.605593 0.507664 1.53888e+10
-2 0.5 0.5 0.173681 0.525429 0.445624 2.99535e+10
-1.5 1 0.5 0.17958 0.602409 0.436786 2.88252e+10
-2 1.5 0.5 0.205936 0.486624 0.41142 4.30752e+10
-1 -1.5 0.5 -0.170327 0.549241 0.584998 4.91629e+09
-0.5 -1 0.5 -0.154435 0.615186 0.560015 5.88583e+09
-1 -0.5 0.5 -0.0858186 0.627604 0.532274 9.12194e+09
-0.5 0 0.5 -0.0676254 0.67221 0.510466 9.88149e+09
-1 0.5 0.5 0.00617575 0.651003 0.47996 1.5065e+10
-0.5 1 0.5 0.0226481 0.728531 0.452357 1.68554e+10
-1 1.5 0.5 0.0926661 0.674051 0.432608 2.64271e+10
0 -1.5 0.5 -0.211802 0.594993 0.586505 4.12379e+09
0.5 -1 0.5 -0.179525 0.649881 0.562895 5.00562e+09
0 -0.5 0.5 -0.125827 0.667979 0.5378 6.87083e+09
0.5 0 0.5 -0.0822921 0.725958 0.506305 8.20542e+09
0 0.5 0.5 -0.031043 0.737882 0.478634 1.15333e+10
0.5 1 0.5 0.0209954 0.778102 0.445004 1.2358e+10
0 1.5 0.5 0.067656 0.772305 0.417845 1.68848e+10
1 -1.5 0.5 -0.229449 0.625564 0.58286 3.68306e+09
1.5 -1 0.5 -0.19001 0.677199 0.554042 4.41413e+09
1 -0.5 0.5 -0.136633 0.702485 0.533534 5.98501e+09
1.5 0 0.5 -0.0856396 0.743171 0.504133 6.79227e+09
1 0.5 0.5 -0.0297132 0.76493 0.475236 9.13083e+09
1.5 1 0.5 0.0350864 0.79556 0.44025 9.79735e+09
1 1.5 0.5 0.0926448 0.809778 0.405179 1.30088e+10
2 -1.5 0.5 -0.241874 0.657403 0.561707 3.26779e+09
2.5 -1 0.5 -0.198588 0.704526 0.53024 3.74463e+09
2 -0.5 0.5 -0.142904 0.721335 0.524145 5.06459e+09
2.5 0 0.5 -0.0902809 0.759108 0.490888 5.5312e+09
2 0.5 0.5 -0.0274862 0.776595 0.471242 7.37764e+09
2.5 1 0.5 0.0317389 0.801147 0.434417 7.53662e+09
2 1.5 0.5 0.100385 0.81403 0.401383 9.80166e+09
-2.25 -0.75 0.75 0.464443 0.408331 0.431638 2.93807e+09
-2.25 0.25 0.75 0.516874 0.367774 0.360013 7.51985e+09
-2.25 1.25 0.75 0.544873 0.304075 0.308872 1.05628e+10
-1.75 -1.25 0.75 0.390289 0.348244 0.528144 1.50399e+09
-1.25 -0.75 0.75 0.364646 0.403855 0.527056 1.60221e+09
-1.75 -0.25 0.75 0.472342 0.491894 0.410361 3.30483e+09
-1.25 0.25 0.75 0.450903 0.510473 0.408619 3.14525e+09
-1.75 0.75 0.75 0.494595 0.501464 0.338902 8.39894e+09
-1.25 1.25 0.75 0.501882 0.541389 0.321832 5.20959e+09
-0.75 -1.25 0.75 0.218928 0.32942 0.646009 9.74523e+08
-0.25 -0.75 0.75 0.186195 0.411437 0.637147 1.10967e+09
-0.75 -0.25 0.75 0.339837 0.472873 0.526455 1.78439e+09
-0.25 0.25 0.75 0.302326 0.508004 0.541092 1.77952e+09
-0.75 0.75 0.75 0.416763 0.549066 0.424388 2.95606e+09
-0.25 1.25 0.75 0.414268 0.585624 0.428128 2.97789e+09
0.25 -1.25 0.75 0.0456472 0.369766 0.705931 7.94005e+08
0.75 -0.75 0.75 0.0461439 0.442149 0.687194 9.18964e+08
0.25 -0.25 0.75 0.166309 0.47001 0.632565 1.23152e+09
0.75 0.25 0.75 0.17985 0.535577 0.611999 1.42201e+09
0.25 0.75 0.75 0.300404 0.565657 0.534569 1.99074e+09
0.75 1.25 0.75 0.316473 0.600376 0.522143 2.07129e+09
1.25 -1.25 0.75 -0.0505601 0.422788 0.711924 6.9939e+08
1.75 -0.75 0.75 -0.0226193 0.489237 0.681602 8.02645e+08
1.25 -0.25 0.75 0.0689304 0.509519 0.658907 1.06105e+09
1.75 0.25 0.75 0.107126 0.556478 0.632207 1.18017e+09
1.25 0.75 0.75 0.208415 0.578257 0.590099 1.55607e+09
1.75 1.25 0.75 0.261989 0.605307 0.563136 1.69482e+09
2.25 -1.25 0.75 -0.0961639 0.477893 0.686957 6.04836e+08
2.25 -0.25 0.75 0.0205049 0.540573 0.653182 8.94804e+08
2.25 0.75 0.75 0.163445 0.589169 0.604359 1.28584e+09
-2.5 -1.5 1 -0.0619666 0.37938 0.564207 4.36158e+09
-2.5 -0.5 1 0.163396 0.442967 0.492525 1.07644e+10
-2.5 0.5 1 0.21746 0.425969 0.437198 2.00509e+10
-2.5 1.5 1 0.21232 0.403214 0.416278 2.9058e+10
-1.5 -1.5 1 -0.146334 0.50926 0.593579 3.09188e+09
-2 -1 1 -0.056359 0.494363 0.550933 5.04946e+09
-1.5 -0.5 1 -0.0550503 0.586154 0.531365 5.88487e+09
-2 0 1 0.0499398 0.567075 0.488974 1.08734e+10
-1.5 0.5 1 0.0059882 0.614877 0.483495 1.11836e+10
-2 1 1 0.191063 0.536515 0.423056 2.16285e+10
-1.5 1.5 1 0.210107 0.596837 0.413787 1.9549e+10
-0.5 -1.5 1 -0.199827 0.588695 0.593343 2.57467e+09
-1 -1 1 -0.13412 0.594323 0.56746 3.73288e+09
-0.5 -0.5 1 -0.112625 0.662885 0.538639 4.39772e+09
-1 0 1 -0.0508311 0.65617 0.509212 6.71113e+09
-0.5 0.5 1 -0.0251877 0.704187 0.485247 6.94695e+09
-1 1 1 0.0429749 0.663881 0.455889 1.03333e+10
-0.5 1.5 1 0.0729603 0.748041 0.42383 1.10556e+10
0.5 -1.5 1 -0.216247 0.634112 0.586523 2.29012e+09
0 -1 1 -0.169251 0.652785 0.563717 3.1002e+09
0.5 -0.5 1 -0.125688 0.705708 0.535355 3.64689e+09
0 0 1 -0.0794372 0.713448 0.511657 4.92812e+09
0.5 0.5 1 -0.0175032 0.770109 0.473546 5.70042e+09
0 1 1 0.0277638 0.770599 0.44761 7.75602e+09
0.5 1.5 1 0.102222 0.806138 0.406626 7.89249e+09
1.5 -1.5 1 -0.215802 0.663576 0.577175 2.07936e+09
1 -1 1 -0.170681 0.686833 0.558331 2.75351e+09
1.5 -0.5 1 -0.113462 0.734114 0.526432 3.23487e+09
1 0 1 -0.0637745 0.756014 0.500238 4.27909e+09
1.5 0.5 1 0.00525226 0.788871 0.465827 4.71442e+09
1 1 1 0.0561565 0.803203 0.435213 6.11476e+09
1.5 1.5 1 0.142721 0.822358 0.391191 6.36321e+09
2.5 -1.5 1 -0.215005 0.692051 0.555633 1.83083e+09
2 -1 1 -0.164396 0.710979 0.54664 2.44216e+09
2.5 -0.5 1 -0.107084 0.749795 0.515423 2.74006e+09
2 0 1 -0.0501682 0.769214 0.494659 3.60966e+09
2.5 0.5 1 0.0177994 0.795311 0.459959 3.84536e+09
2 1 1 0.0818346 0.810414 0.427928 4.97774e+09
2.5 1.5 1 0.157361 0.819855 0.387192 4.95545e+09
-2.25 -1.25 1.25 0.453513 0.281573 0.498849 1.06722e+09
-2.25 -0.25 1.25 0.527058 0.402137 0.391601 2.24114e+09
-2.25 0.75 1.25 0.561652 0.358643 0.32875 5.44955e+09
-1.25 -1.25 1.25 0.280222 0.292967 0.645342 6.39231e+08
-1.75 -0.75 1.25 0.440158 0.360439 0.503166 1.14486e+09
-1.25 -0.25 1.25 0.41761 0.421807 0.509256 1.20166e+09
-1.75 0.25 1.25 0.537918 0.473184 0.376167 2.39475e+09
-1.25 0.75 1.25 0.512874 0.490594 0.383844 2.17308e+09
-1.75 1.25 1.25 0.556593 0.463618 0.30609 5.63878e+09
-0.25 -1.25 1.25 0.0713029 0.372824 0.724463 5.15163e+08
-0.75 -0.75 1.25 0.247798 0.387269 0.639531 7.27277e+08
-0.25 -0.25 1.25 0.21101 0.471979 0.631159 8.16847e+08
-0.75 0.25 1.25 0.377229 0.498816 0.514362 1.27983e+09
-0.25 0.75 1.25 0.333494 0.540828 0.528643 1.22344e+09
-0.75 1.25 1.25 0.469946 0.524565 0.40645 1.91223e+09
0.75 -1.25 1.25 -0.0565399 0.451774 0.728622 4.60148e+08
0.25 -0.75 1.25 0.0558592 0.459869 0.698555 5.92515e+08
0.75 -0.25 1.25 0.0585002 0.52969 0.670017 6.70687e+08
0.25 0.25 1.25 0.18443 0.537187 0.619778 8.74033e+08
0.75 0.75 1.25 0.208902 0.595501 0.590637 9.87175e+08
0.25 1.25 1.25 0.338627 0.597604 0.515802 1.31387e+09
1.75 -1.25 1.25 -0.108557 0.507302 0.704616 4.14041e+08
1.25 -0.75 1.25 -0.0360118 0.519646 0.694656 5.28906e+08
1.75 -0.25 1.25 0.00756803 0.572978 0.658998 6.01027e+08
1.25 0.25 1.25 0.0974481 0.586029 0.63444 7.67385e+08
1.75 0.75 1.25 0.151047 0.618417 0.599968 8.42645e+08
1.25 1.25 1.25 0.251448 0.62796 0.556214 1.06276e+09
2.25 -0.75 1.25 -0.064774 0.559411 0.670811 4.66415e+08
2.25 0.25 1.25 0.0645544 0.606393 0.62691 6.61108e+08
2.25 1.25 1.25 0.222067 0.631313 0.566808 9.07501e+08
-2.5 -1 1.5 -0.0856025 0.437034 0.555501 3.75055e+09
-2.5 0 1.5 0.181962 0.457071 0.474098 7.96247e+09
-2.5 1 1.5 0.213854 0.465095 0.421722 1.37717e+10
-2 -1.5 1.5 -0.146449 0.453331 0.592825 2.05313e+09
-1.5 -1 1.5 -0.121111 0.53601 0.578215 2.26931e+09
-2 -0.5 1.5 -0.037604 0.500051 0.531737 3.71869e+09
-1.5 0 1.5 -0.02902 0.611583 0.510293 4.24656e+09
-2 0.5 1.5 0.0534066 0.574759 0.473502 7.59347e+09
-1.5 1 1.5 0.0147051 0.629128 0.47123 7.57995e+09
-2 1.5 1.5 0.15689 0.560271 0.425462 1.38028e+10
-1 -1.5 1.5 -0.194071 0.553919 0.612261 1.55763e+09
-0.5 -1 1.5 -0.163854 0.639135 0.576012 1.90538e+09
-1 -0.5 1.5 -0.102333 0.63399 0.548407 2.73101e+09
-0.5 0 1.5 -0.0729894 0.702731 0.517661 3.12646e+09
-1 0.5 1.5 -0.0170334 0.684205 0.488779 4.67041e+09
-0.5 1 1.5 0.0204031 0.735057 0.462117 4.61851e+09
-1 1.5 1.5 0.0727649 0.686064 0.438546 6.71016e+09
0 -1.5 1.5 -0.213267 0.633344 0.594378 1.416e+09
0.5 -1 1.5 -0.166877 0.693471 0.559456 1.70385e+09
0 -0.5 1.5 -0.123488 0.704306 0.540369 2.2592e+09
0.5 0 1.5 -0.0685116 0.754937 0.50463 2.57749e+09
0 0.5 1.5 -0.0274434 0.754632 0.484693 3.37657e+09
0.5 1 1.5 0.0579093 0.80429 0.438946 3.73614e+09
0 1.5 1.5 0.102049 0.795107 0.417431 4.84957e+09
1 -1.5 1.5 -0.205535 0.674631 0.57834 1.31002e+09
1.5 -1 1.5 -0.147527 0.722748 0.546349 1.55358e+09
1 -0.5 1.5 -0.106981 0.742748 0.525008 2.00087e+09
1.5 0 1.5 -0.0305005 0.782653 0.487535 2.29895e+09
1 0.5 1.5 0.0145308 0.798068 0.462148 2.93241e+09
1.5 1 1.5 0.103808 0.820027 0.418331 3.13907e+09
1 1.5 1.5 0.153128 0.826797 0.388221 3.86769e+09
2 -1.5 1.5 -0.190602 0.700213 0.564511 1.19568e+09
2.5 -1 1.5 -0.129791 0.741215 0.533258 1.37249e+09
2 -0.5 1.5 -0.0790955 0.762184 0.512985 1.78652e+09
2.5 0 1.5 -0.00667646 0.78958 0.479541 1.95687e+09
2 0.5 1.5 0.050325 0.806425 0.450034 2.50042e+09
2.5 1 1.5 0.134337 0.817165 0.410639 2.6017e+09
2 1.5 1.5 0.199544 0.824914 0.371647 3.23891e+09
