449
-2.5 -1 -1.5 0.384213 0.0595637 0.350043 8.5368e+09
-2.5 0 -1.5 0.421513 0.043339 0.280851 5.88865e+09
-2.5 1 -1.5 0.452997 0.0475726 0.212591 3.82374e+09
-2 -1.5 -1.5 0.422695 0.0915577 0.386997 1.31057e+10
-1.5 -1 -1.5 0.489664 0.0929109 0.354479 1.4251e+10
-2 -0.5 -1.5 0.451329 0.0672863 0.319061 9.15704e+09
-1.5 0 -1.5 0.50868 0.0865337 0.286544 9.41443e+09
-2 0.5 -1.5 0.477873 0.0664251 0.250711 5.99956e+09
-1.5 1 -1.5 0.52389 0.0990245 0.220877 5.85659e+09
-2 1.5 -1.5 0.497742 0.0820473 0.185465 3.7103e+09
-1 -1.5 -1.5 0.53762 0.118048 0.386303 2.22487e+10
-0.5 -1 -1.5 0.591621 0.126251 0.3489 2.33417e+10
-1 -0.5 -1.5 0.5465 0.107084 0.319488 1.4799e+10
-0.5 0 -1.5 0.592403 0.133064 0.283503 1.46434e+10
-1 0.5 -1.5 0.55524 0.116293 0.253743 9.25072e+09
-0.5 1 -1.5 0.589858 0.154561 0.221488 8.65972e+09
-1 1.5 -1.5 0.558434 0.139162 0.191994 5.46083e+09
0 -1.5 -1.5 0.642208 0.141342 0.374007 3.68945e+10
0.5 -1 -1.5 0.681435 0.158878 0.331459 3.6938e+10
0 -0.5 -1.5 0.635153 0.147857 0.309612 2.32504e+10
0.5 0 -1.5 0.666961 0.180628 0.269747 2.1919e+10
0 0.5 -1.5 0.626204 0.168774 0.247572 1.37609e+10
0.5 1 -1.5 0.647673 0.211236 0.212003 1.22609e+10
0 1.5 -1.5 0.612388 0.19851 0.189909 7.71096e+09
1 -1.5 -1.5 0.726478 0.165939 0.347844 5.79308e+10
1.5 -1 -1.5 0.751274 0.194421 0.299931 5.47292e+10
1 -0.5 -1.5 0.710048 0.188995 0.287508 3.48806e+10
1.5 0 -1.5 0.727081 0.228494 0.24293 3.09968e+10
1 0.5 -1.5 0.686578 0.221438 0.229829 1.95205e+10
1.5 1 -1.5 0.694911 0.266432 0.189946 1.64622e+10
1 1.5 -1.5 0.657916 0.256923 0.176635 1.03787e+10
2 -1.5 -1.5 0.785139 0.20163 0.305061 8.19969e+10
2.5 -1 -1.5 0.796641 0.240774 0.251308 7.2609e+10
2 -0.5 -1.5 0.765414 0.233425 0.250573 4.84738e+10
2.5 0 -1.5 0.768733 0.278558 0.200621 4.03679e+10
2 0.5 -1.5 0.733012 0.273199 0.198143 2.59939e+10
2.5 1 -1.5 0.72945 0.318954 0.153104 2.06918e+10
2 1.5 -1.5 0.693846 0.311852 0.14979 1.32159e+10
-2.25 -0.75 -1.25 0.648507 -0.51675 0.289625 5.47874e+09
-2.25 0.25 -1.25 0.693382 -0.500592 0.195876 3.64199e+09
-2.25 1.25 -1.25 0.727089 -0.474047 0.111478 2.26209e+09
-1.75 -1.25 -1.25 0.634558 -0.507425 0.345466 8.25436e+09
-1.25 -0.75 -1.25 0.675326 -0.487232 0.300706 8.45763e+09
-1.75 -0.25 -1.25 0.685286 -0.49529 0.248262 5.58259e+09
-1.25 0.25 -1.25 0.719084 -0.465388 0.208602 5.37884e+09
-1.75 0.75 -1.25 0.723725 -0.470723 0.160024 3.50117e+09
-1.25 1.25 -1.25 0.748465 -0.436266 0.127685 3.17748e+09
-0.75 -1.25 -1.25 0.663897 -0.475422 0.352437 1.2584e+10
-0.25 -0.75 -1.25 0.706799 -0.446183 0.303907 1.22279e+10
-0.75 -0.25 -1.25 0.71329 -0.457505 0.256804 8.17601e+09
-0.25 0.25 -1.25 0.744524 -0.421638 0.215516 7.41977e+09
-0.75 0.75 -1.25 0.746749 -0.43017 0.172051 4.87953e+09
-0.25 1.25 -1.25 0.766114 -0.392774 0.138725 4.15762e+09
0.25 -1.25 -1.25 0.700642 -0.430076 0.348572 1.78103e+10
0.75 -0.75 -1.25 0.740907 -0.393676 0.296385 1.62704e+10
0.25 -0.25 -1.25 0.742277 -0.409868 0.257366 1.11177e+10
0.75 0.25 -1.25 0.767572 -0.369846 0.213231 9.42158e+09
0.25 0.75 -1.25 0.766566 -0.38292 0.177111 6.30204e+09
0.75 1.25 -1.25 0.778546 -0.344051 0.140944 5.02859e+09
1.25 -1.25 -1.25 0.741714 -0.371604 0.33056 2.28705e+10
1.75 -0.75 -1.25 0.774474 -0.329554 0.273379 1.94569e+10
1.25 -0.25 -1.25 0.769913 -0.352473 0.24591 1.37846e+10
1.75 0.25 -1.25 0.786542 -0.309667 0.197109 1.0888e+10
1.25 0.75 -1.25 0.781722 -0.329042 0.171102 7.47492e+09
1.75 1.25 -1.25 0.784699 -0.289569 0.129899 5.60375e+09
2.25 -1.25 -1.25 0.78157 -0.300369 0.293744 2.58809e+10
2.25 -0.25 -1.25 0.793493 -0.284848 0.217361 1.5347e+10
2.25 0.75 -1.25 0.790681 -0.267716 0.14917 8.10136e+09
-2.5 -1.5 -1 0.360865 0.198635 0.374988 2.07851e+10
-2.5 -0.5 -1 0.374509 0.179149 0.303254 1.4348e+10
-2.5 0.5 -1 0.387691 0.177127 0.231596 9.34925e+09
-2.5 1.5 -1 0.397365 0.18836 0.162784 5.78101e+09
-1.5 -1.5 -1 0.4826 0.226049 0.375607 3.58996e+10
-2 -1 -1 0.423166 0.203099 0.341132 2.26251e+10
-1.5 -0.5 -1 0.475211 0.217512 0.30523 2.35656e+10
-2 0 -1 0.427448 0.197156 0.269883 1.48168e+10
-1.5 0.5 -1 0.470809 0.223807 0.236303 1.46548e+10
-2 1 -1 0.431108 0.205884 0.200848 9.19627e+09
-1.5 1.5 -1 0.464485 0.24156 0.171232 8.65737e+09
-0.5 -1.5 -1 0.595941 0.249282 0.364554 6.09853e+10
-1 -1 -1 0.53172 0.236112 0.336982 3.77273e+10
-0.5 -0.5 -1 0.571021 0.25652 0.296837 3.77412e+10
-1 0 -1 0.517361 0.241291 0.268507 2.34435e+10
-0.5 0.5 -1 0.548733 0.273362 0.232113 2.22076e+10
-1 1 -1 0.503659 0.257989 0.203476 1.38404e+10
-0.5 1.5 -1 0.525626 0.297714 0.171632 1.24545e+10
0.5 -1.5 -1 0.69132 0.268671 0.339784 9.99025e+10
0 -1 -1 0.630432 0.266616 0.32077 6.1253e+10
0.5 -0.5 -1 0.654976 0.294074 0.276225 5.81911e+10
0 0 -1 0.599664 0.28613 0.256528 3.58349e+10
0.5 0.5 -1 0.617242 0.322851 0.216577 3.2214e+10
0 1 -1 0.568968 0.311691 0.196416 1.99857e+10
0.5 1.5 -1 0.579021 0.353392 0.161183 1.71078e+10
1.5 -1.5 -1 0.760816 0.291412 0.299097 1.51519e+11
1 -1 -1 0.710829 0.295356 0.290738 9.46663e+10
1.5 -0.5 -1 0.720673 0.330648 0.241081 8.43059e+10
1 0 -1 0.668963 0.329519 0.231612 5.21448e+10
1.5 0.5 -1 0.673093 0.369633 0.1871 4.41694e+10
1 1 -1 0.624666 0.363581 0.176924 2.74628e+10
1.5 1.5 -1 0.623734 0.405 0.137144 2.23025e+10
2.5 -1.5 -1 0.801249 0.328935 0.239523 2.01348e+11
2 -1 -1 0.766833 0.328099 0.244203 1.33823e+11
2.5 -0.5 -1 0.763793 0.370092 0.188835 1.11024e+11
2 0 -1 0.721128 0.371093 0.191283 7.07454e+10
2.5 0.5 -1 0.713478 0.412865 0.141404 5.62616e+10
2 1 -1 0.668971 0.410822 0.142477 3.55486e+10
2.5 1.5 -1 0.65883 0.44996 0.0972366 2.73778e+10
-2.25 -1.25 -0.75 0.658321 -0.396287 0.287559 1.54511e+10
-2.25 -0.25 -0.75 0.68905 -0.391353 0.185089 1.0369e+10
-2.25 0.75 -0.75 0.711136 -0.372623 0.0918809 6.52575e+09
-1.25 -1.25 -0.75 0.696282 -0.356064 0.298275 2.45902e+10
-1.75 -0.75 -0.75 0.692774 -0.376292 0.241642 1.60403e+10
-1.25 -0.25 -0.75 0.723962 -0.346258 0.196494 1.57576e+10
-1.75 0.25 -0.75 0.717575 -0.36143 0.144133 1.01693e+10
-1.25 0.75 -0.75 0.740586 -0.324807 0.106584 9.42284e+09
-1.75 1.25 -0.75 0.732256 -0.336966 0.0584484 6.05116e+09
-0.25 -1.25 -0.75 0.738023 -0.299919 0.298704 3.67176e+10
-0.75 -0.75 -0.75 0.730606 -0.32615 0.248372 2.4214e+10
-0.25 -0.25 -0.75 0.758616 -0.288087 0.200753 2.24252e+10
-0.75 0.25 -0.75 0.749265 -0.308794 0.154233 1.45931e+10
-0.25 0.75 -0.75 0.765992 -0.267041 0.115647 1.26746e+10
-0.75 1.25 -0.75 0.755798 -0.284469 0.0730091 8.21435e+09
0.75 -1.25 -0.75 0.781109 -0.228843 0.285521 5.06242e+10
0.25 -0.75 -0.75 0.769086 -0.26172 0.245086 3.40455e+10
0.75 -0.25 -0.75 0.789828 -0.217825 0.194224 2.93744e+10
0.25 0.25 -0.75 0.777207 -0.245088 0.156415 1.9407e+10
0.75 0.75 -0.75 0.785559 -0.199862 0.11502 1.57253e+10
0.25 1.25 -0.75 0.773274 -0.223606 0.0802157 1.03385e+10
1.75 -1.25 -0.75 0.819618 -0.145664 0.253824 6.25595e+10
1.25 -0.75 -0.75 0.804101 -0.184679 0.227437 4.3615e+10
1.75 -0.25 -0.75 0.815172 -0.136789 0.171626 3.49222e+10
1.25 0.25 -0.75 0.799506 -0.171037 0.146017 2.3649e+10
1.75 0.75 -0.75 0.798003 -0.124096 0.0997172 1.79098e+10
1.25 1.25 -0.75 0.783618 -0.154812 0.0755522 1.20163e+10
2.25 -0.75 -0.75 0.831807 -0.0973918 0.189876 4.99585e+10
2.25 0.25 -0.75 0.814084 -0.0883435 0.117702 2.62227e+10
2.25 1.25 -0.75 0.786279 -0.0786581 0.0538609 1.29163e+10
-2.5 -1 -0.5 0.571393 -0.253941 0.327278 3.7095e+10
-2.5 0 -0.5 0.596082 -0.256835 0.240144 2.47905e+10
-2.5 1 -0.5 0.614263 -0.246134 0.158386 1.5573e+10
-2 -1.5 -0.5 0.584411 -0.225132 0.375554 5.72349e+10
-1.5 -1 -0.5 0.621925 -0.208033 0.333153 5.99994e+10
-2 -0.5 -0.5 0.607608 -0.235501 0.287511 3.86552e+10
-1.5 0 -0.5 0.638746 -0.208431 0.247874 3.82174e+10
-2 0.5 -0.5 0.625552 -0.229552 0.203779 2.44359e+10
-1.5 1 -0.5 0.648416 -0.195583 0.169716 2.28385e+10
-2 1.5 -0.5 0.635807 -0.212851 0.127711 1.4546e+10
-1 -1.5 -0.5 0.640229 -0.173082 0.375863 9.25851e+10
-0.5 -1 -0.5 0.674103 -0.148233 0.328729 9.22656e+10
-1 -0.5 -0.5 0.654624 -0.181687 0.289896 5.9534e+10
-0.5 0 -0.5 0.68016 -0.147437 0.247809 5.57468e+10
-1 0.5 -0.5 0.662984 -0.174088 0.210006 3.57461e+10
-0.5 1 -0.5 0.678184 -0.134717 0.174775 3.15085e+10
-1 1.5 -0.5 0.662842 -0.157082 0.138608 2.0173e+10
0 -1.5 -0.5 0.697958 -0.107429 0.362753 1.41923e+11
0.5 -1 -0.5 0.724767 -0.0757294 0.311385 1.33378e+11
0 -0.5 -0.5 0.700624 -0.114776 0.282077 8.65353e+10
0.5 0 -0.5 0.717028 -0.0750573 0.237203 7.59397e+10
0 0.5 -0.5 0.696077 -0.107596 0.207979 4.90305e+10
0.5 1 -0.5 0.701755 -0.0646874 0.17043 4.05473e+10
0 1.5 -0.5 0.683713 -0.0927079 0.142036 2.61918e+10
1 -1.5 -0.5 0.751978 -0.0309724 0.333831 2.02781e+11
1.5 -1 -0.5 0.767641 0.00604616 0.278189 1.77064e+11
1 -0.5 -0.5 0.741175 -0.0369326 0.261148 1.16769e+11
1.5 0 -0.5 0.746538 0.00619514 0.212545 9.54278e+10
1 0.5 -0.5 0.722713 -0.0317267 0.194339 6.24477e+10
1.5 1 -0.5 0.718019 0.0125603 0.153206 4.84271e+10
1 1.5 -0.5 0.697586 -0.021121 0.134631 3.17055e+10
2 -1.5 -0.5 0.79374 0.052442 0.28645 2.60614e+11
2.5 -1 -0.5 0.796813 0.0934903 0.226029 2.10162e+11
2 -0.5 -0.5 0.772152 0.0483298 0.22362 1.43716e+11
2.5 0 -0.5 0.765445 0.0925606 0.170627 1.09288e+11
2 0.5 -0.5 0.741059 0.0506995 0.16563 7.33194e+10
2.5 1 -0.5 0.726165 0.0941396 0.119749 5.35338e+10
2 1.5 -0.5 0.704383 0.0556717 0.112943 3.57609e+10
-2.25 -0.75 -0.25 0.613433 -0.193368 0.219045 1.12642e+10
-2.25 0.25 -0.25 0.62763 -0.183662 0.124411 7.3009e+09
-2.25 1.25 -0.25 0.635411 -0.161351 0.0395636 4.46819e+09
-1.75 -1.25 -0.25 0.632818 -0.166557 0.275153 1.74582e+10
-1.25 -0.75 -0.25 0.666223 -0.135874 0.230153 1.76901e+10
-1.75 -0.25 -0.25 0.645931 -0.162534 0.177512 1.13846e+10
-1.25 0.25 -0.25 0.672358 -0.122116 0.138515 1.09174e+10
-1.75 0.75 -0.25 0.653064 -0.143999 0.0892172 6.99401e+09
-1.25 1.25 -0.25 0.670444 -0.0976686 0.0583361 6.33769e+09
-0.75 -1.25 -0.25 0.688922 -0.103032 0.281347 2.73602e+10
-0.25 -0.75 -0.25 0.717281 -0.0620702 0.233075 2.63196e+10
-0.75 -0.25 -0.25 0.69366 -0.0949642 0.186812 1.6987e+10
-0.25 0.25 -0.25 0.711802 -0.0463027 0.146935 1.5346e+10
-0.75 0.75 -0.25 0.690119 -0.0744614 0.10345 9.87824e+09
-0.25 1.25 -0.25 0.698186 -0.0222779 0.0720524 8.41874e+09
0.25 -1.25 -0.25 0.743173 -0.0236828 0.275629 4.04948e+10
0.75 -0.75 -0.25 0.761608 0.0252526 0.224113 3.64529e+10
0.25 -0.25 -0.25 0.7357 -0.0129078 0.187707 2.37376e+10
0.75 0.25 -0.25 0.743449 0.0416009 0.14516 2.00457e+10
0.25 0.75 -0.25 0.719706 0.00730401 0.110358 1.3021e+10
0.75 1.25 -0.25 0.717794 0.0629738 0.0760784 1.04208e+10
1.25 -1.25 -0.25 0.788313 0.0665713 0.25373 5.51259e+10
1.75 -0.75 -0.25 0.795293 0.120713 0.197111 4.60725e+10
1.25 -0.25 -0.25 0.769102 0.0799485 0.174821 3.06267e+10
1.75 0.25 -0.25 0.766043 0.136939 0.127306 2.4149e+10
1.25 0.75 -0.25 0.740987 0.0983041 0.104668 1.59284e+10
1.75 1.25 -0.25 0.729676 0.154207 0.0648641 1.20166e+10
2.25 -1.25 -0.25 0.818948 0.162099 0.209425 6.70025e+10
2.25 -0.25 -0.25 0.7914 0.177249 0.141973 3.60331e+10
2.25 0.75 -0.25 0.753762 0.192883 0.0804597 1.80447e+10
-2.5 -1.5 0 0.685627 -0.452915 0.352156 5.13152e+10
-2.5 -0.5 0 0.719087 -0.457475 0.255033 3.56134e+10
-2.5 0.5 0 0.744942 -0.449468 0.163019 2.3039e+10
-2.5 1.5 0 0.763101 -0.432668 0.0795944 1.40056e+10
-1.5 -1.5 0 0.718983 -0.408012 0.35971 8.33787e+10
-2 -1 0 0.718829 -0.436116 0.308012 5.48051e+10
-1.5 -0.5 0 0.749451 -0.413337 0.262959 5.51759e+10
-2 0 0 0.74718 -0.433979 0.213313 3.57892e+10
-1.5 0.5 0 0.77208 -0.40535 0.173159 3.39669e+10
-2 1 0 0.767598 -0.421069 0.12661 2.18707e+10
-1.5 1.5 0 0.785059 -0.391053 0.0935165 1.95611e+10
-0.5 -1.5 0 0.75635 -0.351574 0.356324 1.26205e+11
-1 -1 0 0.752271 -0.386349 0.311081 8.41336e+10
-0.5 -0.5 0 0.782447 -0.357812 0.262305 7.99e+10
-1 0 0 0.776877 -0.384635 0.218671 5.23665e+10
-0.5 0.5 0 0.797838 -0.353708 0.176942 4.65447e+10
-1 1 0 0.791195 -0.374801 0.135964 3.02881e+10
-0.5 1.5 0 0.802898 -0.345656 0.101951 2.5314e+10
0.5 -1.5 0 0.798145 -0.280619 0.338486 1.76461e+11
0 -1 0 0.789353 -0.32357 0.302829 1.20086e+11
0.5 -0.5 0 0.814175 -0.292774 0.250931 1.06119e+11
0 0 0 0.805363 -0.326754 0.215641 7.07944e+10
0.5 0.5 0 0.819314 -0.296896 0.171639 5.83562e+10
0 1 0 0.810622 -0.324113 0.138163 3.86407e+10
0.5 1.5 0 0.814577 -0.298604 0.102047 3.00574e+10
1.5 -1.5 0 0.836384 -0.199987 0.304768 2.2127e+11
1 -1 0 0.824566 -0.250681 0.281278 1.5571e+11
1.5 -0.5 0 0.840613 -0.22124 0.2258 1.26596e+11
1 0 0 0.82927 -0.262928 0.201312 8.68506e+10
1.5 0.5 0 0.833918 -0.237137 0.154281 6.61189e+10
1 1 0 0.823633 -0.271164 0.130272 4.49195e+10
1.5 1.5 0 0.818219 -0.25148 0.0910046 3.25616e+10
2.5 -1.5 0 0.86523 -0.114066 0.252613 2.4208e+11
2 -1 0 0.853002 -0.171424 0.243455 1.79007e+11
2.5 -0.5 0 0.857648 -0.146216 0.184397 1.33369e+11
2 0 0 0.845424 -0.195613 0.172806 9.53094e+10
2.5 0.5 0 0.838703 -0.176284 0.122401 6.71349e+10
2 1 0 0.827947 -0.217564 0.109586 4.72631e+10
2.5 1.5 0 0.812118 -0.204335 0.0662769 3.21638e+10
-2.25 -1.25 0.25 0.495014 -0.0308529 0.316366 5.44505e+09
-2.25 -0.25 0.25 0.517114 -0.0353097 0.226998 3.70248e+09
-2.25 0.75 0.25 0.535233 -0.0223885 0.141786 2.37177e+09
-1.25 -1.25 0.25 0.565854 0.0376177 0.325075 8.75679e+09
-1.75 -0.75 0.25 0.539338 -0.00226462 0.277392 5.70466e+09
-1.25 -0.25 0.25 0.577219 0.0363447 0.238708 5.68726e+09
-1.75 0.25 0.25 0.554818 0.00408044 0.190991 3.67873e+09
-1.25 0.75 0.25 0.584267 0.0528655 0.158146 3.47359e+09
-1.75 1.25 0.25 0.564478 0.0259697 0.11209 2.23629e+09
-0.25 -1.25 0.25 0.633562 0.118884 0.323473 1.34501e+10
-0.75 -0.75 0.25 0.603217 0.0748207 0.283574 8.76275e+09
-0.25 -0.25 0.25 0.63198 0.122856 0.24351 8.30603e+09
-0.75 0.25 0.25 0.606595 0.0850674 0.202399 5.37963e+09
-0.25 0.75 0.25 0.625143 0.140656 0.169151 4.80064e+09
-0.75 1.25 0.25 0.603452 0.108102 0.128952 3.10287e+09
0.75 -1.25 0.25 0.692515 0.210977 0.307285 1.94966e+10
0.25 -0.75 0.25 0.660762 0.165572 0.279463 1.27742e+10
0.75 -0.25 0.25 0.676714 0.219543 0.236766 1.13676e+10
0.25 0.25 0.25 0.649533 0.17806 0.20574 7.40363e+09
0.75 0.75 0.25 0.656329 0.236757 0.169634 6.21068e+09
0.25 1.25 0.25 0.633092 0.199554 0.1382 4.04265e+09
1.75 -1.25 0.25 0.734758 0.305903 0.270301 2.57651e+10
1.25 -0.75 0.25 0.705962 0.263075 0.259476 1.73004e+10
1.75 -0.25 0.25 0.709255 0.31888 0.211573 1.43697e+10
1.25 0.25 0.25 0.682043 0.277152 0.194936 9.49367e+09
1.75 0.75 0.25 0.678171 0.33432 0.153325 7.48121e+09
1.25 1.25 0.25 0.653916 0.295136 0.134177 4.92823e+09
2.25 -0.75 0.25 0.735194 0.359872 0.216492 2.1267e+10
2.25 0.25 0.25 0.703491 0.374085 0.16341 1.12321e+10
2.25 1.25 0.25 0.667716 0.387459 0.110887 5.61432e+09
-2.5 -1 0.5 0.690537 -0.407603 0.340195 2.30005e+10
-2.5 0 0.5 0.722082 -0.407314 0.249694 1.55806e+10
-2.5 1 0.5 0.746726 -0.394802 0.163937 9.85929e+09
-2 -1.5 0.5 0.692002 -0.376093 0.388483 3.47897e+10
-1.5 -1 0.5 0.728004 -0.353537 0.344019 3.63273e+10
-2 -0.5 0.5 0.724686 -0.383844 0.297982 2.39253e+10
-1.5 0 0.5 0.755888 -0.353802 0.255229 2.35012e+10
-2 0.5 0.5 0.751156 -0.376993 0.210246 1.52803e+10
-1.5 1 0.5 0.775493 -0.34255 0.172688 1.41323e+10
-2 1.5 0.5 0.76939 -0.360813 0.13001 9.12674e+09
-1 -1.5 0.5 0.732789 -0.314983 0.386068 5.42706e+10
-0.5 -1 0.5 0.768122 -0.28652 0.336478 5.36055e+10
-1 -0.5 0.5 0.761358 -0.324076 0.297825 3.5762e+10
-0.5 0 0.5 0.789303 -0.289258 0.252229 3.3038e+10
-1 0.5 0.5 0.782022 -0.319063 0.213756 2.17186e+10
-0.5 1 0.5 0.80053 -0.283334 0.174659 1.87884e+10
-1 1.5 0.5 0.792922 -0.307283 0.137856 1.22757e+10
0 -1.5 0.5 0.776787 -0.239952 0.368968 7.86449e+10
0.5 -1 0.5 0.807483 -0.205982 0.315348 7.28305e+10
0 -0.5 0.5 0.797694 -0.251926 0.286724 4.95484e+10
0.5 0 0.5 0.81808 -0.216066 0.238416 4.25173e+10
0 0.5 0.5 0.808851 -0.253301 0.208596 2.8462e+10
0.5 1 0.5 0.819057 -0.219438 0.167197 2.28747e+10
0 1.5 0.5 0.810408 -0.249747 0.138026 1.52171e+10
1 -1.5 0.5 0.81863 -0.151033 0.335667 1.04008e+11
1.5 -1 0.5 0.839105 -0.116677 0.278722 8.87523e+10
1 -0.5 0.5 0.828266 -0.170645 0.262471 6.22859e+10
1.5 0 0.5 0.838504 -0.136963 0.211038 4.92754e+10
1 0.5 0.5 0.828461 -0.182156 0.192025 3.39004e+10
1.5 1 0.5 0.828575 -0.152875 0.147765 2.52756e+10
1 1.5 0.5 0.819728 -0.190151 0.127911 1.72489e+10
2 -1.5 0.5 0.849581 -0.0550537 0.284952 1.21597e+11
2.5 -1 0.5 0.857815 -0.0223556 0.224436 9.49477e+10
2 -0.5 0.5 0.848684 -0.083466 0.22247 6.97091e+10
2.5 0 0.5 0.84664 -0.0547292 0.168153 5.07632e+10
2 0.5 0.5 0.837772 -0.10787 0.161697 3.63101e+10
2.5 1 0.5 0.826642 -0.0847777 0.114282 2.52354e+10
2 1.5 0.5 0.818981 -0.129505 0.10522 1.78194e+10
-2.25 -0.75 0.75 0.459509 0.000180445 0.37166 2.78848e+09
-2.25 0.25 0.75 0.496252 0.00236036 0.291951 1.87437e+09
-2.25 1.25 0.75 0.527244 0.0229945 0.214108 1.18742e+09
-1.75 -1.25 0.75 0.478396 0.0460861 0.412365 4.2199e+09
-1.25 -0.75 0.75 0.528244 0.0818474 0.376927 4.35871e+09
-1.75 -0.25 0.75 0.510598 0.0382882 0.336638 2.8663e+09
-1.25 0.25 0.75 0.554445 0.0866468 0.301513 2.80981e+09
-1.75 0.75 0.75 0.539921 0.0518186 0.259032 1.83065e+09
-1.25 1.25 0.75 0.57368 0.109087 0.228485 1.70051e+09
-0.75 -1.25 0.75 0.550827 0.133302 0.409891 6.58802e+09
-0.25 -0.75 0.75 0.592241 0.177011 0.371129 6.51721e+09
-0.75 -0.25 0.75 0.571532 0.128316 0.339772 4.29143e+09
-0.25 0.25 0.75 0.604039 0.183981 0.303213 4.00172e+09
-0.75 0.75 0.75 0.587873 0.143514 0.267966 2.61463e+09
-0.25 1.25 0.75 0.609701 0.204639 0.235962 2.30148e+09
0.25 -1.25 0.75 0.617807 0.231355 0.391673 9.82305e+09
0.75 -0.75 0.75 0.644467 0.282169 0.350215 9.18873e+09
0.25 -0.25 0.75 0.622745 0.230574 0.331786 6.09004e+09
0.75 0.25 0.75 0.641671 0.288772 0.291789 5.35149e+09
0.25 0.75 0.75 0.624714 0.244159 0.267258 3.51978e+09
0.75 1.25 0.75 0.634688 0.304609 0.231171 2.92424e+09
1.25 -1.25 0.75 0.668805 0.335971 0.35387 1.36299e+10
1.75 -0.75 0.75 0.68056 0.388132 0.307205 1.1919e+10
1.25 -0.25 0.75 0.660606 0.337449 0.30643 8.06038e+09
1.75 0.25 0.75 0.666907 0.393154 0.260411 6.64168e+09
1.25 0.75 0.75 0.650121 0.347341 0.250731 4.42948e+09
1.75 1.25 0.75 0.650284 0.40228 0.208132 3.47173e+09
2.25 -1.25 0.75 0.698244 0.438859 0.289757 1.69683e+10
2.25 -0.25 0.75 0.683577 0.440518 0.256813 9.76653e+09
2.25 0.75 0.75 0.665282 0.445136 0.212205 5.16851e+09
-2.5 -1.5 1 0.662279 -0.35677 0.432155 1.49092e+10
-2.5 -0.5 1 0.700592 -0.365258 0.350126 1.07388e+10
-2.5 0.5 1 0.733186 -0.359634 0.266724 7.15168e+09
-2.5 1.5 1 0.758753 -0.34267 0.187378 4.44569e+09
-1.5 -1.5 1 0.708679 -0.289226 0.428566 2.38613e+10
-2 -1 1 0.70365 -0.331392 0.392122 1.6145e+10
-1.5 -0.5 1 0.741306 -0.300304 0.349599 1.64827e+10
-2 0 1 0.73685 -0.33338 0.309763 1.09223e+10
-1.5 0.5 1 0.768967 -0.295586 0.269077 1.04872e+10
-2 1 1 0.763684 -0.321892 0.229222 6.85671e+09
-1.5 1.5 1 0.788041 -0.281188 0.193487 6.19306e+09
-0.5 -1.5 1 0.755186 -0.209328 0.411065 3.5506e+10
-1 -1 1 0.747169 -0.259256 0.384285 2.44668e+10
-0.5 -0.5 1 0.781927 -0.222 0.337431 2.36226e+10
-1 0 1 0.774918 -0.262668 0.305723 1.58606e+10
-0.5 0.5 1 0.801293 -0.221355 0.262537 1.42936e+10
-1 1 1 0.794414 -0.254474 0.22965 9.45999e+09
-0.5 1.5 1 0.811469 -0.213604 0.192117 7.99555e+09
0.5 -1.5 1 0.800722 -0.114373 0.375837 4.88702e+10
0 -1 1 0.790419 -0.172639 0.361827 3.4456e+10
0.5 -0.5 1 0.817132 -0.131652 0.311903 3.10545e+10
0 0 1 0.808839 -0.180726 0.290627 2.12815e+10
0.5 0.5 1 0.826035 -0.13968 0.244797 1.78262e+10
0 1 1 0.818586 -0.180264 0.220847 1.20259e+10
0.5 1.5 1 0.826438 -0.142292 0.180812 9.47223e+09
1.5 -1.5 1 0.835001 -0.00829418 0.323552 6.03352e+10
1 -1 1 0.826047 -0.0738275 0.323819 4.40846e+10
1.5 -0.5 1 0.841062 -0.0335687 0.270927 3.66483e+10
1 0 1 0.833664 -0.0909219 0.262211 2.59074e+10
1.5 0.5 1 0.839702 -0.053286 0.213514 2.00812e+10
1 1 1 0.833208 -0.101773 0.200361 1.39288e+10
1.5 1.5 1 0.830715 -0.0691041 0.157411 1.02352e+10
2.5 -1.5 1 0.850732 0.102599 0.252795 6.50389e+10
2 -1 1 0.847363 0.0317359 0.268516 4.99853e+10
2.5 -0.5 1 0.848802 0.0687524 0.212935 3.81473e+10
2 0 1 0.845281 0.00368129 0.218403 2.81842e+10
2.5 0.5 1 0.83886 0.035447 0.167144 2.02431e+10
2 1 1 0.835539 -0.0210013 0.166261 1.45908e+10
2.5 1.5 1 0.822381 0.00546018 0.120258 1.0074e+10
-2.25 -1.25 1.25 0.424012 -0.00756169 0.507302 2.07952e+09
-2.25 -0.25 1.25 0.478343 -0.0175479 0.43849 1.48053e+09
-2.25 0.75 1.25 0.528174 -0.00441759 0.363078 9.87374e+08
-1.25 -1.25 1.25 0.496711 0.0876449 0.502776 3.27675e+09
-1.75 -0.75 1.25 0.48536 0.0298457 0.475239 2.21369e+09
-1.25 -0.25 1.25 0.539786 0.0772606 0.440546 2.25145e+09
-1.75 0.25 1.25 0.533281 0.0323538 0.404316 1.49697e+09
-1.25 0.75 1.25 0.578778 0.0916654 0.370149 1.44495e+09
-1.75 1.25 1.25 0.573523 0.0557253 0.331106 9.49271e+08
-0.25 -1.25 1.25 0.563175 0.195353 0.483828 4.93686e+09
-0.75 -0.75 1.25 0.548993 0.131534 0.468621 3.35361e+09
-0.25 -0.25 1.25 0.592646 0.186376 0.431184 3.27256e+09
-0.75 0.25 1.25 0.584882 0.13487 0.404445 2.18401e+09
-0.25 0.75 1.25 0.617625 0.198788 0.368426 2.00877e+09
-0.75 1.25 1.25 0.612407 0.156766 0.337016 1.32571e+09
0.75 -1.25 1.25 0.619213 0.31315 0.443863 7.0675e+09
0.25 -0.75 1.25 0.60349 0.246382 0.44624 4.84891e+09
0.75 -0.25 1.25 0.63147 0.304464 0.405883 4.48597e+09
0.25 0.25 1.25 0.623729 0.247984 0.392594 3.01899e+09
0.75 0.75 1.25 0.643154 0.311006 0.352366 2.62752e+09
0.25 1.25 1.25 0.638458 0.26398 0.331987 1.74814e+09
1.75 -1.25 1.25 0.653807 0.43267 0.37906 9.25583e+09
1.25 -0.75 1.25 0.641611 0.366991 0.403344 6.54632e+09
1.75 -0.25 1.25 0.655215 0.422116 0.357376 5.69464e+09
1.25 0.25 1.25 0.648724 0.364029 0.362249 3.90453e+09
1.75 0.75 1.25 0.656802 0.420756 0.315475 3.20173e+09
1.25 1.25 1.25 0.652809 0.371122 0.310085 2.16104e+09
2.25 -0.75 1.25 0.66122 0.483611 0.332774 8.03506e+09
2.25 0.25 1.25 0.660738 0.474395 0.306852 4.65325e+09
2.25 1.25 1.25 0.658287 0.471312 0.265792 2.48719e+09
-2.5 -1 1.5 0.679998 -0.322769 0.445241 7.43395e+09
-2.5 0 1.5 0.719164 -0.325297 0.370511 5.28548e+09
-2.5 1 1.5 0.753143 -0.314512 0.29358 3.47452e+09
-2 -1.5 1.5 0.685305 -0.278133 0.475084 1.08116e+10
-1.5 -1 1.5 0.727702 -0.244641 0.436098 1.15153e+10
-2 -0.5 1.5 0.722497 -0.28889 0.406544 7.87327e+09
-1.5 0 1.5 0.760895 -0.248997 0.365378 7.8761e+09
-2 0.5 1.5 0.756657 -0.285142 0.331456 5.2656e+09
-1.5 1 1.5 0.788469 -0.240177 0.292264 4.94796e+09
-2 1.5 1.5 0.783957 -0.269867 0.257451 3.26043e+09
-1 -1.5 1.5 0.735792 -0.192085 0.455989 1.6449e+10
-0.5 -1 1.5 0.773567 -0.152891 0.412454 1.66266e+10
-1 -0.5 1.5 0.766334 -0.205124 0.393303 1.15763e+10
-0.5 0 1.5 0.799039 -0.159865 0.348514 1.09365e+10
-1 0.5 1.5 0.793423 -0.203848 0.323219 7.41676e+09
-0.5 1 1.5 0.817526 -0.156958 0.281617 6.53916e+09
-1 1.5 1.5 0.812478 -0.19354 0.25413 4.36774e+09
0 -1.5 1.5 0.783229 -0.0924817 0.419337 2.31955e+10
0.5 -1 1.5 0.813162 -0.0463698 0.37192 2.21364e+10
0 -0.5 1.5 0.805553 -0.107431 0.36575 1.57796e+10
0.5 0 1.5 0.827893 -0.0605367 0.318304 1.39015e+10
0 0.5 1.5 0.822697 -0.112911 0.303695 9.63593e+09
0.5 1 1.5 0.836575 -0.0678449 0.25942 7.91717e+09
0 1.5 1.5 0.832347 -0.111787 0.241033 5.39622e+09
1 -1.5 1.5 0.821825 0.0221986 0.363841 3.00315e+10
1.5 -1 1.5 0.837154 0.069672 0.314571 2.63867e+10
1 -0.5 1.5 0.832879 0.000539143 0.322886 1.94991e+10
1.5 0 1.5 0.842502 0.045029 0.272785 1.58974e+10
1 0.5 1.5 0.84014 -0.0157571 0.270737 1.13762e+10
1.5 1 1.5 0.842514 0.0243954 0.223709 8.69482e+09
1 1.5 1.5 0.840913 -0.0271854 0.216007 6.09682e+09
2 -1.5 1.5 0.839487 0.14444 0.29093 3.42462e+10
2.5 -1 1.5 0.839407 0.190427 0.238926 2.75853e+10
2 -0.5 1.5 0.842784 0.114296 0.263023 2.14192e+10
2.5 0 1.5 0.838478 0.153365 0.210843 1.61243e+10
2 0.5 1.5 0.842101 0.0845699 0.222724 1.20601e+10
2.5 1 1.5 0.832622 0.117969 0.173277 8.6114e+09
2 1.5 1.5 0.83595 0.0586113 0.17749 6.27161e+09
