449
-2.5 -1 -1.5 -0.217245 -0.220217 0.324874 2.06326e+10
-2.5 0 -1.5 -0.210257 -0.209025 0.401106 2.09679e+10
-2.5 1 -1.5 -0.203904 -0.184021 0.470178 2.20409e+10
-2 -1.5 -1.5 -0.220217 -0.217245 0.324874 2.06326e+10
-1.5 -1 -1.5 -0.206097 -0.206079 0.402828 1.96872e+10
-2 -0.5 -1.5 -0.206079 -0.206097 0.402828 1.96872e+10
-1.5 0 -1.5 -0.188229 -0.185073 0.480072 1.84938e+10
-2 0.5 -1.5 -0.194434 -0.183748 0.476882 1.96261e+10
-1.5 1 -1.5 -0.174874 -0.154718 0.550633 1.82403e+10
-2 1.5 -1.5 -0.185602 -0.150836 0.541138 2.03083e+10
-1 -1.5 -1.5 -0.209025 -0.210257 0.401106 2.09679e+10
-0.5 -1 -1.5 -0.183748 -0.194434 0.476882 1.96261e+10
-1 -0.5 -1.5 -0.185073 -0.188229 0.480072 1.84938e+10
-0.5 0 -1.5 -0.159902 -0.166286 0.555435 1.72615e+10
-1 0.5 -1.5 -0.166286 -0.159902 0.555435 1.72615e+10
-0.5 1 -1.5 -0.143138 -0.133543 0.627666 1.60793e+10
-1 1.5 -1.5 -0.15434 -0.124831 0.621208 1.69157e+10
0 -1.5 -1.5 -0.184021 -0.203904 0.470178 2.20409e+10
0.5 -1 -1.5 -0.150836 -0.185602 0.541138 2.03083e+10
0 -0.5 -1.5 -0.154718 -0.174874 0.550633 1.82403e+10
0.5 0 -1.5 -0.124831 -0.15434 0.621208 1.69157e+10
0 0.5 -1.5 -0.133543 -0.143138 0.627666 1.60793e+10
0.5 1 -1.5 -0.107885 -0.120606 0.69607 1.49945e+10
0 1.5 -1.5 -0.120606 -0.107885 0.69607 1.49945e+10
1 -1.5 -1.5 -0.150939 -0.196203 0.527672 2.37225e+10
1.5 -1 -1.5 -0.112947 -0.179451 0.5914 2.15309e+10
1 -0.5 -1.5 -0.117262 -0.166985 0.608729 1.86706e+10
1.5 0 -1.5 -0.0850912 -0.149536 0.672435 1.71955e+10
1 0.5 -1.5 -0.0959304 -0.134548 0.687962 1.57076e+10
1.5 1 -1.5 -0.0691078 -0.116146 0.750714 1.46309e+10
1 1.5 -1.5 -0.0839967 -0.0995997 0.76037 1.40218e+10
2 -1.5 -1.5 -0.114027 -0.191738 0.570774 2.58135e+10
2.5 -1 -1.5 -0.0737806 -0.179148 0.625692 2.31416e+10
2 -0.5 -1.5 -0.0770602 -0.164431 0.651017 1.95962e+10
2.5 0 -1.5 -0.0440348 -0.150801 0.706882 1.79201e+10
2 0.5 -1.5 -0.0553331 -0.133471 0.732286 1.5896e+10
2.5 1 -1.5 -0.0286994 -0.118686 0.788027 1.47788e+10
2 1.5 -1.5 -0.0450478 -0.0993521 0.809039 1.3695e+10
-2.25 -0.75 -1.25 -0.248042 -0.25914 0.332957 5.8186e+09
-2.25 0.25 -1.25 -0.240788 -0.265539 0.407846 5.92051e+09
-2.25 1.25 -1.25 -0.231439 -0.255475 0.47721 6.1807e+09
-1.75 -1.25 -1.25 -0.25914 -0.248042 0.332957 5.8186e+09
-1.25 -0.75 -1.25 -0.257888 -0.249029 0.40815 5.57478e+09
-1.75 -0.25 -1.25 -0.249029 -0.257888 0.40815 5.57478e+09
-1.25 0.25 -1.25 -0.242372 -0.24903 0.483093 5.24476e+09
-1.75 0.75 -1.25 -0.236274 -0.254472 0.480862 5.55014e+09
-1.25 1.25 -1.25 -0.224889 -0.236807 0.552795 5.14932e+09
-0.75 -1.25 -1.25 -0.265539 -0.240788 0.407846 5.92051e+09
-0.25 -0.75 -1.25 -0.254472 -0.236274 0.480862 5.55014e+09
-0.75 -0.25 -1.25 -0.24903 -0.242372 0.483093 5.24476e+09
-0.25 0.25 -1.25 -0.233694 -0.229212 0.55671 4.8877e+09
-0.75 0.75 -1.25 -0.229212 -0.233694 0.55671 4.8877e+09
-0.25 1.25 -1.25 -0.21174 -0.214125 0.627862 4.53619e+09
0.25 -1.25 -1.25 -0.255475 -0.231439 0.47721 6.1807e+09
0.75 -0.75 -1.25 -0.236183 -0.22102 0.545935 5.68627e+09
0.25 -0.25 -1.25 -0.236807 -0.224889 0.552795 5.14932e+09
0.75 0.25 -1.25 -0.215086 -0.209223 0.62231 4.75721e+09
0.25 0.75 -1.25 -0.214125 -0.21174 0.627862 4.53619e+09
0.75 1.25 -1.25 -0.191446 -0.191015 0.69626 4.20639e+09
1.25 -1.25 -1.25 -0.231427 -0.217196 0.536984 6.54172e+09
1.75 -0.75 -1.25 -0.207276 -0.204589 0.598776 5.92663e+09
1.25 -0.25 -1.25 -0.212878 -0.206846 0.612229 5.20966e+09
1.75 0.25 -1.25 -0.186782 -0.189746 0.675908 4.77148e+09
1.25 0.75 -1.25 -0.190473 -0.190308 0.689131 4.392e+09
1.75 1.25 -1.25 -0.163798 -0.168656 0.753081 4.06394e+09
2.25 -1.25 -1.25 -0.200176 -0.204706 0.582383 6.98198e+09
2.25 -0.25 -1.25 -0.180264 -0.189612 0.657984 5.37012e+09
2.25 0.75 -1.25 -0.158794 -0.169858 0.736982 4.3825e+09
-2.5 -1.5 -1 -0.261314 -0.261314 0.268506 2.28547e+10
-2.5 -0.5 -1 -0.25181 -0.254631 0.34815 2.33671e+10
-2.5 0.5 -1 -0.241399 -0.236579 0.422796 2.46325e+10
-2.5 1.5 -1 -0.228716 -0.207356 0.487872 2.65733e+10
-1.5 -1.5 -1 -0.254631 -0.25181 0.34815 2.33671e+10
-2 -1 -1 -0.251697 -0.251697 0.349047 2.26169e+10
-1.5 -0.5 -1 -0.233672 -0.233672 0.429252 2.1781e+10
-2 0 -1 -0.235119 -0.234568 0.427721 2.24761e+10
-1.5 0.5 -1 -0.213477 -0.208045 0.505595 2.12996e+10
-2 1 -1 -0.22045 -0.206628 0.498841 2.31957e+10
-1.5 1.5 -1 -0.198298 -0.173919 0.571623 2.16424e+10
-0.5 -1.5 -1 -0.236579 -0.241399 0.422796 2.46325e+10
-1 -1 -1 -0.234568 -0.235119 0.427721 2.24761e+10
-0.5 -0.5 -1 -0.208045 -0.213477 0.505595 2.12996e+10
-1 0 -1 -0.209917 -0.209917 0.507825 2.06858e+10
-0.5 0.5 -1 -0.183644 -0.183644 0.583408 1.94853e+10
-1 1 -1 -0.189792 -0.178675 0.580432 2.00141e+10
-0.5 1.5 -1 -0.166027 -0.148853 0.651435 1.8744e+10
0.5 -1.5 -1 -0.207356 -0.228716 0.487872 2.65733e+10
0 -1 -1 -0.206628 -0.22045 0.498841 2.31957e+10
0.5 -0.5 -1 -0.173919 -0.198298 0.571623 2.16424e+10
0 0 -1 -0.178675 -0.189792 0.580432 2.00141e+10
0.5 0.5 -1 -0.148853 -0.166027 0.651435 1.8744e+10
0 1 -1 -0.157005 -0.157005 0.655199 1.82927e+10
0.5 1.5 -1 -0.131287 -0.131287 0.722933 1.71607e+10
1.5 -1.5 -1 -0.172633 -0.215205 0.540118 2.89568e+10
1 -1 -1 -0.170805 -0.207586 0.55768 2.4521e+10
1.5 -0.5 -1 -0.134466 -0.187888 0.623146 2.25675e+10
1 0 -1 -0.140938 -0.1767 0.640409 2.01307e+10
1.5 0.5 -1 -0.109236 -0.156262 0.705131 1.87234e+10
1 1 -1 -0.120081 -0.143185 0.718386 1.75449e+10
1.5 1.5 -1 -0.093187 -0.121599 0.781138 1.64515e+10
2.5 -1.5 -1 -0.135713 -0.207502 0.577365 3.16274e+10
2 -1 -1 -0.132028 -0.197846 0.601515 2.628e+10
2.5 -0.5 -1 -0.0936787 -0.182418 0.658503 2.38941e+10
2 0 -1 -0.0997647 -0.169732 0.684453 2.07842e+10
2.5 0.5 -1 -0.067554 -0.152504 0.741933 1.92048e+10
2 1 -1 -0.0797197 -0.136903 0.765816 1.74563e+10
2.5 1.5 -1 -0.052872 -0.118555 0.821821 1.6362e+10
-2.25 -1.25 -0.75 -0.190618 -0.190618 0.316587 5.75484e+09
-2.25 -0.25 -0.75 -0.198907 -0.198304 0.386482 5.94497e+09
-2.25 0.75 -0.75 -0.205432 -0.193541 0.452624 6.2791e+09
-1.25 -1.25 -0.75 -0.198304 -0.198907 0.386482 5.94497e+09
-1.75 -0.75 -0.75 -0.197576 -0.197576 0.387701 5.75668e+09
-1.25 -0.25 -0.75 -0.197248 -0.197248 0.459432 5.58643e+09
-1.75 0.25 -0.75 -0.199658 -0.196482 0.457494 5.75991e+09
-1.25 0.75 -0.75 -0.192815 -0.186086 0.528784 5.47805e+09
-1.75 1.25 -0.75 -0.198673 -0.180978 0.521967 5.93444e+09
-0.25 -1.25 -0.75 -0.193541 -0.205432 0.452624 6.2791e+09
-0.75 -0.75 -0.75 -0.196482 -0.199658 0.457494 5.75991e+09
-0.25 -0.25 -0.75 -0.186086 -0.192815 0.528784 5.47805e+09
-0.75 0.25 -0.75 -0.189005 -0.189005 0.531343 5.32588e+09
-0.25 0.75 -0.75 -0.175739 -0.175739 0.60178 5.02522e+09
-0.75 1.25 -0.75 -0.181201 -0.170553 0.598575 5.15521e+09
0.75 -1.25 -0.75 -0.171068 -0.205246 0.51231 6.7116e+09
0.25 -0.75 -0.75 -0.180978 -0.198673 0.521967 5.93444e+09
0.75 -0.25 -0.75 -0.163305 -0.187892 0.589701 5.54625e+09
0.25 0.25 -0.75 -0.170553 -0.181201 0.598575 5.15521e+09
0.75 0.75 -0.75 -0.151532 -0.16621 0.66621 4.82528e+09
0.25 1.25 -0.75 -0.158927 -0.158927 0.670097 4.71556e+09
1.75 -1.25 -0.75 -0.13868 -0.203115 0.559966 7.21033e+09
1.25 -0.75 -0.75 -0.152246 -0.195108 0.576582 6.21332e+09
1.75 -0.25 -0.75 -0.130153 -0.182945 0.638496 5.7224e+09
1.25 0.25 -0.75 -0.142302 -0.174274 0.655202 5.15641e+09
1.75 0.75 -0.75 -0.119219 -0.158389 0.718288 4.78849e+09
1.25 1.25 -0.75 -0.130218 -0.148745 0.731382 4.50907e+09
2.25 -0.75 -0.75 -0.116318 -0.192712 0.617335 6.56492e+09
2.25 0.25 -0.75 -0.105971 -0.168756 0.698129 5.26661e+09
2.25 1.25 -0.75 -0.0953851 -0.140686 0.778373 4.45817e+09
-2.5 -1 -0.5 -0.287394 -0.289358 0.29468 2.25859e+10
-2.5 0 -0.5 -0.273659 -0.276783 0.373591 2.41368e+10
-2.5 1 -0.5 -0.259489 -0.251143 0.44456 2.62975e+10
-2 -1.5 -0.5 -0.289358 -0.287394 0.29468 2.25859e+10
-1.5 -1 -0.5 -0.273274 -0.27088 0.377323 2.26171e+10
-2 -0.5 -0.5 -0.27088 -0.273274 0.377323 2.26171e+10
-1.5 0 -0.5 -0.248382 -0.249101 0.458638 2.20692e+10
-2 0.5 -0.5 -0.251716 -0.250259 0.453982 2.34498e+10
-1.5 1 -0.5 -0.227672 -0.219031 0.531294 2.23661e+10
-2 1.5 -0.5 -0.235659 -0.216928 0.519924 2.48519e+10
-1 -1.5 -0.5 -0.276783 -0.273659 0.373591 2.41368e+10
-0.5 -1 -0.5 -0.250259 -0.251716 0.453982 2.34498e+10
-1 -0.5 -0.5 -0.249101 -0.248382 0.458638 2.20692e+10
-0.5 0 -0.5 -0.220859 -0.222815 0.537076 2.11603e+10
-1 0.5 -0.5 -0.222815 -0.220859 0.537076 2.11603e+10
-0.5 1 -0.5 -0.196186 -0.191074 0.611759 2.00915e+10
-1 1.5 -0.5 -0.203296 -0.186024 0.604653 2.11256e+10
0 -1.5 -0.5 -0.251143 -0.259489 0.44456 2.62975e+10
0.5 -1 -0.5 -0.216928 -0.235659 0.519924 2.48519e+10
0 -0.5 -0.5 -0.219031 -0.227672 0.531294 2.23661e+10
0.5 0 -0.5 -0.186024 -0.203296 0.604653 2.11256e+10
0 0.5 -0.5 -0.191074 -0.196186 0.611759 2.00915e+10
0.5 1 -0.5 -0.161548 -0.169915 0.682336 1.89728e+10
0 1.5 -0.5 -0.169915 -0.161548 0.682336 1.89728e+10
1 -1.5 -0.5 -0.218188 -0.242803 0.504195 2.88359e+10
1.5 -1 -0.5 -0.178506 -0.220973 0.57204 2.6654e+10
1 -0.5 -0.5 -0.180912 -0.21253 0.590911 2.32568e+10
1.5 0 -0.5 -0.145351 -0.190844 0.657403 2.16667e+10
1 0.5 -0.5 -0.153329 -0.17966 0.673789 1.98532e+10
1.5 1 -0.5 -0.122118 -0.156925 0.73882 1.86251e+10
1 1.5 -0.5 -0.133244 -0.144614 0.748784 1.7876e+10
2 -1.5 -0.5 -0.182262 -0.226917 0.550173 3.16238e+10
2.5 -1 -0.5 -0.139077 -0.210395 0.608771 2.87156e+10
2 -0.5 -0.5 -0.139716 -0.201457 0.634936 2.45444e+10
2.5 0 -0.5 -0.102899 -0.183091 0.69371 2.25997e+10
2 0.5 -0.5 -0.111475 -0.170189 0.719804 2.01663e+10
2.5 1 -0.5 -0.0798778 -0.150115 0.77806 1.88243e+10
2 1.5 -0.5 -0.0928896 -0.13497 0.799496 1.75077e+10
-2.25 -0.75 -0.25 -0.150272 -0.142426 0.371675 5.29049e+09
-2.25 0.25 -0.25 -0.171584 -0.14271 0.432668 5.72084e+09
-2.25 1.25 -0.25 -0.186275 -0.122218 0.49014 6.22529e+09
-1.75 -1.25 -0.25 -0.142426 -0.150272 0.371675 5.29049e+09
-1.25 -0.75 -0.25 -0.149486 -0.157528 0.438578 5.37306e+09
-1.75 -0.25 -0.25 -0.157528 -0.149486 0.438578 5.37306e+09
-1.25 0.25 -0.25 -0.155668 -0.146009 0.507524 5.28943e+09
-1.75 0.75 -0.25 -0.169419 -0.136561 0.501069 5.60553e+09
-1.25 1.25 -0.25 -0.162419 -0.124398 0.568915 5.38022e+09
-0.75 -1.25 -0.25 -0.14271 -0.171584 0.432668 5.72084e+09
-0.25 -0.75 -0.25 -0.136561 -0.169419 0.501069 5.60553e+09
-0.75 -0.25 -0.25 -0.146009 -0.155668 0.507524 5.28943e+09
-0.25 0.25 -0.25 -0.136505 -0.148174 0.576183 5.1047e+09
-0.75 0.75 -0.25 -0.148174 -0.136505 0.576183 5.1047e+09
-0.25 1.25 -0.25 -0.136602 -0.122748 0.643594 4.86666e+09
0.25 -1.25 -0.25 -0.122218 -0.186275 0.49014 6.22529e+09
0.75 -0.75 -0.25 -0.108501 -0.17908 0.555871 5.92758e+09
0.25 -0.25 -0.25 -0.124398 -0.162419 0.568915 5.38022e+09
0.75 0.25 -0.25 -0.108167 -0.152004 0.635279 5.10203e+09
0.25 0.75 -0.25 -0.122748 -0.136602 0.643594 4.86666e+09
0.75 1.25 -0.25 -0.106218 -0.1223 0.709137 4.60829e+09
1.25 -1.25 -0.25 -0.0887359 -0.196662 0.538417 6.77014e+09
1.75 -0.75 -0.25 -0.0708719 -0.187618 0.598881 6.3049e+09
1.25 -0.25 -0.25 -0.0907808 -0.169277 0.61987 5.57437e+09
1.75 0.25 -0.25 -0.0706523 -0.157803 0.681705 5.21147e+09
1.25 0.75 -0.25 -0.0894213 -0.13931 0.699618 4.80803e+09
1.75 1.25 -0.25 -0.0699527 -0.125211 0.761318 4.52307e+09
2.25 -1.25 -0.25 -0.0518133 -0.207956 0.573206 7.35003e+09
2.25 -0.25 -0.25 -0.0503652 -0.177504 0.657077 5.83707e+09
2.25 0.75 -0.25 -0.0499894 -0.144973 0.740974 4.86743e+09
-2.5 -1.5 0 -0.318933 -0.318933 0.240938 1.90068e+10
-2.5 -0.5 0 -0.302451 -0.311396 0.323157 2.09621e+10
-2.5 0.5 0 -0.287197 -0.289799 0.398814 2.33411e+10
-2.5 1.5 0 -0.271004 -0.258392 0.46439 2.59405e+10
-1.5 -1.5 0 -0.311396 -0.302451 0.323157 2.09621e+10
-2 -1 0 -0.304897 -0.304897 0.325476 2.02411e+10
-1.5 -0.5 0 -0.282719 -0.282719 0.409482 2.06256e+10
-2 0 0 -0.280973 -0.287628 0.406887 2.13067e+10
-1.5 0.5 0 -0.256382 -0.25798 0.487966 2.09733e+10
-2 1 0 -0.262484 -0.257863 0.478895 2.28055e+10
-1.5 1.5 0 -0.237387 -0.22244 0.554845 2.18528e+10
-0.5 -1.5 0 -0.289799 -0.287197 0.398814 2.33411e+10
-1 -1 0 -0.287628 -0.280973 0.406887 2.13067e+10
-0.5 -0.5 0 -0.25798 -0.256382 0.487966 2.09733e+10
-1 0 0 -0.256086 -0.256086 0.490943 2.03645e+10
-0.5 0.5 0 -0.227151 -0.227151 0.568843 1.97277e+10
-1 1 0 -0.230294 -0.225443 0.565335 2.02554e+10
-0.5 1.5 0 -0.204189 -0.192409 0.638487 1.93282e+10
0.5 -1.5 0 -0.258392 -0.271004 0.46439 2.59405e+10
0 -1 0 -0.257863 -0.262484 0.478895 2.28055e+10
0.5 -0.5 0 -0.22244 -0.237387 0.554845 2.18528e+10
0 0 0 -0.225443 -0.230294 0.565335 2.02554e+10
0.5 0.5 0 -0.192409 -0.204189 0.638487 1.93282e+10
0 1 0 -0.197816 -0.197816 0.642647 1.88771e+10
0.5 1.5 0 -0.169157 -0.169157 0.712281 1.79273e+10
1.5 -1.5 0 -0.22256 -0.251375 0.517751 2.86967e+10
1 -1 0 -0.220045 -0.246051 0.538259 2.45986e+10
1.5 -0.5 0 -0.181138 -0.223091 0.606957 2.30611e+10
1 0 0 -0.186369 -0.213144 0.626212 2.06989e+10
1.5 0.5 0 -0.151359 -0.189827 0.693218 1.94818e+10
1 1 0 -0.160324 -0.178671 0.707425 1.83117e+10
1.5 1.5 0 -0.129649 -0.153706 0.772175 1.73124e+10
2.5 -1.5 0 -0.18587 -0.236477 0.556596 3.15092e+10
2 -1 0 -0.179972 -0.230682 0.583012 2.65775e+10
2.5 -0.5 0 -0.138871 -0.211747 0.643327 2.44882e+10
2 0 0 -0.143404 -0.201577 0.671038 2.14988e+10
2.5 0.5 0 -0.107547 -0.180624 0.731009 2.00338e+10
2 1 0 -0.118049 -0.166991 0.756081 1.83128e+10
2.5 1.5 0 -0.0867644 -0.144436 0.814229 1.72634e+10
-2.25 -1.25 0.25 -0.0998079 -0.0998079 0.360962 4.1434e+09
-2.25 -0.25 0.25 -0.130581 -0.104933 0.4179 4.66908e+09
-2.25 0.75 0.25 -0.158318 -0.0853055 0.472132 5.23432e+09
-1.25 -1.25 0.25 -0.104933 -0.130581 0.4179 4.66908e+09
-1.75 -0.75 0.25 -0.11416 -0.11416 0.422764 4.5101e+09
-1.25 -0.25 0.25 -0.116528 -0.116528 0.488292 4.66301e+09
-1.75 0.25 0.25 -0.133831 -0.10358 0.483811 4.81196e+09
-1.25 0.75 0.25 -0.131369 -0.0962602 0.550196 4.79029e+09
-1.75 1.25 0.25 -0.155459 -0.0758267 0.537807 5.17628e+09
-0.25 -1.25 0.25 -0.0853055 -0.158318 0.472132 5.23432e+09
-0.75 -0.75 0.25 -0.10358 -0.133831 0.483811 4.81196e+09
-0.25 -0.25 0.25 -0.0962602 -0.131369 0.550196 4.79029e+09
-0.75 0.25 0.25 -0.11268 -0.11268 0.554637 4.65804e+09
-0.25 0.75 0.25 -0.10382 -0.10382 0.620905 4.55099e+09
-0.75 1.25 0.25 -0.124362 -0.0842986 0.616212 4.66539e+09
0.75 -1.25 0.25 -0.051006 -0.183194 0.519047 5.81379e+09
0.25 -0.75 0.25 -0.0758267 -0.155459 0.537807 5.17628e+09
0.75 -0.25 0.25 -0.0618165 -0.148705 0.602727 5.00496e+09
0.25 0.25 0.25 -0.0842986 -0.124362 0.616212 4.66539e+09
0.75 0.75 0.25 -0.0691819 -0.114313 0.680996 4.48286e+09
0.25 1.25 0.25 -0.0915018 -0.0915018 0.686161 4.38489e+09
1.75 -1.25 0.25 -0.0100351 -0.203918 0.55524 6.39834e+09
1.25 -0.75 0.25 -0.0363495 -0.176079 0.581837 5.57476e+09
1.75 -0.25 0.25 -0.0189907 -0.167708 0.642575 5.27482e+09
1.25 0.25 0.25 -0.044943 -0.139764 0.666003 4.77697e+09
1.75 0.75 0.25 -0.0276735 -0.129736 0.72689 4.53002e+09
1.25 1.25 0.25 -0.0533844 -0.102953 0.743543 4.27647e+09
2.25 -0.75 0.25 0.00670756 -0.196835 0.612591 5.9981e+09
2.25 0.25 0.25 -0.00120677 -0.158488 0.700817 4.96118e+09
2.25 1.25 0.25 -0.0110386 -0.118862 0.784717 4.28943e+09
-2.5 -1 0.5 -0.329502 -0.340868 0.272357 1.61074e+10
-2.5 0 0.5 -0.311323 -0.326033 0.351794 1.86536e+10
-2.5 1 0.5 -0.296627 -0.296984 0.422106 2.12419e+10
-2 -1.5 0.5 -0.340868 -0.329502 0.272357 1.61074e+10
-1.5 -1 0.5 -0.319463 -0.310165 0.357901 1.74842e+10
-2 -0.5 0.5 -0.310165 -0.319463 0.357901 1.74842e+10
-1.5 0 0.5 -0.286152 -0.291885 0.441721 1.79938e+10
-2 0.5 0.5 -0.287903 -0.295946 0.435188 1.90889e+10
-1.5 1 0.5 -0.262459 -0.261262 0.515219 1.89039e+10
-2 1.5 0.5 -0.270769 -0.259936 0.500993 2.08562e+10
-1 -1.5 0.5 -0.326033 -0.311323 0.351794 1.86536e+10
-0.5 -1 0.5 -0.295946 -0.287903 0.435188 1.90889e+10
-1 -0.5 0.5 -0.291885 -0.286152 0.441721 1.79938e+10
-0.5 0 0.5 -0.260639 -0.2591 0.522419 1.79279e+10
-1 0.5 0.5 -0.2591 -0.260639 0.522419 1.79279e+10
-0.5 1 0.5 -0.230913 -0.228163 0.59917 1.7477e+10
-1 1.5 0.5 -0.236737 -0.225019 0.590966 1.83242e+10
0 -1.5 0.5 -0.296984 -0.296627 0.422106 2.12419e+10
0.5 -1 0.5 -0.259936 -0.270769 0.500993 2.08562e+10
0 -0.5 0.5 -0.261262 -0.262459 0.515219 1.89039e+10
0.5 0 0.5 -0.225019 -0.236737 0.590966 1.83242e+10
0 0.5 0.5 -0.228163 -0.230913 0.59917 1.7477e+10
0.5 1 0.5 -0.1961 -0.202792 0.671686 1.67893e+10
0 1.5 0.5 -0.202792 -0.1961 0.671686 1.67893e+10
1 -1.5 0.5 -0.260736 -0.278138 0.481414 2.38547e+10
1.5 -1 0.5 -0.219038 -0.254037 0.552993 2.26915e+10
1 -0.5 0.5 -0.220981 -0.245779 0.574991 2.00374e+10
1.5 0 0.5 -0.182512 -0.221888 0.644156 1.90017e+10
1 0.5 0.5 -0.189363 -0.211354 0.662274 1.75186e+10
1.5 1 0.5 -0.154925 -0.186157 0.729382 1.66411e+10
1 1.5 0.5 -0.164851 -0.17494 0.740063 1.60141e+10
2 -1.5 0.5 -0.223536 -0.257922 0.527748 2.64473e+10
2.5 -1 0.5 -0.1783 -0.238575 0.590378 2.45626e+10
2 -0.5 0.5 -0.17776 -0.231741 0.619257 2.13069e+10
2.5 0 0.5 -0.137833 -0.210377 0.680935 1.9901e+10
2 0.5 0.5 -0.14537 -0.19853 0.708967 1.79183e+10
2.5 1 0.5 -0.109985 -0.175246 0.769408 1.68909e+10
2 1.5 0.5 -0.121982 -0.161021 0.79206 1.57892e+10
-2.25 -0.75 0.75 -0.08965 -0.0813372 0.40459 3.38694e+09
-2.25 0.25 0.75 -0.120629 -0.0623917 0.458665 3.97506e+09
-2.25 1.25 0.75 -0.159396 -0.0256861 0.503519 4.56144e+09
-1.75 -1.25 0.75 -0.0813372 -0.08965 0.40459 3.38694e+09
-1.25 -0.75 0.75 -0.0822678 -0.0965551 0.468306 3.75103e+09
-1.75 -0.25 0.75 -0.0965551 -0.0822678 0.468306 3.75103e+09
-1.25 0.25 0.75 -0.0980718 -0.0787788 0.532436 3.92542e+09
-1.75 0.75 0.75 -0.124108 -0.0552064 0.52272 4.14054e+09
-1.25 1.25 0.75 -0.121739 -0.0438996 0.58714 4.15717e+09
-0.75 -1.25 0.75 -0.0623917 -0.120629 0.458665 3.97506e+09
-0.25 -0.75 0.75 -0.0552064 -0.124108 0.52272 4.14054e+09
-0.75 -0.25 0.75 -0.0787788 -0.0980718 0.532436 3.92542e+09
-0.25 0.25 0.75 -0.0705634 -0.094081 0.597212 3.96194e+09
-0.75 0.75 0.75 -0.094081 -0.0705634 0.597212 3.96194e+09
-0.25 1.25 0.75 -0.0856195 -0.0583215 0.661931 3.90514e+09
0.25 -1.25 0.75 -0.0256861 -0.159396 0.503519 4.56144e+09
0.75 -0.75 0.75 -0.0128594 -0.156359 0.567225 4.54701e+09
0.25 -0.25 0.75 -0.0438996 -0.121739 0.58714 4.15717e+09
0.75 0.25 0.75 -0.029063 -0.115608 0.651013 4.07816e+09
0.25 0.75 0.75 -0.0583215 -0.0856195 0.661931 3.90514e+09
0.75 1.25 0.75 -0.0455549 -0.0758897 0.724808 3.79361e+09
1.25 -1.25 0.75 0.0194971 -0.193285 0.539433 5.1346e+09
1.75 -0.75 0.75 0.0345299 -0.187948 0.599565 4.96246e+09
1.25 -0.25 0.75 0.0026796 -0.150564 0.629612 4.42824e+09
1.75 0.25 0.75 0.0180018 -0.143764 0.689612 4.25503e+09
1.25 0.75 0.75 -0.0142941 -0.108072 0.712837 3.94574e+09
1.75 1.25 0.75 -0.000497841 -0.0997938 0.771915 3.79062e+09
2.25 -1.25 0.75 0.0635219 -0.225936 0.563085 5.6944e+09
2.25 -0.25 0.75 0.0495 -0.181593 0.657095 4.72984e+09
2.25 0.75 0.75 0.0323091 -0.136151 0.746802 4.06239e+09
-2.5 -1.5 1 -0.360119 -0.360119 0.221635 1.08679e+10
-2.5 -0.5 1 -0.333572 -0.357932 0.304525 1.33728e+10
-2.5 0.5 1 -0.318119 -0.335239 0.378733 1.58375e+10
-2.5 1.5 1 -0.302934 -0.299334 0.442888 1.82321e+10
-1.5 -1.5 1 -0.357932 -0.333572 0.304525 1.33728e+10
-2 -1 1 -0.343236 -0.343236 0.307443 1.29239e+10
-1.5 -0.5 1 -0.31971 -0.31971 0.392671 1.41472e+10
-2 0 1 -0.313306 -0.330078 0.389296 1.45873e+10
-1.5 0.5 1 -0.288865 -0.296963 0.47215 1.51143e+10
-2 1 1 -0.29399 -0.299146 0.460954 1.63e+10
-1.5 1.5 1 -0.269017 -0.260163 0.539244 1.61883e+10
-0.5 -1.5 1 -0.335239 -0.318119 0.378733 1.58375e+10
-1 -1 1 -0.330078 -0.313306 0.389296 1.45873e+10
-0.5 -0.5 1 -0.296963 -0.288865 0.47215 1.51143e+10
-1 0 1 -0.29153 -0.29153 0.475828 1.47088e+10
-0.5 0.5 1 -0.261084 -0.261084 0.555668 1.47626e+10
-1 1 1 -0.262556 -0.26144 0.551553 1.51213e+10
-0.5 1.5 1 -0.235522 -0.226013 0.626808 1.47631e+10
0.5 -1.5 1 -0.299334 -0.302934 0.442888 1.82321e+10
0 -1 1 -0.299146 -0.29399 0.460954 1.63e+10
0.5 -0.5 1 -0.260163 -0.269017 0.539244 1.61883e+10
0 0 1 -0.26144 -0.262556 0.551553 1.51213e+10
0.5 0.5 1 -0.226013 -0.235522 0.626808 1.47631e+10
0 1 1 -0.230184 -0.230184 0.631476 1.44493e+10
0.5 1.5 1 -0.199241 -0.199241 0.703189 1.39542e+10
1.5 -1.5 1 -0.260269 -0.282923 0.49515 2.05142e+10
1 -1 1 -0.258318 -0.27786 0.51957 1.79694e+10
1.5 -0.5 1 -0.216886 -0.253399 0.591287 1.72993e+10
1 0 1 -0.221257 -0.24381 0.613038 1.57062e+10
1.5 0.5 1 -0.183204 -0.218507 0.682444 1.5053e+10
1 1 1 -0.191213 -0.208027 0.697902 1.42276e+10
1.5 1.5 1 -0.157306 -0.180318 0.764713 1.36312e+10
2.5 -1.5 1 -0.222574 -0.262355 0.534644 2.26852e+10
2 -1 1 -0.216089 -0.260085 0.56414 1.95973e+10
2.5 -0.5 1 -0.172321 -0.238648 0.627912 1.8474e+10
2 0 1 -0.176122 -0.229615 0.658232 1.64529e+10
2.5 0.5 1 -0.136675 -0.206119 0.720678 1.55705e+10
2 1 1 -0.146403 -0.193063 0.747512 1.43506e+10
2.5 1.5 1 -0.111185 -0.167288 0.807669 1.36692e+10
-2.25 -1.25 1.25 -0.0678353 -0.0678353 0.380773 2.17095e+09
-2.25 -0.25 1.25 -0.0793058 -0.0535891 0.445612 2.70879e+09
-2.25 0.75 1.25 -0.123923 -0.0151334 0.491774 3.25429e+09
-1.25 -1.25 1.25 -0.0535891 -0.0793058 0.445612 2.70879e+09
-1.75 -0.75 1.25 -0.0705306 -0.0705306 0.447976 2.64788e+09
-1.25 -0.25 1.25 -0.0700355 -0.0700355 0.512319 2.95643e+09
-1.75 0.25 1.25 -0.0893309 -0.046745 0.508247 3.02802e+09
-1.25 0.75 1.25 -0.091716 -0.037354 0.57155 3.19694e+09
-1.75 1.25 1.25 -0.127569 -0.00218989 0.555075 3.41816e+09
-0.25 -1.25 1.25 -0.0151334 -0.123923 0.491774 3.25429e+09
-0.75 -0.75 1.25 -0.046745 -0.0893309 0.508247 3.02802e+09
-0.25 -0.25 1.25 -0.037354 -0.091716 0.57155 3.19694e+09
-0.75 0.25 1.25 -0.0658209 -0.0658209 0.576342 3.12639e+09
-0.25 0.75 1.25 -0.0561003 -0.0561003 0.641334 3.18469e+09
-0.75 1.25 1.25 -0.0877078 -0.0232101 0.635793 3.2513e+09
0.75 -1.25 1.25 0.0360977 -0.171925 0.527323 3.78503e+09
0.25 -0.75 1.25 -0.00218989 -0.127569 0.555075 3.41816e+09
0.75 -0.25 1.25 0.0137427 -0.126005 0.618199 3.45804e+09
0.25 0.25 1.25 -0.0232101 -0.0877078 0.635793 3.2513e+09
0.75 0.75 1.25 -0.00997827 -0.0819161 0.698266 3.22808e+09
0.25 1.25 1.25 -0.0460727 -0.0460727 0.704517 3.16671e+09
1.75 -1.25 1.25 0.0878198 -0.215501 0.551596 4.29746e+09
1.25 -0.75 1.25 0.0518414 -0.170601 0.589129 3.80835e+09
1.75 -0.25 1.25 0.0656096 -0.167053 0.648524 3.73969e+09
1.25 0.25 1.25 0.0279498 -0.122203 0.67927 3.41738e+09
1.75 0.75 1.25 0.0403076 -0.117253 0.73767 3.33091e+09
1.25 1.25 1.25 0.00165968 -0.0754561 0.758115 3.16004e+09
2.25 -0.75 1.25 0.100243 -0.212887 0.608795 4.19663e+09
2.25 0.25 1.25 0.0777067 -0.162225 0.705087 3.62184e+09
2.25 1.25 1.25 0.0514461 -0.111182 0.79296 3.22338e+09
-2.5 -1 1.5 -0.362061 -0.377756 0.256817 8.53107e+09
-2.5 0 1.5 -0.33695 -0.370624 0.335183 1.07026e+10
-2.5 1 1.5 -0.322821 -0.339397 0.403773 1.28014e+10
-2 -1.5 1.5 -0.377756 -0.362061 0.256817 8.53107e+09
-1.5 -1 1.5 -0.355846 -0.343778 0.341541 1.01382e+10
-2 -0.5 1.5 -0.343778 -0.355846 0.341541 1.01382e+10
-1.5 0 1.5 -0.319496 -0.327455 0.425752 1.116e+10
-2 0.5 1.5 -0.316532 -0.336133 0.418561 1.17337e+10
-1.5 1 1.5 -0.293477 -0.297792 0.499748 1.2183e+10
-2 1.5 1.5 -0.300547 -0.298237 0.483519 1.32154e+10
-1 -1.5 1.5 -0.370624 -0.33695 0.335183 1.07026e+10
-0.5 -1 1.5 -0.336133 -0.316532 0.418561 1.17337e+10
-1 -0.5 1.5 -0.327455 -0.319496 0.425752 1.116e+10
-0.5 0 1.5 -0.294813 -0.292341 0.507867 1.16506e+10
-1 0.5 1.5 -0.292341 -0.294813 0.507867 1.16506e+10
-0.5 1 1.5 -0.263521 -0.261165 0.58658 1.16913e+10
-1 1.5 1.5 -0.268092 -0.259318 0.577437 1.21777e+10
0 -1.5 1.5 -0.339397 -0.322821 0.403773 1.28014e+10
0.5 -1 1.5 -0.298237 -0.300547 0.483519 1.32154e+10
0 -0.5 1.5 -0.297792 -0.293477 0.499748 1.2183e+10
0.5 0 1.5 -0.259318 -0.268092 0.577437 1.21777e+10
0 0.5 1.5 -0.261165 -0.263521 0.58658 1.16913e+10
0.5 1 1.5 -0.227035 -0.233439 0.661446 1.14846e+10
0 1.5 1.5 -0.233439 -0.227035 0.661446 1.14846e+10
1 -1.5 1.5 -0.298223 -0.307799 0.46063 1.47282e+10
1.5 -1 1.5 -0.255042 -0.283229 0.534694 1.45889e+10
1 -0.5 1.5 -0.256721 -0.275957 0.559585 1.31425e+10
1.5 0 1.5 -0.215364 -0.250562 0.631379 1.2799e+10
1 0.5 1.5 -0.22112 -0.24112 0.651166 1.19227e+10
1.5 1 1.5 -0.183531 -0.213503 0.720637 1.15432e+10
1 1.5 1.5 -0.192953 -0.202834 0.732121 1.11534e+10
2 -1.5 1.5 -0.258537 -0.283769 0.506546 1.65279e+10
2.5 -1 1.5 -0.211728 -0.263252 0.572412 1.59127e+10
2 -0.5 1.5 -0.211211 -0.259156 0.60401 1.41243e+10
2.5 0 1.5 -0.167855 -0.23604 0.668427 1.35084e+10
2 0.5 1.5 -0.174734 -0.22513 0.698686 1.23247e+10
2.5 1 1.5 -0.135442 -0.199255 0.761352 1.17998e+10
2 1.5 1.5 -0.146942 -0.185422 0.785444 1.11102e+10
