449
-2.5 -1 -1.5 -0.255132 -0.344374 0.443004 1.29433e+11
-2.5 0 -1.5 -0.238221 -0.345871 0.469777 1.34607e+11
-2.5 1 -1.5 -0.22236 -0.348635 0.490741 1.30405e+11
-2 -1.5 -1.5 -0.267538 -0.271523 0.455051 9.56737e+10
-1.5 -1 -1.5 -0.266223 -0.195061 0.491176 7.67221e+10
-2 -0.5 -1.5 -0.261645 -0.260109 0.475843 1.01461e+11
-1.5 0 -1.5 -0.270162 -0.177052 0.500449 7.96703e+10
-2 0.5 -1.5 -0.255385 -0.251978 0.490824 1.02233e+11
-1.5 1 -1.5 -0.272817 -0.164125 0.50596 7.97466e+10
-2 1.5 -1.5 -0.251674 -0.250355 0.502375 9.8525e+10
-1 -1.5 -1.5 -0.256362 -0.146952 0.513609 5.84145e+10
-0.5 -1 -1.5 -0.252839 -0.0837934 0.546152 4.85597e+10
-1 -0.5 -1.5 -0.267476 -0.122498 0.519717 6.20767e+10
-0.5 0 -1.5 -0.267156 -0.0563608 0.544044 5.12204e+10
-1 0.5 -1.5 -0.27673 -0.100445 0.520257 6.40201e+10
-0.5 1 -1.5 -0.277512 -0.031057 0.537672 5.29189e+10
-1 1.5 -1.5 -0.281658 -0.082638 0.519162 6.4278e+10
0 -1.5 -1.5 -0.230856 -0.0576562 0.577323 3.83177e+10
0.5 -1 -1.5 -0.224879 -0.00841737 0.61048 3.31147e+10
0 -0.5 -1.5 -0.248524 -0.0267176 0.5749 4.10523e+10
0.5 0 -1.5 -0.241711 0.02367 0.600871 3.54624e+10
0 0.5 -1.5 -0.262965 0.00271952 0.565735 4.33286e+10
0.5 1 -1.5 -0.254212 0.0553964 0.584521 3.76769e+10
0 1.5 -1.5 -0.272012 0.0321713 0.552323 4.51125e+10
1 -1.5 -1.5 -0.200571 0.00057027 0.648452 2.70234e+10
1.5 -1 -1.5 -0.192256 0.0376669 0.683236 2.41875e+10
1 -0.5 -1.5 -0.217145 0.0346633 0.640765 2.91495e+10
1.5 0 -1.5 -0.207345 0.0717987 0.667437 2.62075e+10
1 0.5 -1.5 -0.231832 0.0677507 0.623628 3.13856e+10
1.5 1 -1.5 -0.218841 0.105837 0.642276 2.85443e+10
1 1.5 -1.5 -0.240527 0.10194 0.599924 3.37893e+10
2 -1.5 -1.5 -0.168755 0.0339056 0.726383 2.0357e+10
2.5 -1 -1.5 -0.159194 0.0612343 0.760881 1.87845e+10
2 -0.5 -1.5 -0.182736 0.0692816 0.713854 2.20499e+10
2.5 0 -1.5 -0.172194 0.0956629 0.738791 2.05237e+10
2 0.5 -1.5 -0.195627 0.103275 0.689246 2.41311e+10
2.5 1 -1.5 -0.182398 0.129175 0.704782 2.28078e+10
2 1.5 -1.5 -0.203307 0.137644 0.655629 2.67484e+10
-2.25 -0.75 -1.25 -0.3614 -0.294061 0.434161 2.95303e+10
-2.25 0.25 -1.25 -0.365092 -0.300845 0.451517 2.9922e+10
-2.25 1.25 -1.25 -0.361872 -0.316498 0.466036 2.90885e+10
-1.75 -1.25 -1.25 -0.329113 -0.241639 0.462314 2.25321e+10
-1.25 -0.75 -1.25 -0.304931 -0.196045 0.503297 1.82935e+10
-1.75 -0.25 -1.25 -0.336564 -0.236942 0.476703 2.34319e+10
-1.25 0.25 -1.25 -0.316545 -0.180163 0.509448 1.86952e+10
-1.75 0.75 -1.25 -0.344347 -0.233395 0.48558 2.33525e+10
-1.25 1.25 -1.25 -0.324033 -0.165341 0.512322 1.84996e+10
-0.75 -1.25 -1.25 -0.271545 -0.173084 0.531093 1.43464e+10
-0.25 -0.75 -1.25 -0.252831 -0.131741 0.566273 1.19831e+10
-0.75 -0.25 -1.25 -0.284601 -0.148092 0.536707 1.49432e+10
-0.25 0.25 -1.25 -0.26339 -0.0999474 0.565602 1.24164e+10
-0.75 0.75 -1.25 -0.295104 -0.122743 0.536594 1.51796e+10
-0.25 1.25 -1.25 -0.271098 -0.0667736 0.55932 1.26669e+10
0.25 -1.25 -1.25 -0.223059 -0.126018 0.597311 9.68346e+09
0.75 -0.75 -1.25 -0.205054 -0.0892042 0.63271 8.37702e+09
0.25 -0.25 -1.25 -0.232996 -0.0900913 0.597983 1.01669e+10
0.75 0.25 -1.25 -0.210551 -0.0486717 0.626658 8.81217e+09
0.25 0.75 -1.25 -0.239915 -0.0522748 0.590883 1.05672e+10
0.75 1.25 -1.25 -0.212817 -0.0051002 0.612165 9.2509e+09
1.25 -1.25 -1.25 -0.182845 -0.0941213 0.668434 6.97573e+09
1.75 -0.75 -1.25 -0.162557 -0.0602249 0.705385 6.23891e+09
1.25 -0.25 -1.25 -0.18405 -0.0523503 0.665318 7.38267e+09
1.75 0.25 -1.25 -0.160143 -0.0162795 0.693656 6.65611e+09
1.25 0.75 -1.25 -0.185046 -0.00808959 0.651329 7.8359e+09
1.75 1.25 -1.25 -0.15722 0.0303966 0.670465 7.18287e+09
2.25 -1.25 -1.25 -0.146527 -0.0702811 0.745439 5.34024e+09
2.25 -0.25 -1.25 -0.13953 -0.0270942 0.737539 5.6939e+09
2.25 0.75 -1.25 -0.134218 0.0180411 0.715745 6.16445e+09
-2.5 -1.5 -1 -0.258836 -0.383417 0.41114 1.32476e+11
-2.5 -0.5 -1 -0.234504 -0.381058 0.443475 1.38683e+11
-2.5 0.5 -1 -0.212329 -0.380113 0.467899 1.35251e+11
-2.5 1.5 -1 -0.198772 -0.385911 0.486368 1.2263e+11
-1.5 -1.5 -1 -0.25745 -0.244942 0.474802 8.27234e+10
-2 -1 -1 -0.252717 -0.303674 0.456005 1.07569e+11
-1.5 -0.5 -1 -0.255864 -0.224254 0.489175 8.66656e+10
-2 0 -1 -0.244036 -0.292948 0.474026 1.09476e+11
-1.5 0.5 -1 -0.255731 -0.206713 0.49722 8.68738e+10
-2 1 -1 -0.235701 -0.286205 0.487452 1.05249e+11
-1.5 1.5 -1 -0.253442 -0.193777 0.503274 8.32824e+10
-0.5 -1.5 -1 -0.242237 -0.138007 0.538425 5.36835e+10
-1 -1 -1 -0.254367 -0.173837 0.511149 6.81674e+10
-0.5 -0.5 -1 -0.252161 -0.107291 0.541785 5.6682e+10
-1 0 -1 -0.259628 -0.148428 0.515982 7.03695e+10
-0.5 0.5 -1 -0.260261 -0.0784807 0.539052 5.82783e+10
-1 1 -1 -0.263519 -0.125824 0.516536 7.02776e+10
-0.5 1.5 -1 -0.264171 -0.051513 0.533178 5.85542e+10
0.5 -1.5 -1 -0.218184 -0.0626627 0.607065 3.70841e+10
0 -1 -1 -0.236812 -0.079799 0.572899 4.56836e+10
0.5 -0.5 -1 -0.229544 -0.0273112 0.604145 3.94897e+10
0 0 -1 -0.247705 -0.0467552 0.568889 4.79956e+10
0.5 0.5 -1 -0.239209 0.00750478 0.59303 4.15876e+10
0 1 -1 -0.255204 -0.0149924 0.559349 4.95454e+10
0.5 1.5 -1 -0.243728 0.0434331 0.576352 4.33782e+10
1.5 -1.5 -1 -0.188744 -0.014266 0.683055 2.72932e+10
1 -1 -1 -0.209016 -0.0169903 0.642784 3.26606e+10
1.5 -0.5 -1 -0.19781 0.023378 0.675029 2.92692e+10
1 0 -1 -0.219298 0.0193352 0.632248 3.48282e+10
1.5 0.5 -1 -0.205881 0.0605699 0.656226 3.14522e+10
1 1 -1 -0.226156 0.0563 0.61352 3.70103e+10
1.5 1.5 -1 -0.208765 0.0987165 0.629438 3.3956e+10
2.5 -1.5 -1 -0.157161 0.0136027 0.763785 2.13295e+10
2 -1 -1 -0.176774 0.0210741 0.719518 2.48117e+10
2.5 -0.5 -1 -0.163567 0.0517491 0.750545 2.29658e+10
2 0 -1 -0.184536 0.058651 0.702538 2.67794e+10
2.5 0.5 -1 -0.169527 0.0887378 0.723737 2.50827e+10
2 1 -1 -0.18966 0.0960144 0.674778 2.91754e+10
2.5 1.5 -1 -0.171254 0.125582 0.686492 2.78662e+10
-2.25 -1.25 -0.75 -0.433655 -0.212811 0.368644 2.80485e+10
-2.25 -0.25 -0.75 -0.441638 -0.241986 0.385509 2.92774e+10
-2.25 0.75 -0.75 -0.447585 -0.266988 0.399691 2.88255e+10
-1.25 -1.25 -0.75 -0.358612 -0.127071 0.459267 1.84285e+10
-1.75 -0.75 -0.75 -0.40373 -0.170962 0.421494 2.33423e+10
-1.25 -0.25 -0.75 -0.379874 -0.121896 0.464738 1.91974e+10
-1.75 0.25 -0.75 -0.421196 -0.182351 0.429679 2.37387e+10
-1.25 0.75 -0.75 -0.398381 -0.118468 0.466527 1.92508e+10
-1.75 1.25 -0.75 -0.429622 -0.193234 0.437389 2.29944e+10
-0.25 -1.25 -0.75 -0.290168 -0.0683185 0.538946 1.24282e+10
-0.75 -0.75 -0.75 -0.335809 -0.0861906 0.501439 1.54344e+10
-0.25 -0.25 -0.75 -0.314364 -0.0446827 0.537628 1.30254e+10
-0.75 0.25 -0.75 -0.356385 -0.0715255 0.500823 1.58855e+10
-0.25 0.75 -0.75 -0.33215 -0.0205816 0.531395 1.33545e+10
-0.75 1.25 -0.75 -0.37348 -0.0561793 0.497004 1.58608e+10
0.75 -1.25 -0.75 -0.235371 -0.03314 0.615534 8.84869e+09
0.25 -0.75 -0.75 -0.272274 -0.0335166 0.576402 1.06977e+10
0.75 -0.25 -0.75 -0.252552 0.00194158 0.610538 9.33607e+09
0.25 0.25 -0.75 -0.291654 -0.00263565 0.56954 1.11647e+10
0.75 0.75 -0.75 -0.266423 0.03856 0.597194 9.78452e+09
0.25 1.25 -0.75 -0.304348 0.0298931 0.5572 1.15054e+10
1.75 -1.25 -0.75 -0.18943 -0.0115018 0.695378 6.65675e+09
1.25 -0.75 -0.75 -0.21811 -0.00193679 0.652876 7.84606e+09
1.75 -0.25 -0.75 -0.198465 0.028422 0.686289 7.08012e+09
1.25 0.25 -0.75 -0.230424 0.0366945 0.640756 8.30939e+09
1.75 0.75 -0.75 -0.206189 0.0701176 0.66558 7.57908e+09
1.25 1.25 -0.75 -0.238583 0.0785645 0.619587 8.81412e+09
2.25 -0.75 -0.75 -0.171314 0.0158799 0.732341 6.08239e+09
2.25 0.25 -0.75 -0.177012 0.0574079 0.713891 6.52939e+09
2.25 1.25 -0.75 -0.18099 0.100825 0.683204 7.1153e+09
-2.5 -1 -0.5 -0.241676 -0.402629 0.410314 1.22241e+11
-2.5 0 -0.5 -0.223537 -0.401143 0.435292 1.21293e+11
-2.5 1 -0.5 -0.202247 -0.401351 0.456389 1.10242e+11
-2 -1.5 -0.5 -0.25872 -0.337234 0.426761 9.90979e+10
-1.5 -1 -0.5 -0.254765 -0.263229 0.468956 8.30574e+10
-2 -0.5 -0.5 -0.244859 -0.325578 0.449201 1.02349e+11
-1.5 0 -0.5 -0.250644 -0.244127 0.480722 8.38403e+10
-2 0.5 -0.5 -0.234561 -0.313838 0.464325 9.92963e+10
-1.5 1 -0.5 -0.248242 -0.227295 0.487649 8.04832e+10
-2 1.5 -0.5 -0.225099 -0.309406 0.477168 8.95113e+10
-1 -1.5 -0.5 -0.252846 -0.217117 0.494146 6.6269e+10
-0.5 -1 -0.5 -0.248379 -0.151022 0.53155 5.60948e+10
-1 -0.5 -0.5 -0.254395 -0.189474 0.503448 6.89745e+10
-0.5 0 -0.5 -0.253769 -0.119862 0.532825 5.77583e+10
-1 0.5 -0.5 -0.256918 -0.165457 0.506717 6.89299e+10
-0.5 1 -0.5 -0.257782 -0.0911357 0.529212 5.7683e+10
-1 1.5 -0.5 -0.257048 -0.142819 0.507013 6.62856e+10
0 -1.5 -0.5 -0.236063 -0.124331 0.563066 4.55898e+10
0.5 -1 -0.5 -0.227584 -0.0705559 0.600057 3.96765e+10
0 -0.5 -0.5 -0.243177 -0.0897344 0.564501 4.79002e+10
0.5 0 -0.5 -0.234717 -0.0337825 0.594113 4.15688e+10
0 0.5 -0.5 -0.249063 -0.0555249 0.558748 4.9214e+10
0.5 1 -0.5 -0.238506 0.00381134 0.581315 4.29785e+10
0 1.5 -0.5 -0.250899 -0.0212432 0.54865 4.95459e+10
1 -1.5 -0.5 -0.210274 -0.0603935 0.637878 3.30301e+10
1.5 -1 -0.5 -0.197808 -0.0175302 0.675712 2.96326e+10
1 -0.5 -0.5 -0.216711 -0.0217744 0.633667 3.50315e+10
1.5 0 -0.5 -0.20282 0.0220662 0.663248 3.15394e+10
1 0.5 -0.5 -0.221952 0.0170148 0.620085 3.68807e+10
1.5 1 -0.5 -0.204816 0.0623099 0.641331 3.35792e+10
1 1.5 -0.5 -0.221648 0.057603 0.599732 3.86254e+10
2 -1.5 -0.5 -0.179972 -0.0195277 0.718506 2.53141e+10
2.5 -1 -0.5 -0.164516 0.0144308 0.755616 2.33787e+10
2 -0.5 -0.5 -0.183238 0.0207734 0.70904 2.70396e+10
2.5 0 -0.5 -0.166715 0.0544137 0.736232 2.51731e+10
2 0.5 -0.5 -0.185972 0.0607607 0.687436 2.90542e+10
2.5 1 -0.5 -0.166891 0.0938227 0.704588 2.74711e+10
2 1.5 -0.5 -0.184289 0.100968 0.656406 3.14992e+10
-2.25 -0.75 -0.25 -0.493958 -0.168461 0.326841 2.51328e+10
-2.25 0.25 -0.25 -0.511469 -0.209264 0.339934 2.52797e+10
-2.25 1.25 -0.25 -0.506948 -0.24635 0.357945 2.35952e+10
-1.75 -1.25 -0.25 -0.451197 -0.101271 0.370529 2.06509e+10
-1.25 -0.75 -0.25 -0.426981 -0.0615187 0.421833 1.76901e+10
-1.75 -0.25 -0.25 -0.475256 -0.122019 0.377973 2.1484e+10
-1.25 0.25 -0.25 -0.451452 -0.070811 0.423596 1.80728e+10
-1.75 0.75 -0.25 -0.494247 -0.143095 0.384672 2.11965e+10
-1.25 1.25 -0.25 -0.473741 -0.0775093 0.42402 1.76272e+10
-0.75 -1.25 -0.25 -0.370203 -0.0265822 0.468079 1.43712e+10
-0.25 -0.75 -0.25 -0.34996 0.00662026 0.511124 1.24209e+10
-0.75 -0.25 -0.25 -0.403417 -0.020394 0.466079 1.50411e+10
-0.25 0.25 -0.25 -0.379355 0.0236058 0.504315 1.28596e+10
-0.75 0.75 -0.25 -0.42813 -0.0156928 0.462211 1.52053e+10
-0.25 1.25 -0.25 -0.39876 0.0406458 0.495491 1.29653e+10
0.25 -1.25 -0.25 -0.299326 0.0173386 0.555935 1.02653e+10
0.75 -0.75 -0.25 -0.282161 0.0469953 0.595388 9.06631e+09
0.25 -0.25 -0.25 -0.329068 0.0419167 0.549352 1.08007e+10
0.75 0.25 -0.25 -0.306032 0.0771118 0.583128 9.5229e+09
0.25 0.75 -0.25 -0.352397 0.0673938 0.537395 1.11555e+10
0.75 1.25 -0.25 -0.322705 0.111069 0.564714 9.90798e+09
1.25 -1.25 -0.25 -0.240358 0.042314 0.641358 7.64892e+09
1.75 -0.75 -0.25 -0.224345 0.0671685 0.679486 6.93871e+09
1.25 -0.25 -0.25 -0.262948 0.0761257 0.630924 8.11273e+09
1.75 0.25 -0.25 -0.242059 0.104335 0.661294 7.39668e+09
1.25 0.75 -0.25 -0.280942 0.111716 0.611607 8.57458e+09
1.75 1.25 -0.25 -0.254592 0.143955 0.633288 7.92619e+09
2.25 -1.25 -0.25 -0.1913 0.0520915 0.727308 5.99372e+09
2.25 -0.25 -0.25 -0.206781 0.0909889 0.7123 6.39906e+09
2.25 0.75 -0.25 -0.220339 0.130486 0.684648 6.90248e+09
-2.5 -1.5 0 -0.258069 -0.415597 0.37374 9.47048e+10
-2.5 -0.5 0 -0.235076 -0.411228 0.402811 9.51329e+10
-2.5 0.5 0 -0.215151 -0.401629 0.424228 8.80763e+10
-2.5 1.5 0 -0.204219 -0.40652 0.442603 7.30789e+10
-1.5 -1.5 0 -0.259945 -0.295561 0.443848 7.08807e+10
-2 -1 0 -0.25188 -0.347137 0.420406 8.46048e+10
-1.5 -0.5 0 -0.252316 -0.273639 0.459348 7.25757e+10
-2 0 0 -0.239157 -0.33576 0.438667 8.28982e+10
-1.5 0.5 0 -0.249229 -0.256055 0.468276 7.01258e+10
-2 1 0 -0.229356 -0.322935 0.451525 7.55402e+10
-1.5 1.5 0 -0.245998 -0.239931 0.474541 6.38596e+10
-0.5 -1.5 0 -0.251916 -0.189602 0.515257 5.04116e+10
-1 -1 0 -0.256402 -0.225749 0.485415 6.10118e+10
-0.5 -0.5 0 -0.253882 -0.15773 0.521276 5.22e+10
-1 0 0 -0.255363 -0.198945 0.492122 6.14571e+10
-0.5 0.5 0 -0.256254 -0.126973 0.520682 5.21563e+10
-1 1 0 -0.256846 -0.176427 0.494019 5.90224e+10
-0.5 1.5 0 -0.256944 -0.0958294 0.516303 5.0277e+10
0.5 -1.5 0 -0.231432 -0.109984 0.590649 3.65402e+10
0 -1 0 -0.244855 -0.128632 0.554599 4.37584e+10
0.5 -0.5 0 -0.235895 -0.0717985 0.589972 3.8275e+10
0 0 0 -0.249066 -0.0934942 0.553056 4.49436e+10
0.5 0.5 0 -0.239206 -0.03298 0.581178 3.93592e+10
0 1 0 -0.25069 -0.0571252 0.545679 4.50124e+10
0.5 1.5 0 -0.236738 0.00808423 0.567095 3.97955e+10
1.5 -1.5 0 -0.203848 -0.0551733 0.671165 2.76726e+10
1 -1 0 -0.219865 -0.0596835 0.629888 3.24768e+10
1.5 -0.5 0 -0.205554 -0.0135846 0.665104 2.92818e+10
1 0 0 -0.223287 -0.0191941 0.621514 3.40167e+10
1.5 0.5 0 -0.206349 0.0285028 0.648447 3.08682e+10
1 1 0 -0.223258 0.0225507 0.605205 3.52641e+10
1.5 1.5 0 -0.20226 0.0714261 0.623546 3.25088e+10
2.5 -1.5 0 -0.171364 -0.0203005 0.75538 2.20513e+10
2 -1 0 -0.188034 -0.0143899 0.710298 2.52868e+10
2.5 -0.5 0 -0.170084 0.0222682 0.743629 2.348e+10
2 0 0 -0.188157 0.0279121 0.695162 2.68926e+10
2.5 0.5 0 -0.16835 0.0642758 0.718218 2.52489e+10
2 1 0 -0.18593 0.0702869 0.669082 2.87263e+10
2.5 1.5 0 -0.16262 0.105914 0.682032 2.74924e+10
-2.25 -1.25 0.25 -0.521784 -0.0890594 0.280474 1.91089e+10
-2.25 -0.25 0.25 -0.542499 -0.133507 0.29385 1.9612e+10
-2.25 0.75 0.25 -0.5569 -0.169147 0.308289 1.87308e+10
-1.25 -1.25 0.25 -0.451766 1.49189e-07 0.385125 1.46991e+10
-1.75 -0.75 0.25 -0.507422 -0.0516888 0.334218 1.74033e+10
-1.25 -0.25 0.25 -0.490034 -0.0155633 0.384015 1.5332e+10
-1.75 0.25 0.25 -0.530088 -0.089181 0.341057 1.75528e+10
-1.25 0.75 0.25 -0.515875 -0.0341373 0.385199 1.52343e+10
-1.75 1.25 0.25 -0.550574 -0.116211 0.349226 1.65303e+10
-0.25 -1.25 0.25 -0.373342 0.0550062 0.486542 1.08643e+10
-0.75 -0.75 0.25 -0.432859 0.0301335 0.43471 1.29933e+10
-0.25 -0.25 0.25 -0.411454 0.0652044 0.479365 1.13983e+10
-0.75 0.25 0.25 -0.468074 0.0293985 0.429603 1.33257e+10
-0.25 0.75 0.25 -0.441464 0.0753181 0.469773 1.15867e+10
-0.75 1.25 0.25 -0.490431 0.0257351 0.425931 1.31226e+10
0.75 -1.25 0.25 -0.30101 0.088302 0.58155 8.13553e+09
0.25 -0.75 0.25 -0.355123 0.0837193 0.530496 9.64078e+09
0.75 -0.25 0.25 -0.334626 0.112517 0.569864 8.60571e+09
0.25 0.25 0.25 -0.3873 0.10145 0.518719 1.00386e+10
0.75 0.75 0.25 -0.359929 0.139115 0.55263 8.96472e+09
0.25 1.25 0.25 -0.409737 0.124675 0.504237 1.02107e+10
1.75 -1.25 0.25 -0.240514 0.10042 0.673219 6.33057e+09
1.25 -0.75 0.25 -0.284889 0.111484 0.621873 7.36082e+09
1.75 -0.25 0.25 -0.267003 0.134455 0.657406 6.74207e+09
1.25 0.25 0.25 -0.312075 0.141617 0.604144 7.78517e+09
1.75 0.75 0.25 -0.288645 0.169096 0.631674 7.18423e+09
1.25 1.25 0.25 -0.330983 0.174936 0.579455 8.18519e+09
2.25 -0.75 0.25 -0.226196 0.119508 0.710806 5.86314e+09
2.25 0.25 0.25 -0.248483 0.155979 0.686254 6.28403e+09
2.25 1.25 0.25 -0.264969 0.19453 0.651031 6.79168e+09
-2.5 -1 0.5 -0.246499 -0.410943 0.373024 6.68858e+10
-2.5 0 0.5 -0.226949 -0.4029 0.39706 6.27046e+10
-2.5 1 0.5 -0.216339 -0.397667 0.414629 5.35852e+10
-2 -1.5 0.5 -0.259837 -0.363253 0.392219 6.22858e+10
-1.5 -1 0.5 -0.25782 -0.297146 0.436091 5.66664e+10
-2 -0.5 0.5 -0.244657 -0.34577 0.413375 6.2233e+10
-1.5 0 0.5 -0.250811 -0.275365 0.447944 5.55726e+10
-2 0.5 0.5 -0.239317 -0.33346 0.426605 5.75383e+10
-1.5 1 0.5 -0.248723 -0.258102 0.455394 5.07885e+10
-2 1.5 0.5 -0.230176 -0.322407 0.440025 4.90257e+10
-1 -1.5 0.5 -0.26265 -0.256056 0.46366 4.91409e+10
-0.5 -1 0.5 -0.257811 -0.191641 0.505913 4.33678e+10
-1 -0.5 0.5 -0.258656 -0.228795 0.474549 4.99979e+10
-0.5 0 0.5 -0.258317 -0.159944 0.508951 4.35269e+10
-1 0.5 0.5 -0.256591 -0.202327 0.47923 4.83253e+10
-0.5 1 0.5 -0.258937 -0.127021 0.506551 4.20219e+10
-1 1.5 0.5 -0.25905 -0.177068 0.479791 4.42123e+10
0 -1.5 0.5 -0.250061 -0.165106 0.540677 3.68534e+10
0.5 -1 0.5 -0.240433 -0.108119 0.581865 3.27235e+10
0 -0.5 0.5 -0.251845 -0.128651 0.54369 3.80515e+10
0.5 0 0.5 -0.242645 -0.0681582 0.577343 3.36553e+10
0 0.5 0.5 -0.253933 -0.0919595 0.539369 3.8095e+10
0.5 1 0.5 -0.241392 -0.0260669 0.56639 3.38096e+10
0 1.5 0.5 -0.250167 -0.0510566 0.531276 3.69027e+10
1 -1.5 0.5 -0.227203 -0.0962212 0.621839 2.80079e+10
1.5 -1 0.5 -0.212436 -0.0484599 0.662703 2.54234e+10
1 -0.5 0.5 -0.228037 -0.0543585 0.618956 2.93145e+10
1.5 0 0.5 -0.211301 -0.00449825 0.651636 2.66437e+10
1 0.5 0.5 -0.227521 -0.011058 0.607033 3.02202e+10
1.5 1 0.5 -0.207448 0.0400614 0.631096 2.7746e+10
1 1.5 0.5 -0.221996 0.0333702 0.588242 3.07505e+10
2 -1.5 0.5 -0.197087 -0.0489089 0.707137 2.21367e+10
2.5 -1 0.5 -0.177702 -0.00964577 0.746598 2.05792e+10
2 -0.5 0.5 -0.194415 -0.00450896 0.698696 2.33807e+10
2.5 0 0.5 -0.173778 0.0348246 0.727943 2.18778e+10
2 0.5 0.5 -0.190943 0.0400298 0.678183 2.4701e+10
2.5 1 0.5 -0.167699 0.0788542 0.696862 2.34455e+10
2 1.5 0.5 -0.1832 0.0845088 0.647966 2.61638e+10
-2.25 -0.75 0.75 -0.552718 -0.0442165 0.260967 1.36947e+10
-2.25 0.25 0.75 -0.567587 -0.110116 0.276636 1.34713e+10
-2.25 1.25 0.75 -0.588712 -0.154233 0.295326 1.20669e+10
-1.75 -1.25 0.75 -0.510411 0.0179263 0.303863 1.26622e+10
-1.25 -0.75 0.75 -0.503785 0.0418633 0.353886 1.18302e+10
-1.75 -0.25 0.75 -0.552015 -0.0190642 0.306001 1.30417e+10
-1.25 0.25 0.75 -0.542496 0.022958 0.352203 1.19721e+10
-1.75 0.75 0.75 -0.575367 -0.0593937 0.31494 1.26578e+10
-1.25 1.25 0.75 -0.561143 -0.00481734 0.356877 1.14247e+10
-0.75 -1.25 0.75 -0.446487 0.0805807 0.408808 1.0285e+10
-0.25 -0.75 0.75 -0.431602 0.107579 0.457343 9.32595e+09
-0.75 -0.25 0.75 -0.489621 0.0736911 0.402401 1.07414e+10
-0.25 0.25 0.75 -0.468295 0.10896 0.447443 9.60882e+09
-0.75 0.75 0.75 -0.522797 0.0653063 0.396976 1.0699e+10
-0.25 1.25 0.75 -0.494374 0.11937 0.438144 9.53183e+09
0.25 -1.25 0.75 -0.369505 0.124665 0.514154 7.96416e+09
0.75 -0.75 0.75 -0.352813 0.146253 0.558138 7.24619e+09
0.25 -0.25 0.75 -0.410961 0.135543 0.501902 8.39956e+09
0.75 0.25 0.75 -0.386888 0.166275 0.541393 7.60025e+09
0.25 0.75 0.75 -0.440958 0.149927 0.487726 8.61254e+09
0.75 1.25 0.75 -0.40985 0.190712 0.521153 7.81787e+09
1.25 -1.25 0.75 -0.297804 0.142794 0.613983 6.24231e+09
1.75 -0.75 0.75 -0.283093 0.160694 0.654054 5.77418e+09
1.25 -0.25 0.75 -0.33338 0.16925 0.59745 6.63092e+09
1.75 0.25 0.75 -0.312744 0.191746 0.630459 6.1434e+09
1.25 0.75 0.75 -0.360699 0.196661 0.574274 6.96897e+09
1.75 1.25 0.75 -0.33387 0.22534 0.598921 6.51877e+09
2.25 -1.25 0.75 -0.237311 0.143126 0.709554 5.05479e+09
2.25 -0.25 0.75 -0.267369 0.17792 0.687993 5.40142e+09
2.25 0.75 0.75 -0.292039 0.212737 0.655443 5.79417e+09
-2.5 -1.5 1 -0.2547 -0.407886 0.349474 4.18565e+10
-2.5 -0.5 1 -0.23478 -0.397502 0.375315 4.09996e+10
-2.5 0.5 1 -0.23618 -0.394212 0.390785 3.62919e+10
-2.5 1.5 1 -0.21232 -0.403214 0.416278 2.9058e+10
-1.5 -1.5 1 -0.263951 -0.31379 0.412984 4.03628e+10
-2 -1 1 -0.251508 -0.353276 0.390793 4.23431e+10
-1.5 -0.5 1 -0.255449 -0.291936 0.428524 4.01118e+10
-2 0 1 -0.240846 -0.334823 0.407195 4.02713e+10
-1.5 0.5 1 -0.248763 -0.268154 0.438538 3.72034e+10
-2 1 1 -0.23593 -0.324595 0.420691 3.46753e+10
-1.5 1.5 1 -0.255555 -0.251118 0.443372 3.20764e+10
-0.5 -1.5 1 -0.262688 -0.222644 0.48871 3.31968e+10
-1 -1 1 -0.262757 -0.252822 0.456213 3.73722e+10
-0.5 -0.5 1 -0.261005 -0.188896 0.495686 3.36714e+10
-1 0 1 -0.259853 -0.225439 0.46379 3.64501e+10
-0.5 0.5 1 -0.262252 -0.155595 0.495561 3.26884e+10
-1 1 1 -0.259365 -0.195692 0.466124 3.37355e+10
-0.5 1.5 1 -0.2587 -0.115619 0.493243 3.00806e+10
0.5 -1.5 1 -0.247861 -0.143504 0.570451 2.60823e+10
0 -1 1 -0.256368 -0.162073 0.531821 2.99304e+10
0.5 -0.5 1 -0.247547 -0.102243 0.570761 2.69562e+10
0 0 1 -0.257091 -0.123859 0.531106 3.01505e+10
0.5 0.5 1 -0.246269 -0.0588983 0.563382 2.70837e+10
0 1 1 -0.255969 -0.0827863 0.525177 2.91963e+10
0.5 1.5 1 -0.240419 -0.0135311 0.550637 2.64422e+10
1.5 -1.5 1 -0.222411 -0.0835185 0.656609 2.07606e+10
1 -1 1 -0.235576 -0.0893168 0.613015 2.37119e+10
1.5 -0.5 1 -0.218996 -0.0379331 0.651402 2.17143e+10
1 0 1 -0.233457 -0.0444669 0.605915 2.44308e+10
1.5 0.5 1 -0.214149 0.00869036 0.635813 2.24623e+10
1 1 1 -0.228556 0.00160256 0.590892 2.46861e+10
1.5 1.5 1 -0.205285 0.0551865 0.611677 2.30172e+10
2.5 -1.5 1 -0.188531 -0.0424491 0.745496 1.70637e+10
2 -1 1 -0.203727 -0.0376259 0.698501 1.92111e+10
2.5 -0.5 1 -0.182098 0.00439298 0.734053 1.79887e+10
2 0 1 -0.19848 0.00907812 0.684018 2.01507e+10
2.5 0.5 1 -0.175075 0.0508276 0.70882 1.90444e+10
2 1 1 -0.190854 0.0556766 0.65848 2.10813e+10
2.5 1.5 1 -0.1636 0.0968329 0.672656 2.02711e+10
-2.25 -1.25 1.25 -0.529201 0.0316401 0.246868 8.56311e+09
-2.25 -0.25 1.25 -0.581234 -0.0315739 0.251982 8.72078e+09
-2.25 0.75 1.25 -0.60013 -0.0879473 0.273632 8.25038e+09
-1.25 -1.25 1.25 -0.498143 0.0988898 0.334724 8.35047e+09
-1.75 -0.75 1.25 -0.543953 0.0483332 0.286546 8.84957e+09
-1.25 -0.25 1.25 -0.54548 0.0753751 0.330861 8.62552e+09
-1.75 0.25 1.25 -0.585121 0.0185027 0.291016 8.77913e+09
-1.25 0.75 1.25 -0.580621 0.0479315 0.331223 8.36775e+09
-1.75 1.25 1.25 -0.598767 -0.0429364 0.306189 8.09281e+09
-0.25 -1.25 1.25 -0.436193 0.152098 0.441221 7.03706e+09
-0.75 -0.75 1.25 -0.497055 0.122594 0.382247 7.95463e+09
-0.25 -0.25 1.25 -0.482724 0.146703 0.429555 7.38796e+09
-0.75 0.25 1.25 -0.535959 0.104543 0.375815 8.08039e+09
-0.25 0.75 1.25 -0.514595 0.145958 0.420022 7.43161e+09
-0.75 1.25 1.25 -0.56278 0.103038 0.373722 7.76918e+09
0.75 -1.25 1.25 -0.360964 0.177388 0.548878 5.70326e+09
0.25 -0.75 1.25 -0.422883 0.170771 0.488459 6.53563e+09
0.75 -0.25 1.25 -0.403363 0.193462 0.532158 6.04025e+09
0.25 0.25 1.25 -0.461033 0.177575 0.473808 6.78839e+09
0.75 0.75 1.25 -0.434166 0.21128 0.512517 6.25352e+09
0.25 1.25 1.25 -0.486114 0.190962 0.459412 6.81706e+09
1.75 -1.25 1.25 -0.291499 0.182811 0.651718 4.66196e+09
1.25 -0.75 1.25 -0.345974 0.194254 0.592163 5.31097e+09
1.75 -0.25 1.25 -0.328545 0.212 0.629918 4.97054e+09
1.25 0.25 1.25 -0.380871 0.217742 0.570086 5.60561e+09
1.75 0.75 1.25 -0.357182 0.24118 0.60027 5.26288e+09
1.25 1.25 1.25 -0.404794 0.244105 0.543267 5.8248e+09
2.25 -0.75 1.25 -0.2786 0.196238 0.69012 4.39867e+09
2.25 0.25 1.25 -0.310604 0.228743 0.660126 4.70245e+09
2.25 1.25 1.25 -0.333231 0.263948 0.621339 5.02722e+09
-2.5 -1 1.5 -0.255173 -0.39118 0.3554 2.43156e+10
-2.5 0 1.5 -0.23546 -0.394726 0.380024 2.29422e+10
-2.5 1 1.5 -0.216801 -0.405838 0.402478 1.88093e+10
-2 -1.5 1.5 -0.258415 -0.352831 0.371477 2.64811e+10
-1.5 -1 1.5 -0.257606 -0.303117 0.412276 2.67245e+10
-2 -0.5 1.5 -0.247344 -0.343685 0.39155 2.57789e+10
-1.5 0 1.5 -0.253523 -0.280497 0.424052 2.52052e+10
-2 0.5 1.5 -0.234327 -0.324126 0.40808 2.28969e+10
-1.5 1 1.5 -0.252649 -0.257636 0.431217 2.23299e+10
-2 1.5 1.5 -0.252065 -0.333809 0.415936 1.87554e+10
-1 -1.5 1.5 -0.264465 -0.274296 0.439589 2.57056e+10
-0.5 -1 1.5 -0.263498 -0.215594 0.482483 2.41246e+10
-1 -0.5 1.5 -0.260306 -0.243798 0.450456 2.54874e+10
-0.5 0 1.5 -0.26334 -0.180291 0.485375 2.37315e+10
-1 0.5 1.5 -0.262404 -0.215107 0.454004 2.38986e+10
-0.5 1 1.5 -0.263816 -0.140004 0.483822 2.20343e+10
-1 1.5 1.5 -0.259977 -0.175678 0.457065 2.07316e+10
0 -1.5 1.5 -0.262193 -0.19406 0.518361 2.19014e+10
0.5 -1 1.5 -0.254372 -0.135918 0.561979 2.02441e+10
0 -0.5 1.5 -0.260312 -0.153986 0.521986 2.23008e+10
0.5 0 1.5 -0.251081 -0.0906951 0.558784 2.04582e+10
0 0.5 1.5 -0.258867 -0.111225 0.518806 2.17639e+10
0.5 1 1.5 -0.245834 -0.0439978 0.549353 1.99584e+10
0 1.5 1.5 -0.25391 -0.0657618 0.512313 2.02429e+10
1 -1.5 1.5 -0.245216 -0.124469 0.604246 1.80477e+10
1.5 -1 1.5 -0.228725 -0.0722475 0.648166 1.67528e+10
1 -0.5 1.5 -0.241057 -0.078193 0.602289 1.86607e+10
1.5 0 1.5 -0.222324 -0.0236945 0.637982 1.72927e+10
1 0.5 1.5 -0.234912 -0.0300194 0.591743 1.88349e+10
1.5 1 1.5 -0.213585 0.0250238 0.618126 1.75809e+10
1 1.5 1.5 -0.226032 0.0178615 0.573758 1.85542e+10
2 -1.5 1.5 -0.215454 -0.072046 0.694869 1.49723e+10
2.5 -1 1.5 -0.192708 -0.0277268 0.736711 1.40899e+10
2 -0.5 1.5 -0.207889 -0.0232707 0.686868 1.56429e+10
2.5 0 1.5 -0.184071 0.0211707 0.717991 1.47859e+10
2 0.5 1.5 -0.199595 0.0256122 0.666642 1.62387e+10
2.5 1 1.5 -0.173109 0.0695847 0.686699 1.55342e+10
2 1.5 1.5 -0.186829 0.074178 0.636617 1.67453e+10
