449
-2.5 -1 -1.5 -0.215364 -0.250562 0.631379 1.2799e+10
-2.5 0 -1.5 -0.183531 -0.213503 0.720637 1.15432e+10
-2.5 1 -1.5 -0.159299 -0.172101 0.798095 1.07665e+10
-2 -1.5 -1.5 -0.211211 -0.259156 0.60401 1.41243e+10
-1.5 -1 -1.5 -0.167855 -0.23604 0.668427 1.35084e+10
-2 -0.5 -1.5 -0.174734 -0.22513 0.698686 1.23247e+10
-1.5 0 -1.5 -0.135442 -0.199255 0.761352 1.17998e+10
-2 0.5 -1.5 -0.146942 -0.185422 0.785444 1.11102e+10
-1.5 1 -1.5 -0.111717 -0.156819 0.844446 1.06769e+10
-2 1.5 -1.5 -0.126392 -0.141451 0.858104 1.03734e+10
-1 -1.5 -1.5 -0.165164 -0.244191 0.633061 1.51038e+10
-0.5 -1 -1.5 -0.120002 -0.22425 0.68917 1.42484e+10
-1 -0.5 -1.5 -0.125899 -0.212571 0.728192 1.28439e+10
-0.5 0 -1.5 -0.0858586 -0.1876 0.782759 1.2206e+10
-1 0.5 -1.5 -0.0979074 -0.172409 0.818485 1.12858e+10
-0.5 1 -1.5 -0.0623117 -0.144828 0.868152 1.08352e+10
-1 1.5 -1.5 -0.0779822 -0.127961 0.895639 1.02931e+10
0 -1.5 -1.5 -0.119359 -0.234895 0.6472 1.60001e+10
0.5 -1 -1.5 -0.072046 -0.215454 0.694869 1.49723e+10
0 -0.5 -1.5 -0.0768132 -0.201834 0.740523 1.34404e+10
0.5 0 -1.5 -0.0362353 -0.177223 0.78541 1.27433e+10
0 0.5 -1.5 -0.0480911 -0.161341 0.830303 1.16522e+10
0.5 1 -1.5 -0.0128854 -0.134439 0.868437 1.12201e+10
0 1.5 -1.5 -0.0288046 -0.117031 0.907949 1.04815e+10
1 -1.5 -1.5 -0.0722475 -0.228725 0.648166 1.67528e+10
1.5 -1 -1.5 -0.0232707 -0.207889 0.686868 1.56429e+10
1 -0.5 -1.5 -0.0277268 -0.192708 0.736711 1.40899e+10
1.5 0 -1.5 0.0127949 -0.167865 0.770357 1.34066e+10
1 0.5 -1.5 0.00123021 -0.15134 0.821457 1.22019e+10
1.5 1 -1.5 0.035574 -0.124521 0.846664 1.18364e+10
1 1.5 -1.5 0.0197923 -0.107128 0.895091 1.09272e+10
2 -1.5 -1.5 -0.0236945 -0.222324 0.637982 1.72927e+10
2.5 -1 -1.5 0.0256122 -0.199595 0.666642 1.62387e+10
2 -0.5 -1.5 0.0211707 -0.184071 0.717991 1.47859e+10
2.5 0 -1.5 0.0610322 -0.15769 0.739773 1.42112e+10
2 0.5 -1.5 0.0494874 -0.141385 0.793898 1.29467e+10
2.5 1 -1.5 0.0827439 -0.113144 0.80602 1.27168e+10
2 1.5 -1.5 0.0671764 -0.0966126 0.859632 1.16532e+10
-2.25 -0.75 -1.25 0.082779 -0.142993 0.699555 2.75239e+09
-2.25 0.25 -1.25 0.0490976 -0.0890431 0.784572 2.54104e+09
-2.25 1.25 -1.25 0.0116968 -0.0355115 0.853445 2.41501e+09
-1.75 -1.25 -1.25 0.123091 -0.195632 0.658932 3.02221e+09
-1.25 -0.75 -1.25 0.132549 -0.191899 0.712286 2.95397e+09
-1.75 -0.25 -1.25 0.092679 -0.139454 0.754534 2.7046e+09
-1.25 0.25 -1.25 0.101488 -0.134634 0.805823 2.638e+09
-1.75 0.75 -1.25 0.0576351 -0.0841144 0.837139 2.48884e+09
-1.25 1.25 -1.25 0.0640663 -0.0794491 0.883979 2.43148e+09
-0.75 -1.25 -1.25 0.165854 -0.244401 0.661329 3.28979e+09
-0.25 -0.75 -1.25 0.174773 -0.238705 0.709417 3.17183e+09
-0.75 -0.25 -1.25 0.141371 -0.186484 0.762086 2.86506e+09
-0.25 0.25 -1.25 0.148779 -0.1801 0.806717 2.77373e+09
-0.75 0.75 -1.25 0.108333 -0.129482 0.851651 2.56739e+09
-0.25 1.25 -1.25 0.112874 -0.124953 0.889913 2.50374e+09
0.25 -1.25 -1.25 0.199893 -0.292559 0.65106 3.55547e+09
0.75 -0.75 -1.25 0.210397 -0.282748 0.69317 3.40039e+09
0.25 -0.25 -1.25 0.183369 -0.230917 0.752738 3.05211e+09
0.75 0.25 -1.25 0.190224 -0.222768 0.788989 2.94708e+09
0.25 0.75 -1.25 0.154084 -0.174019 0.844012 2.69278e+09
0.75 1.25 -1.25 0.157525 -0.168925 0.87213 2.63043e+09
1.25 -1.25 -1.25 0.229242 -0.336874 0.630713 3.80878e+09
1.75 -0.75 -1.25 0.242352 -0.32188 0.665456 3.63503e+09
1.25 -0.25 -1.25 0.219856 -0.271798 0.728462 3.26418e+09
1.75 0.25 -1.25 0.227874 -0.261106 0.755094 3.15946e+09
1.25 0.75 -1.25 0.195354 -0.215341 0.816326 2.86646e+09
1.75 1.25 -1.25 0.199602 -0.209029 0.833368 2.81604e+09
2.25 -1.25 -1.25 0.256052 -0.372603 0.602549 4.0416e+09
2.25 -0.25 -1.25 0.25452 -0.306738 0.691669 3.5002e+09
2.25 0.75 -1.25 0.235241 -0.251363 0.771717 3.09376e+09
-2.5 -1.5 -1 -0.251813 -0.281018 0.576656 1.01477e+10
-2.5 -0.5 -1 -0.213977 -0.246455 0.671986 9.23922e+09
-2.5 0.5 -1 -0.183944 -0.206631 0.757686 8.59786e+09
-2.5 1.5 -1 -0.16127 -0.16127 0.828356 8.22037e+09
-1.5 -1.5 -1 -0.203906 -0.262564 0.613528 1.09434e+10
-2 -1 -1 -0.207639 -0.256002 0.646038 9.95515e+09
-1.5 -0.5 -1 -0.164329 -0.230849 0.710813 9.63886e+09
-2 0 -1 -0.17346 -0.218717 0.739385 8.99053e+09
-1.5 0.5 -1 -0.134272 -0.189827 0.80164 8.68982e+09
-2 1 -1 -0.147434 -0.175395 0.821506 8.33845e+09
-1.5 1.5 -1 -0.111804 -0.143767 0.878318 8.08003e+09
-0.5 -1.5 -1 -0.156284 -0.249042 0.634917 1.16618e+10
-1 -1 -1 -0.157944 -0.241058 0.67489 1.05375e+10
-0.5 -0.5 -1 -0.113329 -0.21715 0.731763 1.00775e+10
-1 0 -1 -0.122524 -0.204131 0.77072 9.27091e+09
-0.5 0.5 -1 -0.0824554 -0.175873 0.824267 8.91343e+09
-1 1 -1 -0.0965019 -0.159936 0.857159 8.39418e+09
-0.5 1.5 -1 -0.0603915 -0.129667 0.903569 8.14141e+09
0.5 -1.5 -1 -0.10792 -0.240171 0.642309 1.22546e+10
0 -1 -1 -0.108142 -0.228905 0.688068 1.10903e+10
0.5 -0.5 -1 -0.0619514 -0.205048 0.73601 1.0535e+10
0 0 -1 -0.0705727 -0.190892 0.782757 9.63257e+09
0.5 0.5 -1 -0.0303784 -0.163262 0.82545 9.25664e+09
0 1 -1 -0.0445133 -0.146827 0.869062 8.6099e+09
0.5 1.5 -1 -0.00886454 -0.117333 0.902841 8.38378e+09
1.5 -1.5 -1 -0.0572621 -0.231317 0.637981 1.26615e+10
1 -1 -1 -0.0574347 -0.218795 0.686941 1.15734e+10
1.5 -0.5 -1 -0.0106225 -0.194353 0.724429 1.09922e+10
1 0 -1 -0.0188311 -0.17902 0.776203 1.00649e+10
1.5 0.5 -1 0.0208679 -0.151382 0.806489 9.7174e+09
1 1 -1 0.00698923 -0.134686 0.857634 8.97807e+09
1.5 1.5 -1 0.041741 -0.105106 0.877652 8.80923e+09
2.5 -1.5 -1 -0.00644927 -0.221957 0.62301 1.28423e+10
2 -1 -1 -0.00622947 -0.208883 0.672683 1.1962e+10
2.5 -0.5 -1 0.0403219 -0.182909 0.69882 1.14411e+10
2 0 -1 0.032144 -0.167519 0.752661 1.05612e+10
2.5 0.5 -1 0.0709959 -0.138153 0.770241 1.02999e+10
2 1 -1 0.0573208 -0.122073 0.825332 9.50699e+09
2.5 1.5 -1 0.090877 -0.090877 0.831728 9.43702e+09
-2.25 -1.25 -0.75 0.124392 -0.174846 0.656881 2.11844e+09
-2.25 -0.25 -0.75 0.087461 -0.117046 0.750377 1.98524e+09
-2.25 0.75 -0.75 0.046289 -0.0589203 0.828511 1.89271e+09
-1.25 -1.25 -0.75 0.174058 -0.231721 0.661754 2.34043e+09
-1.75 -0.75 -0.75 0.133819 -0.174465 0.711662 2.13327e+09
-1.25 -0.25 -0.75 0.141989 -0.171657 0.763152 2.11617e+09
-1.75 0.25 -0.75 0.0959357 -0.114251 0.803179 1.97641e+09
-1.25 0.75 -0.75 0.101944 -0.110724 0.851028 1.95198e+09
-1.75 1.25 -0.75 0.0517985 -0.0551309 0.877171 1.87394e+09
-0.25 -1.25 -0.75 0.212069 -0.286357 0.652987 2.55978e+09
-0.75 -0.75 -0.75 0.181834 -0.229234 0.711785 2.31181e+09
-0.25 -0.25 -0.75 0.188687 -0.223804 0.75767 2.26379e+09
-0.75 0.25 -0.75 0.148238 -0.167314 0.81003 2.08198e+09
-0.25 0.75 -0.75 0.152195 -0.162784 0.850381 2.04292e+09
-0.75 1.25 -0.75 0.10542 -0.107561 0.892118 1.92222e+09
0.75 -1.25 -0.75 0.242244 -0.337567 0.633721 2.7664e+09
0.25 -0.75 -0.75 0.220543 -0.280189 0.697791 2.49494e+09
0.75 -0.25 -0.75 0.2277 -0.271546 0.73668 2.42529e+09
0.25 0.25 -0.75 0.193665 -0.217446 0.797253 2.21124e+09
0.75 0.75 -0.75 0.196694 -0.211521 0.828638 2.16478e+09
0.25 1.25 -0.75 0.154071 -0.15908 0.882383 2.00764e+09
1.75 -1.25 -0.75 0.26916 -0.380406 0.60669 2.94981e+09
1.25 -0.75 -0.75 0.252754 -0.325924 0.672165 2.67718e+09
1.75 -0.25 -0.75 0.261803 -0.313237 0.702696 2.59783e+09
1.25 0.25 -0.75 0.233012 -0.262727 0.767513 2.36391e+09
1.75 0.75 -0.75 0.237409 -0.254536 0.78897 2.31901e+09
1.25 1.25 -0.75 0.19855 -0.206571 0.850461 2.13066e+09
2.25 -0.75 -0.75 0.282962 -0.363274 0.637247 2.85077e+09
2.25 0.25 -0.75 0.270299 -0.300725 0.723985 2.53901e+09
2.25 1.25 -0.75 0.241946 -0.247551 0.800003 2.29548e+09
-2.5 -1 -0.5 -0.249132 -0.277755 0.619505 6.93578e+09
-2.5 0 -0.5 -0.212911 -0.241195 0.712081 6.5178e+09
-2.5 1 -0.5 -0.18486 -0.197431 0.792437 6.22224e+09
-2 -1.5 -0.5 -0.244973 -0.282778 0.590973 7.47535e+09
-1.5 -1 -0.5 -0.198179 -0.259803 0.657144 7.38992e+09
-2 -0.5 -0.5 -0.204732 -0.25125 0.688955 6.87525e+09
-1.5 0 -0.5 -0.161556 -0.222893 0.753839 6.7216e+09
-2 0.5 -0.5 -0.172668 -0.210091 0.779128 6.39143e+09
-1.5 1 -0.5 -0.133168 -0.177761 0.840095 6.23343e+09
-2 1.5 -0.5 -0.147803 -0.162783 0.854381 6.08016e+09
-1 -1.5 -0.5 -0.195041 -0.264591 0.620153 8.03863e+09
-0.5 -1 -0.5 -0.146468 -0.24364 0.678355 7.80945e+09
-1 -0.5 -0.5 -0.152366 -0.234508 0.719112 7.20009e+09
-0.5 0 -0.5 -0.1077 -0.206677 0.7758 6.96894e+09
-1 0.5 -0.5 -0.119525 -0.192692 0.812998 6.53342e+09
-0.5 1 -0.5 -0.0790588 -0.161463 0.864171 6.35141e+09
-1 1.5 -0.5 -0.0947435 -0.144882 0.892771 6.07947e+09
0 -1.5 -0.5 -0.145098 -0.251991 0.634485 8.50618e+09
0.5 -1 -0.5 -0.0937577 -0.230521 0.684491 8.16571e+09
0 -0.5 -0.5 -0.0987776 -0.218958 0.731925 7.52424e+09
0.5 0 -0.5 -0.0532609 -0.191794 0.778454 7.24904e+09
0 0.5 -0.5 -0.0649489 -0.177277 0.824898 6.74629e+09
0.5 1 -0.5 -0.0246982 -0.146863 0.864 6.56334e+09
0 1.5 -0.5 -0.0405763 -0.129702 0.904944 6.2005e+09
1 -1.5 -0.5 -0.0927986 -0.241351 0.636114 8.81889e+09
1.5 -1 -0.5 -0.0400965 -0.21853 0.676771 8.42713e+09
1 -0.5 -0.5 -0.044854 -0.205581 0.728136 7.83012e+09
1.5 0 -0.5 0.000503527 -0.178381 0.762814 7.55539e+09
1 0.5 -0.5 -0.0107721 -0.162997 0.815474 7.02415e+09
1.5 1 -0.5 0.0288006 -0.132449 0.84123 6.87017e+09
1 1.5 -0.5 0.0131542 -0.115432 0.891216 6.43764e+09
2 -1.5 -0.5 -0.0391573 -0.229504 0.626771 8.94716e+09
2.5 -1 -0.5 0.0131097 -0.206194 0.656434 8.58227e+09
2 -0.5 -0.5 0.00860016 -0.192936 0.709001 8.10092e+09
2.5 0 -0.5 0.0535555 -0.163654 0.731447 7.8742e+09
2 0.5 -0.5 0.0424272 -0.148592 0.786933 7.36659e+09
2.5 1 -0.5 0.080922 -0.116161 0.7993 7.27261e+09
2 1.5 -0.5 0.0656431 -0.100059 0.854443 6.7934e+09
-2.25 -0.75 -0.25 0.124551 -0.150587 0.711579 1.45089e+09
-2.25 0.25 -0.25 0.0823808 -0.0893544 0.799292 1.40469e+09
-2.25 1.25 -0.25 0.0318604 -0.0267525 0.867305 1.37774e+09
-1.75 -1.25 -0.25 0.172207 -0.211622 0.664671 1.56212e+09
-1.25 -0.75 -0.25 0.180344 -0.212632 0.71618 1.59269e+09
-1.75 -0.25 -0.25 0.133917 -0.150771 0.764586 1.48097e+09
-1.25 0.25 -0.25 0.140081 -0.148625 0.81308 1.48856e+09
-1.75 0.75 -0.25 0.0881873 -0.0869525 0.848724 1.41472e+09
-1.25 1.25 -0.25 0.0912018 -0.0847346 0.89191 1.41274e+09
-0.75 -1.25 -0.25 0.218041 -0.272208 0.658445 1.73583e+09
-0.25 -0.75 -0.25 0.224914 -0.27025 0.704783 1.73634e+09
-0.75 -0.25 -0.25 0.186494 -0.21022 0.763696 1.59675e+09
-0.25 0.25 -0.25 0.190521 -0.205883 0.805689 1.58597e+09
-0.75 0.75 -0.25 0.143573 -0.145623 0.85569 1.48294e+09
-0.25 1.25 -0.25 0.144798 -0.143018 0.890758 1.47213e+09
0.25 -1.25 -0.25 0.25182 -0.330395 0.64005 1.90021e+09
0.75 -0.75 -0.25 0.260159 -0.322888 0.680955 1.87629e+09
0.25 -0.25 -0.25 0.230281 -0.264737 0.746127 1.71877e+09
0.75 0.25 -0.25 0.233715 -0.258001 0.780297 1.69555e+09
0.25 0.75 -0.25 0.192478 -0.201413 0.840296 1.56971e+09
0.75 1.25 -0.25 0.192891 -0.19766 0.866113 1.55408e+09
1.25 -1.25 -0.25 0.278757 -0.380416 0.613697 2.04516e+09
1.75 -0.75 -0.25 0.289535 -0.366862 0.647644 2.00642e+09
1.25 -0.25 -0.25 0.266468 -0.313132 0.714868 1.84479e+09
1.75 0.25 -0.25 0.271767 -0.302772 0.740249 1.81621e+09
1.25 0.75 -0.25 0.23586 -0.25143 0.805813 1.67408e+09
1.75 1.25 -0.25 0.23794 -0.245631 0.821648 1.65945e+09
2.25 -1.25 -0.25 0.303831 -0.418811 0.581729 2.15905e+09
2.25 -0.25 -0.25 0.299729 -0.351987 0.673155 1.96951e+09
2.25 0.75 -0.25 0.277286 -0.292883 0.756027 1.79673e+09
-2.5 -1.5 0 -0.288582 -0.304472 0.5653 4.8122e+09
-2.5 -0.5 0 -0.246828 -0.274416 0.662104 4.65554e+09
-2.5 0.5 0 -0.212893 -0.234111 0.750593 4.48393e+09
-2.5 1.5 0 -0.18561 -0.18561 0.823736 4.38126e+09
-1.5 -1.5 0 -0.236598 -0.282626 0.60276 5.23485e+09
-2 -1 0 -0.240819 -0.280765 0.635568 4.91309e+09
-1.5 -0.5 0 -0.194068 -0.253946 0.702266 4.90162e+09
-2 0 0 -0.202865 -0.244285 0.731674 4.64724e+09
-1.5 0.5 0 -0.159319 -0.212055 0.796072 4.58628e+09
-2 1 0 -0.172169 -0.198994 0.816618 4.43324e+09
-1.5 1.5 0 -0.131786 -0.163224 0.875171 4.36368e+09
-0.5 -1.5 0 -0.184527 -0.263653 0.625213 5.59425e+09
-1 -1 0 -0.18753 -0.260393 0.665628 5.22594e+09
-0.5 -0.5 0 -0.13864 -0.23483 0.724262 5.13566e+09
-1 0 0 -0.147831 -0.224583 0.764194 4.82654e+09
-0.5 0.5 0 -0.102714 -0.193388 0.819339 4.7263e+09
-1 1 0 -0.116606 -0.178585 0.853271 4.50411e+09
-0.5 1.5 0 -0.0754413 -0.14441 0.900821 4.42206e+09
0.5 -1.5 0 -0.130779 -0.250698 0.633181 5.84285e+09
0 -1 0 -0.132833 -0.242856 0.679708 5.48979e+09
0.5 -0.5 0 -0.0819847 -0.217801 0.728954 5.34318e+09
0 0 0 -0.0908817 -0.206529 0.776714 5.0133e+09
0.5 0.5 0 -0.0456767 -0.176344 0.820359 4.89422e+09
0 1 0 -0.0596592 -0.160988 0.865201 4.62771e+09
0.5 1.5 0 -0.0188011 -0.127581 0.899627 4.55038e+09
1.5 -1.5 0 -0.0742332 -0.237175 0.629555 5.94328e+09
1 -1 0 -0.0765504 -0.228415 0.678988 5.6768e+09
1.5 -0.5 0 -0.0257796 -0.203125 0.717144 5.51359e+09
1 0 0 -0.0341981 -0.190186 0.769949 5.20077e+09
1.5 0.5 0 0.0104574 -0.159977 0.800685 5.0908e+09
1 1 0 -0.00316886 -0.144434 0.853103 4.80161e+09
1.5 1.5 0 0.0369165 -0.110571 0.873425 4.74529e+09
2.5 -1.5 0 -0.019193 -0.223381 0.614931 5.90037e+09
2 -1 0 -0.0206441 -0.214366 0.664732 5.76966e+09
2.5 -0.5 0 0.0298396 -0.187301 0.691093 5.62936e+09
2 0 0 0.0215806 -0.174519 0.74571 5.38607e+09
2.5 0.5 0 0.0655624 -0.141992 0.763406 5.30889e+09
2 1 0 0.0521926 -0.126852 0.819748 5.02436e+09
2.5 1.5 0 0.0909692 -0.0909692 0.826196 5.00272e+09
-2.25 -1.25 0.25 0.157244 -0.184739 0.668196 9.76593e+08
-2.25 -0.25 0.25 0.117386 -0.125079 0.76529 9.78592e+08
-2.25 0.75 0.25 0.0661006 -0.0596516 0.843853 9.7503e+08
-1.25 -1.25 0.25 0.213464 -0.250707 0.666839 1.10706e+09
-1.75 -0.75 0.25 0.168624 -0.190135 0.721534 1.03489e+09
-1.25 -0.25 0.25 0.175683 -0.190673 0.770497 1.06906e+09
-1.75 0.25 0.25 0.124204 -0.124866 0.815348 1.01087e+09
-1.25 0.75 0.25 0.127889 -0.123317 0.85963 1.02772e+09
-1.75 1.25 0.25 0.0691201 -0.0578649 0.888684 9.92386e+08
-0.25 -1.25 0.25 0.255322 -0.313469 0.650958 1.23175e+09
-0.75 -0.75 0.25 0.220402 -0.253476 0.714196 1.1443e+09
-0.25 -0.25 0.25 0.225185 -0.251609 0.756957 1.1613e+09
-0.75 0.25 0.25 0.179964 -0.188727 0.814156 1.08555e+09
-0.25 0.75 0.25 0.18191 -0.185596 0.851226 1.09164e+09
-0.75 1.25 0.25 0.129144 -0.1216 0.89702 1.03544e+09
0.75 -1.25 0.25 0.285822 -0.372194 0.624601 1.34404e+09
0.25 -0.75 0.25 0.2616 -0.312399 0.692497 1.24971e+09
0.75 -0.25 0.25 0.266236 -0.306275 0.728689 1.2527e+09
0.25 0.25 0.25 0.228015 -0.247169 0.793586 1.1656e+09
0.75 0.75 0.25 0.229133 -0.242167 0.822352 1.16374e+09
0.25 1.25 0.25 0.181835 -0.18278 0.880242 1.09187e+09
1.75 -1.25 0.25 0.310236 -0.417199 0.593203 1.43232e+09
1.25 -0.75 0.25 0.293942 -0.363511 0.660565 1.34597e+09
1.75 -0.25 0.25 0.300665 -0.352019 0.689113 1.34045e+09
1.25 0.25 0.25 0.26932 -0.298616 0.75723 1.24862e+09
1.75 0.75 0.25 0.272374 -0.290626 0.77702 1.24314e+09
1.25 1.25 0.25 0.229798 -0.237632 0.842222 1.1601e+09
2.25 -0.75 0.25 0.322202 -0.402082 0.621774 1.42598e+09
2.25 0.25 0.25 0.307482 -0.339645 0.708971 1.33316e+09
2.25 1.25 0.25 0.276688 -0.282956 0.787221 1.23975e+09
-2.5 -1 0.5 -0.285851 -0.30445 0.609557 3.09064e+09
-2.5 0 0.5 -0.246201 -0.269903 0.703554 3.05419e+09
-2.5 1 0.5 -0.213075 -0.22442 0.786457 3.01202e+09
-2 -1.5 0.5 -0.281365 -0.304152 0.58214 3.21945e+09
-1.5 -1 0.5 -0.231828 -0.279644 0.649356 3.32127e+09
-2 -0.5 0.5 -0.238577 -0.275791 0.6806 3.17202e+09
-1.5 0 0.5 -0.191047 -0.244604 0.747483 3.19371e+09
-2 0.5 0.5 -0.201658 -0.235006 0.772943 3.07562e+09
-1.5 1 0.5 -0.157051 -0.199057 0.835807 3.06535e+09
-2 1.5 0.5 -0.171188 -0.18536 0.85045 3.00582e+09
-1 -1.5 0.5 -0.227481 -0.278487 0.613684 3.47971e+09
-0.5 -1 0.5 -0.17527 -0.256949 0.672417 3.51553e+09
-1 -0.5 0.5 -0.18189 -0.25269 0.712716 3.34706e+09
-0.5 0 0.5 -0.132171 -0.223296 0.770528 3.32734e+09
-1 0.5 0.5 -0.143848 -0.21178 0.808219 3.17777e+09
-0.5 1 0.5 -0.0980528 -0.177355 0.860581 3.144e+09
-1 1.5 0.5 -0.11345 -0.162128 0.889863 3.03786e+09
0 -1.5 0.5 -0.171712 -0.258671 0.629742 3.67307e+09
0.5 -1 0.5 -0.116417 -0.238469 0.67934 3.65277e+09
0 -0.5 0.5 -0.122815 -0.232061 0.726438 3.49382e+09
0.5 0 0.5 -0.0723371 -0.203573 0.773503 3.44731e+09
0 0.5 0.5 -0.0841574 -0.191502 0.820554 3.28672e+09
0.5 1 0.5 -0.0386307 -0.1579 0.86026 3.24585e+09
0 1.5 0.5 -0.0541895 -0.141791 0.902131 3.10951e+09
1 -1.5 0.5 -0.113431 -0.244685 0.631648 3.76351e+09
1.5 -1 0.5 -0.0571797 -0.222319 0.671796 3.71823e+09
1 -0.5 0.5 -0.063212 -0.213524 0.72298 3.60227e+09
1.5 0 0.5 -0.0136568 -0.185274 0.757639 3.55247e+09
1 0.5 0.5 -0.0249808 -0.172537 0.810868 3.40073e+09
1.5 1 0.5 0.0196212 -0.138625 0.836824 3.36662e+09
1 1.5 0.5 0.00451852 -0.122431 0.887842 3.21493e+09
2 -1.5 0.5 -0.0541474 -0.228043 0.622696 3.7408e+09
2.5 -1 0.5 0.000373035 -0.204761 0.651597 3.70366e+09
2 -0.5 0.5 -0.0051658 -0.196726 0.703578 3.67068e+09
2.5 0 0.5 0.0438156 -0.166445 0.725549 3.63737e+09
2 0.5 0.5 0.0328334 -0.153101 0.78169 3.51695e+09
2.5 1 0.5 0.0764357 -0.116798 0.793979 3.49884e+09
2 1.5 0.5 0.0619009 -0.101702 0.850129 3.34977e+09
-2.25 -0.75 0.75 0.148286 -0.162467 0.726201 6.30501e+08
-2.25 0.25 0.75 0.09886 -0.0979159 0.815079 6.49597e+08
-2.25 1.25 0.75 0.0391304 -0.028509 0.881576 6.63352e+08
-1.75 -1.25 0.75 0.195996 -0.224933 0.675526 6.61954e+08
-1.25 -0.75 0.75 0.205302 -0.231018 0.724861 7.12544e+08
-1.75 -0.25 0.75 0.15668 -0.165739 0.777135 6.76022e+08
-1.25 0.25 0.75 0.162251 -0.166181 0.822307 7.06041e+08
-1.75 0.75 0.75 0.103216 -0.0972512 0.861077 6.78229e+08
-1.25 1.25 0.75 0.1056 -0.0961742 0.900425 6.97146e+08
-0.75 -1.25 0.75 0.247454 -0.290313 0.664962 7.51378e+08
-0.25 -0.75 0.75 0.253658 -0.294798 0.706865 7.89855e+08
-0.75 -0.25 0.75 0.211537 -0.233028 0.768817 7.45417e+08
-0.25 0.25 0.75 0.21524 -0.231038 0.807168 7.66036e+08
-0.75 0.75 0.75 0.164792 -0.164745 0.861106 7.25639e+08
-0.25 1.25 0.75 0.164908 -0.162683 0.892589 7.36909e+08
0.25 -1.25 0.75 0.285605 -0.354395 0.640429 8.33804e+08
0.75 -0.75 0.75 0.292373 -0.352441 0.676621 8.60446e+08
0.25 -0.25 0.75 0.2582 -0.293283 0.744168 8.12613e+08
0.75 0.25 0.75 0.260713 -0.287932 0.775117 8.2468e+08
0.25 0.75 0.75 0.216514 -0.22729 0.838505 7.77251e+08
0.75 1.25 0.75 0.216745 -0.223719 0.861621 7.83032e+08
1.25 -1.25 0.75 0.314252 -0.409228 0.608545 9.01233e+08
1.75 -0.75 0.75 0.323113 -0.398137 0.638878 9.17838e+08
1.25 -0.25 0.75 0.296949 -0.345174 0.707135 8.73654e+08
1.75 0.25 0.75 0.301353 -0.336251 0.72989 8.80114e+08
1.25 0.75 0.75 0.262687 -0.282027 0.79806 8.30378e+08
1.75 1.25 0.75 0.265534 -0.275951 0.812308 8.32439e+08
2.25 -1.25 0.75 0.33741 -0.445725 0.574356 9.44411e+08
2.25 -0.25 0.75 0.330943 -0.385389 0.661471 9.26273e+08
2.25 0.75 0.75 0.30724 -0.325929 0.744153 8.82907e+08
-2.5 -1.5 1 -0.32995 -0.329551 0.557548 1.86555e+09
-2.5 -0.5 1 -0.285807 -0.302982 0.652821 1.941e+09
-2.5 0.5 1 -0.246071 -0.262722 0.743042 1.96275e+09
-2.5 1.5 1 -0.212339 -0.212339 0.818381 1.97896e+09
-1.5 -1.5 1 -0.275206 -0.297843 0.598644 2.04828e+09
-2 -1 1 -0.280253 -0.301589 0.628548 1.99793e+09
-1.5 -0.5 1 -0.228955 -0.272144 0.696667 2.07676e+09
-2 0 1 -0.237319 -0.268502 0.724699 2.01079e+09
-1.5 0.5 1 -0.188206 -0.233779 0.790753 2.04399e+09
-2 1 1 -0.199976 -0.223719 0.811252 1.99674e+09
-1.5 1.5 1 -0.154378 -0.183658 0.871443 2.00562e+09
-0.5 -1.5 1 -0.217347 -0.269805 0.624476 2.18784e+09
-1 -1 1 -0.222036 -0.273794 0.661805 2.14083e+09
-0.5 -0.5 1 -0.168205 -0.248262 0.72021 2.18529e+09
-1 0 1 -0.177471 -0.241728 0.759378 2.11234e+09
-0.5 0.5 1 -0.126705 -0.20876 0.815299 2.12126e+09
-1 1 1 -0.139968 -0.196996 0.849307 2.05267e+09
-0.5 1.5 1 -0.0930756 -0.15889 0.897895 2.05045e+09
0.5 -1.5 1 -0.156508 -0.24951 0.633905 2.26761e+09
0 -1 1 -0.161025 -0.250705 0.677305 2.24406e+09
0.5 -0.5 1 -0.105103 -0.226029 0.72568 2.26098e+09
0 0 1 -0.114978 -0.21902 0.772773 2.19687e+09
0.5 0.5 1 -0.0642277 -0.18633 0.816754 2.19457e+09
0 1 1 -0.0778944 -0.17333 0.861859 2.11798e+09
0.5 1.5 1 -0.0315975 -0.136016 0.896731 2.11015e+09
1.5 -1.5 1 -0.0951037 -0.234386 0.629629 2.26661e+09
1 -1 1 -0.0979439 -0.230238 0.677291 2.2917e+09
1.5 -0.5 1 -0.0429091 -0.204671 0.714487 2.30041e+09
1 0 1 -0.0523947 -0.196971 0.766448 2.26205e+09
1.5 0.5 1 -0.00352466 -0.164577 0.796967 2.25734e+09
1 1 1 -0.0165508 -0.151062 0.849693 2.18697e+09
1.5 1.5 1 0.0287449 -0.113124 0.870129 2.1801e+09
2.5 -1.5 1 -0.0343105 -0.210187 0.616528 2.19089e+09
2 -1 1 -0.0372013 -0.210965 0.663342 2.28811e+09
2.5 -0.5 1 0.0152699 -0.185598 0.687954 2.30324e+09
2 0 1 0.00736908 -0.175466 0.742193 2.30249e+09
2.5 0.5 1 0.054835 -0.141469 0.759258 2.3017e+09
2 1 1 0.042776 -0.128332 0.815882 2.25267e+09
2.5 1.5 1 0.0871866 -0.0871866 0.822343 2.24981e+09
-2.25 -1.25 1.25 0.171799 -0.194533 0.682241 3.67585e+08
-2.25 -0.25 1.25 0.126123 -0.137938 0.780186 4.0158e+08
-2.25 0.75 1.25 0.0702278 -0.0694758 0.858455 4.2332e+08
-1.25 -1.25 1.25 0.225576 -0.262497 0.679165 4.31036e+08
-1.75 -0.75 1.25 0.181412 -0.203136 0.734986 4.15779e+08
-1.25 -0.25 1.25 0.191207 -0.208478 0.781187 4.51498e+08
-1.75 0.25 1.25 0.133518 -0.139729 0.827938 4.35036e+08
-1.25 0.75 1.25 0.138443 -0.140158 0.868614 4.59723e+08
-1.75 1.25 1.25 0.0744668 -0.0680125 0.900039 4.4703e+08
-0.25 -1.25 1.25 0.273535 -0.32975 0.659663 4.88081e+08
-0.75 -0.75 1.25 0.234821 -0.272781 0.722391 4.71426e+08
-0.25 -0.25 1.25 0.241791 -0.275161 0.760798 5.01378e+08
-0.75 0.25 1.25 0.195945 -0.209649 0.820682 4.7846e+08
-0.25 0.75 1.25 0.198167 -0.20767 0.853864 4.96382e+08
-0.75 1.25 1.25 0.139884 -0.138634 0.902227 4.76627e+08
0.75 -1.25 1.25 0.310712 -0.390177 0.629323 5.37242e+08
0.25 -0.75 1.25 0.280911 -0.335104 0.695559 5.22073e+08
0.75 -0.25 1.25 0.285527 -0.331568 0.727135 5.45351e+08
0.25 0.25 1.25 0.245529 -0.272394 0.793477 5.21131e+08
0.75 0.75 1.25 0.247808 -0.267532 0.819045 5.33641e+08
0.25 1.25 1.25 0.198319 -0.204682 0.879504 5.08312e+08
1.75 -1.25 1.25 0.338294 -0.437912 0.59409 5.71111e+08
1.25 -0.75 1.25 0.317523 -0.387017 0.659261 5.63414e+08
1.75 -0.25 1.25 0.323501 -0.378691 0.683533 5.79792e+08
1.25 0.25 1.25 0.289212 -0.325117 0.752157 5.59387e+08
1.75 0.75 1.25 0.293792 -0.318086 0.76936 5.67414e+08
1.25 1.25 1.25 0.249936 -0.262716 0.83649 5.40734e+08
2.25 -0.75 1.25 0.346746 -0.425598 0.617634 5.90768e+08
2.25 0.25 1.25 0.330762 -0.3679 0.700453 5.90441e+08
2.25 1.25 1.25 0.30144 -0.309994 0.778322 5.70727e+08
-2.5 -1 1.5 -0.333699 -0.331734 0.600541 1.12645e+09
-2.5 0 1.5 -0.286263 -0.298016 0.694605 1.19824e+09
-2.5 1 1.5 -0.244921 -0.254428 0.778932 1.23773e+09
-2 -1.5 1.5 -0.330149 -0.320217 0.578624 1.13413e+09
-1.5 -1 1.5 -0.274345 -0.292494 0.646701 1.23638e+09
-2 -0.5 1.5 -0.280681 -0.296698 0.674071 1.21926e+09
-1.5 0 1.5 -0.226688 -0.264535 0.74184 1.27652e+09
-2 0.5 1.5 -0.235324 -0.260482 0.766017 1.25361e+09
-1.5 1 1.5 -0.185177 -0.220796 0.83042 1.28348e+09
-2 1.5 1.5 -0.197812 -0.210625 0.844849 1.26601e+09
-1 -1.5 1.5 -0.270039 -0.288405 0.614668 1.23294e+09
-0.5 -1 1.5 -0.212205 -0.265616 0.671887 1.31199e+09
-1 -0.5 1.5 -0.218971 -0.265031 0.70955 1.30067e+09
-0.5 0 1.5 -0.162902 -0.235955 0.766985 1.33948e+09
-1 0.5 1.5 -0.173487 -0.229516 0.803432 1.31033e+09
-0.5 1 1.5 -0.121271 -0.192102 0.856727 1.3291e+09
-1 1.5 1.5 -0.135391 -0.179899 0.885931 1.3012e+09
0 -1.5 1.5 -0.207007 -0.258607 0.633956 1.29525e+09
0.5 -1 1.5 -0.145563 -0.240981 0.680134 1.35173e+09
0 -0.5 1.5 -0.15354 -0.241282 0.724407 1.35828e+09
0.5 0 1.5 -0.0966101 -0.210542 0.771109 1.38651e+09
0 0.5 1.5 -0.108483 -0.202149 0.817227 1.36124e+09
0.5 1 1.5 -0.057087 -0.165207 0.857234 1.37291e+09
0 1.5 1.5 -0.0716178 -0.152041 0.899053 1.33782e+09
1 -1.5 1.5 -0.142021 -0.237702 0.636559 1.307e+09
1.5 -1 1.5 -0.0785756 -0.215311 0.674026 1.35199e+09
1 -0.5 1.5 -0.0858738 -0.214859 0.72233 1.38776e+09
1.5 0 1.5 -0.0322755 -0.184329 0.756148 1.41056e+09
1 0.5 1.5 -0.0437538 -0.176001 0.808378 1.40221e+09
1.5 1 1.5 0.0054587 -0.139153 0.834028 1.40854e+09
1 1.5 1.5 -0.00855152 -0.125934 0.884922 1.37705e+09
2 -1.5 1.5 -0.0792832 -0.216358 0.627466 1.26988e+09
2.5 -1 1.5 -0.0217369 -0.193823 0.653538 1.31771e+09
2 -0.5 1.5 -0.0237756 -0.188308 0.704053 1.38431e+09
2.5 0 1.5 0.0249701 -0.160992 0.723926 1.40107e+09
2 0.5 1.5 0.0168081 -0.151458 0.779232 1.42162e+09
2.5 1 1.5 0.0646377 -0.111261 0.791393 1.42298e+09
2 1.5 1.5 0.0526163 -0.0980792 0.847321 1.40775e+09
