449
-2.5 -1 -1.5 -0.273966 0.232171 0.681246 2.23992e+10
-2.5 0 -1.5 0.0306321 0.0669171 0.611697 3.56017e+10
-2.5 1 -1.5 0.155312 0.097068 0.573273 5.40495e+10
-2 -1.5 -1.5 -0.322903 0.303274 0.680763 1.7598e+10
-1.5 -1 -1.5 -0.303274 0.322903 0.680763 1.7598e+10
-2 -0.5 -1.5 -0.232171 0.273966 0.681246 2.23992e+10
-1.5 0 -1.5 -0.208829 0.330079 0.675821 2.44738e+10
-2 0.5 -1.5 0.0612811 0.208424 0.615944 3.81065e+10
-1.5 1 -1.5 0.00589763 0.380536 0.63145 4.40411e+10
-2 1.5 -1.5 0.145365 0.222016 0.576266 6.27171e+10
-1 -1.5 -1.5 -0.349696 0.359429 0.658852 1.36383e+10
-0.5 -1 -1.5 -0.349682 0.381645 0.651406 1.47153e+10
-1 -0.5 -1.5 -0.295553 0.356554 0.674517 1.91166e+10
-0.5 0 -1.5 -0.295959 0.402579 0.662004 2.23172e+10
-1 0.5 -1.5 -0.209875 0.394078 0.666872 2.91709e+10
-0.5 1 -1.5 -0.219583 0.465607 0.651285 3.70231e+10
-1 1.5 -1.5 -0.0940031 0.484315 0.636988 5.29029e+10
0 -1.5 -1.5 -0.38981 0.406 0.615559 1.09154e+10
0.5 -1 -1.5 -0.397206 0.434108 0.599019 1.24165e+10
0 -0.5 -1.5 -0.354044 0.416613 0.636686 1.69336e+10
0.5 0 -1.5 -0.360286 0.461158 0.614472 2.04774e+10
0 0.5 -1.5 -0.301575 0.456413 0.642275 2.75181e+10
0.5 1 -1.5 -0.307016 0.510963 0.617167 3.49323e+10
0 1.5 -1.5 -0.230452 0.523644 0.630501 4.76043e+10
1 -1.5 -1.5 -0.431298 0.452917 0.554313 8.86546e+09
1.5 -1 -1.5 -0.439148 0.486785 0.528563 1.04172e+10
1 -0.5 -1.5 -0.404486 0.472625 0.574851 1.47856e+10
1.5 0 -1.5 -0.408206 0.517447 0.544818 1.80723e+10
1 0.5 -1.5 -0.363871 0.510966 0.586463 2.54816e+10
1.5 1 -1.5 -0.363863 0.558275 0.553606 3.14702e+10
1 1.5 -1.5 -0.306551 0.560376 0.586713 4.3475e+10
2 -1.5 -1.5 -0.466729 0.50156 0.478518 7.20912e+09
2.5 -1 -1.5 -0.470525 0.537992 0.44575 8.55795e+09
2 -0.5 -1.5 -0.443068 0.527145 0.496987 1.2537e+10
2.5 0 -1.5 -0.442899 0.568586 0.461135 1.51028e+10
2 0.5 -1.5 -0.408282 0.561963 0.510213 2.20501e+10
2.5 1 -1.5 -0.404877 0.606736 0.471653 2.66559e+10
2 1.5 -1.5 -0.362157 0.60568 0.51615 3.86855e+10
-2.25 -0.75 -1.25 -0.0114037 0.0114037 0.597227 4.25476e+09
-2.25 0.25 -1.25 0.0964894 0.104282 0.59602 1.11345e+10
-2.25 1.25 -1.25 0.277885 0.135484 0.537555 1.49064e+10
-1.75 -1.25 -1.25 0.00606133 -0.00606133 0.60958 2.79664e+09
-1.25 -0.75 -1.25 0.0550289 0.0576292 0.606971 2.88335e+09
-1.75 -0.25 -1.25 0.0640503 0.112418 0.594601 4.44403e+09
-1.25 0.25 -1.25 0.104118 0.187071 0.586122 4.83499e+09
-1.75 0.75 -1.25 0.133011 0.2634 0.587344 1.26507e+10
-1.25 1.25 -1.25 0.162389 0.413392 0.571482 9.84957e+09
-0.75 -1.25 -1.25 0.0514526 0.0135848 0.613921 2.00623e+09
-0.25 -0.75 -1.25 0.0626222 0.0655197 0.606825 2.19026e+09
-0.75 -0.25 -1.25 0.0828359 0.122157 0.59995 3.15924e+09
-0.25 0.25 -1.25 0.119342 0.178017 0.591995 3.52035e+09
-0.75 0.75 -1.25 0.148888 0.266298 0.577954 5.41322e+09
-0.25 1.25 -1.25 0.174613 0.369993 0.565712 6.62256e+09
0.25 -1.25 -1.25 0.0268285 0.0452342 0.595718 1.56231e+09
0.75 -0.75 -1.25 0.02251 0.0925418 0.582744 1.76042e+09
0.25 -0.25 -1.25 0.0727912 0.118982 0.596686 2.4731e+09
0.75 0.25 -1.25 0.0676854 0.18872 0.579632 2.93986e+09
0.25 0.75 -1.25 0.124057 0.256362 0.57795 4.24563e+09
0.75 1.25 -1.25 0.125201 0.332662 0.559134 5.19751e+09
1.25 -1.25 -1.25 -0.0230187 0.0851431 0.555162 1.24461e+09
1.75 -0.75 -1.25 -0.0364962 0.140116 0.53291 1.44051e+09
1.25 -0.25 -1.25 0.0124338 0.154463 0.562955 2.06282e+09
1.75 0.25 -1.25 0.00729442 0.221017 0.538504 2.45312e+09
1.25 0.75 -1.25 0.0667077 0.25965 0.55813 3.54395e+09
1.75 1.25 -1.25 0.0610184 0.321555 0.533852 4.25108e+09
2.25 -1.25 -1.25 -0.0778765 0.13676 0.494175 9.96064e+08
2.25 -0.25 -1.25 -0.0444301 0.202193 0.505861 1.69151e+09
2.25 0.75 -1.25 0.00203288 0.285963 0.51049 2.91125e+09
-2.5 -1.5 -1 -0.314503 0.247868 0.664017 1.23257e+10
-2.5 -0.5 -1 -0.255924 0.255924 0.65927 1.80257e+10
-2.5 0.5 -1 0.0558424 0.129138 0.588829 3.60263e+10
-2.5 1.5 -1 0.173324 0.131934 0.547883 5.3315e+10
-1.5 -1.5 -1 -0.308752 0.308752 0.668387 8.35454e+09
-2 -1 -1 -0.27369 0.27369 0.667125 1.1878e+10
-1.5 -0.5 -1 -0.247868 0.314503 0.664017 1.23257e+10
-2 0 -1 -0.205524 0.319262 0.655803 1.87769e+10
-1.5 0.5 -1 -0.183829 0.371805 0.647252 2.08867e+10
-2 1 -1 0.083608 0.25639 0.583452 4.08178e+10
-1.5 1.5 -1 0.157293 0.354765 0.559722 4.04379e+10
-0.5 -1.5 -1 -0.338572 0.355889 0.651925 6.46667e+09
-1 -1 -1 -0.297229 0.333181 0.665199 8.67514e+09
-0.5 -0.5 -1 -0.296763 0.369164 0.655986 9.67652e+09
-1 0 -1 -0.241407 0.36277 0.655898 1.37578e+10
-0.5 0.5 -1 -0.225951 0.415921 0.640871 1.53912e+10
-1 1 -1 -0.130286 0.42716 0.621918 2.20365e+10
-0.5 1.5 -1 -0.13569 0.506804 0.608452 2.74999e+10
0.5 -1.5 -1 -0.380966 0.400201 0.613794 5.25863e+09
0 -1 -1 -0.342589 0.383013 0.641433 7.17535e+09
0.5 -0.5 -1 -0.346498 0.420804 0.624719 8.36343e+09
0 0 -1 -0.294528 0.41397 0.641315 1.12617e+10
0.5 0.5 -1 -0.295738 0.471656 0.620687 1.40074e+10
0 1 -1 -0.227537 0.485688 0.623407 1.9398e+10
0.5 1.5 -1 -0.222736 0.548895 0.598825 2.43358e+10
1.5 -1.5 -1 -0.422689 0.446889 0.556931 4.34475e+09
1 -1 -1 -0.388315 0.432475 0.595091 6.09168e+09
1.5 -0.5 -1 -0.39286 0.475238 0.570018 7.34252e+09
1 0 -1 -0.349489 0.469744 0.601637 1.02316e+10
1.5 0.5 -1 -0.347293 0.520737 0.573736 1.26517e+10
1 1 -1 -0.291913 0.527745 0.594818 1.75219e+10
1.5 1.5 -1 -0.289899 0.576517 0.565327 2.17489e+10
2.5 -1.5 -1 -0.456857 0.496132 0.485341 3.57743e+09
2 -1 -1 -0.428185 0.484773 0.530223 5.16691e+09
2.5 -0.5 -1 -0.428126 0.527523 0.49897 6.22316e+09
2 0 -1 -0.392035 0.521888 0.540276 8.95977e+09
2.5 0.5 -1 -0.387501 0.568571 0.506801 1.08878e+10
2 1 -1 -0.343479 0.569246 0.541949 1.55656e+10
2.5 1.5 -1 -0.332729 0.618732 0.506978 1.88449e+10
-2.25 -1.25 -0.75 0.0126592 -0.0919996 0.612365 2.19282e+09
-2.25 -0.25 -0.75 0.0865403 0.0425666 0.578224 3.74018e+09
-2.25 0.75 -0.75 0.272673 0.0807821 0.533579 1.01158e+10
-1.25 -1.25 -0.75 0.0682131 -0.0288222 0.635846 1.4528e+09
-1.75 -0.75 -0.75 0.0919996 -0.0126592 0.612365 2.19282e+09
-1.25 -0.25 -0.75 0.149843 0.0690807 0.606489 2.31811e+09
-1.75 0.25 -0.75 0.177308 0.19905 0.567551 4.12246e+09
-1.25 0.75 -0.75 0.215608 0.295115 0.553043 4.49128e+09
-1.75 1.25 -0.75 0.277101 0.258155 0.528792 1.16175e+10
-0.25 -1.25 -0.75 0.0503919 0.000693023 0.653919 1.09949e+09
-0.75 -0.75 -0.75 0.0928802 0.0204919 0.633075 1.53571e+09
-0.25 -0.25 -0.75 0.107693 0.0844452 0.627505 1.70226e+09
-0.75 0.25 -0.75 0.17837 0.184659 0.593933 2.59515e+09
-0.25 0.75 -0.75 0.169072 0.233949 0.582358 2.93266e+09
-0.75 1.25 -0.75 0.226308 0.375358 0.537224 5.01303e+09
0.75 -1.25 -0.75 -0.00730024 0.0368996 0.646484 8.76746e+08
0.25 -0.75 -0.75 0.0488373 0.044454 0.648383 1.21422e+09
0.75 -0.25 -0.75 0.0378336 0.0955704 0.639497 1.39431e+09
0.25 0.25 -0.75 0.104321 0.139706 0.620919 1.95758e+09
0.75 0.75 -0.75 0.110152 0.209306 0.611533 2.32088e+09
0.25 1.25 -0.75 0.193823 0.304621 0.574763 3.42242e+09
1.75 -1.25 -0.75 -0.0782888 0.0855232 0.612382 7.11723e+08
1.25 -0.75 -0.75 -0.0247157 0.082574 0.634343 1.00118e+09
1.75 -0.25 -0.75 -0.036742 0.14263 0.616765 1.17249e+09
1.25 0.25 -0.75 0.031555 0.160889 0.625768 1.64775e+09
1.75 0.75 -0.75 0.0240054 0.228813 0.607317 1.97188e+09
1.25 1.25 -0.75 0.103289 0.276368 0.597127 2.80952e+09
2.25 -0.75 -0.75 -0.0933065 0.140411 0.591655 8.253e+08
2.25 0.25 -0.75 -0.0447666 0.208879 0.59452 1.38585e+09
2.25 1.25 -0.75 0.0202613 0.298644 0.585496 2.33488e+09
-2.5 -1 -0.5 -0.280515 0.229719 0.65049 8.71885e+09
-2.5 0 -0.5 -0.16926 0.263512 0.629402 1.43546e+10
-2.5 1 -0.5 0.106353 0.126191 0.554169 3.15497e+10
-2 -1.5 -0.5 -0.303322 0.275104 0.664297 5.88482e+09
-1.5 -1 -0.5 -0.275104 0.303322 0.664297 5.88482e+09
-2 -0.5 -0.5 -0.229719 0.280515 0.65049 8.71885e+09
-1.5 0 -0.5 -0.199395 0.339683 0.643491 9.29669e+09
-2 0.5 -0.5 -0.122053 0.352651 0.622294 1.58364e+10
-1.5 1 -0.5 -0.119678 0.412025 0.60987 1.77612e+10
-2 1.5 -0.5 0.135342 0.236863 0.541339 3.52975e+10
-1 -1.5 -0.5 -0.306517 0.320741 0.670321 4.08593e+09
-0.5 -1 -0.5 -0.303459 0.347237 0.664141 4.37977e+09
-1 -0.5 -0.5 -0.26176 0.343234 0.658134 6.2956e+09
-0.5 0 -0.5 -0.249822 0.394486 0.645063 7.00977e+09
-1 0.5 -0.5 -0.179975 0.411347 0.627817 1.0515e+10
-0.5 1 -0.5 -0.183508 0.46186 0.610218 1.21971e+10
-1 1.5 -0.5 -0.112361 0.480039 0.5928 2.0188e+10
0 -1.5 -0.5 -0.340792 0.360177 0.658101 3.22465e+09
0.5 -1 -0.5 -0.345366 0.390901 0.645127 3.6523e+09
0 -0.5 -0.5 -0.301705 0.386462 0.652168 4.95211e+09
0.5 0 -0.5 -0.302675 0.433117 0.63538 5.89305e+09
0 0.5 -0.5 -0.248697 0.444151 0.628634 8.19153e+09
0.5 1 -0.5 -0.23514 0.508054 0.608932 1.00248e+10
0 1.5 -0.5 -0.161929 0.531744 0.589793 1.43208e+10
1 -1.5 -0.5 -0.383292 0.402355 0.624496 2.68356e+09
1.5 -1 -0.5 -0.389426 0.438827 0.603942 3.16649e+09
1 -0.5 -0.5 -0.349109 0.432415 0.62649 4.34187e+09
1.5 0 -0.5 -0.346062 0.483254 0.602899 5.32163e+09
1 0.5 -0.5 -0.295274 0.490189 0.61399 7.27149e+09
1.5 1 -0.5 -0.287586 0.545057 0.588337 9.07787e+09
1 1.5 -0.5 -0.227778 0.566624 0.584969 1.25918e+10
2 -1.5 -0.5 -0.423999 0.449612 0.57164 2.26873e+09
2.5 -1 -0.5 -0.425299 0.490832 0.544423 2.71689e+09
2 -0.5 -0.5 -0.389132 0.484484 0.578365 3.83813e+09
2.5 0 -0.5 -0.383373 0.533207 0.548937 4.68145e+09
2 0.5 -0.5 -0.339333 0.535057 0.575257 6.57314e+09
2.5 1 -0.5 -0.327125 0.586418 0.544593 8.03177e+09
2 1.5 -0.5 -0.27567 0.5967 0.56 1.11965e+10
-2.25 -0.75 -0.25 0.0841776 -0.0841776 0.602945 1.73584e+09
-2.25 0.25 -0.25 0.205307 0.0891239 0.54984 3.30099e+09
-2.25 1.25 -0.25 0.353337 0.101103 0.494385 8.92982e+09
-1.75 -1.25 -0.25 0.0828802 -0.0828802 0.660526 1.0982e+09
-1.25 -0.75 -0.25 0.126861 -0.0256548 0.659159 1.12746e+09
-1.75 -0.25 -0.25 0.178578 0.0290995 0.597667 1.7951e+09
-1.25 0.25 -0.25 0.219152 0.130658 0.588578 1.91523e+09
-1.75 0.75 -0.25 0.320696 0.235274 0.529057 3.6293e+09
-1.25 1.25 -0.25 0.313972 0.376174 0.512137 4.13883e+09
-0.75 -1.25 -0.25 0.0618759 -0.0220009 0.693023 7.86931e+08
-0.25 -0.75 -0.25 0.0666846 0.0231772 0.690849 8.45832e+08
-0.75 -0.25 -0.25 0.153255 0.0576087 0.651772 1.21154e+09
-0.25 0.25 -0.25 0.157661 0.127544 0.644757 1.3586e+09
-0.75 0.75 -0.25 0.258201 0.222753 0.580065 2.18207e+09
-0.25 1.25 -0.25 0.244201 0.33178 0.566646 2.48039e+09
0.25 -1.25 -0.25 -0.000607427 0.019817 0.712642 6.20255e+08
0.75 -0.75 -0.25 -0.0187904 0.0603442 0.707424 6.96943e+08
0.25 -0.25 -0.25 0.0593115 0.0742731 0.687016 9.511e+08
0.75 0.25 -0.25 0.0469462 0.137357 0.679844 1.10062e+09
0.25 0.75 -0.25 0.145031 0.202605 0.634731 1.55735e+09
0.75 1.25 -0.25 0.135132 0.26319 0.628786 1.84741e+09
1.25 -1.25 -0.25 -0.0838541 0.0674904 0.704777 5.10356e+08
1.75 -0.75 -0.25 -0.104774 0.117072 0.691441 5.87567e+08
1.25 -0.25 -0.25 -0.0361202 0.115983 0.69762 8.06524e+08
1.75 0.25 -0.25 -0.0481462 0.181541 0.682736 9.53837e+08
1.25 0.75 -0.25 0.0367975 0.204051 0.669807 1.31064e+09
1.75 1.25 -0.25 0.0304876 0.274901 0.656526 1.56369e+09
2.25 -1.25 -0.25 -0.160646 0.1289 0.669119 4.21296e+08
2.25 -0.25 -0.25 -0.117708 0.179101 0.672636 6.88129e+08
2.25 0.75 -0.25 -0.0532269 0.253399 0.663472 1.12867e+09
-2.5 -1.5 0 -0.308072 0.238718 0.656922 4.17584e+09
-2.5 -0.5 0 -0.209495 0.209495 0.633635 6.28703e+09
-2.5 0.5 0 0.0203422 0.173534 0.576494 1.25334e+10
-2.5 1.5 0 0.148552 0.126822 0.523471 2.59959e+10
-1.5 -1.5 0 -0.302167 0.302167 0.676429 2.84172e+09
-2 -1 0 -0.265629 0.265629 0.660131 4.03631e+09
-1.5 -0.5 0 -0.238718 0.308072 0.656922 4.17584e+09
-2 0 0 -0.177897 0.272525 0.631362 6.57987e+09
-1.5 0.5 0 -0.155147 0.363046 0.620375 7.36117e+09
-2 1 0 -0.0407984 0.339431 0.582404 1.3147e+10
-1.5 1.5 0 -0.0431702 0.453796 0.570982 1.50242e+10
-0.5 -1.5 0 -0.319155 0.33826 0.68333 2.08482e+09
-1 -1 0 -0.287792 0.328152 0.67358 2.93359e+09
-0.5 -0.5 0 -0.277616 0.370685 0.66337 3.20349e+09
-1 0 0 -0.221036 0.37186 0.644903 4.62994e+09
-0.5 0.5 0 -0.215044 0.433159 0.627564 5.34511e+09
-1 1 0 -0.139132 0.439437 0.603037 8.34209e+09
-0.5 1.5 0 -0.127028 0.523406 0.579074 9.83059e+09
0.5 -1.5 0 -0.353737 0.374203 0.672225 1.69909e+09
0 -1 0 -0.318177 0.368075 0.673948 2.28873e+09
0.5 -0.5 0 -0.318475 0.408798 0.658929 2.64764e+09
0 0 0 -0.273381 0.419371 0.647761 3.6737e+09
0.5 0.5 0 -0.263647 0.476835 0.628217 4.3751e+09
0 1 0 -0.204191 0.500626 0.605665 6.31324e+09
0.5 1.5 0 -0.195403 0.559705 0.584533 7.63658e+09
1.5 -1.5 0 -0.394334 0.415665 0.639991 1.45683e+09
1 -1 0 -0.358195 0.408416 0.656243 1.96744e+09
1.5 -0.5 0 -0.356572 0.454096 0.635273 2.36747e+09
1 0 0 -0.31292 0.46012 0.639407 3.1903e+09
1.5 0.5 0 -0.301957 0.516009 0.616152 3.94947e+09
1 1 0 -0.25114 0.535683 0.606465 5.39786e+09
1.5 1.5 0 -0.232122 0.591812 0.583141 6.70419e+09
2.5 -1.5 0 -0.430122 0.464006 0.589235 1.25598e+09
2 -1 0 -0.395692 0.456327 0.61737 1.73977e+09
2.5 -0.5 0 -0.389723 0.504392 0.590629 2.11494e+09
2 0 0 -0.348327 0.506082 0.610195 2.91006e+09
2.5 0.5 0 -0.333488 0.559341 0.582277 3.57592e+09
2 1 0 -0.285121 0.57091 0.590451 4.89822e+09
2.5 1.5 0 -0.261263 0.624122 0.561764 5.96045e+09
-2.25 -1.25 0.25 0.0583421 -0.112275 0.653799 8.51654e+08
-2.25 -0.25 0.25 0.153458 -0.0831042 0.574166 1.43634e+09
-2.25 0.75 0.25 0.324714 0.136576 0.514982 2.92132e+09
-1.25 -1.25 0.25 0.0634058 -0.0370666 0.725394 5.83685e+08
-1.75 -0.75 0.25 0.112275 -0.0583421 0.653799 8.51654e+08
-1.25 -0.25 0.25 0.17131 0.00247186 0.658789 8.66959e+08
-1.75 0.25 0.25 0.250973 0.0325637 0.574335 1.47461e+09
-1.25 0.75 0.25 0.32049 0.1938 0.564616 1.6302e+09
-1.75 1.25 0.25 0.383147 0.276652 0.494885 3.17273e+09
-0.25 -1.25 0.25 0.00265136 0.0197691 0.759205 4.41091e+08
-0.75 -0.75 0.25 0.0839492 0.00520228 0.726821 6.03607e+08
-0.25 -0.25 0.25 0.0857059 0.0650335 0.723859 6.62436e+08
-0.75 0.25 0.25 0.205068 0.0910739 0.657035 9.58469e+08
-0.25 0.75 0.25 0.202884 0.188675 0.651097 1.08346e+09
-0.75 1.25 0.25 0.31502 0.292988 0.555833 1.79719e+09
0.75 -1.25 0.25 -0.086321 0.0731659 0.769099 3.64352e+08
0.25 -0.75 0.25 -0.0116116 0.0599213 0.756926 4.85055e+08
0.75 -0.25 0.25 -0.03047 0.116033 0.75043 5.51905e+08
0.25 0.25 0.25 0.0732584 0.136589 0.717078 7.48826e+08
0.75 0.75 0.25 0.0535215 0.20507 0.708063 8.69908e+08
0.25 1.25 0.25 0.182096 0.261816 0.646471 1.24469e+09
1.75 -1.25 0.25 -0.173346 0.134428 0.750837 3.0768e+08
1.25 -0.75 0.25 -0.109938 0.119432 0.760153 4.14548e+08
1.75 -0.25 0.25 -0.127962 0.178954 0.745515 4.8297e+08
1.25 0.25 0.25 -0.0485368 0.180871 0.739132 6.45097e+08
1.75 0.75 0.25 -0.0577339 0.253997 0.722805 7.64892e+08
1.25 1.25 0.25 0.0401631 0.279497 0.696151 1.03101e+09
2.25 -0.75 0.25 -0.191471 0.188591 0.733092 3.55921e+08
2.25 0.25 0.25 -0.135551 0.248437 0.725296 5.68218e+08
2.25 1.25 0.25 -0.0564627 0.328547 0.702817 8.99982e+08
-2.5 -1 0.5 -0.264556 0.248424 0.65074 3.07007e+09
-2.5 0 0.5 -0.222695 0.228254 0.620348 5.47567e+09
-2.5 1 0.5 0.174117 0.106912 0.528923 1.11079e+10
-2 -1.5 0.5 -0.301272 0.285291 0.677691 1.98408e+09
-1.5 -1 0.5 -0.285291 0.301272 0.677691 1.98408e+09
-2 -0.5 0.5 -0.248424 0.264556 0.65074 3.07007e+09
-1.5 0 0.5 -0.210646 0.305451 0.645211 3.08072e+09
-2 0.5 0.5 -0.136227 0.260103 0.602696 5.09695e+09
-1.5 1 0.5 -0.105093 0.371522 0.59289 5.66465e+09
-2 1.5 0.5 0.130975 0.291919 0.533208 1.14999e+10
-1 -1.5 0.5 -0.318738 0.329734 0.695414 1.43608e+09
-0.5 -1 0.5 -0.309459 0.356166 0.689561 1.51548e+09
-1 -0.5 0.5 -0.266001 0.338677 0.67215 2.08494e+09
-0.5 0 0.5 -0.255371 0.399378 0.657177 2.36437e+09
-1 0.5 0.5 -0.190339 0.389615 0.631659 3.47591e+09
-0.5 1 0.5 -0.178849 0.475811 0.609496 4.09925e+09
-1 1.5 0.5 -0.0971224 0.477502 0.57527 6.64906e+09
0 -1.5 0.5 -0.339813 0.362875 0.699957 1.11615e+09
0.5 -1 0.5 -0.340073 0.395932 0.68653 1.25762e+09
0 -0.5 0.5 -0.303959 0.399716 0.675618 1.70407e+09
0.5 0 0.5 -0.295418 0.45403 0.655803 2.00167e+09
0 0.5 0.5 -0.24479 0.468229 0.635236 2.79013e+09
0.5 1 0.5 -0.233985 0.53255 0.610858 3.36986e+09
0 1.5 0.5 -0.170327 0.549241 0.584998 4.91629e+09
1 -1.5 0.5 -0.372381 0.398183 0.685737 9.48245e+08
1.5 -1 0.5 -0.371994 0.437233 0.666109 1.11659e+09
1 -0.5 0.5 -0.335648 0.441517 0.667462 1.48293e+09
1.5 0 0.5 -0.32463 0.494521 0.644338 1.80578e+09
1 0.5 0.5 -0.28239 0.51185 0.632639 2.42786e+09
1.5 1 0.5 -0.259994 0.570951 0.608133 3.00293e+09
1 1.5 0.5 -0.211802 0.594993 0.586505 4.12379e+09
2 -1.5 0.5 -0.406076 0.440529 0.652046 8.3462e+08
2.5 -1 0.5 -0.401018 0.484553 0.626984 1.00298e+09
2 -0.5 0.5 -0.364122 0.485601 0.642122 1.35386e+09
2.5 0 0.5 -0.347747 0.538771 0.615178 1.66012e+09
2 0.5 0.5 -0.305015 0.550725 0.61874 2.23259e+09
2.5 1 0.5 -0.277647 0.605158 0.591534 2.73525e+09
2 1.5 0.5 -0.229449 0.625564 0.58286 3.68306e+09
-2.25 -0.75 0.75 0.125818 -0.125818 0.649961 6.70762e+08
-2.25 0.25 0.75 0.271087 -0.036246 0.542953 1.23037e+09
-2.25 1.25 0.75 0.407065 0.123267 0.480113 3.82623e+09
-1.75 -1.25 0.75 0.0617277 -0.0617277 0.735885 4.28701e+08
-1.25 -0.75 0.75 0.0895349 -0.0146762 0.737837 4.33236e+08
-1.75 -0.25 0.75 0.197389 -0.0168555 0.646224 6.70874e+08
-1.25 0.25 0.75 0.225013 0.0560552 0.645708 6.91368e+08
-1.75 0.75 0.75 0.352997 0.108777 0.541225 1.22314e+09
-1.25 1.25 0.75 0.381518 0.220482 0.537537 1.32075e+09
-0.75 -1.25 0.75 0.00158534 0.0270616 0.793746 3.19394e+08
-0.25 -0.75 0.75 -0.00627191 0.0646868 0.793822 3.40745e+08
-0.75 -0.25 0.75 0.0992035 0.0392594 0.7418 4.59708e+08
-0.25 0.25 0.75 0.100338 0.116239 0.743376 5.08111e+08
-0.75 0.75 0.75 0.253632 0.143278 0.652262 7.41359e+08
-0.25 1.25 0.75 0.246113 0.239007 0.6516 8.50968e+08
0.25 -1.25 0.75 -0.0881541 0.0912322 0.812708 2.59277e+08
0.75 -0.75 0.75 -0.109898 0.13689 0.805471 2.89781e+08
0.25 -0.25 0.75 -0.0209093 0.123912 0.789259 3.79153e+08
0.75 0.25 0.75 -0.0409289 0.193949 0.777944 4.36603e+08
0.25 0.75 0.75 0.0824986 0.200678 0.737329 5.85753e+08
0.75 1.25 0.75 0.059782 0.287725 0.723991 6.80724e+08
1.25 -1.25 0.75 -0.177167 0.155435 0.804662 2.21891e+08
1.75 -0.75 0.75 -0.19747 0.207171 0.788631 2.54829e+08
1.25 -0.25 0.75 -0.129988 0.196766 0.791739 3.33941e+08
1.75 0.25 0.75 -0.141914 0.266493 0.771534 3.91001e+08
1.25 0.75 0.75 -0.0570377 0.271119 0.760037 5.10825e+08
1.75 1.25 0.75 -0.0605561 0.349485 0.737392 6.00806e+08
2.25 -1.25 0.75 -0.25188 0.222336 0.772622 1.90715e+08
2.25 -0.25 0.75 -0.207559 0.270328 0.766502 2.9668e+08
2.25 0.75 0.75 -0.140928 0.340162 0.746409 4.58711e+08
-2.5 -1.5 1 -0.310878 0.267182 0.674969 1.44988e+09
-2.5 -0.5 1 -0.241449 0.241449 0.643794 2.31332e+09
-2.5 0.5 1 -0.186341 0.248111 0.59765 4.4234e+09
-2.5 1.5 1 0.166303 0.184145 0.512762 1.02535e+10
-1.5 -1.5 1 -0.320206 0.320206 0.703661 9.92553e+08
-2 -1 1 -0.286459 0.286459 0.678685 1.44671e+09
-1.5 -0.5 1 -0.267182 0.310878 0.674969 1.44988e+09
-2 0 1 -0.210746 0.283618 0.636403 2.33296e+09
-1.5 0.5 1 -0.19761 0.329007 0.626125 2.43579e+09
-2 1 1 -0.140486 0.308061 0.588682 4.45091e+09
-1.5 1.5 1 -0.0619666 0.37938 0.564207 4.36158e+09
-0.5 -1.5 1 -0.340544 0.360769 0.715125 7.6197e+08
-1 -1 1 -0.309147 0.339842 0.700443 1.0136e+09
-0.5 -0.5 1 -0.301912 0.377815 0.68979 1.10013e+09
-1 0 1 -0.255031 0.353019 0.665778 1.53366e+09
-0.5 0.5 1 -0.23495 0.428779 0.649137 1.7474e+09
-1 1 1 -0.160665 0.409877 0.613563 2.60046e+09
-0.5 1.5 1 -0.146334 0.50926 0.593579 3.09188e+09
0.5 -1.5 1 -0.362816 0.39446 0.711908 6.31197e+08
0 -1 1 -0.336496 0.390628 0.704157 8.29746e+08
0.5 -0.5 1 -0.327802 0.43838 0.685284 9.5524e+08
0 0 1 -0.288708 0.439407 0.670414 1.27044e+09
0.5 0.5 1 -0.274277 0.507349 0.643968 1.53146e+09
0 1 1 -0.22051 0.511866 0.623346 2.10882e+09
0.5 1.5 1 -0.199827 0.588695 0.593343 2.57467e+09
1.5 -1.5 1 -0.387827 0.431402 0.691894 5.56257e+08
1 -1 1 -0.358854 0.432799 0.693623 7.26529e+08
1.5 -0.5 1 -0.348306 0.481502 0.670001 8.68754e+08
1 0 1 -0.314294 0.494644 0.660586 1.14443e+09
1.5 0.5 1 -0.291515 0.553897 0.633231 1.4011e+09
1 1 1 -0.251152 0.573783 0.614963 1.87501e+09
1.5 1.5 1 -0.216247 0.634112 0.586523 2.29012e+09
2.5 -1.5 1 -0.412566 0.474009 0.655684 4.98511e+08
2 -1 1 -0.380814 0.474318 0.668438 6.61941e+08
2.5 -0.5 1 -0.364668 0.524531 0.641655 8.03025e+08
2 0 1 -0.328512 0.53585 0.64331 1.06144e+09
2.5 0.5 1 -0.299085 0.590915 0.615313 1.29996e+09
2 1 1 -0.258181 0.611177 0.605467 1.72043e+09
2.5 1.5 1 -0.215802 0.663576 0.577175 2.07936e+09
-2.25 -1.25 1.25 0.0544196 -0.113833 0.744469 3.19814e+08
-2.25 -0.25 1.25 0.197624 -0.118428 0.631819 5.1904e+08
-2.25 0.75 1.25 0.390316 0.0314667 0.511293 1.02514e+09
-1.25 -1.25 1.25 0.00162952 0.0209182 0.814036 2.29032e+08
-1.75 -0.75 1.25 0.113833 -0.0544196 0.744469 3.19814e+08
-1.25 -0.25 1.25 0.135761 0.0146613 0.746732 3.27639e+08
-1.75 0.25 1.25 0.277264 -0.009684 0.637014 5.34515e+08
-1.25 0.75 1.25 0.30998 0.138803 0.631194 5.49158e+08
-1.75 1.25 1.25 0.44638 0.148026 0.505123 1.05613e+09
-0.25 -1.25 1.25 -0.091767 0.111149 0.843565 1.85273e+08
-0.75 -0.75 1.25 0.00182693 0.0593082 0.815349 2.37791e+08
-0.25 -0.25 1.25 -0.0123259 0.12014 0.813918 2.57298e+08
-0.75 0.25 1.25 0.131144 0.0959571 0.748895 3.45941e+08
-0.25 0.75 1.25 0.114343 0.178281 0.750744 3.86418e+08
-0.75 1.25 1.25 0.295156 0.21432 0.633829 5.84858e+08
0.75 -1.25 1.25 -0.179258 0.183629 0.839074 1.58391e+08
0.25 -0.75 1.25 -0.110449 0.156516 0.837108 2.01993e+08
0.75 -0.25 1.25 -0.129746 0.218322 0.823413 2.29195e+08
0.25 0.25 1.25 -0.0317396 0.194752 0.806272 2.91907e+08
0.75 0.75 1.25 -0.0494958 0.28117 0.789388 3.38601e+08
0.25 1.25 1.25 0.093787 0.272463 0.745792 4.42555e+08
1.75 -1.25 1.25 -0.251844 0.249971 0.812585 1.38922e+08
1.25 -0.75 1.25 -0.198478 0.234862 0.822972 1.79571e+08
1.75 -0.25 1.25 -0.209873 0.298116 0.799804 2.07725e+08
1.25 0.25 1.25 -0.143526 0.291642 0.801692 2.65737e+08
1.75 0.75 1.25 -0.146128 0.369309 0.77205 3.10344e+08
1.25 1.25 1.25 -0.0595069 0.370815 0.761095 3.95733e+08
2.25 -0.75 1.25 -0.262293 0.305265 0.788751 1.59807e+08
2.25 0.25 1.25 -0.209297 0.367094 0.77049 2.41745e+08
2.25 1.25 1.25 -0.134945 0.442888 0.738919 3.60905e+08
-2.5 -1 1.5 -0.289796 0.262461 0.678202 1.04112e+09
-2.5 0 1.5 -0.218799 0.247902 0.631402 1.75146e+09
-2.5 1 1.5 -0.137536 0.292001 0.580258 3.43381e+09
-2 -1.5 1.5 -0.32698 0.310129 0.709717 7.06873e+08
-1.5 -1 1.5 -0.310129 0.32698 0.709717 7.06873e+08
-2 -0.5 1.5 -0.262461 0.289796 0.678202 1.04112e+09
-1.5 0 1.5 -0.249893 0.327909 0.668978 1.07726e+09
-2 0.5 1.5 -0.18488 0.297564 0.624748 1.7728e+09
-1.5 1 1.5 -0.149369 0.384715 0.60743 1.8721e+09
-2 1.5 1.5 -0.102019 0.357902 0.567887 3.52483e+09
-1 -1.5 1.5 -0.343928 0.355873 0.727316 5.22104e+08
-0.5 -1 1.5 -0.339183 0.379617 0.718826 5.49387e+08
-1 -0.5 1.5 -0.303438 0.354644 0.701515 7.34256e+08
-0.5 0 1.5 -0.291153 0.409137 0.685625 8.07023e+08
-1 0.5 1.5 -0.232334 0.391895 0.653938 1.15279e+09
-0.5 1 1.5 -0.218711 0.46618 0.636501 1.30272e+09
-1 1.5 1.5 -0.146449 0.453331 0.592825 2.05313e+09
0 -1.5 1.5 -0.363876 0.395126 0.727377 4.28759e+08
0.5 -1 1.5 -0.35682 0.432169 0.710215 4.79656e+08
0 -0.5 1.5 -0.329664 0.425704 0.701397 6.13993e+08
0.5 0 1.5 -0.314191 0.48689 0.675655 7.24819e+08
0 0.5 1.5 -0.275542 0.480424 0.661963 9.45881e+08
0.5 1 1.5 -0.249173 0.559044 0.631226 1.15225e+09
0 1.5 1.5 -0.194071 0.553919 0.612261 1.55763e+09
1 -1.5 1.5 -0.379178 0.43218 0.714159 3.74407e+08
1.5 -1 1.5 -0.369188 0.474851 0.690894 4.37679e+08
1 -0.5 1.5 -0.343376 0.482774 0.685588 5.63167e+08
1.5 0 1.5 -0.320649 0.540046 0.656516 6.80824e+08
1 0.5 1.5 -0.288939 0.55359 0.644615 8.82016e+08
1.5 1 1.5 -0.252754 0.618262 0.610721 1.08136e+09
1 1.5 1.5 -0.213267 0.633344 0.594378 1.416e+09
2 -1.5 1.5 -0.395143 0.470098 0.688242 3.38754e+08
2.5 -1 1.5 -0.380079 0.515738 0.66174 4.04237e+08
2 -0.5 1.5 -0.350176 0.525558 0.663479 5.26154e+08
2.5 0 1.5 -0.32098 0.579416 0.634049 6.39132e+08
2 0.5 1.5 -0.287162 0.598218 0.62545 8.31464e+08
2.5 1 1.5 -0.243424 0.652154 0.594955 1.00776e+09
2 1.5 1.5 -0.205535 0.674631 0.57834 1.31002e+09
