449
-2.5 -1 -1.5 0.265194 0.289428 0.158135 3.21786e+09
-2.5 0 -1.5 0.381581 0.543752 0.233691 5.76189e+09
-2.5 1 -1.5 0.584062 0.570333 0.180268 9.93147e+09
-2 -1.5 -1.5 0.220066 0.154173 0.111793 2.33966e+09
-1.5 -1 -1.5 -0.0201307 0.288196 0.215818 2.27754e+09
-2 -0.5 -1.5 0.1443 0.478539 0.233279 3.50734e+09
-1.5 0 -1.5 0.118684 0.655471 0.22198 4.10704e+09
-2 0.5 -1.5 0.384264 0.6531 0.193341 6.62677e+09
-1.5 1 -1.5 0.371088 0.724105 0.124912 6.7052e+09
-2 1.5 -1.5 0.561062 0.630805 0.112669 9.24978e+09
-1 -1.5 -1.5 -0.0411631 0.0710596 0.181868 1.62884e+09
-0.5 -1 -1.5 -0.297563 0.248704 0.25942 1.65128e+09
-1 -0.5 -1.5 -0.14774 0.516393 0.251795 2.52951e+09
-0.5 0 -1.5 -0.171721 0.691086 0.207594 2.84562e+09
-1 0.5 -1.5 0.115904 0.762655 0.15837 4.46404e+09
-0.5 1 -1.5 0.0952687 0.820049 0.0854677 4.20441e+09
-1 1.5 -1.5 0.337177 0.770966 0.0529993 5.88972e+09
0 -1.5 -1.5 -0.278407 -0.0191863 0.236931 1.17301e+09
0.5 -1 -1.5 -0.504534 0.178223 0.270966 1.2288e+09
0 -0.5 -1.5 -0.408938 0.478609 0.25352 1.82543e+09
0.5 0 -1.5 -0.434568 0.629222 0.199284 1.9154e+09
0 0.5 -1.5 -0.18015 0.783228 0.138469 2.85968e+09
0.5 1 -1.5 -0.202602 0.826253 0.0731055 2.50906e+09
0 1.5 -1.5 0.0586488 0.850926 0.0173285 3.49265e+09
1 -1.5 -1.5 -0.447459 -0.101858 0.250379 8.77136e+08
1.5 -1 -1.5 -0.629582 0.0768812 0.25806 9.16591e+08
1 -0.5 -1.5 -0.597565 0.371552 0.245616 1.3026e+09
1.5 0 -1.5 -0.630502 0.48513 0.203832 1.25271e+09
1 0.5 -1.5 -0.449683 0.702896 0.141546 1.76961e+09
1.5 1 -1.5 -0.469869 0.735693 0.0924107 1.4582e+09
1 1.5 -1.5 -0.234028 0.844965 0.0162726 1.98612e+09
2 -1.5 -1.5 -0.553229 -0.169922 0.23443 6.73803e+08
2.5 -1 -1.5 -0.688983 -0.0424663 0.24135 6.73569e+08
2 -0.5 -1.5 -0.709222 0.215768 0.240111 9.04531e+08
2.5 0 -1.5 -0.744904 0.293132 0.22118 7.99336e+08
2 0.5 -1.5 -0.650058 0.541079 0.167134 1.07153e+09
2.5 1 -1.5 -0.665653 0.568673 0.138899 8.38958e+08
2 1.5 -1.5 -0.491846 0.749247 0.0524445 1.10952e+09
-2.25 -0.75 -1.25 0.477279 -0.421044 0.26234 1.55208e+09
-2.25 0.25 -1.25 0.341368 -0.0363372 0.412165 1.90317e+09
-2.25 1.25 -1.25 0.46957 0.170939 0.330448 2.36635e+09
-1.75 -1.25 -1.25 0.608481 -0.437133 0.108713 1.3327e+09
-1.25 -0.75 -1.25 0.287367 -0.364036 0.230687 1.05979e+09
-1.75 -0.25 -1.25 0.248251 -0.193005 0.356688 1.38243e+09
-1.25 0.25 -1.25 0.123063 0.0828784 0.346027 1.29743e+09
-1.75 0.75 -1.25 0.292698 0.17497 0.352361 1.78085e+09
-1.25 1.25 -1.25 0.239697 0.314816 0.266827 1.49001e+09
-0.75 -1.25 -1.25 0.444794 -0.429871 0.0774173 8.65805e+08
-0.25 -0.75 -1.25 0.0838752 -0.291659 0.177388 7.10269e+08
-0.75 -0.25 -1.25 0.0343024 -0.0980817 0.287806 9.45851e+08
-0.25 0.25 -1.25 -0.105919 0.144808 0.258031 8.38918e+08
-0.75 0.75 -1.25 0.044352 0.275183 0.277437 1.12794e+09
-0.25 1.25 -1.25 -0.0231382 0.397185 0.194231 8.95178e+08
0.25 -1.25 -1.25 0.249746 -0.389674 0.0501557 5.57479e+08
0.75 -0.75 -1.25 -0.0897331 -0.231761 0.114467 4.71974e+08
0.25 -0.25 -1.25 -0.159406 -0.0478021 0.201034 6.23445e+08
0.75 0.25 -1.25 -0.300705 0.137789 0.17155 5.20545e+08
0.25 0.75 -1.25 -0.198033 0.302411 0.195205 6.85139e+08
0.75 1.25 -1.25 -0.265033 0.40403 0.125801 5.22535e+08
1.25 -1.25 -1.25 0.0827827 -0.333182 0.0199993 3.68802e+08
1.75 -0.75 -1.25 -0.20287 -0.211549 0.0627498 3.10088e+08
1.25 -0.25 -1.25 -0.303104 -0.0533322 0.124193 3.97936e+08
1.75 0.25 -1.25 -0.429707 0.0746316 0.108531 3.15352e+08
1.25 0.75 -1.25 -0.389674 0.259258 0.125874 4.05387e+08
1.75 1.25 -1.25 -0.447036 0.342281 0.0794575 3.0043e+08
2.25 -1.25 -1.25 -0.0454245 -0.288832 0.00433592 2.46709e+08
2.25 -0.25 -1.25 -0.378928 -0.101924 0.0774465 2.48806e+08
2.25 0.75 -1.25 -0.506018 0.165243 0.0872662 2.37282e+08
-2.5 -1.5 -1 0.289448 0.465005 0.080406 8.20786e+09
-2.5 -0.5 -1 0.36631 0.602381 0.0962538 1.32285e+10
-2.5 0.5 -1 0.541149 0.625174 0.0674306 2.18598e+10
-2.5 1.5 -1 0.644405 0.579949 0.0192289 2.51449e+10
-1.5 -1.5 -1 0.0519128 0.433788 0.115019 5.61222e+09
-2 -1 -1 0.179545 0.551843 0.0985321 8.36283e+09
-1.5 -0.5 -1 0.113336 0.671532 0.0930675 8.98712e+09
-2 0 -1 0.345912 0.688052 0.0694027 1.43677e+10
-1.5 0.5 -1 0.317186 0.74875 0.0156061 1.40731e+10
-2 1 -1 0.509368 0.674841 0.00687788 1.98416e+10
-1.5 1.5 -1 0.461261 0.714211 -0.0573564 1.59226e+10
-0.5 -1.5 -1 -0.199529 0.350204 0.177357 3.84522e+09
-1 -1 -1 -0.0911909 0.545254 0.133118 5.70146e+09
-0.5 -0.5 -1 -0.167547 0.671763 0.111968 5.96997e+09
-1 0 -1 0.0773446 0.76141 0.0513547 9.2883e+09
-0.5 0.5 -1 0.0349898 0.811122 -0.0032203 8.44986e+09
-1 1 -1 0.270178 0.788104 -0.04508 1.19999e+10
-0.5 1.5 -1 0.214115 0.812608 -0.104438 9.22216e+09
0.5 -1.5 -1 -0.403862 0.232811 0.234524 2.70479e+09
0 -1 -1 -0.345334 0.476652 0.181782 3.92129e+09
0.5 -0.5 -1 -0.420004 0.585922 0.152261 3.89863e+09
0 0 -1 -0.212357 0.748918 0.0669088 5.75242e+09
0.5 0.5 -1 -0.2579 0.783513 0.0212989 4.87797e+09
0 1 -1 -0.0166876 0.835779 -0.0566454 6.81153e+09
0.5 1.5 -1 -0.0695918 0.84614 -0.105694 5.05851e+09
1.5 -1.5 -1 -0.543557 0.101394 0.272677 1.941e+09
1 -1 -1 -0.535171 0.347106 0.228066 2.69621e+09
1.5 -0.5 -1 -0.60434 0.424319 0.207272 2.48625e+09
1 0 -1 -0.467621 0.641666 0.116714 3.46629e+09
1.5 0.5 -1 -0.507083 0.664284 0.0862243 2.76713e+09
1 1 -1 -0.30323 0.796261 -0.0192449 3.75433e+09
1.5 1.5 -1 -0.344014 0.798548 -0.0538802 2.7151e+09
2.5 -1.5 -1 -0.614937 -0.0419636 0.295502 1.39505e+09
2 -1 -1 -0.647995 0.180485 0.269932 1.82995e+09
2.5 -0.5 -1 -0.704152 0.225029 0.266736 1.55908e+09
2 0 -1 -0.646645 0.461092 0.189129 2.05477e+09
2.5 0.5 -1 -0.674805 0.478672 0.176731 1.56601e+09
2 1 -1 -0.539381 0.672294 0.062037 2.05464e+09
2.5 1.5 -1 -0.564325 0.674646 0.0437117 1.45678e+09
-2.25 -1.25 -0.75 0.752734 -0.215139 0.1288 4.07681e+09
-2.25 -0.25 -0.75 0.546158 -0.128451 0.217838 4.16761e+09
-2.25 0.75 -0.75 0.536699 0.0660306 0.176666 4.74211e+09
-1.25 -1.25 -0.75 0.656386 -0.18982 0.074565 2.59982e+09
-1.75 -0.75 -0.75 0.567909 -0.192125 0.156911 3.20069e+09
-1.25 -0.25 -0.75 0.390825 -0.0397958 0.155942 2.67161e+09
-1.75 0.25 -0.75 0.441652 0.0387057 0.17733 3.58666e+09
-1.25 0.75 -0.75 0.338676 0.170543 0.108062 2.82296e+09
-1.75 1.25 -0.75 0.463243 0.170582 0.0949032 3.6259e+09
-0.25 -1.25 -0.75 0.499257 -0.157588 0.0450055 1.55733e+09
-0.75 -0.75 -0.75 0.416092 -0.125691 0.106781 2.01616e+09
-0.25 -0.25 -0.75 0.2049 0.0192013 0.102291 1.61851e+09
-0.75 0.25 -0.75 0.240634 0.11401 0.113616 2.14137e+09
-0.25 0.75 -0.75 0.11054 0.227773 0.052899 1.60672e+09
-0.75 1.25 -0.75 0.239297 0.267708 0.0297806 2.0795e+09
0.75 -1.25 -0.75 0.342854 -0.121735 0.0318001 9.56776e+08
0.25 -0.75 -0.75 0.238841 -0.0758072 0.0740599 1.22674e+09
0.75 -0.25 -0.75 0.0228321 0.0271925 0.0746776 9.46083e+08
0.25 0.25 -0.75 0.033386 0.13901 0.0694953 1.23205e+09
0.75 0.75 -0.75 -0.0987333 0.22988 0.0256145 8.98565e+08
0.25 1.25 -0.75 0.00478359 0.313018 -0.0128791 1.15715e+09
1.75 -1.25 -0.75 0.190081 -0.109715 0.0496528 5.8719e+08
1.25 -0.75 -0.75 0.0845417 -0.070461 0.0656805 7.36854e+08
1.75 -0.25 -0.75 -0.110056 -0.0125245 0.0808155 5.49244e+08
1.25 0.25 -0.75 -0.139022 0.110982 0.0587984 6.98687e+08
1.75 0.75 -0.75 -0.253728 0.180887 0.0378307 5.01727e+08
1.25 1.25 -0.75 -0.194897 0.301286 -0.0192522 6.38084e+08
2.25 -0.75 -0.75 -0.0272664 -0.097167 0.091272 4.41617e+08
2.25 0.25 -0.75 -0.246359 0.0438806 0.0870012 3.98334e+08
2.25 1.25 -0.75 -0.33252 0.238825 0.0182489 3.53067e+08
-2.5 -1 -0.5 0.316866 0.675559 0.0481124 3.17265e+10
-2.5 0 -0.5 0.491088 0.688521 -0.00767112 5.14302e+10
-2.5 1 -0.5 0.597204 0.642187 -0.0610192 5.87141e+10
-2 -1.5 -0.5 0.131276 0.633021 0.078724 2.0158e+10
-1.5 -1 -0.5 0.0751922 0.707971 0.0433995 2.12177e+10
-2 -0.5 -0.5 0.293771 0.736252 0.00334291 3.35497e+10
-1.5 0 -0.5 0.25733 0.781523 -0.0532358 3.18401e+10
-2 0.5 -0.5 0.452347 0.725763 -0.0710595 4.53698e+10
-1.5 1 -0.5 0.395686 0.755381 -0.134632 3.52703e+10
-2 1.5 -0.5 0.545228 0.676015 -0.128321 4.36139e+10
-1 -1.5 -0.5 -0.111543 0.59452 0.108349 1.36897e+10
-0.5 -1 -0.5 -0.188076 0.677322 0.0782273 1.38308e+10
-1 -0.5 -0.5 0.030217 0.774166 -0.00253941 2.113e+10
-0.5 0 -0.5 -0.025679 0.809503 -0.0508233 1.84851e+10
-1 0.5 -0.5 0.19982 0.809906 -0.110461 2.61985e+10
-0.5 1 -0.5 0.134566 0.825516 -0.163766 1.95027e+10
-1 1.5 -0.5 0.33282 0.775831 -0.195143 2.53195e+10
0 -1.5 -0.5 -0.342635 0.49106 0.169008 9.23727e+09
0.5 -1 -0.5 -0.425598 0.563216 0.146182 8.80861e+09
0 -0.5 -0.5 -0.248073 0.73024 0.0404383 1.27786e+10
0.5 0 -0.5 -0.30904 0.748694 0.00824332 1.03846e+10
0 0.5 -0.5 -0.0895844 0.823566 -0.0942001 1.43539e+10
0.5 1 -0.5 -0.150599 0.826064 -0.132464 1.03486e+10
0 1.5 -0.5 0.071095 0.83175 -0.212431 1.36687e+10
1 -1.5 -0.5 -0.518574 0.346425 0.237563 6.23174e+09
1.5 -1 -0.5 -0.594214 0.383896 0.232328 5.48859e+09
1 -0.5 -0.5 -0.487763 0.594707 0.125778 7.49926e+09
1.5 0 -0.5 -0.538386 0.60133 0.111827 5.75613e+09
1 0.5 -0.5 -0.364794 0.750749 -0.0180977 7.71436e+09
1.5 1 -0.5 -0.410874 0.74678 -0.0393724 5.43653e+09
1 1.5 -0.5 -0.203821 0.82253 -0.165617 7.13727e+09
2 -1.5 -0.5 -0.621192 0.157532 0.305011 4.12573e+09
2.5 -1 -0.5 -0.678796 0.170777 0.318046 3.36813e+09
2 -0.5 -0.5 -0.645379 0.395431 0.231679 4.3467e+09
2.5 0 -0.5 -0.679079 0.398881 0.235126 3.20526e+09
2 0.5 -0.5 -0.576798 0.600313 0.102891 4.14902e+09
2.5 1 -0.5 -0.60391 0.598743 0.0980135 2.88125e+09
2 1.5 -0.5 -0.446763 0.741269 -0.0561304 3.71073e+09
-2.25 -0.75 -0.25 0.73322 -0.00807663 0.114302 9.84721e+09
-2.25 0.25 -0.25 0.666408 0.0725424 0.0471834 1.02352e+10
-2.25 1.25 -0.25 0.640176 0.124199 -0.0503488 9.09311e+09
-1.75 -1.25 -0.25 0.76444 0.0338611 0.0815932 7.96426e+09
-1.25 -0.75 -0.25 0.641146 0.0683465 0.044363 6.10055e+09
-1.75 -0.25 -0.25 0.639532 0.0712608 0.0512678 7.9602e+09
-1.25 0.25 -0.25 0.515727 0.150141 -0.0229983 5.7952e+09
-1.75 0.75 -0.25 0.570469 0.149512 -0.042655 7.37607e+09
-1.25 1.25 -0.25 0.466115 0.216152 -0.12995 5.09741e+09
-0.75 -1.25 -0.25 0.648797 0.0850063 0.0291393 4.55329e+09
-0.25 -0.75 -0.25 0.488368 0.126416 0.0118357 3.43945e+09
-0.75 -0.25 -0.25 0.488764 0.135842 -0.00261984 4.47791e+09
-0.25 0.25 -0.25 0.325319 0.195561 -0.0532759 3.11746e+09
-0.75 0.75 -0.25 0.382353 0.218622 -0.0977213 4.02477e+09
-0.25 1.25 -0.25 0.259248 0.279399 -0.168435 2.74678e+09
0.25 -1.25 -0.25 0.520233 0.126887 0.0131 2.65835e+09
0.75 -0.75 -0.25 0.323819 0.127136 0.0305844 1.88229e+09
0.25 -0.25 -0.25 0.304583 0.162417 -0.00689149 2.41328e+09
0.75 0.25 -0.25 0.13184 0.199724 -0.0281221 1.65996e+09
0.25 0.75 -0.25 0.175592 0.251906 -0.103772 2.13716e+09
0.75 1.25 -0.25 0.0526933 0.304033 -0.150213 1.45494e+09
1.25 -1.25 -0.25 0.358765 0.116363 0.0526988 1.47449e+09
1.75 -0.75 -0.25 0.167023 0.0824836 0.101957 1.02885e+09
1.25 -0.25 -0.25 0.134303 0.135501 0.0442145 1.2999e+09
1.75 0.25 -0.25 -0.0234688 0.158269 0.0522164 8.9553e+08
1.25 0.75 -0.25 -0.00960284 0.24237 -0.0502115 1.13717e+09
1.75 1.25 -0.25 -0.117043 0.283673 -0.0700122 7.74928e+08
2.25 -1.25 -0.25 0.230658 0.0664753 0.137369 8.45664e+08
2.25 -0.25 -0.25 0.00246119 0.0745862 0.141695 7.14742e+08
2.25 0.75 -0.25 -0.14308 0.189298 0.0570118 6.15e+08
-2.5 -1.5 0 0.196014 0.731183 0.0706106 6.85485e+10
-2.5 -0.5 0 0.414648 0.760434 -0.0308318 1.20881e+11
-2.5 0.5 0 0.539678 0.713287 -0.104839 1.40255e+11
-2.5 1.5 0 0.600307 0.664827 -0.154073 1.16277e+11
-1.5 -1.5 0 -0.0286247 0.73229 0.0618737 4.81788e+10
-2 -1 0 0.191775 0.785872 0.00103344 7.62377e+10
-1.5 -0.5 0 0.168728 0.822459 -0.0687201 7.32434e+10
-2 0 0 0.375942 0.786474 -0.103502 1.05512e+11
-1.5 0.5 0 0.314177 0.80713 -0.169431 8.01057e+10
-2 1 0 0.48188 0.739626 -0.175339 1.0188e+11
-1.5 1.5 0 0.419667 0.758423 -0.240754 6.97706e+10
-0.5 -1.5 0 -0.277455 0.658537 0.10241 3.1743e+10
-1 -1 0 -0.0560725 0.79347 8.33501e-06 4.90945e+10
-0.5 -0.5 0 -0.11262 0.815739 -0.0496762 4.20189e+10
-1 0 0 0.10886 0.840672 -0.127772 5.89768e+10
-0.5 0.5 0 0.0386058 0.847401 -0.177253 4.28144e+10
-1 1 0 0.246343 0.819673 -0.228609 5.62987e+10
-0.5 1.5 0 0.181152 0.82438 -0.281713 3.78735e+10
0.5 -1.5 0 -0.480417 0.536242 0.168524 2.06908e+10
0 -1 0 -0.325717 0.709241 0.0584163 2.9313e+10
0.5 -0.5 0 -0.38773 0.715275 0.0339991 2.31359e+10
0 0 0 -0.182298 0.818121 -0.0862704 3.1618e+10
0.5 0.5 0 -0.246968 0.811835 -0.11515 2.22245e+10
0 1 0 -0.0280282 0.846341 -0.219735 2.94204e+10
0.5 1.5 0 -0.0861879 0.840544 -0.256248 1.95944e+10
1.5 -1.5 0 -0.625211 0.32171 0.266122 1.263e+10
1 -1 0 -0.540183 0.548529 0.157585 1.70922e+10
1.5 -0.5 0 -0.592173 0.538459 0.158004 1.26692e+10
1 0 0 -0.445577 0.706782 0.0194254 1.6695e+10
1.5 0.5 0 -0.491424 0.696649 0.0101461 1.15204e+10
1 1 0 -0.300621 0.802795 -0.138454 1.5059e+10
1.5 1.5 0 -0.342992 0.793534 -0.157199 9.9883e+09
2.5 -1.5 0 -0.686932 0.1088 0.353532 7.71589e+09
2 -1 0 -0.672944 0.318085 0.278803 9.68099e+09
2.5 -0.5 0 -0.704616 0.31199 0.29559 6.95447e+09
2 0 0 -0.630463 0.527788 0.163062 8.89818e+09
2.5 0.5 0 -0.655632 0.522381 0.170627 6.07461e+09
2 1 0 -0.524908 0.688825 0.00450924 7.75343e+09
2.5 1.5 0 -0.547971 0.684001 0.001292 5.14061e+09
-2.25 -1.25 0.25 0.713649 0.253916 0.102769 3.06305e+10
-2.25 -0.25 0.25 0.676004 0.320408 -0.0064664 3.29252e+10
-2.25 0.75 0.25 0.655701 0.347577 -0.118535 2.91988e+10
-1.25 -1.25 0.25 0.590941 0.323447 0.0297544 1.82428e+10
-1.75 -0.75 0.25 0.637875 0.323093 0.0158388 2.53463e+10
-1.25 -0.25 0.25 0.518277 0.391216 -0.0691697 1.81852e+10
-1.75 0.25 0.25 0.579688 0.381197 -0.102756 2.32973e+10
-1.25 0.75 0.25 0.471689 0.427191 -0.188849 1.56927e+10
-1.75 1.25 0.25 0.569283 0.391822 -0.209956 1.94956e+10
-0.25 -1.25 0.25 0.441079 0.370514 0.00146335 1.06115e+10
-0.75 -0.75 0.25 0.459051 0.392664 -0.032904 1.37805e+10
-0.25 -0.25 0.25 0.302906 0.424687 -0.0773489 9.36903e+09
-0.75 0.25 0.25 0.382016 0.435899 -0.140748 1.22487e+10
-0.25 0.75 0.25 0.252267 0.469706 -0.202708 8.13239e+09
-0.75 1.25 0.25 0.365587 0.462624 -0.264742 1.03867e+10
0.75 -1.25 0.25 0.237483 0.34894 0.0417095 5.57019e+09
0.25 -0.75 0.25 0.26474 0.389868 -0.0110056 7.25802e+09
0.75 -0.25 0.25 0.0926861 0.389533 -0.0134584 4.83293e+09
0.25 0.25 0.25 0.152712 0.445841 -0.114111 6.24588e+09
0.75 0.75 0.25 0.0245539 0.466404 -0.145168 4.15775e+09
0.25 1.25 0.25 0.139257 0.496979 -0.255056 5.37353e+09
1.75 -1.25 0.25 0.0790671 0.243968 0.146257 2.98691e+09
1.25 -0.75 0.25 0.0625614 0.320156 0.0776235 3.75805e+09
1.75 -0.25 0.25 -0.0888024 0.301756 0.109117 2.53403e+09
1.25 0.25 0.25 -0.0516587 0.395868 -0.0158877 3.2301e+09
1.75 0.75 0.25 -0.162767 0.408439 -0.0181513 2.16158e+09
1.25 1.25 0.25 -0.0771283 0.485653 -0.170397 2.76172e+09
2.25 -0.75 0.25 -0.0777187 0.196177 0.212431 2.0264e+09
2.25 0.25 0.25 -0.205205 0.299602 0.133723 1.71095e+09
2.25 1.25 0.25 -0.244179 0.422798 -0.019764 1.44354e+09
-2.5 -1 0.5 0.502203 0.551686 0.0316252 1.73477e+11
-2.5 0 0.5 0.593547 0.541274 -0.0591032 1.90145e+11
-2.5 1 0.5 0.622145 0.504296 -0.115245 1.46888e+11
-2 -1.5 0.5 0.377093 0.543227 0.0580967 1.17048e+11
-1.5 -1 0.5 0.345975 0.616739 -0.0297066 1.08461e+11
-2 -0.5 0.5 0.472488 0.583319 -0.0524597 1.43452e+11
-1.5 0 0.5 0.398852 0.608055 -0.1211 1.00183e+11
-2 0.5 0.5 0.524536 0.567595 -0.131513 1.27293e+11
-1.5 1 0.5 0.444796 0.588091 -0.196505 8.12721e+10
-2 1.5 0.5 0.554648 0.530284 -0.184589 9.35041e+10
-1 -1.5 0.5 0.191913 0.564913 0.0287629 7.33093e+10
-0.5 -1 0.5 0.125168 0.598692 -0.0272118 5.74979e+10
-1 -0.5 0.5 0.268256 0.631545 -0.0891175 7.83334e+10
-0.5 0 0.5 0.166255 0.633342 -0.13151 5.12739e+10
-1 0.5 0.5 0.307844 0.623181 -0.178078 6.51493e+10
-0.5 1 0.5 0.21787 0.630078 -0.227504 4.11887e+10
-1 1.5 0.5 0.365226 0.60114 -0.255495 5.08195e+10
0 -1.5 0.5 0.00189813 0.560894 0.034356 4.40895e+10
0.5 -1 0.5 -0.0902927 0.538181 0.0264816 3.05646e+10
0 -0.5 0.5 0.0239456 0.594849 -0.0545801 3.89033e+10
0.5 0 0.5 -0.0799436 0.576915 -0.0695855 2.50731e+10
0 0.5 0.5 0.065491 0.627628 -0.165089 3.25362e+10
0.5 1 0.5 -0.0218802 0.62061 -0.193698 2.04654e+10
0 1.5 0.5 0.13747 0.63219 -0.271227 2.578e+10
1 -1.5 0.5 -0.171033 0.417737 0.113822 2.33028e+10
1.5 -1 0.5 -0.260511 0.370358 0.14024 1.54395e+10
1 -0.5 0.5 -0.190693 0.497175 0.0348952 1.9753e+10
1.5 0 0.5 -0.278101 0.463039 0.04593 1.26087e+10
1 0.5 0.5 -0.16906 0.560255 -0.0803942 1.59513e+10
1.5 1 0.5 -0.239264 0.54917 -0.0890426 1.01262e+10
1 1.5 0.5 -0.0926447 0.614859 -0.218496 1.28641e+10
2 -1.5 0.5 -0.278774 0.244486 0.216814 1.23563e+10
2.5 -1 0.5 -0.352163 0.187291 0.265308 8.10724e+09
2 -0.5 0.5 -0.341035 0.326037 0.170233 9.99188e+09
2.5 0 0.5 -0.405088 0.298401 0.198021 6.44902e+09
2 0.5 0.5 -0.346473 0.441934 0.0564062 8.04814e+09
2.5 1 0.5 -0.396365 0.43147 0.0657342 5.1504e+09
2 1.5 0.5 -0.291771 0.542904 -0.0961787 6.43623e+09
-2.25 -0.75 0.75 0.51766 0.52544 -0.00703352 3.89519e+10
-2.25 0.25 0.75 0.520856 0.602185 -0.131344 3.74354e+10
-2.25 1.25 0.75 0.557965 0.596946 -0.211085 3.06532e+10
-1.75 -1.25 0.75 0.446666 0.501577 0.0256924 2.92659e+10
-1.25 -0.75 0.75 0.309017 0.5982 -0.0653755 2.19196e+10
-1.75 -0.25 0.75 0.405875 0.606156 -0.102806 2.83262e+10
-1.25 0.25 0.75 0.294855 0.65557 -0.181082 1.95992e+10
-1.75 0.75 0.75 0.436939 0.64246 -0.214097 2.55539e+10
-1.25 1.25 0.75 0.356797 0.667159 -0.286536 1.69763e+10
-0.75 -1.25 0.75 0.246726 0.519665 -0.00517896 1.64176e+10
-0.25 -0.75 0.75 0.0654837 0.566818 -0.0436238 1.12228e+10
-0.75 -0.25 0.75 0.16652 0.640145 -0.125638 1.50602e+10
-0.25 0.25 0.75 0.0436918 0.663137 -0.173084 1.0158e+10
-0.75 0.75 0.75 0.196801 0.683669 -0.246206 1.32178e+10
-0.25 1.25 0.75 0.112573 0.699532 -0.300348 8.77995e+09
0.25 -1.25 0.75 0.00237028 0.504181 0.0204369 8.73453e+09
0.75 -0.75 0.75 -0.169007 0.490266 0.032328 5.88799e+09
0.25 -0.25 0.75 -0.0875569 0.585037 -0.0675787 7.60758e+09
0.75 0.25 0.75 -0.203406 0.595893 -0.0846977 5.13781e+09
0.25 0.75 0.75 -0.0559309 0.676616 -0.210832 6.78209e+09
0.75 1.25 0.75 -0.133946 0.685329 -0.240766 4.49878e+09
1.25 -1.25 0.75 -0.181694 0.353338 0.12447 4.52016e+09
1.75 -0.75 0.75 -0.334312 0.324785 0.168723 3.09e+09
1.25 -0.25 0.75 -0.299323 0.480977 0.0453087 3.9832e+09
1.75 0.25 0.75 -0.392864 0.480651 0.0571913 2.69158e+09
1.25 0.75 0.75 -0.28842 0.605367 -0.0969015 3.45227e+09
1.75 1.25 0.75 -0.349107 0.613824 -0.105608 2.30521e+09
2.25 -1.25 0.75 -0.321112 0.182006 0.254891 2.4641e+09
2.25 -0.25 0.75 -0.439051 0.314732 0.203973 2.11336e+09
2.25 0.75 0.75 -0.45654 0.486552 0.0675832 1.81211e+09
-2.5 -1.5 1 0.61484 0.422958 0.0868641 1.83361e+11
-2.5 -0.5 1 0.737572 0.356562 0.00131617 1.68652e+11
-2.5 0.5 1 0.759125 0.280992 -0.0579287 1.16205e+11
-2.5 1.5 1 0.743821 0.208448 -0.103327 7.25147e+10
-1.5 -1.5 1 0.498136 0.482326 0.0152258 1.11744e+11
-2 -1 1 0.670828 0.411654 -0.00145641 1.35687e+11
-1.5 -0.5 1 0.643317 0.40442 -0.0728421 8.58305e+10
-2 0 1 0.703355 0.346839 -0.0715348 1.02109e+11
-1.5 0.5 1 0.636692 0.330017 -0.13383 5.8661e+10
-2 1 1 0.696631 0.273665 -0.126202 6.73386e+10
-1.5 1.5 1 0.61964 0.260227 -0.188912 3.84451e+10
-0.5 -1.5 1 0.463132 0.492516 -0.038827 5.62185e+10
-1 -1 1 0.549849 0.45725 -0.0596942 7.09002e+10
-0.5 -0.5 1 0.498733 0.4202 -0.099846 4.05613e+10
-1 0 1 0.573867 0.377875 -0.124685 4.928e+10
-0.5 0.5 1 0.483843 0.337215 -0.165809 2.7667e+10
-1 1 1 0.551956 0.305069 -0.188683 3.3173e+10
-0.5 1.5 1 0.459513 0.28087 -0.238636 1.8923e+10
0.5 -1.5 1 0.329789 0.461591 -0.0214899 2.77124e+10
0 -1 1 0.427933 0.455009 -0.0674408 3.33047e+10
0.5 -0.5 1 0.357786 0.373384 -0.0663392 1.85656e+10
0 0 1 0.415307 0.359167 -0.121971 2.26439e+10
0.5 0.5 1 0.317647 0.296336 -0.137291 1.27851e+10
0 1 1 0.384572 0.296601 -0.201389 1.56851e+10
0.5 1.5 1 0.287976 0.266466 -0.233916 9.09367e+09
1.5 -1.5 1 0.259428 0.370459 0.0469891 1.27974e+10
1 -1 1 0.2995 0.373086 -0.00354507 1.53155e+10
1.5 -0.5 1 0.235641 0.265399 0.0312715 8.60379e+09
1 0 1 0.269503 0.285445 -0.0563083 1.04495e+10
1.5 0.5 1 0.175915 0.21454 -0.0458047 6.04751e+09
1 1 1 0.219846 0.24768 -0.15076 7.40575e+09
1.5 1.5 1 0.132564 0.216002 -0.163873 4.40315e+09
2.5 -1.5 1 0.228905 0.227635 0.167055 6.11911e+09
2 -1 1 0.223471 0.247459 0.107266 7.20075e+09
2.5 -0.5 1 0.159263 0.140362 0.168825 4.18328e+09
2 0 1 0.155316 0.17439 0.0669275 4.985e+09
2.5 0.5 1 0.0743991 0.108367 0.0977919 2.97879e+09
2 1 1 0.0894634 0.165723 -0.0377998 3.60219e+09
2.5 1.5 1 0.0168276 0.134966 -0.0327488 2.19707e+09
-2.25 -1.25 1.25 0.384391 0.526912 0.00788835 1.76407e+10
-2.25 -0.25 1.25 0.29228 0.69361 -0.129292 1.65519e+10
-2.25 0.75 1.25 0.371091 0.750426 -0.205082 1.50842e+10
-1.25 -1.25 1.25 0.177194 0.521397 -0.0201873 1.00432e+10
-1.75 -0.75 1.25 0.196576 0.633718 -0.0866816 1.28063e+10
-1.25 -0.25 1.25 0.0447116 0.702776 -0.160645 8.94105e+09
-1.75 0.25 1.25 0.201452 0.750509 -0.203301 1.18238e+10
-1.25 0.75 1.25 0.128761 0.777909 -0.262499 8.14279e+09
-1.75 1.25 1.25 0.31321 0.771377 -0.267919 1.02658e+10
-0.25 -1.25 1.25 -0.113899 0.485892 -0.00496023 5.31192e+09
-0.75 -0.75 1.25 -0.0718427 0.593205 -0.0821194 6.81507e+09
-0.25 -0.25 1.25 -0.216831 0.632308 -0.126583 4.6858e+09
-0.75 0.25 1.25 -0.0568739 0.735693 -0.214246 6.20126e+09
-0.25 0.75 1.25 -0.130902 0.752784 -0.253697 4.21996e+09
-0.75 1.25 1.25 0.0703207 0.790645 -0.311057 5.47985e+09
0.75 -1.25 1.25 -0.32575 0.334842 0.0802948 2.8019e+09
0.25 -0.75 1.25 -0.311998 0.499439 -0.0248354 3.56462e+09
0.75 -0.25 1.25 -0.433448 0.510483 -0.0349394 2.43916e+09
0.25 0.25 1.25 -0.311583 0.653769 -0.154693 3.19837e+09
0.75 0.75 1.25 -0.37375 0.669375 -0.172403 2.16671e+09
0.25 1.25 1.25 -0.184005 0.762366 -0.283883 2.82932e+09
1.75 -1.25 1.25 -0.464401 0.175452 0.18086 1.49094e+09
1.25 -0.75 1.25 -0.48156 0.331387 0.0890644 1.89371e+09
1.75 -0.25 1.25 -0.579238 0.340014 0.102868 1.29712e+09
1.25 0.25 1.25 -0.511319 0.524159 -0.0365234 1.66556e+09
1.75 0.75 1.25 -0.55904 0.540058 -0.0344613 1.12966e+09
1.25 1.25 1.25 -0.414518 0.681682 -0.184467 1.45438e+09
2.25 -0.75 1.25 -0.579445 0.157705 0.216015 1.02726e+09
2.25 0.25 1.25 -0.638307 0.356191 0.118412 8.87662e+08
2.25 1.25 1.25 -0.58695 0.556357 -0.0312124 7.6018e+08
-2.5 -1 1.5 0.643136 0.44133 0.00742627 1.13701e+11
-2.5 0 1.5 0.667012 0.41245 -0.0693179 7.48568e+10
-2.5 1 1.5 0.671116 0.37094 -0.113956 4.71257e+10
-2 -1.5 1.5 0.506894 0.456354 0.0313913 1.02574e+11
-1.5 -1 1.5 0.51172 0.471187 -0.058036 5.76727e+10
-2 -0.5 1.5 0.602654 0.449736 -0.0733533 6.67017e+10
-1.5 0 1.5 0.528207 0.444498 -0.13724 3.76377e+10
-2 0.5 1.5 0.600345 0.416529 -0.136366 4.30713e+10
-1.5 1 1.5 0.517877 0.410218 -0.194433 2.43372e+10
-2 1.5 1.5 0.600585 0.374266 -0.176174 2.72265e+10
-1 -1.5 1.5 0.43994 0.501705 -0.0395006 4.99978e+10
-0.5 -1 1.5 0.376403 0.483573 -0.0884945 2.73658e+10
-1 -0.5 1.5 0.448721 0.464163 -0.118653 3.20747e+10
-0.5 0 1.5 0.353971 0.424484 -0.15624 1.75116e+10
-1 0.5 1.5 0.433944 0.424138 -0.18752 2.0864e+10
-0.5 1 1.5 0.333033 0.39979 -0.229108 1.16876e+10
-1 1.5 1.5 0.429786 0.40054 -0.245906 1.38377e+10
0 -1.5 1.5 0.279039 0.46343 -0.0356416 2.34719e+10
0.5 -1 1.5 0.226251 0.401885 -0.0464756 1.23899e+10
0 -0.5 1.5 0.289363 0.419511 -0.108212 1.46981e+10
0.5 0 1.5 0.185731 0.342736 -0.113347 8.01013e+09
0 0.5 1.5 0.247177 0.37706 -0.182309 9.6767e+09
0.5 1 1.5 0.142137 0.340664 -0.202607 5.51174e+09
0 1.5 1.5 0.236226 0.3823 -0.264879 6.71184e+09
1 -1.5 1.5 0.181259 0.395214 0.00567919 1.06342e+10
1.5 -1 1.5 0.1305 0.270632 0.0436366 5.657e+09
1 -0.5 1.5 0.144992 0.301722 -0.0313581 6.67467e+09
1.5 0 1.5 0.0486072 0.213408 -0.00927285 3.74316e+09
1 0.5 1.5 0.078703 0.280455 -0.113188 4.52378e+09
1.5 1 1.5 -0.0187875 0.2423 -0.112205 2.65347e+09
1 1.5 1.5 0.0499205 0.32118 -0.219853 3.24327e+09
2 -1.5 1.5 0.127575 0.234565 0.109652 4.87256e+09
2.5 -1 1.5 0.0759386 0.116654 0.173323 2.69665e+09
2 -0.5 1.5 0.0520837 0.158319 0.0893183 3.14968e+09
2.5 0 1.5 -0.0382467 0.0761037 0.132283 1.83869e+09
2 0.5 1.5 -0.0476876 0.153658 0.0118982 2.19028e+09
2.5 1 1.5 -0.131564 0.120684 0.029189 1.32725e+09
2 1.5 1.5 -0.0985909 0.224773 -0.112164 1.60605e+09
