449
-2.5 -1 -1.5 0.484815 -0.302135 0.436638 8.22377e+09
-2.5 0 -1.5 0.597798 -0.14027 0.399197 8.53776e+09
-2.5 1 -1.5 0.612939 -0.0626758 0.373473 8.45777e+09
-2 -1.5 -1.5 0.41892 -0.268376 0.491874 7.9753e+09
-1.5 -1 -1.5 0.495338 -0.0831361 0.501759 8.92535e+09
-2 -0.5 -1.5 0.573778 -0.0753675 0.453342 9.33249e+09
-1.5 0 -1.5 0.573453 0.141329 0.47782 1.16871e+10
-2 0.5 -1.5 0.61288 0.0722489 0.421916 1.05003e+10
-1.5 1 -1.5 0.572153 0.266319 0.447122 1.41428e+10
-2 1.5 -1.5 0.603987 0.113496 0.387761 1.08322e+10
-1 -1.5 -1.5 0.394737 -0.123593 0.525003 7.79688e+09
-0.5 -1 -1.5 0.402981 0.00354573 0.528595 9.05281e+09
-1 -0.5 -1.5 0.499202 0.0966892 0.51596 1.08701e+10
-0.5 0 -1.5 0.456655 0.246945 0.52743 1.40456e+10
-1 0.5 -1.5 0.517525 0.316479 0.499596 1.5793e+10
-0.5 1 -1.5 0.439334 0.436196 0.511393 2.18585e+10
-1 1.5 -1.5 0.501605 0.414476 0.465503 1.99056e+10
0 -1.5 -1.5 0.304971 -0.0558731 0.520633 7.10704e+09
0.5 -1 -1.5 0.287742 0.040193 0.515915 8.29555e+09
0 -0.5 -1.5 0.377701 0.123976 0.529824 1.10274e+10
0.5 0 -1.5 0.332703 0.229916 0.52623 1.38202e+10
0 0.5 -1.5 0.392454 0.356181 0.531158 1.8617e+10
0.5 1 -1.5 0.322583 0.436747 0.527236 2.45735e+10
0 1.5 -1.5 0.359627 0.518432 0.514187 3.00107e+10
1 -1.5 -1.5 0.209755 0.00201511 0.491164 6.10339e+09
1.5 -1 -1.5 0.184342 0.0870037 0.479305 7.12881e+09
1 -0.5 -1.5 0.256391 0.13734 0.507262 9.97005e+09
1.5 0 -1.5 0.217272 0.230751 0.493592 1.21238e+10
1 0.5 -1.5 0.27931 0.320885 0.516411 1.74193e+10
1.5 1 -1.5 0.226898 0.401892 0.499916 2.1719e+10
1 1.5 -1.5 0.258395 0.503107 0.515512 3.18323e+10
2 -1.5 -1.5 0.124592 0.0621531 0.444937 5.02035e+09
2.5 -1 -1.5 0.100153 0.143113 0.426834 5.81153e+09
2 -0.5 -1.5 0.154477 0.17498 0.462995 8.42884e+09
2.5 0 -1.5 0.125376 0.262599 0.441828 9.94899e+09
2 0.5 -1.5 0.177796 0.319131 0.474241 1.46792e+10
2.5 1 -1.5 0.145265 0.400492 0.449364 1.74635e+10
2 1.5 -1.5 0.18354 0.473278 0.476525 2.64421e+10
-2.25 -0.75 -1.25 -0.212508 0.229814 0.744192 3.67117e+09
-2.25 0.25 -1.25 -0.168029 0.249406 0.713818 3.32388e+09
-2.25 1.25 -1.25 -0.142143 0.303646 0.682656 3.16333e+09
-1.75 -1.25 -1.25 -0.257406 0.245331 0.741118 3.93348e+09
-1.25 -0.75 -1.25 -0.282499 0.256021 0.728222 4.4898e+09
-1.75 -0.25 -1.25 -0.224532 0.256235 0.733579 4.22876e+09
-1.25 0.25 -1.25 -0.243028 0.293913 0.718088 5.22653e+09
-1.75 0.75 -1.25 -0.184886 0.30221 0.705968 4.25457e+09
-1.25 1.25 -1.25 -0.214398 0.360758 0.693711 5.92696e+09
-0.75 -1.25 -1.25 -0.331792 0.283265 0.695319 4.13821e+09
-0.25 -0.75 -1.25 -0.366237 0.308734 0.676239 5.03852e+09
-0.75 -0.25 -1.25 -0.310171 0.285235 0.709849 5.49948e+09
-0.25 0.25 -1.25 -0.342243 0.322011 0.684932 6.97387e+09
-0.75 0.75 -1.25 -0.273619 0.330947 0.696604 6.8278e+09
-0.25 1.25 -1.25 -0.311291 0.364668 0.67154 9.06477e+09
0.25 -1.25 -1.25 -0.403908 0.348316 0.627471 4.07631e+09
0.75 -0.75 -1.25 -0.434848 0.38521 0.600936 5.02269e+09
0.25 -0.25 -1.25 -0.399057 0.35019 0.651457 6.39846e+09
0.75 0.25 -1.25 -0.429213 0.395574 0.620702 8.18405e+09
0.25 0.75 -1.25 -0.382205 0.362982 0.657252 9.28454e+09
0.75 1.25 -1.25 -0.416706 0.414738 0.62696 1.25799e+10
1.25 -1.25 -1.25 -0.465309 0.417662 0.544858 3.72229e+09
1.75 -0.75 -1.25 -0.489962 0.457437 0.511305 4.54608e+09
1.25 -0.25 -1.25 -0.463125 0.427048 0.568471 6.2647e+09
1.75 0.25 -1.25 -0.485207 0.473128 0.531114 7.7848e+09
1.25 0.75 -1.25 -0.454661 0.444463 0.585007 1.0438e+10
1.75 1.25 -1.25 -0.470731 0.498334 0.544174 1.29952e+10
2.25 -1.25 -1.25 -0.510905 0.484615 0.452455 3.19005e+09
2.25 -0.25 -1.25 -0.508271 0.500793 0.473085 5.53172e+09
2.25 0.75 -1.25 -0.497652 0.523234 0.48969 9.47241e+09
-2.5 -1.5 -1 0.372138 -0.372138 0.495489 1.93754e+10
-2.5 -0.5 -1 0.572377 -0.222564 0.438766 2.12945e+10
-2.5 0.5 -1 0.631053 -0.12791 0.405929 2.14135e+10
-2.5 1.5 -1 0.652835 -0.0666274 0.388555 2.15634e+10
-1.5 -1.5 -1 0.418674 -0.147855 0.546917 1.84507e+10
-2 -1 -1 0.512454 -0.155 0.504468 2.08406e+10
-1.5 -0.5 -1 0.549375 0.0747217 0.525788 2.51618e+10
-2 0 -1 0.619613 0.0134991 0.464285 2.53417e+10
-1.5 0.5 -1 0.58841 0.232531 0.495033 3.30246e+10
-2 1 -1 0.635145 0.0621808 0.426686 2.64626e+10
-1.5 1.5 -1 0.596201 0.241033 0.44947 3.55884e+10
-0.5 -1.5 -1 0.370761 -0.0587258 0.550311 1.68754e+10
-1 -1 -1 0.459955 0.0223019 0.554914 2.14587e+10
-0.5 -0.5 -1 0.448714 0.174766 0.560893 2.66191e+10
-1 0 -1 0.511506 0.272044 0.547826 3.29673e+10
-0.5 0.5 -1 0.439192 0.423631 0.562166 4.57807e+10
-1 1 -1 0.510077 0.41105 0.521424 4.68593e+10
-0.5 1.5 -1 0.423513 0.529547 0.532822 6.81556e+10
0.5 -1.5 -1 0.306958 -0.00396714 0.52296 1.43726e+10
0 -1 -1 0.374722 0.0588735 0.547674 1.97267e+10
0.5 -0.5 -1 0.357782 0.171625 0.539967 2.39406e+10
0 0 -1 0.410477 0.299565 0.56 3.42026e+10
0.5 0.5 -1 0.365375 0.393859 0.549522 4.4087e+10
0 1 -1 0.369026 0.519361 0.561313 6.39483e+10
0.5 1.5 -1 0.311989 0.582075 0.548016 8.59662e+10
1.5 -1.5 -1 0.245066 0.0418804 0.476479 1.17322e+10
1 -1 -1 0.297572 0.0914012 0.511505 1.68389e+10
1.5 -0.5 -1 0.279948 0.184407 0.494544 2.00822e+10
1 0 -1 0.329851 0.271373 0.525596 2.95342e+10
1.5 0.5 -1 0.298409 0.358087 0.504387 3.63428e+10
1 1 -1 0.321499 0.469311 0.530694 5.60597e+10
1.5 1.5 -1 0.284949 0.531466 0.503485 6.92115e+10
2.5 -1.5 -1 0.190514 0.0868656 0.417583 9.21983e+09
2 -1 -1 0.231959 0.125855 0.457927 1.36516e+10
2.5 -0.5 -1 0.216998 0.208802 0.434402 1.59303e+10
2 0 -1 0.25872 0.2715 0.471832 2.39899e+10
2.5 0.5 -1 0.23906 0.351561 0.443556 2.82885e+10
2 1 -1 0.269845 0.43361 0.476371 4.38792e+10
2.5 1.5 -1 0.250263 0.498846 0.443426 5.1467e+10
-2.25 -1.25 -0.75 -0.172287 0.20726 0.737714 1.1325e+10
-2.25 -0.25 -0.75 -0.075886 0.203093 0.709084 1.00033e+10
-2.25 0.75 -0.75 -0.0479617 0.255144 0.680312 9.53466e+09
-1.25 -1.25 -0.75 -0.220973 0.283878 0.707261 1.20296e+10
-1.75 -0.75 -0.75 -0.167747 0.255933 0.733565 1.27318e+10
-1.25 -0.25 -0.75 -0.177892 0.310919 0.72327 1.54854e+10
-1.75 0.25 -0.75 -0.0817004 0.280001 0.707406 1.24236e+10
-1.25 0.75 -0.75 -0.09947 0.36201 0.702101 1.674e+10
-1.75 1.25 -0.75 -0.0529347 0.329804 0.679318 1.25387e+10
-0.25 -1.25 -0.75 -0.281466 0.346988 0.641925 1.13827e+10
-0.75 -0.75 -0.75 -0.234227 0.330001 0.693035 1.43049e+10
-0.25 -0.25 -0.75 -0.254259 0.388832 0.672148 1.80961e+10
-0.75 0.25 -0.75 -0.188298 0.385049 0.707414 2.02583e+10
-0.25 0.75 -0.75 -0.208363 0.449302 0.683996 2.6865e+10
-0.75 1.25 -0.75 -0.145068 0.431114 0.69311 2.45713e+10
0.75 -1.25 -0.75 -0.339393 0.413086 0.558515 1.00816e+10
0.25 -0.75 -0.75 -0.300157 0.4001 0.618205 1.38831e+10
0.75 -0.25 -0.75 -0.319396 0.456521 0.586993 1.73277e+10
0.25 0.25 -0.75 -0.271902 0.45236 0.643445 2.33327e+10
0.75 0.75 -0.75 -0.290631 0.507129 0.607237 2.97226e+10
0.25 1.25 -0.75 -0.236233 0.503074 0.652704 3.63291e+10
1.75 -1.25 -0.75 -0.386946 0.476604 0.462818 8.50842e+09
1.25 -0.75 -0.75 -0.357486 0.466008 0.525657 1.23076e+10
1.75 -0.25 -0.75 -0.373123 0.517408 0.48666 1.50266e+10
1.25 0.25 -0.75 -0.337338 0.510201 0.54917 2.15752e+10
1.75 0.75 -0.75 -0.349939 0.562264 0.504946 2.64378e+10
1.25 1.25 -0.75 -0.305863 0.559692 0.563543 3.71576e+10
2.25 -0.75 -0.75 -0.40063 0.5252 0.423019 1.02196e+10
2.25 0.25 -0.75 -0.383122 0.567328 0.44233 1.80979e+10
2.25 1.25 -0.75 -0.352495 0.615212 0.457435 3.15996e+10
-2.5 -1 -0.5 0.155003 -0.0415834 0.593572 3.85058e+10
-2.5 0 -0.5 0.315894 -0.0392938 0.530994 3.95875e+10
-2.5 1 -0.5 0.393476 0.0118614 0.493273 4.08081e+10
-2 -1.5 -0.5 0.0016744 0.0845429 0.65556 3.57002e+10
-1.5 -1 -0.5 0.0456939 0.197015 0.656294 4.01621e+10
-2 -0.5 -0.5 0.208431 0.112165 0.60213 4.36953e+10
-1.5 0 -0.5 0.205037 0.265429 0.612232 5.45662e+10
-2 0.5 -0.5 0.326397 0.115346 0.542364 4.78183e+10
-1.5 1 -0.5 0.293972 0.263756 0.554887 6.20187e+10
-2 1.5 -0.5 0.379897 0.151466 0.503544 5.13095e+10
-1 -1.5 -0.5 -0.0599128 0.191337 0.652696 3.39316e+10
-0.5 -1 -0.5 -0.0606979 0.26301 0.643933 3.96086e+10
-1 -0.5 -0.5 0.0478725 0.300008 0.653476 4.92783e+10
-0.5 0 -0.5 0.0272503 0.390648 0.644778 6.40062e+10
-1 0.5 -0.5 0.164104 0.405999 0.619641 7.36566e+10
-0.5 1 -0.5 0.10362 0.522613 0.621694 1.0693e+11
-1 1.5 -0.5 0.229056 0.397392 0.567496 8.78168e+10
0 -1.5 -0.5 -0.130808 0.25811 0.613129 3.01063e+10
0.5 -1 -0.5 -0.143994 0.321794 0.594768 3.60158e+10
0 -0.5 -0.5 -0.0742284 0.339587 0.629075 4.88521e+10
0.5 0 -0.5 -0.0940233 0.411108 0.607368 6.1768e+10
0 0.5 -0.5 -0.00532106 0.461853 0.628762 8.42837e+10
0.5 1 -0.5 -0.0353157 0.51959 0.605071 1.09879e+11
0 1.5 -0.5 0.0558545 0.588485 0.608324 1.50906e+11
1 -1.5 -0.5 -0.193576 0.318129 0.551261 2.57396e+10
1.5 -1 -0.5 -0.208514 0.376814 0.524492 3.08848e+10
1 -0.5 -0.5 -0.159939 0.386785 0.56995 4.4183e+10
1.5 0 -0.5 -0.175407 0.446979 0.539255 5.43585e+10
1 0.5 -0.5 -0.114072 0.472982 0.579017 7.80384e+10
1.5 1 -0.5 -0.132292 0.528126 0.544092 9.67367e+10
1 1.5 -0.5 -0.0627974 0.568493 0.573597 1.39404e+11
2 -1.5 -0.5 -0.244878 0.374216 0.475076 2.11942e+10
2.5 -1 -0.5 -0.256653 0.427438 0.442072 2.51107e+10
2 -0.5 -0.5 -0.221712 0.433672 0.492423 3.72124e+10
2.5 0 -0.5 -0.231342 0.487959 0.455676 4.43378e+10
2 0.5 -0.5 -0.188349 0.502887 0.502989 6.59549e+10
2.5 1 -0.5 -0.193227 0.556768 0.463252 7.80763e+10
2 1.5 -0.5 -0.142176 0.58177 0.504725 1.16911e+11
-2.25 -0.75 -0.25 0.0327777 0.131659 0.664023 1.33196e+10
-2.25 0.25 -0.25 0.0899386 0.193074 0.63635 1.35893e+10
-2.25 1.25 -0.25 0.112794 0.246491 0.617845 1.41686e+10
-1.75 -1.25 -0.25 -0.0510024 0.194679 0.678544 1.31727e+10
-1.25 -0.75 -0.25 -0.0259138 0.284116 0.67144 1.51745e+10
-1.75 -0.25 -0.25 0.0312775 0.24214 0.670553 1.62705e+10
-1.25 0.25 -0.25 0.033141 0.355253 0.666949 2.08645e+10
-1.75 0.75 -0.25 0.0843392 0.302749 0.640285 1.77056e+10
-1.25 1.25 -0.25 0.0891905 0.391511 0.632823 2.38018e+10
-0.75 -1.25 -0.25 -0.084055 0.255494 0.634516 1.18262e+10
-0.25 -0.75 -0.25 -0.0834289 0.330545 0.617918 1.40593e+10
-0.75 -0.25 -0.25 -0.0265933 0.370073 0.658357 1.89054e+10
-0.25 0.25 -0.25 -0.0434393 0.445573 0.637302 2.41753e+10
-0.75 0.75 -0.25 0.0109933 0.475778 0.660068 3.03355e+10
-0.25 1.25 -0.25 0.00808488 0.553843 0.638466 4.0909e+10
0.25 -1.25 -0.25 -0.129205 0.309086 0.568186 1.01329e+10
0.75 -0.75 -0.25 -0.139881 0.378876 0.5409 1.22741e+10
0.25 -0.25 -0.25 -0.0926338 0.403907 0.592919 1.74114e+10
0.75 0.25 -0.25 -0.102314 0.474959 0.562336 2.18993e+10
0.25 0.75 -0.25 -0.0509138 0.516856 0.609975 3.15273e+10
0.75 1.25 -0.25 -0.0614193 0.568938 0.571725 3.92212e+10
1.25 -1.25 -0.25 -0.176593 0.364233 0.484978 8.49747e+09
1.75 -0.75 -0.25 -0.186636 0.428245 0.449668 1.02231e+10
1.25 -0.25 -0.25 -0.14905 0.446848 0.507552 1.505e+10
1.75 0.25 -0.25 -0.157295 0.50634 0.467541 1.82259e+10
1.25 0.75 -0.25 -0.112647 0.533364 0.523394 2.69731e+10
1.75 1.25 -0.25 -0.118848 0.589647 0.479548 3.27724e+10
2.25 -1.25 -0.25 -0.216956 0.415779 0.390629 6.87908e+09
2.25 -0.25 -0.25 -0.194177 0.486672 0.408843 1.22034e+10
2.25 0.75 -0.25 -0.161546 0.563825 0.423313 2.17965e+10
-2.5 -1.5 0 -0.22883 0.22883 0.703085 4.11148e+10
-2.5 -0.5 0 0.116703 0.0466803 0.602249 5.06182e+10
-2.5 0.5 0 0.240679 0.0592681 0.550219 5.58955e+10
-2.5 1.5 0 0.29484 0.0882778 0.521001 5.95014e+10
-1.5 -1.5 0 -0.312273 0.351546 0.706004 3.90672e+10
-2 -1 0 -0.194308 0.293026 0.702642 4.328e+10
-1.5 -0.5 0 -0.185031 0.378695 0.699891 5.1292e+10
-2 0 0 0.117689 0.17137 0.610292 5.89241e+10
-1.5 0.5 0 0.101935 0.311472 0.614174 7.4395e+10
-2 1 0 0.228004 0.187764 0.557115 6.88769e+10
-1.5 1.5 0 0.198806 0.324169 0.561799 9.1297e+10
-0.5 -1.5 0 -0.372856 0.414206 0.66372 3.52822e+10
-1 -1 0 -0.311016 0.391582 0.696436 4.46002e+10
-0.5 -0.5 0 -0.316229 0.439647 0.679387 5.42011e+10
-1 0 0 -0.195673 0.448286 0.688967 6.46722e+10
-0.5 0.5 0 -0.223636 0.499863 0.671715 8.4457e+10
-1 1 0 0.0415744 0.449461 0.619479 1.00961e+11
-0.5 1.5 0 -0.048151 0.566836 0.627432 1.38691e+11
0.5 -1.5 0 -0.42504 0.471505 0.597412 3.09179e+10
0 -1 0 -0.38018 0.452946 0.643951 4.20991e+10
0.5 -0.5 0 -0.387696 0.498867 0.6168 5.22689e+10
0 0 0 -0.325867 0.490986 0.655457 6.89412e+10
0.5 0.5 0 -0.330951 0.54425 0.626172 8.91015e+10
0 1 0 -0.243816 0.553022 0.649485 1.12455e+11
0.5 1.5 0 -0.26434 0.598502 0.618343 1.47265e+11
1.5 -1.5 0 -0.466452 0.52831 0.514871 2.63134e+10
1 -1 0 -0.432327 0.512602 0.568196 3.76498e+10
1.5 -0.5 0 -0.435839 0.556612 0.533692 4.63818e+10
1 0 0 -0.391201 0.547368 0.584323 6.5717e+10
1.5 0.5 0 -0.395975 0.591714 0.545562 8.13743e+10
1 1 0 -0.340078 0.590092 0.589473 1.12718e+11
1.5 1.5 0 -0.342121 0.637969 0.548107 1.40504e+11
2.5 -1.5 0 -0.495872 0.58032 0.422415 2.15563e+10
2 -1 0 -0.469778 0.568279 0.478953 3.18875e+10
2.5 -0.5 0 -0.47048 0.607499 0.438622 3.83313e+10
2 0 0 -0.438234 0.598593 0.493926 5.65239e+10
2.5 0.5 0 -0.434562 0.641919 0.450802 6.77368e+10
2 1 0 -0.394464 0.638012 0.502702 9.92384e+10
2.5 1.5 0 -0.384413 0.682861 0.457125 1.15464e+11
-2.25 -1.25 0.25 -0.0156988 0.109088 0.635833 7.48945e+09
-2.25 -0.25 0.25 0.158101 0.114052 0.591789 1.47613e+10
-2.25 0.75 0.25 0.226066 0.170244 0.566851 1.63652e+10
-1.25 -1.25 0.25 0.0627478 0.130125 0.617702 5.41641e+09
-1.75 -0.75 0.25 0.04715 0.236276 0.633576 8.46948e+09
-1.25 -0.25 0.25 0.0945191 0.342863 0.622465 9.86554e+09
-1.75 0.25 0.25 0.172805 0.26439 0.596477 1.77965e+10
-1.25 0.75 0.25 0.133125 0.398607 0.596017 2.33083e+10
-1.75 1.25 0.25 0.236213 0.319822 0.565778 2.1242e+10
-0.25 -1.25 0.25 0.0534244 0.163187 0.590546 4.43026e+09
-0.75 -0.75 0.25 0.0885465 0.231775 0.60978 6.33402e+09
-0.25 -0.25 0.25 0.0912188 0.314781 0.592724 7.66553e+09
-0.75 0.25 0.25 0.123062 0.432139 0.601593 1.1832e+10
-0.25 0.75 0.25 0.104288 0.476747 0.581927 1.44154e+10
-0.75 1.25 0.25 0.123627 0.512152 0.576604 3.11262e+10
0.75 -1.25 0.25 0.00636971 0.202789 0.539311 3.71311e+09
0.25 -0.75 0.25 0.0525754 0.239945 0.572107 5.26878e+09
0.75 -0.25 0.25 0.0452041 0.317669 0.547861 6.45816e+09
0.25 0.25 0.25 0.0848954 0.387795 0.572006 9.48865e+09
0.75 0.75 0.25 0.0997816 0.443299 0.547406 1.15034e+10
0.25 1.25 0.25 0.122235 0.523452 0.559861 1.74288e+10
1.75 -1.25 0.25 -0.0455876 0.250503 0.468137 3.0719e+09
1.25 -0.75 0.25 -0.00238523 0.275154 0.511927 4.46204e+09
1.75 -0.25 0.25 -0.00520201 0.34122 0.480236 5.35454e+09
1.25 0.25 0.25 0.047856 0.382467 0.51951 7.83762e+09
1.75 0.75 0.25 0.0387146 0.446841 0.485315 9.51781e+09
1.25 1.25 0.25 0.0897375 0.505044 0.516892 1.42581e+10
2.25 -0.75 0.25 -0.0509411 0.314723 0.433924 3.63841e+09
2.25 0.25 0.25 -0.0117057 0.406373 0.443604 6.39163e+09
2.25 1.25 0.25 0.0398658 0.507644 0.447376 1.12574e+10
-2.5 -1 0.5 0.0306321 0.0669171 0.611697 3.56017e+10
-2.5 0 0.5 0.155312 0.097068 0.573273 5.40495e+10
-2.5 1 0.5 0.22585 0.115206 0.539796 6.46693e+10
-2 -1.5 0.5 -0.232171 0.273966 0.681246 2.23992e+10
-1.5 -1 0.5 -0.208829 0.330079 0.675821 2.44738e+10
-2 -0.5 0.5 0.0612811 0.208424 0.615944 3.81065e+10
-1.5 0 0.5 0.00589763 0.380536 0.63145 4.40411e+10
-2 0.5 0.5 0.145365 0.222016 0.576266 6.27171e+10
-1.5 1 0.5 0.104564 0.350083 0.580064 7.92946e+10
-2 1.5 0.5 0.204958 0.24276 0.542992 8.00756e+10
-1 -1.5 0.5 -0.295553 0.356554 0.674517 1.91166e+10
-0.5 -1 0.5 -0.295959 0.402579 0.662004 2.23172e+10
-1 -0.5 0.5 -0.209875 0.394078 0.666872 2.91709e+10
-0.5 0 0.5 -0.219583 0.465607 0.651285 3.70231e+10
-1 0.5 0.5 -0.0940031 0.484315 0.636988 5.29029e+10
-0.5 1 0.5 -0.127718 0.550499 0.624204 6.75408e+10
-1 1.5 0.5 0.0710856 0.474346 0.573399 1.0572e+11
0 -1.5 0.5 -0.354044 0.416613 0.636686 1.69336e+10
0.5 -1 0.5 -0.360286 0.461158 0.614472 2.04774e+10
0 -0.5 0.5 -0.301575 0.456413 0.642275 2.75181e+10
0.5 0 0.5 -0.307016 0.510963 0.617167 3.49323e+10
0 0.5 0.5 -0.230452 0.523644 0.630501 4.76043e+10
0.5 1 0.5 -0.229542 0.573281 0.601957 5.78888e+10
0 1.5 0.5 -0.122863 0.599187 0.592268 7.84487e+10
1 -1.5 0.5 -0.404486 0.472625 0.574851 1.47856e+10
1.5 -1 0.5 -0.408206 0.517447 0.544818 1.80723e+10
1 -0.5 0.5 -0.363871 0.510966 0.586463 2.54816e+10
1.5 0 0.5 -0.363863 0.558275 0.553606 3.14702e+10
1 0.5 0.5 -0.306551 0.560376 0.586713 4.3475e+10
1.5 1 0.5 -0.307577 0.610081 0.551534 5.46044e+10
1 1.5 0.5 -0.238041 0.623401 0.571668 7.45341e+10
2 -1.5 0.5 -0.443068 0.527145 0.496987 1.2537e+10
2.5 -1 0.5 -0.442899 0.568586 0.461135 1.51028e+10
2 -0.5 0.5 -0.408282 0.561963 0.510213 2.20501e+10
2.5 0 0.5 -0.404877 0.606736 0.471653 2.66559e+10
2 0.5 0.5 -0.362157 0.60568 0.51615 3.86855e+10
2.5 1 0.5 -0.352503 0.652995 0.47546 4.61202e+10
2 1.5 0.5 -0.300734 0.658721 0.512057 6.62959e+10
-2.25 -0.75 0.75 0.0964894 0.104282 0.59602 1.11345e+10
-2.25 0.25 0.75 0.277885 0.135484 0.537555 1.49064e+10
-2.25 1.25 0.75 0.326943 0.199877 0.513968 1.82576e+10
-1.75 -1.25 0.75 0.0640503 0.112418 0.594601 4.44403e+09
-1.25 -0.75 0.75 0.104118 0.187071 0.586122 4.83499e+09
-1.75 -0.25 0.75 0.133011 0.2634 0.587344 1.26507e+10
-1.25 0.25 0.75 0.162389 0.413392 0.571482 9.84957e+09
-1.75 0.75 0.75 0.305118 0.275238 0.521807 1.81248e+10
-1.25 1.25 0.75 0.277747 0.417644 0.518279 2.31255e+10
-0.75 -1.25 0.75 0.0828359 0.122157 0.59995 3.15924e+09
-0.25 -0.75 0.75 0.119342 0.178017 0.591995 3.52035e+09
-0.75 -0.25 0.75 0.148888 0.266298 0.577954 5.41322e+09
-0.25 0.25 0.75 0.174613 0.369993 0.565712 6.62256e+09
-0.75 0.75 0.75 0.179738 0.512396 0.552456 1.22313e+10
-0.25 1.25 0.75 0.201549 0.562099 0.526365 1.38643e+10
0.25 -1.25 0.75 0.0727912 0.118982 0.596686 2.4731e+09
0.75 -0.75 0.75 0.0676854 0.18872 0.579632 2.93986e+09
0.25 -0.25 0.75 0.124057 0.256362 0.57795 4.24563e+09
0.75 0.25 0.75 0.125201 0.332662 0.559134 5.19751e+09
0.25 0.75 0.75 0.168004 0.457911 0.545134 8.25655e+09
0.75 1.25 0.75 0.157542 0.481988 0.523431 9.61636e+09
1.25 -1.25 0.75 0.0124338 0.154463 0.562955 2.06282e+09
1.75 -0.75 0.75 0.00729442 0.221017 0.538504 2.45312e+09
1.25 -0.25 0.75 0.0667077 0.25965 0.55813 3.54395e+09
1.75 0.25 0.75 0.0610184 0.321555 0.533852 4.25108e+09
1.25 0.75 0.75 0.119464 0.383708 0.539032 6.25914e+09
1.75 1.25 0.75 0.124003 0.43905 0.518558 7.43103e+09
2.25 -1.25 0.75 -0.0444301 0.202193 0.505861 1.69151e+09
2.25 -0.25 0.75 0.00203288 0.285963 0.51049 2.91125e+09
2.25 0.75 0.75 0.0615403 0.386946 0.506887 5.03017e+09
-2.5 -1.5 1 -0.255924 0.255924 0.65927 1.80257e+10
-2.5 -0.5 1 0.0558424 0.129138 0.588829 3.60263e+10
-2.5 0.5 1 0.173324 0.131934 0.547883 5.3315e+10
-2.5 1.5 1 0.228079 0.161249 0.521962 6.64104e+10
-1.5 -1.5 1 -0.247868 0.314503 0.664017 1.23257e+10
-2 -1 1 -0.205524 0.319262 0.655803 1.87769e+10
-1.5 -0.5 1 -0.183829 0.371805 0.647252 2.08867e+10
-2 0 1 0.083608 0.25639 0.583452 4.08178e+10
-1.5 0.5 1 0.157293 0.354765 0.559722 4.04379e+10
-2 1 1 0.19315 0.257353 0.535896 6.09731e+10
-1.5 1.5 1 0.148134 0.386093 0.534483 7.43586e+10
-0.5 -1.5 1 -0.296763 0.369164 0.655986 9.67652e+09
-1 -1 1 -0.241407 0.36277 0.655898 1.37578e+10
-0.5 -0.5 1 -0.225951 0.415921 0.640871 1.53912e+10
-1 0 1 -0.130286 0.42716 0.621918 2.20365e+10
-0.5 0.5 1 -0.13569 0.506804 0.608452 2.74999e+10
-1 1 1 0.0643159 0.503991 0.569227 4.81491e+10
-0.5 1.5 1 -0.0400707 0.590147 0.567892 5.61053e+10
0.5 -1.5 1 -0.346498 0.420804 0.624719 8.36343e+09
0 -1 1 -0.294528 0.41397 0.641315 1.12617e+10
0.5 -0.5 1 -0.295738 0.471656 0.620687 1.40074e+10
0 0 1 -0.227537 0.485688 0.623407 1.9398e+10
0.5 0.5 1 -0.222736 0.548895 0.598825 2.43358e+10
0 1 1 -0.140645 0.58327 0.58695 3.57611e+10
0.5 1.5 1 -0.154361 0.621651 0.562568 4.3678e+10
1.5 -1.5 1 -0.39286 0.475238 0.570018 7.34252e+09
1 -1 1 -0.349489 0.469744 0.601637 1.02316e+10
1.5 -0.5 1 -0.347293 0.520737 0.573736 1.26517e+10
1 0 1 -0.291913 0.527745 0.594818 1.75219e+10
1.5 0.5 1 -0.289899 0.576517 0.565327 2.17489e+10
1 1 1 -0.225848 0.594111 0.571743 3.00056e+10
1.5 1.5 1 -0.217512 0.642425 0.543324 3.70052e+10
2.5 -1.5 1 -0.428126 0.527523 0.49897 6.22316e+09
2 -1 1 -0.392035 0.521888 0.540276 8.95977e+09
2.5 -0.5 1 -0.387501 0.568571 0.506801 1.08878e+10
2 0 1 -0.343479 0.569246 0.541949 1.55656e+10
2.5 0.5 1 -0.332729 0.618732 0.506978 1.88449e+10
2 1 1 -0.27996 0.626681 0.532862 2.66986e+10
2.5 1.5 1 -0.261695 0.67555 0.496092 3.14654e+10
-2.25 -1.25 1.25 0.0865403 0.0425666 0.578224 3.74018e+09
-2.25 -0.25 1.25 0.272673 0.0807821 0.533579 1.01158e+10
-2.25 0.75 1.25 0.367045 0.148682 0.490709 1.4532e+10
-1.25 -1.25 1.25 0.149843 0.0690807 0.606489 2.31811e+09
-1.75 -0.75 1.25 0.177308 0.19905 0.567551 4.12246e+09
-1.25 -0.25 1.25 0.215608 0.295115 0.553043 4.49128e+09
-1.75 0.25 1.25 0.277101 0.258155 0.528792 1.16175e+10
-1.25 0.75 1.25 0.256001 0.41657 0.513111 1.38009e+10
-1.75 1.25 1.25 0.378834 0.298885 0.471303 1.74487e+10
-0.25 -1.25 1.25 0.107693 0.0844452 0.627505 1.70226e+09
-0.75 -0.75 1.25 0.17837 0.184659 0.593933 2.59515e+09
-0.25 -0.25 1.25 0.169072 0.233949 0.582358 2.93266e+09
-0.75 0.25 1.25 0.226308 0.375358 0.537224 5.01303e+09
-0.25 0.75 1.25 0.231068 0.415936 0.530013 5.58864e+09
-0.75 1.25 1.25 0.267899 0.547838 0.491994 1.12368e+10
0.75 -1.25 1.25 0.0378336 0.0955704 0.639497 1.39431e+09
0.25 -0.75 1.25 0.104321 0.139706 0.620919 1.95758e+09
0.75 -0.25 1.25 0.110152 0.209306 0.611533 2.32088e+09
0.25 0.25 1.25 0.193823 0.304621 0.574763 3.42242e+09
0.75 0.75 1.25 0.186824 0.367359 0.562921 4.16657e+09
0.25 1.25 1.25 0.255525 0.480397 0.520929 6.86464e+09
1.75 -1.25 1.25 -0.036742 0.14263 0.616765 1.17249e+09
1.25 -0.75 1.25 0.031555 0.160889 0.625768 1.64775e+09
1.75 -0.25 1.25 0.0240054 0.228813 0.607317 1.97188e+09
1.25 0.25 1.25 0.103289 0.276368 0.597127 2.80952e+09
1.75 0.75 1.25 0.0963424 0.339723 0.580902 3.34515e+09
1.25 1.25 1.25 0.172827 0.417812 0.549369 4.91161e+09
2.25 -0.75 1.25 -0.0447666 0.208879 0.59452 1.38585e+09
2.25 0.25 1.25 0.0202613 0.298644 0.585496 2.33488e+09
2.25 1.25 1.25 0.103853 0.403043 0.563675 3.90786e+09
-2.5 -1 1.5 -0.16926 0.263512 0.629402 1.43546e+10
-2.5 0 1.5 0.106353 0.126191 0.554169 3.15497e+10
-2.5 1 1.5 0.193423 0.148253 0.519925 4.76409e+10
-2 -1.5 1.5 -0.229719 0.280515 0.65049 8.71885e+09
-1.5 -1 1.5 -0.199395 0.339683 0.643491 9.29669e+09
-2 -0.5 1.5 -0.122053 0.352651 0.622294 1.58364e+10
-1.5 0 1.5 -0.119678 0.412025 0.60987 1.77612e+10
-2 0.5 1.5 0.135342 0.236863 0.541339 3.52975e+10
-1.5 1 1.5 0.151011 0.396903 0.527422 4.15767e+10
-2 1.5 1.5 0.200392 0.283513 0.507984 5.58789e+10
-1 -1.5 1.5 -0.26176 0.343234 0.658134 6.2956e+09
-0.5 -1 1.5 -0.249822 0.394486 0.645063 7.00977e+09
-1 -0.5 1.5 -0.179975 0.411347 0.627817 1.0515e+10
-0.5 0 1.5 -0.183508 0.46186 0.610218 1.21971e+10
-1 0.5 1.5 -0.112361 0.480039 0.5928 2.0188e+10
-0.5 1 1.5 -0.0678937 0.544962 0.561689 2.17493e+10
-1 1.5 1.5 0.191742 0.498274 0.503013 4.25658e+10
0 -1.5 1.5 -0.301705 0.386462 0.652168 4.95211e+09
0.5 -1 1.5 -0.302675 0.433117 0.63538 5.89305e+09
0 -0.5 1.5 -0.248697 0.444151 0.628634 8.19153e+09
0.5 0 1.5 -0.23514 0.508054 0.608932 1.00248e+10
0 0.5 1.5 -0.161929 0.531744 0.589793 1.43208e+10
0.5 1 1.5 -0.161448 0.596305 0.568424 1.82491e+10
0 1.5 1.5 -0.080501 0.613719 0.545107 2.67334e+10
1 -1.5 1.5 -0.349109 0.432415 0.62649 4.34187e+09
1.5 -1 1.5 -0.346062 0.483254 0.602899 5.32163e+09
1 -0.5 1.5 -0.295274 0.490189 0.61399 7.27149e+09
1.5 0 1.5 -0.287586 0.545057 0.588337 9.07787e+09
1 0.5 1.5 -0.227778 0.566624 0.584969 1.25918e+10
1.5 1 1.5 -0.217534 0.616798 0.558923 1.55045e+10
1 1.5 1.5 -0.155071 0.646535 0.543352 2.22722e+10
2 -1.5 1.5 -0.389132 0.484484 0.578365 3.83813e+09
2.5 -1 1.5 -0.383373 0.533207 0.548937 4.68145e+09
2 -0.5 1.5 -0.339333 0.535057 0.575257 6.57314e+09
2.5 0 1.5 -0.327125 0.586418 0.544593 8.03177e+09
2 0.5 1.5 -0.27567 0.5967 0.56 1.11965e+10
2.5 1 1.5 -0.25438 0.647352 0.529107 1.34403e+10
2 1.5 1.5 -0.195516 0.664793 0.531357 1.85908e+10
