449
-2.5 -1 -1.5 -0.196186 -0.191074 0.611759 2.00915e+10
-2.5 0 -1.5 -0.17966 -0.153329 0.673789 1.98532e+10
-2.5 1 -1.5 -0.170189 -0.111475 0.719804 2.01663e+10
-2 -1.5 -1.5 -0.191074 -0.196186 0.611759 2.00915e+10
-1.5 -1 -1.5 -0.161548 -0.169915 0.682336 1.89728e+10
-2 -0.5 -1.5 -0.169915 -0.161548 0.682336 1.89728e+10
-1.5 0 -1.5 -0.144614 -0.133244 0.748784 1.7876e+10
-2 0.5 -1.5 -0.156925 -0.122118 0.73882 1.86251e+10
-1.5 1 -1.5 -0.13497 -0.0928896 0.799496 1.75077e+10
-2 1.5 -1.5 -0.150115 -0.0798778 0.77806 1.88243e+10
-1 -1.5 -1.5 -0.153329 -0.17966 0.673789 1.98532e+10
-0.5 -1 -1.5 -0.122118 -0.156925 0.73882 1.86251e+10
-1 -0.5 -1.5 -0.133244 -0.144614 0.748784 1.7876e+10
-0.5 0 -1.5 -0.106512 -0.120428 0.810749 1.68663e+10
-1 0.5 -1.5 -0.120428 -0.106512 0.810749 1.68663e+10
-0.5 1 -1.5 -0.0974793 -0.0815401 0.867063 1.59886e+10
-1 1.5 -1.5 -0.113814 -0.0658947 0.854705 1.65447e+10
0 -1.5 -1.5 -0.111475 -0.170189 0.719804 2.01663e+10
0.5 -1 -1.5 -0.0798778 -0.150115 0.77806 1.88243e+10
0 -0.5 -1.5 -0.0928896 -0.13497 0.799496 1.75077e+10
0.5 0 -1.5 -0.0658947 -0.113814 0.854705 1.65447e+10
0 0.5 -1.5 -0.0815401 -0.0974793 0.867063 1.59886e+10
0.5 1 -1.5 -0.0584372 -0.0758888 0.91583 1.52684e+10
0 1.5 -1.5 -0.0758888 -0.0584372 0.91583 1.52684e+10
1 -1.5 -1.5 -0.0686609 -0.16505 0.748584 2.08914e+10
1.5 -1 -1.5 -0.0373848 -0.147071 0.798733 1.94609e+10
1 -0.5 -1.5 -0.0508825 -0.130503 0.831173 1.76834e+10
1.5 0 -1.5 -0.0246207 -0.111398 0.87736 1.6763e+10
1 0.5 -1.5 -0.04124 -0.0935617 0.902588 1.57597e+10
1.5 1 -1.5 -0.0188862 -0.0742907 0.940952 1.51646e+10
1 1.5 -1.5 -0.0371949 -0.0556989 0.954849 1.472e+10
2 -1.5 -1.5 -0.0265423 -0.16333 0.760259 2.19658e+10
2.5 -1 -1.5 0.00410072 -0.146678 0.800934 2.04995e+10
2 -0.5 -1.5 -0.00922741 -0.129131 0.842491 1.83213e+10
2.5 0 -1.5 0.0158212 -0.111338 0.877764 1.74725e+10
2 0.5 -1.5 -0.00105871 -0.0928913 0.914462 1.60708e+10
2.5 1 -1.5 0.0200598 -0.0749661 0.940443 1.56099e+10
2 1.5 -1.5 0.00141937 -0.0559223 0.967768 1.47662e+10
-2.25 -0.75 -1.25 -0.136602 -0.122748 0.643594 4.86666e+09
-2.25 0.25 -1.25 -0.13931 -0.0894213 0.699618 4.80803e+09
-2.25 1.25 -1.25 -0.144973 -0.0499894 0.740974 4.86743e+09
-1.75 -1.25 -1.25 -0.122748 -0.136602 0.643594 4.86666e+09
-1.25 -0.75 -1.25 -0.106218 -0.1223 0.709137 4.60829e+09
-1.75 -0.25 -1.25 -0.1223 -0.106218 0.709137 4.60829e+09
-1.25 0.25 -1.25 -0.106613 -0.08858 0.77205 4.35324e+09
-1.75 0.75 -1.25 -0.125211 -0.0699527 0.761318 4.52307e+09
-1.25 1.25 -1.25 -0.110149 -0.0506744 0.81934 4.26409e+09
-0.75 -1.25 -1.25 -0.0894213 -0.13931 0.699618 4.80803e+09
-0.25 -0.75 -1.25 -0.0699527 -0.125211 0.761318 4.52307e+09
-0.75 -0.25 -1.25 -0.08858 -0.106613 0.77205 4.35324e+09
-0.25 0.25 -1.25 -0.0706878 -0.0902448 0.83119 4.11836e+09
-0.75 0.75 -1.25 -0.0902448 -0.0706878 0.83119 4.11836e+09
-0.25 1.25 -1.25 -0.0736383 -0.05298 0.884681 3.91523e+09
0.25 -1.25 -1.25 -0.0499894 -0.144973 0.740974 4.86743e+09
0.75 -0.75 -1.25 -0.0297738 -0.130961 0.796793 4.56014e+09
0.25 -0.25 -1.25 -0.0506744 -0.110149 0.81934 4.26409e+09
0.75 0.25 -1.25 -0.031968 -0.0945061 0.871887 4.04214e+09
0.25 0.75 -1.25 -0.05298 -0.0736383 0.884681 3.91523e+09
0.75 1.25 -1.25 -0.0358186 -0.0572257 0.930035 3.75165e+09
1.25 -1.25 -1.25 -0.00835172 -0.152953 0.765552 5.01874e+09
1.75 -0.75 -1.25 0.0116161 -0.138745 0.813575 4.69884e+09
1.25 -0.25 -1.25 -0.010346 -0.116086 0.847482 4.3001e+09
1.75 0.25 -1.25 0.00803695 -0.100842 0.890651 4.09382e+09
1.25 0.75 -1.25 -0.0141227 -0.0787553 0.916505 3.86449e+09
1.75 1.25 -1.25 0.00263547 -0.0632995 0.95059 3.7356e+09
2.25 -1.25 -1.25 0.0329586 -0.163293 0.7727 5.25547e+09
2.25 -0.25 -1.25 0.0304898 -0.123869 0.854644 4.44753e+09
2.25 0.75 -1.25 0.0251429 -0.0856989 0.923708 3.94508e+09
-2.5 -1.5 -1 -0.227151 -0.227151 0.568843 1.97277e+10
-2.5 -0.5 -1 -0.204189 -0.192409 0.638487 1.93282e+10
-2.5 0.5 -1 -0.189827 -0.151359 0.693218 1.94818e+10
-2.5 1.5 -1 -0.180624 -0.107547 0.731009 2.00338e+10
-1.5 -1.5 -1 -0.192409 -0.204189 0.638487 1.93282e+10
-2 -1 -1 -0.197816 -0.197816 0.642647 1.88771e+10
-1.5 -0.5 -1 -0.169157 -0.169157 0.712281 1.79273e+10
-2 0 -1 -0.178671 -0.160324 0.707425 1.83117e+10
-1.5 0.5 -1 -0.153706 -0.129649 0.772175 1.73124e+10
-2 1 -1 -0.166991 -0.118049 0.756081 1.83128e+10
-1.5 1.5 -1 -0.144436 -0.0867644 0.814229 1.72634e+10
-0.5 -1.5 -1 -0.151359 -0.189827 0.693218 1.94818e+10
-1 -1 -1 -0.160324 -0.178671 0.707425 1.83117e+10
-0.5 -0.5 -1 -0.129649 -0.153706 0.772175 1.73124e+10
-1 0 -1 -0.141429 -0.141429 0.777701 1.69838e+10
-0.5 0.5 -1 -0.114769 -0.114769 0.838157 1.61176e+10
-1 1 -1 -0.129302 -0.1006 0.832031 1.64011e+10
-0.5 1.5 -1 -0.105593 -0.0733369 0.88541 1.56194e+10
0.5 -1.5 -1 -0.107547 -0.180624 0.731009 2.00338e+10
0 -1 -1 -0.118049 -0.166991 0.756081 1.83128e+10
0.5 -0.5 -1 -0.0867644 -0.144436 0.814229 1.72634e+10
0 0 -1 -0.1006 -0.129302 0.832031 1.64011e+10
0.5 0.5 -1 -0.0733369 -0.105593 0.88541 1.56194e+10
0 1 -1 -0.0893383 -0.0893383 0.892035 1.53712e+10
0.5 1.5 -1 -0.0652696 -0.0652696 0.937148 1.47708e+10
1.5 -1.5 -1 -0.0635758 -0.174535 0.751556 2.09036e+10
1 -1 -1 -0.0739974 -0.159775 0.786502 1.8742e+10
1.5 -0.5 -1 -0.0430169 -0.138856 0.836182 1.76615e+10
1 0 -1 -0.0577033 -0.122174 0.866172 1.63733e+10
1.5 0.5 -1 -0.0309519 -0.100349 0.909785 1.56653e+10
1 1 -1 -0.047947 -0.0827444 0.930138 1.49926e+10
1.5 1.5 -1 -0.0243531 -0.0608309 0.963963 1.45376e+10
2.5 -1.5 -1 -0.0203005 -0.171364 0.75538 2.20513e+10
2 -1 -1 -0.0301973 -0.15521 0.798231 1.95323e+10
2.5 -0.5 -1 7.23089e-05 -0.135321 0.837684 1.84662e+10
2 0 -1 -0.0147294 -0.11795 0.87802 1.68113e+10
2.5 0.5 -1 0.0109318 -0.0972549 0.909788 1.62017e+10
2 1 -1 -0.00641347 -0.0790986 0.942821 1.51541e+10
2.5 1.5 -1 0.0162449 -0.0583226 0.963422 1.48462e+10
-2.25 -1.25 -0.75 -0.10382 -0.10382 0.620905 4.55099e+09
-2.25 -0.25 -0.75 -0.114313 -0.0691819 0.680996 4.48286e+09
-2.25 0.75 -0.75 -0.129736 -0.0276735 0.72689 4.53002e+09
-1.25 -1.25 -0.75 -0.0691819 -0.114313 0.680996 4.48286e+09
-1.75 -0.75 -0.75 -0.0915018 -0.0915018 0.686161 4.38489e+09
-1.25 -0.25 -0.75 -0.0780136 -0.0780136 0.749265 4.19251e+09
-1.75 0.25 -0.75 -0.102953 -0.0533844 0.743543 4.27647e+09
-1.25 0.75 -0.75 -0.0909372 -0.0379064 0.802982 4.07015e+09
-1.75 1.25 -0.75 -0.118862 -0.0110386 0.784717 4.28943e+09
-0.25 -1.25 -0.75 -0.0276735 -0.129736 0.72689 4.53002e+09
-0.75 -0.75 -0.75 -0.0533844 -0.102953 0.743543 4.27647e+09
-0.25 -0.25 -0.75 -0.0379064 -0.0909372 0.802982 4.07015e+09
-0.75 0.25 -0.75 -0.0642921 -0.0642921 0.809258 3.99775e+09
-0.25 0.75 -0.75 -0.0507561 -0.0507561 0.864649 3.81725e+09
-0.75 1.25 -0.75 -0.0786263 -0.0231075 0.857885 3.88035e+09
0.75 -1.25 -0.75 0.0159384 -0.14829 0.756113 4.66304e+09
0.25 -0.75 -0.75 -0.0110386 -0.118862 0.784717 4.28943e+09
0.75 -0.25 -0.75 0.00466451 -0.107362 0.8382 4.07168e+09
0.25 0.25 -0.75 -0.0231075 -0.0786263 0.857885 3.88035e+09
0.75 0.75 -0.75 -0.00931086 -0.0665036 0.906075 3.71854e+09
0.25 1.25 -0.75 -0.0378243 -0.0378243 0.913236 3.66265e+09
1.75 -1.25 -0.75 0.0584801 -0.168374 0.767902 4.86979e+09
1.25 -0.75 -0.75 0.0321783 -0.137224 0.807356 4.39763e+09
1.75 -0.25 -0.75 0.0472219 -0.125749 0.852569 4.17634e+09
1.25 0.25 -0.75 0.0191562 -0.0957308 0.88524 3.88798e+09
1.75 0.75 -0.75 0.0321156 -0.0845004 0.923318 3.74578e+09
1.25 1.25 -0.75 0.00316001 -0.055043 0.945013 3.59241e+09
2.25 -0.75 -0.75 0.0741538 -0.156801 0.810733 4.5927e+09
2.25 0.25 -0.75 0.0606842 -0.114454 0.889273 4.0064e+09
2.25 1.25 -0.75 0.043584 -0.0739269 0.950125 3.64935e+09
-2.5 -1 -0.5 -0.230913 -0.228163 0.59917 1.7477e+10
-2.5 0 -0.5 -0.211354 -0.189363 0.662274 1.75186e+10
-2.5 1 -0.5 -0.19853 -0.14537 0.708967 1.79183e+10
-2 -1.5 -0.5 -0.228163 -0.230913 0.59917 1.7477e+10
-1.5 -1 -0.5 -0.1961 -0.202792 0.671686 1.67893e+10
-2 -0.5 -0.5 -0.202792 -0.1961 0.671686 1.67893e+10
-1.5 0 -0.5 -0.17494 -0.164851 0.740063 1.60141e+10
-2 0.5 -0.5 -0.186157 -0.154925 0.729382 1.66411e+10
-1.5 1 -0.5 -0.161021 -0.121982 0.79206 1.57892e+10
-2 1.5 -0.5 -0.175246 -0.109985 0.769408 1.68909e+10
-1 -1.5 -0.5 -0.189363 -0.211354 0.662274 1.75186e+10
-0.5 -1 -0.5 -0.154925 -0.186157 0.729382 1.66411e+10
-1 -0.5 -0.5 -0.164851 -0.17494 0.740063 1.60141e+10
-0.5 0 -0.5 -0.134588 -0.147464 0.80395 1.5248e+10
-1 0.5 -0.5 -0.147464 -0.134588 0.80395 1.5248e+10
-0.5 1 -0.5 -0.120531 -0.105494 0.862139 1.45484e+10
-1 1.5 -0.5 -0.135969 -0.0907481 0.849188 1.50199e+10
0 -1.5 -0.5 -0.14537 -0.19853 0.708967 1.79183e+10
0.5 -1 -0.5 -0.109985 -0.175246 0.769408 1.68909e+10
0 -0.5 -0.5 -0.121982 -0.161021 0.79206 1.57892e+10
0.5 0 -0.5 -0.0907481 -0.135969 0.849188 1.50199e+10
0 0.5 -0.5 -0.105494 -0.120531 0.862139 1.45484e+10
0.5 1 -0.5 -0.0777502 -0.0943582 0.912631 1.39537e+10
0 1.5 -0.5 -0.0943582 -0.0777502 0.912631 1.39537e+10
1 -1.5 -0.5 -0.0998299 -0.189135 0.738281 1.85945e+10
1.5 -1 -0.5 -0.0641801 -0.16738 0.79063 1.74531e+10
1 -0.5 -0.5 -0.0766699 -0.151774 0.824548 1.5978e+10
1.5 0 -0.5 -0.0456317 -0.128131 0.872566 1.52168e+10
1 0.5 -0.5 -0.0613889 -0.111169 0.898826 1.43709e+10
1.5 1 -0.5 -0.0339315 -0.0868586 0.938644 1.38693e+10
1 1.5 -0.5 -0.0514323 -0.0691139 0.953085 1.3492e+10
2 -1.5 -0.5 -0.0545206 -0.182315 0.750522 1.94895e+10
2.5 -1 -0.5 -0.0188458 -0.161365 0.793331 1.8292e+10
2 -0.5 -0.5 -0.0311547 -0.144943 0.836349 1.6514e+10
2.5 0 -0.5 -0.000886303 -0.122154 0.873202 1.58e+10
2 0.5 -0.5 -0.0169209 -0.104595 0.911166 1.4633e+10
2.5 1 -0.5 0.00962688 -0.0813223 0.9382 1.42403e+10
2 1.5 -0.5 -0.00821745 -0.0631185 0.966493 1.35303e+10
-2.25 -0.75 -0.25 -0.0856195 -0.0583215 0.661931 3.90514e+09
-2.25 0.25 -0.25 -0.108072 -0.0142941 0.712837 3.94574e+09
-2.25 1.25 -0.25 -0.136151 0.0323091 0.746802 4.06239e+09
-1.75 -1.25 -0.25 -0.0583215 -0.0856195 0.661931 3.90514e+09
-1.25 -0.75 -0.25 -0.0455549 -0.0758897 0.724808 3.79361e+09
-1.75 -0.25 -0.25 -0.0758897 -0.0455549 0.724808 3.79361e+09
-1.25 0.25 -0.25 -0.0658549 -0.033273 0.784962 3.65709e+09
-1.75 0.75 -0.25 -0.0997938 -0.000497841 0.771915 3.79062e+09
-1.25 1.25 -0.25 -0.0909425 0.0122547 0.827311 3.63384e+09
-0.75 -1.25 -0.25 -0.0142941 -0.108072 0.712837 3.94574e+09
-0.25 -0.75 -0.25 -0.000497841 -0.0997938 0.771915 3.79062e+09
-0.75 -0.25 -0.25 -0.033273 -0.0658549 0.784962 3.65709e+09
-0.25 0.25 -0.25 -0.0216622 -0.0558058 0.841323 3.51633e+09
-0.75 0.75 -0.25 -0.0558058 -0.0216622 0.841323 3.51633e+09
-0.25 1.25 -0.25 -0.0461882 -0.0110175 0.892071 3.38606e+09
0.25 -1.25 -0.25 0.0323091 -0.136151 0.746802 4.06239e+09
0.75 -0.75 -0.25 0.0456203 -0.127699 0.80046 3.8729e+09
0.25 -0.25 -0.25 0.0122547 -0.0909425 0.827311 3.63384e+09
0.75 0.25 -0.25 0.0237438 -0.082044 0.877259 3.49041e+09
0.25 0.75 -0.25 -0.0110175 -0.0461882 0.892071 3.38606e+09
0.75 1.25 -0.25 -0.00182289 -0.0375822 0.934823 3.27668e+09
1.25 -1.25 -0.25 0.0772303 -0.165811 0.76308 4.24078e+09
1.75 -0.75 -0.25 0.0897904 -0.156712 0.809546 4.02797e+09
1.25 -0.25 -0.25 0.0576863 -0.118907 0.848937 3.70233e+09
1.75 0.25 -0.25 0.0679763 -0.110438 0.889921 3.56163e+09
1.25 0.75 -0.25 0.0335077 -0.0737534 0.919393 3.3708e+09
1.75 1.25 -0.25 0.041513 -0.0664211 0.951391 3.28179e+09
2.25 -1.25 -0.25 0.118781 -0.195692 0.762135 4.47553e+09
2.25 -0.25 -0.25 0.100755 -0.147632 0.848941 3.85414e+09
2.25 0.75 -0.25 0.076405 -0.102765 0.921095 3.45763e+09
-2.5 -1.5 0 -0.261084 -0.261084 0.555668 1.47626e+10
-2.5 -0.5 0 -0.235522 -0.226013 0.626808 1.47631e+10
-2.5 0.5 0 -0.218507 -0.183204 0.682444 1.5053e+10
-2.5 1.5 0 -0.206119 -0.136675 0.720678 1.55705e+10
-1.5 -1.5 0 -0.226013 -0.235522 0.626808 1.47631e+10
-2 -1 0 -0.230184 -0.230184 0.631476 1.44493e+10
-1.5 -0.5 0 -0.199241 -0.199241 0.703189 1.39542e+10
-2 0 0 -0.208027 -0.191213 0.697902 1.42276e+10
-1.5 0.5 0 -0.180318 -0.157306 0.764713 1.36312e+10
-2 1 0 -0.193063 -0.146403 0.747512 1.43506e+10
-1.5 1.5 0 -0.167288 -0.111185 0.807669 1.36692e+10
-0.5 -1.5 0 -0.183204 -0.218507 0.682444 1.5053e+10
-1 -1 0 -0.191213 -0.208027 0.697902 1.42276e+10
-0.5 -0.5 0 -0.157306 -0.180318 0.764713 1.36312e+10
-1 0 0 -0.168545 -0.168545 0.770625 1.33932e+10
-0.5 0.5 0 -0.138336 -0.138336 0.832975 1.28338e+10
-1 1 0 -0.152536 -0.124525 0.826492 1.30415e+10
-0.5 1.5 0 -0.124865 -0.093104 0.881601 1.25058e+10
0.5 -1.5 0 -0.136675 -0.206119 0.720678 1.55705e+10
0 -1 0 -0.146403 -0.193063 0.747512 1.43506e+10
0.5 -0.5 0 -0.111185 -0.167288 0.807669 1.36692e+10
0 0 0 -0.124525 -0.152536 0.826492 1.30415e+10
0.5 0.5 0 -0.093104 -0.124865 0.881601 1.25058e+10
0 1 0 -0.108854 -0.108854 0.88856 1.23228e+10
0.5 1.5 0 -0.0802959 -0.0802959 0.935106 1.18995e+10
1.5 -1.5 0 -0.0894404 -0.196297 0.741407 1.62537e+10
1 -1 0 -0.0990556 -0.182188 0.778351 1.47319e+10
1.5 -0.5 0 -0.0636116 -0.157447 0.829977 1.3992e+10
1 0 0 -0.0778164 -0.141144 0.861412 1.30585e+10
1.5 0.5 0 -0.0464083 -0.114932 0.906519 1.25583e+10
1 1 0 -0.0631591 -0.0975775 0.927776 1.20636e+10
1.5 1.5 0 -0.0347049 -0.0708895 0.96268 1.17381e+10
2.5 -1.5 0 -0.0424491 -0.188531 0.745496 1.70637e+10
2 -1 0 -0.051442 -0.173271 0.790251 1.53229e+10
2.5 -0.5 0 -0.0162326 -0.149109 0.831455 1.45742e+10
2 0 0 -0.0305374 -0.132196 0.873405 1.33915e+10
2.5 0.5 0 0.00013459 -0.106842 0.906314 1.29543e+10
2 1 0 -0.0169461 -0.0889598 0.940651 1.21918e+10
2.5 1.5 0 0.0108139 -0.0632078 0.961921 1.19695e+10
-2.25 -1.25 0.25 -0.0561003 -0.0561003 0.641334 3.18469e+09
-2.25 -0.25 0.25 -0.0819161 -0.00997827 0.698266 3.22808e+09
-2.25 0.75 0.25 -0.117253 0.0403076 0.73767 3.33091e+09
-1.25 -1.25 0.25 -0.00997827 -0.0819161 0.698266 3.22808e+09
-1.75 -0.75 0.25 -0.0460727 -0.0460727 0.704517 3.16671e+09
-1.25 -0.25 0.25 -0.0366667 -0.0366667 0.765008 3.10414e+09
-1.75 0.25 0.25 -0.0754561 0.00165968 0.758115 3.16004e+09
-1.25 0.75 0.25 -0.0684732 0.0120979 0.814715 3.0704e+09
-1.75 1.25 0.25 -0.111182 0.0514461 0.79296 3.22338e+09
-0.25 -1.25 0.25 0.0403076 -0.117253 0.73767 3.33091e+09
-0.75 -0.75 0.25 0.00165968 -0.0754561 0.758115 3.16004e+09
-0.25 -0.25 0.25 0.0120979 -0.0684732 0.814715 3.0704e+09
-0.75 0.25 0.25 -0.0277923 -0.0277923 0.822136 3.02004e+09
-0.25 0.75 0.25 -0.019613 -0.019613 0.874548 2.93065e+09
-0.75 1.25 0.25 -0.0614496 0.0213631 0.866704 2.97592e+09
0.75 -1.25 0.25 0.0889355 -0.156072 0.758587 3.48362e+09
0.25 -0.75 0.25 0.0514461 -0.111182 0.79296 3.22338e+09
0.75 -0.25 0.25 0.0613445 -0.104593 0.843831 3.11293e+09
0.25 0.25 0.25 0.0213631 -0.0614496 0.866704 2.97592e+09
0.75 0.75 0.25 0.0288022 -0.0552127 0.91193 2.88888e+09
0.25 1.25 0.25 -0.0128321 -0.0128321 0.920098 2.8479e+09
1.75 -1.25 0.25 0.133166 -0.194507 0.761812 3.67854e+09
1.25 -0.75 0.25 0.0991883 -0.149112 0.807871 3.34546e+09
1.75 -0.25 0.25 0.107696 -0.142109 0.850923 3.2221e+09
1.25 0.25 0.25 0.0693071 -0.0983258 0.88817 3.01264e+09
1.75 0.75 0.25 0.075158 -0.0929861 0.92374 2.9315e+09
1.25 1.25 0.25 0.034276 -0.0502047 0.948164 2.81783e+09
2.25 -0.75 0.25 0.142563 -0.186329 0.803294 3.52136e+09
2.25 0.25 0.25 0.114117 -0.135837 0.885508 3.12332e+09
2.25 1.25 0.25 0.0793165 -0.0887388 0.948632 2.87498e+09
-2.5 -1 0.5 -0.263521 -0.261165 0.58658 1.16913e+10
-2.5 0 0.5 -0.24112 -0.22112 0.651166 1.19227e+10
-2.5 1 0.5 -0.22513 -0.174734 0.698686 1.23247e+10
-2 -1.5 0.5 -0.261165 -0.263521 0.58658 1.16913e+10
-1.5 -1 0.5 -0.227035 -0.233439 0.661446 1.14846e+10
-2 -0.5 0.5 -0.233439 -0.227035 0.661446 1.14846e+10
-1.5 0 0.5 -0.202834 -0.192953 0.732121 1.11534e+10
-2 0.5 0.5 -0.213503 -0.183531 0.720637 1.15432e+10
-1.5 1 0.5 -0.185422 -0.146942 0.785444 1.11102e+10
-2 1.5 0.5 -0.199255 -0.135442 0.761352 1.17998e+10
-1 -1.5 0.5 -0.22112 -0.24112 0.651166 1.19227e+10
-0.5 -1 0.5 -0.183531 -0.213503 0.720637 1.15432e+10
-1 -0.5 0.5 -0.192953 -0.202834 0.732121 1.11534e+10
-0.5 0 0.5 -0.159299 -0.172101 0.798095 1.07665e+10
-1 0.5 0.5 -0.172101 -0.159299 0.798095 1.07665e+10
-0.5 1 0.5 -0.141451 -0.126392 0.858104 1.03734e+10
-1 1.5 0.5 -0.156819 -0.111717 0.844446 1.06769e+10
0 -1.5 0.5 -0.174734 -0.22513 0.698686 1.23247e+10
0.5 -1 0.5 -0.135442 -0.199255 0.761352 1.17998e+10
0 -0.5 0.5 -0.146942 -0.185422 0.785444 1.11102e+10
0.5 0 0.5 -0.111717 -0.156819 0.844446 1.06769e+10
0 0.5 0.5 -0.126392 -0.141451 0.858104 1.03734e+10
0.5 1 0.5 -0.0944015 -0.111114 0.910111 1.00224e+10
0 1.5 0.5 -0.111114 -0.0944015 0.910111 1.00224e+10
1 -1.5 0.5 -0.125899 -0.212571 0.728192 1.28439e+10
1.5 -1 0.5 -0.0858586 -0.1876 0.782759 1.2206e+10
1 -0.5 0.5 -0.0979074 -0.172409 0.818485 1.12858e+10
1.5 0 0.5 -0.0623117 -0.144828 0.868152 1.08352e+10
1 0.5 0.5 -0.0779822 -0.127961 0.895639 1.02931e+10
1.5 1 0.5 -0.0458579 -0.0992638 0.936616 9.98972e+09
1 1.5 0.5 -0.0635138 -0.0813807 0.951709 9.74385e+09
2 -1.5 0.5 -0.0768132 -0.201834 0.740523 1.34404e+10
2.5 -1 0.5 -0.0362353 -0.177223 0.78541 1.27433e+10
2 -0.5 0.5 -0.0480911 -0.161341 0.830303 1.16522e+10
2.5 0 0.5 -0.0128854 -0.134439 0.868437 1.12201e+10
2 0.5 0.5 -0.0288046 -0.117031 0.907949 1.04815e+10
2.5 1 0.5 0.00268085 -0.0891981 0.935751 1.02405e+10
2 1.5 0.5 -0.0152892 -0.0708655 0.965226 9.78207e+09
-2.25 -0.75 0.75 -0.0540936 -0.0142542 0.681957 2.48164e+09
-2.25 0.25 0.75 -0.0931536 0.0394286 0.728162 2.5748e+09
-2.25 1.25 0.75 -0.139454 0.092679 0.754534 2.7046e+09
-1.75 -1.25 0.75 -0.0142542 -0.0540936 0.681957 2.48164e+09
-1.25 -0.75 0.75 -0.00438163 -0.0478716 0.742657 2.4879e+09
-1.75 -0.25 0.75 -0.0478716 -0.00438163 0.742657 2.4879e+09
-1.25 0.25 0.75 -0.0416643 0.00408413 0.800071 2.46038e+09
-1.75 0.75 0.75 -0.0890431 0.0490976 0.784572 2.54104e+09
-1.25 1.25 0.75 -0.0841144 0.0576351 0.837139 2.48884e+09
-0.75 -1.25 0.75 0.0394286 -0.0931536 0.728162 2.5748e+09
-0.25 -0.75 0.75 0.0490976 -0.0890431 0.784572 2.54104e+09
-0.75 -0.25 0.75 0.00408413 -0.0416643 0.800071 2.46038e+09
-0.25 0.25 0.75 0.0116968 -0.0355115 0.853445 2.41501e+09
-0.75 0.75 0.75 -0.0355115 0.0116968 0.853445 2.41501e+09
-0.25 1.25 0.75 -0.030449 0.0175045 0.900895 2.36401e+09
0.25 -1.25 0.75 0.092679 -0.139454 0.754534 2.7046e+09
0.75 -0.75 0.75 0.101488 -0.134634 0.805823 2.638e+09
0.25 -0.25 0.75 0.0576351 -0.0841144 0.837139 2.48884e+09
0.75 0.25 0.75 0.0640663 -0.0794491 0.883979 2.43148e+09
0.25 0.75 0.75 0.0175045 -0.030449 0.900895 2.36401e+09
0.75 1.25 0.75 0.0212777 -0.026925 0.940397 2.31666e+09
1.25 -1.25 0.75 0.141371 -0.186484 0.762086 2.86506e+09
1.75 -0.75 0.75 0.148779 -0.1801 0.806717 2.77373e+09
1.25 -0.25 0.75 0.108333 -0.129482 0.851651 2.56739e+09
1.75 0.25 0.75 0.112874 -0.124953 0.889913 2.50374e+09
1.25 0.75 0.75 0.0681903 -0.0757848 0.923026 2.37882e+09
1.75 1.25 0.75 0.0703689 -0.0733735 0.95243 2.33745e+09
2.25 -1.25 0.75 0.183369 -0.230917 0.752738 3.05211e+09
2.25 -0.25 0.75 0.154084 -0.174019 0.844012 2.69278e+09
2.25 0.75 0.75 0.115464 -0.121529 0.91875 2.45422e+09
-2.5 -1.5 1 -0.295653 -0.295653 0.541509 8.68747e+09
-2.5 -0.5 1 -0.267595 -0.258665 0.614796 8.90945e+09
-2.5 0.5 1 -0.246455 -0.213977 0.671986 9.23922e+09
-2.5 1.5 1 -0.230849 -0.164329 0.710813 9.63886e+09
-1.5 -1.5 1 -0.258665 -0.267595 0.614796 8.90945e+09
-2 -1 1 -0.262818 -0.262818 0.619839 8.7507e+09
-1.5 -0.5 1 -0.229073 -0.229073 0.694166 8.65641e+09
-2 0 1 -0.237349 -0.221228 0.6885 8.8036e+09
-1.5 0.5 1 -0.206631 -0.183944 0.757686 8.59786e+09
-2 1 1 -0.218717 -0.17346 0.739385 8.99053e+09
-1.5 1.5 1 -0.189827 -0.134272 0.80164 8.68982e+09
-0.5 -1.5 1 -0.213977 -0.246455 0.671986 9.23922e+09
-1 -1 1 -0.221228 -0.237349 0.6885 8.8036e+09
-0.5 -0.5 1 -0.183944 -0.206631 0.757686 8.59786e+09
-1 0 1 -0.195101 -0.195101 0.763981 8.46555e+09
-0.5 0.5 1 -0.16127 -0.16127 0.828356 8.22037e+09
-1 1 1 -0.175395 -0.147434 0.821506 8.33845e+09
-0.5 1.5 1 -0.143767 -0.111804 0.878318 8.08003e+09
0.5 -1.5 1 -0.164329 -0.230849 0.710813 9.63886e+09
0 -1 1 -0.17346 -0.218717 0.739385 8.99053e+09
0.5 -0.5 1 -0.134272 -0.189827 0.80164 8.68982e+09
0 0 1 -0.147434 -0.175395 0.821506 8.33845e+09
0.5 0.5 1 -0.111804 -0.143767 0.878318 8.08003e+09
0 1 1 -0.127695 -0.127695 0.885622 7.97456e+09
0.5 1.5 1 -0.0947147 -0.0947147 0.933434 7.76229e+09
1.5 -1.5 1 -0.113329 -0.21715 0.731763 1.00775e+10
1 -1 1 -0.122524 -0.204131 0.77072 9.27091e+09
1.5 -0.5 1 -0.0824554 -0.175873 0.824267 8.91343e+09
1 0 1 -0.0965019 -0.159936 0.857159 8.39418e+09
1.5 0.5 1 -0.0603915 -0.129667 0.903569 8.14141e+09
1 1 1 -0.0773116 -0.112214 0.925768 7.85757e+09
1.5 1.5 1 -0.044106 -0.0810046 0.961532 7.68974e+09
2.5 -1.5 1 -0.0619514 -0.205048 0.73601 1.0535e+10
2 -1 1 -0.0705727 -0.190892 0.782757 9.63257e+09
2.5 -0.5 1 -0.0303784 -0.163262 0.82545 9.25664e+09
2 0 1 -0.0445133 -0.146827 0.869062 8.6099e+09
2.5 0.5 1 -0.00886454 -0.117333 0.902841 8.38378e+09
2 1 1 -0.0260698 -0.0993396 0.938561 7.95182e+09
2.5 1.5 1 0.00665763 -0.0689286 0.960323 7.83592e+09
-2.25 -1.25 1.25 -0.0256778 -0.0256778 0.662616 1.78264e+09
-2.25 -0.25 1.25 -0.0665252 0.0299352 0.717005 1.87448e+09
-2.25 0.75 1.25 -0.117046 0.087461 0.750377 1.98524e+09
-1.25 -1.25 1.25 0.0299352 -0.0665252 0.717005 1.87448e+09
-1.75 -0.75 1.25 -0.0180555 -0.0180555 0.724697 1.84398e+09
-1.25 -0.25 1.25 -0.0118547 -0.0118547 0.78276 1.86719e+09
-1.75 0.25 1.25 -0.0632205 0.038447 0.774555 1.89665e+09
-1.25 0.75 1.25 -0.0589203 0.046289 0.828511 1.89271e+09
-1.75 1.25 1.25 -0.114251 0.0959357 0.803179 1.97641e+09
-0.25 -1.25 1.25 0.087461 -0.117046 0.750377 1.98524e+09
-0.75 -0.75 1.25 0.038447 -0.0632205 0.774555 1.89665e+09
-0.25 -0.25 1.25 0.046289 -0.0589203 0.828511 1.89271e+09
-0.75 0.25 1.25 -0.00561891 -0.00561891 0.83714 1.86504e+09
-0.25 0.75 1.25 -0.000940652 -0.000940652 0.886126 1.84811e+09
-0.75 1.25 1.25 -0.0551309 0.0517985 0.877171 1.87394e+09
0.75 -1.25 1.25 0.141989 -0.171657 0.763152 2.11617e+09
0.25 -0.75 1.25 0.0959357 -0.114251 0.803179 1.97641e+09
0.75 -0.25 1.25 0.101944 -0.110724 0.851028 1.95198e+09
0.25 0.25 1.25 0.0517985 -0.0551309 0.877171 1.87394e+09
0.75 0.75 1.25 0.0548958 -0.0524811 0.918837 1.84968e+09
0.25 1.25 1.25 0.00184119 0.00184119 0.928022 1.82563e+09
1.75 -1.25 1.25 0.188687 -0.223804 0.75767 2.26379e+09
1.25 -0.75 1.25 0.148238 -0.167314 0.81003 2.08198e+09
1.75 -0.25 1.25 0.152195 -0.162784 0.850381 2.04292e+09
1.25 0.25 1.25 0.10542 -0.107561 0.892118 1.92222e+09
1.75 0.75 1.25 0.10673 -0.10545 0.924694 1.89471e+09
1.25 1.25 1.25 0.0559229 -0.0512307 0.951836 1.82674e+09
2.25 -0.75 1.25 0.193665 -0.217446 0.797253 2.21124e+09
2.25 0.25 1.25 0.154071 -0.15908 0.882383 2.00764e+09
2.25 1.25 1.25 0.106469 -0.104555 0.947318 1.87398e+09
-2.5 -1 1.5 -0.298592 -0.296185 0.573252 6.26375e+09
-2.5 0 1.5 -0.271104 -0.253945 0.640141 6.55552e+09
-2.5 1 1.5 -0.25125 -0.204732 0.688955 6.87525e+09
-2 -1.5 1.5 -0.296185 -0.298592 0.573252 6.26375e+09
-1.5 -1 1.5 -0.259554 -0.265286 0.65087 6.35624e+09
-2 -0.5 1.5 -0.265286 -0.259554 0.65087 6.35624e+09
-1.5 0 1.5 -0.231558 -0.222106 0.724193 6.33297e+09
-2 0.5 1.5 -0.241195 -0.212911 0.712081 6.5178e+09
-1.5 1 1.5 -0.210091 -0.172668 0.779128 6.39143e+09
-2 1.5 1.5 -0.222893 -0.161556 0.753839 6.7216e+09
-1 -1.5 1.5 -0.253945 -0.271104 0.640141 6.55552e+09
-0.5 -1 1.5 -0.212911 -0.241195 0.712081 6.5178e+09
-1 -0.5 1.5 -0.222106 -0.231558 0.724193 6.33297e+09
-0.5 0 1.5 -0.18486 -0.197431 0.792437 6.22224e+09
-1 0.5 1.5 -0.197431 -0.18486 0.792437 6.22224e+09
-0.5 1 1.5 -0.162783 -0.147803 0.854381 6.08016e+09
-1 1.5 1.5 -0.177761 -0.133168 0.840095 6.23343e+09
0 -1.5 1.5 -0.204732 -0.25125 0.688955 6.87525e+09
0.5 -1 1.5 -0.161556 -0.222893 0.753839 6.7216e+09
0 -0.5 1.5 -0.172668 -0.210091 0.779128 6.39143e+09
0.5 0 1.5 -0.133168 -0.177761 0.840095 6.23343e+09
0 0.5 1.5 -0.147803 -0.162783 0.854381 6.08016e+09
0.5 1 1.5 -0.111291 -0.128124 0.907861 5.94078e+09
0 1.5 1.5 -0.128124 -0.111291 0.907861 5.94078e+09
1 -1.5 1.5 -0.152366 -0.234508 0.719112 7.20009e+09
1.5 -1 1.5 -0.1077 -0.206677 0.7758 6.96894e+09
1 -0.5 1.5 -0.119525 -0.192692 0.812998 6.53342e+09
1.5 0 1.5 -0.0790588 -0.161463 0.864171 6.35141e+09
1 0.5 1.5 -0.0947435 -0.144882 0.892771 6.07947e+09
1.5 1 1.5 -0.0577615 -0.111902 0.934737 5.95067e+09
1 1.5 1.5 -0.0756846 -0.0938465 0.950457 5.82337e+09
2 -1.5 1.5 -0.0987776 -0.218958 0.731925 7.52424e+09
2.5 -1 1.5 -0.0532609 -0.191794 0.778454 7.24904e+09
2 -0.5 1.5 -0.0649489 -0.177277 0.824898 6.74629e+09
2.5 0 1.5 -0.0246982 -0.146863 0.864 6.56334e+09
2 0.5 1.5 -0.0405763 -0.129702 0.904944 6.2005e+09
2.5 1 1.5 -0.00399718 -0.0974798 0.933331 6.0962e+09
2 1.5 1.5 -0.0221929 -0.0789153 0.963954 5.86106e+09
