449
-2.5 -1 -1.5 -0.402631 0.167834 0.375994 4.40489e+09
-2.5 0 -1.5 -0.485237 0.132132 0.359397 5.16126e+09
-2.5 1 -1.5 -0.537683 0.101653 0.347233 5.9823e+09
-2 -1.5 -1.5 -0.294646 0.254572 0.435619 3.1176e+09
-1.5 -1 -1.5 -0.291128 0.310297 0.479325 2.63787e+09
-2 -0.5 -1.5 -0.393304 0.239579 0.418197 3.61684e+09
-1.5 0 -1.5 -0.385142 0.300947 0.457773 3.05667e+09
-2 0.5 -1.5 -0.471908 0.215118 0.397381 4.21481e+09
-1.5 1 -1.5 -0.459759 0.282743 0.432475 3.55001e+09
-2 1.5 -1.5 -0.524932 0.191885 0.378943 4.86164e+09
-1 -1.5 -1.5 -0.188825 0.348164 0.536748 1.99821e+09
-0.5 -1 -1.5 -0.194622 0.380967 0.580246 1.77223e+09
-1 -0.5 -1.5 -0.28954 0.355475 0.52065 2.28905e+09
-0.5 0 -1.5 -0.290188 0.388237 0.559401 2.02928e+09
-1 0.5 -1.5 -0.378431 0.348818 0.494811 2.64921e+09
-0.5 1 -1.5 -0.373127 0.382907 0.529513 2.3442e+09
-1 1.5 -1.5 -0.44812 0.334528 0.465539 3.06718e+09
0 -1.5 -1.5 -0.108245 0.381733 0.632946 1.42183e+09
0.5 -1 -1.5 -0.121359 0.395195 0.677009 1.30336e+09
0 -0.5 -1.5 -0.202852 0.402498 0.62119 1.60048e+09
0.5 0 -1.5 -0.21356 0.412842 0.659195 1.46725e+09
0 0.5 -1.5 -0.29307 0.408623 0.595489 1.83103e+09
0.5 1 -1.5 -0.298564 0.41751 0.628424 1.67821e+09
0 1.5 -1.5 -0.369805 0.404217 0.561527 2.11226e+09
1 -1.5 -1.5 -0.0438044 0.371287 0.725167 1.09909e+09
1.5 -1 -1.5 -0.0632729 0.368676 0.768866 1.03092e+09
1 -0.5 -1.5 -0.137425 0.398319 0.717702 1.21022e+09
1.5 0 -1.5 -0.156664 0.391764 0.754234 1.13683e+09
1 0.5 -1.5 -0.227061 0.412733 0.693599 1.36333e+09
1.5 1 -1.5 -0.243811 0.40343 0.72334 1.2836e+09
1 1.5 -1.5 -0.307396 0.416306 0.657127 1.56222e+09
2 -1.5 -1.5 0.00971261 0.326794 0.810282 9.10368e+08
2.5 -1 -1.5 -0.0152271 0.311089 0.851526 8.68031e+08
2 -0.5 -1.5 -0.0862715 0.357122 0.80781 9.76735e+08
2.5 0 -1.5 -0.112895 0.337602 0.840931 9.34507e+08
2 0.5 -1.5 -0.179285 0.376652 0.785545 1.08003e+09
2.5 1 -1.5 -0.20524 0.354523 0.810473 1.03814e+09
2 1.5 -1.5 -0.263932 0.386673 0.747216 1.22516e+09
-2.25 -0.75 -1.25 -0.122076 -0.663734 0.501666 2.08128e+09
-2.25 0.25 -1.25 -0.0647 -0.621217 0.552246 2.20915e+09
-2.25 1.25 -1.25 -0.0122842 -0.565141 0.590154 2.29522e+09
-1.75 -1.25 -1.25 -0.167432 -0.650941 0.504371 1.53558e+09
-1.25 -0.75 -1.25 -0.148599 -0.605188 0.563201 1.24029e+09
-1.75 -0.25 -1.25 -0.105976 -0.615573 0.555613 1.63538e+09
-1.25 0.25 -1.25 -0.0873497 -0.56504 0.602921 1.31292e+09
-1.75 0.75 -1.25 -0.0495481 -0.567746 0.594011 1.72108e+09
-1.25 1.25 -1.25 -0.0298492 -0.512624 0.631623 1.37491e+09
-0.75 -1.25 -1.25 -0.191919 -0.58804 0.57464 9.60134e+08
-0.25 -0.75 -1.25 -0.165539 -0.542437 0.631854 8.11699e+08
-0.75 -0.25 -1.25 -0.125925 -0.55674 0.615972 1.02143e+09
-0.25 0.25 -1.25 -0.097561 -0.505759 0.664611 8.57141e+08
-0.75 0.75 -1.25 -0.0631363 -0.512001 0.646365 1.07618e+09
-0.25 1.25 -1.25 -0.0324487 -0.456817 0.686974 9.02756e+08
0.25 -1.25 -1.25 -0.206355 -0.524669 0.647963 6.66245e+08
0.75 -0.75 -1.25 -0.171165 -0.477537 0.70515 5.82699e+08
0.25 -0.25 -1.25 -0.133521 -0.493802 0.684905 6.96835e+08
0.75 0.25 -1.25 -0.0954554 -0.442274 0.7341 6.08694e+08
0.25 0.75 -1.25 -0.0629393 -0.452426 0.70981 7.34261e+08
0.75 1.25 -1.25 -0.0227996 -0.397498 0.750596 6.4411e+08
1.25 -1.25 -1.25 -0.209824 -0.456455 0.723854 5.02447e+08
1.75 -0.75 -1.25 -0.166464 -0.406801 0.779805 4.52023e+08
1.25 -0.25 -1.25 -0.13014 -0.427133 0.75798 5.17284e+08
1.75 0.25 -1.25 -0.0836325 -0.373577 0.805337 4.67248e+08
1.25 0.75 -1.25 -0.0518546 -0.388257 0.778376 5.42528e+08
1.75 1.25 -1.25 -0.00349425 -0.332156 0.815939 4.94523e+08
2.25 -1.25 -1.25 -0.203958 -0.381417 0.797965 4.07417e+08
2.25 -0.25 -1.25 -0.117685 -0.353443 0.829755 4.12797e+08
2.25 0.75 -1.25 -0.0323637 -0.317186 0.845346 4.30419e+08
-2.5 -1.5 -1 -0.346487 0.323832 0.424012 1.11148e+10
-2.5 -0.5 -1 -0.45308 0.283432 0.409185 1.29766e+10
-2.5 0.5 -1 -0.534755 0.230271 0.395318 1.50699e+10
-2.5 1.5 -1 -0.587584 0.178771 0.385447 1.71555e+10
-1.5 -1.5 -1 -0.21619 0.412944 0.515299 7.00222e+09
-2 -1 -1 -0.337376 0.367338 0.463113 9.37032e+09
-1.5 -0.5 -1 -0.333104 0.401832 0.499242 8.05722e+09
-2 0 -1 -0.440923 0.333873 0.444867 1.08614e+10
-1.5 0.5 -1 -0.432505 0.373333 0.476842 9.2863e+09
-2 1 -1 -0.521207 0.289746 0.42574 1.25083e+10
-1.5 1.5 -1 -0.509151 0.337324 0.452695 1.06249e+10
-0.5 -1.5 -1 -0.126104 0.441752 0.600257 4.86279e+09
-1 -1 -1 -0.222871 0.436317 0.552523 6.158e+09
-0.5 -0.5 -1 -0.232601 0.451145 0.588051 5.49784e+09
-1 0 -1 -0.332926 0.426706 0.532659 7.05277e+09
-0.5 0.5 -1 -0.335614 0.442659 0.563809 6.27276e+09
-1 1 -1 -0.42634 0.402868 0.506008 8.08849e+09
-0.5 1.5 -1 -0.421793 0.423378 0.532859 7.16913e+09
0.5 -1.5 -1 -0.0573348 0.430634 0.685414 3.65477e+09
0 -1 -1 -0.14153 0.450344 0.639429 4.41251e+09
0.5 -0.5 -1 -0.159664 0.450793 0.676786 4.05118e+09
0 0 -1 -0.244676 0.457685 0.621785 4.97576e+09
0.5 0.5 -1 -0.258813 0.456257 0.653331 4.56297e+09
0 1 -1 -0.340493 0.450267 0.592768 5.66456e+09
0.5 1.5 -1 -0.347794 0.450197 0.618802 5.19766e+09
1.5 -1.5 -1 -0.00180938 0.388465 0.769668 2.9428e+09
1 -1 -1 -0.0792335 0.426535 0.726852 3.39588e+09
1.5 -0.5 -1 -0.104033 0.414594 0.765286 3.18656e+09
1 0 -1 -0.180299 0.443325 0.711631 3.76218e+09
1.5 0.5 -1 -0.203519 0.428495 0.742849 3.53502e+09
1 1 -1 -0.275249 0.447453 0.68173 4.24194e+09
1.5 1.5 -1 -0.294153 0.432356 0.705785 4.00067e+09
2.5 -1.5 -1 0.0464927 0.320249 0.847425 2.51956e+09
2 -1 -1 -0.0286865 0.372787 0.811551 2.78419e+09
2.5 -0.5 -1 -0.0591619 0.349964 0.848533 2.65742e+09
2 0 -1 -0.131832 0.395325 0.799476 3.02048e+09
2.5 0.5 -1 -0.162597 0.369667 0.828047 2.89376e+09
2 1 -1 -0.229379 0.407307 0.769128 3.3629e+09
2.5 1.5 -1 -0.257772 0.381078 0.789133 3.24189e+09
-2.25 -1.25 -0.75 -0.185047 -0.589422 0.487366 6.38915e+09
-2.25 -0.25 -0.75 -0.137631 -0.554063 0.541233 6.82792e+09
-2.25 0.75 -0.75 -0.0962917 -0.511309 0.580807 7.20378e+09
-1.25 -1.25 -0.75 -0.196515 -0.53465 0.548213 3.91979e+09
-1.75 -0.75 -0.75 -0.166347 -0.546931 0.542694 5.13638e+09
-1.25 -0.25 -0.75 -0.147494 -0.502737 0.590903 4.19744e+09
-1.75 0.25 -0.75 -0.121111 -0.507911 0.583843 5.44819e+09
-1.25 0.75 -0.75 -0.102156 -0.459812 0.621615 4.41543e+09
-1.75 1.25 -0.75 -0.080408 -0.460893 0.612518 5.68895e+09
-0.25 -1.25 -0.75 -0.207826 -0.483196 0.612805 2.65443e+09
-0.75 -0.75 -0.75 -0.175804 -0.493685 0.601269 3.28967e+09
-0.25 -0.25 -0.75 -0.151165 -0.450174 0.65036 2.79478e+09
-0.75 0.25 -0.75 -0.125516 -0.456718 0.634567 3.48257e+09
-0.25 0.75 -0.75 -0.0981863 -0.408392 0.675729 2.93947e+09
-0.75 1.25 -0.75 -0.0778365 -0.409189 0.657108 3.64556e+09
0.75 -1.25 -0.75 -0.211188 -0.42882 0.683946 1.94744e+09
0.25 -0.75 -0.75 -0.180172 -0.441219 0.66727 2.30022e+09
0.75 -0.25 -0.75 -0.147146 -0.396424 0.718782 2.01831e+09
0.25 0.25 -0.75 -0.121049 -0.404027 0.696828 2.40896e+09
0.75 0.75 -0.75 -0.085479 -0.355641 0.740241 2.11507e+09
0.25 1.25 -0.75 -0.0656247 -0.358542 0.714181 2.53603e+09
1.75 -1.25 -0.75 -0.205561 -0.369234 0.758835 1.53601e+09
1.25 -0.75 -0.75 -0.175589 -0.384925 0.740014 1.73489e+09
1.75 -0.25 -0.75 -0.134611 -0.33781 0.79198 1.56635e+09
1.25 0.25 -0.75 -0.10868 -0.348878 0.766745 1.79904e+09
1.75 0.75 -0.75 -0.0651526 -0.298731 0.809431 1.6338e+09
1.25 1.25 -0.75 -0.0447841 -0.305269 0.77907 1.89729e+09
2.25 -0.75 -0.75 -0.162533 -0.322236 0.814134 1.40089e+09
2.25 0.25 -0.75 -0.0886765 -0.28759 0.837976 1.43741e+09
2.25 1.25 -0.75 -0.0175078 -0.246431 0.844429 1.51581e+09
-2.5 -1 -0.5 -0.294692 -0.0340726 0.450327 2.86562e+10
-2.5 0 -0.5 -0.332588 -0.0289532 0.461499 3.23467e+10
-2.5 1 -0.5 -0.365864 -0.0295096 0.46582 3.59212e+10
-2 -1.5 -0.5 -0.232192 0.0145287 0.483821 2.09632e+10
-1.5 -1 -0.5 -0.226093 0.0667766 0.52902 1.78325e+10
-2 -0.5 -0.5 -0.283764 0.0289705 0.494056 2.37295e+10
-1.5 0 -0.5 -0.278247 0.0830617 0.531493 2.00078e+10
-2 0.5 -0.5 -0.32781 0.0363303 0.49571 2.65632e+10
-1.5 1 -0.5 -0.324878 0.0930576 0.524823 2.22291e+10
-2 1.5 -0.5 -0.365526 0.0391832 0.490865 2.92466e+10
-1 -1.5 -0.5 -0.177069 0.0861152 0.561245 1.38026e+10
-0.5 -1 -0.5 -0.175452 0.123757 0.605971 1.21641e+10
-1 -0.5 -0.5 -0.223782 0.1117 0.569481 1.53979e+10
-0.5 0 -0.5 -0.223651 0.149654 0.606301 1.34839e+10
-1 0.5 -0.5 -0.275564 0.129475 0.564438 1.7151e+10
-0.5 1 -0.5 -0.273389 0.168568 0.594456 1.49514e+10
-1 1.5 -0.5 -0.321184 0.142336 0.550915 1.89552e+10
0 -1.5 -0.5 -0.132465 0.122271 0.639969 9.89435e+09
0.5 -1 -0.5 -0.133218 0.148517 0.686289 8.96426e+09
0 -0.5 -0.5 -0.176224 0.155117 0.647419 1.08489e+10
0.5 0 -0.5 -0.178406 0.17992 0.685961 9.79854e+09
0 0.5 -0.5 -0.224306 0.180633 0.64035 1.19817e+10
0.5 1 -0.5 -0.225505 0.204153 0.671385 1.08231e+10
0 1.5 -0.5 -0.271321 0.19962 0.621658 1.32868e+10
1 -1.5 -0.5 -0.0934832 0.132766 0.721177 7.63867e+09
1.5 -1 -0.5 -0.0953165 0.14883 0.768642 7.07521e+09
1 -0.5 -0.5 -0.135783 0.168554 0.729421 8.20916e+09
1.5 0 -0.5 -0.140069 0.182041 0.768587 7.608e+09
1 0.5 -0.5 -0.181745 0.197757 0.721072 8.97489e+09
1.5 1 -0.5 -0.18618 0.208906 0.751638 8.34724e+09
1 1.5 -0.5 -0.227199 0.220618 0.698504 9.95182e+09
2 -1.5 -0.5 -0.0555256 0.122705 0.801197 6.29927e+09
2.5 -1 -0.5 -0.0590422 0.129645 0.847178 5.93919e+09
2 -0.5 -0.5 -0.0995116 0.158783 0.811531 6.62085e+09
2.5 0 -0.5 -0.106033 0.162787 0.848458 6.26707e+09
2 0.5 -0.5 -0.146051 0.189187 0.8025 7.14453e+09
2.5 1 -0.5 -0.153635 0.190634 0.829669 6.80671e+09
2 1.5 -0.5 -0.191695 0.214056 0.776271 7.8933e+09
-2.25 -0.75 -0.25 -0.199104 -0.447433 0.509696 1.06237e+10
-2.25 0.25 -0.25 -0.177021 -0.415277 0.548556 1.1348e+10
-2.25 1.25 -0.25 -0.160692 -0.380606 0.574049 1.18969e+10
-1.75 -1.25 -0.25 -0.203325 -0.435335 0.516805 7.97559e+09
-1.25 -0.75 -0.25 -0.187098 -0.399196 0.566899 6.66241e+09
-1.75 -0.25 -0.25 -0.180763 -0.406898 0.556582 8.63508e+09
-1.25 0.25 -0.25 -0.164005 -0.365045 0.596769 7.10811e+09
-1.75 0.75 -0.25 -0.161184 -0.370627 0.583945 9.12499e+09
-1.25 1.25 -0.25 -0.142993 -0.322811 0.615448 7.43785e+09
-0.75 -1.25 -0.25 -0.201619 -0.394232 0.577494 5.28118e+09
-0.25 -0.75 -0.25 -0.182773 -0.357083 0.628184 4.54683e+09
-0.75 -0.25 -0.25 -0.170113 -0.360435 0.611999 5.6198e+09
-0.25 0.25 -0.25 -0.149444 -0.319049 0.65439 4.79473e+09
-0.75 0.75 -0.25 -0.144474 -0.320649 0.633656 5.93e+09
-0.25 1.25 -0.25 -0.120965 -0.275058 0.668383 5.04338e+09
0.25 -1.25 -0.25 -0.200271 -0.352599 0.644556 3.77267e+09
0.75 -0.75 -0.25 -0.175101 -0.314385 0.698112 3.33778e+09
0.25 -0.25 -0.25 -0.160006 -0.317514 0.676272 3.95456e+09
0.75 0.25 -0.25 -0.13265 -0.275977 0.722035 3.48711e+09
0.25 0.75 -0.25 -0.124296 -0.275956 0.694688 4.15741e+09
0.75 1.25 -0.25 -0.0945509 -0.231686 0.732033 3.67755e+09
1.25 -1.25 -0.25 -0.193303 -0.308916 0.718314 2.89763e+09
1.75 -0.75 -0.25 -0.161116 -0.269046 0.773658 2.6246e+09
1.25 -0.25 -0.25 -0.145318 -0.273903 0.748954 2.98707e+09
1.75 0.25 -0.25 -0.111125 -0.231529 0.795653 2.71329e+09
1.25 0.75 -0.25 -0.10073 -0.232895 0.764302 3.12857e+09
1.75 1.25 -0.25 -0.0648222 -0.188714 0.800922 2.86467e+09
2.25 -1.25 -0.25 -0.178666 -0.260609 0.794391 2.37263e+09
2.25 -0.25 -0.25 -0.124787 -0.227003 0.824156 2.40846e+09
2.25 0.75 -0.25 -0.0731792 -0.18767 0.835876 2.50913e+09
-2.5 -1.5 0 -0.253087 -0.181719 0.441689 4.52426e+10
-2.5 -0.5 0 -0.273345 -0.160265 0.466646 5.10555e+10
-2.5 0.5 0 -0.286681 -0.142989 0.483876 5.63929e+10
-2.5 1.5 0 -0.300289 -0.129856 0.492648 6.06945e+10
-1.5 -1.5 0 -0.209684 -0.0871041 0.518572 2.86235e+10
-2 -1 0 -0.239367 -0.116818 0.493367 3.77325e+10
-1.5 -0.5 0 -0.230993 -0.0590799 0.537906 3.18856e+10
-2 0 0 -0.263567 -0.0935655 0.508919 4.20221e+10
-1.5 0.5 0 -0.258986 -0.0344545 0.543965 3.51135e+10
-2 1 0 -0.285483 -0.074502 0.514967 4.58882e+10
-1.5 1.5 0 -0.28388 -0.0117962 0.54147 3.79609e+10
-0.5 -1.5 0 -0.174684 -0.0284286 0.594469 1.97526e+10
-1 -1 0 -0.200945 -0.0377202 0.566749 2.47611e+10
-0.5 -0.5 0 -0.195366 0.00620421 0.610159 2.16493e+10
-1 0 0 -0.226257 -0.00806909 0.576737 2.72932e+10
-0.5 0.5 0 -0.222163 0.0372587 0.611979 2.36768e+10
-1 1 0 -0.255004 0.01883 0.57485 2.979e+10
-0.5 1.5 0 -0.250032 0.0651344 0.602859 2.57686e+10
0.5 -1.5 0 -0.144252 0.0053219 0.673297 1.47146e+10
0 -1 0 -0.167992 0.0098726 0.642816 1.75947e+10
0.5 -0.5 0 -0.162407 0.0434302 0.687897 1.58258e+10
0 0 0 -0.1908 0.0449608 0.650227 1.9149e+10
0.5 0.5 0 -0.186294 0.0778776 0.687279 1.71758e+10
0 1 0 -0.217563 0.0761475 0.644388 2.08818e+10
0.5 1.5 0 -0.2121 0.108436 0.673525 1.87683e+10
1.5 -1.5 0 -0.111852 0.0202464 0.754394 1.17377e+10
1 -1 0 -0.136733 0.0345981 0.723277 1.34239e+10
1.5 -0.5 0 -0.130385 0.0590398 0.769424 1.23679e+10
1 0 0 -0.157362 0.0716522 0.729627 1.4403e+10
1.5 0.5 0 -0.152778 0.0943072 0.766998 1.32908e+10
1 1 0 -0.181612 0.104733 0.720572 1.56574e+10
1.5 1.5 0 -0.176786 0.125832 0.748769 1.45336e+10
2.5 -1.5 0 -0.0777204 0.0207425 0.83174 9.95981e+09
2 -1 0 -0.103994 0.0415838 0.804341 1.09224e+10
2.5 -0.5 0 -0.0978672 0.0582895 0.848638 1.02687e+10
2 0 0 -0.12519 0.0783993 0.810549 1.15311e+10
2.5 0.5 0 -0.12116 0.09286 0.845012 1.08984e+10
2 1 0 -0.148715 0.111627 0.798486 1.24583e+10
2.5 1.5 0 -0.145185 0.124103 0.822436 1.18816e+10
-2.25 -1.25 0.25 -0.236635 -0.338296 0.47363 1.32078e+10
-2.25 -0.25 0.25 -0.236566 -0.318794 0.508805 1.45173e+10
-2.25 0.75 0.25 -0.23553 -0.294818 0.533077 1.54778e+10
-1.25 -1.25 0.25 -0.210986 -0.304556 0.538953 8.63976e+09
-1.75 -0.75 0.25 -0.217904 -0.307154 0.525055 1.10524e+10
-1.25 -0.25 0.25 -0.202922 -0.273128 0.569504 9.30411e+09
-1.75 0.25 0.25 -0.217782 -0.280674 0.550829 1.19284e+10
-1.25 0.75 0.25 -0.200788 -0.239216 0.587062 9.88215e+09
-1.75 1.25 0.25 -0.217308 -0.248226 0.566046 1.25254e+10
-0.25 -1.25 0.25 -0.198735 -0.272603 0.605371 6.04171e+09
-0.75 -0.75 0.25 -0.196836 -0.272014 0.587692 7.41726e+09
-0.25 -0.25 0.25 -0.181136 -0.236923 0.633101 6.41412e+09
-0.75 0.25 0.25 -0.187364 -0.235839 0.60984 7.88941e+09
-0.25 0.75 0.25 -0.169044 -0.196741 0.647863 6.7735e+09
-0.75 1.25 0.25 -0.182147 -0.196367 0.620207 8.30916e+09
0.75 -1.25 0.25 -0.188138 -0.241636 0.677866 4.53253e+09
0.25 -0.75 0.25 -0.181845 -0.239213 0.656183 5.32131e+09
0.75 -0.25 0.25 -0.161228 -0.203872 0.704976 4.72843e+09
0.25 0.25 0.25 -0.162116 -0.200008 0.676482 5.60707e+09
0.75 0.75 0.25 -0.139203 -0.162185 0.717518 4.97631e+09
0.25 1.25 0.25 -0.147041 -0.156896 0.683744 5.91784e+09
1.75 -1.25 0.25 -0.171781 -0.208673 0.755472 3.62285e+09
1.25 -0.75 0.25 -0.165173 -0.207252 0.731844 4.08296e+09
1.75 -0.25 0.25 -0.138618 -0.171669 0.782442 3.7191e+09
1.25 0.25 0.25 -0.136723 -0.167444 0.751001 4.25602e+09
1.75 0.75 0.25 -0.108751 -0.13051 0.79235 3.8941e+09
1.25 1.25 0.25 -0.112601 -0.124071 0.754581 4.50022e+09
2.25 -0.75 0.25 -0.143304 -0.173721 0.809918 3.33237e+09
2.25 0.25 0.25 -0.10896 -0.135354 0.827597 3.43671e+09
2.25 1.25 0.25 -0.0781584 -0.0935869 0.826479 3.63277e+09
-2.5 -1 0.5 -0.258165 -0.240454 0.448397 6.39244e+10
-2.5 0 0.5 -0.262494 -0.215086 0.474478 7.10116e+10
-2.5 1 0.5 -0.266223 -0.195061 0.491176 7.67221e+10
-2 -1.5 0.5 -0.23846 -0.200119 0.471021 4.77417e+10
-1.5 -1 0.5 -0.223915 -0.141995 0.523741 4.08439e+10
-2 -0.5 0.5 -0.243838 -0.172548 0.498876 5.33489e+10
-1.5 0 0.5 -0.236263 -0.112503 0.540824 4.49842e+10
-2 0.5 0.5 -0.256362 -0.146952 0.513609 5.84145e+10
-1.5 1 0.5 -0.252839 -0.0837934 0.546152 4.85597e+10
-2 1.5 0.5 -0.267476 -0.122498 0.519717 6.20767e+10
-1 -1.5 0.5 -0.204893 -0.123452 0.548242 3.20091e+10
-0.5 -1 0.5 -0.1949 -0.077544 0.598242 2.81832e+10
-1 -0.5 0.5 -0.214828 -0.0897336 0.569474 3.52294e+10
-0.5 0 0.5 -0.207815 -0.0420744 0.610537 3.06669e+10
-1 0.5 0.5 -0.230856 -0.0576562 0.577323 3.83177e+10
-0.5 1 0.5 -0.224879 -0.00841737 0.61048 3.31147e+10
-1 1.5 0.5 -0.248524 -0.0267176 0.5749 4.10523e+10
0 -1.5 0.5 -0.179148 -0.0737806 0.625692 2.31416e+10
0.5 -1 0.5 -0.168072 -0.0368806 0.676811 2.08732e+10
0 -0.5 0.5 -0.186394 -0.0357265 0.644218 2.5006e+10
0.5 0 0.5 -0.177831 0.00158093 0.687062 2.24135e+10
0 0.5 0.5 -0.200571 0.00057027 0.648452 2.70234e+10
0.5 1 0.5 -0.192256 0.0376669 0.683236 2.41875e+10
0 1.5 0.5 -0.217145 0.0346633 0.640765 2.91495e+10
1 -1.5 0.5 -0.150801 -0.0440348 0.706882 1.79201e+10
1.5 -1 0.5 -0.138058 -0.0145301 0.759018 1.65004e+10
1 -0.5 0.5 -0.157462 -0.00392589 0.724549 1.89854e+10
1.5 0 0.5 -0.147044 0.0246041 0.768225 1.74624e+10
1 0.5 0.5 -0.168755 0.0339056 0.726383 2.0357e+10
1.5 1 0.5 -0.159194 0.0612343 0.760881 1.87845e+10
1 1.5 0.5 -0.182736 0.0692816 0.713854 2.20499e+10
2 -1.5 0.5 -0.118686 -0.0286994 0.788027 1.47788e+10
2.5 -1 0.5 -0.105211 -0.00559807 0.838623 1.38521e+10
2 -0.5 0.5 -0.126111 0.0110151 0.806527 1.53378e+10
2.5 0 0.5 -0.115022 0.0325197 0.847803 1.44264e+10
2 0.5 0.5 -0.136868 0.0486377 0.806357 1.62827e+10
2.5 1 0.5 -0.127019 0.0683773 0.837108 1.54228e+10
2 1.5 0.5 -0.149317 0.083793 0.788844 1.76498e+10
-2.25 -0.75 0.75 -0.274727 -0.223779 0.46885 1.58044e+10
-2.25 0.25 0.75 -0.291983 -0.211845 0.490403 1.73073e+10
-2.25 1.25 0.75 -0.304931 -0.196045 0.503297 1.82935e+10
-1.75 -1.25 0.75 -0.242682 -0.218899 0.491734 1.22552e+10
-1.25 -0.75 0.75 -0.227437 -0.191222 0.541736 1.05539e+10
-1.75 -0.25 0.75 -0.254976 -0.194709 0.517505 1.33796e+10
-1.25 0.25 0.75 -0.238988 -0.161761 0.559355 1.13436e+10
-1.75 0.75 0.75 -0.271545 -0.173084 0.531093 1.43464e+10
-1.25 1.25 0.75 -0.252831 -0.131741 0.566273 1.19831e+10
-0.75 -1.25 0.75 -0.210076 -0.193503 0.563613 8.46973e+09
-0.25 -0.75 0.75 -0.198415 -0.165019 0.612536 7.4536e+09
-0.75 -0.25 0.75 -0.214286 -0.160925 0.586559 9.11751e+09
-0.25 0.25 0.75 -0.199965 -0.128047 0.628557 7.92834e+09
-0.75 0.75 0.75 -0.223059 -0.126018 0.597311 9.68346e+09
-0.25 1.25 0.75 -0.205054 -0.0892042 0.63271 8.37702e+09
0.25 -1.25 0.75 -0.191629 -0.172382 0.636494 6.24037e+09
0.75 -0.75 0.75 -0.175911 -0.142528 0.688514 5.60264e+09
0.25 -0.25 0.75 -0.184334 -0.134072 0.659332 6.59395e+09
0.75 0.25 0.75 -0.167008 -0.102159 0.704048 5.89194e+09
0.25 0.75 0.75 -0.182845 -0.0941213 0.668434 6.97573e+09
0.75 1.25 0.75 -0.162557 -0.0602249 0.705385 6.23891e+09
1.25 -1.25 0.75 -0.171811 -0.151325 0.714922 4.88289e+09
1.75 -0.75 0.75 -0.151211 -0.121573 0.768949 4.47225e+09
1.25 -0.25 0.75 -0.15713 -0.111876 0.738107 5.07357e+09
1.75 0.25 0.75 -0.135553 -0.0812193 0.783767 4.65184e+09
1.25 0.75 0.75 -0.146527 -0.0702811 0.745439 5.34024e+09
1.75 1.25 0.75 -0.123533 -0.0390159 0.781346 4.92699e+09
2.25 -1.25 0.75 -0.147487 -0.129856 0.794636 4.0503e+09
2.25 -0.25 0.75 -0.128198 -0.0916604 0.818387 4.14042e+09
2.25 0.75 0.75 -0.111815 -0.0509703 0.823165 4.33223e+09
-2.5 -1.5 1 -0.269392 -0.294618 0.41525 6.74907e+10
-2.5 -0.5 1 -0.260023 -0.269199 0.45132 7.58217e+10
-2.5 0.5 1 -0.25745 -0.244942 0.474802 8.27234e+10
-2.5 1.5 1 -0.255864 -0.224254 0.489175 8.66656e+10
-1.5 -1.5 1 -0.232269 -0.200537 0.498788 4.46991e+10
-2 -1 1 -0.247794 -0.228507 0.474928 5.77396e+10
-1.5 -0.5 1 -0.234479 -0.168658 0.525137 4.9508e+10
-2 0 1 -0.248305 -0.200972 0.499085 6.36713e+10
-1.5 0.5 1 -0.242237 -0.138007 0.538425 5.36835e+10
-2 1 1 -0.254367 -0.173837 0.511149 6.81674e+10
-1.5 1.5 1 -0.252161 -0.107291 0.541785 5.6682e+10
-0.5 -1.5 1 -0.207502 -0.135713 0.577365 3.16274e+10
-1 -1 1 -0.219034 -0.147735 0.551826 3.91326e+10
-0.5 -0.5 1 -0.209072 -0.0990465 0.599107 3.44127e+10
-1 0 1 -0.226029 -0.11346 0.568215 4.26695e+10
-0.5 0.5 1 -0.218184 -0.0626627 0.607065 3.70841e+10
-1 1 1 -0.236812 -0.079799 0.572899 4.56836e+10
-0.5 1.5 1 -0.229544 -0.0273112 0.604145 3.94897e+10
0.5 -1.5 1 -0.182418 -0.0936787 0.658503 2.38941e+10
0 -1 1 -0.19494 -0.0928292 0.629512 2.83145e+10
0.5 -0.5 1 -0.182825 -0.0533233 0.678082 2.5493e+10
0 0 1 -0.199402 -0.0543777 0.642671 3.04757e+10
0.5 0.5 1 -0.188744 -0.014266 0.683055 2.72932e+10
0 1 1 -0.209016 -0.0169903 0.642784 3.26606e+10
0.5 1.5 1 -0.19781 0.023378 0.675029 2.92692e+10
1.5 -1.5 1 -0.152504 -0.067554 0.741933 1.92048e+10
1 -1 1 -0.167657 -0.0582337 0.711848 2.1821e+10
1.5 -0.5 1 -0.153031 -0.0262342 0.76132 2.0084e+10
1 0 1 -0.170282 -0.0177576 0.723181 2.31694e+10
1.5 0.5 1 -0.157161 0.0136027 0.763785 2.13295e+10
1 1 1 -0.176774 0.0210741 0.719518 2.48117e+10
1.5 1.5 1 -0.163567 0.0517491 0.750545 2.29658e+10
2.5 -1.5 1 -0.118555 -0.052872 0.821821 1.6362e+10
2 -1 1 -0.135914 -0.0383683 0.79511 1.78602e+10
2.5 -0.5 1 -0.119965 -0.0124534 0.842609 1.67654e+10
2 0 1 -0.138492 0.00205803 0.805685 1.86886e+10
2.5 0.5 1 -0.124118 0.0266501 0.843098 1.76249e+10
2 1 1 -0.14355 0.0407906 0.798187 1.99436e+10
2.5 1.5 1 -0.129621 0.0639471 0.824467 1.89803e+10
-2.25 -1.25 1.25 -0.301588 -0.141811 0.428702 1.52933e+10
-2.25 -0.25 1.25 -0.329745 -0.129755 0.449011 1.69723e+10
-2.25 0.75 1.25 -0.358612 -0.127071 0.459267 1.84285e+10
-1.25 -1.25 1.25 -0.239717 -0.117403 0.514978 1.06181e+10
-1.75 -0.75 1.25 -0.279998 -0.117778 0.484343 1.3354e+10
-1.25 -0.25 1.25 -0.264248 -0.0928647 0.532191 1.1616e+10
-1.75 0.25 1.25 -0.30838 -0.101019 0.497193 1.45362e+10
-1.25 0.75 1.25 -0.290168 -0.0683185 0.538946 1.24282e+10
-1.75 1.25 1.25 -0.335809 -0.0861906 0.501439 1.54344e+10
-0.25 -1.25 1.25 -0.206833 -0.103659 0.592397 7.7602e+09
-0.75 -0.75 1.25 -0.229285 -0.0945018 0.564163 9.39616e+09
-0.25 -0.25 1.25 -0.218359 -0.0679536 0.610302 8.31398e+09
-0.75 0.25 1.25 -0.250327 -0.0640239 0.575371 1.01051e+10
-0.25 0.75 1.25 -0.235371 -0.03314 0.615534 8.84869e+09
-0.75 1.25 1.25 -0.272274 -0.0335166 0.576402 1.06977e+10
0.75 -1.25 1.25 -0.18048 -0.0915113 0.672525 5.97504e+09
0.25 -0.75 1.25 -0.195969 -0.0780803 0.642873 6.9683e+09
0.75 -0.25 1.25 -0.182708 -0.0514469 0.691213 6.28955e+09
0.25 0.25 1.25 -0.20524 -0.0397367 0.654189 7.39839e+09
0.75 0.75 1.25 -0.18943 -0.0115018 0.695378 6.65675e+09
0.25 1.25 1.25 -0.21811 -0.00193679 0.652876 7.84606e+09
1.75 -1.25 1.25 -0.152573 -0.0811665 0.755074 4.86354e+09
1.25 -0.75 1.25 -0.16597 -0.0659326 0.72539 5.46095e+09
1.75 -0.25 1.25 -0.149306 -0.040633 0.774838 5.03263e+09
1.25 0.25 1.25 -0.166939 -0.0250464 0.736588 5.73226e+09
1.75 0.75 1.25 -0.149145 0.000553999 0.777207 5.29519e+09
1.25 1.25 1.25 -0.171314 0.0158799 0.732341 6.08239e+09
2.25 -0.75 1.25 -0.134656 -0.0565751 0.808082 4.52305e+09
2.25 0.25 1.25 -0.130986 -0.0160189 0.818893 4.69243e+09
2.25 1.25 1.25 -0.130013 0.0250301 0.810665 4.97403e+09
-2.5 -1 1.5 -0.273519 -0.31113 0.417728 7.08538e+10
-2.5 0 1.5 -0.260483 -0.285916 0.449681 7.81666e+10
-2.5 1 1.5 -0.254765 -0.263229 0.468956 8.30574e+10
-2 -1.5 1.5 -0.260703 -0.274145 0.442984 5.48998e+10
-1.5 -1 1.5 -0.242855 -0.214582 0.501317 4.82669e+10
-2 -0.5 1.5 -0.254314 -0.244542 0.474916 6.12295e+10
-1.5 0 1.5 -0.24389 -0.182682 0.522086 5.2807e+10
-2 0.5 1.5 -0.252846 -0.217117 0.494146 6.6269e+10
-1.5 1 1.5 -0.248379 -0.151022 0.53155 5.60948e+10
-2 1.5 1.5 -0.254395 -0.189474 0.503448 6.89745e+10
-1 -1.5 1.5 -0.233761 -0.193673 0.526407 3.86282e+10
-0.5 -1 1.5 -0.219768 -0.145087 0.580627 3.45195e+10
-1 -0.5 1.5 -0.231042 -0.159367 0.551532 4.23871e+10
-0.5 0 1.5 -0.221001 -0.1078 0.596519 3.7284e+10
-1 0.5 1.5 -0.236063 -0.124331 0.563066 4.55898e+10
-0.5 1 1.5 -0.227584 -0.0705559 0.600057 3.96765e+10
-1 1.5 1.5 -0.243177 -0.0897344 0.564501 4.79002e+10
0 -1.5 1.5 -0.210395 -0.139077 0.608771 2.87156e+10
0.5 -1 1.5 -0.194953 -0.0984 0.66313 2.60939e+10
0 -0.5 1.5 -0.207156 -0.0995442 0.630236 3.08905e+10
0.5 0 1.5 -0.194119 -0.0575545 0.676291 2.78124e+10
0 0.5 1.5 -0.210274 -0.0603935 0.637878 3.30301e+10
0.5 1 1.5 -0.197808 -0.0175302 0.675712 2.96326e+10
0 1.5 1.5 -0.216711 -0.0217744 0.633667 3.50315e+10
1 -1.5 1.5 -0.183091 -0.102899 0.69371 2.25997e+10
1.5 -1 1.5 -0.16505 -0.0686609 0.748584 2.08914e+10
1 -0.5 1.5 -0.179395 -0.0607567 0.713826 2.38314e+10
1.5 0 1.5 -0.16333 -0.0265423 0.760259 2.19658e+10
1 0.5 1.5 -0.179972 -0.0195277 0.718506 2.53141e+10
1.5 1 1.5 -0.164516 0.0144308 0.755616 2.33787e+10
1 1.5 1.5 -0.183238 0.0207734 0.70904 2.70396e+10
2 -1.5 1.5 -0.150115 -0.0798778 0.77806 1.88243e+10
2.5 -1 1.5 -0.130503 -0.0508825 0.831173 1.76834e+10
2 -0.5 1.5 -0.147071 -0.0373848 0.798733 1.94609e+10
2.5 0 1.5 -0.129131 -0.00922741 0.842491 1.83213e+10
2 0.5 1.5 -0.146678 0.00410072 0.800934 2.04995e+10
2.5 1 1.5 -0.129583 0.0311606 0.833857 1.94193e+10
2 1.5 1.5 -0.147915 0.0442737 0.785784 2.19692e+10
