449
-2.5 -1 -1.5 -0.626524 -0.499989 -0.137611 2.6537e+09
-2.5 0 -1.5 -0.661248 -0.492448 -0.110901 5.68211e+09
-2.5 1 -1.5 -0.695398 -0.484338 -0.0844601 1.17746e+10
-2 -1.5 -1.5 -0.610163 -0.492594 -0.116844 1.80312e+09
-1.5 -1 -1.5 -0.626079 -0.475026 -0.0694598 2.65973e+09
-2 -0.5 -1.5 -0.646058 -0.483155 -0.0869253 3.94386e+09
-1.5 0 -1.5 -0.665743 -0.461438 -0.0367161 5.76375e+09
-2 0.5 -1.5 -0.684904 -0.470879 -0.0572428 8.40602e+09
-1.5 1 -1.5 -0.708085 -0.443404 -0.00407515 1.22127e+10
-2 1.5 -1.5 -0.722855 -0.456567 -0.0275762 1.73462e+10
-1 -1.5 -1.5 -0.604502 -0.466381 -0.0582914 1.75612e+09
-0.5 -1 -1.5 -0.617759 -0.443669 -0.0153047 2.52653e+09
-1 -0.5 -1.5 -0.642293 -0.452945 -0.0228238 3.84971e+09
-0.5 0 -1.5 -0.658331 -0.425715 0.0225961 5.45865e+09
-1 0.5 -1.5 -0.685105 -0.434225 0.0125751 8.26331e+09
-0.5 1 -1.5 -0.70325 -0.401141 0.0606434 1.1576e+10
-1 1.5 -1.5 -0.729848 -0.409651 0.0482825 1.73455e+10
0 -1.5 -1.5 -0.594131 -0.432856 -0.0136628 1.6352e+09
0.5 -1 -1.5 -0.60497 -0.404784 0.0241846 2.29082e+09
0 -0.5 -1.5 -0.63097 -0.416123 0.0263058 3.55431e+09
0.5 0 -1.5 -0.643267 -0.383282 0.0662094 4.87808e+09
0 0.5 -1.5 -0.673318 -0.39293 0.0664929 7.55824e+09
0.5 1 -1.5 -0.685829 -0.354674 0.108808 1.01706e+10
0 1.5 -1.5 -0.718715 -0.362357 0.107416 1.57575e+10
1 -1.5 -1.5 -0.581318 -0.391501 0.0169215 1.46214e+09
1.5 -1 -1.5 -0.589463 -0.358052 0.0492867 1.99077e+09
1 -0.5 -1.5 -0.615011 -0.37167 0.0602621 3.12608e+09
1.5 0 -1.5 -0.622887 -0.333428 0.0944786 4.14306e+09
1 0.5 -1.5 -0.653254 -0.345143 0.104343 6.50563e+09
1.5 1 -1.5 -0.658948 -0.302453 0.140968 8.38516e+09
1 1.5 -1.5 -0.693846 -0.311852 0.14979 1.32159e+10
2 -1.5 -1.5 -0.566936 -0.3424 0.0340692 1.25796e+09
2.5 -1 -1.5 -0.571544 -0.304023 0.0610321 1.66075e+09
2 -0.5 -1.5 -0.595575 -0.319678 0.0798039 2.62921e+09
2.5 0 -1.5 -0.597796 -0.276878 0.108693 3.35679e+09
2 0.5 -1.5 -0.626667 -0.290672 0.127087 5.30892e+09
2.5 1 -1.5 -0.623982 -0.2449 0.158655 6.54185e+09
2 1.5 -1.5 -0.657916 -0.256923 0.176635 1.03787e+10
-2.25 -0.75 -1.25 -0.655283 0.05514 -0.169883 7.70819e+08
-2.25 0.25 -1.25 -0.682906 0.0486954 -0.131544 1.58794e+09
-2.25 1.25 -1.25 -0.712831 0.0398204 -0.0922729 3.15527e+09
-1.75 -1.25 -1.25 -0.660056 0.0880256 -0.154994 5.57045e+08
-1.25 -0.75 -1.25 -0.688012 0.119113 -0.102284 8.47462e+08
-1.75 -0.25 -1.25 -0.686106 0.0865493 -0.112951 1.17732e+09
-1.25 0.25 -1.25 -0.716168 0.119332 -0.056813 1.78381e+09
-1.75 0.75 -1.25 -0.716315 0.0824127 -0.0704488 2.42158e+09
-1.25 1.25 -1.25 -0.747069 0.118422 -0.00999892 3.66195e+09
-0.75 -1.25 -1.25 -0.690483 0.146636 -0.0989049 5.9645e+08
-0.25 -0.75 -1.25 -0.715591 0.177019 -0.052504 8.9469e+08
-0.75 -0.25 -1.25 -0.715422 0.150735 -0.0511099 1.27665e+09
-0.25 0.25 -1.25 -0.740796 0.183204 -0.00209991 1.90236e+09
-0.75 0.75 -1.25 -0.743871 0.153645 -0.00217091 2.67747e+09
-0.25 1.25 -1.25 -0.767111 0.189684 0.0503861 3.96642e+09
0.25 -1.25 -1.25 -0.717244 0.198722 -0.059974 6.16491e+08
0.75 -0.75 -1.25 -0.738698 0.227673 -0.0210597 9.08441e+08
0.25 -0.25 -1.25 -0.738981 0.207648 -0.00876216 1.32478e+09
0.75 0.25 -1.25 -0.758894 0.23909 0.0319949 1.93049e+09
0.25 0.75 -1.25 -0.762229 0.216888 0.0442987 2.79438e+09
0.75 1.25 -1.25 -0.777578 0.252216 0.0880773 4.01944e+09
1.25 -1.25 -1.25 -0.739916 0.243927 -0.0379867 6.14618e+08
1.75 -0.75 -1.25 -0.756658 0.271663 -0.00684316 8.84535e+08
1.25 -0.25 -1.25 -0.757108 0.257106 0.014622 1.31458e+09
1.75 0.25 -1.25 -0.770668 0.287828 0.0473149 1.85801e+09
1.25 0.75 -1.25 -0.77338 0.271969 0.0699028 2.75167e+09
1.75 1.25 -1.25 -0.78049 0.306868 0.105749 3.80073e+09
2.25 -1.25 -1.25 -0.757394 0.283288 -0.031594 5.88553e+08
2.25 -0.25 -1.25 -0.769097 0.300545 0.0212426 1.24103e+09
2.25 0.75 -1.25 -0.777597 0.320566 0.0778912 2.54353e+09
-2.5 -1.5 -1 -0.565867 -0.579345 -0.199353 3.2256e+09
-2.5 -0.5 -1 -0.60271 -0.571674 -0.173324 7.07069e+09
-2.5 0.5 -1 -0.64088 -0.56221 -0.148816 1.50583e+10
-2.5 1.5 -1 -0.676303 -0.55283 -0.125265 3.09916e+10
-1.5 -1.5 -1 -0.55587 -0.567364 -0.129206 3.22444e+09
-2 -1 -1 -0.581201 -0.570073 -0.147764 4.8382e+09
-1.5 -0.5 -1 -0.596952 -0.556526 -0.0965499 7.13413e+09
-2 0 -1 -0.62254 -0.55894 -0.119104 1.05363e+10
-1.5 0.5 -1 -0.642658 -0.541052 -0.0652429 1.54531e+10
-2 1 -1 -0.665473 -0.544635 -0.0916727 2.2411e+10
-1.5 1.5 -1 -0.689971 -0.520959 -0.0346917 3.27754e+10
-0.5 -1.5 -1 -0.53884 -0.546589 -0.0727558 3.07229e+09
-1 -1 -1 -0.568157 -0.552733 -0.0811941 4.72291e+09
-0.5 -0.5 -1 -0.58089 -0.533491 -0.0343162 6.77876e+09
-1 0 -1 -0.613081 -0.538111 -0.0461482 1.03334e+10
-0.5 0.5 -1 -0.62932 -0.514306 0.00306669 1.46698e+10
-1 1 -1 -0.662792 -0.517463 -0.0121168 2.22435e+10
-0.5 1.5 -1 -0.68225 -0.487881 0.0400177 3.12862e+10
0.5 -1.5 -1 -0.518297 -0.51637 -0.0308866 2.80637e+09
0 -1 -1 -0.548811 -0.526297 -0.0294304 4.38794e+09
0.5 -0.5 -1 -0.558963 -0.501082 0.0121726 6.11946e+09
0 0 -1 -0.593791 -0.509103 0.0110455 9.52094e+09
0.5 0.5 -1 -0.606174 -0.479278 0.0546717 1.30467e+10
0 1 -1 -0.644987 -0.484834 0.0508617 2.03356e+10
0.5 1.5 -1 -0.65883 -0.44996 0.0972366 2.73778e+10
1.5 -1.5 -1 -0.496243 -0.476773 -0.00354586 2.46551e+09
1 -1 -1 -0.526273 -0.490259 0.00703966 3.90211e+09
1.5 -0.5 -1 -0.533704 -0.459103 0.0429206 5.27723e+09
1 0 -1 -0.568606 -0.470623 0.0518311 8.31645e+09
1.5 0.5 -1 -0.576492 -0.435088 0.0895918 1.09728e+10
1 1 -1 -0.616784 -0.444235 0.0965925 1.73623e+10
1.5 1.5 -1 -0.623734 -0.405 0.137144 2.23025e+10
2.5 -1.5 -1 -0.473287 -0.428525 0.0100593 2.08551e+09
2 -1 -1 -0.501948 -0.44505 0.0287045 3.33075e+09
2.5 -0.5 -1 -0.505837 -0.408589 0.0589425 4.35778e+09
2 0 -1 -0.539365 -0.423024 0.0767995 6.92327e+09
2.5 0.5 -1 -0.541425 -0.382857 0.109061 8.7739e+09
2 1 -1 -0.580744 -0.395401 0.125824 1.3983e+10
2.5 1.5 -1 -0.579021 -0.353392 0.161183 1.71078e+10
-2.25 -1.25 -0.75 -0.617478 -0.137031 -0.256987 1.17147e+09
-2.25 -0.25 -0.75 -0.653183 -0.145357 -0.219711 2.49864e+09
-2.25 0.75 -0.75 -0.691997 -0.155661 -0.184119 5.17972e+09
-1.25 -1.25 -0.75 -0.642806 -0.0728866 -0.19137 1.26138e+09
-1.75 -0.75 -0.75 -0.648322 -0.108279 -0.201254 1.79661e+09
-1.25 -0.25 -0.75 -0.679762 -0.0767986 -0.146531 2.7299e+09
-1.75 0.25 -0.75 -0.687322 -0.115416 -0.160872 3.81782e+09
-1.25 0.75 -0.75 -0.721065 -0.081759 -0.102575 5.79071e+09
-1.75 1.25 -0.75 -0.72912 -0.123374 -0.120893 7.9203e+09
-0.25 -1.25 -0.75 -0.665929 -0.00713903 -0.142772 1.3142e+09
-0.75 -0.75 -0.75 -0.672158 -0.0405051 -0.140757 1.91047e+09
-0.25 -0.25 -0.75 -0.701341 -0.00599202 -0.092452 2.86143e+09
-0.75 0.25 -0.75 -0.710952 -0.0423739 -0.0933094 4.11121e+09
-0.25 0.75 -0.75 -0.74046 -0.00492552 -0.0420725 6.12708e+09
-0.75 1.25 -0.75 -0.752865 -0.0443024 -0.0453898 8.70343e+09
0.75 -1.25 -0.75 -0.687392 0.0560782 -0.11191 1.32701e+09
0.25 -0.75 -0.75 -0.69338 0.0268537 -0.0990081 1.96182e+09
0.75 -0.25 -0.75 -0.719413 0.0624627 -0.058485 2.88517e+09
0.25 0.25 -0.75 -0.729018 0.0307973 -0.0468326 4.23315e+09
0.75 0.75 -0.75 -0.753368 0.06992 -0.00401133 6.16088e+09
0.25 1.25 -0.75 -0.766325 0.0354983 0.00690869 8.99767e+09
1.75 -1.25 -0.75 -0.705977 0.114218 -0.0980116 1.29474e+09
1.25 -0.75 -0.75 -0.711778 0.0901394 -0.0758752 1.94384e+09
1.75 -0.25 -0.75 -0.733219 0.12564 -0.0433629 2.788e+09
1.25 0.25 -0.75 -0.742342 0.0998915 -0.0211679 4.16564e+09
1.75 0.75 -0.75 -0.760219 0.139274 0.0135025 5.86433e+09
1.25 1.25 -0.75 -0.772285 0.111324 0.0364203 8.75526e+09
2.25 -0.75 -0.75 -0.725772 0.147652 -0.0696213 1.84825e+09
2.25 0.25 -0.75 -0.749929 0.162883 -0.0136907 3.89207e+09
2.25 1.25 -0.75 -0.771073 0.180625 0.0467308 7.97001e+09
-2.5 -1 -0.5 -0.565443 -0.282873 -0.173291 4.83852e+09
-2.5 0 -0.5 -0.6029 -0.296036 -0.145486 1.03538e+10
-2.5 1 -0.5 -0.641741 -0.311932 -0.119725 2.15607e+10
-2 -1.5 -0.5 -0.554988 -0.250039 -0.153827 3.41153e+09
-1.5 -1 -0.5 -0.58017 -0.224763 -0.105398 5.25094e+09
-2 -0.5 -0.5 -0.592514 -0.25977 -0.121516 7.47604e+09
-1.5 0 -0.5 -0.620727 -0.233913 -0.0706526 1.14271e+10
-2 0.5 -0.5 -0.633761 -0.272192 -0.0910718 1.59773e+10
-1.5 1 -0.5 -0.665257 -0.244575 -0.037365 2.44183e+10
-2 1.5 -0.5 -0.676612 -0.286168 -0.0621987 3.33751e+10
-1 -1.5 -0.5 -0.568155 -0.191388 -0.0966451 3.60586e+09
-0.5 -1 -0.5 -0.592988 -0.162758 -0.0533781 5.45652e+09
-1 -0.5 -0.5 -0.606409 -0.197278 -0.0582921 7.97166e+09
-0.5 0 -0.5 -0.633253 -0.166967 -0.0128876 1.19379e+10
-1 0.5 -0.5 -0.649583 -0.204735 -0.0210571 1.72674e+10
-0.5 1 -0.5 -0.678008 -0.171775 0.02708 2.57304e+10
-1 1.5 -0.5 -0.696242 -0.212706 0.0154267 3.68505e+10
0 -1.5 -0.5 -0.581391 -0.130595 -0.0550267 3.67189e+09
0.5 -1 -0.5 -0.605491 -0.0995491 -0.0177797 5.44987e+09
0 -0.5 -0.5 -0.618293 -0.13182 -0.0121097 8.12111e+09
0.5 0 -0.5 -0.643146 -0.0980431 0.0269703 1.18744e+10
0 0.5 -0.5 -0.659695 -0.13335 0.0306341 1.76006e+10
0.5 1 -0.5 -0.684121 -0.0961887 0.0723998 2.54342e+10
0 1.5 -0.5 -0.704288 -0.134816 0.0738549 3.76197e+10
1 -1.5 -0.5 -0.594944 -0.0699591 -0.0288788 3.60709e+09
1.5 -1 -0.5 -0.617246 -0.037283 0.00202178 5.2309e+09
1 -0.5 -0.5 -0.628997 -0.0660942 0.0170935 7.92336e+09
1.5 0 -0.5 -0.650534 -0.0298881 0.0497318 1.12524e+10
1 0.5 -0.5 -0.66604 -0.0611443 0.0640053 1.69933e+10
1.5 1 -0.5 -0.684958 -0.0212227 0.0995621 2.36467e+10
1 1.5 -0.5 -0.704383 -0.0556717 0.112943 3.57609e+10
2 -1.5 -0.5 -0.607657 -0.0110299 -0.017281 3.4123e+09
2.5 -1 -0.5 -0.626651 0.0226426 0.0075234 4.80898e+09
2 -0.5 -0.5 -0.637502 -0.00215324 0.030597 7.38931e+09
2.5 0 -0.5 -0.654024 0.0354877 0.0574198 1.01229e+10
2 0.5 -0.5 -0.668235 0.00905412 0.0807164 1.55222e+10
2.5 1 -0.5 -0.67996 0.050262 0.111063 2.06327e+10
2 1.5 -0.5 -0.697586 0.021121 0.134631 3.17055e+10
-2.25 -0.75 -0.25 -0.612348 -0.416449 -0.231109 1.83831e+09
-2.25 0.25 -0.25 -0.648831 -0.421498 -0.19832 3.8999e+09
-2.25 1.25 -0.25 -0.685505 -0.426719 -0.167312 8.04978e+09
-1.75 -1.25 -0.25 -0.599422 -0.390647 -0.214116 1.28528e+09
-1.25 -0.75 -0.25 -0.620838 -0.364719 -0.162381 1.93564e+09
-1.75 -0.25 -0.25 -0.636292 -0.394032 -0.175801 2.7818e+09
-1.25 0.25 -0.25 -0.661162 -0.366225 -0.121264 4.16783e+09
-1.75 0.75 -0.25 -0.676692 -0.397076 -0.13957 5.89541e+09
-1.25 1.25 -0.25 -0.704767 -0.36626 -0.0811604 8.824e+09
-0.75 -1.25 -0.25 -0.605485 -0.334101 -0.157674 1.32247e+09
-0.25 -0.75 -0.25 -0.626449 -0.30066 -0.111871 1.96088e+09
-0.75 -0.25 -0.25 -0.64347 -0.33381 -0.112255 2.8809e+09
-0.25 0.25 -0.25 -0.666913 -0.297341 -0.0642416 4.23532e+09
-0.75 0.75 -0.25 -0.68657 -0.332352 -0.0680237 6.17665e+09
-0.25 1.25 -0.25 -0.71161 -0.29197 -0.0165763 9.0287e+09
0.25 -1.25 -0.25 -0.611504 -0.267808 -0.119157 1.3177e+09
0.75 -0.75 -0.25 -0.632176 -0.22841 -0.0806895 1.9197e+09
0.25 -0.25 -0.25 -0.648394 -0.262318 -0.0688494 2.86611e+09
0.75 0.25 -0.25 -0.670353 -0.218846 -0.0289161 4.12101e+09
0.25 0.75 -0.25 -0.690242 -0.255001 -0.0187517 6.13481e+09
0.75 1.25 -0.25 -0.711892 -0.206986 0.024121 8.70965e+09
1.25 -1.25 -0.25 -0.618592 -0.196268 -0.0986249 1.27281e+09
1.75 -0.75 -0.25 -0.637977 -0.152992 -0.0680048 1.81391e+09
1.25 -0.25 -0.25 -0.652875 -0.184655 -0.0457383 2.745e+09
1.75 0.25 -0.25 -0.672012 -0.136747 -0.0140975 3.83627e+09
1.25 0.75 -0.25 -0.690741 -0.170479 0.00799164 5.80081e+09
1.75 1.25 -0.25 -0.707392 -0.118045 0.0425405 7.93055e+09
2.25 -1.25 -0.25 -0.625536 -0.123868 -0.0947215 1.18796e+09
2.25 -0.25 -0.25 -0.65575 -0.10622 -0.0409001 2.5209e+09
2.25 0.75 -0.25 -0.687476 -0.0853887 0.0150446 5.20255e+09
-2.5 -1.5 0 -0.59909 0.154478 -0.207876 2.07881e+09
-2.5 -0.5 0 -0.635103 0.127963 -0.171345 4.43675e+09
-2.5 0.5 0 -0.674446 0.0908534 -0.137286 9.18181e+09
-2.5 1.5 0 -0.716397 0.0439782 -0.105104 1.85283e+10
-1.5 -1.5 0 -0.644762 0.202415 -0.153156 2.47955e+09
-2 -1 0 -0.640321 0.168577 -0.158956 3.36903e+09
-1.5 -0.5 0 -0.681062 0.178514 -0.111321 5.41016e+09
-2 0 0 -0.678615 0.138134 -0.120665 7.17022e+09
-1.5 0.5 0 -0.721016 0.145081 -0.0709679 1.15315e+10
-2 1 0 -0.720427 0.0976912 -0.0841461 1.49273e+10
-1.5 1.5 0 -0.763492 0.102493 -0.0314322 2.41665e+10
-0.5 -1.5 0 -0.68517 0.238963 -0.111584 2.83484e+09
-1 -1 0 -0.683063 0.211918 -0.10857 3.96672e+09
-0.5 -0.5 0 -0.71951 0.21845 -0.065817 6.26978e+09
-1 0 0 -0.720318 0.185318 -0.0651285 8.6175e+09
-0.5 0.5 0 -0.756522 0.190472 -0.0203562 1.35952e+10
-1 1 0 -0.760423 0.150159 -0.0222247 1.84201e+10
-0.5 1.5 0 -0.794575 0.155441 0.0258289 2.90761e+10
0.5 -1.5 0 -0.719133 0.266505 -0.0832563 3.10378e+09
0 -1 0 -0.719075 0.245178 -0.0721409 4.45843e+09
0.5 -0.5 0 -0.749798 0.250297 -0.0348864 6.89666e+09
0 0 0 -0.752847 0.223593 -0.0248961 9.7842e+09
0.5 0.5 0 -0.781479 0.229359 0.0144455 1.50168e+10
0 1 0 -0.787759 0.196025 0.0232569 2.11467e+10
0.5 1.5 0 -0.812118 0.204335 0.0662769 3.21638e+10
1.5 -1.5 0 -0.745723 0.288512 -0.0678549 3.24468e+09
1 -1 0 -0.747441 0.271603 -0.0494572 4.77261e+09
1.5 -0.5 0 -0.771475 0.277786 -0.0179225 7.17255e+09
1 0 0 -0.77605 0.256272 0.000418926 1.04626e+10
1.5 0.5 0 -0.796435 0.265188 0.034348 1.54678e+10
1 1 0 -0.803764 0.237979 0.052777 2.2501e+10
1.5 1.5 0 -0.818219 0.25148 0.0910046 3.25616e+10
2.5 -1.5 0 -0.764478 0.308332 -0.0646389 3.22409e+09
2 -1 0 -0.76765 0.294869 -0.03982 4.84461e+09
2.5 -0.5 0 -0.784518 0.304294 -0.0137283 7.01409e+09
2 0 0 -0.790071 0.28698 0.0119237 1.04816e+10
2.5 0.5 0 -0.802083 0.300874 0.0410296 1.47728e+10
2 1 0 -0.80964 0.278911 0.0678284 2.20727e+10
2.5 1.5 0 -0.814577 0.298604 0.102047 3.00574e+10
-2.25 -1.25 0.25 -0.584729 -0.565537 -0.180418 5.92228e+08
-2.25 -0.25 0.25 -0.608473 -0.572019 -0.151381 1.26315e+09
-2.25 0.75 0.25 -0.633642 -0.578856 -0.125339 2.6295e+09
-1.25 -1.25 0.25 -0.582463 -0.527279 -0.115421 6.18958e+08
-1.75 -0.75 0.25 -0.596416 -0.550819 -0.128819 8.9414e+08
-1.25 -0.25 0.25 -0.609263 -0.531193 -0.0777991 1.33437e+09
-1.75 0.25 0.25 -0.624262 -0.555859 -0.0965535 1.9014e+09
-1.25 0.75 0.25 -0.640834 -0.533937 -0.0420984 2.82936e+09
-1.75 1.25 0.25 -0.653447 -0.56042 -0.0669017 3.95725e+09
-0.25 -1.25 0.25 -0.577833 -0.475911 -0.0678234 6.2255e+08
-0.75 -0.75 0.25 -0.592912 -0.504375 -0.0685534 9.18115e+08
-0.25 -0.25 0.25 -0.605002 -0.475799 -0.0233801 1.34267e+09
-0.75 0.25 0.25 -0.623308 -0.505789 -0.02788 1.96626e+09
-0.25 0.75 0.25 -0.638348 -0.4737 0.020425 2.85325e+09
-0.75 1.25 0.25 -0.658066 -0.505236 0.0114789 4.14933e+09
0.75 -1.25 0.25 -0.574276 -0.413512 -0.038398 6.04829e+08
0.25 -0.75 0.25 -0.588275 -0.444754 -0.027346 9.05825e+08
0.75 -0.25 0.25 -0.600296 -0.407492 0.010506 1.29457e+09
0.25 0.25 0.25 -0.618399 -0.440768 0.0195917 1.93159e+09
0.75 0.75 0.25 -0.632241 -0.398759 0.0600429 2.72172e+09
0.25 1.25 0.25 -0.653652 -0.434261 0.0667144 4.05785e+09
1.75 -1.25 0.25 -0.572518 -0.343329 -0.0264504 5.67355e+08
1.25 -0.75 0.25 -0.584903 -0.374847 -0.00529762 8.6059e+08
1.75 -0.25 0.25 -0.596165 -0.330201 0.0247346 1.19635e+09
1.25 0.25 0.25 -0.612872 -0.363729 0.0454932 1.81032e+09
1.75 0.75 0.25 -0.624258 -0.313636 0.0778171 2.46164e+09
1.25 1.25 0.25 -0.644898 -0.349869 0.0980337 3.73061e+09
2.25 -0.75 0.25 -0.582216 -0.298633 -0.000828181 7.85543e+08
2.25 0.25 0.25 -0.606208 -0.27979 0.0520112 1.61593e+09
2.25 1.25 0.25 -0.631961 -0.258229 0.10827 3.22747e+09
-2.5 -1 0.5 -0.636463 -0.000971636 -0.165779 1.6915e+09
-2.5 0 0.5 -0.666012 -0.0354277 -0.134672 3.51718e+09
-2.5 1 0.5 -0.696675 -0.0798927 -0.106678 7.10982e+09
-2 -1.5 0.5 -0.643793 0.0430471 -0.153405 1.27191e+09
-1.5 -1 0.5 -0.678833 0.0597973 -0.108001 2.03977e+09
-2 -0.5 0.5 -0.673659 0.0157343 -0.117741 2.72287e+09
-1.5 0 0.5 -0.710787 0.02956 -0.070381 4.356e+09
-2 0.5 0.5 -0.705968 -0.0218407 -0.0844668 5.67552e+09
-1.5 1 0.5 -0.744845 -0.0100547 -0.0345665 9.11765e+09
-2 1.5 0.5 -0.739117 -0.0686675 -0.0537358 1.15557e+10
-1 -1.5 0.5 -0.682944 0.0968251 -0.10455 1.48535e+09
-0.5 -1 0.5 -0.715119 0.110336 -0.0631817 2.34751e+09
-1 -0.5 0.5 -0.713396 0.0735652 -0.0636186 3.23974e+09
-0.5 0 0.5 -0.746362 0.0856127 -0.0203566 5.09475e+09
-1 0.5 0.5 -0.746551 0.041592 -0.023762 6.91978e+09
-0.5 1 0.5 -0.779147 0.0534425 0.0222574 1.08776e+10
-1 1.5 0.5 -0.780597 0.00147004 0.0151746 1.45266e+10
0 -1.5 0.5 -0.716661 0.14065 -0.0680747 1.66203e+09
0.5 -1 0.5 -0.744586 0.152383 -0.0314292 2.57637e+09
0 -0.5 0.5 -0.745497 0.122264 -0.0232588 3.66079e+09
0.5 0 0.5 -0.77273 0.13433 0.0153069 5.62024e+09
0 0.5 0.5 -0.776158 0.097617 0.0219064 7.90916e+09
0.5 1 0.5 -0.800965 0.111587 0.0635497 1.20453e+10
0 1.5 0.5 -0.806512 0.0671562 0.0680634 1.6804e+10
1 -1.5 0.5 -0.743954 0.177038 -0.0439423 1.77875e+09
1.5 -1 0.5 -0.766478 0.18908 -0.0124191 2.68764e+09
1 -0.5 0.5 -0.769417 0.164463 0.0035499 3.91905e+09
1.5 0 0.5 -0.789786 0.178766 0.0372071 5.82384e+09
1 0.5 0.5 -0.795235 0.148489 0.0528798 8.4484e+09
1.5 1 0.5 -0.811397 0.166628 0.0901167 1.23251e+10
1 1.5 0.5 -0.818981 0.129505 0.10522 1.78194e+10
2 -1.5 0.5 -0.764052 0.209215 -0.031794 1.81399e+09
2.5 -1 0.5 -0.780379 0.223607 -0.00540337 2.65174e+09
2 -0.5 0.5 -0.784809 0.203472 0.0175088 3.95617e+09
2.5 0 0.5 -0.797679 0.221841 0.0465055 5.63686e+09
2 0.5 0.5 -0.804258 0.197058 0.0702049 8.38964e+09
2.5 1 0.5 -0.811485 0.220619 0.103473 1.1597e+10
2 1.5 0.5 -0.819728 0.190151 0.127911 1.72489e+10
-2.25 -0.75 0.75 -0.611674 -0.609629 -0.106429 5.7994e+08
-2.25 0.25 0.75 -0.62247 -0.623532 -0.0834752 1.20756e+09
-2.25 1.25 0.75 -0.630728 -0.63958 -0.0653055 2.44001e+09
-1.75 -1.25 0.75 -0.608268 -0.585626 -0.0822437 4.11669e+08
-1.25 -0.75 0.75 -0.614074 -0.570839 -0.0315549 6.1536e+08
-1.75 -0.25 0.75 -0.620307 -0.59769 -0.0523989 8.73583e+08
-1.25 0.25 0.75 -0.62953 -0.580828 0.00193703 1.30051e+09
-1.75 0.75 0.75 -0.634474 -0.61001 -0.0259255 1.81635e+09
-1.25 1.25 0.75 -0.646727 -0.590761 0.0321752 2.69331e+09
-0.75 -1.25 0.75 -0.607265 -0.542689 -0.0200698 4.25429e+08
-0.25 -0.75 0.75 -0.612203 -0.520137 0.0260906 6.23409e+08
-0.75 -0.25 0.75 -0.621021 -0.550881 0.0188756 9.07982e+08
-0.25 0.25 0.75 -0.628955 -0.52482 0.0685478 1.3188e+09
-0.75 0.75 0.75 -0.639329 -0.558018 0.0561289 1.90735e+09
-0.25 1.25 0.75 -0.649345 -0.528182 0.109629 2.7418e+09
0.25 -1.25 0.75 -0.604966 -0.488994 0.0250811 4.22673e+08
0.75 -0.75 0.75 -0.609787 -0.45834 0.0652369 6.05309e+08
0.25 -0.25 0.75 -0.618589 -0.4914 0.070999 8.98261e+08
0.75 0.25 0.75 -0.625731 -0.455639 0.114156 1.26736e+09
0.25 0.75 0.75 -0.637374 -0.491686 0.116934 1.87677e+09
0.75 1.25 0.75 -0.645133 -0.450815 0.163556 2.59903e+09
1.25 -1.25 0.75 -0.603357 -0.42602 0.0529428 4.04151e+08
1.75 -0.75 0.75 -0.607644 -0.387514 0.0862304 5.63153e+08
1.25 -0.25 0.75 -0.615646 -0.420774 0.103315 8.48031e+08
1.75 0.25 0.75 -0.621034 -0.375874 0.139065 1.1558e+09
1.25 0.75 0.75 -0.632309 -0.412306 0.155204 1.74008e+09
1.75 1.25 0.75 -0.636226 -0.361542 0.194082 2.30619e+09
2.25 -1.25 0.75 -0.602044 -0.355849 0.0644132 3.71167e+08
2.25 -0.25 0.75 -0.611599 -0.341925 0.117081 7.62871e+08
2.25 0.75 0.75 -0.62373 -0.323848 0.172607 1.52133e+09
-2.5 -1.5 1 -0.652756 -0.118302 -0.150697 6.94162e+08
-2.5 -0.5 1 -0.67095 -0.15137 -0.123192 1.44414e+09
-2.5 0.5 1 -0.688803 -0.194927 -0.0994691 2.90921e+09
-2.5 1.5 1 -0.704132 -0.247395 -0.0805316 5.66612e+09
-1.5 -1.5 1 -0.69356 -0.0505523 -0.0941491 8.29009e+08
-2 -1 1 -0.683853 -0.0973085 -0.105222 1.11191e+09
-1.5 -0.5 1 -0.715414 -0.0787962 -0.0598504 1.768e+09
-2 0 1 -0.704783 -0.133232 -0.0755851 2.31112e+09
-1.5 0.5 1 -0.738577 -0.116574 -0.027858 3.67948e+09
-2 1 1 -0.725489 -0.178868 -0.0494821 4.67436e+09
-1.5 1.5 1 -0.76105 -0.16306 0.00108467 7.46638e+09
-0.5 -1.5 1 -0.728724 0.00759275 -0.0486709 9.48042e+08
-1 -1 1 -0.722919 -0.031992 -0.0512407 1.31164e+09
-0.5 -0.5 1 -0.751603 -0.0149995 -0.00890288 2.0537e+09
-1 0 1 -0.746578 -0.0618523 -0.0147244 2.78996e+09
-0.5 0.5 1 -0.775993 -0.0451598 0.030177 4.35885e+09
-1 1 1 -0.770875 -0.100205 0.020028 5.81195e+09
-0.5 1.5 1 -0.799754 -0.0824327 0.0682698 9.05639e+09
0.5 -1.5 1 -0.75761 0.0574924 -0.0145976 1.03773e+09
0 -1 1 -0.75499 0.0244699 -0.0092196 1.47544e+09
0.5 -0.5 1 -0.779262 0.0413627 0.0293266 2.2617e+09
0 0 1 -0.778375 0.0018478 0.0328556 3.17606e+09
0.5 0.5 1 -0.801651 0.0203055 0.0742169 4.82855e+09
0 1 1 -0.801905 -0.0269863 0.075051 6.70674e+09
0.5 1.5 1 -0.822381 -0.00546018 0.120258 1.0074e+10
1.5 -1.5 1 -0.779474 0.101892 0.00802044 1.0844e+09
1 -1 1 -0.779446 0.0743468 0.0207209 1.57981e+09
1.5 -0.5 1 -0.798008 0.0931328 0.0549866 2.35345e+09
1 0 1 -0.800116 0.060022 0.0671299 3.40109e+09
1.5 0.5 1 -0.815966 0.0822249 0.104573 4.98158e+09
1 1 1 -0.819676 0.0422128 0.115558 7.15881e+09
1.5 1.5 1 -0.830715 0.0691041 0.157411 1.02352e+10
2.5 -1.5 1 -0.793801 0.143775 0.0194539 1.07709e+09
2 -1 1 -0.795788 0.120712 0.0388072 1.60364e+09
2.5 -0.5 1 -0.807727 0.143205 0.0686718 2.30192e+09
2 0 1 -0.811859 0.115537 0.0885875 3.4097e+09
2.5 0.5 1 -0.81954 0.142896 0.122145 4.7622e+09
2 1 1 -0.82522 0.109419 0.14224 7.03597e+09
2.5 1.5 1 -0.826438 0.142292 0.180812 9.47223e+09
-2.25 -1.25 1.25 -0.634248 -0.619363 -0.0544871 2.81161e+08
-2.25 -0.25 1.25 -0.631407 -0.64068 -0.0335972 5.82804e+08
-2.25 0.75 1.25 -0.626949 -0.663827 -0.0185479 1.17565e+09
-1.25 -1.25 1.25 -0.641481 -0.578085 0.019774 2.99652e+08
-1.75 -0.75 1.25 -0.637875 -0.6096 -0.00176469 4.2298e+08
-1.25 -0.25 1.25 -0.642025 -0.595147 0.0518694 6.28914e+08
-1.75 0.25 1.25 -0.637825 -0.62915 0.0227028 8.74724e+08
-1.25 0.75 1.25 -0.6443 -0.612447 0.0801108 1.29383e+09
-1.75 1.25 1.25 -0.635845 -0.650831 0.0409314 1.75652e+09
-0.25 -1.25 1.25 -0.645162 -0.527418 0.0786063 3.05466e+08
-0.75 -0.75 1.25 -0.643636 -0.561252 0.0700064 4.41873e+08
-0.25 -0.25 1.25 -0.646783 -0.538449 0.120261 6.41402e+08
-0.75 0.25 1.25 -0.646646 -0.575108 0.106046 9.21076e+08
-0.25 0.75 1.25 -0.651487 -0.548388 0.160246 1.32193e+09
-0.75 1.25 1.25 -0.650708 -0.589412 0.138137 1.87554e+09
0.75 -1.25 1.25 -0.648181 -0.467737 0.120981 2.98534e+08
0.25 -0.75 1.25 -0.646888 -0.502614 0.124616 4.4005e+08
0.75 -0.25 1.25 -0.64959 -0.470632 0.169674 6.20846e+08
0.25 0.25 1.25 -0.650508 -0.508691 0.170008 9.12183e+08
0.75 0.75 1.25 -0.653919 -0.471054 0.218621 1.26285e+09
0.25 1.25 1.25 -0.655827 -0.513973 0.213773 1.84619e+09
1.75 -1.25 1.25 -0.651144 -0.399971 0.146953 2.79532e+08
1.25 -0.75 1.25 -0.649615 -0.434427 0.161381 4.18351e+08
1.75 -0.25 1.25 -0.65116 -0.393102 0.200021 5.70743e+08
1.25 0.25 1.25 -0.652173 -0.430682 0.213237 8.52821e+08
1.75 0.75 1.25 -0.652887 -0.382388 0.254854 1.13231e+09
1.25 1.25 1.25 -0.655449 -0.425058 0.26547 1.68836e+09
2.25 -0.75 1.25 -0.651198 -0.358179 0.180939 3.79153e+08
2.25 0.25 1.25 -0.650882 -0.343517 0.236612 7.53079e+08
2.25 1.25 1.25 -0.649289 -0.326234 0.294349 1.44177e+09
-2.5 -1 1.5 -0.679722 -0.246932 -0.107352 6.44134e+08
-2.5 0 1.5 -0.685716 -0.291092 -0.0872337 1.28903e+09
-2.5 1 1.5 -0.687766 -0.344929 -0.073103 2.48492e+09
-2 -1.5 1.5 -0.698428 -0.190876 -0.0887061 4.94396e+08
-1.5 -1 1.5 -0.725362 -0.170429 -0.0451178 7.80062e+08
-2 -0.5 1.5 -0.708497 -0.226943 -0.0622448 1.02115e+09
-1.5 0 1.5 -0.737675 -0.207935 -0.0165262 1.6093e+09
-2 0.5 1.5 -0.717145 -0.27283 -0.0400593 2.04546e+09
-1.5 1 1.5 -0.74849 -0.254598 0.00809796 3.22484e+09
-2 1.5 1.5 -0.722137 -0.327692 -0.023795 3.94795e+09
-1 -1.5 1.5 -0.738385 -0.12152 -0.0348026 5.7827e+08
-0.5 -1 1.5 -0.763145 -0.102006 0.00689915 8.99794e+08
-1 -0.5 1.5 -0.752341 -0.151028 -0.00128248 1.22102e+09
-0.5 0 1.5 -0.778396 -0.131667 0.0427941 1.89246e+09
-1 0.5 1.5 -0.766281 -0.189009 0.0298042 2.51578e+09
-0.5 1 1.5 -0.792861 -0.168803 0.0768196 3.88358e+09
-1 1.5 1.5 -0.778245 -0.23512 0.0572998 5.02758e+09
0 -1.5 1.5 -0.771489 -0.0601808 0.00913738 6.47151e+08
0.5 -1 1.5 -0.792676 -0.0404836 0.0480305 9.88128e+08
0 -0.5 1.5 -0.786752 -0.0824024 0.0484573 1.38339e+09
0.5 0 1.5 -0.807914 -0.0612379 0.089949 2.0936e+09
0 0.5 1.5 -0.80215 -0.110912 0.0871854 2.89206e+09
0.5 1 1.5 -0.821927 -0.0870846 0.13203 4.32672e+09
0 1.5 1.5 -0.815611 -0.145653 0.124625 5.87471e+09
1 -1.5 1.5 -0.79716 -0.00490492 0.0425883 6.92002e+08
1.5 -1 1.5 -0.813496 0.0167326 0.0779117 1.03023e+09
1 -0.5 1.5 -0.811394 -0.0190247 0.0864673 1.48218e+09
1.5 0 1.5 -0.826214 0.00581464 0.124641 2.17131e+09
1 0.5 1.5 -0.825086 -0.0368451 0.131537 3.09842e+09
1.5 1 1.5 -0.836619 -0.00770223 0.17346 4.44188e+09
1 1.5 1.5 -0.83595 -0.0586113 0.17749 6.27161e+09
2 -1.5 1.5 -0.814928 0.0470857 0.0652738 7.04639e+08
2.5 -1 1.5 -0.825412 0.0724011 0.0965512 1.01515e+09
2 -0.5 1.5 -0.826121 0.0418853 0.112622 1.49552e+09
2.5 0 1.5 -0.833615 0.0718846 0.147094 2.10092e+09
2 0.5 1.5 -0.835612 0.0354734 0.162859 3.08011e+09
2.5 1 1.5 -0.83809 0.0708304 0.201522 4.18687e+09
2 1.5 1.5 -0.840913 0.0271854 0.216007 6.09682e+09
