449
-2.5 -1 -1.5 -0.808195 -0.110415 0.0322808 3.69563e+10
-2.5 0 -1.5 -0.829788 -0.163378 0.0643708 6.93907e+10
-2.5 1 -1.5 -0.839311 -0.21115 0.0967842 1.20005e+11
-2 -1.5 -1.5 -0.812361 -0.0449256 0.0534933 2.97364e+10
-1.5 -1 -1.5 -0.838111 -0.0281727 0.108644 4.61079e+10
-2 -0.5 -1.5 -0.837848 -0.0941446 0.0914731 5.82285e+10
-1.5 0 -1.5 -0.856887 -0.0723218 0.152527 8.75894e+10
-2 0.5 -1.5 -0.853081 -0.141546 0.129136 1.05856e+11
-1.5 1 -1.5 -0.86307 -0.11282 0.195584 1.49638e+11
-2 1.5 -1.5 -0.853202 -0.180896 0.166449 1.70915e+11
-1 -1.5 -1.5 -0.833544 0.0320417 0.115901 3.47591e+10
-0.5 -1 -1.5 -0.84664 0.0547292 0.168153 5.07632e+10
-1 -0.5 -1.5 -0.853796 -0.00596909 0.165506 6.83598e+10
-0.5 0 -1.5 -0.857815 0.0223556 0.224436 9.49477e+10
-1 0.5 -1.5 -0.863603 -0.0441594 0.21547 1.22845e+11
-0.5 1 -1.5 -0.857262 -0.0115856 0.279425 1.57729e+11
-1 1.5 -1.5 -0.858421 -0.0796664 0.262554 1.91914e+11
0 -1.5 -1.5 -0.837772 0.10787 0.161697 3.63101e+10
0.5 -1 -1.5 -0.838504 0.136963 0.211038 4.92754e+10
0 -0.5 -1.5 -0.848684 0.083466 0.22247 6.97091e+10
0.5 0 -1.5 -0.839105 0.116677 0.278722 8.87523e+10
0 0.5 -1.5 -0.849581 0.0550537 0.284952 1.21597e+11
0.5 1 -1.5 -0.83029 0.0881903 0.345001 1.42579e+11
0 1.5 -1.5 -0.839477 0.0207092 0.341368 1.84368e+11
1 -1.5 -1.5 -0.828461 0.182156 0.192025 3.39004e+10
1.5 -1 -1.5 -0.81808 0.216066 0.238416 4.25173e+10
1 -0.5 -1.5 -0.828266 0.170645 0.262471 6.22859e+10
1.5 0 -1.5 -0.807483 0.205982 0.315348 7.28305e+10
1 0.5 -1.5 -0.81863 0.151033 0.335667 1.04008e+11
1.5 1 -1.5 -0.787747 0.183922 0.392292 1.1189e+11
1 1.5 -1.5 -0.80052 0.11972 0.403099 1.5262e+11
2 -1.5 -1.5 -0.808851 0.253301 0.208596 2.8462e+10
2.5 -1 -1.5 -0.789303 0.289258 0.252229 3.3038e+10
2 -0.5 -1.5 -0.797694 0.251926 0.286724 4.95484e+10
2.5 0 -1.5 -0.768122 0.28652 0.336478 5.36055e+10
2 0.5 -1.5 -0.776787 0.239952 0.368968 7.86449e+10
2.5 1 -1.5 -0.739973 0.266841 0.421544 7.91986e+10
2 1.5 -1.5 -0.750438 0.208417 0.446746 1.11731e+11
-2.25 -0.75 -1.25 -0.667599 -0.61567 0.0741192 1.0037e+10
-2.25 0.25 -1.25 -0.658633 -0.633866 0.0773462 1.66933e+10
-2.25 1.25 -1.25 -0.631888 -0.643152 0.0616837 2.359e+10
-1.75 -1.25 -1.25 -0.675831 -0.571669 0.118807 7.69149e+09
-1.25 -0.75 -1.25 -0.688074 -0.533693 0.178977 1.0578e+10
-1.75 -0.25 -1.25 -0.684057 -0.581343 0.136945 1.39009e+10
-1.25 0.25 -1.25 -0.697349 -0.538974 0.19643 1.8253e+10
-1.75 0.75 -1.25 -0.677885 -0.592928 0.136829 2.18893e+10
-1.25 1.25 -1.25 -0.693625 -0.540923 0.189861 2.68093e+10
-0.75 -1.25 -1.25 -0.67931 -0.488977 0.203418 7.53797e+09
-0.25 -0.75 -1.25 -0.683577 -0.440518 0.256813 9.76653e+09
-0.75 -0.25 -1.25 -0.696281 -0.488612 0.236404 1.38214e+10
-0.25 0.25 -1.25 -0.698244 -0.438859 0.289757 1.69683e+10
-0.75 0.75 -1.25 -0.705707 -0.489927 0.250424 2.24501e+10
-0.25 1.25 -1.25 -0.708979 -0.436958 0.296895 2.58008e+10
0.25 -1.25 -1.25 -0.666907 -0.393154 0.260411 6.64168e+09
0.75 -0.75 -1.25 -0.660606 -0.337449 0.30643 8.06038e+09
0.25 -0.25 -1.25 -0.68056 -0.388132 0.307205 1.1919e+10
0.75 0.25 -1.25 -0.668805 -0.335971 0.35387 1.36299e+10
0.25 0.75 -1.25 -0.693063 -0.388345 0.337545 1.94872e+10
0.75 1.25 -1.25 -0.68283 -0.339023 0.378274 2.10133e+10
1.25 -1.25 -1.25 -0.641671 -0.288772 0.291789 5.35149e+09
1.75 -0.75 -1.25 -0.622745 -0.230574 0.331786 6.09004e+09
1.25 -0.25 -1.25 -0.644467 -0.282169 0.350215 9.18873e+09
1.75 0.25 -1.25 -0.617807 -0.231355 0.391673 9.82305e+09
1.25 0.75 -1.25 -0.648713 -0.287371 0.396015 1.45974e+10
1.75 1.25 -1.25 -0.618399 -0.249131 0.434744 1.46614e+10
2.25 -1.25 -1.25 -0.604039 -0.183981 0.303213 4.00172e+09
2.25 -0.25 -1.25 -0.592241 -0.177011 0.371129 6.51721e+09
2.25 0.75 -1.25 -0.580448 -0.190906 0.431194 9.88772e+09
-2.5 -1.5 -1 -0.780047 -0.215917 0.0260868 1.46243e+10
-2.5 -0.5 -1 -0.79253 -0.270478 0.0459878 2.72164e+10
-2.5 0.5 -1 -0.796171 -0.318619 0.060002 4.73453e+10
-2.5 1.5 -1 -0.791278 -0.348122 0.0743032 7.74689e+10
-1.5 -1.5 -1 -0.820198 -0.125344 0.104726 1.81954e+10
-2 -1 -1 -0.811174 -0.195982 0.0813068 2.2894e+10
-1.5 -0.5 -1 -0.834536 -0.17107 0.137784 3.4546e+10
-2 0 -1 -0.821421 -0.245508 0.104789 4.1676e+10
-1.5 0.5 -1 -0.840583 -0.213868 0.164138 6.02429e+10
-2 1 -1 -0.822442 -0.284869 0.121461 6.97671e+10
-1.5 1.5 -1 -0.835925 -0.240772 0.184051 9.49891e+10
-0.5 -1.5 -1 -0.83886 -0.035447 0.167144 2.02431e+10
-1 -1 -1 -0.839285 -0.0999909 0.158236 2.70789e+10
-0.5 -0.5 -1 -0.848802 -0.0687524 0.212935 3.81473e+10
-1 0 -1 -0.848233 -0.140069 0.195133 4.92536e+10
-0.5 0.5 -1 -0.850732 -0.102599 0.252795 6.50389e+10
-1 1 -1 -0.848118 -0.174313 0.223496 8.0377e+10
-0.5 1.5 -1 -0.843939 -0.13054 0.281135 9.86501e+10
0.5 -1.5 -1 -0.839702 0.053286 0.213514 2.00812e+10
0 -1 -1 -0.845281 -0.00368129 0.218403 2.81842e+10
0.5 -0.5 -1 -0.841062 0.0335687 0.270927 3.66483e+10
0 0 -1 -0.847363 -0.0317359 0.268516 4.99853e+10
0.5 0.5 -1 -0.835001 0.00829418 0.323552 6.03352e+10
0 1 -1 -0.8422 -0.0617286 0.308891 7.88824e+10
0.5 1.5 -1 -0.824742 -0.0207281 0.360858 8.83124e+10
1.5 -1.5 -1 -0.826035 0.13968 0.244797 1.78262e+10
1 -1 -1 -0.833664 0.0909219 0.262211 2.59074e+10
1.5 -0.5 -1 -0.817132 0.131652 0.311903 3.10545e+10
1 0 -1 -0.826047 0.0738275 0.323819 4.40846e+10
1.5 0.5 -1 -0.800722 0.114373 0.375837 4.88702e+10
1 1 -1 -0.81274 0.0486071 0.376132 6.69431e+10
1.5 1.5 -1 -0.780073 0.0844055 0.426104 6.79588e+10
2.5 -1.5 -1 -0.801293 0.221355 0.262537 1.42936e+10
2 -1 -1 -0.808839 0.180726 0.290627 2.12815e+10
2.5 -0.5 -1 -0.781927 0.222 0.337431 2.36226e+10
2 0 -1 -0.790419 0.172639 0.361827 3.4456e+10
2.5 0.5 -1 -0.755186 0.209328 0.411065 3.5506e+10
2 1 -1 -0.766102 0.150433 0.426281 4.99984e+10
2.5 1.5 -1 -0.729464 0.177472 0.470967 4.83162e+10
-2.25 -1.25 -0.75 -0.637843 -0.655953 0.111649 4.80347e+09
-2.25 -0.25 -0.75 -0.617481 -0.686766 0.101998 8.0763e+09
-2.25 0.75 -0.75 -0.57745 -0.717255 0.0621231 1.1696e+10
-1.25 -1.25 -0.75 -0.658946 -0.572364 0.222777 5.01507e+09
-1.75 -0.75 -0.75 -0.647809 -0.627438 0.173151 6.62211e+09
-1.25 -0.25 -0.75 -0.655881 -0.591137 0.231399 8.67585e+09
-1.75 0.25 -0.75 -0.63139 -0.654694 0.158428 1.05917e+10
-1.25 0.75 -0.75 -0.645685 -0.611963 0.208002 1.30812e+10
-1.75 1.25 -0.75 -0.604267 -0.669982 0.11064 1.45643e+10
-0.25 -1.25 -0.75 -0.660738 -0.474395 0.306852 4.65325e+09
-0.75 -0.75 -0.75 -0.66239 -0.531159 0.280119 6.53883e+09
-0.25 -0.25 -0.75 -0.66122 -0.483611 0.332774 8.03506e+09
-0.75 0.25 -0.75 -0.661365 -0.547309 0.283621 1.06963e+10
-0.25 0.75 -0.75 -0.663544 -0.497739 0.327576 1.2371e+10
-0.75 1.25 -0.75 -0.660344 -0.558111 0.249476 1.52619e+10
0.75 -1.25 -0.75 -0.648724 -0.364029 0.362249 3.90453e+09
0.25 -0.75 -0.75 -0.655215 -0.422116 0.357376 5.69464e+09
0.75 -0.25 -0.75 -0.641611 -0.366991 0.403344 6.54632e+09
0.25 0.25 -0.75 -0.653807 -0.43267 0.37906 9.25583e+09
0.75 0.75 -0.75 -0.640754 -0.38199 0.417333 1.00287e+10
0.25 1.25 -0.75 -0.664038 -0.446085 0.361965 1.35942e+10
1.75 -1.25 -0.75 -0.623729 -0.247984 0.392594 3.01899e+09
1.25 -0.75 -0.75 -0.63147 -0.304464 0.405883 4.48597e+09
1.75 -0.25 -0.75 -0.60349 -0.246382 0.44624 4.84891e+09
1.25 0.25 -0.75 -0.619213 -0.31315 0.443863 7.0675e+09
1.75 0.75 -0.75 -0.585428 -0.266107 0.479497 7.15536e+09
1.25 1.25 -0.75 -0.618186 -0.336239 0.448321 1.01398e+10
2.25 -0.75 -0.75 -0.592646 -0.186376 0.431184 3.27256e+09
2.25 0.25 -0.75 -0.563175 -0.195353 0.483828 4.93686e+09
2.25 1.25 -0.75 -0.54816 -0.230088 0.506324 6.95205e+09
-2.5 -1 -0.5 -0.756401 -0.36808 0.0370453 1.13188e+10
-2.5 0 -0.5 -0.749351 -0.423261 0.035377 1.92739e+10
-2.5 1 -0.5 -0.738816 -0.457843 0.0276429 3.14515e+10
-2 -1.5 -0.5 -0.786028 -0.287656 0.0790072 9.59831e+09
-1.5 -1 -0.5 -0.811365 -0.261602 0.132158 1.43846e+10
-2 -0.5 -0.5 -0.787687 -0.342401 0.0911871 1.71646e+10
-1.5 0 -0.5 -0.812665 -0.310203 0.145532 2.48875e+10
-2 0.5 -0.5 -0.783339 -0.389172 0.0907299 2.85482e+10
-1.5 1 -0.5 -0.810234 -0.34419 0.146761 4.00195e+10
-2 1.5 -0.5 -0.779287 -0.406784 0.0906716 4.64807e+10
-1 -1.5 -0.5 -0.825185 -0.185927 0.158881 1.13961e+10
-0.5 -1 -0.5 -0.838478 -0.153365 0.210843 1.61243e+10
-1 -0.5 -0.5 -0.829688 -0.229635 0.185702 2.05744e+10
-0.5 0 -0.5 -0.839407 -0.190427 0.238926 2.75853e+10
-1 0.5 -0.5 -0.82971 -0.269355 0.199346 3.38779e+10
-0.5 1 -0.5 -0.837319 -0.219588 0.252425 4.28293e+10
-1 1.5 -0.5 -0.826989 -0.287459 0.204842 5.25237e+10
0 -1.5 -0.5 -0.842101 -0.0845699 0.222724 1.20601e+10
0.5 -1 -0.5 -0.842502 -0.045029 0.272785 1.58974e+10
0 -0.5 -0.5 -0.842784 -0.114296 0.263023 2.14192e+10
0.5 0 -0.5 -0.837154 -0.069672 0.314571 2.63867e+10
0 0.5 -0.5 -0.839487 -0.14444 0.29093 3.42462e+10
0.5 1 -0.5 -0.830521 -0.0949808 0.339725 3.94136e+10
0 1.5 -0.5 -0.83586 -0.16548 0.303141 5.07637e+10
1 -1.5 -0.5 -0.84014 0.0157571 0.270737 1.13762e+10
1.5 -1 -0.5 -0.827893 0.0605367 0.318304 1.39015e+10
1 -0.5 -0.5 -0.832879 -0.000539143 0.322886 1.94991e+10
1.5 0 -0.5 -0.813162 0.0463698 0.37192 2.21364e+10
1 0.5 -0.5 -0.821825 -0.0221986 0.363841 3.00315e+10
1.5 1 -0.5 -0.795641 0.0257639 0.410545 3.13495e+10
1 1.5 -0.5 -0.809437 -0.0428632 0.385533 4.13695e+10
2 -1.5 -0.5 -0.822697 0.112911 0.303695 9.63593e+09
2.5 -1 -0.5 -0.799039 0.159865 0.348514 1.09365e+10
2 -0.5 -0.5 -0.805553 0.107431 0.36575 1.57796e+10
2.5 0 -0.5 -0.773567 0.152891 0.412454 1.66266e+10
2 0.5 -0.5 -0.783229 0.0924817 0.419337 2.31955e+10
2.5 1 -0.5 -0.747907 0.13175 0.462276 2.28502e+10
2 1.5 -0.5 -0.764708 0.0661013 0.451723 3.09913e+10
-2.25 -0.75 -0.25 -0.593742 -0.709408 0.134735 3.97164e+09
-2.25 0.25 -0.25 -0.545823 -0.754264 0.0826418 5.84651e+09
-2.25 1.25 -0.25 -0.484024 -0.778695 0.00524521 7.76506e+09
-1.75 -1.25 -0.25 -0.627573 -0.64443 0.211557 3.22826e+09
-1.25 -0.75 -0.25 -0.631217 -0.611358 0.269503 4.21e+09
-1.75 -0.25 -0.25 -0.602322 -0.682638 0.190293 5.18634e+09
-1.25 0.25 -0.25 -0.612806 -0.646527 0.240455 6.40588e+09
-1.75 0.75 -0.25 -0.567033 -0.720093 0.130242 7.30241e+09
-1.25 1.25 -0.25 -0.595371 -0.67095 0.175504 8.78068e+09
-0.75 -1.25 -0.25 -0.645818 -0.543978 0.321912 3.1824e+09
-0.25 -0.75 -0.25 -0.643004 -0.4971 0.374919 3.90995e+09
-0.75 -0.25 -0.25 -0.633808 -0.570421 0.322303 5.18225e+09
-0.25 0.25 -0.25 -0.634985 -0.522257 0.367819 5.99931e+09
-0.75 0.75 -0.25 -0.626073 -0.59983 0.283613 7.49657e+09
-0.25 1.25 -0.25 -0.639899 -0.546478 0.319929 8.42632e+09
0.25 -1.25 -0.25 -0.64876 -0.428609 0.40225 2.80731e+09
0.75 -0.75 -0.25 -0.636686 -0.370338 0.448381 3.24437e+09
0.25 -0.25 -0.25 -0.635881 -0.444272 0.421911 4.51551e+09
0.75 0.25 -0.25 -0.623277 -0.38888 0.461822 4.9071e+09
0.25 0.75 -0.25 -0.634017 -0.470063 0.404957 6.57389e+09
0.75 1.25 -0.25 -0.628127 -0.415887 0.432999 6.75114e+09
1.25 -1.25 -0.25 -0.639439 -0.303532 0.453431 2.26088e+09
1.75 -0.75 -0.25 -0.615125 -0.238717 0.493455 2.46942e+09
1.25 -0.25 -0.25 -0.616693 -0.309971 0.489312 3.52924e+09
1.75 0.25 -0.25 -0.58613 -0.252157 0.525362 3.61066e+09
1.25 0.75 -0.25 -0.602395 -0.334748 0.494485 4.99916e+09
1.75 1.25 -0.25 -0.575237 -0.290109 0.519129 4.90792e+09
2.25 -1.25 -0.25 -0.616592 -0.177326 0.48097 1.69366e+09
2.25 -0.25 -0.25 -0.579103 -0.17683 0.53057 2.54649e+09
2.25 0.75 -0.25 -0.546583 -0.20386 0.555353 3.52655e+09
-2.5 -1.5 0 -0.721858 -0.446659 0.0339379 5.03635e+09
-2.5 -0.5 0 -0.702138 -0.51102 0.0202738 8.33182e+09
-2.5 0.5 0 -0.67815 -0.559628 -0.0065072 1.31337e+10
-2.5 1.5 0 -0.671522 -0.565394 -0.0140725 2.16662e+10
-1.5 -1.5 0 -0.786799 -0.337382 0.130422 6.366e+09
-2 -1 0 -0.752886 -0.422852 0.0838762 7.51544e+09
-1.5 -0.5 0 -0.780708 -0.392801 0.134186 1.08107e+10
-2 0 0 -0.739064 -0.480251 0.0703651 1.21955e+10
-1.5 0.5 0 -0.773666 -0.438759 0.121712 1.71557e+10
-2 1 0 -0.728751 -0.512867 0.0510921 1.9398e+10
-1.5 1.5 0 -0.773008 -0.447974 0.115273 2.70151e+10
-0.5 -1.5 0 -0.825328 -0.226862 0.211616 7.19312e+09
-1 -1 0 -0.807854 -0.306677 0.180948 9.06184e+09
-0.5 -0.5 0 -0.823012 -0.268526 0.230969 1.22183e+10
-1 0 0 -0.804059 -0.354085 0.18411 1.47878e+10
-0.5 0.5 0 -0.821378 -0.304153 0.233855 1.89861e+10
-1 1 0 -0.803202 -0.382689 0.175707 2.28256e+10
-0.5 1.5 0 -0.822704 -0.314022 0.232022 2.83383e+10
0.5 -1.5 0 -0.840905 -0.115731 0.276784 7.2348e+09
0 -1 0 -0.834378 -0.188135 0.261261 9.61742e+09
0.5 -0.5 0 -0.83539 -0.142125 0.31015 1.20212e+10
0 0 0 -0.830977 -0.221602 0.279988 1.53986e+10
0.5 0.5 0 -0.830756 -0.167122 0.327069 1.8051e+10
0 1 0 -0.830693 -0.244213 0.283046 2.28026e+10
0.5 1.5 0 -0.827938 -0.174885 0.33032 2.51744e+10
1.5 -1.5 0 -0.836708 -0.00554712 0.326048 6.50277e+09
1 -1 0 -0.836899 -0.069609 0.324676 9.00341e+09
1.5 -0.5 0 -0.823613 -0.0186642 0.371547 1.04227e+10
1 0 0 -0.827578 -0.0902213 0.357306 1.39529e+10
1.5 0.5 0 -0.809747 -0.0342535 0.402082 1.49453e+10
1 1 0 -0.820152 -0.106025 0.371516 1.94909e+10
1.5 1.5 0 -0.800321 -0.0466289 0.412948 1.99428e+10
2.5 -1.5 0 -0.816181 0.100519 0.360254 5.27819e+09
2 -1 0 -0.819755 0.0451609 0.37155 7.52511e+09
2.5 -0.5 0 -0.793106 0.097135 0.416232 8.10297e+09
2 0 0 -0.800414 0.0346083 0.416819 1.11779e+10
2.5 0.5 0 -0.769253 0.0850085 0.458947 1.12234e+10
2 1 0 -0.783738 0.0193982 0.443191 1.50346e+10
2.5 1.5 0 -0.754938 0.0663206 0.478003 1.45748e+10
-2.25 -1.25 0.25 -0.57927 -0.713404 0.168556 1.98966e+09
-2.25 -0.25 0.25 -0.528563 -0.765465 0.112211 2.96136e+09
-2.25 0.75 0.25 -0.45836 -0.810501 0.0211818 3.96913e+09
-1.25 -1.25 0.25 -0.615937 -0.612641 0.302818 2.09165e+09
-1.75 -0.75 0.25 -0.583872 -0.688598 0.22293 2.58682e+09
-1.25 -0.25 0.25 -0.591191 -0.655159 0.273604 3.1897e+09
-1.75 0.25 0.25 -0.544091 -0.737859 0.160141 3.6861e+09
-1.25 0.75 0.25 -0.568088 -0.697193 0.207052 4.39481e+09
-1.75 1.25 0.25 -0.494741 -0.771541 0.0746121 4.83514e+09
-0.25 -1.25 0.25 -0.634273 -0.494066 0.407357 1.95553e+09
-0.75 -0.75 0.25 -0.617049 -0.572366 0.355303 2.57258e+09
-0.25 -0.25 0.25 -0.618908 -0.52354 0.401935 2.98381e+09
-0.75 0.25 0.25 -0.602803 -0.611421 0.319366 3.72846e+09
-0.25 0.75 0.25 -0.616914 -0.558433 0.359938 4.15032e+09
-0.75 1.25 0.25 -0.594996 -0.643887 0.251353 4.98942e+09
0.75 -1.25 0.25 -0.640675 -0.362352 0.479818 1.65385e+09
0.25 -0.75 0.25 -0.629648 -0.439233 0.453936 2.26821e+09
0.75 -0.25 0.25 -0.621855 -0.378595 0.494459 2.47973e+09
0.25 0.25 0.25 -0.62038 -0.467749 0.442093 3.27001e+09
0.75 0.75 0.25 -0.618414 -0.407242 0.47557 3.37222e+09
0.25 1.25 0.25 -0.629312 -0.497636 0.39368 4.34674e+09
1.75 -1.25 0.25 -0.635311 -0.22585 0.52397 1.29134e+09
1.25 -0.75 0.25 -0.626913 -0.296984 0.519693 1.81571e+09
1.75 -0.25 0.25 -0.605154 -0.230112 0.555219 1.8811e+09
1.25 0.25 0.25 -0.608046 -0.315261 0.529238 2.55143e+09
1.75 0.75 0.25 -0.585732 -0.257089 0.559116 2.51448e+09
1.25 1.25 0.25 -0.608851 -0.352214 0.503731 3.37612e+09
2.25 -0.75 0.25 -0.608541 -0.15618 0.55916 1.35013e+09
2.25 0.25 0.25 -0.573681 -0.168293 0.587091 1.85754e+09
2.25 1.25 0.25 -0.556623 -0.21108 0.583595 2.41225e+09
-2.5 -1 0.5 -0.65751 -0.574263 0.0117762 3.84507e+09
-2.5 0 0.5 -0.617296 -0.637338 -0.0297593 5.83114e+09
-2.5 1 0.5 -0.590368 -0.664782 -0.061616 8.99006e+09
-2 -1.5 0.5 -0.71813 -0.482868 0.0795187 3.4911e+09
-1.5 -1 0.5 -0.746217 -0.456934 0.12584 4.9595e+09
-2 -0.5 0.5 -0.693255 -0.549255 0.0564783 5.52537e+09
-1.5 0 0.5 -0.730575 -0.514337 0.103303 7.6929e+09
-2 0.5 0.5 -0.669993 -0.599456 0.0216287 8.42858e+09
-1.5 1 0.5 -0.724401 -0.543489 0.0808337 1.16782e+10
-2 1.5 0.5 -0.667422 -0.600216 0.012992 1.30077e+10
-1 -1.5 0.5 -0.782799 -0.368402 0.176898 4.19891e+09
-0.5 -1 0.5 -0.801485 -0.333506 0.224007 5.65772e+09
-1 -0.5 0.5 -0.772836 -0.422789 0.172231 6.75747e+09
-0.5 0 0.5 -0.796915 -0.377025 0.218984 8.72776e+09
-1 0.5 0.5 -0.767739 -0.464773 0.153518 1.02334e+10
-0.5 1 0.5 -0.800221 -0.397676 0.207671 1.27611e+10
-1 1.5 0.5 -0.772212 -0.465331 0.147319 1.4977e+10
0 -1.5 0.5 -0.820969 -0.250933 0.258849 4.50628e+09
0.5 -1 0.5 -0.82777 -0.206527 0.305271 5.68664e+09
0 -0.5 0.5 -0.815717 -0.289159 0.270327 7.19215e+09
0.5 0 0.5 -0.82401 -0.234383 0.315636 8.55164e+09
0 0.5 0.5 -0.816121 -0.317652 0.266502 1.05785e+10
0.5 1 0.5 -0.826392 -0.244693 0.313788 1.1892e+10
0 1.5 0.5 -0.821368 -0.313996 0.263281 1.47097e+10
1 -1.5 0.5 -0.835562 -0.131661 0.324654 4.31178e+09
1.5 -1 0.5 -0.82906 -0.0797573 0.369383 5.07267e+09
1 -0.5 0.5 -0.827576 -0.153893 0.350344 6.70601e+09
1.5 0 0.5 -0.818837 -0.094067 0.393598 7.3445e+09
1 0.5 0.5 -0.823962 -0.169483 0.35941 9.43579e+09
1.5 1 0.5 -0.81403 -0.100385 0.401383 9.80166e+09
1 1.5 0.5 -0.824326 -0.166274 0.360411 1.2651e+10
2 -1.5 0.5 -0.829547 -0.0135366 0.374418 3.70655e+09
2.5 -1 0.5 -0.809596 0.0420104 0.417052 4.07252e+09
2 -0.5 0.5 -0.813719 -0.0227487 0.412665 5.55674e+09
2.5 0 0.5 -0.789686 0.0353109 0.453723 5.69625e+09
2 0.5 0.5 -0.801147 -0.0317389 0.434417 7.53662e+09
2.5 1 0.5 -0.776595 0.0274862 0.471242 7.37764e+09
2 1.5 0.5 -0.79556 -0.0350864 0.44025 9.79735e+09
-2.25 -0.75 0.75 -0.517158 -0.762008 0.143053 1.51944e+09
-2.25 0.25 0.75 -0.448122 -0.815533 0.0486348 2.05347e+09
-2.25 1.25 0.75 -0.357279 -0.843616 -0.0521064 2.51532e+09
-1.75 -1.25 0.75 -0.569703 -0.682936 0.25126 1.31275e+09
-1.25 -0.75 0.75 -0.574869 -0.649832 0.300487 1.61779e+09
-1.75 -0.25 0.75 -0.528478 -0.736276 0.190004 1.88506e+09
-1.25 0.25 0.75 -0.548675 -0.698619 0.237299 2.2331e+09
-1.75 0.75 0.75 -0.478357 -0.783545 0.100223 2.46914e+09
-1.25 1.25 0.75 -0.517658 -0.734065 0.155146 2.78838e+09
-0.75 -1.25 0.75 -0.604391 -0.564728 0.378698 1.30526e+09
-0.25 -0.75 0.75 -0.607714 -0.514844 0.423905 1.52026e+09
-0.75 -0.25 0.75 -0.585584 -0.606256 0.34627 1.89205e+09
-0.25 0.25 0.75 -0.601502 -0.551482 0.388561 2.10033e+09
-0.75 0.75 0.75 -0.576239 -0.647201 0.284244 2.51129e+09
-0.25 1.25 0.75 -0.606092 -0.582171 0.328862 2.66097e+09
0.25 -1.25 0.75 -0.625819 -0.429518 0.472571 1.16656e+09
0.75 -0.75 0.75 -0.624145 -0.365723 0.510897 1.28694e+09
0.25 -0.25 0.75 -0.613542 -0.455615 0.463753 1.67472e+09
0.75 0.25 0.75 -0.619141 -0.388384 0.498842 1.74197e+09
0.25 0.75 0.75 -0.618864 -0.486265 0.427161 2.20104e+09
0.75 1.25 0.75 -0.628637 -0.420759 0.464026 2.24219e+09
1.25 -1.25 0.75 -0.637008 -0.285742 0.534099 9.55263e+08
1.75 -0.75 0.75 -0.625732 -0.213835 0.566395 1.00383e+09
1.25 -0.25 0.75 -0.620076 -0.295904 0.544254 1.34144e+09
1.75 0.25 0.75 -0.609543 -0.226103 0.574818 1.33627e+09
1.25 0.75 0.75 -0.618421 -0.320836 0.5316 1.7434e+09
1.75 1.25 0.75 -0.605307 -0.261989 0.563136 1.69482e+09
2.25 -1.25 0.75 -0.635361 -0.143666 0.570036 7.29722e+08
2.25 -0.25 0.75 -0.607154 -0.142635 0.596172 1.00596e+09
2.25 0.75 0.75 -0.589169 -0.163445 0.604359 1.28584e+09
-2.5 -1.5 1 -0.61776 -0.614346 0.00809135 1.87427e+09
-2.5 -0.5 1 -0.563046 -0.685838 -0.0432718 2.76532e+09
-2.5 0.5 1 -0.511112 -0.733597 -0.0966291 4.00035e+09
-2.5 1.5 1 -0.49929 -0.727547 -0.102739 5.89994e+09
-1.5 -1.5 1 -0.711348 -0.503044 0.119128 2.38471e+09
-2 -1 1 -0.649617 -0.595321 0.0472609 2.64421e+09
-1.5 -0.5 1 -0.685603 -0.567943 0.0889854 3.62767e+09
-2 0 1 -0.611265 -0.658362 0.000467487 3.89015e+09
-1.5 0.5 1 -0.667547 -0.614746 0.0532547 5.29683e+09
-2 1 1 -0.590622 -0.685766 -0.0304981 5.65179e+09
-1.5 1.5 1 -0.673001 -0.611375 0.0487441 7.52622e+09
-0.5 -1.5 1 -0.776004 -0.384919 0.216645 2.72255e+09
-1 -1 1 -0.738512 -0.474508 0.161707 3.22444e+09
-0.5 -0.5 1 -0.7661 -0.435029 0.205109 4.16469e+09
-1 0 1 -0.72538 -0.52725 0.134752 4.78893e+09
-0.5 0.5 1 -0.765955 -0.468301 0.185506 5.97791e+09
-1 1 1 -0.726241 -0.54874 0.115072 6.79256e+09
-0.5 1.5 1 -0.778126 -0.458537 0.183675 8.13043e+09
0.5 -1.5 1 -0.814058 -0.261519 0.298614 2.7748e+09
0 -1 1 -0.794314 -0.345191 0.26008 3.47434e+09
0.5 -0.5 1 -0.80941 -0.293931 0.303003 4.17651e+09
0 0 1 -0.792422 -0.381013 0.250038 5.08107e+09
0.5 0.5 1 -0.813746 -0.310503 0.296351 5.79065e+09
0 1 1 -0.801364 -0.388739 0.24029 6.95523e+09
0.5 1.5 1 -0.823749 -0.296003 0.297255 7.66409e+09
1.5 -1.5 1 -0.827805 -0.13552 0.364207 2.533e+09
1 -1 1 -0.8204 -0.211305 0.341259 3.31361e+09
1.5 -0.5 1 -0.82028 -0.151598 0.382546 3.69917e+09
1 0 1 -0.818895 -0.230053 0.345381 4.69115e+09
1.5 0.5 1 -0.819855 -0.157361 0.387192 4.95545e+09
1 1 1 -0.825061 -0.228732 0.343665 6.2255e+09
1.5 1.5 1 -0.822358 -0.142721 0.391191 6.36321e+09
2.5 -1.5 1 -0.820061 -0.0114033 0.413764 2.09227e+09
2 -1 1 -0.820269 -0.0781308 0.405203 2.82719e+09
2.5 -0.5 1 -0.804626 -0.0163954 0.444539 2.95949e+09
2 0 1 -0.81207 -0.0855253 0.422318 3.87404e+09
2.5 0.5 1 -0.795311 -0.0177994 0.459959 3.84536e+09
2 1 1 -0.810414 -0.0818346 0.427928 4.97774e+09
2.5 1.5 1 -0.788871 -0.00525226 0.465827 4.71442e+09
-2.25 -1.25 1.25 -0.506672 -0.751805 0.171367 7.88016e+08
-2.25 -0.25 1.25 -0.442176 -0.807276 0.0788196 1.07399e+09
-2.25 0.75 1.25 -0.356905 -0.846793 -0.0316821 1.32375e+09
-1.25 -1.25 1.25 -0.55989 -0.639168 0.319919 8.33352e+08
-1.75 -0.75 1.25 -0.514728 -0.72587 0.215546 9.75877e+08
-1.25 -0.25 1.25 -0.531856 -0.688435 0.260379 1.15358e+09
-1.75 0.25 1.25 -0.467106 -0.776973 0.12696 1.28222e+09
-1.25 0.75 1.25 -0.504484 -0.730511 0.180448 1.44517e+09
-1.75 1.25 1.25 -0.406137 -0.807439 0.034321 1.49945e+09
-0.25 -1.25 1.25 -0.596568 -0.504556 0.435018 7.89005e+08
-0.75 -0.75 1.25 -0.569935 -0.595116 0.362849 9.77637e+08
-0.25 -0.25 1.25 -0.587509 -0.538717 0.40284 1.08917e+09
-0.75 0.25 1.25 -0.558905 -0.636681 0.305962 1.29462e+09
-0.25 0.75 1.25 -0.592848 -0.569666 0.351945 1.37386e+09
-0.75 1.25 1.25 -0.550486 -0.666686 0.238437 1.54811e+09
0.75 -1.25 1.25 -0.623209 -0.356864 0.514832 6.80283e+08
0.25 -0.75 1.25 -0.606157 -0.443842 0.471455 8.7668e+08
0.75 -0.25 1.25 -0.619242 -0.372926 0.503498 9.23284e+08
0.25 0.25 1.25 -0.610453 -0.46961 0.440431 1.14941e+09
0.75 0.75 1.25 -0.630466 -0.394136 0.478756 1.16773e+09
0.25 1.25 1.25 -0.622423 -0.495802 0.400667 1.4144e+09
1.75 -1.25 1.25 -0.639048 -0.207217 0.564497 5.43942e+08
1.25 -0.75 1.25 -0.627817 -0.284621 0.543817 7.19579e+08
1.75 -0.25 1.25 -0.629738 -0.208567 0.570385 7.27435e+08
1.25 0.25 1.25 -0.630091 -0.296721 0.534355 9.31965e+08
1.75 0.75 1.25 -0.631313 -0.222067 0.566808 9.07501e+08
1.25 1.25 1.25 -0.637715 -0.320365 0.518559 1.14365e+09
2.25 -0.75 1.25 -0.632899 -0.131937 0.589222 5.54061e+08
2.25 0.25 1.25 -0.623937 -0.134382 0.597771 7.08112e+08
2.25 1.25 1.25 -0.618417 -0.151047 0.599968 8.42645e+08
-2.5 -1 1.5 -0.518989 -0.710734 -0.0484358 1.38155e+09
-2.5 0 1.5 -0.445967 -0.768964 -0.117048 1.91634e+09
-2.5 1 1.5 -0.397182 -0.789851 -0.156119 2.61787e+09
-2 -1.5 1.5 -0.610942 -0.623351 0.0421643 1.31926e+09
-1.5 -1 1.5 -0.643053 -0.602608 0.078554 1.78427e+09
-2 -0.5 1.5 -0.559246 -0.691832 -0.0126939 1.8969e+09
-1.5 0 1.5 -0.611026 -0.660036 0.0321393 2.53239e+09
-2 0.5 1.5 -0.516541 -0.73738 -0.0630161 2.62518e+09
-1.5 1 1.5 -0.600754 -0.683389 0.00665538 3.44274e+09
-2 1.5 1.5 -0.512811 -0.736864 -0.0663227 3.60196e+09
-1 -1.5 1.5 -0.70406 -0.51158 0.152776 1.59283e+09
-0.5 -1 1.5 -0.732274 -0.478777 0.192374 2.05129e+09
-1 -0.5 1.5 -0.681406 -0.570653 0.119081 2.33229e+09
-0.5 0 1.5 -0.724777 -0.521992 0.165088 2.90641e+09
-1 0.5 1.5 -0.67178 -0.608521 0.0871221 3.22446e+09
-0.5 1 1.5 -0.734859 -0.531987 0.151452 3.86323e+09
-1 1.5 1.5 -0.687717 -0.600549 0.08915 4.27342e+09
0 -1.5 1.5 -0.76894 -0.389965 0.249712 1.72443e+09
0.5 -1 1.5 -0.788392 -0.344224 0.289733 2.08918e+09
0 -0.5 1.5 -0.76226 -0.432177 0.233836 2.5126e+09
0.5 0 1.5 -0.791208 -0.368442 0.277589 2.89688e+09
0 0.5 1.5 -0.768857 -0.452227 0.216642 3.40616e+09
0.5 1 1.5 -0.805814 -0.363603 0.272969 3.76845e+09
0 1.5 1.5 -0.788669 -0.432772 0.222297 4.38186e+09
1 -1.5 1.5 -0.806817 -0.261229 0.330793 1.67213e+09
1.5 -1 1.5 -0.813741 -0.204694 0.369605 1.89709e+09
1 -0.5 1.5 -0.805131 -0.284949 0.329741 2.38191e+09
1.5 0 1.5 -0.815861 -0.213624 0.370088 2.5583e+09
1 0.5 1.5 -0.813963 -0.289347 0.323788 3.15005e+09
1.5 1 1.5 -0.824914 -0.199544 0.371647 3.23891e+09
1 1.5 1.5 -0.827098 -0.260982 0.331849 3.92635e+09
2 -1.5 1.5 -0.819433 -0.129844 0.395345 1.46209e+09
2.5 -1 1.5 -0.811906 -0.067915 0.432397 1.56099e+09
2 -0.5 1.5 -0.814367 -0.139023 0.407456 2.02553e+09
2.5 0 1.5 -0.8068 -0.0676886 0.444297 2.04582e+09
2 0.5 1.5 -0.817165 -0.134337 0.410639 2.6017e+09
2.5 1 1.5 -0.806425 -0.050325 0.450034 2.50042e+09
2 1.5 1.5 -0.820027 -0.103808 0.418331 3.13907e+09
