449
-2.5 -1 -1.5 -0.426775 0.0264826 0.281399 7.08993e+09
-2.5 0 -1.5 -0.508344 -0.0529904 0.273992 8.47181e+09
-2.5 1 -1.5 -0.556571 -0.114117 0.27505 1.00189e+10
-2 -1.5 -1.5 -0.307799 0.136399 0.340434 4.70881e+09
-1.5 -1 -1.5 -0.29943 0.193625 0.389662 3.78255e+09
-2 -0.5 -1.5 -0.412361 0.0931642 0.331047 5.51483e+09
-1.5 0 -1.5 -0.402631 0.167834 0.375994 4.40489e+09
-2 0.5 -1.5 -0.498359 0.0390953 0.318141 6.52808e+09
-1.5 1 -1.5 -0.485237 0.132132 0.359397 5.16126e+09
-2 1.5 -1.5 -0.549672 -0.00402863 0.312464 7.62956e+09
-1 -1.5 -1.5 -0.183939 0.256318 0.44389 2.71631e+09
-0.5 -1 -1.5 -0.185365 0.305339 0.491152 2.3024e+09
-1 -0.5 -1.5 -0.294646 0.254572 0.435619 3.1176e+09
-0.5 0 -1.5 -0.291128 0.310297 0.479325 2.63787e+09
-1 0.5 -1.5 -0.393304 0.239579 0.418197 3.61684e+09
-0.5 1 -1.5 -0.385142 0.300947 0.457773 3.05667e+09
-1 1.5 -1.5 -0.471908 0.215118 0.397381 4.21481e+09
0 -1.5 -1.5 -0.0902707 0.324254 0.537181 1.77732e+09
0.5 -1 -1.5 -0.0979375 0.357791 0.586116 1.57499e+09
0 -0.5 -1.5 -0.188825 0.348164 0.536748 1.99821e+09
0.5 0 -1.5 -0.194622 0.380967 0.580246 1.77223e+09
0 0.5 -1.5 -0.28954 0.355475 0.52065 2.28905e+09
0.5 1 -1.5 -0.290188 0.388237 0.559401 2.02928e+09
0 1.5 -1.5 -0.378431 0.348818 0.494811 2.64921e+09
1 -1.5 -1.5 -0.0142222 0.347814 0.62698 1.29375e+09
1.5 -1 -1.5 -0.0275956 0.364379 0.677612 1.18477e+09
1 -0.5 -1.5 -0.108245 0.381733 0.632946 1.42183e+09
1.5 0 -1.5 -0.121359 0.395195 0.677009 1.30336e+09
1 0.5 -1.5 -0.202852 0.402498 0.62119 1.60048e+09
1.5 1 -1.5 -0.21356 0.412842 0.659195 1.46725e+09
1 1.5 -1.5 -0.29307 0.408623 0.595489 1.83103e+09
2 -1.5 -1.5 0.0475868 0.333162 0.712741 1.02923e+09
2.5 -1 -1.5 0.0305726 0.334315 0.763708 9.63291e+08
2 -0.5 -1.5 -0.0438044 0.371287 0.725167 1.09909e+09
2.5 0 -1.5 -0.0632729 0.368676 0.768866 1.03092e+09
2 0.5 -1.5 -0.137425 0.398319 0.717702 1.21022e+09
2.5 1 -1.5 -0.156664 0.391764 0.754234 1.13683e+09
2 1.5 -1.5 -0.227061 0.412733 0.693599 1.36333e+09
-2.25 -0.75 -1.25 -0.146519 -0.746552 0.369395 3.54854e+09
-2.25 0.25 -1.25 -0.0918211 -0.727357 0.440065 3.96976e+09
-2.25 1.25 -1.25 -0.0360841 -0.683302 0.505047 4.2006e+09
-1.75 -1.25 -1.25 -0.192904 -0.728335 0.365564 2.47146e+09
-1.25 -0.75 -1.25 -0.183003 -0.692756 0.438326 1.93728e+09
-1.75 -0.25 -1.25 -0.136842 -0.708457 0.439199 2.70486e+09
-1.25 0.25 -1.25 -0.122076 -0.663734 0.501666 2.08128e+09
-1.75 0.75 -1.25 -0.0790463 -0.674885 0.501674 2.91999e+09
-1.25 1.25 -1.25 -0.0647 -0.621217 0.552246 2.20915e+09
-0.75 -1.25 -1.25 -0.231857 -0.667911 0.44324 1.40524e+09
-0.25 -0.75 -1.25 -0.213956 -0.630265 0.511996 1.15317e+09
-0.75 -0.25 -1.25 -0.167432 -0.650941 0.504371 1.53558e+09
-0.25 0.25 -1.25 -0.148599 -0.605188 0.563201 1.24029e+09
-0.75 0.75 -1.25 -0.105976 -0.615573 0.555613 1.63538e+09
-0.25 1.25 -1.25 -0.0873497 -0.56504 0.602921 1.31292e+09
0.25 -1.25 -1.25 -0.260691 -0.608959 0.519452 9.06155e+08
0.75 -0.75 -1.25 -0.235962 -0.568573 0.586346 7.71938e+08
0.25 -0.25 -1.25 -0.191919 -0.58804 0.57464 9.60134e+08
0.75 0.25 -1.25 -0.165539 -0.542437 0.631854 8.11699e+08
0.25 0.75 -1.25 -0.125925 -0.55674 0.615972 1.02143e+09
0.75 1.25 -1.25 -0.097561 -0.505759 0.664611 8.57141e+08
1.25 -1.25 -1.25 -0.279591 -0.544726 0.59768 6.43647e+08
1.75 -0.75 -1.25 -0.247491 -0.502394 0.663092 5.65589e+08
1.25 -0.25 -1.25 -0.206355 -0.524669 0.647963 6.66245e+08
1.75 0.25 -1.25 -0.171165 -0.477537 0.70515 5.82699e+08
1.25 0.75 -1.25 -0.133521 -0.493802 0.684905 6.96835e+08
1.75 1.25 -1.25 -0.0954554 -0.442274 0.7341 6.08694e+08
2.25 -1.25 -1.25 -0.288807 -0.475846 0.675745 4.98934e+08
2.25 -0.25 -1.25 -0.209824 -0.456455 0.723854 5.02447e+08
2.25 0.75 -1.25 -0.13014 -0.427133 0.75798 5.17284e+08
-2.5 -1.5 -1 -0.385449 0.22925 0.3325 1.65447e+10
-2.5 -0.5 -1 -0.49284 0.157183 0.323901 1.98341e+10
-2.5 0.5 -1 -0.57641 0.0701573 0.317419 2.38055e+10
-2.5 1.5 -1 -0.615293 -0.00145276 0.323375 2.77512e+10
-1.5 -1.5 -1 -0.214972 0.346387 0.436001 9.51979e+09
-2 -1 -1 -0.361328 0.275548 0.381191 1.34378e+10
-1.5 -0.5 -1 -0.346487 0.323832 0.424012 1.11148e+10
-2 0 -1 -0.470082 0.222709 0.369198 1.58741e+10
-1.5 0.5 -1 -0.45308 0.283432 0.409185 1.29766e+10
-2 1 -1 -0.553043 0.156654 0.359538 1.86685e+10
-1.5 1.5 -1 -0.534755 0.230271 0.395318 1.50699e+10
-0.5 -1.5 -1 -0.105239 0.400906 0.518256 6.14677e+09
-1 -1 -1 -0.213214 0.381797 0.476542 8.09651e+09
-0.5 -0.5 -1 -0.21619 0.412944 0.515299 7.00222e+09
-1 0 -1 -0.337376 0.367338 0.463113 9.37032e+09
-0.5 0.5 -1 -0.333104 0.401832 0.499242 8.05722e+09
-1 1 -1 -0.440923 0.333873 0.444867 1.08614e+10
-0.5 1.5 -1 -0.432505 0.373333 0.476842 9.2863e+09
0.5 -1.5 -1 -0.0218311 0.414804 0.597133 4.3662e+09
0 -1 -1 -0.113819 0.424978 0.559722 5.42819e+09
0.5 -0.5 -1 -0.126104 0.441752 0.600257 4.86279e+09
0 0 -1 -0.222871 0.436317 0.552523 6.158e+09
0.5 0.5 -1 -0.232601 0.451145 0.588051 5.49784e+09
0 1 -1 -0.332926 0.426706 0.532659 7.05277e+09
0.5 1.5 -1 -0.335614 0.442659 0.563809 6.27276e+09
1.5 -1.5 -1 0.0415244 0.396857 0.676175 3.37435e+09
1 -1 -1 -0.0382551 0.426709 0.641919 3.97317e+09
1.5 -0.5 -1 -0.0573348 0.430634 0.685414 3.65477e+09
1 0 -1 -0.14153 0.450344 0.639429 4.41251e+09
1.5 0.5 -1 -0.159664 0.450793 0.676786 4.05118e+09
1 1 -1 -0.244676 0.457685 0.621785 4.97576e+09
1.5 1.5 -1 -0.258813 0.456257 0.653331 4.56297e+09
2.5 -1.5 -1 0.0972325 0.351052 0.753763 2.80283e+09
2 -1 -1 0.0215211 0.396535 0.724183 3.13735e+09
2.5 -0.5 -1 -0.00180938 0.388465 0.769668 2.9428e+09
2 0 -1 -0.0792335 0.426535 0.726852 3.39588e+09
2.5 0.5 -1 -0.104033 0.414594 0.765286 3.18656e+09
2 1 -1 -0.180299 0.443325 0.711631 3.76218e+09
2.5 1.5 -1 -0.203519 0.428495 0.742849 3.53502e+09
-2.25 -1.25 -0.75 -0.218166 -0.658904 0.353241 1.01428e+10
-2.25 -0.25 -0.75 -0.178534 -0.640549 0.429325 1.12527e+10
-2.25 0.75 -0.75 -0.133705 -0.613965 0.49366 1.23005e+10
-1.25 -1.25 -0.75 -0.231843 -0.605575 0.424675 5.7508e+09
-1.75 -0.75 -0.75 -0.203181 -0.628057 0.424197 8.0502e+09
-1.25 -0.25 -0.75 -0.185047 -0.589422 0.487366 6.38915e+09
-1.75 0.25 -0.75 -0.156811 -0.599005 0.490149 8.70408e+09
-1.25 0.75 -0.75 -0.137631 -0.554063 0.541233 6.82792e+09
-1.75 1.25 -0.75 -0.111842 -0.560892 0.543248 9.29072e+09
-0.25 -1.25 -0.75 -0.251242 -0.558491 0.491192 3.64791e+09
-0.75 -0.75 -0.75 -0.215364 -0.572633 0.489456 4.72749e+09
-0.25 -0.25 -0.75 -0.196515 -0.53465 0.548213 3.91979e+09
-0.75 0.25 -0.75 -0.166347 -0.546931 0.542694 5.13638e+09
-0.25 0.75 -0.75 -0.147494 -0.502737 0.590903 4.19744e+09
-0.75 1.25 -0.75 -0.121111 -0.507911 0.583843 5.44819e+09
0.75 -1.25 -0.75 -0.266851 -0.507198 0.561398 2.52676e+09
0.25 -0.75 -0.75 -0.231118 -0.522471 0.55451 3.09597e+09
0.75 -0.25 -0.75 -0.207826 -0.483196 0.612805 2.65443e+09
0.25 0.25 -0.75 -0.175804 -0.493685 0.601269 3.28967e+09
0.75 0.75 -0.75 -0.151165 -0.450174 0.65036 2.79478e+09
0.25 1.25 -0.75 -0.125516 -0.456718 0.634567 3.48257e+09
1.75 -1.25 -0.75 -0.275959 -0.452654 0.635069 1.9074e+09
1.25 -0.75 -0.75 -0.241428 -0.46955 0.624557 2.20887e+09
1.75 -0.25 -0.75 -0.211188 -0.42882 0.683946 1.94744e+09
1.25 0.25 -0.75 -0.180172 -0.441219 0.66727 2.30022e+09
1.75 0.75 -0.75 -0.147146 -0.396424 0.718782 2.01831e+09
1.25 1.25 -0.75 -0.121049 -0.404027 0.696828 2.40896e+09
2.25 -0.75 -0.75 -0.243375 -0.412662 0.698847 1.70396e+09
2.25 0.25 -0.75 -0.175589 -0.384925 0.740014 1.73489e+09
2.25 1.25 -0.75 -0.10868 -0.348878 0.766745 1.79904e+09
-2.5 -1 -0.5 -0.33388 -0.170116 0.339559 4.36991e+10
-2.5 0 -0.5 -0.357066 -0.188571 0.369688 5.11787e+10
-2.5 1 -0.5 -0.376914 -0.200076 0.393839 5.84907e+10
-2 -1.5 -0.5 -0.256516 -0.0977826 0.376573 3.00684e+10
-1.5 -1 -0.5 -0.242242 -0.0424825 0.433327 2.49963e+10
-2 -0.5 -0.5 -0.311198 -0.103238 0.399339 3.52168e+10
-1.5 0 -0.5 -0.294692 -0.0340726 0.450327 2.86562e+10
-2 0.5 -0.5 -0.342244 -0.105192 0.419863 4.0257e+10
-1.5 1 -0.5 -0.332588 -0.0289532 0.461499 3.23467e+10
-2 1.5 -0.5 -0.367445 -0.108143 0.434824 4.51724e+10
-1 -1.5 -0.5 -0.190787 -0.00450546 0.459937 1.84237e+10
-0.5 -1 -0.5 -0.182107 0.0425025 0.512652 1.58546e+10
-1 -0.5 -0.5 -0.232192 0.0145287 0.483821 2.09632e+10
-0.5 0 -0.5 -0.226093 0.0667766 0.52902 1.78325e+10
-1 0.5 -0.5 -0.283764 0.0289705 0.494056 2.37295e+10
-0.5 1 -0.5 -0.278247 0.0830617 0.531493 2.00078e+10
-1 1.5 -0.5 -0.32781 0.0363303 0.49571 2.65632e+10
0 -1.5 -0.5 -0.137864 0.0528536 0.537907 1.24184e+10
0.5 -1 -0.5 -0.133937 0.0901943 0.590539 1.10307e+10
0 -0.5 -0.5 -0.177069 0.0861152 0.561245 1.38026e+10
0.5 0 -0.5 -0.175452 0.123757 0.605971 1.21641e+10
0 0.5 -0.5 -0.223782 0.1117 0.569481 1.53979e+10
0.5 1 -0.5 -0.223651 0.149654 0.606301 1.34839e+10
0 1.5 -0.5 -0.275564 0.129475 0.564438 1.7151e+10
1 -1.5 -0.5 -0.0968423 0.0837757 0.61578 9.14556e+09
1.5 -1 -0.5 -0.0939874 0.110918 0.670094 8.32297e+09
1 -0.5 -0.5 -0.132465 0.122271 0.639969 9.89435e+09
1.5 0 -0.5 -0.133218 0.148517 0.686289 8.96426e+09
1 0.5 -0.5 -0.176224 0.155117 0.647419 1.08489e+10
1.5 1 -0.5 -0.178406 0.17992 0.685961 9.79854e+09
1 1.5 -0.5 -0.224306 0.180633 0.64035 1.19817e+10
2 -1.5 -0.5 -0.0570948 0.0921218 0.694858 7.27271e+09
2.5 -1 -0.5 -0.0549282 0.110099 0.750068 6.74142e+09
2 -0.5 -0.5 -0.0934832 0.132766 0.721177 7.63867e+09
2.5 0 -0.5 -0.0953165 0.14883 0.768642 7.07521e+09
2 0.5 -0.5 -0.135783 0.168554 0.729421 8.20916e+09
2.5 1 -0.5 -0.140069 0.182041 0.768587 7.608e+09
2 1.5 -0.5 -0.181745 0.197757 0.721072 8.97489e+09
-2.25 -0.75 -0.25 -0.246466 -0.518612 0.38961 1.65466e+10
-2.25 0.25 -0.25 -0.223009 -0.498619 0.451579 1.81354e+10
-2.25 1.25 -0.25 -0.199325 -0.475477 0.50157 1.96008e+10
-1.75 -1.25 -0.25 -0.237285 -0.491963 0.397956 1.16161e+10
-1.25 -0.75 -0.25 -0.22064 -0.467662 0.460411 9.63002e+09
-1.75 -0.25 -0.25 -0.221591 -0.486209 0.454109 1.32472e+10
-1.25 0.25 -0.25 -0.199104 -0.447433 0.509696 1.06237e+10
-1.75 0.75 -0.25 -0.195767 -0.457933 0.505398 1.42657e+10
-1.25 1.25 -0.25 -0.177021 -0.415277 0.548556 1.1348e+10
-0.75 -1.25 -0.25 -0.234043 -0.45931 0.462734 7.30419e+09
-0.25 -0.75 -0.25 -0.218354 -0.428795 0.522628 6.18831e+09
-0.75 -0.25 -0.25 -0.203325 -0.435335 0.516805 7.97559e+09
-0.25 0.25 -0.25 -0.187098 -0.399196 0.566899 6.66241e+09
-0.75 0.75 -0.25 -0.180763 -0.406898 0.556582 8.63508e+09
-0.25 1.25 -0.25 -0.164005 -0.365045 0.596769 7.10811e+09
0.25 -1.25 -0.25 -0.238808 -0.420854 0.528665 4.93099e+09
0.75 -0.75 -0.25 -0.221206 -0.388214 0.588382 4.29934e+09
0.25 -0.25 -0.25 -0.201619 -0.394232 0.577494 5.28118e+09
0.75 0.25 -0.25 -0.182773 -0.357083 0.628184 4.54683e+09
0.25 0.75 -0.25 -0.170113 -0.360435 0.611999 5.6198e+09
0.75 1.25 -0.25 -0.149444 -0.319049 0.65439 4.79473e+09
1.25 -1.25 -0.25 -0.244483 -0.381067 0.598151 3.62766e+09
1.75 -0.75 -0.25 -0.221048 -0.346324 0.659696 3.2308e+09
1.25 -0.25 -0.25 -0.200271 -0.352599 0.644556 3.77267e+09
1.75 0.25 -0.25 -0.175101 -0.314385 0.698112 3.33778e+09
1.25 0.75 -0.25 -0.160006 -0.317514 0.676272 3.95456e+09
1.75 1.25 -0.25 -0.13265 -0.275977 0.722035 3.48711e+09
2.25 -1.25 -0.25 -0.242769 -0.336565 0.672687 2.8621e+09
2.25 -0.25 -0.25 -0.193303 -0.308916 0.718314 2.89763e+09
2.25 0.75 -0.25 -0.145318 -0.273903 0.748954 2.98707e+09
-2.5 -1.5 0 -0.295919 -0.310282 0.31228 6.57351e+10
-2.5 -0.5 0 -0.314099 -0.313326 0.35376 7.84594e+10
-2.5 0.5 0 -0.305673 -0.310086 0.395159 8.96712e+10
-2.5 1.5 0 -0.294327 -0.295457 0.429474 9.88862e+10
-1.5 -1.5 0 -0.239815 -0.19598 0.404378 3.92407e+10
-2 -1 0 -0.2713 -0.248338 0.382075 5.46387e+10
-1.5 -0.5 0 -0.253087 -0.181719 0.441689 4.52426e+10
-2 0 0 -0.290778 -0.236104 0.415215 6.30321e+10
-1.5 0.5 0 -0.273345 -0.160265 0.466646 5.10555e+10
-2 1 0 -0.292625 -0.220388 0.444582 7.04243e+10
-1.5 1.5 0 -0.286681 -0.142989 0.483876 5.63929e+10
-0.5 -1.5 0 -0.195319 -0.118065 0.485249 2.55126e+10
-1 -1 0 -0.222716 -0.141435 0.464653 3.34216e+10
-0.5 -0.5 0 -0.209684 -0.0871041 0.518572 2.86235e+10
-1 0 0 -0.239367 -0.116818 0.493367 3.77325e+10
-0.5 0.5 0 -0.230993 -0.0590799 0.537906 3.18856e+10
-1 1 0 -0.263567 -0.0935655 0.508919 4.20221e+10
-0.5 1.5 0 -0.258986 -0.0344545 0.543965 3.51135e+10
0.5 -1.5 0 -0.164296 -0.0654441 0.562735 1.80919e+10
0 -1 0 -0.183688 -0.0713448 0.542091 2.23672e+10
0.5 -0.5 0 -0.174684 -0.0284286 0.594469 1.97526e+10
0 0 0 -0.200945 -0.0377202 0.566749 2.47611e+10
0.5 0.5 0 -0.195366 0.00620421 0.610159 2.16493e+10
0 1 0 -0.226257 -0.00806909 0.576737 2.72932e+10
0.5 1.5 0 -0.222163 0.0372587 0.611979 2.36768e+10
1.5 -1.5 0 -0.132584 -0.0350535 0.642099 1.38793e+10
1 -1 0 -0.15325 -0.0281887 0.619879 1.62604e+10
1.5 -0.5 0 -0.144252 0.0053219 0.673297 1.47146e+10
1 0 0 -0.167992 0.0098726 0.642816 1.75947e+10
1.5 0.5 0 -0.162407 0.0434302 0.687897 1.58258e+10
1 1 0 -0.1908 0.0449608 0.650227 1.9149e+10
1.5 1.5 0 -0.186294 0.0778776 0.687279 1.71758e+10
2.5 -1.5 0 -0.098916 -0.0204842 0.721168 1.14169e+10
2 -1 0 -0.121379 -0.00549197 0.700105 1.27204e+10
2.5 -0.5 0 -0.111852 0.0202464 0.754394 1.17377e+10
2 0 0 -0.136733 0.0345981 0.723277 1.34239e+10
2.5 0.5 0 -0.130385 0.0590398 0.769424 1.23679e+10
2 1 0 -0.157362 0.0716522 0.729627 1.4403e+10
2.5 1.5 0 -0.152778 0.0943072 0.766998 1.32908e+10
-2.25 -1.25 0.25 -0.284473 -0.377016 0.348599 1.85042e+10
-2.25 -0.25 0.25 -0.295841 -0.392971 0.394281 2.20363e+10
-2.25 0.75 0.25 -0.286498 -0.380462 0.440306 2.40755e+10
-1.25 -1.25 0.25 -0.24241 -0.358238 0.425667 1.18752e+10
-1.75 -0.75 0.25 -0.259026 -0.363781 0.415113 1.57801e+10
-1.25 -0.25 0.25 -0.236635 -0.338296 0.47363 1.32078e+10
-1.75 0.25 0.25 -0.263264 -0.357281 0.456529 1.78429e+10
-1.25 0.75 0.25 -0.236566 -0.318794 0.508805 1.45173e+10
-1.75 1.25 0.25 -0.256639 -0.3378 0.49263 1.92529e+10
-0.25 -1.25 0.25 -0.225821 -0.330519 0.494581 7.90014e+09
-0.75 -0.75 0.25 -0.2261 -0.334354 0.48497 1.0126e+10
-0.25 -0.25 0.25 -0.210986 -0.304556 0.538953 8.63976e+09
-0.75 0.25 0.25 -0.217904 -0.307154 0.525055 1.10524e+10
-0.25 0.75 0.25 -0.202922 -0.273128 0.569504 9.30411e+09
-0.75 1.25 0.25 -0.217782 -0.280674 0.550829 1.19284e+10
0.75 -1.25 0.25 -0.223689 -0.304137 0.562507 5.69625e+09
0.25 -0.75 0.25 -0.212996 -0.303308 0.551853 6.89718e+09
0.75 -0.25 0.25 -0.198735 -0.272603 0.605371 6.04171e+09
0.25 0.25 0.25 -0.196836 -0.272014 0.587692 7.41726e+09
0.75 0.75 0.25 -0.181136 -0.236923 0.633101 6.41412e+09
0.25 1.25 0.25 -0.187364 -0.235839 0.60984 7.88941e+09
1.75 -1.25 0.25 -0.218576 -0.273714 0.635747 4.39294e+09
1.25 -0.75 0.25 -0.207445 -0.274125 0.621515 5.0696e+09
1.75 -0.25 0.25 -0.188138 -0.241636 0.677866 4.53253e+09
1.25 0.25 0.25 -0.181845 -0.239213 0.656183 5.32131e+09
1.75 0.75 0.25 -0.161228 -0.203872 0.704976 4.72843e+09
1.25 1.25 0.25 -0.162116 -0.200008 0.676482 5.60707e+09
2.25 -0.75 0.25 -0.196967 -0.242204 0.697021 3.97675e+09
2.25 0.25 0.25 -0.165173 -0.207252 0.731844 4.08296e+09
2.25 1.25 0.25 -0.136723 -0.167444 0.751001 4.25602e+09
-2.5 -1 0.5 -0.30576 -0.384472 0.318304 9.2112e+10
-2.5 0 0.5 -0.302506 -0.376313 0.364039 1.08126e+11
-2.5 1 0.5 -0.279655 -0.358316 0.406919 1.20406e+11
-2 -1.5 0.5 -0.283605 -0.320288 0.341158 6.53251e+10
-1.5 -1 0.5 -0.258296 -0.261948 0.41067 5.60368e+10
-2 -0.5 0.5 -0.278945 -0.31415 0.388795 7.70935e+10
-1.5 0 0.5 -0.258165 -0.240454 0.448397 6.39244e+10
-2 0.5 0.5 -0.278306 -0.2921 0.424617 8.7349e+10
-1.5 1 0.5 -0.262494 -0.215086 0.474478 7.10116e+10
-2 1.5 0.5 -0.267538 -0.271523 0.455051 9.56737e+10
-1 -1.5 0.5 -0.235048 -0.226878 0.431444 4.18852e+10
-0.5 -1 0.5 -0.2184 -0.173831 0.492746 3.65798e+10
-1 -0.5 0.5 -0.23846 -0.200119 0.471021 4.77417e+10
-0.5 0 0.5 -0.223915 -0.141995 0.523741 4.08439e+10
-1 0.5 0.5 -0.243838 -0.172548 0.498876 5.33489e+10
-0.5 1 0.5 -0.236263 -0.112503 0.540824 4.49842e+10
-1 1.5 0.5 -0.256362 -0.146952 0.513609 5.84145e+10
0 -1.5 0.5 -0.20702 -0.157224 0.511194 2.89163e+10
0.5 -1 0.5 -0.191738 -0.114027 0.570774 2.58135e+10
0 -0.5 0.5 -0.204893 -0.123452 0.548242 3.20091e+10
0.5 0 0.5 -0.1949 -0.077544 0.598242 2.81832e+10
0 0.5 0.5 -0.214828 -0.0897336 0.569474 3.52294e+10
0.5 1 0.5 -0.207815 -0.0420744 0.610537 3.06669e+10
0 1.5 0.5 -0.230856 -0.0576562 0.577323 3.83177e+10
1 -1.5 0.5 -0.179451 -0.112947 0.5914 2.15309e+10
1.5 -1 0.5 -0.164431 -0.0770602 0.651017 1.95962e+10
1 -0.5 0.5 -0.179148 -0.0737806 0.625692 2.31416e+10
1.5 0 0.5 -0.168072 -0.0368806 0.676811 2.08732e+10
1 0.5 0.5 -0.186394 -0.0357265 0.644218 2.5006e+10
1.5 1 0.5 -0.177831 0.00158093 0.687062 2.24135e+10
1 1.5 0.5 -0.200571 0.00057027 0.648452 2.70234e+10
2 -1.5 0.5 -0.149536 -0.0850912 0.672435 1.71955e+10
2.5 -1 0.5 -0.133471 -0.0553331 0.732286 1.5896e+10
2 -0.5 0.5 -0.150801 -0.0440348 0.706882 1.79201e+10
2.5 0 0.5 -0.138058 -0.0145301 0.759018 1.65004e+10
2 0.5 0.5 -0.157462 -0.00392589 0.724549 1.89854e+10
2.5 1 0.5 -0.147044 0.0246041 0.768225 1.74624e+10
2 1.5 0.5 -0.168755 0.0339056 0.726383 2.0357e+10
-2.25 -0.75 0.75 -0.333944 -0.266518 0.344654 2.1506e+10
-2.25 0.25 0.75 -0.360088 -0.287785 0.375912 2.53172e+10
-2.25 1.25 0.75 -0.362108 -0.285165 0.409101 2.76813e+10
-1.75 -1.25 0.75 -0.284035 -0.259745 0.371982 1.62849e+10
-1.25 -0.75 0.75 -0.261779 -0.243926 0.435061 1.42312e+10
-1.75 -0.25 0.75 -0.302115 -0.250004 0.410942 1.86271e+10
-1.25 0.25 0.75 -0.274727 -0.223779 0.46885 1.58044e+10
-1.75 0.75 0.75 -0.320284 -0.246869 0.439953 2.08959e+10
-1.25 1.25 0.75 -0.291983 -0.211845 0.490403 1.73073e+10
-0.75 -1.25 0.75 -0.233329 -0.239973 0.454494 1.0943e+10
-0.25 -0.75 0.75 -0.221473 -0.21889 0.511136 9.64016e+09
-0.75 -0.25 0.75 -0.242682 -0.218899 0.491734 1.22552e+10
-0.25 0.25 0.75 -0.227437 -0.191222 0.541736 1.05539e+10
-0.75 0.75 0.75 -0.254976 -0.194709 0.517505 1.33796e+10
-0.25 1.25 0.75 -0.238988 -0.161761 0.559355 1.13436e+10
0.25 -1.25 0.75 -0.21651 -0.225184 0.525329 7.82128e+09
0.75 -0.75 0.75 -0.204706 -0.200176 0.582383 6.98198e+09
0.25 -0.25 0.75 -0.210076 -0.193503 0.563613 8.46973e+09
0.75 0.25 0.75 -0.198415 -0.165019 0.612536 7.4536e+09
0.25 0.75 0.75 -0.214286 -0.160925 0.586559 9.11751e+09
0.75 1.25 0.75 -0.199965 -0.128047 0.628557 7.92834e+09
1.25 -1.25 0.75 -0.204589 -0.207276 0.598776 5.92663e+09
1.75 -0.75 0.75 -0.189612 -0.180264 0.657984 5.37012e+09
1.25 -0.25 0.75 -0.191629 -0.172382 0.636494 6.24037e+09
1.75 0.25 0.75 -0.175911 -0.142528 0.688514 5.60264e+09
1.25 0.75 0.75 -0.184334 -0.134072 0.659332 6.59395e+09
1.75 1.25 0.75 -0.167008 -0.102159 0.704048 5.89194e+09
2.25 -1.25 0.75 -0.189746 -0.186782 0.675908 4.77148e+09
2.25 -0.25 0.75 -0.171811 -0.151325 0.714922 4.88289e+09
2.25 0.75 0.75 -0.15713 -0.111876 0.738107 5.07357e+09
-2.5 -1.5 1 -0.330671 -0.417114 0.265888 8.72369e+10
-2.5 -0.5 1 -0.308929 -0.422623 0.323784 1.06653e+11
-2.5 0.5 1 -0.292259 -0.405074 0.368699 1.22613e+11
-2.5 1.5 1 -0.258836 -0.383417 0.41114 1.32476e+11
-1.5 -1.5 1 -0.273102 -0.315551 0.37053 5.78823e+10
-2 -1 1 -0.296357 -0.360347 0.34631 7.79978e+10
-1.5 -0.5 1 -0.269392 -0.294618 0.41525 6.74907e+10
-2 0 1 -0.281637 -0.346395 0.392531 9.06233e+10
-1.5 0.5 1 -0.260023 -0.269199 0.45132 7.58217e+10
-2 1 1 -0.267553 -0.320041 0.428408 1.0048e+11
-1.5 1.5 1 -0.25745 -0.244942 0.474802 8.27234e+10
-0.5 -1.5 1 -0.24159 -0.229877 0.457196 3.96901e+10
-1 -1 1 -0.250888 -0.257884 0.43835 5.11141e+10
-0.5 -0.5 1 -0.232269 -0.200537 0.498788 4.46991e+10
-1 0 1 -0.247794 -0.228507 0.474928 5.77396e+10
-0.5 0.5 1 -0.234479 -0.168658 0.525137 4.9508e+10
-1 1 1 -0.248305 -0.200972 0.499085 6.36713e+10
-0.5 1.5 1 -0.242237 -0.138007 0.538425 5.36835e+10
0.5 -1.5 1 -0.215205 -0.172633 0.540118 2.89568e+10
0 -1 1 -0.222627 -0.181595 0.520286 3.54392e+10
0.5 -0.5 1 -0.207502 -0.135713 0.577365 3.16274e+10
0 0 1 -0.219034 -0.147735 0.551826 3.91326e+10
0.5 0.5 1 -0.209072 -0.0990465 0.599107 3.44127e+10
0 1 1 -0.226029 -0.11346 0.568215 4.26695e+10
0.5 1.5 1 -0.218184 -0.0626627 0.607065 3.70841e+10
1.5 -1.5 1 -0.187888 -0.134466 0.623146 2.25675e+10
1 -1 1 -0.197846 -0.132028 0.601515 2.628e+10
1.5 -0.5 1 -0.182418 -0.0936787 0.658503 2.38941e+10
1 0 1 -0.19494 -0.0928292 0.629512 2.83145e+10
1.5 0.5 1 -0.182825 -0.0533233 0.678082 2.5493e+10
1 1 1 -0.199402 -0.0543777 0.642671 3.04757e+10
1.5 1.5 1 -0.188744 -0.014266 0.683055 2.72932e+10
2.5 -1.5 1 -0.156262 -0.109236 0.705131 1.87234e+10
2 -1 1 -0.169732 -0.0997647 0.684453 2.07842e+10
2.5 -0.5 1 -0.152504 -0.067554 0.741933 1.92048e+10
2 0 1 -0.167657 -0.0582337 0.711848 2.1821e+10
2.5 0.5 1 -0.153031 -0.0262342 0.76132 2.0084e+10
2 1 1 -0.170282 -0.0177576 0.723181 2.31694e+10
2.5 1.5 1 -0.157161 0.0136027 0.763785 2.13295e+10
-2.25 -1.25 1.25 -0.353123 -0.17118 0.295245 1.85997e+10
-2.25 -0.25 1.25 -0.390871 -0.176804 0.324224 2.21918e+10
-2.25 0.75 1.25 -0.424754 -0.197181 0.345676 2.57861e+10
-1.25 -1.25 1.25 -0.266244 -0.151122 0.40223 1.32018e+10
-1.75 -0.75 1.25 -0.325969 -0.162423 0.365818 1.72386e+10
-1.25 -0.25 1.25 -0.301588 -0.141811 0.428702 1.52933e+10
-1.75 0.25 1.25 -0.357678 -0.156292 0.391221 1.96629e+10
-1.25 0.75 1.25 -0.329745 -0.129755 0.449011 1.69723e+10
-1.75 1.25 1.25 -0.385324 -0.162863 0.409055 2.19144e+10
-0.25 -1.25 1.25 -0.226835 -0.146475 0.482876 9.58759e+09
-0.75 -0.75 1.25 -0.252591 -0.137267 0.460807 1.1937e+10
-0.25 -0.25 1.25 -0.239717 -0.117403 0.514978 1.06181e+10
-0.75 0.25 1.25 -0.279998 -0.117778 0.484343 1.3354e+10
-0.25 0.75 1.25 -0.264248 -0.0928647 0.532191 1.1616e+10
-0.75 1.25 1.25 -0.30838 -0.101019 0.497193 1.45362e+10
0.75 -1.25 1.25 -0.203115 -0.13868 0.559966 7.21033e+09
0.25 -0.75 1.25 -0.216446 -0.126477 0.539481 8.64413e+09
0.75 -0.25 1.25 -0.206833 -0.103659 0.592397 7.7602e+09
0.25 0.25 1.25 -0.229285 -0.0945018 0.564163 9.39616e+09
0.75 0.75 1.25 -0.218359 -0.0679536 0.610302 8.31398e+09
0.25 1.25 1.25 -0.250327 -0.0640239 0.575371 1.01051e+10
1.75 -1.25 1.25 -0.182945 -0.130153 0.638496 5.7224e+09
1.25 -0.75 1.25 -0.192712 -0.116318 0.617335 6.56492e+09
1.75 -0.25 1.25 -0.18048 -0.0915113 0.672525 5.97504e+09
1.25 0.25 1.25 -0.195969 -0.0780803 0.642873 6.9683e+09
1.75 0.75 1.25 -0.182708 -0.0514469 0.691213 6.28955e+09
1.25 1.25 1.25 -0.20524 -0.0397367 0.654189 7.39839e+09
2.25 -0.75 1.25 -0.168756 -0.105971 0.698129 5.26661e+09
2.25 0.25 1.25 -0.16597 -0.0659326 0.72539 5.46095e+09
2.25 1.25 1.25 -0.166939 -0.0250464 0.736588 5.73226e+09
-2.5 -1 1.5 -0.334391 -0.441514 0.273149 8.76989e+10
-2.5 0 1.5 -0.30704 -0.439241 0.327299 1.05132e+11
-2.5 1 1.5 -0.275995 -0.415003 0.371857 1.16486e+11
-2 -1.5 1.5 -0.31224 -0.393734 0.300544 6.69993e+10
-1.5 -1 1.5 -0.284859 -0.336296 0.375835 6.17035e+10
-2 -0.5 1.5 -0.301939 -0.38079 0.349987 8.06887e+10
-1.5 0 1.5 -0.273519 -0.31113 0.417728 7.08538e+10
-2 0.5 1.5 -0.278908 -0.360319 0.393818 9.15792e+10
-1.5 1 1.5 -0.260483 -0.285916 0.449681 7.81666e+10
-2 1.5 1.5 -0.25872 -0.337234 0.426761 9.90979e+10
-1 -1.5 1.5 -0.27559 -0.297504 0.397086 4.76821e+10
-0.5 -1 1.5 -0.252272 -0.245147 0.465455 4.3149e+10
-1 -0.5 1.5 -0.260703 -0.274145 0.442984 5.48998e+10
-0.5 0 1.5 -0.242855 -0.214582 0.501317 4.82669e+10
-1 0.5 1.5 -0.254314 -0.244542 0.474916 6.12295e+10
-0.5 1 1.5 -0.24389 -0.182682 0.522086 5.2807e+10
-1 1.5 1.5 -0.252846 -0.217117 0.494146 6.6269e+10
0 -1.5 1.5 -0.246416 -0.227319 0.485972 3.473e+10
0.5 -1 1.5 -0.226917 -0.182262 0.550173 3.16238e+10
0 -0.5 1.5 -0.233761 -0.193673 0.526407 3.86282e+10
0.5 0 1.5 -0.219768 -0.145087 0.580627 3.45195e+10
0 0.5 1.5 -0.231042 -0.159367 0.551532 4.23871e+10
0.5 1 1.5 -0.221001 -0.1078 0.596519 3.7284e+10
0 1.5 1.5 -0.236063 -0.124331 0.563066 4.55898e+10
1 -1.5 1.5 -0.220973 -0.178506 0.57204 2.6654e+10
1.5 -1 1.5 -0.201457 -0.139716 0.634936 2.45444e+10
1 -0.5 1.5 -0.210395 -0.139077 0.608771 2.87156e+10
1.5 0 1.5 -0.194953 -0.0984 0.66313 2.60939e+10
1 0.5 1.5 -0.207156 -0.0995442 0.630236 3.08905e+10
1.5 1 1.5 -0.194119 -0.0575545 0.676291 2.78124e+10
1 1.5 1.5 -0.210274 -0.0603935 0.637878 3.30301e+10
2 -1.5 1.5 -0.190844 -0.145351 0.657403 2.16667e+10
2.5 -1 1.5 -0.170189 -0.111475 0.719804 2.01663e+10
2 -0.5 1.5 -0.183091 -0.102899 0.69371 2.25997e+10
2.5 0 1.5 -0.16505 -0.0686609 0.748584 2.08914e+10
2 0.5 1.5 -0.179395 -0.0607567 0.713826 2.38314e+10
2.5 1 1.5 -0.16333 -0.0265423 0.760259 2.19658e+10
2 1.5 1.5 -0.179972 -0.0195277 0.718506 2.53141e+10
