449
-2.5 -1 -1.5 -0.127961 -0.0779822 0.895639 1.02931e+10
-2.5 0 -1.5 -0.117031 -0.0288046 0.907949 1.04815e+10
-2.5 1 -1.5 -0.107128 0.0197923 0.895091 1.09272e+10
-2 -1.5 -1.5 -0.111114 -0.0944015 0.910111 1.00224e+10
-1.5 -1 -1.5 -0.0813807 -0.0635138 0.951709 9.74385e+09
-2 -0.5 -1.5 -0.0992638 -0.0458579 0.936616 9.98972e+09
-1.5 0 -1.5 -0.0708655 -0.0152892 0.965226 9.78207e+09
-2 0.5 -1.5 -0.0891981 0.00268085 0.935751 1.02405e+10
-1.5 1 -1.5 -0.0611589 0.0324997 0.950043 1.01192e+10
-2 1.5 -1.5 -0.0792318 0.0503158 0.908797 1.07801e+10
-1 -1.5 -1.5 -0.0635138 -0.0813807 0.951709 9.74385e+09
-0.5 -1 -1.5 -0.0337299 -0.0523246 0.980743 9.55256e+09
-1 -0.5 -1.5 -0.0523246 -0.0337299 0.980743 9.55256e+09
-0.5 0 -1.5 -0.0237359 -0.00478866 0.995661 9.45586e+09
-1 0.5 -1.5 -0.0425902 0.0140391 0.97993 9.67724e+09
-0.5 1 -1.5 -0.0140391 0.0425902 0.97993 9.67724e+09
-1 1.5 -1.5 -0.0324997 0.0611589 0.950043 1.01192e+10
0 -1.5 -1.5 -0.0152892 -0.0708655 0.965226 9.78207e+09
0.5 -1 -1.5 0.0140391 -0.0425902 0.97993 9.67724e+09
0 -0.5 -1.5 -0.00478866 -0.0237359 0.995661 9.45586e+09
0.5 0 -1.5 0.0237359 0.00478866 0.995661 9.45586e+09
0 0.5 -1.5 0.00478866 0.0237359 0.995661 9.45586e+09
0.5 1 -1.5 0.0337299 0.0523246 0.980743 9.55256e+09
0 1.5 -1.5 0.0152892 0.0708655 0.965226 9.78207e+09
1 -1.5 -1.5 0.0324997 -0.0611589 0.950043 1.01192e+10
1.5 -1 -1.5 0.0611589 -0.0324997 0.950043 1.01192e+10
1 -0.5 -1.5 0.0425902 -0.0140391 0.97993 9.67724e+09
1.5 0 -1.5 0.0708655 0.0152892 0.965226 9.78207e+09
1 0.5 -1.5 0.0523246 0.0337299 0.980743 9.55256e+09
1.5 1 -1.5 0.0813807 0.0635138 0.951709 9.74385e+09
1 1.5 -1.5 0.0635138 0.0813807 0.951709 9.74385e+09
2 -1.5 -1.5 0.0792318 -0.0503158 0.908797 1.07801e+10
2.5 -1 -1.5 0.107128 -0.0197923 0.895091 1.09272e+10
2 -0.5 -1.5 0.0891981 -0.00268085 0.935751 1.02405e+10
2.5 0 -1.5 0.117031 0.0288046 0.907949 1.04815e+10
2 0.5 -1.5 0.0992638 0.0458579 0.936616 9.98972e+09
2.5 1 -1.5 0.127961 0.0779822 0.895639 1.02931e+10
2 1.5 -1.5 0.111114 0.0944015 0.910111 1.00224e+10
-2.25 -0.75 -1.25 -0.0757848 0.0681902 0.923026 2.37882e+09
-2.25 0.25 -1.25 -0.121529 0.115464 0.91875 2.45422e+09
-2.25 1.25 -1.25 -0.165003 0.159905 0.889645 2.59132e+09
-1.75 -1.25 -1.25 -0.026925 0.0212777 0.940397 2.31666e+09
-1.25 -0.75 -1.25 -0.024921 0.0232602 0.970121 2.27924e+09
-1.75 -0.25 -1.25 -0.0733735 0.0703689 0.95243 2.33745e+09
-1.25 0.25 -1.25 -0.0720979 0.0712359 0.970718 2.31122e+09
-1.75 0.75 -1.25 -0.119242 0.116834 0.9367 2.42301e+09
-1.25 1.25 -1.25 -0.11785 0.11785 0.942797 2.41238e+09
-0.75 -1.25 -1.25 0.0232602 -0.024921 0.970121 2.27924e+09
-0.25 -0.75 -1.25 0.0239469 -0.0241279 0.988597 2.25544e+09
-0.75 -0.25 -1.25 -0.0241279 0.0239469 0.988597 2.25544e+09
-0.25 0.25 -1.25 -0.0240119 0.0240119 0.994869 2.2473e+09
-0.75 0.75 -1.25 -0.0715766 0.0715766 0.976927 2.30226e+09
-0.25 1.25 -1.25 -0.0712359 0.0720979 0.970718 2.31122e+09
0.25 -1.25 -1.25 0.0712359 -0.0720979 0.970718 2.31122e+09
0.75 -0.75 -1.25 0.0715766 -0.0715766 0.976927 2.30226e+09
0.25 -0.25 -1.25 0.0240119 -0.0240119 0.994869 2.2473e+09
0.75 0.25 -1.25 0.0241279 -0.0239469 0.988597 2.25544e+09
0.25 0.75 -1.25 -0.0239469 0.0241279 0.988597 2.25544e+09
0.75 1.25 -1.25 -0.0232602 0.024921 0.970121 2.27924e+09
1.25 -1.25 -1.25 0.11785 -0.11785 0.942797 2.41238e+09
1.75 -0.75 -1.25 0.119242 -0.116834 0.9367 2.42301e+09
1.25 -0.25 -1.25 0.0720979 -0.0712359 0.970718 2.31122e+09
1.75 0.25 -1.25 0.0733735 -0.0703689 0.95243 2.33745e+09
1.25 0.75 -1.25 0.024921 -0.0232602 0.970121 2.27924e+09
1.75 1.25 -1.25 0.026925 -0.0212777 0.940397 2.31666e+09
2.25 -1.25 -1.25 0.165003 -0.159905 0.889645 2.59132e+09
2.25 -0.25 -1.25 0.121529 -0.115464 0.91875 2.45422e+09
2.25 0.75 -1.25 0.0757848 -0.0681902 0.923026 2.37882e+09
-2.5 -1.5 -1 -0.143767 -0.111804 0.878318 8.08003e+09
-2.5 -0.5 -1 -0.129667 -0.0603915 0.903569 8.14141e+09
-2.5 0.5 -1 -0.117333 -0.00886454 0.902841 8.38378e+09
-2.5 1.5 -1 -0.105106 0.041741 0.877652 8.80923e+09
-1.5 -1.5 -1 -0.0947147 -0.0947147 0.933434 7.76229e+09
-2 -1 -1 -0.112214 -0.0773116 0.925768 7.85757e+09
-1.5 -0.5 -1 -0.0810046 -0.044106 0.961532 7.68974e+09
-2 0 -1 -0.0993396 -0.0260698 0.938561 7.95182e+09
-1.5 0.5 -1 -0.0689286 0.00665763 0.960323 7.83592e+09
-2 1 -1 -0.0873516 0.0247107 0.92385 8.24621e+09
-1.5 1.5 -1 -0.056617 0.056617 0.93098 8.20009e+09
-0.5 -1.5 -1 -0.044106 -0.0810046 0.961532 7.68974e+09
-1 -1 -1 -0.0625329 -0.0625329 0.969465 7.60175e+09
-0.5 -0.5 -1 -0.031062 -0.031062 0.991868 7.50305e+09
-1 0 -1 -0.0500955 -0.0120445 0.983771 7.58672e+09
-0.5 0.5 -1 -0.0192119 0.0192119 0.991317 7.55192e+09
-1 1 -1 -0.0381688 0.0381688 0.967707 7.79691e+09
-0.5 1.5 -1 -0.00665763 0.0689286 0.960323 7.83592e+09
0.5 -1.5 -1 0.00665763 -0.0689286 0.960323 7.83592e+09
0 -1 -1 -0.0120445 -0.0500955 0.983771 7.58672e+09
0.5 -0.5 -1 0.0192119 -0.0192119 0.991317 7.55192e+09
0 0 -1 -4.8349e-11 2.6991e-11 0.99947 7.46966e+09
0.5 0.5 -1 0.031062 0.031062 0.991868 7.50305e+09
0 1 -1 0.0120445 0.0500955 0.983771 7.58672e+09
0.5 1.5 -1 0.044106 0.0810046 0.961532 7.68974e+09
1.5 -1.5 -1 0.056617 -0.056617 0.93098 8.20009e+09
1 -1 -1 0.0381688 -0.0381688 0.967707 7.79691e+09
1.5 -0.5 -1 0.0689286 -0.00665763 0.960323 7.83592e+09
1 0 -1 0.0500955 0.0120445 0.983771 7.58672e+09
1.5 0.5 -1 0.0810046 0.044106 0.961532 7.68974e+09
1 1 -1 0.0625329 0.0625329 0.969465 7.60175e+09
1.5 1.5 -1 0.0947147 0.0947147 0.933434 7.76229e+09
2.5 -1.5 -1 0.105106 -0.041741 0.877652 8.80923e+09
2 -1 -1 0.0873516 -0.0247107 0.92385 8.24621e+09
2.5 -0.5 -1 0.117333 0.00886454 0.902841 8.38378e+09
2 0 -1 0.0993396 0.0260698 0.938561 7.95182e+09
2.5 0.5 -1 0.129667 0.0603915 0.903569 8.14141e+09
2 1 -1 0.112214 0.0773116 0.925768 7.85757e+09
2.5 1.5 -1 0.143767 0.111804 0.878318 8.08003e+09
-2.25 -1.25 -0.75 -0.0524811 0.0548958 0.918837 1.84968e+09
-2.25 -0.25 -0.75 -0.10545 0.10673 0.924694 1.89471e+09
-2.25 0.75 -0.75 -0.156508 0.154539 0.904625 1.98146e+09
-1.25 -1.25 -0.75 0.00283642 0.00283642 0.961187 1.80414e+09
-1.75 -0.75 -0.75 -0.0512307 0.0559229 0.951836 1.82674e+09
-1.25 -0.25 -0.75 -0.0513269 0.0553509 0.974732 1.80923e+09
-1.75 0.25 -0.75 -0.104555 0.106469 0.947318 1.87398e+09
-1.25 0.75 -0.75 -0.104706 0.105539 0.958925 1.86298e+09
-1.75 1.25 -0.75 -0.155085 0.154601 0.916046 1.96766e+09
-0.25 -1.25 -0.75 0.0553509 -0.0513269 0.974732 1.80923e+09
-0.75 -0.75 -0.75 0.00232122 0.00232122 0.98419 1.78766e+09
-0.25 -0.25 -0.75 0.000881241 0.000881241 0.995984 1.77881e+09
-0.75 0.25 -0.75 -0.0523952 0.0539453 0.986475 1.79988e+09
-0.25 0.75 -0.75 -0.0539453 0.0523952 0.986475 1.79988e+09
-0.75 1.25 -0.75 -0.105539 0.104706 0.958925 1.86298e+09
0.75 -1.25 -0.75 0.105539 -0.104706 0.958925 1.86298e+09
0.25 -0.75 -0.75 0.0539453 -0.0523952 0.986475 1.79988e+09
0.75 -0.25 -0.75 0.0523952 -0.0539453 0.986475 1.79988e+09
0.25 0.25 -0.75 -0.000881241 -0.000881241 0.995984 1.77881e+09
0.75 0.75 -0.75 -0.00232122 -0.00232122 0.98419 1.78766e+09
0.25 1.25 -0.75 -0.0553509 0.0513269 0.974732 1.80923e+09
1.75 -1.25 -0.75 0.155085 -0.154601 0.916046 1.96766e+09
1.25 -0.75 -0.75 0.104706 -0.105539 0.958925 1.86298e+09
1.75 -0.25 -0.75 0.104555 -0.106469 0.947318 1.87398e+09
1.25 0.25 -0.75 0.0513269 -0.0553509 0.974732 1.80923e+09
1.75 0.75 -0.75 0.0512307 -0.0559229 0.951836 1.82674e+09
1.25 1.25 -0.75 -0.00283642 -0.00283642 0.961187 1.80414e+09
2.25 -0.75 -0.75 0.156508 -0.154539 0.904625 1.98146e+09
2.25 0.25 -0.75 0.10545 -0.10673 0.924694 1.89471e+09
2.25 1.25 -0.75 0.0524811 -0.0548958 0.918837 1.84968e+09
-2.5 -1 -0.5 -0.144882 -0.0947435 0.892771 6.07947e+09
-2.5 0 -0.5 -0.129702 -0.0405763 0.904944 6.2005e+09
-2.5 1 -0.5 -0.115432 0.0131542 0.891216 6.43764e+09
-2 -1.5 -0.5 -0.128124 -0.111291 0.907861 5.94078e+09
-1.5 -1 -0.5 -0.0938465 -0.0756846 0.950457 5.82337e+09
-2 -0.5 -0.5 -0.111902 -0.0577615 0.934737 5.95067e+09
-1.5 0 -0.5 -0.0789153 -0.0221929 0.963954 5.86106e+09
-2 0.5 -0.5 -0.0974798 -0.00399718 0.933331 6.0962e+09
-1.5 1 -0.5 -0.0646433 0.0309404 0.947902 6.04335e+09
-2 1.5 -0.5 -0.0828439 0.0488751 0.905183 6.37459e+09
-1 -1.5 -0.5 -0.0756846 -0.0938465 0.950457 5.82337e+09
-0.5 -1 -0.5 -0.0410056 -0.0600239 0.980111 5.74129e+09
-1 -0.5 -0.5 -0.0600239 -0.0410056 0.980111 5.74129e+09
-0.5 0 -0.5 -0.0264895 -0.0070662 0.995328 5.69883e+09
-1 0.5 -0.5 -0.0457677 0.0121858 0.978949 5.81512e+09
-0.5 1 -0.5 -0.0121858 0.0457677 0.978949 5.81512e+09
-1 1.5 -0.5 -0.0309404 0.0646433 0.947902 6.04335e+09
0 -1.5 -0.5 -0.0221929 -0.0789153 0.963954 5.86106e+09
0.5 -1 -0.5 0.0121858 -0.0457677 0.978949 5.81512e+09
0 -0.5 -0.5 -0.0070662 -0.0264895 0.995328 5.69883e+09
0.5 0 -0.5 0.0264895 0.0070662 0.995328 5.69883e+09
0 0.5 -0.5 0.0070662 0.0264895 0.995328 5.69883e+09
0.5 1 -0.5 0.0410056 0.0600239 0.980111 5.74129e+09
0 1.5 -0.5 0.0221929 0.0789153 0.963954 5.86106e+09
1 -1.5 -0.5 0.0309404 -0.0646433 0.947902 6.04335e+09
1.5 -1 -0.5 0.0646433 -0.0309404 0.947902 6.04335e+09
1 -0.5 -0.5 0.0457677 -0.0121858 0.978949 5.81512e+09
1.5 0 -0.5 0.0789153 0.0221929 0.963954 5.86106e+09
1 0.5 -0.5 0.0600239 0.0410056 0.980111 5.74129e+09
1.5 1 -0.5 0.0938465 0.0756846 0.950457 5.82337e+09
1 1.5 -0.5 0.0756846 0.0938465 0.950457 5.82337e+09
2 -1.5 -0.5 0.0828439 -0.0488751 0.905183 6.37459e+09
2.5 -1 -0.5 0.115432 -0.0131542 0.891216 6.43764e+09
2 -0.5 -0.5 0.0974798 0.00399718 0.933331 6.0962e+09
2.5 0 -0.5 0.129702 0.0405763 0.904944 6.2005e+09
2 0.5 -0.5 0.111902 0.0577615 0.934737 5.95067e+09
2.5 1 -0.5 0.144882 0.0947435 0.892771 6.07947e+09
2 1.5 -0.5 0.128124 0.111291 0.907861 5.94078e+09
-2.25 -0.75 -0.25 -0.0834332 0.0919831 0.927391 1.40568e+09
-2.25 0.25 -0.25 -0.141464 0.144227 0.916897 1.46096e+09
-2.25 1.25 -0.25 -0.194945 0.192846 0.882114 1.54322e+09
-1.75 -1.25 -0.25 -0.0237246 0.0351835 0.94666 1.3724e+09
-1.25 -0.75 -0.25 -0.0245234 0.0340655 0.973268 1.36583e+09
-1.75 -0.25 -0.25 -0.0834158 0.0908958 0.953813 1.3976e+09
-1.25 0.25 -0.25 -0.0845388 0.0888081 0.970154 1.39166e+09
-1.75 0.75 -0.25 -0.141041 0.142858 0.933078 1.45301e+09
-1.25 1.25 -0.25 -0.141588 0.141588 0.938566 1.45014e+09
-0.75 -1.25 -0.25 0.0340655 -0.0245234 0.973268 1.36583e+09
-0.25 -0.75 -0.25 0.0318367 -0.0264676 0.989716 1.3608e+09
-0.75 -0.25 -0.25 -0.0264676 0.0318367 0.989716 1.3608e+09
-0.25 0.25 -0.25 -0.029095 0.029095 0.995286 1.35891e+09
-0.75 0.75 -0.25 -0.0864788 0.0864788 0.975691 1.38948e+09
-0.25 1.25 -0.25 -0.0888081 0.0845388 0.970154 1.39166e+09
0.25 -1.25 -0.25 0.0888081 -0.0845388 0.970154 1.39166e+09
0.75 -0.75 -0.25 0.0864788 -0.0864788 0.975691 1.38948e+09
0.25 -0.25 -0.25 0.029095 -0.029095 0.995286 1.35891e+09
0.75 0.25 -0.25 0.0264676 -0.0318367 0.989716 1.3608e+09
0.25 0.75 -0.25 -0.0318367 0.0264676 0.989716 1.3608e+09
0.75 1.25 -0.25 -0.0340655 0.0245234 0.973268 1.36583e+09
1.25 -1.25 -0.25 0.141588 -0.141588 0.938566 1.45014e+09
1.75 -0.75 -0.25 0.141041 -0.142858 0.933078 1.45301e+09
1.25 -0.25 -0.25 0.0845388 -0.0888081 0.970154 1.39166e+09
1.75 0.25 -0.25 0.0834158 -0.0908958 0.953813 1.3976e+09
1.25 0.75 -0.25 0.0245234 -0.0340655 0.973268 1.36583e+09
1.75 1.25 -0.25 0.0237246 -0.0351835 0.94666 1.3724e+09
2.25 -1.25 -0.25 0.194945 -0.192846 0.882114 1.54322e+09
2.25 -0.25 -0.25 0.141464 -0.144227 0.916897 1.46096e+09
2.25 0.75 -0.25 0.0834332 -0.0919831 0.927391 1.40568e+09
-2.5 -1.5 0 -0.163224 -0.131786 0.875171 4.36368e+09
-2.5 -0.5 0 -0.14441 -0.0754413 0.900821 4.42206e+09
-2.5 0.5 0 -0.127581 -0.0188011 0.899627 4.55038e+09
-2.5 1.5 0 -0.110571 0.0369165 0.873425 4.74529e+09
-1.5 -1.5 0 -0.109842 -0.109842 0.931768 4.24893e+09
-2 -1 0 -0.127288 -0.0923909 0.923811 4.29268e+09
-1.5 -0.5 0 -0.0914301 -0.0541148 0.96033 4.23611e+09
-2 0 0 -0.109777 -0.0359485 0.936522 4.35716e+09
-1.5 0.5 0 -0.0746004 0.00200745 0.958686 4.31653e+09
-2 1 0 -0.0930306 0.0200713 0.921 4.50271e+09
-1.5 1.5 0 -0.05726 0.05726 0.928249 4.48713e+09
-0.5 -1.5 0 -0.0541148 -0.0914301 0.96033 4.23611e+09
-1 -1 0 -0.0727617 -0.0727617 0.968568 4.19526e+09
-0.5 -0.5 0 -0.0362227 -0.0362227 0.9914 4.16069e+09
-1 0 0 -0.0555758 -0.0168954 0.982991 4.20003e+09
-0.5 0.5 0 -0.0195558 0.0195558 0.990678 4.18785e+09
-1 1 0 -0.0387518 0.0387518 0.966205 4.30305e+09
-0.5 1.5 0 -0.00200745 0.0746004 0.958686 4.31653e+09
0.5 -1.5 0 0.00200745 -0.0746004 0.958686 4.31653e+09
0 -1 0 -0.0168954 -0.0555758 0.982991 4.20003e+09
0.5 -0.5 0 0.0195558 -0.0195558 0.990678 4.18785e+09
0 0 0 6.728e-12 -3.098e-12 0.999143 4.14892e+09
0.5 0.5 0 0.0362227 0.0362227 0.9914 4.16069e+09
0 1 0 0.0168954 0.0555758 0.982991 4.20003e+09
0.5 1.5 0 0.0541148 0.0914301 0.96033 4.23611e+09
1.5 -1.5 0 0.05726 -0.05726 0.928249 4.48713e+09
1 -1 0 0.0387518 -0.0387518 0.966205 4.30305e+09
1.5 -0.5 0 0.0746004 -0.00200745 0.958686 4.31653e+09
1 0 0 0.0555758 0.0168954 0.982991 4.20003e+09
1.5 0.5 0 0.0914301 0.0541148 0.96033 4.23611e+09
1 1 0 0.0727617 0.0727617 0.968568 4.19526e+09
1.5 1.5 0 0.109842 0.109842 0.931768 4.24893e+09
2.5 -1.5 0 0.110571 -0.0369165 0.873425 4.74529e+09
2 -1 0 0.0930306 -0.0200713 0.921 4.50271e+09
2.5 -0.5 0 0.127581 0.0188011 0.899627 4.55038e+09
2 0 0 0.109777 0.0359485 0.936522 4.35716e+09
2.5 0.5 0 0.14441 0.0754413 0.900821 4.42206e+09
2 1 0 0.127288 0.0923909 0.923811 4.29268e+09
2.5 1.5 0 0.163224 0.131786 0.875171 4.36368e+09
-2.25 -1.25 0.25 -0.0568154 0.0702074 0.926444 1.00108e+09
-2.25 -0.25 0.25 -0.120672 0.128274 0.926234 1.03757e+09
-2.25 0.75 0.25 -0.180915 0.180869 0.900233 1.09014e+09
-1.25 -1.25 0.25 0.0067741 0.0067741 0.96614 9.93237e+08
-1.75 -0.75 0.25 -0.0570646 0.0691632 0.955877 1.00438e+09
-1.25 -0.25 0.25 -0.0585659 0.0668798 0.976122 1.00517e+09
-1.75 0.25 0.25 -0.120886 0.126262 0.946338 1.03746e+09
-1.25 0.75 0.25 -0.122043 0.123927 0.956625 1.03681e+09
-1.75 1.25 0.25 -0.179967 0.179973 0.910479 1.08862e+09
-0.25 -1.25 0.25 0.0668798 -0.0585659 0.976122 1.00517e+09
-0.75 -0.75 0.25 0.00463812 0.00463812 0.986437 9.9437e+08
-0.25 -0.25 0.25 0.00163497 0.00163497 0.996785 9.94439e+08
-0.75 0.25 0.25 -0.0609981 0.0639217 0.986456 1.00503e+09
-0.25 0.75 0.25 -0.0639217 0.0609981 0.986456 1.00503e+09
-0.75 1.25 0.25 -0.123927 0.122043 0.956625 1.03681e+09
0.75 -1.25 0.25 0.123927 -0.122043 0.956625 1.03681e+09
0.25 -0.75 0.25 0.0639217 -0.0609981 0.986456 1.00503e+09
0.75 -0.25 0.25 0.0609981 -0.0639217 0.986456 1.00503e+09
0.25 0.25 0.25 -0.00163497 -0.00163497 0.996785 9.94439e+08
0.75 0.75 0.25 -0.00463812 -0.00463812 0.986437 9.9437e+08
0.25 1.25 0.25 -0.0668798 0.0585659 0.976122 1.00517e+09
1.75 -1.25 0.25 0.179967 -0.179973 0.910479 1.08862e+09
1.25 -0.75 0.25 0.122043 -0.123927 0.956625 1.03681e+09
1.75 -0.25 0.25 0.120886 -0.126262 0.946338 1.03746e+09
1.25 0.25 0.25 0.0585659 -0.0668798 0.976122 1.00517e+09
1.75 0.75 0.25 0.0570646 -0.0691632 0.955877 1.00438e+09
1.25 1.25 0.25 -0.0067741 -0.0067741 0.96614 9.93237e+08
2.25 -0.75 0.25 0.180915 -0.180869 0.900233 1.09014e+09
2.25 0.25 0.25 0.120672 -0.128274 0.926234 1.03757e+09
2.25 1.25 0.25 0.0568154 -0.0702074 0.926444 1.00108e+09
-2.5 -1 0.5 -0.162128 -0.11345 0.889863 3.03786e+09
-2.5 0 0.5 -0.141791 -0.0541895 0.902131 3.10951e+09
-2.5 1 0.5 -0.122431 0.00451852 0.887842 3.21493e+09
-2 -1.5 0.5 -0.1461 -0.129736 0.90539 2.98199e+09
-1.5 -1 0.5 -0.106986 -0.088973 0.948965 2.95679e+09
-2 -0.5 0.5 -0.124737 -0.0711525 0.932741 3.00913e+09
-1.5 0 0.5 -0.0868726 -0.0302645 0.962507 2.98605e+09
-2 0.5 0.5 -0.1051 -0.01226 0.930991 3.08282e+09
-1.5 1 0.5 -0.0672406 0.0281612 0.945807 3.06954e+09
-2 1.5 0.5 -0.0850295 0.0457185 0.901996 3.19951e+09
-1 -1.5 0.5 -0.088973 -0.106986 0.948965 2.95679e+09
-0.5 -1 0.5 -0.0490351 -0.0680527 0.979196 2.93583e+09
-1 -0.5 0.5 -0.0680527 -0.0490351 0.979196 2.93583e+09
-0.5 0 0.5 -0.0292154 -0.00970322 0.994701 2.92564e+09
-1 0.5 0.5 -0.048523 0.00956271 0.977781 2.97464e+09
-0.5 1 0.5 -0.00956271 0.048523 0.977781 2.97464e+09
-1 1.5 0.5 -0.0281612 0.0672406 0.945807 3.06954e+09
0 -1.5 0.5 -0.0302645 -0.0868726 0.962507 2.98605e+09
0.5 -1 0.5 0.00956271 -0.048523 0.977781 2.97464e+09
0 -0.5 0.5 -0.00970322 -0.0292154 0.994701 2.92564e+09
0.5 0 0.5 0.0292154 0.00970322 0.994701 2.92564e+09
0 0.5 0.5 0.00970322 0.0292154 0.994701 2.92564e+09
0.5 1 0.5 0.0490351 0.0680527 0.979196 2.93583e+09
0 1.5 0.5 0.0302645 0.0868726 0.962507 2.98605e+09
1 -1.5 0.5 0.0281612 -0.0672406 0.945807 3.06954e+09
1.5 -1 0.5 0.0672406 -0.0281612 0.945807 3.06954e+09
1 -0.5 0.5 0.048523 -0.00956271 0.977781 2.97464e+09
1.5 0 0.5 0.0868726 0.0302645 0.962507 2.98605e+09
1 0.5 0.5 0.0680527 0.0490351 0.979196 2.93583e+09
1.5 1 0.5 0.106986 0.088973 0.948965 2.95679e+09
1 1.5 0.5 0.088973 0.106986 0.948965 2.95679e+09
2 -1.5 0.5 0.0850295 -0.0457185 0.901996 3.19951e+09
2.5 -1 0.5 0.122431 -0.00451852 0.887842 3.21493e+09
2 -0.5 0.5 0.1051 0.01226 0.930991 3.08282e+09
2.5 0 0.5 0.141791 0.0541895 0.902131 3.10951e+09
2 0.5 0.5 0.124737 0.0711525 0.932741 3.00913e+09
2.5 1 0.5 0.162128 0.11345 0.889863 3.03786e+09
2 1.5 0.5 0.1461 0.129736 0.90539 2.98199e+09
-2.25 -0.75 0.75 -0.0953769 0.105337 0.932123 7.08556e+08
-2.25 0.25 0.75 -0.161316 0.163686 0.915749 7.43271e+08
-2.25 1.25 0.75 -0.220739 0.217049 0.875879 7.85386e+08
-1.75 -1.25 0.75 -0.0269488 0.0407114 0.953094 6.93768e+08
-1.25 -0.75 0.75 -0.0281205 0.0391336 0.976511 7.00652e+08
-1.75 -0.25 0.75 -0.0956492 0.103758 0.955431 7.15175e+08
-1.25 0.25 0.75 -0.0969473 0.10134 0.969736 7.1829e+08
-1.75 0.75 0.75 -0.16085 0.162137 0.930004 7.46094e+08
-1.25 1.25 0.75 -0.161112 0.161112 0.934846 7.46812e+08
-0.75 -1.25 0.75 0.0391336 -0.0281205 0.976511 7.00652e+08
-0.25 -0.75 0.75 0.0363921 -0.0304709 0.990829 7.04138e+08
-0.75 -0.25 0.75 -0.0304709 0.0363921 0.990829 7.04138e+08
-0.25 0.25 0.75 -0.0333391 0.0333391 0.995659 7.05167e+08
-0.75 0.75 0.75 -0.0989137 0.0989137 0.974578 7.19121e+08
-0.25 1.25 0.75 -0.10134 0.0969473 0.969736 7.1829e+08
0.25 -1.25 0.75 0.10134 -0.0969473 0.969736 7.1829e+08
0.75 -0.75 0.75 0.0989137 -0.0989137 0.974578 7.19121e+08
0.25 -0.25 0.75 0.0333391 -0.0333391 0.995659 7.05167e+08
0.75 0.25 0.75 0.0304709 -0.0363921 0.990829 7.04138e+08
0.25 0.75 0.75 -0.0363921 0.0304709 0.990829 7.04138e+08
0.75 1.25 0.75 -0.0391336 0.0281205 0.976511 7.00652e+08
1.25 -1.25 0.75 0.161112 -0.161112 0.934846 7.46812e+08
1.75 -0.75 0.75 0.16085 -0.162137 0.930004 7.46094e+08
1.25 -0.25 0.75 0.0969473 -0.10134 0.969736 7.1829e+08
1.75 0.25 0.75 0.0956492 -0.103758 0.955431 7.15175e+08
1.25 0.75 0.75 0.0281205 -0.0391336 0.976511 7.00652e+08
1.75 1.25 0.75 0.0269488 -0.0407114 0.953094 6.93768e+08
2.25 -1.25 0.75 0.220739 -0.217049 0.875879 7.85386e+08
2.25 -0.25 0.75 0.161316 -0.163686 0.915749 7.43271e+08
2.25 0.75 0.75 0.0953769 -0.105337 0.932123 7.08556e+08
-2.5 -1.5 1 -0.183658 -0.154378 0.871443 2.00562e+09
-2.5 -0.5 1 -0.15889 -0.0930756 0.897895 2.05045e+09
-2.5 0.5 1 -0.136016 -0.0315975 0.896731 2.11015e+09
-2.5 1.5 1 -0.113124 0.0287449 0.870129 2.1801e+09
-1.5 -1.5 1 -0.126446 -0.126446 0.929484 1.98856e+09
-2 -1 1 -0.143087 -0.109449 0.921328 2.00495e+09
-1.5 -0.5 1 -0.102069 -0.0657763 0.958614 1.99817e+09
-2 0 1 -0.119556 -0.04813 0.934261 2.0431e+09
-1.5 0.5 1 -0.0792356 -0.00455941 0.956822 2.03716e+09
-2 1 1 -0.0968331 0.0127846 0.918381 2.1035e+09
-1.5 1.5 1 -0.0556768 0.0556768 0.925737 2.10088e+09
-0.5 -1.5 1 -0.0657763 -0.102069 0.958614 1.99817e+09
-1 -1 1 -0.0840073 -0.0840073 0.967076 1.98217e+09
-0.5 -0.5 1 -0.0419068 -0.0419068 0.990382 1.9784e+09
-1 0 1 -0.0608207 -0.0229261 0.981732 1.99357e+09
-0.5 0.5 1 -0.0192609 0.0192609 0.989575 1.99263e+09
-1 1 1 -0.0379151 0.0379151 0.964478 2.0352e+09
-0.5 1.5 1 0.00455941 0.0792356 0.956822 2.03716e+09
0.5 -1.5 1 -0.00455941 -0.0792356 0.956822 2.03716e+09
0 -1 1 -0.0229261 -0.0608207 0.981732 1.99357e+09
0.5 -0.5 1 0.0192609 -0.0192609 0.989575 1.99263e+09
0 0 1 2.2041e-11 -2.8179e-11 0.998291 1.97805e+09
0.5 0.5 1 0.0419068 0.0419068 0.990382 1.9784e+09
0 1 1 0.0229261 0.0608207 0.981732 1.99357e+09
0.5 1.5 1 0.0657763 0.102069 0.958614 1.99817e+09
1.5 -1.5 1 0.0556768 -0.0556768 0.925737 2.10088e+09
1 -1 1 0.0379151 -0.0379151 0.964478 2.0352e+09
1.5 -0.5 1 0.0792356 0.00455941 0.956822 2.03716e+09
1 0 1 0.0608207 0.0229261 0.981732 1.99357e+09
1.5 0.5 1 0.102069 0.0657763 0.958614 1.99817e+09
1 1 1 0.0840073 0.0840073 0.967076 1.98217e+09
1.5 1.5 1 0.126446 0.126446 0.929484 1.98856e+09
2.5 -1.5 1 0.113124 -0.0287449 0.870129 2.1801e+09
2 -1 1 0.0968331 -0.0127846 0.918381 2.1035e+09
2.5 -0.5 1 0.136016 0.0315975 0.896731 2.11015e+09
2 0 1 0.119556 0.04813 0.934261 2.0431e+09
2.5 0.5 1 0.15889 0.0930756 0.897895 2.05045e+09
2 1 1 0.143087 0.109449 0.921328 2.00495e+09
2.5 1.5 1 0.183658 0.154378 0.871443 2.00562e+09
-2.25 -1.25 1.25 -0.0669855 0.0751287 0.933807 4.63356e+08
-2.25 -0.25 1.25 -0.137355 0.139735 0.928071 4.8789e+08
-2.25 0.75 1.25 -0.202258 0.198216 0.89698 5.15108e+08
-1.25 -1.25 1.25 0.00506063 0.00506063 0.970901 4.69574e+08
-1.75 -0.75 1.25 -0.0666362 0.0748924 0.959844 4.74397e+08
-1.25 -0.25 1.25 -0.0674401 0.0731149 0.977431 4.80946e+08
-1.75 0.25 1.25 -0.136793 0.138724 0.945657 4.94354e+08
-1.25 0.75 1.25 -0.136955 0.137677 0.954616 4.97266e+08
-1.75 1.25 1.25 -0.200369 0.198949 0.905932 5.18158e+08
-0.25 -1.25 1.25 0.0731149 -0.0674401 0.977431 4.80946e+08
-0.75 -0.75 1.25 0.00337274 0.00337274 0.988478 4.76269e+08
-0.25 -0.25 1.25 0.00111368 0.00111368 0.997408 4.79398e+08
-0.75 0.25 1.25 -0.0689549 0.0708921 0.986358 4.84026e+08
-0.25 0.75 1.25 -0.0708921 0.0689549 0.986358 4.84026e+08
-0.75 1.25 1.25 -0.137677 0.136955 0.954616 4.97266e+08
0.75 -1.25 1.25 0.137677 -0.136955 0.954616 4.97266e+08
0.25 -0.75 1.25 0.0708921 -0.0689549 0.986358 4.84026e+08
0.75 -0.25 1.25 0.0689549 -0.0708921 0.986358 4.84026e+08
0.25 0.25 1.25 -0.00111368 -0.00111368 0.997408 4.79398e+08
0.75 0.75 1.25 -0.00337274 -0.00337274 0.988478 4.76269e+08
0.25 1.25 1.25 -0.0731149 0.0674401 0.977431 4.80946e+08
1.75 -1.25 1.25 0.200369 -0.198949 0.905932 5.18158e+08
1.25 -0.75 1.25 0.136955 -0.137677 0.954616 4.97266e+08
1.75 -0.25 1.25 0.136793 -0.138724 0.945657 4.94354e+08
1.25 0.25 1.25 0.0674401 -0.0731149 0.977431 4.80946e+08
1.75 0.75 1.25 0.0666362 -0.0748924 0.959844 4.74397e+08
1.25 1.25 1.25 -0.00506063 -0.00506063 0.970901 4.69574e+08
2.25 -0.75 1.25 0.202258 -0.198216 0.89698 5.15108e+08
2.25 0.25 1.25 0.137355 -0.139735 0.928071 4.8789e+08
2.25 1.25 1.25 0.0669855 -0.0751287 0.933807 4.63356e+08
-2.5 -1 1.5 -0.179899 -0.135391 0.885931 1.3012e+09
-2.5 0 1.5 -0.152041 -0.0716178 0.899053 1.33782e+09
-2.5 1 1.5 -0.125934 -0.00855152 0.884922 1.37705e+09
-2 -1.5 1.5 -0.166154 -0.150632 0.901554 1.28354e+09
-1.5 -1 1.5 -0.121335 -0.104348 0.946263 1.28893e+09
-2 -0.5 1.5 -0.137248 -0.0874849 0.929844 1.3077e+09
-1.5 0 1.5 -0.0940312 -0.040792 0.960243 1.30991e+09
-2 0.5 1.5 -0.110475 -0.0240109 0.928358 1.34016e+09
-1.5 1 1.5 -0.0672766 0.022267 0.943403 1.33938e+09
-2 1.5 1.5 -0.0835645 0.0382676 0.899208 1.37631e+09
-1 -1.5 1.5 -0.104348 -0.121335 0.946263 1.28893e+09
-0.5 -1 1.5 -0.0586445 -0.0767288 0.97723 1.29175e+09
-1 -0.5 1.5 -0.0767288 -0.0586445 0.97723 1.29175e+09
-0.5 0 1.5 -0.0319889 -0.0132812 0.993123 1.29292e+09
-1 0.5 1.5 -0.0501353 0.00505098 0.975831 1.31017e+09
-0.5 1 1.5 -0.00505098 0.0501353 0.975831 1.31017e+09
-1 1.5 1.5 -0.022267 0.0672766 0.943403 1.33938e+09
0 -1.5 1.5 -0.040792 -0.0940312 0.960243 1.30991e+09
0.5 -1 1.5 0.00505098 -0.0501353 0.975831 1.31017e+09
0 -0.5 1.5 -0.0132812 -0.0319889 0.993123 1.29292e+09
0.5 0 1.5 0.0319889 0.0132812 0.993123 1.29292e+09
0 0.5 1.5 0.0132812 0.0319889 0.993123 1.29292e+09
0.5 1 1.5 0.0586445 0.0767288 0.97723 1.29175e+09
0 1.5 1.5 0.040792 0.0940312 0.960243 1.30991e+09
1 -1.5 1.5 0.022267 -0.0672766 0.943403 1.33938e+09
1.5 -1 1.5 0.0672766 -0.022267 0.943403 1.33938e+09
1 -0.5 1.5 0.0501353 -0.00505098 0.975831 1.31017e+09
1.5 0 1.5 0.0940312 0.040792 0.960243 1.30991e+09
1 0.5 1.5 0.0767288 0.0586445 0.97723 1.29175e+09
1.5 1 1.5 0.121335 0.104348 0.946263 1.28893e+09
1 1.5 1.5 0.104348 0.121335 0.946263 1.28893e+09
2 -1.5 1.5 0.0835645 -0.0382676 0.899208 1.37631e+09
2.5 -1 1.5 0.125934 0.00855152 0.884922 1.37705e+09
2 -0.5 1.5 0.110475 0.0240109 0.928358 1.34016e+09
2.5 0 1.5 0.152041 0.0716178 0.899053 1.33782e+09
2 0.5 1.5 0.137248 0.0874849 0.929844 1.3077e+09
2.5 1 1.5 0.179899 0.135391 0.885931 1.3012e+09
2 1.5 1.5 0.166154 0.150632 0.901554 1.28354e+09
