449
-2.5 -1 -1.5 -0.266878 0.649246 0.365695 1.71821e+09
-2.5 0 -1.5 -0.134265 0.674716 0.449685 1.60164e+09
-2.5 1 -1.5 0.0534303 0.598157 0.542158 1.4065e+09
-2 -1.5 -1.5 -0.295792 0.639543 0.418613 2.26419e+09
-1.5 -1 -1.5 -0.203105 0.718729 0.462006 2.91455e+09
-2 -0.5 -1.5 -0.163354 0.71125 0.457764 2.30793e+09
-1.5 0 -1.5 -0.044172 0.76346 0.473826 2.95023e+09
-2 0.5 -1.5 0.0189044 0.71402 0.499755 2.16261e+09
-1.5 1 -1.5 0.152772 0.747268 0.47675 2.72607e+09
-2 1.5 -1.5 0.238807 0.631316 0.5302 1.89294e+09
-1 -1.5 -1.5 -0.234971 0.715732 0.459571 3.14859e+09
-0.5 -1 -1.5 -0.143378 0.778415 0.444012 3.46626e+09
-1 -0.5 -1.5 -0.101265 0.778179 0.458265 3.45693e+09
-0.5 0 -1.5 -0.0031682 0.818457 0.427793 3.69859e+09
-1 0.5 -1.5 0.0662771 0.799693 0.446331 3.42298e+09
-0.5 1 -1.5 0.163819 0.819266 0.398096 3.53572e+09
-1 1.5 -1.5 0.261151 0.765723 0.421459 3.06233e+09
0 -1.5 -1.5 -0.170555 0.774157 0.425597 3.03242e+09
0.5 -1 -1.5 -0.085506 0.818106 0.393596 2.89099e+09
0 -0.5 -1.5 -0.0530144 0.821492 0.411943 3.46815e+09
0.5 0 -1.5 0.0332431 0.847789 0.371076 3.16943e+09
0 0.5 -1.5 0.0878902 0.841646 0.383734 3.56052e+09
0.5 1 -1.5 0.171242 0.850191 0.33336 3.11755e+09
0 1.5 -1.5 0.249829 0.823691 0.34131 3.26448e+09
1 -1.5 -1.5 -0.104136 0.812606 0.37094 2.20963e+09
1.5 -1 -1.5 -0.0253199 0.84065 0.337008 1.9088e+09
1 -0.5 -1.5 -0.00319075 0.846026 0.356 2.5522e+09
1.5 0 -1.5 0.0743337 0.860541 0.315356 2.1075e+09
1 0.5 -1.5 0.113774 0.859969 0.325765 2.67645e+09
1.5 1 -1.5 0.187285 0.86069 0.278139 2.11821e+09
1 1.5 -1.5 0.246399 0.846753 0.280206 2.52473e+09
2 -1.5 -1.5 -0.0371916 0.833764 0.31433 1.35765e+09
2.5 -1 -1.5 0.0339973 0.849416 0.2828 1.09903e+09
2 -0.5 -1.5 0.0490632 0.856209 0.300968 1.55604e+09
2.5 0 -1.5 0.117416 0.861741 0.263366 1.20831e+09
2 0.5 -1.5 0.145479 0.864236 0.272843 1.64658e+09
2.5 1 -1.5 0.209234 0.859593 0.228931 1.23073e+09
2 1.5 -1.5 0.252844 0.852568 0.229131 1.59289e+09
-2.25 -0.75 -1.25 -0.465813 0.522251 0.550846 7.72643e+08
-2.25 0.25 -1.25 -0.261291 0.567272 0.666899 7.01195e+08
-2.25 1.25 -1.25 -0.0323757 0.492696 0.758368 6.2658e+08
-1.75 -1.25 -1.25 -0.495925 0.516241 0.556335 1.1161e+09
-1.25 -0.75 -1.25 -0.368006 0.616753 0.585264 1.35161e+09
-1.75 -0.25 -1.25 -0.308177 0.605493 0.617179 1.01169e+09
-1.25 0.25 -1.25 -0.168084 0.671604 0.612685 1.19045e+09
-1.75 0.75 -1.25 -0.0776014 0.614511 0.67522 8.84384e+08
-1.25 1.25 -1.25 0.0629696 0.650985 0.628017 9.9015e+08
-0.75 -1.25 -1.25 -0.414739 0.620774 0.561101 1.57182e+09
-0.25 -0.75 -1.25 -0.316846 0.694539 0.541246 1.53733e+09
-0.75 -0.25 -1.25 -0.252654 0.69049 0.571754 1.445e+09
-0.25 0.25 -1.25 -0.151891 0.740314 0.53593 1.36272e+09
-0.75 0.75 -1.25 -0.052529 0.715762 0.573055 1.22325e+09
-0.25 1.25 -1.25 0.0432734 0.739131 0.517835 1.10552e+09
0.25 -1.25 -1.25 -0.361626 0.696899 0.512636 1.43892e+09
0.75 -0.75 -1.25 -0.280957 0.748232 0.481021 1.21152e+09
0.25 -0.25 -1.25 -0.227349 0.746654 0.507538 1.35471e+09
0.75 0.25 -1.25 -0.145993 0.780822 0.465485 1.09627e+09
0.25 0.75 -1.25 -0.0636662 0.770135 0.488517 1.1552e+09
0.75 1.25 -1.25 0.0137421 0.783844 0.434297 9.0313e+08
1.25 -1.25 -1.25 -0.316758 0.751655 0.452784 9.92268e+08
1.75 -0.75 -1.25 -0.246974 0.786438 0.419322 7.6631e+08
1.25 -0.25 -1.25 -0.205788 0.78392 0.443415 9.51713e+08
1.75 0.25 -1.25 -0.136819 0.806666 0.400904 7.09023e+08
1.25 0.75 -1.25 -0.0726691 0.80038 0.417588 8.31761e+08
1.75 1.25 -1.25 -0.0073176 0.808314 0.365107 6.02554e+08
2.25 -1.25 -1.25 -0.273464 0.791336 0.392127 5.81344e+08
2.25 -0.25 -1.25 -0.182195 0.809973 0.381721 5.65602e+08
2.25 0.75 -1.25 -0.0743894 0.818924 0.354102 5.08181e+08
-2.5 -1.5 -1 -0.11258 0.67269 0.370814 5.11236e+09
-2.5 -0.5 -1 -0.0118593 0.721272 0.376351 4.9778e+09
-2.5 0.5 -1 0.131325 0.703096 0.390617 4.40057e+09
-2.5 1.5 -1 0.311642 0.600617 0.405718 3.6277e+09
-1.5 -1.5 -1 -0.127146 0.73273 0.426831 7.03668e+09
-2 -1 -1 -0.0766645 0.734429 0.411442 6.42679e+09
-1.5 -0.5 -1 -0.00970988 0.785054 0.408494 7.57651e+09
-2 0 -1 0.0585842 0.763373 0.402152 6.25239e+09
-1.5 0.5 -1 0.142753 0.794439 0.38068 7.25724e+09
-2 1 -1 0.232339 0.730627 0.388503 5.5093e+09
-1.5 1.5 -1 0.324456 0.74575 0.342525 6.23043e+09
-0.5 -1.5 -1 -0.0942646 0.781562 0.398636 6.71204e+09
-1 -1 -1 -0.0606315 0.787474 0.407891 7.71043e+09
-0.5 -0.5 -1 0.0145222 0.824417 0.372276 7.67169e+09
-1 0 -1 0.0684516 0.819389 0.377274 8.08829e+09
-0.5 0.5 -1 0.147916 0.836938 0.33103 7.74223e+09
-1 1 -1 0.226032 0.809274 0.333845 7.50063e+09
-0.5 1.5 -1 0.303619 0.808037 0.276166 6.88547e+09
0.5 -1.5 -1 -0.042365 0.810949 0.345965 4.79137e+09
0 -1 -1 -0.021108 0.819884 0.362166 6.36381e+09
0.5 -0.5 -1 0.0534871 0.84227 0.32045 5.57575e+09
0 0 -1 0.0913756 0.844875 0.32775 6.95209e+09
0.5 0.5 -1 0.165696 0.851066 0.278916 5.8068e+09
0 1 -1 0.22402 0.83944 0.277926 6.71073e+09
0.5 1.5 -1 0.294014 0.829634 0.222002 5.36423e+09
1.5 -1.5 -1 0.0168356 0.822998 0.290557 2.88158e+09
1 -1 -1 0.0300808 0.834064 0.307932 4.11878e+09
1.5 -0.5 -1 0.0998366 0.844434 0.268171 3.33527e+09
1 0 -1 0.125655 0.851116 0.276038 4.56142e+09
1.5 0.5 -1 0.192606 0.849102 0.23005 3.5266e+09
1 1 -1 0.234563 0.845704 0.227996 4.53867e+09
1.5 1.5 -1 0.296078 0.831639 0.175898 3.36915e+09
2.5 -1.5 -1 0.0742013 0.822082 0.239086 1.57204e+09
2 -1 -1 0.084029 0.834026 0.255533 2.32363e+09
2.5 -0.5 -1 0.146004 0.835766 0.219336 1.79104e+09
2 0 -1 0.164404 0.844694 0.227122 2.56954e+09
2.5 0.5 -1 0.222301 0.837398 0.184834 1.90179e+09
2 1 -1 0.252601 0.838917 0.182866 2.6073e+09
2.5 1.5 -1 0.304927 0.822956 0.13469 1.86186e+09
-2.25 -1.25 -0.75 -0.520351 0.507527 0.50889 2.19833e+09
-2.25 -0.25 -0.75 -0.379248 0.578092 0.550969 1.94384e+09
-2.25 0.75 -0.75 -0.199453 0.572138 0.596978 1.64086e+09
-1.25 -1.25 -0.75 -0.443011 0.624058 0.516665 3.20785e+09
-1.75 -0.75 -0.75 -0.410513 0.608972 0.533741 2.68326e+09
-1.25 -0.25 -0.75 -0.299393 0.685478 0.516759 2.89336e+09
-1.75 0.25 -0.75 -0.240368 0.650686 0.550921 2.30002e+09
-1.25 0.75 -0.75 -0.117484 0.698969 0.510559 2.37888e+09
-1.75 1.25 -0.75 -0.0360787 0.615799 0.560433 1.84529e+09
-0.25 -1.25 -0.75 -0.388555 0.701511 0.466261 2.95884e+09
-0.75 -0.75 -0.75 -0.350394 0.697077 0.490966 3.14113e+09
-0.25 -0.25 -0.75 -0.263174 0.746461 0.452416 2.75009e+09
-0.75 0.25 -0.75 -0.19808 0.73485 0.476956 2.72619e+09
-0.25 0.75 -0.75 -0.107955 0.760666 0.425693 2.28969e+09
-0.75 1.25 -0.75 -0.0140097 0.720768 0.452339 2.14227e+09
0.75 -1.25 -0.75 -0.344068 0.752216 0.405143 2.0211e+09
0.25 -0.75 -0.75 -0.311194 0.749452 0.429842 2.47118e+09
0.75 -0.25 -0.75 -0.238226 0.7803 0.388458 1.91915e+09
0.25 0.25 -0.75 -0.182688 0.775806 0.406387 2.19996e+09
0.75 0.75 -0.75 -0.109625 0.788898 0.355058 1.6465e+09
0.25 1.25 -0.75 -0.0284461 0.767782 0.367885 1.76633e+09
1.75 -1.25 -0.75 -0.302509 0.785955 0.344272 1.16636e+09
1.25 -0.75 -0.75 -0.277169 0.782382 0.368265 1.54455e+09
1.75 -0.25 -0.75 -0.214864 0.800299 0.327851 1.12655e+09
1.25 0.25 -0.75 -0.170883 0.796987 0.342781 1.41137e+09
1.75 0.75 -0.75 -0.109815 0.802366 0.293095 9.98625e+08
1.25 1.25 -0.75 -0.0443741 0.789341 0.299391 1.17667e+09
2.25 -0.75 -0.75 -0.244634 0.803333 0.308913 8.49414e+08
2.25 0.25 -0.75 -0.157774 0.80833 0.283745 7.9449e+08
2.25 1.25 -0.75 -0.0549722 0.798986 0.240005 6.87861e+08
-2.5 -1 -0.5 0.0749287 0.74954 0.350804 1.5489e+10
-2.5 0 -0.5 0.186599 0.758108 0.311621 1.44004e+10
-2.5 1 -0.5 0.330251 0.708435 0.272515 1.20542e+10
-2 -1.5 -0.5 0.00603857 0.751751 0.385025 1.70975e+10
-1.5 -1 -0.5 0.0451797 0.794774 0.360756 1.84043e+10
-2 -0.5 -0.5 0.105462 0.788405 0.344423 1.78505e+10
-1.5 0 -0.5 0.15897 0.815245 0.312045 1.87887e+10
-2 0.5 -0.5 0.238125 0.782754 0.295257 1.64087e+10
-1.5 1 -0.5 0.301535 0.792524 0.251463 1.67665e+10
-2 1.5 -0.5 0.398491 0.719221 0.239542 1.34346e+10
-1 -1.5 -0.5 0.00596033 0.787988 0.362878 1.59298e+10
-0.5 -1 -0.5 0.0637626 0.81813 0.321321 1.48916e+10
-1 -0.5 -0.5 0.101457 0.823391 0.32101 1.80269e+10
-0.5 0 -0.5 0.165539 0.83673 0.272584 1.60763e+10
-1 0.5 -0.5 0.222702 0.826314 0.263933 1.7723e+10
-0.5 1 -0.5 0.28838 0.822221 0.208386 1.51032e+10
-1 1.5 -0.5 0.366849 0.785388 0.194293 1.51709e+10
0 -1.5 -0.5 0.0410536 0.805256 0.313452 1.10414e+10
0.5 -1 -0.5 0.104054 0.82194 0.270709 9.40018e+09
0 -0.5 -0.5 0.127516 0.833479 0.275028 1.28688e+10
0.5 0 -0.5 0.191731 0.835756 0.226393 1.0383e+10
0 0.5 -0.5 0.230876 0.836155 0.220019 1.3208e+10
0.5 1 -0.5 0.292838 0.824228 0.165563 1.01544e+10
0 1.5 -0.5 0.350755 0.805647 0.149863 1.1856e+10
1 -1.5 -0.5 0.0903754 0.805416 0.260193 6.46662e+09
1.5 -1 -0.5 0.151163 0.811029 0.220893 5.18188e+09
1 -0.5 -0.5 0.166675 0.826216 0.226591 7.53514e+09
1.5 0 -0.5 0.225422 0.820674 0.181423 5.74454e+09
1 0.5 -0.5 0.252351 0.827501 0.176441 7.91752e+09
1.5 1 -0.5 0.306788 0.811502 0.12548 5.77596e+09
1 1.5 -0.5 0.348405 0.803966 0.110107 7.41933e+09
2 -1.5 -0.5 0.140751 0.793251 0.210327 3.45479e+09
2.5 -1 -0.5 0.19544 0.791279 0.174712 2.65709e+09
2 -0.5 -0.5 0.207811 0.807516 0.180598 3.9659e+09
2.5 0 -0.5 0.258563 0.797439 0.139072 2.92423e+09
2 0.5 -0.5 0.278136 0.807976 0.135164 4.20748e+09
2.5 1 -0.5 0.323904 0.79046 0.0878057 2.98655e+09
2 1.5 -0.5 0.353861 0.790264 0.0736729 4.07302e+09
-2.25 -0.75 -0.25 -0.418147 0.620897 0.467175 5.64066e+09
-2.25 0.25 -0.25 -0.293672 0.650592 0.455754 4.73257e+09
-2.25 1.25 -0.25 -0.142363 0.612917 0.439252 3.66829e+09
-1.75 -1.25 -0.25 -0.440214 0.641848 0.46325 6.83179e+09
-1.25 -0.75 -0.25 -0.360351 0.708117 0.427667 6.65463e+09
-1.75 -0.25 -0.25 -0.323433 0.691708 0.44246 6.06293e+09
-1.25 0.25 -0.25 -0.229651 0.73589 0.396246 5.65865e+09
-1.75 0.75 -0.25 -0.175713 0.695089 0.415516 4.84605e+09
-1.25 1.25 -0.25 -0.071106 0.710868 0.355002 4.29948e+09
-0.75 -1.25 -0.25 -0.392967 0.713259 0.41005 6.27294e+09
-0.25 -0.75 -0.25 -0.32314 0.754341 0.365983 5.18239e+09
-0.75 -0.25 -0.25 -0.281232 0.750728 0.381228 5.75803e+09
-0.25 0.25 -0.25 -0.206063 0.772166 0.328807 4.53461e+09
-0.75 0.75 -0.25 -0.143224 0.754308 0.339325 4.67559e+09
-0.25 1.25 -0.25 -0.0654637 0.752023 0.276503 3.54026e+09
0.25 -1.25 -0.25 -0.353992 0.7557 0.347224 4.2296e+09
0.75 -0.75 -0.25 -0.292612 0.778738 0.304621 3.19434e+09
0.25 -0.25 -0.25 -0.255793 0.777533 0.318402 3.97009e+09
0.75 0.25 -0.25 -0.192761 0.785632 0.267479 2.87688e+09
0.25 0.75 -0.25 -0.13656 0.776163 0.27208 3.33737e+09
0.75 1.25 -0.25 -0.073825 0.766762 0.211636 2.34801e+09
1.25 -1.25 -0.25 -0.317747 0.780245 0.285675 2.4026e+09
1.75 -0.75 -0.25 -0.264681 0.790211 0.245973 1.73019e+09
1.25 -0.25 -0.25 -0.234923 0.788661 0.259333 2.29963e+09
1.75 0.25 -0.25 -0.181734 0.788068 0.210858 1.60111e+09
1.25 0.75 -0.25 -0.135099 0.781769 0.213128 2.00697e+09
1.75 1.25 -0.25 -0.0830367 0.768919 0.15578 1.36501e+09
2.25 -1.25 -0.25 -0.284613 0.792749 0.227608 1.24682e+09
2.25 -0.25 -0.25 -0.215508 0.791099 0.203238 1.20826e+09
2.25 0.75 -0.25 -0.13313 0.779451 0.159326 1.08969e+09
-2.5 -1.5 0 0.138908 0.771333 0.347487 4.46032e+10
-2.5 -0.5 0 0.227103 0.789576 0.283563 4.49535e+10
-2.5 0.5 0 0.343065 0.767148 0.211613 3.96842e+10
-2.5 1.5 0 0.480703 0.688548 0.136961 3.10102e+10
-1.5 -1.5 0 0.117357 0.795363 0.326093 4.06698e+10
-2 -1 0 0.159378 0.801669 0.313657 4.70488e+10
-1.5 -0.5 0 0.199684 0.820608 0.267109 4.51376e+10
-2 0 0 0.259798 0.808304 0.24516 4.64782e+10
-1.5 0.5 0 0.307994 0.812173 0.192533 4.29555e+10
-2 1 0 0.386528 0.771493 0.166023 3.97914e+10
-1.5 1.5 0 0.43809 0.758121 0.10711 3.52263e+10
-0.5 -1.5 0 0.139819 0.79874 0.278761 2.73133e+10
-1 -1 0 0.161668 0.815391 0.277804 3.72699e+10
-0.5 -0.5 0 0.214548 0.822513 0.225697 3.16239e+10
-1 0 0 0.25128 0.82584 0.213046 3.94147e+10
-0.5 0.5 0 0.306888 0.817964 0.155538 3.17262e+10
-1 1 0 0.362279 0.801006 0.132978 3.57971e+10
-0.5 1.5 0 0.415787 0.777434 0.0708746 2.74833e+10
0.5 -1.5 0 0.180628 0.784789 0.22745 1.55472e+10
0 -1 0 0.192804 0.807687 0.230297 2.29401e+10
0.5 -0.5 0 0.247329 0.805247 0.18089 1.8151e+10
0 0 0 0.270032 0.817632 0.171824 2.50818e+10
0.5 0.5 0 0.323328 0.80296 0.117047 1.88183e+10
0 1 0 0.360883 0.799287 0.0966419 2.39224e+10
0.5 1.5 0 0.40937 0.772903 0.0371689 1.71697e+10
1.5 -1.5 0 0.224277 0.759316 0.179138 8.12581e+09
1 -1 0 0.233807 0.784456 0.182974 1.23543e+10
1.5 -0.5 0 0.284056 0.775605 0.137721 9.37358e+09
1 0 0 0.299242 0.793734 0.13075 1.36641e+10
1.5 0.5 0 0.34582 0.77577 0.0797642 9.88857e+09
1 1 0 0.371185 0.781254 0.0615954 1.35228e+10
1.5 1.5 0 0.41203 0.755041 0.00560246 9.40537e+09
2.5 -1.5 0 0.263218 0.728424 0.134285 4.05152e+09
2 -1 0 0.273104 0.752717 0.138665 6.21758e+09
2.5 -0.5 0 0.316775 0.740611 0.0969012 4.59118e+09
2 0 0 0.329088 0.760806 0.0913923 6.85227e+09
2.5 0.5 0 0.367881 0.742272 0.0438573 4.864e+09
2 1 0 0.385787 0.753691 0.0278948 6.94124e+09
2.5 1.5 0 0.418957 0.729271 -0.0246732 4.75904e+09
-2.25 -1.25 0.25 -0.387049 0.686645 0.414516 1.53082e+10
-2.25 -0.25 0.25 -0.295555 0.727831 0.36742 1.34912e+10
-2.25 0.75 0.25 -0.185465 0.729087 0.311 1.0568e+10
-1.25 -1.25 0.25 -0.357336 0.741554 0.352025 1.37945e+10
-1.75 -0.75 0.25 -0.32571 0.74013 0.362944 1.47531e+10
-1.25 -0.25 0.25 -0.260587 0.771563 0.303736 1.255e+10
-1.75 0.25 0.25 -0.219523 0.760419 0.307995 1.23565e+10
-1.25 0.75 0.25 -0.145268 0.767058 0.240571 9.95921e+09
-1.75 1.25 0.25 -0.0947442 0.731825 0.24225 9.10679e+09
-0.25 -1.25 0.25 -0.330276 0.770191 0.284948 9.15605e+09
-0.75 -0.75 0.25 -0.29869 0.772402 0.296721 1.12529e+10
-0.25 -0.25 0.25 -0.240295 0.785341 0.239787 8.49081e+09
-0.75 0.25 0.25 -0.195957 0.781915 0.241032 9.68945e+09
-0.25 0.75 0.25 -0.134263 0.774336 0.175796 6.98934e+09
-0.75 1.25 0.25 -0.0757508 0.752191 0.169222 7.35256e+09
0.75 -1.25 0.25 -0.303719 0.781563 0.221254 5.12051e+09
0.25 -0.75 0.25 -0.276514 0.783891 0.233912 6.83008e+09
0.75 -0.25 0.25 -0.225249 0.7838 0.18131 4.84934e+09
0.25 0.25 0.25 -0.184391 0.782645 0.180896 6.05354e+09
0.75 0.75 0.25 -0.132412 0.767528 0.119624 4.15866e+09
0.25 1.25 0.25 -0.0773844 0.752972 0.108188 4.82937e+09
1.75 -1.25 0.25 -0.279584 0.78125 0.16226 2.6208e+09
1.25 -0.75 0.25 -0.256563 0.782328 0.175029 3.64506e+09
1.75 -0.25 0.25 -0.212481 0.773377 0.126399 2.51545e+09
1.25 0.25 0.25 -0.177407 0.77264 0.126346 3.33078e+09
1.75 0.75 0.25 -0.133257 0.753244 0.0689841 2.23941e+09
1.25 1.25 0.25 -0.0849525 0.743335 0.0562447 2.79072e+09
2.25 -0.75 0.25 -0.238916 0.773335 0.119729 1.82154e+09
2.25 0.25 0.25 -0.171457 0.757161 0.0751054 1.70066e+09
2.25 1.25 0.25 -0.0926196 0.728281 0.00986948 1.48483e+09
-2.5 -1 0.5 0.264991 0.808418 0.280471 1.26332e+11
-2.5 0 0.5 0.359346 0.800139 0.195234 1.211e+11
-2.5 1 0.5 0.475867 0.747121 0.100611 9.96879e+10
-2 -1.5 0.5 0.22223 0.805172 0.299247 1.10287e+11
-1.5 -1 0.5 0.259774 0.81514 0.242759 9.93149e+10
-2 -0.5 0.5 0.297127 0.818508 0.224328 1.19489e+11
-1.5 0 0.5 0.340574 0.815758 0.162432 1.02399e+11
-2 0.5 0.5 0.396905 0.797195 0.133868 1.10081e+11
-1.5 1 0.5 0.442073 0.7791 0.0675092 8.97322e+10
-2 1.5 0.5 0.515691 0.728085 0.0347989 8.64441e+10
-1 -1.5 0.5 0.240774 0.796641 0.251308 7.2609e+10
-0.5 -1 0.5 0.286812 0.797442 0.196289 6.0168e+10
-1 -0.5 0.5 0.305563 0.81398 0.183577 8.28575e+10
-0.5 0 0.5 0.354332 0.802134 0.123441 6.46596e+10
-1 0.5 0.5 0.388643 0.800789 0.0983949 8.08398e+10
-0.5 1 0.5 0.435739 0.775797 0.0339498 5.98204e+10
-1 1.5 0.5 0.487702 0.748837 5.13283e-05 6.73559e+10
0 -1.5 0.5 0.278558 0.768733 0.200621 4.03679e+10
0.5 -1 0.5 0.325298 0.762439 0.150397 3.18127e+10
0 -0.5 0.5 0.33494 0.788321 0.140848 4.69971e+10
0.5 0 0.5 0.380992 0.771247 0.0851342 3.49389e+10
0 0.5 0.5 0.401376 0.781518 0.063052 4.77611e+10
0.5 1 0.5 0.443232 0.754791 0.00258075 3.38225e+10
0 1.5 0.5 0.477635 0.743927 -0.0302425 4.21958e+10
1 -1.5 0.5 0.318954 0.72945 0.153104 2.06918e+10
1.5 -1 0.5 0.362357 0.718715 0.107416 1.57575e+10
1 -0.5 0.5 0.369859 0.748668 0.0997229 2.39311e+10
1.5 0 0.5 0.409651 0.729848 0.0482825 1.73455e+10
1 0.5 0.5 0.422023 0.748685 0.0290102 2.49857e+10
1.5 1 0.5 0.456567 0.722855 -0.0275762 1.73462e+10
1 1.5 0.5 0.478166 0.72441 -0.0578635 2.32119e+10
2 -1.5 0.5 0.354674 0.685829 0.108808 1.01706e+10
2.5 -1 0.5 0.39293 0.673318 0.0664929 7.55824e+09
2 -0.5 0.5 0.401141 0.70325 0.0606434 1.1576e+10
2.5 0 0.5 0.434225 0.685105 0.0125751 8.26331e+09
2 0.5 0.5 0.443404 0.708085 -0.00407515 1.22127e+10
2.5 1 0.5 0.470879 0.684904 -0.0572428 8.40602e+09
2 1.5 0.5 0.484338 0.695398 -0.0844601 1.17746e+10
-2.25 -0.75 0.75 -0.229158 0.794682 0.313459 3.38737e+10
-2.25 0.25 0.75 -0.139957 0.813265 0.233446 2.81191e+10
-2.25 1.25 0.75 -0.0435828 0.790688 0.141191 2.02513e+10
-1.75 -1.25 0.75 -0.264979 0.789357 0.305504 3.12275e+10
-1.25 -0.75 0.75 -0.217439 0.810317 0.234969 2.52407e+10
-1.75 -0.25 0.75 -0.178805 0.815541 0.235461 2.83376e+10
-1.25 0.25 0.75 -0.126392 0.815898 0.156921 2.14704e+10
-1.75 0.75 0.75 -0.0825869 0.809386 0.147455 2.20677e+10
-1.25 1.25 0.75 -0.0255757 0.78355 0.0610681 1.58623e+10
-0.75 -1.25 0.75 -0.253972 0.802232 0.230255 2.05156e+10
-0.25 -0.75 0.75 -0.207018 0.807244 0.167325 1.51637e+10
-0.75 -0.25 0.75 -0.168219 0.813872 0.164536 1.88167e+10
-0.25 0.25 0.75 -0.119606 0.801494 0.0937198 1.32264e+10
-0.75 0.75 0.75 -0.0741033 0.798142 0.0782471 1.51913e+10
-0.25 1.25 0.75 -0.0244079 0.766142 -0.000492189 1.0316e+10
0.25 -1.25 0.75 -0.240362 0.798522 0.162094 1.13565e+10
0.75 -0.75 0.75 -0.197494 0.790846 0.106341 8.00853e+09
0.25 -0.25 0.75 -0.161309 0.798003 0.104006 1.06411e+10
0.75 0.25 0.75 -0.117877 0.777164 0.0395183 7.22132e+09
0.25 0.75 0.75 -0.0733604 0.776243 0.0221308 8.96102e+09
0.75 1.25 0.75 -0.0305826 0.74161 -0.0498612 5.9406e+09
1.25 -1.25 0.75 -0.227666 0.783508 0.100669 5.75826e+09
1.75 -0.75 0.75 -0.189684 0.767111 0.0503861 3.96642e+09
1.25 -0.25 0.75 -0.156781 0.772808 0.0490654 5.4696e+09
1.75 0.25 0.75 -0.118422 0.747069 -0.00999892 3.66195e+09
1.25 0.75 0.75 -0.0773122 0.74775 -0.0261225 4.8025e+09
1.75 1.25 0.75 -0.0398204 0.712831 -0.0922729 3.15527e+09
2.25 -1.25 0.75 -0.216888 0.762229 0.0442987 2.79438e+09
2.25 -0.25 0.75 -0.153645 0.743871 -0.00217091 2.67747e+09
2.25 0.75 0.75 -0.0824127 0.716315 -0.0704488 2.42158e+09
-2.5 -1.5 1 0.308926 0.814436 0.288332 3.02376e+11
-2.5 -0.5 1 0.383986 0.815853 0.201844 3.20783e+11
-2.5 0.5 1 0.483213 0.779528 0.100319 2.86382e+11
-2.5 1.5 1 0.597608 0.69156 -0.00714873 2.15535e+11
-1.5 -1.5 1 0.328935 0.801249 0.239523 2.01348e+11
-2 -1 1 0.346126 0.817178 0.224863 2.71078e+11
-1.5 -0.5 1 0.389746 0.809689 0.159328 2.24581e+11
-2 0 1 0.424601 0.807017 0.132366 2.72802e+11
-1.5 0.5 1 0.468921 0.786417 0.061954 2.12922e+11
-2 1 1 0.52314 0.755995 0.0264833 2.30466e+11
-1.5 1.5 1 0.563594 0.72032 -0.0466402 1.70247e+11
-0.5 -1.5 1 0.370092 0.763793 0.188835 1.11024e+11
-1 -1 1 0.372978 0.795274 0.17864 1.65574e+11
-0.5 -0.5 1 0.41824 0.780771 0.117664 1.28263e+11
-1 0 1 0.43536 0.792494 0.0933923 1.7372e+11
-0.5 0.5 1 0.478744 0.767462 0.027765 1.27002e+11
-1 1 1 0.51183 0.756472 -0.00788878 1.5553e+11
-0.5 1.5 1 0.549146 0.720482 -0.0765728 1.08284e+11
0.5 -1.5 1 0.412865 0.713478 0.141404 5.62616e+10
0 -1 1 0.413424 0.752612 0.133406 8.70681e+10
0.5 -0.5 1 0.454539 0.735153 0.077831 6.51026e+10
0 0 1 0.460999 0.759493 0.0568193 9.44926e+10
0.5 0.5 1 0.49844 0.733735 -0.00397062 6.6943e+10
0 1 1 0.516567 0.737212 -0.0373328 8.89681e+10
0.5 1.5 1 0.547162 0.70409 -0.101746 6.04157e+10
1.5 -1.5 1 0.44996 0.65883 0.0972366 2.73778e+10
1 -1 1 0.452599 0.699768 0.0911185 4.27387e+10
1.5 -0.5 1 0.487881 0.68225 0.0400177 3.12862e+10
1 0 1 0.49083 0.713638 0.0218414 4.6871e+10
1.5 0.5 1 0.520959 0.689971 -0.0346917 3.27754e+10
1 1 1 0.529135 0.705524 -0.0647196 4.60507e+10
1.5 1.5 1 0.55283 0.676303 -0.125265 3.09916e+10
2.5 -1.5 1 0.479278 0.606174 0.0546717 1.30467e+10
2 -1 1 0.484834 0.644987 0.0508617 2.03356e+10
2.5 -0.5 1 0.514306 0.62932 0.00306669 1.46698e+10
2 0 1 0.517463 0.662792 -0.0121168 2.22435e+10
2.5 0.5 1 0.541052 0.642658 -0.0652429 1.54531e+10
2 1 1 0.544635 0.665473 -0.0916727 2.2411e+10
2.5 1.5 1 0.56221 0.64088 -0.148816 1.50583e+10
-2.25 -1.25 1.25 -0.0534941 0.844829 0.280122 1.02735e+11
-2.25 -0.25 1.25 0.0416565 0.861393 0.196173 9.50588e+10
-2.25 0.75 1.25 0.144551 0.843811 0.0938636 7.41057e+10
-1.25 -1.25 1.25 -0.0537406 0.847314 0.19918 6.76875e+10
-1.75 -0.75 1.25 -0.00682119 0.857402 0.19954 8.39611e+10
-1.25 -0.25 1.25 0.0426624 0.85391 0.120674 6.29274e+10
-1.75 0.25 1.25 0.0918569 0.854741 0.10767 7.21941e+10
-1.25 0.75 1.25 0.141863 0.831011 0.0216349 5.08602e+10
-1.75 1.25 1.25 0.195846 0.812492 -0.000875621 5.28774e+10
-0.25 -1.25 1.25 -0.0480209 0.830753 0.127775 3.72587e+10
-0.75 -0.75 1.25 -0.00403274 0.845452 0.128656 5.03466e+10
-0.25 -0.25 1.25 0.0446165 0.83016 0.0592134 3.53629e+10
-0.75 0.25 1.25 0.0917657 0.835438 0.0431869 4.41917e+10
-0.25 0.75 1.25 0.137552 0.804991 -0.0334465 2.98016e+10
-0.75 1.25 1.25 0.188272 0.793978 -0.0622978 3.42672e+10
0.75 -1.25 1.25 -0.0413303 0.801836 0.0643776 1.87184e+10
0.25 -0.75 1.25 4.69892e-05 0.817479 0.0664795 2.6348e+10
0.75 -0.25 1.25 0.0452708 0.794344 0.00480013 1.79832e+10
0.25 0.25 1.25 0.0901455 0.804041 -0.0100606 2.39369e+10
0.75 0.75 1.25 0.131079 0.769984 -0.0793302 1.58521e+10
0.25 1.25 1.25 0.178043 0.765826 -0.109042 1.96318e+10
1.75 -1.25 1.25 -0.0354983 0.766325 0.00690869 8.99767e+09
1.25 -0.75 1.25 0.00313874 0.780602 0.0102555 1.29046e+10
1.75 -0.25 1.25 0.0443024 0.752865 -0.0453898 8.70343e+09
1.25 0.25 1.25 0.0865537 0.764011 -0.0577276 1.20116e+10
1.75 0.75 1.25 0.123374 0.72912 -0.120893 7.9203e+09
1.25 1.25 1.25 0.166817 0.730902 -0.14815 1.0366e+10
2.25 -0.75 1.25 0.00492552 0.74046 -0.0420725 6.12708e+09
2.25 0.25 1.25 0.081759 0.721065 -0.102575 5.79071e+09
2.25 1.25 1.25 0.155661 0.691997 -0.184119 5.17972e+09
-2.5 -1 1.5 0.157041 0.823524 0.27132 4.49242e+11
-2.5 0 1.5 0.25765 0.821274 0.175659 4.26673e+11
-2.5 1 1.5 0.364536 0.776904 0.0677496 3.34553e+11
-2 -1.5 1.5 0.102273 0.814713 0.284196 3.61114e+11
-1.5 -1 1.5 0.141667 0.815931 0.218471 2.90613e+11
-2 -0.5 1.5 0.194101 0.824186 0.20109 3.67529e+11
-1.5 0 1.5 0.236033 0.811017 0.130945 2.75397e+11
-2 0.5 1.5 0.295901 0.80451 0.100942 3.21398e+11
-1.5 1 1.5 0.336594 0.773256 0.0276428 2.23645e+11
-2 1.5 1.5 0.401901 0.739876 -0.00909881 2.34392e+11
-1 -1.5 1.5 0.0934903 0.796813 0.226029 2.10162e+11
-0.5 -1 1.5 0.137167 0.788296 0.166931 1.58143e+11
-1 -0.5 1.5 0.184566 0.805042 0.15359 2.17044e+11
-0.5 0 1.5 0.227257 0.783079 0.0901182 1.52558e+11
-1 0.5 1.5 0.278369 0.785324 0.0622171 1.92449e+11
-0.5 1 1.5 0.317298 0.750356 -0.00497801 1.28309e+11
-1 1.5 1.5 0.3743 0.731619 -0.0434699 1.47813e+11
0 -1.5 1.5 0.0925606 0.765445 0.170627 1.09288e+11
0.5 -1 1.5 0.135923 0.748859 0.118839 7.87869e+10
0 -0.5 1.5 0.180238 0.769387 0.109176 1.12478e+11
0.5 0 1.5 0.220226 0.742663 0.05209 7.68245e+10
0 0.5 1.5 0.266713 0.752753 0.0277081 1.02767e+11
0.5 1 1.5 0.301155 0.717013 -0.0340331 6.73561e+10
0 1.5 1.5 0.350616 0.7095 -0.0707783 8.30927e+10
1 -1.5 1.5 0.0941396 0.726165 0.119749 5.35338e+10
1.5 -1 1.5 0.134816 0.704288 0.0738549 3.76197e+10
1 -0.5 1.5 0.176366 0.7249 0.067358 5.4613e+10
1.5 0 1.5 0.212706 0.696242 0.0154267 3.68505e+10
1 0.5 1.5 0.255684 0.710902 -0.00492866 5.10781e+10
1.5 1 1.5 0.286168 0.676612 -0.0621987 3.33751e+10
1 1.5 1.5 0.330069 0.678577 -0.095313 4.34079e+10
2 -1.5 1.5 0.0961887 0.684121 0.0723998 2.54342e+10
2.5 -1 1.5 0.13335 0.659695 0.0306341 1.76006e+10
2 -0.5 1.5 0.171775 0.678008 0.02708 2.57304e+10
2.5 0 1.5 0.204735 0.649583 -0.0210571 1.72674e+10
2 0.5 1.5 0.244575 0.665257 -0.037365 2.44183e+10
2.5 1 1.5 0.272192 0.633761 -0.0910718 1.59773e+10
2 1.5 1.5 0.311932 0.641741 -0.119725 2.15607e+10
