449
-2.5 -1 -1.5 0.421513 0.043339 0.280851 5.88865e+09
-2.5 0 -1.5 0.452997 0.0475726 0.212591 3.82374e+09
-2.5 1 -1.5 0.475961 0.0655793 0.148045 2.34901e+09
-2 -1.5 -1.5 0.451329 0.0672863 0.319061 9.15704e+09
-1.5 -1 -1.5 0.50868 0.0865337 0.286544 9.41443e+09
-2 -0.5 -1.5 0.477873 0.0664251 0.250711 5.99956e+09
-1.5 0 -1.5 0.52389 0.0990245 0.220877 5.85659e+09
-2 0.5 -1.5 0.497742 0.0820473 0.185465 3.7103e+09
-1.5 1 -1.5 0.531634 0.123294 0.159635 3.44628e+09
-2 1.5 -1.5 0.508877 0.1072 0.124967 2.17346e+09
-1 -1.5 -1.5 0.5465 0.107084 0.319488 1.4799e+10
-0.5 -1 -1.5 0.592403 0.133064 0.283503 1.46434e+10
-1 -0.5 -1.5 0.55524 0.116293 0.253743 9.25072e+09
-0.5 0 -1.5 0.589858 0.154561 0.221488 8.65972e+09
-1 0.5 -1.5 0.558434 0.139162 0.191994 5.46083e+09
-0.5 1 -1.5 0.581382 0.184146 0.164038 4.85654e+09
-1 1.5 -1.5 0.554555 0.168747 0.134952 3.05974e+09
0 -1.5 -1.5 0.635153 0.147857 0.309612 2.32504e+10
0.5 -1 -1.5 0.666961 0.180628 0.269747 2.1919e+10
0 -0.5 -1.5 0.626204 0.168774 0.247572 1.37609e+10
0.5 0 -1.5 0.647673 0.211236 0.212003 1.22609e+10
0 0.5 -1.5 0.612388 0.19851 0.189909 7.71096e+09
0.5 1 -1.5 0.623982 0.2449 0.158655 6.54185e+09
0 1.5 -1.5 0.593848 0.23098 0.136517 4.12477e+09
1 -1.5 -1.5 0.710048 0.188995 0.287508 3.48806e+10
1.5 -1 -1.5 0.727081 0.228494 0.24293 3.09968e+10
1 -0.5 -1.5 0.686578 0.221438 0.229829 1.95205e+10
1.5 0 -1.5 0.694911 0.266432 0.189946 1.64622e+10
1 0.5 -1.5 0.657916 0.256923 0.176635 1.03787e+10
1.5 1 -1.5 0.658948 0.302453 0.140968 8.38516e+09
1 1.5 -1.5 0.626667 0.290672 0.127087 5.30892e+09
2 -1.5 -1.5 0.765414 0.233425 0.250573 4.84738e+10
2.5 -1 -1.5 0.768733 0.278558 0.200621 4.03679e+10
2 -0.5 -1.5 0.733012 0.273199 0.198143 2.59939e+10
2.5 0 -1.5 0.72945 0.318954 0.153104 2.06918e+10
2 0.5 -1.5 0.693846 0.311852 0.14979 1.32159e+10
2.5 1 -1.5 0.685829 0.354674 0.108808 1.01706e+10
2 1.5 -1.5 0.653254 0.345143 0.104343 6.50563e+09
-2.25 -0.75 -1.25 0.693382 -0.500592 0.195876 3.64199e+09
-2.25 0.25 -1.25 0.727089 -0.474047 0.111478 2.26209e+09
-2.25 1.25 -1.25 0.749728 -0.442896 0.0378521 1.32104e+09
-1.75 -1.25 -1.25 0.685286 -0.49529 0.248262 5.58259e+09
-1.25 -0.75 -1.25 0.719084 -0.465388 0.208602 5.37884e+09
-1.75 -0.25 -1.25 0.723725 -0.470723 0.160024 3.50117e+09
-1.25 0.25 -1.25 0.748465 -0.436266 0.127685 3.17748e+09
-1.75 0.75 -1.25 0.749469 -0.440414 0.0828557 2.05448e+09
-1.25 1.25 -1.25 0.765101 -0.405578 0.0579023 1.76265e+09
-0.75 -1.25 -1.25 0.71329 -0.457505 0.256804 8.17601e+09
-0.25 -0.75 -1.25 0.744524 -0.421638 0.215516 7.41977e+09
-0.75 -0.25 -1.25 0.746749 -0.43017 0.172051 4.87953e+09
-0.25 0.25 -1.25 0.766114 -0.392774 0.138725 4.15762e+09
-0.75 0.75 -1.25 0.765713 -0.400169 0.0988233 2.71684e+09
-0.25 1.25 -1.25 0.774728 -0.364745 0.0724901 2.19441e+09
0.25 -1.25 -1.25 0.742277 -0.409868 0.257366 1.11177e+10
0.75 -0.75 -1.25 0.767572 -0.369846 0.213231 9.42158e+09
0.25 -0.25 -1.25 0.766566 -0.38292 0.177111 6.30204e+09
0.75 0.25 -1.25 0.778546 -0.344051 0.140944 5.02859e+09
0.25 0.75 -1.25 0.776378 -0.355702 0.107805 3.3379e+09
0.75 1.25 -1.25 0.777597 -0.320566 0.0778912 2.54353e+09
1.25 -1.25 -1.25 0.769913 -0.352473 0.24591 1.37846e+10
1.75 -0.75 -1.25 0.786542 -0.309667 0.197109 1.0888e+10
1.25 -0.25 -1.25 0.781722 -0.329042 0.171102 7.47492e+09
1.75 0.25 -1.25 0.784699 -0.289569 0.129899 5.60375e+09
1.25 0.75 -1.25 0.78049 -0.306868 0.105749 3.80073e+09
1.75 1.25 -1.25 0.77338 -0.271969 0.0699028 2.75167e+09
2.25 -1.25 -1.25 0.793493 -0.284848 0.217361 1.5347e+10
2.25 -0.25 -1.25 0.790681 -0.267716 0.14917 8.10136e+09
2.25 0.75 -1.25 0.777578 -0.252216 0.0880773 4.01944e+09
-2.5 -1.5 -1 0.374509 0.179149 0.303254 1.4348e+10
-2.5 -0.5 -1 0.387691 0.177127 0.231596 9.34925e+09
-2.5 0.5 -1 0.397365 0.18836 0.162784 5.78101e+09
-2.5 1.5 -1 0.401277 0.208013 0.0985131 3.39803e+09
-1.5 -1.5 -1 0.475211 0.217512 0.30523 2.35656e+10
-2 -1 -1 0.427448 0.197156 0.269883 1.48168e+10
-1.5 -0.5 -1 0.470809 0.223807 0.236303 1.46548e+10
-2 0 -1 0.431108 0.205884 0.200848 9.19627e+09
-1.5 0.5 -1 0.464485 0.24156 0.171232 8.65737e+09
-2 1 -1 0.430614 0.224847 0.136036 5.4243e+09
-1.5 1.5 -1 0.453987 0.265829 0.11076 4.87019e+09
-0.5 -1.5 -1 0.571021 0.25652 0.296837 3.77412e+10
-1 -1 -1 0.517361 0.241291 0.268507 2.34435e+10
-0.5 -0.5 -1 0.548733 0.273362 0.232113 2.22076e+10
-1 0 -1 0.503659 0.257989 0.203476 1.38404e+10
-0.5 0.5 -1 0.525626 0.297714 0.171632 1.24545e+10
-1 1 -1 0.487431 0.282202 0.142852 7.78419e+09
-0.5 1.5 -1 0.500753 0.325273 0.115225 6.68799e+09
0.5 -1.5 -1 0.654976 0.294074 0.276225 5.81911e+10
0 -1 -1 0.599664 0.28613 0.256528 3.58349e+10
0.5 -0.5 -1 0.617242 0.322851 0.216577 3.2214e+10
0 0 -1 0.568968 0.311691 0.196416 1.99857e+10
0.5 0.5 -1 0.579021 0.353392 0.161183 1.71078e+10
0 1 -1 0.537611 0.34028 0.140397 1.06875e+10
0.5 1.5 -1 0.541425 0.382857 0.109061 8.7739e+09
1.5 -1.5 -1 0.720673 0.330648 0.241081 8.43059e+10
1 -1 -1 0.668963 0.329519 0.231612 5.21448e+10
1.5 -0.5 -1 0.673093 0.369633 0.1871 4.41694e+10
1 0 -1 0.624666 0.363581 0.176924 2.74628e+10
1.5 0.5 -1 0.623734 0.405 0.137144 2.23025e+10
1 1 -1 0.580744 0.395401 0.125824 1.3983e+10
1.5 1.5 -1 0.576492 0.435088 0.0895918 1.09728e+10
2.5 -1.5 -1 0.763793 0.370092 0.188835 1.11024e+11
2 -1 -1 0.721128 0.371093 0.191283 7.07454e+10
2.5 -0.5 -1 0.713478 0.412865 0.141404 5.62616e+10
2 0 -1 0.668971 0.410822 0.142477 3.55486e+10
2.5 0.5 -1 0.65883 0.44996 0.0972366 2.73778e+10
2 1 -1 0.616784 0.444235 0.0965925 1.73623e+10
2.5 1.5 -1 0.606174 0.479278 0.0546717 1.30467e+10
-2.25 -1.25 -0.75 0.68905 -0.391353 0.185089 1.0369e+10
-2.25 -0.25 -0.75 0.711136 -0.372623 0.0918809 6.52575e+09
-2.25 0.75 -0.75 0.72407 -0.345946 0.0102204 3.8696e+09
-1.25 -1.25 -0.75 0.723962 -0.346258 0.196494 1.57576e+10
-1.75 -0.75 -0.75 0.717575 -0.36143 0.144133 1.01693e+10
-1.25 -0.25 -0.75 0.740586 -0.324807 0.106584 9.42284e+09
-1.75 0.25 -0.75 0.732256 -0.336966 0.0584484 6.05116e+09
-1.25 0.75 -0.75 0.746292 -0.298119 0.0292143 5.29357e+09
-1.75 1.25 -0.75 0.737243 -0.308623 -0.0152706 3.39551e+09
-0.25 -1.25 -0.75 0.758616 -0.288087 0.200753 2.24252e+10
-0.75 -0.75 -0.75 0.749265 -0.308794 0.154233 1.45931e+10
-0.25 -0.25 -0.75 0.765992 -0.267041 0.115647 1.26746e+10
-0.75 0.25 -0.75 0.755798 -0.284469 0.0730091 8.21435e+09
-0.25 0.75 -0.75 0.762322 -0.242907 0.042743 6.74349e+09
-0.75 1.25 -0.75 0.75237 -0.258443 0.00339213 4.37144e+09
0.75 -1.25 -0.75 0.789828 -0.217825 0.194224 2.93744e+10
0.25 -0.75 -0.75 0.777207 -0.245088 0.156415 1.9407e+10
0.75 -0.25 -0.75 0.785559 -0.199862 0.11502 1.57253e+10
0.25 0.25 -0.75 0.773274 -0.223606 0.0802157 1.03385e+10
0.75 0.75 -0.75 0.771073 -0.180625 0.0467308 7.97001e+09
0.25 1.25 -0.75 0.760117 -0.202041 0.0144306 5.24199e+09
1.75 -1.25 -0.75 0.815172 -0.136789 0.171626 3.49222e+10
1.25 -0.75 -0.75 0.799506 -0.171037 0.146017 2.3649e+10
1.75 -0.25 -0.75 0.798003 -0.124096 0.0997172 1.79098e+10
1.25 0.25 -0.75 0.783618 -0.154812 0.0755522 1.20163e+10
1.75 0.75 -0.75 0.772285 -0.111324 0.0364203 8.75526e+09
1.25 1.25 -0.75 0.760219 -0.139274 0.0135025 5.86433e+09
2.25 -0.75 -0.75 0.814084 -0.0883435 0.117702 2.62227e+10
2.25 0.25 -0.75 0.786279 -0.0786581 0.0538609 1.29163e+10
2.25 1.25 -0.75 0.753368 -0.06992 -0.00401133 6.16088e+09
-2.5 -1 -0.5 0.596082 -0.256835 0.240144 2.47905e+10
-2.5 0 -0.5 0.614263 -0.246134 0.158386 1.5573e+10
-2.5 1 -0.5 0.624645 -0.226745 0.0845643 9.23709e+09
-2 -1.5 -0.5 0.607608 -0.235501 0.287511 3.86552e+10
-1.5 -1 -0.5 0.638746 -0.208431 0.247874 3.82174e+10
-2 -0.5 -0.5 0.625552 -0.229552 0.203779 2.44359e+10
-1.5 0 -0.5 0.648416 -0.195583 0.169716 2.28385e+10
-2 0.5 -0.5 0.635807 -0.212851 0.127711 1.4546e+10
-1.5 1 -0.5 0.649506 -0.175493 0.100265 1.28717e+10
-2 1.5 -0.5 0.637725 -0.190738 0.0603563 8.18464e+09
-1 -1.5 -0.5 0.654624 -0.181687 0.289896 5.9534e+10
-0.5 -1 -0.5 0.68016 -0.147437 0.247809 5.57468e+10
-1 -0.5 -0.5 0.662984 -0.174088 0.210006 3.57461e+10
-0.5 0 -0.5 0.678184 -0.134717 0.174775 3.15085e+10
-1 0.5 -0.5 0.662842 -0.157082 0.138608 2.0173e+10
-0.5 1 -0.5 0.668204 -0.116304 0.110164 1.68471e+10
-1 1.5 -0.5 0.654759 -0.136187 0.0756319 1.07922e+10
0 -1.5 -0.5 0.700624 -0.114776 0.282077 8.65353e+10
0.5 -1 -0.5 0.717028 -0.0750573 0.237203 7.59397e+10
0 -0.5 -0.5 0.696077 -0.107596 0.207979 4.90305e+10
0.5 0 -0.5 0.701755 -0.0646874 0.17043 4.05473e+10
0 0.5 -0.5 0.683713 -0.0927079 0.142036 2.61918e+10
0.5 1 -0.5 0.67996 -0.050262 0.111063 2.06327e+10
0 1.5 -0.5 0.664863 -0.0752714 0.0835115 1.33577e+10
1 -1.5 -0.5 0.741175 -0.0369326 0.261148 1.16769e+11
1.5 -1 -0.5 0.746538 0.00619514 0.212545 9.54278e+10
1 -0.5 -0.5 0.722713 -0.0317267 0.194339 6.24477e+10
1.5 0 -0.5 0.718019 0.0125603 0.153206 4.84271e+10
1 0.5 -0.5 0.697586 -0.021121 0.134631 3.17055e+10
1.5 1 -0.5 0.684958 0.0212227 0.0995621 2.36467e+10
1 1.5 -0.5 0.668235 -0.00905412 0.0807164 1.55222e+10
2 -1.5 -0.5 0.772152 0.0483298 0.22362 1.43716e+11
2.5 -1 -0.5 0.765445 0.0925606 0.170627 1.09288e+11
2 -0.5 -0.5 0.741059 0.0506995 0.16563 7.33194e+10
2.5 0 -0.5 0.726165 0.0941396 0.119749 5.35338e+10
2 0.5 -0.5 0.704383 0.0556717 0.112943 3.57609e+10
2.5 1 -0.5 0.684121 0.0961887 0.0723998 2.54342e+10
2 1.5 -0.5 0.66604 0.0611443 0.0640053 1.69933e+10
-2.25 -0.75 -0.25 0.62763 -0.183662 0.124411 7.3009e+09
-2.25 0.25 -0.25 0.635411 -0.161351 0.0395636 4.46819e+09
-2.25 1.25 -0.25 0.635912 -0.13179 -0.0341889 2.58571e+09
-1.75 -1.25 -0.25 0.645931 -0.162534 0.177512 1.13846e+10
-1.25 -0.75 -0.25 0.672358 -0.122116 0.138515 1.09174e+10
-1.75 -0.25 -0.25 0.653064 -0.143999 0.0892172 6.99401e+09
-1.25 0.25 -0.25 0.670444 -0.0976686 0.0583361 6.33769e+09
-1.75 0.75 -0.25 0.652468 -0.11654 0.0123026 4.05412e+09
-1.25 1.25 -0.25 0.661088 -0.068092 -0.0108426 3.48146e+09
-0.75 -1.25 -0.25 0.69366 -0.0949642 0.186812 1.6987e+10
-0.25 -0.75 -0.25 0.711802 -0.0463027 0.146935 1.5346e+10
-0.75 -0.25 -0.25 0.690119 -0.0744614 0.10345 9.87824e+09
-0.25 0.25 -0.25 0.698186 -0.0222779 0.0720524 8.41874e+09
-0.75 0.75 -0.25 0.678741 -0.0472449 0.0313899 5.42322e+09
-0.25 1.25 -0.25 0.67818 0.00484106 0.00708007 4.39527e+09
0.25 -1.25 -0.25 0.7357 -0.0129078 0.187707 2.37376e+10
0.75 -0.75 -0.25 0.743449 0.0416009 0.14516 2.00457e+10
0.25 -0.25 -0.25 0.719706 0.00730401 0.110358 1.3021e+10
0.75 0.25 -0.25 0.717794 0.0629738 0.0760784 1.04208e+10
0.25 0.75 -0.25 0.696891 0.0317909 0.0431484 6.78228e+09
0.75 1.25 -0.25 0.687476 0.0853887 0.0150446 5.20255e+09
1.25 -1.25 -0.25 0.769102 0.0799485 0.174821 3.06267e+10
1.75 -0.75 -0.25 0.766043 0.136939 0.127306 2.4149e+10
1.25 -0.25 -0.25 0.740987 0.0983041 0.104668 1.59284e+10
1.75 0.25 -0.25 0.729676 0.154207 0.0648641 1.20166e+10
1.25 0.75 -0.25 0.707392 0.118045 0.0425405 7.93055e+09
1.75 1.25 -0.25 0.690741 0.170479 0.00799164 5.80081e+09
2.25 -1.25 -0.25 0.7914 0.177249 0.141973 3.60331e+10
2.25 -0.25 -0.25 0.753762 0.192883 0.0804597 1.80447e+10
2.25 0.75 -0.25 0.711892 0.206986 0.024121 8.70965e+09
-2.5 -1.5 0 0.719087 -0.457475 0.255033 3.56134e+10
-2.5 -0.5 0 0.744942 -0.449468 0.163019 2.3039e+10
-2.5 0.5 0 0.763101 -0.432668 0.0795944 1.40056e+10
-2.5 1.5 0 0.773241 -0.412104 0.00636412 8.02467e+09
-1.5 -1.5 0 0.749451 -0.413337 0.262959 5.51759e+10
-2 -1 0 0.74718 -0.433979 0.213313 3.57892e+10
-1.5 -0.5 0 0.77208 -0.40535 0.173159 3.39669e+10
-2 0 0 0.767598 -0.421069 0.12661 2.18707e+10
-1.5 0.5 0 0.785059 -0.391053 0.0935165 1.95611e+10
-2 1 0 0.77914 -0.403278 0.0501779 1.25595e+10
-1.5 1.5 0 0.789164 -0.375369 0.0242952 1.06165e+10
-0.5 -1.5 0 0.782447 -0.357812 0.262305 7.99e+10
-1 -1 0 0.776877 -0.384635 0.218671 5.23665e+10
-0.5 -0.5 0 0.797838 -0.353708 0.176942 4.65447e+10
-1 0 0 0.791195 -0.374801 0.135964 3.02881e+10
-0.5 0.5 0 0.802898 -0.345656 0.101951 2.5314e+10
-1 1 0 0.795831 -0.362484 0.0637974 1.64483e+10
-0.5 1.5 0 0.799277 -0.337754 0.0367862 1.30308e+10
0.5 -1.5 0 0.814175 -0.292774 0.250931 1.06119e+11
0 -1 0 0.805363 -0.326754 0.215641 7.07944e+10
0.5 -0.5 0 0.819314 -0.296896 0.171639 5.83562e+10
0 0 0 0.810622 -0.324113 0.138163 3.86407e+10
0.5 0.5 0 0.814577 -0.298604 0.102047 3.00574e+10
0 1 0 0.806544 -0.32049 0.0706227 1.98823e+10
0.5 1.5 0 0.802083 -0.300874 0.0410296 1.47728e+10
1.5 -1.5 0 0.840613 -0.22124 0.2258 1.26596e+11
1 -1 0 0.82927 -0.262928 0.201312 8.68506e+10
1.5 -0.5 0 0.833918 -0.237137 0.154281 6.61189e+10
1 0 0 0.823633 -0.271164 0.130272 4.49195e+10
1.5 0.5 0 0.818219 -0.25148 0.0910046 3.25616e+10
1 1 0 0.80964 -0.278911 0.0678284 2.20727e+10
1.5 1.5 0 0.796435 -0.265188 0.034348 1.54678e+10
2.5 -1.5 0 0.857648 -0.146216 0.184397 1.33369e+11
2 -1 0 0.845424 -0.195613 0.172806 9.53094e+10
2.5 -0.5 0 0.838703 -0.176284 0.122401 6.71349e+10
2 0 0 0.827947 -0.217564 0.109586 4.72631e+10
2.5 0.5 0 0.812118 -0.204335 0.0662769 3.21638e+10
2 1 0 0.803764 -0.237979 0.052777 2.2501e+10
2.5 1.5 0 0.781479 -0.229359 0.0144455 1.50168e+10
-2.25 -1.25 0.25 0.517114 -0.0353097 0.226998 3.70248e+09
-2.25 -0.25 0.25 0.535233 -0.0223885 0.141786 2.37177e+09
-2.25 0.75 0.25 0.54677 0.00368508 0.0651101 1.4355e+09
-1.25 -1.25 0.25 0.577219 0.0363447 0.238708 5.68726e+09
-1.75 -0.75 0.25 0.554818 0.00408044 0.190991 3.67873e+09
-1.25 -0.25 0.25 0.584267 0.0528655 0.158146 3.47359e+09
-1.75 0.25 0.25 0.564478 0.0259697 0.11209 2.23629e+09
-1.25 0.75 0.25 0.584117 0.0802928 0.0864862 1.99953e+09
-1.75 1.25 0.25 0.566799 0.0566711 0.042661 1.28454e+09
-0.25 -1.25 0.25 0.63198 0.122856 0.24351 8.30603e+09
-0.75 -0.75 0.25 0.606595 0.0850674 0.202399 5.37963e+09
-0.25 -0.25 0.25 0.625143 0.140656 0.169151 4.80064e+09
-0.75 0.25 0.25 0.603452 0.108102 0.128952 3.10287e+09
-0.25 0.75 0.25 0.612411 0.166422 0.10254 2.6221e+09
-0.75 1.25 0.25 0.594051 0.137429 0.0640228 1.69506e+09
0.75 -1.25 0.25 0.676714 0.219543 0.236766 1.13676e+10
0.25 -0.75 0.25 0.649533 0.17806 0.20574 7.40363e+09
0.75 -0.25 0.25 0.656329 0.236757 0.169634 6.21068e+09
0.25 0.25 0.25 0.633092 0.199554 0.1382 4.04265e+09
0.75 0.75 0.25 0.631961 0.258229 0.10827 3.22747e+09
0.25 1.25 0.25 0.612544 0.224572 0.077455 2.10478e+09
1.75 -1.25 0.25 0.709255 0.31888 0.211573 1.43697e+10
1.25 -0.75 0.25 0.682043 0.277152 0.194936 9.49367e+09
1.75 -0.25 0.25 0.678171 0.33432 0.153325 7.48121e+09
1.25 0.25 0.25 0.653916 0.295136 0.134177 4.92823e+09
1.75 0.75 0.25 0.644898 0.349869 0.0980337 3.73061e+09
1.25 1.25 0.25 0.624258 0.313636 0.0778171 2.46164e+09
2.25 -0.75 0.25 0.703491 0.374085 0.16341 1.12321e+10
2.25 0.25 0.25 0.667716 0.387459 0.110887 5.61432e+09
2.25 1.25 0.25 0.632241 0.398759 0.0600429 2.72172e+09
-2.5 -1 0.5 0.722082 -0.407314 0.249694 1.55806e+10
-2.5 0 0.5 0.746726 -0.394802 0.163937 9.85929e+09
-2.5 1 0.5 0.763466 -0.374756 0.0864152 5.85984e+09
-2 -1.5 0.5 0.724686 -0.383844 0.297982 2.39253e+10
-1.5 -1 0.5 0.755888 -0.353802 0.255229 2.35012e+10
-2 -0.5 0.5 0.751156 -0.376993 0.210246 1.52803e+10
-1.5 0 0.5 0.775493 -0.34255 0.172688 1.41323e+10
-2 0.5 0.5 0.76939 -0.360813 0.13001 9.12674e+09
-1.5 1 0.5 0.78581 -0.326174 0.0991117 7.9576e+09
-2 1.5 0.5 0.77901 -0.340864 0.0591026 5.12574e+09
-1 -1.5 0.5 0.761358 -0.324076 0.297825 3.5762e+10
-0.5 -1 0.5 0.789303 -0.289258 0.252229 3.3038e+10
-1 -0.5 0.5 0.782022 -0.319063 0.213756 2.17186e+10
-0.5 0 0.5 0.80053 -0.283334 0.174659 1.87884e+10
-1 0.5 0.5 0.792922 -0.307283 0.137856 1.22757e+10
-0.5 1 0.5 0.802441 -0.274155 0.105667 1.00143e+10
-1 1.5 0.5 0.79502 -0.293649 0.0710045 6.53396e+09
0 -1.5 0.5 0.797694 -0.251926 0.286724 4.95484e+10
0.5 -1 0.5 0.81808 -0.216066 0.238416 4.25173e+10
0 -0.5 0.5 0.808851 -0.253301 0.208596 2.8462e+10
0.5 0 0.5 0.819057 -0.219438 0.167197 2.28747e+10
0 0.5 0.5 0.810408 -0.249747 0.138026 1.52171e+10
0.5 1 0.5 0.811485 -0.220619 0.103473 1.1597e+10
0 1.5 0.5 0.803875 -0.245328 0.0755303 7.70622e+09
1 -1.5 0.5 0.828266 -0.170645 0.262471 6.22859e+10
1.5 -1 0.5 0.838504 -0.136963 0.211038 4.92754e+10
1 -0.5 0.5 0.828461 -0.182156 0.192025 3.39004e+10
1.5 0 0.5 0.828575 -0.152875 0.147765 2.52756e+10
1 0.5 0.5 0.819728 -0.190151 0.127911 1.72489e+10
1.5 1 0.5 0.811397 -0.166628 0.0901167 1.23251e+10
1 1.5 0.5 0.804258 -0.197058 0.0702049 8.38964e+09
2 -1.5 0.5 0.848684 -0.083466 0.22247 6.97091e+10
2.5 -1 0.5 0.84664 -0.0547292 0.168153 5.07632e+10
2 -0.5 0.5 0.837772 -0.10787 0.161697 3.63101e+10
2.5 0 0.5 0.826642 -0.0847777 0.114282 2.52354e+10
2 0.5 0.5 0.818981 -0.129505 0.10522 1.78194e+10
2.5 1 0.5 0.800965 -0.111587 0.0635497 1.20453e+10
2 1.5 0.5 0.795235 -0.148489 0.0528798 8.4484e+09
-2.25 -0.75 0.75 0.496252 0.00236036 0.291951 1.87437e+09
-2.25 0.25 0.75 0.527244 0.0229945 0.214108 1.18742e+09
-2.25 1.25 0.75 0.549735 0.0554291 0.142917 7.10723e+08
-1.75 -1.25 0.75 0.510598 0.0382882 0.336638 2.8663e+09
-1.25 -0.75 0.75 0.554445 0.0866468 0.301513 2.80981e+09
-1.75 -0.25 0.75 0.539921 0.0518186 0.259032 1.83065e+09
-1.25 0.25 0.75 0.57368 0.109087 0.228485 1.70051e+09
-1.75 0.75 0.75 0.561045 0.0800228 0.186429 1.10147e+09
-1.25 1.25 0.75 0.584427 0.140595 0.161521 9.71093e+08
-0.75 -1.25 0.75 0.571532 0.128316 0.339772 4.29143e+09
-0.25 -0.75 0.75 0.604039 0.183981 0.303213 4.00172e+09
-0.75 -0.25 0.75 0.587873 0.143514 0.267966 2.61463e+09
-0.25 0.25 0.75 0.609701 0.204639 0.235962 2.30148e+09
-0.75 0.75 0.75 0.59635 0.170282 0.200183 1.49803e+09
-0.25 1.25 0.75 0.608734 0.231534 0.173054 1.25259e+09
0.25 -1.25 0.75 0.622745 0.230574 0.331786 6.09004e+09
0.75 -0.75 0.75 0.641671 0.288772 0.291789 5.35149e+09
0.25 -0.25 0.75 0.624714 0.244159 0.267258 3.51978e+09
0.75 0.25 0.75 0.634688 0.304609 0.231171 2.92424e+09
0.25 0.75 0.75 0.620918 0.265934 0.204559 1.91847e+09
0.75 1.25 0.75 0.62373 0.323848 0.172607 1.52133e+09
1.25 -1.25 0.75 0.660606 0.337449 0.30643 8.06038e+09
1.75 -0.75 0.75 0.666907 0.393154 0.260411 6.64168e+09
1.25 -0.25 0.75 0.650121 0.347341 0.250731 4.42948e+09
1.75 0.25 0.75 0.650284 0.40228 0.208132 3.47173e+09
1.25 0.75 0.75 0.636226 0.361542 0.194082 2.30619e+09
1.75 1.25 0.75 0.632309 0.412306 0.155204 1.74008e+09
2.25 -1.25 0.75 0.683577 0.440518 0.256813 9.76653e+09
2.25 -0.25 0.75 0.665282 0.445136 0.212205 5.16851e+09
2.25 0.75 0.75 0.645133 0.450815 0.163556 2.59903e+09
-2.5 -1.5 1 0.700592 -0.365258 0.350126 1.07388e+10
-2.5 -0.5 1 0.733186 -0.359634 0.266724 7.15168e+09
-2.5 0.5 1 0.758753 -0.34267 0.187378 4.44569e+09
-2.5 1.5 1 0.77618 -0.31945 0.115473 2.5933e+09
-1.5 -1.5 1 0.741306 -0.300304 0.349599 1.64827e+10
-2 -1 1 0.73685 -0.33338 0.309763 1.09223e+10
-1.5 -0.5 1 0.768967 -0.295586 0.269077 1.04872e+10
-2 0 1 0.763684 -0.321892 0.229222 6.85671e+09
-1.5 0.5 1 0.788041 -0.281188 0.193487 6.19306e+09
-2 1 1 0.782006 -0.302544 0.155158 4.02081e+09
-1.5 1.5 1 0.79824 -0.262759 0.125424 3.42754e+09
-0.5 -1.5 1 0.781927 -0.222 0.337431 2.36226e+10
-1 -1 1 0.774918 -0.262668 0.305723 1.58606e+10
-0.5 -0.5 1 0.801293 -0.221355 0.262537 1.42936e+10
-1 0 1 0.794414 -0.254474 0.22965 9.45999e+09
-0.5 0.5 1 0.811469 -0.213604 0.192117 7.99555e+09
-1 1 1 0.804701 -0.240767 0.159966 5.2577e+09
-0.5 1.5 1 0.813231 -0.203305 0.128427 4.20369e+09
0.5 -1.5 1 0.817132 -0.131652 0.311903 3.10545e+10
0 -1 1 0.808839 -0.180726 0.290627 2.12815e+10
0.5 -0.5 1 0.826035 -0.13968 0.244797 1.78262e+10
0 0 1 0.818586 -0.180264 0.220847 1.20259e+10
0.5 0.5 1 0.826438 -0.142292 0.180812 9.47223e+09
0 1 1 0.819728 -0.175786 0.156421 6.34667e+09
0.5 1.5 1 0.81954 -0.142896 0.122145 4.7622e+09
1.5 -1.5 1 0.841062 -0.0335687 0.270927 3.66483e+10
1 -1 1 0.833664 -0.0909219 0.262211 2.59074e+10
1.5 -0.5 1 0.839702 -0.053286 0.213514 2.00812e+10
1 0 1 0.833208 -0.101773 0.200361 1.39288e+10
1.5 0.5 1 0.830715 -0.0691041 0.157411 1.02352e+10
1 1 1 0.82522 -0.109419 0.14224 7.03597e+09
1.5 1.5 1 0.815966 -0.0822249 0.104573 4.98158e+09
2.5 -1.5 1 0.848802 0.0687524 0.212935 3.81473e+10
2 -1 1 0.845281 0.00368129 0.218403 2.81842e+10
2.5 -0.5 1 0.83886 0.035447 0.167144 2.02431e+10
2 0 1 0.835539 -0.0210013 0.166261 1.45908e+10
2.5 0.5 1 0.822381 0.00546018 0.120258 1.0074e+10
2 1 1 0.819676 -0.0422128 0.115558 7.15881e+09
2.5 1.5 1 0.801651 -0.0203055 0.0742169 4.82855e+09
-2.25 -1.25 1.25 0.478343 -0.0175479 0.43849 1.48053e+09
-2.25 -0.25 1.25 0.528174 -0.00441759 0.363078 9.87374e+08
-2.25 0.75 1.25 0.568763 0.0258058 0.289194 6.1997e+08
-1.25 -1.25 1.25 0.539786 0.0772606 0.440546 2.25145e+09
-1.75 -0.75 1.25 0.533281 0.0323538 0.404316 1.49697e+09
-1.25 -0.25 1.25 0.578778 0.0916654 0.370149 1.44495e+09
-1.75 0.25 1.25 0.573523 0.0557253 0.331106 9.49271e+08
-1.25 0.75 1.25 0.607648 0.121111 0.30091 8.69282e+08
-1.75 1.25 1.25 0.603221 0.0907763 0.261848 5.66921e+08
-0.25 -1.25 1.25 0.592646 0.186376 0.431184 3.27256e+09
-0.75 -0.75 1.25 0.584882 0.13487 0.404445 2.18401e+09
-0.25 -0.25 1.25 0.617625 0.198788 0.368426 2.00877e+09
-0.75 0.25 1.25 0.612407 0.156766 0.337016 1.32571e+09
-0.25 0.75 1.25 0.634302 0.222967 0.304376 1.15391e+09
-0.75 1.25 1.25 0.630485 0.187387 0.271896 7.56984e+08
0.75 -1.25 1.25 0.63147 0.304464 0.405883 4.48597e+09
0.25 -0.75 1.25 0.623729 0.247984 0.392594 3.01899e+09
0.75 -0.25 1.25 0.643154 0.311006 0.352366 2.62752e+09
0.25 0.25 1.25 0.638458 0.26398 0.331987 1.74814e+09
0.75 0.75 1.25 0.649289 0.326234 0.294349 1.44177e+09
0.25 1.25 1.25 0.646233 0.286226 0.271217 9.54271e+08
1.75 -1.25 1.25 0.655215 0.422116 0.357376 5.69464e+09
1.25 -0.75 1.25 0.648724 0.364029 0.362249 3.90453e+09
1.75 -0.25 1.25 0.656802 0.420756 0.315475 3.20173e+09
1.25 0.25 1.25 0.652809 0.371122 0.310085 2.16104e+09
1.75 0.75 1.25 0.655449 0.425058 0.26547 1.68836e+09
1.25 1.25 1.25 0.652887 0.382388 0.254854 1.13231e+09
2.25 -0.75 1.25 0.660738 0.474395 0.306852 4.65325e+09
2.25 0.25 1.25 0.658287 0.471312 0.265792 2.48719e+09
2.25 1.25 1.25 0.653919 0.471054 0.218621 1.26285e+09
-2.5 -1 1.5 0.719164 -0.325297 0.370511 5.28548e+09
-2.5 0 1.5 0.753143 -0.314512 0.29358 3.47452e+09
-2.5 1 1.5 0.779706 -0.293937 0.220098 2.1283e+09
-2 -1.5 1.5 0.722497 -0.28889 0.406544 7.87327e+09
-1.5 -1 1.5 0.760895 -0.248997 0.365378 7.8761e+09
-2 -0.5 1.5 0.756657 -0.285142 0.331456 5.2656e+09
-1.5 0 1.5 0.788469 -0.240177 0.292264 4.94796e+09
-2 0.5 1.5 0.783957 -0.269867 0.257451 3.26043e+09
-1.5 1 1.5 0.807574 -0.223682 0.222819 2.88249e+09
-2 1.5 1.5 0.802807 -0.248384 0.188875 1.88459e+09
-1 -1.5 1.5 0.766334 -0.205124 0.393303 1.15763e+10
-0.5 -1 1.5 0.799039 -0.159865 0.348514 1.09365e+10
-1 -0.5 1.5 0.793423 -0.203848 0.323219 7.41676e+09
-0.5 0 1.5 0.817526 -0.156958 0.281617 6.53916e+09
-1 0.5 1.5 0.812478 -0.19354 0.25413 4.36774e+09
-0.5 1 1.5 0.827797 -0.1485 0.21737 3.62067e+09
-1 1.5 1.5 0.823135 -0.179006 0.189847 2.40012e+09
0 -1.5 1.5 0.805553 -0.107431 0.36575 1.57796e+10
0.5 -1 1.5 0.827893 -0.0605367 0.318304 1.39015e+10
0 -0.5 1.5 0.822697 -0.112911 0.303695 9.63593e+09
0.5 0 1.5 0.836575 -0.0678449 0.25942 7.91717e+09
0 0.5 1.5 0.832347 -0.111787 0.241033 5.39622e+09
0.5 1 1.5 0.83809 -0.0708304 0.201522 4.18687e+09
0 1.5 1.5 0.834577 -0.107488 0.181831 2.82984e+09
1 -1.5 1.5 0.832879 0.000539143 0.322886 1.94991e+10
1.5 -1 1.5 0.842502 0.045029 0.272785 1.58974e+10
1 -0.5 1.5 0.84014 -0.0157571 0.270737 1.13762e+10
1.5 0 1.5 0.842514 0.0243954 0.223709 8.69482e+09
1 0.5 1.5 0.840913 -0.0271854 0.216007 6.09682e+09
1.5 1 1.5 0.836619 0.00770223 0.17346 4.44188e+09
1 1.5 1.5 0.835612 -0.0354734 0.162859 3.08011e+09
2 -1.5 1.5 0.842784 0.114296 0.263023 2.14192e+10
2.5 -1 1.5 0.838478 0.153365 0.210843 1.61243e+10
2 -0.5 1.5 0.842101 0.0845699 0.222724 1.20601e+10
2.5 0 1.5 0.832622 0.117969 0.173277 8.6114e+09
2 0.5 1.5 0.83595 0.0586113 0.17749 6.27161e+09
2.5 1 1.5 0.821927 0.0870846 0.13203 4.32672e+09
2 1.5 1.5 0.825086 0.0368451 0.131537 3.09842e+09
