449
-2.5 -1 -1.5 -0.633312 -0.430864 -0.178792 5.96967e+10
-2.5 0 -1.5 -0.633437 -0.466924 -0.153009 9.85588e+10
-2.5 1 -1.5 -0.622145 -0.504296 -0.115245 1.46888e+11
-2 -1.5 -1.5 -0.66586 -0.377767 -0.135278 5.29032e+10
-1.5 -1 -1.5 -0.7095 -0.350616 -0.0707783 8.30927e+10
-2 -0.5 -1.5 -0.683738 -0.405953 -0.112277 9.47382e+10
-1.5 0 -1.5 -0.731619 -0.3743 -0.0434699 1.47813e+11
-2 0.5 -1.5 -0.690074 -0.437573 -0.0827844 1.5462e+11
-1.5 1 -1.5 -0.739876 -0.401901 -0.00909881 2.34392e+11
-2 1.5 -1.5 -0.68172 -0.472084 -0.0407808 2.21845e+11
-1 -1.5 -1.5 -0.717013 -0.301155 -0.0340331 6.73561e+10
-0.5 -1 -1.5 -0.752753 -0.266713 0.0277081 1.02767e+11
-1 -0.5 -1.5 -0.750356 -0.317298 -0.00497801 1.28309e+11
-0.5 0 -1.5 -0.785324 -0.278369 0.0622171 1.92449e+11
-1 0.5 -1.5 -0.773256 -0.336594 0.0276428 2.23645e+11
-0.5 1 -1.5 -0.80451 -0.295901 0.100942 3.21398e+11
-1 1.5 -1.5 -0.776904 -0.364536 0.0677496 3.34553e+11
0 -1.5 -1.5 -0.742663 -0.220226 0.05209 7.68245e+10
0.5 -1 -1.5 -0.769387 -0.180238 0.109176 1.12478e+11
0 -0.5 -1.5 -0.783079 -0.227257 0.0901182 1.52558e+11
0.5 0 -1.5 -0.805042 -0.184566 0.15359 2.17044e+11
0 0.5 -1.5 -0.811017 -0.236033 0.130945 2.75397e+11
0.5 1 -1.5 -0.824186 -0.194101 0.20109 3.67529e+11
0 1.5 -1.5 -0.821274 -0.25765 0.175659 4.26673e+11
1 -1.5 -1.5 -0.748859 -0.135923 0.118839 7.87869e+10
1.5 -1 -1.5 -0.765445 -0.0925606 0.170627 1.09288e+11
1 -0.5 -1.5 -0.788296 -0.137167 0.166931 1.58143e+11
1.5 0 -1.5 -0.796813 -0.0934903 0.226029 2.10162e+11
1 0.5 -1.5 -0.815931 -0.141667 0.218471 2.90613e+11
1.5 1 -1.5 -0.814713 -0.102273 0.284196 3.61114e+11
1 1.5 -1.5 -0.823524 -0.157041 0.27132 4.49242e+11
2 -1.5 -1.5 -0.741059 -0.0506995 0.16563 7.33194e+10
2.5 -1 -1.5 -0.746538 -0.00619514 0.212545 9.54278e+10
2 -0.5 -1.5 -0.772152 -0.0483298 0.22362 1.43716e+11
2.5 0 -1.5 -0.767641 -0.00604616 0.278189 1.77064e+11
2 0.5 -1.5 -0.79374 -0.052442 0.28645 2.60614e+11
2.5 1 -1.5 -0.779551 -0.0177476 0.347065 2.98945e+11
2 1.5 -1.5 -0.802446 -0.0705515 0.348747 4.12586e+11
-2.25 -0.75 -1.25 -0.661518 -0.515263 -0.220711 2.16912e+10
-2.25 0.25 -1.25 -0.648338 -0.541941 -0.184268 3.35392e+10
-2.25 1.25 -1.25 -0.623511 -0.560005 -0.127227 4.53497e+10
-1.75 -1.25 -1.25 -0.700832 -0.470655 -0.176868 1.9402e+10
-1.25 -0.75 -1.25 -0.740642 -0.441074 -0.10435 2.95063e+10
-1.75 -0.25 -1.25 -0.708301 -0.488151 -0.145296 3.31365e+10
-1.25 0.25 -1.25 -0.751881 -0.451513 -0.0665343 4.95802e+10
-1.75 0.75 -1.25 -0.701043 -0.506245 -0.102266 5.00184e+10
-1.25 1.25 -1.25 -0.74733 -0.459539 -0.0156154 7.17239e+10
-0.75 -1.25 -1.25 -0.752319 -0.400509 -0.0682935 2.40674e+10
-0.25 -0.75 -1.25 -0.783892 -0.360055 0.000730601 3.56717e+10
-0.75 -0.25 -1.25 -0.777099 -0.402696 -0.0299811 4.39909e+10
-0.25 0.25 -1.25 -0.807552 -0.356087 0.0456102 6.3524e+10
-0.75 0.75 -1.25 -0.789109 -0.405666 0.0148378 7.16697e+10
-0.25 1.25 -1.25 -0.816142 -0.353631 0.0980983 9.80364e+10
0.25 -1.25 -1.25 -0.775458 -0.32139 0.0220387 2.67082e+10
0.75 -0.75 -1.25 -0.79841 -0.271932 0.0843653 3.80855e+10
0.25 -0.25 -1.25 -0.810091 -0.312139 0.0699806 5.13476e+10
0.75 0.25 -1.25 -0.8281 -0.25902 0.139491 7.06518e+10
0.25 0.75 -1.25 -0.828768 -0.303762 0.122032 8.72042e+10
0.75 1.25 -1.25 -0.837346 -0.249604 0.199466 1.11158e+11
1.25 -1.25 -1.25 -0.777863 -0.232495 0.0875341 2.66471e+10
1.75 -0.75 -1.25 -0.7914 -0.177249 0.141973 3.60331e+10
1.25 -0.25 -1.25 -0.813774 -0.217782 0.146515 5.2028e+10
1.75 0.25 -1.25 -0.818948 -0.162099 0.209425 6.70025e+10
1.25 0.75 -1.25 -0.835155 -0.204053 0.209867 9.12143e+10
1.75 1.25 -1.25 -0.830374 -0.151569 0.280993 1.09143e+11
2.25 -1.25 -1.25 -0.766043 -0.136939 0.127306 2.4149e+10
2.25 -0.25 -1.25 -0.795293 -0.120713 0.197111 4.60725e+10
2.25 0.75 -1.25 -0.812839 -0.108982 0.27345 8.04395e+10
-2.5 -1.5 -1 -0.685544 -0.0762186 -0.167139 2.42392e+10
-2.5 -0.5 -1 -0.717406 -0.139741 -0.138763 4.28921e+10
-2.5 0.5 -1 -0.743821 -0.208448 -0.103327 7.25147e+10
-2.5 1.5 -1 -0.759125 -0.280992 -0.0579287 1.16205e+11
-1.5 -1.5 -1 -0.758308 -0.0113579 -0.0735816 3.63292e+10
-2 -1 -1 -0.74405 -0.0747071 -0.104802 4.0843e+10
-1.5 -0.5 -1 -0.79624 -0.0731613 -0.0406404 6.8609e+10
-2 0 -1 -0.776802 -0.141025 -0.0726109 7.31105e+10
-1.5 0.5 -1 -0.82505 -0.138355 -0.00327991 1.22718e+11
-2 1 -1 -0.799282 -0.209176 -0.0329667 1.234e+11
-1.5 1.5 -1 -0.837908 -0.202707 0.0422983 2.00919e+11
-0.5 -1.5 -1 -0.805209 0.0523729 0.0082964 4.95375e+10
-1 -1 -1 -0.804578 -0.00818242 -0.0126866 6.0104e+10
-0.5 -0.5 -1 -0.841406 -0.00210909 0.0497773 9.77416e+10
-1 0 -1 -0.838207 -0.0682511 0.0258315 1.13393e+11
-0.5 0.5 -1 -0.867204 -0.0575393 0.0951841 1.8054e+11
-1 1 -1 -0.858805 -0.129329 0.0697525 1.97932e+11
-0.5 1.5 -1 -0.87587 -0.114856 0.146146 2.96616e+11
0.5 -1.5 -1 -0.830445 0.114845 0.0740404 6.09201e+10
0 -1 -1 -0.837966 0.0592428 0.0661417 7.9234e+10
0.5 -0.5 -1 -0.859835 0.0711364 0.125664 1.22429e+11
0 0 -1 -0.866395 0.00920438 0.11446 1.534e+11
0.5 0.5 -1 -0.877923 0.0269947 0.181908 2.26682e+11
0 1 -1 -0.881488 -0.0401557 0.167614 2.68878e+11
0.5 1.5 -1 -0.879289 -0.0166599 0.243069 3.62491e+11
1.5 -1.5 -1 -0.838703 0.176284 0.122401 6.71349e+10
1 -1 -1 -0.849831 0.127293 0.128154 9.25568e+10
1.5 -0.5 -1 -0.857648 0.146216 0.184397 1.33369e+11
1 0 -1 -0.869251 0.0895025 0.187655 1.78901e+11
1.5 0.5 -1 -0.86523 0.114066 0.252613 2.4208e+11
1 1 -1 -0.874814 0.0508218 0.252343 3.07447e+11
1.5 1.5 -1 -0.858022 0.0761183 0.323794 3.77604e+11
2.5 -1.5 -1 -0.833918 0.237137 0.154281 6.61189e+10
2 -1 -1 -0.845424 0.195613 0.172806 9.53094e+10
2.5 -0.5 -1 -0.840613 0.22124 0.2258 1.26596e+11
2 0 -1 -0.853002 0.171424 0.243455 1.79007e+11
2.5 0.5 -1 -0.836384 0.199987 0.304768 2.2127e+11
2 1 -1 -0.848503 0.141307 0.319375 2.99588e+11
2.5 1.5 -1 -0.820832 0.166935 0.385609 3.36872e+11
-2.25 -1.25 -0.75 -0.598531 -0.654422 -0.200005 7.68502e+09
-2.25 -0.25 -0.75 -0.564792 -0.685892 -0.188755 1.24031e+10
-2.25 0.75 -0.75 -0.506095 -0.714738 -0.17141 1.75386e+10
-1.25 -1.25 -0.75 -0.667087 -0.599303 -0.0828113 1.00559e+10
-1.75 -0.75 -0.75 -0.631492 -0.639474 -0.134044 1.17166e+10
-1.25 -0.25 -0.75 -0.664397 -0.616236 -0.0658395 1.74932e+10
-1.75 0.25 -0.75 -0.604204 -0.665407 -0.120542 1.85217e+10
-1.25 0.75 -0.75 -0.642836 -0.634139 -0.0499062 2.6719e+10
-1.75 1.25 -0.75 -0.553722 -0.682129 -0.100607 2.50404e+10
-0.25 -1.25 -0.75 -0.702473 -0.535643 0.0225236 1.17036e+10
-0.75 -0.75 -0.75 -0.694782 -0.572812 -0.0166187 1.49438e+10
-0.25 -0.25 -0.75 -0.720798 -0.537429 0.0499967 2.15626e+10
-0.75 0.25 -0.75 -0.695739 -0.583465 0.00368942 2.52925e+10
-0.25 0.75 -0.75 -0.722955 -0.541294 0.0731693 3.48478e+10
-0.75 1.25 -0.75 -0.677481 -0.591283 0.0215345 3.66055e+10
0.75 -1.25 -0.75 -0.712012 -0.461168 0.106207 1.2103e+10
0.25 -0.75 -0.75 -0.724333 -0.497456 0.0848701 1.67616e+10
0.75 -0.25 -0.75 -0.742537 -0.451587 0.146363 2.30519e+10
0.25 0.25 -0.75 -0.743054 -0.493667 0.116063 2.98015e+10
0.75 0.75 -0.75 -0.758967 -0.443154 0.180559 3.87965e+10
0.25 1.25 -0.75 -0.743075 -0.490391 0.140941 4.48417e+10
1.75 -1.25 -0.75 -0.703491 -0.374085 0.16341 1.12321e+10
1.25 -0.75 -0.75 -0.72681 -0.412941 0.161866 1.64731e+10
1.75 -0.25 -0.75 -0.735194 -0.359872 0.216492 2.1267e+10
1.25 0.25 -0.75 -0.754447 -0.40017 0.20665 2.99933e+10
1.75 0.75 -0.75 -0.757811 -0.34715 0.265412 3.64942e+10
1.25 1.25 -0.75 -0.766278 -0.389182 0.242631 4.69664e+10
2.25 -0.75 -0.75 -0.709255 -0.31888 0.211573 1.43697e+10
2.25 0.25 -0.75 -0.734758 -0.305903 0.270301 2.57651e+10
2.25 1.25 -0.75 -0.752291 -0.29735 0.321349 4.135e+10
-2.5 -1 -0.5 -0.662716 -0.265709 -0.159332 1.69501e+10
-2.5 0 -0.5 -0.668753 -0.321942 -0.141048 2.87839e+10
-2.5 1 -0.5 -0.671116 -0.37094 -0.113956 4.71257e+10
-2 -1.5 -0.5 -0.702227 -0.199383 -0.117778 1.58873e+10
-1.5 -1 -0.5 -0.751566 -0.190503 -0.058966 2.63746e+10
-2 -0.5 -0.5 -0.718963 -0.258643 -0.0992311 2.8521e+10
-1.5 0 -0.5 -0.769546 -0.248799 -0.0365602 4.76251e+10
-2 0.5 -0.5 -0.728194 -0.314405 -0.077672 4.88837e+10
-1.5 1 -0.5 -0.777255 -0.30002 -0.0104023 8.10235e+10
-2 1.5 -0.5 -0.729676 -0.35898 -0.0457914 7.97173e+10
-1 -1.5 -0.5 -0.770075 -0.122499 -0.0253103 2.2844e+10
-0.5 -1 -0.5 -0.808195 -0.110415 0.0322808 3.69563e+10
-1 -0.5 -0.5 -0.79514 -0.179299 0.0016548 4.33378e+10
-0.5 0 -0.5 -0.829788 -0.163378 0.0643708 6.93907e+10
-1 0.5 -0.5 -0.810653 -0.233336 0.0288775 7.75475e+10
-0.5 1 -0.5 -0.839311 -0.21115 0.0967842 1.20005e+11
-1 1.5 -0.5 -0.811608 -0.277984 0.0606134 1.27295e+11
0 -1.5 -0.5 -0.812361 -0.0449256 0.0534933 2.97364e+10
0.5 -1 -0.5 -0.838111 -0.0281727 0.108644 4.61079e+10
0 -0.5 -0.5 -0.837848 -0.0941446 0.0914731 5.82285e+10
0.5 0 -0.5 -0.856887 -0.0723218 0.152527 8.75894e+10
0 0.5 -0.5 -0.853081 -0.141546 0.129136 1.05856e+11
0.5 1 -0.5 -0.86307 -0.11282 0.195584 1.49638e+11
0 1.5 -0.5 -0.853202 -0.180896 0.166449 1.70915e+11
1 -1.5 -0.5 -0.833544 0.0320417 0.115901 3.47591e+10
1.5 -1 -0.5 -0.84664 0.0547292 0.168153 5.07632e+10
1 -0.5 -0.5 -0.853796 -0.00596909 0.165506 6.83598e+10
1.5 0 -0.5 -0.857815 0.0223556 0.224436 9.49477e+10
1 0.5 -0.5 -0.863603 -0.0441594 0.21547 1.22845e+11
1.5 1 -0.5 -0.857262 -0.0115856 0.279425 1.57729e+11
1 1.5 -0.5 -0.858421 -0.0796664 0.262554 1.91914e+11
2 -1.5 -0.5 -0.837772 0.10787 0.161697 3.63101e+10
2.5 -1 -0.5 -0.838504 0.136963 0.211038 4.92754e+10
2 -0.5 -0.5 -0.848684 0.083466 0.22247 6.97091e+10
2.5 0 -0.5 -0.839105 0.116677 0.278722 8.87523e+10
2 0.5 -0.5 -0.849581 0.0550537 0.284952 1.21597e+11
2.5 1 -0.5 -0.83029 0.0881903 0.345001 1.42579e+11
2 1.5 -0.5 -0.839477 0.0207092 0.341368 1.84368e+11
-2.25 -0.75 -0.25 -0.521103 -0.746302 -0.182136 6.06226e+09
-2.25 0.25 -0.25 -0.440414 -0.783011 -0.195418 8.86857e+09
-2.25 1.25 -0.25 -0.329263 -0.790075 -0.205003 1.11638e+10
-1.75 -1.25 -0.25 -0.591628 -0.700975 -0.11403 5.57616e+09
-1.25 -0.75 -0.25 -0.614562 -0.686816 -0.0504805 8.31842e+09
-1.75 -0.25 -0.25 -0.548278 -0.735957 -0.121357 9.04866e+09
-1.25 0.25 -0.25 -0.576201 -0.717245 -0.0590298 1.30781e+10
-1.75 0.75 -0.25 -0.474337 -0.76495 -0.137575 1.2732e+10
-1.25 1.25 -0.25 -0.511457 -0.730755 -0.0778692 1.74672e+10
-0.75 -1.25 -0.25 -0.649301 -0.641729 0.0100808 6.96053e+09
-0.25 -0.75 -0.25 -0.667599 -0.61567 0.0741192 1.0037e+10
-0.75 -0.25 -0.25 -0.637281 -0.664818 0.0139912 1.20395e+10
-0.25 0.25 -0.25 -0.658633 -0.633866 0.0773462 1.66933e+10
-0.75 0.75 -0.25 -0.60392 -0.687617 0.002714 1.80599e+10
-0.25 1.25 -0.25 -0.631888 -0.643152 0.0616837 2.359e+10
0.25 -1.25 -0.25 -0.675831 -0.571669 0.118807 7.69149e+09
0.75 -0.75 -0.25 -0.688074 -0.533693 0.178977 1.0578e+10
0.25 -0.25 -0.25 -0.684057 -0.581343 0.136945 1.39009e+10
0.75 0.25 -0.25 -0.697349 -0.538974 0.19643 1.8253e+10
0.25 0.75 -0.25 -0.677885 -0.592928 0.136829 2.18893e+10
0.75 1.25 -0.25 -0.693625 -0.540923 0.189861 2.68093e+10
1.25 -1.25 -0.25 -0.67931 -0.488977 0.203418 7.53797e+09
1.75 -0.75 -0.25 -0.683577 -0.440518 0.256813 9.76653e+09
1.25 -0.25 -0.25 -0.696281 -0.488612 0.236404 1.38214e+10
1.75 0.25 -0.25 -0.698244 -0.438859 0.289757 1.69683e+10
1.25 0.75 -0.25 -0.705707 -0.489927 0.250424 2.24501e+10
1.75 1.25 -0.25 -0.708979 -0.436958 0.296895 2.58008e+10
2.25 -1.25 -0.25 -0.666907 -0.393154 0.260411 6.64168e+09
2.25 -0.25 -0.25 -0.68056 -0.388132 0.307205 1.1919e+10
2.25 0.75 -0.25 -0.693063 -0.388345 0.337545 1.94872e+10
-2.5 -1.5 0 -0.617988 -0.391588 -0.170091 6.97375e+09
-2.5 -0.5 0 -0.599001 -0.445022 -0.170326 1.16355e+10
-2.5 0.5 0 -0.574867 -0.482463 -0.16688 1.87168e+10
-2.5 1.5 0 -0.562152 -0.496969 -0.142941 3.01836e+10
-1.5 -1.5 0 -0.714131 -0.30569 -0.0671764 1.05895e+10
-2 -1 0 -0.667702 -0.378798 -0.116007 1.14875e+10
-1.5 -0.5 0 -0.716148 -0.363956 -0.0595009 1.88369e+10
-2 0 0 -0.656272 -0.431211 -0.114188 1.93654e+10
-1.5 0.5 0 -0.709835 -0.411873 -0.0544713 3.18539e+10
-2 1 0 -0.641894 -0.464206 -0.106136 3.16134e+10
-1.5 1.5 0 -0.701065 -0.436167 -0.0387774 5.22965e+10
-0.5 -1.5 0 -0.780047 -0.215917 0.0260868 1.46243e+10
-1 -1 0 -0.755885 -0.290008 -0.0114483 1.71402e+10
-0.5 -0.5 0 -0.79253 -0.270478 0.0459878 2.72164e+10
-1 0 0 -0.760011 -0.344528 -0.000661295 3.0384e+10
-0.5 0.5 0 -0.796171 -0.318619 0.060002 4.73453e+10
-1 1 0 -0.755689 -0.384511 0.00855642 5.08369e+10
-0.5 1.5 0 -0.791278 -0.348122 0.0743032 7.74689e+10
0.5 -1.5 0 -0.820198 -0.125344 0.104726 1.81954e+10
0 -1 0 -0.811174 -0.195982 0.0813068 2.2894e+10
0.5 -0.5 0 -0.834536 -0.17107 0.137784 3.4546e+10
0 0 0 -0.821421 -0.245508 0.104789 4.1676e+10
0.5 0.5 0 -0.840583 -0.213868 0.164138 6.02429e+10
0 1 0 -0.822442 -0.284869 0.121461 6.97671e+10
0.5 1.5 0 -0.835925 -0.240772 0.184051 9.49891e+10
1.5 -1.5 0 -0.83886 -0.035447 0.167144 2.02431e+10
1 -1 0 -0.839285 -0.0999909 0.158236 2.70789e+10
1.5 -0.5 0 -0.848802 -0.0687524 0.212935 3.81473e+10
1 0 0 -0.848233 -0.140069 0.195133 4.92536e+10
1.5 0.5 0 -0.850732 -0.102599 0.252795 6.50389e+10
1 1 0 -0.848118 -0.174313 0.223496 8.0377e+10
1.5 1.5 0 -0.843939 -0.13054 0.281135 9.86501e+10
2.5 -1.5 0 -0.839702 0.053286 0.213514 2.00812e+10
2 -1 0 -0.845281 -0.00368129 0.218403 2.81842e+10
2.5 -0.5 0 -0.841062 0.0335687 0.270927 3.66483e+10
2 0 0 -0.847363 -0.0317359 0.268516 4.99853e+10
2.5 0.5 0 -0.835001 0.00829418 0.323552 6.03352e+10
2 1 0 -0.8422 -0.0617286 0.308891 7.88824e+10
2.5 1.5 0 -0.824742 -0.0207281 0.360858 8.83124e+10
-2.25 -1.25 0.25 -0.501954 -0.782694 -0.157526 3.03612e+09
-2.25 -0.25 0.25 -0.406909 -0.82563 -0.195538 4.54066e+09
-2.25 0.75 0.25 -0.265062 -0.84448 -0.248052 5.86888e+09
-1.25 -1.25 0.25 -0.588519 -0.725968 -0.0192162 4.05927e+09
-1.75 -0.75 0.25 -0.519275 -0.777662 -0.10249 4.50874e+09
-1.25 -0.25 0.25 -0.537336 -0.766726 -0.0461727 6.48436e+09
-1.75 0.25 0.25 -0.427646 -0.817545 -0.147514 6.49053e+09
-1.25 0.75 0.25 -0.452433 -0.798939 -0.0983183 8.89617e+09
-1.75 1.25 0.25 -0.302765 -0.818823 -0.201257 8.06898e+09
-0.25 -1.25 0.25 -0.637843 -0.655953 0.111649 4.80347e+09
-0.75 -0.75 0.25 -0.603226 -0.710078 0.041836 5.84605e+09
-0.25 -0.25 0.25 -0.617481 -0.686766 0.101998 8.0763e+09
-0.75 0.25 0.25 -0.556194 -0.747734 0.00944239 8.92963e+09
-0.25 0.75 0.25 -0.57745 -0.717255 0.0621231 1.1696e+10
-0.75 1.25 0.25 -0.487189 -0.763196 -0.0460506 1.1778e+10
0.75 -1.25 0.25 -0.658946 -0.572364 0.222777 5.01507e+09
0.25 -0.75 0.25 -0.647809 -0.627438 0.173151 6.62211e+09
0.75 -0.25 0.25 -0.655881 -0.591137 0.231399 8.67585e+09
0.25 0.25 0.25 -0.63139 -0.654694 0.158428 1.05917e+10
0.75 0.75 0.25 -0.645685 -0.611963 0.208002 1.30812e+10
0.25 1.25 0.25 -0.604267 -0.669982 0.11064 1.45643e+10
1.75 -1.25 0.25 -0.660738 -0.474395 0.306852 4.65325e+09
1.25 -0.75 0.25 -0.66239 -0.531159 0.280119 6.53883e+09
1.75 -0.25 0.25 -0.66122 -0.483611 0.332774 8.03506e+09
1.25 0.25 0.25 -0.661365 -0.547309 0.283621 1.06963e+10
1.75 0.75 0.25 -0.663544 -0.497739 0.327576 1.2371e+10
1.25 1.25 0.25 -0.660344 -0.558111 0.249476 1.52619e+10
2.25 -0.75 0.25 -0.655215 -0.422116 0.357376 5.69464e+09
2.25 0.25 0.25 -0.653807 -0.43267 0.37906 9.25583e+09
2.25 1.25 0.25 -0.664038 -0.446085 0.361965 1.35942e+10
-2.5 -1 0.5 -0.540649 -0.560546 -0.187161 5.02094e+09
-2.5 0 0.5 -0.48353 -0.600292 -0.209727 7.7573e+09
-2.5 1 0.5 -0.436289 -0.602102 -0.215103 1.20106e+10
-2 -1.5 0.5 -0.624841 -0.486315 -0.122308 4.95997e+09
-1.5 -1 0.5 -0.667895 -0.469799 -0.0718898 7.93127e+09
-2 -0.5 0.5 -0.590374 -0.544504 -0.139008 8.10037e+09
-1.5 0 0.5 -0.641657 -0.523885 -0.0870897 1.29798e+10
-2 0.5 0.5 -0.548332 -0.579028 -0.157763 1.27322e+10
-1.5 1 0.5 -0.615703 -0.548919 -0.0979462 2.08735e+10
-2 1.5 0.5 -0.529368 -0.574243 -0.148275 2.08285e+10
-1 -1.5 0.5 -0.720717 -0.388773 -0.0159002 7.25101e+09
-0.5 -1 0.5 -0.756401 -0.36808 0.0370453 1.13188e+10
-1 -0.5 0.5 -0.710217 -0.449513 -0.0191529 1.25193e+10
-0.5 0 0.5 -0.749351 -0.423261 0.035377 1.92739e+10
-1 0.5 0.5 -0.691865 -0.49573 -0.0314404 2.04572e+10
-0.5 1 0.5 -0.738816 -0.457843 0.0276429 3.14515e+10
-1 1.5 0.5 -0.682122 -0.507807 -0.0302517 3.40806e+10
0 -1.5 0.5 -0.786028 -0.287656 0.0790072 9.59831e+09
0.5 -1 0.5 -0.811365 -0.261602 0.132158 1.43846e+10
0 -0.5 0.5 -0.787687 -0.342401 0.0911871 1.71646e+10
0.5 0 0.5 -0.812665 -0.310203 0.145532 2.48875e+10
0 0.5 0.5 -0.783339 -0.389172 0.0907299 2.85482e+10
0.5 1 0.5 -0.810234 -0.34419 0.146761 4.00195e+10
0 1.5 0.5 -0.779287 -0.406784 0.0906716 4.64807e+10
1 -1.5 0.5 -0.825185 -0.185927 0.158881 1.13961e+10
1.5 -1 0.5 -0.838478 -0.153365 0.210843 1.61243e+10
1 -0.5 0.5 -0.829688 -0.229635 0.185702 2.05744e+10
1.5 0 0.5 -0.839407 -0.190427 0.238926 2.75853e+10
1 0.5 0.5 -0.82971 -0.269355 0.199346 3.38779e+10
1.5 1 0.5 -0.837319 -0.219588 0.252425 4.28293e+10
1 1.5 0.5 -0.826989 -0.287459 0.204842 5.25237e+10
2 -1.5 0.5 -0.842101 -0.0845699 0.222724 1.20601e+10
2.5 -1 0.5 -0.842502 -0.045029 0.272785 1.58974e+10
2 -0.5 0.5 -0.842784 -0.114296 0.263023 2.14192e+10
2.5 0 0.5 -0.837154 -0.069672 0.314571 2.63867e+10
2 0.5 0.5 -0.839487 -0.14444 0.29093 3.42462e+10
2.5 1 0.5 -0.830521 -0.0949808 0.339725 3.94136e+10
2 1.5 0.5 -0.83586 -0.16548 0.303141 5.07637e+10
-2.25 -0.75 0.75 -0.399121 -0.846223 -0.177913 2.35836e+09
-2.25 0.25 0.75 -0.244436 -0.87432 -0.2607 3.12148e+09
-2.25 1.25 0.75 -0.0511567 -0.836344 -0.334826 3.71802e+09
-1.75 -1.25 0.75 -0.508931 -0.796089 -0.0725355 2.28675e+09
-1.25 -0.75 0.75 -0.519675 -0.788953 -0.0200354 3.26589e+09
-1.75 -0.25 0.75 -0.410453 -0.84336 -0.13601 3.34959e+09
-1.25 0.25 0.75 -0.424877 -0.834117 -0.092986 4.57114e+09
-1.75 0.75 0.75 -0.263814 -0.863571 -0.225832 4.27371e+09
-1.25 1.25 0.75 -0.303763 -0.841829 -0.175765 5.81315e+09
-0.75 -1.25 0.75 -0.585533 -0.728639 0.07645 2.89344e+09
-0.25 -0.75 0.75 -0.593742 -0.709408 0.134735 3.97164e+09
-0.75 -0.25 0.75 -0.531337 -0.775843 0.0322341 4.47359e+09
-0.25 0.25 0.75 -0.545823 -0.754264 0.0826418 5.84651e+09
-0.75 0.75 0.75 -0.447431 -0.814274 -0.04698 6.02516e+09
-0.25 1.25 0.75 -0.484024 -0.778695 0.00524521 7.76506e+09
0.25 -1.25 0.75 -0.627573 -0.64443 0.211557 3.22826e+09
0.75 -0.75 0.75 -0.631217 -0.611358 0.269503 4.21e+09
0.25 -0.25 0.75 -0.602322 -0.682638 0.190293 5.18634e+09
0.75 0.25 0.75 -0.612806 -0.646527 0.240455 6.40588e+09
0.25 0.75 0.75 -0.567033 -0.720093 0.130242 7.30241e+09
0.75 1.25 0.75 -0.595371 -0.67095 0.175504 8.78068e+09
1.25 -1.25 0.75 -0.645818 -0.543978 0.321912 3.1824e+09
1.75 -0.75 0.75 -0.643004 -0.4971 0.374919 3.90995e+09
1.25 -0.25 0.75 -0.633808 -0.570421 0.322303 5.18225e+09
1.75 0.25 0.75 -0.634985 -0.522257 0.367819 5.99931e+09
1.25 0.75 0.75 -0.626073 -0.59983 0.283613 7.49657e+09
1.75 1.25 0.75 -0.639899 -0.546478 0.319929 8.42632e+09
2.25 -1.25 0.75 -0.64876 -0.428609 0.40225 2.80731e+09
2.25 -0.25 0.75 -0.635881 -0.444272 0.421911 4.51551e+09
2.25 0.75 0.75 -0.634017 -0.470063 0.404957 6.57389e+09
-2.5 -1.5 1 -0.49698 -0.649076 -0.190391 2.34121e+09
-2.5 -0.5 1 -0.411028 -0.700952 -0.235364 3.4748e+09
-2.5 0.5 1 -0.316329 -0.708444 -0.276181 5.0296e+09
-2.5 1.5 1 -0.286485 -0.666457 -0.258992 8.06841e+09
-1.5 -1.5 1 -0.62648 -0.552426 -0.0752106 3.59332e+09
-2 -1 1 -0.536573 -0.635176 -0.150335 3.65706e+09
-1.5 -0.5 1 -0.580417 -0.617465 -0.106694 5.66993e+09
-2 0 1 -0.464008 -0.682069 -0.194508 5.46659e+09
-1.5 0.5 1 -0.52698 -0.65553 -0.144514 8.64645e+09
-2 1 1 -0.405719 -0.681904 -0.218722 8.36327e+09
-1.5 1.5 1 -0.508472 -0.644563 -0.145575 1.42299e+10
-0.5 -1.5 1 -0.721858 -0.446659 0.0339379 5.03635e+09
-1 -1 1 -0.664215 -0.534292 -0.0284436 5.52876e+09
-0.5 -0.5 1 -0.702138 -0.51102 0.0202738 8.33182e+09
-1 0 1 -0.627861 -0.593296 -0.0589162 8.68986e+09
-0.5 0.5 1 -0.67815 -0.559628 -0.0065072 1.31337e+10
-1 1 1 -0.598714 -0.61785 -0.0840455 1.37817e+10
-0.5 1.5 1 -0.671522 -0.565394 -0.0140725 2.16662e+10
0.5 -1.5 1 -0.786799 -0.337382 0.130422 6.366e+09
0 -1 1 -0.752886 -0.422852 0.0838762 7.51544e+09
0.5 -0.5 1 -0.780708 -0.392801 0.134186 1.08107e+10
0 0 1 -0.739064 -0.480251 0.0703651 1.21955e+10
0.5 0.5 1 -0.773666 -0.438759 0.121712 1.71557e+10
0 1 1 -0.728751 -0.512867 0.0510921 1.9398e+10
0.5 1.5 1 -0.773008 -0.447974 0.115273 2.70151e+10
1.5 -1.5 1 -0.825328 -0.226862 0.211616 7.19312e+09
1 -1 1 -0.807854 -0.306677 0.180948 9.06184e+09
1.5 -0.5 1 -0.823012 -0.268526 0.230969 1.22183e+10
1 0 1 -0.804059 -0.354085 0.18411 1.47878e+10
1.5 0.5 1 -0.821378 -0.304153 0.233855 1.89861e+10
1 1 1 -0.803202 -0.382689 0.175707 2.28256e+10
1.5 1.5 1 -0.822704 -0.314022 0.232022 2.83383e+10
2.5 -1.5 1 -0.840905 -0.115731 0.276784 7.2348e+09
2 -1 1 -0.834378 -0.188135 0.261261 9.61742e+09
2.5 -0.5 1 -0.83539 -0.142125 0.31015 1.20212e+10
2 0 1 -0.830977 -0.221602 0.279988 1.53986e+10
2.5 0.5 1 -0.830756 -0.167122 0.327069 1.8051e+10
2 1 1 -0.830693 -0.244213 0.283046 2.28026e+10
2.5 1.5 1 -0.827938 -0.174885 0.33032 2.51744e+10
-2.25 -1.25 1.25 -0.405299 -0.852578 -0.147516 1.24161e+09
-2.25 -0.25 1.25 -0.253793 -0.887598 -0.247786 1.67989e+09
-2.25 0.75 1.25 -0.0412066 -0.866886 -0.362463 2.03841e+09
-1.25 -1.25 1.25 -0.512845 -0.794217 0.013319 1.67023e+09
-1.75 -0.75 1.25 -0.410935 -0.851546 -0.109183 1.75211e+09
-1.25 -0.25 1.25 -0.418834 -0.846113 -0.0697033 2.38033e+09
-1.75 0.25 1.25 -0.261937 -0.883623 -0.220008 2.28651e+09
-1.25 0.75 1.25 -0.283438 -0.87395 -0.180032 3.05557e+09
-1.75 1.25 1.25 -0.0764254 -0.858303 -0.317938 2.79419e+09
-0.25 -1.25 1.25 -0.57927 -0.713404 0.168556 1.98966e+09
-0.75 -0.75 1.25 -0.519315 -0.783241 0.0631539 2.27471e+09
-0.25 -0.25 1.25 -0.528563 -0.765465 0.112211 2.96136e+09
-0.75 0.25 1.25 -0.432872 -0.833785 -0.0271752 3.11971e+09
-0.25 0.75 1.25 -0.45836 -0.810501 0.0211818 3.96913e+09
-0.75 1.25 1.25 -0.322571 -0.853848 -0.123945 4.00006e+09
0.75 -1.25 1.25 -0.615937 -0.612641 0.302818 2.09165e+09
0.25 -0.75 1.25 -0.583872 -0.688598 0.22293 2.58682e+09
0.75 -0.25 1.25 -0.591191 -0.655159 0.273604 3.1897e+09
0.25 0.25 1.25 -0.544091 -0.737859 0.160141 3.6861e+09
0.75 0.75 1.25 -0.568088 -0.697193 0.207052 4.39481e+09
0.25 1.25 1.25 -0.494741 -0.771541 0.0746121 4.83514e+09
1.75 -1.25 1.25 -0.634273 -0.494066 0.407357 1.95553e+09
1.25 -0.75 1.25 -0.617049 -0.572366 0.355303 2.57258e+09
1.75 -0.25 1.25 -0.618908 -0.52354 0.401935 2.98381e+09
1.25 0.25 1.25 -0.602803 -0.611421 0.319366 3.72846e+09
1.75 0.75 1.25 -0.616914 -0.558433 0.359938 4.15032e+09
1.25 1.25 1.25 -0.594996 -0.643887 0.251353 4.98942e+09
2.25 -0.75 1.25 -0.629648 -0.439233 0.453936 2.26821e+09
2.25 0.25 1.25 -0.62038 -0.467749 0.442093 3.27001e+09
2.25 1.25 1.25 -0.629312 -0.497636 0.39368 4.34674e+09
-2.5 -1 1.5 -0.363612 -0.766892 -0.241432 1.69147e+09
-2.5 0 1.5 -0.229039 -0.790619 -0.31313 2.31053e+09
-2.5 1 1.5 -0.126454 -0.749523 -0.341274 3.32316e+09
-2 -1.5 1.5 -0.496325 -0.693654 -0.149847 1.77547e+09
-1.5 -1 1.5 -0.53078 -0.680776 -0.11403 2.67064e+09
-2 -0.5 1.5 -0.400999 -0.753927 -0.211899 2.55561e+09
-1.5 0 1.5 -0.45044 -0.735187 -0.173949 3.86988e+09
-2 0.5 1.5 -0.296306 -0.770439 -0.271642 3.6181e+09
-1.5 1 1.5 -0.389598 -0.742029 -0.21006 5.82564e+09
-2 1.5 1.5 -0.263229 -0.730679 -0.263806 5.71087e+09
-1 -1.5 1.5 -0.623665 -0.592834 -0.0311526 2.60993e+09
-0.5 -1 1.5 -0.65751 -0.574263 0.0117762 3.84507e+09
-1 -0.5 1.5 -0.570729 -0.66302 -0.0744754 3.96911e+09
-0.5 0 1.5 -0.617296 -0.637338 -0.0297593 5.83114e+09
-1 0.5 1.5 -0.514645 -0.707153 -0.124226 5.90767e+09
-0.5 1 1.5 -0.590368 -0.664782 -0.061616 8.99006e+09
-1 1.5 1.5 -0.498222 -0.6974 -0.130385 9.38719e+09
0 -1.5 1.5 -0.71813 -0.482868 0.0795187 3.4911e+09
0.5 -1 1.5 -0.746217 -0.456934 0.12584 4.9595e+09
0 -0.5 1.5 -0.693255 -0.549255 0.0564783 5.52537e+09
0.5 0 1.5 -0.730575 -0.514337 0.103303 7.6929e+09
0 0.5 1.5 -0.669993 -0.599456 0.0216287 8.42858e+09
0.5 1 1.5 -0.724401 -0.543489 0.0808337 1.16782e+10
0 1.5 1.5 -0.667422 -0.600216 0.012992 1.30077e+10
1 -1.5 1.5 -0.782799 -0.368402 0.176898 4.19891e+09
1.5 -1 1.5 -0.801485 -0.333506 0.224007 5.65772e+09
1 -0.5 1.5 -0.772836 -0.422789 0.172231 6.75747e+09
1.5 0 1.5 -0.796915 -0.377025 0.218984 8.72776e+09
1 0.5 1.5 -0.767739 -0.464773 0.153518 1.02334e+10
1.5 1 1.5 -0.800221 -0.397676 0.207671 1.27611e+10
1 1.5 1.5 -0.772212 -0.465331 0.147319 1.4977e+10
2 -1.5 1.5 -0.820969 -0.250933 0.258849 4.50628e+09
2.5 -1 1.5 -0.82777 -0.206527 0.305271 5.68664e+09
2 -0.5 1.5 -0.815717 -0.289159 0.270327 7.19215e+09
2.5 0 1.5 -0.82401 -0.234383 0.315636 8.55164e+09
2 0.5 1.5 -0.816121 -0.317652 0.266502 1.05785e+10
2.5 1 1.5 -0.826392 -0.244693 0.313788 1.1892e+10
2 1.5 1.5 -0.821368 -0.313996 0.263281 1.47097e+10
