449
-2.5 -1 -1.5 -0.683734 0.061889 0.414858 1.42494e+10
-2.5 0 -1.5 -0.644236 -0.0277723 0.364243 1.20627e+10
-2.5 1 -1.5 -0.653749 -0.204842 0.242491 8.96687e+09
-2 -1.5 -1.5 -0.665457 0.0972236 0.416432 1.17182e+10
-1.5 -1 -1.5 -0.589593 0.103115 0.431594 1.03772e+10
-2 -0.5 -1.5 -0.614864 0.0513685 0.414535 1.2066e+10
-1.5 0 -1.5 -0.545002 -0.00422312 0.393365 9.76276e+09
-2 0.5 -1.5 -0.600234 -0.103974 0.326662 9.83012e+09
-1.5 1 -1.5 -0.571809 -0.202964 0.295318 8.15894e+09
-2 1.5 -1.5 -0.638253 -0.282418 0.224965 7.68493e+09
-1 -1.5 -1.5 -0.568519 0.136276 0.422538 7.89298e+09
-0.5 -1 -1.5 -0.476498 0.12726 0.434857 6.8298e+09
-1 -0.5 -1.5 -0.503536 0.0740126 0.430424 8.64854e+09
-0.5 0 -1.5 -0.416273 0.00406396 0.414104 6.95109e+09
-1 0.5 -1.5 -0.487764 -0.101804 0.361915 7.85538e+09
-0.5 1 -1.5 -0.447658 -0.217899 0.334692 6.37479e+09
-1 1.5 -1.5 -0.550548 -0.299119 0.279586 6.79515e+09
0 -1.5 -1.5 -0.460138 0.166083 0.417403 5.01001e+09
0.5 -1 -1.5 -0.356111 0.147102 0.4286 4.2759e+09
0 -0.5 -1.5 -0.375139 0.0868753 0.435616 5.65106e+09
0.5 0 -1.5 -0.271024 0.0155234 0.426725 4.54989e+09
0 0.5 -1.5 -0.338106 -0.0998793 0.389897 5.52099e+09
0.5 1 -1.5 -0.271769 -0.221993 0.365841 4.37485e+09
0 1.5 -1.5 -0.416079 -0.330269 0.318778 5.16054e+09
1 -1.5 -1.5 -0.353396 0.192523 0.405543 3.11117e+09
1.5 -1 -1.5 -0.246145 0.168095 0.417322 2.65032e+09
1 -0.5 -1.5 -0.245443 0.103021 0.432515 3.5423e+09
1.5 0 -1.5 -0.133497 0.037002 0.4304 2.88634e+09
1 0.5 -1.5 -0.169134 -0.0808717 0.411242 3.61217e+09
1.5 1 -1.5 -0.0740111 -0.189398 0.394906 2.87313e+09
1 1.5 -1.5 -0.210471 -0.340879 0.348852 3.47709e+09
2 -1.5 -1.5 -0.260333 0.215605 0.389907 1.92474e+09
2.5 -1 -1.5 -0.159279 0.187003 0.402744 1.6507e+09
2 -0.5 -1.5 -0.13738 0.124283 0.424457 2.21962e+09
2.5 0 -1.5 -0.0340164 0.0653418 0.428234 1.85224e+09
2 0.5 -1.5 -0.0267493 -0.0436717 0.425033 2.34772e+09
2.5 1 -1.5 0.0687066 -0.128442 0.419634 1.93163e+09
2 1.5 -1.5 0.0128716 -0.294237 0.382858 2.31789e+09
-2.25 -0.75 -1.25 -0.471972 0.581435 0.493517 6.09802e+09
-2.25 0.25 -1.25 -0.354963 0.563705 0.432201 3.84958e+09
-2.25 1.25 -1.25 -0.465219 0.399919 0.345751 2.71288e+09
-1.75 -1.25 -1.25 -0.50141 0.589253 0.488277 6.09699e+09
-1.25 -0.75 -1.25 -0.401091 0.625899 0.505849 5.35219e+09
-1.75 -0.25 -1.25 -0.359408 0.612521 0.487668 4.90926e+09
-1.25 0.25 -1.25 -0.253777 0.603298 0.46082 3.68578e+09
-1.75 0.75 -1.25 -0.302285 0.510534 0.39193 2.98743e+09
-1.25 1.25 -1.25 -0.301861 0.43319 0.377039 2.41614e+09
-0.75 -1.25 -1.25 -0.448649 0.628178 0.489997 4.77256e+09
-0.25 -0.75 -1.25 -0.358729 0.648885 0.511157 4.11412e+09
-0.75 -0.25 -1.25 -0.296308 0.641442 0.508619 4.29751e+09
-0.25 0.25 -1.25 -0.200903 0.628654 0.499362 3.23406e+09
-0.75 0.75 -1.25 -0.183806 0.55083 0.429521 2.71748e+09
-0.25 1.25 -1.25 -0.157222 0.47235 0.413456 2.03005e+09
0.25 -1.25 -1.25 -0.418882 0.649593 0.483984 3.35879e+09
0.75 -0.75 -1.25 -0.343429 0.657153 0.508942 2.83597e+09
0.25 -0.25 -1.25 -0.271651 0.651725 0.524858 3.31612e+09
0.75 0.25 -1.25 -0.191562 0.636021 0.533962 2.54838e+09
0.25 0.75 -1.25 -0.124631 0.587586 0.48692 2.36018e+09
0.75 1.25 -1.25 -0.0765775 0.524883 0.484954 1.72401e+09
1.25 -1.25 -1.25 -0.408519 0.657751 0.472952 2.19163e+09
1.75 -0.75 -1.25 -0.346169 0.655071 0.501607 1.82278e+09
1.25 -0.25 -1.25 -0.272614 0.649751 0.531157 2.28238e+09
1.75 0.25 -1.25 -0.209767 0.627472 0.551893 1.77616e+09
1.25 0.75 -1.25 -0.123329 0.601316 0.541953 1.89609e+09
1.75 1.25 -1.25 -0.0732898 0.550652 0.553633 1.39855e+09
2.25 -1.25 -1.25 -0.40927 0.656951 0.45923 1.36195e+09
2.25 -0.25 -1.25 -0.290151 0.639065 0.529119 1.46733e+09
2.25 0.75 -1.25 -0.160231 0.591294 0.57276 1.36136e+09
-2.5 -1.5 -1 -0.742817 -0.0599983 0.368115 3.15197e+10
-2.5 -0.5 -1 -0.722865 -0.0799419 0.398701 3.80932e+10
-2.5 0.5 -1 -0.700106 -0.176824 0.371568 3.27422e+10
-2.5 1.5 -1 -0.675165 -0.317774 0.30873 2.22752e+10
-1.5 -1.5 -1 -0.665189 -0.0232519 0.392742 2.14532e+10
-2 -1 -1 -0.697906 -0.0441839 0.405016 3.04995e+10
-1.5 -0.5 -1 -0.645067 -0.0516116 0.432767 2.75656e+10
-2 0 -1 -0.677632 -0.0996909 0.416234 3.29677e+10
-1.5 0.5 -1 -0.634667 -0.150766 0.420741 2.71277e+10
-2 1 -1 -0.668345 -0.231032 0.371109 2.65946e+10
-1.5 1.5 -1 -0.636509 -0.293569 0.373097 2.11915e+10
-0.5 -1.5 -1 -0.56673 0.00412255 0.402805 1.34753e+10
-1 -1 -1 -0.605918 -0.0219841 0.424767 1.99033e+10
-0.5 -0.5 -1 -0.538664 -0.044254 0.448561 1.7414e+10
-1 0 -1 -0.58813 -0.0879086 0.448235 2.33562e+10
-0.5 0.5 -1 -0.53393 -0.151541 0.454065 1.89997e+10
-1 1 -1 -0.599383 -0.221989 0.421013 2.19058e+10
-0.5 1.5 -1 -0.566326 -0.295629 0.422544 1.72602e+10
0.5 -1.5 -1 -0.456269 0.0303894 0.401686 8.15609e+09
0 -1 -1 -0.491999 -0.00632547 0.42992 1.20443e+10
0.5 -0.5 -1 -0.40898 -0.0376427 0.450557 1.02855e+10
0 0 -1 -0.467002 -0.090976 0.463715 1.4525e+10
0.5 0.5 -1 -0.393862 -0.157069 0.472272 1.17302e+10
0 1 -1 -0.485177 -0.229982 0.455941 1.5104e+10
0.5 1.5 -1 -0.432748 -0.315936 0.454843 1.17237e+10
1.5 -1.5 -1 -0.346298 0.0577058 0.392504 4.88335e+09
1 -1 -1 -0.369314 0.0132147 0.425207 7.12569e+09
1.5 -0.5 -1 -0.275952 -0.0201997 0.444139 6.04218e+09
1 0 -1 -0.320566 -0.087074 0.465388 8.50897e+09
1.5 0.5 -1 -0.227709 -0.149967 0.474407 6.90337e+09
1 1 -1 -0.316626 -0.238126 0.47419 9.25175e+09
1.5 1.5 -1 -0.233952 -0.324176 0.471865 7.24138e+09
2.5 -1.5 -1 -0.247506 0.0828065 0.377747 2.92764e+09
2 -1 -1 -0.254558 0.0369208 0.413816 4.2349e+09
2.5 -0.5 -1 -0.161028 0.00373649 0.431355 3.61504e+09
2 0 -1 -0.179302 -0.0662227 0.458314 5.03724e+09
2.5 0.5 -1 -0.0838775 -0.118639 0.46815 4.18562e+09
2 1 -1 -0.132663 -0.218356 0.478669 5.57196e+09
2.5 1.5 -1 -0.0369246 -0.281735 0.479743 4.53275e+09
-2.25 -1.25 -0.75 -0.63401 0.482695 0.432931 1.40237e+10
-2.25 -0.25 -0.75 -0.545132 0.49487 0.487335 1.36797e+10
-2.25 0.75 -0.75 -0.482583 0.434431 0.485667 9.00611e+09
-1.25 -1.25 -0.75 -0.581145 0.533634 0.44673 1.11635e+10
-1.75 -0.75 -0.75 -0.560704 0.518254 0.477152 1.35509e+10
-1.25 -0.25 -0.75 -0.479757 0.539364 0.51369 1.1957e+10
-1.75 0.25 -0.75 -0.458294 0.50455 0.509493 1.10215e+10
-1.25 0.75 -0.75 -0.389521 0.477698 0.519777 8.35898e+09
-1.75 1.25 -0.75 -0.464999 0.390528 0.503678 7.44129e+09
-0.25 -1.25 -0.75 -0.542714 0.567941 0.447545 7.9595e+09
-0.75 -0.75 -0.75 -0.510412 0.556505 0.488884 1.04252e+10
-0.25 -0.25 -0.75 -0.439933 0.564304 0.524413 9.01592e+09
-0.75 0.25 -0.75 -0.401056 0.538584 0.537716 9.58159e+09
-0.25 0.75 -0.75 -0.336943 0.512832 0.554136 7.20361e+09
-0.75 1.25 -0.75 -0.360063 0.42682 0.533124 6.32557e+09
0.75 -1.25 -0.75 -0.519733 0.587766 0.438236 5.21258e+09
0.25 -0.75 -0.75 -0.4803 0.579058 0.486569 7.13722e+09
0.75 -0.25 -0.75 -0.419904 0.576544 0.521592 6.00716e+09
0.25 0.25 -0.75 -0.373914 0.55598 0.553515 7.27525e+09
0.75 0.75 -0.75 -0.310401 0.534188 0.579388 5.61046e+09
0.25 1.25 -0.75 -0.286013 0.469821 0.570873 5.31499e+09
1.75 -1.25 -0.75 -0.505552 0.59753 0.423151 3.21013e+09
1.25 -0.75 -0.75 -0.465077 0.589507 0.475475 4.50674e+09
1.75 -0.25 -0.75 -0.411565 0.579847 0.511248 3.72754e+09
1.25 0.25 -0.75 -0.361422 0.561899 0.554377 4.83201e+09
1.75 0.75 -0.75 -0.308263 0.535437 0.584597 3.77025e+09
1.25 1.25 -0.75 -0.254284 0.497407 0.602272 4.17774e+09
2.25 -0.75 -0.75 -0.456734 0.591999 0.460292 2.71371e+09
2.25 0.25 -0.75 -0.362709 0.558769 0.544956 2.99748e+09
2.25 1.25 -0.75 -0.265797 0.498552 0.612298 2.91286e+09
-2.5 -1 -0.5 -0.763801 -0.173846 0.356078 8.63583e+10
-2.5 0 -0.5 -0.759072 -0.188882 0.394772 1.06451e+11
-2.5 1 -0.5 -0.72653 -0.278443 0.390063 8.42218e+10
-2 -1.5 -0.5 -0.726478 -0.165939 0.347844 5.79308e+10
-1.5 -1 -0.5 -0.692755 -0.150998 0.393271 5.7656e+10
-2 -0.5 -0.5 -0.734933 -0.160166 0.402897 8.50147e+10
-1.5 0 -0.5 -0.700694 -0.163929 0.442499 7.79462e+10
-2 0.5 -0.5 -0.727755 -0.200979 0.428156 9.21186e+10
-1.5 1 -0.5 -0.694158 -0.236595 0.450638 7.42715e+10
-2 1.5 -0.5 -0.682463 -0.318107 0.409495 6.33943e+10
-1 -1.5 -0.5 -0.642208 -0.141342 0.374007 3.68945e+10
-0.5 -1 -0.5 -0.593923 -0.138833 0.413525 3.48528e+10
-1 -0.5 -0.5 -0.652216 -0.152119 0.434168 5.40456e+10
-0.5 0 -0.5 -0.606403 -0.171535 0.467918 4.75767e+10
-1 0.5 -0.5 -0.662943 -0.190145 0.471336 6.61497e+10
-0.5 1 -0.5 -0.624861 -0.234739 0.492421 5.31731e+10
-1 1.5 -0.5 -0.657808 -0.286318 0.467157 5.6945e+10
0 -1.5 -0.5 -0.53762 -0.118048 0.386303 2.22487e+10
0.5 -1 -0.5 -0.473797 -0.124472 0.420065 2.01585e+10
0 -0.5 -0.5 -0.537443 -0.153022 0.447907 3.11247e+10
0.5 0 -0.5 -0.473278 -0.18354 0.476525 2.64421e+10
0 0.5 -0.5 -0.556852 -0.208618 0.49455 3.96635e+10
0.5 1 -0.5 -0.503107 -0.258395 0.515512 3.18323e+10
0 1.5 -0.5 -0.581641 -0.288878 0.508234 4.08575e+10
1 -1.5 -0.5 -0.422695 -0.0915577 0.386997 1.31057e+10
1.5 -1 -0.5 -0.346222 -0.102984 0.416187 1.15759e+10
1 -0.5 -0.5 -0.400492 -0.145265 0.449364 1.74635e+10
1.5 0 -0.5 -0.319131 -0.177796 0.474241 1.46792e+10
1 0.5 -0.5 -0.401892 -0.226898 0.499916 2.1719e+10
1.5 1 -0.5 -0.320885 -0.27931 0.516411 1.74193e+10
1 1.5 -0.5 -0.436747 -0.322583 0.527236 2.45735e+10
2 -1.5 -0.5 -0.308348 -0.0635931 0.378665 7.67088e+09
2.5 -1 -0.5 -0.226602 -0.0782547 0.404552 6.72014e+09
2 -0.5 -0.5 -0.262599 -0.125376 0.441828 9.94899e+09
2.5 0 -0.5 -0.17498 -0.154477 0.462995 8.42884e+09
2 0.5 -0.5 -0.230751 -0.217272 0.493592 1.21238e+10
2.5 1 -0.5 -0.13734 -0.256391 0.507262 9.97005e+09
2 1.5 -0.5 -0.229916 -0.332703 0.52623 1.38202e+10
-2.25 -0.75 -0.25 -0.696293 0.37797 0.420402 3.17497e+10
-2.25 0.25 -0.25 -0.632549 0.362873 0.499762 3.12329e+10
-2.25 1.25 -0.25 -0.595154 0.28743 0.551522 2.16832e+10
-1.75 -1.25 -0.25 -0.696669 0.407413 0.38841 2.47696e+10
-1.25 -0.75 -0.25 -0.642691 0.433864 0.446353 2.48915e+10
-1.75 -0.25 -0.25 -0.636614 0.403062 0.481462 3.0819e+10
-1.25 0.25 -0.25 -0.571737 0.41516 0.535843 2.73518e+10
-1.75 0.75 -0.25 -0.561585 0.361549 0.547139 2.48408e+10
-1.25 1.25 -0.25 -0.518286 0.332683 0.58481 1.92805e+10
-0.75 -1.25 -0.25 -0.652168 0.458334 0.401927 1.81731e+10
-0.25 -0.75 -0.25 -0.601323 0.474663 0.453854 1.73977e+10
-0.75 -0.25 -0.25 -0.586488 0.447526 0.501269 2.33681e+10
-0.25 0.25 -0.25 -0.531576 0.447468 0.548447 2.0284e+10
-0.75 0.75 -0.25 -0.513001 0.404314 0.576792 2.17269e+10
-0.25 1.25 -0.25 -0.46123 0.376761 0.611736 1.62215e+10
0.25 -1.25 -0.25 -0.618412 0.493953 0.40081 1.21882e+10
0.75 -0.75 -0.25 -0.572306 0.50072 0.446527 1.10803e+10
0.25 -0.25 -0.25 -0.55107 0.477912 0.501108 1.55483e+10
0.75 0.25 -0.25 -0.498334 0.470731 0.544174 1.29952e+10
0.25 0.75 -0.25 -0.475596 0.435579 0.589352 1.63155e+10
0.75 1.25 -0.25 -0.414738 0.416706 0.62696 1.25799e+10
1.25 -1.25 -0.25 -0.592358 0.517051 0.38914 7.5941e+09
1.75 -0.75 -0.25 -0.547105 0.517319 0.43163 6.60391e+09
1.25 -0.25 -0.25 -0.523234 0.497652 0.48969 9.47241e+09
1.75 0.25 -0.25 -0.473128 0.485207 0.531114 7.7848e+09
1.25 0.75 -0.25 -0.444463 0.454661 0.585007 1.0438e+10
1.75 1.25 -0.25 -0.395574 0.429213 0.620702 8.18405e+09
2.25 -1.25 -0.25 -0.568087 0.531745 0.372651 4.48421e+09
2.25 -0.25 -0.25 -0.500793 0.508271 0.473085 5.53172e+09
2.25 0.75 -0.25 -0.427048 0.463125 0.568471 6.2647e+09
-2.5 -1.5 0 -0.760816 -0.291412 0.299097 1.51519e+11
-2.5 -0.5 0 -0.786623 -0.259767 0.356996 2.42905e+11
-2.5 0.5 0 -0.783074 -0.265882 0.400605 2.88672e+11
-2.5 1.5 0 -0.696191 -0.382949 0.400613 1.75144e+11
-1.5 -1.5 0 -0.69132 -0.268671 0.339784 9.99025e+10
-2 -1 0 -0.746016 -0.263474 0.352664 1.6069e+11
-1.5 -0.5 0 -0.724092 -0.245934 0.403873 1.60339e+11
-2 0 0 -0.768676 -0.239124 0.410958 2.40946e+11
-1.5 0.5 0 -0.745356 -0.231759 0.45786 2.21222e+11
-2 1 0 -0.753928 -0.271632 0.442062 2.39763e+11
-1.5 1.5 0 -0.713392 -0.302631 0.470559 1.77436e+11
-0.5 -1.5 0 -0.595941 -0.249282 0.364554 6.09853e+10
-1 -1 0 -0.663198 -0.252648 0.387339 9.94107e+10
-0.5 -0.5 0 -0.627691 -0.249048 0.431497 9.34471e+10
-1 0 0 -0.696862 -0.240732 0.450448 1.50676e+11
-0.5 0.5 0 -0.664921 -0.249783 0.49005 1.32119e+11
-1 1 0 -0.71521 -0.246217 0.493017 1.82581e+11
-0.5 1.5 0 -0.674769 -0.283964 0.518074 1.38294e+11
0.5 -1.5 0 -0.4826 -0.226049 0.375607 3.58996e+10
0 -1 0 -0.552412 -0.243456 0.405981 5.75766e+10
0.5 -0.5 0 -0.498846 -0.250263 0.443426 5.1467e+10
0 0 0 -0.584328 -0.259656 0.470356 8.26176e+10
0.5 0.5 0 -0.531466 -0.284949 0.503485 6.92115e+10
0 1 0 -0.627184 -0.274549 0.522434 1.08967e+11
0.5 1.5 0 -0.582075 -0.311989 0.548016 8.59662e+10
1.5 -1.5 0 -0.360865 -0.198635 0.374988 2.07851e+10
1 -1 0 -0.422858 -0.227031 0.411305 3.25347e+10
1.5 -0.5 0 -0.351561 -0.23906 0.443556 2.82885e+10
1 0 0 -0.43361 -0.269845 0.476371 4.38792e+10
1.5 0.5 0 -0.358087 -0.298409 0.504387 3.63428e+10
1 1 0 -0.469311 -0.321499 0.530694 5.60597e+10
1.5 1.5 0 -0.393859 -0.365375 0.549522 4.4087e+10
2.5 -1.5 0 -0.24075 -0.171122 0.365669 1.19967e+10
2 -1 0 -0.288225 -0.204174 0.406281 1.8402e+10
2.5 -0.5 0 -0.208802 -0.216998 0.434402 1.59303e+10
2 0 0 -0.2715 -0.25872 0.471832 2.39899e+10
2.5 0.5 0 -0.184407 -0.279948 0.494544 2.00822e+10
2 1 0 -0.271373 -0.329851 0.525596 2.95342e+10
2.5 1.5 0 -0.171625 -0.357782 0.539967 2.39406e+10
-2.25 -1.25 0.25 -0.794629 0.189116 0.319476 7.24111e+10
-2.25 -0.25 0.25 -0.769313 0.176376 0.417178 1.00403e+11
-2.25 0.75 0.25 -0.715479 0.146715 0.510506 9.51966e+10
-1.25 -1.25 0.25 -0.746899 0.266367 0.345616 5.44003e+10
-1.75 -0.75 0.25 -0.75775 0.224546 0.386014 7.70853e+10
-1.25 -0.25 0.25 -0.71265 0.250134 0.452452 7.6471e+10
-1.75 0.25 0.25 -0.720254 0.201183 0.488606 9.61275e+10
-1.25 0.75 0.25 -0.66924 0.21256 0.551552 8.46907e+10
-1.75 1.25 0.25 -0.655894 0.1415 0.567095 7.23527e+10
-0.25 -1.25 0.25 -0.700115 0.329296 0.35392 3.71507e+10
-0.75 -0.75 0.25 -0.705167 0.294536 0.406518 5.46848e+10
-0.25 -0.25 0.25 -0.662517 0.308944 0.464037 5.1796e+10
-0.75 0.25 0.25 -0.66832 0.261578 0.513825 7.14636e+10
-0.25 0.75 0.25 -0.619153 0.261403 0.566348 6.10215e+10
-0.75 1.25 0.25 -0.615532 0.201173 0.599333 6.47292e+10
0.75 -1.25 0.25 -0.659237 0.37483 0.347786 2.35946e+10
0.25 -0.75 0.25 -0.660264 0.346314 0.407388 3.54686e+10
0.75 -0.25 0.25 -0.615212 0.352495 0.457435 3.15996e+10
0.25 0.25 0.25 -0.615566 0.311533 0.515936 4.54724e+10
0.75 0.75 0.25 -0.559692 0.305863 0.563543 3.71576e+10
0.25 1.25 0.25 -0.560526 0.253384 0.6124 4.76205e+10
1.75 -1.25 0.25 -0.61854 0.406803 0.333246 1.40396e+10
1.25 -0.75 0.25 -0.616787 0.383505 0.39564 2.12508e+10
1.75 -0.25 0.25 -0.567328 0.383122 0.44233 1.80979e+10
1.25 0.25 0.25 -0.562264 0.349939 0.504946 2.64378e+10
1.75 0.75 0.25 -0.510201 0.337338 0.54917 2.15752e+10
1.25 1.25 0.25 -0.507129 0.290631 0.607237 2.97226e+10
2.25 -0.75 0.25 -0.572528 0.408314 0.378886 1.21304e+10
2.25 0.25 0.25 -0.517408 0.373123 0.48666 1.50266e+10
2.25 1.25 0.25 -0.456521 0.319396 0.586993 1.73277e+10
-2.5 -1 0.5 -0.779551 -0.0177476 0.347065 2.98945e+11
-2.5 0 0.5 -0.781438 -0.0494633 0.409767 4.32198e+11
-2.5 1 0.5 -0.755546 -0.115035 0.45091 4.39949e+11
-2 -1.5 0.5 -0.751978 0.0309724 0.333831 2.02781e+11
-1.5 -1 0.5 -0.726018 0.059881 0.389668 2.15293e+11
-2 -0.5 0.5 -0.755523 0.00773331 0.406416 3.16144e+11
-1.5 0 0.5 -0.725162 0.0217521 0.462712 3.12137e+11
-2 0.5 0.5 -0.75522 -0.0414416 0.465384 4.22337e+11
-1.5 1 0.5 -0.731956 -0.0459789 0.511019 3.84265e+11
-2 1.5 0.5 -0.705238 -0.128612 0.490092 3.29777e+11
-1 -1.5 0.5 -0.697958 0.107429 0.362753 1.41923e+11
-0.5 -1 0.5 -0.663783 0.129702 0.41377 1.41716e+11
-1 -0.5 0.5 -0.693063 0.0784552 0.444063 2.1392e+11
-0.5 0 0.5 -0.658083 0.085114 0.493478 1.99609e+11
-1 0.5 0.5 -0.694939 0.0223932 0.51168 2.88829e+11
-0.5 1 0.5 -0.663129 0.0106212 0.551694 2.45983e+11
-1 1.5 0.5 -0.6939 -0.0646072 0.543629 2.94927e+11
0 -1.5 0.5 -0.640229 0.173082 0.375863 9.25851e+10
0.5 -1 0.5 -0.602032 0.187966 0.421012 8.77133e+10
0 -0.5 0.5 -0.626158 0.1411 0.461467 1.33236e+11
0.5 0 0.5 -0.58177 0.142176 0.504725 1.16911e+11
0 0.5 0.5 -0.617732 0.0802781 0.536466 1.72434e+11
0.5 1 0.5 -0.568493 0.0627974 0.573597 1.39404e+11
0 1.5 0.5 -0.622948 -0.0169097 0.582882 1.94269e+11
1 -1.5 0.5 -0.584411 0.225132 0.375554 5.72349e+10
1.5 -1 0.5 -0.539999 0.233051 0.416323 5.15778e+10
1 -0.5 0.5 -0.556768 0.193227 0.463252 7.80763e+10
1.5 0 0.5 -0.502887 0.188349 0.502989 6.59549e+10
1 0.5 0.5 -0.528126 0.132292 0.544092 9.67367e+10
1.5 1 0.5 -0.472982 0.114072 0.579017 7.80384e+10
1 1.5 0.5 -0.51959 0.0353157 0.605071 1.09879e+11
2 -1.5 0.5 -0.528635 0.263573 0.366502 3.37786e+10
2.5 -1 0.5 -0.479188 0.264012 0.405202 2.94636e+10
2 -0.5 0.5 -0.487959 0.231342 0.455676 4.43378e+10
2.5 0 0.5 -0.433672 0.221712 0.492423 3.72124e+10
2 0.5 0.5 -0.446979 0.175407 0.539255 5.43585e+10
2.5 1 0.5 -0.386785 0.159939 0.56995 4.4183e+10
2 1.5 0.5 -0.411108 0.0940233 0.607368 6.1768e+10
-2.25 -0.75 0.75 -0.795584 -0.062848 0.337985 8.94852e+10
-2.25 0.25 0.75 -0.785162 -0.0728239 0.420033 1.20221e+11
-2.25 1.25 0.75 -0.727192 -0.0758384 0.498977 1.05502e+11
-1.75 -1.25 0.75 -0.770292 -0.0186845 0.311849 6.1364e+10
-1.25 -0.75 0.75 -0.741098 0.0204649 0.371415 6.34455e+10
-1.75 -0.25 0.75 -0.766521 -0.0255366 0.402764 9.17182e+10
-1.25 0.25 0.75 -0.734314 0.000529472 0.464519 8.95735e+10
-1.75 0.75 0.75 -0.755063 -0.0474739 0.485039 1.15328e+11
-1.25 1.25 0.75 -0.709799 -0.021042 0.543458 9.78272e+10
-0.75 -1.25 0.75 -0.714168 0.0640672 0.329393 4.20013e+10
-0.25 -0.75 0.75 -0.67996 0.0931924 0.382684 4.12417e+10
-0.75 -0.25 0.75 -0.70751 0.0483266 0.429317 6.21806e+10
-0.25 0.25 0.75 -0.670916 0.0640871 0.481828 5.73917e+10
-0.75 0.75 0.75 -0.701831 0.0175326 0.519768 8.28383e+10
-0.25 1.25 0.75 -0.65074 0.021857 0.56666 6.7203e+10
0.25 -1.25 0.75 -0.654864 0.133204 0.330268 2.69301e+10
0.75 -0.75 0.75 -0.615287 0.152646 0.37736 2.50373e+10
0.25 -0.25 0.75 -0.641292 0.111365 0.432474 3.8193e+10
0.75 0.25 0.75 -0.589647 0.118848 0.479548 3.27724e+10
0.25 0.75 0.75 -0.620915 0.069348 0.529553 4.83515e+10
0.75 1.25 0.75 -0.568938 0.0614193 0.571725 3.92212e+10
1.25 -1.25 0.75 -0.593277 0.18678 0.319833 1.63082e+10
1.75 -0.75 0.75 -0.543083 0.196503 0.364623 1.43733e+10
1.25 -0.25 0.75 -0.563825 0.161546 0.423313 2.17965e+10
1.75 0.25 0.75 -0.50634 0.157295 0.467541 1.82259e+10
1.25 0.75 0.75 -0.533364 0.112647 0.523394 2.69731e+10
1.75 1.25 0.75 -0.474959 0.102314 0.562336 2.18993e+10
2.25 -1.25 0.75 -0.526262 0.224543 0.305205 9.42009e+09
2.25 -0.25 0.75 -0.486672 0.194177 0.408843 1.22034e+10
2.25 0.75 0.75 -0.446848 0.14905 0.507552 1.505e+10
-2.5 -1.5 1 -0.836384 0.199987 0.304768 2.2127e+11
-2.5 -0.5 1 -0.820832 0.166935 0.385609 3.36872e+11
-2.5 0.5 1 -0.78964 0.11169 0.456442 4.115e+11
-2.5 1.5 1 -0.730575 -0.031689 0.487255 3.93282e+11
-1.5 -1.5 1 -0.798145 0.280619 0.338486 1.76461e+11
-2 -1 1 -0.808972 0.228251 0.366947 2.50456e+11
-1.5 -0.5 1 -0.771329 0.253297 0.429118 2.59693e+11
-2 0 1 -0.781924 0.188956 0.450239 3.43396e+11
-1.5 0.5 1 -0.742893 0.196092 0.508324 3.2891e+11
-2 1 1 -0.751331 0.0977867 0.50845 3.88705e+11
-1.5 1.5 1 -0.721722 0.0313244 0.536537 3.61682e+11
-0.5 -1.5 1 -0.75635 0.351574 0.356324 1.26205e+11
-1 -1 1 -0.762525 0.307533 0.396649 1.84646e+11
-0.5 -0.5 1 -0.724434 0.324883 0.452373 1.81441e+11
-1 0 1 -0.732211 0.266519 0.487183 2.52874e+11
-0.5 0.5 1 -0.693567 0.270465 0.53746 2.29202e+11
-1 1 1 -0.705824 0.188418 0.554899 2.90567e+11
-0.5 1.5 1 -0.663298 0.169725 0.589483 2.31023e+11
0.5 -1.5 1 -0.718983 0.408012 0.35971 8.33787e+10
0 -1 1 -0.720449 0.371524 0.408629 1.24665e+11
0.5 -0.5 1 -0.682861 0.384413 0.457125 1.15464e+11
0 0 1 -0.685635 0.334251 0.502466 1.66708e+11
0.5 0.5 1 -0.637969 0.342121 0.548107 1.40504e+11
0 1 1 -0.645016 0.272855 0.581025 1.87886e+11
0.5 1.5 1 -0.598502 0.26434 0.618343 1.47265e+11
1.5 -1.5 1 -0.685627 0.452915 0.352156 5.13152e+10
1 -1 1 -0.683423 0.423219 0.406086 7.76804e+10
1.5 -0.5 1 -0.641919 0.434562 0.450802 6.77368e+10
1 0 1 -0.638012 0.394464 0.502702 9.92384e+10
1.5 0.5 1 -0.591714 0.395975 0.545562 8.13743e+10
1 1 1 -0.590092 0.340078 0.589473 1.12718e+11
1.5 1.5 1 -0.54425 0.330951 0.626172 8.91015e+10
2.5 -1.5 1 -0.653418 0.48855 0.339345 2.98439e+10
2 -1 1 -0.647517 0.465219 0.395729 4.5268e+10
2.5 -0.5 1 -0.607499 0.47048 0.438622 3.83313e+10
2 0 1 -0.598593 0.438234 0.493926 5.65239e+10
2.5 0.5 1 -0.556612 0.435839 0.533692 4.63818e+10
2 1 1 -0.547368 0.391201 0.584323 6.5717e+10
2.5 1.5 1 -0.498867 0.387696 0.6168 5.22689e+10
-2.25 -1.25 1.25 -0.724832 -0.255475 0.322827 2.91498e+10
-2.25 -0.25 1.25 -0.738849 -0.250758 0.373678 4.35548e+10
-2.25 0.75 1.25 -0.738072 -0.238262 0.401589 5.44642e+10
-1.25 -1.25 1.25 -0.668341 -0.165887 0.355175 2.05113e+10
-1.75 -0.75 1.25 -0.705387 -0.210858 0.373841 3.0697e+10
-1.25 -0.25 1.25 -0.678276 -0.178882 0.42319 3.05118e+10
-1.75 0.25 1.25 -0.716241 -0.218154 0.423134 4.30029e+10
-1.25 0.75 1.25 -0.694772 -0.172917 0.463585 4.14628e+10
-1.75 1.25 1.25 -0.712708 -0.184754 0.444117 4.98054e+10
-0.25 -1.25 1.25 -0.597886 -0.0837832 0.367871 1.33922e+10
-0.75 -0.75 1.25 -0.636106 -0.133093 0.402388 2.03776e+10
-0.25 -0.25 1.25 -0.601011 -0.108724 0.444196 1.92555e+10
-0.75 0.25 1.25 -0.64993 -0.151083 0.464834 2.89028e+10
-0.25 0.75 1.25 -0.617807 -0.122867 0.499289 2.57257e+10
-0.75 1.25 1.25 -0.669759 -0.137248 0.496826 3.69019e+10
0.75 -1.25 1.25 -0.522747 -0.0104022 0.36529 8.31945e+09
0.25 -0.75 1.25 -0.557657 -0.0582469 0.409074 1.26734e+10
0.75 -0.25 1.25 -0.507644 -0.0398658 0.447376 1.12574e+10
0.25 0.25 1.25 -0.558096 -0.0879472 0.480969 1.70198e+10
0.75 0.75 1.25 -0.505044 -0.0897375 0.516892 1.42581e+10
0.25 1.25 1.25 -0.585039 -0.119217 0.534214 2.2048e+10
1.75 -1.25 1.25 -0.441174 0.0499456 0.355555 4.92918e+09
1.25 -0.75 1.25 -0.469568 0.00813451 0.404336 7.45938e+09
1.75 -0.25 1.25 -0.406373 0.0117057 0.443604 6.39163e+09
1.25 0.25 1.25 -0.446841 -0.0387146 0.485315 9.51781e+09
1.75 0.75 1.25 -0.382467 -0.047856 0.51951 7.83762e+09
1.25 1.25 1.25 -0.443299 -0.0997816 0.547406 1.15034e+10
2.25 -0.75 1.25 -0.37861 0.055485 0.395598 4.28014e+09
2.25 0.25 1.25 -0.34122 0.00520201 0.480236 5.35454e+09
2.25 1.25 1.25 -0.317669 -0.0452041 0.547861 6.45816e+09
-2.5 -1 1.5 -0.83029 0.0881903 0.345001 1.42579e+11
-2.5 0 1.5 -0.811594 0.0507655 0.399177 1.96673e+11
-2.5 1 1.5 -0.769876 -0.02481 0.433504 2.39358e+11
-2 -1.5 1.5 -0.81863 0.151033 0.335667 1.04008e+11
-1.5 -1 1.5 -0.787747 0.183922 0.392292 1.1189e+11
-2 -0.5 1.5 -0.80052 0.11972 0.403099 1.5262e+11
-1.5 0 1.5 -0.763983 0.140739 0.457408 1.507e+11
-2 0.5 1.5 -0.775311 0.0661868 0.451004 1.91961e+11
-1.5 1 1.5 -0.738296 0.0743602 0.494345 1.84887e+11
-2 1.5 1.5 -0.728016 -0.0621521 0.472602 2.55218e+11
-1 -1.5 1.5 -0.776787 0.239952 0.368968 7.86449e+10
-0.5 -1 1.5 -0.739973 0.266841 0.421544 7.91986e+10
-1 -0.5 1.5 -0.750438 0.208417 0.446746 1.11731e+11
-0.5 0 1.5 -0.712913 0.224117 0.494469 1.05208e+11
-1 0.5 1.5 -0.72827 0.152861 0.502697 1.4097e+11
-0.5 1 1.5 -0.690168 0.162339 0.541037 1.26262e+11
-1 1.5 1.5 -0.702261 0.0714215 0.533007 1.74949e+11
0 -1.5 1.5 -0.732789 0.314983 0.386068 5.42706e+10
0.5 -1 1.5 -0.695353 0.335838 0.432531 5.17435e+10
0 -0.5 1.5 -0.7019 0.2854 0.469334 7.50979e+10
0.5 0 1.5 -0.658721 0.300734 0.512057 6.62959e+10
0 0.5 1.5 -0.670942 0.23737 0.535493 9.23094e+10
0.5 1 1.5 -0.623401 0.238041 0.571668 7.45341e+10
0 1.5 1.5 -0.646607 0.148911 0.570316 1.007e+11
1 -1.5 1.5 -0.692002 0.376093 0.388483 3.47897e+10
1.5 -1 1.5 -0.651486 0.393783 0.430757 3.12932e+10
1 -0.5 1.5 -0.652995 0.352503 0.47546 4.61202e+10
1.5 0 1.5 -0.60568 0.362157 0.51615 3.86855e+10
1 0.5 1.5 -0.610081 0.307577 0.551534 5.46044e+10
1.5 1 1.5 -0.560376 0.306551 0.586713 4.3475e+10
1 1.5 1.5 -0.573281 0.229542 0.601957 5.78888e+10
2 -1.5 1.5 -0.652329 0.426115 0.3814 2.0859e+10
2.5 -1 1.5 -0.610539 0.438179 0.422035 1.80016e+10
2 -0.5 1.5 -0.606736 0.404877 0.471653 2.66559e+10
2.5 0 1.5 -0.561963 0.408282 0.510213 2.20501e+10
2 0.5 1.5 -0.558275 0.363863 0.553606 3.14702e+10
2.5 1 1.5 -0.510966 0.363871 0.586463 2.54816e+10
2 1.5 1.5 -0.510963 0.307016 0.617167 3.49323e+10
