449
-2.5 -1 -1.5 -0.258574 -0.587421 0.227486 2.13478e+09
-2.5 0 -1.5 0.049684 -0.584313 0.197846 1.25809e+09
-2.5 1 -1.5 0.298242 -0.512849 0.247394 8.27036e+08
-2 -1.5 -1.5 -0.286862 -0.586315 0.273528 2.50051e+09
-1.5 -1 -1.5 -0.121445 -0.625703 0.264503 1.89542e+09
-2 -0.5 -1.5 -0.0699907 -0.61378 0.223771 1.60106e+09
-1.5 0 -1.5 0.141825 -0.591156 0.225282 1.28114e+09
-2 0.5 -1.5 0.226002 -0.55172 0.222424 1.03953e+09
-1.5 1 -1.5 0.372759 -0.482486 0.241258 9.41326e+08
-2 1.5 -1.5 0.395588 -0.46465 0.275557 7.61642e+08
-1 -1.5 -1.5 -0.0712403 -0.620957 0.300688 1.97072e+09
-0.5 -1 -1.5 0.121804 -0.607991 0.29177 1.60274e+09
-1 -0.5 -1.5 0.093865 -0.61164 0.253986 1.50557e+09
-0.5 0 -1.5 0.324611 -0.512797 0.247108 1.32558e+09
-1 0.5 -1.5 0.344186 -0.502642 0.228956 1.13766e+09
-0.5 1 -1.5 0.502642 -0.344186 0.228956 1.13766e+09
-1 1.5 -1.5 0.482486 -0.372759 0.241258 9.41326e+08
0 -1.5 -1.5 0.203792 -0.557919 0.33338 1.54861e+09
0.5 -1 -1.5 0.360015 -0.487608 0.331966 1.41549e+09
0 -0.5 -1.5 0.335879 -0.513266 0.284895 1.42805e+09
0.5 0 -1.5 0.513266 -0.335879 0.284895 1.42805e+09
0 0.5 -1.5 0.512797 -0.324611 0.247108 1.32558e+09
0.5 1 -1.5 0.61164 -0.093865 0.253986 1.50557e+09
0 1.5 -1.5 0.591156 -0.141825 0.225282 1.28114e+09
1 -1.5 -1.5 0.351025 -0.412167 0.383681 1.33929e+09
1.5 -1 -1.5 0.412167 -0.351025 0.383681 1.33929e+09
1 -0.5 -1.5 0.487608 -0.360015 0.331966 1.41549e+09
1.5 0 -1.5 0.557919 -0.203792 0.33338 1.54861e+09
1 0.5 -1.5 0.607991 -0.121804 0.29177 1.60274e+09
1.5 1 -1.5 0.620957 0.0712404 0.300688 1.97072e+09
1 1.5 -1.5 0.625703 0.121445 0.264503 1.89542e+09
2 -1.5 -1.5 0.305858 -0.293549 0.424213 1.21417e+09
2.5 -1 -1.5 0.295578 -0.261424 0.421883 1.27911e+09
2 -0.5 -1.5 0.439672 -0.26813 0.381534 1.43014e+09
2.5 0 -1.5 0.428886 -0.178858 0.378471 1.6177e+09
2 0.5 -1.5 0.566594 -0.0568311 0.334813 1.8247e+09
2.5 1 -1.5 0.524146 0.0569033 0.335896 2.23664e+09
2 1.5 -1.5 0.579742 0.213083 0.306782 2.51806e+09
-2.25 -0.75 -1.25 -0.360335 0.198664 0.562878 7.30962e+08
-2.25 0.25 -1.25 -0.287598 0.162701 0.59215 4.1866e+08
-2.25 1.25 -1.25 -0.226117 0.172357 0.641025 2.74206e+08
-1.75 -1.25 -1.25 -0.307616 0.242215 0.578156 8.52388e+08
-1.25 -0.75 -1.25 -0.28012 0.240598 0.629783 6.97103e+08
-1.75 -0.25 -1.25 -0.300548 0.203198 0.611939 5.65496e+08
-1.25 0.25 -1.25 -0.257831 0.21156 0.651803 4.77805e+08
-1.75 0.75 -1.25 -0.238751 0.181859 0.637762 3.54746e+08
-1.25 1.25 -1.25 -0.205264 0.205264 0.656313 3.34088e+08
-0.75 -1.25 -1.25 -0.202085 0.260597 0.632831 6.99459e+08
-0.25 -0.75 -1.25 -0.214364 0.246107 0.672992 6.26769e+08
-0.75 -0.25 -1.25 -0.260697 0.24232 0.668034 6.09216e+08
-0.25 0.25 -1.25 -0.249237 0.249237 0.683247 5.81147e+08
-0.75 0.75 -1.25 -0.22886 0.22886 0.66829 4.49662e+08
-0.25 1.25 -1.25 -0.21156 0.257831 0.651803 4.77805e+08
0.25 -1.25 -1.25 -0.15938 0.255608 0.673804 5.96009e+08
0.75 -0.75 -1.25 -0.208765 0.208765 0.688912 5.73194e+08
0.25 -0.25 -1.25 -0.230907 0.230907 0.688543 6.0322e+08
0.75 0.25 -1.25 -0.246107 0.214364 0.672992 6.26769e+08
0.25 0.75 -1.25 -0.24232 0.260697 0.668034 6.09216e+08
0.75 1.25 -1.25 -0.240598 0.28012 0.629783 6.97103e+08
1.25 -1.25 -1.25 -0.225349 0.225349 0.688834 5.76148e+08
1.75 -0.75 -1.25 -0.296944 0.155621 0.67718 6.02142e+08
1.25 -0.25 -1.25 -0.255608 0.15938 0.673804 5.96009e+08
1.75 0.25 -1.25 -0.29762 0.116357 0.634818 6.65366e+08
1.25 0.75 -1.25 -0.260597 0.202085 0.632831 6.99459e+08
1.75 1.25 -1.25 -0.277415 0.191606 0.576485 8.24561e+08
2.25 -1.25 -1.25 -0.348202 0.206293 0.668839 6.07837e+08
2.25 -0.25 -1.25 -0.363234 0.100061 0.647418 6.80975e+08
2.25 0.75 -1.25 -0.3409 0.0790365 0.581932 7.87705e+08
-2.5 -1.5 -1 -0.320575 -0.553772 0.361704 6.21754e+09
-2.5 -0.5 -1 -0.0178316 -0.594279 0.303096 3.55055e+09
-2.5 0.5 -1 0.243645 -0.548727 0.307987 2.29542e+09
-2.5 1.5 -1 0.384449 -0.485912 0.355003 1.67122e+09
-1.5 -1.5 -1 -0.207648 -0.584355 0.396681 5.3401e+09
-2 -1 -1 -0.151552 -0.600935 0.346688 4.56843e+09
-1.5 -0.5 -1 0.0493767 -0.60743 0.332398 3.54715e+09
-2 0 -1 0.155638 -0.579824 0.305881 2.87088e+09
-1.5 0.5 -1 0.310898 -0.528562 0.311588 2.51695e+09
-2 1 -1 0.355052 -0.505765 0.323312 2.05932e+09
-1.5 1.5 -1 0.441855 -0.441855 0.329354 1.98312e+09
-0.5 -1.5 -1 0.0142439 -0.568228 0.421053 4.15648e+09
-1 -1 -1 -0.0128205 -0.607221 0.377362 4.10376e+09
-0.5 -0.5 -1 0.210566 -0.560037 0.360387 3.44263e+09
-1 0 -1 0.252981 -0.55515 0.323417 3.02124e+09
-0.5 0.5 -1 0.432643 -0.432643 0.320392 2.85776e+09
-1 1 -1 0.437813 -0.437813 0.314574 2.40526e+09
-0.5 1.5 -1 0.528562 -0.310898 0.311588 2.51695e+09
0.5 -1.5 -1 0.235988 -0.446028 0.452091 3.34625e+09
0 -1 -1 0.212663 -0.52562 0.407998 3.54286e+09
0.5 -0.5 -1 0.400195 -0.400195 0.402389 3.34716e+09
0 0 -1 0.420661 -0.420661 0.353317 3.23591e+09
0.5 0.5 -1 0.560037 -0.210566 0.360387 3.44263e+09
0 1 -1 0.55515 -0.252981 0.323417 3.02124e+09
0.5 1.5 -1 0.60743 -0.0493767 0.332398 3.54715e+09
1.5 -1.5 -1 0.301432 -0.301432 0.479477 2.88294e+09
1 -1 -1 0.361644 -0.361644 0.44992 3.20082e+09
1.5 -0.5 -1 0.446028 -0.235988 0.452091 3.34625e+09
1 0 -1 0.52562 -0.212663 0.407998 3.54286e+09
1.5 0.5 -1 0.568228 -0.0142439 0.421053 4.15648e+09
1 1 -1 0.607221 0.0128205 0.377362 4.10376e+09
1.5 1.5 -1 0.584355 0.207648 0.396681 5.3401e+09
2.5 -1.5 -1 0.246003 -0.202128 0.485015 2.48833e+09
2 -1 -1 0.342117 -0.234404 0.479623 2.97969e+09
2.5 -0.5 -1 0.350642 -0.150877 0.479775 3.27203e+09
2 0 -1 0.476059 -0.0961534 0.457169 3.78949e+09
2.5 0.5 -1 0.457804 0.0353835 0.462957 4.56145e+09
2 1 -1 0.545764 0.155397 0.434853 5.25454e+09
2.5 1.5 -1 0.484126 0.27769 0.444455 6.85233e+09
-2.25 -1.25 -0.75 -0.349225 0.217587 0.639434 2.01415e+09
-2.25 -0.25 -0.75 -0.29116 0.164315 0.639929 1.12556e+09
-2.25 0.75 -0.75 -0.237934 0.167216 0.656988 7.30461e+08
-1.25 -1.25 -0.75 -0.268463 0.24375 0.680758 1.85533e+09
-1.75 -0.75 -0.75 -0.291653 0.202135 0.66357 1.51202e+09
-1.25 -0.25 -0.75 -0.247579 0.194011 0.684034 1.23218e+09
-1.75 0.25 -0.75 -0.24108 0.168293 0.662093 9.27505e+08
-1.25 0.75 -0.75 -0.203361 0.179109 0.675853 8.33787e+08
-1.75 1.25 -0.75 -0.205625 0.184162 0.67172 6.71904e+08
-0.25 -1.25 -0.75 -0.211281 0.258223 0.709015 1.62952e+09
-0.75 -0.75 -0.75 -0.245723 0.231111 0.704393 1.56462e+09
-0.25 -0.25 -0.75 -0.230888 0.225884 0.718728 1.42505e+09
-0.75 0.25 -0.75 -0.214161 0.195361 0.696891 1.0991e+09
-0.25 0.75 -0.75 -0.195361 0.214161 0.696891 1.0991e+09
-0.75 1.25 -0.75 -0.179109 0.203361 0.675853 8.33787e+08
0.75 -1.25 -0.75 -0.225413 0.262603 0.717641 1.50018e+09
0.25 -0.75 -0.75 -0.219388 0.236408 0.724623 1.50244e+09
0.75 -0.25 -0.75 -0.236408 0.219388 0.724623 1.50244e+09
0.25 0.25 -0.75 -0.225884 0.230888 0.718728 1.42505e+09
0.75 0.75 -0.75 -0.231111 0.245723 0.704393 1.56462e+09
0.25 1.25 -0.75 -0.194011 0.247579 0.684034 1.23218e+09
1.75 -1.25 -0.75 -0.305167 0.263674 0.692012 1.43738e+09
1.25 -0.75 -0.75 -0.262603 0.225413 0.717641 1.50018e+09
1.75 -0.25 -0.75 -0.304743 0.199727 0.70366 1.63373e+09
1.25 0.25 -0.75 -0.258223 0.211281 0.709015 1.62952e+09
1.75 0.75 -0.75 -0.284517 0.211956 0.682962 1.89485e+09
1.25 1.25 -0.75 -0.24375 0.268463 0.680758 1.85533e+09
2.25 -0.75 -0.75 -0.354006 0.235293 0.680817 1.56373e+09
2.25 0.25 -0.75 -0.349385 0.189472 0.680488 1.91706e+09
2.25 1.25 -0.75 -0.31958 0.215897 0.649637 2.32389e+09
-2.5 -1 -0.5 -0.113496 -0.603987 0.387761 1.08322e+10
-2.5 0 -0.5 0.170229 -0.599746 0.354701 6.82117e+09
-2.5 1 -0.5 0.350279 -0.542525 0.369842 4.90406e+09
-2 -1.5 -0.5 -0.266319 -0.572153 0.447122 1.41428e+10
-1.5 -1 -0.5 -0.0722489 -0.61288 0.421916 1.05003e+10
-2 -0.5 -0.5 0.0626758 -0.612939 0.373473 8.45777e+09
-1.5 0 -0.5 0.234306 -0.581231 0.363774 7.15812e+09
-2 0.5 -0.5 0.301504 -0.564304 0.355078 5.94745e+09
-1.5 1 -0.5 0.413998 -0.501744 0.355571 5.53556e+09
-2 1.5 -0.5 0.430019 -0.494202 0.374062 4.62801e+09
-1 -1.5 -0.5 -0.141329 -0.573453 0.47782 1.16871e+10
-0.5 -1 -0.5 0.0753675 -0.573778 0.453342 9.33249e+09
-1 -0.5 -0.5 0.14027 -0.597798 0.399197 8.53776e+09
-0.5 0 -0.5 0.345851 -0.507971 0.385592 7.63247e+09
-1 0.5 -0.5 0.386659 -0.503489 0.359205 6.54898e+09
-0.5 1 -0.5 0.503489 -0.386659 0.359205 6.54898e+09
-1 1.5 -0.5 0.501744 -0.413998 0.355571 5.53556e+09
0 -1.5 -0.5 0.0831361 -0.495338 0.501759 8.92535e+09
0.5 -1 -0.5 0.268376 -0.41892 0.491874 7.9753e+09
0 -0.5 -0.5 0.302135 -0.484815 0.436638 8.22377e+09
0.5 0 -0.5 0.484815 -0.302135 0.436638 8.22377e+09
0 0.5 -0.5 0.507971 -0.345851 0.385592 7.63247e+09
0.5 1 -0.5 0.597798 -0.14027 0.399197 8.53776e+09
0 1.5 -0.5 0.581231 -0.234306 0.363774 7.15812e+09
1 -1.5 -0.5 0.244473 -0.341419 0.522176 7.17814e+09
1.5 -1 -0.5 0.341419 -0.244473 0.522176 7.17814e+09
1 -0.5 -0.5 0.41892 -0.268376 0.491874 7.9753e+09
1.5 0 -0.5 0.495338 -0.0831361 0.501759 8.92535e+09
1 0.5 -0.5 0.573778 -0.0753675 0.453342 9.33249e+09
1.5 1 -0.5 0.573453 0.141329 0.47782 1.16871e+10
1 1.5 -0.5 0.61288 0.0722489 0.421916 1.05003e+10
2 -1.5 -0.5 0.271919 -0.217752 0.523429 5.98681e+09
2.5 -1 -0.5 0.301213 -0.143975 0.5227 6.35262e+09
2 -0.5 -0.5 0.394737 -0.123593 0.525003 7.79688e+09
2.5 0 -0.5 0.402981 0.00354573 0.528595 9.05281e+09
2 0.5 -0.5 0.499202 0.0966892 0.51596 1.08701e+10
2.5 1 -0.5 0.456655 0.246945 0.52743 1.40456e+10
2 1.5 -0.5 0.517525 0.316479 0.499596 1.5793e+10
-2.25 -0.75 -0.25 -0.303646 0.142143 0.682656 3.16333e+09
-2.25 0.25 -0.25 -0.245321 0.138685 0.675218 2.00235e+09
-2.25 1.25 -0.25 -0.210749 0.154804 0.679791 1.46787e+09
-1.75 -1.25 -0.25 -0.30221 0.184886 0.705968 4.25457e+09
-1.25 -0.75 -0.25 -0.249406 0.168029 0.713818 3.32388e+09
-1.75 -0.25 -0.25 -0.248268 0.137951 0.687724 2.52035e+09
-1.25 0.25 -0.25 -0.199611 0.143709 0.690986 2.16823e+09
-1.75 0.75 -0.25 -0.202152 0.153221 0.679991 1.77962e+09
-1.25 1.25 -0.25 -0.173651 0.173651 0.681532 1.71446e+09
-0.75 -1.25 -0.25 -0.256235 0.224532 0.733579 4.22876e+09
-0.25 -0.75 -0.25 -0.229814 0.212508 0.744192 3.67117e+09
-0.75 -0.25 -0.25 -0.204747 0.161836 0.718756 2.81937e+09
-0.25 0.25 -0.25 -0.171206 0.171206 0.719513 2.64138e+09
-0.75 0.75 -0.25 -0.164129 0.164129 0.691655 2.06325e+09
-0.25 1.25 -0.25 -0.143709 0.199611 0.690986 2.16823e+09
0.25 -1.25 -0.25 -0.245331 0.257406 0.741118 3.93348e+09
0.75 -0.75 -0.25 -0.244215 0.244215 0.745696 3.75362e+09
0.25 -0.25 -0.25 -0.212065 0.212065 0.747629 3.47253e+09
0.75 0.25 -0.25 -0.212508 0.229814 0.744192 3.67117e+09
0.25 0.75 -0.25 -0.161836 0.204747 0.718756 2.81937e+09
0.75 1.25 -0.25 -0.168029 0.249406 0.713818 3.32388e+09
1.25 -1.25 -0.25 -0.282068 0.282068 0.713033 3.50368e+09
1.75 -0.75 -0.25 -0.300846 0.27604 0.708124 3.64587e+09
1.25 -0.25 -0.25 -0.257406 0.245331 0.741118 3.93348e+09
1.75 0.25 -0.25 -0.282499 0.256021 0.728222 4.4898e+09
1.25 0.75 -0.25 -0.224532 0.256235 0.733579 4.22876e+09
1.75 1.25 -0.25 -0.243028 0.293913 0.718088 5.22653e+09
2.25 -1.25 -0.25 -0.342562 0.317627 0.659971 3.0775e+09
2.25 -0.25 -0.25 -0.331792 0.283265 0.695319 4.13821e+09
2.25 0.75 -0.25 -0.310171 0.285235 0.709849 5.49948e+09
-2.5 -1.5 0 -0.241033 -0.596201 0.44947 3.55884e+10
-2.5 -0.5 0 0.0666274 -0.652835 0.388555 2.15634e+10
-2.5 0.5 0 0.298002 -0.614313 0.375824 1.51479e+10
-2.5 1.5 0 0.428686 -0.546457 0.397895 1.16978e+10
-1.5 -1.5 0 -0.232531 -0.58841 0.495033 3.30246e+10
-2 -1 0 -0.0621808 -0.635145 0.426686 2.64626e+10
-1.5 -0.5 0 0.12791 -0.631053 0.405929 2.14135e+10
-2 0 0 0.221795 -0.631763 0.377555 1.81184e+10
-1.5 0.5 0 0.365363 -0.575801 0.369651 1.62704e+10
-2 1 0 0.402658 -0.565144 0.374173 1.3892e+10
-1.5 1.5 0 0.493593 -0.493593 0.373476 1.35011e+10
-0.5 -1.5 0 -0.0747217 -0.549375 0.525788 2.51618e+10
-1 -1 0 -0.0134991 -0.619613 0.464285 2.53417e+10
-0.5 -0.5 0 0.222564 -0.572377 0.438766 2.12945e+10
-1 0 0 0.31311 -0.571601 0.391196 1.87039e+10
-0.5 0.5 0 0.463945 -0.463945 0.385801 1.78077e+10
-1 1 0 0.485927 -0.485927 0.366661 1.56985e+10
-0.5 1.5 0 0.575801 -0.365363 0.369651 1.62704e+10
0.5 -1.5 0 0.147855 -0.418674 0.546917 1.84507e+10
0 -1 0 0.155 -0.512454 0.504468 2.08406e+10
0.5 -0.5 0 0.372138 -0.372138 0.495489 1.93754e+10
0 0 0 0.432991 -0.432991 0.428755 1.99452e+10
0.5 0.5 0 0.572377 -0.222564 0.438766 2.12945e+10
0 1 0 0.571601 -0.31311 0.391196 1.87039e+10
0.5 1.5 0 0.631053 -0.12791 0.405929 2.14135e+10
1.5 -1.5 0 0.267902 -0.267902 0.550121 1.47145e+10
1 -1 0 0.308591 -0.308591 0.543219 1.74499e+10
1.5 -0.5 0 0.418674 -0.147855 0.546917 1.84507e+10
1 0 0 0.512454 -0.155 0.504468 2.08406e+10
1.5 0.5 0 0.549375 0.0747217 0.525788 2.51618e+10
1 1 0 0.619613 0.0134991 0.464285 2.53417e+10
1.5 1.5 0 0.58841 0.232531 0.495033 3.30246e+10
2.5 -1.5 0 0.279736 -0.172933 0.533123 1.17139e+10
2 -1 0 0.33634 -0.17137 0.550354 1.52435e+10
2.5 -0.5 0 0.370761 -0.0587258 0.550311 1.68754e+10
2 0 0 0.459955 0.0223019 0.554914 2.14587e+10
2.5 0.5 0 0.448714 0.174766 0.560893 2.66191e+10
2 1 0 0.511506 0.272044 0.547826 3.29673e+10
2.5 1.5 0 0.439192 0.423631 0.562166 4.57807e+10
-2.25 -1.25 0.25 -0.329804 0.0529347 0.679318 1.25387e+10
-2.25 -0.25 0.25 -0.233069 0.0407173 0.661744 7.53125e+09
-2.25 0.75 0.25 -0.168492 0.0575663 0.656792 5.32843e+09
-1.25 -1.25 0.25 -0.280001 0.0817004 0.707406 1.24236e+10
-1.75 -0.75 0.25 -0.255144 0.0479617 0.680312 9.53466e+09
-1.25 -0.25 0.25 -0.181247 0.0515175 0.678879 7.77962e+09
-1.75 0.25 0.25 -0.166584 0.055807 0.662198 6.39963e+09
-1.25 0.75 0.25 -0.118489 0.0822956 0.662854 5.92677e+09
-1.75 1.25 0.25 -0.122171 0.0847614 0.658604 4.97446e+09
-0.25 -1.25 0.25 -0.255933 0.167747 0.733565 1.27318e+10
-0.75 -0.75 0.25 -0.203093 0.075886 0.709084 1.00033e+10
-0.25 -0.25 0.25 -0.133267 0.0859114 0.706493 8.75009e+09
-0.75 0.25 0.25 -0.118956 0.0794316 0.677401 7.06188e+09
-0.25 0.75 0.25 -0.0794316 0.118956 0.677401 7.06188e+09
-0.75 1.25 0.25 -0.0822956 0.118489 0.662854 5.92677e+09
0.75 -1.25 0.25 -0.248542 0.223864 0.714899 1.10175e+10
0.25 -0.75 0.25 -0.20726 0.172287 0.737714 1.1325e+10
0.75 -0.25 0.25 -0.172287 0.20726 0.737714 1.1325e+10
0.25 0.25 0.25 -0.0859114 0.133267 0.706493 8.75009e+09
0.75 0.75 0.25 -0.075886 0.203093 0.709084 1.00033e+10
0.25 1.25 0.25 -0.0515175 0.181247 0.678879 7.77962e+09
1.75 -1.25 0.25 -0.264664 0.277758 0.665324 9.07628e+09
1.25 -0.75 0.25 -0.223864 0.248542 0.714899 1.10175e+10
1.75 -0.25 0.25 -0.220973 0.283878 0.707261 1.20296e+10
1.25 0.25 0.25 -0.167747 0.255933 0.733565 1.27318e+10
1.75 0.75 0.25 -0.177892 0.310919 0.72327 1.54854e+10
1.25 1.25 0.25 -0.0817004 0.280001 0.707406 1.24236e+10
2.25 -0.75 0.25 -0.267055 0.306356 0.657536 9.82801e+09
2.25 0.25 0.25 -0.234227 0.330001 0.693035 1.43049e+10
2.25 1.25 0.25 -0.188298 0.385049 0.707414 2.02583e+10
-2.5 -1 0.5 -0.151466 -0.379897 0.503544 5.13095e+10
-2.5 0 0.5 0.0735411 -0.415409 0.470838 3.431e+10
-2.5 1 0.5 0.219144 -0.389138 0.472027 2.5842e+10
-2 -1.5 0.5 -0.263756 -0.293972 0.554887 6.20187e+10
-1.5 -1 0.5 -0.115346 -0.326397 0.542364 4.78183e+10
-2 -0.5 0.5 -0.0118614 -0.393476 0.493273 4.08081e+10
-1.5 0 0.5 0.120839 -0.377328 0.483859 3.48734e+10
-2 0.5 0.5 0.177985 -0.393932 0.46672 3.01864e+10
-1.5 1 0.5 0.270696 -0.34525 0.464423 2.83669e+10
-2 1.5 0.5 0.289763 -0.34781 0.472472 2.44767e+10
-1 -1.5 0.5 -0.265429 -0.205037 0.612232 5.45662e+10
-0.5 -1 0.5 -0.112165 -0.208431 0.60213 4.36953e+10
-1 -0.5 0.5 0.0392938 -0.315894 0.530994 3.95875e+10
-0.5 0 0.5 0.171126 -0.267263 0.522646 3.57767e+10
-1 0.5 0.5 0.236586 -0.325489 0.477984 3.23411e+10
-0.5 1 0.5 0.325489 -0.236586 0.477984 3.23411e+10
-1 1.5 0.5 0.34525 -0.270696 0.464423 2.83669e+10
0 -1.5 0.5 -0.197015 -0.0456939 0.656294 4.01621e+10
0.5 -1 0.5 -0.0845429 -0.0016744 0.65556 3.57002e+10
0 -0.5 0.5 0.0415834 -0.155003 0.593572 3.85058e+10
0.5 0 0.5 0.155003 -0.0415834 0.593572 3.85058e+10
0 0.5 0.5 0.267263 -0.171126 0.522646 3.57767e+10
0.5 1 0.5 0.315894 -0.0392938 0.530994 3.95875e+10
0 1.5 0.5 0.377328 -0.120839 0.483859 3.48734e+10
1 -1.5 0.5 -0.1273 0.0815339 0.656591 3.12038e+10
1.5 -1 0.5 -0.0815339 0.1273 0.656591 3.12038e+10
1 -0.5 0.5 0.0016744 0.0845429 0.65556 3.57002e+10
1.5 0 0.5 0.0456939 0.197015 0.656294 4.01621e+10
1 0.5 0.5 0.208431 0.112165 0.60213 4.36953e+10
1.5 1 0.5 0.205037 0.265429 0.612232 5.45662e+10
1 1.5 0.5 0.326397 0.115346 0.542364 4.78183e+10
2 -1.5 0.5 -0.134997 0.161415 0.63056 2.46155e+10
2.5 -1 0.5 -0.125676 0.203782 0.624871 2.6403e+10
2 -0.5 0.5 -0.0599128 0.191337 0.652696 3.39316e+10
2.5 0 0.5 -0.0606979 0.26301 0.643933 3.96086e+10
2 0.5 0.5 0.0478725 0.300008 0.653476 4.92783e+10
2.5 1 0.5 0.0272503 0.390648 0.644778 6.40062e+10
2 1.5 0.5 0.164104 0.405999 0.619641 7.36566e+10
-2.25 -0.75 0.75 -0.246491 -0.112794 0.617845 1.41686e+10
-2.25 0.25 0.75 -0.124835 -0.0906059 0.6078 9.77882e+09
-2.25 1.25 0.75 -0.0510512 -0.049219 0.613088 7.53398e+09
-1.75 -1.25 0.75 -0.302749 -0.0843392 0.640285 1.77056e+10
-1.25 -0.75 0.75 -0.193074 -0.0899386 0.63635 1.35893e+10
-1.75 -0.25 0.75 -0.141424 -0.0964815 0.614728 1.14841e+10
-1.25 0.25 0.75 -0.0609414 -0.0611786 0.613933 1.01647e+10
-1.75 0.75 0.75 -0.0519912 -0.0604343 0.607095 8.74913e+09
-1.25 1.25 0.75 0.011898 -0.011898 0.607084 8.41906e+09
-0.75 -1.25 0.75 -0.24214 -0.0312775 0.670553 1.62705e+10
-0.25 -0.75 0.75 -0.131659 -0.0327777 0.664023 1.33196e+10
-0.75 -0.25 0.75 -0.084342 -0.0514299 0.632289 1.17688e+10
-0.25 0.25 0.75 -0.0108965 0.0108965 0.633101 1.12299e+10
-0.75 0.75 0.75 0.00817434 -0.00817434 0.613756 9.75692e+09
-0.25 1.25 0.75 0.0611786 0.0609414 0.613933 1.01647e+10
0.25 -1.25 0.75 -0.194679 0.0510024 0.678544 1.31727e+10
0.75 -0.75 0.75 -0.111678 0.111678 0.680678 1.244e+10
0.25 -0.25 0.75 -0.0324537 0.0324537 0.662182 1.24473e+10
0.75 0.25 0.75 0.0327777 0.131659 0.664023 1.33196e+10
0.25 0.75 0.75 0.0514299 0.084342 0.632289 1.17688e+10
0.75 1.25 0.75 0.0899386 0.193074 0.63635 1.35893e+10
1.25 -1.25 0.75 -0.131762 0.131762 0.646137 1.00158e+10
1.75 -0.75 0.75 -0.0990657 0.185848 0.643506 1.04702e+10
1.25 -0.25 0.75 -0.0510024 0.194679 0.678544 1.31727e+10
1.75 0.25 0.75 -0.0259138 0.284116 0.67144 1.51745e+10
1.25 0.75 0.75 0.0312775 0.24214 0.670553 1.62705e+10
1.75 1.25 0.75 0.033141 0.355253 0.666949 2.08645e+10
2.25 -1.25 0.75 -0.130223 0.190209 0.598227 7.84276e+09
2.25 -0.25 0.75 -0.084055 0.255494 0.634516 1.18262e+10
2.25 0.75 0.75 -0.0265933 0.370073 0.658357 1.89054e+10
-2.5 -1.5 1 -0.324169 -0.198806 0.561799 9.1297e+10
-2.5 -0.5 1 -0.0882778 -0.29484 0.521001 5.95014e+10
-2.5 0.5 1 0.0837824 -0.311832 0.507422 4.37757e+10
-2.5 1.5 1 0.187718 -0.281611 0.519893 3.49028e+10
-1.5 -1.5 1 -0.311472 -0.101935 0.614174 7.4395e+10
-2 -1 1 -0.187764 -0.228004 0.557115 6.88769e+10
-1.5 -0.5 1 -0.0592681 -0.240679 0.550219 5.58955e+10
-2 0 1 0.0231127 -0.296161 0.516641 4.99804e+10
-1.5 0.5 1 0.123001 -0.269467 0.514014 4.50732e+10
-2 1 1 0.16448 -0.283149 0.507815 3.9948e+10
-1.5 1.5 1 0.232896 -0.232896 0.508001 3.87214e+10
-0.5 -1.5 1 -0.378695 0.185031 0.699891 5.1292e+10
-1 -1 1 -0.17137 -0.117689 0.610292 5.89241e+10
-0.5 -0.5 1 -0.0466803 -0.116703 0.602249 5.06182e+10
-1 0 1 0.0582631 -0.222943 0.543908 4.96283e+10
-0.5 0.5 1 0.158029 -0.158029 0.541857 4.77129e+10
-1 1 1 0.209263 -0.209263 0.513107 4.35211e+10
-0.5 1.5 1 0.269467 -0.123001 0.514014 4.50732e+10
0.5 -1.5 1 -0.351546 0.312273 0.706004 3.90672e+10
0 -1 1 -0.293026 0.194308 0.702642 4.328e+10
0.5 -0.5 1 -0.22883 0.22883 0.703085 4.11148e+10
0 0 1 0.0585873 -0.0585873 0.598917 4.84189e+10
0.5 0.5 1 0.116703 0.0466803 0.602249 5.06182e+10
0 1 1 0.222943 -0.0582631 0.543908 4.96283e+10
0.5 1.5 1 0.240679 0.0592681 0.550219 5.58955e+10
1.5 -1.5 1 -0.372182 0.372182 0.679312 3.00928e+10
1 -1 1 -0.324934 0.324934 0.709135 3.72703e+10
1.5 -0.5 1 -0.312273 0.351546 0.706004 3.90672e+10
1 0 1 -0.194308 0.293026 0.702642 4.328e+10
1.5 0.5 1 -0.185031 0.378695 0.699891 5.1292e+10
1 1 1 0.117689 0.17137 0.610292 5.89241e+10
1.5 1.5 1 0.101935 0.311472 0.614174 7.4395e+10
2.5 -1.5 1 -0.409256 0.417727 0.632416 2.37104e+10
2 -1 1 -0.368694 0.386938 0.675439 3.1382e+10
2.5 -0.5 1 -0.372856 0.414206 0.66372 3.52822e+10
2 0 1 -0.311016 0.391582 0.696436 4.46002e+10
2.5 0.5 1 -0.316229 0.439647 0.679387 5.42011e+10
2 1 1 -0.195673 0.448286 0.688967 6.46722e+10
2.5 1.5 1 -0.223636 0.499863 0.671715 8.4457e+10
-2.25 -1.25 1.25 -0.319822 -0.236213 0.565778 2.1242e+10
-2.25 -0.25 1.25 -0.131595 -0.217763 0.563056 1.46708e+10
-2.25 0.75 1.25 -0.00981963 -0.174749 0.568455 1.11468e+10
-1.25 -1.25 1.25 -0.26439 -0.172805 0.596477 1.77965e+10
-1.75 -0.75 1.25 -0.170244 -0.226066 0.566851 1.63652e+10
-1.25 -0.25 1.25 -0.0624171 -0.191754 0.571117 1.38435e+10
-1.75 0.25 1.25 -0.0327055 -0.19184 0.56397 1.26009e+10
-1.25 0.75 1.25 0.0639039 -0.141258 0.563993 1.15673e+10
-1.75 1.25 1.25 0.0669589 -0.130415 0.569049 1.03681e+10
-0.25 -1.25 1.25 -0.236276 -0.04715 0.633576 8.46948e+09
-0.75 -0.75 1.25 -0.114052 -0.158101 0.591789 1.47613e+10
-0.25 -0.25 1.25 -0.0112846 -0.0798356 0.599247 1.34307e+10
-0.75 0.25 1.25 0.0457788 -0.133413 0.572543 1.26929e+10
-0.25 0.75 1.25 0.133413 -0.0457788 0.572543 1.26929e+10
-0.75 1.25 1.25 0.141258 -0.0639039 0.563993 1.15673e+10
0.75 -1.25 1.25 -0.0431831 -0.024063 0.620721 4.96681e+09
0.25 -0.75 1.25 -0.109088 0.0156988 0.635833 7.48945e+09
0.75 -0.25 1.25 -0.0156988 0.109088 0.635833 7.48945e+09
0.25 0.25 1.25 0.0798356 0.0112846 0.599247 1.34307e+10
0.75 0.75 1.25 0.158101 0.114052 0.591789 1.47613e+10
0.25 1.25 1.25 0.191754 0.0624171 0.571117 1.38435e+10
1.75 -1.25 1.25 0.0138398 0.0308541 0.607066 3.63555e+09
1.25 -0.75 1.25 0.024063 0.0431831 0.620721 4.96681e+09
1.75 -0.25 1.25 0.0627478 0.130125 0.617702 5.41641e+09
1.25 0.25 1.25 0.04715 0.236276 0.633576 8.46948e+09
1.75 0.75 1.25 0.0945191 0.342863 0.622465 9.86554e+09
1.25 1.25 1.25 0.172805 0.26439 0.596477 1.77965e+10
2.25 -0.75 1.25 0.041429 0.091029 0.601452 3.898e+09
2.25 0.25 1.25 0.0885465 0.231775 0.60978 6.33402e+09
2.25 1.25 1.25 0.123062 0.432139 0.601593 1.1832e+10
-2.5 -1 1.5 -0.24276 -0.204958 0.542992 8.00756e+10
-2.5 0 1.5 -0.034502 -0.263091 0.522646 5.98549e+10
-2.5 1 1.5 0.102503 -0.255872 0.526885 4.75227e+10
-2 -1.5 1.5 -0.350083 -0.104564 0.580064 7.92946e+10
-1.5 -1 1.5 -0.222016 -0.145365 0.576266 6.27171e+10
-2 -0.5 1.5 -0.115206 -0.22585 0.539796 6.46693e+10
-1.5 0 1.5 -0.00500442 -0.217775 0.53984 5.59371e+10
-2 0.5 1.5 0.0607553 -0.247134 0.524399 5.25231e+10
-1.5 1 1.5 0.143304 -0.206914 0.525496 4.89254e+10
-2 1.5 1.5 0.168721 -0.220455 0.528937 4.4727e+10
-1 -1.5 1.5 -0.380536 -0.00589763 0.63145 4.40411e+10
-0.5 -1 1.5 -0.208424 -0.0612811 0.615944 3.81065e+10
-1 -0.5 1.5 -0.097068 -0.155312 0.573273 5.40495e+10
-0.5 0 1.5 0.0193107 -0.10882 0.573111 4.98252e+10
-1 0.5 1.5 0.0945021 -0.173599 0.540277 5.17516e+10
-0.5 1 1.5 0.173599 -0.0945021 0.540277 5.17516e+10
-1 1.5 1.5 0.206914 -0.143304 0.525496 4.89254e+10
0 -1.5 1.5 -0.330079 0.208829 0.675821 2.44738e+10
0.5 -1 1.5 -0.273966 0.232171 0.681246 2.23992e+10
0 -0.5 1.5 -0.0669171 -0.0306321 0.611697 3.56017e+10
0.5 0 1.5 0.0306321 0.0669171 0.611697 3.56017e+10
0 0.5 1.5 0.10882 -0.0193107 0.573111 4.98252e+10
0.5 1 1.5 0.155312 0.097068 0.573273 5.40495e+10
0 1.5 1.5 0.217775 0.00500442 0.53984 5.59371e+10
1 -1.5 1.5 -0.322903 0.303274 0.680763 1.7598e+10
1.5 -1 1.5 -0.303274 0.322903 0.680763 1.7598e+10
1 -0.5 1.5 -0.232171 0.273966 0.681246 2.23992e+10
1.5 0 1.5 -0.208829 0.330079 0.675821 2.44738e+10
1 0.5 1.5 0.0612811 0.208424 0.615944 3.81065e+10
1.5 1 1.5 0.00589763 0.380536 0.63145 4.40411e+10
1 1.5 1.5 0.145365 0.222016 0.576266 6.27171e+10
2 -1.5 1.5 -0.349696 0.359429 0.658852 1.36383e+10
2.5 -1 1.5 -0.349682 0.381645 0.651406 1.47153e+10
2 -0.5 1.5 -0.295553 0.356554 0.674517 1.91166e+10
2.5 0 1.5 -0.295959 0.402579 0.662004 2.23172e+10
2 0.5 1.5 -0.209875 0.394078 0.666872 2.91709e+10
2.5 1 1.5 -0.219583 0.465607 0.651285 3.70231e+10
2 1.5 1.5 -0.0940031 0.484315 0.636988 5.29029e+10
