449
-2.5 -1 -1.5 -0.777255 -0.30002 -0.0104023 8.10235e+10
-2.5 0 -1.5 -0.768567 -0.337877 0.0292325 1.2739e+11
-2.5 1 -1.5 -0.693906 -0.406598 0.0936068 2.08581e+11
-2 -1.5 -1.5 -0.810653 -0.233336 0.0288775 7.75475e+10
-1.5 -1 -1.5 -0.839311 -0.21115 0.0967842 1.20005e+11
-2 -0.5 -1.5 -0.811608 -0.277984 0.0606134 1.27295e+11
-1.5 0 -1.5 -0.827262 -0.247919 0.134602 1.83305e+11
-2 0.5 -1.5 -0.779706 -0.31064 0.110479 1.90982e+11
-1.5 1 -1.5 -0.746475 -0.329582 0.188343 2.76607e+11
-2 1.5 -1.5 -0.677137 -0.372741 0.174954 2.77186e+11
-1 -1.5 -1.5 -0.853081 -0.141546 0.129136 1.05856e+11
-0.5 -1 -1.5 -0.86307 -0.11282 0.195584 1.49638e+11
-1 -0.5 -1.5 -0.853202 -0.180896 0.166449 1.70915e+11
-0.5 0 -1.5 -0.848536 -0.145246 0.237143 2.17801e+11
-1 0.5 -1.5 -0.813313 -0.22013 0.211461 2.41266e+11
-0.5 1 -1.5 -0.775506 -0.243164 0.278542 3.2081e+11
-1 1.5 -1.5 -0.716691 -0.291353 0.262134 3.39166e+11
0 -1.5 -1.5 -0.863603 -0.0441594 0.21547 1.22845e+11
0.5 -1 -1.5 -0.857262 -0.0115856 0.279425 1.57729e+11
0 -0.5 -1.5 -0.858421 -0.0796664 0.262554 1.91914e+11
0.5 0 -1.5 -0.840516 -0.0488305 0.326072 2.2306e+11
0 0.5 -1.5 -0.824359 -0.11135 0.305831 2.53345e+11
0.5 1 -1.5 -0.788826 -0.0848141 0.372836 2.7726e+11
0 1.5 -1.5 -0.734767 -0.212505 0.33932 3.63283e+11
1 -1.5 -1.5 -0.849581 0.0550537 0.284952 1.21597e+11
1.5 -1 -1.5 -0.83029 0.0881903 0.345001 1.42579e+11
1 -0.5 -1.5 -0.839477 0.0207092 0.341368 1.84368e+11
1.5 0 -1.5 -0.811594 0.0507655 0.399177 1.96673e+11
1 0.5 -1.5 -0.812576 -0.0225512 0.384453 2.42039e+11
1.5 1 -1.5 -0.769876 -0.02481 0.433504 2.39358e+11
1 1.5 -1.5 -0.722303 -0.133987 0.414922 2.7872e+11
2 -1.5 -1.5 -0.81863 0.151033 0.335667 1.04008e+11
2.5 -1 -1.5 -0.787747 0.183922 0.392292 1.1189e+11
2 -0.5 -1.5 -0.80052 0.11972 0.403099 1.5262e+11
2.5 0 -1.5 -0.763983 0.140739 0.457408 1.507e+11
2 0.5 -1.5 -0.775311 0.0661868 0.451004 1.91961e+11
2.5 1 -1.5 -0.738296 0.0743602 0.494345 1.84887e+11
2 1.5 -1.5 -0.728016 -0.0621521 0.472602 2.55218e+11
-2.25 -0.75 -1.25 -0.511457 -0.730755 -0.0778692 1.74672e+10
-2.25 0.25 -1.25 -0.473053 -0.66519 -0.0576936 2.17095e+10
-2.25 1.25 -1.25 -0.50401 -0.537063 0.0598858 4.19206e+10
-1.75 -1.25 -1.25 -0.60392 -0.687617 0.002714 1.80599e+10
-1.25 -0.75 -1.25 -0.631888 -0.643152 0.0616837 2.359e+10
-1.75 -0.25 -1.25 -0.556144 -0.6705 -0.0141092 2.29194e+10
-1.25 0.25 -1.25 -0.607439 -0.58843 0.0568739 2.99553e+10
-1.75 0.75 -1.25 -0.506433 -0.56998 0.035904 2.70048e+10
-1.25 1.25 -1.25 -0.606008 -0.484879 0.142769 5.77773e+10
-0.75 -1.25 -1.25 -0.677885 -0.592928 0.136829 2.18893e+10
-0.25 -0.75 -1.25 -0.693625 -0.540923 0.189861 2.68093e+10
-0.75 -0.25 -1.25 -0.659414 -0.575649 0.11769 2.86936e+10
-0.25 0.25 -1.25 -0.688529 -0.496142 0.175789 3.45048e+10
-0.75 0.75 -1.25 -0.61101 -0.510179 0.129868 3.46347e+10
-0.25 1.25 -1.25 -0.668981 -0.413822 0.225812 6.80295e+10
0.25 -1.25 -1.25 -0.705707 -0.489927 0.250424 2.24501e+10
0.75 -0.75 -1.25 -0.708979 -0.436958 0.296895 2.58008e+10
0.25 -0.25 -1.25 -0.706869 -0.476054 0.235896 3.07828e+10
0.75 0.25 -1.25 -0.721781 -0.413459 0.278241 3.48905e+10
0.25 0.75 -1.25 -0.676611 -0.43439 0.231887 3.79271e+10
0.75 1.25 -1.25 -0.680041 -0.343051 0.300456 3.96897e+10
1.25 -1.25 -1.25 -0.693063 -0.388345 0.337545 1.94872e+10
1.75 -0.75 -1.25 -0.68283 -0.339023 0.378274 2.10133e+10
1.25 -0.25 -1.25 -0.71089 -0.382143 0.33476 2.81931e+10
1.75 0.25 -1.25 -0.699449 -0.332397 0.368504 2.82914e+10
1.25 0.75 -1.25 -0.710885 -0.358219 0.319713 3.57073e+10
1.75 1.25 -1.25 -0.682431 -0.29492 0.360628 3.51691e+10
2.25 -1.25 -1.25 -0.648713 -0.287371 0.396015 1.45974e+10
2.25 -0.25 -1.25 -0.662538 -0.298674 0.414329 2.11307e+10
2.25 0.75 -1.25 -0.70908 -0.27779 0.399284 3.03085e+10
-2.5 -1.5 -1 -0.709835 -0.411873 -0.0544713 3.18539e+10
-2.5 -0.5 -1 -0.701065 -0.436167 -0.0387774 5.22965e+10
-2.5 0.5 -1 -0.701653 -0.431539 0.0143025 8.84181e+10
-2.5 1.5 -1 -0.656618 -0.401701 0.125476 1.62195e+11
-1.5 -1.5 -1 -0.796171 -0.318619 0.060002 4.73453e+10
-2 -1 -1 -0.755689 -0.384511 0.00855642 5.08369e+10
-1.5 -0.5 -1 -0.791278 -0.348122 0.0743032 7.74689e+10
-2 0 -1 -0.748833 -0.397588 0.0352948 8.39608e+10
-1.5 0.5 -1 -0.777971 -0.337714 0.119707 1.24813e+11
-2 1 -1 -0.733681 -0.353815 0.120694 1.37344e+11
-1.5 1.5 -1 -0.706199 -0.32783 0.212083 2.12054e+11
-0.5 -1.5 -1 -0.840583 -0.213868 0.164138 6.02429e+10
-1 -1 -1 -0.822442 -0.284869 0.121461 6.97671e+10
-0.5 -0.5 -1 -0.835925 -0.240772 0.184051 9.49891e+10
-1 0 -1 -0.811812 -0.298157 0.144596 1.10002e+11
-0.5 0.5 -1 -0.813049 -0.240892 0.21974 1.44684e+11
-1 1 -1 -0.772816 -0.269901 0.217708 1.69029e+11
-0.5 1.5 -1 -0.736609 -0.249458 0.291018 2.41117e+11
0.5 -1.5 -1 -0.850732 -0.102599 0.252795 6.50389e+10
0 -1 -1 -0.848118 -0.174313 0.223496 8.0377e+10
0.5 -0.5 -1 -0.843939 -0.13054 0.281135 9.86501e+10
0 0 -1 -0.835232 -0.192238 0.247085 1.2032e+11
0.5 0.5 -1 -0.823181 -0.147947 0.308065 1.44813e+11
0 1 -1 -0.783839 -0.180277 0.301466 1.74113e+11
0.5 1.5 -1 -0.701594 -0.222532 0.347615 1.90716e+11
1.5 -1.5 -1 -0.835001 0.00829418 0.323552 6.03352e+10
1 -1 -1 -0.8422 -0.0617286 0.308891 7.88824e+10
1.5 -0.5 -1 -0.824742 -0.0207281 0.360858 8.83124e+10
1 0 -1 -0.831339 -0.0870433 0.334777 1.13817e+11
1.5 0.5 -1 -0.79884 -0.04976 0.385597 1.16729e+11
1 1 -1 -0.77446 -0.128456 0.362761 1.4851e+11
1.5 1.5 -1 -0.717432 -0.149869 0.409434 1.72186e+11
2.5 -1.5 -1 -0.800722 0.114373 0.375837 4.88702e+10
2 -1 -1 -0.81274 0.0486071 0.376132 6.69431e+10
2.5 -0.5 -1 -0.780073 0.0844055 0.426104 6.79588e+10
2 0 -1 -0.794616 0.0155118 0.409587 8.96488e+10
2.5 0.5 -1 -0.765953 0.0409698 0.451249 8.96138e+10
2 1 -1 -0.766215 -0.0250572 0.4319 1.2159e+11
2.5 1.5 -1 -0.721469 -0.00670928 0.477793 1.23602e+11
-2.25 -1.25 -0.75 -0.452433 -0.798939 -0.0983183 8.89617e+09
-2.25 -0.25 -0.75 -0.368221 -0.774355 -0.136567 1.11782e+10
-2.25 0.75 -0.75 -0.361277 -0.619341 -0.0474095 1.41406e+10
-1.25 -1.25 -0.75 -0.57745 -0.717255 0.0621231 1.1696e+10
-1.75 -0.75 -0.75 -0.487189 -0.763196 -0.0460506 1.1778e+10
-1.25 -0.25 -0.75 -0.537389 -0.706521 0.0133891 1.53638e+10
-1.75 0.25 -0.75 -0.443443 -0.715396 -0.0547645 1.55686e+10
-1.25 0.75 -0.75 -0.472471 -0.590953 0.0501563 1.81766e+10
-1.75 1.25 -0.75 -0.430472 -0.576314 0.0505717 1.9092e+10
-0.25 -1.25 -0.75 -0.645685 -0.611963 0.208002 1.30812e+10
-0.75 -0.75 -0.75 -0.604267 -0.669982 0.11064 1.45643e+10
-0.25 -0.25 -0.75 -0.63439 -0.608037 0.157428 1.75489e+10
-0.75 0.25 -0.75 -0.575379 -0.641266 0.0777917 1.93582e+10
-0.25 0.75 -0.75 -0.575657 -0.530659 0.155009 2.13094e+10
-0.75 1.25 -0.75 -0.530479 -0.544263 0.129043 2.38569e+10
0.75 -1.25 -0.75 -0.663544 -0.497739 0.327576 1.2371e+10
0.25 -0.75 -0.75 -0.660344 -0.558111 0.249476 1.52619e+10
0.75 -0.25 -0.75 -0.675332 -0.501288 0.284703 1.73187e+10
0.25 0.25 -0.75 -0.650788 -0.54776 0.202571 2.05135e+10
0.75 0.75 -0.75 -0.651192 -0.467345 0.243696 2.14443e+10
0.25 1.25 -0.75 -0.593566 -0.449114 0.222172 2.50204e+10
1.75 -1.25 -0.75 -0.640754 -0.38199 0.417333 1.00287e+10
1.25 -0.75 -0.75 -0.664038 -0.446085 0.361965 1.35942e+10
1.75 -0.25 -0.75 -0.657268 -0.394189 0.387881 1.38954e+10
1.25 0.25 -0.75 -0.677785 -0.440712 0.311996 1.79102e+10
1.75 0.75 -0.75 -0.683393 -0.390495 0.338129 1.99986e+10
1.25 1.25 -0.75 -0.636257 -0.389126 0.288531 2.30576e+10
2.25 -0.75 -0.75 -0.618186 -0.336239 0.448321 1.01398e+10
2.25 0.25 -0.75 -0.657572 -0.349365 0.407249 1.44099e+10
2.25 1.25 -0.75 -0.65515 -0.346829 0.360236 1.95057e+10
-2.5 -1 -0.5 -0.615703 -0.548919 -0.0979462 2.08735e+10
-2.5 0 -0.5 -0.619474 -0.534553 -0.0703181 3.6194e+10
-2.5 1 -0.5 -0.629572 -0.474395 0.024636 6.59768e+10
-2 -1.5 -0.5 -0.691865 -0.49573 -0.0314404 2.04572e+10
-1.5 -1 -0.5 -0.738816 -0.457843 0.0276429 3.14515e+10
-2 -0.5 -0.5 -0.682122 -0.507807 -0.0302517 3.40806e+10
-1.5 0 -0.5 -0.738869 -0.453015 0.0443124 5.36709e+10
-2 0.5 -0.5 -0.690487 -0.477539 0.0188103 5.9794e+10
-1.5 1 -0.5 -0.70027 -0.387611 0.130151 8.40369e+10
-2 1.5 -0.5 -0.591354 -0.406903 0.143854 9.54518e+10
-1 -1.5 -0.5 -0.783339 -0.389172 0.0907299 2.85482e+10
-0.5 -1 -0.5 -0.810234 -0.34419 0.146761 4.00195e+10
-1 -0.5 -0.5 -0.779287 -0.406784 0.0906716 4.64807e+10
-0.5 0 -0.5 -0.804756 -0.341018 0.159999 6.36307e+10
-1 0.5 -0.5 -0.768133 -0.378455 0.130875 7.53183e+10
-0.5 1 -0.5 -0.747835 -0.303759 0.222568 9.56198e+10
-1 1.5 -0.5 -0.638958 -0.345891 0.224223 1.14322e+11
0 -1.5 -0.5 -0.82971 -0.269355 0.199346 3.38779e+10
0.5 -1 -0.5 -0.837319 -0.219588 0.252425 4.28293e+10
0 -0.5 -0.5 -0.826989 -0.287459 0.204842 5.25237e+10
0.5 0 -0.5 -0.831245 -0.226778 0.263077 6.45842e+10
0 0.5 -0.5 -0.806933 -0.270575 0.233047 7.90086e+10
0.5 1 -0.5 -0.7638 -0.210428 0.302154 8.82681e+10
0 1.5 -0.5 -0.67906 -0.301267 0.286548 1.21062e+11
1 -1.5 -0.5 -0.839487 -0.14444 0.29093 3.42462e+10
1.5 -1 -0.5 -0.830521 -0.0949808 0.339725 3.94136e+10
1 -0.5 -0.5 -0.83586 -0.16548 0.303141 5.07637e+10
1.5 0 -0.5 -0.818739 -0.106423 0.351555 5.44286e+10
1 0.5 -0.5 -0.810865 -0.159781 0.319601 7.01303e+10
1.5 1 -0.5 -0.774965 -0.113323 0.373224 7.60158e+10
1 1.5 -0.5 -0.697496 -0.226867 0.353761 1.11248e+11
2 -1.5 -0.5 -0.821825 -0.0221986 0.363841 3.00315e+10
2.5 -1 -0.5 -0.795641 0.0257639 0.410545 3.13495e+10
2 -0.5 -0.5 -0.809437 -0.0428632 0.385533 4.13695e+10
2.5 0 -0.5 -0.783832 0.000257058 0.426339 4.19422e+10
2 0.5 -0.5 -0.79443 -0.060433 0.396475 5.7258e+10
2.5 1 -0.5 -0.768719 -0.0214332 0.438214 6.01824e+10
2 1.5 -0.5 -0.72881 -0.0742883 0.426787 8.38967e+10
-2.25 -0.75 -0.25 -0.303763 -0.841829 -0.175765 5.81315e+09
-2.25 0.25 -0.25 -0.216806 -0.75911 -0.176223 7.21509e+09
-2.25 1.25 -0.25 -0.229354 -0.529554 -0.00685344 9.06572e+09
-1.75 -1.25 -0.25 -0.447431 -0.814274 -0.04698 6.02516e+09
-1.25 -0.75 -0.25 -0.484024 -0.778695 0.00524521 7.76506e+09
-1.75 -0.25 -0.25 -0.36255 -0.804577 -0.10805 7.84728e+09
-1.25 0.25 -0.25 -0.420139 -0.732328 -0.0290806 9.66502e+09
-1.75 0.75 -0.25 -0.35135 -0.670169 -0.0496458 9.49579e+09
-1.25 1.25 -0.25 -0.36653 -0.558725 0.0670753 1.23675e+10
-0.75 -1.25 -0.25 -0.567033 -0.720093 0.130242 7.30241e+09
-0.25 -0.75 -0.25 -0.595371 -0.67095 0.175504 8.78068e+09
-0.75 -0.25 -0.25 -0.524733 -0.725506 0.0617327 9.5932e+09
-0.25 0.25 -0.25 -0.549163 -0.649433 0.117463 1.08639e+10
-0.75 0.75 -0.25 -0.490764 -0.638323 0.0647097 1.17488e+10
-0.25 1.25 -0.25 -0.463879 -0.554729 0.140579 1.42406e+10
0.25 -1.25 -0.25 -0.626073 -0.59983 0.283613 7.49657e+09
0.75 -0.75 -0.25 -0.639899 -0.546478 0.319929 8.42632e+09
0.25 -0.25 -0.25 -0.619498 -0.612855 0.217048 1.01259e+10
0.75 0.25 -0.25 -0.637462 -0.540243 0.250162 1.07377e+10
0.25 0.75 -0.25 -0.579876 -0.559259 0.174491 1.25346e+10
0.75 1.25 -0.25 -0.555308 -0.503432 0.216402 1.39285e+10
1.25 -1.25 -0.25 -0.634017 -0.470063 0.404957 6.57389e+09
1.75 -0.75 -0.25 -0.628127 -0.415887 0.432999 6.75114e+09
1.25 -0.25 -0.25 -0.650221 -0.486386 0.346748 8.85845e+09
1.75 0.25 -0.25 -0.651257 -0.436071 0.368534 9.37722e+09
1.25 0.75 -0.25 -0.641852 -0.480061 0.279776 1.20233e+10
1.75 1.25 -0.25 -0.623739 -0.434945 0.303937 1.30214e+10
2.25 -1.25 -0.25 -0.602395 -0.334748 0.494485 4.99916e+09
2.25 -0.25 -0.25 -0.618204 -0.371174 0.453705 6.83746e+09
2.25 0.75 -0.25 -0.653276 -0.395116 0.382837 1.01152e+10
-2.5 -1.5 0 -0.52698 -0.65553 -0.144514 8.64645e+09
-2.5 -0.5 0 -0.508472 -0.644563 -0.145575 1.42299e+10
-2.5 0.5 0 -0.551764 -0.583298 -0.0745095 2.60126e+10
-2.5 1.5 0 -0.517808 -0.495201 0.0596334 4.83985e+10
-1.5 -1.5 0 -0.67815 -0.559628 -0.0065072 1.31337e+10
-2 -1 0 -0.598714 -0.61785 -0.0840455 1.37817e+10
-1.5 -0.5 0 -0.671522 -0.565394 -0.0140725 2.16662e+10
-2 0 0 -0.60761 -0.589318 -0.0600078 2.36666e+10
-1.5 0.5 0 -0.681859 -0.504285 0.03903 3.57502e+10
-2 1 0 -0.620723 -0.497097 0.0373101 4.12756e+10
-1.5 1.5 0 -0.583154 -0.442947 0.148614 6.12362e+10
-0.5 -1.5 0 -0.773666 -0.438759 0.121712 1.71557e+10
-1 -1 0 -0.728751 -0.512867 0.0510921 1.9398e+10
-0.5 -0.5 0 -0.773008 -0.447974 0.115273 2.70151e+10
-1 0 0 -0.732089 -0.489216 0.0660807 3.12776e+10
-0.5 0.5 0 -0.764548 -0.391948 0.155681 4.08818e+10
-1 1 0 -0.696574 -0.412392 0.142924 4.9296e+10
-0.5 1.5 0 -0.638275 -0.385456 0.227697 6.96996e+10
0.5 -1.5 0 -0.821378 -0.304153 0.233855 1.89861e+10
0 -1 0 -0.803202 -0.382689 0.175707 2.28256e+10
0.5 -0.5 0 -0.822704 -0.314022 0.232022 2.83383e+10
0 0 0 -0.80072 -0.367301 0.184815 3.42829e+10
0.5 0.5 0 -0.803645 -0.280269 0.253369 4.03002e+10
0 1 0 -0.755406 -0.303757 0.23983 5.03051e+10
0.5 1.5 0 -0.712245 -0.222304 0.320749 6.11659e+10
1.5 -1.5 0 -0.830756 -0.167122 0.327069 1.8051e+10
1 -1 0 -0.830693 -0.244213 0.283046 2.28026e+10
1.5 -0.5 0 -0.827938 -0.174885 0.33032 2.51744e+10
1 0 0 -0.825678 -0.234587 0.28723 3.21319e+10
1.5 0.5 0 -0.80953 -0.15802 0.341488 3.49095e+10
1 1 0 -0.777588 -0.197096 0.319655 4.62364e+10
1.5 1.5 0 -0.730177 -0.132574 0.383708 5.46828e+10
2.5 -1.5 0 -0.809747 -0.0342535 0.402082 1.49453e+10
2 -1 0 -0.820152 -0.106025 0.371516 1.94909e+10
2.5 -0.5 0 -0.800321 -0.0466289 0.412948 1.99428e+10
2 0 0 -0.812723 -0.10744 0.376056 2.65392e+10
2.5 0.5 0 -0.792487 -0.0516813 0.416758 2.77729e+10
2 1 0 -0.786161 -0.0974912 0.390904 3.88652e+10
2.5 1.5 0 -0.725467 -0.0686532 0.429627 3.67151e+10
-2.25 -1.25 0.25 -0.283438 -0.87395 -0.180032 3.05557e+09
-2.25 -0.25 0.25 -0.138925 -0.83764 -0.246487 3.71737e+09
-2.25 0.75 0.25 -0.0921734 -0.696421 -0.164074 4.58738e+09
-1.25 -1.25 0.25 -0.45836 -0.810501 0.0211818 3.96913e+09
-1.75 -0.75 0.25 -0.322571 -0.853848 -0.123945 4.00006e+09
-1.25 -0.25 0.25 -0.37525 -0.810781 -0.0554657 4.88623e+09
-1.75 0.25 0.25 -0.232136 -0.784546 -0.145495 4.62805e+09
-1.25 0.75 0.25 -0.315816 -0.706852 -0.0318859 6.04854e+09
-1.75 1.25 0.25 -0.175803 -0.580625 -0.0121457 5.86549e+09
-0.25 -1.25 0.25 -0.568088 -0.697193 0.207052 4.39481e+09
-0.75 -0.75 0.25 -0.494741 -0.771541 0.0746121 4.83514e+09
-0.25 -0.25 0.25 -0.532285 -0.712354 0.127947 5.49373e+09
-0.75 0.25 0.25 -0.43773 -0.735623 0.0256427 5.62201e+09
-0.25 0.75 0.25 -0.477603 -0.656937 0.101745 6.94047e+09
-0.75 1.25 0.25 -0.333327 -0.611075 0.0711102 7.38348e+09
0.75 -1.25 0.25 -0.616914 -0.558433 0.359938 4.15032e+09
0.25 -0.75 0.25 -0.594996 -0.643887 0.251353 4.98942e+09
0.75 -0.25 0.25 -0.62009 -0.577977 0.288987 5.30829e+09
0.25 0.25 0.25 -0.568892 -0.63551 0.17976 6.05048e+09
0.75 0.75 0.25 -0.592063 -0.575437 0.224011 7.1363e+09
0.25 1.25 0.25 -0.46281 -0.585768 0.167448 8.0363e+09
1.75 -1.25 0.25 -0.618414 -0.407242 0.47557 3.37222e+09
1.25 -0.75 0.25 -0.629312 -0.497636 0.39368 4.34674e+09
1.75 -0.25 0.25 -0.632535 -0.442318 0.422028 4.49597e+09
1.25 0.25 0.25 -0.634141 -0.516958 0.321379 5.73114e+09
1.75 0.75 0.25 -0.626253 -0.477729 0.345886 6.19571e+09
1.25 1.25 0.25 -0.559894 -0.52139 0.259047 7.79545e+09
2.25 -0.75 0.25 -0.608851 -0.352214 0.503731 3.37612e+09
2.25 0.25 0.25 -0.622893 -0.403141 0.443324 4.61082e+09
2.25 1.25 0.25 -0.608723 -0.432485 0.357308 6.34652e+09
-2.5 -1 0.5 -0.389598 -0.742029 -0.21006 5.82564e+09
-2.5 0 0.5 -0.413727 -0.691832 -0.166558 9.8425e+09
-2.5 1 0.5 -0.501656 -0.59674 -0.0515609 1.80687e+10
-2 -1.5 0.5 -0.514645 -0.707153 -0.124226 5.90767e+09
-1.5 -1 0.5 -0.590368 -0.664782 -0.061616 8.99006e+09
-2 -0.5 0.5 -0.498222 -0.6974 -0.130385 9.38719e+09
-1.5 0 0.5 -0.603757 -0.626592 -0.0360623 1.43764e+10
-2 0.5 0.5 -0.545008 -0.623766 -0.0576039 1.61668e+10
-1.5 1 0.5 -0.635701 -0.516963 0.0595653 2.43468e+10
-2 1.5 0.5 -0.592169 -0.479611 0.0807994 2.88744e+10
-1 -1.5 0.5 -0.669993 -0.599456 0.0216287 8.42858e+09
-0.5 -1 0.5 -0.724401 -0.543489 0.0808337 1.16782e+10
-1 -0.5 0.5 -0.667422 -0.600216 0.012992 1.30077e+10
-0.5 0 0.5 -0.733107 -0.507882 0.0983354 1.73408e+10
-1 0.5 0.5 -0.683979 -0.528366 0.0665129 2.03839e+10
-0.5 1 0.5 -0.720079 -0.414204 0.168441 2.73719e+10
-1 1.5 0.5 -0.659789 -0.397887 0.180665 3.44467e+10
0 -1.5 0.5 -0.767739 -0.464773 0.153518 1.02334e+10
0.5 -1 0.5 -0.800221 -0.397676 0.207671 1.27611e+10
0 -0.5 0.5 -0.772212 -0.465331 0.147319 1.4977e+10
0.5 0 0.5 -0.803535 -0.369909 0.216617 1.78789e+10
0 0.5 0.5 -0.769918 -0.403946 0.184212 2.1847e+10
0.5 1 0.5 -0.774373 -0.300295 0.262835 2.69936e+10
0 1.5 0.5 -0.703193 -0.30234 0.265113 3.51684e+10
1 -1.5 0.5 -0.816121 -0.317652 0.266502 1.05785e+10
1.5 -1 0.5 -0.826392 -0.244693 0.313788 1.1892e+10
1 -0.5 0.5 -0.821368 -0.313996 0.263281 1.47097e+10
1.5 0 0.5 -0.825841 -0.224693 0.318369 1.61503e+10
1 0.5 0.5 -0.811645 -0.270891 0.282873 2.06142e+10
1.5 1 0.5 -0.788238 -0.182134 0.3478 2.25957e+10
1 1.5 0.5 -0.70849 -0.21922 0.335619 3.01186e+10
2 -1.5 0.5 -0.823962 -0.169483 0.35941 9.43579e+09
2.5 -1 0.5 -0.81403 -0.100385 0.401383 9.80166e+09
2 -0.5 0.5 -0.824326 -0.166274 0.360411 1.2651e+10
2.5 0 0.5 -0.809778 -0.0926448 0.405179 1.30088e+10
2 0.5 0.5 -0.811051 -0.141958 0.372454 1.71501e+10
2.5 1 0.5 -0.772305 -0.067656 0.417845 1.68848e+10
2 1.5 0.5 -0.727901 -0.1212 0.396254 2.3515e+10
-2.25 -0.75 0.75 -0.123427 -0.87414 -0.270952 1.95918e+09
-2.25 0.25 0.75 0.0170017 -0.782271 -0.27858 2.21504e+09
-2.25 1.25 0.75 -0.0200283 -0.586003 -0.0857483 2.95448e+09
-1.75 -1.25 0.75 -0.316072 -0.870733 -0.112373 2.08419e+09
-1.25 -0.75 0.75 -0.357279 -0.843616 -0.0521064 2.51532e+09
-1.75 -0.25 0.75 -0.184583 -0.851003 -0.192926 2.38989e+09
-1.25 0.25 0.75 -0.263615 -0.805282 -0.0903711 2.88437e+09
-1.75 0.75 0.75 -0.101474 -0.748259 -0.139149 2.92644e+09
-1.25 1.25 0.75 -0.170807 -0.637772 0.0112012 3.62667e+09
-0.75 -1.25 0.75 -0.478357 -0.783545 0.100223 2.46914e+09
-0.25 -0.75 0.75 -0.517658 -0.734065 0.155146 2.78838e+09
-0.75 -0.25 0.75 -0.412957 -0.79429 0.0204004 2.86646e+09
-0.25 0.25 0.75 -0.464828 -0.728596 0.0969049 3.26679e+09
-0.75 0.75 0.75 -0.329766 -0.744331 0.0129551 3.58661e+09
-0.25 1.25 0.75 -0.343132 -0.651536 0.109976 4.30823e+09
0.25 -1.25 0.75 -0.576239 -0.647201 0.284244 2.51129e+09
0.75 -0.75 0.75 -0.606092 -0.582171 0.328862 2.66097e+09
0.25 -0.25 0.75 -0.559925 -0.667504 0.211079 3.01166e+09
0.75 0.25 0.75 -0.589741 -0.602585 0.264902 3.32113e+09
0.25 0.75 0.75 -0.493715 -0.666636 0.165937 3.85233e+09
0.75 1.25 0.75 -0.499421 -0.592605 0.219552 4.23282e+09
1.25 -1.25 0.75 -0.618864 -0.486265 0.427161 2.20104e+09
1.75 -0.75 0.75 -0.628637 -0.420759 0.464026 2.24219e+09
1.25 -0.25 0.75 -0.626324 -0.516969 0.372019 2.78755e+09
1.75 0.25 0.75 -0.624246 -0.46384 0.408204 2.84857e+09
1.25 0.75 0.75 -0.584648 -0.545322 0.303271 3.47414e+09
1.75 1.25 0.75 -0.581788 -0.501425 0.320028 3.90128e+09
2.25 -1.25 0.75 -0.618421 -0.320836 0.5316 1.7434e+09
2.25 -0.25 0.75 -0.62167 -0.365704 0.498055 2.22238e+09
2.25 0.75 0.75 -0.60788 -0.419138 0.427225 2.78421e+09
-2.5 -1.5 1 -0.291227 -0.805942 -0.253949 2.60946e+09
-2.5 -0.5 1 -0.255582 -0.777149 -0.253088 3.90336e+09
-2.5 0.5 1 -0.341696 -0.703745 -0.156039 6.61705e+09
-2.5 1.5 1 -0.467643 -0.572998 0.00155404 1.29072e+10
-1.5 -1.5 1 -0.511112 -0.733597 -0.0966291 4.00035e+09
-2 -1 1 -0.386767 -0.777721 -0.188512 3.97388e+09
-1.5 -0.5 1 -0.49929 -0.727547 -0.102739 5.89994e+09
-2 0 1 -0.409949 -0.732931 -0.14662 6.22678e+09
-1.5 0.5 1 -0.548628 -0.656417 -0.0314017 9.54047e+09
-2 1 1 -0.502397 -0.634695 -0.0323795 1.09903e+10
-1.5 1.5 1 -0.575205 -0.492328 0.113874 1.57771e+10
-0.5 -1.5 1 -0.667547 -0.614746 0.0532547 5.29683e+09
-1 -1 1 -0.590622 -0.685766 -0.0304981 5.65179e+09
-0.5 -0.5 1 -0.673001 -0.611375 0.0487441 7.52622e+09
-1 0 1 -0.609844 -0.649045 -0.00344708 8.37275e+09
-0.5 0.5 1 -0.696971 -0.538378 0.101879 1.1109e+10
-1 1 1 -0.645328 -0.537029 0.0911694 1.33698e+10
-0.5 1.5 1 -0.650196 -0.400484 0.210431 1.74799e+10
0.5 -1.5 1 -0.765955 -0.468301 0.185506 5.97791e+09
0 -1 1 -0.726241 -0.54874 0.115072 6.79256e+09
0.5 -0.5 1 -0.778126 -0.458537 0.183675 8.13043e+09
0 0 1 -0.742942 -0.510791 0.135743 9.44534e+09
0.5 0.5 1 -0.784859 -0.395783 0.221174 1.13642e+10
0 1 1 -0.739962 -0.412518 0.202856 1.39773e+10
0.5 1.5 1 -0.706363 -0.290265 0.293111 1.59712e+10
1.5 -1.5 1 -0.813746 -0.310503 0.296351 5.79065e+09
1 -1 1 -0.801364 -0.388739 0.24029 6.95523e+09
1.5 -0.5 1 -0.823749 -0.296003 0.297255 7.66409e+09
1 0 1 -0.811688 -0.354263 0.253908 9.30229e+09
1.5 0.5 1 -0.815296 -0.241872 0.323864 9.89422e+09
1 1 1 -0.779221 -0.270045 0.303543 1.25165e+10
1.5 1.5 1 -0.740862 -0.184607 0.36153 1.42746e+10
2.5 -1.5 1 -0.819855 -0.157361 0.387192 4.95545e+09
2 -1 1 -0.825061 -0.228732 0.343665 6.2255e+09
2.5 -0.5 1 -0.822358 -0.142721 0.391191 6.36321e+09
2 0 1 -0.826221 -0.197276 0.355026 7.98898e+09
2.5 0.5 1 -0.806138 -0.102222 0.406626 7.89249e+09
2 1 1 -0.789335 -0.145189 0.381392 1.03278e+10
2.5 1.5 1 -0.748041 -0.0729603 0.42383 1.10556e+10
-2.25 -1.25 1.25 -0.144231 -0.886962 -0.261165 1.054e+09
-2.25 -0.25 1.25 0.040264 -0.82835 -0.341036 1.16117e+09
-2.25 0.75 1.25 0.143814 -0.682226 -0.256534 1.33027e+09
-1.25 -1.25 1.25 -0.356905 -0.846793 -0.0316821 1.32375e+09
-1.75 -0.75 1.25 -0.185952 -0.874315 -0.199695 1.26828e+09
-1.25 -0.25 1.25 -0.247861 -0.846663 -0.113938 1.47175e+09
-1.75 0.25 1.25 -0.043685 -0.815913 -0.226963 1.41443e+09
-1.25 0.75 1.25 -0.139 -0.766009 -0.0901389 1.68941e+09
-1.75 1.25 1.25 -0.0304308 -0.668318 -0.0746831 1.75464e+09
-0.25 -1.25 1.25 -0.504484 -0.730511 0.180448 1.44517e+09
-0.75 -0.75 1.25 -0.406137 -0.807439 0.034321 1.49945e+09
-0.25 -0.25 1.25 -0.464514 -0.750224 0.110587 1.64948e+09
-0.75 0.25 1.25 -0.320344 -0.798059 -0.0123626 1.68769e+09
-0.25 0.75 1.25 -0.371981 -0.726932 0.0891576 1.90741e+09
-0.75 1.25 1.25 -0.237589 -0.704586 0.0462993 2.13407e+09
0.75 -1.25 1.25 -0.592848 -0.569666 0.351945 1.37386e+09
0.25 -0.75 1.25 -0.550486 -0.666686 0.238437 1.54811e+09
0.75 -0.25 1.25 -0.590099 -0.596057 0.300569 1.63416e+09
0.25 0.25 1.25 -0.512915 -0.683947 0.189216 1.81274e+09
0.75 0.75 1.25 -0.54043 -0.608652 0.256768 1.89518e+09
0.25 1.25 1.25 -0.412621 -0.653671 0.174771 2.27315e+09
1.75 -1.25 1.25 -0.630466 -0.394136 0.478756 1.16773e+09
1.25 -0.75 1.25 -0.622423 -0.495802 0.400667 1.4144e+09
1.75 -0.25 1.25 -0.635569 -0.423973 0.448608 1.40082e+09
1.25 0.25 1.25 -0.609288 -0.524979 0.35564 1.64767e+09
1.75 0.75 1.25 -0.603718 -0.475388 0.393168 1.68335e+09
1.25 1.25 1.25 -0.529439 -0.586307 0.285404 2.28624e+09
2.25 -0.75 1.25 -0.637715 -0.320365 0.518559 1.14365e+09
2.25 0.25 1.25 -0.628383 -0.36267 0.488309 1.33191e+09
2.25 1.25 1.25 -0.577046 -0.468023 0.408808 1.84415e+09
-2.5 -1 1.5 -0.126048 -0.822229 -0.318787 1.72184e+09
-2.5 0 1.5 -0.144552 -0.772098 -0.262044 2.52999e+09
-2.5 1 1.5 -0.318313 -0.695409 -0.109576 4.50751e+09
-2 -1.5 1.5 -0.299159 -0.818573 -0.225332 1.84625e+09
-1.5 -1 1.5 -0.397182 -0.789851 -0.156119 2.61787e+09
-2 -0.5 1.5 -0.264359 -0.803771 -0.228745 2.5717e+09
-1.5 0 1.5 -0.42065 -0.757325 -0.116587 3.78638e+09
-2 0.5 1.5 -0.34762 -0.739985 -0.13161 4.02825e+09
-1.5 1 1.5 -0.519027 -0.64606 0.0107692 5.97567e+09
-2 1.5 1.5 -0.482244 -0.601312 0.0271494 7.17901e+09
-1 -1.5 1.5 -0.516541 -0.73738 -0.0630161 2.62518e+09
-0.5 -1 1.5 -0.600754 -0.683389 0.00665538 3.44274e+09
-1 -0.5 1.5 -0.512811 -0.736864 -0.0663227 3.60196e+09
-0.5 0 1.5 -0.628613 -0.648945 0.0373373 4.69715e+09
-1 0.5 1.5 -0.567294 -0.664946 0.00845296 5.21158e+09
-0.5 1 1.5 -0.668061 -0.527494 0.137451 6.75251e+09
-1 1.5 1.5 -0.607323 -0.509359 0.14176 8.36729e+09
0 -1.5 1.5 -0.67178 -0.608521 0.0871221 3.22446e+09
0.5 -1 1.5 -0.734859 -0.531987 0.151452 3.86323e+09
0 -0.5 1.5 -0.687717 -0.600549 0.08915 4.27342e+09
0.5 0 1.5 -0.760417 -0.489928 0.178093 5.02335e+09
0 0.5 1.5 -0.719158 -0.525785 0.146027 5.72957e+09
0.5 1 1.5 -0.75855 -0.386844 0.246388 6.66852e+09
0 1.5 1.5 -0.692267 -0.391743 0.239786 8.5958e+09
1 -1.5 1.5 -0.768857 -0.452227 0.216642 3.40616e+09
1.5 -1 1.5 -0.805814 -0.363603 0.272969 3.76845e+09
1 -0.5 1.5 -0.788669 -0.432772 0.222297 4.38186e+09
1.5 0 1.5 -0.820355 -0.315608 0.295057 4.64553e+09
1 0.5 1.5 -0.799817 -0.357421 0.266309 5.50351e+09
1.5 1 1.5 -0.798358 -0.238892 0.338034 6.0418e+09
1 1.5 1.5 -0.748657 -0.269625 0.321567 7.98117e+09
2 -1.5 1.5 -0.813963 -0.289347 0.323788 3.15005e+09
2.5 -1 1.5 -0.824914 -0.199544 0.371647 3.23891e+09
2 -0.5 1.5 -0.827098 -0.260982 0.331849 3.92635e+09
2.5 0 1.5 -0.826797 -0.153128 0.388221 3.86769e+09
2 0.5 1.5 -0.822001 -0.198565 0.361233 4.74894e+09
2.5 1 1.5 -0.795107 -0.102049 0.417431 4.84957e+09
2 1.5 1.5 -0.759777 -0.14523 0.397941 6.54015e+09
