449
-2.5 -1 -1.5 0.220618 -0.227199 0.698504 9.95182e+09
-2.5 0 -1.5 0.214056 -0.191695 0.776271 7.8933e+09
-2.5 1 -1.5 0.187351 -0.162486 0.848681 6.58616e+09
-2 -1.5 -1.5 0.223191 -0.26921 0.645423 1.20538e+10
-1.5 -1 -1.5 0.240149 -0.267077 0.664757 1.11791e+10
-2 -0.5 -1.5 0.230795 -0.229441 0.720483 9.32723e+09
-1.5 0 -1.5 0.235664 -0.232196 0.736034 8.92388e+09
-2 0.5 -1.5 0.214189 -0.198108 0.7936 7.59845e+09
-1.5 1 -1.5 0.210607 -0.20478 0.802555 7.45331e+09
-2 1.5 -1.5 0.180613 -0.17186 0.858471 6.4773e+09
-1 -1.5 -1.5 0.241536 -0.303898 0.611398 1.35234e+10
-0.5 -1 -1.5 0.261206 -0.296224 0.623302 1.2736e+10
-1 -0.5 -1.5 0.25144 -0.264983 0.678511 1.06182e+10
-0.5 0 -1.5 0.258382 -0.26244 0.685675 1.03441e+10
-1 0.5 -1.5 0.236545 -0.234922 0.744102 8.72596e+09
-0.5 1 -1.5 0.234922 -0.236545 0.744102 8.72596e+09
-1 1.5 -1.5 0.20478 -0.210607 0.802555 7.45331e+09
0 -1.5 -1.5 0.264398 -0.32526 0.572609 1.53196e+10
0.5 -1 -1.5 0.289037 -0.309039 0.577799 1.47843e+10
0 -0.5 -1.5 0.276007 -0.287268 0.62953 1.2353e+10
0.5 0 -1.5 0.287268 -0.276007 0.62953 1.2353e+10
0 0.5 -1.5 0.26244 -0.258382 0.685675 1.03441e+10
0.5 1 -1.5 0.264983 -0.25144 0.678511 1.06182e+10
0 1.5 -1.5 0.232196 -0.235664 0.736034 8.92388e+09
1 -1.5 -1.5 0.296637 -0.327152 0.532677 1.76372e+10
1.5 -1 -1.5 0.327152 -0.296637 0.532677 1.76372e+10
1 -0.5 -1.5 0.309039 -0.289037 0.577799 1.47843e+10
1.5 0 -1.5 0.32526 -0.264398 0.572609 1.53196e+10
1 0.5 -1.5 0.296224 -0.261206 0.623302 1.2736e+10
1.5 1 -1.5 0.303898 -0.241536 0.611398 1.35234e+10
1 1.5 -1.5 0.267077 -0.240149 0.664757 1.11791e+10
2 -1.5 -1.5 0.340697 -0.297515 0.496572 2.08794e+10
2.5 -1 -1.5 0.373492 -0.245357 0.494152 2.18973e+10
2 -0.5 -1.5 0.351348 -0.259741 0.528724 1.83806e+10
2.5 0 -1.5 0.369824 -0.216255 0.521264 1.99343e+10
2 0.5 -1.5 0.338601 -0.234154 0.562736 1.64278e+10
2.5 1 -1.5 0.349446 -0.197218 0.549029 1.81901e+10
2 1.5 -1.5 0.31072 -0.215739 0.594755 1.47619e+10
-2.25 -0.75 -1.25 -0.186712 -0.0606331 0.76455 3.3292e+09
-2.25 0.25 -1.25 -0.144146 -0.0260362 0.82934 2.68445e+09
-2.25 1.25 -1.25 -0.0980372 0.00993391 0.886599 2.28606e+09
-1.75 -1.25 -1.25 -0.182364 -0.0609676 0.728543 3.92298e+09
-1.25 -0.75 -1.25 -0.136687 -0.0257348 0.75043 3.61066e+09
-1.75 -0.25 -1.25 -0.1419 -0.0236987 0.789877 3.09368e+09
-1.25 0.25 -1.25 -0.0981228 0.0152457 0.80594 2.95783e+09
-1.75 0.75 -1.25 -0.0999649 0.014636 0.847332 2.5798e+09
-1.25 1.25 -1.25 -0.0567078 0.0567078 0.853486 2.54552e+09
-0.75 -1.25 -1.25 -0.129374 -0.0317463 0.71266 4.25093e+09
-0.25 -0.75 -1.25 -0.0846415 0.00422855 0.724183 4.0129e+09
-0.75 -0.25 -1.25 -0.0927936 0.0116581 0.764322 3.4317e+09
-0.25 0.25 -1.25 -0.0511186 0.0511186 0.769079 3.37343e+09
-0.75 0.75 -1.25 -0.0558658 0.0558658 0.811439 2.91347e+09
-0.25 1.25 -1.25 -0.0152457 0.0981228 0.80594 2.95783e+09
0.25 -1.25 -1.25 -0.074739 -0.00638834 0.687194 4.71104e+09
0.75 -0.75 -1.25 -0.0321017 0.0321017 0.690275 4.60762e+09
0.25 -0.25 -1.25 -0.042929 0.0429291 0.728129 3.93554e+09
0.75 0.25 -1.25 -0.00422855 0.0846415 0.724183 4.0129e+09
0.25 0.75 -1.25 -0.0116581 0.0927936 0.764322 3.4317e+09
0.75 1.25 -1.25 0.0257348 0.136687 0.75043 3.61066e+09
1.25 -1.25 -1.25 -0.0199118 0.0199118 0.657356 5.39379e+09
1.75 -0.75 -1.25 0.0191232 0.0648089 0.655173 5.53283e+09
1.25 -0.25 -1.25 0.00638834 0.074739 0.687194 4.71104e+09
1.75 0.25 -1.25 0.0410464 0.121295 0.678193 5.02961e+09
1.25 0.75 -1.25 0.0317463 0.129374 0.71266 4.25093e+09
1.75 1.25 -1.25 0.0652631 0.176687 0.694499 4.66884e+09
2.25 -1.25 -1.25 0.0337121 0.0563377 0.629911 6.47411e+09
2.25 -0.25 -1.25 0.0524456 0.114637 0.648801 5.96133e+09
2.25 0.75 -1.25 0.0726918 0.171232 0.663965 5.59194e+09
-2.5 -1.5 -1 0.108436 -0.2121 0.673525 1.87683e+10
-2.5 -0.5 -1 0.125832 -0.176786 0.748769 1.45336e+10
-2.5 0.5 -1 0.124103 -0.145185 0.822436 1.18816e+10
-2.5 1.5 -1 0.109333 -0.115801 0.887363 1.01963e+10
-1.5 -1.5 -1 0.136992 -0.235186 0.649243 2.06368e+10
-2 -1 -1 0.134558 -0.205751 0.698295 1.72234e+10
-1.5 -0.5 -1 0.154968 -0.198748 0.717339 1.61706e+10
-2 0 -1 0.141657 -0.171945 0.77033 1.3761e+10
-1.5 0.5 -1 0.152986 -0.166915 0.783882 1.33096e+10
-2 1 -1 0.132532 -0.141882 0.837426 1.15429e+10
-1.5 1.5 -1 0.138041 -0.138041 0.842529 1.14312e+10
-0.5 -1.5 -1 0.166454 -0.251072 0.617589 2.28682e+10
-1 -1 -1 0.163495 -0.225393 0.665715 1.91863e+10
-0.5 -0.5 -1 0.18443 -0.214193 0.676169 1.83477e+10
-1 0 -1 0.170387 -0.191053 0.729365 1.55585e+10
-0.5 0.5 -1 0.181983 -0.181983 0.733476 1.53577e+10
-1 1 -1 0.160976 -0.160976 0.788505 1.31611e+10
-0.5 1.5 -1 0.166915 -0.152986 0.783882 1.33096e+10
0.5 -1.5 -1 0.199746 -0.255138 0.582191 2.56574e+10
0 -1 -1 0.19455 -0.235839 0.626406 2.17148e+10
0.5 -0.5 -1 0.217344 -0.217344 0.629432 2.13383e+10
0 0 -1 0.200918 -0.200918 0.67975 1.80733e+10
0.5 0.5 -1 0.214193 -0.18443 0.676169 1.83477e+10
0 1 -1 0.191053 -0.170387 0.729365 1.55585e+10
0.5 1.5 -1 0.198748 -0.154968 0.717339 1.61706e+10
1.5 -1.5 -1 0.239001 -0.239001 0.547565 2.9398e+10
1 -1 -1 0.230456 -0.230456 0.584615 2.51421e+10
1.5 -0.5 -1 0.255138 -0.199746 0.582191 2.56574e+10
1 0 -1 0.235839 -0.19455 0.626406 2.17148e+10
1.5 0.5 -1 0.251072 -0.166454 0.617589 2.28682e+10
1 1 -1 0.225393 -0.163495 0.665715 1.91863e+10
1.5 1.5 -1 0.235186 -0.136992 0.649243 2.06368e+10
2.5 -1.5 -1 0.281611 -0.187718 0.519893 3.49028e+10
2 -1 -1 0.271029 -0.198256 0.545815 3.00987e+10
2.5 -0.5 -1 0.294554 -0.149387 0.540729 3.22572e+10
2 0 -1 0.274556 -0.162549 0.575139 2.72412e+10
2.5 0.5 -1 0.289372 -0.11829 0.564204 3.00192e+10
2 1 -1 0.263697 -0.132101 0.603784 2.48762e+10
2.5 1.5 -1 0.273492 -0.0911361 0.586011 2.78847e+10
-2.25 -1.25 -0.75 -0.116907 -0.121269 0.716219 5.28171e+09
-2.25 -0.25 -0.75 -0.0863235 -0.083127 0.785324 4.16034e+09
-2.25 0.75 -0.75 -0.0572262 -0.0458951 0.850836 3.46392e+09
-1.25 -1.25 -0.75 -0.0683616 -0.106051 0.70203 5.67046e+09
-1.75 -0.75 -0.75 -0.0775911 -0.0924156 0.74325 4.83275e+09
-1.25 -0.25 -0.75 -0.0398711 -0.0616377 0.762623 4.54773e+09
-1.75 0.25 -0.75 -0.0496357 -0.0518448 0.807325 3.94265e+09
-1.25 0.75 -0.75 -0.01443 -0.0193337 0.818774 3.8367e+09
-1.75 1.25 -0.75 -0.021827 -0.0125321 0.863502 3.38128e+09
-0.25 -1.25 -0.75 -0.0170664 -0.0919736 0.676935 6.19115e+09
-0.75 -0.75 -0.75 -0.028607 -0.0752304 0.718588 5.29331e+09
-0.25 -0.25 -0.75 0.0083574 -0.0428076 0.727176 5.11185e+09
-0.75 0.25 -0.75 -0.00423358 -0.029487 0.772699 4.40979e+09
-0.25 0.75 -0.75 0.029487 0.00423358 0.772699 4.40979e+09
-0.75 1.25 -0.75 0.0193337 0.01443 0.818774 3.8367e+09
0.75 -1.25 -0.75 0.0368574 -0.0760911 0.644774 6.92469e+09
0.25 -0.75 -0.75 0.0224592 -0.0586346 0.68395 5.95062e+09
0.75 -0.25 -0.75 0.0586346 -0.0224592 0.68395 5.95062e+09
0.25 0.25 -0.75 0.0428076 -0.0083574 0.727176 5.11185e+09
0.75 0.75 -0.75 0.0752304 0.028607 0.718588 5.29331e+09
0.25 1.25 -0.75 0.0616377 0.0398711 0.762623 4.54773e+09
1.75 -1.25 -0.75 0.0938114 -0.0497262 0.611555 8.01953e+09
1.25 -0.75 -0.75 0.0760911 -0.0368574 0.644774 6.92469e+09
1.75 -0.25 -0.75 0.111088 0.00692295 0.639382 7.24472e+09
1.25 0.25 -0.75 0.0919736 0.0170664 0.676935 6.19115e+09
1.75 0.75 -0.75 0.123178 0.0602088 0.663306 6.69368e+09
1.25 1.25 -0.75 0.106051 0.0683616 0.70203 5.67046e+09
2.25 -0.75 -0.75 0.1313 0.000817642 0.607813 8.44668e+09
2.25 0.25 -0.75 0.142905 0.055238 0.62872 7.91613e+09
2.25 1.25 -0.75 0.152018 0.106203 0.644136 7.50028e+09
-2.5 -1 -0.5 0.0692816 -0.182736 0.713854 2.20499e+10
-2.5 0 -0.5 0.083793 -0.149317 0.788844 1.76498e+10
-2.5 1 -0.5 0.0842453 -0.117444 0.858716 1.48624e+10
-2 -1.5 -0.5 0.0717987 -0.207345 0.667437 2.62075e+10
-1.5 -1 -0.5 0.103275 -0.195627 0.689246 2.41311e+10
-2 -0.5 -0.5 0.0956629 -0.172194 0.738791 2.05237e+10
-1.5 0 -0.5 0.117089 -0.160866 0.756469 1.95434e+10
-2 0.5 -0.5 0.10196 -0.139214 0.808577 1.69155e+10
-1.5 1 -0.5 0.116515 -0.128562 0.81878 1.65553e+10
-2 1.5 -0.5 0.0970124 -0.107723 0.869861 1.45863e+10
-1 -1.5 -0.5 0.105837 -0.218841 0.642276 2.85443e+10
-0.5 -1 -0.5 0.137644 -0.203307 0.655629 2.67484e+10
-1 -0.5 -0.5 0.129175 -0.182398 0.704782 2.28078e+10
-0.5 0 -0.5 0.150204 -0.167551 0.712855 2.21645e+10
-1 0.5 -0.5 0.134325 -0.14853 0.765632 1.90647e+10
-0.5 1 -0.5 0.14853 -0.134325 0.765632 1.90647e+10
-1 1.5 -0.5 0.128562 -0.116515 0.81878 1.65553e+10
0 -1.5 -0.5 0.141409 -0.222686 0.611041 3.13539e+10
0.5 -1 -0.5 0.174069 -0.200839 0.616836 3.01794e+10
0 -0.5 -0.5 0.163732 -0.18524 0.662582 2.58791e+10
0.5 0 -0.5 0.18524 -0.163732 0.662582 2.58791e+10
0 0.5 -0.5 0.167551 -0.150204 0.712855 2.21645e+10
0.5 1 -0.5 0.182398 -0.129175 0.704782 2.28078e+10
0 1.5 -0.5 0.160866 -0.117089 0.756469 1.95434e+10
1 -1.5 -0.5 0.179895 -0.213204 0.577703 3.4951e+10
1.5 -1 -0.5 0.213204 -0.179895 0.577703 3.4951e+10
1 -0.5 -0.5 0.200839 -0.174069 0.616836 3.01794e+10
1.5 0 -0.5 0.222686 -0.141409 0.611041 3.13539e+10
1 0.5 -0.5 0.203307 -0.137644 0.655629 2.67484e+10
1.5 1 -0.5 0.218841 -0.105837 0.642276 2.85443e+10
1 1.5 -0.5 0.195627 -0.103275 0.689246 2.41311e+10
2 -1.5 -0.5 0.220746 -0.179117 0.547495 3.99293e+10
2.5 -1 -0.5 0.251408 -0.126878 0.544189 4.20401e+10
2 -0.5 -0.5 0.239235 -0.13877 0.573121 3.65311e+10
2.5 0 -0.5 0.258924 -0.0894556 0.564327 3.98164e+10
2 0.5 -0.5 0.240527 -0.10194 0.599924 3.37893e+10
2.5 1 -0.5 0.254212 -0.0553964 0.584521 3.76769e+10
2 1.5 -0.5 0.231832 -0.0677507 0.623628 3.13856e+10
-2.25 -0.75 -0.25 -0.0270942 -0.13953 0.737539 5.6939e+09
-2.25 0.25 -0.25 -0.008849 -0.0989107 0.809253 4.64151e+09
-2.25 1.25 -0.25 0.00690925 -0.060795 0.872943 3.97816e+09
-1.75 -1.25 -0.25 -0.0162795 -0.160143 0.693656 6.65611e+09
-1.25 -0.75 -0.25 0.0180411 -0.134218 0.715745 6.16445e+09
-1.75 -0.25 -0.25 0.00459443 -0.114688 0.762598 5.32123e+09
-1.25 0.25 -0.25 0.0343175 -0.0889056 0.778474 5.10532e+09
-1.75 0.75 -0.25 0.0198407 -0.0734069 0.826926 4.47477e+09
-1.25 1.25 -0.25 0.0471459 -0.0471459 0.832972 4.42002e+09
-0.75 -1.25 -0.25 0.0303966 -0.15722 0.670465 7.18287e+09
-0.25 -0.75 -0.25 0.0656237 -0.12824 0.682471 6.81127e+09
-0.75 -0.25 -0.25 0.0498295 -0.107292 0.729706 5.882e+09
-0.25 0.25 -0.25 0.0793643 -0.0793643 0.734467 5.79008e+09
-0.75 0.75 -0.25 0.0622585 -0.0622585 0.783901 5.03474e+09
-0.25 1.25 -0.25 0.0889056 -0.0343175 0.778474 5.10532e+09
0.25 -1.25 -0.25 0.0802866 -0.150901 0.638523 7.8899e+09
0.75 -0.75 -0.25 0.117085 -0.117085 0.641893 7.73197e+09
0.25 -0.25 -0.25 0.0979745 -0.0979745 0.686542 6.69094e+09
0.75 0.25 -0.25 0.12824 -0.0656237 0.682471 6.81127e+09
0.25 0.75 -0.25 0.107292 -0.0498295 0.729706 5.882e+09
0.75 1.25 -0.25 0.134218 -0.0180411 0.715745 6.16445e+09
1.25 -1.25 -0.25 0.135614 -0.135614 0.602265 8.88599e+09
1.75 -0.75 -0.25 0.174512 -0.092114 0.599597 9.09295e+09
1.25 -0.25 -0.25 0.150901 -0.0802866 0.638523 7.8899e+09
1.75 0.25 -0.25 0.182711 -0.0396805 0.628464 8.38035e+09
1.25 0.75 -0.25 0.15722 -0.0303966 0.670465 7.18287e+09
1.75 1.25 -0.25 0.185046 0.00808959 0.651329 7.8359e+09
2.25 -1.25 -0.25 0.197471 -0.0984448 0.567586 1.03688e+10
2.25 -0.25 -0.25 0.209985 -0.0435188 0.591408 9.73857e+09
2.25 0.75 -0.25 0.212817 0.0051002 0.612165 9.2509e+09
-2.5 -1.5 0 0.023378 -0.19781 0.675029 2.92692e+10
-2.5 -0.5 0 0.0517491 -0.163567 0.750545 2.29658e+10
-2.5 0.5 0 0.0639471 -0.129621 0.824467 1.89803e+10
-2.5 1.5 0 0.0657401 -0.0959572 0.889356 1.64373e+10
-1.5 -1.5 0 0.0605699 -0.205881 0.656226 3.14522e+10
-2 -1 0 0.058651 -0.184536 0.702538 2.67794e+10
-1.5 -0.5 0 0.0887378 -0.169527 0.723737 2.50827e+10
-2 0 0 0.0778254 -0.149393 0.774354 2.16953e+10
-1.5 0.5 0 0.0996589 -0.134412 0.789325 2.09538e+10
-2 1 0 0.0835016 -0.115373 0.840946 1.84142e+10
-1.5 1.5 0 0.100301 -0.100301 0.846558 1.82276e+10
-0.5 -1.5 0 0.0987165 -0.208765 0.629438 3.3956e+10
-1 -1 0 0.0960144 -0.18966 0.674778 2.91754e+10
-0.5 -0.5 0 0.125582 -0.171254 0.686492 2.78662e+10
-1 0 0 0.113839 -0.153132 0.737099 2.40997e+10
-0.5 0.5 0 0.134906 -0.134906 0.741659 2.37779e+10
-1 1 0 0.118151 -0.118151 0.79443 2.07102e+10
-0.5 1.5 0 0.134412 -0.0996589 0.789325 2.09538e+10
0.5 -1.5 0 0.138119 -0.20233 0.598064 3.70027e+10
0 -1 0 0.134143 -0.188013 0.639496 3.22132e+10
0.5 -0.5 0 0.163497 -0.163497 0.642927 3.16459e+10
0 0 0 0.150246 -0.150246 0.690492 2.74389e+10
0.5 0.5 0 0.171254 -0.125582 0.686492 2.78662e+10
0 1 0 0.153132 -0.113839 0.737099 2.40997e+10
0.5 1.5 0 0.169527 -0.0887378 0.723737 2.50827e+10
1.5 -1.5 0 0.17875 -0.17875 0.56652 4.09668e+10
1 -1 0 0.173531 -0.173531 0.600921 3.6252e+10
1.5 -0.5 0 0.20233 -0.138119 0.598064 3.70027e+10
1 0 0 0.188013 -0.134143 0.639496 3.22132e+10
1.5 0.5 0 0.208765 -0.0987165 0.629438 3.3956e+10
1 1 0 0.18966 -0.0960144 0.674778 2.91754e+10
1.5 1.5 0 0.205881 -0.0605699 0.656226 3.14522e+10
2.5 -1.5 0 0.217068 -0.123297 0.540252 4.65209e+10
2 -1 0 0.212663 -0.135552 0.564235 4.19538e+10
2.5 -0.5 0 0.23825 -0.0823702 0.557481 4.49749e+10
2 0 0 0.225585 -0.094994 0.589663 3.93088e+10
2.5 0.5 0 0.243728 -0.0434331 0.576352 4.33782e+10
2 1 0 0.226156 -0.0563 0.61352 3.70103e+10
2.5 1.5 0 0.239209 -0.00750478 0.59303 4.15876e+10
-2.25 -1.25 0.25 0.028422 -0.198465 0.686289 7.08012e+09
-2.25 -0.25 0.25 0.0419915 -0.151586 0.762884 5.66481e+09
-2.25 0.75 0.25 0.0480271 -0.110268 0.834511 4.76411e+09
-1.25 -1.25 0.25 0.0701176 -0.206189 0.66558 7.57908e+09
-1.75 -0.75 0.25 0.0574079 -0.177012 0.713891 6.52939e+09
-1.25 -0.25 0.25 0.0841811 -0.154754 0.733581 6.17605e+09
-1.75 0.25 0.25 0.0663 -0.131128 0.784688 5.39427e+09
-1.25 0.75 0.25 0.0889058 -0.110321 0.796024 5.26177e+09
-1.75 1.25 0.25 0.0696172 -0.0902071 0.846905 4.66068e+09
-0.25 -1.25 0.25 0.115117 -0.20936 0.635315 8.20522e+09
-0.75 -0.75 0.25 0.100825 -0.18099 0.683204 7.1153e+09
-0.25 -0.25 0.25 0.128991 -0.1554 0.692303 6.89132e+09
-0.75 0.25 0.25 0.108881 -0.132157 0.743799 6.00415e+09
-0.25 0.75 0.25 0.132157 -0.108881 0.743799 6.00415e+09
-0.75 1.25 0.25 0.110321 -0.0889058 0.796024 5.26177e+09
0.75 -1.25 0.25 0.165845 -0.20335 0.598687 9.04219e+09
0.25 -0.75 0.25 0.148457 -0.179483 0.643345 7.9138e+09
0.75 -0.25 0.25 0.179483 -0.148457 0.643345 7.9138e+09
0.25 0.25 0.25 0.1554 -0.128991 0.692303 6.89132e+09
0.75 0.75 0.25 0.18099 -0.100825 0.683204 7.1153e+09
0.25 1.25 0.25 0.154754 -0.0841811 0.733581 6.17605e+09
1.75 -1.25 0.25 0.226267 -0.17978 0.559973 1.02086e+10
1.25 -0.75 0.25 0.20335 -0.165845 0.598687 9.04219e+09
1.75 -0.25 0.25 0.238898 -0.124859 0.591649 9.41976e+09
1.25 0.25 0.25 0.20936 -0.115117 0.635315 8.20522e+09
1.75 0.75 0.25 0.238583 -0.0785645 0.619587 8.81412e+09
1.25 1.25 0.25 0.206189 -0.0701176 0.66558 7.57908e+09
2.25 -0.75 0.25 0.269103 -0.127669 0.55381 1.06926e+10
2.25 0.25 0.25 0.272903 -0.07959 0.577584 1.02174e+10
2.25 1.25 0.25 0.266423 -0.03856 0.597194 9.78452e+09
-2.5 -1 0.5 0.0207734 -0.183238 0.70904 2.70396e+10
-2.5 0 0.5 0.0442737 -0.147915 0.785784 2.19692e+10
-2.5 1 0.5 0.0548168 -0.112243 0.857038 1.87109e+10
-2 -1.5 0.5 0.0220662 -0.20282 0.663248 3.15394e+10
-1.5 -1 0.5 0.0607607 -0.185972 0.687436 2.90542e+10
-2 -0.5 0.5 0.0544137 -0.166715 0.736232 2.51731e+10
-1.5 0 0.5 0.0832736 -0.148757 0.755486 2.39719e+10
-2 0.5 0.5 0.0700782 -0.130518 0.807089 2.10531e+10
-1.5 1 0.5 0.0924155 -0.112237 0.818103 2.06029e+10
-2 1.5 0.5 0.0756335 -0.0944757 0.869003 1.83608e+10
-1 -1.5 0.5 0.0623099 -0.204816 0.641331 3.35792e+10
-0.5 -1 0.5 0.100968 -0.184289 0.656406 3.14992e+10
-1 -0.5 0.5 0.0938227 -0.166891 0.704588 2.74711e+10
-0.5 0 0.5 0.121754 -0.145718 0.713468 2.67025e+10
-1 0.5 0.5 0.10791 -0.129381 0.765451 2.3385e+10
-0.5 1 0.5 0.129381 -0.10791 0.765451 2.3385e+10
-1 1.5 0.5 0.112237 -0.0924155 0.818103 2.06029e+10
0 -1.5 0.5 0.103542 -0.199715 0.612794 3.5915e+10
0.5 -1 0.5 0.141698 -0.173296 0.619525 3.46154e+10
0 -0.5 0.5 0.133351 -0.160701 0.664203 3.0496e+10
0.5 0 0.5 0.160701 -0.133351 0.664203 3.0496e+10
0 0.5 0.5 0.145718 -0.121754 0.713468 2.67025e+10
0.5 1 0.5 0.166891 -0.0938227 0.704588 2.74711e+10
0 1.5 0.5 0.148757 -0.0832736 0.755486 2.39719e+10
1 -1.5 0.5 0.145154 -0.182146 0.581304 3.87587e+10
1.5 -1 0.5 0.182146 -0.145154 0.581304 3.87587e+10
1 -0.5 0.5 0.173296 -0.141698 0.619525 3.46154e+10
1.5 0 0.5 0.199715 -0.103542 0.612794 3.5915e+10
1 0.5 0.5 0.184289 -0.100968 0.656406 3.14992e+10
1.5 1 0.5 0.204816 -0.0623099 0.641331 3.35792e+10
1 1.5 0.5 0.185972 -0.0607607 0.687436 2.90542e+10
2 -1.5 0.5 0.185335 -0.141669 0.551473 4.2418e+10
2.5 -1 0.5 0.218634 -0.0859997 0.546737 4.45109e+10
2 -0.5 0.5 0.211855 -0.0993829 0.575603 4.04224e+10
2.5 0 0.5 0.235083 -0.0437847 0.564416 4.38989e+10
2 0.5 0.5 0.221648 -0.057603 0.599732 3.86254e+10
2.5 1 0.5 0.238506 -0.00381134 0.581315 4.29785e+10
2 1.5 0.5 0.221952 -0.0170148 0.620085 3.68807e+10
-2.25 -0.75 0.75 0.0909889 -0.206781 0.7123 6.39906e+09
-2.25 0.25 0.75 0.0927525 -0.159628 0.790439 5.29475e+09
-2.25 1.25 0.75 0.0874467 -0.118194 0.859535 4.57914e+09
-1.75 -1.25 0.75 0.104335 -0.242059 0.661294 7.39668e+09
-1.25 -0.75 0.75 0.130486 -0.220339 0.684648 6.90248e+09
-1.75 -0.25 0.75 0.113018 -0.188544 0.73765 6.02281e+09
-1.25 0.25 0.75 0.133171 -0.170266 0.753663 5.80182e+09
-1.75 0.75 0.75 0.110631 -0.143493 0.807829 5.12389e+09
-1.25 1.25 0.75 0.127326 -0.127326 0.813772 5.06741e+09
-0.75 -1.25 0.75 0.143955 -0.254592 0.633288 7.92619e+09
-0.25 -0.75 0.75 0.173498 -0.227907 0.64684 7.55183e+09
-0.75 -0.25 0.75 0.154418 -0.198548 0.699351 6.61455e+09
-0.25 0.25 0.75 0.176802 -0.176802 0.704361 6.52013e+09
-0.75 0.75 0.75 0.151998 -0.151998 0.759133 5.72906e+09
-0.25 1.25 0.75 0.170266 -0.133171 0.753663 5.80182e+09
0.25 -1.25 0.75 0.189333 -0.257742 0.597849 8.58121e+09
0.75 -0.75 0.75 0.224208 -0.224208 0.602098 8.42497e+09
0.25 -0.25 0.75 0.201133 -0.201133 0.651433 7.4296e+09
0.75 0.25 0.75 0.227907 -0.173498 0.64684 7.55183e+09
0.25 0.75 0.75 0.198548 -0.154418 0.699351 6.61455e+09
0.75 1.25 0.75 0.220339 -0.130486 0.684648 6.90248e+09
1.25 -1.25 0.75 0.244649 -0.244649 0.558108 9.442e+09
1.75 -0.75 0.75 0.286973 -0.199768 0.554125 9.6395e+09
1.25 -0.25 0.75 0.257742 -0.189333 0.597849 8.58121e+09
1.75 0.25 0.75 0.290746 -0.151909 0.585203 9.06326e+09
1.25 0.75 0.75 0.254592 -0.143955 0.633288 7.92619e+09
1.75 1.25 0.75 0.280942 -0.111716 0.611607 8.57458e+09
2.25 -1.25 0.75 0.315254 -0.202954 0.517166 1.0606e+10
2.25 -0.25 0.75 0.327704 -0.150867 0.54211 1.0252e+10
2.25 0.75 0.75 0.322705 -0.111069 0.564714 9.90798e+09
-2.5 -1.5 1 -0.0135846 -0.205554 0.665104 2.92818e+10
-2.5 -0.5 1 0.0222682 -0.170084 0.743629 2.348e+10
-2.5 0.5 1 0.0419778 -0.132852 0.819855 1.97073e+10
-2.5 1.5 1 0.0516219 -0.0948093 0.886532 1.7257e+10
-1.5 -1.5 1 0.0285028 -0.206349 0.648447 3.08682e+10
-2 -1 1 0.0279121 -0.188157 0.695162 2.68926e+10
-1.5 -0.5 1 0.0642758 -0.16835 0.718218 2.52489e+10
-2 0 1 0.0545497 -0.150549 0.769166 2.22227e+10
-1.5 0.5 1 0.0826675 -0.129751 0.785197 2.14846e+10
-2 1 1 0.0678686 -0.112471 0.83736 1.91345e+10
-1.5 1.5 1 0.0910656 -0.0910656 0.843319 1.8945e+10
-0.5 -1.5 1 0.0714261 -0.20226 0.623546 3.25088e+10
-1 -1 1 0.0702869 -0.18593 0.669082 2.87263e+10
-0.5 -0.5 1 0.105914 -0.16262 0.682032 2.74924e+10
-1 0 1 0.0955635 -0.146586 0.732698 2.42925e+10
-0.5 0.5 1 0.122619 -0.122619 0.737634 2.39788e+10
-1 1 1 0.107398 -0.107398 0.790658 2.12414e+10
-0.5 1.5 1 0.129751 -0.0826675 0.785197 2.14846e+10
0.5 -1.5 1 0.11486 -0.188315 0.593445 3.4358e+10
0 -1 1 0.112799 -0.177 0.635035 3.0938e+10
0.5 -0.5 1 0.147509 -0.147509 0.638953 3.04274e+10
0 0 1 0.136262 -0.136262 0.686446 2.70894e+10
0.5 0.5 1 0.16262 -0.105914 0.682032 2.74924e+10
0 1 1 0.146586 -0.0955635 0.732698 2.42925e+10
0.5 1.5 1 0.16835 -0.0642758 0.718218 2.52489e+10
1.5 -1.5 1 0.157297 -0.157297 0.56203 3.65061e+10
1 -1 1 0.155069 -0.155069 0.596898 3.37225e+10
1.5 -0.5 1 0.188315 -0.11486 0.593445 3.4358e+10
1 0 1 0.177 -0.112799 0.635035 3.0938e+10
1.5 0.5 1 0.20226 -0.0714261 0.623546 3.25088e+10
1 1 1 0.18593 -0.0702869 0.669082 2.87263e+10
1.5 1.5 1 0.206349 -0.0285028 0.648447 3.08682e+10
2.5 -1.5 1 0.195517 -0.0959001 0.533384 3.89503e+10
2 -1 1 0.195204 -0.109892 0.55899 3.72734e+10
2.5 -0.5 1 0.224716 -0.0514192 0.550065 3.96533e+10
2 0 1 0.215631 -0.0660863 0.583318 3.63192e+10
2.5 0.5 1 0.236738 -0.00808423 0.567095 3.97955e+10
2 1 1 0.223258 -0.0225507 0.605205 3.52641e+10
2.5 1.5 1 0.239206 0.03298 0.581178 3.93592e+10
-2.25 -1.25 1.25 0.134455 -0.267003 0.657406 6.74207e+09
-2.25 -0.25 1.25 0.137199 -0.211315 0.741485 5.51371e+09
-2.25 0.75 1.25 0.128013 -0.164638 0.818654 4.70121e+09
-1.25 -1.25 1.25 0.169096 -0.288645 0.631674 7.18423e+09
-1.75 -0.75 1.25 0.155979 -0.248483 0.686254 6.28403e+09
-1.25 -0.25 1.25 0.175717 -0.22999 0.706663 5.98277e+09
-1.75 0.25 1.25 0.153224 -0.19655 0.763243 5.2822e+09
-1.25 0.75 1.25 0.167981 -0.182185 0.774536 5.16711e+09
-1.75 1.25 1.25 0.140568 -0.152555 0.830712 4.61153e+09
-0.25 -1.25 1.25 0.208412 -0.300887 0.598158 7.67906e+09
-0.75 -0.75 1.25 0.19453 -0.264969 0.651031 6.79168e+09
-0.25 -0.25 1.25 0.218404 -0.241573 0.661032 6.59836e+09
-0.75 0.25 1.25 0.194101 -0.211921 0.717243 5.83369e+09
-0.25 0.75 1.25 0.211921 -0.194101 0.717243 5.83369e+09
-0.75 1.25 1.25 0.182185 -0.167981 0.774536 5.16711e+09
0.75 -1.25 1.25 0.25778 -0.297798 0.559136 8.27262e+09
0.25 -0.75 1.25 0.239968 -0.270473 0.607765 7.43133e+09
0.75 -0.25 1.25 0.270473 -0.239968 0.607765 7.43133e+09
0.25 0.25 1.25 0.241573 -0.218404 0.661032 6.59836e+09
0.75 0.75 1.25 0.264969 -0.19453 0.651031 6.79168e+09
0.25 1.25 1.25 0.22999 -0.175717 0.706663 5.98277e+09
1.75 -1.25 1.25 0.322153 -0.269742 0.516997 9.02059e+09
1.25 -0.75 1.25 0.297798 -0.25778 0.559136 8.27262e+09
1.75 -0.25 1.25 0.337153 -0.215917 0.549675 8.5822e+09
1.25 0.25 1.25 0.300887 -0.208412 0.598158 7.67906e+09
1.75 0.75 1.25 0.330983 -0.174936 0.579455 8.18519e+09
1.25 1.25 1.25 0.288645 -0.169096 0.631674 7.18423e+09
2.25 -0.75 1.25 0.372178 -0.213744 0.507475 9.39913e+09
2.25 0.25 1.25 0.37491 -0.171634 0.53111 9.22108e+09
2.25 1.25 1.25 0.359929 -0.139115 0.55263 8.96472e+09
-2.5 -1 1.5 -0.00450896 -0.194415 0.698696 2.33807e+10
-2.5 0 1.5 0.0257043 -0.156542 0.778608 1.94199e+10
-2.5 1 1.5 0.0427468 -0.116873 0.852285 1.67917e+10
-2 -1.5 1.5 -0.00449825 -0.211301 0.651636 2.66437e+10
-1.5 -1 1.5 0.0400298 -0.190943 0.678183 2.4701e+10
-2 -0.5 1.5 0.0348246 -0.173778 0.727943 2.18778e+10
-1.5 0 1.5 0.069398 -0.15117 0.748551 2.08966e+10
-2 0.5 1.5 0.0571356 -0.134153 0.801151 1.86558e+10
-1.5 1 1.5 0.0851371 -0.110524 0.812787 1.82776e+10
-2 1.5 1.5 0.0691987 -0.0936456 0.864835 1.64937e+10
-1 -1.5 1.5 0.0400614 -0.207448 0.631096 2.7746e+10
-0.5 -1 1.5 0.0845088 -0.1832 0.647966 2.61638e+10
-1 -0.5 1.5 0.0788542 -0.167699 0.696862 2.34455e+10
-0.5 0 1.5 0.112408 -0.141662 0.706514 2.28326e+10
-1 0.5 1.5 0.0997031 -0.126643 0.759196 2.04141e+10
-0.5 1 1.5 0.126643 -0.0997031 0.759196 2.04141e+10
-1 1.5 1.5 0.110524 -0.0851371 0.812787 1.82776e+10
0 -1.5 1.5 0.085126 -0.196598 0.603479 2.88116e+10
0.5 -1 1.5 0.128855 -0.165476 0.611395 2.788e+10
0 -0.5 1.5 0.122479 -0.154954 0.656693 2.53979e+10
0.5 0 1.5 0.154954 -0.122479 0.656693 2.53979e+10
0 0.5 1.5 0.141662 -0.112408 0.706514 2.28326e+10
0.5 1 1.5 0.167699 -0.0788542 0.696862 2.34455e+10
0 1.5 1.5 0.15117 -0.069398 0.748551 2.08966e+10
1 -1.5 1.5 0.130081 -0.171777 0.572245 2.99016e+10
1.5 -1 1.5 0.171777 -0.130081 0.572245 2.99016e+10
1 -0.5 1.5 0.165476 -0.128855 0.611395 2.788e+10
1.5 0 1.5 0.196598 -0.085126 0.603479 2.88116e+10
1 0.5 1.5 0.1832 -0.0845088 0.647966 2.61638e+10
1.5 1 1.5 0.207448 -0.0400614 0.631096 2.7746e+10
1 1.5 1.5 0.190943 -0.0400298 0.678183 2.4701e+10
2 -1.5 1.5 0.17264 -0.124392 0.54087 3.0873e+10
2.5 -1 1.5 0.211241 -0.064146 0.534089 3.20672e+10
2 -0.5 1.5 0.206179 -0.0791948 0.56501 3.09936e+10
2.5 0 1.5 0.23233 -0.0183791 0.551227 3.32796e+10
2 0.5 1.5 0.221996 -0.0333702 0.588242 3.07505e+10
2.5 1 1.5 0.241392 0.0260669 0.56639 3.38096e+10
2 1.5 1.5 0.227521 0.011058 0.607033 3.02202e+10
