449
-2.5 -1 -1.5 -0.301688 -0.461149 0.432617 1.41667e+11
-2.5 0 -1.5 -0.247764 -0.487287 0.482126 1.4181e+11
-2.5 1 -1.5 -0.213216 -0.521646 0.52353 1.40172e+11
-2 -1.5 -1.5 -0.357219 -0.329791 0.417865 9.43357e+10
-1.5 -1 -1.5 -0.375505 -0.224295 0.441153 6.87351e+10
-2 -0.5 -1.5 -0.333304 -0.350201 0.452406 9.75951e+10
-1.5 0 -1.5 -0.370231 -0.247446 0.460655 7.09806e+10
-2 0.5 -1.5 -0.304379 -0.381311 0.485565 9.78898e+10
-1.5 1 -1.5 -0.351279 -0.26792 0.484875 7.09721e+10
-2 1.5 -1.5 -0.274696 -0.40661 0.522166 9.68748e+10
-1 -1.5 -1.5 -0.382621 -0.114488 0.446619 4.93064e+10
-0.5 -1 -1.5 -0.390081 -0.0335823 0.466674 3.89179e+10
-1 -0.5 -1.5 -0.395655 -0.131178 0.455411 5.22946e+10
-0.5 0 -1.5 -0.407528 -0.041156 0.466935 4.08415e+10
-1 0.5 -1.5 -0.396819 -0.143788 0.465973 5.34707e+10
-0.5 1 -1.5 -0.415072 -0.0438789 0.468962 4.16257e+10
-1 1.5 -1.5 -0.389812 -0.153238 0.481429 5.29058e+10
0 -1.5 -1.5 -0.365526 0.0391832 0.490865 2.92466e+10
0.5 -1 -1.5 -0.362786 0.100637 0.512821 2.43098e+10
0 -0.5 -1.5 -0.392586 0.0412487 0.48378 3.14137e+10
0.5 0 -1.5 -0.390436 0.107493 0.498488 2.6125e+10
0 0.5 -1.5 -0.412454 0.0418737 0.47617 3.29544e+10
0.5 1 -1.5 -0.408979 0.117047 0.483637 2.76254e+10
0 1.5 -1.5 -0.421516 0.0503315 0.47037 3.39018e+10
1 -1.5 -1.5 -0.321184 0.142336 0.550915 1.89552e+10
1.5 -1 -1.5 -0.316493 0.182999 0.574348 1.65288e+10
1 -0.5 -1.5 -0.35749 0.153077 0.532239 2.07388e+10
1.5 0 -1.5 -0.349446 0.197218 0.549029 1.81901e+10
1 0.5 -1.5 -0.382954 0.165467 0.511027 2.2442e+10
1.5 1 -1.5 -0.369824 0.216255 0.521264 1.99343e+10
1 1.5 -1.5 -0.396023 0.185261 0.489664 2.40591e+10
2 -1.5 -1.5 -0.271321 0.19962 0.621658 1.32868e+10
2.5 -1 -1.5 -0.26921 0.223191 0.645423 1.20538e+10
2 -0.5 -1.5 -0.31072 0.215739 0.594755 1.47619e+10
2.5 0 -1.5 -0.303898 0.241536 0.611398 1.35234e+10
2 0.5 -1.5 -0.338601 0.234154 0.562736 1.64278e+10
2.5 1 -1.5 -0.32526 0.264398 0.572609 1.53196e+10
2 1.5 -1.5 -0.351348 0.259741 0.528724 1.83806e+10
-2.25 -0.75 -1.25 -0.153998 -0.538987 0.537408 4.05354e+10
-2.25 0.25 -1.25 -0.11802 -0.531366 0.567881 3.99149e+10
-2.25 1.25 -1.25 -0.0721196 -0.534194 0.598776 3.87145e+10
-1.75 -1.25 -1.25 -0.165813 -0.487858 0.538101 2.87574e+10
-1.25 -0.75 -1.25 -0.150156 -0.430454 0.565661 2.12196e+10
-1.75 -0.25 -1.25 -0.140785 -0.472234 0.56559 2.88104e+10
-1.25 0.25 -1.25 -0.134559 -0.401801 0.584262 2.06963e+10
-1.75 0.75 -1.25 -0.112866 -0.458348 0.588644 2.77191e+10
-1.25 1.25 -1.25 -0.118504 -0.372091 0.600887 1.98461e+10
-0.75 -1.25 -1.25 -0.158898 -0.397973 0.567722 1.57211e+10
-0.25 -0.75 -1.25 -0.144306 -0.339049 0.590417 1.21126e+10
-0.75 -0.25 -1.25 -0.141387 -0.364628 0.585166 1.57794e+10
-0.25 0.25 -1.25 -0.129389 -0.298403 0.600187 1.21459e+10
-0.75 0.75 -1.25 -0.128784 -0.326406 0.597111 1.54144e+10
-0.25 1.25 -1.25 -0.119001 -0.256107 0.605018 1.19687e+10
0.25 -1.25 -1.25 -0.14378 -0.327919 0.600731 9.4434e+09
0.75 -0.75 -1.25 -0.124168 -0.275357 0.624393 7.69079e+09
0.25 -0.25 -1.25 -0.127277 -0.28141 0.609267 9.62038e+09
0.75 0.25 -1.25 -0.107048 -0.224988 0.625274 7.89643e+09
0.25 0.75 -1.25 -0.1138 -0.235363 0.611509 9.70921e+09
0.75 1.25 -1.25 -0.0921688 -0.171636 0.620121 8.08335e+09
1.25 -1.25 -1.25 -0.121321 -0.274209 0.644537 6.19698e+09
1.75 -0.75 -1.25 -0.0954746 -0.225403 0.671237 5.30035e+09
1.25 -0.25 -1.25 -0.100728 -0.223148 0.645643 6.45122e+09
1.75 0.25 -1.25 -0.0726918 -0.171232 0.663965 5.59194e+09
1.25 0.75 -1.25 -0.0817606 -0.168543 0.638642 6.72112e+09
1.75 1.25 -1.25 -0.0524456 -0.114637 0.648801 5.96133e+09
2.25 -1.25 -1.25 -0.0930861 -0.228833 0.700508 4.38999e+09
2.25 -0.25 -1.25 -0.0652631 -0.176687 0.694499 4.66884e+09
2.25 0.75 -1.25 -0.0410464 -0.121295 0.678193 5.02961e+09
-2.5 -1.5 -1 -0.227026 -0.502478 0.430676 2.04828e+11
-2.5 -0.5 -1 -0.176126 -0.513539 0.47925 2.05892e+11
-2.5 0.5 -1 -0.130169 -0.53974 0.519327 1.97813e+11
-2.5 1.5 -1 -0.0797868 -0.54164 0.562091 1.79323e+11
-1.5 -1.5 -1 -0.280662 -0.29217 0.458428 1.05747e+11
-2 -1 -1 -0.24524 -0.399025 0.46216 1.47487e+11
-1.5 -0.5 -1 -0.274946 -0.303109 0.47933 1.09086e+11
-2 0 -1 -0.218615 -0.414847 0.492521 1.47074e+11
-1.5 0.5 -1 -0.254859 -0.309204 0.501307 1.06903e+11
-2 1 -1 -0.177419 -0.430793 0.52689 1.40545e+11
-1.5 1.5 -1 -0.228362 -0.319614 0.528235 1.00528e+11
-0.5 -1.5 -1 -0.300289 -0.129856 0.492648 6.06945e+10
-1 -1 -1 -0.296972 -0.204173 0.480397 8.10452e+10
-0.5 -0.5 -1 -0.309311 -0.119551 0.497558 6.30378e+10
-1 0 -1 -0.297816 -0.205858 0.492022 8.18898e+10
-0.5 0.5 -1 -0.315675 -0.113918 0.501061 6.35212e+10
-1 1 -1 -0.288257 -0.205381 0.505681 7.97945e+10
-0.5 1.5 -1 -0.31211 -0.105947 0.507568 6.2438e+10
0.5 -1.5 -1 -0.28388 -0.0117962 0.54147 3.79609e+10
0 -1 -1 -0.303842 -0.0565971 0.514644 4.87861e+10
0.5 -0.5 -1 -0.303819 0.00909186 0.533632 4.02752e+10
0 0 -1 -0.316925 -0.0418612 0.51149 5.05776e+10
0.5 0.5 -1 -0.317685 0.0283027 0.523324 4.19781e+10
0 1 -1 -0.325065 -0.0289071 0.507946 5.12812e+10
0.5 1.5 -1 -0.323163 0.0515501 0.512893 4.30232e+10
1.5 -1.5 -1 -0.250032 0.0651344 0.602859 2.57686e+10
1 -1 -1 -0.2801 0.0434441 0.565067 3.21238e+10
1.5 -0.5 -1 -0.273492 0.0911361 0.586011 2.78847e+10
1 0 -1 -0.299229 0.067004 0.550239 3.42349e+10
1.5 0.5 -1 -0.289372 0.11829 0.564204 3.00192e+10
1 1 -1 -0.310254 0.0925162 0.533008 3.6079e+10
1.5 1.5 -1 -0.294554 0.149387 0.540729 3.22572e+10
2.5 -1.5 -1 -0.2121 0.108436 0.673525 1.87683e+10
2 -1 -1 -0.243492 0.104325 0.627921 2.27863e+10
2.5 -0.5 -1 -0.235186 0.136992 0.649243 2.06368e+10
2 0 -1 -0.263697 0.132101 0.603784 2.48762e+10
2.5 0.5 -1 -0.251072 0.166454 0.617589 2.28682e+10
2 1 -1 -0.274556 0.162549 0.575139 2.72412e+10
2.5 1.5 -1 -0.255138 0.199746 0.582191 2.56574e+10
-2.25 -1.25 -0.75 -0.299628 -0.500551 0.444521 4.876e+10
-2.25 -0.25 -0.75 -0.263483 -0.514991 0.478952 4.88119e+10
-2.25 0.75 -0.75 -0.221467 -0.533825 0.50869 4.52186e+10
-1.25 -1.25 -0.75 -0.268727 -0.365596 0.501622 2.7043e+10
-1.75 -0.75 -0.75 -0.269812 -0.436224 0.490081 3.66016e+10
-1.25 -0.25 -0.75 -0.259042 -0.358955 0.520327 2.69715e+10
-1.75 0.25 -0.75 -0.255748 -0.432204 0.510873 3.49074e+10
-1.25 0.75 -0.75 -0.25442 -0.347673 0.532812 2.56125e+10
-1.75 1.25 -0.75 -0.243228 -0.442278 0.529283 3.23281e+10
-0.25 -1.25 -0.75 -0.234867 -0.266736 0.547485 1.60349e+10
-0.75 -0.75 -0.75 -0.250865 -0.29947 0.532076 2.06516e+10
-0.25 -0.25 -0.75 -0.234006 -0.238106 0.554888 1.61523e+10
-0.75 0.25 -0.75 -0.247982 -0.284142 0.542002 2.03906e+10
-0.25 0.75 -0.75 -0.231895 -0.212638 0.558992 1.59487e+10
-0.75 1.25 -0.75 -0.242406 -0.265653 0.550442 1.94997e+10
0.75 -1.25 -0.75 -0.198718 -0.200757 0.594777 1.03024e+10
0.25 -0.75 -0.75 -0.21699 -0.213163 0.572604 1.28711e+10
0.75 -0.25 -0.75 -0.196186 -0.159959 0.594663 1.06038e+10
0.25 0.25 -0.75 -0.214795 -0.177772 0.573724 1.29992e+10
0.75 0.75 -0.75 -0.191832 -0.116981 0.588583 1.08138e+10
0.25 1.25 -0.75 -0.212004 -0.139728 0.570611 1.29403e+10
1.75 -1.25 -0.75 -0.160311 -0.15329 0.651089 7.1309e+09
1.25 -0.75 -0.75 -0.177153 -0.153371 0.620959 8.67191e+09
1.75 -0.25 -0.75 -0.152018 -0.106203 0.644136 7.50028e+09
1.25 0.25 -0.75 -0.171749 -0.107057 0.613457 9.00398e+09
1.75 0.75 -0.75 -0.142905 -0.055238 0.62872 7.91613e+09
1.25 1.25 -0.75 -0.163599 -0.0569138 0.600099 9.34527e+09
2.25 -0.75 -0.75 -0.134819 -0.110323 0.678893 6.27024e+09
2.25 0.25 -0.75 -0.123178 -0.0602088 0.663306 6.69368e+09
2.25 1.25 -0.75 -0.111088 -0.00692295 0.639382 7.24472e+09
-2.5 -1 -0.5 -0.174678 -0.54401 0.445498 2.30001e+11
-2.5 0 -0.5 -0.124202 -0.56551 0.486509 2.21292e+11
-2.5 1 -0.5 -0.0847716 -0.562921 0.520844 1.84232e+11
-2 -1.5 -0.5 -0.222347 -0.43711 0.440389 1.74722e+11
-1.5 -1 -0.5 -0.238221 -0.345871 0.469777 1.34607e+11
-2 -0.5 -0.5 -0.198152 -0.452813 0.472184 1.76557e+11
-1.5 0 -0.5 -0.22236 -0.348635 0.490741 1.30405e+11
-2 0.5 -0.5 -0.157775 -0.456499 0.502619 1.62136e+11
-1.5 1 -0.5 -0.203782 -0.355244 0.511359 1.19372e+11
-2 1.5 -0.5 -0.140095 -0.469613 0.53004 1.34315e+11
-1 -1.5 -0.5 -0.261645 -0.260109 0.475843 1.01461e+11
-0.5 -1 -0.5 -0.270162 -0.177052 0.500449 7.96703e+10
-1 -0.5 -0.5 -0.255385 -0.251978 0.490824 1.02233e+11
-0.5 0 -0.5 -0.272817 -0.164125 0.50596 7.97466e+10
-1 0.5 -0.5 -0.251674 -0.250355 0.502375 9.8525e+10
-0.5 1 -0.5 -0.269812 -0.155327 0.512392 7.7364e+10
-1 1.5 -0.5 -0.231908 -0.249062 0.520084 9.18722e+10
0 -1.5 -0.5 -0.267476 -0.122498 0.519717 6.20767e+10
0.5 -1 -0.5 -0.267156 -0.0563608 0.544044 5.12204e+10
0 -0.5 -0.5 -0.27673 -0.100445 0.520257 6.40201e+10
0.5 0 -0.5 -0.277512 -0.031057 0.537672 5.29189e+10
0 0.5 -0.5 -0.281658 -0.082638 0.519162 6.4278e+10
0.5 1 -0.5 -0.282669 -0.00646911 0.529416 5.35651e+10
0 1.5 -0.5 -0.280905 -0.0638841 0.518287 6.27666e+10
1 -1.5 -0.5 -0.248524 -0.0267176 0.5749 4.10523e+10
1.5 -1 -0.5 -0.241711 0.02367 0.600871 3.54624e+10
1 -0.5 -0.5 -0.262965 0.00271952 0.565735 4.33286e+10
1.5 0 -0.5 -0.254212 0.0553964 0.584521 3.76769e+10
1 0.5 -0.5 -0.272012 0.0321713 0.552323 4.51125e+10
1.5 1 -0.5 -0.258924 0.0894556 0.564327 3.98164e+10
1 1.5 -0.5 -0.272163 0.0647059 0.537799 4.64244e+10
2 -1.5 -0.5 -0.217145 0.0346633 0.640765 2.91495e+10
2.5 -1 -0.5 -0.207345 0.0717987 0.667437 2.62075e+10
2 -0.5 -0.5 -0.231832 0.0677507 0.623628 3.13856e+10
2.5 0 -0.5 -0.218841 0.105837 0.642276 2.85443e+10
2 0.5 -0.5 -0.240527 0.10194 0.599924 3.37893e+10
2.5 1 -0.5 -0.222686 0.141409 0.611041 3.13539e+10
2 1.5 -0.5 -0.239235 0.13877 0.573121 3.65311e+10
-2.25 -0.75 -0.25 -0.377159 -0.480624 0.389765 5.00203e+10
-2.25 0.25 -0.25 -0.344497 -0.511134 0.4204 4.60429e+10
-2.25 1.25 -0.25 -0.315727 -0.53281 0.4543 4.03368e+10
-1.75 -1.25 -0.25 -0.386247 -0.376374 0.407291 3.85273e+10
-1.25 -0.75 -0.25 -0.365092 -0.300845 0.451517 2.9922e+10
-1.75 -0.25 -0.25 -0.371101 -0.400451 0.431989 3.83121e+10
-1.25 0.25 -0.25 -0.361872 -0.316498 0.466036 2.90885e+10
-1.75 0.75 -0.25 -0.357278 -0.4201 0.452029 3.50638e+10
-1.25 1.25 -0.25 -0.352483 -0.325076 0.4805 2.6425e+10
-0.75 -1.25 -0.25 -0.336564 -0.236942 0.476703 2.34319e+10
-0.25 -0.75 -0.25 -0.316545 -0.180163 0.509448 1.86952e+10
-0.75 -0.25 -0.25 -0.344347 -0.233395 0.48558 2.33525e+10
-0.25 0.25 -0.25 -0.324033 -0.165341 0.512322 1.84996e+10
-0.75 0.75 -0.25 -0.347002 -0.233346 0.493218 2.23622e+10
-0.25 1.25 -0.25 -0.327375 -0.150395 0.514027 1.78586e+10
0.25 -1.25 -0.25 -0.284601 -0.148092 0.536707 1.49432e+10
0.75 -0.75 -0.25 -0.26339 -0.0999474 0.565602 1.24164e+10
0.25 -0.25 -0.25 -0.295104 -0.122743 0.536594 1.51796e+10
0.75 0.25 -0.25 -0.271098 -0.0667736 0.55932 1.26669e+10
0.25 0.75 -0.25 -0.30047 -0.0983191 0.533613 1.51229e+10
0.75 1.25 -0.25 -0.272256 -0.0291572 0.549609 1.27493e+10
1.25 -1.25 -0.25 -0.232996 -0.0900913 0.597983 1.01669e+10
1.75 -0.75 -0.25 -0.210551 -0.0486717 0.626658 8.81217e+09
1.25 -0.25 -0.25 -0.239915 -0.0522748 0.590883 1.05672e+10
1.75 0.25 -0.25 -0.212817 -0.0051002 0.612165 9.2509e+09
1.25 0.75 -0.25 -0.242691 -0.0103173 0.577676 1.08961e+10
1.75 1.25 -0.25 -0.209985 0.0435188 0.591408 9.73857e+09
2.25 -1.25 -0.25 -0.18405 -0.0523503 0.665318 7.38267e+09
2.25 -0.25 -0.25 -0.185046 -0.00808959 0.651329 7.8359e+09
2.25 0.75 -0.25 -0.182711 0.0396805 0.628464 8.38035e+09
-2.5 -1.5 0 -0.20107 -0.549514 0.397433 2.02268e+11
-2.5 -0.5 0 -0.153139 -0.572951 0.439984 1.96428e+11
-2.5 0.5 0 -0.117723 -0.577729 0.473081 1.62107e+11
-2.5 1.5 0 -0.0881702 -0.593975 0.508502 1.13768e+11
-1.5 -1.5 0 -0.234504 -0.381058 0.443475 1.38683e+11
-2 -1 0 -0.19923 -0.471903 0.43887 1.7316e+11
-1.5 -0.5 0 -0.212329 -0.380113 0.467899 1.35251e+11
-2 0 0 -0.166389 -0.48249 0.468154 1.58471e+11
-1.5 0.5 0 -0.198772 -0.385911 0.486368 1.2263e+11
-2 1 0 -0.147986 -0.49062 0.493391 1.30533e+11
-1.5 1.5 0 -0.176842 -0.377286 0.507137 1.01921e+11
-0.5 -1.5 0 -0.255864 -0.224254 0.489175 8.66656e+10
-1 -1 0 -0.244036 -0.292948 0.474026 1.09476e+11
-0.5 -0.5 0 -0.255731 -0.206713 0.49722 8.68738e+10
-1 0 0 -0.235701 -0.286205 0.487452 1.05249e+11
-0.5 0.5 0 -0.253442 -0.193777 0.503274 8.32824e+10
-1 1 0 -0.225307 -0.28158 0.500123 9.55166e+10
-0.5 1.5 0 -0.24529 -0.184861 0.511137 7.66691e+10
0.5 -1.5 0 -0.252161 -0.107291 0.541785 5.6682e+10
0 -1 0 -0.259628 -0.148428 0.515982 7.03695e+10
0.5 -0.5 0 -0.260261 -0.0784807 0.539052 5.82783e+10
0 0 0 -0.263519 -0.125824 0.516536 7.02776e+10
0.5 0.5 0 -0.264171 -0.051513 0.533178 5.85542e+10
0 1 0 -0.263049 -0.107822 0.516536 6.80075e+10
0.5 1.5 0 -0.261438 -0.022309 0.526607 5.73175e+10
1.5 -1.5 0 -0.229544 -0.0273112 0.604145 3.94897e+10
1 -1 0 -0.247705 -0.0467552 0.568889 4.79956e+10
1.5 -0.5 0 -0.239209 0.00750478 0.59303 4.15876e+10
1 0 0 -0.255204 -0.0149924 0.559349 4.95454e+10
1.5 0.5 0 -0.243728 0.0434331 0.576352 4.33782e+10
1 1 0 -0.256232 0.0189433 0.546703 5.03331e+10
1.5 1.5 0 -0.23825 0.0823702 0.557481 4.49749e+10
2.5 -1.5 0 -0.19781 0.023378 0.675029 2.92692e+10
2 -1 0 -0.219298 0.0193352 0.632248 3.48282e+10
2.5 -0.5 0 -0.205881 0.0605699 0.656226 3.14522e+10
2 0 0 -0.226156 0.0563 0.61352 3.70103e+10
2.5 0.5 0 -0.208765 0.0987165 0.629438 3.3956e+10
2 1 0 -0.225585 0.094994 0.589663 3.93088e+10
2.5 1.5 0 -0.20233 0.138119 0.598064 3.70027e+10
-2.25 -1.25 0.25 -0.470009 -0.40963 0.308774 4.21273e+10
-2.25 -0.25 0.25 -0.433142 -0.458506 0.34576 4.01781e+10
-2.25 0.75 0.25 -0.412387 -0.49053 0.378815 3.49439e+10
-1.25 -1.25 0.25 -0.441638 -0.241986 0.385509 2.92774e+10
-1.75 -0.75 0.25 -0.467047 -0.331939 0.354468 3.5526e+10
-1.25 -0.25 0.25 -0.447585 -0.266988 0.399691 2.88255e+10
-1.75 0.25 0.25 -0.445003 -0.383996 0.381005 3.35196e+10
-1.25 0.75 0.25 -0.441393 -0.297673 0.416207 2.65803e+10
-1.75 1.25 0.25 -0.422114 -0.400728 0.408242 2.82343e+10
-0.25 -1.25 0.25 -0.379874 -0.121896 0.464738 1.91974e+10
-0.75 -0.75 0.25 -0.421196 -0.182351 0.429679 2.37387e+10
-0.25 -0.25 0.25 -0.398381 -0.118468 0.466527 1.92508e+10
-0.75 0.25 0.25 -0.429622 -0.193234 0.437389 2.29944e+10
-0.25 0.75 0.25 -0.407074 -0.11743 0.468636 1.8599e+10
-0.75 1.25 0.25 -0.431034 -0.204567 0.446705 2.11586e+10
0.75 -1.25 0.25 -0.314364 -0.0446827 0.537628 1.30254e+10
0.25 -0.75 0.25 -0.356385 -0.0715255 0.500823 1.58855e+10
0.75 -0.25 0.25 -0.33215 -0.0205816 0.531395 1.33545e+10
0.25 0.25 0.25 -0.37348 -0.0561793 0.497004 1.58608e+10
0.75 0.75 0.25 -0.343825 0.00698902 0.52194 1.34167e+10
0.25 1.25 0.25 -0.379599 -0.0384384 0.493394 1.54276e+10
1.75 -1.25 0.25 -0.252552 0.00194158 0.610538 9.33607e+09
1.25 -0.75 0.25 -0.291654 -0.00263565 0.56954 1.11647e+10
1.75 -0.25 0.25 -0.266423 0.03856 0.597194 9.78452e+09
1.25 0.25 0.25 -0.304348 0.0298931 0.5572 1.15054e+10
1.75 0.75 0.25 -0.272903 0.07959 0.577584 1.02174e+10
1.25 1.25 0.25 -0.308705 0.0700958 0.541012 1.17256e+10
2.25 -0.75 0.25 -0.230424 0.0366945 0.640756 8.30939e+09
2.25 0.25 0.25 -0.238583 0.0785645 0.619587 8.81412e+09
2.25 1.25 0.25 -0.238898 0.124859 0.591649 9.41976e+09
-2.5 -1 0.5 -0.175801 -0.548063 0.398236 1.46865e+11
-2.5 0 0.5 -0.160381 -0.575964 0.426697 1.22856e+11
-2.5 1 0.5 -0.122587 -0.581801 0.462726 8.82363e+10
-2 -1.5 0.5 -0.217022 -0.477337 0.39918 1.42278e+11
-1.5 -1 0.5 -0.223537 -0.401143 0.435292 1.21293e+11
-2 -0.5 0.5 -0.18069 -0.48584 0.43128 1.31348e+11
-1.5 0 0.5 -0.202247 -0.401351 0.456389 1.10242e+11
-2 0.5 0.5 -0.169614 -0.494739 0.453368 1.09045e+11
-1.5 1 0.5 -0.191161 -0.398975 0.47396 9.08876e+10
-2 1.5 0.5 -0.144141 -0.49281 0.480334 7.77606e+10
-1 -1.5 0.5 -0.244859 -0.325578 0.449201 1.02349e+11
-0.5 -1 0.5 -0.250644 -0.244127 0.480722 8.38403e+10
-1 -0.5 0.5 -0.234561 -0.313838 0.464325 9.92963e+10
-0.5 0 0.5 -0.248242 -0.227295 0.487649 8.04832e+10
-1 0.5 0.5 -0.225099 -0.309406 0.477168 8.95113e+10
-0.5 1 0.5 -0.245902 -0.216409 0.493309 7.30473e+10
-1 1.5 0.5 -0.222351 -0.301762 0.487972 7.4265e+10
0 -1.5 0.5 -0.254395 -0.189474 0.503448 6.89745e+10
0.5 -1 0.5 -0.253769 -0.119862 0.532825 5.77583e+10
0 -0.5 0.5 -0.256918 -0.165457 0.506717 6.89299e+10
0.5 0 0.5 -0.257782 -0.0911357 0.529212 5.7683e+10
0 0.5 0.5 -0.257048 -0.142819 0.507013 6.62856e+10
0.5 1 0.5 -0.255767 -0.0611937 0.523814 5.5996e+10
0 1.5 0.5 -0.251578 -0.121828 0.508307 6.10079e+10
1 -1.5 0.5 -0.243177 -0.0897344 0.564501 4.79002e+10
1.5 -1 0.5 -0.234717 -0.0337825 0.594113 4.15688e+10
1 -0.5 0.5 -0.249063 -0.0555249 0.558748 4.9214e+10
1.5 0 0.5 -0.238506 0.00381134 0.581315 4.29785e+10
1 0.5 0.5 -0.250899 -0.0212432 0.54865 4.95459e+10
1.5 1 0.5 -0.235083 0.0437847 0.564416 4.38989e+10
1 1.5 0.5 -0.242471 0.0180393 0.537203 4.88586e+10
2 -1.5 0.5 -0.216711 -0.0217744 0.633667 3.50315e+10
2.5 -1 0.5 -0.20282 0.0220662 0.663248 3.15394e+10
2 -0.5 0.5 -0.221952 0.0170148 0.620085 3.68807e+10
2.5 0 0.5 -0.204816 0.0623099 0.641331 3.35792e+10
2 0.5 0.5 -0.221648 0.057603 0.599732 3.86254e+10
2.5 1 0.5 -0.199715 0.103542 0.612794 3.5915e+10
2 1.5 0.5 -0.211855 0.0993829 0.575603 4.04224e+10
-2.25 -0.75 0.75 -0.513515 -0.347933 0.278615 2.98355e+10
-2.25 0.25 0.75 -0.477405 -0.435453 0.320101 2.70825e+10
-2.25 1.25 0.75 -0.402591 -0.487766 0.37447 2.06115e+10
-1.75 -1.25 0.75 -0.51584 -0.2618 0.294218 2.90398e+10
-1.25 -0.75 0.75 -0.511469 -0.209264 0.339934 2.52797e+10
-1.75 -0.25 0.75 -0.507414 -0.309411 0.318774 2.75687e+10
-1.25 0.25 0.75 -0.506948 -0.24635 0.357945 2.35952e+10
-1.75 0.75 0.75 -0.488103 -0.360649 0.349806 2.3808e+10
-1.25 1.25 0.75 -0.498769 -0.27884 0.380252 2.05339e+10
-0.75 -1.25 0.75 -0.475256 -0.122019 0.377973 2.1484e+10
-0.25 -0.75 0.75 -0.451452 -0.070811 0.423596 1.80728e+10
-0.75 -0.25 0.75 -0.494247 -0.143095 0.384672 2.11965e+10
-0.25 0.25 0.75 -0.473741 -0.0775093 0.42402 1.76272e+10
-0.75 0.75 0.75 -0.496389 -0.170979 0.39587 1.97448e+10
-0.25 1.25 0.75 -0.476219 -0.0822464 0.430109 1.63313e+10
0.25 -1.25 0.75 -0.403417 -0.020394 0.466079 1.50411e+10
0.75 -0.75 0.75 -0.379355 0.0236058 0.504315 1.28596e+10
0.25 -0.25 0.75 -0.42813 -0.0156928 0.462211 1.52053e+10
0.75 0.25 0.75 -0.39876 0.0406458 0.495491 1.29653e+10
0.25 0.75 0.75 -0.444217 -0.00525448 0.458326 1.4781e+10
0.75 1.25 0.75 -0.408535 0.0673974 0.485589 1.27395e+10
1.25 -1.25 0.75 -0.329068 0.0419167 0.549352 1.08007e+10
1.75 -0.75 0.75 -0.306032 0.0771118 0.583128 9.5229e+09
1.25 -0.25 0.75 -0.352397 0.0673938 0.537395 1.11555e+10
1.75 0.25 0.75 -0.322705 0.111069 0.564714 9.90798e+09
1.25 0.75 0.75 -0.365561 0.097323 0.522304 1.13428e+10
1.75 1.25 0.75 -0.327704 0.150867 0.54211 1.0252e+10
2.25 -1.25 0.75 -0.262948 0.0761257 0.630924 8.11273e+09
2.25 -0.25 0.75 -0.280942 0.111716 0.611607 8.57458e+09
2.25 0.75 0.75 -0.290746 0.151909 0.585203 9.06326e+09
-2.5 -1.5 1 -0.211455 -0.532202 0.357177 9.83621e+10
-2.5 -0.5 1 -0.18845 -0.567529 0.39116 8.38893e+10
-2.5 0.5 1 -0.168089 -0.568769 0.421912 6.3804e+10
-2.5 1.5 1 -0.139377 -0.614087 0.468728 3.99684e+10
-1.5 -1.5 1 -0.235076 -0.411228 0.402811 9.51329e+10
-2 -1 1 -0.2137 -0.474672 0.390714 9.66412e+10
-1.5 -0.5 1 -0.215151 -0.401629 0.424228 8.80763e+10
-2 0 1 -0.190555 -0.48822 0.418016 8.17507e+10
-1.5 0.5 1 -0.204219 -0.40652 0.442603 7.30789e+10
-2 1 1 -0.177466 -0.487428 0.441803 5.9931e+10
-1.5 1.5 1 -0.208258 -0.410935 0.45953 5.40669e+10
-0.5 -1.5 1 -0.252316 -0.273639 0.459348 7.25757e+10
-1 -1 1 -0.239157 -0.33576 0.438667 8.28982e+10
-0.5 -0.5 1 -0.249229 -0.256055 0.468276 7.01258e+10
-1 0 1 -0.229356 -0.322935 0.451525 7.55402e+10
-0.5 0.5 1 -0.245998 -0.239931 0.474541 6.38596e+10
-1 1 1 -0.231603 -0.324187 0.462401 6.32776e+10
-0.5 1.5 1 -0.243559 -0.220319 0.481133 5.34703e+10
0.5 -1.5 1 -0.253882 -0.15773 0.521276 5.22e+10
0 -1 1 -0.255363 -0.198945 0.492122 6.14571e+10
0.5 -0.5 1 -0.256254 -0.126973 0.520682 5.21563e+10
0 0 1 -0.256846 -0.176427 0.494019 5.90224e+10
0.5 0.5 1 -0.256944 -0.0958294 0.516303 5.0277e+10
0 1 1 -0.253386 -0.149309 0.494594 5.38854e+10
0.5 1.5 1 -0.246246 -0.0589073 0.512433 4.66085e+10
1.5 -1.5 1 -0.235895 -0.0717985 0.589972 3.8275e+10
1 -1 1 -0.249066 -0.0934942 0.553056 4.49436e+10
1.5 -0.5 1 -0.239206 -0.03298 0.581178 3.93592e+10
1 0 1 -0.25069 -0.0571252 0.545679 4.50124e+10
1.5 0.5 1 -0.236738 0.00808423 0.567095 3.97955e+10
1 1 1 -0.245636 -0.0185334 0.53563 4.38963e+10
1.5 1.5 1 -0.224716 0.0514192 0.550065 3.96533e+10
2.5 -1.5 1 -0.205554 -0.0135846 0.665104 2.92818e+10
2 -1 1 -0.223287 -0.0191941 0.621514 3.40167e+10
2.5 -0.5 1 -0.206349 0.0285028 0.648447 3.08682e+10
2 0 1 -0.223258 0.0225507 0.605205 3.52641e+10
2.5 0.5 1 -0.20226 0.0714261 0.623546 3.25088e+10
2 1 1 -0.215631 0.0660863 0.583318 3.63192e+10
2.5 1.5 1 -0.188315 0.11486 0.593445 3.4358e+10
-2.25 -1.25 1.25 -0.544637 -0.276486 0.23228 2.04942e+10
-2.25 -0.25 1.25 -0.511935 -0.365274 0.274169 1.89191e+10
-2.25 0.75 1.25 -0.472659 -0.442868 0.324799 1.51517e+10
-1.25 -1.25 1.25 -0.542499 -0.133507 0.29385 1.9612e+10
-1.75 -0.75 1.25 -0.554099 -0.233441 0.270143 2.03266e+10
-1.25 -0.25 1.25 -0.5569 -0.169147 0.308289 1.87308e+10
-1.75 0.25 1.25 -0.535702 -0.297028 0.301808 1.79407e+10
-1.25 0.75 1.25 -0.542983 -0.233034 0.334698 1.66577e+10
-1.75 1.25 1.25 -0.517537 -0.340798 0.341134 1.43094e+10
-0.25 -1.25 1.25 -0.490034 -0.0155633 0.384015 1.5332e+10
-0.75 -0.75 1.25 -0.530088 -0.089181 0.341057 1.75528e+10
-0.25 -0.25 1.25 -0.515875 -0.0341373 0.385199 1.52343e+10
-0.75 0.25 1.25 -0.550574 -0.116211 0.349226 1.65303e+10
-0.25 0.75 1.25 -0.531938 -0.0418145 0.388937 1.42517e+10
-0.75 1.25 1.25 -0.545492 -0.144404 0.368419 1.45048e+10
0.75 -1.25 1.25 -0.411454 0.0652044 0.479365 1.13983e+10
0.25 -0.75 1.25 -0.468074 0.0293985 0.429603 1.33257e+10
0.75 -0.25 1.25 -0.441464 0.0753181 0.469773 1.15867e+10
0.25 0.25 1.25 -0.490431 0.0257351 0.425931 1.31226e+10
0.75 0.75 1.25 -0.457695 0.090904 0.461205 1.14073e+10
0.25 1.25 1.25 -0.500157 0.0381612 0.425435 1.22747e+10
1.75 -1.25 1.25 -0.334626 0.112517 0.569864 8.60571e+09
1.25 -0.75 1.25 -0.3873 0.10145 0.518719 1.00386e+10
1.75 -0.25 1.25 -0.359929 0.139115 0.55263 8.96472e+09
1.25 0.25 1.25 -0.409737 0.124675 0.504237 1.02107e+10
1.75 0.75 1.25 -0.37491 0.171634 0.53111 9.22108e+09
1.25 1.25 1.25 -0.418379 0.153942 0.488583 1.01841e+10
2.25 -0.75 1.25 -0.312075 0.141617 0.604144 7.78517e+09
2.25 0.25 1.25 -0.330983 0.174936 0.579455 8.18519e+09
2.25 1.25 1.25 -0.337153 0.215917 0.549675 8.5822e+09
-2.5 -1 1.5 -0.240045 -0.551703 0.351066 5.4688e+10
-2.5 0 1.5 -0.208545 -0.570151 0.390753 4.44536e+10
-2.5 1 1.5 -0.17958 -0.602409 0.436786 2.88252e+10
-2 -1.5 1.5 -0.237289 -0.471691 0.359444 6.4472e+10
-1.5 -1 1.5 -0.226949 -0.4029 0.39706 6.27046e+10
-2 -0.5 1.5 -0.203897 -0.463218 0.390037 5.65457e+10
-1.5 0 1.5 -0.216339 -0.397667 0.414629 5.35852e+10
-2 0.5 1.5 -0.205936 -0.486624 0.41142 4.30752e+10
-1.5 1 1.5 -0.21979 -0.411249 0.432598 4.13029e+10
-2 1.5 1.5 -0.173681 -0.525429 0.445624 2.99535e+10
-1 -1.5 1.5 -0.244657 -0.34577 0.413375 6.2233e+10
-0.5 -1 1.5 -0.250811 -0.275365 0.447944 5.55726e+10
-1 -0.5 1.5 -0.239317 -0.33346 0.426605 5.75383e+10
-0.5 0 1.5 -0.248723 -0.258102 0.455394 5.07885e+10
-1 0.5 1.5 -0.230176 -0.322407 0.440025 4.90257e+10
-0.5 1 1.5 -0.248961 -0.238605 0.461443 4.30623e+10
-1 1.5 1.5 -0.237856 -0.317174 0.452378 3.70329e+10
0 -1.5 1.5 -0.258656 -0.228795 0.474549 4.99979e+10
0.5 -1 1.5 -0.258317 -0.159944 0.508951 4.35269e+10
0 -0.5 1.5 -0.256591 -0.202327 0.47923 4.83253e+10
0.5 0 1.5 -0.258937 -0.127021 0.506551 4.20219e+10
0 0.5 1.5 -0.25905 -0.177068 0.479791 4.42123e+10
0.5 1 1.5 -0.253701 -0.089251 0.50293 3.85965e+10
0 1.5 1.5 -0.247634 -0.138254 0.483254 3.76422e+10
1 -1.5 1.5 -0.251845 -0.128651 0.54369 3.80515e+10
1.5 -1 1.5 -0.242645 -0.0681582 0.577343 3.36553e+10
1 -0.5 1.5 -0.253933 -0.0919595 0.539369 3.8095e+10
1.5 0 1.5 -0.241392 -0.0260669 0.56639 3.38096e+10
1 0.5 1.5 -0.250167 -0.0510566 0.531276 3.69027e+10
1.5 1 1.5 -0.23233 0.0183791 0.551227 3.32796e+10
1 1.5 1.5 -0.237532 -0.00783237 0.521542 3.4611e+10
2 -1.5 1.5 -0.228037 -0.0543585 0.618956 2.93145e+10
2.5 -1 1.5 -0.211301 -0.00449825 0.651636 2.66437e+10
2 -0.5 1.5 -0.227521 -0.011058 0.607033 3.02202e+10
2.5 0 1.5 -0.207448 0.0400614 0.631096 2.7746e+10
2 0.5 1.5 -0.221996 0.0333702 0.588242 3.07505e+10
2.5 1 1.5 -0.196598 0.085126 0.603479 2.88116e+10
2 1.5 1.5 -0.206179 0.0791948 0.56501 3.09936e+10
