449
-2.5 -1 -1.5 0.212505 0.734767 0.33932 3.63283e+11
-2.5 0 -1.5 0.291353 0.716691 0.262134 3.39166e+11
-2.5 1 -1.5 0.372741 0.677137 0.174954 2.77186e+11
-2 -1.5 -1.5 0.0848141 0.788826 0.372836 2.7726e+11
-1.5 -1 -1.5 0.11135 0.824359 0.305831 2.53345e+11
-2 -0.5 -1.5 0.243164 0.775506 0.278542 3.2081e+11
-1.5 0 -1.5 0.22013 0.813313 0.211461 2.41266e+11
-2 0.5 -1.5 0.329582 0.746475 0.188343 2.76607e+11
-1.5 1 -1.5 0.31064 0.779706 0.110479 1.90982e+11
-2 1.5 -1.5 0.406598 0.693906 0.0936068 2.08581e+11
-1 -1.5 -1.5 0.0488305 0.840516 0.326072 2.2306e+11
-0.5 -1 -1.5 0.0796664 0.858421 0.262554 1.91914e+11
-1 -0.5 -1.5 0.145246 0.848536 0.237143 2.17801e+11
-0.5 0 -1.5 0.180896 0.853202 0.166449 1.70915e+11
-1 0.5 -1.5 0.247919 0.827262 0.134602 1.83305e+11
-0.5 1 -1.5 0.277984 0.811608 0.0606134 1.27295e+11
-1 1.5 -1.5 0.337877 0.768567 0.0292325 1.2739e+11
0 -1.5 -1.5 0.0115856 0.857262 0.279425 1.57729e+11
0.5 -1 -1.5 0.0441594 0.863603 0.21547 1.22845e+11
0 -0.5 -1.5 0.11282 0.86307 0.195584 1.49638e+11
0.5 0 -1.5 0.141546 0.853081 0.129136 1.05856e+11
0 0.5 -1.5 0.21115 0.839311 0.0967842 1.20005e+11
0.5 1 -1.5 0.233336 0.810653 0.0288775 7.75475e+10
0 1.5 -1.5 0.30002 0.777255 -0.0104023 8.10235e+10
1 -1.5 -1.5 -0.0223556 0.857815 0.224436 9.49477e+10
1.5 -1 -1.5 0.00596909 0.853796 0.165506 6.83598e+10
1 -0.5 -1.5 0.0723218 0.856887 0.152527 8.75894e+10
1.5 0 -1.5 0.0941446 0.837848 0.0914731 5.82285e+10
1 0.5 -1.5 0.163378 0.829788 0.0643708 6.93907e+10
1.5 1 -1.5 0.179299 0.79514 0.0016548 4.33378e+10
1 1.5 -1.5 0.248799 0.769546 -0.0365602 4.76251e+10
2 -1.5 -1.5 -0.0547292 0.84664 0.168153 5.07632e+10
2.5 -1 -1.5 -0.0320417 0.833544 0.115901 3.47591e+10
2 -0.5 -1.5 0.0281727 0.838111 0.108644 4.61079e+10
2.5 0 -1.5 0.0449256 0.812361 0.0534933 2.97364e+10
2 0.5 -1.5 0.110415 0.808195 0.0322808 3.69563e+10
2.5 1 -1.5 0.122499 0.770075 -0.0253103 2.2844e+10
2 1.5 -1.5 0.190503 0.751566 -0.058966 2.63746e+10
-2.25 -0.75 -1.25 0.413822 0.668981 0.225812 6.80295e+10
-2.25 0.25 -1.25 0.484879 0.606008 0.142769 5.77773e+10
-2.25 1.25 -1.25 0.537063 0.50401 0.0598858 4.19206e+10
-1.75 -1.25 -1.25 0.43439 0.676611 0.231887 3.79271e+10
-1.25 -0.75 -1.25 0.496142 0.688529 0.175789 3.45048e+10
-1.75 -0.25 -1.25 0.510179 0.61101 0.129868 3.46347e+10
-1.25 0.25 -1.25 0.58843 0.607439 0.0568739 2.99553e+10
-1.75 0.75 -1.25 0.56998 0.506433 0.035904 2.70048e+10
-1.25 1.25 -1.25 0.66519 0.473053 -0.0576936 2.17095e+10
-0.75 -1.25 -1.25 0.476054 0.706869 0.235896 3.07828e+10
-0.25 -0.75 -1.25 0.540923 0.693625 0.189861 2.68093e+10
-0.75 -0.25 -1.25 0.575649 0.659414 0.11769 2.86936e+10
-0.25 0.25 -1.25 0.643152 0.631888 0.0616837 2.359e+10
-0.75 0.75 -1.25 0.6705 0.556144 -0.0141092 2.29194e+10
-0.25 1.25 -1.25 0.730755 0.511457 -0.0778692 1.74672e+10
0.25 -1.25 -1.25 0.489927 0.705707 0.250424 2.24501e+10
0.75 -0.75 -1.25 0.538974 0.697349 0.19643 1.8253e+10
0.25 -0.25 -1.25 0.592928 0.677885 0.136829 2.18893e+10
0.75 0.25 -1.25 0.633866 0.658633 0.0773462 1.66933e+10
0.25 0.75 -1.25 0.687617 0.60392 0.002714 1.80599e+10
0.75 1.25 -1.25 0.717245 0.576201 -0.0590298 1.30781e+10
1.25 -1.25 -1.25 0.488612 0.696281 0.236404 1.38214e+10
1.75 -0.75 -1.25 0.533693 0.688074 0.178977 1.0578e+10
1.25 -0.25 -1.25 0.581343 0.684057 0.136945 1.39009e+10
1.75 0.25 -1.25 0.61567 0.667599 0.0741192 1.0037e+10
1.25 0.75 -1.25 0.664818 0.637281 0.0139912 1.20395e+10
1.75 1.25 -1.25 0.686816 0.614562 -0.0504805 8.31842e+09
2.25 -1.25 -1.25 0.488977 0.67931 0.203418 7.53797e+09
2.25 -0.25 -1.25 0.571669 0.675831 0.118807 7.69149e+09
2.25 0.75 -1.25 0.641729 0.649301 0.0100808 6.96053e+09
-2.5 -1.5 -1 0.222532 0.701594 0.347615 1.90716e+11
-2.5 -0.5 -1 0.249458 0.736609 0.291018 2.41117e+11
-2.5 0.5 -1 0.32783 0.706199 0.212083 2.12054e+11
-2.5 1.5 -1 0.401701 0.656618 0.125476 1.62195e+11
-1.5 -1.5 -1 0.147947 0.823181 0.308065 1.44813e+11
-2 -1 -1 0.180277 0.783839 0.301466 1.74113e+11
-1.5 -0.5 -1 0.240892 0.813049 0.21974 1.44684e+11
-2 0 -1 0.269901 0.772816 0.217708 1.69029e+11
-1.5 0.5 -1 0.337714 0.777971 0.119707 1.24813e+11
-2 1 -1 0.353815 0.733681 0.120694 1.37344e+11
-1.5 1.5 -1 0.431539 0.701653 0.0143025 8.84181e+10
-0.5 -1.5 -1 0.13054 0.843939 0.281135 9.86501e+10
-1 -1 -1 0.192238 0.835232 0.247085 1.2032e+11
-0.5 -0.5 -1 0.240772 0.835925 0.184051 9.49891e+10
-1 0 -1 0.298157 0.811812 0.144596 1.10002e+11
-0.5 0.5 -1 0.348122 0.791278 0.0743032 7.74689e+10
-1 1 -1 0.397588 0.748833 0.0352948 8.39608e+10
-0.5 1.5 -1 0.436167 0.701065 -0.0387774 5.22965e+10
0.5 -1.5 -1 0.102599 0.850732 0.252795 6.50389e+10
0 -1 -1 0.174313 0.848118 0.223496 8.0377e+10
0.5 -0.5 -1 0.213868 0.840583 0.164138 6.02429e+10
0 0 -1 0.284869 0.822442 0.121461 6.97671e+10
0.5 0.5 -1 0.318619 0.796171 0.060002 4.73453e+10
0 1 -1 0.384511 0.755689 0.00855642 5.08369e+10
0.5 1.5 -1 0.411873 0.709835 -0.0544713 3.18539e+10
1.5 -1.5 -1 0.0687524 0.848802 0.212935 3.81473e+10
1 -1 -1 0.140069 0.848233 0.195133 4.92536e+10
1.5 -0.5 -1 0.17107 0.834536 0.137784 3.4546e+10
1 0 -1 0.245508 0.821421 0.104789 4.1676e+10
1.5 0.5 -1 0.270478 0.79253 0.0459878 2.72164e+10
1 1 -1 0.344528 0.760011 -0.000661296 3.0384e+10
1.5 1.5 -1 0.363956 0.716148 -0.0595009 1.88369e+10
2.5 -1.5 -1 0.035447 0.83886 0.167144 2.02431e+10
2 -1 -1 0.0999909 0.839285 0.158236 2.70789e+10
2.5 -0.5 -1 0.125344 0.820198 0.104726 1.81954e+10
2 0 -1 0.195982 0.811174 0.0813068 2.2894e+10
2.5 0.5 -1 0.215917 0.780047 0.0260868 1.46243e+10
2 1 -1 0.290008 0.755885 -0.0114483 1.71402e+10
2.5 1.5 -1 0.30569 0.714131 -0.0671764 1.05895e+10
-2.25 -1.25 -0.75 0.449114 0.593566 0.222172 2.50204e+10
-2.25 -0.25 -0.75 0.544263 0.530479 0.129043 2.38569e+10
-2.25 0.75 -0.75 0.576314 0.430472 0.0505717 1.9092e+10
-1.25 -1.25 -0.75 0.54776 0.650788 0.202571 2.05135e+10
-1.75 -0.75 -0.75 0.530659 0.575657 0.155009 2.13094e+10
-1.25 -0.25 -0.75 0.641266 0.575379 0.0777917 1.93582e+10
-1.75 0.25 -0.75 0.590953 0.472471 0.0501563 1.81766e+10
-1.25 0.75 -0.75 0.715396 0.443443 -0.0547645 1.55686e+10
-1.75 1.25 -0.75 0.619341 0.361277 -0.0474095 1.41406e+10
-0.25 -1.25 -0.75 0.558111 0.660344 0.249476 1.52619e+10
-0.75 -0.75 -0.75 0.608037 0.63439 0.157428 1.75489e+10
-0.25 -0.25 -0.75 0.669982 0.604267 0.11064 1.45643e+10
-0.75 0.25 -0.75 0.706521 0.537389 0.0133891 1.53638e+10
-0.25 0.75 -0.75 0.763196 0.487189 -0.0460506 1.1778e+10
-0.75 1.25 -0.75 0.774355 0.368221 -0.136567 1.11782e+10
0.75 -1.25 -0.75 0.547309 0.661365 0.283621 1.06963e+10
0.25 -0.75 -0.75 0.611963 0.645685 0.208002 1.30812e+10
0.75 -0.25 -0.75 0.654694 0.63139 0.158428 1.05917e+10
0.25 0.25 -0.75 0.717255 0.57745 0.0621231 1.1696e+10
0.75 0.75 -0.75 0.747734 0.556194 0.00944239 8.92963e+09
0.25 1.25 -0.75 0.798939 0.452433 -0.0983183 8.89617e+09
1.75 -1.25 -0.75 0.531159 0.66239 0.280119 6.53883e+09
1.25 -0.75 -0.75 0.591137 0.655881 0.231399 8.67585e+09
1.75 -0.25 -0.75 0.627438 0.647809 0.173151 6.62211e+09
1.25 0.25 -0.75 0.686766 0.617481 0.101998 8.0763e+09
1.75 0.75 -0.75 0.710078 0.603226 0.041836 5.84605e+09
1.25 1.25 -0.75 0.766726 0.537336 -0.0461727 6.48436e+09
2.25 -0.75 -0.75 0.572364 0.658946 0.222777 5.01507e+09
2.25 0.25 -0.75 0.655953 0.637843 0.111649 4.80347e+09
2.25 1.25 -0.75 0.725968 0.588519 -0.0192162 4.05927e+09
-2.5 -1 -0.5 0.301267 0.67906 0.286548 1.21062e+11
-2.5 0 -0.5 0.345891 0.638958 0.224223 1.14322e+11
-2.5 1 -0.5 0.406903 0.591354 0.143854 9.54518e+10
-2 -1.5 -0.5 0.210428 0.7638 0.302154 8.82681e+10
-1.5 -1 -0.5 0.270575 0.806933 0.233047 7.90086e+10
-2 -0.5 -0.5 0.303759 0.747835 0.222568 9.56198e+10
-1.5 0 -0.5 0.378455 0.768133 0.130875 7.53183e+10
-2 0.5 -0.5 0.387611 0.70027 0.130151 8.40369e+10
-1.5 1 -0.5 0.477539 0.690487 0.0188103 5.9794e+10
-2 1.5 -0.5 0.474395 0.629572 0.024636 6.59768e+10
-1 -1.5 -0.5 0.226778 0.831245 0.263077 6.45842e+10
-0.5 -1 -0.5 0.287459 0.826989 0.204842 5.25237e+10
-1 -0.5 -0.5 0.341018 0.804756 0.159999 6.36307e+10
-0.5 0 -0.5 0.406784 0.779287 0.0906716 4.64807e+10
-1 0.5 -0.5 0.453015 0.738869 0.0443124 5.36709e+10
-0.5 1 -0.5 0.507807 0.682122 -0.0302517 3.40806e+10
-1 1.5 -0.5 0.534553 0.619474 -0.0703181 3.6194e+10
0 -1.5 -0.5 0.219588 0.837319 0.252425 4.28293e+10
0.5 -1 -0.5 0.269355 0.82971 0.199346 3.38779e+10
0 -0.5 -0.5 0.34419 0.810234 0.146761 4.00195e+10
0.5 0 -0.5 0.389172 0.783339 0.0907299 2.85482e+10
0 0.5 -0.5 0.457843 0.738816 0.0276429 3.14515e+10
0.5 1 -0.5 0.49573 0.691865 -0.0314404 2.04572e+10
0 1.5 -0.5 0.548919 0.615703 -0.0979462 2.08735e+10
1 -1.5 -0.5 0.190427 0.839407 0.238926 2.75853e+10
1.5 -1 -0.5 0.229635 0.829688 0.185702 2.05744e+10
1 -0.5 -0.5 0.310203 0.812665 0.145532 2.48875e+10
1.5 0 -0.5 0.342401 0.787687 0.0911871 1.71646e+10
1 0.5 -0.5 0.423261 0.749351 0.035377 1.92739e+10
1.5 1 -0.5 0.449513 0.710217 -0.0191529 1.25193e+10
1 1.5 -0.5 0.523885 0.641657 -0.0870897 1.29798e+10
2 -1.5 -0.5 0.153365 0.838478 0.210843 1.61243e+10
2.5 -1 -0.5 0.185927 0.825185 0.158881 1.13961e+10
2 -0.5 -0.5 0.261602 0.811365 0.132158 1.43846e+10
2.5 0 -0.5 0.287656 0.786028 0.0790072 9.59831e+09
2 0.5 -0.5 0.36808 0.756401 0.0370453 1.13188e+10
2.5 1 -0.5 0.388773 0.720717 -0.0159002 7.25101e+09
2 1.5 -0.5 0.469799 0.667895 -0.0718898 7.93127e+09
-2.25 -0.75 -0.25 0.554729 0.463879 0.140579 1.42406e+10
-2.25 0.25 -0.25 0.558725 0.36653 0.0670753 1.23675e+10
-2.25 1.25 -0.25 0.529554 0.229354 -0.00685344 9.06572e+09
-1.75 -1.25 -0.25 0.559259 0.579876 0.174491 1.25346e+10
-1.25 -0.75 -0.25 0.649433 0.549163 0.117463 1.08639e+10
-1.75 -0.25 -0.25 0.638323 0.490764 0.0647097 1.17488e+10
-1.25 0.25 -0.25 0.732328 0.420139 -0.0290806 9.66502e+09
-1.75 0.75 -0.25 0.670169 0.35135 -0.0496458 9.49579e+09
-1.25 1.25 -0.25 0.75911 0.216806 -0.176223 7.21509e+09
-0.75 -1.25 -0.25 0.612855 0.619498 0.217048 1.01259e+10
-0.25 -0.75 -0.25 0.67095 0.595371 0.175504 8.78068e+09
-0.75 -0.25 -0.25 0.725506 0.524733 0.0617327 9.5932e+09
-0.25 0.25 -0.25 0.778695 0.484024 0.00524521 7.76506e+09
-0.75 0.75 -0.25 0.804577 0.36255 -0.10805 7.84728e+09
-0.25 1.25 -0.25 0.841829 0.303763 -0.175765 5.81315e+09
0.25 -1.25 -0.25 0.59983 0.626073 0.283613 7.49657e+09
0.75 -0.75 -0.25 0.646527 0.612806 0.240455 6.40588e+09
0.25 -0.25 -0.25 0.720093 0.567033 0.130242 7.30241e+09
0.75 0.25 -0.25 0.754264 0.545823 0.0826418 5.84651e+09
0.25 0.75 -0.25 0.814274 0.447431 -0.04698 6.02516e+09
0.75 1.25 -0.25 0.834117 0.424877 -0.092986 4.57114e+09
1.25 -1.25 -0.25 0.570421 0.633808 0.322303 5.18225e+09
1.75 -0.75 -0.25 0.611358 0.631217 0.269503 4.21e+09
1.25 -0.25 -0.25 0.682638 0.602322 0.190293 5.18634e+09
1.75 0.25 -0.25 0.709408 0.593742 0.134735 3.97164e+09
1.25 0.75 -0.25 0.775843 0.531337 0.0322341 4.47359e+09
1.75 1.25 -0.25 0.788953 0.519675 -0.0200354 3.26589e+09
2.25 -1.25 -0.25 0.543978 0.645818 0.321912 3.1824e+09
2.25 -0.25 -0.25 0.64443 0.627573 0.211557 3.22826e+09
2.25 0.75 -0.25 0.728639 0.585533 0.07645 2.89344e+09
-2.5 -1.5 0 0.222304 0.712245 0.320749 6.11659e+10
-2.5 -0.5 0 0.385456 0.638275 0.227697 6.96996e+10
-2.5 0.5 0 0.442947 0.583154 0.148614 6.12362e+10
-2.5 1.5 0 0.495201 0.517808 0.0596334 4.83985e+10
-1.5 -1.5 0 0.280269 0.803645 0.253369 4.03002e+10
-2 -1 0 0.303757 0.755406 0.23983 5.03051e+10
-1.5 -0.5 0 0.391948 0.764548 0.155681 4.08818e+10
-2 0 0 0.412392 0.696574 0.142924 4.9296e+10
-1.5 0.5 0 0.504285 0.681859 0.03903 3.57502e+10
-2 1 0 0.497097 0.620723 0.0373101 4.12756e+10
-1.5 1.5 0 0.583298 0.551764 -0.0745095 2.60126e+10
-0.5 -1.5 0 0.314022 0.822704 0.232022 2.83383e+10
-1 -1 0 0.367301 0.80072 0.184815 3.42829e+10
-0.5 -0.5 0 0.447974 0.773008 0.115273 2.70151e+10
-1 0 0 0.489216 0.732089 0.0660807 3.12776e+10
-0.5 0.5 0 0.565394 0.671522 -0.0140725 2.16662e+10
-1 1 0 0.589318 0.60761 -0.0600078 2.36666e+10
-0.5 1.5 0 0.644563 0.508472 -0.145575 1.42299e+10
0.5 -1.5 0 0.304153 0.821378 0.233855 1.89861e+10
0 -1 0 0.382689 0.803202 0.175707 2.28256e+10
0.5 -0.5 0 0.438759 0.773666 0.121712 1.71557e+10
0 0 0 0.512867 0.728751 0.0510921 1.9398e+10
0.5 0.5 0 0.559628 0.67815 -0.0065072 1.31337e+10
0 1 0 0.61785 0.598714 -0.0840455 1.37817e+10
0.5 1.5 0 0.65553 0.52698 -0.144514 8.64645e+09
1.5 -1.5 0 0.268526 0.823012 0.230969 1.22183e+10
1 -1 0 0.354085 0.804059 0.18411 1.47878e+10
1.5 -0.5 0 0.392801 0.780708 0.134186 1.08107e+10
1 0 0 0.480251 0.739064 0.0703651 1.21955e+10
1.5 0.5 0 0.51102 0.702138 0.0202738 8.33182e+09
1 1 0 0.593296 0.627861 -0.0589162 8.68986e+09
1.5 1.5 0 0.617465 0.580417 -0.106694 5.66993e+09
2.5 -1.5 0 0.226862 0.825328 0.211616 7.19312e+09
2 -1 0 0.306677 0.807854 0.180948 9.06184e+09
2.5 -0.5 0 0.337382 0.786799 0.130422 6.366e+09
2 0 0 0.422852 0.752886 0.0838762 7.51544e+09
2.5 0.5 0 0.446659 0.721858 0.0339379 5.03635e+09
2 1 0 0.534292 0.664215 -0.0284436 5.52876e+09
2.5 1.5 0 0.552426 0.62648 -0.0752106 3.59332e+09
-2.25 -1.25 0.25 0.585768 0.46281 0.167448 8.0363e+09
-2.25 -0.25 0.25 0.611075 0.333327 0.0711102 7.38348e+09
-2.25 0.75 0.25 0.580625 0.175803 -0.0121457 5.86549e+09
-1.25 -1.25 0.25 0.63551 0.568892 0.17976 6.05048e+09
-1.75 -0.75 0.25 0.656937 0.477603 0.101745 6.94047e+09
-1.25 -0.25 0.25 0.735623 0.43773 0.0256427 5.62201e+09
-1.75 0.25 0.25 0.706852 0.315816 -0.0318859 6.04854e+09
-1.25 0.75 0.25 0.784546 0.232136 -0.145495 4.62805e+09
-1.75 1.25 0.25 0.696421 0.0921734 -0.164074 4.58738e+09
-0.25 -1.25 0.25 0.643887 0.594996 0.251353 4.98942e+09
-0.75 -0.75 0.25 0.712354 0.532285 0.127947 5.49373e+09
-0.25 -0.25 0.25 0.771541 0.494741 0.0746121 4.83514e+09
-0.75 0.25 0.25 0.810781 0.37525 -0.0554657 4.88623e+09
-0.25 0.75 0.25 0.853848 0.322571 -0.123945 4.00006e+09
-0.75 1.25 0.25 0.83764 0.138925 -0.246487 3.71737e+09
0.75 -1.25 0.25 0.611421 0.602803 0.319366 3.72846e+09
0.25 -0.75 0.25 0.697193 0.568088 0.207052 4.39481e+09
0.75 -0.25 0.25 0.737859 0.544091 0.160141 3.6861e+09
0.25 0.25 0.25 0.810501 0.45836 0.0211818 3.96913e+09
0.75 0.75 0.25 0.833785 0.432872 -0.0271752 3.11971e+09
0.25 1.25 0.25 0.87395 0.283438 -0.180032 3.05557e+09
1.75 -1.25 0.25 0.572366 0.617049 0.355303 2.57258e+09
1.25 -0.75 0.25 0.655159 0.591191 0.273604 3.1897e+09
1.75 -0.25 0.25 0.688598 0.583872 0.22293 2.58682e+09
1.25 0.25 0.25 0.765465 0.528563 0.112211 2.96136e+09
1.75 0.75 0.25 0.783241 0.519315 0.0631539 2.27471e+09
1.25 1.25 0.25 0.846113 0.418834 -0.0697033 2.38033e+09
2.25 -0.75 0.25 0.612641 0.615937 0.302818 2.09165e+09
2.25 0.25 0.25 0.713404 0.57927 0.168556 1.98966e+09
2.25 1.25 0.25 0.794217 0.512845 0.013319 1.67023e+09
-2.5 -1 0.5 0.30234 0.703193 0.265113 3.51684e+10
-2.5 0 0.5 0.397887 0.659789 0.180665 3.44467e+10
-2.5 1 0.5 0.479611 0.592169 0.0807994 2.88744e+10
-2 -1.5 0.5 0.300295 0.774373 0.262835 2.69936e+10
-1.5 -1 0.5 0.403946 0.769918 0.184212 2.1847e+10
-2 -0.5 0.5 0.414204 0.720079 0.168441 2.73719e+10
-1.5 0 0.5 0.528366 0.683979 0.0665129 2.03839e+10
-2 0.5 0.5 0.516963 0.635701 0.0595653 2.43468e+10
-1.5 1 0.5 0.623766 0.545008 -0.0576039 1.61668e+10
-2 1.5 0.5 0.59674 0.501656 -0.0515609 1.80687e+10
-1 -1.5 0.5 0.369909 0.803535 0.216617 1.78789e+10
-0.5 -1 0.5 0.465331 0.772212 0.147319 1.4977e+10
-1 -0.5 0.5 0.507882 0.733107 0.0983354 1.73408e+10
-0.5 0 0.5 0.600216 0.667422 0.012992 1.30077e+10
-1 0.5 0.5 0.626592 0.603757 -0.0360623 1.43764e+10
-0.5 1 0.5 0.6974 0.498222 -0.130385 9.38719e+09
-1 1.5 0.5 0.691832 0.413727 -0.166558 9.8425e+09
0 -1.5 0.5 0.397676 0.800221 0.207671 1.27611e+10
0.5 -1 0.5 0.464773 0.767739 0.153518 1.02334e+10
0 -0.5 0.5 0.543489 0.724401 0.0808337 1.16782e+10
0.5 0 0.5 0.599456 0.669993 0.0216287 8.42858e+09
0 0.5 0.5 0.664782 0.590368 -0.061616 8.99006e+09
0.5 1 0.5 0.707153 0.514645 -0.124226 5.90767e+09
0 1.5 0.5 0.742029 0.389598 -0.21006 5.82564e+09
1 -1.5 0.5 0.377025 0.796915 0.218984 8.72776e+09
1.5 -1 0.5 0.422789 0.772836 0.172231 6.75747e+09
1 -0.5 0.5 0.514337 0.730575 0.103303 7.6929e+09
1.5 0 0.5 0.549255 0.693255 0.0564783 5.52537e+09
1 0.5 0.5 0.637338 0.617296 -0.0297593 5.83114e+09
1.5 1 0.5 0.66302 0.570729 -0.0744754 3.96911e+09
1 1.5 0.5 0.735187 0.45044 -0.173949 3.86988e+09
2 -1.5 0.5 0.333506 0.801485 0.224007 5.65772e+09
2.5 -1 0.5 0.368402 0.782799 0.176898 4.19891e+09
2 -0.5 0.5 0.456934 0.746217 0.12584 4.9595e+09
2.5 0 0.5 0.482868 0.71813 0.0795187 3.4911e+09
2 0.5 0.5 0.574263 0.65751 0.0117762 3.84507e+09
2.5 1 0.5 0.592834 0.623665 -0.0311526 2.60993e+09
2 1.5 0.5 0.680776 0.53078 -0.11403 2.67064e+09
-2.25 -0.75 0.75 0.651536 0.343132 0.109976 4.30823e+09
-2.25 0.25 0.75 0.637772 0.170807 0.0112012 3.62667e+09
-2.25 1.25 0.75 0.586003 0.0200283 -0.0857483 2.95448e+09
-1.75 -1.25 0.75 0.666636 0.493715 0.165937 3.85233e+09
-1.25 -0.75 0.75 0.728596 0.464828 0.0969049 3.26679e+09
-1.75 -0.25 0.75 0.744331 0.329766 0.0129551 3.58661e+09
-1.25 0.25 0.75 0.805282 0.263615 -0.0903711 2.88437e+09
-1.75 0.75 0.75 0.748259 0.101474 -0.139149 2.92644e+09
-1.25 1.25 0.75 0.782271 -0.0170017 -0.27858 2.21504e+09
-0.75 -1.25 0.75 0.667504 0.559925 0.211079 3.01166e+09
-0.25 -0.75 0.75 0.734065 0.517658 0.155146 2.78838e+09
-0.75 -0.25 0.75 0.79429 0.412957 0.0204004 2.86646e+09
-0.25 0.25 0.75 0.843616 0.357279 -0.0521064 2.51532e+09
-0.75 0.75 0.75 0.851003 0.184583 -0.192926 2.38989e+09
-0.25 1.25 0.75 0.87414 0.123427 -0.270952 1.95918e+09
0.25 -1.25 0.75 0.647201 0.576239 0.284244 2.51129e+09
0.75 -0.75 0.75 0.698619 0.548675 0.237299 2.2331e+09
0.25 -0.25 0.75 0.783545 0.478357 0.100223 2.46914e+09
0.75 0.25 0.75 0.815533 0.448122 0.0486348 2.05347e+09
0.25 0.75 0.75 0.870733 0.316072 -0.112373 2.08419e+09
0.75 1.25 0.75 0.883118 0.290512 -0.159837 1.62691e+09
1.25 -1.25 0.75 0.606256 0.585584 0.34627 1.89205e+09
1.75 -0.75 0.75 0.649832 0.574869 0.300487 1.61779e+09
1.25 -0.25 0.75 0.736276 0.528478 0.190004 1.88506e+09
1.75 0.25 0.75 0.762008 0.517158 0.143053 1.51944e+09
1.25 0.75 0.75 0.834331 0.430021 0.00314411 1.63135e+09
1.75 1.25 0.75 0.844557 0.421362 -0.0368681 1.25128e+09
2.25 -1.25 0.75 0.564728 0.604391 0.378698 1.30526e+09
2.25 -0.25 0.75 0.682936 0.569703 0.25126 1.31275e+09
2.25 0.75 0.75 0.779064 0.511791 0.0959638 1.17129e+09
-2.5 -1.5 1 0.290265 0.706363 0.293111 1.59712e+10
-2.5 -0.5 1 0.400484 0.650196 0.210431 1.74799e+10
-2.5 0.5 1 0.492328 0.575205 0.113874 1.57771e+10
-2.5 1.5 1 0.572998 0.467643 0.00155404 1.29072e+10
-1.5 -1.5 1 0.395783 0.784859 0.221174 1.13642e+10
-2 -1 1 0.412518 0.739962 0.202856 1.39773e+10
-1.5 -0.5 1 0.538378 0.696971 0.101879 1.1109e+10
-2 0 1 0.537029 0.645328 0.0911694 1.33698e+10
-1.5 0.5 1 0.656417 0.548628 -0.0314017 9.54047e+09
-2 1 1 0.634695 0.502397 -0.0323795 1.09903e+10
-1.5 1.5 1 0.703745 0.341696 -0.156039 6.61705e+09
-0.5 -1.5 1 0.458537 0.778126 0.183675 8.13043e+09
-1 -1 1 0.510791 0.742942 0.135743 9.44534e+09
-0.5 -0.5 1 0.611375 0.673001 0.0487441 7.52622e+09
-1 0 1 0.649045 0.609844 -0.00344708 8.37275e+09
-0.5 0.5 1 0.727547 0.49929 -0.102739 5.89994e+09
-1 1 1 0.732931 0.409949 -0.14662 6.22678e+09
-0.5 1.5 1 0.777149 0.255582 -0.253088 3.90336e+09
0.5 -1.5 1 0.468301 0.765955 0.185506 5.97791e+09
0 -1 1 0.54874 0.726241 0.115072 6.79256e+09
0.5 -0.5 1 0.614746 0.667547 0.0532547 5.29683e+09
0 0 1 0.685766 0.590622 -0.0304981 5.65179e+09
0.5 0.5 1 0.733597 0.511112 -0.0966291 4.00035e+09
0 1 1 0.777721 0.386767 -0.188512 3.97388e+09
0.5 1.5 1 0.805942 0.291227 -0.253949 2.60946e+09
1.5 -1.5 1 0.435029 0.7661 0.205109 4.16469e+09
1 -1 1 0.52725 0.72538 0.134752 4.78893e+09
1.5 -0.5 1 0.567943 0.685603 0.0889854 3.62767e+09
1 0 1 0.658362 0.611265 0.000467486 3.89015e+09
1.5 0.5 1 0.685838 0.563046 -0.0432718 2.76532e+09
1 1 1 0.762215 0.444397 -0.147835 2.74438e+09
1.5 1.5 1 0.779692 0.395133 -0.184972 1.8776e+09
2.5 -1.5 1 0.384919 0.776004 0.216645 2.72255e+09
2 -1 1 0.474508 0.738512 0.161707 3.22444e+09
2.5 -0.5 1 0.503044 0.711348 0.119128 2.38471e+09
2 0 1 0.595321 0.649617 0.0472609 2.64421e+09
2.5 0.5 1 0.614346 0.61776 0.00809135 1.87427e+09
2 1 1 0.703481 0.524297 -0.0799304 1.93549e+09
2.5 1.5 1 0.715432 0.493246 -0.112015 1.33676e+09
-2.25 -1.25 1.25 0.653671 0.412621 0.174771 2.27315e+09
-2.25 -0.25 1.25 0.704586 0.237589 0.0462993 2.13407e+09
-2.25 0.75 1.25 0.668318 0.0304308 -0.0746831 1.75464e+09
-1.25 -1.25 1.25 0.683947 0.512915 0.189216 1.81274e+09
-1.75 -0.75 1.25 0.726932 0.371981 0.0891576 1.90741e+09
-1.25 -0.25 1.25 0.798059 0.320344 -0.0123626 1.68769e+09
-1.75 0.25 1.25 0.766009 0.139 -0.0901389 1.68941e+09
-1.25 0.75 1.25 0.815913 0.043685 -0.226963 1.41443e+09
-1.75 1.25 1.25 0.682226 -0.143814 -0.256534 1.33027e+09
-0.25 -1.25 1.25 0.666686 0.550486 0.238437 1.54811e+09
-0.75 -0.75 1.25 0.750224 0.464514 0.110587 1.64948e+09
-0.25 -0.25 1.25 0.807439 0.406137 0.034321 1.49945e+09
-0.75 0.25 1.25 0.846663 0.247861 -0.113938 1.47175e+09
-0.25 0.75 1.25 0.874315 0.185952 -0.199695 1.26828e+09
-0.75 1.25 1.25 0.82835 -0.040264 -0.341036 1.16117e+09
0.75 -1.25 1.25 0.636681 0.558905 0.305962 1.29462e+09
0.25 -0.75 1.25 0.730511 0.504484 0.180448 1.44517e+09
0.75 -0.25 1.25 0.776973 0.467106 0.12696 1.28222e+09
0.25 0.25 1.25 0.846793 0.356905 -0.0316821 1.32375e+09
0.75 0.75 1.25 0.869069 0.323992 -0.0849781 1.10388e+09
0.25 1.25 1.25 0.886962 0.144231 -0.261165 1.054e+09
1.75 -1.25 1.25 0.595116 0.569935 0.362849 9.77637e+08
1.25 -0.75 1.25 0.688435 0.531856 0.260379 1.15358e+09
1.75 -0.25 1.25 0.72587 0.514728 0.215546 9.75877e+08
1.25 0.25 1.25 0.807276 0.442176 0.0788196 1.07399e+09
1.75 0.75 1.25 0.825641 0.429194 0.0367268 8.59103e+08
1.25 1.25 1.25 0.880097 0.306381 -0.125928 8.73015e+08
2.25 -0.75 1.25 0.639168 0.55989 0.319919 8.33352e+08
2.25 0.25 1.25 0.751805 0.506672 0.171367 7.88016e+08
2.25 1.25 1.25 0.836178 0.424387 -0.000749167 6.61936e+08
-2.5 -1 1.5 0.391743 0.692267 0.239786 8.5958e+09
-2.5 0 1.5 0.509359 0.607323 0.14176 8.36729e+09
-2.5 1 1.5 0.601312 0.482244 0.0271494 7.17901e+09
-2 -1.5 1.5 0.386844 0.75855 0.246388 6.66852e+09
-1.5 -1 1.5 0.525785 0.719158 0.146027 5.72957e+09
-2 -0.5 1.5 0.527494 0.668061 0.137451 6.75251e+09
-1.5 0 1.5 0.664946 0.567294 0.00845296 5.21158e+09
-2 0.5 1.5 0.64606 0.519027 0.0107692 5.97567e+09
-1.5 1 1.5 0.739985 0.34762 -0.13161 4.02825e+09
-2 1.5 1.5 0.695409 0.318313 -0.109576 4.50751e+09
-1 -1.5 1.5 0.489928 0.760417 0.178093 5.02335e+09
-0.5 -1 1.5 0.600549 0.687717 0.08915 4.27342e+09
-1 -0.5 1.5 0.648945 0.628613 0.0373373 4.69715e+09
-0.5 0 1.5 0.736864 0.512811 -0.0663227 3.60196e+09
-1 0.5 1.5 0.757325 0.42065 -0.116587 3.78638e+09
-0.5 1 1.5 0.803771 0.264359 -0.228745 2.5717e+09
-1 1.5 1.5 0.772098 0.144552 -0.262044 2.52999e+09
0 -1.5 1.5 0.531987 0.734859 0.151452 3.86323e+09
0.5 -1 1.5 0.608521 0.67178 0.0871221 3.22446e+09
0 -0.5 1.5 0.683389 0.600754 0.00665538 3.44274e+09
0.5 0 1.5 0.73738 0.516541 -0.0630161 2.62518e+09
0 0.5 1.5 0.789851 0.397182 -0.156119 2.61787e+09
0.5 1 1.5 0.818573 0.299159 -0.225332 1.84625e+09
0 1.5 1.5 0.822229 0.126048 -0.318787 1.72184e+09
1 -1.5 1.5 0.521992 0.724777 0.165088 2.90641e+09
1.5 -1 1.5 0.570653 0.681406 0.119081 2.33229e+09
1 -0.5 1.5 0.660036 0.611026 0.0321393 2.53239e+09
1.5 0 1.5 0.691832 0.559246 -0.0126939 1.8969e+09
1 0.5 1.5 0.768964 0.445967 -0.117048 1.91634e+09
1.5 1 1.5 0.786335 0.39419 -0.155497 1.36635e+09
1 1.5 1.5 0.832963 0.22975 -0.271323 1.28191e+09
2 -1.5 1.5 0.478777 0.732274 0.192374 2.05129e+09
2.5 -1 1.5 0.51158 0.70406 0.152776 1.59283e+09
2 -0.5 1.5 0.602608 0.643053 0.078554 1.78427e+09
2.5 0 1.5 0.623351 0.610942 0.0421643 1.31926e+09
2 0.5 1.5 0.710734 0.518989 -0.0484358 1.38155e+09
2.5 1 1.5 0.722517 0.488929 -0.0779284 9.89024e+08
2 1.5 1.5 0.796632 0.360234 -0.181554 9.67242e+08
