449
-2.5 -1 -1.5 -0.145653 -0.815611 0.124625 5.87471e+09
-2.5 0 -1.5 -0.0586113 -0.83595 0.17749 6.27161e+09
-2.5 1 -1.5 0.0271854 -0.840913 0.216007 6.09682e+09
-2 -1.5 -1.5 -0.21276 -0.804488 0.107592 7.68841e+09
-1.5 -1 -1.5 -0.185927 -0.825185 0.158881 1.13961e+10
-2 -0.5 -1.5 -0.117969 -0.832622 0.173277 8.6114e+09
-1.5 0 -1.5 -0.0845699 -0.842101 0.222724 1.20601e+10
-2 0.5 -1.5 -0.0243954 -0.842514 0.223709 8.69482e+09
-1.5 1 -1.5 0.0157571 -0.84014 0.270737 1.13762e+10
-2 1.5 -1.5 0.0678449 -0.836575 0.25942 7.91717e+09
-1 -1.5 -1.5 -0.261602 -0.811365 0.132158 1.43846e+10
-0.5 -1 -1.5 -0.229635 -0.829688 0.185702 2.05744e+10
-1 -0.5 -1.5 -0.153365 -0.838478 0.210843 1.61243e+10
-0.5 0 -1.5 -0.114296 -0.842784 0.263023 2.14192e+10
-1 0.5 -1.5 -0.045029 -0.842502 0.272785 1.58974e+10
-0.5 1 -1.5 -0.000539143 -0.832879 0.322886 1.94991e+10
-1 1.5 -1.5 0.0605367 -0.827893 0.318304 1.39015e+10
0 -1.5 -1.5 -0.310203 -0.812665 0.145532 2.48875e+10
0.5 -1 -1.5 -0.269355 -0.82971 0.199346 3.38779e+10
0 -0.5 -1.5 -0.190427 -0.839407 0.238926 2.75853e+10
0.5 0 -1.5 -0.14444 -0.839487 0.29093 3.42462e+10
0 0.5 -1.5 -0.069672 -0.837154 0.314571 2.63867e+10
0.5 1 -1.5 -0.0221986 -0.821825 0.363841 3.00315e+10
0 1.5 -1.5 0.0463698 -0.813162 0.37192 2.21364e+10
1 -1.5 -1.5 -0.34419 -0.810234 0.146761 4.00195e+10
1.5 -1 -1.5 -0.287459 -0.826989 0.204842 5.25237e+10
1 -0.5 -1.5 -0.219588 -0.837319 0.252425 4.28293e+10
1.5 0 -1.5 -0.16548 -0.83586 0.303141 5.07637e+10
1 0.5 -1.5 -0.0949808 -0.830521 0.339725 3.94136e+10
1.5 1 -1.5 -0.0428632 -0.809437 0.385533 4.13695e+10
1 1.5 -1.5 0.0257639 -0.795641 0.410545 3.13495e+10
2 -1.5 -1.5 -0.341018 -0.804756 0.159999 6.36307e+10
2.5 -1 -1.5 -0.270575 -0.806933 0.233047 7.90086e+10
2 -0.5 -1.5 -0.226778 -0.831245 0.263077 6.45842e+10
2.5 0 -1.5 -0.159781 -0.810865 0.319601 7.01303e+10
2 0.5 -1.5 -0.106423 -0.818739 0.351555 5.44286e+10
2.5 1 -1.5 -0.060433 -0.79443 0.396475 5.7258e+10
2 1.5 -1.5 0.000257058 -0.783832 0.426339 4.19422e+10
-2.25 -0.75 -1.25 -0.526118 -0.65669 0.296843 1.7682e+09
-2.25 0.25 -1.25 -0.423604 -0.662035 0.362605 1.59499e+09
-2.25 1.25 -1.25 -0.311251 -0.660059 0.402844 1.33198e+09
-1.75 -1.25 -1.25 -0.583301 -0.645712 0.264543 2.44813e+09
-1.25 -0.75 -1.25 -0.543978 -0.645818 0.321912 3.1824e+09
-1.75 -0.25 -1.25 -0.481206 -0.654746 0.351406 2.28879e+09
-1.25 0.25 -1.25 -0.428609 -0.64876 0.40225 2.80731e+09
-1.75 0.75 -1.25 -0.36638 -0.654325 0.409843 1.95322e+09
-1.25 1.25 -1.25 -0.303532 -0.639439 0.453431 2.26088e+09
-0.75 -1.25 -1.25 -0.611358 -0.631217 0.269503 4.21e+09
-0.25 -0.75 -1.25 -0.570421 -0.633808 0.322303 5.18225e+09
-0.75 -0.25 -1.25 -0.4971 -0.643004 0.374919 3.90995e+09
-0.25 0.25 -1.25 -0.444272 -0.635881 0.421911 4.51551e+09
-0.75 0.75 -1.25 -0.370338 -0.636686 0.448381 3.24437e+09
-0.25 1.25 -1.25 -0.309971 -0.616693 0.489312 3.52924e+09
0.25 -1.25 -1.25 -0.646527 -0.612806 0.240455 6.40588e+09
0.75 -0.75 -1.25 -0.59983 -0.626073 0.283613 7.49657e+09
0.25 -0.25 -1.25 -0.522257 -0.634985 0.367819 5.99931e+09
0.75 0.25 -1.25 -0.470063 -0.634017 0.404957 6.57389e+09
0.25 0.75 -1.25 -0.38888 -0.623277 0.461822 4.9071e+09
0.75 1.25 -1.25 -0.334748 -0.602395 0.494485 4.99916e+09
1.25 -1.25 -1.25 -0.67095 -0.595371 0.175504 8.78068e+09
1.75 -0.75 -1.25 -0.612855 -0.619498 0.217048 1.01259e+10
1.25 -0.25 -1.25 -0.546478 -0.639899 0.319929 8.42632e+09
1.75 0.25 -1.25 -0.486386 -0.650221 0.346748 8.85845e+09
1.25 0.75 -1.25 -0.415887 -0.628127 0.432999 6.75114e+09
1.75 1.25 -1.25 -0.371174 -0.618204 0.453705 6.83746e+09
2.25 -1.25 -1.25 -0.649433 -0.549163 0.117463 1.08639e+10
2.25 -0.25 -1.25 -0.540243 -0.637462 0.250162 1.07377e+10
2.25 0.75 -1.25 -0.436071 -0.651257 0.368534 9.37722e+09
-2.5 -1.5 -1 -0.285111 -0.788362 0.112456 3.46679e+09
-2.5 -0.5 -1 -0.188659 -0.824691 0.18054 3.88916e+09
-2.5 0.5 -1 -0.0928708 -0.843166 0.234426 3.97372e+09
-2.5 1.5 -1 0.00276906 -0.845426 0.274038 3.69272e+09
-1.5 -1.5 -1 -0.337382 -0.786799 0.130422 6.366e+09
-2 -1 -1 -0.258772 -0.809503 0.161807 5.09485e+09
-1.5 -0.5 -1 -0.226862 -0.825328 0.211616 7.19312e+09
-2 0 -1 -0.155441 -0.836415 0.228594 5.44726e+09
-1.5 0.5 -1 -0.115731 -0.840905 0.276784 7.2348e+09
-2 1 -1 -0.0521445 -0.844251 0.280197 5.24387e+09
-1.5 1.5 -1 -0.00554712 -0.836708 0.326048 6.50277e+09
-0.5 -1.5 -1 -0.392801 -0.780708 0.134186 1.08107e+10
-1 -1 -1 -0.306677 -0.807854 0.180948 9.06184e+09
-0.5 -0.5 -1 -0.268526 -0.823012 0.230969 1.22183e+10
-1 0 -1 -0.188135 -0.834378 0.261261 9.61742e+09
-0.5 0.5 -1 -0.142125 -0.83539 0.31015 1.20212e+10
-1 1 -1 -0.069609 -0.836899 0.324676 9.00341e+09
-0.5 1.5 -1 -0.0186642 -0.823613 0.371547 1.04227e+10
0.5 -1.5 -1 -0.438759 -0.773666 0.121712 1.71557e+10
0 -1 -1 -0.354085 -0.804059 0.18411 1.47878e+10
0.5 -0.5 -1 -0.304153 -0.821378 0.233855 1.89861e+10
0 0 -1 -0.221602 -0.830977 0.279988 1.53986e+10
0.5 0.5 -1 -0.167122 -0.830756 0.327069 1.8051e+10
0 1 -1 -0.0902213 -0.827578 0.357306 1.39529e+10
0.5 1.5 -1 -0.0342535 -0.809747 0.402082 1.49453e+10
1.5 -1.5 -1 -0.447974 -0.773008 0.115273 2.70151e+10
1 -1 -1 -0.382689 -0.803202 0.175707 2.28256e+10
1.5 -0.5 -1 -0.314022 -0.822704 0.232022 2.83383e+10
1 0 -1 -0.244213 -0.830693 0.283046 2.28026e+10
1.5 0.5 -1 -0.174885 -0.827938 0.33032 2.51744e+10
1 1 -1 -0.106025 -0.820152 0.371516 1.94909e+10
1.5 1.5 -1 -0.0466289 -0.800321 0.412948 1.99428e+10
2.5 -1.5 -1 -0.391948 -0.764548 0.155681 4.08818e+10
2 -1 -1 -0.367301 -0.80072 0.184815 3.42829e+10
2.5 -0.5 -1 -0.280269 -0.803645 0.253369 4.03002e+10
2 0 -1 -0.234587 -0.825678 0.28723 3.21319e+10
2.5 0.5 -1 -0.15802 -0.80953 0.341488 3.49095e+10
2 1 -1 -0.10744 -0.812723 0.376056 2.65392e+10
2.5 1.5 -1 -0.0516813 -0.792487 0.416758 2.77729e+10
-2.25 -1.25 -0.75 -0.579623 -0.638923 0.299244 1.22594e+09
-2.25 -0.25 -0.75 -0.475122 -0.654269 0.385163 1.15612e+09
-2.25 0.75 -0.75 -0.358853 -0.663643 0.443623 1.00268e+09
-1.25 -1.25 -0.75 -0.612641 -0.615937 0.302818 2.09165e+09
-1.75 -0.75 -0.75 -0.541029 -0.637161 0.355292 1.59014e+09
-1.25 -0.25 -0.75 -0.494066 -0.634273 0.407357 1.95553e+09
-1.75 0.25 -0.75 -0.422534 -0.649172 0.434902 1.422e+09
-1.25 0.75 -0.75 -0.362352 -0.640675 0.479818 1.65385e+09
-1.75 1.25 -0.75 -0.294726 -0.652837 0.485782 1.16953e+09
-0.25 -1.25 -0.75 -0.655159 -0.591191 0.273604 3.1897e+09
-0.75 -0.75 -0.75 -0.572366 -0.617049 0.355303 2.57258e+09
-0.25 -0.25 -0.75 -0.52354 -0.618908 0.401935 2.98381e+09
-0.75 0.25 -0.75 -0.439233 -0.629648 0.453936 2.26821e+09
-0.25 0.75 -0.75 -0.378595 -0.621855 0.494459 2.47973e+09
-0.75 1.25 -0.75 -0.296984 -0.626913 0.519693 1.81571e+09
0.75 -1.25 -0.75 -0.697193 -0.568088 0.207052 4.39481e+09
0.25 -0.75 -0.75 -0.611421 -0.602803 0.319366 3.72846e+09
0.75 -0.25 -0.75 -0.558433 -0.616914 0.359938 4.15032e+09
0.25 0.25 -0.75 -0.467749 -0.62038 0.442093 3.27001e+09
0.75 0.75 -0.75 -0.407242 -0.618414 0.47557 3.37222e+09
0.25 1.25 -0.75 -0.315261 -0.608046 0.529238 2.55143e+09
1.75 -1.25 -0.75 -0.712354 -0.532285 0.127947 5.49373e+09
1.25 -0.75 -0.75 -0.643887 -0.594996 0.251353 4.98942e+09
1.75 -0.25 -0.75 -0.577977 -0.62009 0.288987 5.30829e+09
1.25 0.25 -0.75 -0.497636 -0.629312 0.39368 4.34674e+09
1.75 0.75 -0.75 -0.442318 -0.632535 0.422028 4.49597e+09
1.25 1.25 -0.75 -0.352214 -0.608851 0.503731 3.37612e+09
2.25 -0.75 -0.75 -0.63551 -0.568892 0.17976 6.05048e+09
2.25 0.25 -0.75 -0.516958 -0.634141 0.321379 5.73114e+09
2.25 1.25 -0.75 -0.403141 -0.622893 0.443324 4.61082e+09
-2.5 -1 -0.5 -0.316822 -0.791149 0.163921 2.3981e+09
-2.5 0 -0.5 -0.214733 -0.82647 0.232459 2.57515e+09
-2.5 1 -0.5 -0.111425 -0.843419 0.286703 2.51497e+09
-2 -1.5 -0.5 -0.396045 -0.760701 0.129367 2.97547e+09
-1.5 -1 -0.5 -0.368402 -0.782799 0.176898 4.19891e+09
-2 -0.5 -0.5 -0.287266 -0.808384 0.211555 3.36592e+09
-1.5 0 -0.5 -0.250933 -0.820969 0.258849 4.50628e+09
-2 0.5 -0.5 -0.176801 -0.834321 0.278871 3.43004e+09
-1.5 1 -0.5 -0.131661 -0.835562 0.324654 4.31178e+09
-2 1.5 -0.5 -0.065367 -0.84055 0.330878 3.15187e+09
-1 -1.5 -0.5 -0.456934 -0.746217 0.12584 4.9595e+09
-0.5 -1 -0.5 -0.422789 -0.772836 0.172231 6.75747e+09
-1 -0.5 -0.5 -0.333506 -0.801485 0.224007 5.65772e+09
-0.5 0 -0.5 -0.289159 -0.815717 0.270327 7.19215e+09
-1 0.5 -0.5 -0.206527 -0.82777 0.305271 5.68664e+09
-0.5 1 -0.5 -0.153893 -0.827576 0.350344 6.70601e+09
-1 1.5 -0.5 -0.0797573 -0.82906 0.369383 5.07267e+09
0 -1.5 -0.5 -0.514337 -0.730575 0.103303 7.6929e+09
0.5 -1 -0.5 -0.464773 -0.767739 0.153518 1.02334e+10
0 -0.5 -0.5 -0.377025 -0.796915 0.218984 8.72776e+09
0.5 0 -0.5 -0.317652 -0.816121 0.266502 1.05785e+10
0 0.5 -0.5 -0.234383 -0.82401 0.315636 8.55164e+09
0.5 1 -0.5 -0.169483 -0.823962 0.35941 9.43579e+09
0 1.5 -0.5 -0.094067 -0.818837 0.393598 7.3445e+09
1 -1.5 -0.5 -0.543489 -0.724401 0.0808337 1.16782e+10
1.5 -1 -0.5 -0.465331 -0.772212 0.147319 1.4977e+10
1 -0.5 -0.5 -0.397676 -0.800221 0.207671 1.27611e+10
1.5 0 -0.5 -0.313996 -0.821368 0.263281 1.47097e+10
1 0.5 -0.5 -0.244693 -0.826392 0.313788 1.1892e+10
1.5 1 -0.5 -0.166274 -0.824326 0.360411 1.2651e+10
1 1.5 -0.5 -0.100385 -0.81403 0.401383 9.80166e+09
2 -1.5 -0.5 -0.507882 -0.733107 0.0983354 1.73408e+10
2.5 -1 -0.5 -0.403946 -0.769918 0.184212 2.1847e+10
2 -0.5 -0.5 -0.369909 -0.803535 0.216617 1.78789e+10
2.5 0 -0.5 -0.270891 -0.811645 0.282873 2.06142e+10
2 0.5 -0.5 -0.224693 -0.825841 0.318369 1.61503e+10
2.5 1 -0.5 -0.141958 -0.811051 0.372454 1.71501e+10
2 1.5 -0.5 -0.0926448 -0.809778 0.405179 1.30088e+10
-2.25 -0.75 -0.25 -0.532005 -0.629897 0.379058 8.11133e+08
-2.25 0.25 -0.25 -0.413428 -0.648753 0.455305 7.35027e+08
-2.25 1.25 -0.25 -0.286616 -0.662384 0.50399 6.16275e+08
-1.75 -1.25 -0.25 -0.605115 -0.603872 0.328471 1.06031e+09
-1.25 -0.75 -0.25 -0.564728 -0.604391 0.378698 1.30526e+09
-1.75 -0.25 -0.25 -0.485233 -0.6275 0.428482 9.99687e+08
-1.25 0.25 -0.25 -0.429518 -0.625819 0.472571 1.16656e+09
-1.75 0.75 -0.25 -0.35315 -0.643909 0.497385 8.60955e+08
-1.25 1.25 -0.25 -0.285742 -0.637008 0.534099 9.55263e+08
-0.75 -1.25 -0.25 -0.649832 -0.574869 0.300487 1.61779e+09
-0.25 -0.75 -0.25 -0.606256 -0.585584 0.34627 1.89205e+09
-0.75 -0.25 -0.25 -0.514844 -0.607714 0.423905 1.52026e+09
-0.25 0.25 -0.25 -0.455615 -0.613542 0.463753 1.67472e+09
-0.75 0.75 -0.25 -0.365723 -0.624145 0.510897 1.28694e+09
-0.25 1.25 -0.25 -0.295904 -0.620076 0.544254 1.34144e+09
0.25 -1.25 -0.25 -0.698619 -0.548675 0.237299 2.2331e+09
0.75 -0.75 -0.25 -0.647201 -0.576239 0.284244 2.51129e+09
0.25 -0.25 -0.25 -0.551482 -0.601502 0.388561 2.10033e+09
0.75 0.25 -0.25 -0.486265 -0.618864 0.427161 2.20104e+09
0.25 0.75 -0.25 -0.388384 -0.619141 0.498842 1.74197e+09
0.75 1.25 -0.25 -0.320836 -0.618421 0.5316 1.7434e+09
1.25 -1.25 -0.25 -0.734065 -0.517658 0.155146 2.78838e+09
1.75 -0.75 -0.25 -0.667504 -0.559925 0.211079 3.01166e+09
1.25 -0.25 -0.25 -0.582171 -0.606092 0.328862 2.66097e+09
1.75 0.25 -0.25 -0.516969 -0.626324 0.372019 2.78755e+09
1.25 0.75 -0.25 -0.420759 -0.628637 0.464026 2.24219e+09
1.75 1.25 -0.25 -0.365704 -0.62167 0.498055 2.22238e+09
2.25 -1.25 -0.25 -0.728596 -0.464828 0.0969049 3.26679e+09
2.25 -0.25 -0.25 -0.602585 -0.589741 0.264902 3.32113e+09
2.25 0.75 -0.25 -0.46384 -0.624246 0.408204 2.84857e+09
-2.5 -1.5 0 -0.439198 -0.734003 0.128245 1.45181e+09
-2.5 -0.5 0 -0.335068 -0.788202 0.209936 1.63639e+09
-2.5 0.5 0 -0.227981 -0.822637 0.278214 1.67996e+09
-2.5 1.5 0 -0.118172 -0.83836 0.331969 1.56983e+09
-1.5 -1.5 0 -0.503044 -0.711348 0.119128 2.38471e+09
-2 -1 0 -0.415398 -0.755711 0.17261 2.02866e+09
-1.5 -0.5 0 -0.384919 -0.776004 0.216645 2.72255e+09
-2 0 0 -0.302362 -0.802952 0.254756 2.18676e+09
-1.5 0.5 0 -0.261519 -0.814058 0.298614 2.7748e+09
-2 1 0 -0.185685 -0.828151 0.321821 2.12536e+09
-1.5 1.5 0 -0.13552 -0.827805 0.364207 2.533e+09
-0.5 -1.5 0 -0.567943 -0.685603 0.0889854 3.62767e+09
-1 -1 0 -0.474508 -0.738512 0.161707 3.22444e+09
-0.5 -0.5 0 -0.435029 -0.7661 0.205109 4.16469e+09
-1 0 0 -0.345191 -0.794314 0.26008 3.47434e+09
-0.5 0.5 0 -0.293931 -0.80941 0.303003 4.17651e+09
-1 1 0 -0.211305 -0.8204 0.341259 3.31361e+09
-0.5 1.5 0 -0.151598 -0.82028 0.382546 3.69917e+09
0.5 -1.5 0 -0.614746 -0.667547 0.0532547 5.29683e+09
0 -1 0 -0.52725 -0.72538 0.134752 4.78893e+09
0.5 -0.5 0 -0.468301 -0.765955 0.185506 5.97791e+09
0 0 0 -0.381013 -0.792422 0.250038 5.08107e+09
0.5 0.5 0 -0.310503 -0.813746 0.296351 5.79065e+09
0 1 0 -0.230053 -0.818895 0.345381 4.69115e+09
0.5 1.5 0 -0.157361 -0.819855 0.387192 4.95545e+09
1.5 -1.5 0 -0.611375 -0.673001 0.0487441 7.52622e+09
1 -1 0 -0.54874 -0.726241 0.115072 6.79256e+09
1.5 -0.5 0 -0.458537 -0.778126 0.183675 8.13043e+09
1 0 0 -0.388739 -0.801364 0.24029 6.95523e+09
1.5 0.5 0 -0.296003 -0.823749 0.297255 7.66409e+09
1 1 0 -0.228732 -0.825061 0.343665 6.2255e+09
1.5 1.5 0 -0.142721 -0.822358 0.391191 6.36321e+09
2.5 -1.5 0 -0.538378 -0.696971 0.101879 1.1109e+10
2 -1 0 -0.510791 -0.742942 0.135743 9.44534e+09
2.5 -0.5 0 -0.395783 -0.784859 0.221174 1.13642e+10
2 0 0 -0.354263 -0.811688 0.253908 9.30229e+09
2.5 0.5 0 -0.241872 -0.815296 0.323864 9.89422e+09
2 1 0 -0.197276 -0.826221 0.355026 7.98898e+09
2.5 1.5 0 -0.102222 -0.806138 0.406626 7.89249e+09
-2.25 -1.25 0.25 -0.594927 -0.591967 0.346837 5.45994e+08
-2.25 -0.25 0.25 -0.476294 -0.619308 0.440405 5.19302e+08
-2.25 0.75 0.25 -0.346947 -0.642768 0.504639 4.54712e+08
-1.25 -1.25 0.25 -0.639168 -0.55989 0.319919 8.33352e+08
-1.75 -0.75 0.25 -0.554683 -0.59207 0.393369 6.73481e+08
-1.25 -0.25 0.25 -0.504556 -0.596568 0.435018 7.89005e+08
-1.75 0.25 0.25 -0.421148 -0.61988 0.480631 6.1016e+08
-1.25 0.75 0.25 -0.356864 -0.623209 0.514832 6.80283e+08
-1.75 1.25 0.25 -0.280165 -0.641354 0.537104 5.10073e+08
-0.25 -1.25 0.25 -0.688435 -0.531856 0.260379 1.15358e+09
-0.75 -0.75 0.25 -0.595116 -0.569935 0.362849 9.77637e+08
-0.25 -0.25 0.25 -0.538717 -0.587509 0.40284 1.08917e+09
-0.75 0.25 0.25 -0.443842 -0.606157 0.471455 8.7668e+08
-0.25 0.75 0.25 -0.372926 -0.619242 0.503498 9.23284e+08
-0.75 1.25 0.25 -0.284621 -0.627817 0.543817 7.19579e+08
0.75 -1.25 0.25 -0.730511 -0.504484 0.180448 1.44517e+09
0.25 -0.75 0.25 -0.636681 -0.558905 0.305962 1.29462e+09
0.75 -0.25 0.25 -0.569666 -0.592848 0.351945 1.37386e+09
0.25 0.25 0.25 -0.46961 -0.610453 0.440431 1.14941e+09
0.75 0.75 0.25 -0.394136 -0.630466 0.478756 1.16773e+09
0.25 1.25 0.25 -0.296721 -0.630091 0.534355 9.31965e+08
1.75 -1.25 0.25 -0.750224 -0.464514 0.110587 1.64948e+09
1.25 -0.75 0.25 -0.666686 -0.550486 0.238437 1.54811e+09
1.75 -0.25 0.25 -0.596057 -0.590099 0.300569 1.63416e+09
1.25 0.25 0.25 -0.495802 -0.622423 0.400667 1.4144e+09
1.75 0.75 0.25 -0.423973 -0.635569 0.448608 1.40082e+09
1.25 1.25 0.25 -0.320365 -0.637715 0.518559 1.14365e+09
2.25 -0.75 0.25 -0.683947 -0.512915 0.189216 1.81274e+09
2.25 0.25 0.25 -0.524979 -0.609288 0.35564 1.64767e+09
2.25 1.25 0.25 -0.36267 -0.628383 0.488309 1.33191e+09
-2.5 -1 0.5 -0.450226 -0.728439 0.168541 1.01153e+09
-2.5 0 0.5 -0.343516 -0.78197 0.24961 1.09032e+09
-2.5 1 0.5 -0.231646 -0.815691 0.316911 1.07097e+09
-2 -1.5 0.5 -0.534723 -0.678362 0.114182 1.18809e+09
-1.5 -1 0.5 -0.51158 -0.70406 0.152776 1.59283e+09
-2 -0.5 0.5 -0.424343 -0.748725 0.209388 1.35021e+09
-1.5 0 0.5 -0.389965 -0.76894 0.249712 1.72443e+09
-2 0.5 0.5 -0.307139 -0.795723 0.290815 1.3871e+09
-1.5 1 0.5 -0.261229 -0.806817 0.330793 1.67213e+09
-2 1.5 0.5 -0.18497 -0.820214 0.356873 1.28912e+09
-1 -1.5 0.5 -0.602608 -0.643053 0.078554 1.78427e+09
-0.5 -1 0.5 -0.570653 -0.681406 0.119081 2.33229e+09
-1 -0.5 0.5 -0.478777 -0.732274 0.192374 2.05129e+09
-0.5 0 0.5 -0.432177 -0.76226 0.233836 2.5126e+09
-1 0.5 0.5 -0.344224 -0.788392 0.289733 2.08918e+09
-0.5 1 0.5 -0.284949 -0.805131 0.329741 2.38191e+09
-1 1.5 0.5 -0.204694 -0.813741 0.369605 1.89709e+09
0 -1.5 0.5 -0.660036 -0.611026 0.0321393 2.53239e+09
0.5 -1 0.5 -0.608521 -0.67178 0.0871221 3.22446e+09
0 -0.5 0.5 -0.521992 -0.724777 0.165088 2.90641e+09
0.5 0 0.5 -0.452227 -0.768857 0.216642 3.40616e+09
0 0.5 0.5 -0.368442 -0.791208 0.277589 2.89688e+09
0.5 1 0.5 -0.289347 -0.813963 0.323788 3.15005e+09
0 1.5 0.5 -0.213624 -0.815861 0.370088 2.5583e+09
1 -1.5 0.5 -0.683389 -0.600754 0.00665538 3.44274e+09
1.5 -1 0.5 -0.600549 -0.687717 0.08915 4.27342e+09
1 -0.5 0.5 -0.531987 -0.734859 0.151452 3.86323e+09
1.5 0 0.5 -0.432772 -0.788669 0.222297 4.38186e+09
1 0.5 0.5 -0.363603 -0.805814 0.272969 3.76845e+09
1.5 1 0.5 -0.260982 -0.827098 0.331849 3.92635e+09
1 1.5 0.5 -0.199544 -0.824914 0.371647 3.23891e+09
2 -1.5 0.5 -0.648945 -0.628613 0.0373373 4.69715e+09
2.5 -1 0.5 -0.525785 -0.719158 0.146027 5.72957e+09
2 -0.5 0.5 -0.489928 -0.760417 0.178093 5.02335e+09
2.5 0 0.5 -0.357421 -0.799817 0.266309 5.50351e+09
2 0.5 0.5 -0.315608 -0.820355 0.295057 4.64553e+09
2.5 1 0.5 -0.198565 -0.822001 0.361233 4.74894e+09
2 1.5 0.5 -0.153128 -0.826797 0.388221 3.86769e+09
-2.25 -0.75 0.75 -0.545703 -0.578974 0.401657 3.51808e+08
-2.25 0.25 0.75 -0.416247 -0.610973 0.481914 3.22782e+08
-2.25 1.25 0.75 -0.280443 -0.639463 0.533556 2.7485e+08
-1.75 -1.25 0.75 -0.627916 -0.544854 0.333204 4.34423e+08
-1.25 -0.75 0.75 -0.583969 -0.55398 0.371644 5.11982e+08
-1.75 -0.25 0.75 -0.496468 -0.58395 0.438814 4.14781e+08
-1.25 0.25 0.75 -0.436401 -0.595738 0.470406 4.65498e+08
-1.75 0.75 0.75 -0.353573 -0.617488 0.511451 3.63764e+08
-1.25 1.25 0.75 -0.282226 -0.628065 0.535101 3.90503e+08
-0.75 -1.25 0.75 -0.675094 -0.515086 0.276387 6.03834e+08
-0.25 -0.75 0.75 -0.622968 -0.5406 0.317117 6.80042e+08
-0.75 -0.25 0.75 -0.527424 -0.572101 0.406779 5.7452e+08
-0.25 0.25 0.75 -0.457206 -0.598638 0.439217 6.13031e+08
-0.75 0.75 0.75 -0.365311 -0.613888 0.497059 4.97158e+08
-0.25 1.25 0.75 -0.286049 -0.634173 0.521807 5.08682e+08
0.25 -1.25 0.75 -0.716915 -0.489519 0.198839 7.62051e+08
0.75 -0.75 0.75 -0.652693 -0.535867 0.252623 8.1767e+08
0.25 -0.25 0.75 -0.554638 -0.576414 0.358574 7.2701e+08
0.75 0.25 0.75 -0.474106 -0.614747 0.403534 7.47065e+08
0.25 0.75 0.75 -0.376584 -0.627716 0.472091 6.27467e+08
0.75 1.25 0.75 -0.290858 -0.650593 0.507845 6.16741e+08
1.25 -1.25 0.75 -0.743579 -0.460354 0.123701 8.6718e+08
1.75 -0.75 0.75 -0.67247 -0.521652 0.203285 9.13958e+08
1.25 -0.25 0.75 -0.575035 -0.584896 0.313335 8.47897e+08
1.75 0.25 0.75 -0.489293 -0.6237 0.375775 8.36699e+08
1.25 0.75 0.75 -0.387177 -0.64498 0.45172 7.34342e+08
1.75 1.25 0.75 -0.303273 -0.658214 0.501023 6.92038e+08
2.25 -1.25 0.75 -0.748265 -0.402278 0.0823024 9.29382e+08
2.25 -0.25 0.75 -0.590544 -0.57013 0.28265 9.20778e+08
2.25 0.75 0.75 -0.415734 -0.638711 0.434903 8.15123e+08
-2.5 -1.5 1 -0.556178 -0.648848 0.111298 6.07002e+08
-2.5 -0.5 1 -0.454181 -0.721796 0.203072 6.84915e+08
-2.5 0.5 1 -0.344333 -0.774884 0.282928 7.06371e+08
-2.5 1.5 1 -0.227836 -0.8079 0.34863 6.65436e+08
-1.5 -1.5 1 -0.623821 -0.605748 0.0722627 9.04947e+08
-2 -1 1 -0.537576 -0.671938 0.146116 8.07246e+08
-1.5 -0.5 1 -0.510785 -0.698736 0.181802 1.03541e+09
-2 0 1 -0.424978 -0.742184 0.240278 8.73909e+08
-1.5 0.5 1 -0.385303 -0.763668 0.277191 1.06424e+09
-2 1 1 -0.303466 -0.788884 0.320228 8.57245e+08
-1.5 1.5 1 -0.251829 -0.800807 0.356363 9.85471e+08
-0.5 -1.5 1 -0.685086 -0.561157 0.0182261 1.26336e+09
-1 -1 1 -0.599093 -0.640213 0.107385 1.1718e+09
-0.5 -0.5 1 -0.560139 -0.68224 0.147854 1.45578e+09
-1 0 1 -0.471741 -0.729386 0.219338 1.27069e+09
-0.5 0.5 1 -0.416528 -0.762194 0.259471 1.47873e+09
-1 1 1 -0.332406 -0.784941 0.314263 1.22804e+09
-0.5 1.5 1 -0.265926 -0.80305 0.352076 1.33987e+09
0.5 -1.5 1 -0.723641 -0.531352 -0.0254254 1.66618e+09
0 -1 1 -0.646314 -0.617682 0.0649524 1.59404e+09
0.5 -0.5 1 -0.585219 -0.683054 0.122109 1.90944e+09
0 0 1 -0.501853 -0.72939 0.194414 1.71543e+09
0.5 0.5 1 -0.422777 -0.77548 0.247054 1.91137e+09
0 1 1 -0.344317 -0.792874 0.302734 1.62759e+09
0.5 1.5 1 -0.257201 -0.815553 0.348636 1.69283e+09
1.5 -1.5 1 -0.723108 -0.540328 -0.0237495 2.12989e+09
1 -1 1 -0.661525 -0.6204 0.0471852 2.04528e+09
1.5 -0.5 1 -0.568453 -0.710045 0.131557 2.37328e+09
1 0 1 -0.498978 -0.748473 0.188443 2.16315e+09
1.5 0.5 1 -0.388444 -0.801434 0.259888 2.29681e+09
1 1 1 -0.324609 -0.811959 0.303909 2.00513e+09
1.5 1.5 1 -0.214328 -0.830748 0.361287 1.9879e+09
2.5 -1.5 1 -0.652748 -0.600554 0.0535354 2.75861e+09
2 -1 1 -0.623819 -0.658875 0.082287 2.54664e+09
2.5 -0.5 1 -0.490753 -0.74755 0.19104 2.8912e+09
2 0 1 -0.444992 -0.781565 0.220934 2.57823e+09
2.5 0.5 1 -0.314396 -0.817073 0.304466 2.7405e+09
2 1 1 -0.266303 -0.829735 0.330382 2.32846e+09
2.5 1.5 1 -0.147379 -0.826467 0.397391 2.29583e+09
-2.25 -1.25 1.25 -0.618133 -0.529787 0.342085 2.28539e+08
-2.25 -0.25 1.25 -0.491608 -0.570141 0.438407 2.1999e+08
-2.25 0.75 1.25 -0.355201 -0.607985 0.504628 1.95884e+08
-1.25 -1.25 1.25 -0.662652 -0.49812 0.287316 3.19128e+08
-1.75 -0.75 1.25 -0.575181 -0.537701 0.37564 2.70689e+08
-1.25 -0.25 1.25 -0.520065 -0.555241 0.405207 3.06337e+08
-1.75 0.25 1.25 -0.43377 -0.582681 0.465114 2.49343e+08
-1.25 0.75 1.25 -0.365038 -0.603289 0.486165 2.70011e+08
-1.75 1.25 1.25 -0.286805 -0.621928 0.5234 2.13209e+08
-0.25 -1.25 1.25 -0.70205 -0.472333 0.211407 4.06516e+08
-0.75 -0.75 1.25 -0.611211 -0.521275 0.321704 3.61645e+08
-0.25 -0.25 1.25 -0.543692 -0.556527 0.355795 3.90684e+08
-0.75 0.25 1.25 -0.451436 -0.582926 0.431168 3.30974e+08
-0.25 0.75 1.25 -0.37074 -0.617237 0.455912 3.43036e+08
-0.75 1.25 1.25 -0.287026 -0.629261 0.503929 2.80504e+08
0.75 -1.25 1.25 -0.727757 -0.449086 0.132479 4.67648e+08
0.25 -0.75 1.25 -0.637897 -0.516154 0.256803 4.3957e+08
0.75 -0.25 1.25 -0.556773 -0.569243 0.307911 4.55984e+08
0.25 0.25 1.25 -0.461424 -0.599494 0.391695 4.04707e+08
0.75 0.75 1.25 -0.367768 -0.642377 0.430537 4.00997e+08
0.25 1.25 1.25 -0.281334 -0.651481 0.482286 3.41436e+08
1.75 -1.25 1.25 -0.737581 -0.416024 0.0748352 4.89279e+08
1.25 -0.75 1.25 -0.652392 -0.514766 0.202145 4.87292e+08
1.75 -0.25 1.25 -0.560878 -0.580249 0.277459 4.83939e+08
1.25 0.25 1.25 -0.461711 -0.622403 0.363093 4.50442e+08
1.75 0.75 1.25 -0.36626 -0.661569 0.423877 4.31653e+08
1.25 1.25 1.25 -0.27001 -0.67565 0.474163 3.80983e+08
2.25 -0.75 1.25 -0.657658 -0.492201 0.175701 4.98771e+08
2.25 0.25 1.25 -0.478441 -0.621567 0.35685 4.81343e+08
2.25 1.25 1.25 -0.289312 -0.670418 0.490548 4.10696e+08
-2.5 -1 1.5 -0.555809 -0.643578 0.141973 4.16736e+08
-2.5 0 1.5 -0.452135 -0.716161 0.23248 4.49982e+08
-2.5 1 1.5 -0.338594 -0.768817 0.310498 4.44869e+08
-2 -1.5 1.5 -0.636551 -0.574796 0.0698948 4.68774e+08
-1.5 -1 1.5 -0.61725 -0.604384 0.100106 6.02115e+08
-2 -0.5 1.5 -0.53396 -0.667825 0.174038 5.32279e+08
-1.5 0 1.5 -0.501625 -0.697074 0.207667 6.53603e+08
-2 0.5 1.5 -0.418198 -0.737893 0.266383 5.49743e+08
-1.5 1 1.5 -0.372057 -0.761288 0.3004 6.40283e+08
-2 1.5 1.5 -0.292474 -0.783792 0.344049 5.1676e+08
-1 -1.5 1.5 -0.697444 -0.520764 0.0114009 6.49284e+08
-0.5 -1 1.5 -0.668212 -0.569878 0.0498649 8.12331e+08
-1 -0.5 1.5 -0.586277 -0.642593 0.135033 7.45486e+08
-0.5 0 1.5 -0.538646 -0.68862 0.175884 8.817e+08
-1 0.5 1.5 -0.454861 -0.730655 0.243802 7.65951e+08
-0.5 1 1.5 -0.391365 -0.765496 0.283162 8.52846e+08
-1 1.5 1.5 -0.312184 -0.784065 0.335202 7.08422e+08
0 -1.5 1.5 -0.74142 -0.473857 -0.0455877 8.4292e+08
0.5 -1 1.5 -0.696236 -0.555217 0.0145432 1.02493e+09
0 -0.5 1.5 -0.620525 -0.631431 0.0985836 9.72099e+08
0.5 0 1.5 -0.549379 -0.699837 0.157268 1.10462e+09
0 0.5 1.5 -0.471039 -0.738306 0.223089 9.90476e+08
0.5 1 1.5 -0.382513 -0.784395 0.275376 1.0508e+09
0 1.5 1.5 -0.311099 -0.796383 0.325566 8.99464e+08
1 -1.5 1.5 -0.759224 -0.456413 -0.0720955 1.03648e+09
1.5 -1 1.5 -0.688062 -0.5791 0.0212274 1.22218e+09
1 -0.5 1.5 -0.623444 -0.647578 0.0885632 1.18328e+09
1.5 0 1.5 -0.518564 -0.736125 0.171643 1.28439e+09
1 0.5 1.5 -0.452286 -0.764902 0.22302 1.18151e+09
1.5 1 1.5 -0.335774 -0.813797 0.29191 1.20012e+09
1 1.5 1.5 -0.277194 -0.818218 0.330262 1.05432e+09
2 -1.5 1.5 -0.734005 -0.496938 -0.0335147 1.23936e+09
2.5 -1 1.5 -0.622685 -0.641151 0.0941298 1.45334e+09
2 -0.5 1.5 -0.578081 -0.695008 0.125635 1.36297e+09
2.5 0 1.5 -0.442587 -0.777388 0.230433 1.48051e+09
2 0.5 1.5 -0.392226 -0.801638 0.257464 1.33944e+09
2.5 1 1.5 -0.25609 -0.831068 0.341137 1.34667e+09
2 1.5 1.5 -0.210969 -0.836127 0.36155 1.17276e+09
