449
-2.5 -1 -1.5 0.793251 0.140751 0.210327 3.45479e+09
-2.5 0 -1.5 0.774406 0.185359 0.164563 1.7502e+09
-2.5 1 -1.5 0.753889 0.222001 0.121968 8.56064e+08
-2 -1.5 -1.5 0.811029 0.151163 0.220893 5.18188e+09
-1.5 -1 -1.5 0.807516 0.207811 0.180598 3.9659e+09
-2 -0.5 -1.5 0.791279 0.19544 0.174712 2.65709e+09
-1.5 0 -1.5 0.783327 0.244351 0.137734 1.97281e+09
-2 0.5 -1.5 0.768231 0.232741 0.131822 1.30715e+09
-1.5 1 -1.5 0.758638 0.274236 0.0975071 9.48992e+08
-2 1.5 -1.5 0.746323 0.262676 0.091541 6.24154e+08
-1 -1.5 -1.5 0.820674 0.225422 0.181423 5.74454e+09
-0.5 -1 -1.5 0.807976 0.278136 0.135164 4.20748e+09
-1 -0.5 -1.5 0.797439 0.258563 0.139072 2.92423e+09
-0.5 0 -1.5 0.783002 0.302754 0.0962211 2.09287e+09
-1 0.5 -1.5 0.771487 0.287048 0.0992659 1.42314e+09
-0.5 1 -1.5 0.757395 0.323794 0.059457 1.00237e+09
-1 1.5 -1.5 0.74721 0.310234 0.0617792 6.72409e+08
0 -1.5 -1.5 0.811502 0.306788 0.12548 5.77596e+09
0.5 -1 -1.5 0.790264 0.353861 0.0736729 4.07302e+09
0 -0.5 -1.5 0.79046 0.323904 0.0878057 2.98655e+09
0.5 0 -1.5 0.769957 0.362735 0.0395433 2.06853e+09
0 0.5 -1.5 0.765927 0.340519 0.0521995 1.46239e+09
0.5 1 -1.5 0.747482 0.372464 0.00737409 1.00182e+09
0 1.5 -1.5 0.742286 0.355265 0.0186812 6.91644e+08
1 -1.5 -1.5 0.77813 0.396147 0.054087 5.21821e+09
1.5 -1 -1.5 0.748891 0.43586 -0.00206982 3.56761e+09
1 -0.5 -1.5 0.765762 0.393462 0.0213045 2.79879e+09
1.5 0 -1.5 0.739419 0.426119 -0.0312007 1.88528e+09
1 0.5 -1.5 0.747798 0.395185 -0.00924406 1.40498e+09
1.5 1 -1.5 0.724934 0.422061 -0.05807 9.39011e+08
1 1.5 -1.5 0.728606 0.399414 -0.03776 6.74645e+08
2 -1.5 -1.5 0.713881 0.492565 -0.0290064 4.22289e+09
2.5 -1 -1.5 0.677469 0.523346 -0.087455 2.81937e+09
2 -0.5 -1.5 0.717794 0.468079 -0.0578629 2.38813e+09
2.5 0 -1.5 0.685884 0.493679 -0.112773 1.57316e+09
2 0.5 -1.5 0.712225 0.452655 -0.0833477 1.25011e+09
2.5 1 -1.5 0.684898 0.473979 -0.134634 8.18183e+08
2 1.5 -1.5 0.702098 0.444251 -0.106411 6.18774e+08
-2.25 -0.75 -1.25 0.792749 -0.284613 0.227608 1.24682e+09
-2.25 0.25 -1.25 0.797945 -0.254583 0.17302 6.16945e+08
-2.25 1.25 -1.25 0.800165 -0.225793 0.121618 2.97022e+08
-1.75 -1.25 -1.25 0.790211 -0.264681 0.245973 1.73019e+09
-1.25 -0.75 -1.25 0.791099 -0.215508 0.203238 1.20826e+09
-1.75 -0.25 -1.25 0.793985 -0.23895 0.190332 8.75613e+08
-1.25 0.25 -1.25 0.789367 -0.196418 0.149919 6.02261e+08
-1.75 0.75 -1.25 0.79418 -0.214348 0.137677 4.27192e+08
-1.25 1.25 -1.25 0.787178 -0.175793 0.0994652 2.91157e+08
-0.75 -1.25 -1.25 0.788068 -0.181734 0.210858 1.60111e+09
-0.25 -0.75 -1.25 0.779451 -0.13313 0.159326 1.08969e+09
-0.75 -0.25 -1.25 0.785052 -0.170129 0.157391 8.25918e+08
-0.25 0.25 -1.25 0.77401 -0.128024 0.108942 5.56054e+08
-0.75 0.75 -1.25 0.780631 -0.156358 0.106734 4.07962e+08
-0.25 1.25 -1.25 0.769326 -0.117907 0.0614771 2.73036e+08
0.25 -1.25 -1.25 0.768919 -0.0830367 0.15578 1.36501e+09
0.75 -0.75 -1.25 0.749701 -0.036199 0.0964113 9.12589e+08
0.25 -0.25 -1.25 0.765043 -0.088691 0.105442 7.30064e+08
0.75 0.25 -1.25 0.746736 -0.0477596 0.0501957 4.83565e+08
0.25 0.75 -1.25 0.759653 -0.0884622 0.0587188 3.70094e+08
0.75 1.25 -1.25 0.74343 -0.0506118 0.00761168 2.43987e+08
1.25 -1.25 -1.25 0.722036 0.0310789 0.0834183 1.07419e+09
1.75 -0.75 -1.25 0.692312 0.0744433 0.018396 7.0969e+08
1.25 -0.25 -1.25 0.72628 0.00606995 0.0362152 6.02765e+08
1.75 0.25 -1.25 0.700359 0.0445185 -0.0236882 3.94476e+08
1.25 0.75 -1.25 0.726087 -0.00958488 -0.00541767 3.17405e+08
1.75 1.25 -1.25 0.704417 0.0266679 -0.0605385 2.0669e+08
2.25 -1.25 -1.25 0.637299 0.15787 -0.00017235 7.82712e+08
2.25 -0.25 -1.25 0.660361 0.112844 -0.0454983 4.6419e+08
2.25 0.75 -1.25 0.673298 0.0799625 -0.0823881 2.56191e+08
-2.5 -1.5 -1 0.759316 0.224277 0.179138 8.12581e+09
-2.5 -0.5 -1 0.728424 0.263218 0.134285 4.05152e+09
-2.5 0.5 -1 0.69717 0.294805 0.0917327 1.96063e+09
-2.5 1.5 -1 0.669087 0.319143 0.0508409 9.23632e+08
-1.5 -1.5 -1 0.775605 0.284056 0.137721 9.37358e+09
-2 -1 -1 0.752717 0.273104 0.138665 6.21758e+09
-1.5 -0.5 -1 0.740611 0.316775 0.0969012 4.59118e+09
-2 0 -1 0.718617 0.305898 0.0968373 3.01736e+09
-1.5 0.5 -1 0.705765 0.342883 0.0577542 2.18416e+09
-2 1 -1 0.686592 0.33137 0.0566078 1.42822e+09
-1.5 1.5 -1 0.674786 0.362738 0.0199424 1.01457e+09
-0.5 -1.5 -1 0.77577 0.34582 0.0797642 9.88857e+09
-1 -1 -1 0.760806 0.329088 0.0913923 6.85227e+09
-0.5 -0.5 -1 0.742272 0.367881 0.0438573 4.864e+09
-1 0 -1 0.725131 0.35451 0.053672 3.29412e+09
-0.5 0.5 -1 0.707862 0.386346 0.00909813 2.30854e+09
-1 1 -1 0.691402 0.374329 0.0171678 1.54343e+09
-0.5 1.5 -1 0.67659 0.40083 -0.0245291 1.06766e+09
0.5 -1.5 -1 0.755041 0.41203 0.00560246 9.40537e+09
0 -1 -1 0.753691 0.385787 0.0278948 6.94124e+09
0.5 -0.5 -1 0.729271 0.418957 -0.0246732 4.75904e+09
0 0 -1 0.721668 0.400361 -0.0047484 3.37302e+09
0.5 0.5 -1 0.700116 0.427 -0.0540664 2.29513e+09
0 1 -1 0.689882 0.412805 -0.0364567 1.58594e+09
0.5 1.5 -1 0.671903 0.434632 -0.0824738 1.07026e+09
1.5 -1.5 -1 0.707803 0.483653 -0.0818755 8.00937e+09
1 -1 -1 0.726261 0.445567 -0.0506474 6.38337e+09
1.5 -0.5 -1 0.696221 0.472251 -0.10672 4.25292e+09
1 0 -1 0.703706 0.445783 -0.0775606 3.20328e+09
1.5 0.5 -1 0.677744 0.467 -0.130286 2.12408e+09
1 1 -1 0.678331 0.448517 -0.103608 1.53667e+09
1.5 1.5 -1 0.656798 0.465711 -0.152823 1.01382e+09
2.5 -1.5 -1 0.627564 0.559988 -0.176367 6.1037e+09
2 -1 -1 0.67273 0.509533 -0.140497 5.29478e+09
2.5 -0.5 -1 0.637337 0.528931 -0.19782 3.45027e+09
2 0 -1 0.665726 0.492864 -0.162118 2.79315e+09
2.5 0.5 -1 0.635267 0.508269 -0.216357 1.81314e+09
2 1 -1 0.651862 0.483418 -0.182338 1.39043e+09
2.5 1.5 -1 0.626425 0.495848 -0.233213 8.99298e+08
-2.25 -1.25 -0.75 0.78125 -0.279584 0.16226 2.6208e+09
-2.25 -0.25 -0.75 0.774153 -0.258462 0.107275 1.28193e+09
-2.25 0.75 -0.75 0.764585 -0.239361 0.0554179 6.11321e+08
-1.25 -1.25 -0.75 0.773377 -0.212481 0.126399 2.51545e+09
-1.75 -0.75 -0.75 0.773335 -0.238916 0.119729 1.82154e+09
-1.25 -0.25 -0.75 0.759127 -0.200807 0.0743373 1.24049e+09
-1.75 0.25 -0.75 0.761313 -0.222932 0.0674247 8.79642e+08
-1.25 0.75 -0.75 0.744929 -0.188871 0.0247271 5.94507e+08
-1.75 1.25 -0.75 0.750049 -0.206838 0.0176781 4.15511e+08
-0.25 -1.25 -0.75 0.753244 -0.133257 0.0689841 2.23941e+09
-0.75 -0.75 -0.75 0.757161 -0.171457 0.0751054 1.70066e+09
-0.25 -0.25 -0.75 0.735995 -0.133157 0.0215765 1.13406e+09
-0.75 0.25 -0.75 0.740674 -0.164755 0.0263435 8.32838e+08
-0.25 0.75 -0.75 0.71976 -0.130187 -0.0235792 5.53095e+08
-0.75 1.25 -0.75 0.726666 -0.155528 -0.0202491 3.96912e+08
0.75 -1.25 -0.75 0.713182 -0.0419645 -0.00830835 1.84489e+09
0.25 -0.75 -0.75 0.728281 -0.0926196 0.00986948 1.48483e+09
0.75 -0.25 -0.75 0.699998 -0.055144 -0.0500241 9.74985e+08
0.25 0.25 -0.75 0.711861 -0.0971411 -0.0333805 7.48687e+08
0.75 0.75 -0.75 0.686308 -0.0629418 -0.088871 4.90174e+08
0.25 1.25 -0.75 0.69784 -0.0965007 -0.0746098 3.63828e+08
1.75 -1.25 -0.75 0.645061 0.059408 -0.0997269 1.40579e+09
1.25 -0.75 -0.75 0.679639 -0.00313319 -0.0728525 1.20728e+09
1.75 -0.25 -0.75 0.644578 0.0319372 -0.136302 7.84008e+08
1.25 0.25 -0.75 0.670095 -0.0204316 -0.109714 6.35321e+08
1.75 0.75 -0.75 0.639792 0.0120006 -0.168368 4.11129e+08
1.25 1.25 -0.75 0.660522 -0.0300085 -0.144074 3.18375e+08
2.25 -0.75 -0.75 0.60413 0.0946571 -0.166372 9.11928e+08
2.25 0.25 -0.75 0.609268 0.0637378 -0.197815 5.05825e+08
2.25 1.25 -0.75 0.610014 0.0427959 -0.225328 2.64177e+08
-2.5 -1 -0.5 0.685829 0.354674 0.108808 1.01706e+10
-2.5 0 -0.5 0.643267 0.383282 0.0662094 4.87808e+09
-2.5 1 -0.5 0.60497 0.404784 0.0241846 2.29082e+09
-2 -1.5 -0.5 0.718715 0.362357 0.107416 1.57575e+10
-1.5 -1 -0.5 0.70325 0.401141 0.0606434 1.1576e+10
-2 -0.5 -0.5 0.673318 0.39293 0.0664929 7.55824e+09
-1.5 0 -0.5 0.658331 0.425715 0.0225961 5.45865e+09
-2 0.5 -0.5 0.63097 0.416123 0.0263058 3.55431e+09
-1.5 1 -0.5 0.617759 0.443669 -0.0153047 2.52653e+09
-2 1.5 -0.5 0.594131 0.432856 -0.0136628 1.6352e+09
-1 -1.5 -0.5 0.729848 0.409651 0.0482825 1.73455e+10
-0.5 -1 -0.5 0.708085 0.443404 -0.00407515 1.22127e+10
-1 -0.5 -0.5 0.685105 0.434225 0.0125751 8.26331e+09
-0.5 0 -0.5 0.665743 0.461438 -0.0367161 5.76375e+09
-1 0.5 -0.5 0.642293 0.452945 -0.0228238 3.84971e+09
-0.5 1 -0.5 0.626079 0.475026 -0.0694598 2.65973e+09
-1 1.5 -0.5 0.604502 0.466381 -0.0582914 1.75612e+09
0 -1.5 -0.5 0.722855 0.456567 -0.0275762 1.73462e+10
0.5 -1 -0.5 0.695398 0.484338 -0.0844601 1.17746e+10
0 -0.5 -0.5 0.684904 0.470879 -0.0572428 8.40602e+09
0.5 0 -0.5 0.661248 0.492448 -0.110901 5.68211e+09
0 0.5 -0.5 0.646058 0.483155 -0.0869253 3.94386e+09
0.5 1 -0.5 0.626524 0.499989 -0.137611 2.6537e+09
0 1.5 -0.5 0.610163 0.492594 -0.116844 1.80312e+09
1 -1.5 -0.5 0.69221 0.505823 -0.11802 1.55664e+10
1.5 -1 -0.5 0.659343 0.52666 -0.177481 1.02623e+10
1 -0.5 -0.5 0.667334 0.50574 -0.14129 7.85552e+09
1.5 0 -0.5 0.639206 0.521468 -0.197628 5.16939e+09
1 0.5 -0.5 0.637613 0.508743 -0.164615 3.78342e+09
1.5 1 -0.5 0.614233 0.520468 -0.217916 2.48569e+09
1 1.5 -0.5 0.607376 0.512631 -0.188266 1.75766e+09
2 -1.5 -0.5 0.632188 0.558596 -0.217744 1.24877e+10
2.5 -1 -0.5 0.594159 0.571848 -0.277067 8.05532e+09
2 -0.5 -0.5 0.626421 0.541463 -0.235792 6.67872e+09
2.5 0 -0.5 0.593725 0.551077 -0.292525 4.30222e+09
2 0.5 -0.5 0.611264 0.532282 -0.253026 3.36272e+09
2.5 1 -0.5 0.583631 0.538912 -0.30707 2.16463e+09
2 1.5 -0.5 0.591236 0.528318 -0.270332 1.6121e+09
-2.25 -0.75 -0.25 0.762229 -0.216888 0.0442987 2.79438e+09
-2.25 0.25 -0.25 0.738981 -0.207648 -0.00876216 1.32478e+09
-2.25 1.25 -0.25 0.717244 -0.198722 -0.059974 6.16491e+08
-1.75 -1.25 -0.25 0.767111 -0.189684 0.0503861 3.96642e+09
-1.25 -0.75 -0.25 0.743871 -0.153645 -0.00217091 2.67747e+09
-1.75 -0.25 -0.25 0.740796 -0.183204 -0.00209991 1.90236e+09
-1.25 0.25 -0.25 0.715422 -0.150735 -0.0511099 1.27665e+09
-1.75 0.75 -0.25 0.715591 -0.177019 -0.052504 8.9469e+08
-1.25 1.25 -0.25 0.690483 -0.146636 -0.0989049 5.9645e+08
-0.75 -1.25 -0.25 0.747069 -0.118422 -0.00999892 3.66195e+09
-0.25 -0.75 -0.25 0.716315 -0.0824127 -0.0704488 2.42158e+09
-0.75 -0.25 -0.25 0.716168 -0.119332 -0.056813 1.78381e+09
-0.25 0.25 -0.25 0.686106 -0.0865493 -0.112951 1.17732e+09
-0.75 0.75 -0.25 0.688012 -0.119113 -0.102284 8.47462e+08
-0.25 1.25 -0.25 0.660056 -0.0880256 -0.154994 5.57045e+08
0.25 -1.25 -0.25 0.712831 -0.0398204 -0.0922729 3.15527e+09
0.75 -0.75 -0.25 0.675085 -0.00543871 -0.158041 2.05662e+09
0.25 -0.25 -0.25 0.682906 -0.0486954 -0.131544 1.58794e+09
0.75 0.25 -0.25 0.648597 -0.0172094 -0.192514 1.03422e+09
0.25 0.75 -0.25 0.655283 -0.05514 -0.169883 7.70819e+08
0.75 1.25 -0.25 0.624779 -0.024873 -0.226958 5.00526e+08
1.25 -1.25 -0.25 0.657952 0.0432171 -0.191223 2.52379e+09
1.75 -0.75 -0.25 0.614152 0.0741628 -0.258688 1.6283e+09
1.25 -0.25 -0.25 0.63646 0.0258518 -0.222606 1.33231e+09
1.75 0.25 -0.25 0.598161 0.0541967 -0.285347 8.58183e+08
1.25 0.75 -0.25 0.614518 0.0122018 -0.252712 6.69103e+08
1.75 1.25 -0.25 0.581342 0.0399026 -0.311643 4.29673e+08
2.25 -1.25 -0.25 0.576567 0.127903 -0.297689 1.867e+09
2.25 -0.25 -0.25 0.571031 0.101333 -0.323164 1.04497e+09
2.25 0.75 -0.25 0.560848 0.0799583 -0.345847 5.49451e+08
-2.5 -1.5 0 0.65883 0.44996 0.0972366 2.73778e+10
-2.5 -0.5 0 0.606174 0.479278 0.0546717 1.30467e+10
-2.5 0.5 0 0.558963 0.501082 0.0121726 6.11946e+09
-2.5 1.5 0 0.518297 0.51637 -0.0308866 2.80637e+09
-1.5 -1.5 0 0.68225 0.487881 0.0400177 3.12862e+10
-2 -1 0 0.644987 0.484834 0.0508617 2.03356e+10
-1.5 -0.5 0 0.62932 0.514306 0.00306669 1.46698e+10
-2 0 0 0.593791 0.509103 0.0110455 9.52094e+09
-1.5 0.5 0 0.58089 0.533491 -0.0343162 6.77876e+09
-2 1 0 0.548811 0.526297 -0.0294304 4.38794e+09
-1.5 1.5 0 0.53884 0.546589 -0.0727558 3.07229e+09
-0.5 -1.5 0 0.689971 0.520959 -0.0346917 3.27754e+10
-1 -1 0 0.662792 0.517463 -0.0121168 2.22435e+10
-0.5 -0.5 0 0.642658 0.541052 -0.0652429 1.54531e+10
-1 0 0 0.613081 0.538111 -0.0461482 1.03334e+10
-0.5 0.5 0 0.596952 0.556526 -0.0965499 7.13413e+09
-1 1 0 0.568157 0.552733 -0.0811941 4.72291e+09
-0.5 1.5 0 0.55587 0.567364 -0.129206 3.22444e+09
0.5 -1.5 0 0.676303 0.55283 -0.125265 3.09916e+10
0 -1 0 0.665473 0.544635 -0.0916727 2.2411e+10
0.5 -0.5 0 0.64088 0.56221 -0.148816 1.50583e+10
0 0 0 0.62254 0.55894 -0.119104 1.05363e+10
0.5 0.5 0 0.60271 0.571674 -0.173324 7.07069e+09
0 1 0 0.581201 0.570073 -0.147764 4.8382e+09
0.5 1.5 0 0.565867 0.579345 -0.199353 3.2256e+09
1.5 -1.5 0 0.635254 0.586434 -0.227375 2.62161e+10
1 -1 0 0.646891 0.569977 -0.185285 2.05159e+10
1.5 -0.5 0 0.617636 0.581309 -0.244387 1.34092e+10
1 0 0 0.61649 0.574303 -0.205736 9.97544e+09
1.5 0.5 0 0.59235 0.581582 -0.26203 6.52834e+09
1 1 0 0.583206 0.579861 -0.227482 4.67724e+09
1.5 1.5 0 0.56398 0.584091 -0.281161 3.05052e+09
2.5 -1.5 0 0.561282 0.623163 -0.332977 1.98337e+10
2 -1 0 0.600941 0.59653 -0.287823 1.69298e+10
2.5 -0.5 0 0.566954 0.60144 -0.346201 1.08346e+10
2 0 0 0.588611 0.587595 -0.302185 8.67385e+09
2.5 0.5 0 0.559786 0.58954 -0.358342 5.55995e+09
2 1 0 0.568419 0.584676 -0.317318 4.22436e+09
2.5 1.5 0 0.544662 0.584156 -0.371258 2.70209e+09
-2.25 -1.25 0.25 0.766325 -0.0354983 0.00690869 8.99767e+09
-2.25 -0.25 0.25 0.729018 -0.0307973 -0.0468326 4.23315e+09
-2.25 0.75 0.25 0.69338 -0.0268537 -0.0990081 1.96182e+09
-1.25 -1.25 0.25 0.752865 0.0443024 -0.0453898 8.70343e+09
-1.75 -0.75 0.25 0.74046 0.00492552 -0.0420725 6.12708e+09
-1.25 -0.25 0.25 0.710952 0.0423739 -0.0933094 4.11121e+09
-1.75 0.25 0.25 0.701341 0.00599202 -0.092452 2.86143e+09
-1.25 0.75 0.25 0.672158 0.0405051 -0.140757 1.91047e+09
-1.75 1.25 0.25 0.665929 0.00713903 -0.142772 1.3142e+09
-0.25 -1.25 0.25 0.72912 0.123374 -0.120893 7.9203e+09
-0.75 -0.75 0.25 0.721065 0.081759 -0.102575 5.79071e+09
-0.25 -0.25 0.25 0.687322 0.115416 -0.160872 3.81782e+09
-0.75 0.25 0.25 0.679762 0.0767986 -0.146531 2.7299e+09
-0.25 0.75 0.25 0.648322 0.108279 -0.201254 1.79661e+09
-0.75 1.25 0.25 0.642806 0.0728866 -0.19137 1.26138e+09
0.75 -1.25 0.25 0.689378 0.197367 -0.215821 6.72589e+09
0.25 -0.75 0.25 0.691997 0.155661 -0.184119 5.17972e+09
0.75 -0.25 0.25 0.654338 0.183561 -0.246785 3.3661e+09
0.25 0.25 0.25 0.653183 0.145357 -0.219711 2.49864e+09
0.75 0.75 0.25 0.619557 0.171808 -0.278579 1.62336e+09
0.25 1.25 0.25 0.617478 0.137031 -0.256987 1.17147e+09
1.75 -1.25 0.25 0.626816 0.264689 -0.322452 5.27788e+09
1.25 -0.75 0.25 0.64729 0.222976 -0.281705 4.33915e+09
1.75 -0.25 0.25 0.60573 0.244017 -0.345352 2.78508e+09
1.25 0.25 0.25 0.617135 0.207359 -0.308391 2.17446e+09
1.75 0.75 0.25 0.580836 0.227499 -0.368588 1.3955e+09
1.25 1.25 0.25 0.586848 0.195175 -0.337078 1.04588e+09
2.25 -0.75 0.25 0.580244 0.283094 -0.387162 3.36867e+09
2.25 0.25 0.25 0.56519 0.260994 -0.4065 1.77815e+09
2.25 1.25 0.25 0.545554 0.24459 -0.42716 8.88634e+08
-2.5 -1 0.5 0.684121 0.0961887 0.0723998 2.54342e+10
-2.5 0 0.5 0.643146 0.0980431 0.0269703 1.18744e+10
-2.5 1 0.5 0.605491 0.0995491 -0.0177797 5.44987e+09
-2 -1.5 0.5 0.704288 0.134816 0.0738549 3.76197e+10
-1.5 -1 0.5 0.678008 0.171775 0.02708 2.57304e+10
-2 -0.5 0.5 0.659695 0.13335 0.0306341 1.76006e+10
-1.5 0 0.5 0.633253 0.166967 -0.0128876 1.19379e+10
-2 0.5 0.5 0.618293 0.13182 -0.0121097 8.12111e+09
-1.5 1 0.5 0.592988 0.162758 -0.0533781 5.45652e+09
-2 1.5 0.5 0.581391 0.130595 -0.0550267 3.67189e+09
-1 -1.5 0.5 0.696242 0.212706 0.0154267 3.68505e+10
-0.5 -1 0.5 0.665257 0.244575 -0.037365 2.44183e+10
-1 -0.5 0.5 0.649583 0.204735 -0.0210571 1.72674e+10
-0.5 0 0.5 0.620727 0.233913 -0.0706526 1.14271e+10
-1 0.5 0.5 0.606409 0.197278 -0.0582921 7.97166e+09
-0.5 1 0.5 0.58017 0.224763 -0.105398 5.25094e+09
-1 1.5 0.5 0.568155 0.191388 -0.0966451 3.60586e+09
0 -1.5 0.5 0.676612 0.286168 -0.0621987 3.33751e+10
0.5 -1 0.5 0.641741 0.311932 -0.119725 2.15607e+10
0 -0.5 0.5 0.633761 0.272192 -0.0910718 1.59773e+10
0.5 0 0.5 0.6029 0.296036 -0.145486 1.03538e+10
0 0.5 0.5 0.592514 0.25977 -0.121516 7.47604e+09
0.5 1 0.5 0.565443 0.282873 -0.173291 4.83852e+09
0 1.5 0.5 0.554988 0.250039 -0.153827 3.41153e+09
1 -1.5 0.5 0.639572 0.353788 -0.156082 2.76865e+10
1.5 -1 0.5 0.601334 0.372944 -0.216093 1.75414e+10
1 -0.5 0.5 0.607519 0.333513 -0.17728 1.38165e+10
1.5 0 0.5 0.574527 0.351494 -0.23452 8.79593e+09
1 0.5 0.5 0.573212 0.316663 -0.200258 6.65277e+09
1.5 1 0.5 0.544813 0.334682 -0.254986 4.23762e+09
1 1.5 0.5 0.539601 0.303884 -0.225532 3.09503e+09
2 -1.5 0.5 0.578943 0.415777 -0.259831 2.09204e+10
2.5 -1 0.5 0.537817 0.428176 -0.319325 1.30734e+10
2 -0.5 0.5 0.564489 0.388187 -0.27501 1.10591e+10
2.5 0 0.5 0.529177 0.40014 -0.332505 6.94176e+09
2 0.5 0.5 0.542899 0.366472 -0.291074 5.56437e+09
2.5 1 0.5 0.512536 0.379096 -0.346591 3.49528e+09
2 1.5 0.5 0.517594 0.350793 -0.309251 2.67215e+09
-2.25 -0.75 0.75 0.690242 0.255001 -0.0187517 6.13481e+09
-2.25 0.25 0.75 0.648394 0.262318 -0.0688494 2.86611e+09
-2.25 1.25 0.75 0.611504 0.267808 -0.119157 1.3177e+09
-1.75 -1.25 0.75 0.71161 0.29197 -0.0165763 9.0287e+09
-1.25 -0.75 0.75 0.68657 0.332352 -0.0680237 6.17665e+09
-1.75 -0.25 0.75 0.666913 0.297341 -0.0642416 4.23532e+09
-1.25 0.25 0.75 0.64347 0.33381 -0.112255 2.8809e+09
-1.75 0.75 0.75 0.626449 0.30066 -0.111871 1.96088e+09
-1.25 1.25 0.75 0.605485 0.334101 -0.157674 1.32247e+09
-0.75 -1.25 0.75 0.704767 0.36626 -0.0811604 8.824e+09
-0.25 -0.75 0.75 0.676692 0.397076 -0.13957 5.89541e+09
-0.75 -0.25 0.75 0.661162 0.366225 -0.121264 4.16783e+09
-0.25 0.25 0.75 0.636292 0.394032 -0.175801 2.7818e+09
-0.75 0.75 0.75 0.620838 0.364719 -0.162381 1.93564e+09
-0.25 1.25 0.75 0.599422 0.390647 -0.214116 1.28528e+09
0.25 -1.25 0.75 0.685505 0.426719 -0.167312 8.04978e+09
0.75 -0.75 0.75 0.653843 0.447779 -0.229748 5.27115e+09
0.25 -0.25 0.75 0.648831 0.421498 -0.19832 3.8999e+09
0.75 0.25 0.75 0.621594 0.440306 -0.256896 2.55771e+09
0.25 0.75 0.75 0.612348 0.416449 -0.231109 1.83831e+09
0.75 1.25 0.75 0.589389 0.434223 -0.286729 1.2024e+09
1.25 -1.25 0.75 0.645582 0.475209 -0.269029 6.76189e+09
1.75 -0.75 0.75 0.609725 0.487365 -0.331995 4.35516e+09
1.25 -0.25 0.75 0.622574 0.463139 -0.290984 3.42557e+09
1.75 0.25 0.75 0.591821 0.473636 -0.350676 2.21057e+09
1.25 0.75 0.75 0.59506 0.454294 -0.314883 1.66336e+09
1.75 1.25 0.75 0.569165 0.464223 -0.371967 1.07194e+09
2.25 -1.25 0.75 0.577457 0.516199 -0.377124 5.18451e+09
2.25 -0.25 0.75 0.574349 0.494705 -0.392428 2.7882e+09
2.25 0.75 0.75 0.561551 0.480042 -0.408586 1.41628e+09
-2.5 -1.5 1 0.812118 -0.204335 0.0662769 3.21638e+10
-2.5 -0.5 1 0.781479 -0.229359 0.0144455 1.50168e+10
-2.5 0.5 1 0.749798 -0.250297 -0.0348864 6.89666e+09
-2.5 1.5 1 0.719133 -0.266505 -0.0832563 3.10378e+09
-1.5 -1.5 1 0.794575 -0.155441 0.0258289 2.90761e+10
-2 -1 1 0.787759 -0.196025 0.0232569 2.11467e+10
-1.5 -0.5 1 0.756522 -0.190472 -0.0203563 1.35952e+10
-2 0 1 0.752847 -0.223593 -0.0248961 9.7842e+09
-1.5 0.5 1 0.71951 -0.21845 -0.065817 6.26978e+09
-2 1 1 0.719075 -0.245178 -0.0721409 4.45843e+09
-1.5 1.5 1 0.68517 -0.238963 -0.111584 2.83484e+09
-0.5 -1.5 1 0.763492 -0.102493 -0.0314322 2.41665e+10
-1 -1 1 0.760423 -0.150159 -0.0222247 1.84201e+10
-0.5 -0.5 1 0.721016 -0.145081 -0.0709679 1.15315e+10
-1 0 1 0.720318 -0.185318 -0.0651285 8.6175e+09
-0.5 0.5 1 0.681062 -0.178514 -0.111321 5.41016e+09
-1 1 1 0.683063 -0.211918 -0.10857 3.96672e+09
-0.5 1.5 1 0.644762 -0.202415 -0.153156 2.47955e+09
0.5 -1.5 1 0.716397 -0.0439782 -0.105104 1.85283e+10
0 -1 1 0.720427 -0.0976912 -0.0841461 1.49273e+10
0.5 -0.5 1 0.674446 -0.0908534 -0.137286 9.18181e+09
0 0 1 0.678615 -0.138134 -0.120665 7.17022e+09
0.5 0.5 1 0.635103 -0.127963 -0.171345 4.43675e+09
0 1 1 0.640321 -0.168577 -0.158956 3.36903e+09
0.5 1.5 1 0.59909 -0.154478 -0.207876 2.07881e+09
1.5 -1.5 1 0.651 0.0200516 -0.192365 1.31405e+10
1 -1 1 0.666287 -0.0375994 -0.161423 1.12698e+10
1.5 -0.5 1 0.615963 -0.027964 -0.21757 6.8593e+09
1 0 1 0.627761 -0.080756 -0.190874 5.63651e+09
1.5 0.5 1 0.581843 -0.0668576 -0.244774 3.453e+09
1 1 1 0.591722 -0.113777 -0.222871 2.73089e+09
1.5 1.5 1 0.549042 -0.0949748 -0.274986 1.66832e+09
2.5 -1.5 1 0.565736 0.0874257 -0.286838 8.65001e+09
2 -1 1 0.596515 0.0287839 -0.250438 7.93174e+09
2.5 -0.5 1 0.544376 0.0408122 -0.307458 4.80315e+09
2 0 1 0.567117 -0.0147781 -0.273398 4.17785e+09
2.5 0.5 1 0.520577 0.00196947 -0.328688 2.54294e+09
2 1 1 0.537412 -0.0488613 -0.298758 2.10748e+09
2.5 1.5 1 0.494596 -0.026313 -0.352518 1.27771e+09
-2.25 -1.25 1.25 0.653652 0.434261 0.0667144 4.05785e+09
-2.25 -0.25 1.25 0.618399 0.440768 0.0195917 1.93159e+09
-2.25 0.75 1.25 0.588275 0.444754 -0.027346 9.05825e+08
-1.25 -1.25 1.25 0.658066 0.505236 0.0114789 4.14933e+09
-1.75 -0.75 1.25 0.638348 0.4737 0.020425 2.85325e+09
-1.25 -0.25 1.25 0.623308 0.505789 -0.02788 1.96626e+09
-1.75 0.25 1.25 0.605002 0.475799 -0.0233801 1.34267e+09
-1.25 0.75 1.25 0.592912 0.504375 -0.0685534 9.18115e+08
-1.75 1.25 1.25 0.577833 0.475911 -0.0678234 6.2255e+08
-0.25 -1.25 1.25 0.653447 0.56042 -0.0669017 3.95725e+09
-0.75 -0.75 1.25 0.640834 0.533937 -0.0420984 2.82936e+09
-0.25 -0.25 1.25 0.624262 0.555859 -0.0965535 1.9014e+09
-0.75 0.25 1.25 0.609263 0.531193 -0.0777991 1.33437e+09
-0.25 0.75 1.25 0.596416 0.550819 -0.128819 8.9414e+08
-0.75 1.25 1.25 0.582463 0.527279 -0.115421 6.18958e+08
0.75 -1.25 1.25 0.631501 0.602299 -0.163938 3.47602e+09
0.25 -0.75 1.25 0.633642 0.578856 -0.125339 2.6295e+09
0.75 -0.25 1.25 0.614288 0.591628 -0.183328 1.7289e+09
0.25 0.25 1.25 0.608473 0.572019 -0.151381 1.26315e+09
0.75 0.75 1.25 0.593363 0.583345 -0.20612 8.30764e+08
0.25 1.25 1.25 0.584729 0.565537 -0.180418 5.92228e+08
1.75 -1.25 1.25 0.583522 0.635784 -0.271943 2.78502e+09
1.25 -0.75 1.25 0.608108 0.611843 -0.224098 2.26162e+09
1.75 -0.25 1.25 0.584824 0.616883 -0.282634 1.4602e+09
1.25 0.25 1.25 0.595254 0.59971 -0.240478 1.12687e+09
1.75 0.75 1.25 0.576408 0.603874 -0.296461 7.28615e+08
1.25 1.25 1.25 0.57883 0.590598 -0.260349 5.41116e+08
2.25 -0.75 1.25 0.55595 0.637892 -0.330521 1.78344e+09
2.25 0.25 1.25 0.561509 0.618199 -0.339309 9.36494e+08
2.25 1.25 1.25 0.557728 0.60472 -0.350975 4.67312e+08
-2.5 -1 1.5 0.800965 -0.111587 0.0635497 1.20453e+10
-2.5 0 1.5 0.77273 -0.13433 0.0153069 5.62024e+09
-2.5 1 1.5 0.744586 -0.152383 -0.0314292 2.57637e+09
-2 -1.5 1.5 0.806512 -0.0671562 0.0680634 1.6804e+10
-1.5 -1 1.5 0.779147 -0.0534425 0.0222574 1.08776e+10
-2 -0.5 1.5 0.776158 -0.097617 0.0219064 7.90916e+09
-1.5 0 1.5 0.746362 -0.0856127 -0.0203566 5.09475e+09
-2 0.5 1.5 0.745497 -0.122264 -0.0232588 3.66079e+09
-1.5 1 1.5 0.715119 -0.110336 -0.0631817 2.34751e+09
-2 1.5 1.5 0.716661 -0.14065 -0.0680747 1.66203e+09
-1 -1.5 1.5 0.780597 -0.00147004 0.0151746 1.45266e+10
-0.5 -1 1.5 0.744845 0.0100547 -0.0345665 9.11765e+09
-1 -0.5 1.5 0.746551 -0.041592 -0.023762 6.91978e+09
-0.5 0 1.5 0.710787 -0.02956 -0.070381 4.356e+09
-1 0.5 1.5 0.713396 -0.0735652 -0.0636186 3.23974e+09
-0.5 1 1.5 0.678833 -0.0597973 -0.108001 2.03977e+09
-1 1.5 1.5 0.682944 -0.0968251 -0.10455 1.48535e+09
0 -1.5 1.5 0.739117 0.0686675 -0.0537358 1.15557e+10
0.5 -1 1.5 0.696675 0.0798927 -0.106678 7.10982e+09
0 -0.5 1.5 0.705968 0.0218407 -0.0844668 5.67552e+09
0.5 0 1.5 0.666012 0.0354277 -0.134672 3.51718e+09
0 0.5 1.5 0.673659 -0.0157343 -0.117741 2.72287e+09
0.5 1 1.5 0.636463 0.000971636 -0.165779 1.6915e+09
0 1.5 1.5 0.643793 -0.0430471 -0.153405 1.27191e+09
1 -1.5 1.5 0.679586 0.142903 -0.137207 8.48422e+09
1.5 -1 1.5 0.63276 0.154894 -0.191909 5.16268e+09
1 -0.5 1.5 0.653522 0.0928713 -0.159418 4.36554e+09
1.5 0 1.5 0.611273 0.108325 -0.211904 2.67853e+09
1 0.5 1.5 0.626434 0.0517188 -0.185132 2.17244e+09
1.5 1 1.5 0.588048 0.0712471 -0.235652 1.33648e+09
1 1.5 1.5 0.599925 0.0213397 -0.214258 1.04307e+09
2 -1.5 1.5 0.599438 0.219037 -0.230762 5.76891e+09
2.5 -1 1.5 0.550849 0.23164 -0.284932 3.4958e+09
2 -0.5 1.5 0.587511 0.169102 -0.245752 3.1467e+09
2.5 0 1.5 0.544747 0.185598 -0.298579 1.92025e+09
2 0.5 1.5 0.570802 0.126549 -0.263965 1.64145e+09
2.5 1 1.5 0.532406 0.147807 -0.315338 1.00303e+09
2 1.5 1.5 0.551149 0.0945289 -0.285909 8.17223e+08
