449
-2.5 -1 -1.5 -0.856209 -0.0490632 0.300968 1.55604e+09
-2.5 0 -1.5 -0.846026 0.00319075 0.356 2.5522e+09
-2.5 1 -1.5 -0.821492 0.0530144 0.411943 3.46815e+09
-2 -1.5 -1.5 -0.849416 -0.0339973 0.2828 1.09903e+09
-1.5 -1 -1.5 -0.833764 0.0371916 0.31433 1.35765e+09
-2 -0.5 -1.5 -0.84065 0.0253199 0.337008 1.9088e+09
-1.5 0 -1.5 -0.812606 0.104136 0.37094 2.20963e+09
-2 0.5 -1.5 -0.818106 0.085506 0.393596 2.89099e+09
-1.5 1 -1.5 -0.774157 0.170555 0.425597 3.03242e+09
-2 1.5 -1.5 -0.778415 0.143378 0.444012 3.46626e+09
-1 -1.5 -1.5 -0.826498 0.04272 0.289039 9.35528e+08
-0.5 -1 -1.5 -0.801044 0.11516 0.315152 1.10711e+09
-1 -0.5 -1.5 -0.806706 0.112716 0.344323 1.59284e+09
-0.5 0 -1.5 -0.765945 0.19048 0.372112 1.76262e+09
-1 0.5 -1.5 -0.769589 0.185211 0.401367 2.39382e+09
-0.5 1 -1.5 -0.709072 0.265757 0.425635 2.41355e+09
-1 1.5 -1.5 -0.711392 0.255539 0.447449 2.92686e+09
0 -1.5 -1.5 -0.795925 0.114567 0.284681 7.52426e+08
0.5 -1 -1.5 -0.761296 0.18672 0.306291 8.53657e+08
0 -0.5 -1.5 -0.763242 0.189986 0.339854 1.24302e+09
0.5 0 -1.5 -0.711147 0.264678 0.362403 1.3189e+09
0 0.5 -1.5 -0.709252 0.267792 0.396215 1.83116e+09
0.5 1 -1.5 -0.634488 0.341202 0.414217 1.78364e+09
0 1.5 -1.5 -0.628348 0.341916 0.439582 2.26124e+09
1 -1.5 -1.5 -0.760001 0.182716 0.27239 5.76356e+08
1.5 -1 -1.5 -0.717191 0.252931 0.290539 6.28493e+08
1 -0.5 -1.5 -0.713958 0.259089 0.326707 9.1996e+08
1.5 0 -1.5 -0.65256 0.328783 0.345227 9.4085e+08
1 0.5 -1.5 -0.643069 0.336082 0.381434 1.32106e+09
1.5 1 -1.5 -0.557731 0.400238 0.394969 1.25123e+09
1 1.5 -1.5 -0.539637 0.406045 0.42272 1.63175e+09
2 -1.5 -1.5 -0.720608 0.247293 0.254521 4.23253e+08
2.5 -1 -1.5 -0.670979 0.313728 0.270291 4.45314e+08
2 -0.5 -1.5 -0.662011 0.320994 0.307825 6.53089e+08
2.5 0 -1.5 -0.593949 0.383736 0.323651 6.47606e+08
2 0.5 -1.5 -0.576301 0.392292 0.36072 9.14558e+08
2.5 1 -1.5 -0.485209 0.445531 0.371804 8.48163e+08
2 1.5 -1.5 -0.454559 0.452236 0.4007 1.12544e+09
-2.25 -0.75 -1.25 -0.786438 0.246974 0.419322 7.6631e+08
-2.25 0.25 -1.25 -0.748232 0.280957 0.481021 1.21152e+09
-2.25 1.25 -1.25 -0.694539 0.316846 0.541246 1.53733e+09
-1.75 -1.25 -1.25 -0.791336 0.273464 0.392127 5.81344e+08
-1.25 -0.75 -1.25 -0.759097 0.338618 0.421543 7.58871e+08
-1.75 -0.25 -1.25 -0.751655 0.316758 0.452784 9.92268e+08
-1.25 0.25 -1.25 -0.703408 0.390552 0.481894 1.21178e+09
-1.75 0.75 -1.25 -0.696899 0.361626 0.512636 1.43892e+09
-1.25 1.25 -1.25 -0.627042 0.446915 0.535684 1.56959e+09
-0.75 -1.25 -1.25 -0.770104 0.350243 0.387642 5.52746e+08
-0.25 -0.75 -1.25 -0.731411 0.4142 0.410644 6.90706e+08
-0.75 -0.25 -1.25 -0.715374 0.406967 0.447705 9.41042e+08
-0.25 0.25 -1.25 -0.658386 0.476957 0.470654 1.09664e+09
-0.75 0.75 -1.25 -0.63948 0.466932 0.505733 1.37791e+09
-0.25 1.25 -1.25 -0.557871 0.544005 0.522099 1.44471e+09
0.25 -1.25 -1.25 -0.749443 0.415103 0.371778 4.88208e+08
0.75 -0.75 -1.25 -0.706006 0.476574 0.390539 5.81639e+08
0.25 -0.25 -1.25 -0.681466 0.479407 0.431735 8.16356e+08
0.75 0.25 -1.25 -0.619171 0.543846 0.451115 9.05911e+08
0.25 0.75 -1.25 -0.586709 0.546514 0.489715 1.19097e+09
0.75 1.25 -1.25 -0.4996 0.613006 0.503368 1.20051e+09
1.25 -1.25 -1.25 -0.729919 0.470422 0.348307 4.02687e+08
1.75 -0.75 -1.25 -0.683095 0.528274 0.365078 4.56869e+08
1.25 -0.25 -1.25 -0.652073 0.53728 0.408949 6.54243e+08
1.75 0.25 -1.25 -0.58748 0.594844 0.427295 6.92401e+08
1.25 0.75 -1.25 -0.544185 0.60497 0.468409 9.40379e+08
1.75 1.25 -1.25 -0.457417 0.659767 0.482594 9.12636e+08
2.25 -1.25 -1.25 -0.711026 0.517982 0.320678 3.11997e+08
2.25 -0.25 -1.25 -0.627163 0.583303 0.383043 4.8993e+08
2.25 0.75 -1.25 -0.513262 0.646457 0.445286 6.89157e+08
-2.5 -1.5 -1 -0.835766 -0.146004 0.219336 1.79104e+09
-2.5 -0.5 -1 -0.844434 -0.0998366 0.268171 3.33527e+09
-2.5 0.5 -1 -0.84227 -0.0534871 0.32045 5.57575e+09
-2.5 1.5 -1 -0.824417 -0.0145222 0.372276 7.67169e+09
-1.5 -1.5 -1 -0.822082 -0.0742013 0.239086 1.57204e+09
-2 -1 -1 -0.834026 -0.084029 0.255533 2.32363e+09
-1.5 -0.5 -1 -0.822998 -0.0168356 0.290557 2.88158e+09
-2 0 -1 -0.834064 -0.0300808 0.307932 4.11878e+09
-1.5 0.5 -1 -0.810949 0.042365 0.345965 4.79137e+09
-2 1 -1 -0.819884 0.021108 0.362166 6.36381e+09
-1.5 1.5 -1 -0.781562 0.0942646 0.398636 6.71204e+09
-0.5 -1.5 -1 -0.799179 -0.00485962 0.246155 1.29909e+09
-1 -1 -1 -0.810944 -0.00948892 0.269583 1.95249e+09
-0.5 -0.5 -1 -0.788967 0.0586399 0.299146 2.30957e+09
-1 0 -1 -0.80014 0.0534221 0.324375 3.38734e+09
-0.5 0.5 -1 -0.762998 0.123663 0.356402 3.74745e+09
-1 1 -1 -0.772613 0.114012 0.380942 5.20595e+09
-0.5 1.5 -1 -0.716914 0.180302 0.410297 5.25523e+09
0.5 -1.5 -1 -0.769045 0.063354 0.243022 1.0189e+09
0 -1 -1 -0.778398 0.0612683 0.271741 1.54317e+09
0.5 -0.5 -1 -0.745593 0.12873 0.296706 1.7431e+09
0 0 -1 -0.753801 0.1275 0.327652 2.58597e+09
0.5 0.5 -1 -0.703366 0.193618 0.354422 2.73023e+09
0 1 -1 -0.709403 0.189919 0.385233 3.88434e+09
0.5 1.5 -1 -0.637651 0.247248 0.408591 3.77027e+09
1.5 -1.5 -1 -0.733189 0.130574 0.23208 7.63232e+08
1 -1 -1 -0.738687 0.129395 0.264678 1.15875e+09
1.5 -0.5 -1 -0.695707 0.194462 0.286076 1.2541e+09
1 0 -1 -0.69884 0.194463 0.320839 1.86609e+09
1.5 0.5 -1 -0.636766 0.254754 0.343479 1.89267e+09
1 1 -1 -0.636094 0.252762 0.378161 2.71686e+09
1.5 1.5 -1 -0.551122 0.299925 0.396933 2.5541e+09
2.5 -1.5 -1 -0.692925 0.195728 0.215485 5.48948e+08
2 -1 -1 -0.693794 0.194715 0.250859 8.33257e+08
2.5 -0.5 -1 -0.641988 0.255404 0.269792 8.6833e+08
2 0 -1 -0.638918 0.255239 0.306973 1.29124e+09
2.5 0.5 -1 -0.567971 0.307957 0.326734 1.26741e+09
2 1 -1 -0.558798 0.305331 0.363481 1.82274e+09
2.5 1.5 -1 -0.465423 0.341683 0.379368 1.67378e+09
-2.25 -1.25 -0.75 -0.803333 0.244634 0.308913 8.49414e+08
-2.25 -0.25 -0.75 -0.782382 0.277169 0.368265 1.54455e+09
-2.25 0.75 -0.75 -0.749452 0.311194 0.429842 2.47118e+09
-1.25 -1.25 -0.75 -0.792036 0.317619 0.316746 8.41812e+08
-1.75 -0.75 -0.75 -0.785955 0.302509 0.344272 1.16636e+09
-1.25 -0.25 -0.75 -0.758104 0.364341 0.376618 1.53628e+09
-1.75 0.25 -0.75 -0.752216 0.344068 0.405143 2.0211e+09
-1.25 0.75 -0.75 -0.707416 0.414233 0.438676 2.48737e+09
-1.75 1.25 -0.75 -0.701511 0.388555 0.466261 2.95884e+09
-0.25 -1.25 -0.75 -0.778549 0.379574 0.310388 7.75546e+08
-0.75 -0.75 -0.75 -0.767273 0.375205 0.344683 1.11e+09
-0.25 -0.25 -0.75 -0.731869 0.435326 0.370939 1.39358e+09
-0.75 0.25 -0.75 -0.717767 0.428938 0.406633 1.91708e+09
-0.25 0.75 -0.75 -0.663264 0.494349 0.434655 2.24022e+09
-0.75 1.25 -0.75 -0.645912 0.485643 0.468284 2.83954e+09
0.75 -1.25 -0.75 -0.764025 0.433234 0.293712 6.66321e+08
0.25 -0.75 -0.75 -0.747854 0.436027 0.332923 9.75418e+08
0.75 -0.25 -0.75 -0.706814 0.493385 0.355378 1.16186e+09
0.25 0.25 -0.75 -0.684398 0.496246 0.396378 1.64906e+09
0.75 0.75 -0.75 -0.62412 0.555479 0.421339 1.82562e+09
0.25 1.25 -0.75 -0.593656 0.557866 0.460215 2.4308e+09
1.75 -1.25 -0.75 -0.748238 0.480604 0.270477 5.35757e+08
1.25 -0.75 -0.75 -0.728475 0.487708 0.313108 7.96167e+08
1.75 -0.25 -0.75 -0.68344 0.541241 0.334012 8.98911e+08
1.25 0.25 -0.75 -0.65481 0.54943 0.378576 1.30199e+09
1.75 0.75 -0.75 -0.592275 0.601301 0.402782 1.36903e+09
1.25 1.25 -0.75 -0.551439 0.609901 0.445519 1.8857e+09
2.25 -0.75 -0.75 -0.708874 0.532108 0.288901 6.07679e+08
2.25 0.25 -0.75 -0.629325 0.591241 0.35704 9.56601e+08
2.25 1.25 -0.75 -0.521204 0.645727 0.427511 1.35172e+09
-2.5 -1 -0.5 -0.807516 -0.207811 0.180598 3.9659e+09
-2.5 0 -0.5 -0.826216 -0.166675 0.226591 7.53514e+09
-2.5 1 -0.5 -0.833479 -0.127516 0.275028 1.28688e+10
-2 -1.5 -0.5 -0.791279 -0.19544 0.174712 2.65709e+09
-1.5 -1 -0.5 -0.793251 -0.140751 0.210327 3.45479e+09
-2 -0.5 -0.5 -0.811029 -0.151163 0.220893 5.18188e+09
-1.5 0 -0.5 -0.805416 -0.0903754 0.260193 6.46662e+09
-2 0.5 -0.5 -0.82194 -0.104054 0.270709 9.40018e+09
-1.5 1 -0.5 -0.805256 -0.0410536 0.313452 1.10414e+10
-2 1.5 -0.5 -0.81813 -0.0637626 0.321321 1.48916e+10
-1 -1.5 -0.5 -0.775172 -0.132328 0.195856 2.2656e+09
-0.5 -1 -0.5 -0.768185 -0.0747513 0.226079 2.81719e+09
-1 -0.5 -0.5 -0.786783 -0.081686 0.244915 4.30403e+09
-0.5 0 -0.5 -0.769296 -0.0207383 0.278791 5.09922e+09
-1 0.5 -0.5 -0.788062 -0.0284181 0.298575 7.64116e+09
-0.5 1 -0.5 -0.756696 0.0305977 0.335575 8.48902e+09
-1 1.5 -0.5 -0.774113 0.0175711 0.353643 1.21107e+10
0 -1.5 -0.5 -0.751024 -0.0677736 0.204456 1.82825e+09
0.5 -1 -0.5 -0.734293 -0.00860498 0.230161 2.17265e+09
0 -0.5 -0.5 -0.750949 -0.0147196 0.255682 3.34317e+09
0.5 0 -0.5 -0.721126 0.0447298 0.284927 3.76593e+09
0 0.5 -0.5 -0.738423 0.0385625 0.311935 5.70979e+09
0.5 1 -0.5 -0.69238 0.0918604 0.34378 6.02166e+09
0 1.5 -0.5 -0.709777 0.0816217 0.369972 8.83238e+09
1 -1.5 -0.5 -0.71992 -0.00162773 0.202738 1.40465e+09
1.5 -1 -0.5 -0.693055 0.0574189 0.224958 1.59703e+09
1 -0.5 -0.5 -0.705874 0.0507784 0.255735 2.45963e+09
1.5 0 -0.5 -0.663993 0.107034 0.281348 2.6457e+09
1 0.5 -0.5 -0.676881 0.0998079 0.313687 4.01456e+09
1.5 1 -0.5 -0.617271 0.146246 0.341389 4.05153e+09
1 1.5 -0.5 -0.630338 0.134257 0.37322 5.98422e+09
2 -1.5 -0.5 -0.682644 0.0649028 0.192945 1.0323e+09
2.5 -1 -0.5 -0.645925 0.121705 0.212776 1.12605e+09
2 -0.5 -0.5 -0.653766 0.114232 0.247567 1.7309e+09
2.5 0 -0.5 -0.601213 0.165388 0.270623 1.78884e+09
2 0.5 -0.5 -0.607737 0.156369 0.306796 2.70483e+09
2.5 1 -0.5 -0.537309 0.194884 0.331393 2.63547e+09
2 1.5 -0.5 -0.542455 0.179631 0.36691 3.88221e+09
-2.25 -0.75 -0.25 -0.790211 0.264681 0.245973 1.73019e+09
-2.25 0.25 -0.25 -0.778738 0.292612 0.304621 3.19434e+09
-2.25 1.25 -0.25 -0.754341 0.32314 0.365983 5.18239e+09
-1.75 -1.25 -0.25 -0.792749 0.284613 0.227608 1.24682e+09
-1.25 -0.75 -0.25 -0.783765 0.333701 0.261968 1.72446e+09
-1.75 -0.25 -0.25 -0.780245 0.317747 0.285675 2.4026e+09
-1.25 0.25 -0.25 -0.758974 0.374178 0.323092 3.19529e+09
-1.75 0.75 -0.25 -0.7557 0.353992 0.347224 4.2296e+09
-1.25 1.25 -0.25 -0.717236 0.417422 0.38775 5.25359e+09
-0.75 -1.25 -0.25 -0.789193 0.343087 0.234647 1.20015e+09
-0.25 -0.75 -0.25 -0.773188 0.391821 0.262221 1.58904e+09
-0.75 -0.25 -0.25 -0.765077 0.385951 0.294305 2.29135e+09
-0.25 0.25 -0.25 -0.734938 0.440334 0.325885 2.89012e+09
-0.75 0.75 -0.25 -0.724411 0.432636 0.359255 4.01467e+09
-0.25 1.25 -0.25 -0.675298 0.490791 0.394739 4.70762e+09
0.25 -1.25 -0.25 -0.782162 0.393942 0.228048 1.07868e+09
0.75 -0.75 -0.25 -0.759897 0.442065 0.251041 1.35765e+09
0.25 -0.25 -0.25 -0.747287 0.442787 0.289352 2.00416e+09
0.75 0.25 -0.25 -0.71049 0.494309 0.317353 2.38514e+09
0.25 0.75 -0.25 -0.692239 0.494855 0.357747 3.42367e+09
0.75 1.25 -0.25 -0.636889 0.546598 0.390266 3.78196e+09
1.25 -1.25 -0.25 -0.771773 0.439608 0.211827 9.05801e+08
1.75 -0.75 -0.25 -0.74403 0.486502 0.232525 1.0795e+09
1.25 -0.25 -0.25 -0.728112 0.49107 0.275272 1.61827e+09
1.75 0.25 -0.25 -0.686689 0.538687 0.301822 1.81639e+09
1.25 0.75 -0.25 -0.662692 0.543807 0.347033 2.6614e+09
1.75 1.25 -0.25 -0.605144 0.588022 0.378533 2.78099e+09
2.25 -1.25 -0.25 -0.757866 0.481356 0.189664 7.11841e+08
2.25 -0.25 -0.25 -0.707787 0.532503 0.255949 1.21575e+09
2.25 0.75 -0.25 -0.636717 0.581934 0.331121 1.91736e+09
-2.5 -1.5 0 -0.740611 -0.316775 0.0969012 4.59118e+09
-2.5 -0.5 0 -0.775605 -0.284056 0.137721 9.37358e+09
-2.5 0.5 0 -0.805247 -0.247329 0.18089 1.8151e+10
-2.5 1.5 0 -0.822513 -0.214548 0.225697 3.16239e+10
-1.5 -1.5 0 -0.728424 -0.263218 0.134285 4.05152e+09
-2 -1 0 -0.752717 -0.273104 0.138665 6.21758e+09
-1.5 -0.5 0 -0.759316 -0.224277 0.179138 8.12581e+09
-2 0 0 -0.784456 -0.233807 0.182974 1.23543e+10
-1.5 0.5 0 -0.784789 -0.180628 0.22745 1.55472e+10
-2 1 0 -0.807687 -0.192804 0.230297 2.29401e+10
-1.5 1.5 0 -0.79874 -0.139819 0.278761 2.73133e+10
-0.5 -1.5 0 -0.708158 -0.205664 0.157024 3.37491e+09
-1 -1 0 -0.73313 -0.215417 0.17028 5.25659e+09
-0.5 -0.5 0 -0.730258 -0.164065 0.205281 6.54475e+09
-1 0 0 -0.75788 -0.172197 0.218724 1.01677e+10
-0.5 0.5 0 -0.745864 -0.119961 0.257816 1.20876e+10
-1 1 0 -0.774156 -0.128124 0.271314 1.85197e+10
-0.5 1.5 0 -0.750794 -0.0809775 0.314214 2.07411e+10
0.5 -1.5 0 -0.680843 -0.144004 0.166865 2.6704e+09
0 -1 0 -0.704187 -0.154783 0.187828 4.18631e+09
0.5 -0.5 0 -0.690589 -0.102413 0.218173 4.96302e+09
0 0 0 -0.717243 -0.111814 0.239818 7.76675e+09
0.5 0.5 0 -0.691876 -0.0622551 0.27422 8.73818e+09
0 1 0 -0.721206 -0.0716806 0.296467 1.35704e+10
0.5 1.5 0 -0.682791 -0.0320012 0.334225 1.4344e+10
1.5 -1.5 0 -0.646768 -0.0795911 0.165952 2.01536e+09
1 -1 0 -0.667005 -0.0916123 0.193401 3.16497e+09
1.5 -0.5 0 -0.641955 -0.0401231 0.220118 3.57867e+09
1 0 0 -0.665136 -0.0517079 0.24857 5.59734e+09
1.5 0.5 0 -0.626332 -0.00634126 0.279226 5.99144e+09
1 1 0 -0.652752 -0.0195061 0.308418 9.2954e+09
1.5 1.5 0 -0.59971 0.0123684 0.341915 9.36026e+09
2.5 -1.5 0 -0.606212 -0.0148655 0.156618 1.45591e+09
2 -1 0 -0.622419 -0.0277859 0.189325 2.28478e+09
2.5 -0.5 0 -0.58617 0.0206236 0.213531 2.47283e+09
2 0 0 -0.604216 0.00714999 0.24742 3.85292e+09
2.5 0.5 0 -0.553434 0.0468094 0.275323 3.95343e+09
2 1 0 -0.573859 0.0299906 0.309937 6.09305e+09
2.5 1.5 0 -0.508603 0.0540546 0.339889 5.90583e+09
-2.25 -1.25 0.25 -0.773335 0.238916 0.119729 1.82154e+09
-2.25 -0.25 0.25 -0.782328 0.256563 0.175029 3.64506e+09
-2.25 0.75 0.25 -0.783891 0.276514 0.233912 6.83008e+09
-1.25 -1.25 0.25 -0.781585 0.296139 0.144145 1.82985e+09
-1.75 -0.75 0.25 -0.78125 0.279584 0.16226 2.6208e+09
-1.25 -0.25 0.25 -0.780701 0.323078 0.202352 3.65966e+09
-1.75 0.25 0.25 -0.781563 0.303719 0.221254 5.12051e+09
-1.25 0.75 0.25 -0.768715 0.353435 0.266095 6.87538e+09
-1.75 1.25 0.25 -0.770191 0.330276 0.284948 9.15605e+09
-0.25 -1.25 0.25 -0.783947 0.345601 0.151217 1.72336e+09
-0.75 -0.75 0.25 -0.781652 0.336442 0.178564 2.53633e+09
-0.25 -0.25 0.25 -0.772486 0.379433 0.211768 3.37569e+09
-0.75 0.25 0.25 -0.769601 0.369208 0.241159 4.89786e+09
-0.25 0.75 0.25 -0.746388 0.416958 0.28016 6.20063e+09
-0.75 1.25 0.25 -0.742039 0.404332 0.310838 8.69381e+09
0.75 -1.25 0.25 -0.780769 0.390001 0.144944 1.51772e+09
0.25 -0.75 0.25 -0.776464 0.385921 0.179368 2.27897e+09
0.75 -0.25 0.25 -0.759588 0.428425 0.207996 2.86741e+09
0.25 0.25 0.25 -0.752682 0.424379 0.245338 4.26388e+09
0.75 0.75 0.25 -0.7217 0.469403 0.280586 5.06226e+09
0.25 1.25 0.25 -0.710504 0.464108 0.320419 7.3455e+09
1.75 -1.25 0.25 -0.772061 0.431113 0.129412 1.24762e+09
1.25 -0.75 0.25 -0.766197 0.430416 0.169155 1.90084e+09
1.75 -0.25 0.25 -0.742794 0.471797 0.195483 2.25225e+09
1.25 0.25 0.25 -0.732799 0.471526 0.238569 3.40318e+09
1.75 0.75 0.25 -0.696523 0.512664 0.272007 3.79109e+09
1.25 1.25 0.25 -0.680055 0.511647 0.318179 5.61734e+09
2.25 -0.75 0.25 -0.751288 0.470963 0.151939 1.47485e+09
2.25 0.25 0.25 -0.710922 0.511848 0.22502 2.51366e+09
2.25 1.25 0.25 -0.652569 0.548599 0.308448 3.96602e+09
-2.5 -1 0.5 -0.70325 -0.401141 0.0606434 1.1576e+10
-2.5 0 0.5 -0.748668 -0.369859 0.0997229 2.39311e+10
-2.5 1 0.5 -0.788321 -0.33494 0.140848 4.69971e+10
-2 -1.5 0.5 -0.673318 -0.39293 0.0664929 7.55824e+09
-1.5 -1 0.5 -0.685829 -0.354674 0.108808 1.01706e+10
-2 -0.5 0.5 -0.718715 -0.362357 0.107416 1.57575e+10
-1.5 0 0.5 -0.72945 -0.318954 0.153104 2.06918e+10
-2 0.5 0.5 -0.762439 -0.325298 0.150397 3.18127e+10
-1.5 1 0.5 -0.768733 -0.278558 0.200621 4.03679e+10
-2 1.5 0.5 -0.797442 -0.286812 0.196289 6.0168e+10
-1 -1.5 0.5 -0.653254 -0.345143 0.104343 6.50563e+09
-0.5 -1 0.5 -0.658948 -0.302453 0.140968 8.38516e+09
-1 -0.5 0.5 -0.693846 -0.311852 0.14979 1.32159e+10
-0.5 0 0.5 -0.694911 -0.266432 0.189946 1.64622e+10
-1 0.5 0.5 -0.733012 -0.273199 0.198143 2.59939e+10
-0.5 1 0.5 -0.727081 -0.228494 0.24293 3.09968e+10
-1 1.5 0.5 -0.765414 -0.233425 0.250573 4.84738e+10
0 -1.5 0.5 -0.626667 -0.290672 0.127087 5.30892e+09
0.5 -1 0.5 -0.623982 -0.2449 0.158655 6.54185e+09
0 -0.5 0.5 -0.657916 -0.256923 0.176635 1.03787e+10
0.5 0 0.5 -0.647673 -0.211236 0.212003 1.22609e+10
0 0.5 0.5 -0.686578 -0.221438 0.229829 1.95205e+10
0.5 1 0.5 -0.666961 -0.180628 0.269747 2.1919e+10
0 1.5 0.5 -0.710048 -0.188995 0.287508 3.48806e+10
1 -1.5 0.5 -0.593848 -0.23098 0.136517 4.12477e+09
1.5 -1 0.5 -0.581382 -0.184146 0.164038 4.85654e+09
1 -0.5 0.5 -0.612388 -0.19851 0.189909 7.71096e+09
1.5 0 0.5 -0.589858 -0.154561 0.221488 8.65972e+09
1 0.5 0.5 -0.626204 -0.168774 0.247572 1.37609e+10
1.5 1 0.5 -0.592403 -0.133064 0.283503 1.46434e+10
1 1.5 0.5 -0.635153 -0.147857 0.309612 2.32504e+10
2 -1.5 0.5 -0.554555 -0.168747 0.134952 3.05974e+09
2.5 -1 0.5 -0.531634 -0.123294 0.159635 3.44628e+09
2 -0.5 0.5 -0.558434 -0.139162 0.191994 5.46083e+09
2.5 0 0.5 -0.52389 -0.0990245 0.220877 5.85659e+09
2 0.5 0.5 -0.55524 -0.116293 0.253743 9.25072e+09
2.5 1 0.5 -0.50868 -0.0865337 0.286544 9.41443e+09
2 1.5 0.5 -0.5465 -0.107084 0.319488 1.4799e+10
-2.25 -0.75 0.75 -0.767111 0.189684 0.0503861 3.96642e+09
-2.25 0.25 0.75 -0.790846 0.197494 0.106341 8.00853e+09
-2.25 1.25 0.75 -0.807244 0.207018 0.167325 1.51637e+10
-1.75 -1.25 0.75 -0.762229 0.216888 0.0442987 2.79438e+09
-1.25 -0.75 0.75 -0.777578 0.252216 0.0880773 4.01944e+09
-1.75 -0.25 0.75 -0.783508 0.227666 0.100669 5.75826e+09
-1.25 0.25 0.75 -0.790681 0.267716 0.14917 8.10136e+09
-1.75 0.75 0.75 -0.798522 0.240362 0.162094 1.13565e+10
-1.25 1.25 0.75 -0.793493 0.284848 0.217361 1.5347e+10
-0.75 -1.25 0.75 -0.77338 0.271969 0.0699028 2.75167e+09
-0.25 -0.75 0.75 -0.78049 0.306868 0.105749 3.80073e+09
-0.75 -0.25 0.75 -0.784699 0.289569 0.129899 5.60375e+09
-0.25 0.25 0.75 -0.781722 0.329042 0.171102 7.47492e+09
-0.75 0.75 0.75 -0.786542 0.309667 0.197109 1.0888e+10
-0.25 1.25 0.75 -0.769913 0.352473 0.24591 1.37846e+10
0.25 -1.25 0.75 -0.777597 0.320566 0.0778912 2.54353e+09
0.75 -0.75 0.75 -0.776378 0.355702 0.107805 3.3379e+09
0.25 -0.25 0.75 -0.778546 0.344051 0.140944 5.02859e+09
0.75 0.25 0.75 -0.766566 0.38292 0.177111 6.30204e+09
0.25 0.75 0.75 -0.767572 0.369846 0.213231 9.42158e+09
0.75 1.25 0.75 -0.742277 0.409868 0.257366 1.11177e+10
1.25 -1.25 0.75 -0.774728 0.364745 0.0724901 2.19441e+09
1.75 -0.75 0.75 -0.765713 0.400169 0.0988233 2.71684e+09
1.25 -0.25 0.75 -0.766114 0.392774 0.138725 4.15762e+09
1.75 0.25 0.75 -0.746749 0.43017 0.172051 4.87953e+09
1.25 0.75 0.75 -0.744524 0.421638 0.215516 7.41977e+09
1.75 1.25 0.75 -0.71329 0.457505 0.256804 8.17601e+09
2.25 -1.25 0.75 -0.765101 0.405578 0.0579023 1.76265e+09
2.25 -0.25 0.75 -0.748465 0.436266 0.127685 3.17748e+09
2.25 0.75 0.75 -0.719084 0.465388 0.208602 5.37884e+09
-2.5 -1.5 1 -0.62932 -0.514306 0.00306669 1.46698e+10
-2.5 -0.5 1 -0.68225 -0.487881 0.0400177 3.12862e+10
-2.5 0.5 1 -0.735153 -0.454539 0.077831 6.51026e+10
-2.5 1.5 1 -0.780771 -0.41824 0.117664 1.28263e+11
-1.5 -1.5 1 -0.606174 -0.479278 0.0546717 1.30467e+10
-2 -1 1 -0.644987 -0.484834 0.0508617 2.03356e+10
-1.5 -0.5 1 -0.65883 -0.44996 0.0972366 2.73778e+10
-2 0 1 -0.699768 -0.452599 0.0911185 4.27387e+10
-1.5 0.5 1 -0.713478 -0.412865 0.141404 5.62616e+10
-2 1 1 -0.752612 -0.413424 0.133406 8.70681e+10
-1.5 1.5 1 -0.763793 -0.370092 0.188835 1.11024e+11
-0.5 -1.5 1 -0.576492 -0.435088 0.0895918 1.09728e+10
-1 -1 1 -0.616784 -0.444235 0.0965925 1.73623e+10
-0.5 -0.5 1 -0.623734 -0.405 0.137144 2.23025e+10
-1 0 1 -0.668971 -0.410822 0.142477 3.55486e+10
-0.5 0.5 1 -0.673093 -0.369633 0.1871 4.41694e+10
-1 1 1 -0.721128 -0.371093 0.191283 7.07454e+10
-0.5 1.5 1 -0.720673 -0.330648 0.241081 8.43059e+10
0.5 -1.5 1 -0.541425 -0.382857 0.109061 8.7739e+09
0 -1 1 -0.580744 -0.395401 0.125824 1.3983e+10
0.5 -0.5 1 -0.579021 -0.353392 0.161183 1.71078e+10
0 0 1 -0.624666 -0.363581 0.176924 2.74628e+10
0.5 0.5 1 -0.617242 -0.322851 0.216577 3.2214e+10
0 1 1 -0.668963 -0.329519 0.231612 5.21448e+10
0.5 1.5 1 -0.654976 -0.294074 0.276225 5.81911e+10
1.5 -1.5 1 -0.500753 -0.325273 0.115225 6.68799e+09
1 -1 1 -0.537611 -0.34028 0.140397 1.06875e+10
1.5 -0.5 1 -0.525626 -0.297714 0.171632 1.24545e+10
1 0 1 -0.568968 -0.311691 0.196416 1.99857e+10
1.5 0.5 1 -0.548733 -0.273362 0.232113 2.22076e+10
1 1 1 -0.599664 -0.28613 0.256528 3.58349e+10
1.5 1.5 1 -0.571021 -0.25652 0.296837 3.77412e+10
2.5 -1.5 1 -0.453987 -0.265829 0.11076 4.87019e+09
2 -1 1 -0.487431 -0.282202 0.142852 7.78419e+09
2.5 -0.5 1 -0.464485 -0.24156 0.171232 8.65737e+09
2 0 1 -0.503659 -0.257989 0.203476 1.38404e+10
2.5 0.5 1 -0.470809 -0.223807 0.236303 1.46548e+10
2 1 1 -0.517361 -0.241291 0.268507 2.34435e+10
2.5 1.5 1 -0.475211 -0.217512 0.30523 2.35656e+10
-2.25 -1.25 1.25 -0.74046 -0.00492552 -0.0420725 6.12708e+09
-2.25 -0.25 1.25 -0.780602 -0.00313874 0.0102555 1.29046e+10
-2.25 0.75 1.25 -0.817479 -4.6989e-05 0.0664795 2.6348e+10
-1.25 -1.25 1.25 -0.753368 0.06992 -0.00401133 6.16088e+09
-1.75 -0.75 1.25 -0.766325 0.0354983 0.00690869 8.99767e+09
-1.25 -0.25 1.25 -0.786279 0.0786581 0.0538609 1.29163e+10
-1.75 0.25 1.25 -0.801836 0.0413303 0.0643776 1.87184e+10
-1.25 0.75 1.25 -0.814084 0.0883435 0.117702 2.62227e+10
-1.75 1.25 1.25 -0.830753 0.0480209 0.127775 3.72587e+10
-0.25 -1.25 1.25 -0.760219 0.139274 0.0135025 5.86433e+09
-0.75 -0.75 1.25 -0.772285 0.111324 0.0364203 8.75526e+09
-0.25 -0.25 1.25 -0.783618 0.154812 0.0755522 1.20163e+10
-0.75 0.25 1.25 -0.798003 0.124096 0.0997172 1.79098e+10
-0.25 0.75 1.25 -0.799506 0.171037 0.146017 2.3649e+10
-0.75 1.25 1.25 -0.815172 0.136789 0.171626 3.49222e+10
0.75 -1.25 1.25 -0.760117 0.202041 0.0144306 5.24199e+09
0.25 -0.75 1.25 -0.771073 0.180625 0.0467308 7.97001e+09
0.75 -0.25 1.25 -0.773274 0.223606 0.0802157 1.03385e+10
0.25 0.25 1.25 -0.785559 0.199862 0.11502 1.57253e+10
0.75 0.75 1.25 -0.777207 0.245088 0.156415 1.9407e+10
0.25 1.25 1.25 -0.789828 0.217825 0.194224 2.93744e+10
1.75 -1.25 1.25 -0.75237 0.258443 0.00339213 4.37144e+09
1.25 -0.75 1.25 -0.762322 0.242907 0.042743 6.74349e+09
1.75 -0.25 1.25 -0.755798 0.284469 0.0730091 8.21435e+09
1.25 0.25 1.25 -0.765992 0.267041 0.115647 1.26746e+10
1.75 0.75 1.25 -0.749265 0.308794 0.154233 1.45931e+10
1.25 1.25 1.25 -0.758616 0.288087 0.200753 2.24252e+10
2.25 -0.75 1.25 -0.746292 0.298119 0.0292143 5.29357e+09
2.25 0.25 1.25 -0.740586 0.324807 0.106584 9.42284e+09
2.25 1.25 1.25 -0.723962 0.346258 0.196494 1.57576e+10
-2.5 -1 1.5 -0.678008 -0.171775 0.02708 2.57304e+10
-2.5 0 1.5 -0.7249 -0.176366 0.067358 5.4613e+10
-2.5 1 1.5 -0.769387 -0.180238 0.109176 1.12478e+11
-2 -1.5 1.5 -0.659695 -0.13335 0.0306341 1.76006e+10
-1.5 -1 1.5 -0.684121 -0.0961887 0.0723998 2.54342e+10
-2 -0.5 1.5 -0.704288 -0.134816 0.0738549 3.76197e+10
-1.5 0 1.5 -0.726165 -0.0941396 0.119749 5.35338e+10
-2 0.5 1.5 -0.748859 -0.135923 0.118839 7.87869e+10
-1.5 1 1.5 -0.765445 -0.0925606 0.170627 1.09288e+11
-2 1.5 1.5 -0.788296 -0.137167 0.166931 1.58143e+11
-1 -1.5 1.5 -0.66604 -0.0611443 0.0640053 1.69933e+10
-0.5 -1 1.5 -0.684958 -0.0212227 0.0995621 2.36467e+10
-1 -0.5 1.5 -0.704383 -0.0556717 0.112943 3.57609e+10
-0.5 0 1.5 -0.718019 -0.0125603 0.153206 4.84271e+10
-1 0.5 1.5 -0.741059 -0.0506995 0.16563 7.33194e+10
-0.5 1 1.5 -0.746538 -0.00619514 0.212545 9.54278e+10
-1 1.5 1.5 -0.772152 -0.0483298 0.22362 1.43716e+11
0 -1.5 1.5 -0.668235 0.00905412 0.0807164 1.55222e+10
0.5 -1 1.5 -0.67996 0.050262 0.111063 2.06327e+10
0 -0.5 1.5 -0.697586 0.021121 0.134631 3.17055e+10
0.5 0 1.5 -0.701755 0.0646874 0.17043 4.05473e+10
0 0.5 1.5 -0.722713 0.0317267 0.194339 6.24477e+10
0.5 1 1.5 -0.717028 0.0750573 0.237203 7.59397e+10
0 1.5 1.5 -0.741175 0.0369326 0.261148 1.16769e+11
1 -1.5 1.5 -0.664863 0.0752714 0.0835115 1.33577e+10
1.5 -1 1.5 -0.668204 0.116304 0.110164 1.68471e+10
1 -0.5 1.5 -0.683713 0.0927079 0.142036 2.61918e+10
1.5 0 1.5 -0.678184 0.134717 0.174775 3.15085e+10
1 0.5 1.5 -0.696077 0.107596 0.207979 4.90305e+10
1.5 1 1.5 -0.68016 0.147437 0.247809 5.57468e+10
1 1.5 1.5 -0.700624 0.114776 0.282077 8.65353e+10
2 -1.5 1.5 -0.654759 0.136187 0.0756319 1.07922e+10
2.5 -1 1.5 -0.649506 0.175493 0.100265 1.28717e+10
2 -0.5 1.5 -0.662842 0.157082 0.138608 2.0173e+10
2.5 0 1.5 -0.648416 0.195583 0.169716 2.28385e+10
2 0.5 1.5 -0.662984 0.174088 0.210006 3.57461e+10
2.5 1 1.5 -0.638746 0.208431 0.247874 3.82174e+10
2 1.5 1.5 -0.654624 0.181687 0.289896 5.9534e+10
