449
-2.5 -1 -1.5 0.21253 0.180912 0.590911 2.32568e+10
-2.5 0 -1.5 0.227672 0.219031 0.531294 2.23661e+10
-2.5 1 -1.5 0.248382 0.249101 0.458638 2.20692e+10
-2 -1.5 -1.5 0.220973 0.178506 0.57204 2.6654e+10
-1.5 -1 -1.5 0.242803 0.218188 0.504195 2.88359e+10
-2 -0.5 -1.5 0.235659 0.216928 0.519924 2.48519e+10
-1.5 0 -1.5 0.259489 0.251143 0.44456 2.62975e+10
-2 0.5 -1.5 0.251716 0.250259 0.453982 2.34498e+10
-1.5 1 -1.5 0.273659 0.276783 0.373591 2.41368e+10
-2 1.5 -1.5 0.27088 0.273274 0.377323 2.26171e+10
-1 -1.5 -1.5 0.246416 0.227319 0.485972 3.473e+10
-0.5 -1 -1.5 0.268783 0.272126 0.415808 3.77629e+10
-1 -0.5 -1.5 0.266744 0.256469 0.431258 3.08882e+10
-0.5 0 -1.5 0.291155 0.290115 0.353927 3.23263e+10
-1 0.5 -1.5 0.282216 0.280334 0.365677 2.72687e+10
-0.5 1 -1.5 0.301418 0.299614 0.28491 2.73395e+10
-1 1.5 -1.5 0.291048 0.294082 0.291705 2.41331e+10
0 -1.5 -1.5 0.27559 0.297504 0.397086 4.76821e+10
0.5 -1 -1.5 0.300864 0.345874 0.321902 5.11603e+10
0 -0.5 -1.5 0.291692 0.313147 0.340391 4.00112e+10
0.5 0 -1.5 0.313612 0.344898 0.260913 4.05728e+10
0 0.5 -1.5 0.313875 0.314516 0.273641 3.25311e+10
0.5 1 -1.5 0.334136 0.323089 0.193061 3.04501e+10
0 1.5 -1.5 0.315604 0.30333 0.204562 2.5772e+10
1 -1.5 -1.5 0.31224 0.393734 0.300544 6.69993e+10
1.5 -1 -1.5 0.343466 0.438821 0.217604 6.81467e+10
1 -0.5 -1.5 0.327516 0.383394 0.240566 5.21001e+10
1.5 0 -1.5 0.349567 0.397625 0.159857 4.74448e+10
1 0.5 -1.5 0.332015 0.358061 0.181584 3.77814e+10
1.5 1 -1.5 0.348647 0.334809 0.108205 2.98313e+10
1 1.5 -1.5 0.355274 0.304781 0.116412 2.49815e+10
2 -1.5 -1.5 0.37226 0.484997 0.187763 8.70684e+10
2.5 -1 -1.5 0.391658 0.49048 0.109717 6.93313e+10
2 -0.5 -1.5 0.365334 0.455158 0.138758 5.93471e+10
2.5 0 -1.5 0.387676 0.406731 0.0672595 3.73006e+10
2 0.5 -1.5 0.366839 0.360345 0.086815 3.44326e+10
2.5 1 -1.5 0.349824 0.210001 0.042649 1.72337e+10
2 1.5 -1.5 0.363323 0.263647 0.0500834 1.76984e+10
-2.25 -0.75 -1.25 0.17908 0.108501 0.555871 5.92758e+09
-2.25 0.25 -1.25 0.169419 0.136561 0.501069 5.60553e+09
-2.25 1.25 -1.25 0.157528 0.149486 0.438578 5.37306e+09
-1.75 -1.25 -1.25 0.196662 0.0887359 0.538417 6.77014e+09
-1.25 -0.75 -1.25 0.20452 0.102525 0.475805 7.17288e+09
-1.75 -0.25 -1.25 0.186275 0.122218 0.49014 6.22529e+09
-1.25 0.25 -1.25 0.189559 0.129797 0.42356 6.39242e+09
-1.75 0.75 -1.25 0.171584 0.14271 0.432668 5.72084e+09
-1.25 1.25 -1.25 0.165523 0.13829 0.366112 5.64442e+09
-0.75 -1.25 -1.25 0.222369 0.0827641 0.457642 8.53397e+09
-0.25 -0.75 -1.25 0.226303 0.090101 0.396917 8.86473e+09
-0.75 -0.25 -1.25 0.210296 0.110899 0.411595 7.41218e+09
-0.25 0.25 -1.25 0.208212 0.107933 0.34924 7.32918e+09
-0.75 0.75 -1.25 0.185137 0.12602 0.358852 6.31785e+09
-0.25 1.25 -1.25 0.171566 0.111084 0.297623 5.83944e+09
0.25 -1.25 -1.25 0.263843 0.0808881 0.369972 1.0974e+10
0.75 -0.75 -1.25 0.265279 0.077358 0.308501 1.08049e+10
0.25 -0.25 -1.25 0.221279 0.0814119 0.338793 8.72269e+09
0.75 0.25 -1.25 0.200829 0.0607139 0.286468 7.82438e+09
0.25 0.75 -1.25 0.194217 0.0931321 0.291768 6.68316e+09
0.75 1.25 -1.25 0.166516 0.066648 0.238752 5.30984e+09
1.25 -1.25 -1.25 0.320564 0.061746 0.271172 1.30985e+10
1.75 -0.75 -1.25 0.298185 0.0644834 0.212695 1.10169e+10
1.25 -0.25 -1.25 0.24969 0.0718287 0.249736 9.54128e+09
1.75 0.25 -1.25 0.203214 0.071768 0.192446 6.92186e+09
1.25 0.75 -1.25 0.158795 0.0425321 0.237815 6.01389e+09
1.75 1.25 -1.25 0.130704 0.0640251 0.160116 3.66652e+09
2.25 -1.25 -1.25 0.369336 0.130619 0.146529 1.29566e+10
2.25 -0.25 -1.25 0.266039 0.120803 0.138 7.46103e+09
2.25 0.75 -1.25 0.181779 0.0280845 0.106737 3.97334e+09
-2.5 -1.5 -1 0.223091 0.181138 0.606957 2.30611e+10
-2.5 -0.5 -1 0.237387 0.22244 0.554845 2.18528e+10
-2.5 0.5 -1 0.256382 0.25798 0.487966 2.09733e+10
-2.5 1.5 -1 0.282719 0.282719 0.409482 2.06256e+10
-1.5 -1.5 -1 0.251375 0.22256 0.517751 2.86967e+10
-2 -1 -1 0.246051 0.220045 0.538259 2.45986e+10
-1.5 -0.5 -1 0.271004 0.258392 0.46439 2.59405e+10
-2 0 -1 0.262484 0.257863 0.478895 2.28055e+10
-1.5 0.5 -1 0.287197 0.289799 0.398814 2.33411e+10
-2 1 -1 0.280973 0.287628 0.406887 2.13067e+10
-1.5 1.5 -1 0.302451 0.311396 0.323157 2.09621e+10
-0.5 -1.5 -1 0.276128 0.283082 0.42696 3.73063e+10
-1 -1 -1 0.274987 0.264978 0.446608 3.06326e+10
-0.5 -0.5 -1 0.300624 0.303488 0.369803 3.19656e+10
-1 0 -1 0.296841 0.293038 0.385691 2.67966e+10
-0.5 0.5 -1 0.321351 0.32009 0.303642 2.66235e+10
-1 1 -1 0.309867 0.314688 0.315818 2.30818e+10
-0.5 1.5 -1 0.327936 0.326425 0.232501 2.16399e+10
0.5 -1.5 -1 0.308593 0.361286 0.330513 4.93093e+10
0 -1 -1 0.300173 0.329328 0.352329 3.93268e+10
0.5 -0.5 -1 0.321988 0.369013 0.273663 3.92459e+10
0 0 -1 0.325578 0.334068 0.289012 3.18349e+10
0.5 0.5 -1 0.343536 0.350045 0.209042 2.93052e+10
0 1 -1 0.340309 0.333259 0.221865 2.48104e+10
0.5 1.5 -1 0.348992 0.325844 0.14554 2.05809e+10
1.5 -1.5 -1 0.342744 0.453531 0.230727 6.08245e+10
1 -1 -1 0.333785 0.405029 0.251647 4.89492e+10
1.5 -0.5 -1 0.347892 0.429966 0.175436 4.3112e+10
1 0 -1 0.334368 0.394368 0.197175 3.56493e+10
1.5 0.5 -1 0.331321 0.389048 0.130017 2.71706e+10
1 1 -1 0.348163 0.340043 0.136423 2.34404e+10
1.5 1.5 -1 0.333635 0.285683 0.0764332 1.4899e+10
2.5 -1.5 -1 0.387162 0.501201 0.127727 5.57553e+10
2 -1 -1 0.357177 0.47899 0.157523 5.09725e+10
2.5 -0.5 -1 0.372553 0.441498 0.0869199 3.11967e+10
2 0 -1 0.346554 0.407988 0.106855 3.01797e+10
2.5 0.5 -1 0.340139 0.24802 0.0473739 1.4655e+10
2 1 -1 0.339354 0.313806 0.0664141 1.55068e+10
2.5 1.5 -1 0.425963 0.0826338 -0.0217518 6.60208e+09
-2.25 -1.25 -0.75 0.176079 0.0363495 0.581837 5.57476e+09
-2.25 -0.25 -0.75 0.155459 0.0758267 0.537807 5.17628e+09
-2.25 0.75 -0.75 0.133831 0.10358 0.483811 4.81196e+09
-1.25 -1.25 -0.75 0.209991 0.0237431 0.495619 6.72692e+09
-1.75 -0.75 -0.75 0.183194 0.051006 0.519047 5.81379e+09
-1.25 -0.25 -0.75 0.187097 0.0612192 0.455109 5.91724e+09
-1.75 0.25 -0.75 0.158318 0.0853055 0.472132 5.23432e+09
-1.25 0.75 -0.75 0.155993 0.0890839 0.406497 5.10191e+09
-1.75 1.25 -0.75 0.130581 0.104933 0.4179 4.66908e+09
-0.25 -1.25 -0.75 0.241384 0.0104486 0.408317 8.17527e+09
-0.75 -0.75 -0.75 0.213784 0.0330382 0.434363 6.88102e+09
-0.25 -0.25 -0.75 0.214215 0.039686 0.371439 6.71907e+09
-0.75 0.25 -0.75 0.186032 0.0656049 0.390923 5.77664e+09
-0.25 0.75 -0.75 0.172764 0.0583285 0.330566 5.26448e+09
-0.75 1.25 -0.75 0.143425 0.0816672 0.34373 4.68813e+09
0.75 -1.25 -0.75 0.288266 0.0147026 0.308363 9.58085e+09
0.25 -0.75 -0.75 0.234028 0.0168623 0.349662 7.91494e+09
0.75 -0.25 -0.75 0.203432 0.0112424 0.299168 6.93832e+09
0.25 0.25 -0.75 0.197944 0.0381593 0.313101 6.07301e+09
0.75 0.75 -0.75 0.156536 0.0284664 0.261153 4.77033e+09
0.25 1.25 -0.75 0.140196 0.048114 0.274113 4.25913e+09
1.75 -1.25 -0.75 0.310213 0.0192612 0.207472 9.08101e+09
1.25 -0.75 -0.75 0.258076 0.0230849 0.25336 8.19436e+09
1.75 -0.25 -0.75 0.191749 0.0479365 0.197412 5.83015e+09
1.25 0.25 -0.75 0.145998 0.0178461 0.251628 5.22293e+09
1.75 0.75 -0.75 0.112844 0.0489081 0.16837 3.24364e+09
1.25 1.25 -0.75 0.106477 0.0114743 0.196606 3.04688e+09
2.25 -0.75 -0.75 0.261909 0.0911524 0.133785 6.10165e+09
2.25 0.25 -0.75 0.153544 -0.000751453 0.105038 3.398e+09
2.25 1.25 -0.75 0.0287322 -0.142207 0.0940227 1.12241e+09
-2.5 -1 -0.5 0.245779 0.220981 0.574991 2.00374e+10
-2.5 0 -0.5 0.262459 0.261262 0.515219 1.89039e+10
-2.5 1 -0.5 0.286152 0.291885 0.441721 1.79938e+10
-2 -1.5 -0.5 0.254037 0.219038 0.552993 2.26915e+10
-1.5 -1 -0.5 0.278138 0.260736 0.481414 2.38547e+10
-2 -0.5 -0.5 0.270769 0.259936 0.500993 2.08562e+10
-1.5 0 -0.5 0.296627 0.296984 0.422106 2.12419e+10
-2 0.5 -0.5 0.287903 0.295946 0.435188 1.90889e+10
-1.5 1 -0.5 0.311323 0.326033 0.351794 1.86536e+10
-2 1.5 -0.5 0.310165 0.319463 0.357901 1.74842e+10
-1 -1.5 -0.5 0.279385 0.269476 0.459335 2.80862e+10
-0.5 -1 -0.5 0.303044 0.313379 0.384893 2.90713e+10
-1 -0.5 -0.5 0.304137 0.300387 0.40428 2.45003e+10
-0.5 0 -0.5 0.32971 0.334082 0.322731 2.42013e+10
-1 0.5 -0.5 0.321528 0.328482 0.339359 2.08907e+10
-0.5 1 -0.5 0.343082 0.350033 0.255339 1.93129e+10
-1 1.5 -0.5 0.331189 0.347985 0.266802 1.72431e+10
0 -1.5 -0.5 0.302292 0.339535 0.364047 3.51743e+10
0.5 -1 -0.5 0.323947 0.383039 0.287587 3.46737e+10
0 -0.5 -0.5 0.326608 0.349994 0.305641 2.87656e+10
0.5 0 -0.5 0.342697 0.375142 0.226914 2.60348e+10
0 0.5 -0.5 0.350127 0.357124 0.240639 2.22467e+10
0.5 1 -0.5 0.359465 0.36104 0.163774 1.81783e+10
0 1.5 -0.5 0.357733 0.353759 0.174347 1.62469e+10
1 -1.5 -0.5 0.331989 0.41262 0.265264 4.14988e+10
1.5 -1 -0.5 0.343248 0.4446 0.19305 3.54437e+10
1 -0.5 -0.5 0.33288 0.416925 0.214156 3.07065e+10
1.5 0 -0.5 0.321186 0.425157 0.150628 2.2919e+10
1 0.5 -0.5 0.33939 0.380824 0.156303 2.04309e+10
1.5 1 -0.5 0.323703 0.334273 0.0918327 1.28362e+10
1 1.5 -0.5 0.350602 0.333519 0.0969696 1.22465e+10
2 -1.5 -0.5 0.352605 0.481342 0.177229 3.92534e+10
2.5 -1 -0.5 0.378604 0.453816 0.104099 2.40994e+10
2 -0.5 -0.5 0.339813 0.433499 0.125107 2.44602e+10
2.5 0 -0.5 0.351203 0.271494 0.0512026 1.17854e+10
2 0.5 -0.5 0.330609 0.354192 0.0826388 1.28437e+10
2.5 1 -0.5 0.438788 0.11659 -0.0434167 5.63376e+09
2 1.5 -0.5 0.321977 0.133653 0.0283387 6.01649e+09
-2.25 -0.75 -0.25 0.156359 0.0128594 0.567225 4.54701e+09
-2.25 0.25 -0.25 0.124108 0.0552064 0.52272 4.14054e+09
-2.25 1.25 -0.25 0.0965551 0.0822678 0.468306 3.75103e+09
-1.75 -1.25 -0.25 0.193285 -0.0194971 0.539433 5.1346e+09
-1.25 -0.75 -0.25 0.196251 -0.0063498 0.477468 5.17952e+09
-1.75 -0.25 -0.25 0.159396 0.0256861 0.503519 4.56144e+09
-1.25 0.25 -0.25 0.156875 0.0343278 0.439667 4.39989e+09
-1.75 0.75 -0.25 0.120629 0.0623917 0.458665 3.97506e+09
-1.25 1.25 -0.25 0.111068 0.0668577 0.394595 3.60317e+09
-0.75 -1.25 -0.25 0.227983 -0.0399243 0.447644 5.98667e+09
-0.25 -0.75 -0.25 0.219237 -0.0322908 0.389116 5.74711e+09
-0.75 -0.25 -0.25 0.192612 0.00414228 0.415037 5.00503e+09
-0.25 0.25 -0.25 0.178441 0.0141271 0.35281 4.5001e+09
-0.75 0.75 -0.25 0.146693 0.0406378 0.375858 3.98415e+09
-0.25 1.25 -0.25 0.120251 0.0346378 0.314901 3.26442e+09
0.25 -1.25 -0.25 0.251343 -0.049911 0.355004 6.67494e+09
0.75 -0.75 -0.25 0.215727 -0.0285875 0.300857 5.73737e+09
0.25 -0.25 -0.25 0.20006 -0.0158107 0.329249 5.08214e+09
0.75 0.25 -0.25 0.144921 0.0045538 0.275146 3.98206e+09
0.25 0.75 -0.25 0.14567 0.0161953 0.292636 3.6159e+09
0.75 1.25 -0.25 0.0896836 0.0108276 0.2263 2.41934e+09
1.25 -1.25 -0.25 0.272698 -0.0152779 0.24874 6.54837e+09
1.75 -0.75 -0.25 0.194298 0.00860603 0.192541 4.61259e+09
1.25 -0.25 -0.25 0.143408 -0.0183766 0.254392 4.22924e+09
1.75 0.25 -0.25 0.0956301 0.0211623 0.168587 2.66428e+09
1.25 0.75 -0.25 0.0675181 0.00200126 0.209932 2.57054e+09
1.75 1.25 -0.25 0.0056702 -0.0747862 0.104927 1.42271e+09
2.25 -1.25 -0.25 0.277073 0.0344475 0.122846 4.66559e+09
2.25 -0.25 -0.25 0.143641 -0.0482983 0.0926765 2.74446e+09
2.25 0.75 -0.25 -0.0609656 -0.150374 0.0885665 9.42037e+08
-2.5 -1.5 0 0.253399 0.216886 0.591287 1.72993e+10
-2.5 -0.5 0 0.269017 0.260163 0.539244 1.61883e+10
-2.5 0.5 0 0.288865 0.296963 0.47215 1.51143e+10
-2.5 1.5 0 0.31971 0.31971 0.392671 1.41472e+10
-1.5 -1.5 0 0.282923 0.260269 0.49515 2.05142e+10
-2 -1 0 0.27786 0.258318 0.51957 1.79694e+10
-1.5 -0.5 0 0.302934 0.299334 0.442888 1.82321e+10
-2 0 0 0.29399 0.299146 0.460954 1.63e+10
-1.5 0.5 0 0.318119 0.335239 0.378733 1.58375e+10
-2 1 0 0.313306 0.330078 0.389296 1.45873e+10
-1.5 1.5 0 0.333572 0.357932 0.304525 1.33728e+10
-0.5 -1.5 0 0.301184 0.318698 0.398736 2.44856e+10
-1 -1 0 0.306941 0.303406 0.420819 2.0932e+10
-0.5 -0.5 0 0.331349 0.342435 0.341774 2.04476e+10
-1 0 0 0.327656 0.337046 0.361814 1.78069e+10
-0.5 0.5 0 0.348 0.367562 0.279142 1.63768e+10
-1 1 0 0.338724 0.364704 0.294671 1.45772e+10
-0.5 1.5 0 0.35517 0.382608 0.21154 1.2208e+10
0.5 -1.5 0 0.31845 0.390516 0.304109 2.77774e+10
0 -1 0 0.319788 0.361484 0.324066 2.38408e+10
0.5 -0.5 0 0.33192 0.393725 0.248498 2.1441e+10
0 0 0 0.350673 0.373639 0.26136 1.86424e+10
0.5 0.5 0 0.356188 0.390265 0.185863 1.50701e+10
0 1 0 0.360552 0.385594 0.198861 1.3556e+10
0.5 1.5 0 0.370159 0.376192 0.122166 9.59467e+09
1.5 -1.5 0 0.343883 0.437459 0.210183 2.65268e+10
1 -1 0 0.331553 0.426108 0.232107 2.43381e+10
1.5 -0.5 0 0.318982 0.444074 0.170033 1.78761e+10
1 0 0 0.328296 0.406806 0.178354 1.65826e+10
1.5 0.5 0 0.315736 0.369481 0.109603 1.03945e+10
1 1 0 0.349333 0.37437 0.115653 1.01324e+10
1.5 1.5 0 0.354634 0.287024 0.0459007 5.29266e+09
2.5 -1.5 0 0.403359 0.449003 0.119601 1.70476e+10
2 -1 0 0.345952 0.433615 0.141991 1.8292e+10
2.5 -0.5 0 0.388241 0.278348 0.0515154 8.95675e+09
2 0 0 0.341293 0.379527 0.0965699 1.00305e+10
2.5 0.5 0 0.453346 0.145513 -0.0526524 4.48308e+09
2 1 0 0.325427 0.167888 0.0312384 4.81311e+09
2.5 1.5 0 0.338113 -0.0165897 -0.0513668 2.16321e+09
-2.25 -1.25 0.25 0.170601 -0.0518414 0.589129 3.80835e+09
-2.25 -0.25 0.25 0.127569 0.00218989 0.555075 3.41816e+09
-2.25 0.75 0.25 0.0893309 0.046745 0.508247 3.02802e+09
-1.25 -1.25 0.25 0.214811 -0.074072 0.492159 4.28186e+09
-1.75 -0.75 0.25 0.171925 -0.0360977 0.527323 3.78503e+09
-1.25 -0.25 0.25 0.16775 -0.0203313 0.464318 3.61965e+09
-1.75 0.25 0.25 0.123923 0.0151334 0.491774 3.25429e+09
-1.25 0.75 0.25 0.111852 0.0256649 0.428824 2.91958e+09
-1.75 1.25 0.25 0.0793058 0.0535891 0.445612 2.70879e+09
-0.25 -1.25 0.25 0.232696 -0.0946975 0.398195 4.61417e+09
-0.75 -0.75 0.25 0.207735 -0.0591962 0.431472 4.07791e+09
-0.25 -0.25 0.25 0.18593 -0.0411979 0.370992 3.61944e+09
-0.75 0.25 0.25 0.153635 -0.00487423 0.401013 3.24712e+09
-0.25 0.75 0.25 0.126297 0.0197677 0.334251 2.6372e+09
-0.75 1.25 0.25 0.0934844 0.0402399 0.36207 2.39043e+09
0.75 -1.25 0.25 0.228892 -0.0820637 0.302813 4.42747e+09
0.25 -0.75 0.25 0.195354 -0.0805083 0.344887 3.99294e+09
0.75 -0.25 0.25 0.146968 -0.0376891 0.281875 3.06259e+09
0.25 0.25 0.25 0.140028 -0.0190865 0.31066 2.86282e+09
0.75 0.75 0.25 0.0744298 -0.010575 0.238957 1.94274e+09
0.25 1.25 0.25 0.0836192 0.0272329 0.259526 1.84767e+09
1.75 -1.25 0.25 0.218366 -0.0477055 0.179176 3.40459e+09
1.25 -0.75 0.25 0.161283 -0.0341096 0.241635 3.26554e+09
1.75 -0.25 0.25 0.0874553 -0.0393022 0.161716 2.04117e+09
1.25 0.25 0.25 0.0492555 -0.0218611 0.213089 2.04455e+09
1.75 0.75 0.25 -0.0354495 -0.127245 0.104873 1.17812e+09
1.25 1.25 0.25 -0.0176969 -0.0580153 0.141722 1.09796e+09
2.25 -0.75 0.25 0.157509 -0.12246 0.0737369 2.09727e+09
2.25 0.25 0.25 -0.0749368 -0.188227 0.0643632 7.72791e+08
2.25 1.25 0.25 -0.235421 -0.124902 0.0648093 4.48319e+08
-2.5 -1 0.5 0.275957 0.256721 0.559585 1.31425e+10
-2.5 0 0.5 0.293477 0.297792 0.499748 1.2183e+10
-2.5 1 0.5 0.319496 0.327455 0.425752 1.116e+10
-2 -1.5 0.5 0.283229 0.255042 0.534694 1.45889e+10
-1.5 -1 0.5 0.307799 0.298223 0.46063 1.47282e+10
-2 -0.5 0.5 0.300547 0.298237 0.483519 1.32154e+10
-1.5 0 0.5 0.322821 0.339397 0.403773 1.28014e+10
-2 0.5 0.5 0.316532 0.336133 0.418561 1.17337e+10
-1.5 1 0.5 0.33695 0.370624 0.335183 1.07026e+10
-2 1.5 0.5 0.343778 0.355846 0.341541 1.01382e+10
-1 -1.5 0.5 0.305203 0.304017 0.435736 1.6712e+10
-0.5 -1 0.5 0.325336 0.346027 0.361191 1.61363e+10
-1 -0.5 0.5 0.331461 0.339513 0.382534 1.42833e+10
-0.5 0 0.5 0.352181 0.376226 0.302074 1.30063e+10
-1 0.5 0.5 0.341909 0.376881 0.321773 1.17101e+10
-0.5 1 0.5 0.352612 0.407076 0.241215 9.8427e+09
-1 1.5 0.5 0.352821 0.397393 0.251875 9.02801e+09
0 -1.5 0.5 0.310101 0.366727 0.342698 1.83013e+10
0.5 -1 0.5 0.317575 0.406241 0.273274 1.61074e+10
0 -0.5 0.5 0.34263 0.382062 0.284484 1.44719e+10
0.5 0 0.5 0.347723 0.410699 0.21059 1.16448e+10
0 0.5 0.5 0.364359 0.403468 0.223772 1.07547e+10
0.5 1 0.5 0.367498 0.408456 0.148289 7.60021e+09
0 1.5 0.5 0.358109 0.421384 0.162542 7.12578e+09
1 -1.5 0.5 0.328183 0.426681 0.253272 1.74347e+10
1.5 -1 0.5 0.352492 0.440009 0.180815 1.29657e+10
1 -0.5 0.5 0.312229 0.429726 0.205698 1.26314e+10
1.5 0 0.5 0.315351 0.387013 0.128909 7.8706e+09
1 0.5 0.5 0.34456 0.40323 0.138657 7.84277e+09
1.5 1 0.5 0.373551 0.313002 0.0570948 4.09244e+09
1 1.5 0.5 0.398801 0.365417 0.0682109 4.24799e+09
2 -1.5 0.5 0.372527 0.414221 0.154735 1.25113e+10
2.5 -1 0.5 0.454891 0.280145 0.0454039 6.35996e+09
2 -0.5 0.5 0.376919 0.388518 0.107528 7.31697e+09
2.5 0 0.5 0.474665 0.180528 -0.0506156 3.33203e+09
2 0.5 0.5 0.37735 0.180621 0.0204729 3.65385e+09
2.5 1 0.5 0.381802 -0.0186683 -0.0808705 1.66936e+09
2 1.5 0.5 0.393839 0.0682494 -0.0509181 1.71413e+09
-2.25 -0.75 0.75 0.143212 -0.0567158 0.581298 2.70474e+09
-2.25 0.25 0.75 0.0937934 0.00498545 0.542414 2.36158e+09
-2.25 1.25 0.75 0.0646714 0.0460073 0.487297 2.01828e+09
-1.75 -1.25 0.75 0.195357 -0.0998073 0.543881 2.99104e+09
-1.25 -0.75 0.75 0.188479 -0.0818985 0.482614 2.81727e+09
-1.75 -0.25 0.75 0.136751 -0.0360924 0.518481 2.55329e+09
-1.25 0.25 0.75 0.1216 -0.0137485 0.454516 2.27726e+09
-1.75 0.75 0.75 0.0823995 0.018758 0.479016 2.09928e+09
-1.25 1.25 0.75 0.0621506 0.0309853 0.413679 1.71168e+09
-0.75 -1.25 0.75 0.225353 -0.120758 0.442823 3.13947e+09
-0.25 -0.75 0.75 0.198571 -0.098355 0.38363 2.72697e+09
-0.75 -0.25 0.75 0.170714 -0.0578174 0.419235 2.50056e+09
-0.25 0.25 0.75 0.138697 -0.0333276 0.352131 2.01634e+09
-0.75 0.75 0.75 0.0923844 0.0110265 0.388258 1.85858e+09
-0.25 1.25 0.75 0.057755 0.0555498 0.30471 1.33238e+09
0.25 -1.25 0.75 0.203143 -0.127392 0.351544 2.96228e+09
0.75 -0.75 0.75 0.125385 -0.107144 0.297285 2.23739e+09
0.25 -0.25 0.75 0.146364 -0.0623637 0.320776 2.14488e+09
0.75 0.25 0.75 0.0586185 -0.0434535 0.249021 1.45909e+09
0.25 0.75 0.75 0.0785554 -0.00496893 0.276469 1.40307e+09
0.75 1.25 0.75 -0.0104802 -0.0211719 0.172506 8.06175e+08
1.25 -1.25 0.75 0.193514 -0.103276 0.233262 2.3546e+09
1.75 -0.75 0.75 0.13201 -0.111126 0.134284 1.45894e+09
1.25 -0.25 0.75 0.0515385 -0.0543091 0.209315 1.49347e+09
1.75 0.25 0.75 -0.03736 -0.187338 0.0913901 9.15075e+08
1.25 0.75 0.75 -0.0389516 -0.102046 0.141396 8.49848e+08
1.75 1.25 0.75 -0.214299 -0.239863 0.0465631 3.39782e+08
2.25 -1.25 0.75 0.219352 -0.210757 0.0457327 1.50428e+09
2.25 -0.25 0.75 -0.0659121 -0.279753 0.0368525 5.78938e+08
2.25 0.75 0.75 -0.268617 -0.210555 0.0351512 3.607e+08
-2.5 -1.5 1 0.281018 0.251813 0.576656 1.01477e+10
-2.5 -0.5 1 0.299801 0.296384 0.524081 9.34368e+09
-2.5 0.5 1 0.322068 0.331776 0.456415 8.52675e+09
-2.5 1.5 1 0.354736 0.354736 0.376602 7.5645e+09
-1.5 -1.5 1 0.306856 0.296152 0.476759 1.11949e+10
-2 -1 1 0.306505 0.295631 0.502832 1.01327e+10
-1.5 -0.5 1 0.33034 0.338354 0.425683 9.77354e+09
-2 0 1 0.322031 0.337445 0.445152 9.01845e+09
-1.5 0.5 1 0.337636 0.378927 0.364646 8.22913e+09
-2 1 1 0.343464 0.366781 0.373761 7.74142e+09
-1.5 1.5 1 0.362895 0.395148 0.290363 6.5051e+09
-0.5 -1.5 1 0.313548 0.348072 0.381282 1.18842e+10
-1 -1 1 0.32927 0.338946 0.40243 1.07505e+10
-0.5 -0.5 1 0.349132 0.377881 0.325943 9.68346e+09
-1 0 1 0.348924 0.380534 0.346857 8.90756e+09
-0.5 0.5 1 0.364035 0.417878 0.267766 7.43892e+09
-1 1 1 0.34819 0.415279 0.284101 6.9195e+09
-0.5 1.5 1 0.350945 0.439564 0.204458 5.21893e+09
0.5 -1.5 1 0.313281 0.408846 0.296105 1.12571e+10
0 -1 1 0.325546 0.386279 0.310301 1.05207e+10
0.5 -0.5 1 0.336677 0.412732 0.236814 8.33559e+09
0 0 1 0.362189 0.411654 0.249689 7.94173e+09
0.5 0.5 1 0.366726 0.429407 0.175656 5.6307e+09
0 1 1 0.378052 0.438961 0.190167 5.4684e+09
0.5 1.5 1 0.41578 0.423763 0.108867 3.20809e+09
1.5 -1.5 1 0.358542 0.422999 0.203287 8.44705e+09
1 -1 1 0.324349 0.441807 0.229798 8.6102e+09
1.5 -0.5 1 0.392571 0.435984 0.146112 5.46991e+09
1 0 1 0.341983 0.421215 0.16241 5.68128e+09
1.5 0.5 1 0.407594 0.329283 0.0691324 2.98993e+09
1 1 1 0.414567 0.390412 0.0911737 3.16689e+09
1.5 1.5 1 0.424422 0.189778 -0.0251991 1.29309e+09
2.5 -1.5 1 0.520406 0.379381 0.0405559 3.8892e+09
2 -1 1 0.433748 0.386717 0.116209 4.95604e+09
2.5 -0.5 1 0.519113 0.190916 -0.0434207 2.32642e+09
2 0 1 0.46445 0.295349 -0.000227907 2.45449e+09
2.5 0.5 1 0.438377 0.0100582 -0.103065 1.17259e+09
2 1 1 0.427161 0.074982 -0.0607355 1.28224e+09
2.5 1.5 1 0.254254 -0.0807486 -0.090713 5.78624e+08
-2.25 -1.25 1.25 0.171347 -0.113356 0.599623 2.05117e+09
-2.25 -0.25 1.25 0.107209 -0.0480128 0.573308 1.77414e+09
-2.25 0.75 1.25 0.0685095 0.0184726 0.521004 1.49462e+09
-1.25 -1.25 1.25 0.212131 -0.140759 0.495608 2.09065e+09
-1.75 -0.75 1.25 0.163415 -0.0964654 0.53918 1.91013e+09
-1.25 -0.25 1.25 0.145591 -0.0677288 0.474922 1.68356e+09
-1.75 0.25 1.25 0.0920613 -0.0200011 0.507334 1.56744e+09
-1.25 0.75 1.25 0.0624952 0.00616607 0.43933 1.28118e+09
-1.75 1.25 1.25 0.0562995 0.028453 0.451388 1.22041e+09
-0.25 -1.25 1.25 0.204642 -0.149087 0.395037 1.95906e+09
-0.75 -0.75 1.25 0.191319 -0.119023 0.434052 1.81193e+09
-0.25 -0.25 1.25 0.147745 -0.0850141 0.367473 1.4453e+09
-0.75 0.25 1.25 0.118162 -0.0299923 0.403609 1.36993e+09
-0.25 0.75 1.25 0.0773449 -0.000641459 0.320454 9.88635e+08
-0.75 1.25 1.25 0.0180587 0.0218804 0.362716 9.28959e+08
0.75 -1.25 1.25 0.1602 -0.130891 0.290201 1.55416e+09
0.25 -0.75 1.25 0.154837 -0.119864 0.329186 1.50475e+09
0.75 -0.25 1.25 0.0649774 -0.097219 0.24649 1.03555e+09
0.25 0.25 1.25 0.0854723 -0.0560806 0.284946 1.01091e+09
0.75 0.75 1.25 -0.018677 -0.0782574 0.172664 5.91629e+08
0.25 1.25 1.25 0.0113415 0.00362307 0.206707 5.76221e+08
1.75 -1.25 1.25 0.147055 -0.192051 0.124448 9.7263e+08
1.25 -0.75 1.25 0.0745244 -0.110224 0.201936 1.00124e+09
1.75 -0.25 1.25 -0.00772217 -0.241344 0.0656977 4.07295e+08
1.25 0.25 1.25 -0.0448472 -0.133877 0.135259 6.20108e+08
1.75 0.75 1.25 -0.250334 -0.27504 0.0355805 2.60688e+08
1.25 1.25 1.25 -0.154085 -0.202398 0.0510019 2.30964e+08
2.25 -0.75 1.25 -0.0338304 -0.372609 0.00388854 4.00908e+08
2.25 0.25 1.25 -0.25023 -0.283964 0.000163184 2.63141e+08
2.25 1.25 1.25 -0.475753 -0.316873 -0.0418356 1.54146e+08
-2.5 -1 1.5 0.304101 0.293718 0.545784 6.84583e+09
-2.5 0 1.5 0.327673 0.333895 0.48443 6.19956e+09
-2.5 1 1.5 0.356788 0.363582 0.409487 5.52253e+09
-2 -1.5 1.5 0.30592 0.29184 0.520571 7.38148e+09
-1.5 -1 1.5 0.330413 0.336401 0.446489 7.03825e+09
-2 -0.5 1.5 0.32976 0.33721 0.46876 6.55352e+09
-1.5 0 1.5 0.349183 0.380553 0.39072 5.98628e+09
-2 0.5 1.5 0.347783 0.372128 0.403728 5.68688e+09
-1.5 1 1.5 0.357837 0.409724 0.323266 4.80125e+09
-2 1.5 1.5 0.377482 0.392985 0.326756 4.64447e+09
-1 -1.5 1.5 0.316997 0.339055 0.423589 7.60539e+09
-0.5 -1 1.5 0.33419 0.379712 0.35217 6.76736e+09
-1 -0.5 1.5 0.354033 0.377524 0.370416 6.3535e+09
-0.5 0 1.5 0.370717 0.41681 0.294908 5.29111e+09
-1 0.5 1.5 0.357071 0.426713 0.313776 5.05727e+09
-0.5 1 1.5 0.366373 0.464983 0.236632 3.77936e+09
-1 1.5 1.5 0.37182 0.432989 0.241043 3.62623e+09
0 -1.5 1.5 0.311672 0.390714 0.337384 7.13514e+09
0.5 -1 1.5 0.319866 0.422657 0.269637 5.6356e+09
0 -0.5 1.5 0.352676 0.412662 0.278066 5.47598e+09
0.5 0 1.5 0.373052 0.430602 0.20151 3.87957e+09
0 0.5 1.5 0.384649 0.446578 0.219157 3.88163e+09
0.5 1 1.5 0.435382 0.44108 0.137622 2.29046e+09
0 1.5 1.5 0.426483 0.465331 0.152926 2.34533e+09
1 -1.5 1.5 0.356443 0.421804 0.24962 5.49888e+09
1.5 -1 1.5 0.430227 0.409026 0.170554 3.36075e+09
1 -0.5 1.5 0.36219 0.408508 0.183607 3.774e+09
1.5 0 1.5 0.421578 0.286942 0.0795172 1.83379e+09
1 0.5 1.5 0.438819 0.388836 0.115143 2.15091e+09
1.5 1 1.5 0.456518 0.211699 -0.0168756 9.33532e+08
1 1.5 1.5 0.454985 0.303154 0.0125201 9.77138e+08
2 -1.5 1.5 0.482038 0.314438 0.120579 2.7068e+09
2.5 -1 1.5 0.551115 0.197166 -0.025228 1.43161e+09
2 -0.5 1.5 0.467887 0.301218 0.0382704 1.54765e+09
2.5 0 1.5 0.471469 0.00252687 -0.112236 7.87238e+08
2 0.5 1.5 0.452742 0.0971315 -0.0611252 8.805e+08
2.5 1 1.5 0.274461 -0.104189 -0.115533 4.17181e+08
2 1.5 1.5 0.33243 0.00848971 -0.0912509 4.27463e+08
