449
-2.5 -1 -1.5 0.770966 0.337177 0.0529993 5.88972e+09
-2.5 0 -1.5 0.850926 0.0586488 0.0173285 3.49265e+09
-2.5 1 -1.5 0.844965 -0.234028 0.0162726 1.98612e+09
-2 -1.5 -1.5 0.678581 0.522237 0.0431564 7.62413e+09
-1.5 -1 -1.5 0.715069 0.475081 -0.024437 5.76218e+09
-2 -0.5 -1.5 0.802277 0.291572 -0.015514 4.64895e+09
-1.5 0 -1.5 0.822253 0.241804 -0.0792177 3.4136e+09
-2 0.5 -1.5 0.866746 0.0154033 -0.0440396 2.65795e+09
-1.5 1 -1.5 0.873124 -0.0284007 -0.0985856 1.90851e+09
-2 1.5 -1.5 0.851198 -0.267413 -0.0322652 1.46741e+09
-1 -1.5 -1.5 0.617941 0.606945 -0.0148128 6.52149e+09
-0.5 -1 -1.5 0.650201 0.560436 -0.0785798 4.54668e+09
-1 -0.5 -1.5 0.741488 0.424858 -0.0888362 4.10712e+09
-0.5 0 -1.5 0.759275 0.374696 -0.149329 2.81403e+09
-1 0.5 -1.5 0.833566 0.192241 -0.137636 2.38868e+09
-0.5 1 -1.5 0.838291 0.145101 -0.190629 1.61829e+09
-1 1.5 -1.5 0.873312 -0.0697075 -0.146606 1.31838e+09
0 -1.5 -1.5 0.564684 0.653847 -0.0562609 4.58863e+09
0.5 -1 -1.5 0.59269 0.611858 -0.116527 3.07094e+09
0 -0.5 -1.5 0.673849 0.513391 -0.139609 3.0687e+09
0.5 0 -1.5 0.69015 0.467199 -0.19737 2.02512e+09
0 0.5 -1.5 0.76997 0.326282 -0.205509 1.87692e+09
0.5 1 -1.5 0.775038 0.280408 -0.257235 1.22887e+09
0 1.5 -1.5 0.838108 0.101326 -0.238332 1.07247e+09
1 -1.5 -1.5 0.523346 0.677469 -0.087455 2.81937e+09
1.5 -1 -1.5 0.547094 0.640529 -0.144365 1.85028e+09
1 -0.5 -1.5 0.613392 0.569909 -0.17446 2.016e+09
1.5 0 -1.5 0.627969 0.528729 -0.229648 1.3051e+09
1 0.5 -1.5 0.700416 0.4226 -0.251552 1.31544e+09
1.5 1 -1.5 0.705856 0.379962 -0.302014 8.44738e+08
1 1.5 -1.5 0.77576 0.237359 -0.304562 7.94114e+08
2 -1.5 -1.5 0.493679 0.685884 -0.112773 1.57316e+09
2.5 -1 -1.5 0.513628 0.65388 -0.166316 1.02329e+09
2 -0.5 -1.5 0.56487 0.603787 -0.199276 1.1987e+09
2.5 0 -1.5 0.577697 0.567746 -0.251825 7.68711e+08
2 0.5 -1.5 0.637537 0.48876 -0.281819 8.36075e+08
2.5 1 -1.5 0.643094 0.450327 -0.330804 5.31178e+08
2 1.5 -1.5 0.707521 0.339474 -0.348737 5.37809e+08
-2.25 -0.75 -1.25 0.40885 0.182025 0.176289 1.14506e+09
-2.25 0.25 -1.25 0.478082 -0.0807437 0.110479 6.67572e+08
-2.25 1.25 -1.25 0.472992 -0.313574 0.0597096 3.80824e+08
-1.75 -1.25 -1.25 0.35322 0.37471 0.154556 1.40753e+09
-1.25 -0.75 -1.25 0.411262 0.321484 0.06754 1.00059e+09
-1.75 -0.25 -1.25 0.474854 0.126862 0.0876155 8.33729e+08
-1.25 0.25 -1.25 0.521948 0.0771131 0.00483772 5.85857e+08
-1.75 0.75 -1.25 0.533675 -0.128133 0.0323123 4.77956e+08
-1.25 1.25 -1.25 0.572076 -0.166686 -0.0374011 3.32722e+08
-0.75 -1.25 -1.25 0.314821 0.480595 0.0575563 1.13556e+09
-0.25 -0.75 -1.25 0.358301 0.431594 -0.0211383 7.7022e+08
-0.75 -0.25 -1.25 0.454994 0.270495 -0.0145685 6.90239e+08
-0.25 0.25 -1.25 0.487678 0.223116 -0.0899992 4.66281e+08
-0.75 0.75 -1.25 0.555348 0.0332413 -0.0699296 4.01667e+08
-0.25 1.25 -1.25 0.578568 -0.00514952 -0.136062 2.70538e+08
0.25 -1.25 -1.25 0.254616 0.552856 -0.0150324 8.04489e+08
0.75 -0.75 -1.25 0.290967 0.509007 -0.0858894 5.30975e+08
0.25 -0.25 -1.25 0.392642 0.384237 -0.0948093 5.13494e+08
0.75 0.25 -1.25 0.419642 0.339408 -0.162619 3.38036e+08
0.25 0.75 -1.25 0.511792 0.179737 -0.158047 3.10237e+08
0.75 1.25 -1.25 0.52937 0.140355 -0.218711 2.04065e+08
1.25 -1.25 -1.25 0.195631 0.599046 -0.0677234 5.13316e+08
1.75 -0.75 -1.25 0.228239 0.560706 -0.132138 3.33654e+08
1.25 -0.25 -1.25 0.32108 0.466243 -0.152343 3.4679e+08
1.75 0.25 -1.25 0.346252 0.425326 -0.213934 2.24632e+08
1.25 0.75 -1.25 0.440906 0.29754 -0.224306 2.20385e+08
1.75 1.25 -1.25 0.457884 0.258879 -0.279969 1.42572e+08
2.25 -1.25 -1.25 0.147168 0.627568 -0.107316 3.01204e+08
2.25 -0.25 -1.25 0.256773 0.523255 -0.192831 2.153e+08
2.25 0.75 -1.25 0.367726 0.386818 -0.270527 1.4451e+08
-2.5 -1.5 -1 0.714211 0.461261 -0.0573564 1.59226e+10
-2.5 -0.5 -1 0.812608 0.214115 -0.104438 9.22216e+09
-2.5 0.5 -1 0.84614 -0.0695918 -0.105694 5.05851e+09
-2.5 1.5 -1 0.798548 -0.344014 -0.0538802 2.7151e+09
-1.5 -1.5 -1 0.656798 0.549083 -0.111118 1.37265e+10
-2 -1 -1 0.743156 0.4059 -0.120462 1.17471e+10
-1.5 -0.5 -1 0.762496 0.349264 -0.180657 8.20664e+09
-2 0 -1 0.826242 0.156914 -0.160151 6.62528e+09
-1.5 0.5 -1 0.831831 0.102693 -0.211189 4.55772e+09
-2 1 -1 0.848013 -0.118772 -0.149413 3.56495e+09
-1.5 1.5 -1 0.844747 -0.1623 -0.187614 2.42889e+09
-0.5 -1.5 -1 0.602957 0.600525 -0.149013 9.78927e+09
-1 -1 -1 0.681729 0.496693 -0.17363 9.39189e+09
-0.5 -0.5 -1 0.69844 0.445065 -0.233047 6.24154e+09
-1 0 -1 0.773691 0.294531 -0.236935 5.53298e+09
-0.5 0.5 -1 0.778376 0.24311 -0.288754 3.64404e+09
-1 1 -1 0.831581 0.0531151 -0.257133 3.04815e+09
-0.5 1.5 -1 0.827195 0.00851491 -0.298029 2.00083e+09
0.5 -1.5 -1 0.559988 0.627564 -0.176367 6.1037e+09
0 -1 -1 0.624047 0.554077 -0.20964 6.45591e+09
0.5 -0.5 -1 0.638169 0.508494 -0.267432 4.18649e+09
0 0 -1 0.708254 0.395412 -0.288787 4.06758e+09
0.5 0.5 -1 0.712519 0.348206 -0.340549 2.61569e+09
0 1 -1 0.778053 0.195411 -0.335954 2.36268e+09
0.5 1.5 -1 0.773991 0.151339 -0.378624 1.51556e+09
1.5 -1.5 -1 0.528931 0.637337 -0.19782 3.45027e+09
1 -1 -1 0.577289 0.58701 -0.234586 3.95904e+09
1.5 -0.5 -1 0.588856 0.547072 -0.290339 2.53958e+09
1 0 -1 0.646526 0.464281 -0.321999 2.68287e+09
1.5 0.5 -1 0.650231 0.421643 -0.37312 1.7045e+09
1 1 -1 0.712442 0.303528 -0.388248 1.66639e+09
1.5 1.5 -1 0.709042 0.261296 -0.431937 1.05435e+09
2.5 -1.5 -1 0.508269 0.635267 -0.216357 1.81314e+09
2 -1 -1 0.542799 0.602132 -0.253377 2.22356e+09
2.5 -0.5 -1 0.55205 0.567434 -0.306778 1.42005e+09
2 0 -1 0.595698 0.508028 -0.343307 1.61518e+09
2.5 0.5 -1 0.598716 0.470067 -0.393269 1.01999e+09
2 1 -1 0.650253 0.380658 -0.420695 1.07568e+09
2.5 1.5 -1 0.647422 0.341399 -0.464705 6.74985e+08
-2.25 -1.25 -0.75 0.251337 0.384979 0.0097443 2.61337e+09
-2.25 -0.25 -0.75 0.341314 0.15218 -0.0488728 1.47419e+09
-2.25 0.75 -0.75 0.377783 -0.0769582 -0.0757238 8.11637e+08
-1.25 -1.25 -0.75 0.249959 0.452161 -0.081383 2.12916e+09
-1.75 -0.75 -0.75 0.31436 0.310657 -0.0735042 1.81922e+09
-1.25 -0.25 -0.75 0.363024 0.243667 -0.151103 1.2375e+09
-1.75 0.25 -0.75 0.396934 0.079324 -0.122292 1.01891e+09
-1.25 0.75 -0.75 0.43805 0.0193465 -0.187668 6.91369e+08
-1.75 1.25 -0.75 0.426007 -0.139121 -0.131493 5.58263e+08
-0.25 -1.25 -0.75 0.21312 0.506282 -0.148929 1.53206e+09
-0.75 -0.75 -0.75 0.294744 0.390665 -0.159067 1.42582e+09
-0.25 -0.25 -0.75 0.330007 0.333656 -0.230394 9.41668e+08
-0.75 0.25 -0.75 0.399833 0.184632 -0.221083 8.28014e+08
-0.25 0.75 -0.75 0.426981 0.132973 -0.282891 5.47202e+08
-0.75 1.25 -0.75 0.467554 -0.0300154 -0.244291 4.62607e+08
0.75 -1.25 -0.75 0.167511 0.542447 -0.196063 9.91327e+08
0.25 -0.75 -0.75 0.248186 0.453515 -0.219733 1.00198e+09
0.75 -0.25 -0.75 0.27666 0.403609 -0.284978 6.49615e+08
0.25 0.25 -0.75 0.357284 0.281536 -0.294758 6.15463e+08
0.75 0.75 -0.75 0.378104 0.23415 -0.352187 3.98976e+08
0.25 1.25 -0.75 0.446493 0.0877517 -0.336794 3.58161e+08
1.75 -1.25 -0.75 0.125613 0.563503 -0.230021 5.87619e+08
1.25 -0.75 -0.75 0.197342 0.496686 -0.260997 6.39692e+08
1.75 -0.25 -0.75 0.222681 0.452897 -0.321333 4.10214e+08
1.25 0.25 -0.75 0.299698 0.35691 -0.344456 4.18216e+08
1.75 0.75 -0.75 0.318499 0.313491 -0.398256 2.67631e+08
1.25 1.25 -0.75 0.393944 0.191153 -0.403041 2.56904e+08
2.25 -0.75 -0.75 0.153004 0.52398 -0.290158 3.76391e+08
2.25 0.25 -0.75 0.244527 0.411445 -0.376943 2.61569e+08
2.25 1.25 -0.75 0.334252 0.273358 -0.446625 1.7033e+08
-2.5 -1 -0.5 0.775831 0.33282 -0.195143 2.53195e+10
-2.5 0 -0.5 0.83175 0.071095 -0.212431 1.36687e+10
-2.5 1 -0.5 0.82253 -0.203821 -0.165617 7.13727e+09
-2 -1.5 -0.5 0.701867 0.488059 -0.19313 3.04455e+10
-1.5 -1 -0.5 0.719156 0.430624 -0.25458 2.0435e+10
-2 -0.5 -0.5 0.787552 0.270721 -0.251608 1.73122e+10
-1.5 0 -0.5 0.792042 0.212601 -0.303418 1.1483e+10
-2 0.5 -0.5 0.831384 0.0135307 -0.256052 9.23295e+09
-1.5 1 -0.5 0.826556 -0.03706 -0.294525 6.09471e+09
-2 1.5 -0.5 0.81595 -0.24827 -0.193824 4.78965e+09
-1 -1.5 -0.5 0.648057 0.546653 -0.232344 2.20169e+10
-0.5 -1 -0.5 0.662134 0.496652 -0.293003 1.43176e+10
-1 -0.5 -0.5 0.728821 0.37542 -0.312039 1.33763e+10
-0.5 0 -0.5 0.732266 0.323417 -0.365111 8.61566e+09
-1 0.5 -0.5 0.790984 0.159497 -0.35028 7.47177e+09
-0.5 1 -0.5 0.785836 0.111347 -0.392237 4.80224e+09
-1 1.5 -0.5 0.818792 -0.0810392 -0.328108 3.96454e+09
0 -1.5 -0.5 0.60382 0.580133 -0.258389 1.39891e+10
0.5 -1 -0.5 0.614696 0.536829 -0.317417 8.97571e+09
0 -0.5 -0.5 0.669711 0.448391 -0.350065 9.18015e+09
0.5 0 -0.5 0.67202 0.402129 -0.403266 5.8302e+09
0 0.5 -0.5 0.730853 0.274761 -0.413663 5.49118e+09
0.5 1 -0.5 0.725742 0.229226 -0.457766 3.47511e+09
0 1.5 -0.5 0.777756 0.0676299 -0.429542 3.06158e+09
1 -1.5 -0.5 0.571848 0.594159 -0.277067 8.05532e+09
1.5 -1 -0.5 0.579734 0.556611 -0.334086 5.14723e+09
1 -0.5 -0.5 0.620161 0.494575 -0.373361 5.70631e+09
1.5 0 -0.5 0.621211 0.453442 -0.426005 3.60305e+09
1 0.5 -0.5 0.670156 0.357833 -0.452515 3.678e+09
1.5 1 -0.5 0.66504 0.31537 -0.497839 2.30864e+09
1 1.5 -0.5 0.717879 0.186467 -0.497607 2.18822e+09
2 -1.5 -0.5 0.551077 0.593725 -0.292525 4.30222e+09
2.5 -1 -0.5 0.556302 0.561384 -0.347318 2.74725e+09
2 -0.5 -0.5 0.583146 0.519663 -0.388501 3.26434e+09
2.5 0 -0.5 0.582872 0.483375 -0.440095 2.05664e+09
2 0.5 -0.5 0.618707 0.413425 -0.475242 2.26246e+09
2.5 1 -0.5 0.613381 0.374529 -0.52104 1.41351e+09
2 1.5 -0.5 0.657436 0.274613 -0.539343 1.44302e+09
-2.25 -0.75 -0.25 0.272879 0.366315 -0.210948 3.45168e+09
-2.25 0.25 -0.25 0.330903 0.15473 -0.231574 1.85436e+09
-2.25 1.25 -0.25 0.34806 -0.0428658 -0.190033 9.83095e+08
-1.75 -1.25 -0.25 0.234835 0.475835 -0.225227 4.14657e+09
-1.25 -0.75 -0.25 0.276568 0.398322 -0.301415 2.73651e+09
-1.75 -0.25 -0.25 0.319322 0.277141 -0.283211 2.30626e+09
-1.25 0.25 -0.25 0.355629 0.200213 -0.345917 1.52507e+09
-1.75 0.75 -0.25 0.371882 0.0695183 -0.2856 1.24019e+09
-1.25 1.25 -0.25 0.402627 0.00102699 -0.330696 8.22433e+08
-0.75 -1.25 -0.25 0.218336 0.499265 -0.291791 3.02476e+09
-0.25 -0.75 -0.25 0.249629 0.435852 -0.361637 1.96027e+09
-0.75 -0.25 -0.25 0.309612 0.328021 -0.368973 1.78873e+09
-0.25 0.25 -0.25 0.334774 0.265266 -0.428143 1.16031e+09
-0.75 0.75 -0.25 0.382677 0.134698 -0.399439 9.9991e+08
-0.25 1.25 -0.25 0.401894 0.0789122 -0.444706 6.50928e+08
0.25 -1.25 -0.25 0.187082 0.518482 -0.334562 1.98951e+09
0.75 -0.75 -0.25 0.212227 0.46469 -0.399253 1.27532e+09
0.25 -0.25 -0.25 0.274328 0.377123 -0.4244 1.26191e+09
0.75 0.25 -0.25 0.29333 0.32313 -0.480412 8.07789e+08
0.25 0.75 -0.25 0.35323 0.209453 -0.479583 7.4792e+08
0.75 1.25 -0.25 0.366324 0.159683 -0.524105 4.79509e+08
1.25 -1.25 -0.25 0.153968 0.528157 -0.362891 1.19582e+09
1.75 -0.75 -0.25 0.175931 0.481761 -0.423655 7.62122e+08
1.25 -0.25 -0.25 0.232519 0.414026 -0.458337 8.13335e+08
1.75 0.25 -0.25 0.248837 0.366487 -0.512053 5.16231e+08
1.25 0.75 -0.25 0.307713 0.27354 -0.530177 5.14539e+08
1.75 1.25 -0.25 0.318618 0.227898 -0.574251 3.26234e+08
2.25 -1.25 -0.25 0.125142 0.529237 -0.384337 6.67091e+08
2.25 -0.25 -0.25 0.194528 0.43757 -0.480006 4.8329e+08
2.25 0.75 -0.25 0.262166 0.321915 -0.560718 3.26091e+08
-2.5 -1.5 0 0.758423 0.419667 -0.240754 6.97706e+10
-2.5 -0.5 0 0.82438 0.181152 -0.281713 3.78735e+10
-2.5 0.5 0 0.840544 -0.0861879 -0.256248 1.95944e+10
-2.5 1.5 0 0.793534 -0.342992 -0.157199 9.9883e+09
-1.5 -1.5 0 0.704206 0.491973 -0.286838 5.14694e+10
-2 -1 0 0.769016 0.358724 -0.301084 4.61257e+10
-1.5 -0.5 0 0.772576 0.30156 -0.356228 2.98476e+10
-2 0 0 0.822962 0.121967 -0.329017 2.48258e+10
-1.5 0.5 0 0.817186 0.0694015 -0.370762 1.6022e+10
-2 1 0 0.832092 -0.135293 -0.28741 1.28122e+10
-1.5 1.5 0 0.8222 -0.176401 -0.313893 8.28487e+09
-0.5 -1.5 0 0.657414 0.537859 -0.31509 3.35704e+10
-1 -1 0 0.712307 0.439781 -0.347013 3.31155e+10
-0.5 -0.5 0 0.714376 0.390157 -0.402727 2.10561e+10
-1 0 0 0.770673 0.24883 -0.406163 1.90637e+10
-0.5 0.5 0 0.764685 0.2003 -0.451046 1.20783e+10
-1 1 0 0.808409 0.0228704 -0.407345 1.02427e+10
-0.5 1.5 0 0.79761 -0.0185826 -0.439263 6.50931e+09
0.5 -1.5 0 0.623163 0.561282 -0.332977 1.98337e+10
0 -1 0 0.66293 0.492926 -0.374244 2.13584e+10
0.5 -0.5 0 0.663362 0.449399 -0.429652 1.34865e+10
0 0 0 0.711707 0.343097 -0.453923 1.32873e+10
0.5 0.5 0 0.705382 0.298342 -0.500686 8.34283e+09
0 1 0 0.755707 0.15542 -0.491161 7.61353e+09
0.5 1.5 0 0.744583 0.113602 -0.526862 4.78264e+09
1.5 -1.5 0 0.60144 0.566954 -0.346201 1.08346e+10
1 -1 0 0.62615 0.522338 -0.390674 1.25861e+10
1.5 -0.5 0 0.624826 0.484047 -0.445273 7.93768e+09
1 0 0 0.659714 0.407175 -0.481232 8.47027e+09
1.5 0.5 0 0.65282 0.366109 -0.529005 5.2977e+09
1 1 0 0.696271 0.255586 -0.543193 5.21955e+09
1.5 1.5 0 0.685067 0.214567 -0.581674 3.25599e+09
2.5 -1.5 0 0.58954 0.559786 -0.358342 5.55995e+09
2 -1 0 0.601962 0.533275 -0.402229 6.88251e+09
2.5 -0.5 0 0.598785 0.499872 -0.455702 4.34271e+09
2 0 0 0.619956 0.446345 -0.496664 4.9801e+09
2.5 0.5 0 0.612177 0.409207 -0.544808 3.10899e+09
2 1 0 0.64336 0.326092 -0.573056 3.3012e+09
2.5 1.5 0 0.631888 0.287085 -0.613519 2.04924e+09
-2.25 -1.25 0.25 0.426031 0.481279 -0.291849 1.27838e+10
-2.25 -0.25 0.25 0.489705 0.268953 -0.329964 6.81316e+09
-2.25 0.75 0.25 0.518205 0.0460083 -0.298066 3.53549e+09
-1.25 -1.25 0.25 0.398268 0.505252 -0.361267 9.40883e+09
-1.75 -0.75 0.25 0.451841 0.39758 -0.363846 8.30004e+09
-1.25 -0.25 0.25 0.470431 0.321259 -0.426276 5.35298e+09
-1.75 0.25 0.25 0.509489 0.184895 -0.384925 4.44022e+09
-1.25 0.75 0.25 0.522715 0.11322 -0.430748 2.87796e+09
-1.75 1.25 0.25 0.533418 -0.0290501 -0.332863 2.31554e+09
-0.25 -1.25 0.25 0.361666 0.52575 -0.403676 6.2636e+09
-0.75 -0.75 0.25 0.416901 0.43686 -0.428157 6.02684e+09
-0.25 -0.25 0.25 0.429616 0.373397 -0.487446 3.84119e+09
-0.75 0.25 0.25 0.482711 0.25302 -0.479987 3.43432e+09
-0.25 0.75 0.25 0.489663 0.192312 -0.525999 2.19388e+09
-0.75 1.25 0.25 0.530333 0.0523082 -0.468757 1.85659e+09
0.75 -1.25 0.25 0.326514 0.535798 -0.429746 3.80546e+09
0.25 -0.75 0.25 0.375709 0.467819 -0.466463 3.9801e+09
0.75 -0.25 0.25 0.384984 0.413112 -0.523329 2.51902e+09
0.25 0.25 0.25 0.437303 0.314936 -0.539769 2.43812e+09
0.75 0.75 0.25 0.440922 0.261068 -0.585821 1.54203e+09
0.25 1.25 0.25 0.492353 0.138133 -0.565319 1.39632e+09
1.75 -1.25 0.25 0.297148 0.535026 -0.448244 2.14033e+09
1.25 -0.75 0.25 0.337978 0.485701 -0.48948 2.40986e+09
1.75 -0.25 0.25 0.345638 0.437727 -0.544608 1.51991e+09
1.25 0.25 0.25 0.390341 0.361541 -0.574677 1.58848e+09
1.75 0.75 0.25 0.392661 0.312833 -0.620947 9.98051e+08
1.25 1.25 0.25 0.441439 0.211232 -0.626274 9.7204e+08
2.25 -0.75 0.25 0.307548 0.491293 -0.505702 1.35335e+09
2.25 0.25 0.25 0.350312 0.391755 -0.595372 9.54467e+08
2.25 1.25 0.25 0.392803 0.266666 -0.662574 6.2461e+08
-2.5 -1 0.5 0.60114 0.365226 -0.255495 5.08195e+10
-2.5 0 0.5 0.63219 0.13747 -0.271227 2.578e+10
-2.5 1 0.5 0.614859 -0.0926447 -0.218496 1.28641e+10
-2 -1.5 0.5 0.548706 0.486068 -0.249212 5.83867e+10
-1.5 -1 0.5 0.560691 0.420869 -0.309293 3.61716e+10
-2 -0.5 0.5 0.608406 0.291895 -0.309169 3.15407e+10
-1.5 0 0.5 0.61155 0.22722 -0.35778 1.95484e+10
-2 0.5 0.5 0.631747 0.0694378 -0.309919 1.61016e+10
-1.5 1 0.5 0.629507 0.01332 -0.343989 1.00648e+10
-2 1.5 0.5 0.6103 -0.147899 -0.239976 8.10089e+09
-1 -1.5 0.5 0.504734 0.517532 -0.283119 3.83182e+10
-0.5 -1 0.5 0.515207 0.463572 -0.342797 2.37149e+10
-1 -0.5 0.5 0.567663 0.361171 -0.364837 2.23567e+10
-0.5 0 0.5 0.570672 0.307399 -0.415858 1.38187e+10
-1 0.5 0.5 0.611528 0.17125 -0.401523 1.21272e+10
-0.5 1 0.5 0.60894 0.122925 -0.440662 7.53493e+09
-1 1.5 0.5 0.625708 -0.0326937 -0.373848 6.3013e+09
0 -1.5 0.5 0.463326 0.534889 -0.304392 2.31914e+10
0.5 -1 0.5 0.47271 0.489202 -0.363 1.43928e+10
0 -0.5 0.5 0.521431 0.413501 -0.398697 1.4662e+10
0.5 0 0.5 0.524199 0.367189 -0.450757 9.06332e+09
0 0.5 0.5 0.570502 0.259072 -0.462458 8.54831e+09
0.5 1 0.5 0.567827 0.215373 -0.504826 5.29225e+09
0 1.5 0.5 0.604304 0.0808574 -0.475529 4.68826e+09
1 -1.5 0.5 0.428176 0.537817 -0.319325 1.30734e+10
1.5 -1 0.5 0.437102 0.498596 -0.376588 8.14703e+09
1 -0.5 0.5 0.478561 0.446133 -0.418547 8.92015e+09
1.5 0 0.5 0.481566 0.405431 -0.470928 5.52102e+09
1 0.5 0.5 0.524216 0.324182 -0.499013 5.60168e+09
1.5 1 0.5 0.522157 0.283955 -0.543568 3.46021e+09
1 1.5 0.5 0.563287 0.175453 -0.54321 3.27762e+09
2 -1.5 0.5 0.40014 0.529177 -0.332505 6.94176e+09
2.5 -1 0.5 0.409441 0.495293 -0.388288 4.33678e+09
2 -0.5 0.5 0.443213 0.461135 -0.431412 5.06249e+09
2.5 0 0.5 0.447182 0.425202 -0.483656 3.13457e+09
2 0.5 0.5 0.482399 0.366762 -0.520118 3.41083e+09
2.5 1 0.5 0.481738 0.329815 -0.566144 2.10124e+09
2 1.5 0.5 0.518678 0.246032 -0.584581 2.1345e+09
-2.25 -0.75 0.75 0.681312 0.283352 -0.349467 1.11145e+10
-2.25 0.25 0.75 0.707889 0.0419391 -0.345142 5.77309e+09
-2.25 1.25 0.75 0.690542 -0.194028 -0.264605 2.96567e+09
-1.75 -1.25 0.75 0.636041 0.428008 -0.355754 1.31173e+10
-1.25 -0.75 0.75 0.643646 0.368262 -0.416836 8.43659e+09
-1.75 -0.25 0.75 0.688223 0.217739 -0.403782 7.20864e+09
-1.25 0.25 0.75 0.689752 0.159614 -0.450548 4.64311e+09
-1.75 0.75 0.75 0.71091 -0.0169063 -0.382245 3.76593e+09
-1.25 1.25 0.75 0.709882 -0.0662372 -0.413091 2.4411e+09
-0.75 -1.25 0.75 0.592777 0.484465 -0.397204 9.09884e+09
-0.25 -0.75 0.75 0.596697 0.433306 -0.456571 5.78984e+09
-0.75 -0.25 0.75 0.645787 0.312845 -0.471073 5.3895e+09
-0.25 0.25 0.75 0.643652 0.261466 -0.51911 3.42558e+09
-0.75 0.75 0.75 0.687133 0.107949 -0.490794 2.97469e+09
-0.25 1.25 0.75 0.681367 0.0615951 -0.525413 1.89772e+09
0.25 -1.25 0.75 0.552367 0.520422 -0.421366 5.71539e+09
0.75 -0.75 0.75 0.55419 0.47557 -0.47918 3.62026e+09
0.25 -0.25 0.75 0.59622 0.384493 -0.510479 3.66625e+09
0.75 0.25 0.75 0.592254 0.33784 -0.559287 2.31244e+09
0.25 0.75 0.75 0.63821 0.213608 -0.561572 2.16872e+09
0.75 1.25 0.75 0.630292 0.168741 -0.599032 1.36852e+09
1.25 -1.25 0.75 0.520652 0.537293 -0.437033 3.2974e+09
1.75 -0.75 0.75 0.521221 0.49783 -0.493387 2.08703e+09
1.25 -0.25 0.75 0.552316 0.431967 -0.532609 2.28355e+09
1.75 0.25 0.75 0.547502 0.389509 -0.581847 1.43481e+09
1.25 0.75 0.75 0.585586 0.293105 -0.603366 1.45358e+09
1.75 1.25 0.75 0.576917 0.25007 -0.643083 9.10721e+08
2.25 -1.25 0.75 0.49802 0.539456 -0.450189 1.77469e+09
2.25 -0.25 0.75 0.518637 0.459023 -0.546237 1.31464e+09
2.25 0.75 0.75 0.540419 0.348105 -0.627109 8.97948e+08
-2.5 -1.5 1 0.260227 0.61964 -0.188912 3.84451e+10
-2.5 -0.5 1 0.28087 0.459513 -0.238636 1.8923e+10
-2.5 0.5 1 0.266466 0.287976 -0.233916 9.09367e+09
-2.5 1.5 1 0.216002 0.132564 -0.163873 4.40315e+09
-1.5 -1.5 1 0.197054 0.601596 -0.232003 2.43492e+10
-2 -1 1 0.247105 0.535928 -0.247346 2.20823e+10
-1.5 -0.5 1 0.238928 0.453353 -0.302016 1.28709e+10
-2 0 1 0.263991 0.369349 -0.284813 1.09971e+10
-1.5 0.5 1 0.255259 0.288542 -0.327363 6.51632e+09
-2 1 1 0.248304 0.202611 -0.263982 5.39515e+09
-1.5 1.5 1 0.239008 0.132144 -0.291518 3.26315e+09
-0.5 -1.5 1 0.139897 0.584427 -0.263295 1.48506e+10
-1 -1 1 0.19482 0.527004 -0.291322 1.42733e+10
-0.5 -0.5 1 0.196829 0.456966 -0.3473 8.46873e+09
-1 0 1 0.236434 0.377692 -0.35289 7.62201e+09
-0.5 0.5 1 0.238136 0.311744 -0.399835 4.57638e+09
-1 1 1 0.252415 0.220222 -0.366175 3.92548e+09
-0.5 1.5 1 0.252826 0.164472 -0.401219 2.39485e+09
0.5 -1.5 1 0.0874257 0.565736 -0.286838 8.65001e+09
0 -1 1 0.144975 0.519968 -0.32177 8.84564e+09
0.5 -0.5 1 0.153133 0.460559 -0.377518 5.31233e+09
0 0 1 0.202172 0.394052 -0.399784 5.07971e+09
0.5 0.5 1 0.209611 0.338953 -0.448696 3.07314e+09
0 1 1 0.242215 0.255916 -0.44282 2.77736e+09
0.5 1.5 1 0.247381 0.209252 -0.481954 1.69849e+09
1.5 -1.5 1 0.0408122 0.544376 -0.307458 4.80315e+09
1 -1 1 0.0977947 0.510008 -0.343964 5.21219e+09
1.5 -0.5 1 0.11074 0.458689 -0.399033 3.15407e+09
1 0 1 0.163525 0.407056 -0.430397 3.21097e+09
1.5 0.5 1 0.175565 0.359331 -0.480345 1.94903e+09
1 1 1 0.218272 0.291208 -0.494068 1.87041e+09
1.5 1.5 1 0.22783 0.249807 -0.536027 1.14237e+09
2.5 -1.5 1 0.00196947 0.520577 -0.328688 2.54294e+09
2 -1 1 0.0558786 0.495478 -0.363219 2.9142e+09
2.5 -0.5 1 0.0738749 0.449982 -0.417519 1.7678e+09
2 0 1 0.125917 0.411844 -0.451902 1.91281e+09
2.5 0.5 1 0.143382 0.369064 -0.502476 1.15973e+09
2 1 1 0.189118 0.316739 -0.527375 1.18519e+09
2.5 1.5 1 0.204504 0.278439 -0.571538 7.2018e+08
-2.25 -1.25 1.25 0.780821 0.262103 -0.323638 6.81086e+09
-2.25 -0.25 1.25 0.795458 0.0230526 -0.351927 3.62697e+09
-2.25 0.75 1.25 0.767464 -0.222896 -0.308128 1.87584e+09
-1.25 -1.25 1.25 0.746413 0.373802 -0.355738 5.04545e+09
-1.75 -0.75 1.25 0.783205 0.217179 -0.373248 4.44671e+09
-1.25 -0.25 1.25 0.78093 0.177159 -0.417638 2.8728e+09
-1.75 0.25 1.25 0.795398 -0.0159721 -0.387061 2.37312e+09
-1.25 0.75 1.25 0.791874 -0.0491356 -0.417742 1.53969e+09
-1.75 1.25 1.25 0.769224 -0.252215 -0.32841 1.23271e+09
-0.25 -1.25 1.25 0.703358 0.453316 -0.371806 3.35505e+09
-0.75 -0.75 1.25 0.744689 0.335124 -0.407679 3.23634e+09
-0.25 -0.25 1.25 0.739498 0.298384 -0.455324 2.06156e+09
-0.75 0.25 1.25 0.775289 0.140778 -0.457522 1.84243e+09
-0.25 0.75 1.25 0.767126 0.107027 -0.493408 1.17528e+09
-0.75 1.25 1.25 0.78577 -0.0782054 -0.444768 9.926e+08
0.75 -1.25 1.25 0.665326 0.502514 -0.380231 2.02914e+09
0.25 -0.75 1.25 0.700067 0.418379 -0.425166 2.13192e+09
0.75 -0.25 1.25 0.693875 0.384059 -0.474831 1.34814e+09
0.25 0.25 1.25 0.731657 0.263062 -0.498965 1.30665e+09
0.75 0.75 1.25 0.721791 0.228794 -0.538841 8.24978e+08
0.25 1.25 1.25 0.757097 0.0751824 -0.525666 7.46604e+08
1.75 -1.25 1.25 0.636521 0.528305 -0.386551 1.13553e+09
1.25 -0.75 1.25 0.661411 0.471013 -0.434001 1.28542e+09
1.75 -0.25 1.25 0.654907 0.439543 -0.484587 8.1075e+08
1.25 0.25 1.25 0.685394 0.35017 -0.520913 8.49188e+08
1.75 0.75 1.25 0.675129 0.31665 -0.563524 5.33051e+08
1.25 1.25 1.25 0.710425 0.195372 -0.575163 5.19174e+08
2.25 -0.75 1.25 0.632276 0.500526 -0.439928 7.19266e+08
2.25 0.25 1.25 0.64631 0.408127 -0.532 5.09268e+08
2.25 1.25 1.25 0.663516 0.283558 -0.60277 3.33459e+08
-2.5 -1 1.5 0.40054 0.429786 -0.245906 1.38377e+10
-2.5 0 1.5 0.3823 0.236226 -0.264879 6.71184e+09
-2.5 1 1.5 0.32118 0.0499205 -0.219853 3.24327e+09
-2 -1.5 1.5 0.373834 0.524804 -0.233406 1.5729e+10
-1.5 -1 1.5 0.374611 0.45024 -0.286281 9.19388e+09
-2 -0.5 1.5 0.394417 0.344643 -0.292147 8.01514e+09
-1.5 0 1.5 0.394103 0.268817 -0.333858 4.74027e+09
-2 0.5 1.5 0.375096 0.151815 -0.296316 3.9594e+09
-1.5 1 1.5 0.375697 0.0834228 -0.324207 2.38915e+09
-2 1.5 1.5 0.315172 -0.0239985 -0.235241 1.96087e+09
-1 -1.5 1.5 0.330898 0.538472 -0.257305 9.95624e+09
-0.5 -1 1.5 0.337621 0.47668 -0.310569 5.93319e+09
-1 -0.5 1.5 0.37854 0.381845 -0.335113 5.45479e+09
-0.5 0 1.5 0.385041 0.322115 -0.38011 3.28087e+09
-1 0.5 1.5 0.398154 0.205187 -0.37149 2.85445e+09
-0.5 1 1.5 0.404186 0.153678 -0.405446 1.74266e+09
-1 1.5 1.5 0.380217 0.0306448 -0.349072 1.46612e+09
0 -1.5 1.5 0.281779 0.548789 -0.272482 6.04957e+09
0.5 -1 1.5 0.292484 0.496592 -0.325535 3.6499e+09
0 -0.5 1.5 0.346279 0.420749 -0.360664 3.57085e+09
0.5 0 1.5 0.356088 0.371351 -0.407651 2.16657e+09
0 0.5 1.5 0.392753 0.2714 -0.421502 1.99476e+09
0.5 1 1.5 0.400617 0.228791 -0.459539 1.22223e+09
0 1.5 1.5 0.410408 0.112632 -0.436105 1.0742e+09
1 -1.5 1.5 0.23164 0.550849 -0.284932 3.4958e+09
1.5 -1 1.5 0.246063 0.505681 -0.337408 2.12569e+09
1 -0.5 1.5 0.304607 0.449115 -0.376169 2.21471e+09
1.5 0 1.5 0.317769 0.406332 -0.424345 1.34917e+09
1 0.5 1.5 0.366403 0.328127 -0.451624 1.32222e+09
1.5 1 1.5 0.377009 0.290235 -0.492697 8.0977e+08
1 1.5 1.5 0.408188 0.192893 -0.494477 7.52591e+08
2 -1.5 1.5 0.185598 0.544747 -0.298579 1.92025e+09
2.5 -1 1.5 0.204421 0.504729 -0.350186 1.17151e+09
2 -0.5 1.5 0.26214 0.464097 -0.388055 1.29509e+09
2.5 0 1.5 0.279979 0.425844 -0.436729 7.89013e+08
2 0.5 1.5 0.33192 0.367765 -0.470037 8.23447e+08
2.5 1 1.5 0.347396 0.332789 -0.513211 5.02428e+08
2 1.5 1.5 0.388139 0.256724 -0.530979 4.96567e+08
