449
-2.5 -1 -1.5 -0.343082 -0.350033 0.255339 1.93129e+10
-2.5 0 -1.5 -0.32971 -0.334082 0.322731 2.42013e+10
-2.5 1 -1.5 -0.303044 -0.313379 0.384893 2.90713e+10
-2 -1.5 -1.5 -0.331189 -0.347985 0.266802 1.72431e+10
-1.5 -1 -1.5 -0.311323 -0.326033 0.351794 1.86536e+10
-2 -0.5 -1.5 -0.321528 -0.328482 0.339359 2.08907e+10
-1.5 0 -1.5 -0.296627 -0.296984 0.422106 2.12419e+10
-2 0.5 -1.5 -0.304137 -0.300387 0.40428 2.45003e+10
-1.5 1 -1.5 -0.278138 -0.260736 0.481414 2.38547e+10
-2 1.5 -1.5 -0.279385 -0.269476 0.459335 2.80862e+10
-1 -1.5 -1.5 -0.310165 -0.319463 0.357901 1.74842e+10
-0.5 -1 -1.5 -0.286152 -0.291885 0.441721 1.79938e+10
-1 -0.5 -1.5 -0.287903 -0.295946 0.435188 1.90889e+10
-0.5 0 -1.5 -0.262459 -0.261262 0.515219 1.89039e+10
-1 0.5 -1.5 -0.270769 -0.259936 0.500993 2.08562e+10
-0.5 1 -1.5 -0.245779 -0.220981 0.574991 2.00374e+10
-1 1.5 -1.5 -0.254037 -0.219038 0.552993 2.26915e+10
0 -1.5 -1.5 -0.291885 -0.286152 0.441721 1.79938e+10
0.5 -1 -1.5 -0.260639 -0.2591 0.522419 1.79279e+10
0 -0.5 -1.5 -0.2591 -0.260639 0.522419 1.79279e+10
0.5 0 -1.5 -0.230913 -0.228163 0.59917 1.7477e+10
0 0.5 -1.5 -0.236737 -0.225019 0.590966 1.83242e+10
0.5 1 -1.5 -0.211354 -0.189363 0.662274 1.75186e+10
0 1.5 -1.5 -0.221888 -0.182512 0.644156 1.90017e+10
1 -1.5 -1.5 -0.261262 -0.262459 0.515219 1.89039e+10
1.5 -1 -1.5 -0.225019 -0.236737 0.590966 1.83242e+10
1 -0.5 -1.5 -0.228163 -0.230913 0.59917 1.7477e+10
1.5 0 -1.5 -0.1961 -0.202792 0.671686 1.67893e+10
1 0.5 -1.5 -0.202792 -0.1961 0.671686 1.67893e+10
1.5 1 -1.5 -0.17494 -0.164851 0.740063 1.60141e+10
1 1.5 -1.5 -0.186157 -0.154925 0.729382 1.66411e+10
2 -1.5 -1.5 -0.220981 -0.245779 0.574991 2.00374e+10
2.5 -1 -1.5 -0.182512 -0.221888 0.644156 1.90017e+10
2 -0.5 -1.5 -0.189363 -0.211354 0.662274 1.75186e+10
2.5 0 -1.5 -0.154925 -0.186157 0.729382 1.66411e+10
2 0.5 -1.5 -0.164851 -0.17494 0.740063 1.60141e+10
2.5 1 -1.5 -0.134588 -0.147464 0.80395 1.5248e+10
2 1.5 -1.5 -0.147464 -0.134588 0.80395 1.5248e+10
-2.25 -0.75 -1.25 -0.146693 -0.0406378 0.375858 3.98415e+09
-2.25 0.25 -1.25 -0.192612 -0.00414228 0.415037 5.00503e+09
-2.25 1.25 -1.25 -0.227983 0.0399243 0.447644 5.98667e+09
-1.75 -1.25 -1.25 -0.111068 -0.0668577 0.394595 3.60317e+09
-1.25 -0.75 -1.25 -0.120629 -0.0623917 0.458665 3.97506e+09
-1.75 -0.25 -1.25 -0.156875 -0.0343278 0.439667 4.39989e+09
-1.25 0.25 -1.25 -0.159396 -0.0256861 0.503519 4.56144e+09
-1.75 0.75 -1.25 -0.196251 0.0063498 0.477468 5.17952e+09
-1.25 1.25 -1.25 -0.193285 0.0194971 0.539433 5.1346e+09
-0.75 -1.25 -1.25 -0.0965551 -0.0822678 0.468306 3.75103e+09
-0.25 -0.75 -1.25 -0.0980718 -0.0787788 0.532436 3.92542e+09
-0.75 -0.25 -1.25 -0.124108 -0.0552064 0.52272 4.14054e+09
-0.25 0.25 -1.25 -0.121739 -0.0438996 0.58714 4.15717e+09
-0.75 0.75 -1.25 -0.156359 -0.0128594 0.567225 4.54701e+09
-0.25 1.25 -1.25 -0.150564 0.0026796 0.629612 4.42824e+09
0.25 -1.25 -1.25 -0.0787788 -0.0980718 0.532436 3.92542e+09
0.75 -0.75 -1.25 -0.0705634 -0.094081 0.597212 3.96194e+09
0.25 -0.25 -1.25 -0.094081 -0.0705634 0.597212 3.96194e+09
0.75 0.25 -1.25 -0.0856195 -0.0583215 0.661931 3.90514e+09
0.25 0.75 -1.25 -0.115608 -0.029063 0.651013 4.07816e+09
0.75 1.25 -1.25 -0.108072 -0.0142941 0.712837 3.94574e+09
1.25 -1.25 -1.25 -0.0438996 -0.121739 0.58714 4.15717e+09
1.75 -0.75 -1.25 -0.029063 -0.115608 0.651013 4.07816e+09
1.25 -0.25 -1.25 -0.0583215 -0.0856195 0.661931 3.90514e+09
1.75 0.25 -1.25 -0.0455549 -0.0758897 0.724808 3.79361e+09
1.25 0.75 -1.25 -0.0758897 -0.0455549 0.724808 3.79361e+09
1.75 1.25 -1.25 -0.0658549 -0.033273 0.784962 3.65709e+09
2.25 -1.25 -1.25 0.0026796 -0.150564 0.629612 4.42824e+09
2.25 -0.25 -1.25 -0.0142941 -0.108072 0.712837 3.94574e+09
2.25 0.75 -1.25 -0.033273 -0.0658549 0.784962 3.65709e+09
-2.5 -1.5 -1 -0.35517 -0.382608 0.21154 1.2208e+10
-2.5 -0.5 -1 -0.348 -0.367562 0.279142 1.63768e+10
-2.5 0.5 -1 -0.331349 -0.342435 0.341774 2.04476e+10
-2.5 1.5 -1 -0.301184 -0.318698 0.398736 2.44856e+10
-1.5 -1.5 -1 -0.333572 -0.357932 0.304525 1.33728e+10
-2 -1 -1 -0.338724 -0.364704 0.294671 1.45772e+10
-1.5 -0.5 -1 -0.318119 -0.335239 0.378733 1.58375e+10
-2 0 -1 -0.327656 -0.337046 0.361814 1.78069e+10
-1.5 0.5 -1 -0.302934 -0.299334 0.442888 1.82321e+10
-2 1 -1 -0.306941 -0.303406 0.420819 2.0932e+10
-1.5 1.5 -1 -0.282923 -0.260269 0.49515 2.05142e+10
-0.5 -1.5 -1 -0.31971 -0.31971 0.392671 1.41472e+10
-1 -1 -1 -0.313306 -0.330078 0.389296 1.45873e+10
-0.5 -0.5 -1 -0.288865 -0.296963 0.47215 1.51143e+10
-1 0 -1 -0.29399 -0.299146 0.460954 1.63e+10
-0.5 0.5 -1 -0.269017 -0.260163 0.539244 1.61883e+10
-1 1 -1 -0.27786 -0.258318 0.51957 1.79694e+10
-0.5 1.5 -1 -0.253399 -0.216886 0.591287 1.72993e+10
0.5 -1.5 -1 -0.296963 -0.288865 0.47215 1.51143e+10
0 -1 -1 -0.29153 -0.29153 0.475828 1.47088e+10
0.5 -0.5 -1 -0.261084 -0.261084 0.555668 1.47626e+10
0 0 -1 -0.262556 -0.26144 0.551553 1.51213e+10
0.5 0.5 -1 -0.235522 -0.226013 0.626808 1.47631e+10
0 1 -1 -0.24381 -0.221257 0.613038 1.57062e+10
0.5 1.5 -1 -0.218507 -0.183204 0.682444 1.5053e+10
1.5 -1.5 -1 -0.260163 -0.269017 0.539244 1.61883e+10
1 -1 -1 -0.26144 -0.262556 0.551553 1.51213e+10
1.5 -0.5 -1 -0.226013 -0.235522 0.626808 1.47631e+10
1 0 -1 -0.230184 -0.230184 0.631476 1.44493e+10
1.5 0.5 -1 -0.199241 -0.199241 0.703189 1.39542e+10
1 1 -1 -0.208027 -0.191213 0.697902 1.42276e+10
1.5 1.5 -1 -0.180318 -0.157306 0.764713 1.36312e+10
2.5 -1.5 -1 -0.216886 -0.253399 0.591287 1.72993e+10
2 -1 -1 -0.221257 -0.24381 0.613038 1.57062e+10
2.5 -0.5 -1 -0.183204 -0.218507 0.682444 1.5053e+10
2 0 -1 -0.191213 -0.208027 0.697902 1.42276e+10
2.5 0.5 -1 -0.157306 -0.180318 0.764713 1.36312e+10
2 1 -1 -0.168545 -0.168545 0.770625 1.33932e+10
2.5 1.5 -1 -0.138336 -0.138336 0.832975 1.28338e+10
-2.25 -1.25 -0.75 -0.0934844 -0.0402399 0.36207 2.39043e+09
-2.25 -0.25 -0.75 -0.153635 0.00487423 0.401013 3.24712e+09
-2.25 0.75 -0.75 -0.207735 0.0591962 0.431472 4.07791e+09
-1.25 -1.25 -0.75 -0.0793058 -0.0535891 0.445612 2.70879e+09
-1.75 -0.75 -0.75 -0.111852 -0.0256649 0.428824 2.91958e+09
-1.25 -0.25 -0.75 -0.123923 -0.0151334 0.491774 3.25429e+09
-1.75 0.25 -0.75 -0.16775 0.0203313 0.464318 3.61965e+09
-1.25 0.75 -0.75 -0.171925 0.0360977 0.527323 3.78503e+09
-1.75 1.25 -0.75 -0.214811 0.074072 0.492159 4.28186e+09
-0.25 -1.25 -0.75 -0.0700355 -0.0700355 0.512319 2.95643e+09
-0.75 -0.75 -0.75 -0.0893309 -0.046745 0.508247 3.02802e+09
-0.25 -0.25 -0.75 -0.091716 -0.037354 0.57155 3.19694e+09
-0.75 0.25 -0.75 -0.127569 -0.00218989 0.555075 3.41816e+09
-0.25 0.75 -0.75 -0.126005 0.0137427 0.618199 3.45804e+09
-0.75 1.25 -0.75 -0.170601 0.0518414 0.589129 3.80835e+09
0.75 -1.25 -0.75 -0.037354 -0.091716 0.57155 3.19694e+09
0.25 -0.75 -0.75 -0.0658209 -0.0658209 0.576342 3.12639e+09
0.75 -0.25 -0.75 -0.0561003 -0.0561003 0.641334 3.18469e+09
0.25 0.25 -0.75 -0.0877078 -0.0232101 0.635793 3.2513e+09
0.75 0.75 -0.75 -0.0819161 -0.00997827 0.698266 3.22808e+09
0.25 1.25 -0.75 -0.122203 0.0279498 0.67927 3.41738e+09
1.75 -1.25 -0.75 0.0137427 -0.126005 0.618199 3.45804e+09
1.25 -0.75 -0.75 -0.0232101 -0.0877078 0.635793 3.2513e+09
1.75 -0.25 -0.75 -0.00997827 -0.0819161 0.698266 3.22808e+09
1.25 0.25 -0.75 -0.0460727 -0.0460727 0.704517 3.16671e+09
1.75 0.75 -0.75 -0.0366667 -0.0366667 0.765008 3.10414e+09
1.25 1.25 -0.75 -0.0754561 0.00165968 0.758115 3.16004e+09
2.25 -0.75 -0.75 0.0279498 -0.122203 0.67927 3.41738e+09
2.25 0.25 -0.75 0.00165968 -0.0754561 0.758115 3.16004e+09
2.25 1.25 -0.75 -0.0277923 -0.0277923 0.822136 3.02004e+09
-2.5 -1 -0.5 -0.352612 -0.407076 0.241215 9.8427e+09
-2.5 0 -0.5 -0.352181 -0.376226 0.302074 1.30063e+10
-2.5 1 -0.5 -0.325336 -0.346027 0.361191 1.61363e+10
-2 -1.5 -0.5 -0.352821 -0.397393 0.251875 9.02801e+09
-1.5 -1 -0.5 -0.33695 -0.370624 0.335183 1.07026e+10
-2 -0.5 -0.5 -0.341909 -0.376881 0.321773 1.17101e+10
-1.5 0 -0.5 -0.322821 -0.339397 0.403773 1.28014e+10
-2 0.5 -0.5 -0.331461 -0.339513 0.382534 1.42833e+10
-1.5 1 -0.5 -0.307799 -0.298223 0.46063 1.47282e+10
-2 1.5 -0.5 -0.305203 -0.304017 0.435736 1.6712e+10
-1 -1.5 -0.5 -0.343778 -0.355846 0.341541 1.01382e+10
-0.5 -1 -0.5 -0.319496 -0.327455 0.425752 1.116e+10
-1 -0.5 -0.5 -0.316532 -0.336133 0.418561 1.17337e+10
-0.5 0 -0.5 -0.293477 -0.297792 0.499748 1.2183e+10
-1 0.5 -0.5 -0.300547 -0.298237 0.483519 1.32154e+10
-0.5 1 -0.5 -0.275957 -0.256721 0.559585 1.31425e+10
-1 1.5 -0.5 -0.283229 -0.255042 0.534694 1.45889e+10
0 -1.5 -0.5 -0.327455 -0.319496 0.425752 1.116e+10
0.5 -1 -0.5 -0.294813 -0.292341 0.507867 1.16506e+10
0 -0.5 -0.5 -0.292341 -0.294813 0.507867 1.16506e+10
0.5 0 -0.5 -0.263521 -0.261165 0.58658 1.16913e+10
0 0.5 -0.5 -0.268092 -0.259318 0.577437 1.21777e+10
0.5 1 -0.5 -0.24112 -0.22112 0.651166 1.19227e+10
0 1.5 -0.5 -0.250562 -0.215364 0.631379 1.2799e+10
1 -1.5 -0.5 -0.297792 -0.293477 0.499748 1.2183e+10
1.5 -1 -0.5 -0.259318 -0.268092 0.577437 1.21777e+10
1 -0.5 -0.5 -0.261165 -0.263521 0.58658 1.16913e+10
1.5 0 -0.5 -0.227035 -0.233439 0.661446 1.14846e+10
1 0.5 -0.5 -0.233439 -0.227035 0.661446 1.14846e+10
1.5 1 -0.5 -0.202834 -0.192953 0.732121 1.11534e+10
1 1.5 -0.5 -0.213503 -0.183531 0.720637 1.15432e+10
2 -1.5 -0.5 -0.256721 -0.275957 0.559585 1.31425e+10
2.5 -1 -0.5 -0.215364 -0.250562 0.631379 1.2799e+10
2 -0.5 -0.5 -0.22112 -0.24112 0.651166 1.19227e+10
2.5 0 -0.5 -0.183531 -0.213503 0.720637 1.15432e+10
2 0.5 -0.5 -0.192953 -0.202834 0.732121 1.11534e+10
2.5 1 -0.5 -0.159299 -0.172101 0.798095 1.07665e+10
2 1.5 -0.5 -0.172101 -0.159299 0.798095 1.07665e+10
-2.25 -0.75 -0.25 -0.0923844 -0.0110265 0.388258 1.85858e+09
-2.25 0.25 -0.25 -0.170714 0.0578174 0.419235 2.50056e+09
-2.25 1.25 -0.25 -0.225353 0.120758 0.442823 3.13947e+09
-1.75 -1.25 -0.25 -0.0621506 -0.0309853 0.413679 1.71168e+09
-1.25 -0.75 -0.25 -0.0823995 -0.018758 0.479016 2.09928e+09
-1.75 -0.25 -0.25 -0.1216 0.0137485 0.454516 2.27726e+09
-1.25 0.25 -0.25 -0.136751 0.0360924 0.518481 2.55329e+09
-1.75 0.75 -0.25 -0.188479 0.0818985 0.482614 2.81727e+09
-1.25 1.25 -0.25 -0.195357 0.0998073 0.543881 2.99104e+09
-0.75 -1.25 -0.25 -0.0646714 -0.0460073 0.487297 2.01828e+09
-0.25 -0.75 -0.25 -0.0668869 -0.0404838 0.551794 2.27186e+09
-0.75 -0.25 -0.25 -0.0937934 -0.00498545 0.542414 2.36158e+09
-0.25 0.25 -0.25 -0.0963692 0.013496 0.606734 2.5113e+09
-0.75 0.75 -0.25 -0.143212 0.0567158 0.581298 2.70474e+09
-0.25 1.25 -0.25 -0.144361 0.0715068 0.641808 2.76102e+09
0.25 -1.25 -0.25 -0.0404838 -0.0668869 0.551794 2.27186e+09
0.75 -0.75 -0.25 -0.026369 -0.0607216 0.618137 2.41902e+09
0.25 -0.25 -0.25 -0.0607216 -0.026369 0.618137 2.41902e+09
0.75 0.25 -0.25 -0.0540936 -0.0142542 0.681957 2.48164e+09
0.25 0.75 -0.25 -0.0956652 0.0281042 0.668841 2.5724e+09
0.75 1.25 -0.25 -0.0931536 0.0394286 0.728162 2.5748e+09
1.25 -1.25 -0.25 0.013496 -0.0963692 0.606734 2.5113e+09
1.75 -0.75 -0.25 0.0281042 -0.0956652 0.668841 2.5724e+09
1.25 -0.25 -0.25 -0.0142542 -0.0540936 0.681957 2.48164e+09
1.75 0.25 -0.25 -0.00438163 -0.0478716 0.742657 2.4879e+09
1.25 0.75 -0.25 -0.0478716 -0.00438163 0.742657 2.4879e+09
1.75 1.25 -0.25 -0.0416643 0.00408413 0.800071 2.46038e+09
2.25 -1.25 -0.25 0.0715068 -0.144361 0.641808 2.76102e+09
2.25 -0.25 -0.25 0.0394286 -0.0931536 0.728162 2.5748e+09
2.25 0.75 -0.25 0.00408413 -0.0416643 0.800071 2.46038e+09
-2.5 -1.5 0 -0.350945 -0.439564 0.204458 5.21893e+09
-2.5 -0.5 0 -0.364035 -0.417878 0.267766 7.43892e+09
-2.5 0.5 0 -0.349132 -0.377881 0.325943 9.68346e+09
-2.5 1.5 0 -0.313548 -0.348072 0.381282 1.18842e+10
-1.5 -1.5 0 -0.362895 -0.395148 0.290363 6.5051e+09
-2 -1 0 -0.34819 -0.415279 0.284101 6.9195e+09
-1.5 -0.5 0 -0.337636 -0.378927 0.364646 8.22913e+09
-2 0 0 -0.348924 -0.380534 0.346857 8.90756e+09
-1.5 0.5 0 -0.33034 -0.338354 0.425683 9.77354e+09
-2 1 0 -0.32927 -0.338946 0.40243 1.07505e+10
-1.5 1.5 0 -0.306856 -0.296152 0.476759 1.11949e+10
-0.5 -1.5 0 -0.354736 -0.354736 0.376602 7.5645e+09
-1 -1 0 -0.343464 -0.366781 0.373761 7.74142e+09
-0.5 -0.5 0 -0.322068 -0.331776 0.456415 8.52675e+09
-1 0 0 -0.322031 -0.337445 0.445152 9.01845e+09
-0.5 0.5 0 -0.299801 -0.296384 0.524081 9.34368e+09
-1 1 0 -0.306505 -0.295631 0.502832 1.01327e+10
-0.5 1.5 0 -0.281018 -0.251813 0.576656 1.01477e+10
0.5 -1.5 0 -0.331776 -0.322068 0.456415 8.52675e+09
0 -1 0 -0.326384 -0.326384 0.460089 8.35638e+09
0.5 -0.5 0 -0.295653 -0.295653 0.541509 8.68747e+09
0 0 0 -0.296492 -0.295694 0.537112 8.85415e+09
0.5 0.5 0 -0.267595 -0.258665 0.614796 8.90945e+09
0 1 0 -0.273645 -0.255192 0.600064 9.37935e+09
0.5 1.5 0 -0.246455 -0.213977 0.671986 9.23922e+09
1.5 -1.5 0 -0.296384 -0.299801 0.524081 9.34368e+09
1 -1 0 -0.295694 -0.296492 0.537112 8.85415e+09
1.5 -0.5 0 -0.258665 -0.267595 0.614796 8.90945e+09
1 0 0 -0.262818 -0.262818 0.619839 8.7507e+09
1.5 0.5 0 -0.229073 -0.229073 0.694166 8.65641e+09
1 1 0 -0.237349 -0.221228 0.6885 8.8036e+09
1.5 1.5 0 -0.206631 -0.183944 0.757686 8.59786e+09
2.5 -1.5 0 -0.251813 -0.281018 0.576656 1.01477e+10
2 -1 0 -0.255192 -0.273645 0.600064 9.37935e+09
2.5 -0.5 0 -0.213977 -0.246455 0.671986 9.23922e+09
2 0 0 -0.221228 -0.237349 0.6885 8.8036e+09
2.5 0.5 0 -0.183944 -0.206631 0.757686 8.59786e+09
2 1 0 -0.195101 -0.195101 0.763981 8.46555e+09
2.5 1.5 0 -0.16127 -0.16127 0.828356 8.22037e+09
-2.25 -1.25 0.25 -0.0180587 -0.0218804 0.362716 9.28959e+08
-2.25 -0.25 0.25 -0.118162 0.0299923 0.403609 1.36993e+09
-2.25 0.75 0.25 -0.191319 0.119023 0.434052 1.81193e+09
-1.25 -1.25 0.25 -0.0562995 -0.028453 0.451388 1.22041e+09
-1.75 -0.75 0.25 -0.0624952 -0.00616607 0.43933 1.28118e+09
-1.25 -0.25 0.25 -0.0920613 0.0200011 0.507334 1.56744e+09
-1.75 0.25 0.25 -0.145591 0.0677288 0.474922 1.68356e+09
-1.25 0.75 0.25 -0.163415 0.0964654 0.53918 1.91013e+09
-1.75 1.25 0.25 -0.212131 0.140759 0.495608 2.09065e+09
-0.25 -1.25 0.25 -0.0490868 -0.0490868 0.523813 1.47256e+09
-0.75 -0.75 0.25 -0.0685095 -0.0184726 0.521004 1.49462e+09
-0.25 -0.25 0.25 -0.0692714 0.00360334 0.590902 1.69118e+09
-0.75 0.25 0.25 -0.107209 0.0480128 0.573308 1.77414e+09
-0.25 0.75 0.25 -0.114895 0.0660843 0.635418 1.90063e+09
-0.75 1.25 0.25 -0.171347 0.113356 0.599623 2.05117e+09
0.75 -1.25 0.25 0.00360334 -0.0692714 0.590902 1.69118e+09
0.25 -0.75 0.25 -0.0358549 -0.0358549 0.595863 1.66478e+09
0.75 -0.25 0.25 -0.0256778 -0.0256778 0.662616 1.78264e+09
0.25 0.25 0.25 -0.0682743 0.0190359 0.656033 1.81192e+09
0.75 0.75 0.25 -0.0665252 0.0299352 0.717005 1.87448e+09
0.25 1.25 0.25 -0.117843 0.0778546 0.694214 1.96559e+09
1.75 -1.25 0.25 0.0660843 -0.114895 0.635418 1.90063e+09
1.25 -0.75 0.25 0.0190359 -0.0682743 0.656033 1.81192e+09
1.75 -0.25 0.25 0.0299352 -0.0665252 0.717005 1.87448e+09
1.25 0.25 0.25 -0.0180555 -0.0180555 0.724697 1.84398e+09
1.75 0.75 0.25 -0.0118547 -0.0118547 0.78276 1.86719e+09
1.25 1.25 0.25 -0.0632205 0.038447 0.774555 1.89665e+09
2.25 -0.75 0.25 0.0778546 -0.117843 0.694214 1.96559e+09
2.25 0.25 0.25 0.038447 -0.0632205 0.774555 1.89665e+09
2.25 1.25 0.25 -0.00561891 -0.00561891 0.83714 1.86504e+09
-2.5 -1 0.5 -0.366373 -0.464983 0.236632 3.77936e+09
-2.5 0 0.5 -0.370717 -0.41681 0.294908 5.29111e+09
-2.5 1 0.5 -0.33419 -0.379712 0.35217 6.76736e+09
-2 -1.5 0.5 -0.37182 -0.432989 0.241043 3.62623e+09
-1.5 -1 0.5 -0.357837 -0.409724 0.323266 4.80125e+09
-2 -0.5 0.5 -0.357071 -0.426713 0.313776 5.05727e+09
-1.5 0 0.5 -0.349183 -0.380553 0.39072 5.98628e+09
-2 0.5 0.5 -0.354033 -0.377524 0.370416 6.3535e+09
-1.5 1 0.5 -0.330413 -0.336401 0.446489 7.03825e+09
-2 1.5 0.5 -0.316997 -0.339055 0.423589 7.60539e+09
-1 -1.5 0.5 -0.377482 -0.392985 0.326756 4.64447e+09
-0.5 -1 0.5 -0.356788 -0.363582 0.409487 5.52253e+09
-1 -0.5 0.5 -0.347783 -0.372128 0.403728 5.68688e+09
-0.5 0 0.5 -0.327673 -0.333895 0.48443 6.19956e+09
-1 0.5 0.5 -0.32976 -0.33721 0.46876 6.55352e+09
-0.5 1 0.5 -0.304101 -0.293718 0.545784 6.84583e+09
-1 1.5 0.5 -0.30592 -0.29184 0.520571 7.38148e+09
0 -1.5 0.5 -0.363582 -0.356788 0.409487 5.52253e+09
0.5 -1 0.5 -0.331316 -0.330059 0.492165 6.01139e+09
0 -0.5 0.5 -0.330059 -0.331316 0.492165 6.01139e+09
0.5 0 0.5 -0.298592 -0.296185 0.573252 6.26375e+09
0 0.5 0.5 -0.300558 -0.294499 0.56391 6.46375e+09
0.5 1 0.5 -0.271104 -0.253945 0.640141 6.55552e+09
0 1.5 0.5 -0.277755 -0.249132 0.619505 6.93578e+09
1 -1.5 0.5 -0.333895 -0.327673 0.48443 6.19956e+09
1.5 -1 0.5 -0.294499 -0.300558 0.56391 6.46375e+09
1 -0.5 0.5 -0.296185 -0.298592 0.573252 6.26375e+09
1.5 0 0.5 -0.259554 -0.265286 0.65087 6.35624e+09
1 0.5 0.5 -0.265286 -0.259554 0.65087 6.35624e+09
1.5 1 0.5 -0.231558 -0.222106 0.724193 6.33297e+09
1 1.5 0.5 -0.241195 -0.212911 0.712081 6.5178e+09
2 -1.5 0.5 -0.293718 -0.304101 0.545784 6.84583e+09
2.5 -1 0.5 -0.249132 -0.277755 0.619505 6.93578e+09
2 -0.5 0.5 -0.253945 -0.271104 0.640141 6.55552e+09
2.5 0 0.5 -0.212911 -0.241195 0.712081 6.5178e+09
2 0.5 0.5 -0.222106 -0.231558 0.724193 6.33297e+09
2.5 1 0.5 -0.18486 -0.197431 0.792437 6.22224e+09
2 1.5 0.5 -0.197431 -0.18486 0.792437 6.22224e+09
-2.25 -0.75 0.75 -0.0406125 -0.015546 0.372542 6.63828e+08
-2.25 0.25 0.75 -0.143031 0.0978662 0.420662 9.47971e+08
-2.25 1.25 0.75 -0.201658 0.164912 0.447229 1.26393e+09
-1.75 -1.25 0.75 -0.0302134 -0.0167849 0.392915 6.39615e+08
-1.25 -0.75 0.75 -0.0604171 -0.00326315 0.478516 8.72649e+08
-1.75 -0.25 0.75 -0.0869166 0.0334253 0.459796 9.0565e+08
-1.25 0.25 0.75 -0.117526 0.0755177 0.532794 1.11793e+09
-1.75 0.75 0.75 -0.176804 0.129559 0.490882 1.18205e+09
-1.25 1.25 0.75 -0.193732 0.148847 0.553233 1.36971e+09
-0.75 -1.25 0.75 -0.0555163 -0.03469 0.483066 8.53063e+08
-0.25 -0.75 0.75 -0.0475688 -0.0112606 0.56628 1.04295e+09
-0.75 -0.25 0.75 -0.0754582 0.0301173 0.556769 1.06992e+09
-0.25 0.25 0.75 -0.0845325 0.0504226 0.625071 1.21662e+09
-0.75 0.75 0.75 -0.136376 0.0998431 0.596733 1.27752e+09
-0.25 1.25 0.75 -0.146799 0.113337 0.655365 1.38748e+09
0.25 -1.25 0.75 -0.0112606 -0.0475688 0.56628 1.04295e+09
0.75 -0.75 0.75 0.00334776 -0.0422499 0.638358 1.18318e+09
0.25 -0.25 0.75 -0.0422499 0.00334776 0.638358 1.18318e+09
0.75 0.25 0.75 -0.0387106 0.0130739 0.702764 1.27743e+09
0.25 0.75 0.75 -0.0903611 0.0634316 0.686769 1.31521e+09
0.75 1.25 0.75 -0.0912101 0.0731531 0.744734 1.37451e+09
1.25 -1.25 0.75 0.0504226 -0.0845325 0.625071 1.21662e+09
1.75 -0.75 0.75 0.0634316 -0.0903611 0.686769 1.31521e+09
1.25 -0.25 0.75 0.0130739 -0.0387106 0.702764 1.27743e+09
1.75 0.25 0.75 0.0193698 -0.0353837 0.761681 1.33561e+09
1.25 0.75 0.75 -0.0353837 0.0193698 0.761681 1.33561e+09
1.75 1.25 0.75 -0.030476 0.0267866 0.817181 1.36649e+09
2.25 -1.25 0.75 0.113337 -0.146799 0.655365 1.38748e+09
2.25 -0.25 0.75 0.0731531 -0.0912101 0.744734 1.37451e+09
2.25 0.75 0.75 0.0267866 -0.030476 0.817181 1.36649e+09
-2.5 -1.5 1 -0.386357 -0.461019 0.189389 1.66466e+09
-2.5 -0.5 1 -0.394648 -0.461954 0.266491 2.59616e+09
-2.5 0.5 1 -0.365516 -0.415789 0.322766 3.51238e+09
-2.5 1.5 1 -0.316346 -0.383533 0.380699 4.4376e+09
-1.5 -1.5 1 -0.391627 -0.431804 0.2779 2.51334e+09
-2 -1 1 -0.364155 -0.461535 0.277025 2.58042e+09
-1.5 -0.5 1 -0.371046 -0.418515 0.35329 3.36274e+09
-2 0 1 -0.380109 -0.421163 0.33947 3.44574e+09
-1.5 0.5 1 -0.356326 -0.379264 0.41522 4.09514e+09
-2 1 1 -0.339458 -0.378866 0.397099 4.2813e+09
-1.5 1.5 1 -0.318556 -0.334875 0.468571 4.80731e+09
-0.5 -1.5 1 -0.395883 -0.395883 0.360613 3.27059e+09
-1 -1 1 -0.38488 -0.403683 0.358542 3.29259e+09
-0.5 -0.5 1 -0.363213 -0.370303 0.440487 3.81325e+09
-1 0 1 -0.356332 -0.376881 0.431494 3.93097e+09
-0.5 0.5 1 -0.330472 -0.33522 0.510897 4.32029e+09
-1 1 1 -0.328915 -0.33573 0.491545 4.54608e+09
-0.5 1.5 1 -0.304472 -0.288582 0.5653 4.8122e+09
0.5 -1.5 1 -0.370303 -0.363213 0.440487 3.81325e+09
0 -1 1 -0.368022 -0.368022 0.443524 3.7719e+09
0.5 -0.5 1 -0.334074 -0.334074 0.527021 4.11232e+09
0 0 1 -0.33282 -0.33356 0.522969 4.16721e+09
0.5 0.5 1 -0.300082 -0.294694 0.602924 4.3851e+09
0 1 1 -0.302219 -0.291738 0.588355 4.55809e+09
0.5 1.5 1 -0.274416 -0.246828 0.662104 4.65554e+09
1.5 -1.5 1 -0.33522 -0.330472 0.510897 4.32029e+09
1 -1 1 -0.33356 -0.33282 0.522969 4.16721e+09
1.5 -0.5 1 -0.294694 -0.300082 0.602924 4.3851e+09
1 0 1 -0.297993 -0.297993 0.607882 4.32346e+09
1.5 0.5 1 -0.260929 -0.260929 0.684909 4.42798e+09
1 1 1 -0.267702 -0.253658 0.679055 4.4863e+09
1.5 1.5 1 -0.234111 -0.212893 0.750593 4.48393e+09
2.5 -1.5 1 -0.288582 -0.304472 0.5653 4.8122e+09
2 -1 1 -0.291738 -0.302219 0.588355 4.55809e+09
2.5 -0.5 1 -0.246828 -0.274416 0.662104 4.65554e+09
2 0 1 -0.253658 -0.267702 0.679055 4.4863e+09
2.5 0.5 1 -0.212893 -0.234111 0.750593 4.48393e+09
2 1 1 -0.223579 -0.223579 0.757159 4.42847e+09
2.5 1.5 1 -0.18561 -0.18561 0.823736 4.38126e+09
-2.25 -1.25 1.25 0.0477466 -0.0129126 0.293647 2.81495e+08
-2.25 -0.25 1.25 -0.0868559 0.0660701 0.38533 4.38353e+08
-2.25 0.75 1.25 -0.165193 0.146983 0.433106 6.23006e+08
-1.25 -1.25 1.25 -0.0507361 -0.0192988 0.418664 4.31385e+08
-1.75 -0.75 1.25 -0.0320668 0.00358661 0.41554 4.3723e+08
-1.25 -0.25 1.25 -0.073522 0.0481175 0.51048 5.95631e+08
-1.75 0.25 1.25 -0.126463 0.100313 0.477814 6.09299e+08
-1.25 0.75 1.25 -0.155178 0.127118 0.55028 7.6036e+08
-1.75 1.25 1.25 -0.193226 0.169614 0.504823 8.01174e+08
-0.25 -1.25 1.25 -0.0240248 -0.0240248 0.528656 5.77092e+08
-0.75 -0.75 1.25 -0.0555362 0.0115151 0.522891 5.83671e+08
-0.25 -0.25 1.25 -0.0589567 0.0295576 0.605586 7.1436e+08
-0.75 0.25 1.25 -0.0975487 0.0747239 0.586691 7.34745e+08
-0.25 0.75 1.25 -0.11564 0.0910385 0.650344 8.45247e+08
-0.75 1.25 1.25 -0.173819 0.141449 0.611005 8.87459e+08
0.75 -1.25 1.25 0.0295576 -0.0589567 0.605586 7.1436e+08
0.25 -0.75 1.25 -0.0160648 -0.0160648 0.612384 7.05248e+08
0.75 -0.25 1.25 -0.010732 -0.010732 0.68269 8.0729e+08
0.25 0.25 1.25 -0.0624757 0.0426558 0.674875 8.16704e+08
0.75 0.75 1.25 -0.0641526 0.0497137 0.735432 8.92206e+08
0.25 1.25 1.25 -0.122964 0.104726 0.70965 9.25256e+08
1.75 -1.25 1.25 0.0910385 -0.11564 0.650344 8.45247e+08
1.25 -0.75 1.25 0.0426558 -0.0624757 0.674875 8.16704e+08
1.75 -0.25 1.25 0.0497137 -0.0641526 0.735432 8.92206e+08
1.25 0.25 1.25 -0.00795875 -0.00795875 0.74377 8.81079e+08
1.75 0.75 1.25 -0.000572443 -0.000572444 0.801916 9.31899e+08
1.25 1.25 1.25 -0.0617383 0.0598741 0.792663 9.43774e+08
2.25 -0.75 1.25 0.104726 -0.122964 0.70965 9.25256e+08
2.25 0.25 1.25 0.0598741 -0.0617383 0.792663 9.43774e+08
2.25 1.25 1.25 0.00430867 0.00430867 0.853717 9.62756e+08
-2.5 -1 1.5 -0.462138 -0.501543 0.23201 1.07936e+09
-2.5 0 1.5 -0.405728 -0.459474 0.294246 1.64652e+09
-2.5 1 1.5 -0.341047 -0.424452 0.35732 2.20974e+09
-2 -1.5 1.5 -0.404645 -0.468246 0.226252 1.13587e+09
-1.5 -1 1.5 -0.414729 -0.450046 0.309324 1.70776e+09
-2 -0.5 1.5 -0.415513 -0.467091 0.30583 1.6825e+09
-1.5 0 1.5 -0.388391 -0.423251 0.380864 2.19267e+09
-2 0.5 1.5 -0.373339 -0.421414 0.367652 2.20946e+09
-1.5 1 1.5 -0.340864 -0.380869 0.442941 2.67582e+09
-2 1.5 1.5 -0.320612 -0.381819 0.426138 2.72152e+09
-1 -1.5 1.5 -0.430687 -0.441806 0.311917 1.71861e+09
-0.5 -1 1.5 -0.406325 -0.410798 0.393242 2.14469e+09
-1 -0.5 1.5 -0.395187 -0.414738 0.389393 2.16317e+09
-0.5 0 1.5 -0.363427 -0.376116 0.471675 2.53068e+09
-1 0.5 1.5 -0.356515 -0.380357 0.458964 2.6011e+09
-0.5 1 1.5 -0.328209 -0.334691 0.535938 2.90987e+09
-1 1.5 1.5 -0.32204 -0.331954 0.513748 3.01734e+09
0 -1.5 1.5 -0.410798 -0.406325 0.393242 2.14469e+09
0.5 -1 1.5 -0.373942 -0.371387 0.477726 2.48736e+09
0 -0.5 1.5 -0.371387 -0.373942 0.477726 2.48736e+09
0.5 0 1.5 -0.335126 -0.335462 0.56058 2.74506e+09
0 0.5 1.5 -0.33062 -0.335802 0.55232 2.80602e+09
0.5 1 1.5 -0.301868 -0.290631 0.629654 2.98078e+09
0 1.5 1.5 -0.30445 -0.285851 0.609557 3.09064e+09
1 -1.5 1.5 -0.376116 -0.363427 0.471675 2.53068e+09
1.5 -1 1.5 -0.335802 -0.33062 0.55232 2.80602e+09
1 -0.5 1.5 -0.335462 -0.335126 0.56058 2.74506e+09
1.5 0 1.5 -0.295026 -0.299673 0.640193 2.92002e+09
1 0.5 1.5 -0.299673 -0.295026 0.640193 2.92002e+09
1.5 1 1.5 -0.262936 -0.254457 0.71577 2.99092e+09
1 1.5 1.5 -0.269903 -0.246201 0.703554 3.05419e+09
2 -1.5 1.5 -0.334691 -0.328209 0.535938 2.90987e+09
2.5 -1 1.5 -0.285851 -0.30445 0.609557 3.09064e+09
2 -0.5 1.5 -0.290631 -0.301868 0.629654 2.98078e+09
2.5 0 1.5 -0.246201 -0.269903 0.703554 3.05419e+09
2 0.5 1.5 -0.254457 -0.262936 0.71577 2.99092e+09
2.5 1 1.5 -0.213075 -0.22442 0.786457 3.01202e+09
2 1.5 1.5 -0.22442 -0.213075 0.786457 3.01202e+09
