449
-2.5 -1 -1.5 -0.715516 -0.520162 0.0173372 7.95941e+08
-2.5 0 -1.5 -0.585316 -0.669732 0.0888212 1.17197e+09
-2.5 1 -1.5 -0.447663 -0.77288 0.16097 1.57748e+09
-2 -1.5 -1.5 -0.809328 -0.366286 0.0184463 7.23138e+08
-1.5 -1 -1.5 -0.787222 -0.406394 0.0859101 1.00781e+09
-2 -0.5 -1.5 -0.686463 -0.560077 0.0820811 1.13114e+09
-1.5 0 -1.5 -0.648715 -0.59769 0.15085 1.54109e+09
-2 0.5 -1.5 -0.541939 -0.703979 0.152803 1.63074e+09
-1.5 1 -1.5 -0.488925 -0.733752 0.218853 2.16094e+09
-2 1.5 -1.5 -0.391453 -0.797599 0.221158 2.13757e+09
-1 -1.5 -1.5 -0.86822 -0.204723 0.103384 8.36769e+08
-0.5 -1 -1.5 -0.843615 -0.23529 0.181713 1.07327e+09
-1 -0.5 -1.5 -0.756464 -0.443562 0.159627 1.33578e+09
-0.5 0 -1.5 -0.714987 -0.473919 0.240536 1.64974e+09
-1 0.5 -1.5 -0.600945 -0.630318 0.223728 1.97944e+09
-0.5 1 -1.5 -0.541491 -0.6542 0.300937 2.34326e+09
-1 1.5 -1.5 -0.425413 -0.756249 0.286582 2.67758e+09
0 -1.5 -1.5 -0.87833 0.0216942 0.214741 8.1325e+08
0.5 -1 -1.5 -0.834908 0.0221225 0.311508 9.1432e+08
0 -0.5 -1.5 -0.805998 -0.254938 0.27137 1.26662e+09
0.5 0 -1.5 -0.74731 -0.254421 0.375623 1.33481e+09
0 0.5 -1.5 -0.65929 -0.491677 0.330143 1.84805e+09
0.5 1 -1.5 -0.581566 -0.489359 0.429234 1.82437e+09
0 1.5 -1.5 -0.467263 -0.664566 0.382169 2.48821e+09
1 -1.5 -1.5 -0.757845 0.325317 0.345977 6.36877e+08
1.5 -1 -1.5 -0.620797 0.379552 0.460766 6.01685e+08
1 -0.5 -1.5 -0.75354 0.0522531 0.427853 9.07294e+08
1.5 0 -1.5 -0.593983 0.118688 0.558953 7.84809e+08
1 0.5 -1.5 -0.648505 -0.223124 0.495446 1.22464e+09
1.5 1 -1.5 -0.468608 -0.161596 0.615306 9.82485e+08
1 1.5 -1.5 -0.463648 -0.461694 0.531621 1.56451e+09
2 -1.5 -1.5 -0.334772 0.631667 0.439289 4.03977e+08
2.5 -1 -1.5 0.0314149 0.610642 0.486305 3.45076e+08
2 -0.5 -1.5 -0.354482 0.444198 0.570666 5.069e+08
2.5 0 -1.5 0.0796972 0.416639 0.595966 4.12288e+08
2 0.5 -1.5 -0.290311 0.187465 0.662216 6.14659e+08
2.5 1 -1.5 0.168583 0.132125 0.621681 4.88141e+08
2 1.5 -1.5 -0.151995 -0.114898 0.669839 7.336e+08
-2.25 -0.75 -1.25 -0.583276 -0.421949 0.187258 2.27578e+08
-2.25 0.25 -1.25 -0.423194 -0.60012 0.254856 3.44997e+08
-2.25 1.25 -1.25 -0.250378 -0.721721 0.319529 4.95366e+08
-1.75 -1.25 -1.25 -0.691114 -0.235934 0.201873 2.07119e+08
-1.25 -0.75 -1.25 -0.662454 -0.269715 0.287588 2.90819e+08
-1.75 -0.25 -1.25 -0.550902 -0.457409 0.268007 3.24652e+08
-1.25 0.25 -1.25 -0.509468 -0.490482 0.352429 4.475e+08
-1.75 0.75 -1.25 -0.377695 -0.629674 0.331814 4.85297e+08
-1.25 1.25 -1.25 -0.322082 -0.653528 0.409249 6.54936e+08
-0.75 -1.25 -1.25 -0.732601 -0.0458689 0.307365 2.49988e+08
-0.25 -0.75 -1.25 -0.690711 -0.0708389 0.404083 3.29613e+08
-0.75 -0.25 -1.25 -0.623268 -0.301353 0.379193 3.9221e+08
-0.25 0.25 -1.25 -0.569169 -0.327006 0.476469 4.98444e+08
-0.75 0.75 -1.25 -0.456326 -0.51821 0.439535 5.86631e+08
-0.25 1.25 -1.25 -0.387268 -0.535951 0.528807 7.13792e+08
0.25 -1.25 -1.25 -0.68547 0.180439 0.414594 2.6744e+08
0.75 -0.75 -1.25 -0.60085 0.175387 0.523183 3.18522e+08
0.25 -0.25 -1.25 -0.627492 -0.0879897 0.509778 4.05685e+08
0.75 0.25 -1.25 -0.526555 -0.0894562 0.625722 4.52015e+08
0.25 0.75 -1.25 -0.491858 -0.340325 0.58014 5.80265e+08
0.75 1.25 -1.25 -0.37415 -0.334458 0.689329 5.99e+08
1.25 -1.25 -1.25 -0.471866 0.425743 0.49889 2.42835e+08
1.75 -0.75 -1.25 -0.258573 0.433232 0.599762 2.50774e+08
1.25 -0.25 -1.25 -0.454282 0.186354 0.641608 3.4052e+08
1.75 0.25 -1.25 -0.192898 0.19953 0.746738 3.23717e+08
1.25 0.75 -1.25 -0.354201 -0.0720602 0.745641 4.44392e+08
1.75 1.25 -1.25 -0.0600709 -0.0619696 0.828174 3.91515e+08
2.25 -1.25 -1.25 0.0363639 0.579148 0.479406 1.83593e+08
2.25 -0.25 -1.25 0.10236 0.392188 0.648458 2.36368e+08
2.25 0.75 -1.25 0.221531 0.13866 0.753502 2.89454e+08
-2.5 -1.5 -1 -0.757016 -0.406429 -0.12012 1.00024e+09
-2.5 -0.5 -1 -0.648288 -0.577116 -0.0499358 1.56202e+09
-2.5 0.5 -1 -0.528958 -0.702573 0.0296381 2.23409e+09
-2.5 1.5 -1 -0.409346 -0.785283 0.10755 2.89278e+09
-1.5 -1.5 -1 -0.826942 -0.281686 -0.0565335 1.30079e+09
-2 -1 -1 -0.740558 -0.451079 -0.0608859 1.48164e+09
-1.5 -0.5 -1 -0.716748 -0.496213 0.00260793 2.13169e+09
-2 0 -1 -0.618541 -0.619072 0.0118956 2.28115e+09
-1.5 0.5 -1 -0.580053 -0.659455 0.0763476 3.21838e+09
-2 1 -1 -0.486505 -0.737618 0.090617 3.19744e+09
-1.5 1.5 -1 -0.434793 -0.768755 0.152554 4.39601e+09
-0.5 -1.5 -1 -0.87575 -0.108864 0.0313717 1.46984e+09
-1 -1 -1 -0.81012 -0.326461 0.00768971 1.83309e+09
-0.5 -0.5 -1 -0.784557 -0.369464 0.0779901 2.45656e+09
-1 0 -1 -0.684171 -0.540016 0.0702139 2.94185e+09
-0.5 0.5 -1 -0.641439 -0.579536 0.141733 3.82392e+09
-1 1 -1 -0.531855 -0.695998 0.142926 4.32437e+09
-0.5 1.5 -1 -0.473384 -0.725432 0.210984 5.42279e+09
0.5 -1.5 -1 -0.862212 0.12261 0.14471 1.3939e+09
0 -1 -1 -0.855633 -0.144477 0.103425 1.90126e+09
0.5 -0.5 -1 -0.821369 -0.169991 0.185467 2.25275e+09
0 0 -1 -0.747898 -0.406403 0.154832 3.06009e+09
0.5 0.5 -1 -0.696226 -0.430362 0.238729 3.43372e+09
0 1 -1 -0.587046 -0.610258 0.216863 4.5624e+09
0.5 1.5 -1 -0.518461 -0.626077 0.293956 4.84045e+09
1.5 -1.5 -1 -0.696037 0.409798 0.27309 1.05785e+09
1 -1 -1 -0.818248 0.117095 0.229732 1.56507e+09
1.5 -0.5 -1 -0.728238 0.138802 0.328741 1.53404e+09
1 0 -1 -0.762875 -0.175004 0.278941 2.36038e+09
1.5 0.5 -1 -0.656429 -0.150246 0.37835 2.13095e+09
1 1 -1 -0.620797 -0.432398 0.327489 3.35706e+09
1.5 1.5 -1 -0.502244 -0.409845 0.405271 2.84004e+09
2.5 -1.5 -1 -0.211502 0.619482 0.350323 6.52971e+08
2 -1 -1 -0.538989 0.440682 0.363111 9.85176e+08
2.5 -0.5 -1 -0.248207 0.433653 0.421191 8.32942e+08
2 0 -1 -0.544861 0.180649 0.424168 1.3095e+09
2.5 0.5 -1 -0.225586 0.162094 0.445619 1.05787e+09
2 1 -1 -0.458883 -0.113887 0.448226 1.70523e+09
2.5 1.5 -1 -0.158763 -0.154116 0.402035 1.36413e+09
-2.25 -1.25 -0.75 -0.56246 -0.298385 0.0256962 2.68283e+08
-2.25 -0.25 -0.75 -0.418623 -0.497781 0.0954755 4.25819e+08
-2.25 0.75 -0.75 -0.259103 -0.648804 0.169683 6.39934e+08
-1.25 -1.25 -0.75 -0.628415 -0.140882 0.119734 3.46866e+08
-1.75 -0.75 -0.75 -0.534417 -0.339129 0.103207 3.94447e+08
-1.25 -0.25 -0.75 -0.49745 -0.38079 0.18652 5.66673e+08
-1.75 0.25 -0.75 -0.378498 -0.537862 0.173361 6.21676e+08
-1.25 0.75 -0.75 -0.328544 -0.575784 0.253884 8.83159e+08
-1.75 1.25 -0.75 -0.207744 -0.680188 0.243118 9.25617e+08
-0.25 -1.25 -0.75 -0.635635 0.0518963 0.227074 4.05253e+08
-0.75 -0.75 -0.75 -0.592719 -0.179404 0.206999 4.89524e+08
-0.25 -0.25 -0.75 -0.542536 -0.217734 0.300919 6.63988e+08
-0.75 0.25 -0.75 -0.448885 -0.421476 0.274401 7.8743e+08
-0.25 0.75 -0.75 -0.384798 -0.457618 0.365197 1.04111e+09
-0.75 1.25 -0.75 -0.266372 -0.608522 0.335236 1.20506e+09
0.75 -1.25 -0.75 -0.525487 0.260658 0.325936 4.19195e+08
0.25 -0.75 -0.75 -0.577115 0.0202731 0.322949 5.35978e+08
0.75 -0.25 -0.75 -0.486221 -0.00683221 0.425684 6.60696e+08
0.25 0.25 -0.75 -0.470814 -0.251535 0.400109 8.48311e+08
0.75 0.75 -0.75 -0.363564 -0.272497 0.502986 9.88988e+08
0.25 1.25 -0.75 -0.298504 -0.482591 0.457365 1.27509e+09
1.75 -1.25 -0.75 -0.206923 0.423665 0.371859 3.69788e+08
1.25 -0.75 -0.75 -0.400013 0.237159 0.42201 4.98672e+08
1.75 -0.25 -0.75 -0.181401 0.209454 0.509834 5.32536e+08
1.25 0.25 -0.75 -0.335697 -0.0226192 0.530903 7.34139e+08
1.75 0.75 -0.75 -0.0782289 -0.0396522 0.611936 7.24478e+08
1.25 1.25 -0.75 -0.193133 -0.27344 0.601092 1.01667e+09
2.25 -0.75 -0.75 0.0835289 0.337651 0.413959 3.86881e+08
2.25 0.25 -0.75 0.172667 0.115686 0.530202 5.23711e+08
2.25 1.25 -0.75 0.293753 -0.136547 0.583499 6.83224e+08
-2.5 -1 -0.5 -0.69015 -0.467199 -0.19737 2.02512e+09
-2.5 0 -0.5 -0.59269 -0.611858 -0.116527 3.07094e+09
-2.5 1 -0.5 -0.492565 -0.713881 -0.0290064 4.22289e+09
-2 -1.5 -0.5 -0.76997 -0.326282 -0.205509 1.87692e+09
-1.5 -1 -0.5 -0.759275 -0.374696 -0.149329 2.81403e+09
-2 -0.5 -0.5 -0.673849 -0.513391 -0.139609 3.0687e+09
-1.5 0 -0.5 -0.650201 -0.560436 -0.0785798 4.54668e+09
-2 0.5 -0.5 -0.564684 -0.653847 -0.0562609 4.58863e+09
-1.5 1 -0.5 -0.528287 -0.694656 0.0057764 6.67299e+09
-2 1.5 -0.5 -0.453789 -0.748649 0.0304329 6.17864e+09
-1 -1.5 -0.5 -0.833566 -0.192241 -0.137636 2.38868e+09
-0.5 -1 -0.5 -0.822253 -0.241804 -0.0792177 3.4136e+09
-1 -0.5 -0.5 -0.741488 -0.424858 -0.0888362 4.10712e+09
-0.5 0 -0.5 -0.715069 -0.475081 -0.024437 5.76218e+09
-1 0.5 -0.5 -0.617941 -0.606945 -0.0148128 6.52149e+09
-0.5 1 -0.5 -0.576155 -0.65052 0.050936 8.92288e+09
-1 1.5 -0.5 -0.482809 -0.732318 0.0688863 9.33787e+09
0 -1.5 -0.5 -0.866746 -0.0154033 -0.0440396 2.65795e+09
0.5 -1 -0.5 -0.850926 -0.0586488 0.0173285 3.49265e+09
0 -0.5 -0.5 -0.802277 -0.291572 -0.015514 4.64895e+09
0.5 0 -0.5 -0.770966 -0.337177 0.0529993 5.88972e+09
0 0.5 -0.5 -0.678581 -0.522237 0.0431564 7.62413e+09
0.5 1 -0.5 -0.630805 -0.561062 0.112669 9.24978e+09
0 1.5 -0.5 -0.52471 -0.687363 0.117574 1.13966e+10
1 -1.5 -0.5 -0.826253 0.202602 0.0731055 2.50906e+09
1.5 -1 -0.5 -0.783228 0.18015 0.138469 2.85968e+09
1 -0.5 -0.5 -0.820049 -0.0952687 0.0854677 4.20441e+09
1.5 0 -0.5 -0.762655 -0.115904 0.15837 4.46404e+09
1 0.5 -0.5 -0.724105 -0.371088 0.124912 6.7052e+09
1.5 1 -0.5 -0.6531 -0.384264 0.193341 6.62677e+09
1 1.5 -0.5 -0.570333 -0.584062 0.180268 9.93147e+09
2 -1.5 -0.5 -0.629222 0.434568 0.199284 1.9154e+09
2.5 -1 -0.5 -0.478609 0.408938 0.25352 1.82543e+09
2 -0.5 -0.5 -0.691086 0.171721 0.207594 2.84562e+09
2.5 0 -0.5 -0.516393 0.14774 0.251795 2.52951e+09
2 0.5 -0.5 -0.655471 -0.118684 0.22198 4.10704e+09
2.5 1 -0.5 -0.478539 -0.1443 0.233279 3.50734e+09
2 1.5 -0.5 -0.543752 -0.381581 0.233691 5.76189e+09
-2.25 -0.75 -0.25 -0.392642 -0.384237 -0.0948093 5.13494e+08
-2.25 0.25 -0.25 -0.254616 -0.552856 -0.0150324 8.04489e+08
-2.25 1.25 -0.25 -0.113891 -0.674118 0.0695539 1.17967e+09
-1.75 -1.25 -0.25 -0.487678 -0.223116 -0.0899992 4.66281e+08
-1.25 -0.75 -0.25 -0.454994 -0.270495 -0.0145685 6.90239e+08
-1.75 -0.25 -0.25 -0.358301 -0.431594 -0.0211383 7.7022e+08
-1.25 0.25 -0.25 -0.314821 -0.480595 0.0575563 1.13556e+09
-1.75 0.75 -0.25 -0.210672 -0.5966 0.0592977 1.20187e+09
-1.25 1.25 -0.25 -0.15769 -0.638292 0.135578 1.76032e+09
-0.75 -1.25 -0.25 -0.521948 -0.0771131 0.00483772 5.85857e+08
-0.25 -0.75 -0.25 -0.474854 -0.126862 0.0876155 8.33729e+08
-0.75 -0.25 -0.25 -0.411262 -0.321484 0.06754 1.00059e+09
-0.25 0.25 -0.25 -0.35322 -0.37471 0.154556 1.40753e+09
-0.75 0.75 -0.25 -0.260098 -0.529455 0.139646 1.63357e+09
-0.25 1.25 -0.25 -0.191494 -0.574761 0.222715 2.26527e+09
0.25 -1.25 -0.25 -0.478082 0.0807437 0.110479 6.67572e+08
0.75 -0.75 -0.25 -0.397185 0.0231382 0.194231 8.95178e+08
0.25 -0.25 -0.25 -0.40885 -0.182025 0.176289 1.14506e+09
0.75 0.25 -0.25 -0.314816 -0.239697 0.266827 1.49001e+09
0.25 0.75 -0.25 -0.275973 -0.42665 0.243514 1.8922e+09
0.75 1.25 -0.25 -0.170939 -0.46957 0.330448 2.36635e+09
1.25 -1.25 -0.25 -0.302411 0.198033 0.195205 6.85139e+08
1.75 -0.75 -0.25 -0.144808 0.105919 0.258031 8.38918e+08
1.25 -0.25 -0.25 -0.275183 -0.044352 0.277437 1.12794e+09
1.75 0.25 -0.25 -0.0828784 -0.123063 0.346027 1.29743e+09
1.25 0.75 -0.25 -0.17497 -0.292698 0.352361 1.78085e+09
1.75 1.25 -0.25 0.0363372 -0.341368 0.412165 1.90317e+09
2.25 -1.25 -0.25 0.0478021 0.159406 0.201034 6.23445e+08
2.25 -0.25 -0.25 0.0980817 -0.0343024 0.287806 9.45851e+08
2.25 0.75 -0.25 0.193005 -0.248251 0.356688 1.38243e+09
-2.5 -1.5 0 -0.712519 -0.348206 -0.340549 2.61569e+09
-2.5 -0.5 0 -0.638169 -0.508494 -0.267432 4.18649e+09
-2.5 0.5 0 -0.559988 -0.627564 -0.176367 6.1037e+09
-2.5 1.5 0 -0.483653 -0.707803 -0.0818755 8.00937e+09
-1.5 -1.5 0 -0.778376 -0.24311 -0.288754 3.64404e+09
-2 -1 0 -0.708254 -0.395412 -0.288787 4.06758e+09
-1.5 -0.5 0 -0.69844 -0.445065 -0.233047 6.24154e+09
-2 0 0 -0.624047 -0.554077 -0.20964 6.45591e+09
-1.5 0.5 0 -0.602957 -0.600525 -0.149013 9.78927e+09
-2 1 0 -0.535886 -0.668217 -0.116123 9.26854e+09
-1.5 1.5 0 -0.504006 -0.708007 -0.0544145 1.37787e+10
-0.5 -1.5 0 -0.831831 -0.102693 -0.211189 4.55772e+09
-1 -1 0 -0.773691 -0.294531 -0.236935 5.53298e+09
-0.5 -0.5 0 -0.762496 -0.349264 -0.180657 8.20664e+09
-1 0 0 -0.681729 -0.496693 -0.17363 9.39189e+09
-0.5 0.5 0 -0.656798 -0.549083 -0.111118 1.37265e+10
-1 1 0 -0.573774 -0.64677 -0.0861369 1.4486e+10
-0.5 1.5 0 -0.535852 -0.690838 -0.0217656 2.06863e+10
0.5 -1.5 0 -0.84614 0.0695918 -0.105694 5.05851e+09
0 -1 0 -0.826242 -0.156914 -0.160151 6.62528e+09
0.5 -0.5 0 -0.812608 -0.214115 -0.104438 9.22216e+09
0 0 0 -0.743156 -0.4059 -0.120462 1.17471e+10
0.5 0.5 0 -0.714211 -0.461261 -0.0573564 1.59226e+10
0 1 0 -0.622768 -0.599767 -0.0463977 1.92027e+10
0.5 1.5 0 -0.579949 -0.644405 0.0192289 2.51449e+10
1.5 -1.5 0 -0.783513 0.2579 0.0212989 4.87797e+09
1 -1 0 -0.835779 0.0166876 -0.0566454 6.81153e+09
1.5 -0.5 0 -0.811122 -0.0349898 -0.0032203 8.44986e+09
1 0 0 -0.788104 -0.270178 -0.04508 1.19999e+10
1.5 0.5 0 -0.74875 -0.317186 0.0156061 1.40731e+10
1 1 0 -0.674841 -0.509368 0.00687788 1.98416e+10
1.5 1.5 0 -0.625174 -0.541149 0.0674306 2.18598e+10
2.5 -1.5 0 -0.585922 0.420004 0.152261 3.89863e+09
2 -1 0 -0.748918 0.212357 0.0669088 5.75242e+09
2.5 -0.5 0 -0.671763 0.167547 0.111968 5.96997e+09
2 0 0 -0.76141 -0.0773446 0.0513547 9.2883e+09
2.5 0.5 0 -0.671532 -0.113336 0.0930675 8.98712e+09
2 1 0 -0.688052 -0.345912 0.0694027 1.43677e+10
2.5 1.5 0 -0.602381 -0.36631 0.0962538 1.32285e+10
-2.25 -1.25 0.25 -0.357284 -0.281536 -0.294758 6.15463e+08
-2.25 -0.25 0.25 -0.248186 -0.453515 -0.219733 1.00198e+09
-2.25 0.75 0.25 -0.132294 -0.589541 -0.12692 1.52489e+09
-1.25 -1.25 0.25 -0.399833 -0.184632 -0.221083 8.28014e+08
-1.75 -0.75 0.25 -0.330007 -0.333656 -0.230394 9.41668e+08
-1.25 -0.25 0.25 -0.294744 -0.390665 -0.159067 1.42582e+09
-1.75 0.25 0.25 -0.21312 -0.506282 -0.148929 1.53206e+09
-1.25 0.75 0.25 -0.17039 -0.560972 -0.0732813 2.31591e+09
-1.75 1.25 0.25 -0.0909228 -0.636769 -0.0543628 2.3234e+09
-0.25 -1.25 0.25 -0.396934 -0.079324 -0.122292 1.01891e+09
-0.75 -0.75 0.25 -0.363024 -0.243667 -0.151103 1.2375e+09
-0.25 -0.25 0.25 -0.31436 -0.310657 -0.0735042 1.81922e+09
-0.75 0.25 0.25 -0.249959 -0.452161 -0.081383 2.12916e+09
-0.25 0.75 0.25 -0.194066 -0.516508 0.00108584 3.11801e+09
-0.75 1.25 0.25 -0.118989 -0.615562 0.00580339 3.44502e+09
0.75 -1.25 0.25 -0.313018 -0.00478359 -0.0128791 1.15715e+09
0.25 -0.75 0.25 -0.341314 -0.15218 -0.0488728 1.47419e+09
0.75 -0.25 0.25 -0.267708 -0.239297 0.0297806 2.0795e+09
0.25 0.25 0.25 -0.251337 -0.384979 0.0097443 2.61337e+09
0.75 0.75 0.25 -0.170582 -0.463243 0.0949032 3.6259e+09
0.25 1.25 0.25 -0.125296 -0.579894 0.085706 4.43335e+09
1.75 -1.25 0.25 -0.13901 -0.033386 0.0694953 1.23205e+09
1.25 -0.75 0.25 -0.227773 -0.11054 0.052899 1.60672e+09
1.75 -0.25 0.25 -0.11401 -0.240634 0.113616 2.14137e+09
1.25 0.25 0.25 -0.170543 -0.338676 0.108062 2.82296e+09
1.75 0.75 0.25 -0.0387057 -0.441652 0.17733 3.58666e+09
1.25 1.25 0.25 -0.0660306 -0.536699 0.176666 4.74211e+09
2.25 -0.75 0.25 -0.0192013 -0.2049 0.102291 1.61851e+09
2.25 0.25 0.25 0.0397958 -0.390825 0.155942 2.67161e+09
2.25 1.25 0.25 0.128451 -0.546158 0.217838 4.16761e+09
-2.5 -1 0.5 -0.67202 -0.402129 -0.403266 5.8302e+09
-2.5 0 0.5 -0.614696 -0.536829 -0.317417 8.97571e+09
-2.5 1 0.5 -0.558596 -0.632188 -0.217744 1.24877e+10
-2 -1.5 0.5 -0.730853 -0.274761 -0.413663 5.49118e+09
-1.5 -1 0.5 -0.732266 -0.323417 -0.365111 8.61566e+09
-2 -0.5 0.5 -0.669711 -0.448391 -0.350065 9.18015e+09
-1.5 0 0.5 -0.662134 -0.496652 -0.293003 1.43176e+10
-2 0.5 0.5 -0.60382 -0.580133 -0.258389 1.39891e+10
-1.5 1 0.5 -0.586439 -0.624183 -0.196624 2.15211e+10
-2 1.5 0.5 -0.539017 -0.670392 -0.156517 1.91157e+10
-1 -1.5 0.5 -0.790984 -0.159497 -0.35028 7.47177e+09
-0.5 -1 0.5 -0.792042 -0.212601 -0.303418 1.1483e+10
-1 -0.5 0.5 -0.728821 -0.37542 -0.312039 1.33763e+10
-0.5 0 0.5 -0.719156 -0.430624 -0.25458 2.0435e+10
-1 0.5 0.5 -0.648057 -0.546653 -0.232344 2.20169e+10
-0.5 1 0.5 -0.626271 -0.597528 -0.168544 3.31437e+10
-1 1.5 0.5 -0.561505 -0.668203 -0.132603 3.24909e+10
0 -1.5 0.5 -0.831384 -0.0135307 -0.256052 9.23295e+09
0.5 -1 0.5 -0.83175 -0.071095 -0.212431 1.36687e+10
0 -0.5 0.5 -0.787552 -0.270721 -0.251608 1.73122e+10
0.5 0 0.5 -0.775831 -0.33282 -0.195143 2.53195e+10
0 0.5 0.5 -0.701867 -0.488059 -0.19313 3.04455e+10
0.5 1 0.5 -0.676015 -0.545228 -0.128321 4.36139e+10
0 1.5 0.5 -0.596052 -0.647347 -0.102205 4.83143e+10
1 -1.5 0.5 -0.826064 0.150599 -0.132464 1.03486e+10
1.5 -1 0.5 -0.823566 0.0895844 -0.0942001 1.43539e+10
1 -0.5 0.5 -0.825516 -0.134566 -0.163766 1.95027e+10
1.5 0 0.5 -0.809906 -0.19982 -0.110461 2.61985e+10
1 0.5 0.5 -0.755381 -0.395686 -0.134632 3.52703e+10
1.5 1 0.5 -0.725763 -0.452347 -0.0710595 4.53698e+10
1 1.5 0.5 -0.642187 -0.597204 -0.0610192 5.87141e+10
2 -1.5 0.5 -0.748694 0.30904 0.00824332 1.03846e+10
2.5 -1 0.5 -0.73024 0.248073 0.0404383 1.27786e+10
2 -0.5 0.5 -0.809503 0.025679 -0.0508233 1.84851e+10
2.5 0 0.5 -0.774166 -0.030217 -0.00253941 2.113e+10
2 0.5 0.5 -0.781523 -0.25733 -0.0532358 3.18401e+10
2.5 1 0.5 -0.736252 -0.293771 0.00334291 3.35497e+10
2 1.5 0.5 -0.688521 -0.491088 -0.00767112 5.14302e+10
-2.25 -0.75 0.75 -0.274328 -0.377123 -0.4244 1.26191e+09
-2.25 0.25 0.75 -0.187082 -0.518482 -0.334562 1.98951e+09
-2.25 1.25 0.75 -0.0972106 -0.626414 -0.22821 2.89925e+09
-1.75 -1.25 0.75 -0.334774 -0.265266 -0.428143 1.16031e+09
-1.25 -0.75 0.75 -0.309612 -0.328021 -0.368973 1.78873e+09
-1.75 -0.25 0.75 -0.249629 -0.435852 -0.361637 1.96027e+09
-1.25 0.25 0.75 -0.218336 -0.499265 -0.291791 3.02476e+09
-1.75 0.75 0.75 -0.156404 -0.574996 -0.264214 3.08548e+09
-1.25 1.25 0.75 -0.119783 -0.633011 -0.188487 4.75044e+09
-0.75 -1.25 0.75 -0.355629 -0.200213 -0.345917 1.52507e+09
-0.25 -0.75 0.75 -0.319322 -0.277141 -0.283211 2.30626e+09
-0.75 -0.25 0.75 -0.276568 -0.398322 -0.301415 2.73651e+09
-0.25 0.25 0.75 -0.234835 -0.475835 -0.225227 4.14657e+09
-0.75 0.75 0.75 -0.179856 -0.566413 -0.214898 4.62802e+09
-0.25 1.25 0.75 -0.133917 -0.63474 -0.131616 6.99925e+09
0.25 -1.25 0.75 -0.330903 -0.15473 -0.231574 1.85436e+09
0.75 -0.75 0.75 -0.279399 -0.259248 -0.168435 2.74678e+09
0.25 -0.25 0.75 -0.272879 -0.366315 -0.210948 3.45168e+09
0.75 0.25 0.75 -0.216152 -0.466115 -0.12995 5.09741e+09
0.25 0.75 0.75 -0.184038 -0.55823 -0.14099 6.20237e+09
0.75 1.25 0.75 -0.124199 -0.640176 -0.0503488 9.09311e+09
1.25 -1.25 0.75 -0.251906 -0.175592 -0.103772 2.13716e+09
1.75 -0.75 0.75 -0.195561 -0.325319 -0.0532759 3.11746e+09
1.25 -0.25 0.75 -0.218622 -0.382353 -0.0977213 4.02477e+09
1.75 0.25 0.75 -0.150141 -0.515727 -0.0229983 5.7952e+09
1.25 0.75 0.75 -0.149512 -0.570469 -0.042655 7.37607e+09
1.75 1.25 0.75 -0.0725424 -0.666408 0.0471834 1.02352e+10
2.25 -1.25 0.75 -0.162417 -0.304583 -0.00689149 2.41328e+09
2.25 -0.25 0.75 -0.135842 -0.488764 -0.00261984 4.47791e+09
2.25 0.75 0.75 -0.0712608 -0.639532 0.0512678 7.9602e+09
-2.5 -1.5 1 -0.705382 -0.298342 -0.500686 8.34283e+09
-2.5 -0.5 1 -0.663362 -0.449399 -0.429652 1.34865e+10
-2.5 0.5 1 -0.623163 -0.561282 -0.332977 1.98337e+10
-2.5 1.5 1 -0.586434 -0.635254 -0.227375 2.62161e+10
-1.5 -1.5 1 -0.764685 -0.2003 -0.451046 1.20783e+10
-2 -1 1 -0.711707 -0.343097 -0.453923 1.32873e+10
-1.5 -0.5 1 -0.714376 -0.390157 -0.402727 2.10561e+10
-2 0 1 -0.66293 -0.492926 -0.374244 2.13584e+10
-1.5 0.5 1 -0.657414 -0.537859 -0.31509 3.35704e+10
-2 1 1 -0.61496 -0.600912 -0.27238 3.10032e+10
-1.5 1.5 1 -0.600517 -0.6411 -0.209188 4.79213e+10
-0.5 -1.5 1 -0.817186 -0.0694015 -0.370762 1.6022e+10
-1 -1 1 -0.770673 -0.24883 -0.406163 1.90637e+10
-0.5 -0.5 1 -0.772576 -0.30156 -0.356228 2.98476e+10
-1 0 1 -0.712307 -0.439781 -0.347013 3.31155e+10
-0.5 0.5 1 -0.704206 -0.491973 -0.286838 5.14694e+10
-1 1 1 -0.645646 -0.5841 -0.252396 5.21773e+10
-0.5 1.5 1 -0.626426 -0.631078 -0.186496 7.97369e+10
0.5 -1.5 1 -0.840544 0.0861879 -0.256248 1.95944e+10
0 -1 1 -0.822962 -0.121967 -0.329017 2.48258e+10
0.5 -0.5 1 -0.82438 -0.181152 -0.281713 3.78735e+10
0 0 1 -0.769016 -0.358724 -0.301084 4.61257e+10
0.5 0.5 1 -0.758423 -0.419667 -0.240754 6.97706e+10
0 1 1 -0.688694 -0.5461 -0.222421 7.85129e+10
0.5 1.5 1 -0.664827 -0.600307 -0.154073 1.16277e+11
1.5 -1.5 1 -0.811835 0.246968 -0.11515 2.22245e+10
1 -1 1 -0.846341 0.0280282 -0.219735 2.94204e+10
1.5 -0.5 1 -0.847401 -0.0386058 -0.177253 4.28144e+10
1 0 1 -0.819673 -0.246343 -0.228609 5.62987e+10
1.5 0.5 1 -0.80713 -0.314177 -0.169431 8.01057e+10
1 1 1 -0.739626 -0.48188 -0.175339 1.0188e+11
1.5 1.5 1 -0.713287 -0.539678 -0.104839 1.40255e+11
2.5 -1.5 1 -0.715275 0.38773 0.0339991 2.31359e+10
2 -1 1 -0.818121 0.182298 -0.0862704 3.1618e+10
2.5 -0.5 1 -0.815739 0.11262 -0.0496762 4.20189e+10
2 0 1 -0.840672 -0.10886 -0.127772 5.89768e+10
2.5 0.5 1 -0.822459 -0.168728 -0.0687201 7.32434e+10
2 1 1 -0.786474 -0.375942 -0.103502 1.05512e+11
2.5 1.5 1 -0.760434 -0.414648 -0.0308318 1.20881e+11
-2.25 -1.25 1.25 -0.437303 -0.314936 -0.539769 2.43812e+09
-2.25 -0.25 1.25 -0.375709 -0.467819 -0.466463 3.9801e+09
-2.25 0.75 1.25 -0.310478 -0.58795 -0.365228 5.98463e+09
-1.25 -1.25 1.25 -0.482711 -0.25302 -0.479987 3.43432e+09
-1.75 -0.75 1.25 -0.429616 -0.373397 -0.487446 3.84119e+09
-1.25 -0.25 1.25 -0.416901 -0.43686 -0.428157 6.02684e+09
-1.75 0.25 1.25 -0.361666 -0.52575 -0.403676 6.2636e+09
-1.25 0.75 1.25 -0.342082 -0.586523 -0.33467 9.81102e+09
-1.75 1.25 1.25 -0.289191 -0.641655 -0.295882 9.3688e+09
-0.25 -1.25 1.25 -0.509489 -0.184895 -0.384925 4.44022e+09
-0.75 -0.75 1.25 -0.470431 -0.321259 -0.426276 5.35298e+09
-0.25 -0.25 1.25 -0.451841 -0.39758 -0.363846 8.30004e+09
-0.75 0.25 1.25 -0.398268 -0.505252 -0.361267 9.40883e+09
-0.25 0.75 1.25 -0.372886 -0.577437 -0.286346 1.45928e+10
-0.75 1.25 1.25 -0.316258 -0.648858 -0.259373 1.52745e+10
0.75 -1.25 1.25 -0.496979 -0.139257 -0.255056 5.37353e+09
0.25 -0.75 1.25 -0.489705 -0.268953 -0.329964 6.81316e+09
0.75 -0.25 1.25 -0.462624 -0.365587 -0.264742 1.03867e+10
0.25 0.25 1.25 -0.426031 -0.481279 -0.291849 1.27838e+10
0.75 0.75 1.25 -0.391822 -0.569283 -0.209956 1.94956e+10
0.25 1.25 1.25 -0.339802 -0.650525 -0.20341 2.24141e+10
1.75 -1.25 1.25 -0.445841 -0.152712 -0.114111 6.24588e+09
1.25 -0.75 1.25 -0.469706 -0.252267 -0.202708 8.13239e+09
1.75 -0.25 1.25 -0.435899 -0.382016 -0.140748 1.22487e+10
1.25 0.25 1.25 -0.427191 -0.471689 -0.188849 1.56927e+10
1.75 0.75 1.25 -0.381197 -0.579688 -0.102756 2.32973e+10
1.25 1.25 1.25 -0.347577 -0.655701 -0.118535 2.91988e+10
2.25 -0.75 1.25 -0.424687 -0.302906 -0.0773489 9.36903e+09
2.25 0.25 1.25 -0.391216 -0.518277 -0.0691697 1.81852e+10
2.25 1.25 1.25 -0.320408 -0.676004 -0.0064664 3.29252e+10
-2.5 -1 1.5 -0.524199 -0.367189 -0.450757 9.06332e+09
-2.5 0 1.5 -0.47271 -0.489202 -0.363 1.43928e+10
-2.5 1 1.5 -0.415777 -0.578943 -0.259831 2.09204e+10
-2 -1.5 1.5 -0.570502 -0.259072 -0.462458 8.54831e+09
-1.5 -1 1.5 -0.570672 -0.307399 -0.415858 1.38187e+10
-2 -0.5 1.5 -0.521431 -0.413501 -0.398697 1.4662e+10
-1.5 0 1.5 -0.515207 -0.463572 -0.342797 2.37149e+10
-2 0.5 1.5 -0.463326 -0.534889 -0.304392 2.31914e+10
-1.5 1 1.5 -0.449666 -0.583147 -0.242907 3.72882e+10
-2 1.5 1.5 -0.399225 -0.621845 -0.19838 3.33599e+10
-1 -1.5 1.5 -0.611528 -0.17125 -0.401523 1.21272e+10
-0.5 -1 1.5 -0.61155 -0.22722 -0.35778 1.95484e+10
-1 -0.5 1.5 -0.567663 -0.361171 -0.364837 2.23567e+10
-0.5 0 1.5 -0.560691 -0.420869 -0.309293 3.61716e+10
-1 0.5 1.5 -0.504734 -0.517532 -0.283119 3.83182e+10
-0.5 1 1.5 -0.489033 -0.574774 -0.219805 6.17095e+10
-1 1.5 1.5 -0.430864 -0.633312 -0.178792 5.96967e+10
0 -1.5 1.5 -0.631747 -0.0694378 -0.309919 1.61016e+10
0.5 -1 1.5 -0.63219 -0.13747 -0.271227 2.578e+10
0 -0.5 1.5 -0.608406 -0.291895 -0.309169 3.15407e+10
0.5 0 1.5 -0.60114 -0.365226 -0.255495 5.08195e+10
0 0.5 1.5 -0.548706 -0.486068 -0.249212 5.83867e+10
0.5 1 1.5 -0.530284 -0.554648 -0.184589 9.35041e+10
0 1.5 1.5 -0.466924 -0.633437 -0.153009 9.85588e+10
1 -1.5 1.5 -0.62061 0.0218802 -0.193698 2.04654e+10
1.5 -1 1.5 -0.627628 -0.065491 -0.165089 3.25362e+10
1 -0.5 1.5 -0.630078 -0.21787 -0.227504 4.11887e+10
1.5 0 1.5 -0.623181 -0.307844 -0.178078 6.51493e+10
1 0.5 1.5 -0.588091 -0.444796 -0.196505 8.12721e+10
1.5 1 1.5 -0.567595 -0.524536 -0.131513 1.27293e+11
1 1.5 1.5 -0.504296 -0.622145 -0.115245 1.46888e+11
2 -1.5 1.5 -0.576915 0.0799436 -0.0695855 2.50731e+10
2.5 -1 1.5 -0.594849 -0.0239456 -0.0545801 3.89033e+10
2 -0.5 1.5 -0.633342 -0.166255 -0.13151 5.12739e+10
2.5 0 1.5 -0.631545 -0.268256 -0.0891175 7.83334e+10
2 0.5 1.5 -0.608055 -0.398852 -0.1211 1.00183e+11
2.5 1 1.5 -0.583319 -0.472488 -0.0524597 1.43452e+11
2 1.5 1.5 -0.541274 -0.593547 -0.0591032 1.90145e+11
