449
-2.5 -1 -1.5 0.271505 0.417154 0.607993 1.19223e+09
-2.5 0 -1.5 0.468608 0.161596 0.615306 9.82485e+08
-2.5 1 -1.5 0.593983 -0.118688 0.558953 7.84809e+08
-2 -1.5 -1.5 0.238807 0.631316 0.5302 1.89294e+09
-1.5 -1 -1.5 0.371201 0.657007 0.463528 2.31769e+09
-2 -0.5 -1.5 0.463648 0.461694 0.531621 1.56451e+09
-1.5 0 -1.5 0.581566 0.489359 0.429234 1.82437e+09
-2 0.5 -1.5 0.648505 0.223124 0.495446 1.22464e+09
-1.5 1 -1.5 0.74731 0.254421 0.375623 1.33481e+09
-2 1.5 -1.5 0.75354 -0.0522531 0.427853 9.07294e+08
-1 -1.5 -1.5 0.261151 0.765723 0.421459 3.06233e+09
-0.5 -1 -1.5 0.350288 0.768049 0.355124 3.03125e+09
-1 -0.5 -1.5 0.467263 0.664566 0.382169 2.48821e+09
-0.5 0 -1.5 0.541491 0.6542 0.300937 2.34326e+09
-1 0.5 -1.5 0.65929 0.491677 0.330143 1.84805e+09
-0.5 1 -1.5 0.714987 0.473919 0.240536 1.64974e+09
-1 1.5 -1.5 0.805998 0.254938 0.27137 1.26662e+09
0 -1.5 -1.5 0.249829 0.823691 0.34131 3.26448e+09
0.5 -1 -1.5 0.325579 0.815479 0.281578 2.74098e+09
0 -0.5 -1.5 0.425413 0.756249 0.286582 2.67758e+09
0.5 0 -1.5 0.488925 0.733752 0.218853 2.16094e+09
0 0.5 -1.5 0.600945 0.630318 0.223728 1.97944e+09
0.5 1 -1.5 0.648715 0.59769 0.15085 1.54109e+09
0 1.5 -1.5 0.756464 0.443562 0.159627 1.33578e+09
1 -1.5 -1.5 0.246399 0.846753 0.280206 2.52473e+09
1.5 -1 -1.5 0.312817 0.834088 0.22581 1.92412e+09
1 -0.5 -1.5 0.391453 0.797599 0.221158 2.13757e+09
1.5 0 -1.5 0.447663 0.77288 0.16097 1.57748e+09
1 0.5 -1.5 0.541939 0.703979 0.152803 1.63074e+09
1.5 1 -1.5 0.585316 0.669732 0.0888212 1.17197e+09
1 1.5 -1.5 0.686463 0.560077 0.0820811 1.13114e+09
2 -1.5 -1.5 0.252844 0.852568 0.229131 1.59289e+09
2.5 -1 -1.5 0.310102 0.837977 0.17922 1.15154e+09
2 -0.5 -1.5 0.370292 0.814741 0.170902 1.4004e+09
2.5 0 -1.5 0.41911 0.79086 0.115999 9.84552e+08
2 0.5 -1.5 0.494681 0.743687 0.101576 1.1177e+09
2.5 1 -1.5 0.533302 0.711869 0.0434514 7.68475e+08
2 1.5 -1.5 0.62004 0.633126 0.0272447 8.12947e+08
-2.25 -0.75 -1.25 0.18393 0.313205 0.788123 5.41933e+08
-2.25 0.25 -1.25 0.354201 0.0720602 0.745641 4.44392e+08
-2.25 1.25 -1.25 0.454282 -0.186354 0.641608 3.4052e+08
-1.75 -1.25 -1.25 0.162532 0.52031 0.705027 7.45515e+08
-1.25 -0.75 -1.25 0.294422 0.537653 0.619563 7.80201e+08
-1.75 -0.25 -1.25 0.37415 0.334458 0.689329 5.99e+08
-1.25 0.25 -1.25 0.491858 0.340325 0.58014 5.80265e+08
-1.75 0.75 -1.25 0.526555 0.0894562 0.625722 4.52015e+08
-1.25 1.25 -1.25 0.627492 0.0879897 0.509778 4.05685e+08
-0.75 -1.25 -1.25 0.169754 0.668746 0.560185 9.64553e+08
-0.25 -0.75 -1.25 0.253983 0.668136 0.485842 8.31385e+08
-0.75 -0.25 -1.25 0.387268 0.535951 0.528807 7.13792e+08
-0.25 0.25 -1.25 0.456326 0.51821 0.439535 5.86631e+08
-0.75 0.75 -1.25 0.569169 0.327006 0.476469 4.98444e+08
-0.25 1.25 -1.25 0.623268 0.301353 0.379193 3.9221e+08
0.25 -1.25 -1.25 0.124041 0.745175 0.455333 9.02382e+08
0.75 -0.75 -1.25 0.192472 0.738111 0.388678 6.85248e+08
0.25 -0.25 -1.25 0.322082 0.653528 0.409249 6.54936e+08
0.75 0.25 -1.25 0.377695 0.629674 0.331814 4.85297e+08
0.25 0.75 -1.25 0.509468 0.490482 0.352429 4.475e+08
0.75 1.25 -1.25 0.550902 0.457409 0.268007 3.24652e+08
1.25 -1.25 -1.25 0.0812968 0.78507 0.375394 6.66765e+08
1.75 -0.75 -1.25 0.139895 0.7769 0.31326 4.73135e+08
1.25 -0.25 -1.25 0.250378 0.721721 0.319529 4.95366e+08
1.75 0.25 -1.25 0.299285 0.698917 0.249435 3.46215e+08
1.25 0.75 -1.25 0.423194 0.60012 0.254856 3.44997e+08
1.75 1.25 -1.25 0.460426 0.567351 0.179761 2.38335e+08
2.25 -1.25 -1.25 0.0504768 0.807174 0.30913 4.22509e+08
2.25 -0.25 -1.25 0.190601 0.761822 0.249329 3.26594e+08
2.25 0.75 -1.25 0.340641 0.671931 0.179863 2.36325e+08
-2.5 -1.5 -1 0.311642 0.600617 0.405718 3.6277e+09
-2.5 -0.5 -1 0.502244 0.409845 0.405271 2.84004e+09
-2.5 0.5 -1 0.656429 0.150246 0.37835 2.13095e+09
-2.5 1.5 -1 0.728238 -0.138802 0.328741 1.53404e+09
-1.5 -1.5 -1 0.324456 0.74575 0.342525 6.23043e+09
-2 -1 -1 0.43002 0.62174 0.364962 4.46256e+09
-1.5 -0.5 -1 0.518461 0.626077 0.293956 4.84045e+09
-2 0 -1 0.620797 0.432398 0.327489 3.35706e+09
-1.5 0.5 -1 0.696226 0.430362 0.238729 3.43372e+09
-2 1 -1 0.762875 0.175004 0.278941 2.36038e+09
-1.5 1.5 -1 0.821369 0.169991 0.185467 2.25275e+09
-0.5 -1.5 -1 0.303619 0.808037 0.276166 6.88547e+09
-1 -1 -1 0.404395 0.743476 0.279089 6.17968e+09
-0.5 -0.5 -1 0.473384 0.725432 0.210984 5.42279e+09
-1 0 -1 0.587046 0.610258 0.216863 4.5624e+09
-0.5 0.5 -1 0.641439 0.579536 0.141733 3.82392e+09
-1 1 -1 0.747898 0.406403 0.154832 3.06009e+09
-0.5 1.5 -1 0.784557 0.369464 0.0779901 2.45656e+09
0.5 -1.5 -1 0.294014 0.829634 0.222002 5.36423e+09
0 -1 -1 0.373638 0.793342 0.214777 5.71628e+09
0.5 -0.5 -1 0.434793 0.768755 0.152554 4.39601e+09
0 0 -1 0.531855 0.695998 0.142926 4.32437e+09
0.5 0.5 -1 0.580053 0.659455 0.0763476 3.21838e+09
0 1 -1 0.684171 0.540016 0.0702139 2.94185e+09
0.5 1.5 -1 0.716748 0.496213 0.00260793 2.13169e+09
1.5 -1.5 -1 0.296078 0.831639 0.175898 3.36915e+09
1 -1 -1 0.356068 0.810628 0.164956 4.03077e+09
1.5 -0.5 -1 0.409346 0.785283 0.10755 2.89278e+09
1 0 -1 0.486505 0.737618 0.090617 3.19744e+09
1.5 0.5 -1 0.528958 0.702573 0.0296381 2.23409e+09
1 1 -1 0.618541 0.619072 0.0118956 2.28115e+09
1.5 1.5 -1 0.648288 0.577116 -0.0499358 1.56202e+09
2.5 -1.5 -1 0.304927 0.822956 0.13469 1.86186e+09
2 -1 -1 0.349404 0.811458 0.123063 2.40486e+09
2.5 -0.5 -1 0.394581 0.787258 0.069899 1.66647e+09
2 0 -1 0.453899 0.755907 0.0503371 2.00688e+09
2.5 0.5 -1 0.490381 0.724223 -0.00615467 1.35782e+09
2 1 -1 0.562915 0.665538 -0.0298179 1.51637e+09
2.5 1.5 -1 0.58943 0.627841 -0.0872714 1.00771e+09
-2.25 -1.25 -0.75 0.00177123 0.467634 0.621078 1.32535e+09
-2.25 -0.25 -0.75 0.193133 0.27344 0.601092 1.01667e+09
-2.25 0.75 -0.75 0.335697 0.0226192 0.530903 7.34139e+08
-1.25 -1.25 -0.75 0.0904928 0.635999 0.492853 1.80453e+09
-1.75 -0.75 -0.75 0.177496 0.486792 0.547938 1.39296e+09
-1.25 -0.25 -0.75 0.298504 0.482591 0.457365 1.27509e+09
-1.75 0.25 -0.75 0.363564 0.272497 0.502986 9.88988e+08
-1.25 0.75 -0.75 0.470814 0.251535 0.400109 8.48311e+08
-1.75 1.25 -0.75 0.486221 0.00683221 0.425684 6.60696e+08
-0.25 -1.25 -0.75 0.0730755 0.720808 0.386276 1.72945e+09
-0.75 -0.75 -0.75 0.188725 0.631115 0.41558 1.54618e+09
-0.25 -0.25 -0.75 0.266372 0.608522 0.335236 1.20506e+09
-0.75 0.25 -0.75 0.384798 0.457618 0.365197 1.04111e+09
-0.25 0.75 -0.75 0.448885 0.421476 0.274401 7.8743e+08
-0.75 1.25 -0.75 0.542536 0.217734 0.300919 6.63988e+08
0.75 -1.25 -0.75 0.0409255 0.760984 0.305528 1.28617e+09
0.25 -0.75 -0.75 0.146317 0.70547 0.315927 1.29628e+09
0.75 -0.25 -0.75 0.207744 0.680188 0.243118 9.25617e+08
0.25 0.25 -0.75 0.328544 0.575784 0.253884 8.83159e+08
0.75 0.75 -0.75 0.378498 0.537862 0.173361 6.21676e+08
0.25 1.25 -0.75 0.49745 0.38079 0.18652 5.66673e+08
1.75 -1.25 -0.75 0.0132742 0.780276 0.24037 8.14814e+08
1.25 -0.75 -0.75 0.1009 0.744302 0.240052 9.01144e+08
1.75 -0.25 -0.75 0.152521 0.720853 0.173044 6.15093e+08
1.25 0.25 -0.75 0.259103 0.648804 0.169683 6.39934e+08
1.75 0.75 -0.75 0.302021 0.613989 0.0973771 4.32712e+08
1.25 1.25 -0.75 0.418623 0.497781 0.0954755 4.25819e+08
2.25 -0.75 -0.75 0.0640356 0.764298 0.179268 5.52102e+08
2.25 0.25 -0.75 0.196999 0.693028 0.106077 4.12263e+08
2.25 1.25 -0.75 0.337999 0.577629 0.0275875 2.88001e+08
-2.5 -1 -0.5 0.494769 0.585907 0.232982 9.25992e+09
-2.5 0 -0.5 0.6531 0.384264 0.193341 6.62677e+09
-2.5 1 -0.5 0.762655 0.115904 0.15837 4.46404e+09
-2 -1.5 -0.5 0.398491 0.719221 0.239542 1.34346e+10
-1.5 -1 -0.5 0.464636 0.712115 0.182754 1.31891e+10
-2 -0.5 -0.5 0.570333 0.584062 0.180268 9.93147e+09
-1.5 0 -0.5 0.630805 0.561062 0.112669 9.24978e+09
-2 0.5 -0.5 0.724105 0.371088 0.124912 6.7052e+09
-1.5 1 -0.5 0.770966 0.337177 0.0529993 5.88972e+09
-2 1.5 -0.5 0.820049 0.0952687 0.0854677 4.20441e+09
-1 -1.5 -0.5 0.366849 0.785388 0.194293 1.51709e+10
-0.5 -1 -0.5 0.428451 0.763883 0.132209 1.23712e+10
-1 -0.5 -0.5 0.52471 0.687363 0.117574 1.13966e+10
-0.5 0 -0.5 0.576155 0.65052 0.050936 8.92288e+09
-1 0.5 -0.5 0.678581 0.522237 0.0431564 7.62413e+09
-0.5 1 -0.5 0.715069 0.475081 -0.024437 5.76218e+09
-1 1.5 -0.5 0.802277 0.291572 -0.015514 4.64895e+09
0 -1.5 -0.5 0.350755 0.805647 0.149863 1.1856e+10
0.5 -1 -0.5 0.406434 0.780059 0.0902642 8.75241e+09
0 -0.5 -0.5 0.482809 0.732318 0.0688863 9.33787e+09
0.5 0 -0.5 0.528287 0.694656 0.0057764 6.67299e+09
0 0.5 -0.5 0.617941 0.606945 -0.0148128 6.52149e+09
0.5 1 -0.5 0.650201 0.560436 -0.0785798 4.54668e+09
0 1.5 -0.5 0.741488 0.424858 -0.0888362 4.10712e+09
1 -1.5 -0.5 0.348405 0.803966 0.110107 7.41933e+09
1.5 -1 -0.5 0.396147 0.77813 0.054087 5.21821e+09
1 -0.5 -0.5 0.453789 0.748649 0.0304329 6.17864e+09
1.5 0 -0.5 0.492565 0.713881 -0.0290064 4.22289e+09
1 0.5 -0.5 0.564684 0.653847 -0.0562609 4.58863e+09
1.5 1 -0.5 0.59269 0.611858 -0.116527 3.07094e+09
1 1.5 -0.5 0.673849 0.513391 -0.139609 3.0687e+09
2 -1.5 -0.5 0.353861 0.790264 0.0736729 4.07302e+09
2.5 -1 -0.5 0.393462 0.765762 0.0213045 2.79879e+09
2 -0.5 -0.5 0.43586 0.748891 -0.00206982 3.56761e+09
2.5 0 -0.5 0.468079 0.717794 -0.0578629 2.38813e+09
2 0.5 -0.5 0.523346 0.677469 -0.087455 2.81937e+09
2.5 1 -0.5 0.547094 0.640529 -0.144365 1.85028e+09
2 1.5 -0.5 0.613392 0.569909 -0.17446 2.016e+09
-2.25 -0.75 -0.25 0.0233841 0.492451 0.407346 2.64562e+09
-2.25 0.25 -0.25 0.17497 0.292698 0.352361 1.78085e+09
-2.25 1.25 -0.25 0.275183 0.044352 0.277437 1.12794e+09
-1.75 -1.25 -0.25 -0.00412052 0.625766 0.379642 3.52822e+09
-1.25 -0.75 -0.25 0.105348 0.610279 0.303934 2.96429e+09
-1.75 -0.25 -0.25 0.170939 0.46957 0.330448 2.36635e+09
-1.25 0.25 -0.25 0.275973 0.42665 0.243514 1.8922e+09
-1.75 0.75 -0.25 0.314816 0.239697 0.266827 1.49001e+09
-1.25 1.25 -0.25 0.40885 0.182025 0.176289 1.14506e+09
-0.75 -1.25 -0.25 0.0184127 0.701372 0.285634 3.40341e+09
-0.25 -0.75 -0.25 0.094124 0.674813 0.21176 2.50382e+09
-0.75 -0.25 -0.25 0.191494 0.574761 0.222715 2.26527e+09
-0.25 0.25 -0.25 0.260098 0.529455 0.139646 1.63357e+09
-0.75 0.75 -0.25 0.35322 0.37471 0.154556 1.40753e+09
-0.25 1.25 -0.25 0.411262 0.321484 0.06754 1.00059e+09
0.25 -1.25 -0.25 0.00309854 0.734786 0.209616 2.53383e+09
0.75 -0.75 -0.25 0.0626383 0.707547 0.140059 1.74946e+09
0.25 -0.25 -0.25 0.15769 0.638292 0.135578 1.76032e+09
0.75 0.25 -0.25 0.210672 0.5966 0.0592977 1.20187e+09
0.25 0.75 -0.25 0.314821 0.480595 0.0575563 1.13556e+09
0.75 1.25 -0.25 0.358301 0.431594 -0.0211383 7.7022e+08
1.25 -1.25 -0.25 -0.0180921 0.747678 0.148312 1.60387e+09
1.75 -0.75 -0.25 0.0310789 0.722036 0.0834183 1.07419e+09
1.25 -0.25 -0.25 0.113891 0.674118 0.0695539 1.17967e+09
1.75 0.25 -0.25 0.15787 0.637299 -0.00017235 7.82712e+08
1.25 0.75 -0.25 0.254616 0.552856 -0.0150324 8.04489e+08
1.75 1.25 -0.25 0.290967 0.509007 -0.0858894 5.30975e+08
2.25 -1.25 -0.25 -0.036199 0.749701 0.0964113 9.12589e+08
2.25 -0.25 -0.25 0.0744433 0.692312 0.018396 7.0969e+08
2.25 0.75 -0.25 0.195631 0.599046 -0.0677234 5.13316e+08
-2.5 -1.5 0 0.480703 0.688548 0.136961 3.10102e+10
-2.5 -0.5 0 0.625174 0.541149 0.0674306 2.18598e+10
-2.5 0.5 0 0.74875 0.317186 0.0156061 1.40731e+10
-2.5 1.5 0 0.811122 0.0349898 -0.0032203 8.44986e+09
-1.5 -1.5 0 0.43809 0.758121 0.10711 3.52263e+10
-2 -1 0 0.530724 0.676388 0.0829793 2.98183e+10
-1.5 -0.5 0 0.579949 0.644405 0.0192289 2.51449e+10
-2 0 0 0.674841 0.509368 0.00687788 1.98416e+10
-1.5 0.5 0 0.714211 0.461261 -0.0573564 1.59226e+10
-2 1 0 0.788104 0.270178 -0.04508 1.19999e+10
-1.5 1.5 0 0.812608 0.214115 -0.104438 9.22216e+09
-0.5 -1.5 0 0.415787 0.777434 0.0708746 2.74833e+10
-1 -1 0 0.48974 0.729498 0.0431714 2.80419e+10
-0.5 -0.5 0 0.535852 0.690838 -0.0217656 2.06863e+10
-1 0 0 0.622768 0.599767 -0.0463977 1.92027e+10
-0.5 0.5 0 0.656798 0.549083 -0.111118 1.37265e+10
-1 1 0 0.743156 0.4059 -0.120462 1.17471e+10
-0.5 1.5 0 0.762496 0.349264 -0.180657 8.20664e+09
0.5 -1.5 0 0.40937 0.772903 0.0371689 1.71697e+10
0 -1 0 0.463804 0.745271 0.00813241 1.98773e+10
0.5 -0.5 0 0.504006 0.708007 -0.0544145 1.37787e+10
0 0 0 0.573774 0.64677 -0.0861369 1.4486e+10
0.5 0.5 0 0.602957 0.600525 -0.149013 9.78927e+09
0 1 0 0.681729 0.496693 -0.17363 9.39189e+09
0.5 1.5 0 0.69844 0.445065 -0.233047 6.24154e+09
1.5 -1.5 0 0.41203 0.755041 0.00560246 9.40537e+09
1 -1 0 0.450427 0.741679 -0.022481 1.18833e+10
1.5 -0.5 0 0.483653 0.707803 -0.0818755 8.00937e+09
1 0 0 0.535886 0.668217 -0.116123 9.26854e+09
1.5 0.5 0 0.559988 0.627564 -0.176367 6.1037e+09
1 1 0 0.624047 0.554077 -0.20964 6.45591e+09
1.5 1.5 0 0.638169 0.508494 -0.267432 4.18649e+09
2.5 -1.5 0 0.418957 0.729271 -0.0246732 4.75904e+09
2 -1 0 0.445567 0.726261 -0.0506474 6.38337e+09
2.5 -0.5 0 0.472251 0.696221 -0.10672 4.25292e+09
2 0 0 0.509533 0.67273 -0.140497 5.29478e+09
2.5 0.5 0 0.528931 0.637337 -0.19782 3.45027e+09
2 1 0 0.577289 0.58701 -0.234586 3.95904e+09
2.5 1.5 0 0.588856 0.547072 -0.290339 2.53958e+09
-2.25 -1.25 0.25 -0.0612324 0.66976 0.247134 7.43511e+09
-2.25 -0.25 0.25 0.0660306 0.536699 0.176666 4.74211e+09
-2.25 0.75 0.25 0.170543 0.338676 0.108062 2.82296e+09
-1.25 -1.25 0.25 -0.0131781 0.70791 0.16581 6.98411e+09
-1.75 -0.75 0.25 0.0414505 0.635058 0.169191 6.00248e+09
-1.25 -0.25 0.25 0.125296 0.579894 0.085706 4.43335e+09
-1.75 0.25 0.25 0.170582 0.463243 0.0949032 3.6259e+09
-1.25 0.75 0.25 0.251337 0.384979 0.0097443 2.61337e+09
-1.75 1.25 0.25 0.267708 0.239297 0.0297806 2.0795e+09
-0.25 -1.25 0.25 -0.0128023 0.721996 0.0954038 5.14917e+09
-0.75 -0.75 0.25 0.0579914 0.666416 0.0862575 5.00209e+09
-0.25 -0.25 0.25 0.118989 0.615562 0.00580339 3.44502e+09
-0.75 0.25 0.25 0.194066 0.516508 0.00108584 3.11801e+09
-0.25 0.75 0.25 0.249959 0.452161 -0.081383 2.12916e+09
-0.75 1.25 0.25 0.31436 0.310657 -0.0735042 1.81922e+09
0.75 -1.25 0.25 -0.026195 0.721963 0.0388602 3.24908e+09
0.25 -0.75 0.25 0.042733 0.682024 0.0203138 3.49345e+09
0.75 -0.25 0.25 0.0909228 0.636769 -0.0543628 2.3234e+09
0.25 0.25 0.25 0.17039 0.560972 -0.0732813 2.31591e+09
0.75 0.75 0.25 0.21312 0.506282 -0.148929 1.53206e+09
0.25 1.25 0.25 0.294744 0.390665 -0.159067 1.42582e+09
1.75 -1.25 0.25 -0.0419645 0.713182 -0.00830835 1.84489e+09
1.25 -0.75 0.25 0.0192827 0.685015 -0.0309192 2.14929e+09
1.75 -0.25 0.25 0.059408 0.645061 -0.0997269 1.40579e+09
1.25 0.25 0.25 0.132294 0.589541 -0.12692 1.52489e+09
1.75 0.75 0.25 0.167511 0.542447 -0.196063 9.91327e+08
1.25 1.25 0.25 0.248186 0.453515 -0.219733 1.00198e+09
2.25 -0.75 0.25 -0.00313319 0.679639 -0.0728525 1.20728e+09
2.25 0.25 0.25 0.0946571 0.60413 -0.166372 9.11928e+08
2.25 1.25 0.25 0.197342 0.496686 -0.260997 6.39692e+08
-2.5 -1 0.5 0.60382 0.635781 0.00666223 7.15064e+10
-2.5 0 0.5 0.725763 0.452347 -0.0710595 4.53698e+10
-2.5 1 0.5 0.809906 0.19982 -0.110461 2.61985e+10
-2 -1.5 0.5 0.515691 0.728085 0.0347989 8.64441e+10
-1.5 -1 0.5 0.558089 0.692641 -0.0340216 6.70825e+10
-2 -0.5 0.5 0.642187 0.597204 -0.0610192 5.87141e+10
-1.5 0 0.5 0.676015 0.545228 -0.128321 4.36139e+10
-2 0.5 0.5 0.755381 0.395686 -0.134632 3.52703e+10
-1.5 1 0.5 0.775831 0.33282 -0.195143 2.53195e+10
-2 1.5 0.5 0.825516 0.134566 -0.163766 1.95027e+10
-1 -1.5 0.5 0.487702 0.748837 5.13283e-05 6.73559e+10
-0.5 -1 0.5 0.528407 0.71063 -0.0668689 4.77234e+10
-1 -0.5 0.5 0.596052 0.647347 -0.102205 4.83143e+10
-0.5 0 0.5 0.626271 0.597528 -0.168544 3.31437e+10
-1 0.5 0.5 0.701867 0.488059 -0.19313 3.04455e+10
-0.5 1 0.5 0.719156 0.430624 -0.25458 2.0435e+10
-1 1.5 0.5 0.787552 0.270721 -0.251608 1.73122e+10
0 -1.5 0.5 0.477635 0.743927 -0.0302425 4.21958e+10
0.5 -1 0.5 0.512206 0.70808 -0.0938585 2.87529e+10
0 -0.5 0.5 0.561505 0.668203 -0.132603 3.24909e+10
0.5 0 0.5 0.586439 0.624183 -0.196624 2.15211e+10
0 0.5 0.5 0.648057 0.546653 -0.232344 2.20169e+10
0.5 1 0.5 0.662134 0.496652 -0.293003 1.43176e+10
0 1.5 0.5 0.728821 0.37542 -0.312039 1.33763e+10
1 -1.5 0.5 0.478166 0.72441 -0.0578635 2.32119e+10
1.5 -1 0.5 0.505823 0.69221 -0.11802 1.55664e+10
1 -0.5 0.5 0.539017 0.670392 -0.156517 1.91157e+10
1.5 0 0.5 0.558596 0.632188 -0.217744 1.24877e+10
1 0.5 0.5 0.60382 0.580133 -0.258389 1.39891e+10
1.5 1 0.5 0.614696 0.536829 -0.317417 8.97571e+09
1 1.5 0.5 0.669711 0.448391 -0.350065 9.18015e+09
2 -1.5 0.5 0.484338 0.695398 -0.0844601 1.17746e+10
2.5 -1 0.5 0.50574 0.667334 -0.14129 7.85552e+09
2 -0.5 0.5 0.52666 0.659343 -0.177481 1.02623e+10
2.5 0 0.5 0.541463 0.626421 -0.235792 6.67872e+09
2 0.5 0.5 0.571848 0.594159 -0.277067 8.05532e+09
2.5 1 0.5 0.579734 0.556611 -0.334086 5.14723e+09
2 1.5 0.5 0.620161 0.494575 -0.373361 5.70631e+09
-2.25 -0.75 0.75 0.0559888 0.712793 0.0443319 1.28504e+10
-2.25 0.25 0.75 0.149512 0.570469 -0.042655 7.37607e+09
-2.25 1.25 0.75 0.218622 0.382353 -0.0977213 4.02477e+09
-1.75 -1.25 0.75 0.0207578 0.754397 0.0482211 1.49616e+10
-1.25 -0.75 0.75 0.0805805 0.69957 -0.0433335 1.03954e+10
-1.75 -0.25 0.75 0.124199 0.640176 -0.0503488 9.09311e+09
-1.25 0.25 0.75 0.184038 0.55823 -0.14099 6.20237e+09
-1.75 0.75 0.75 0.216152 0.466115 -0.12995 5.09741e+09
-1.25 1.25 0.75 0.272879 0.366315 -0.210948 3.45168e+09
-0.75 -1.25 0.75 0.0283497 0.741896 -0.0244862 1.08628e+10
-0.25 -0.75 0.75 0.0770641 0.690001 -0.108151 7.24052e+09
-0.75 -0.25 0.75 0.133917 0.63474 -0.131616 6.99925e+09
-0.25 0.25 0.75 0.179856 0.566413 -0.214898 4.62802e+09
-0.75 0.75 0.75 0.234835 0.475835 -0.225227 4.14657e+09
-0.25 1.25 0.75 0.276568 0.398322 -0.301415 2.73651e+09
0.25 -1.25 0.75 0.0210351 0.72415 -0.0786049 6.84064e+09
0.75 -0.75 0.75 0.0616128 0.676398 -0.154903 4.47321e+09
0.25 -0.25 0.75 0.119783 0.633011 -0.188487 4.75044e+09
0.75 0.25 0.75 0.156404 0.574996 -0.264214 3.08548e+09
0.25 0.75 0.75 0.218336 0.499265 -0.291791 3.02476e+09
0.75 1.25 0.75 0.249629 0.435852 -0.361637 1.96027e+09
1.25 -1.25 0.75 0.0083095 0.701158 -0.121329 3.88798e+09
1.75 -0.75 0.75 0.0432171 0.657952 -0.191223 2.52379e+09
1.25 -0.25 0.75 0.0972106 0.626414 -0.22821 2.89925e+09
1.75 0.25 0.75 0.127903 0.576567 -0.297689 1.867e+09
1.25 0.75 0.75 0.187082 0.518482 -0.334562 1.98951e+09
1.75 1.25 0.75 0.212227 0.46469 -0.399253 1.27532e+09
2.25 -1.25 0.75 -0.00543871 0.675085 -0.158041 2.05662e+09
2.25 -0.25 0.75 0.0741628 0.614152 -0.258688 1.6283e+09
2.25 0.75 0.75 0.153968 0.528157 -0.362891 1.19582e+09
-2.5 -1.5 1 0.597608 0.69156 -0.00714873 2.15535e+11
-2.5 -0.5 1 0.713287 0.539678 -0.104839 1.40255e+11
-2.5 0.5 1 0.80713 0.314177 -0.169431 8.01057e+10
-2.5 1.5 1 0.847401 0.0386058 -0.177253 4.28144e+10
-1.5 -1.5 1 0.563594 0.72032 -0.0466402 1.70247e+11
-2 -1 1 0.633215 0.65088 -0.0821035 1.64392e+11
-1.5 -0.5 1 0.664827 0.600307 -0.154073 1.16277e+11
-2 0 1 0.739626 0.48188 -0.175339 1.0188e+11
-1.5 0.5 1 0.758423 0.419667 -0.240754 6.97706e+10
-2 1 1 0.819673 0.246343 -0.228609 5.62987e+10
-1.5 1.5 1 0.82438 0.181152 -0.281713 3.78735e+10
-0.5 -1.5 1 0.549146 0.720482 -0.0765728 1.08284e+11
-1 -1 1 0.598938 0.677363 -0.117785 1.1877e+11
-0.5 -0.5 1 0.626426 0.631078 -0.186496 7.97369e+10
-1 0 1 0.688694 0.5461 -0.222421 7.85129e+10
-0.5 0.5 1 0.704206 0.491973 -0.286838 5.14694e+10
-1 1 1 0.769016 0.358724 -0.301084 4.61257e+10
-0.5 1.5 1 0.772576 0.30156 -0.356228 2.98476e+10
0.5 -1.5 1 0.547162 0.70409 -0.101746 6.04157e+10
0 -1 1 0.578807 0.681345 -0.143785 7.28846e+10
0.5 -0.5 1 0.600517 0.6411 -0.209188 4.79213e+10
0 0 1 0.645646 0.5841 -0.252396 5.21773e+10
0.5 0.5 1 0.657414 0.537859 -0.31509 3.35704e+10
0 1 1 0.712307 0.439781 -0.347013 3.31155e+10
0.5 1.5 1 0.714376 0.390157 -0.402727 2.10561e+10
1.5 -1.5 1 0.55283 0.676303 -0.125265 3.09916e+10
1 -1 1 0.570266 0.66978 -0.165216 4.01193e+10
1.5 -0.5 1 0.586434 0.635254 -0.227375 2.62161e+10
1 0 1 0.61496 0.600912 -0.27238 3.10032e+10
1.5 0.5 1 0.623163 0.561282 -0.332977 1.98337e+10
1 1 1 0.66293 0.492926 -0.374244 2.13584e+10
1.5 1.5 1 0.663362 0.449399 -0.429652 1.34865e+10
2.5 -1.5 1 0.56221 0.64088 -0.148816 1.50583e+10
2 -1 1 0.569977 0.646891 -0.185285 2.05159e+10
2.5 -0.5 1 0.581309 0.617636 -0.244387 1.34092e+10
2 0 1 0.59653 0.600941 -0.287823 1.69298e+10
2.5 0.5 1 0.60144 0.566954 -0.346201 1.08346e+10
2 1 1 0.62615 0.522338 -0.390674 1.25861e+10
2.5 1.5 1 0.624826 0.484047 -0.445273 7.93768e+09
-2.25 -1.25 1.25 0.247846 0.778702 -0.0159088 4.95034e+10
-2.25 -0.25 1.25 0.347577 0.655701 -0.118535 2.91988e+10
-2.25 0.75 1.25 0.427191 0.471689 -0.188849 1.56927e+10
-1.25 -1.25 1.25 0.243157 0.766253 -0.0916498 3.58044e+10
-1.75 -0.75 1.25 0.298059 0.719639 -0.113052 3.38483e+10
-1.25 -0.25 1.25 0.339802 0.650525 -0.20341 2.24141e+10
-1.75 0.25 1.25 0.391822 0.569283 -0.209956 1.94956e+10
-1.25 0.75 1.25 0.426031 0.481279 -0.291849 1.27838e+10
-1.75 1.25 1.25 0.462624 0.365587 -0.264742 1.03867e+10
-0.25 -1.25 1.25 0.22854 0.747552 -0.143751 2.25122e+10
-0.75 -0.75 1.25 0.283477 0.710117 -0.178109 2.35673e+10
-0.25 -0.25 1.25 0.316258 0.648858 -0.259373 1.52745e+10
-0.75 0.25 1.25 0.372886 0.577437 -0.286346 1.45928e+10
-0.25 0.75 1.25 0.398268 0.505252 -0.361267 9.40883e+09
-0.75 1.25 1.25 0.451841 0.39758 -0.363846 8.30004e+09
0.75 -1.25 1.25 0.212594 0.721257 -0.18291 1.2762e+10
0.25 -0.75 1.25 0.262063 0.695641 -0.221887 1.45833e+10
0.75 -0.25 1.25 0.289191 0.641655 -0.295882 9.3688e+09
0.25 0.25 1.25 0.342082 0.586523 -0.33467 9.81102e+09
0.75 0.75 1.25 0.361666 0.52575 -0.403676 6.2636e+09
0.25 1.25 1.25 0.416901 0.43686 -0.428157 6.02684e+09
1.75 -1.25 1.25 0.197367 0.689378 -0.215821 6.72589e+09
1.25 -0.75 1.25 0.241348 0.674219 -0.254251 8.23018e+09
1.75 -0.25 1.25 0.264689 0.626816 -0.322452 5.27788e+09
1.25 0.25 1.25 0.310478 0.58795 -0.365228 5.98463e+09
1.75 0.75 1.25 0.326514 0.535798 -0.429746 3.80546e+09
1.25 1.25 1.25 0.375709 0.467819 -0.466463 3.9801e+09
2.25 -0.75 1.25 0.222976 0.64729 -0.281705 4.33915e+09
2.25 0.25 1.25 0.283094 0.580244 -0.387162 3.36867e+09
2.25 1.25 1.25 0.337978 0.485701 -0.48948 2.40986e+09
-2.5 -1 1.5 0.472084 0.68172 -0.0407808 2.21845e+11
-2.5 0 1.5 0.567595 0.524536 -0.131513 1.27293e+11
-2.5 1 1.5 0.623181 0.307844 -0.178078 6.51493e+10
-2 -1.5 1.5 0.401901 0.739876 -0.00909881 2.34392e+11
-1.5 -1 1.5 0.437573 0.690074 -0.0827844 1.5462e+11
-2 -0.5 1.5 0.504296 0.622145 -0.115245 1.46888e+11
-1.5 0 1.5 0.530284 0.554648 -0.184589 9.35041e+10
-2 0.5 1.5 0.588091 0.444796 -0.196505 8.12721e+10
-1.5 1 1.5 0.60114 0.365226 -0.255495 5.08195e+10
-2 1.5 1.5 0.630078 0.21787 -0.227504 4.11887e+10
-1 -1.5 1.5 0.3743 0.731619 -0.0434699 1.47813e+11
-0.5 -1 1.5 0.405953 0.683738 -0.112277 9.47382e+10
-1 -0.5 1.5 0.466924 0.633437 -0.153009 9.85588e+10
-0.5 0 1.5 0.489033 0.574774 -0.219805 6.17095e+10
-1 0.5 1.5 0.548706 0.486068 -0.249212 5.83867e+10
-0.5 1 1.5 0.560691 0.420869 -0.309293 3.61716e+10
-1 1.5 1.5 0.608406 0.291895 -0.309169 3.15407e+10
0 -1.5 1.5 0.350616 0.7095 -0.0707783 8.30927e+10
0.5 -1 1.5 0.377767 0.66586 -0.135278 5.29032e+10
0 -0.5 1.5 0.430864 0.633312 -0.178792 5.96967e+10
0.5 0 1.5 0.449666 0.583147 -0.242907 3.72882e+10
0 0.5 1.5 0.504734 0.517532 -0.283119 3.83182e+10
0.5 1 1.5 0.515207 0.463572 -0.342797 2.37149e+10
0 1.5 1.5 0.567663 0.361171 -0.364837 2.23567e+10
1 -1.5 1.5 0.330069 0.678577 -0.095313 4.34079e+10
1.5 -1 1.5 0.353788 0.639572 -0.156082 2.76865e+10
1 -0.5 1.5 0.399225 0.621845 -0.19838 3.33599e+10
1.5 0 1.5 0.415777 0.578943 -0.259831 2.09204e+10
1 0.5 1.5 0.463326 0.534889 -0.304392 2.31914e+10
1.5 1 1.5 0.47271 0.489202 -0.363 1.43928e+10
1 1.5 1.5 0.521431 0.413501 -0.398697 1.4662e+10
2 -1.5 1.5 0.311932 0.641741 -0.119725 2.15607e+10
2.5 -1 1.5 0.333513 0.607519 -0.17728 1.38165e+10
2 -0.5 1.5 0.372944 0.601334 -0.216093 1.75414e+10
2.5 0 1.5 0.388187 0.564489 -0.27501 1.10591e+10
2 0.5 1.5 0.428176 0.537817 -0.319325 1.30734e+10
2.5 1 1.5 0.437102 0.498596 -0.376588 8.14703e+09
2 1.5 1.5 0.478561 0.446133 -0.418547 8.92015e+09
